,,All people in households,Owned: Total,Owned: Owned outright,Owned: Owned with a mortgage or loan or shared ownership,Rented or living rent free: Total,Rented or living rent free: Social rented,Rented or living rent free: Private rented or living rent free
S92000003,All people in households,5196386,3406960,1253193,2153767,1789426,1115545,673881
S92000003,Born in the UK,4848469,3258429,1204039,2054390,1590040,1055654,534386
S92000003,Born outside the UK: Total,347917,148531,49154,99377,199386,59891,139495
S92000003,Born outside the UK: Resident less than 2 years,65773,9362,3000,6362,56411,7072,49339
S92000003,Born outside the UK: Resident 2 years or more and less than 5 years,78116,15952,2741,13211,62164,17243,44921
S92000003,Born outside the UK: Resident 5 years or more and less than 10 years,68247,26536,3604,22932,41711,15910,25801
S92000003,Born outside the UK: Resident 10 years or more,135781,96681,39809,56872,39100,19666,19434
S01006506,All people in households,852,621,246,375,231,74,157
S01006506,Born in the UK,770,575,231,344,195,66,129
S01006506,Born outside the UK: Total,82,46,15,31,36,8,28
S01006506,Born outside the UK: Resident less than 2 years,20,7,2,5,13,0,13
S01006506,Born outside the UK: Resident 2 years or more and less than 5 years,26,11,3,8,15,7,8
S01006506,Born outside the UK: Resident 5 years or more and less than 10 years,12,9,2,7,3,0,3
S01006506,Born outside the UK: Resident 10 years or more,24,19,8,11,5,1,4
S01006507,All people in households,836,591,274,317,245,194,51
S01006507,Born in the UK,769,549,262,287,220,186,34
S01006507,Born outside the UK: Total,67,42,12,30,25,8,17
S01006507,Born outside the UK: Resident less than 2 years,10,5,1,4,5,0,5
S01006507,Born outside the UK: Resident 2 years or more and less than 5 years,6,2,0,2,4,1,3
S01006507,Born outside the UK: Resident 5 years or more and less than 10 years,19,12,0,12,7,3,4
S01006507,Born outside the UK: Resident 10 years or more,32,23,11,12,9,4,5
S01006508,All people in households,643,546,152,394,97,31,66
S01006508,Born in the UK,588,506,137,369,82,30,52
S01006508,Born outside the UK: Total,55,40,15,25,15,1,14
S01006508,Born outside the UK: Resident less than 2 years,9,4,3,1,5,0,5
S01006508,Born outside the UK: Resident 2 years or more and less than 5 years,9,7,2,5,2,0,2
S01006508,Born outside the UK: Resident 5 years or more and less than 10 years,18,17,8,9,1,0,1
S01006508,Born outside the UK: Resident 10 years or more,19,12,2,10,7,1,6
S01006509,All people in households,580,430,115,315,150,109,41
S01006509,Born in the UK,543,409,113,296,134,106,28
S01006509,Born outside the UK: Total,37,21,2,19,16,3,13
S01006509,Born outside the UK: Resident less than 2 years,10,5,0,5,5,0,5
S01006509,Born outside the UK: Resident 2 years or more and less than 5 years,8,1,0,1,7,0,7
S01006509,Born outside the UK: Resident 5 years or more and less than 10 years,9,8,0,8,1,1,0
S01006509,Born outside the UK: Resident 10 years or more,10,7,2,5,3,2,1
S01006510,All people in households,577,401,175,226,176,132,44
S01006510,Born in the UK,546,377,170,207,169,129,40
S01006510,Born outside the UK: Total,31,24,5,19,7,3,4
S01006510,Born outside the UK: Resident less than 2 years,8,5,0,5,3,3,0
S01006510,Born outside the UK: Resident 2 years or more and less than 5 years,4,1,0,1,3,0,3
S01006510,Born outside the UK: Resident 5 years or more and less than 10 years,3,3,0,3,0,0,0
S01006510,Born outside the UK: Resident 10 years or more,16,15,5,10,1,0,1
S01006511,All people in households,749,636,291,345,113,64,49
S01006511,Born in the UK,692,599,280,319,93,63,30
S01006511,Born outside the UK: Total,57,37,11,26,20,1,19
S01006511,Born outside the UK: Resident less than 2 years,14,0,0,0,14,0,14
S01006511,Born outside the UK: Resident 2 years or more and less than 5 years,5,3,1,2,2,0,2
S01006511,Born outside the UK: Resident 5 years or more and less than 10 years,4,1,0,1,3,1,2
S01006511,Born outside the UK: Resident 10 years or more,34,33,10,23,1,0,1
S01006512,All people in households,496,398,160,238,98,11,87
S01006512,Born in the UK,426,363,149,214,63,11,52
S01006512,Born outside the UK: Total,70,35,11,24,35,0,35
S01006512,Born outside the UK: Resident less than 2 years,17,5,0,5,12,0,12
S01006512,Born outside the UK: Resident 2 years or more and less than 5 years,13,4,0,4,9,0,9
S01006512,Born outside the UK: Resident 5 years or more and less than 10 years,13,7,0,7,6,0,6
S01006512,Born outside the UK: Resident 10 years or more,27,19,11,8,8,0,8
S01006513,All people in households,568,506,233,273,62,5,57
S01006513,Born in the UK,506,471,214,257,35,2,33
S01006513,Born outside the UK: Total,62,35,19,16,27,3,24
S01006513,Born outside the UK: Resident less than 2 years,8,5,2,3,3,1,2
S01006513,Born outside the UK: Resident 2 years or more and less than 5 years,11,0,0,0,11,2,9
S01006513,Born outside the UK: Resident 5 years or more and less than 10 years,12,6,5,1,6,0,6
S01006513,Born outside the UK: Resident 10 years or more,31,24,12,12,7,0,7
S01006514,All people in households,940,759,311,448,181,19,162
S01006514,Born in the UK,757,680,289,391,77,11,66
S01006514,Born outside the UK: Total,183,79,22,57,104,8,96
S01006514,Born outside the UK: Resident less than 2 years,53,3,1,2,50,7,43
S01006514,Born outside the UK: Resident 2 years or more and less than 5 years,45,12,0,12,33,1,32
S01006514,Born outside the UK: Resident 5 years or more and less than 10 years,20,9,0,9,11,0,11
S01006514,Born outside the UK: Resident 10 years or more,65,55,21,34,10,0,10
S01006515,All people in households,762,629,282,347,133,25,108
S01006515,Born in the UK,650,575,265,310,75,20,55
S01006515,Born outside the UK: Total,112,54,17,37,58,5,53
S01006515,Born outside the UK: Resident less than 2 years,25,3,0,3,22,0,22
S01006515,Born outside the UK: Resident 2 years or more and less than 5 years,25,2,0,2,23,0,23
S01006515,Born outside the UK: Resident 5 years or more and less than 10 years,23,13,4,9,10,4,6
S01006515,Born outside the UK: Resident 10 years or more,39,36,13,23,3,1,2
S01006516,All people in households,467,378,229,149,89,12,77
S01006516,Born in the UK,394,345,204,141,49,8,41
S01006516,Born outside the UK: Total,73,33,25,8,40,4,36
S01006516,Born outside the UK: Resident less than 2 years,13,2,1,1,11,1,10
S01006516,Born outside the UK: Resident 2 years or more and less than 5 years,5,4,2,2,1,0,1
S01006516,Born outside the UK: Resident 5 years or more and less than 10 years,12,3,2,1,9,2,7
S01006516,Born outside the UK: Resident 10 years or more,43,24,20,4,19,1,18
S01006517,All people in households,1014,865,437,428,149,60,89
S01006517,Born in the UK,886,787,405,382,99,57,42
S01006517,Born outside the UK: Total,128,78,32,46,50,3,47
S01006517,Born outside the UK: Resident less than 2 years,21,7,1,6,14,0,14
S01006517,Born outside the UK: Resident 2 years or more and less than 5 years,33,10,2,8,23,2,21
S01006517,Born outside the UK: Resident 5 years or more and less than 10 years,11,7,0,7,4,0,4
S01006517,Born outside the UK: Resident 10 years or more,63,54,29,25,9,1,8
S01006518,All people in households,627,563,349,214,64,3,61
S01006518,Born in the UK,545,514,317,197,31,3,28
S01006518,Born outside the UK: Total,82,49,32,17,33,0,33
S01006518,Born outside the UK: Resident less than 2 years,18,4,3,1,14,0,14
S01006518,Born outside the UK: Resident 2 years or more and less than 5 years,7,0,0,0,7,0,7
S01006518,Born outside the UK: Resident 5 years or more and less than 10 years,15,9,4,5,6,0,6
S01006518,Born outside the UK: Resident 10 years or more,42,36,25,11,6,0,6
S01006519,All people in households,807,741,347,394,66,10,56
S01006519,Born in the UK,668,635,318,317,33,10,23
S01006519,Born outside the UK: Total,139,106,29,77,33,0,33
S01006519,Born outside the UK: Resident less than 2 years,17,8,2,6,9,0,9
S01006519,Born outside the UK: Resident 2 years or more and less than 5 years,33,18,3,15,15,0,15
S01006519,Born outside the UK: Resident 5 years or more and less than 10 years,28,24,5,19,4,0,4
S01006519,Born outside the UK: Resident 10 years or more,61,56,19,37,5,0,5
S01006520,All people in households,729,522,220,302,207,2,205
S01006520,Born in the UK,525,470,201,269,55,2,53
S01006520,Born outside the UK: Total,204,52,19,33,152,0,152
S01006520,Born outside the UK: Resident less than 2 years,82,3,0,3,79,0,79
S01006520,Born outside the UK: Resident 2 years or more and less than 5 years,52,1,0,1,51,0,51
S01006520,Born outside the UK: Resident 5 years or more and less than 10 years,32,13,0,13,19,0,19
S01006520,Born outside the UK: Resident 10 years or more,38,35,19,16,3,0,3
S01006521,All people in households,663,528,236,292,135,10,125
S01006521,Born in the UK,536,483,224,259,53,9,44
S01006521,Born outside the UK: Total,127,45,12,33,82,1,81
S01006521,Born outside the UK: Resident less than 2 years,49,5,0,5,44,0,44
S01006521,Born outside the UK: Resident 2 years or more and less than 5 years,35,6,0,6,29,0,29
S01006521,Born outside the UK: Resident 5 years or more and less than 10 years,12,6,0,6,6,0,6
S01006521,Born outside the UK: Resident 10 years or more,31,28,12,16,3,1,2
S01006522,All people in households,574,518,227,291,56,7,49
S01006522,Born in the UK,508,479,209,270,29,7,22
S01006522,Born outside the UK: Total,66,39,18,21,27,0,27
S01006522,Born outside the UK: Resident less than 2 years,10,2,0,2,8,0,8
S01006522,Born outside the UK: Resident 2 years or more and less than 5 years,21,9,5,4,12,0,12
S01006522,Born outside the UK: Resident 5 years or more and less than 10 years,14,11,2,9,3,0,3
S01006522,Born outside the UK: Resident 10 years or more,21,17,11,6,4,0,4
S01006523,All people in households,941,805,387,418,136,15,121
S01006523,Born in the UK,816,729,355,374,87,10,77
S01006523,Born outside the UK: Total,125,76,32,44,49,5,44
S01006523,Born outside the UK: Resident less than 2 years,28,10,2,8,18,0,18
S01006523,Born outside the UK: Resident 2 years or more and less than 5 years,19,7,1,6,12,2,10
S01006523,Born outside the UK: Resident 5 years or more and less than 10 years,14,5,0,5,9,0,9
S01006523,Born outside the UK: Resident 10 years or more,64,54,29,25,10,3,7
S01006524,All people in households,711,534,310,224,177,18,159
S01006524,Born in the UK,582,467,285,182,115,15,100
S01006524,Born outside the UK: Total,129,67,25,42,62,3,59
S01006524,Born outside the UK: Resident less than 2 years,34,9,0,9,25,2,23
S01006524,Born outside the UK: Resident 2 years or more and less than 5 years,25,5,1,4,20,0,20
S01006524,Born outside the UK: Resident 5 years or more and less than 10 years,14,5,2,3,9,1,8
S01006524,Born outside the UK: Resident 10 years or more,56,48,22,26,8,0,8
S01006525,All people in households,798,681,336,345,117,38,79
S01006525,Born in the UK,658,603,315,288,55,36,19
S01006525,Born outside the UK: Total,140,78,21,57,62,2,60
S01006525,Born outside the UK: Resident less than 2 years,31,6,1,5,25,0,25
S01006525,Born outside the UK: Resident 2 years or more and less than 5 years,27,11,0,11,16,0,16
S01006525,Born outside the UK: Resident 5 years or more and less than 10 years,27,18,4,14,9,0,9
S01006525,Born outside the UK: Resident 10 years or more,55,43,16,27,12,2,10
S01006526,All people in households,902,409,143,266,493,343,150
S01006526,Born in the UK,797,372,142,230,425,325,100
S01006526,Born outside the UK: Total,105,37,1,36,68,18,50
S01006526,Born outside the UK: Resident less than 2 years,30,10,0,10,20,0,20
S01006526,Born outside the UK: Resident 2 years or more and less than 5 years,38,12,1,11,26,5,21
S01006526,Born outside the UK: Resident 5 years or more and less than 10 years,12,6,0,6,6,1,5
S01006526,Born outside the UK: Resident 10 years or more,25,9,0,9,16,12,4
S01006527,All people in households,674,282,130,152,392,277,115
S01006527,Born in the UK,596,263,127,136,333,259,74
S01006527,Born outside the UK: Total,78,19,3,16,59,18,41
S01006527,Born outside the UK: Resident less than 2 years,26,4,0,4,22,0,22
S01006527,Born outside the UK: Resident 2 years or more and less than 5 years,25,3,0,3,22,12,10
S01006527,Born outside the UK: Resident 5 years or more and less than 10 years,16,6,0,6,10,3,7
S01006527,Born outside the UK: Resident 10 years or more,11,6,3,3,5,3,2
S01006528,All people in households,981,479,196,283,502,271,231
S01006528,Born in the UK,787,437,191,246,350,251,99
S01006528,Born outside the UK: Total,194,42,5,37,152,20,132
S01006528,Born outside the UK: Resident less than 2 years,65,2,0,2,63,1,62
S01006528,Born outside the UK: Resident 2 years or more and less than 5 years,78,11,0,11,67,15,52
S01006528,Born outside the UK: Resident 5 years or more and less than 10 years,27,13,2,11,14,1,13
S01006528,Born outside the UK: Resident 10 years or more,24,16,3,13,8,3,5
S01006529,All people in households,892,390,129,261,502,169,333
S01006529,Born in the UK,708,362,124,238,346,159,187
S01006529,Born outside the UK: Total,184,28,5,23,156,10,146
S01006529,Born outside the UK: Resident less than 2 years,82,3,0,3,79,2,77
S01006529,Born outside the UK: Resident 2 years or more and less than 5 years,51,6,0,6,45,3,42
S01006529,Born outside the UK: Resident 5 years or more and less than 10 years,28,7,0,7,21,1,20
S01006529,Born outside the UK: Resident 10 years or more,23,12,5,7,11,4,7
S01006530,All people in households,748,356,152,204,392,264,128
S01006530,Born in the UK,672,326,140,186,346,261,85
S01006530,Born outside the UK: Total,76,30,12,18,46,3,43
S01006530,Born outside the UK: Resident less than 2 years,28,1,0,1,27,0,27
S01006530,Born outside the UK: Resident 2 years or more and less than 5 years,14,7,3,4,7,0,7
S01006530,Born outside the UK: Resident 5 years or more and less than 10 years,7,5,4,1,2,0,2
S01006530,Born outside the UK: Resident 10 years or more,27,17,5,12,10,3,7
S01006531,All people in households,955,349,139,210,606,418,188
S01006531,Born in the UK,821,326,128,198,495,395,100
S01006531,Born outside the UK: Total,134,23,11,12,111,23,88
S01006531,Born outside the UK: Resident less than 2 years,42,2,2,0,40,0,40
S01006531,Born outside the UK: Resident 2 years or more and less than 5 years,47,3,0,3,44,12,32
S01006531,Born outside the UK: Resident 5 years or more and less than 10 years,23,3,0,3,20,7,13
S01006531,Born outside the UK: Resident 10 years or more,22,15,9,6,7,4,3
S01006532,All people in households,703,558,252,306,145,10,135
S01006532,Born in the UK,622,523,240,283,99,9,90
S01006532,Born outside the UK: Total,81,35,12,23,46,1,45
S01006532,Born outside the UK: Resident less than 2 years,30,3,2,1,27,0,27
S01006532,Born outside the UK: Resident 2 years or more and less than 5 years,16,4,1,3,12,0,12
S01006532,Born outside the UK: Resident 5 years or more and less than 10 years,8,6,3,3,2,1,1
S01006532,Born outside the UK: Resident 10 years or more,27,22,6,16,5,0,5
S01006533,All people in households,694,620,282,338,74,3,71
S01006533,Born in the UK,611,581,264,317,30,2,28
S01006533,Born outside the UK: Total,83,39,18,21,44,1,43
S01006533,Born outside the UK: Resident less than 2 years,29,2,0,2,27,0,27
S01006533,Born outside the UK: Resident 2 years or more and less than 5 years,17,1,0,1,16,0,16
S01006533,Born outside the UK: Resident 5 years or more and less than 10 years,5,5,1,4,0,0,0
S01006533,Born outside the UK: Resident 10 years or more,32,31,17,14,1,1,0
S01006534,All people in households,910,781,327,454,129,12,117
S01006534,Born in the UK,802,726,305,421,76,9,67
S01006534,Born outside the UK: Total,108,55,22,33,53,3,50
S01006534,Born outside the UK: Resident less than 2 years,49,4,0,4,45,3,42
S01006534,Born outside the UK: Resident 2 years or more and less than 5 years,9,7,4,3,2,0,2
S01006534,Born outside the UK: Resident 5 years or more and less than 10 years,18,12,1,11,6,0,6
S01006534,Born outside the UK: Resident 10 years or more,32,32,17,15,0,0,0
S01006535,All people in households,1038,706,227,479,332,24,308
S01006535,Born in the UK,853,656,215,441,197,15,182
S01006535,Born outside the UK: Total,185,50,12,38,135,9,126
S01006535,Born outside the UK: Resident less than 2 years,55,5,3,2,50,1,49
S01006535,Born outside the UK: Resident 2 years or more and less than 5 years,48,4,0,4,44,0,44
S01006535,Born outside the UK: Resident 5 years or more and less than 10 years,33,12,1,11,21,4,17
S01006535,Born outside the UK: Resident 10 years or more,49,29,8,21,20,4,16
S01006536,All people in households,1013,611,205,406,402,30,372
S01006536,Born in the UK,820,560,196,364,260,24,236
S01006536,Born outside the UK: Total,193,51,9,42,142,6,136
S01006536,Born outside the UK: Resident less than 2 years,57,3,0,3,54,2,52
S01006536,Born outside the UK: Resident 2 years or more and less than 5 years,61,17,1,16,44,1,43
S01006536,Born outside the UK: Resident 5 years or more and less than 10 years,30,5,1,4,25,1,24
S01006536,Born outside the UK: Resident 10 years or more,45,26,7,19,19,2,17
S01006537,All people in households,754,686,372,314,68,17,51
S01006537,Born in the UK,695,658,362,296,37,8,29
S01006537,Born outside the UK: Total,59,28,10,18,31,9,22
S01006537,Born outside the UK: Resident less than 2 years,10,3,0,3,7,0,7
S01006537,Born outside the UK: Resident 2 years or more and less than 5 years,15,2,0,2,13,4,9
S01006537,Born outside the UK: Resident 5 years or more and less than 10 years,11,2,0,2,9,5,4
S01006537,Born outside the UK: Resident 10 years or more,23,21,10,11,2,0,2
S01006538,All people in households,569,542,249,293,27,9,18
S01006538,Born in the UK,534,513,243,270,21,8,13
S01006538,Born outside the UK: Total,35,29,6,23,6,1,5
S01006538,Born outside the UK: Resident less than 2 years,1,1,1,0,0,0,0
S01006538,Born outside the UK: Resident 2 years or more and less than 5 years,10,6,0,6,4,0,4
S01006538,Born outside the UK: Resident 5 years or more and less than 10 years,6,5,0,5,1,0,1
S01006538,Born outside the UK: Resident 10 years or more,18,17,5,12,1,1,0
S01006539,All people in households,713,635,304,331,78,19,59
S01006539,Born in the UK,651,594,287,307,57,19,38
S01006539,Born outside the UK: Total,62,41,17,24,21,0,21
S01006539,Born outside the UK: Resident less than 2 years,7,1,0,1,6,0,6
S01006539,Born outside the UK: Resident 2 years or more and less than 5 years,15,3,2,1,12,0,12
S01006539,Born outside the UK: Resident 5 years or more and less than 10 years,7,6,0,6,1,0,1
S01006539,Born outside the UK: Resident 10 years or more,33,31,15,16,2,0,2
S01006540,All people in households,960,779,327,452,181,16,165
S01006540,Born in the UK,839,737,314,423,102,15,87
S01006540,Born outside the UK: Total,121,42,13,29,79,1,78
S01006540,Born outside the UK: Resident less than 2 years,42,0,0,0,42,1,41
S01006540,Born outside the UK: Resident 2 years or more and less than 5 years,33,10,1,9,23,0,23
S01006540,Born outside the UK: Resident 5 years or more and less than 10 years,16,5,0,5,11,0,11
S01006540,Born outside the UK: Resident 10 years or more,30,27,12,15,3,0,3
S01006541,All people in households,801,665,284,381,136,80,56
S01006541,Born in the UK,740,636,273,363,104,77,27
S01006541,Born outside the UK: Total,61,29,11,18,32,3,29
S01006541,Born outside the UK: Resident less than 2 years,4,0,0,0,4,0,4
S01006541,Born outside the UK: Resident 2 years or more and less than 5 years,21,5,0,5,16,0,16
S01006541,Born outside the UK: Resident 5 years or more and less than 10 years,17,8,2,6,9,0,9
S01006541,Born outside the UK: Resident 10 years or more,19,16,9,7,3,3,0
S01006542,All people in households,1000,828,488,340,172,12,160
S01006542,Born in the UK,856,769,468,301,87,9,78
S01006542,Born outside the UK: Total,144,59,20,39,85,3,82
S01006542,Born outside the UK: Resident less than 2 years,51,2,0,2,49,2,47
S01006542,Born outside the UK: Resident 2 years or more and less than 5 years,21,5,0,5,16,0,16
S01006542,Born outside the UK: Resident 5 years or more and less than 10 years,14,6,1,5,8,0,8
S01006542,Born outside the UK: Resident 10 years or more,58,46,19,27,12,1,11
S01006543,All people in households,797,754,369,385,43,12,31
S01006543,Born in the UK,750,723,362,361,27,7,20
S01006543,Born outside the UK: Total,47,31,7,24,16,5,11
S01006543,Born outside the UK: Resident less than 2 years,5,1,0,1,4,0,4
S01006543,Born outside the UK: Resident 2 years or more and less than 5 years,9,2,0,2,7,0,7
S01006543,Born outside the UK: Resident 5 years or more and less than 10 years,10,9,0,9,1,1,0
S01006543,Born outside the UK: Resident 10 years or more,23,19,7,12,4,4,0
S01006544,All people in households,1020,730,292,438,290,25,265
S01006544,Born in the UK,803,646,274,372,157,8,149
S01006544,Born outside the UK: Total,217,84,18,66,133,17,116
S01006544,Born outside the UK: Resident less than 2 years,91,5,1,4,86,13,73
S01006544,Born outside the UK: Resident 2 years or more and less than 5 years,42,13,1,12,29,1,28
S01006544,Born outside the UK: Resident 5 years or more and less than 10 years,34,26,3,23,8,0,8
S01006544,Born outside the UK: Resident 10 years or more,50,40,13,27,10,3,7
S01006545,All people in households,1065,822,416,406,243,52,191
S01006545,Born in the UK,905,765,397,368,140,46,94
S01006545,Born outside the UK: Total,160,57,19,38,103,6,97
S01006545,Born outside the UK: Resident less than 2 years,32,1,1,0,31,2,29
S01006545,Born outside the UK: Resident 2 years or more and less than 5 years,55,4,0,4,51,0,51
S01006545,Born outside the UK: Resident 5 years or more and less than 10 years,27,15,2,13,12,0,12
S01006545,Born outside the UK: Resident 10 years or more,46,37,16,21,9,4,5
S01006546,All people in households,626,588,306,282,38,0,38
S01006546,Born in the UK,593,573,300,273,20,0,20
S01006546,Born outside the UK: Total,33,15,6,9,18,0,18
S01006546,Born outside the UK: Resident less than 2 years,13,2,2,0,11,0,11
S01006546,Born outside the UK: Resident 2 years or more and less than 5 years,5,1,1,0,4,0,4
S01006546,Born outside the UK: Resident 5 years or more and less than 10 years,5,2,0,2,3,0,3
S01006546,Born outside the UK: Resident 10 years or more,10,10,3,7,0,0,0
S01006547,All people in households,907,605,301,304,302,206,96
S01006547,Born in the UK,802,549,281,268,253,203,50
S01006547,Born outside the UK: Total,105,56,20,36,49,3,46
S01006547,Born outside the UK: Resident less than 2 years,17,4,2,2,13,1,12
S01006547,Born outside the UK: Resident 2 years or more and less than 5 years,36,13,3,10,23,1,22
S01006547,Born outside the UK: Resident 5 years or more and less than 10 years,23,11,0,11,12,0,12
S01006547,Born outside the UK: Resident 10 years or more,29,28,15,13,1,1,0
S01006548,All people in households,721,679,369,310,42,3,39
S01006548,Born in the UK,680,656,352,304,24,1,23
S01006548,Born outside the UK: Total,41,23,17,6,18,2,16
S01006548,Born outside the UK: Resident less than 2 years,9,1,1,0,8,0,8
S01006548,Born outside the UK: Resident 2 years or more and less than 5 years,9,1,1,0,8,2,6
S01006548,Born outside the UK: Resident 5 years or more and less than 10 years,3,1,1,0,2,0,2
S01006548,Born outside the UK: Resident 10 years or more,20,20,14,6,0,0,0
S01006549,All people in households,811,675,382,293,136,24,112
S01006549,Born in the UK,717,648,368,280,69,22,47
S01006549,Born outside the UK: Total,94,27,14,13,67,2,65
S01006549,Born outside the UK: Resident less than 2 years,35,4,3,1,31,0,31
S01006549,Born outside the UK: Resident 2 years or more and less than 5 years,26,1,0,1,25,1,24
S01006549,Born outside the UK: Resident 5 years or more and less than 10 years,7,4,1,3,3,0,3
S01006549,Born outside the UK: Resident 10 years or more,26,18,10,8,8,1,7
S01006550,All people in households,909,822,469,353,87,2,85
S01006550,Born in the UK,840,788,456,332,52,2,50
S01006550,Born outside the UK: Total,69,34,13,21,35,0,35
S01006550,Born outside the UK: Resident less than 2 years,23,3,1,2,20,0,20
S01006550,Born outside the UK: Resident 2 years or more and less than 5 years,10,3,1,2,7,0,7
S01006550,Born outside the UK: Resident 5 years or more and less than 10 years,7,3,0,3,4,0,4
S01006550,Born outside the UK: Resident 10 years or more,29,25,11,14,4,0,4
S01006551,All people in households,690,344,157,187,346,278,68
S01006551,Born in the UK,599,310,148,162,289,256,33
S01006551,Born outside the UK: Total,91,34,9,25,57,22,35
S01006551,Born outside the UK: Resident less than 2 years,7,0,0,0,7,2,5
S01006551,Born outside the UK: Resident 2 years or more and less than 5 years,36,6,0,6,30,10,20
S01006551,Born outside the UK: Resident 5 years or more and less than 10 years,19,7,0,7,12,6,6
S01006551,Born outside the UK: Resident 10 years or more,29,21,9,12,8,4,4
S01006552,All people in households,870,734,333,401,136,13,123
S01006552,Born in the UK,767,663,319,344,104,12,92
S01006552,Born outside the UK: Total,103,71,14,57,32,1,31
S01006552,Born outside the UK: Resident less than 2 years,13,0,0,0,13,0,13
S01006552,Born outside the UK: Resident 2 years or more and less than 5 years,29,19,0,19,10,0,10
S01006552,Born outside the UK: Resident 5 years or more and less than 10 years,21,16,0,16,5,0,5
S01006552,Born outside the UK: Resident 10 years or more,40,36,14,22,4,1,3
S01006553,All people in households,826,592,289,303,234,175,59
S01006553,Born in the UK,753,540,276,264,213,170,43
S01006553,Born outside the UK: Total,73,52,13,39,21,5,16
S01006553,Born outside the UK: Resident less than 2 years,15,3,1,2,12,0,12
S01006553,Born outside the UK: Resident 2 years or more and less than 5 years,20,18,1,17,2,0,2
S01006553,Born outside the UK: Resident 5 years or more and less than 10 years,14,13,2,11,1,0,1
S01006553,Born outside the UK: Resident 10 years or more,24,18,9,9,6,5,1
S01006554,All people in households,692,484,194,290,208,148,60
S01006554,Born in the UK,613,429,185,244,184,138,46
S01006554,Born outside the UK: Total,79,55,9,46,24,10,14
S01006554,Born outside the UK: Resident less than 2 years,9,0,0,0,9,2,7
S01006554,Born outside the UK: Resident 2 years or more and less than 5 years,22,15,0,15,7,4,3
S01006554,Born outside the UK: Resident 5 years or more and less than 10 years,26,24,2,22,2,0,2
S01006554,Born outside the UK: Resident 10 years or more,22,16,7,9,6,4,2
S01006555,All people in households,763,384,93,291,379,267,112
S01006555,Born in the UK,615,305,86,219,310,260,50
S01006555,Born outside the UK: Total,148,79,7,72,69,7,62
S01006555,Born outside the UK: Resident less than 2 years,31,8,4,4,23,0,23
S01006555,Born outside the UK: Resident 2 years or more and less than 5 years,62,34,0,34,28,3,25
S01006555,Born outside the UK: Resident 5 years or more and less than 10 years,34,25,1,24,9,1,8
S01006555,Born outside the UK: Resident 10 years or more,21,12,2,10,9,3,6
S01006556,All people in households,838,433,148,285,405,335,70
S01006556,Born in the UK,762,398,142,256,364,324,40
S01006556,Born outside the UK: Total,76,35,6,29,41,11,30
S01006556,Born outside the UK: Resident less than 2 years,9,3,0,3,6,0,6
S01006556,Born outside the UK: Resident 2 years or more and less than 5 years,25,5,0,5,20,5,15
S01006556,Born outside the UK: Resident 5 years or more and less than 10 years,22,12,0,12,10,2,8
S01006556,Born outside the UK: Resident 10 years or more,20,15,6,9,5,4,1
S01006557,All people in households,701,316,84,232,385,332,53
S01006557,Born in the UK,624,281,77,204,343,318,25
S01006557,Born outside the UK: Total,77,35,7,28,42,14,28
S01006557,Born outside the UK: Resident less than 2 years,15,2,0,2,13,0,13
S01006557,Born outside the UK: Resident 2 years or more and less than 5 years,22,5,0,5,17,5,12
S01006557,Born outside the UK: Resident 5 years or more and less than 10 years,19,11,0,11,8,5,3
S01006557,Born outside the UK: Resident 10 years or more,21,17,7,10,4,4,0
S01006558,All people in households,622,443,193,250,179,7,172
S01006558,Born in the UK,525,402,180,222,123,5,118
S01006558,Born outside the UK: Total,97,41,13,28,56,2,54
S01006558,Born outside the UK: Resident less than 2 years,25,2,0,2,23,0,23
S01006558,Born outside the UK: Resident 2 years or more and less than 5 years,21,1,0,1,20,0,20
S01006558,Born outside the UK: Resident 5 years or more and less than 10 years,12,7,2,5,5,0,5
S01006558,Born outside the UK: Resident 10 years or more,39,31,11,20,8,2,6
S01006559,All people in households,607,427,180,247,180,18,162
S01006559,Born in the UK,476,386,169,217,90,14,76
S01006559,Born outside the UK: Total,131,41,11,30,90,4,86
S01006559,Born outside the UK: Resident less than 2 years,50,4,0,4,46,0,46
S01006559,Born outside the UK: Resident 2 years or more and less than 5 years,21,2,0,2,19,0,19
S01006559,Born outside the UK: Resident 5 years or more and less than 10 years,25,10,1,9,15,1,14
S01006559,Born outside the UK: Resident 10 years or more,35,25,10,15,10,3,7
S01006560,All people in households,985,780,323,457,205,50,155
S01006560,Born in the UK,854,714,306,408,140,48,92
S01006560,Born outside the UK: Total,131,66,17,49,65,2,63
S01006560,Born outside the UK: Resident less than 2 years,37,4,0,4,33,0,33
S01006560,Born outside the UK: Resident 2 years or more and less than 5 years,18,6,2,4,12,0,12
S01006560,Born outside the UK: Resident 5 years or more and less than 10 years,36,25,1,24,11,0,11
S01006560,Born outside the UK: Resident 10 years or more,40,31,14,17,9,2,7
S01006561,All people in households,766,658,304,354,108,20,88
S01006561,Born in the UK,682,619,286,333,63,17,46
S01006561,Born outside the UK: Total,84,39,18,21,45,3,42
S01006561,Born outside the UK: Resident less than 2 years,41,6,5,1,35,2,33
S01006561,Born outside the UK: Resident 2 years or more and less than 5 years,5,0,0,0,5,0,5
S01006561,Born outside the UK: Resident 5 years or more and less than 10 years,13,12,1,11,1,0,1
S01006561,Born outside the UK: Resident 10 years or more,25,21,12,9,4,1,3
S01006562,All people in households,703,509,240,269,194,136,58
S01006562,Born in the UK,636,473,229,244,163,128,35
S01006562,Born outside the UK: Total,67,36,11,25,31,8,23
S01006562,Born outside the UK: Resident less than 2 years,12,2,1,1,10,0,10
S01006562,Born outside the UK: Resident 2 years or more and less than 5 years,17,2,0,2,15,3,12
S01006562,Born outside the UK: Resident 5 years or more and less than 10 years,13,12,0,12,1,1,0
S01006562,Born outside the UK: Resident 10 years or more,25,20,10,10,5,4,1
S01006563,All people in households,824,597,274,323,227,42,185
S01006563,Born in the UK,663,551,260,291,112,37,75
S01006563,Born outside the UK: Total,161,46,14,32,115,5,110
S01006563,Born outside the UK: Resident less than 2 years,68,11,4,7,57,0,57
S01006563,Born outside the UK: Resident 2 years or more and less than 5 years,36,11,2,9,25,0,25
S01006563,Born outside the UK: Resident 5 years or more and less than 10 years,32,5,1,4,27,5,22
S01006563,Born outside the UK: Resident 10 years or more,25,19,7,12,6,0,6
S01006564,All people in households,980,377,142,235,603,322,281
S01006564,Born in the UK,765,333,130,203,432,255,177
S01006564,Born outside the UK: Total,215,44,12,32,171,67,104
S01006564,Born outside the UK: Resident less than 2 years,58,10,1,9,48,8,40
S01006564,Born outside the UK: Resident 2 years or more and less than 5 years,50,3,1,2,47,18,29
S01006564,Born outside the UK: Resident 5 years or more and less than 10 years,58,9,0,9,49,24,25
S01006564,Born outside the UK: Resident 10 years or more,49,22,10,12,27,17,10
S01006565,All people in households,850,339,106,233,511,162,349
S01006565,Born in the UK,619,304,95,209,315,145,170
S01006565,Born outside the UK: Total,231,35,11,24,196,17,179
S01006565,Born outside the UK: Resident less than 2 years,81,10,5,5,71,1,70
S01006565,Born outside the UK: Resident 2 years or more and less than 5 years,88,9,1,8,79,8,71
S01006565,Born outside the UK: Resident 5 years or more and less than 10 years,25,3,1,2,22,2,20
S01006565,Born outside the UK: Resident 10 years or more,37,13,4,9,24,6,18
S01006566,All people in households,748,418,175,243,330,28,302
S01006566,Born in the UK,573,375,161,214,198,24,174
S01006566,Born outside the UK: Total,175,43,14,29,132,4,128
S01006566,Born outside the UK: Resident less than 2 years,58,2,0,2,56,0,56
S01006566,Born outside the UK: Resident 2 years or more and less than 5 years,45,9,3,6,36,2,34
S01006566,Born outside the UK: Resident 5 years or more and less than 10 years,35,11,3,8,24,1,23
S01006566,Born outside the UK: Resident 10 years or more,37,21,8,13,16,1,15
S01006567,All people in households,835,287,77,210,548,225,323
S01006567,Born in the UK,650,258,69,189,392,197,195
S01006567,Born outside the UK: Total,185,29,8,21,156,28,128
S01006567,Born outside the UK: Resident less than 2 years,58,2,0,2,56,7,49
S01006567,Born outside the UK: Resident 2 years or more and less than 5 years,52,3,0,3,49,2,47
S01006567,Born outside the UK: Resident 5 years or more and less than 10 years,39,7,2,5,32,13,19
S01006567,Born outside the UK: Resident 10 years or more,36,17,6,11,19,6,13
S01006568,All people in households,923,432,114,318,491,24,467
S01006568,Born in the UK,664,370,101,269,294,20,274
S01006568,Born outside the UK: Total,259,62,13,49,197,4,193
S01006568,Born outside the UK: Resident less than 2 years,90,10,3,7,80,1,79
S01006568,Born outside the UK: Resident 2 years or more and less than 5 years,63,11,4,7,52,0,52
S01006568,Born outside the UK: Resident 5 years or more and less than 10 years,61,22,4,18,39,0,39
S01006568,Born outside the UK: Resident 10 years or more,45,19,2,17,26,3,23
S01006569,All people in households,566,325,121,204,241,43,198
S01006569,Born in the UK,409,287,110,177,122,35,87
S01006569,Born outside the UK: Total,157,38,11,27,119,8,111
S01006569,Born outside the UK: Resident less than 2 years,49,2,1,1,47,0,47
S01006569,Born outside the UK: Resident 2 years or more and less than 5 years,47,3,1,2,44,0,44
S01006569,Born outside the UK: Resident 5 years or more and less than 10 years,29,8,1,7,21,4,17
S01006569,Born outside the UK: Resident 10 years or more,32,25,8,17,7,4,3
S01006570,All people in households,783,514,204,310,269,14,255
S01006570,Born in the UK,604,480,195,285,124,13,111
S01006570,Born outside the UK: Total,179,34,9,25,145,1,144
S01006570,Born outside the UK: Resident less than 2 years,76,7,0,7,69,0,69
S01006570,Born outside the UK: Resident 2 years or more and less than 5 years,52,5,0,5,47,0,47
S01006570,Born outside the UK: Resident 5 years or more and less than 10 years,22,3,0,3,19,0,19
S01006570,Born outside the UK: Resident 10 years or more,29,19,9,10,10,1,9
S01006571,All people in households,886,616,229,387,270,38,232
S01006571,Born in the UK,755,557,214,343,198,34,164
S01006571,Born outside the UK: Total,131,59,15,44,72,4,68
S01006571,Born outside the UK: Resident less than 2 years,35,5,1,4,30,1,29
S01006571,Born outside the UK: Resident 2 years or more and less than 5 years,25,3,1,2,22,0,22
S01006571,Born outside the UK: Resident 5 years or more and less than 10 years,19,9,0,9,10,3,7
S01006571,Born outside the UK: Resident 10 years or more,52,42,13,29,10,0,10
S01006572,All people in households,901,761,361,400,140,10,130
S01006572,Born in the UK,750,697,334,363,53,9,44
S01006572,Born outside the UK: Total,151,64,27,37,87,1,86
S01006572,Born outside the UK: Resident less than 2 years,56,10,4,6,46,0,46
S01006572,Born outside the UK: Resident 2 years or more and less than 5 years,34,2,1,1,32,0,32
S01006572,Born outside the UK: Resident 5 years or more and less than 10 years,8,5,1,4,3,0,3
S01006572,Born outside the UK: Resident 10 years or more,53,47,21,26,6,1,5
S01006573,All people in households,724,573,232,341,151,6,145
S01006573,Born in the UK,605,522,212,310,83,6,77
S01006573,Born outside the UK: Total,119,51,20,31,68,0,68
S01006573,Born outside the UK: Resident less than 2 years,38,2,1,1,36,0,36
S01006573,Born outside the UK: Resident 2 years or more and less than 5 years,28,8,2,6,20,0,20
S01006573,Born outside the UK: Resident 5 years or more and less than 10 years,17,11,1,10,6,0,6
S01006573,Born outside the UK: Resident 10 years or more,36,30,16,14,6,0,6
S01006574,All people in households,977,742,354,388,235,19,216
S01006574,Born in the UK,785,671,322,349,114,17,97
S01006574,Born outside the UK: Total,192,71,32,39,121,2,119
S01006574,Born outside the UK: Resident less than 2 years,78,8,2,6,70,0,70
S01006574,Born outside the UK: Resident 2 years or more and less than 5 years,38,4,2,2,34,1,33
S01006574,Born outside the UK: Resident 5 years or more and less than 10 years,18,8,1,7,10,1,9
S01006574,Born outside the UK: Resident 10 years or more,58,51,27,24,7,0,7
S01006575,All people in households,909,686,263,423,223,11,212
S01006575,Born in the UK,766,628,245,383,138,7,131
S01006575,Born outside the UK: Total,143,58,18,40,85,4,81
S01006575,Born outside the UK: Resident less than 2 years,39,4,2,2,35,1,34
S01006575,Born outside the UK: Resident 2 years or more and less than 5 years,38,5,1,4,33,2,31
S01006575,Born outside the UK: Resident 5 years or more and less than 10 years,15,6,1,5,9,1,8
S01006575,Born outside the UK: Resident 10 years or more,51,43,14,29,8,0,8
S01006576,All people in households,714,517,172,345,197,9,188
S01006576,Born in the UK,576,460,155,305,116,4,112
S01006576,Born outside the UK: Total,138,57,17,40,81,5,76
S01006576,Born outside the UK: Resident less than 2 years,37,6,1,5,31,3,28
S01006576,Born outside the UK: Resident 2 years or more and less than 5 years,36,8,3,5,28,0,28
S01006576,Born outside the UK: Resident 5 years or more and less than 10 years,23,7,1,6,16,1,15
S01006576,Born outside the UK: Resident 10 years or more,42,36,12,24,6,1,5
S01006577,All people in households,769,459,186,273,310,17,293
S01006577,Born in the UK,594,402,169,233,192,14,178
S01006577,Born outside the UK: Total,175,57,17,40,118,3,115
S01006577,Born outside the UK: Resident less than 2 years,41,8,1,7,33,0,33
S01006577,Born outside the UK: Resident 2 years or more and less than 5 years,59,8,2,6,51,2,49
S01006577,Born outside the UK: Resident 5 years or more and less than 10 years,33,17,3,14,16,0,16
S01006577,Born outside the UK: Resident 10 years or more,42,24,11,13,18,1,17
S01006578,All people in households,1032,511,157,354,521,63,458
S01006578,Born in the UK,772,465,145,320,307,54,253
S01006578,Born outside the UK: Total,260,46,12,34,214,9,205
S01006578,Born outside the UK: Resident less than 2 years,83,3,0,3,80,1,79
S01006578,Born outside the UK: Resident 2 years or more and less than 5 years,84,8,2,6,76,1,75
S01006578,Born outside the UK: Resident 5 years or more and less than 10 years,51,14,3,11,37,5,32
S01006578,Born outside the UK: Resident 10 years or more,42,21,7,14,21,2,19
S01006579,All people in households,964,391,109,282,573,25,548
S01006579,Born in the UK,669,341,100,241,328,20,308
S01006579,Born outside the UK: Total,295,50,9,41,245,5,240
S01006579,Born outside the UK: Resident less than 2 years,102,4,1,3,98,0,98
S01006579,Born outside the UK: Resident 2 years or more and less than 5 years,115,16,3,13,99,2,97
S01006579,Born outside the UK: Resident 5 years or more and less than 10 years,40,12,1,11,28,0,28
S01006579,Born outside the UK: Resident 10 years or more,38,18,4,14,20,3,17
S01006580,All people in households,712,432,159,273,280,23,257
S01006580,Born in the UK,560,378,145,233,182,19,163
S01006580,Born outside the UK: Total,152,54,14,40,98,4,94
S01006580,Born outside the UK: Resident less than 2 years,45,8,3,5,37,0,37
S01006580,Born outside the UK: Resident 2 years or more and less than 5 years,38,9,0,9,29,0,29
S01006580,Born outside the UK: Resident 5 years or more and less than 10 years,32,14,0,14,18,3,15
S01006580,Born outside the UK: Resident 10 years or more,37,23,11,12,14,1,13
S01006581,All people in households,889,758,360,398,131,11,120
S01006581,Born in the UK,784,719,338,381,65,1,64
S01006581,Born outside the UK: Total,105,39,22,17,66,10,56
S01006581,Born outside the UK: Resident less than 2 years,31,1,0,1,30,4,26
S01006581,Born outside the UK: Resident 2 years or more and less than 5 years,24,8,4,4,16,4,12
S01006581,Born outside the UK: Resident 5 years or more and less than 10 years,15,4,1,3,11,0,11
S01006581,Born outside the UK: Resident 10 years or more,35,26,17,9,9,2,7
S01006582,All people in households,797,247,74,173,550,100,450
S01006582,Born in the UK,519,202,65,137,317,68,249
S01006582,Born outside the UK: Total,278,45,9,36,233,32,201
S01006582,Born outside the UK: Resident less than 2 years,110,6,0,6,104,4,100
S01006582,Born outside the UK: Resident 2 years or more and less than 5 years,95,9,2,7,86,14,72
S01006582,Born outside the UK: Resident 5 years or more and less than 10 years,31,13,2,11,18,4,14
S01006582,Born outside the UK: Resident 10 years or more,42,17,5,12,25,10,15
S01006583,All people in households,712,264,52,212,448,23,425
S01006583,Born in the UK,522,221,44,177,301,19,282
S01006583,Born outside the UK: Total,190,43,8,35,147,4,143
S01006583,Born outside the UK: Resident less than 2 years,77,4,0,4,73,0,73
S01006583,Born outside the UK: Resident 2 years or more and less than 5 years,56,8,1,7,48,0,48
S01006583,Born outside the UK: Resident 5 years or more and less than 10 years,28,8,1,7,20,3,17
S01006583,Born outside the UK: Resident 10 years or more,29,23,6,17,6,1,5
S01006584,All people in households,628,299,89,210,329,21,308
S01006584,Born in the UK,467,258,76,182,209,17,192
S01006584,Born outside the UK: Total,161,41,13,28,120,4,116
S01006584,Born outside the UK: Resident less than 2 years,49,2,1,1,47,0,47
S01006584,Born outside the UK: Resident 2 years or more and less than 5 years,48,4,0,4,44,0,44
S01006584,Born outside the UK: Resident 5 years or more and less than 10 years,26,11,0,11,15,1,14
S01006584,Born outside the UK: Resident 10 years or more,38,24,12,12,14,3,11
S01006585,All people in households,795,255,122,133,540,269,271
S01006585,Born in the UK,617,223,105,118,394,230,164
S01006585,Born outside the UK: Total,178,32,17,15,146,39,107
S01006585,Born outside the UK: Resident less than 2 years,46,1,1,0,45,2,43
S01006585,Born outside the UK: Resident 2 years or more and less than 5 years,61,5,0,5,56,16,40
S01006585,Born outside the UK: Resident 5 years or more and less than 10 years,32,3,1,2,29,10,19
S01006585,Born outside the UK: Resident 10 years or more,39,23,15,8,16,11,5
S01006586,All people in households,1017,299,115,184,718,272,446
S01006586,Born in the UK,762,261,106,155,501,233,268
S01006586,Born outside the UK: Total,255,38,9,29,217,39,178
S01006586,Born outside the UK: Resident less than 2 years,88,8,0,8,80,5,75
S01006586,Born outside the UK: Resident 2 years or more and less than 5 years,90,7,0,7,83,10,73
S01006586,Born outside the UK: Resident 5 years or more and less than 10 years,36,7,2,5,29,8,21
S01006586,Born outside the UK: Resident 10 years or more,41,16,7,9,25,16,9
S01006587,All people in households,535,112,18,94,423,136,287
S01006587,Born in the UK,347,95,15,80,252,111,141
S01006587,Born outside the UK: Total,188,17,3,14,171,25,146
S01006587,Born outside the UK: Resident less than 2 years,70,0,0,0,70,2,68
S01006587,Born outside the UK: Resident 2 years or more and less than 5 years,68,2,2,0,66,11,55
S01006587,Born outside the UK: Resident 5 years or more and less than 10 years,28,6,0,6,22,9,13
S01006587,Born outside the UK: Resident 10 years or more,22,9,1,8,13,3,10
S01006588,All people in households,586,127,33,94,459,66,393
S01006588,Born in the UK,365,113,28,85,252,52,200
S01006588,Born outside the UK: Total,221,14,5,9,207,14,193
S01006588,Born outside the UK: Resident less than 2 years,95,0,0,0,95,1,94
S01006588,Born outside the UK: Resident 2 years or more and less than 5 years,76,3,2,1,73,4,69
S01006588,Born outside the UK: Resident 5 years or more and less than 10 years,32,6,0,6,26,5,21
S01006588,Born outside the UK: Resident 10 years or more,18,5,3,2,13,4,9
S01006589,All people in households,682,147,25,122,535,188,347
S01006589,Born in the UK,453,128,22,106,325,147,178
S01006589,Born outside the UK: Total,229,19,3,16,210,41,169
S01006589,Born outside the UK: Resident less than 2 years,99,3,0,3,96,7,89
S01006589,Born outside the UK: Resident 2 years or more and less than 5 years,82,3,0,3,79,20,59
S01006589,Born outside the UK: Resident 5 years or more and less than 10 years,25,4,0,4,21,6,15
S01006589,Born outside the UK: Resident 10 years or more,23,9,3,6,14,8,6
S01006590,All people in households,633,268,80,188,365,38,327
S01006590,Born in the UK,428,237,67,170,191,30,161
S01006590,Born outside the UK: Total,205,31,13,18,174,8,166
S01006590,Born outside the UK: Resident less than 2 years,79,3,3,0,76,3,73
S01006590,Born outside the UK: Resident 2 years or more and less than 5 years,68,6,0,6,62,1,61
S01006590,Born outside the UK: Resident 5 years or more and less than 10 years,26,11,1,10,15,0,15
S01006590,Born outside the UK: Resident 10 years or more,32,11,9,2,21,4,17
S01006591,All people in households,705,402,97,305,303,42,261
S01006591,Born in the UK,515,337,86,251,178,41,137
S01006591,Born outside the UK: Total,190,65,11,54,125,1,124
S01006591,Born outside the UK: Resident less than 2 years,58,10,3,7,48,0,48
S01006591,Born outside the UK: Resident 2 years or more and less than 5 years,65,20,0,20,45,0,45
S01006591,Born outside the UK: Resident 5 years or more and less than 10 years,38,17,3,14,21,0,21
S01006591,Born outside the UK: Resident 10 years or more,29,18,5,13,11,1,10
S01006592,All people in households,680,399,106,293,281,12,269
S01006592,Born in the UK,534,355,98,257,179,4,175
S01006592,Born outside the UK: Total,146,44,8,36,102,8,94
S01006592,Born outside the UK: Resident less than 2 years,40,3,0,3,37,2,35
S01006592,Born outside the UK: Resident 2 years or more and less than 5 years,43,11,1,10,32,6,26
S01006592,Born outside the UK: Resident 5 years or more and less than 10 years,30,9,1,8,21,0,21
S01006592,Born outside the UK: Resident 10 years or more,33,21,6,15,12,0,12
S01006593,All people in households,742,426,129,297,316,6,310
S01006593,Born in the UK,569,376,112,264,193,6,187
S01006593,Born outside the UK: Total,173,50,17,33,123,0,123
S01006593,Born outside the UK: Resident less than 2 years,57,6,1,5,51,0,51
S01006593,Born outside the UK: Resident 2 years or more and less than 5 years,48,7,2,5,41,0,41
S01006593,Born outside the UK: Resident 5 years or more and less than 10 years,26,11,2,9,15,0,15
S01006593,Born outside the UK: Resident 10 years or more,42,26,12,14,16,0,16
S01006594,All people in households,539,270,109,161,269,72,197
S01006594,Born in the UK,457,251,103,148,206,72,134
S01006594,Born outside the UK: Total,82,19,6,13,63,0,63
S01006594,Born outside the UK: Resident less than 2 years,16,0,0,0,16,0,16
S01006594,Born outside the UK: Resident 2 years or more and less than 5 years,28,2,1,1,26,0,26
S01006594,Born outside the UK: Resident 5 years or more and less than 10 years,23,7,0,7,16,0,16
S01006594,Born outside the UK: Resident 10 years or more,15,10,5,5,5,0,5
S01006595,All people in households,916,433,143,290,483,52,431
S01006595,Born in the UK,716,382,125,257,334,50,284
S01006595,Born outside the UK: Total,200,51,18,33,149,2,147
S01006595,Born outside the UK: Resident less than 2 years,49,7,4,3,42,0,42
S01006595,Born outside the UK: Resident 2 years or more and less than 5 years,74,11,1,10,63,0,63
S01006595,Born outside the UK: Resident 5 years or more and less than 10 years,39,9,2,7,30,0,30
S01006595,Born outside the UK: Resident 10 years or more,38,24,11,13,14,2,12
S01006596,All people in households,678,404,153,251,274,32,242
S01006596,Born in the UK,509,344,131,213,165,31,134
S01006596,Born outside the UK: Total,169,60,22,38,109,1,108
S01006596,Born outside the UK: Resident less than 2 years,57,9,4,5,48,0,48
S01006596,Born outside the UK: Resident 2 years or more and less than 5 years,42,6,1,5,36,0,36
S01006596,Born outside the UK: Resident 5 years or more and less than 10 years,29,15,5,10,14,0,14
S01006596,Born outside the UK: Resident 10 years or more,41,30,12,18,11,1,10
S01006597,All people in households,513,243,69,174,270,25,245
S01006597,Born in the UK,405,220,64,156,185,21,164
S01006597,Born outside the UK: Total,108,23,5,18,85,4,81
S01006597,Born outside the UK: Resident less than 2 years,32,3,0,3,29,0,29
S01006597,Born outside the UK: Resident 2 years or more and less than 5 years,32,10,2,8,22,0,22
S01006597,Born outside the UK: Resident 5 years or more and less than 10 years,22,3,0,3,19,1,18
S01006597,Born outside the UK: Resident 10 years or more,22,7,3,4,15,3,12
S01006598,All people in households,957,716,316,400,241,5,236
S01006598,Born in the UK,792,667,306,361,125,4,121
S01006598,Born outside the UK: Total,165,49,10,39,116,1,115
S01006598,Born outside the UK: Resident less than 2 years,88,13,1,12,75,0,75
S01006598,Born outside the UK: Resident 2 years or more and less than 5 years,31,4,0,4,27,0,27
S01006598,Born outside the UK: Resident 5 years or more and less than 10 years,15,7,0,7,8,0,8
S01006598,Born outside the UK: Resident 10 years or more,31,25,9,16,6,1,5
S01006599,All people in households,805,385,147,238,420,188,232
S01006599,Born in the UK,674,347,137,210,327,174,153
S01006599,Born outside the UK: Total,131,38,10,28,93,14,79
S01006599,Born outside the UK: Resident less than 2 years,32,1,1,0,31,0,31
S01006599,Born outside the UK: Resident 2 years or more and less than 5 years,41,6,2,4,35,6,29
S01006599,Born outside the UK: Resident 5 years or more and less than 10 years,25,10,1,9,15,2,13
S01006599,Born outside the UK: Resident 10 years or more,33,21,6,15,12,6,6
S01006600,All people in households,1058,644,228,416,414,157,257
S01006600,Born in the UK,912,603,227,376,309,152,157
S01006600,Born outside the UK: Total,146,41,1,40,105,5,100
S01006600,Born outside the UK: Resident less than 2 years,40,3,0,3,37,0,37
S01006600,Born outside the UK: Resident 2 years or more and less than 5 years,48,10,0,10,38,1,37
S01006600,Born outside the UK: Resident 5 years or more and less than 10 years,39,17,0,17,22,2,20
S01006600,Born outside the UK: Resident 10 years or more,19,11,1,10,8,2,6
S01006601,All people in households,1002,647,250,397,355,126,229
S01006601,Born in the UK,850,625,245,380,225,108,117
S01006601,Born outside the UK: Total,152,22,5,17,130,18,112
S01006601,Born outside the UK: Resident less than 2 years,48,2,0,2,46,2,44
S01006601,Born outside the UK: Resident 2 years or more and less than 5 years,36,5,1,4,31,1,30
S01006601,Born outside the UK: Resident 5 years or more and less than 10 years,38,3,1,2,35,8,27
S01006601,Born outside the UK: Resident 10 years or more,30,12,3,9,18,7,11
S01006602,All people in households,851,676,298,378,175,11,164
S01006602,Born in the UK,704,598,269,329,106,9,97
S01006602,Born outside the UK: Total,147,78,29,49,69,2,67
S01006602,Born outside the UK: Resident less than 2 years,46,10,4,6,36,0,36
S01006602,Born outside the UK: Resident 2 years or more and less than 5 years,20,10,2,8,10,1,9
S01006602,Born outside the UK: Resident 5 years or more and less than 10 years,35,16,2,14,19,0,19
S01006602,Born outside the UK: Resident 10 years or more,46,42,21,21,4,1,3
S01006603,All people in households,820,414,158,256,406,352,54
S01006603,Born in the UK,751,395,152,243,356,323,33
S01006603,Born outside the UK: Total,69,19,6,13,50,29,21
S01006603,Born outside the UK: Resident less than 2 years,13,1,1,0,12,3,9
S01006603,Born outside the UK: Resident 2 years or more and less than 5 years,30,10,3,7,20,15,5
S01006603,Born outside the UK: Resident 5 years or more and less than 10 years,12,4,1,3,8,4,4
S01006603,Born outside the UK: Resident 10 years or more,14,4,1,3,10,7,3
S01006604,All people in households,675,478,200,278,197,161,36
S01006604,Born in the UK,626,444,196,248,182,155,27
S01006604,Born outside the UK: Total,49,34,4,30,15,6,9
S01006604,Born outside the UK: Resident less than 2 years,9,3,0,3,6,2,4
S01006604,Born outside the UK: Resident 2 years or more and less than 5 years,17,15,0,15,2,1,1
S01006604,Born outside the UK: Resident 5 years or more and less than 10 years,15,10,0,10,5,1,4
S01006604,Born outside the UK: Resident 10 years or more,8,6,4,2,2,2,0
S01006605,All people in households,802,384,129,255,418,377,41
S01006605,Born in the UK,748,358,126,232,390,368,22
S01006605,Born outside the UK: Total,54,26,3,23,28,9,19
S01006605,Born outside the UK: Resident less than 2 years,9,0,0,0,9,0,9
S01006605,Born outside the UK: Resident 2 years or more and less than 5 years,17,10,1,9,7,1,6
S01006605,Born outside the UK: Resident 5 years or more and less than 10 years,12,8,0,8,4,2,2
S01006605,Born outside the UK: Resident 10 years or more,16,8,2,6,8,6,2
S01006606,All people in households,818,632,314,318,186,117,69
S01006606,Born in the UK,745,593,297,296,152,108,44
S01006606,Born outside the UK: Total,73,39,17,22,34,9,25
S01006606,Born outside the UK: Resident less than 2 years,14,8,5,3,6,0,6
S01006606,Born outside the UK: Resident 2 years or more and less than 5 years,21,2,1,1,19,4,15
S01006606,Born outside the UK: Resident 5 years or more and less than 10 years,19,16,3,13,3,1,2
S01006606,Born outside the UK: Resident 10 years or more,19,13,8,5,6,4,2
S01006607,All people in households,932,626,222,404,306,269,37
S01006607,Born in the UK,881,596,217,379,285,258,27
S01006607,Born outside the UK: Total,51,30,5,25,21,11,10
S01006607,Born outside the UK: Resident less than 2 years,3,1,0,1,2,1,1
S01006607,Born outside the UK: Resident 2 years or more and less than 5 years,23,12,2,10,11,4,7
S01006607,Born outside the UK: Resident 5 years or more and less than 10 years,11,6,0,6,5,4,1
S01006607,Born outside the UK: Resident 10 years or more,14,11,3,8,3,2,1
S01006608,All people in households,732,603,272,331,129,56,73
S01006608,Born in the UK,649,571,260,311,78,41,37
S01006608,Born outside the UK: Total,83,32,12,20,51,15,36
S01006608,Born outside the UK: Resident less than 2 years,22,5,0,5,17,0,17
S01006608,Born outside the UK: Resident 2 years or more and less than 5 years,15,0,0,0,15,4,11
S01006608,Born outside the UK: Resident 5 years or more and less than 10 years,17,7,0,7,10,5,5
S01006608,Born outside the UK: Resident 10 years or more,29,20,12,8,9,6,3
S01006609,All people in households,1063,642,246,396,421,361,60
S01006609,Born in the UK,1007,618,241,377,389,340,49
S01006609,Born outside the UK: Total,56,24,5,19,32,21,11
S01006609,Born outside the UK: Resident less than 2 years,6,0,0,0,6,3,3
S01006609,Born outside the UK: Resident 2 years or more and less than 5 years,16,5,1,4,11,6,5
S01006609,Born outside the UK: Resident 5 years or more and less than 10 years,18,8,0,8,10,7,3
S01006609,Born outside the UK: Resident 10 years or more,16,11,4,7,5,5,0
S01006610,All people in households,449,267,135,132,182,159,23
S01006610,Born in the UK,426,259,133,126,167,150,17
S01006610,Born outside the UK: Total,23,8,2,6,15,9,6
S01006610,Born outside the UK: Resident less than 2 years,0,0,0,0,0,0,0
S01006610,Born outside the UK: Resident 2 years or more and less than 5 years,8,3,0,3,5,3,2
S01006610,Born outside the UK: Resident 5 years or more and less than 10 years,11,1,0,1,10,6,4
S01006610,Born outside the UK: Resident 10 years or more,4,4,2,2,0,0,0
S01006611,All people in households,919,536,209,327,383,330,53
S01006611,Born in the UK,846,504,208,296,342,307,35
S01006611,Born outside the UK: Total,73,32,1,31,41,23,18
S01006611,Born outside the UK: Resident less than 2 years,4,2,0,2,2,1,1
S01006611,Born outside the UK: Resident 2 years or more and less than 5 years,36,15,0,15,21,7,14
S01006611,Born outside the UK: Resident 5 years or more and less than 10 years,16,10,0,10,6,4,2
S01006611,Born outside the UK: Resident 10 years or more,17,5,1,4,12,11,1
S01006612,All people in households,861,690,217,473,171,135,36
S01006612,Born in the UK,812,658,212,446,154,130,24
S01006612,Born outside the UK: Total,49,32,5,27,17,5,12
S01006612,Born outside the UK: Resident less than 2 years,6,4,0,4,2,0,2
S01006612,Born outside the UK: Resident 2 years or more and less than 5 years,15,6,0,6,9,3,6
S01006612,Born outside the UK: Resident 5 years or more and less than 10 years,16,12,0,12,4,2,2
S01006612,Born outside the UK: Resident 10 years or more,12,10,5,5,2,0,2
S01006613,All people in households,612,555,135,420,57,3,54
S01006613,Born in the UK,582,541,132,409,41,3,38
S01006613,Born outside the UK: Total,30,14,3,11,16,0,16
S01006613,Born outside the UK: Resident less than 2 years,7,0,0,0,7,0,7
S01006613,Born outside the UK: Resident 2 years or more and less than 5 years,8,2,0,2,6,0,6
S01006613,Born outside the UK: Resident 5 years or more and less than 10 years,3,3,1,2,0,0,0
S01006613,Born outside the UK: Resident 10 years or more,12,9,2,7,3,0,3
S01006614,All people in households,678,628,83,545,50,9,41
S01006614,Born in the UK,624,594,80,514,30,9,21
S01006614,Born outside the UK: Total,54,34,3,31,20,0,20
S01006614,Born outside the UK: Resident less than 2 years,8,1,0,1,7,0,7
S01006614,Born outside the UK: Resident 2 years or more and less than 5 years,21,13,0,13,8,0,8
S01006614,Born outside the UK: Resident 5 years or more and less than 10 years,12,7,0,7,5,0,5
S01006614,Born outside the UK: Resident 10 years or more,13,13,3,10,0,0,0
S01006615,All people in households,796,729,110,619,67,17,50
S01006615,Born in the UK,712,668,102,566,44,10,34
S01006615,Born outside the UK: Total,84,61,8,53,23,7,16
S01006615,Born outside the UK: Resident less than 2 years,19,15,1,14,4,2,2
S01006615,Born outside the UK: Resident 2 years or more and less than 5 years,14,6,2,4,8,3,5
S01006615,Born outside the UK: Resident 5 years or more and less than 10 years,28,25,5,20,3,2,1
S01006615,Born outside the UK: Resident 10 years or more,23,15,0,15,8,0,8
S01006616,All people in households,788,709,147,562,79,18,61
S01006616,Born in the UK,740,687,146,541,53,10,43
S01006616,Born outside the UK: Total,48,22,1,21,26,8,18
S01006616,Born outside the UK: Resident less than 2 years,10,1,0,1,9,0,9
S01006616,Born outside the UK: Resident 2 years or more and less than 5 years,13,2,0,2,11,5,6
S01006616,Born outside the UK: Resident 5 years or more and less than 10 years,13,9,0,9,4,2,2
S01006616,Born outside the UK: Resident 10 years or more,12,10,1,9,2,1,1
S01006617,All people in households,681,609,224,385,72,54,18
S01006617,Born in the UK,656,586,222,364,70,53,17
S01006617,Born outside the UK: Total,25,23,2,21,2,1,1
S01006617,Born outside the UK: Resident less than 2 years,2,2,0,2,0,0,0
S01006617,Born outside the UK: Resident 2 years or more and less than 5 years,2,1,1,0,1,1,0
S01006617,Born outside the UK: Resident 5 years or more and less than 10 years,10,10,0,10,0,0,0
S01006617,Born outside the UK: Resident 10 years or more,11,10,1,9,1,0,1
S01006618,All people in households,514,485,195,290,29,3,26
S01006618,Born in the UK,487,460,191,269,27,3,24
S01006618,Born outside the UK: Total,27,25,4,21,2,0,2
S01006618,Born outside the UK: Resident less than 2 years,5,4,0,4,1,0,1
S01006618,Born outside the UK: Resident 2 years or more and less than 5 years,0,0,0,0,0,0,0
S01006618,Born outside the UK: Resident 5 years or more and less than 10 years,8,7,0,7,1,0,1
S01006618,Born outside the UK: Resident 10 years or more,14,14,4,10,0,0,0
S01006619,All people in households,881,779,283,496,102,64,38
S01006619,Born in the UK,834,743,271,472,91,64,27
S01006619,Born outside the UK: Total,47,36,12,24,11,0,11
S01006619,Born outside the UK: Resident less than 2 years,2,2,0,2,0,0,0
S01006619,Born outside the UK: Resident 2 years or more and less than 5 years,11,6,0,6,5,0,5
S01006619,Born outside the UK: Resident 5 years or more and less than 10 years,8,4,2,2,4,0,4
S01006619,Born outside the UK: Resident 10 years or more,26,24,10,14,2,0,2
S01006620,All people in households,848,693,221,472,155,94,61
S01006620,Born in the UK,806,669,219,450,137,93,44
S01006620,Born outside the UK: Total,42,24,2,22,18,1,17
S01006620,Born outside the UK: Resident less than 2 years,7,1,0,1,6,0,6
S01006620,Born outside the UK: Resident 2 years or more and less than 5 years,12,6,0,6,6,0,6
S01006620,Born outside the UK: Resident 5 years or more and less than 10 years,9,6,0,6,3,0,3
S01006620,Born outside the UK: Resident 10 years or more,14,11,2,9,3,1,2
S01006621,All people in households,520,460,133,327,60,44,16
S01006621,Born in the UK,493,444,131,313,49,41,8
S01006621,Born outside the UK: Total,27,16,2,14,11,3,8
S01006621,Born outside the UK: Resident less than 2 years,6,1,0,1,5,0,5
S01006621,Born outside the UK: Resident 2 years or more and less than 5 years,8,3,1,2,5,2,3
S01006621,Born outside the UK: Resident 5 years or more and less than 10 years,7,6,0,6,1,1,0
S01006621,Born outside the UK: Resident 10 years or more,6,6,1,5,0,0,0
S01006622,All people in households,669,607,82,525,62,8,54
S01006622,Born in the UK,624,575,81,494,49,7,42
S01006622,Born outside the UK: Total,45,32,1,31,13,1,12
S01006622,Born outside the UK: Resident less than 2 years,3,2,0,2,1,0,1
S01006622,Born outside the UK: Resident 2 years or more and less than 5 years,11,6,0,6,5,0,5
S01006622,Born outside the UK: Resident 5 years or more and less than 10 years,19,16,0,16,3,1,2
S01006622,Born outside the UK: Resident 10 years or more,12,8,1,7,4,0,4
S01006623,All people in households,705,437,155,282,268,185,83
S01006623,Born in the UK,618,400,145,255,218,166,52
S01006623,Born outside the UK: Total,87,37,10,27,50,19,31
S01006623,Born outside the UK: Resident less than 2 years,19,5,3,2,14,0,14
S01006623,Born outside the UK: Resident 2 years or more and less than 5 years,31,5,2,3,26,13,13
S01006623,Born outside the UK: Resident 5 years or more and less than 10 years,19,11,1,10,8,5,3
S01006623,Born outside the UK: Resident 10 years or more,18,16,4,12,2,1,1
S01006624,All people in households,806,355,140,215,451,174,277
S01006624,Born in the UK,600,338,136,202,262,156,106
S01006624,Born outside the UK: Total,206,17,4,13,189,18,171
S01006624,Born outside the UK: Resident less than 2 years,62,0,0,0,62,5,57
S01006624,Born outside the UK: Resident 2 years or more and less than 5 years,86,6,0,6,80,5,75
S01006624,Born outside the UK: Resident 5 years or more and less than 10 years,36,4,0,4,32,2,30
S01006624,Born outside the UK: Resident 10 years or more,22,7,4,3,15,6,9
S01006625,All people in households,623,354,125,229,269,156,113
S01006625,Born in the UK,523,336,124,212,187,139,48
S01006625,Born outside the UK: Total,100,18,1,17,82,17,65
S01006625,Born outside the UK: Resident less than 2 years,30,0,0,0,30,1,29
S01006625,Born outside the UK: Resident 2 years or more and less than 5 years,40,4,0,4,36,8,28
S01006625,Born outside the UK: Resident 5 years or more and less than 10 years,17,4,0,4,13,8,5
S01006625,Born outside the UK: Resident 10 years or more,13,10,1,9,3,0,3
S01006626,All people in households,718,260,100,160,458,370,88
S01006626,Born in the UK,616,247,98,149,369,340,29
S01006626,Born outside the UK: Total,102,13,2,11,89,30,59
S01006626,Born outside the UK: Resident less than 2 years,29,0,0,0,29,1,28
S01006626,Born outside the UK: Resident 2 years or more and less than 5 years,47,5,0,5,42,15,27
S01006626,Born outside the UK: Resident 5 years or more and less than 10 years,16,3,0,3,13,10,3
S01006626,Born outside the UK: Resident 10 years or more,10,5,2,3,5,4,1
S01006627,All people in households,843,304,100,204,539,261,278
S01006627,Born in the UK,569,268,93,175,301,212,89
S01006627,Born outside the UK: Total,274,36,7,29,238,49,189
S01006627,Born outside the UK: Resident less than 2 years,128,6,0,6,122,9,113
S01006627,Born outside the UK: Resident 2 years or more and less than 5 years,85,9,3,6,76,23,53
S01006627,Born outside the UK: Resident 5 years or more and less than 10 years,39,13,2,11,26,9,17
S01006627,Born outside the UK: Resident 10 years or more,22,8,2,6,14,8,6
S01006628,All people in households,1097,332,79,253,765,225,540
S01006628,Born in the UK,654,288,69,219,366,178,188
S01006628,Born outside the UK: Total,443,44,10,34,399,47,352
S01006628,Born outside the UK: Resident less than 2 years,181,8,2,6,173,15,158
S01006628,Born outside the UK: Resident 2 years or more and less than 5 years,167,6,2,4,161,13,148
S01006628,Born outside the UK: Resident 5 years or more and less than 10 years,61,13,1,12,48,8,40
S01006628,Born outside the UK: Resident 10 years or more,34,17,5,12,17,11,6
S01006629,All people in households,724,222,84,138,502,465,37
S01006629,Born in the UK,573,213,84,129,360,349,11
S01006629,Born outside the UK: Total,151,9,0,9,142,116,26
S01006629,Born outside the UK: Resident less than 2 years,22,0,0,0,22,9,13
S01006629,Born outside the UK: Resident 2 years or more and less than 5 years,50,0,0,0,50,39,11
S01006629,Born outside the UK: Resident 5 years or more and less than 10 years,63,6,0,6,57,55,2
S01006629,Born outside the UK: Resident 10 years or more,16,3,0,3,13,13,0
S01006630,All people in households,627,279,90,189,348,325,23
S01006630,Born in the UK,589,262,88,174,327,306,21
S01006630,Born outside the UK: Total,38,17,2,15,21,19,2
S01006630,Born outside the UK: Resident less than 2 years,11,3,0,3,8,7,1
S01006630,Born outside the UK: Resident 2 years or more and less than 5 years,18,9,0,9,9,8,1
S01006630,Born outside the UK: Resident 5 years or more and less than 10 years,5,3,0,3,2,2,0
S01006630,Born outside the UK: Resident 10 years or more,4,2,2,0,2,2,0
S01006631,All people in households,904,360,132,228,544,436,108
S01006631,Born in the UK,794,326,129,197,468,401,67
S01006631,Born outside the UK: Total,110,34,3,31,76,35,41
S01006631,Born outside the UK: Resident less than 2 years,18,0,0,0,18,6,12
S01006631,Born outside the UK: Resident 2 years or more and less than 5 years,41,7,1,6,34,13,21
S01006631,Born outside the UK: Resident 5 years or more and less than 10 years,30,14,0,14,16,11,5
S01006631,Born outside the UK: Resident 10 years or more,21,13,2,11,8,5,3
S01006632,All people in households,812,190,77,113,622,532,90
S01006632,Born in the UK,638,176,73,103,462,414,48
S01006632,Born outside the UK: Total,174,14,4,10,160,118,42
S01006632,Born outside the UK: Resident less than 2 years,30,3,1,2,27,12,15
S01006632,Born outside the UK: Resident 2 years or more and less than 5 years,76,2,0,2,74,54,20
S01006632,Born outside the UK: Resident 5 years or more and less than 10 years,55,6,1,5,49,43,6
S01006632,Born outside the UK: Resident 10 years or more,13,3,2,1,10,9,1
S01006633,All people in households,699,212,68,144,487,435,52
S01006633,Born in the UK,601,188,65,123,413,384,29
S01006633,Born outside the UK: Total,98,24,3,21,74,51,23
S01006633,Born outside the UK: Resident less than 2 years,11,3,1,2,8,2,6
S01006633,Born outside the UK: Resident 2 years or more and less than 5 years,52,11,0,11,41,33,8
S01006633,Born outside the UK: Resident 5 years or more and less than 10 years,22,5,0,5,17,9,8
S01006633,Born outside the UK: Resident 10 years or more,13,5,2,3,8,7,1
S01006634,All people in households,634,92,22,70,542,512,30
S01006634,Born in the UK,512,79,22,57,433,420,13
S01006634,Born outside the UK: Total,122,13,0,13,109,92,17
S01006634,Born outside the UK: Resident less than 2 years,12,0,0,0,12,10,2
S01006634,Born outside the UK: Resident 2 years or more and less than 5 years,63,6,0,6,57,44,13
S01006634,Born outside the UK: Resident 5 years or more and less than 10 years,35,3,0,3,32,31,1
S01006634,Born outside the UK: Resident 10 years or more,12,4,0,4,8,7,1
S01006635,All people in households,658,293,117,176,365,315,50
S01006635,Born in the UK,550,276,112,164,274,255,19
S01006635,Born outside the UK: Total,108,17,5,12,91,60,31
S01006635,Born outside the UK: Resident less than 2 years,22,2,1,1,20,7,13
S01006635,Born outside the UK: Resident 2 years or more and less than 5 years,53,4,0,4,49,35,14
S01006635,Born outside the UK: Resident 5 years or more and less than 10 years,19,5,1,4,14,13,1
S01006635,Born outside the UK: Resident 10 years or more,14,6,3,3,8,5,3
S01006636,All people in households,870,106,39,67,764,735,29
S01006636,Born in the UK,721,87,37,50,634,615,19
S01006636,Born outside the UK: Total,149,19,2,17,130,120,10
S01006636,Born outside the UK: Resident less than 2 years,15,6,0,6,9,7,2
S01006636,Born outside the UK: Resident 2 years or more and less than 5 years,62,4,0,4,58,54,4
S01006636,Born outside the UK: Resident 5 years or more and less than 10 years,58,6,0,6,52,49,3
S01006636,Born outside the UK: Resident 10 years or more,14,3,2,1,11,10,1
S01006637,All people in households,706,264,111,153,442,193,249
S01006637,Born in the UK,535,242,103,139,293,175,118
S01006637,Born outside the UK: Total,171,22,8,14,149,18,131
S01006637,Born outside the UK: Resident less than 2 years,58,1,0,1,57,3,54
S01006637,Born outside the UK: Resident 2 years or more and less than 5 years,59,1,0,1,58,6,52
S01006637,Born outside the UK: Resident 5 years or more and less than 10 years,25,5,0,5,20,2,18
S01006637,Born outside the UK: Resident 10 years or more,29,15,8,7,14,7,7
S01006638,All people in households,834,299,92,207,535,176,359
S01006638,Born in the UK,642,268,84,184,374,158,216
S01006638,Born outside the UK: Total,192,31,8,23,161,18,143
S01006638,Born outside the UK: Resident less than 2 years,73,9,5,4,64,2,62
S01006638,Born outside the UK: Resident 2 years or more and less than 5 years,63,7,0,7,56,3,53
S01006638,Born outside the UK: Resident 5 years or more and less than 10 years,32,8,1,7,24,7,17
S01006638,Born outside the UK: Resident 10 years or more,24,7,2,5,17,6,11
S01006639,All people in households,945,247,77,170,698,317,381
S01006639,Born in the UK,733,211,66,145,522,302,220
S01006639,Born outside the UK: Total,212,36,11,25,176,15,161
S01006639,Born outside the UK: Resident less than 2 years,62,9,2,7,53,0,53
S01006639,Born outside the UK: Resident 2 years or more and less than 5 years,80,2,0,2,78,6,72
S01006639,Born outside the UK: Resident 5 years or more and less than 10 years,32,6,0,6,26,2,24
S01006639,Born outside the UK: Resident 10 years or more,38,19,9,10,19,7,12
S01006640,All people in households,723,239,35,204,484,53,431
S01006640,Born in the UK,517,198,34,164,319,39,280
S01006640,Born outside the UK: Total,206,41,1,40,165,14,151
S01006640,Born outside the UK: Resident less than 2 years,77,5,0,5,72,2,70
S01006640,Born outside the UK: Resident 2 years or more and less than 5 years,64,15,0,15,49,3,46
S01006640,Born outside the UK: Resident 5 years or more and less than 10 years,42,10,0,10,32,6,26
S01006640,Born outside the UK: Resident 10 years or more,23,11,1,10,12,3,9
S01006641,All people in households,1000,354,77,277,646,176,470
S01006641,Born in the UK,741,319,75,244,422,163,259
S01006641,Born outside the UK: Total,259,35,2,33,224,13,211
S01006641,Born outside the UK: Resident less than 2 years,92,5,1,4,87,4,83
S01006641,Born outside the UK: Resident 2 years or more and less than 5 years,92,5,1,4,87,1,86
S01006641,Born outside the UK: Resident 5 years or more and less than 10 years,55,17,0,17,38,6,32
S01006641,Born outside the UK: Resident 10 years or more,20,8,0,8,12,2,10
S01006642,All people in households,830,294,80,214,536,125,411
S01006642,Born in the UK,614,261,77,184,353,110,243
S01006642,Born outside the UK: Total,216,33,3,30,183,15,168
S01006642,Born outside the UK: Resident less than 2 years,90,4,0,4,86,5,81
S01006642,Born outside the UK: Resident 2 years or more and less than 5 years,74,11,0,11,63,4,59
S01006642,Born outside the UK: Resident 5 years or more and less than 10 years,32,10,0,10,22,2,20
S01006642,Born outside the UK: Resident 10 years or more,20,8,3,5,12,4,8
S01006643,All people in households,730,256,74,182,474,35,439
S01006643,Born in the UK,560,218,63,155,342,32,310
S01006643,Born outside the UK: Total,170,38,11,27,132,3,129
S01006643,Born outside the UK: Resident less than 2 years,67,8,6,2,59,1,58
S01006643,Born outside the UK: Resident 2 years or more and less than 5 years,53,9,2,7,44,0,44
S01006643,Born outside the UK: Resident 5 years or more and less than 10 years,24,8,0,8,16,0,16
S01006643,Born outside the UK: Resident 10 years or more,26,13,3,10,13,2,11
S01006644,All people in households,963,286,50,236,677,217,460
S01006644,Born in the UK,747,255,47,208,492,206,286
S01006644,Born outside the UK: Total,216,31,3,28,185,11,174
S01006644,Born outside the UK: Resident less than 2 years,82,6,0,6,76,1,75
S01006644,Born outside the UK: Resident 2 years or more and less than 5 years,70,15,1,14,55,4,51
S01006644,Born outside the UK: Resident 5 years or more and less than 10 years,40,7,0,7,33,1,32
S01006644,Born outside the UK: Resident 10 years or more,24,3,2,1,21,5,16
S01006645,All people in households,687,124,63,61,563,464,99
S01006645,Born in the UK,542,112,61,51,430,380,50
S01006645,Born outside the UK: Total,145,12,2,10,133,84,49
S01006645,Born outside the UK: Resident less than 2 years,31,1,0,1,30,8,22
S01006645,Born outside the UK: Resident 2 years or more and less than 5 years,55,2,0,2,53,35,18
S01006645,Born outside the UK: Resident 5 years or more and less than 10 years,32,3,1,2,29,20,9
S01006645,Born outside the UK: Resident 10 years or more,27,6,1,5,21,21,0
S01006646,All people in households,550,118,33,85,432,118,314
S01006646,Born in the UK,392,109,29,80,283,101,182
S01006646,Born outside the UK: Total,158,9,4,5,149,17,132
S01006646,Born outside the UK: Resident less than 2 years,54,0,0,0,54,3,51
S01006646,Born outside the UK: Resident 2 years or more and less than 5 years,61,1,1,0,60,3,57
S01006646,Born outside the UK: Resident 5 years or more and less than 10 years,27,3,0,3,24,7,17
S01006646,Born outside the UK: Resident 10 years or more,16,5,3,2,11,4,7
S01006647,All people in households,648,156,91,65,492,303,189
S01006647,Born in the UK,531,140,85,55,391,271,120
S01006647,Born outside the UK: Total,117,16,6,10,101,32,69
S01006647,Born outside the UK: Resident less than 2 years,33,1,1,0,32,3,29
S01006647,Born outside the UK: Resident 2 years or more and less than 5 years,40,3,0,3,37,8,29
S01006647,Born outside the UK: Resident 5 years or more and less than 10 years,29,9,3,6,20,13,7
S01006647,Born outside the UK: Resident 10 years or more,15,3,2,1,12,8,4
S01006648,All people in households,1078,272,73,199,806,256,550
S01006648,Born in the UK,718,241,69,172,477,219,258
S01006648,Born outside the UK: Total,360,31,4,27,329,37,292
S01006648,Born outside the UK: Resident less than 2 years,131,4,1,3,127,5,122
S01006648,Born outside the UK: Resident 2 years or more and less than 5 years,118,4,0,4,114,3,111
S01006648,Born outside the UK: Resident 5 years or more and less than 10 years,74,12,0,12,62,21,41
S01006648,Born outside the UK: Resident 10 years or more,37,11,3,8,26,8,18
S01006649,All people in households,961,252,54,198,709,287,422
S01006649,Born in the UK,725,200,45,155,525,267,258
S01006649,Born outside the UK: Total,236,52,9,43,184,20,164
S01006649,Born outside the UK: Resident less than 2 years,74,12,2,10,62,1,61
S01006649,Born outside the UK: Resident 2 years or more and less than 5 years,79,14,1,13,65,3,62
S01006649,Born outside the UK: Resident 5 years or more and less than 10 years,38,12,4,8,26,3,23
S01006649,Born outside the UK: Resident 10 years or more,45,14,2,12,31,13,18
S01006650,All people in households,859,327,100,227,532,105,427
S01006650,Born in the UK,585,284,94,190,301,93,208
S01006650,Born outside the UK: Total,274,43,6,37,231,12,219
S01006650,Born outside the UK: Resident less than 2 years,102,8,2,6,94,4,90
S01006650,Born outside the UK: Resident 2 years or more and less than 5 years,98,9,2,7,89,1,88
S01006650,Born outside the UK: Resident 5 years or more and less than 10 years,31,9,0,9,22,3,19
S01006650,Born outside the UK: Resident 10 years or more,43,17,2,15,26,4,22
S01006651,All people in households,635,162,54,108,473,171,302
S01006651,Born in the UK,446,142,49,93,304,154,150
S01006651,Born outside the UK: Total,189,20,5,15,169,17,152
S01006651,Born outside the UK: Resident less than 2 years,91,8,3,5,83,4,79
S01006651,Born outside the UK: Resident 2 years or more and less than 5 years,48,3,1,2,45,2,43
S01006651,Born outside the UK: Resident 5 years or more and less than 10 years,25,5,0,5,20,1,19
S01006651,Born outside the UK: Resident 10 years or more,25,4,1,3,21,10,11
S01006652,All people in households,545,181,32,149,364,78,286
S01006652,Born in the UK,397,156,31,125,241,63,178
S01006652,Born outside the UK: Total,148,25,1,24,123,15,108
S01006652,Born outside the UK: Resident less than 2 years,34,1,0,1,33,0,33
S01006652,Born outside the UK: Resident 2 years or more and less than 5 years,69,4,0,4,65,10,55
S01006652,Born outside the UK: Resident 5 years or more and less than 10 years,17,3,0,3,14,2,12
S01006652,Born outside the UK: Resident 10 years or more,28,17,1,16,11,3,8
S01006653,All people in households,564,308,112,196,256,31,225
S01006653,Born in the UK,413,256,100,156,157,28,129
S01006653,Born outside the UK: Total,151,52,12,40,99,3,96
S01006653,Born outside the UK: Resident less than 2 years,38,5,0,5,33,0,33
S01006653,Born outside the UK: Resident 2 years or more and less than 5 years,45,12,1,11,33,0,33
S01006653,Born outside the UK: Resident 5 years or more and less than 10 years,40,15,1,14,25,3,22
S01006653,Born outside the UK: Resident 10 years or more,28,20,10,10,8,0,8
S01006654,All people in households,904,333,134,199,571,398,173
S01006654,Born in the UK,751,284,128,156,467,369,98
S01006654,Born outside the UK: Total,153,49,6,43,104,29,75
S01006654,Born outside the UK: Resident less than 2 years,40,4,0,4,36,2,34
S01006654,Born outside the UK: Resident 2 years or more and less than 5 years,49,8,1,7,41,11,30
S01006654,Born outside the UK: Resident 5 years or more and less than 10 years,30,19,1,18,11,4,7
S01006654,Born outside the UK: Resident 10 years or more,34,18,4,14,16,12,4
S01006655,All people in households,624,357,122,235,267,72,195
S01006655,Born in the UK,492,310,113,197,182,63,119
S01006655,Born outside the UK: Total,132,47,9,38,85,9,76
S01006655,Born outside the UK: Resident less than 2 years,33,4,1,3,29,1,28
S01006655,Born outside the UK: Resident 2 years or more and less than 5 years,39,12,1,11,27,2,25
S01006655,Born outside the UK: Resident 5 years or more and less than 10 years,26,11,2,9,15,0,15
S01006655,Born outside the UK: Resident 10 years or more,34,20,5,15,14,6,8
S01006656,All people in households,954,333,80,253,621,197,424
S01006656,Born in the UK,702,288,71,217,414,183,231
S01006656,Born outside the UK: Total,252,45,9,36,207,14,193
S01006656,Born outside the UK: Resident less than 2 years,77,10,2,8,67,0,67
S01006656,Born outside the UK: Resident 2 years or more and less than 5 years,88,9,0,9,79,2,77
S01006656,Born outside the UK: Resident 5 years or more and less than 10 years,45,8,1,7,37,4,33
S01006656,Born outside the UK: Resident 10 years or more,42,18,6,12,24,8,16
S01006657,All people in households,536,203,50,153,333,145,188
S01006657,Born in the UK,397,176,48,128,221,118,103
S01006657,Born outside the UK: Total,139,27,2,25,112,27,85
S01006657,Born outside the UK: Resident less than 2 years,54,4,0,4,50,5,45
S01006657,Born outside the UK: Resident 2 years or more and less than 5 years,47,8,0,8,39,11,28
S01006657,Born outside the UK: Resident 5 years or more and less than 10 years,11,4,0,4,7,2,5
S01006657,Born outside the UK: Resident 10 years or more,27,11,2,9,16,9,7
S01006658,All people in households,1019,192,50,142,827,414,413
S01006658,Born in the UK,670,151,45,106,519,299,220
S01006658,Born outside the UK: Total,349,41,5,36,308,115,193
S01006658,Born outside the UK: Resident less than 2 years,105,2,0,2,103,15,88
S01006658,Born outside the UK: Resident 2 years or more and less than 5 years,127,13,1,12,114,48,66
S01006658,Born outside the UK: Resident 5 years or more and less than 10 years,72,14,1,13,58,27,31
S01006658,Born outside the UK: Resident 10 years or more,45,12,3,9,33,25,8
S01006659,All people in households,632,303,127,176,329,34,295
S01006659,Born in the UK,503,274,117,157,229,20,209
S01006659,Born outside the UK: Total,129,29,10,19,100,14,86
S01006659,Born outside the UK: Resident less than 2 years,30,6,2,4,24,1,23
S01006659,Born outside the UK: Resident 2 years or more and less than 5 years,61,5,1,4,56,5,51
S01006659,Born outside the UK: Resident 5 years or more and less than 10 years,13,3,1,2,10,3,7
S01006659,Born outside the UK: Resident 10 years or more,25,15,6,9,10,5,5
S01006660,All people in households,527,103,26,77,424,205,219
S01006660,Born in the UK,320,77,18,59,243,135,108
S01006660,Born outside the UK: Total,207,26,8,18,181,70,111
S01006660,Born outside the UK: Resident less than 2 years,74,2,2,0,72,11,61
S01006660,Born outside the UK: Resident 2 years or more and less than 5 years,64,7,2,5,57,28,29
S01006660,Born outside the UK: Resident 5 years or more and less than 10 years,45,5,1,4,40,23,17
S01006660,Born outside the UK: Resident 10 years or more,24,12,3,9,12,8,4
S01006661,All people in households,622,288,150,138,334,39,295
S01006661,Born in the UK,457,259,140,119,198,25,173
S01006661,Born outside the UK: Total,165,29,10,19,136,14,122
S01006661,Born outside the UK: Resident less than 2 years,40,3,1,2,37,2,35
S01006661,Born outside the UK: Resident 2 years or more and less than 5 years,68,6,0,6,62,6,56
S01006661,Born outside the UK: Resident 5 years or more and less than 10 years,25,4,2,2,21,0,21
S01006661,Born outside the UK: Resident 10 years or more,32,16,7,9,16,6,10
S01006662,All people in households,600,126,36,90,474,320,154
S01006662,Born in the UK,408,89,35,54,319,245,74
S01006662,Born outside the UK: Total,192,37,1,36,155,75,80
S01006662,Born outside the UK: Resident less than 2 years,52,13,1,12,39,9,30
S01006662,Born outside the UK: Resident 2 years or more and less than 5 years,77,10,0,10,67,35,32
S01006662,Born outside the UK: Resident 5 years or more and less than 10 years,33,6,0,6,27,19,8
S01006662,Born outside the UK: Resident 10 years or more,30,8,0,8,22,12,10
S01006663,All people in households,562,164,71,93,398,24,374
S01006663,Born in the UK,398,143,62,81,255,20,235
S01006663,Born outside the UK: Total,164,21,9,12,143,4,139
S01006663,Born outside the UK: Resident less than 2 years,58,2,0,2,56,2,54
S01006663,Born outside the UK: Resident 2 years or more and less than 5 years,52,3,2,1,49,1,48
S01006663,Born outside the UK: Resident 5 years or more and less than 10 years,19,2,0,2,17,0,17
S01006663,Born outside the UK: Resident 10 years or more,35,14,7,7,21,1,20
S01006664,All people in households,503,178,76,102,325,42,283
S01006664,Born in the UK,344,136,66,70,208,40,168
S01006664,Born outside the UK: Total,159,42,10,32,117,2,115
S01006664,Born outside the UK: Resident less than 2 years,56,3,1,2,53,0,53
S01006664,Born outside the UK: Resident 2 years or more and less than 5 years,47,10,1,9,37,1,36
S01006664,Born outside the UK: Resident 5 years or more and less than 10 years,28,16,3,13,12,1,11
S01006664,Born outside the UK: Resident 10 years or more,28,13,5,8,15,0,15
S01006665,All people in households,584,208,77,131,376,47,329
S01006665,Born in the UK,409,184,70,114,225,40,185
S01006665,Born outside the UK: Total,175,24,7,17,151,7,144
S01006665,Born outside the UK: Resident less than 2 years,73,8,3,5,65,2,63
S01006665,Born outside the UK: Resident 2 years or more and less than 5 years,51,1,0,1,50,0,50
S01006665,Born outside the UK: Resident 5 years or more and less than 10 years,24,6,0,6,18,0,18
S01006665,Born outside the UK: Resident 10 years or more,27,9,4,5,18,5,13
S01006666,All people in households,877,94,38,56,783,727,56
S01006666,Born in the UK,644,86,34,52,558,537,21
S01006666,Born outside the UK: Total,233,8,4,4,225,190,35
S01006666,Born outside the UK: Resident less than 2 years,35,0,0,0,35,18,17
S01006666,Born outside the UK: Resident 2 years or more and less than 5 years,107,0,0,0,107,97,10
S01006666,Born outside the UK: Resident 5 years or more and less than 10 years,60,2,1,1,58,51,7
S01006666,Born outside the UK: Resident 10 years or more,31,6,3,3,25,24,1
S01006667,All people in households,737,89,34,55,648,547,101
S01006667,Born in the UK,535,72,31,41,463,424,39
S01006667,Born outside the UK: Total,202,17,3,14,185,123,62
S01006667,Born outside the UK: Resident less than 2 years,31,1,0,1,30,3,27
S01006667,Born outside the UK: Resident 2 years or more and less than 5 years,91,10,0,10,81,56,25
S01006667,Born outside the UK: Resident 5 years or more and less than 10 years,44,2,1,1,42,38,4
S01006667,Born outside the UK: Resident 10 years or more,36,4,2,2,32,26,6
S01006668,All people in households,723,284,87,197,439,124,315
S01006668,Born in the UK,534,234,70,164,300,106,194
S01006668,Born outside the UK: Total,189,50,17,33,139,18,121
S01006668,Born outside the UK: Resident less than 2 years,61,2,1,1,59,1,58
S01006668,Born outside the UK: Resident 2 years or more and less than 5 years,59,16,5,11,43,1,42
S01006668,Born outside the UK: Resident 5 years or more and less than 10 years,26,10,2,8,16,1,15
S01006668,Born outside the UK: Resident 10 years or more,43,22,9,13,21,15,6
S01006669,All people in households,730,175,84,91,555,296,259
S01006669,Born in the UK,527,154,75,79,373,251,122
S01006669,Born outside the UK: Total,203,21,9,12,182,45,137
S01006669,Born outside the UK: Resident less than 2 years,83,6,4,2,77,7,70
S01006669,Born outside the UK: Resident 2 years or more and less than 5 years,56,6,2,4,50,21,29
S01006669,Born outside the UK: Resident 5 years or more and less than 10 years,22,2,1,1,20,11,9
S01006669,Born outside the UK: Resident 10 years or more,42,7,2,5,35,6,29
S01006670,All people in households,530,223,66,157,307,129,178
S01006670,Born in the UK,429,209,65,144,220,122,98
S01006670,Born outside the UK: Total,101,14,1,13,87,7,80
S01006670,Born outside the UK: Resident less than 2 years,23,1,0,1,22,0,22
S01006670,Born outside the UK: Resident 2 years or more and less than 5 years,44,4,0,4,40,0,40
S01006670,Born outside the UK: Resident 5 years or more and less than 10 years,14,2,0,2,12,0,12
S01006670,Born outside the UK: Resident 10 years or more,20,7,1,6,13,7,6
S01006671,All people in households,465,184,77,107,281,127,154
S01006671,Born in the UK,345,166,66,100,179,96,83
S01006671,Born outside the UK: Total,120,18,11,7,102,31,71
S01006671,Born outside the UK: Resident less than 2 years,53,1,0,1,52,10,42
S01006671,Born outside the UK: Resident 2 years or more and less than 5 years,30,3,3,0,27,8,19
S01006671,Born outside the UK: Resident 5 years or more and less than 10 years,18,3,0,3,15,11,4
S01006671,Born outside the UK: Resident 10 years or more,19,11,8,3,8,2,6
S01006672,All people in households,752,172,58,114,580,414,166
S01006672,Born in the UK,601,156,54,102,445,354,91
S01006672,Born outside the UK: Total,151,16,4,12,135,60,75
S01006672,Born outside the UK: Resident less than 2 years,35,0,0,0,35,5,30
S01006672,Born outside the UK: Resident 2 years or more and less than 5 years,67,6,2,4,61,29,32
S01006672,Born outside the UK: Resident 5 years or more and less than 10 years,28,3,1,2,25,17,8
S01006672,Born outside the UK: Resident 10 years or more,21,7,1,6,14,9,5
S01006673,All people in households,719,181,66,115,538,384,154
S01006673,Born in the UK,520,148,59,89,372,285,87
S01006673,Born outside the UK: Total,199,33,7,26,166,99,67
S01006673,Born outside the UK: Resident less than 2 years,57,3,0,3,54,16,38
S01006673,Born outside the UK: Resident 2 years or more and less than 5 years,57,6,1,5,51,36,15
S01006673,Born outside the UK: Resident 5 years or more and less than 10 years,47,5,0,5,42,33,9
S01006673,Born outside the UK: Resident 10 years or more,38,19,6,13,19,14,5
S01006674,All people in households,928,106,75,31,822,766,56
S01006674,Born in the UK,704,92,68,24,612,582,30
S01006674,Born outside the UK: Total,224,14,7,7,210,184,26
S01006674,Born outside the UK: Resident less than 2 years,31,0,0,0,31,24,7
S01006674,Born outside the UK: Resident 2 years or more and less than 5 years,111,3,2,1,108,97,11
S01006674,Born outside the UK: Resident 5 years or more and less than 10 years,49,3,1,2,46,41,5
S01006674,Born outside the UK: Resident 10 years or more,33,8,4,4,25,22,3
S01006675,All people in households,712,51,7,44,661,630,31
S01006675,Born in the UK,414,43,4,39,371,365,6
S01006675,Born outside the UK: Total,298,8,3,5,290,265,25
S01006675,Born outside the UK: Resident less than 2 years,31,1,0,1,30,22,8
S01006675,Born outside the UK: Resident 2 years or more and less than 5 years,139,0,0,0,139,130,9
S01006675,Born outside the UK: Resident 5 years or more and less than 10 years,104,5,3,2,99,91,8
S01006675,Born outside the UK: Resident 10 years or more,24,2,0,2,22,22,0
S01006676,All people in households,747,149,64,85,598,468,130
S01006676,Born in the UK,539,124,59,65,415,358,57
S01006676,Born outside the UK: Total,208,25,5,20,183,110,73
S01006676,Born outside the UK: Resident less than 2 years,50,3,1,2,47,19,28
S01006676,Born outside the UK: Resident 2 years or more and less than 5 years,90,5,0,5,85,60,25
S01006676,Born outside the UK: Resident 5 years or more and less than 10 years,52,8,0,8,44,27,17
S01006676,Born outside the UK: Resident 10 years or more,16,9,4,5,7,4,3
S01006677,All people in households,723,218,91,127,505,397,108
S01006677,Born in the UK,540,191,85,106,349,297,52
S01006677,Born outside the UK: Total,183,27,6,21,156,100,56
S01006677,Born outside the UK: Resident less than 2 years,48,2,0,2,46,22,24
S01006677,Born outside the UK: Resident 2 years or more and less than 5 years,74,7,1,6,67,47,20
S01006677,Born outside the UK: Resident 5 years or more and less than 10 years,42,13,0,13,29,21,8
S01006677,Born outside the UK: Resident 10 years or more,19,5,5,0,14,10,4
S01006678,All people in households,1148,294,109,185,854,776,78
S01006678,Born in the UK,818,268,103,165,550,529,21
S01006678,Born outside the UK: Total,330,26,6,20,304,247,57
S01006678,Born outside the UK: Resident less than 2 years,64,8,5,3,56,23,33
S01006678,Born outside the UK: Resident 2 years or more and less than 5 years,161,9,1,8,152,141,11
S01006678,Born outside the UK: Resident 5 years or more and less than 10 years,75,5,0,5,70,62,8
S01006678,Born outside the UK: Resident 10 years or more,30,4,0,4,26,21,5
S01006679,All people in households,654,487,248,239,167,79,88
S01006679,Born in the UK,583,468,245,223,115,51,64
S01006679,Born outside the UK: Total,71,19,3,16,52,28,24
S01006679,Born outside the UK: Resident less than 2 years,11,1,0,1,10,1,9
S01006679,Born outside the UK: Resident 2 years or more and less than 5 years,25,5,0,5,20,11,9
S01006679,Born outside the UK: Resident 5 years or more and less than 10 years,25,4,1,3,21,15,6
S01006679,Born outside the UK: Resident 10 years or more,10,9,2,7,1,1,0
S01006680,All people in households,851,137,53,84,714,686,28
S01006680,Born in the UK,536,97,42,55,439,428,11
S01006680,Born outside the UK: Total,315,40,11,29,275,258,17
S01006680,Born outside the UK: Resident less than 2 years,37,4,1,3,33,30,3
S01006680,Born outside the UK: Resident 2 years or more and less than 5 years,186,20,5,15,166,157,9
S01006680,Born outside the UK: Resident 5 years or more and less than 10 years,58,7,2,5,51,47,4
S01006680,Born outside the UK: Resident 10 years or more,34,9,3,6,25,24,1
S01006681,All people in households,734,328,89,239,406,312,94
S01006681,Born in the UK,664,312,87,225,352,286,66
S01006681,Born outside the UK: Total,70,16,2,14,54,26,28
S01006681,Born outside the UK: Resident less than 2 years,8,1,0,1,7,1,6
S01006681,Born outside the UK: Resident 2 years or more and less than 5 years,24,3,1,2,21,8,13
S01006681,Born outside the UK: Resident 5 years or more and less than 10 years,24,6,0,6,18,9,9
S01006681,Born outside the UK: Resident 10 years or more,14,6,1,5,8,8,0
S01006682,All people in households,853,133,42,91,720,645,75
S01006682,Born in the UK,541,104,37,67,437,409,28
S01006682,Born outside the UK: Total,312,29,5,24,283,236,47
S01006682,Born outside the UK: Resident less than 2 years,86,1,0,1,85,59,26
S01006682,Born outside the UK: Resident 2 years or more and less than 5 years,128,10,3,7,118,110,8
S01006682,Born outside the UK: Resident 5 years or more and less than 10 years,66,5,0,5,61,52,9
S01006682,Born outside the UK: Resident 10 years or more,32,13,2,11,19,15,4
S01006683,All people in households,872,189,49,140,683,519,164
S01006683,Born in the UK,601,161,43,118,440,353,87
S01006683,Born outside the UK: Total,271,28,6,22,243,166,77
S01006683,Born outside the UK: Resident less than 2 years,67,4,1,3,63,36,27
S01006683,Born outside the UK: Resident 2 years or more and less than 5 years,111,4,1,3,107,76,31
S01006683,Born outside the UK: Resident 5 years or more and less than 10 years,61,11,2,9,50,37,13
S01006683,Born outside the UK: Resident 10 years or more,32,9,2,7,23,17,6
S01006684,All people in households,684,170,58,112,514,391,123
S01006684,Born in the UK,495,148,52,96,347,290,57
S01006684,Born outside the UK: Total,189,22,6,16,167,101,66
S01006684,Born outside the UK: Resident less than 2 years,33,5,0,5,28,6,22
S01006684,Born outside the UK: Resident 2 years or more and less than 5 years,75,5,2,3,70,43,27
S01006684,Born outside the UK: Resident 5 years or more and less than 10 years,57,4,2,2,53,42,11
S01006684,Born outside the UK: Resident 10 years or more,24,8,2,6,16,10,6
S01006685,All people in households,740,275,66,209,465,362,103
S01006685,Born in the UK,632,249,63,186,383,324,59
S01006685,Born outside the UK: Total,108,26,3,23,82,38,44
S01006685,Born outside the UK: Resident less than 2 years,23,2,0,2,21,0,21
S01006685,Born outside the UK: Resident 2 years or more and less than 5 years,36,5,0,5,31,19,12
S01006685,Born outside the UK: Resident 5 years or more and less than 10 years,35,14,0,14,21,12,9
S01006685,Born outside the UK: Resident 10 years or more,14,5,3,2,9,7,2
S01006686,All people in households,622,323,103,220,299,214,85
S01006686,Born in the UK,537,289,100,189,248,201,47
S01006686,Born outside the UK: Total,85,34,3,31,51,13,38
S01006686,Born outside the UK: Resident less than 2 years,15,2,0,2,13,0,13
S01006686,Born outside the UK: Resident 2 years or more and less than 5 years,31,14,0,14,17,2,15
S01006686,Born outside the UK: Resident 5 years or more and less than 10 years,23,7,0,7,16,7,9
S01006686,Born outside the UK: Resident 10 years or more,16,11,3,8,5,4,1
S01006687,All people in households,833,424,164,260,409,256,153
S01006687,Born in the UK,725,388,157,231,337,246,91
S01006687,Born outside the UK: Total,108,36,7,29,72,10,62
S01006687,Born outside the UK: Resident less than 2 years,31,9,0,9,22,0,22
S01006687,Born outside the UK: Resident 2 years or more and less than 5 years,27,8,2,6,19,1,18
S01006687,Born outside the UK: Resident 5 years or more and less than 10 years,26,8,0,8,18,1,17
S01006687,Born outside the UK: Resident 10 years or more,24,11,5,6,13,8,5
S01006688,All people in households,948,600,307,293,348,256,92
S01006688,Born in the UK,887,577,303,274,310,239,71
S01006688,Born outside the UK: Total,61,23,4,19,38,17,21
S01006688,Born outside the UK: Resident less than 2 years,7,5,0,5,2,1,1
S01006688,Born outside the UK: Resident 2 years or more and less than 5 years,26,4,0,4,22,12,10
S01006688,Born outside the UK: Resident 5 years or more and less than 10 years,16,7,0,7,9,2,7
S01006688,Born outside the UK: Resident 10 years or more,12,7,4,3,5,2,3
S01006689,All people in households,629,478,159,319,151,13,138
S01006689,Born in the UK,508,417,146,271,91,12,79
S01006689,Born outside the UK: Total,121,61,13,48,60,1,59
S01006689,Born outside the UK: Resident less than 2 years,22,2,1,1,20,0,20
S01006689,Born outside the UK: Resident 2 years or more and less than 5 years,35,11,3,8,24,0,24
S01006689,Born outside the UK: Resident 5 years or more and less than 10 years,31,24,0,24,7,0,7
S01006689,Born outside the UK: Resident 10 years or more,33,24,9,15,9,1,8
S01006690,All people in households,594,355,141,214,239,84,155
S01006690,Born in the UK,490,316,132,184,174,80,94
S01006690,Born outside the UK: Total,104,39,9,30,65,4,61
S01006690,Born outside the UK: Resident less than 2 years,31,5,2,3,26,0,26
S01006690,Born outside the UK: Resident 2 years or more and less than 5 years,25,6,3,3,19,1,18
S01006690,Born outside the UK: Resident 5 years or more and less than 10 years,27,12,0,12,15,2,13
S01006690,Born outside the UK: Resident 10 years or more,21,16,4,12,5,1,4
S01006691,All people in households,559,344,117,227,215,43,172
S01006691,Born in the UK,442,310,112,198,132,40,92
S01006691,Born outside the UK: Total,117,34,5,29,83,3,80
S01006691,Born outside the UK: Resident less than 2 years,31,4,0,4,27,0,27
S01006691,Born outside the UK: Resident 2 years or more and less than 5 years,38,2,0,2,36,1,35
S01006691,Born outside the UK: Resident 5 years or more and less than 10 years,25,15,0,15,10,0,10
S01006691,Born outside the UK: Resident 10 years or more,23,13,5,8,10,2,8
S01006692,All people in households,737,536,238,298,201,62,139
S01006692,Born in the UK,637,487,226,261,150,59,91
S01006692,Born outside the UK: Total,100,49,12,37,51,3,48
S01006692,Born outside the UK: Resident less than 2 years,29,6,1,5,23,0,23
S01006692,Born outside the UK: Resident 2 years or more and less than 5 years,28,11,1,10,17,0,17
S01006692,Born outside the UK: Resident 5 years or more and less than 10 years,22,15,0,15,7,2,5
S01006692,Born outside the UK: Resident 10 years or more,21,17,10,7,4,1,3
S01006693,All people in households,1001,490,149,341,511,246,265
S01006693,Born in the UK,788,438,142,296,350,215,135
S01006693,Born outside the UK: Total,213,52,7,45,161,31,130
S01006693,Born outside the UK: Resident less than 2 years,67,4,0,4,63,9,54
S01006693,Born outside the UK: Resident 2 years or more and less than 5 years,64,10,0,10,54,9,45
S01006693,Born outside the UK: Resident 5 years or more and less than 10 years,39,11,0,11,28,6,22
S01006693,Born outside the UK: Resident 10 years or more,43,27,7,20,16,7,9
S01006694,All people in households,865,260,98,162,605,565,40
S01006694,Born in the UK,807,245,92,153,562,546,16
S01006694,Born outside the UK: Total,58,15,6,9,43,19,24
S01006694,Born outside the UK: Resident less than 2 years,16,1,0,1,15,0,15
S01006694,Born outside the UK: Resident 2 years or more and less than 5 years,17,2,0,2,15,8,7
S01006694,Born outside the UK: Resident 5 years or more and less than 10 years,15,9,5,4,6,4,2
S01006694,Born outside the UK: Resident 10 years or more,10,3,1,2,7,7,0
S01006695,All people in households,712,484,207,277,228,173,55
S01006695,Born in the UK,628,445,206,239,183,163,20
S01006695,Born outside the UK: Total,84,39,1,38,45,10,35
S01006695,Born outside the UK: Resident less than 2 years,13,0,0,0,13,0,13
S01006695,Born outside the UK: Resident 2 years or more and less than 5 years,38,15,0,15,23,7,16
S01006695,Born outside the UK: Resident 5 years or more and less than 10 years,15,11,0,11,4,2,2
S01006695,Born outside the UK: Resident 10 years or more,18,13,1,12,5,1,4
S01006696,All people in households,849,372,119,253,477,345,132
S01006696,Born in the UK,703,328,109,219,375,329,46
S01006696,Born outside the UK: Total,146,44,10,34,102,16,86
S01006696,Born outside the UK: Resident less than 2 years,53,5,3,2,48,2,46
S01006696,Born outside the UK: Resident 2 years or more and less than 5 years,45,14,2,12,31,6,25
S01006696,Born outside the UK: Resident 5 years or more and less than 10 years,32,16,0,16,16,4,12
S01006696,Born outside the UK: Resident 10 years or more,16,9,5,4,7,4,3
S01006697,All people in households,926,464,172,292,462,365,97
S01006697,Born in the UK,777,402,166,236,375,345,30
S01006697,Born outside the UK: Total,149,62,6,56,87,20,67
S01006697,Born outside the UK: Resident less than 2 years,37,16,4,12,21,2,19
S01006697,Born outside the UK: Resident 2 years or more and less than 5 years,68,25,1,24,43,9,34
S01006697,Born outside the UK: Resident 5 years or more and less than 10 years,29,14,0,14,15,2,13
S01006697,Born outside the UK: Resident 10 years or more,15,7,1,6,8,7,1
S01006698,All people in households,691,204,69,135,487,374,113
S01006698,Born in the UK,581,189,69,120,392,359,33
S01006698,Born outside the UK: Total,110,15,0,15,95,15,80
S01006698,Born outside the UK: Resident less than 2 years,34,0,0,0,34,0,34
S01006698,Born outside the UK: Resident 2 years or more and less than 5 years,43,7,0,7,36,5,31
S01006698,Born outside the UK: Resident 5 years or more and less than 10 years,18,6,0,6,12,1,11
S01006698,Born outside the UK: Resident 10 years or more,15,2,0,2,13,9,4
S01006699,All people in households,471,325,142,183,146,53,93
S01006699,Born in the UK,391,291,142,149,100,52,48
S01006699,Born outside the UK: Total,80,34,0,34,46,1,45
S01006699,Born outside the UK: Resident less than 2 years,31,10,0,10,21,0,21
S01006699,Born outside the UK: Resident 2 years or more and less than 5 years,28,9,0,9,19,0,19
S01006699,Born outside the UK: Resident 5 years or more and less than 10 years,15,12,0,12,3,0,3
S01006699,Born outside the UK: Resident 10 years or more,6,3,0,3,3,1,2
S01006700,All people in households,830,445,226,219,385,234,151
S01006700,Born in the UK,687,409,217,192,278,221,57
S01006700,Born outside the UK: Total,143,36,9,27,107,13,94
S01006700,Born outside the UK: Resident less than 2 years,56,7,0,7,49,1,48
S01006700,Born outside the UK: Resident 2 years or more and less than 5 years,30,3,0,3,27,0,27
S01006700,Born outside the UK: Resident 5 years or more and less than 10 years,34,12,0,12,22,6,16
S01006700,Born outside the UK: Resident 10 years or more,23,14,9,5,9,6,3
S01006701,All people in households,728,317,93,224,411,384,27
S01006701,Born in the UK,682,291,91,200,391,374,17
S01006701,Born outside the UK: Total,46,26,2,24,20,10,10
S01006701,Born outside the UK: Resident less than 2 years,7,0,0,0,7,1,6
S01006701,Born outside the UK: Resident 2 years or more and less than 5 years,27,20,0,20,7,5,2
S01006701,Born outside the UK: Resident 5 years or more and less than 10 years,7,2,0,2,5,3,2
S01006701,Born outside the UK: Resident 10 years or more,5,4,2,2,1,1,0
S01006702,All people in households,761,528,190,338,233,202,31
S01006702,Born in the UK,725,511,189,322,214,195,19
S01006702,Born outside the UK: Total,36,17,1,16,19,7,12
S01006702,Born outside the UK: Resident less than 2 years,2,1,0,1,1,0,1
S01006702,Born outside the UK: Resident 2 years or more and less than 5 years,18,5,0,5,13,5,8
S01006702,Born outside the UK: Resident 5 years or more and less than 10 years,7,3,0,3,4,1,3
S01006702,Born outside the UK: Resident 10 years or more,9,8,1,7,1,1,0
S01006703,All people in households,675,345,93,252,330,294,36
S01006703,Born in the UK,586,300,93,207,286,267,19
S01006703,Born outside the UK: Total,89,45,0,45,44,27,17
S01006703,Born outside the UK: Resident less than 2 years,20,1,0,1,19,8,11
S01006703,Born outside the UK: Resident 2 years or more and less than 5 years,33,23,0,23,10,7,3
S01006703,Born outside the UK: Resident 5 years or more and less than 10 years,29,20,0,20,9,8,1
S01006703,Born outside the UK: Resident 10 years or more,7,1,0,1,6,4,2
S01006704,All people in households,605,218,68,150,387,368,19
S01006704,Born in the UK,562,208,66,142,354,345,9
S01006704,Born outside the UK: Total,43,10,2,8,33,23,10
S01006704,Born outside the UK: Resident less than 2 years,8,0,0,0,8,1,7
S01006704,Born outside the UK: Resident 2 years or more and less than 5 years,23,4,0,4,19,16,3
S01006704,Born outside the UK: Resident 5 years or more and less than 10 years,7,3,0,3,4,4,0
S01006704,Born outside the UK: Resident 10 years or more,5,3,2,1,2,2,0
S01006705,All people in households,739,409,174,235,330,297,33
S01006705,Born in the UK,694,399,172,227,295,273,22
S01006705,Born outside the UK: Total,45,10,2,8,35,24,11
S01006705,Born outside the UK: Resident less than 2 years,14,0,0,0,14,4,10
S01006705,Born outside the UK: Resident 2 years or more and less than 5 years,16,3,0,3,13,12,1
S01006705,Born outside the UK: Resident 5 years or more and less than 10 years,6,1,0,1,5,5,0
S01006705,Born outside the UK: Resident 10 years or more,9,6,2,4,3,3,0
S01006706,All people in households,619,333,74,259,286,255,31
S01006706,Born in the UK,568,303,73,230,265,244,21
S01006706,Born outside the UK: Total,51,30,1,29,21,11,10
S01006706,Born outside the UK: Resident less than 2 years,9,1,0,1,8,0,8
S01006706,Born outside the UK: Resident 2 years or more and less than 5 years,15,5,0,5,10,8,2
S01006706,Born outside the UK: Resident 5 years or more and less than 10 years,20,20,0,20,0,0,0
S01006706,Born outside the UK: Resident 10 years or more,7,4,1,3,3,3,0
S01006707,All people in households,685,288,110,178,397,361,36
S01006707,Born in the UK,616,255,107,148,361,340,21
S01006707,Born outside the UK: Total,69,33,3,30,36,21,15
S01006707,Born outside the UK: Resident less than 2 years,9,3,0,3,6,2,4
S01006707,Born outside the UK: Resident 2 years or more and less than 5 years,22,7,0,7,15,8,7
S01006707,Born outside the UK: Resident 5 years or more and less than 10 years,26,19,1,18,7,4,3
S01006707,Born outside the UK: Resident 10 years or more,12,4,2,2,8,7,1
S01006708,All people in households,790,488,161,327,302,261,41
S01006708,Born in the UK,698,425,156,269,273,251,22
S01006708,Born outside the UK: Total,92,63,5,58,29,10,19
S01006708,Born outside the UK: Resident less than 2 years,16,3,2,1,13,0,13
S01006708,Born outside the UK: Resident 2 years or more and less than 5 years,24,15,0,15,9,4,5
S01006708,Born outside the UK: Resident 5 years or more and less than 10 years,37,35,0,35,2,1,1
S01006708,Born outside the UK: Resident 10 years or more,15,10,3,7,5,5,0
S01006709,All people in households,878,412,126,286,466,410,56
S01006709,Born in the UK,815,393,126,267,422,381,41
S01006709,Born outside the UK: Total,63,19,0,19,44,29,15
S01006709,Born outside the UK: Resident less than 2 years,7,1,0,1,6,2,4
S01006709,Born outside the UK: Resident 2 years or more and less than 5 years,26,7,0,7,19,11,8
S01006709,Born outside the UK: Resident 5 years or more and less than 10 years,21,7,0,7,14,12,2
S01006709,Born outside the UK: Resident 10 years or more,9,4,0,4,5,4,1
S01006710,All people in households,853,565,193,372,288,266,22
S01006710,Born in the UK,820,538,187,351,282,262,20
S01006710,Born outside the UK: Total,33,27,6,21,6,4,2
S01006710,Born outside the UK: Resident less than 2 years,0,0,0,0,0,0,0
S01006710,Born outside the UK: Resident 2 years or more and less than 5 years,10,9,1,8,1,1,0
S01006710,Born outside the UK: Resident 5 years or more and less than 10 years,7,6,0,6,1,0,1
S01006710,Born outside the UK: Resident 10 years or more,16,12,5,7,4,3,1
S01006711,All people in households,927,526,141,385,401,355,46
S01006711,Born in the UK,889,508,135,373,381,344,37
S01006711,Born outside the UK: Total,38,18,6,12,20,11,9
S01006711,Born outside the UK: Resident less than 2 years,3,1,1,0,2,0,2
S01006711,Born outside the UK: Resident 2 years or more and less than 5 years,8,1,0,1,7,3,4
S01006711,Born outside the UK: Resident 5 years or more and less than 10 years,10,4,0,4,6,4,2
S01006711,Born outside the UK: Resident 10 years or more,17,12,5,7,5,4,1
S01006712,All people in households,524,367,134,233,157,138,19
S01006712,Born in the UK,499,350,132,218,149,134,15
S01006712,Born outside the UK: Total,25,17,2,15,8,4,4
S01006712,Born outside the UK: Resident less than 2 years,2,0,0,0,2,2,0
S01006712,Born outside the UK: Resident 2 years or more and less than 5 years,4,2,0,2,2,1,1
S01006712,Born outside the UK: Resident 5 years or more and less than 10 years,10,9,0,9,1,0,1
S01006712,Born outside the UK: Resident 10 years or more,9,6,2,4,3,1,2
S01006713,All people in households,937,496,179,317,441,407,34
S01006713,Born in the UK,878,465,173,292,413,384,29
S01006713,Born outside the UK: Total,59,31,6,25,28,23,5
S01006713,Born outside the UK: Resident less than 2 years,11,3,0,3,8,7,1
S01006713,Born outside the UK: Resident 2 years or more and less than 5 years,13,8,3,5,5,3,2
S01006713,Born outside the UK: Resident 5 years or more and less than 10 years,17,11,1,10,6,5,1
S01006713,Born outside the UK: Resident 10 years or more,18,9,2,7,9,8,1
S01006714,All people in households,682,420,153,267,262,220,42
S01006714,Born in the UK,643,404,147,257,239,200,39
S01006714,Born outside the UK: Total,39,16,6,10,23,20,3
S01006714,Born outside the UK: Resident less than 2 years,4,0,0,0,4,2,2
S01006714,Born outside the UK: Resident 2 years or more and less than 5 years,15,4,4,0,11,11,0
S01006714,Born outside the UK: Resident 5 years or more and less than 10 years,9,6,0,6,3,2,1
S01006714,Born outside the UK: Resident 10 years or more,11,6,2,4,5,5,0
S01006715,All people in households,623,220,64,156,403,377,26
S01006715,Born in the UK,566,196,63,133,370,357,13
S01006715,Born outside the UK: Total,57,24,1,23,33,20,13
S01006715,Born outside the UK: Resident less than 2 years,12,1,0,1,11,2,9
S01006715,Born outside the UK: Resident 2 years or more and less than 5 years,26,12,0,12,14,10,4
S01006715,Born outside the UK: Resident 5 years or more and less than 10 years,8,4,0,4,4,4,0
S01006715,Born outside the UK: Resident 10 years or more,11,7,1,6,4,4,0
S01006716,All people in households,606,294,84,210,312,295,17
S01006716,Born in the UK,556,265,79,186,291,279,12
S01006716,Born outside the UK: Total,50,29,5,24,21,16,5
S01006716,Born outside the UK: Resident less than 2 years,8,5,1,4,3,1,2
S01006716,Born outside the UK: Resident 2 years or more and less than 5 years,30,16,0,16,14,12,2
S01006716,Born outside the UK: Resident 5 years or more and less than 10 years,4,2,0,2,2,1,1
S01006716,Born outside the UK: Resident 10 years or more,8,6,4,2,2,2,0
S01006717,All people in households,974,535,177,358,439,408,31
S01006717,Born in the UK,914,495,169,326,419,400,19
S01006717,Born outside the UK: Total,60,40,8,32,20,8,12
S01006717,Born outside the UK: Resident less than 2 years,6,2,0,2,4,2,2
S01006717,Born outside the UK: Resident 2 years or more and less than 5 years,19,9,1,8,10,4,6
S01006717,Born outside the UK: Resident 5 years or more and less than 10 years,21,16,3,13,5,2,3
S01006717,Born outside the UK: Resident 10 years or more,14,13,4,9,1,0,1
S01006718,All people in households,627,323,119,204,304,266,38
S01006718,Born in the UK,552,290,115,175,262,243,19
S01006718,Born outside the UK: Total,75,33,4,29,42,23,19
S01006718,Born outside the UK: Resident less than 2 years,19,1,0,1,18,6,12
S01006718,Born outside the UK: Resident 2 years or more and less than 5 years,26,14,3,11,12,8,4
S01006718,Born outside the UK: Resident 5 years or more and less than 10 years,18,15,0,15,3,3,0
S01006718,Born outside the UK: Resident 10 years or more,12,3,1,2,9,6,3
S01006719,All people in households,916,518,127,391,398,351,47
S01006719,Born in the UK,864,496,127,369,368,342,26
S01006719,Born outside the UK: Total,52,22,0,22,30,9,21
S01006719,Born outside the UK: Resident less than 2 years,12,1,0,1,11,0,11
S01006719,Born outside the UK: Resident 2 years or more and less than 5 years,15,1,0,1,14,7,7
S01006719,Born outside the UK: Resident 5 years or more and less than 10 years,20,18,0,18,2,0,2
S01006719,Born outside the UK: Resident 10 years or more,5,2,0,2,3,2,1
S01006720,All people in households,587,335,82,253,252,204,48
S01006720,Born in the UK,533,315,77,238,218,193,25
S01006720,Born outside the UK: Total,54,20,5,15,34,11,23
S01006720,Born outside the UK: Resident less than 2 years,10,0,0,0,10,0,10
S01006720,Born outside the UK: Resident 2 years or more and less than 5 years,17,5,0,5,12,3,9
S01006720,Born outside the UK: Resident 5 years or more and less than 10 years,11,8,0,8,3,1,2
S01006720,Born outside the UK: Resident 10 years or more,16,7,5,2,9,7,2
S01006721,All people in households,888,483,155,328,405,376,29
S01006721,Born in the UK,832,446,153,293,386,363,23
S01006721,Born outside the UK: Total,56,37,2,35,19,13,6
S01006721,Born outside the UK: Resident less than 2 years,5,3,0,3,2,2,0
S01006721,Born outside the UK: Resident 2 years or more and less than 5 years,19,14,0,14,5,3,2
S01006721,Born outside the UK: Resident 5 years or more and less than 10 years,17,10,0,10,7,4,3
S01006721,Born outside the UK: Resident 10 years or more,15,10,2,8,5,4,1
S01006722,All people in households,774,454,149,305,320,279,41
S01006722,Born in the UK,694,410,142,268,284,265,19
S01006722,Born outside the UK: Total,80,44,7,37,36,14,22
S01006722,Born outside the UK: Resident less than 2 years,12,5,0,5,7,2,5
S01006722,Born outside the UK: Resident 2 years or more and less than 5 years,40,22,0,22,18,9,9
S01006722,Born outside the UK: Resident 5 years or more and less than 10 years,18,9,2,7,9,3,6
S01006722,Born outside the UK: Resident 10 years or more,10,8,5,3,2,0,2
S01006723,All people in households,645,392,125,267,253,212,41
S01006723,Born in the UK,602,366,120,246,236,207,29
S01006723,Born outside the UK: Total,43,26,5,21,17,5,12
S01006723,Born outside the UK: Resident less than 2 years,4,2,0,2,2,1,1
S01006723,Born outside the UK: Resident 2 years or more and less than 5 years,22,14,0,14,8,1,7
S01006723,Born outside the UK: Resident 5 years or more and less than 10 years,5,3,1,2,2,0,2
S01006723,Born outside the UK: Resident 10 years or more,12,7,4,3,5,3,2
S01006724,All people in households,1005,209,35,174,796,755,41
S01006724,Born in the UK,896,180,31,149,716,687,29
S01006724,Born outside the UK: Total,109,29,4,25,80,68,12
S01006724,Born outside the UK: Resident less than 2 years,8,0,0,0,8,7,1
S01006724,Born outside the UK: Resident 2 years or more and less than 5 years,45,14,1,13,31,30,1
S01006724,Born outside the UK: Resident 5 years or more and less than 10 years,39,9,0,9,30,21,9
S01006724,Born outside the UK: Resident 10 years or more,17,6,3,3,11,10,1
S01006725,All people in households,664,329,86,243,335,303,32
S01006725,Born in the UK,617,308,84,224,309,285,24
S01006725,Born outside the UK: Total,47,21,2,19,26,18,8
S01006725,Born outside the UK: Resident less than 2 years,1,0,0,0,1,1,0
S01006725,Born outside the UK: Resident 2 years or more and less than 5 years,23,4,0,4,19,11,8
S01006725,Born outside the UK: Resident 5 years or more and less than 10 years,12,11,0,11,1,1,0
S01006725,Born outside the UK: Resident 10 years or more,11,6,2,4,5,5,0
S01006726,All people in households,1391,186,44,142,1205,1134,71
S01006726,Born in the UK,1018,149,41,108,869,827,42
S01006726,Born outside the UK: Total,373,37,3,34,336,307,29
S01006726,Born outside the UK: Resident less than 2 years,77,3,0,3,74,59,15
S01006726,Born outside the UK: Resident 2 years or more and less than 5 years,182,17,0,17,165,156,9
S01006726,Born outside the UK: Resident 5 years or more and less than 10 years,89,9,0,9,80,76,4
S01006726,Born outside the UK: Resident 10 years or more,25,8,3,5,17,16,1
S01006727,All people in households,956,152,46,106,804,763,41
S01006727,Born in the UK,731,141,42,99,590,562,28
S01006727,Born outside the UK: Total,225,11,4,7,214,201,13
S01006727,Born outside the UK: Resident less than 2 years,22,0,0,0,22,20,2
S01006727,Born outside the UK: Resident 2 years or more and less than 5 years,123,0,0,0,123,120,3
S01006727,Born outside the UK: Resident 5 years or more and less than 10 years,64,3,1,2,61,53,8
S01006727,Born outside the UK: Resident 10 years or more,16,8,3,5,8,8,0
S01006728,All people in households,754,379,124,255,375,352,23
S01006728,Born in the UK,657,359,121,238,298,285,13
S01006728,Born outside the UK: Total,97,20,3,17,77,67,10
S01006728,Born outside the UK: Resident less than 2 years,16,1,0,1,15,11,4
S01006728,Born outside the UK: Resident 2 years or more and less than 5 years,38,6,1,5,32,28,4
S01006728,Born outside the UK: Resident 5 years or more and less than 10 years,29,8,0,8,21,19,2
S01006728,Born outside the UK: Resident 10 years or more,14,5,2,3,9,9,0
S01006729,All people in households,831,236,70,166,595,549,46
S01006729,Born in the UK,709,207,67,140,502,486,16
S01006729,Born outside the UK: Total,122,29,3,26,93,63,30
S01006729,Born outside the UK: Resident less than 2 years,21,1,0,1,20,11,9
S01006729,Born outside the UK: Resident 2 years or more and less than 5 years,46,6,1,5,40,28,12
S01006729,Born outside the UK: Resident 5 years or more and less than 10 years,38,12,0,12,26,18,8
S01006729,Born outside the UK: Resident 10 years or more,17,10,2,8,7,6,1
S01006730,All people in households,704,479,126,353,225,209,16
S01006730,Born in the UK,628,439,124,315,189,176,13
S01006730,Born outside the UK: Total,76,40,2,38,36,33,3
S01006730,Born outside the UK: Resident less than 2 years,17,11,0,11,6,4,2
S01006730,Born outside the UK: Resident 2 years or more and less than 5 years,25,13,0,13,12,11,1
S01006730,Born outside the UK: Resident 5 years or more and less than 10 years,18,8,0,8,10,10,0
S01006730,Born outside the UK: Resident 10 years or more,16,8,2,6,8,8,0
S01006731,All people in households,577,313,113,200,264,255,9
S01006731,Born in the UK,549,293,111,182,256,249,7
S01006731,Born outside the UK: Total,28,20,2,18,8,6,2
S01006731,Born outside the UK: Resident less than 2 years,1,0,0,0,1,0,1
S01006731,Born outside the UK: Resident 2 years or more and less than 5 years,7,6,0,6,1,1,0
S01006731,Born outside the UK: Resident 5 years or more and less than 10 years,11,9,0,9,2,2,0
S01006731,Born outside the UK: Resident 10 years or more,9,5,2,3,4,3,1
S01006732,All people in households,933,724,254,470,209,67,142
S01006732,Born in the UK,817,644,228,416,173,58,115
S01006732,Born outside the UK: Total,116,80,26,54,36,9,27
S01006732,Born outside the UK: Resident less than 2 years,19,11,4,7,8,0,8
S01006732,Born outside the UK: Resident 2 years or more and less than 5 years,29,13,1,12,16,6,10
S01006732,Born outside the UK: Resident 5 years or more and less than 10 years,24,18,5,13,6,1,5
S01006732,Born outside the UK: Resident 10 years or more,44,38,16,22,6,2,4
S01006733,All people in households,900,813,240,573,87,18,69
S01006733,Born in the UK,773,733,220,513,40,15,25
S01006733,Born outside the UK: Total,127,80,20,60,47,3,44
S01006733,Born outside the UK: Resident less than 2 years,24,1,0,1,23,0,23
S01006733,Born outside the UK: Resident 2 years or more and less than 5 years,27,11,2,9,16,1,15
S01006733,Born outside the UK: Resident 5 years or more and less than 10 years,31,28,3,25,3,1,2
S01006733,Born outside the UK: Resident 10 years or more,45,40,15,25,5,1,4
S01006734,All people in households,910,792,169,623,118,7,111
S01006734,Born in the UK,768,715,162,553,53,6,47
S01006734,Born outside the UK: Total,142,77,7,70,65,1,64
S01006734,Born outside the UK: Resident less than 2 years,35,8,0,8,27,0,27
S01006734,Born outside the UK: Resident 2 years or more and less than 5 years,30,11,0,11,19,0,19
S01006734,Born outside the UK: Resident 5 years or more and less than 10 years,40,30,1,29,10,0,10
S01006734,Born outside the UK: Resident 10 years or more,37,28,6,22,9,1,8
S01006735,All people in households,618,552,268,284,66,17,49
S01006735,Born in the UK,538,510,258,252,28,14,14
S01006735,Born outside the UK: Total,80,42,10,32,38,3,35
S01006735,Born outside the UK: Resident less than 2 years,28,2,0,2,26,0,26
S01006735,Born outside the UK: Resident 2 years or more and less than 5 years,14,4,0,4,10,2,8
S01006735,Born outside the UK: Resident 5 years or more and less than 10 years,11,9,0,9,2,1,1
S01006735,Born outside the UK: Resident 10 years or more,27,27,10,17,0,0,0
S01006736,All people in households,1079,955,182,773,124,44,80
S01006736,Born in the UK,947,861,167,694,86,41,45
S01006736,Born outside the UK: Total,132,94,15,79,38,3,35
S01006736,Born outside the UK: Resident less than 2 years,24,10,0,10,14,0,14
S01006736,Born outside the UK: Resident 2 years or more and less than 5 years,31,17,1,16,14,0,14
S01006736,Born outside the UK: Resident 5 years or more and less than 10 years,43,38,3,35,5,1,4
S01006736,Born outside the UK: Resident 10 years or more,34,29,11,18,5,2,3
S01006737,All people in households,669,545,239,306,124,35,89
S01006737,Born in the UK,571,494,228,266,77,30,47
S01006737,Born outside the UK: Total,98,51,11,40,47,5,42
S01006737,Born outside the UK: Resident less than 2 years,17,2,2,0,15,2,13
S01006737,Born outside the UK: Resident 2 years or more and less than 5 years,38,16,0,16,22,2,20
S01006737,Born outside the UK: Resident 5 years or more and less than 10 years,24,14,0,14,10,1,9
S01006737,Born outside the UK: Resident 10 years or more,19,19,9,10,0,0,0
S01006738,All people in households,827,488,139,349,339,165,174
S01006738,Born in the UK,745,463,136,327,282,145,137
S01006738,Born outside the UK: Total,82,25,3,22,57,20,37
S01006738,Born outside the UK: Resident less than 2 years,17,0,0,0,17,3,14
S01006738,Born outside the UK: Resident 2 years or more and less than 5 years,30,2,0,2,28,10,18
S01006738,Born outside the UK: Resident 5 years or more and less than 10 years,19,10,0,10,9,5,4
S01006738,Born outside the UK: Resident 10 years or more,16,13,3,10,3,2,1
S01006739,All people in households,607,470,117,353,137,13,124
S01006739,Born in the UK,540,438,117,321,102,13,89
S01006739,Born outside the UK: Total,67,32,0,32,35,0,35
S01006739,Born outside the UK: Resident less than 2 years,12,1,0,1,11,0,11
S01006739,Born outside the UK: Resident 2 years or more and less than 5 years,29,11,0,11,18,0,18
S01006739,Born outside the UK: Resident 5 years or more and less than 10 years,17,14,0,14,3,0,3
S01006739,Born outside the UK: Resident 10 years or more,9,6,0,6,3,0,3
S01006740,All people in households,737,502,177,325,235,198,37
S01006740,Born in the UK,701,482,174,308,219,190,29
S01006740,Born outside the UK: Total,36,20,3,17,16,8,8
S01006740,Born outside the UK: Resident less than 2 years,2,0,0,0,2,0,2
S01006740,Born outside the UK: Resident 2 years or more and less than 5 years,14,7,0,7,7,3,4
S01006740,Born outside the UK: Resident 5 years or more and less than 10 years,5,2,0,2,3,1,2
S01006740,Born outside the UK: Resident 10 years or more,15,11,3,8,4,4,0
S01006741,All people in households,666,447,227,220,219,178,41
S01006741,Born in the UK,638,433,224,209,205,178,27
S01006741,Born outside the UK: Total,28,14,3,11,14,0,14
S01006741,Born outside the UK: Resident less than 2 years,4,1,0,1,3,0,3
S01006741,Born outside the UK: Resident 2 years or more and less than 5 years,13,4,0,4,9,0,9
S01006741,Born outside the UK: Resident 5 years or more and less than 10 years,4,2,1,1,2,0,2
S01006741,Born outside the UK: Resident 10 years or more,7,7,2,5,0,0,0
S01006742,All people in households,460,306,113,193,154,130,24
S01006742,Born in the UK,434,296,113,183,138,122,16
S01006742,Born outside the UK: Total,26,10,0,10,16,8,8
S01006742,Born outside the UK: Resident less than 2 years,3,0,0,0,3,0,3
S01006742,Born outside the UK: Resident 2 years or more and less than 5 years,12,4,0,4,8,4,4
S01006742,Born outside the UK: Resident 5 years or more and less than 10 years,4,1,0,1,3,2,1
S01006742,Born outside the UK: Resident 10 years or more,7,5,0,5,2,2,0
S01006743,All people in households,531,416,152,264,115,95,20
S01006743,Born in the UK,507,398,147,251,109,93,16
S01006743,Born outside the UK: Total,24,18,5,13,6,2,4
S01006743,Born outside the UK: Resident less than 2 years,1,1,0,1,0,0,0
S01006743,Born outside the UK: Resident 2 years or more and less than 5 years,5,1,0,1,4,0,4
S01006743,Born outside the UK: Resident 5 years or more and less than 10 years,8,7,2,5,1,1,0
S01006743,Born outside the UK: Resident 10 years or more,10,9,3,6,1,1,0
S01006744,All people in households,608,437,150,287,171,115,56
S01006744,Born in the UK,566,426,149,277,140,103,37
S01006744,Born outside the UK: Total,42,11,1,10,31,12,19
S01006744,Born outside the UK: Resident less than 2 years,6,0,0,0,6,4,2
S01006744,Born outside the UK: Resident 2 years or more and less than 5 years,17,2,0,2,15,1,14
S01006744,Born outside the UK: Resident 5 years or more and less than 10 years,11,3,0,3,8,5,3
S01006744,Born outside the UK: Resident 10 years or more,8,6,1,5,2,2,0
S01006745,All people in households,822,453,177,276,369,304,65
S01006745,Born in the UK,773,436,169,267,337,291,46
S01006745,Born outside the UK: Total,49,17,8,9,32,13,19
S01006745,Born outside the UK: Resident less than 2 years,16,5,2,3,11,4,7
S01006745,Born outside the UK: Resident 2 years or more and less than 5 years,16,2,1,1,14,4,10
S01006745,Born outside the UK: Resident 5 years or more and less than 10 years,4,2,1,1,2,0,2
S01006745,Born outside the UK: Resident 10 years or more,13,8,4,4,5,5,0
S01006746,All people in households,806,508,201,307,298,256,42
S01006746,Born in the UK,778,493,197,296,285,252,33
S01006746,Born outside the UK: Total,28,15,4,11,13,4,9
S01006746,Born outside the UK: Resident less than 2 years,4,4,1,3,0,0,0
S01006746,Born outside the UK: Resident 2 years or more and less than 5 years,9,3,0,3,6,1,5
S01006746,Born outside the UK: Resident 5 years or more and less than 10 years,5,1,0,1,4,0,4
S01006746,Born outside the UK: Resident 10 years or more,10,7,3,4,3,3,0
S01006747,All people in households,816,717,425,292,99,23,76
S01006747,Born in the UK,776,697,415,282,79,21,58
S01006747,Born outside the UK: Total,40,20,10,10,20,2,18
S01006747,Born outside the UK: Resident less than 2 years,8,1,0,1,7,2,5
S01006747,Born outside the UK: Resident 2 years or more and less than 5 years,8,0,0,0,8,0,8
S01006747,Born outside the UK: Resident 5 years or more and less than 10 years,6,4,0,4,2,0,2
S01006747,Born outside the UK: Resident 10 years or more,18,15,10,5,3,0,3
S01006748,All people in households,906,727,311,416,179,92,87
S01006748,Born in the UK,839,699,305,394,140,88,52
S01006748,Born outside the UK: Total,67,28,6,22,39,4,35
S01006748,Born outside the UK: Resident less than 2 years,18,4,0,4,14,0,14
S01006748,Born outside the UK: Resident 2 years or more and less than 5 years,21,9,0,9,12,3,9
S01006748,Born outside the UK: Resident 5 years or more and less than 10 years,11,5,0,5,6,1,5
S01006748,Born outside the UK: Resident 10 years or more,17,10,6,4,7,0,7
S01006749,All people in households,909,667,227,440,242,181,61
S01006749,Born in the UK,827,630,211,419,197,168,29
S01006749,Born outside the UK: Total,82,37,16,21,45,13,32
S01006749,Born outside the UK: Resident less than 2 years,18,1,1,0,17,4,13
S01006749,Born outside the UK: Resident 2 years or more and less than 5 years,23,7,4,3,16,0,16
S01006749,Born outside the UK: Resident 5 years or more and less than 10 years,12,5,0,5,7,4,3
S01006749,Born outside the UK: Resident 10 years or more,29,24,11,13,5,5,0
S01006750,All people in households,641,496,195,301,145,114,31
S01006750,Born in the UK,608,481,191,290,127,109,18
S01006750,Born outside the UK: Total,33,15,4,11,18,5,13
S01006750,Born outside the UK: Resident less than 2 years,12,2,1,1,10,2,8
S01006750,Born outside the UK: Resident 2 years or more and less than 5 years,10,5,0,5,5,3,2
S01006750,Born outside the UK: Resident 5 years or more and less than 10 years,2,1,0,1,1,0,1
S01006750,Born outside the UK: Resident 10 years or more,9,7,3,4,2,0,2
S01006751,All people in households,509,312,118,194,197,152,45
S01006751,Born in the UK,485,301,115,186,184,150,34
S01006751,Born outside the UK: Total,24,11,3,8,13,2,11
S01006751,Born outside the UK: Resident less than 2 years,4,0,0,0,4,0,4
S01006751,Born outside the UK: Resident 2 years or more and less than 5 years,6,2,0,2,4,0,4
S01006751,Born outside the UK: Resident 5 years or more and less than 10 years,1,0,0,0,1,0,1
S01006751,Born outside the UK: Resident 10 years or more,13,9,3,6,4,2,2
S01006752,All people in households,712,499,215,284,213,178,35
S01006752,Born in the UK,665,474,210,264,191,171,20
S01006752,Born outside the UK: Total,47,25,5,20,22,7,15
S01006752,Born outside the UK: Resident less than 2 years,9,0,0,0,9,0,9
S01006752,Born outside the UK: Resident 2 years or more and less than 5 years,15,7,0,7,8,3,5
S01006752,Born outside the UK: Resident 5 years or more and less than 10 years,2,1,0,1,1,1,0
S01006752,Born outside the UK: Resident 10 years or more,21,17,5,12,4,3,1
S01006753,All people in households,913,775,378,397,138,79,59
S01006753,Born in the UK,873,748,370,378,125,77,48
S01006753,Born outside the UK: Total,40,27,8,19,13,2,11
S01006753,Born outside the UK: Resident less than 2 years,6,3,1,2,3,0,3
S01006753,Born outside the UK: Resident 2 years or more and less than 5 years,12,9,0,9,3,1,2
S01006753,Born outside the UK: Resident 5 years or more and less than 10 years,3,2,0,2,1,0,1
S01006753,Born outside the UK: Resident 10 years or more,19,13,7,6,6,1,5
S01006754,All people in households,892,801,424,377,91,31,60
S01006754,Born in the UK,853,775,419,356,78,31,47
S01006754,Born outside the UK: Total,39,26,5,21,13,0,13
S01006754,Born outside the UK: Resident less than 2 years,4,2,0,2,2,0,2
S01006754,Born outside the UK: Resident 2 years or more and less than 5 years,12,3,0,3,9,0,9
S01006754,Born outside the UK: Resident 5 years or more and less than 10 years,7,6,0,6,1,0,1
S01006754,Born outside the UK: Resident 10 years or more,16,15,5,10,1,0,1
S01006755,All people in households,731,560,171,389,171,47,124
S01006755,Born in the UK,672,527,161,366,145,47,98
S01006755,Born outside the UK: Total,59,33,10,23,26,0,26
S01006755,Born outside the UK: Resident less than 2 years,10,7,4,3,3,0,3
S01006755,Born outside the UK: Resident 2 years or more and less than 5 years,15,5,0,5,10,0,10
S01006755,Born outside the UK: Resident 5 years or more and less than 10 years,17,7,0,7,10,0,10
S01006755,Born outside the UK: Resident 10 years or more,17,14,6,8,3,0,3
S01006756,All people in households,658,502,72,430,156,9,147
S01006756,Born in the UK,548,427,57,370,121,7,114
S01006756,Born outside the UK: Total,110,75,15,60,35,2,33
S01006756,Born outside the UK: Resident less than 2 years,29,9,2,7,20,0,20
S01006756,Born outside the UK: Resident 2 years or more and less than 5 years,18,11,0,11,7,1,6
S01006756,Born outside the UK: Resident 5 years or more and less than 10 years,27,23,5,18,4,0,4
S01006756,Born outside the UK: Resident 10 years or more,36,32,8,24,4,1,3
S01006757,All people in households,737,667,188,479,70,7,63
S01006757,Born in the UK,690,640,183,457,50,7,43
S01006757,Born outside the UK: Total,47,27,5,22,20,0,20
S01006757,Born outside the UK: Resident less than 2 years,1,0,0,0,1,0,1
S01006757,Born outside the UK: Resident 2 years or more and less than 5 years,20,8,0,8,12,0,12
S01006757,Born outside the UK: Resident 5 years or more and less than 10 years,10,4,0,4,6,0,6
S01006757,Born outside the UK: Resident 10 years or more,16,15,5,10,1,0,1
S01006758,All people in households,694,654,248,406,40,1,39
S01006758,Born in the UK,663,627,245,382,36,1,35
S01006758,Born outside the UK: Total,31,27,3,24,4,0,4
S01006758,Born outside the UK: Resident less than 2 years,1,0,0,0,1,0,1
S01006758,Born outside the UK: Resident 2 years or more and less than 5 years,11,9,0,9,2,0,2
S01006758,Born outside the UK: Resident 5 years or more and less than 10 years,7,6,0,6,1,0,1
S01006758,Born outside the UK: Resident 10 years or more,12,12,3,9,0,0,0
S01006759,All people in households,595,545,232,313,50,18,32
S01006759,Born in the UK,564,524,224,300,40,16,24
S01006759,Born outside the UK: Total,31,21,8,13,10,2,8
S01006759,Born outside the UK: Resident less than 2 years,5,0,0,0,5,0,5
S01006759,Born outside the UK: Resident 2 years or more and less than 5 years,1,0,0,0,1,0,1
S01006759,Born outside the UK: Resident 5 years or more and less than 10 years,6,2,0,2,4,2,2
S01006759,Born outside the UK: Resident 10 years or more,19,19,8,11,0,0,0
S01006760,All people in households,493,445,130,315,48,1,47
S01006760,Born in the UK,462,431,129,302,31,1,30
S01006760,Born outside the UK: Total,31,14,1,13,17,0,17
S01006760,Born outside the UK: Resident less than 2 years,5,1,0,1,4,0,4
S01006760,Born outside the UK: Resident 2 years or more and less than 5 years,11,4,0,4,7,0,7
S01006760,Born outside the UK: Resident 5 years or more and less than 10 years,10,5,0,5,5,0,5
S01006760,Born outside the UK: Resident 10 years or more,5,4,1,3,1,0,1
S01006761,All people in households,697,651,267,384,46,6,40
S01006761,Born in the UK,673,632,261,371,41,6,35
S01006761,Born outside the UK: Total,24,19,6,13,5,0,5
S01006761,Born outside the UK: Resident less than 2 years,1,0,0,0,1,0,1
S01006761,Born outside the UK: Resident 2 years or more and less than 5 years,7,5,0,5,2,0,2
S01006761,Born outside the UK: Resident 5 years or more and less than 10 years,3,1,0,1,2,0,2
S01006761,Born outside the UK: Resident 10 years or more,13,13,6,7,0,0,0
S01006762,All people in households,805,597,339,258,208,101,107
S01006762,Born in the UK,754,571,325,246,183,101,82
S01006762,Born outside the UK: Total,51,26,14,12,25,0,25
S01006762,Born outside the UK: Resident less than 2 years,5,0,0,0,5,0,5
S01006762,Born outside the UK: Resident 2 years or more and less than 5 years,8,0,0,0,8,0,8
S01006762,Born outside the UK: Resident 5 years or more and less than 10 years,14,5,2,3,9,0,9
S01006762,Born outside the UK: Resident 10 years or more,24,21,12,9,3,0,3
S01006763,All people in households,865,781,131,650,84,5,79
S01006763,Born in the UK,766,715,118,597,51,2,49
S01006763,Born outside the UK: Total,99,66,13,53,33,3,30
S01006763,Born outside the UK: Resident less than 2 years,10,4,0,4,6,0,6
S01006763,Born outside the UK: Resident 2 years or more and less than 5 years,39,18,3,15,21,3,18
S01006763,Born outside the UK: Resident 5 years or more and less than 10 years,17,14,2,12,3,0,3
S01006763,Born outside the UK: Resident 10 years or more,33,30,8,22,3,0,3
S01006764,All people in households,790,713,189,524,77,5,72
S01006764,Born in the UK,722,668,185,483,54,4,50
S01006764,Born outside the UK: Total,68,45,4,41,23,1,22
S01006764,Born outside the UK: Resident less than 2 years,8,3,0,3,5,0,5
S01006764,Born outside the UK: Resident 2 years or more and less than 5 years,29,17,1,16,12,1,11
S01006764,Born outside the UK: Resident 5 years or more and less than 10 years,9,5,0,5,4,0,4
S01006764,Born outside the UK: Resident 10 years or more,22,20,3,17,2,0,2
S01006765,All people in households,586,544,156,388,42,3,39
S01006765,Born in the UK,554,522,150,372,32,3,29
S01006765,Born outside the UK: Total,32,22,6,16,10,0,10
S01006765,Born outside the UK: Resident less than 2 years,5,2,1,1,3,0,3
S01006765,Born outside the UK: Resident 2 years or more and less than 5 years,9,2,0,2,7,0,7
S01006765,Born outside the UK: Resident 5 years or more and less than 10 years,9,9,1,8,0,0,0
S01006765,Born outside the UK: Resident 10 years or more,9,9,4,5,0,0,0
S01006766,All people in households,608,575,200,375,33,12,21
S01006766,Born in the UK,578,549,194,355,29,12,17
S01006766,Born outside the UK: Total,30,26,6,20,4,0,4
S01006766,Born outside the UK: Resident less than 2 years,1,1,0,1,0,0,0
S01006766,Born outside the UK: Resident 2 years or more and less than 5 years,1,1,0,1,0,0,0
S01006766,Born outside the UK: Resident 5 years or more and less than 10 years,8,7,0,7,1,0,1
S01006766,Born outside the UK: Resident 10 years or more,20,17,6,11,3,0,3
S01006767,All people in households,689,586,219,367,103,65,38
S01006767,Born in the UK,652,565,212,353,87,62,25
S01006767,Born outside the UK: Total,37,21,7,14,16,3,13
S01006767,Born outside the UK: Resident less than 2 years,2,2,0,2,0,0,0
S01006767,Born outside the UK: Resident 2 years or more and less than 5 years,13,2,0,2,11,0,11
S01006767,Born outside the UK: Resident 5 years or more and less than 10 years,6,4,0,4,2,1,1
S01006767,Born outside the UK: Resident 10 years or more,16,13,7,6,3,2,1
S01006768,All people in households,599,589,212,377,10,3,7
S01006768,Born in the UK,566,557,199,358,9,2,7
S01006768,Born outside the UK: Total,33,32,13,19,1,1,0
S01006768,Born outside the UK: Resident less than 2 years,1,1,1,0,0,0,0
S01006768,Born outside the UK: Resident 2 years or more and less than 5 years,0,0,0,0,0,0,0
S01006768,Born outside the UK: Resident 5 years or more and less than 10 years,0,0,0,0,0,0,0
S01006768,Born outside the UK: Resident 10 years or more,32,31,12,19,1,1,0
S01006769,All people in households,959,837,273,564,122,82,40
S01006769,Born in the UK,908,805,268,537,103,76,27
S01006769,Born outside the UK: Total,51,32,5,27,19,6,13
S01006769,Born outside the UK: Resident less than 2 years,18,6,0,6,12,0,12
S01006769,Born outside the UK: Resident 2 years or more and less than 5 years,12,7,0,7,5,4,1
S01006769,Born outside the UK: Resident 5 years or more and less than 10 years,6,6,0,6,0,0,0
S01006769,Born outside the UK: Resident 10 years or more,15,13,5,8,2,2,0
S01006770,All people in households,655,630,285,345,25,5,20
S01006770,Born in the UK,626,614,283,331,12,4,8
S01006770,Born outside the UK: Total,29,16,2,14,13,1,12
S01006770,Born outside the UK: Resident less than 2 years,7,0,0,0,7,0,7
S01006770,Born outside the UK: Resident 2 years or more and less than 5 years,5,0,0,0,5,1,4
S01006770,Born outside the UK: Resident 5 years or more and less than 10 years,9,8,0,8,1,0,1
S01006770,Born outside the UK: Resident 10 years or more,8,8,2,6,0,0,0
S01006771,All people in households,465,429,129,300,36,3,33
S01006771,Born in the UK,415,393,124,269,22,2,20
S01006771,Born outside the UK: Total,50,36,5,31,14,1,13
S01006771,Born outside the UK: Resident less than 2 years,7,2,0,2,5,0,5
S01006771,Born outside the UK: Resident 2 years or more and less than 5 years,7,2,0,2,5,0,5
S01006771,Born outside the UK: Resident 5 years or more and less than 10 years,13,11,0,11,2,0,2
S01006771,Born outside the UK: Resident 10 years or more,23,21,5,16,2,1,1
S01006772,All people in households,839,776,315,461,63,11,52
S01006772,Born in the UK,773,739,302,437,34,5,29
S01006772,Born outside the UK: Total,66,37,13,24,29,6,23
S01006772,Born outside the UK: Resident less than 2 years,6,2,0,2,4,0,4
S01006772,Born outside the UK: Resident 2 years or more and less than 5 years,16,4,0,4,12,2,10
S01006772,Born outside the UK: Resident 5 years or more and less than 10 years,15,8,0,8,7,3,4
S01006772,Born outside the UK: Resident 10 years or more,29,23,13,10,6,1,5
S01006773,All people in households,672,630,217,413,42,11,31
S01006773,Born in the UK,619,585,204,381,34,9,25
S01006773,Born outside the UK: Total,53,45,13,32,8,2,6
S01006773,Born outside the UK: Resident less than 2 years,1,1,0,1,0,0,0
S01006773,Born outside the UK: Resident 2 years or more and less than 5 years,11,9,0,9,2,0,2
S01006773,Born outside the UK: Resident 5 years or more and less than 10 years,13,11,2,9,2,1,1
S01006773,Born outside the UK: Resident 10 years or more,28,24,11,13,4,1,3
S01006774,All people in households,651,626,261,365,25,7,18
S01006774,Born in the UK,598,581,243,338,17,7,10
S01006774,Born outside the UK: Total,53,45,18,27,8,0,8
S01006774,Born outside the UK: Resident less than 2 years,1,1,0,1,0,0,0
S01006774,Born outside the UK: Resident 2 years or more and less than 5 years,7,7,1,6,0,0,0
S01006774,Born outside the UK: Resident 5 years or more and less than 10 years,9,5,2,3,4,0,4
S01006774,Born outside the UK: Resident 10 years or more,36,32,15,17,4,0,4
S01006775,All people in households,618,431,118,313,187,140,47
S01006775,Born in the UK,574,405,114,291,169,132,37
S01006775,Born outside the UK: Total,44,26,4,22,18,8,10
S01006775,Born outside the UK: Resident less than 2 years,7,2,0,2,5,1,4
S01006775,Born outside the UK: Resident 2 years or more and less than 5 years,17,7,0,7,10,5,5
S01006775,Born outside the UK: Resident 5 years or more and less than 10 years,3,3,0,3,0,0,0
S01006775,Born outside the UK: Resident 10 years or more,17,14,4,10,3,2,1
S01006776,All people in households,496,270,114,156,226,189,37
S01006776,Born in the UK,454,259,113,146,195,176,19
S01006776,Born outside the UK: Total,42,11,1,10,31,13,18
S01006776,Born outside the UK: Resident less than 2 years,1,0,0,0,1,1,0
S01006776,Born outside the UK: Resident 2 years or more and less than 5 years,20,3,0,3,17,5,12
S01006776,Born outside the UK: Resident 5 years or more and less than 10 years,4,1,0,1,3,0,3
S01006776,Born outside the UK: Resident 10 years or more,17,7,1,6,10,7,3
S01006777,All people in households,649,620,310,310,29,8,21
S01006777,Born in the UK,627,605,303,302,22,8,14
S01006777,Born outside the UK: Total,22,15,7,8,7,0,7
S01006777,Born outside the UK: Resident less than 2 years,4,2,1,1,2,0,2
S01006777,Born outside the UK: Resident 2 years or more and less than 5 years,5,2,1,1,3,0,3
S01006777,Born outside the UK: Resident 5 years or more and less than 10 years,2,2,1,1,0,0,0
S01006777,Born outside the UK: Resident 10 years or more,11,9,4,5,2,0,2
S01006778,All people in households,634,570,254,316,64,45,19
S01006778,Born in the UK,615,555,250,305,60,43,17
S01006778,Born outside the UK: Total,19,15,4,11,4,2,2
S01006778,Born outside the UK: Resident less than 2 years,2,1,1,0,1,0,1
S01006778,Born outside the UK: Resident 2 years or more and less than 5 years,5,3,0,3,2,2,0
S01006778,Born outside the UK: Resident 5 years or more and less than 10 years,5,4,1,3,1,0,1
S01006778,Born outside the UK: Resident 10 years or more,7,7,2,5,0,0,0
S01006779,All people in households,615,386,139,247,229,191,38
S01006779,Born in the UK,575,365,132,233,210,185,25
S01006779,Born outside the UK: Total,40,21,7,14,19,6,13
S01006779,Born outside the UK: Resident less than 2 years,10,3,1,2,7,0,7
S01006779,Born outside the UK: Resident 2 years or more and less than 5 years,4,0,0,0,4,2,2
S01006779,Born outside the UK: Resident 5 years or more and less than 10 years,12,8,0,8,4,0,4
S01006779,Born outside the UK: Resident 10 years or more,14,10,6,4,4,4,0
S01006780,All people in households,576,454,185,269,122,87,35
S01006780,Born in the UK,544,428,182,246,116,84,32
S01006780,Born outside the UK: Total,32,26,3,23,6,3,3
S01006780,Born outside the UK: Resident less than 2 years,6,6,0,6,0,0,0
S01006780,Born outside the UK: Resident 2 years or more and less than 5 years,11,6,0,6,5,3,2
S01006780,Born outside the UK: Resident 5 years or more and less than 10 years,4,3,1,2,1,0,1
S01006780,Born outside the UK: Resident 10 years or more,11,11,2,9,0,0,0
S01006781,All people in households,691,625,334,291,66,22,44
S01006781,Born in the UK,645,587,315,272,58,22,36
S01006781,Born outside the UK: Total,46,38,19,19,8,0,8
S01006781,Born outside the UK: Resident less than 2 years,3,0,0,0,3,0,3
S01006781,Born outside the UK: Resident 2 years or more and less than 5 years,9,4,1,3,5,0,5
S01006781,Born outside the UK: Resident 5 years or more and less than 10 years,9,9,1,8,0,0,0
S01006781,Born outside the UK: Resident 10 years or more,25,25,17,8,0,0,0
S01006782,All people in households,744,597,204,393,147,52,95
S01006782,Born in the UK,648,552,190,362,96,51,45
S01006782,Born outside the UK: Total,96,45,14,31,51,1,50
S01006782,Born outside the UK: Resident less than 2 years,43,4,2,2,39,0,39
S01006782,Born outside the UK: Resident 2 years or more and less than 5 years,8,2,0,2,6,0,6
S01006782,Born outside the UK: Resident 5 years or more and less than 10 years,17,14,1,13,3,0,3
S01006782,Born outside the UK: Resident 10 years or more,28,25,11,14,3,1,2
S01006783,All people in households,672,555,320,235,117,97,20
S01006783,Born in the UK,626,533,313,220,93,81,12
S01006783,Born outside the UK: Total,46,22,7,15,24,16,8
S01006783,Born outside the UK: Resident less than 2 years,3,3,2,1,0,0,0
S01006783,Born outside the UK: Resident 2 years or more and less than 5 years,13,0,0,0,13,10,3
S01006783,Born outside the UK: Resident 5 years or more and less than 10 years,12,7,0,7,5,3,2
S01006783,Born outside the UK: Resident 10 years or more,18,12,5,7,6,3,3
S01006784,All people in households,599,498,226,272,101,1,100
S01006784,Born in the UK,533,470,221,249,63,1,62
S01006784,Born outside the UK: Total,66,28,5,23,38,0,38
S01006784,Born outside the UK: Resident less than 2 years,26,0,0,0,26,0,26
S01006784,Born outside the UK: Resident 2 years or more and less than 5 years,12,5,0,5,7,0,7
S01006784,Born outside the UK: Resident 5 years or more and less than 10 years,9,6,0,6,3,0,3
S01006784,Born outside the UK: Resident 10 years or more,19,17,5,12,2,0,2
S01006785,All people in households,611,563,162,401,48,9,39
S01006785,Born in the UK,564,527,155,372,37,5,32
S01006785,Born outside the UK: Total,47,36,7,29,11,4,7
S01006785,Born outside the UK: Resident less than 2 years,4,2,1,1,2,2,0
S01006785,Born outside the UK: Resident 2 years or more and less than 5 years,9,4,2,2,5,2,3
S01006785,Born outside the UK: Resident 5 years or more and less than 10 years,17,13,0,13,4,0,4
S01006785,Born outside the UK: Resident 10 years or more,17,17,4,13,0,0,0
S01006786,All people in households,832,751,253,498,81,31,50
S01006786,Born in the UK,750,698,235,463,52,19,33
S01006786,Born outside the UK: Total,82,53,18,35,29,12,17
S01006786,Born outside the UK: Resident less than 2 years,17,8,2,6,9,1,8
S01006786,Born outside the UK: Resident 2 years or more and less than 5 years,21,9,3,6,12,6,6
S01006786,Born outside the UK: Resident 5 years or more and less than 10 years,4,3,0,3,1,0,1
S01006786,Born outside the UK: Resident 10 years or more,40,33,13,20,7,5,2
S01006787,All people in households,650,537,225,312,113,49,64
S01006787,Born in the UK,598,512,217,295,86,49,37
S01006787,Born outside the UK: Total,52,25,8,17,27,0,27
S01006787,Born outside the UK: Resident less than 2 years,16,2,0,2,14,0,14
S01006787,Born outside the UK: Resident 2 years or more and less than 5 years,15,4,0,4,11,0,11
S01006787,Born outside the UK: Resident 5 years or more and less than 10 years,6,4,0,4,2,0,2
S01006787,Born outside the UK: Resident 10 years or more,15,15,8,7,0,0,0
S01006788,All people in households,746,649,156,493,97,7,90
S01006788,Born in the UK,680,600,145,455,80,7,73
S01006788,Born outside the UK: Total,66,49,11,38,17,0,17
S01006788,Born outside the UK: Resident less than 2 years,11,2,0,2,9,0,9
S01006788,Born outside the UK: Resident 2 years or more and less than 5 years,15,11,3,8,4,0,4
S01006788,Born outside the UK: Resident 5 years or more and less than 10 years,15,12,2,10,3,0,3
S01006788,Born outside the UK: Resident 10 years or more,25,24,6,18,1,0,1
S01006789,All people in households,596,434,249,185,162,27,135
S01006789,Born in the UK,545,408,231,177,137,27,110
S01006789,Born outside the UK: Total,51,26,18,8,25,0,25
S01006789,Born outside the UK: Resident less than 2 years,4,2,1,1,2,0,2
S01006789,Born outside the UK: Resident 2 years or more and less than 5 years,13,2,0,2,11,0,11
S01006789,Born outside the UK: Resident 5 years or more and less than 10 years,9,2,0,2,7,0,7
S01006789,Born outside the UK: Resident 10 years or more,25,20,17,3,5,0,5
S01006790,All people in households,889,552,307,245,337,232,105
S01006790,Born in the UK,845,529,294,235,316,224,92
S01006790,Born outside the UK: Total,44,23,13,10,21,8,13
S01006790,Born outside the UK: Resident less than 2 years,2,0,0,0,2,0,2
S01006790,Born outside the UK: Resident 2 years or more and less than 5 years,10,2,0,2,8,4,4
S01006790,Born outside the UK: Resident 5 years or more and less than 10 years,8,5,1,4,3,1,2
S01006790,Born outside the UK: Resident 10 years or more,24,16,12,4,8,3,5
S01006791,All people in households,529,255,153,102,274,32,242
S01006791,Born in the UK,509,243,148,95,266,32,234
S01006791,Born outside the UK: Total,20,12,5,7,8,0,8
S01006791,Born outside the UK: Resident less than 2 years,2,0,0,0,2,0,2
S01006791,Born outside the UK: Resident 2 years or more and less than 5 years,3,1,0,1,2,0,2
S01006791,Born outside the UK: Resident 5 years or more and less than 10 years,3,1,0,1,2,0,2
S01006791,Born outside the UK: Resident 10 years or more,12,10,5,5,2,0,2
S01006792,All people in households,482,196,134,62,286,8,278
S01006792,Born in the UK,452,185,126,59,267,6,261
S01006792,Born outside the UK: Total,30,11,8,3,19,2,17
S01006792,Born outside the UK: Resident less than 2 years,3,2,0,2,1,0,1
S01006792,Born outside the UK: Resident 2 years or more and less than 5 years,2,0,0,0,2,1,1
S01006792,Born outside the UK: Resident 5 years or more and less than 10 years,4,0,0,0,4,1,3
S01006792,Born outside the UK: Resident 10 years or more,21,9,8,1,12,0,12
S01006793,All people in households,506,286,174,112,220,58,162
S01006793,Born in the UK,464,269,164,105,195,53,142
S01006793,Born outside the UK: Total,42,17,10,7,25,5,20
S01006793,Born outside the UK: Resident less than 2 years,8,0,0,0,8,0,8
S01006793,Born outside the UK: Resident 2 years or more and less than 5 years,9,2,2,0,7,1,6
S01006793,Born outside the UK: Resident 5 years or more and less than 10 years,3,1,0,1,2,0,2
S01006793,Born outside the UK: Resident 10 years or more,22,14,8,6,8,4,4
S01006794,All people in households,560,417,199,218,143,112,31
S01006794,Born in the UK,527,394,188,206,133,106,27
S01006794,Born outside the UK: Total,33,23,11,12,10,6,4
S01006794,Born outside the UK: Resident less than 2 years,0,0,0,0,0,0,0
S01006794,Born outside the UK: Resident 2 years or more and less than 5 years,2,2,1,1,0,0,0
S01006794,Born outside the UK: Resident 5 years or more and less than 10 years,2,0,0,0,2,0,2
S01006794,Born outside the UK: Resident 10 years or more,29,21,10,11,8,6,2
S01006795,All people in households,733,577,299,278,156,67,89
S01006795,Born in the UK,672,531,275,256,141,62,79
S01006795,Born outside the UK: Total,61,46,24,22,15,5,10
S01006795,Born outside the UK: Resident less than 2 years,1,1,0,1,0,0,0
S01006795,Born outside the UK: Resident 2 years or more and less than 5 years,13,11,3,8,2,2,0
S01006795,Born outside the UK: Resident 5 years or more and less than 10 years,7,4,2,2,3,0,3
S01006795,Born outside the UK: Resident 10 years or more,40,30,19,11,10,3,7
S01006796,All people in households,575,433,176,257,142,66,76
S01006796,Born in the UK,521,399,159,240,122,61,61
S01006796,Born outside the UK: Total,54,34,17,17,20,5,15
S01006796,Born outside the UK: Resident less than 2 years,2,0,0,0,2,0,2
S01006796,Born outside the UK: Resident 2 years or more and less than 5 years,16,8,0,8,8,0,8
S01006796,Born outside the UK: Resident 5 years or more and less than 10 years,13,7,2,5,6,4,2
S01006796,Born outside the UK: Resident 10 years or more,23,19,15,4,4,1,3
S01006797,All people in households,613,341,156,185,272,17,255
S01006797,Born in the UK,566,318,147,171,248,17,231
S01006797,Born outside the UK: Total,47,23,9,14,24,0,24
S01006797,Born outside the UK: Resident less than 2 years,8,1,0,1,7,0,7
S01006797,Born outside the UK: Resident 2 years or more and less than 5 years,9,0,0,0,9,0,9
S01006797,Born outside the UK: Resident 5 years or more and less than 10 years,3,2,0,2,1,0,1
S01006797,Born outside the UK: Resident 10 years or more,27,20,9,11,7,0,7
S01006798,All people in households,625,395,219,176,230,10,220
S01006798,Born in the UK,593,373,208,165,220,8,212
S01006798,Born outside the UK: Total,32,22,11,11,10,2,8
S01006798,Born outside the UK: Resident less than 2 years,1,0,0,0,1,0,1
S01006798,Born outside the UK: Resident 2 years or more and less than 5 years,1,1,0,1,0,0,0
S01006798,Born outside the UK: Resident 5 years or more and less than 10 years,4,2,2,0,2,0,2
S01006798,Born outside the UK: Resident 10 years or more,26,19,9,10,7,2,5
S01006799,All people in households,875,613,228,385,262,199,63
S01006799,Born in the UK,837,582,212,370,255,195,60
S01006799,Born outside the UK: Total,38,31,16,15,7,4,3
S01006799,Born outside the UK: Resident less than 2 years,2,2,2,0,0,0,0
S01006799,Born outside the UK: Resident 2 years or more and less than 5 years,5,5,2,3,0,0,0
S01006799,Born outside the UK: Resident 5 years or more and less than 10 years,4,4,1,3,0,0,0
S01006799,Born outside the UK: Resident 10 years or more,27,20,11,9,7,4,3
S01006800,All people in households,853,706,371,335,147,8,139
S01006800,Born in the UK,778,653,351,302,125,8,117
S01006800,Born outside the UK: Total,75,53,20,33,22,0,22
S01006800,Born outside the UK: Resident less than 2 years,6,1,0,1,5,0,5
S01006800,Born outside the UK: Resident 2 years or more and less than 5 years,20,8,0,8,12,0,12
S01006800,Born outside the UK: Resident 5 years or more and less than 10 years,12,10,2,8,2,0,2
S01006800,Born outside the UK: Resident 10 years or more,37,34,18,16,3,0,3
S01006801,All people in households,875,706,281,425,169,5,164
S01006801,Born in the UK,831,669,273,396,162,5,157
S01006801,Born outside the UK: Total,44,37,8,29,7,0,7
S01006801,Born outside the UK: Resident less than 2 years,3,3,0,3,0,0,0
S01006801,Born outside the UK: Resident 2 years or more and less than 5 years,2,2,0,2,0,0,0
S01006801,Born outside the UK: Resident 5 years or more and less than 10 years,7,3,1,2,4,0,4
S01006801,Born outside the UK: Resident 10 years or more,32,29,7,22,3,0,3
S01006802,All people in households,675,359,161,198,316,74,242
S01006802,Born in the UK,629,343,155,188,286,72,214
S01006802,Born outside the UK: Total,46,16,6,10,30,2,28
S01006802,Born outside the UK: Resident less than 2 years,13,0,0,0,13,0,13
S01006802,Born outside the UK: Resident 2 years or more and less than 5 years,7,1,1,0,6,0,6
S01006802,Born outside the UK: Resident 5 years or more and less than 10 years,3,1,0,1,2,0,2
S01006802,Born outside the UK: Resident 10 years or more,23,14,5,9,9,2,7
S01006803,All people in households,687,428,162,266,259,185,74
S01006803,Born in the UK,662,424,161,263,238,177,61
S01006803,Born outside the UK: Total,25,4,1,3,21,8,13
S01006803,Born outside the UK: Resident less than 2 years,0,0,0,0,0,0,0
S01006803,Born outside the UK: Resident 2 years or more and less than 5 years,4,1,0,1,3,0,3
S01006803,Born outside the UK: Resident 5 years or more and less than 10 years,9,1,0,1,8,2,6
S01006803,Born outside the UK: Resident 10 years or more,12,2,1,1,10,6,4
S01006804,All people in households,748,577,143,434,171,114,57
S01006804,Born in the UK,717,562,143,419,155,106,49
S01006804,Born outside the UK: Total,31,15,0,15,16,8,8
S01006804,Born outside the UK: Resident less than 2 years,4,0,0,0,4,1,3
S01006804,Born outside the UK: Resident 2 years or more and less than 5 years,7,2,0,2,5,4,1
S01006804,Born outside the UK: Resident 5 years or more and less than 10 years,8,3,0,3,5,2,3
S01006804,Born outside the UK: Resident 10 years or more,12,10,0,10,2,1,1
S01006805,All people in households,1122,804,321,483,318,141,177
S01006805,Born in the UK,1013,774,310,464,239,135,104
S01006805,Born outside the UK: Total,109,30,11,19,79,6,73
S01006805,Born outside the UK: Resident less than 2 years,43,1,0,1,42,0,42
S01006805,Born outside the UK: Resident 2 years or more and less than 5 years,25,4,2,2,21,3,18
S01006805,Born outside the UK: Resident 5 years or more and less than 10 years,12,5,3,2,7,0,7
S01006805,Born outside the UK: Resident 10 years or more,29,20,6,14,9,3,6
S01006806,All people in households,1031,797,311,486,234,45,189
S01006806,Born in the UK,988,761,295,466,227,43,184
S01006806,Born outside the UK: Total,43,36,16,20,7,2,5
S01006806,Born outside the UK: Resident less than 2 years,1,1,0,1,0,0,0
S01006806,Born outside the UK: Resident 2 years or more and less than 5 years,8,4,1,3,4,0,4
S01006806,Born outside the UK: Resident 5 years or more and less than 10 years,9,8,4,4,1,0,1
S01006806,Born outside the UK: Resident 10 years or more,25,23,11,12,2,2,0
S01006807,All people in households,620,478,142,336,142,13,129
S01006807,Born in the UK,572,439,134,305,133,11,122
S01006807,Born outside the UK: Total,48,39,8,31,9,2,7
S01006807,Born outside the UK: Resident less than 2 years,5,1,1,0,4,0,4
S01006807,Born outside the UK: Resident 2 years or more and less than 5 years,2,1,0,1,1,1,0
S01006807,Born outside the UK: Resident 5 years or more and less than 10 years,12,11,0,11,1,1,0
S01006807,Born outside the UK: Resident 10 years or more,29,26,7,19,3,0,3
S01006808,All people in households,626,554,226,328,72,18,54
S01006808,Born in the UK,594,532,222,310,62,18,44
S01006808,Born outside the UK: Total,32,22,4,18,10,0,10
S01006808,Born outside the UK: Resident less than 2 years,4,3,1,2,1,0,1
S01006808,Born outside the UK: Resident 2 years or more and less than 5 years,3,1,0,1,2,0,2
S01006808,Born outside the UK: Resident 5 years or more and less than 10 years,7,2,0,2,5,0,5
S01006808,Born outside the UK: Resident 10 years or more,18,16,3,13,2,0,2
S01006809,All people in households,813,502,191,311,311,236,75
S01006809,Born in the UK,777,482,187,295,295,232,63
S01006809,Born outside the UK: Total,36,20,4,16,16,4,12
S01006809,Born outside the UK: Resident less than 2 years,0,0,0,0,0,0,0
S01006809,Born outside the UK: Resident 2 years or more and less than 5 years,0,0,0,0,0,0,0
S01006809,Born outside the UK: Resident 5 years or more and less than 10 years,9,5,0,5,4,0,4
S01006809,Born outside the UK: Resident 10 years or more,27,15,4,11,12,4,8
S01006810,All people in households,877,622,234,388,255,167,88
S01006810,Born in the UK,838,597,228,369,241,162,79
S01006810,Born outside the UK: Total,39,25,6,19,14,5,9
S01006810,Born outside the UK: Resident less than 2 years,5,1,0,1,4,0,4
S01006810,Born outside the UK: Resident 2 years or more and less than 5 years,4,2,0,2,2,0,2
S01006810,Born outside the UK: Resident 5 years or more and less than 10 years,3,1,0,1,2,0,2
S01006810,Born outside the UK: Resident 10 years or more,27,21,6,15,6,5,1
S01006811,All people in households,1090,805,282,523,285,121,164
S01006811,Born in the UK,1029,761,271,490,268,117,151
S01006811,Born outside the UK: Total,61,44,11,33,17,4,13
S01006811,Born outside the UK: Resident less than 2 years,10,5,4,1,5,0,5
S01006811,Born outside the UK: Resident 2 years or more and less than 5 years,8,4,1,3,4,0,4
S01006811,Born outside the UK: Resident 5 years or more and less than 10 years,10,8,0,8,2,0,2
S01006811,Born outside the UK: Resident 10 years or more,33,27,6,21,6,4,2
S01006812,All people in households,735,536,156,380,199,100,99
S01006812,Born in the UK,694,511,152,359,183,92,91
S01006812,Born outside the UK: Total,41,25,4,21,16,8,8
S01006812,Born outside the UK: Resident less than 2 years,2,1,0,1,1,0,1
S01006812,Born outside the UK: Resident 2 years or more and less than 5 years,6,0,0,0,6,3,3
S01006812,Born outside the UK: Resident 5 years or more and less than 10 years,12,8,0,8,4,3,1
S01006812,Born outside the UK: Resident 10 years or more,21,16,4,12,5,2,3
S01006813,All people in households,789,577,153,424,212,157,55
S01006813,Born in the UK,753,549,150,399,204,153,51
S01006813,Born outside the UK: Total,36,28,3,25,8,4,4
S01006813,Born outside the UK: Resident less than 2 years,1,0,0,0,1,0,1
S01006813,Born outside the UK: Resident 2 years or more and less than 5 years,9,6,0,6,3,0,3
S01006813,Born outside the UK: Resident 5 years or more and less than 10 years,10,7,0,7,3,3,0
S01006813,Born outside the UK: Resident 10 years or more,16,15,3,12,1,1,0
S01006814,All people in households,782,730,235,495,52,14,38
S01006814,Born in the UK,748,701,222,479,47,10,37
S01006814,Born outside the UK: Total,34,29,13,16,5,4,1
S01006814,Born outside the UK: Resident less than 2 years,3,2,1,1,1,1,0
S01006814,Born outside the UK: Resident 2 years or more and less than 5 years,6,3,1,2,3,3,0
S01006814,Born outside the UK: Resident 5 years or more and less than 10 years,3,2,2,0,1,0,1
S01006814,Born outside the UK: Resident 10 years or more,22,22,9,13,0,0,0
S01006815,All people in households,577,338,126,212,239,217,22
S01006815,Born in the UK,550,325,122,203,225,208,17
S01006815,Born outside the UK: Total,27,13,4,9,14,9,5
S01006815,Born outside the UK: Resident less than 2 years,0,0,0,0,0,0,0
S01006815,Born outside the UK: Resident 2 years or more and less than 5 years,10,3,0,3,7,2,5
S01006815,Born outside the UK: Resident 5 years or more and less than 10 years,4,1,0,1,3,3,0
S01006815,Born outside the UK: Resident 10 years or more,13,9,4,5,4,4,0
S01006816,All people in households,703,579,189,390,124,92,32
S01006816,Born in the UK,680,562,183,379,118,90,28
S01006816,Born outside the UK: Total,23,17,6,11,6,2,4
S01006816,Born outside the UK: Resident less than 2 years,4,3,1,2,1,1,0
S01006816,Born outside the UK: Resident 2 years or more and less than 5 years,1,1,1,0,0,0,0
S01006816,Born outside the UK: Resident 5 years or more and less than 10 years,2,2,0,2,0,0,0
S01006816,Born outside the UK: Resident 10 years or more,16,11,4,7,5,1,4
S01006817,All people in households,650,434,156,278,216,116,100
S01006817,Born in the UK,604,409,148,261,195,114,81
S01006817,Born outside the UK: Total,46,25,8,17,21,2,19
S01006817,Born outside the UK: Resident less than 2 years,7,0,0,0,7,0,7
S01006817,Born outside the UK: Resident 2 years or more and less than 5 years,17,5,0,5,12,0,12
S01006817,Born outside the UK: Resident 5 years or more and less than 10 years,5,5,0,5,0,0,0
S01006817,Born outside the UK: Resident 10 years or more,17,15,8,7,2,2,0
S01006818,All people in households,719,604,234,370,115,44,71
S01006818,Born in the UK,695,582,227,355,113,44,69
S01006818,Born outside the UK: Total,24,22,7,15,2,0,2
S01006818,Born outside the UK: Resident less than 2 years,5,5,0,5,0,0,0
S01006818,Born outside the UK: Resident 2 years or more and less than 5 years,2,1,0,1,1,0,1
S01006818,Born outside the UK: Resident 5 years or more and less than 10 years,4,4,2,2,0,0,0
S01006818,Born outside the UK: Resident 10 years or more,13,12,5,7,1,0,1
S01006819,All people in households,836,673,262,411,163,26,137
S01006819,Born in the UK,789,634,246,388,155,25,130
S01006819,Born outside the UK: Total,47,39,16,23,8,1,7
S01006819,Born outside the UK: Resident less than 2 years,4,3,0,3,1,0,1
S01006819,Born outside the UK: Resident 2 years or more and less than 5 years,10,6,2,4,4,1,3
S01006819,Born outside the UK: Resident 5 years or more and less than 10 years,7,6,2,4,1,0,1
S01006819,Born outside the UK: Resident 10 years or more,26,24,12,12,2,0,2
S01006820,All people in households,444,403,142,261,41,11,30
S01006820,Born in the UK,415,380,139,241,35,11,24
S01006820,Born outside the UK: Total,29,23,3,20,6,0,6
S01006820,Born outside the UK: Resident less than 2 years,5,3,1,2,2,0,2
S01006820,Born outside the UK: Resident 2 years or more and less than 5 years,3,1,0,1,2,0,2
S01006820,Born outside the UK: Resident 5 years or more and less than 10 years,8,7,0,7,1,0,1
S01006820,Born outside the UK: Resident 10 years or more,13,12,2,10,1,0,1
S01006821,All people in households,582,452,224,228,130,10,120
S01006821,Born in the UK,523,420,211,209,103,10,93
S01006821,Born outside the UK: Total,59,32,13,19,27,0,27
S01006821,Born outside the UK: Resident less than 2 years,20,1,0,1,19,0,19
S01006821,Born outside the UK: Resident 2 years or more and less than 5 years,8,7,0,7,1,0,1
S01006821,Born outside the UK: Resident 5 years or more and less than 10 years,3,1,1,0,2,0,2
S01006821,Born outside the UK: Resident 10 years or more,28,23,12,11,5,0,5
S01006822,All people in households,759,594,254,340,165,11,154
S01006822,Born in the UK,720,572,246,326,148,11,137
S01006822,Born outside the UK: Total,39,22,8,14,17,0,17
S01006822,Born outside the UK: Resident less than 2 years,5,0,0,0,5,0,5
S01006822,Born outside the UK: Resident 2 years or more and less than 5 years,3,2,2,0,1,0,1
S01006822,Born outside the UK: Resident 5 years or more and less than 10 years,8,0,0,0,8,0,8
S01006822,Born outside the UK: Resident 10 years or more,23,20,6,14,3,0,3
S01006823,All people in households,676,577,285,292,99,13,86
S01006823,Born in the UK,633,550,273,277,83,10,73
S01006823,Born outside the UK: Total,43,27,12,15,16,3,13
S01006823,Born outside the UK: Resident less than 2 years,10,2,0,2,8,0,8
S01006823,Born outside the UK: Resident 2 years or more and less than 5 years,4,2,1,1,2,0,2
S01006823,Born outside the UK: Resident 5 years or more and less than 10 years,7,7,4,3,0,0,0
S01006823,Born outside the UK: Resident 10 years or more,22,16,7,9,6,3,3
S01006824,All people in households,813,414,124,290,399,359,40
S01006824,Born in the UK,776,393,122,271,383,348,35
S01006824,Born outside the UK: Total,37,21,2,19,16,11,5
S01006824,Born outside the UK: Resident less than 2 years,8,8,0,8,0,0,0
S01006824,Born outside the UK: Resident 2 years or more and less than 5 years,10,3,0,3,7,2,5
S01006824,Born outside the UK: Resident 5 years or more and less than 10 years,2,2,0,2,0,0,0
S01006824,Born outside the UK: Resident 10 years or more,17,8,2,6,9,9,0
S01006825,All people in households,807,691,252,439,116,74,42
S01006825,Born in the UK,771,672,245,427,99,68,31
S01006825,Born outside the UK: Total,36,19,7,12,17,6,11
S01006825,Born outside the UK: Resident less than 2 years,3,0,0,0,3,0,3
S01006825,Born outside the UK: Resident 2 years or more and less than 5 years,8,1,0,1,7,5,2
S01006825,Born outside the UK: Resident 5 years or more and less than 10 years,7,3,2,1,4,0,4
S01006825,Born outside the UK: Resident 10 years or more,18,15,5,10,3,1,2
S01006826,All people in households,884,728,262,466,156,94,62
S01006826,Born in the UK,855,710,258,452,145,93,52
S01006826,Born outside the UK: Total,29,18,4,14,11,1,10
S01006826,Born outside the UK: Resident less than 2 years,3,2,0,2,1,0,1
S01006826,Born outside the UK: Resident 2 years or more and less than 5 years,9,3,0,3,6,0,6
S01006826,Born outside the UK: Resident 5 years or more and less than 10 years,4,3,0,3,1,0,1
S01006826,Born outside the UK: Resident 10 years or more,13,10,4,6,3,1,2
S01006827,All people in households,884,550,194,356,334,263,71
S01006827,Born in the UK,842,521,187,334,321,261,60
S01006827,Born outside the UK: Total,42,29,7,22,13,2,11
S01006827,Born outside the UK: Resident less than 2 years,6,1,1,0,5,0,5
S01006827,Born outside the UK: Resident 2 years or more and less than 5 years,8,5,0,5,3,0,3
S01006827,Born outside the UK: Resident 5 years or more and less than 10 years,8,8,4,4,0,0,0
S01006827,Born outside the UK: Resident 10 years or more,20,15,2,13,5,2,3
S01006828,All people in households,914,613,260,353,301,148,153
S01006828,Born in the UK,854,580,253,327,274,143,131
S01006828,Born outside the UK: Total,60,33,7,26,27,5,22
S01006828,Born outside the UK: Resident less than 2 years,13,1,0,1,12,1,11
S01006828,Born outside the UK: Resident 2 years or more and less than 5 years,11,4,0,4,7,2,5
S01006828,Born outside the UK: Resident 5 years or more and less than 10 years,16,10,0,10,6,0,6
S01006828,Born outside the UK: Resident 10 years or more,20,18,7,11,2,2,0
S01006829,All people in households,428,411,63,348,17,1,16
S01006829,Born in the UK,404,388,60,328,16,1,15
S01006829,Born outside the UK: Total,24,23,3,20,1,0,1
S01006829,Born outside the UK: Resident less than 2 years,1,1,0,1,0,0,0
S01006829,Born outside the UK: Resident 2 years or more and less than 5 years,3,3,0,3,0,0,0
S01006829,Born outside the UK: Resident 5 years or more and less than 10 years,1,1,0,1,0,0,0
S01006829,Born outside the UK: Resident 10 years or more,19,18,3,15,1,0,1
S01006830,All people in households,729,546,217,329,183,162,21
S01006830,Born in the UK,709,535,214,321,174,153,21
S01006830,Born outside the UK: Total,20,11,3,8,9,9,0
S01006830,Born outside the UK: Resident less than 2 years,2,0,0,0,2,2,0
S01006830,Born outside the UK: Resident 2 years or more and less than 5 years,1,1,0,1,0,0,0
S01006830,Born outside the UK: Resident 5 years or more and less than 10 years,2,1,0,1,1,1,0
S01006830,Born outside the UK: Resident 10 years or more,15,9,3,6,6,6,0
S01006831,All people in households,538,495,235,260,43,4,39
S01006831,Born in the UK,516,478,228,250,38,3,35
S01006831,Born outside the UK: Total,22,17,7,10,5,1,4
S01006831,Born outside the UK: Resident less than 2 years,3,1,0,1,2,1,1
S01006831,Born outside the UK: Resident 2 years or more and less than 5 years,1,1,1,0,0,0,0
S01006831,Born outside the UK: Resident 5 years or more and less than 10 years,6,3,0,3,3,0,3
S01006831,Born outside the UK: Resident 10 years or more,12,12,6,6,0,0,0
S01006832,All people in households,1003,822,399,423,181,87,94
S01006832,Born in the UK,956,794,383,411,162,86,76
S01006832,Born outside the UK: Total,47,28,16,12,19,1,18
S01006832,Born outside the UK: Resident less than 2 years,6,0,0,0,6,0,6
S01006832,Born outside the UK: Resident 2 years or more and less than 5 years,10,4,2,2,6,0,6
S01006832,Born outside the UK: Resident 5 years or more and less than 10 years,9,6,4,2,3,0,3
S01006832,Born outside the UK: Resident 10 years or more,22,18,10,8,4,1,3
S01006833,All people in households,438,387,196,191,51,9,42
S01006833,Born in the UK,395,358,179,179,37,9,28
S01006833,Born outside the UK: Total,43,29,17,12,14,0,14
S01006833,Born outside the UK: Resident less than 2 years,4,0,0,0,4,0,4
S01006833,Born outside the UK: Resident 2 years or more and less than 5 years,7,1,0,1,6,0,6
S01006833,Born outside the UK: Resident 5 years or more and less than 10 years,7,5,2,3,2,0,2
S01006833,Born outside the UK: Resident 10 years or more,25,23,15,8,2,0,2
S01006834,All people in households,532,433,91,342,99,45,54
S01006834,Born in the UK,495,413,86,327,82,44,38
S01006834,Born outside the UK: Total,37,20,5,15,17,1,16
S01006834,Born outside the UK: Resident less than 2 years,0,0,0,0,0,0,0
S01006834,Born outside the UK: Resident 2 years or more and less than 5 years,8,1,0,1,7,0,7
S01006834,Born outside the UK: Resident 5 years or more and less than 10 years,3,3,0,3,0,0,0
S01006834,Born outside the UK: Resident 10 years or more,26,16,5,11,10,1,9
S01006835,All people in households,841,480,239,241,361,167,194
S01006835,Born in the UK,779,462,236,226,317,158,159
S01006835,Born outside the UK: Total,62,18,3,15,44,9,35
S01006835,Born outside the UK: Resident less than 2 years,15,0,0,0,15,2,13
S01006835,Born outside the UK: Resident 2 years or more and less than 5 years,21,5,1,4,16,4,12
S01006835,Born outside the UK: Resident 5 years or more and less than 10 years,10,3,1,2,7,1,6
S01006835,Born outside the UK: Resident 10 years or more,16,10,1,9,6,2,4
S01006836,All people in households,514,395,58,337,119,62,57
S01006836,Born in the UK,489,377,54,323,112,58,54
S01006836,Born outside the UK: Total,25,18,4,14,7,4,3
S01006836,Born outside the UK: Resident less than 2 years,3,2,0,2,1,0,1
S01006836,Born outside the UK: Resident 2 years or more and less than 5 years,2,2,0,2,0,0,0
S01006836,Born outside the UK: Resident 5 years or more and less than 10 years,10,9,1,8,1,0,1
S01006836,Born outside the UK: Resident 10 years or more,10,5,3,2,5,4,1
S01006837,All people in households,599,515,182,333,84,63,21
S01006837,Born in the UK,561,489,176,313,72,62,10
S01006837,Born outside the UK: Total,38,26,6,20,12,1,11
S01006837,Born outside the UK: Resident less than 2 years,4,2,0,2,2,0,2
S01006837,Born outside the UK: Resident 2 years or more and less than 5 years,15,8,0,8,7,0,7
S01006837,Born outside the UK: Resident 5 years or more and less than 10 years,5,4,1,3,1,0,1
S01006837,Born outside the UK: Resident 10 years or more,14,12,5,7,2,1,1
S01006838,All people in households,648,566,114,452,82,56,26
S01006838,Born in the UK,617,539,111,428,78,56,22
S01006838,Born outside the UK: Total,31,27,3,24,4,0,4
S01006838,Born outside the UK: Resident less than 2 years,0,0,0,0,0,0,0
S01006838,Born outside the UK: Resident 2 years or more and less than 5 years,4,1,0,1,3,0,3
S01006838,Born outside the UK: Resident 5 years or more and less than 10 years,12,11,0,11,1,0,1
S01006838,Born outside the UK: Resident 10 years or more,15,15,3,12,0,0,0
S01006839,All people in households,1040,841,342,499,199,135,64
S01006839,Born in the UK,999,817,333,484,182,129,53
S01006839,Born outside the UK: Total,41,24,9,15,17,6,11
S01006839,Born outside the UK: Resident less than 2 years,1,0,0,0,1,0,1
S01006839,Born outside the UK: Resident 2 years or more and less than 5 years,10,2,0,2,8,4,4
S01006839,Born outside the UK: Resident 5 years or more and less than 10 years,11,9,0,9,2,0,2
S01006839,Born outside the UK: Resident 10 years or more,19,13,9,4,6,2,4
S01006840,All people in households,1020,978,312,666,42,12,30
S01006840,Born in the UK,992,955,307,648,37,12,25
S01006840,Born outside the UK: Total,28,23,5,18,5,0,5
S01006840,Born outside the UK: Resident less than 2 years,1,1,0,1,0,0,0
S01006840,Born outside the UK: Resident 2 years or more and less than 5 years,6,1,0,1,5,0,5
S01006840,Born outside the UK: Resident 5 years or more and less than 10 years,1,1,0,1,0,0,0
S01006840,Born outside the UK: Resident 10 years or more,20,20,5,15,0,0,0
S01006841,All people in households,922,856,204,652,66,34,32
S01006841,Born in the UK,867,814,196,618,53,34,19
S01006841,Born outside the UK: Total,55,42,8,34,13,0,13
S01006841,Born outside the UK: Resident less than 2 years,6,2,0,2,4,0,4
S01006841,Born outside the UK: Resident 2 years or more and less than 5 years,11,4,0,4,7,0,7
S01006841,Born outside the UK: Resident 5 years or more and less than 10 years,7,6,0,6,1,0,1
S01006841,Born outside the UK: Resident 10 years or more,31,30,8,22,1,0,1
S01006842,All people in households,809,771,286,485,38,13,25
S01006842,Born in the UK,779,742,276,466,37,12,25
S01006842,Born outside the UK: Total,30,29,10,19,1,1,0
S01006842,Born outside the UK: Resident less than 2 years,3,3,2,1,0,0,0
S01006842,Born outside the UK: Resident 2 years or more and less than 5 years,2,2,0,2,0,0,0
S01006842,Born outside the UK: Resident 5 years or more and less than 10 years,2,1,0,1,1,1,0
S01006842,Born outside the UK: Resident 10 years or more,23,23,8,15,0,0,0
S01006843,All people in households,835,797,192,605,38,9,29
S01006843,Born in the UK,802,772,190,582,30,7,23
S01006843,Born outside the UK: Total,33,25,2,23,8,2,6
S01006843,Born outside the UK: Resident less than 2 years,8,4,0,4,4,0,4
S01006843,Born outside the UK: Resident 2 years or more and less than 5 years,5,4,0,4,1,0,1
S01006843,Born outside the UK: Resident 5 years or more and less than 10 years,1,1,0,1,0,0,0
S01006843,Born outside the UK: Resident 10 years or more,19,16,2,14,3,2,1
S01006844,All people in households,671,625,198,427,46,6,40
S01006844,Born in the UK,638,598,194,404,40,6,34
S01006844,Born outside the UK: Total,33,27,4,23,6,0,6
S01006844,Born outside the UK: Resident less than 2 years,1,0,0,0,1,0,1
S01006844,Born outside the UK: Resident 2 years or more and less than 5 years,3,3,0,3,0,0,0
S01006844,Born outside the UK: Resident 5 years or more and less than 10 years,12,9,0,9,3,0,3
S01006844,Born outside the UK: Resident 10 years or more,17,15,4,11,2,0,2
S01006845,All people in households,942,889,224,665,53,8,45
S01006845,Born in the UK,907,856,218,638,51,7,44
S01006845,Born outside the UK: Total,35,33,6,27,2,1,1
S01006845,Born outside the UK: Resident less than 2 years,2,2,2,0,0,0,0
S01006845,Born outside the UK: Resident 2 years or more and less than 5 years,4,4,0,4,0,0,0
S01006845,Born outside the UK: Resident 5 years or more and less than 10 years,7,6,0,6,1,0,1
S01006845,Born outside the UK: Resident 10 years or more,22,21,4,17,1,1,0
S01006846,All people in households,551,485,148,337,66,43,23
S01006846,Born in the UK,521,460,143,317,61,43,18
S01006846,Born outside the UK: Total,30,25,5,20,5,0,5
S01006846,Born outside the UK: Resident less than 2 years,7,5,0,5,2,0,2
S01006846,Born outside the UK: Resident 2 years or more and less than 5 years,3,2,0,2,1,0,1
S01006846,Born outside the UK: Resident 5 years or more and less than 10 years,7,6,3,3,1,0,1
S01006846,Born outside the UK: Resident 10 years or more,13,12,2,10,1,0,1
S01006847,All people in households,659,643,150,493,16,0,16
S01006847,Born in the UK,630,614,142,472,16,0,16
S01006847,Born outside the UK: Total,29,29,8,21,0,0,0
S01006847,Born outside the UK: Resident less than 2 years,1,1,0,1,0,0,0
S01006847,Born outside the UK: Resident 2 years or more and less than 5 years,1,1,0,1,0,0,0
S01006847,Born outside the UK: Resident 5 years or more and less than 10 years,8,8,1,7,0,0,0
S01006847,Born outside the UK: Resident 10 years or more,19,19,7,12,0,0,0
S01006848,All people in households,916,703,303,400,213,25,188
S01006848,Born in the UK,802,649,280,369,153,20,133
S01006848,Born outside the UK: Total,114,54,23,31,60,5,55
S01006848,Born outside the UK: Resident less than 2 years,37,6,3,3,31,5,26
S01006848,Born outside the UK: Resident 2 years or more and less than 5 years,17,2,0,2,15,0,15
S01006848,Born outside the UK: Resident 5 years or more and less than 10 years,24,12,6,6,12,0,12
S01006848,Born outside the UK: Resident 10 years or more,36,34,14,20,2,0,2
S01006849,All people in households,971,792,82,710,179,150,29
S01006849,Born in the UK,911,749,81,668,162,138,24
S01006849,Born outside the UK: Total,60,43,1,42,17,12,5
S01006849,Born outside the UK: Resident less than 2 years,3,2,0,2,1,0,1
S01006849,Born outside the UK: Resident 2 years or more and less than 5 years,22,13,0,13,9,8,1
S01006849,Born outside the UK: Resident 5 years or more and less than 10 years,22,19,0,19,3,1,2
S01006849,Born outside the UK: Resident 10 years or more,13,9,1,8,4,3,1
S01006850,All people in households,959,753,169,584,206,161,45
S01006850,Born in the UK,899,708,157,551,191,153,38
S01006850,Born outside the UK: Total,60,45,12,33,15,8,7
S01006850,Born outside the UK: Resident less than 2 years,3,0,0,0,3,0,3
S01006850,Born outside the UK: Resident 2 years or more and less than 5 years,13,8,3,5,5,4,1
S01006850,Born outside the UK: Resident 5 years or more and less than 10 years,10,7,2,5,3,1,2
S01006850,Born outside the UK: Resident 10 years or more,34,30,7,23,4,3,1
S01006851,All people in households,805,585,137,448,220,191,29
S01006851,Born in the UK,772,557,131,426,215,189,26
S01006851,Born outside the UK: Total,33,28,6,22,5,2,3
S01006851,Born outside the UK: Resident less than 2 years,3,2,0,2,1,0,1
S01006851,Born outside the UK: Resident 2 years or more and less than 5 years,5,3,0,3,2,0,2
S01006851,Born outside the UK: Resident 5 years or more and less than 10 years,1,1,0,1,0,0,0
S01006851,Born outside the UK: Resident 10 years or more,24,22,6,16,2,2,0
S01006852,All people in households,595,535,226,309,60,12,48
S01006852,Born in the UK,567,515,217,298,52,12,40
S01006852,Born outside the UK: Total,28,20,9,11,8,0,8
S01006852,Born outside the UK: Resident less than 2 years,6,2,2,0,4,0,4
S01006852,Born outside the UK: Resident 2 years or more and less than 5 years,4,1,0,1,3,0,3
S01006852,Born outside the UK: Resident 5 years or more and less than 10 years,3,3,2,1,0,0,0
S01006852,Born outside the UK: Resident 10 years or more,15,14,5,9,1,0,1
S01006853,All people in households,842,650,257,393,192,6,186
S01006853,Born in the UK,732,584,239,345,148,6,142
S01006853,Born outside the UK: Total,110,66,18,48,44,0,44
S01006853,Born outside the UK: Resident less than 2 years,24,12,2,10,12,0,12
S01006853,Born outside the UK: Resident 2 years or more and less than 5 years,25,5,1,4,20,0,20
S01006853,Born outside the UK: Resident 5 years or more and less than 10 years,21,11,3,8,10,0,10
S01006853,Born outside the UK: Resident 10 years or more,40,38,12,26,2,0,2
S01006854,All people in households,853,667,290,377,186,145,41
S01006854,Born in the UK,799,633,280,353,166,143,23
S01006854,Born outside the UK: Total,54,34,10,24,20,2,18
S01006854,Born outside the UK: Resident less than 2 years,0,0,0,0,0,0,0
S01006854,Born outside the UK: Resident 2 years or more and less than 5 years,11,2,0,2,9,1,8
S01006854,Born outside the UK: Resident 5 years or more and less than 10 years,16,13,2,11,3,0,3
S01006854,Born outside the UK: Resident 10 years or more,27,19,8,11,8,1,7
S01006855,All people in households,790,612,281,331,178,24,154
S01006855,Born in the UK,733,576,264,312,157,23,134
S01006855,Born outside the UK: Total,57,36,17,19,21,1,20
S01006855,Born outside the UK: Resident less than 2 years,12,1,1,0,11,0,11
S01006855,Born outside the UK: Resident 2 years or more and less than 5 years,7,3,1,2,4,0,4
S01006855,Born outside the UK: Resident 5 years or more and less than 10 years,6,2,0,2,4,1,3
S01006855,Born outside the UK: Resident 10 years or more,32,30,15,15,2,0,2
S01006856,All people in households,678,439,188,251,239,3,236
S01006856,Born in the UK,643,419,183,236,224,3,221
S01006856,Born outside the UK: Total,35,20,5,15,15,0,15
S01006856,Born outside the UK: Resident less than 2 years,1,0,0,0,1,0,1
S01006856,Born outside the UK: Resident 2 years or more and less than 5 years,13,3,0,3,10,0,10
S01006856,Born outside the UK: Resident 5 years or more and less than 10 years,3,2,0,2,1,0,1
S01006856,Born outside the UK: Resident 10 years or more,18,15,5,10,3,0,3
S01006857,All people in households,997,617,270,347,380,35,345
S01006857,Born in the UK,920,563,250,313,357,35,322
S01006857,Born outside the UK: Total,77,54,20,34,23,0,23
S01006857,Born outside the UK: Resident less than 2 years,4,3,1,2,1,0,1
S01006857,Born outside the UK: Resident 2 years or more and less than 5 years,12,2,1,1,10,0,10
S01006857,Born outside the UK: Resident 5 years or more and less than 10 years,8,6,2,4,2,0,2
S01006857,Born outside the UK: Resident 10 years or more,53,43,16,27,10,0,10
S01006858,All people in households,642,553,267,286,89,5,84
S01006858,Born in the UK,581,514,248,266,67,5,62
S01006858,Born outside the UK: Total,61,39,19,20,22,0,22
S01006858,Born outside the UK: Resident less than 2 years,11,0,0,0,11,0,11
S01006858,Born outside the UK: Resident 2 years or more and less than 5 years,10,0,0,0,10,0,10
S01006858,Born outside the UK: Resident 5 years or more and less than 10 years,7,7,1,6,0,0,0
S01006858,Born outside the UK: Resident 10 years or more,33,32,18,14,1,0,1
S01006859,All people in households,1084,990,447,543,94,1,93
S01006859,Born in the UK,999,930,417,513,69,1,68
S01006859,Born outside the UK: Total,85,60,30,30,25,0,25
S01006859,Born outside the UK: Resident less than 2 years,8,1,1,0,7,0,7
S01006859,Born outside the UK: Resident 2 years or more and less than 5 years,20,5,3,2,15,0,15
S01006859,Born outside the UK: Resident 5 years or more and less than 10 years,11,10,6,4,1,0,1
S01006859,Born outside the UK: Resident 10 years or more,46,44,20,24,2,0,2
S01006860,All people in households,542,301,129,172,241,177,64
S01006860,Born in the UK,502,292,127,165,210,169,41
S01006860,Born outside the UK: Total,40,9,2,7,31,8,23
S01006860,Born outside the UK: Resident less than 2 years,11,0,0,0,11,0,11
S01006860,Born outside the UK: Resident 2 years or more and less than 5 years,10,0,0,0,10,2,8
S01006860,Born outside the UK: Resident 5 years or more and less than 10 years,6,2,0,2,4,3,1
S01006860,Born outside the UK: Resident 10 years or more,13,7,2,5,6,3,3
S01006861,All people in households,604,517,90,427,87,6,81
S01006861,Born in the UK,538,473,85,388,65,6,59
S01006861,Born outside the UK: Total,66,44,5,39,22,0,22
S01006861,Born outside the UK: Resident less than 2 years,5,3,0,3,2,0,2
S01006861,Born outside the UK: Resident 2 years or more and less than 5 years,13,7,1,6,6,0,6
S01006861,Born outside the UK: Resident 5 years or more and less than 10 years,21,9,1,8,12,0,12
S01006861,Born outside the UK: Resident 10 years or more,27,25,3,22,2,0,2
S01006862,All people in households,681,515,217,298,166,112,54
S01006862,Born in the UK,627,480,205,275,147,101,46
S01006862,Born outside the UK: Total,54,35,12,23,19,11,8
S01006862,Born outside the UK: Resident less than 2 years,2,2,0,2,0,0,0
S01006862,Born outside the UK: Resident 2 years or more and less than 5 years,9,6,0,6,3,1,2
S01006862,Born outside the UK: Resident 5 years or more and less than 10 years,13,9,0,9,4,2,2
S01006862,Born outside the UK: Resident 10 years or more,30,18,12,6,12,8,4
S01006863,All people in households,687,525,195,330,162,95,67
S01006863,Born in the UK,643,501,190,311,142,95,47
S01006863,Born outside the UK: Total,44,24,5,19,20,0,20
S01006863,Born outside the UK: Resident less than 2 years,11,3,0,3,8,0,8
S01006863,Born outside the UK: Resident 2 years or more and less than 5 years,13,9,0,9,4,0,4
S01006863,Born outside the UK: Resident 5 years or more and less than 10 years,11,3,0,3,8,0,8
S01006863,Born outside the UK: Resident 10 years or more,9,9,5,4,0,0,0
S01006864,All people in households,447,230,48,182,217,165,52
S01006864,Born in the UK,420,221,45,176,199,164,35
S01006864,Born outside the UK: Total,27,9,3,6,18,1,17
S01006864,Born outside the UK: Resident less than 2 years,3,0,0,0,3,0,3
S01006864,Born outside the UK: Resident 2 years or more and less than 5 years,15,4,0,4,11,0,11
S01006864,Born outside the UK: Resident 5 years or more and less than 10 years,2,1,0,1,1,0,1
S01006864,Born outside the UK: Resident 10 years or more,7,4,3,1,3,1,2
S01006865,All people in households,902,693,330,363,209,26,183
S01006865,Born in the UK,788,640,307,333,148,25,123
S01006865,Born outside the UK: Total,114,53,23,30,61,1,60
S01006865,Born outside the UK: Resident less than 2 years,20,2,0,2,18,0,18
S01006865,Born outside the UK: Resident 2 years or more and less than 5 years,34,7,0,7,27,0,27
S01006865,Born outside the UK: Resident 5 years or more and less than 10 years,26,11,2,9,15,0,15
S01006865,Born outside the UK: Resident 10 years or more,34,33,21,12,1,1,0
S01006866,All people in households,549,489,262,227,60,11,49
S01006866,Born in the UK,509,462,249,213,47,11,36
S01006866,Born outside the UK: Total,40,27,13,14,13,0,13
S01006866,Born outside the UK: Resident less than 2 years,9,1,0,1,8,0,8
S01006866,Born outside the UK: Resident 2 years or more and less than 5 years,5,2,2,0,3,0,3
S01006866,Born outside the UK: Resident 5 years or more and less than 10 years,9,8,3,5,1,0,1
S01006866,Born outside the UK: Resident 10 years or more,17,16,8,8,1,0,1
S01006867,All people in households,723,631,368,263,92,30,62
S01006867,Born in the UK,659,584,341,243,75,29,46
S01006867,Born outside the UK: Total,64,47,27,20,17,1,16
S01006867,Born outside the UK: Resident less than 2 years,8,0,0,0,8,0,8
S01006867,Born outside the UK: Resident 2 years or more and less than 5 years,10,5,1,4,5,0,5
S01006867,Born outside the UK: Resident 5 years or more and less than 10 years,10,7,4,3,3,1,2
S01006867,Born outside the UK: Resident 10 years or more,36,35,22,13,1,0,1
S01006868,All people in households,879,606,247,359,273,206,67
S01006868,Born in the UK,843,581,240,341,262,199,63
S01006868,Born outside the UK: Total,36,25,7,18,11,7,4
S01006868,Born outside the UK: Resident less than 2 years,4,0,0,0,4,0,4
S01006868,Born outside the UK: Resident 2 years or more and less than 5 years,2,2,0,2,0,0,0
S01006868,Born outside the UK: Resident 5 years or more and less than 10 years,10,8,2,6,2,2,0
S01006868,Born outside the UK: Resident 10 years or more,20,15,5,10,5,5,0
S01006869,All people in households,490,294,118,176,196,33,163
S01006869,Born in the UK,454,278,114,164,176,30,146
S01006869,Born outside the UK: Total,36,16,4,12,20,3,17
S01006869,Born outside the UK: Resident less than 2 years,4,0,0,0,4,0,4
S01006869,Born outside the UK: Resident 2 years or more and less than 5 years,8,0,0,0,8,0,8
S01006869,Born outside the UK: Resident 5 years or more and less than 10 years,5,2,1,1,3,1,2
S01006869,Born outside the UK: Resident 10 years or more,19,14,3,11,5,2,3
S01006870,All people in households,483,401,187,214,82,30,52
S01006870,Born in the UK,447,377,180,197,70,29,41
S01006870,Born outside the UK: Total,36,24,7,17,12,1,11
S01006870,Born outside the UK: Resident less than 2 years,2,0,0,0,2,0,2
S01006870,Born outside the UK: Resident 2 years or more and less than 5 years,10,6,1,5,4,0,4
S01006870,Born outside the UK: Resident 5 years or more and less than 10 years,4,1,0,1,3,1,2
S01006870,Born outside the UK: Resident 10 years or more,20,17,6,11,3,0,3
S01006871,All people in households,711,565,216,349,146,112,34
S01006871,Born in the UK,679,540,205,335,139,109,30
S01006871,Born outside the UK: Total,32,25,11,14,7,3,4
S01006871,Born outside the UK: Resident less than 2 years,6,0,0,0,6,3,3
S01006871,Born outside the UK: Resident 2 years or more and less than 5 years,2,2,1,1,0,0,0
S01006871,Born outside the UK: Resident 5 years or more and less than 10 years,0,0,0,0,0,0,0
S01006871,Born outside the UK: Resident 10 years or more,24,23,10,13,1,0,1
S01006872,All people in households,714,536,250,286,178,2,176
S01006872,Born in the UK,678,512,234,278,166,1,165
S01006872,Born outside the UK: Total,36,24,16,8,12,1,11
S01006872,Born outside the UK: Resident less than 2 years,11,5,5,0,6,0,6
S01006872,Born outside the UK: Resident 2 years or more and less than 5 years,5,3,3,0,2,0,2
S01006872,Born outside the UK: Resident 5 years or more and less than 10 years,1,1,1,0,0,0,0
S01006872,Born outside the UK: Resident 10 years or more,19,15,7,8,4,1,3
S01006873,All people in households,955,697,406,291,258,27,231
S01006873,Born in the UK,885,655,386,269,230,23,207
S01006873,Born outside the UK: Total,70,42,20,22,28,4,24
S01006873,Born outside the UK: Resident less than 2 years,11,4,1,3,7,1,6
S01006873,Born outside the UK: Resident 2 years or more and less than 5 years,11,3,0,3,8,0,8
S01006873,Born outside the UK: Resident 5 years or more and less than 10 years,9,7,1,6,2,0,2
S01006873,Born outside the UK: Resident 10 years or more,39,28,18,10,11,3,8
S01006874,All people in households,566,383,200,183,183,16,167
S01006874,Born in the UK,525,358,185,173,167,16,151
S01006874,Born outside the UK: Total,41,25,15,10,16,0,16
S01006874,Born outside the UK: Resident less than 2 years,2,0,0,0,2,0,2
S01006874,Born outside the UK: Resident 2 years or more and less than 5 years,9,1,0,1,8,0,8
S01006874,Born outside the UK: Resident 5 years or more and less than 10 years,7,5,3,2,2,0,2
S01006874,Born outside the UK: Resident 10 years or more,23,19,12,7,4,0,4
S01006875,All people in households,694,440,216,224,254,168,86
S01006875,Born in the UK,656,426,213,213,230,157,73
S01006875,Born outside the UK: Total,38,14,3,11,24,11,13
S01006875,Born outside the UK: Resident less than 2 years,6,1,0,1,5,0,5
S01006875,Born outside the UK: Resident 2 years or more and less than 5 years,7,0,0,0,7,1,6
S01006875,Born outside the UK: Resident 5 years or more and less than 10 years,11,4,0,4,7,5,2
S01006875,Born outside the UK: Resident 10 years or more,14,9,3,6,5,5,0
S01006876,All people in households,992,784,338,446,208,102,106
S01006876,Born in the UK,959,761,333,428,198,102,96
S01006876,Born outside the UK: Total,33,23,5,18,10,0,10
S01006876,Born outside the UK: Resident less than 2 years,0,0,0,0,0,0,0
S01006876,Born outside the UK: Resident 2 years or more and less than 5 years,6,1,0,1,5,0,5
S01006876,Born outside the UK: Resident 5 years or more and less than 10 years,9,7,1,6,2,0,2
S01006876,Born outside the UK: Resident 10 years or more,18,15,4,11,3,0,3
S01006877,All people in households,928,704,315,389,224,18,206
S01006877,Born in the UK,878,670,300,370,208,18,190
S01006877,Born outside the UK: Total,50,34,15,19,16,0,16
S01006877,Born outside the UK: Resident less than 2 years,2,0,0,0,2,0,2
S01006877,Born outside the UK: Resident 2 years or more and less than 5 years,9,5,3,2,4,0,4
S01006877,Born outside the UK: Resident 5 years or more and less than 10 years,5,3,0,3,2,0,2
S01006877,Born outside the UK: Resident 10 years or more,34,26,12,14,8,0,8
S01006878,All people in households,704,451,217,234,253,76,177
S01006878,Born in the UK,668,426,207,219,242,74,168
S01006878,Born outside the UK: Total,36,25,10,15,11,2,9
S01006878,Born outside the UK: Resident less than 2 years,5,2,0,2,3,0,3
S01006878,Born outside the UK: Resident 2 years or more and less than 5 years,3,1,0,1,2,1,1
S01006878,Born outside the UK: Resident 5 years or more and less than 10 years,1,1,0,1,0,0,0
S01006878,Born outside the UK: Resident 10 years or more,27,21,10,11,6,1,5
S01006879,All people in households,740,427,234,193,313,12,301
S01006879,Born in the UK,706,402,221,181,304,12,292
S01006879,Born outside the UK: Total,34,25,13,12,9,0,9
S01006879,Born outside the UK: Resident less than 2 years,4,0,0,0,4,0,4
S01006879,Born outside the UK: Resident 2 years or more and less than 5 years,2,0,0,0,2,0,2
S01006879,Born outside the UK: Resident 5 years or more and less than 10 years,3,1,0,1,2,0,2
S01006879,Born outside the UK: Resident 10 years or more,25,24,13,11,1,0,1
S01006880,All people in households,600,502,172,330,98,22,76
S01006880,Born in the UK,569,478,165,313,91,20,71
S01006880,Born outside the UK: Total,31,24,7,17,7,2,5
S01006880,Born outside the UK: Resident less than 2 years,2,2,1,1,0,0,0
S01006880,Born outside the UK: Resident 2 years or more and less than 5 years,4,3,1,2,1,1,0
S01006880,Born outside the UK: Resident 5 years or more and less than 10 years,9,5,1,4,4,1,3
S01006880,Born outside the UK: Resident 10 years or more,16,14,4,10,2,0,2
S01006881,All people in households,578,469,235,234,109,8,101
S01006881,Born in the UK,550,449,222,227,101,8,93
S01006881,Born outside the UK: Total,28,20,13,7,8,0,8
S01006881,Born outside the UK: Resident less than 2 years,1,1,0,1,0,0,0
S01006881,Born outside the UK: Resident 2 years or more and less than 5 years,7,3,1,2,4,0,4
S01006881,Born outside the UK: Resident 5 years or more and less than 10 years,3,2,1,1,1,0,1
S01006881,Born outside the UK: Resident 10 years or more,17,14,11,3,3,0,3
S01006882,All people in households,398,235,95,140,163,135,28
S01006882,Born in the UK,393,233,94,139,160,133,27
S01006882,Born outside the UK: Total,5,2,1,1,3,2,1
S01006882,Born outside the UK: Resident less than 2 years,0,0,0,0,0,0,0
S01006882,Born outside the UK: Resident 2 years or more and less than 5 years,0,0,0,0,0,0,0
S01006882,Born outside the UK: Resident 5 years or more and less than 10 years,0,0,0,0,0,0,0
S01006882,Born outside the UK: Resident 10 years or more,5,2,1,1,3,2,1
S01006883,All people in households,458,344,138,206,114,52,62
S01006883,Born in the UK,445,336,135,201,109,50,59
S01006883,Born outside the UK: Total,13,8,3,5,5,2,3
S01006883,Born outside the UK: Resident less than 2 years,1,1,1,0,0,0,0
S01006883,Born outside the UK: Resident 2 years or more and less than 5 years,0,0,0,0,0,0,0
S01006883,Born outside the UK: Resident 5 years or more and less than 10 years,0,0,0,0,0,0,0
S01006883,Born outside the UK: Resident 10 years or more,12,7,2,5,5,2,3
S01006884,All people in households,888,750,319,431,138,76,62
S01006884,Born in the UK,859,734,313,421,125,72,53
S01006884,Born outside the UK: Total,29,16,6,10,13,4,9
S01006884,Born outside the UK: Resident less than 2 years,7,0,0,0,7,0,7
S01006884,Born outside the UK: Resident 2 years or more and less than 5 years,0,0,0,0,0,0,0
S01006884,Born outside the UK: Resident 5 years or more and less than 10 years,6,6,0,6,0,0,0
S01006884,Born outside the UK: Resident 10 years or more,16,10,6,4,6,4,2
S01006885,All people in households,518,457,218,239,61,16,45
S01006885,Born in the UK,506,448,214,234,58,15,43
S01006885,Born outside the UK: Total,12,9,4,5,3,1,2
S01006885,Born outside the UK: Resident less than 2 years,0,0,0,0,0,0,0
S01006885,Born outside the UK: Resident 2 years or more and less than 5 years,2,0,0,0,2,0,2
S01006885,Born outside the UK: Resident 5 years or more and less than 10 years,2,1,1,0,1,1,0
S01006885,Born outside the UK: Resident 10 years or more,8,8,3,5,0,0,0
S01006886,All people in households,733,514,270,244,219,48,171
S01006886,Born in the UK,689,487,259,228,202,46,156
S01006886,Born outside the UK: Total,44,27,11,16,17,2,15
S01006886,Born outside the UK: Resident less than 2 years,5,4,4,0,1,0,1
S01006886,Born outside the UK: Resident 2 years or more and less than 5 years,7,1,0,1,6,0,6
S01006886,Born outside the UK: Resident 5 years or more and less than 10 years,8,3,0,3,5,1,4
S01006886,Born outside the UK: Resident 10 years or more,24,19,7,12,5,1,4
S01006887,All people in households,587,476,169,307,111,51,60
S01006887,Born in the UK,559,455,165,290,104,46,58
S01006887,Born outside the UK: Total,28,21,4,17,7,5,2
S01006887,Born outside the UK: Resident less than 2 years,1,0,0,0,1,0,1
S01006887,Born outside the UK: Resident 2 years or more and less than 5 years,5,2,1,1,3,3,0
S01006887,Born outside the UK: Resident 5 years or more and less than 10 years,1,0,0,0,1,0,1
S01006887,Born outside the UK: Resident 10 years or more,21,19,3,16,2,2,0
S01006888,All people in households,800,679,267,412,121,49,72
S01006888,Born in the UK,774,654,255,399,120,49,71
S01006888,Born outside the UK: Total,26,25,12,13,1,0,1
S01006888,Born outside the UK: Resident less than 2 years,1,1,1,0,0,0,0
S01006888,Born outside the UK: Resident 2 years or more and less than 5 years,6,6,1,5,0,0,0
S01006888,Born outside the UK: Resident 5 years or more and less than 10 years,5,4,3,1,1,0,1
S01006888,Born outside the UK: Resident 10 years or more,14,14,7,7,0,0,0
S01006889,All people in households,826,452,159,293,374,344,30
S01006889,Born in the UK,784,428,156,272,356,332,24
S01006889,Born outside the UK: Total,42,24,3,21,18,12,6
S01006889,Born outside the UK: Resident less than 2 years,9,2,0,2,7,4,3
S01006889,Born outside the UK: Resident 2 years or more and less than 5 years,6,4,0,4,2,1,1
S01006889,Born outside the UK: Resident 5 years or more and less than 10 years,6,4,0,4,2,2,0
S01006889,Born outside the UK: Resident 10 years or more,21,14,3,11,7,5,2
S01006890,All people in households,665,592,213,379,73,51,22
S01006890,Born in the UK,630,561,208,353,69,48,21
S01006890,Born outside the UK: Total,35,31,5,26,4,3,1
S01006890,Born outside the UK: Resident less than 2 years,2,2,0,2,0,0,0
S01006890,Born outside the UK: Resident 2 years or more and less than 5 years,6,3,0,3,3,3,0
S01006890,Born outside the UK: Resident 5 years or more and less than 10 years,2,2,0,2,0,0,0
S01006890,Born outside the UK: Resident 10 years or more,25,24,5,19,1,0,1
S01006891,All people in households,913,686,251,435,227,179,48
S01006891,Born in the UK,864,653,237,416,211,172,39
S01006891,Born outside the UK: Total,49,33,14,19,16,7,9
S01006891,Born outside the UK: Resident less than 2 years,8,1,1,0,7,4,3
S01006891,Born outside the UK: Resident 2 years or more and less than 5 years,5,2,1,1,3,1,2
S01006891,Born outside the UK: Resident 5 years or more and less than 10 years,11,9,0,9,2,0,2
S01006891,Born outside the UK: Resident 10 years or more,25,21,12,9,4,2,2
S01006892,All people in households,612,344,82,262,268,255,13
S01006892,Born in the UK,591,329,81,248,262,251,11
S01006892,Born outside the UK: Total,21,15,1,14,6,4,2
S01006892,Born outside the UK: Resident less than 2 years,3,0,0,0,3,1,2
S01006892,Born outside the UK: Resident 2 years or more and less than 5 years,4,4,0,4,0,0,0
S01006892,Born outside the UK: Resident 5 years or more and less than 10 years,7,5,0,5,2,2,0
S01006892,Born outside the UK: Resident 10 years or more,7,6,1,5,1,1,0
S01006893,All people in households,543,336,128,208,207,189,18
S01006893,Born in the UK,538,332,126,206,206,188,18
S01006893,Born outside the UK: Total,5,4,2,2,1,1,0
S01006893,Born outside the UK: Resident less than 2 years,1,1,0,1,0,0,0
S01006893,Born outside the UK: Resident 2 years or more and less than 5 years,1,1,1,0,0,0,0
S01006893,Born outside the UK: Resident 5 years or more and less than 10 years,0,0,0,0,0,0,0
S01006893,Born outside the UK: Resident 10 years or more,3,2,1,1,1,1,0
S01006894,All people in households,934,734,324,410,200,164,36
S01006894,Born in the UK,903,713,314,399,190,163,27
S01006894,Born outside the UK: Total,31,21,10,11,10,1,9
S01006894,Born outside the UK: Resident less than 2 years,2,1,0,1,1,0,1
S01006894,Born outside the UK: Resident 2 years or more and less than 5 years,1,0,0,0,1,0,1
S01006894,Born outside the UK: Resident 5 years or more and less than 10 years,8,7,2,5,1,0,1
S01006894,Born outside the UK: Resident 10 years or more,20,13,8,5,7,1,6
S01006895,All people in households,534,322,122,200,212,137,75
S01006895,Born in the UK,500,314,117,197,186,132,54
S01006895,Born outside the UK: Total,34,8,5,3,26,5,21
S01006895,Born outside the UK: Resident less than 2 years,9,2,2,0,7,0,7
S01006895,Born outside the UK: Resident 2 years or more and less than 5 years,8,1,0,1,7,4,3
S01006895,Born outside the UK: Resident 5 years or more and less than 10 years,11,1,0,1,10,0,10
S01006895,Born outside the UK: Resident 10 years or more,6,4,3,1,2,1,1
S01006896,All people in households,768,589,301,288,179,97,82
S01006896,Born in the UK,710,571,296,275,139,90,49
S01006896,Born outside the UK: Total,58,18,5,13,40,7,33
S01006896,Born outside the UK: Resident less than 2 years,11,0,0,0,11,0,11
S01006896,Born outside the UK: Resident 2 years or more and less than 5 years,13,4,0,4,9,1,8
S01006896,Born outside the UK: Resident 5 years or more and less than 10 years,18,3,1,2,15,4,11
S01006896,Born outside the UK: Resident 10 years or more,16,11,4,7,5,2,3
S01006897,All people in households,708,628,212,416,80,41,39
S01006897,Born in the UK,682,615,208,407,67,38,29
S01006897,Born outside the UK: Total,26,13,4,9,13,3,10
S01006897,Born outside the UK: Resident less than 2 years,2,0,0,0,2,0,2
S01006897,Born outside the UK: Resident 2 years or more and less than 5 years,6,1,0,1,5,0,5
S01006897,Born outside the UK: Resident 5 years or more and less than 10 years,4,0,0,0,4,2,2
S01006897,Born outside the UK: Resident 10 years or more,14,12,4,8,2,1,1
S01006898,All people in households,751,578,254,324,173,127,46
S01006898,Born in the UK,717,557,249,308,160,121,39
S01006898,Born outside the UK: Total,34,21,5,16,13,6,7
S01006898,Born outside the UK: Resident less than 2 years,4,2,0,2,2,0,2
S01006898,Born outside the UK: Resident 2 years or more and less than 5 years,3,1,0,1,2,0,2
S01006898,Born outside the UK: Resident 5 years or more and less than 10 years,3,3,0,3,0,0,0
S01006898,Born outside the UK: Resident 10 years or more,24,15,5,10,9,6,3
S01006899,All people in households,609,559,157,402,50,14,36
S01006899,Born in the UK,584,544,154,390,40,14,26
S01006899,Born outside the UK: Total,25,15,3,12,10,0,10
S01006899,Born outside the UK: Resident less than 2 years,4,0,0,0,4,0,4
S01006899,Born outside the UK: Resident 2 years or more and less than 5 years,7,2,0,2,5,0,5
S01006899,Born outside the UK: Resident 5 years or more and less than 10 years,6,6,1,5,0,0,0
S01006899,Born outside the UK: Resident 10 years or more,8,7,2,5,1,0,1
S01006900,All people in households,579,529,142,387,50,10,40
S01006900,Born in the UK,551,515,138,377,36,10,26
S01006900,Born outside the UK: Total,28,14,4,10,14,0,14
S01006900,Born outside the UK: Resident less than 2 years,3,1,1,0,2,0,2
S01006900,Born outside the UK: Resident 2 years or more and less than 5 years,9,1,1,0,8,0,8
S01006900,Born outside the UK: Resident 5 years or more and less than 10 years,7,3,0,3,4,0,4
S01006900,Born outside the UK: Resident 10 years or more,9,9,2,7,0,0,0
S01006901,All people in households,595,348,108,240,247,207,40
S01006901,Born in the UK,570,337,106,231,233,204,29
S01006901,Born outside the UK: Total,25,11,2,9,14,3,11
S01006901,Born outside the UK: Resident less than 2 years,1,1,0,1,0,0,0
S01006901,Born outside the UK: Resident 2 years or more and less than 5 years,12,1,0,1,11,0,11
S01006901,Born outside the UK: Resident 5 years or more and less than 10 years,5,3,0,3,2,2,0
S01006901,Born outside the UK: Resident 10 years or more,7,6,2,4,1,1,0
S01006902,All people in households,693,411,122,289,282,222,60
S01006902,Born in the UK,655,400,120,280,255,217,38
S01006902,Born outside the UK: Total,38,11,2,9,27,5,22
S01006902,Born outside the UK: Resident less than 2 years,12,0,0,0,12,3,9
S01006902,Born outside the UK: Resident 2 years or more and less than 5 years,8,3,0,3,5,0,5
S01006902,Born outside the UK: Resident 5 years or more and less than 10 years,8,2,0,2,6,0,6
S01006902,Born outside the UK: Resident 10 years or more,10,6,2,4,4,2,2
S01006903,All people in households,778,469,146,323,309,263,46
S01006903,Born in the UK,746,456,145,311,290,250,40
S01006903,Born outside the UK: Total,32,13,1,12,19,13,6
S01006903,Born outside the UK: Resident less than 2 years,4,1,0,1,3,3,0
S01006903,Born outside the UK: Resident 2 years or more and less than 5 years,8,1,0,1,7,4,3
S01006903,Born outside the UK: Resident 5 years or more and less than 10 years,7,2,0,2,5,2,3
S01006903,Born outside the UK: Resident 10 years or more,13,9,1,8,4,4,0
S01006904,All people in households,694,448,200,248,246,122,124
S01006904,Born in the UK,635,436,195,241,199,118,81
S01006904,Born outside the UK: Total,59,12,5,7,47,4,43
S01006904,Born outside the UK: Resident less than 2 years,12,0,0,0,12,1,11
S01006904,Born outside the UK: Resident 2 years or more and less than 5 years,20,0,0,0,20,0,20
S01006904,Born outside the UK: Resident 5 years or more and less than 10 years,11,0,0,0,11,1,10
S01006904,Born outside the UK: Resident 10 years or more,16,12,5,7,4,2,2
S01006905,All people in households,878,692,327,365,186,137,49
S01006905,Born in the UK,845,676,322,354,169,128,41
S01006905,Born outside the UK: Total,33,16,5,11,17,9,8
S01006905,Born outside the UK: Resident less than 2 years,8,2,0,2,6,5,1
S01006905,Born outside the UK: Resident 2 years or more and less than 5 years,5,1,0,1,4,3,1
S01006905,Born outside the UK: Resident 5 years or more and less than 10 years,5,3,0,3,2,0,2
S01006905,Born outside the UK: Resident 10 years or more,15,10,5,5,5,1,4
S01006906,All people in households,843,430,194,236,413,359,54
S01006906,Born in the UK,821,424,193,231,397,351,46
S01006906,Born outside the UK: Total,22,6,1,5,16,8,8
S01006906,Born outside the UK: Resident less than 2 years,7,3,1,2,4,0,4
S01006906,Born outside the UK: Resident 2 years or more and less than 5 years,3,0,0,0,3,0,3
S01006906,Born outside the UK: Resident 5 years or more and less than 10 years,5,2,0,2,3,3,0
S01006906,Born outside the UK: Resident 10 years or more,7,1,0,1,6,5,1
S01006907,All people in households,594,349,143,206,245,84,161
S01006907,Born in the UK,506,326,140,186,180,81,99
S01006907,Born outside the UK: Total,88,23,3,20,65,3,62
S01006907,Born outside the UK: Resident less than 2 years,33,8,0,8,25,0,25
S01006907,Born outside the UK: Resident 2 years or more and less than 5 years,29,4,1,3,25,0,25
S01006907,Born outside the UK: Resident 5 years or more and less than 10 years,16,5,0,5,11,1,10
S01006907,Born outside the UK: Resident 10 years or more,10,6,2,4,4,2,2
S01006908,All people in households,803,491,247,244,312,175,137
S01006908,Born in the UK,728,469,237,232,259,168,91
S01006908,Born outside the UK: Total,75,22,10,12,53,7,46
S01006908,Born outside the UK: Resident less than 2 years,30,4,1,3,26,3,23
S01006908,Born outside the UK: Resident 2 years or more and less than 5 years,21,8,3,5,13,0,13
S01006908,Born outside the UK: Resident 5 years or more and less than 10 years,13,1,0,1,12,2,10
S01006908,Born outside the UK: Resident 10 years or more,11,9,6,3,2,2,0
S01006909,All people in households,768,709,183,526,59,8,51
S01006909,Born in the UK,709,663,168,495,46,5,41
S01006909,Born outside the UK: Total,59,46,15,31,13,3,10
S01006909,Born outside the UK: Resident less than 2 years,3,2,1,1,1,1,0
S01006909,Born outside the UK: Resident 2 years or more and less than 5 years,13,7,3,4,6,0,6
S01006909,Born outside the UK: Resident 5 years or more and less than 10 years,9,7,3,4,2,1,1
S01006909,Born outside the UK: Resident 10 years or more,34,30,8,22,4,1,3
S01006910,All people in households,852,713,288,425,139,16,123
S01006910,Born in the UK,783,665,276,389,118,15,103
S01006910,Born outside the UK: Total,69,48,12,36,21,1,20
S01006910,Born outside the UK: Resident less than 2 years,9,3,0,3,6,0,6
S01006910,Born outside the UK: Resident 2 years or more and less than 5 years,8,1,0,1,7,0,7
S01006910,Born outside the UK: Resident 5 years or more and less than 10 years,13,10,0,10,3,0,3
S01006910,Born outside the UK: Resident 10 years or more,39,34,12,22,5,1,4
S01006911,All people in households,671,551,51,500,120,95,25
S01006911,Born in the UK,630,525,46,479,105,89,16
S01006911,Born outside the UK: Total,41,26,5,21,15,6,9
S01006911,Born outside the UK: Resident less than 2 years,6,2,1,1,4,4,0
S01006911,Born outside the UK: Resident 2 years or more and less than 5 years,11,8,0,8,3,0,3
S01006911,Born outside the UK: Resident 5 years or more and less than 10 years,6,4,2,2,2,0,2
S01006911,Born outside the UK: Resident 10 years or more,18,12,2,10,6,2,4
S01006912,All people in households,423,330,189,141,93,7,86
S01006912,Born in the UK,401,315,179,136,86,7,79
S01006912,Born outside the UK: Total,22,15,10,5,7,0,7
S01006912,Born outside the UK: Resident less than 2 years,2,0,0,0,2,0,2
S01006912,Born outside the UK: Resident 2 years or more and less than 5 years,3,0,0,0,3,0,3
S01006912,Born outside the UK: Resident 5 years or more and less than 10 years,1,0,0,0,1,0,1
S01006912,Born outside the UK: Resident 10 years or more,16,15,10,5,1,0,1
S01006913,All people in households,546,480,108,372,66,5,61
S01006913,Born in the UK,511,455,104,351,56,4,52
S01006913,Born outside the UK: Total,35,25,4,21,10,1,9
S01006913,Born outside the UK: Resident less than 2 years,4,3,1,2,1,0,1
S01006913,Born outside the UK: Resident 2 years or more and less than 5 years,9,1,0,1,8,0,8
S01006913,Born outside the UK: Resident 5 years or more and less than 10 years,3,3,0,3,0,0,0
S01006913,Born outside the UK: Resident 10 years or more,19,18,3,15,1,1,0
S01006914,All people in households,743,577,279,298,166,14,152
S01006914,Born in the UK,676,549,273,276,127,12,115
S01006914,Born outside the UK: Total,67,28,6,22,39,2,37
S01006914,Born outside the UK: Resident less than 2 years,17,4,0,4,13,0,13
S01006914,Born outside the UK: Resident 2 years or more and less than 5 years,9,0,0,0,9,0,9
S01006914,Born outside the UK: Resident 5 years or more and less than 10 years,14,2,0,2,12,1,11
S01006914,Born outside the UK: Resident 10 years or more,27,22,6,16,5,1,4
S01006915,All people in households,826,706,304,402,120,45,75
S01006915,Born in the UK,795,679,294,385,116,44,72
S01006915,Born outside the UK: Total,31,27,10,17,4,1,3
S01006915,Born outside the UK: Resident less than 2 years,0,0,0,0,0,0,0
S01006915,Born outside the UK: Resident 2 years or more and less than 5 years,2,1,1,0,1,0,1
S01006915,Born outside the UK: Resident 5 years or more and less than 10 years,11,9,3,6,2,0,2
S01006915,Born outside the UK: Resident 10 years or more,18,17,6,11,1,1,0
S01006916,All people in households,562,403,88,315,159,128,31
S01006916,Born in the UK,523,385,87,298,138,114,24
S01006916,Born outside the UK: Total,39,18,1,17,21,14,7
S01006916,Born outside the UK: Resident less than 2 years,9,1,1,0,8,6,2
S01006916,Born outside the UK: Resident 2 years or more and less than 5 years,12,3,0,3,9,6,3
S01006916,Born outside the UK: Resident 5 years or more and less than 10 years,8,7,0,7,1,0,1
S01006916,Born outside the UK: Resident 10 years or more,10,7,0,7,3,2,1
S01006917,All people in households,996,883,91,792,113,76,37
S01006917,Born in the UK,949,858,90,768,91,69,22
S01006917,Born outside the UK: Total,47,25,1,24,22,7,15
S01006917,Born outside the UK: Resident less than 2 years,23,13,1,12,10,0,10
S01006917,Born outside the UK: Resident 2 years or more and less than 5 years,4,2,0,2,2,0,2
S01006917,Born outside the UK: Resident 5 years or more and less than 10 years,8,3,0,3,5,4,1
S01006917,Born outside the UK: Resident 10 years or more,12,7,0,7,5,3,2
S01006918,All people in households,493,398,142,256,95,59,36
S01006918,Born in the UK,464,390,139,251,74,55,19
S01006918,Born outside the UK: Total,29,8,3,5,21,4,17
S01006918,Born outside the UK: Resident less than 2 years,3,0,0,0,3,0,3
S01006918,Born outside the UK: Resident 2 years or more and less than 5 years,12,0,0,0,12,1,11
S01006918,Born outside the UK: Resident 5 years or more and less than 10 years,5,1,0,1,4,1,3
S01006918,Born outside the UK: Resident 10 years or more,9,7,3,4,2,2,0
S01006919,All people in households,485,411,210,201,74,38,36
S01006919,Born in the UK,456,385,197,188,71,37,34
S01006919,Born outside the UK: Total,29,26,13,13,3,1,2
S01006919,Born outside the UK: Resident less than 2 years,0,0,0,0,0,0,0
S01006919,Born outside the UK: Resident 2 years or more and less than 5 years,1,1,0,1,0,0,0
S01006919,Born outside the UK: Resident 5 years or more and less than 10 years,8,5,0,5,3,1,2
S01006919,Born outside the UK: Resident 10 years or more,20,20,13,7,0,0,0
S01006920,All people in households,502,352,135,217,150,106,44
S01006920,Born in the UK,477,342,133,209,135,103,32
S01006920,Born outside the UK: Total,25,10,2,8,15,3,12
S01006920,Born outside the UK: Resident less than 2 years,1,0,0,0,1,0,1
S01006920,Born outside the UK: Resident 2 years or more and less than 5 years,6,0,0,0,6,0,6
S01006920,Born outside the UK: Resident 5 years or more and less than 10 years,7,1,1,0,6,1,5
S01006920,Born outside the UK: Resident 10 years or more,11,9,1,8,2,2,0
S01006921,All people in households,829,766,136,630,63,16,47
S01006921,Born in the UK,771,724,129,595,47,15,32
S01006921,Born outside the UK: Total,58,42,7,35,16,1,15
S01006921,Born outside the UK: Resident less than 2 years,14,6,2,4,8,0,8
S01006921,Born outside the UK: Resident 2 years or more and less than 5 years,5,5,0,5,0,0,0
S01006921,Born outside the UK: Resident 5 years or more and less than 10 years,22,16,3,13,6,0,6
S01006921,Born outside the UK: Resident 10 years or more,17,15,2,13,2,1,1
S01006922,All people in households,506,417,208,209,89,6,83
S01006922,Born in the UK,488,408,204,204,80,6,74
S01006922,Born outside the UK: Total,18,9,4,5,9,0,9
S01006922,Born outside the UK: Resident less than 2 years,1,1,0,1,0,0,0
S01006922,Born outside the UK: Resident 2 years or more and less than 5 years,5,1,0,1,4,0,4
S01006922,Born outside the UK: Resident 5 years or more and less than 10 years,4,1,0,1,3,0,3
S01006922,Born outside the UK: Resident 10 years or more,8,6,4,2,2,0,2
S01006923,All people in households,775,678,353,325,97,49,48
S01006923,Born in the UK,736,650,340,310,86,47,39
S01006923,Born outside the UK: Total,39,28,13,15,11,2,9
S01006923,Born outside the UK: Resident less than 2 years,2,1,0,1,1,1,0
S01006923,Born outside the UK: Resident 2 years or more and less than 5 years,7,1,0,1,6,0,6
S01006923,Born outside the UK: Resident 5 years or more and less than 10 years,7,5,4,1,2,0,2
S01006923,Born outside the UK: Resident 10 years or more,23,21,9,12,2,1,1
S01006924,All people in households,556,475,211,264,81,2,79
S01006924,Born in the UK,520,450,206,244,70,2,68
S01006924,Born outside the UK: Total,36,25,5,20,11,0,11
S01006924,Born outside the UK: Resident less than 2 years,5,3,0,3,2,0,2
S01006924,Born outside the UK: Resident 2 years or more and less than 5 years,7,5,0,5,2,0,2
S01006924,Born outside the UK: Resident 5 years or more and less than 10 years,6,2,0,2,4,0,4
S01006924,Born outside the UK: Resident 10 years or more,18,15,5,10,3,0,3
S01006925,All people in households,499,431,194,237,68,37,31
S01006925,Born in the UK,470,418,188,230,52,37,15
S01006925,Born outside the UK: Total,29,13,6,7,16,0,16
S01006925,Born outside the UK: Resident less than 2 years,5,0,0,0,5,0,5
S01006925,Born outside the UK: Resident 2 years or more and less than 5 years,4,3,1,2,1,0,1
S01006925,Born outside the UK: Resident 5 years or more and less than 10 years,9,1,1,0,8,0,8
S01006925,Born outside the UK: Resident 10 years or more,11,9,4,5,2,0,2
S01006926,All people in households,737,654,152,502,83,30,53
S01006926,Born in the UK,680,617,146,471,63,28,35
S01006926,Born outside the UK: Total,57,37,6,31,20,2,18
S01006926,Born outside the UK: Resident less than 2 years,6,2,0,2,4,1,3
S01006926,Born outside the UK: Resident 2 years or more and less than 5 years,14,4,0,4,10,0,10
S01006926,Born outside the UK: Resident 5 years or more and less than 10 years,12,9,0,9,3,0,3
S01006926,Born outside the UK: Resident 10 years or more,25,22,6,16,3,1,2
S01006927,All people in households,1002,831,62,769,171,61,110
S01006927,Born in the UK,897,762,50,712,135,55,80
S01006927,Born outside the UK: Total,105,69,12,57,36,6,30
S01006927,Born outside the UK: Resident less than 2 years,10,9,3,6,1,0,1
S01006927,Born outside the UK: Resident 2 years or more and less than 5 years,36,15,0,15,21,0,21
S01006927,Born outside the UK: Resident 5 years or more and less than 10 years,28,24,0,24,4,1,3
S01006927,Born outside the UK: Resident 10 years or more,31,21,9,12,10,5,5
S01006928,All people in households,1033,794,276,518,239,63,176
S01006928,Born in the UK,950,764,268,496,186,60,126
S01006928,Born outside the UK: Total,83,30,8,22,53,3,50
S01006928,Born outside the UK: Resident less than 2 years,13,2,0,2,11,0,11
S01006928,Born outside the UK: Resident 2 years or more and less than 5 years,32,3,1,2,29,0,29
S01006928,Born outside the UK: Resident 5 years or more and less than 10 years,15,7,0,7,8,0,8
S01006928,Born outside the UK: Resident 10 years or more,23,18,7,11,5,3,2
S01006929,All people in households,836,776,305,471,60,6,54
S01006929,Born in the UK,746,720,287,433,26,6,20
S01006929,Born outside the UK: Total,90,56,18,38,34,0,34
S01006929,Born outside the UK: Resident less than 2 years,27,4,2,2,23,0,23
S01006929,Born outside the UK: Resident 2 years or more and less than 5 years,16,12,1,11,4,0,4
S01006929,Born outside the UK: Resident 5 years or more and less than 10 years,11,10,0,10,1,0,1
S01006929,Born outside the UK: Resident 10 years or more,36,30,15,15,6,0,6
S01006930,All people in households,889,861,372,489,28,4,24
S01006930,Born in the UK,843,826,361,465,17,4,13
S01006930,Born outside the UK: Total,46,35,11,24,11,0,11
S01006930,Born outside the UK: Resident less than 2 years,16,6,1,5,10,0,10
S01006930,Born outside the UK: Resident 2 years or more and less than 5 years,0,0,0,0,0,0,0
S01006930,Born outside the UK: Resident 5 years or more and less than 10 years,8,8,2,6,0,0,0
S01006930,Born outside the UK: Resident 10 years or more,22,21,8,13,1,0,1
S01006931,All people in households,392,247,100,147,145,5,140
S01006931,Born in the UK,369,235,97,138,134,5,129
S01006931,Born outside the UK: Total,23,12,3,9,11,0,11
S01006931,Born outside the UK: Resident less than 2 years,1,0,0,0,1,0,1
S01006931,Born outside the UK: Resident 2 years or more and less than 5 years,1,1,0,1,0,0,0
S01006931,Born outside the UK: Resident 5 years or more and less than 10 years,4,1,0,1,3,0,3
S01006931,Born outside the UK: Resident 10 years or more,17,10,3,7,7,0,7
S01006932,All people in households,614,494,78,416,120,104,16
S01006932,Born in the UK,580,463,75,388,117,102,15
S01006932,Born outside the UK: Total,34,31,3,28,3,2,1
S01006932,Born outside the UK: Resident less than 2 years,1,1,1,0,0,0,0
S01006932,Born outside the UK: Resident 2 years or more and less than 5 years,5,5,0,5,0,0,0
S01006932,Born outside the UK: Resident 5 years or more and less than 10 years,6,5,0,5,1,1,0
S01006932,Born outside the UK: Resident 10 years or more,22,20,2,18,2,1,1
S01006933,All people in households,580,558,167,391,22,3,19
S01006933,Born in the UK,550,537,163,374,13,2,11
S01006933,Born outside the UK: Total,30,21,4,17,9,1,8
S01006933,Born outside the UK: Resident less than 2 years,1,0,0,0,1,0,1
S01006933,Born outside the UK: Resident 2 years or more and less than 5 years,9,3,0,3,6,0,6
S01006933,Born outside the UK: Resident 5 years or more and less than 10 years,5,5,0,5,0,0,0
S01006933,Born outside the UK: Resident 10 years or more,15,13,4,9,2,1,1
S01006934,All people in households,558,401,189,212,157,43,114
S01006934,Born in the UK,511,375,178,197,136,41,95
S01006934,Born outside the UK: Total,47,26,11,15,21,2,19
S01006934,Born outside the UK: Resident less than 2 years,5,1,0,1,4,0,4
S01006934,Born outside the UK: Resident 2 years or more and less than 5 years,12,7,0,7,5,0,5
S01006934,Born outside the UK: Resident 5 years or more and less than 10 years,9,2,2,0,7,0,7
S01006934,Born outside the UK: Resident 10 years or more,21,16,9,7,5,2,3
S01006935,All people in households,699,658,317,341,41,8,33
S01006935,Born in the UK,660,634,310,324,26,3,23
S01006935,Born outside the UK: Total,39,24,7,17,15,5,10
S01006935,Born outside the UK: Resident less than 2 years,2,0,0,0,2,0,2
S01006935,Born outside the UK: Resident 2 years or more and less than 5 years,7,0,0,0,7,5,2
S01006935,Born outside the UK: Resident 5 years or more and less than 10 years,6,6,0,6,0,0,0
S01006935,Born outside the UK: Resident 10 years or more,24,18,7,11,6,0,6
S01006936,All people in households,643,562,233,329,81,46,35
S01006936,Born in the UK,620,551,227,324,69,40,29
S01006936,Born outside the UK: Total,23,11,6,5,12,6,6
S01006936,Born outside the UK: Resident less than 2 years,0,0,0,0,0,0,0
S01006936,Born outside the UK: Resident 2 years or more and less than 5 years,2,0,0,0,2,0,2
S01006936,Born outside the UK: Resident 5 years or more and less than 10 years,6,1,1,0,5,2,3
S01006936,Born outside the UK: Resident 10 years or more,15,10,5,5,5,4,1
S01006937,All people in households,730,654,263,391,76,12,64
S01006937,Born in the UK,666,615,246,369,51,10,41
S01006937,Born outside the UK: Total,64,39,17,22,25,2,23
S01006937,Born outside the UK: Resident less than 2 years,10,0,0,0,10,0,10
S01006937,Born outside the UK: Resident 2 years or more and less than 5 years,18,9,5,4,9,0,9
S01006937,Born outside the UK: Resident 5 years or more and less than 10 years,4,3,0,3,1,0,1
S01006937,Born outside the UK: Resident 10 years or more,32,27,12,15,5,2,3
S01006938,All people in households,537,429,155,274,108,61,47
S01006938,Born in the UK,482,393,142,251,89,59,30
S01006938,Born outside the UK: Total,55,36,13,23,19,2,17
S01006938,Born outside the UK: Resident less than 2 years,16,2,0,2,14,0,14
S01006938,Born outside the UK: Resident 2 years or more and less than 5 years,6,6,0,6,0,0,0
S01006938,Born outside the UK: Resident 5 years or more and less than 10 years,5,3,0,3,2,0,2
S01006938,Born outside the UK: Resident 10 years or more,28,25,13,12,3,2,1
S01006939,All people in households,615,584,212,372,31,7,24
S01006939,Born in the UK,581,552,207,345,29,7,22
S01006939,Born outside the UK: Total,34,32,5,27,2,0,2
S01006939,Born outside the UK: Resident less than 2 years,1,0,0,0,1,0,1
S01006939,Born outside the UK: Resident 2 years or more and less than 5 years,5,5,0,5,0,0,0
S01006939,Born outside the UK: Resident 5 years or more and less than 10 years,5,5,0,5,0,0,0
S01006939,Born outside the UK: Resident 10 years or more,23,22,5,17,1,0,1
S01006940,All people in households,939,840,290,550,99,16,83
S01006940,Born in the UK,855,781,277,504,74,16,58
S01006940,Born outside the UK: Total,84,59,13,46,25,0,25
S01006940,Born outside the UK: Resident less than 2 years,14,3,0,3,11,0,11
S01006940,Born outside the UK: Resident 2 years or more and less than 5 years,16,9,1,8,7,0,7
S01006940,Born outside the UK: Resident 5 years or more and less than 10 years,17,13,0,13,4,0,4
S01006940,Born outside the UK: Resident 10 years or more,37,34,12,22,3,0,3
S01006941,All people in households,626,570,183,387,56,36,20
S01006941,Born in the UK,579,531,173,358,48,32,16
S01006941,Born outside the UK: Total,47,39,10,29,8,4,4
S01006941,Born outside the UK: Resident less than 2 years,2,2,0,2,0,0,0
S01006941,Born outside the UK: Resident 2 years or more and less than 5 years,12,7,0,7,5,2,3
S01006941,Born outside the UK: Resident 5 years or more and less than 10 years,4,4,0,4,0,0,0
S01006941,Born outside the UK: Resident 10 years or more,29,26,10,16,3,2,1
S01006942,All people in households,1082,995,308,687,87,26,61
S01006942,Born in the UK,996,927,295,632,69,26,43
S01006942,Born outside the UK: Total,86,68,13,55,18,0,18
S01006942,Born outside the UK: Resident less than 2 years,11,4,3,1,7,0,7
S01006942,Born outside the UK: Resident 2 years or more and less than 5 years,9,4,1,3,5,0,5
S01006942,Born outside the UK: Resident 5 years or more and less than 10 years,38,35,1,34,3,0,3
S01006942,Born outside the UK: Resident 10 years or more,28,25,8,17,3,0,3
S01006943,All people in households,682,627,121,506,55,2,53
S01006943,Born in the UK,621,592,119,473,29,2,27
S01006943,Born outside the UK: Total,61,35,2,33,26,0,26
S01006943,Born outside the UK: Resident less than 2 years,14,4,2,2,10,0,10
S01006943,Born outside the UK: Resident 2 years or more and less than 5 years,15,2,0,2,13,0,13
S01006943,Born outside the UK: Resident 5 years or more and less than 10 years,18,18,0,18,0,0,0
S01006943,Born outside the UK: Resident 10 years or more,14,11,0,11,3,0,3
S01006944,All people in households,874,684,79,605,190,115,75
S01006944,Born in the UK,772,623,72,551,149,107,42
S01006944,Born outside the UK: Total,102,61,7,54,41,8,33
S01006944,Born outside the UK: Resident less than 2 years,31,5,3,2,26,0,26
S01006944,Born outside the UK: Resident 2 years or more and less than 5 years,21,14,0,14,7,3,4
S01006944,Born outside the UK: Resident 5 years or more and less than 10 years,31,26,0,26,5,4,1
S01006944,Born outside the UK: Resident 10 years or more,19,16,4,12,3,1,2
S01006945,All people in households,508,478,175,303,30,7,23
S01006945,Born in the UK,475,458,164,294,17,7,10
S01006945,Born outside the UK: Total,33,20,11,9,13,0,13
S01006945,Born outside the UK: Resident less than 2 years,3,2,1,1,1,0,1
S01006945,Born outside the UK: Resident 2 years or more and less than 5 years,18,7,2,5,11,0,11
S01006945,Born outside the UK: Resident 5 years or more and less than 10 years,2,1,1,0,1,0,1
S01006945,Born outside the UK: Resident 10 years or more,10,10,7,3,0,0,0
S01006946,All people in households,800,721,253,468,79,15,64
S01006946,Born in the UK,757,694,250,444,63,14,49
S01006946,Born outside the UK: Total,43,27,3,24,16,1,15
S01006946,Born outside the UK: Resident less than 2 years,4,2,0,2,2,0,2
S01006946,Born outside the UK: Resident 2 years or more and less than 5 years,9,1,0,1,8,0,8
S01006946,Born outside the UK: Resident 5 years or more and less than 10 years,13,9,0,9,4,0,4
S01006946,Born outside the UK: Resident 10 years or more,17,15,3,12,2,1,1
S01006947,All people in households,861,725,94,631,136,90,46
S01006947,Born in the UK,812,694,92,602,118,88,30
S01006947,Born outside the UK: Total,49,31,2,29,18,2,16
S01006947,Born outside the UK: Resident less than 2 years,2,1,0,1,1,0,1
S01006947,Born outside the UK: Resident 2 years or more and less than 5 years,15,8,0,8,7,0,7
S01006947,Born outside the UK: Resident 5 years or more and less than 10 years,9,4,0,4,5,0,5
S01006947,Born outside the UK: Resident 10 years or more,23,18,2,16,5,2,3
S01006948,All people in households,871,722,324,398,149,80,69
S01006948,Born in the UK,832,691,317,374,141,80,61
S01006948,Born outside the UK: Total,39,31,7,24,8,0,8
S01006948,Born outside the UK: Resident less than 2 years,5,1,1,0,4,0,4
S01006948,Born outside the UK: Resident 2 years or more and less than 5 years,2,2,0,2,0,0,0
S01006948,Born outside the UK: Resident 5 years or more and less than 10 years,14,12,1,11,2,0,2
S01006948,Born outside the UK: Resident 10 years or more,18,16,5,11,2,0,2
S01006949,All people in households,655,606,223,383,49,12,37
S01006949,Born in the UK,623,583,218,365,40,12,28
S01006949,Born outside the UK: Total,32,23,5,18,9,0,9
S01006949,Born outside the UK: Resident less than 2 years,6,0,0,0,6,0,6
S01006949,Born outside the UK: Resident 2 years or more and less than 5 years,5,3,1,2,2,0,2
S01006949,Born outside the UK: Resident 5 years or more and less than 10 years,2,2,0,2,0,0,0
S01006949,Born outside the UK: Resident 10 years or more,19,18,4,14,1,0,1
S01006950,All people in households,548,409,20,389,139,109,30
S01006950,Born in the UK,521,390,20,370,131,108,23
S01006950,Born outside the UK: Total,27,19,0,19,8,1,7
S01006950,Born outside the UK: Resident less than 2 years,0,0,0,0,0,0,0
S01006950,Born outside the UK: Resident 2 years or more and less than 5 years,9,3,0,3,6,0,6
S01006950,Born outside the UK: Resident 5 years or more and less than 10 years,8,7,0,7,1,1,0
S01006950,Born outside the UK: Resident 10 years or more,10,9,0,9,1,0,1
S01006951,All people in households,470,418,180,238,52,34,18
S01006951,Born in the UK,440,397,177,220,43,34,9
S01006951,Born outside the UK: Total,30,21,3,18,9,0,9
S01006951,Born outside the UK: Resident less than 2 years,1,0,0,0,1,0,1
S01006951,Born outside the UK: Resident 2 years or more and less than 5 years,13,8,0,8,5,0,5
S01006951,Born outside the UK: Resident 5 years or more and less than 10 years,5,5,0,5,0,0,0
S01006951,Born outside the UK: Resident 10 years or more,11,8,3,5,3,0,3
S01006952,All people in households,827,684,349,335,143,51,92
S01006952,Born in the UK,791,660,337,323,131,49,82
S01006952,Born outside the UK: Total,36,24,12,12,12,2,10
S01006952,Born outside the UK: Resident less than 2 years,7,5,1,4,2,0,2
S01006952,Born outside the UK: Resident 2 years or more and less than 5 years,5,2,2,0,3,1,2
S01006952,Born outside the UK: Resident 5 years or more and less than 10 years,2,1,1,0,1,0,1
S01006952,Born outside the UK: Resident 10 years or more,22,16,8,8,6,1,5
S01006953,All people in households,793,743,244,499,50,12,38
S01006953,Born in the UK,748,712,238,474,36,12,24
S01006953,Born outside the UK: Total,45,31,6,25,14,0,14
S01006953,Born outside the UK: Resident less than 2 years,2,2,0,2,0,0,0
S01006953,Born outside the UK: Resident 2 years or more and less than 5 years,16,8,0,8,8,0,8
S01006953,Born outside the UK: Resident 5 years or more and less than 10 years,10,6,0,6,4,0,4
S01006953,Born outside the UK: Resident 10 years or more,17,15,6,9,2,0,2
S01006954,All people in households,829,773,336,437,56,14,42
S01006954,Born in the UK,793,752,326,426,41,13,28
S01006954,Born outside the UK: Total,36,21,10,11,15,1,14
S01006954,Born outside the UK: Resident less than 2 years,8,1,1,0,7,0,7
S01006954,Born outside the UK: Resident 2 years or more and less than 5 years,1,1,0,1,0,0,0
S01006954,Born outside the UK: Resident 5 years or more and less than 10 years,4,3,0,3,1,0,1
S01006954,Born outside the UK: Resident 10 years or more,23,16,9,7,7,1,6
S01006955,All people in households,622,420,76,344,202,151,51
S01006955,Born in the UK,599,412,76,336,187,146,41
S01006955,Born outside the UK: Total,23,8,0,8,15,5,10
S01006955,Born outside the UK: Resident less than 2 years,0,0,0,0,0,0,0
S01006955,Born outside the UK: Resident 2 years or more and less than 5 years,8,1,0,1,7,1,6
S01006955,Born outside the UK: Resident 5 years or more and less than 10 years,7,2,0,2,5,4,1
S01006955,Born outside the UK: Resident 10 years or more,8,5,0,5,3,0,3
S01006956,All people in households,1105,939,169,770,166,94,72
S01006956,Born in the UK,1005,870,162,708,135,90,45
S01006956,Born outside the UK: Total,100,69,7,62,31,4,27
S01006956,Born outside the UK: Resident less than 2 years,9,3,1,2,6,0,6
S01006956,Born outside the UK: Resident 2 years or more and less than 5 years,18,5,0,5,13,2,11
S01006956,Born outside the UK: Resident 5 years or more and less than 10 years,23,18,1,17,5,1,4
S01006956,Born outside the UK: Resident 10 years or more,50,43,5,38,7,1,6
S01006957,All people in households,1053,916,288,628,137,22,115
S01006957,Born in the UK,992,868,279,589,124,20,104
S01006957,Born outside the UK: Total,61,48,9,39,13,2,11
S01006957,Born outside the UK: Resident less than 2 years,3,0,0,0,3,1,2
S01006957,Born outside the UK: Resident 2 years or more and less than 5 years,6,3,0,3,3,1,2
S01006957,Born outside the UK: Resident 5 years or more and less than 10 years,11,9,1,8,2,0,2
S01006957,Born outside the UK: Resident 10 years or more,41,36,8,28,5,0,5
S01006958,All people in households,876,796,413,383,80,12,68
S01006958,Born in the UK,842,776,404,372,66,10,56
S01006958,Born outside the UK: Total,34,20,9,11,14,2,12
S01006958,Born outside the UK: Resident less than 2 years,8,0,0,0,8,0,8
S01006958,Born outside the UK: Resident 2 years or more and less than 5 years,2,0,0,0,2,0,2
S01006958,Born outside the UK: Resident 5 years or more and less than 10 years,6,5,2,3,1,1,0
S01006958,Born outside the UK: Resident 10 years or more,18,15,7,8,3,1,2
S01006959,All people in households,680,401,201,200,279,210,69
S01006959,Born in the UK,658,386,194,192,272,203,69
S01006959,Born outside the UK: Total,22,15,7,8,7,7,0
S01006959,Born outside the UK: Resident less than 2 years,0,0,0,0,0,0,0
S01006959,Born outside the UK: Resident 2 years or more and less than 5 years,5,5,0,5,0,0,0
S01006959,Born outside the UK: Resident 5 years or more and less than 10 years,5,5,3,2,0,0,0
S01006959,Born outside the UK: Resident 10 years or more,12,5,4,1,7,7,0
S01006960,All people in households,976,874,135,739,102,66,36
S01006960,Born in the UK,935,843,133,710,92,64,28
S01006960,Born outside the UK: Total,41,31,2,29,10,2,8
S01006960,Born outside the UK: Resident less than 2 years,4,2,0,2,2,0,2
S01006960,Born outside the UK: Resident 2 years or more and less than 5 years,10,7,0,7,3,0,3
S01006960,Born outside the UK: Resident 5 years or more and less than 10 years,5,4,0,4,1,0,1
S01006960,Born outside the UK: Resident 10 years or more,22,18,2,16,4,2,2
S01006961,All people in households,984,919,77,842,65,4,61
S01006961,Born in the UK,934,882,71,811,52,4,48
S01006961,Born outside the UK: Total,50,37,6,31,13,0,13
S01006961,Born outside the UK: Resident less than 2 years,7,3,0,3,4,0,4
S01006961,Born outside the UK: Resident 2 years or more and less than 5 years,15,10,0,10,5,0,5
S01006961,Born outside the UK: Resident 5 years or more and less than 10 years,8,8,0,8,0,0,0
S01006961,Born outside the UK: Resident 10 years or more,20,16,6,10,4,0,4
S01006962,All people in households,871,793,384,409,78,5,73
S01006962,Born in the UK,834,774,378,396,60,4,56
S01006962,Born outside the UK: Total,37,19,6,13,18,1,17
S01006962,Born outside the UK: Resident less than 2 years,3,0,0,0,3,0,3
S01006962,Born outside the UK: Resident 2 years or more and less than 5 years,11,1,0,1,10,0,10
S01006962,Born outside the UK: Resident 5 years or more and less than 10 years,6,5,0,5,1,0,1
S01006962,Born outside the UK: Resident 10 years or more,17,13,6,7,4,1,3
S01006963,All people in households,663,602,239,363,61,6,55
S01006963,Born in the UK,648,588,236,352,60,6,54
S01006963,Born outside the UK: Total,15,14,3,11,1,0,1
S01006963,Born outside the UK: Resident less than 2 years,1,1,0,1,0,0,0
S01006963,Born outside the UK: Resident 2 years or more and less than 5 years,0,0,0,0,0,0,0
S01006963,Born outside the UK: Resident 5 years or more and less than 10 years,5,5,0,5,0,0,0
S01006963,Born outside the UK: Resident 10 years or more,9,8,3,5,1,0,1
S01006964,All people in households,741,614,231,383,127,6,121
S01006964,Born in the UK,696,588,224,364,108,3,105
S01006964,Born outside the UK: Total,45,26,7,19,19,3,16
S01006964,Born outside the UK: Resident less than 2 years,4,1,1,0,3,0,3
S01006964,Born outside the UK: Resident 2 years or more and less than 5 years,12,6,0,6,6,2,4
S01006964,Born outside the UK: Resident 5 years or more and less than 10 years,7,1,0,1,6,1,5
S01006964,Born outside the UK: Resident 10 years or more,22,18,6,12,4,0,4
S01006965,All people in households,488,417,192,225,71,33,38
S01006965,Born in the UK,467,399,189,210,68,32,36
S01006965,Born outside the UK: Total,21,18,3,15,3,1,2
S01006965,Born outside the UK: Resident less than 2 years,2,2,0,2,0,0,0
S01006965,Born outside the UK: Resident 2 years or more and less than 5 years,1,1,0,1,0,0,0
S01006965,Born outside the UK: Resident 5 years or more and less than 10 years,6,6,1,5,0,0,0
S01006965,Born outside the UK: Resident 10 years or more,12,9,2,7,3,1,2
S01006966,All people in households,602,402,97,305,200,160,40
S01006966,Born in the UK,586,392,93,299,194,156,38
S01006966,Born outside the UK: Total,16,10,4,6,6,4,2
S01006966,Born outside the UK: Resident less than 2 years,1,0,0,0,1,0,1
S01006966,Born outside the UK: Resident 2 years or more and less than 5 years,1,0,0,0,1,1,0
S01006966,Born outside the UK: Resident 5 years or more and less than 10 years,2,2,1,1,0,0,0
S01006966,Born outside the UK: Resident 10 years or more,12,8,3,5,4,3,1
S01006967,All people in households,629,604,170,434,25,1,24
S01006967,Born in the UK,615,592,167,425,23,1,22
S01006967,Born outside the UK: Total,14,12,3,9,2,0,2
S01006967,Born outside the UK: Resident less than 2 years,0,0,0,0,0,0,0
S01006967,Born outside the UK: Resident 2 years or more and less than 5 years,0,0,0,0,0,0,0
S01006967,Born outside the UK: Resident 5 years or more and less than 10 years,4,4,0,4,0,0,0
S01006967,Born outside the UK: Resident 10 years or more,10,8,3,5,2,0,2
S01006968,All people in households,514,393,147,246,121,76,45
S01006968,Born in the UK,503,390,147,243,113,75,38
S01006968,Born outside the UK: Total,11,3,0,3,8,1,7
S01006968,Born outside the UK: Resident less than 2 years,0,0,0,0,0,0,0
S01006968,Born outside the UK: Resident 2 years or more and less than 5 years,6,0,0,0,6,0,6
S01006968,Born outside the UK: Resident 5 years or more and less than 10 years,0,0,0,0,0,0,0
S01006968,Born outside the UK: Resident 10 years or more,5,3,0,3,2,1,1
S01006969,All people in households,889,732,283,449,157,75,82
S01006969,Born in the UK,847,704,274,430,143,75,68
S01006969,Born outside the UK: Total,42,28,9,19,14,0,14
S01006969,Born outside the UK: Resident less than 2 years,3,0,0,0,3,0,3
S01006969,Born outside the UK: Resident 2 years or more and less than 5 years,17,11,1,10,6,0,6
S01006969,Born outside the UK: Resident 5 years or more and less than 10 years,5,3,0,3,2,0,2
S01006969,Born outside the UK: Resident 10 years or more,17,14,8,6,3,0,3
S01006970,All people in households,712,630,247,383,82,24,58
S01006970,Born in the UK,673,601,243,358,72,24,48
S01006970,Born outside the UK: Total,39,29,4,25,10,0,10
S01006970,Born outside the UK: Resident less than 2 years,3,0,0,0,3,0,3
S01006970,Born outside the UK: Resident 2 years or more and less than 5 years,4,1,0,1,3,0,3
S01006970,Born outside the UK: Resident 5 years or more and less than 10 years,9,8,0,8,1,0,1
S01006970,Born outside the UK: Resident 10 years or more,23,20,4,16,3,0,3
S01006971,All people in households,510,304,138,166,206,178,28
S01006971,Born in the UK,498,295,135,160,203,175,28
S01006971,Born outside the UK: Total,12,9,3,6,3,3,0
S01006971,Born outside the UK: Resident less than 2 years,0,0,0,0,0,0,0
S01006971,Born outside the UK: Resident 2 years or more and less than 5 years,3,0,0,0,3,3,0
S01006971,Born outside the UK: Resident 5 years or more and less than 10 years,1,1,0,1,0,0,0
S01006971,Born outside the UK: Resident 10 years or more,8,8,3,5,0,0,0
S01006972,All people in households,522,449,223,226,73,12,61
S01006972,Born in the UK,513,443,221,222,70,12,58
S01006972,Born outside the UK: Total,9,6,2,4,3,0,3
S01006972,Born outside the UK: Resident less than 2 years,0,0,0,0,0,0,0
S01006972,Born outside the UK: Resident 2 years or more and less than 5 years,2,1,0,1,1,0,1
S01006972,Born outside the UK: Resident 5 years or more and less than 10 years,1,1,0,1,0,0,0
S01006972,Born outside the UK: Resident 10 years or more,6,4,2,2,2,0,2
S01006973,All people in households,522,439,226,213,83,51,32
S01006973,Born in the UK,504,423,220,203,81,51,30
S01006973,Born outside the UK: Total,18,16,6,10,2,0,2
S01006973,Born outside the UK: Resident less than 2 years,1,1,0,1,0,0,0
S01006973,Born outside the UK: Resident 2 years or more and less than 5 years,0,0,0,0,0,0,0
S01006973,Born outside the UK: Resident 5 years or more and less than 10 years,5,4,0,4,1,0,1
S01006973,Born outside the UK: Resident 10 years or more,12,11,6,5,1,0,1
S01006974,All people in households,1037,887,255,632,150,89,61
S01006974,Born in the UK,972,840,238,602,132,81,51
S01006974,Born outside the UK: Total,65,47,17,30,18,8,10
S01006974,Born outside the UK: Resident less than 2 years,3,2,2,0,1,0,1
S01006974,Born outside the UK: Resident 2 years or more and less than 5 years,3,0,0,0,3,3,0
S01006974,Born outside the UK: Resident 5 years or more and less than 10 years,9,6,1,5,3,0,3
S01006974,Born outside the UK: Resident 10 years or more,50,39,14,25,11,5,6
S01006975,All people in households,951,804,300,504,147,24,123
S01006975,Born in the UK,907,780,296,484,127,24,103
S01006975,Born outside the UK: Total,44,24,4,20,20,0,20
S01006975,Born outside the UK: Resident less than 2 years,3,0,0,0,3,0,3
S01006975,Born outside the UK: Resident 2 years or more and less than 5 years,14,2,0,2,12,0,12
S01006975,Born outside the UK: Resident 5 years or more and less than 10 years,6,4,0,4,2,0,2
S01006975,Born outside the UK: Resident 10 years or more,21,18,4,14,3,0,3
S01006976,All people in households,446,381,179,202,65,1,64
S01006976,Born in the UK,425,365,173,192,60,1,59
S01006976,Born outside the UK: Total,21,16,6,10,5,0,5
S01006976,Born outside the UK: Resident less than 2 years,1,0,0,0,1,0,1
S01006976,Born outside the UK: Resident 2 years or more and less than 5 years,1,0,0,0,1,0,1
S01006976,Born outside the UK: Resident 5 years or more and less than 10 years,3,1,1,0,2,0,2
S01006976,Born outside the UK: Resident 10 years or more,16,15,5,10,1,0,1
S01006977,All people in households,823,534,176,358,289,24,265
S01006977,Born in the UK,792,518,173,345,274,24,250
S01006977,Born outside the UK: Total,31,16,3,13,15,0,15
S01006977,Born outside the UK: Resident less than 2 years,2,0,0,0,2,0,2
S01006977,Born outside the UK: Resident 2 years or more and less than 5 years,11,4,0,4,7,0,7
S01006977,Born outside the UK: Resident 5 years or more and less than 10 years,5,2,1,1,3,0,3
S01006977,Born outside the UK: Resident 10 years or more,13,10,2,8,3,0,3
S01006978,All people in households,855,630,261,369,225,105,120
S01006978,Born in the UK,822,611,254,357,211,98,113
S01006978,Born outside the UK: Total,33,19,7,12,14,7,7
S01006978,Born outside the UK: Resident less than 2 years,6,1,0,1,5,0,5
S01006978,Born outside the UK: Resident 2 years or more and less than 5 years,9,3,0,3,6,5,1
S01006978,Born outside the UK: Resident 5 years or more and less than 10 years,1,1,1,0,0,0,0
S01006978,Born outside the UK: Resident 10 years or more,17,14,6,8,3,2,1
S01006979,All people in households,842,631,280,351,211,112,99
S01006979,Born in the UK,816,617,272,345,199,108,91
S01006979,Born outside the UK: Total,26,14,8,6,12,4,8
S01006979,Born outside the UK: Resident less than 2 years,3,0,0,0,3,0,3
S01006979,Born outside the UK: Resident 2 years or more and less than 5 years,1,0,0,0,1,1,0
S01006979,Born outside the UK: Resident 5 years or more and less than 10 years,4,1,1,0,3,0,3
S01006979,Born outside the UK: Resident 10 years or more,18,13,7,6,5,3,2
S01006980,All people in households,843,676,285,391,167,15,152
S01006980,Born in the UK,790,648,273,375,142,13,129
S01006980,Born outside the UK: Total,53,28,12,16,25,2,23
S01006980,Born outside the UK: Resident less than 2 years,8,1,1,0,7,0,7
S01006980,Born outside the UK: Resident 2 years or more and less than 5 years,6,1,0,1,5,0,5
S01006980,Born outside the UK: Resident 5 years or more and less than 10 years,8,3,0,3,5,1,4
S01006980,Born outside the UK: Resident 10 years or more,31,23,11,12,8,1,7
S01006981,All people in households,798,608,260,348,190,80,110
S01006981,Born in the UK,764,589,254,335,175,75,100
S01006981,Born outside the UK: Total,34,19,6,13,15,5,10
S01006981,Born outside the UK: Resident less than 2 years,6,5,4,1,1,0,1
S01006981,Born outside the UK: Resident 2 years or more and less than 5 years,8,1,0,1,7,1,6
S01006981,Born outside the UK: Resident 5 years or more and less than 10 years,8,5,0,5,3,3,0
S01006981,Born outside the UK: Resident 10 years or more,12,8,2,6,4,1,3
S01006982,All people in households,910,746,161,585,164,120,44
S01006982,Born in the UK,865,719,152,567,146,118,28
S01006982,Born outside the UK: Total,45,27,9,18,18,2,16
S01006982,Born outside the UK: Resident less than 2 years,15,1,1,0,14,0,14
S01006982,Born outside the UK: Resident 2 years or more and less than 5 years,4,4,0,4,0,0,0
S01006982,Born outside the UK: Resident 5 years or more and less than 10 years,6,4,2,2,2,0,2
S01006982,Born outside the UK: Resident 10 years or more,20,18,6,12,2,2,0
S01006983,All people in households,743,618,188,430,125,37,88
S01006983,Born in the UK,716,596,183,413,120,37,83
S01006983,Born outside the UK: Total,27,22,5,17,5,0,5
S01006983,Born outside the UK: Resident less than 2 years,2,0,0,0,2,0,2
S01006983,Born outside the UK: Resident 2 years or more and less than 5 years,3,2,0,2,1,0,1
S01006983,Born outside the UK: Resident 5 years or more and less than 10 years,1,1,0,1,0,0,0
S01006983,Born outside the UK: Resident 10 years or more,21,19,5,14,2,0,2
S01006984,All people in households,702,566,202,364,136,24,112
S01006984,Born in the UK,652,540,192,348,112,24,88
S01006984,Born outside the UK: Total,50,26,10,16,24,0,24
S01006984,Born outside the UK: Resident less than 2 years,5,1,0,1,4,0,4
S01006984,Born outside the UK: Resident 2 years or more and less than 5 years,13,0,0,0,13,0,13
S01006984,Born outside the UK: Resident 5 years or more and less than 10 years,7,4,0,4,3,0,3
S01006984,Born outside the UK: Resident 10 years or more,25,21,10,11,4,0,4
S01006985,All people in households,1006,776,333,443,230,175,55
S01006985,Born in the UK,976,751,325,426,225,173,52
S01006985,Born outside the UK: Total,30,25,8,17,5,2,3
S01006985,Born outside the UK: Resident less than 2 years,2,2,0,2,0,0,0
S01006985,Born outside the UK: Resident 2 years or more and less than 5 years,2,2,1,1,0,0,0
S01006985,Born outside the UK: Resident 5 years or more and less than 10 years,7,6,2,4,1,0,1
S01006985,Born outside the UK: Resident 10 years or more,19,15,5,10,4,2,2
S01006986,All people in households,646,523,121,402,123,70,53
S01006986,Born in the UK,607,489,120,369,118,69,49
S01006986,Born outside the UK: Total,39,34,1,33,5,1,4
S01006986,Born outside the UK: Resident less than 2 years,0,0,0,0,0,0,0
S01006986,Born outside the UK: Resident 2 years or more and less than 5 years,8,8,0,8,0,0,0
S01006986,Born outside the UK: Resident 5 years or more and less than 10 years,8,7,0,7,1,0,1
S01006986,Born outside the UK: Resident 10 years or more,23,19,1,18,4,1,3
S01006987,All people in households,665,479,209,270,186,122,64
S01006987,Born in the UK,621,461,201,260,160,110,50
S01006987,Born outside the UK: Total,44,18,8,10,26,12,14
S01006987,Born outside the UK: Resident less than 2 years,5,2,1,1,3,0,3
S01006987,Born outside the UK: Resident 2 years or more and less than 5 years,14,3,1,2,11,3,8
S01006987,Born outside the UK: Resident 5 years or more and less than 10 years,8,3,1,2,5,5,0
S01006987,Born outside the UK: Resident 10 years or more,17,10,5,5,7,4,3
S01006988,All people in households,612,447,103,344,165,104,61
S01006988,Born in the UK,584,426,100,326,158,103,55
S01006988,Born outside the UK: Total,28,21,3,18,7,1,6
S01006988,Born outside the UK: Resident less than 2 years,2,1,0,1,1,0,1
S01006988,Born outside the UK: Resident 2 years or more and less than 5 years,3,2,1,1,1,0,1
S01006988,Born outside the UK: Resident 5 years or more and less than 10 years,8,8,0,8,0,0,0
S01006988,Born outside the UK: Resident 10 years or more,15,10,2,8,5,1,4
S01006989,All people in households,1026,923,396,527,103,26,77
S01006989,Born in the UK,979,882,371,511,97,26,71
S01006989,Born outside the UK: Total,47,41,25,16,6,0,6
S01006989,Born outside the UK: Resident less than 2 years,4,3,0,3,1,0,1
S01006989,Born outside the UK: Resident 2 years or more and less than 5 years,7,2,0,2,5,0,5
S01006989,Born outside the UK: Resident 5 years or more and less than 10 years,3,3,2,1,0,0,0
S01006989,Born outside the UK: Resident 10 years or more,33,33,23,10,0,0,0
S01006990,All people in households,905,741,148,593,164,43,121
S01006990,Born in the UK,825,688,144,544,137,32,105
S01006990,Born outside the UK: Total,80,53,4,49,27,11,16
S01006990,Born outside the UK: Resident less than 2 years,15,1,0,1,14,0,14
S01006990,Born outside the UK: Resident 2 years or more and less than 5 years,24,16,3,13,8,8,0
S01006990,Born outside the UK: Resident 5 years or more and less than 10 years,20,18,0,18,2,1,1
S01006990,Born outside the UK: Resident 10 years or more,21,18,1,17,3,2,1
S01006991,All people in households,443,287,160,127,156,115,41
S01006991,Born in the UK,426,281,157,124,145,115,30
S01006991,Born outside the UK: Total,17,6,3,3,11,0,11
S01006991,Born outside the UK: Resident less than 2 years,4,0,0,0,4,0,4
S01006991,Born outside the UK: Resident 2 years or more and less than 5 years,3,0,0,0,3,0,3
S01006991,Born outside the UK: Resident 5 years or more and less than 10 years,1,1,0,1,0,0,0
S01006991,Born outside the UK: Resident 10 years or more,9,5,3,2,4,0,4
S01006992,All people in households,608,530,224,306,78,4,74
S01006992,Born in the UK,579,504,215,289,75,4,71
S01006992,Born outside the UK: Total,29,26,9,17,3,0,3
S01006992,Born outside the UK: Resident less than 2 years,0,0,0,0,0,0,0
S01006992,Born outside the UK: Resident 2 years or more and less than 5 years,5,5,0,5,0,0,0
S01006992,Born outside the UK: Resident 5 years or more and less than 10 years,5,3,0,3,2,0,2
S01006992,Born outside the UK: Resident 10 years or more,19,18,9,9,1,0,1
S01006993,All people in households,535,440,195,245,95,12,83
S01006993,Born in the UK,511,422,184,238,89,9,80
S01006993,Born outside the UK: Total,24,18,11,7,6,3,3
S01006993,Born outside the UK: Resident less than 2 years,1,0,0,0,1,0,1
S01006993,Born outside the UK: Resident 2 years or more and less than 5 years,3,0,0,0,3,3,0
S01006993,Born outside the UK: Resident 5 years or more and less than 10 years,2,2,2,0,0,0,0
S01006993,Born outside the UK: Resident 10 years or more,18,16,9,7,2,0,2
S01006994,All people in households,559,436,196,240,123,21,102
S01006994,Born in the UK,540,424,192,232,116,20,96
S01006994,Born outside the UK: Total,19,12,4,8,7,1,6
S01006994,Born outside the UK: Resident less than 2 years,3,1,1,0,2,0,2
S01006994,Born outside the UK: Resident 2 years or more and less than 5 years,1,0,0,0,1,0,1
S01006994,Born outside the UK: Resident 5 years or more and less than 10 years,1,1,0,1,0,0,0
S01006994,Born outside the UK: Resident 10 years or more,14,10,3,7,4,1,3
S01006995,All people in households,859,657,257,400,202,39,163
S01006995,Born in the UK,825,638,248,390,187,35,152
S01006995,Born outside the UK: Total,34,19,9,10,15,4,11
S01006995,Born outside the UK: Resident less than 2 years,0,0,0,0,0,0,0
S01006995,Born outside the UK: Resident 2 years or more and less than 5 years,7,0,0,0,7,4,3
S01006995,Born outside the UK: Resident 5 years or more and less than 10 years,2,1,0,1,1,0,1
S01006995,Born outside the UK: Resident 10 years or more,25,18,9,9,7,0,7
S01006996,All people in households,782,618,168,450,164,141,23
S01006996,Born in the UK,753,602,161,441,151,134,17
S01006996,Born outside the UK: Total,29,16,7,9,13,7,6
S01006996,Born outside the UK: Resident less than 2 years,3,1,0,1,2,0,2
S01006996,Born outside the UK: Resident 2 years or more and less than 5 years,7,3,3,0,4,2,2
S01006996,Born outside the UK: Resident 5 years or more and less than 10 years,5,3,1,2,2,2,0
S01006996,Born outside the UK: Resident 10 years or more,14,9,3,6,5,3,2
S01006997,All people in households,786,697,191,506,89,35,54
S01006997,Born in the UK,731,650,183,467,81,34,47
S01006997,Born outside the UK: Total,55,47,8,39,8,1,7
S01006997,Born outside the UK: Resident less than 2 years,4,2,0,2,2,0,2
S01006997,Born outside the UK: Resident 2 years or more and less than 5 years,5,3,0,3,2,0,2
S01006997,Born outside the UK: Resident 5 years or more and less than 10 years,14,11,0,11,3,0,3
S01006997,Born outside the UK: Resident 10 years or more,32,31,8,23,1,1,0
S01006998,All people in households,1091,902,361,541,189,60,129
S01006998,Born in the UK,1030,859,340,519,171,57,114
S01006998,Born outside the UK: Total,61,43,21,22,18,3,15
S01006998,Born outside the UK: Resident less than 2 years,5,0,0,0,5,0,5
S01006998,Born outside the UK: Resident 2 years or more and less than 5 years,9,5,2,3,4,0,4
S01006998,Born outside the UK: Resident 5 years or more and less than 10 years,7,2,1,1,5,3,2
S01006998,Born outside the UK: Resident 10 years or more,40,36,18,18,4,0,4
S01006999,All people in households,848,656,291,365,192,16,176
S01006999,Born in the UK,813,631,282,349,182,14,168
S01006999,Born outside the UK: Total,35,25,9,16,10,2,8
S01006999,Born outside the UK: Resident less than 2 years,3,1,0,1,2,0,2
S01006999,Born outside the UK: Resident 2 years or more and less than 5 years,5,2,1,1,3,0,3
S01006999,Born outside the UK: Resident 5 years or more and less than 10 years,3,1,0,1,2,2,0
S01006999,Born outside the UK: Resident 10 years or more,24,21,8,13,3,0,3
S01007000,All people in households,927,707,217,490,220,180,40
S01007000,Born in the UK,894,681,214,467,213,179,34
S01007000,Born outside the UK: Total,33,26,3,23,7,1,6
S01007000,Born outside the UK: Resident less than 2 years,3,3,0,3,0,0,0
S01007000,Born outside the UK: Resident 2 years or more and less than 5 years,9,5,0,5,4,0,4
S01007000,Born outside the UK: Resident 5 years or more and less than 10 years,4,2,0,2,2,0,2
S01007000,Born outside the UK: Resident 10 years or more,17,16,3,13,1,1,0
S01007001,All people in households,906,711,282,429,195,112,83
S01007001,Born in the UK,874,693,276,417,181,109,72
S01007001,Born outside the UK: Total,32,18,6,12,14,3,11
S01007001,Born outside the UK: Resident less than 2 years,2,2,0,2,0,0,0
S01007001,Born outside the UK: Resident 2 years or more and less than 5 years,7,1,0,1,6,1,5
S01007001,Born outside the UK: Resident 5 years or more and less than 10 years,4,2,0,2,2,1,1
S01007001,Born outside the UK: Resident 10 years or more,19,13,6,7,6,1,5
S01007002,All people in households,605,397,151,246,208,113,95
S01007002,Born in the UK,579,384,148,236,195,104,91
S01007002,Born outside the UK: Total,26,13,3,10,13,9,4
S01007002,Born outside the UK: Resident less than 2 years,1,0,0,0,1,0,1
S01007002,Born outside the UK: Resident 2 years or more and less than 5 years,12,6,0,6,6,6,0
S01007002,Born outside the UK: Resident 5 years or more and less than 10 years,2,1,0,1,1,1,0
S01007002,Born outside the UK: Resident 10 years or more,11,6,3,3,5,2,3
S01007003,All people in households,524,396,219,177,128,25,103
S01007003,Born in the UK,510,386,215,171,124,22,102
S01007003,Born outside the UK: Total,14,10,4,6,4,3,1
S01007003,Born outside the UK: Resident less than 2 years,2,0,0,0,2,2,0
S01007003,Born outside the UK: Resident 2 years or more and less than 5 years,0,0,0,0,0,0,0
S01007003,Born outside the UK: Resident 5 years or more and less than 10 years,4,3,2,1,1,0,1
S01007003,Born outside the UK: Resident 10 years or more,8,7,2,5,1,1,0
S01007004,All people in households,718,573,303,270,145,26,119
S01007004,Born in the UK,685,550,291,259,135,23,112
S01007004,Born outside the UK: Total,33,23,12,11,10,3,7
S01007004,Born outside the UK: Resident less than 2 years,1,0,0,0,1,0,1
S01007004,Born outside the UK: Resident 2 years or more and less than 5 years,2,0,0,0,2,2,0
S01007004,Born outside the UK: Resident 5 years or more and less than 10 years,3,0,0,0,3,1,2
S01007004,Born outside the UK: Resident 10 years or more,27,23,12,11,4,0,4
S01007005,All people in households,904,735,332,403,169,32,137
S01007005,Born in the UK,875,714,326,388,161,30,131
S01007005,Born outside the UK: Total,29,21,6,15,8,2,6
S01007005,Born outside the UK: Resident less than 2 years,0,0,0,0,0,0,0
S01007005,Born outside the UK: Resident 2 years or more and less than 5 years,4,0,0,0,4,0,4
S01007005,Born outside the UK: Resident 5 years or more and less than 10 years,6,6,0,6,0,0,0
S01007005,Born outside the UK: Resident 10 years or more,19,15,6,9,4,2,2
S01007006,All people in households,898,606,266,340,292,135,157
S01007006,Born in the UK,845,573,259,314,272,130,142
S01007006,Born outside the UK: Total,53,33,7,26,20,5,15
S01007006,Born outside the UK: Resident less than 2 years,7,1,0,1,6,0,6
S01007006,Born outside the UK: Resident 2 years or more and less than 5 years,2,0,0,0,2,0,2
S01007006,Born outside the UK: Resident 5 years or more and less than 10 years,14,10,0,10,4,3,1
S01007006,Born outside the UK: Resident 10 years or more,30,22,7,15,8,2,6
S01007007,All people in households,848,623,314,309,225,67,158
S01007007,Born in the UK,803,597,302,295,206,65,141
S01007007,Born outside the UK: Total,45,26,12,14,19,2,17
S01007007,Born outside the UK: Resident less than 2 years,1,0,0,0,1,0,1
S01007007,Born outside the UK: Resident 2 years or more and less than 5 years,11,0,0,0,11,0,11
S01007007,Born outside the UK: Resident 5 years or more and less than 10 years,9,3,2,1,6,1,5
S01007007,Born outside the UK: Resident 10 years or more,24,23,10,13,1,1,0
S01007008,All people in households,991,595,236,359,396,321,75
S01007008,Born in the UK,948,569,231,338,379,315,64
S01007008,Born outside the UK: Total,43,26,5,21,17,6,11
S01007008,Born outside the UK: Resident less than 2 years,10,1,0,1,9,2,7
S01007008,Born outside the UK: Resident 2 years or more and less than 5 years,14,11,0,11,3,0,3
S01007008,Born outside the UK: Resident 5 years or more and less than 10 years,6,4,0,4,2,1,1
S01007008,Born outside the UK: Resident 10 years or more,13,10,5,5,3,3,0
S01007009,All people in households,1011,716,362,354,295,185,110
S01007009,Born in the UK,958,696,351,345,262,180,82
S01007009,Born outside the UK: Total,53,20,11,9,33,5,28
S01007009,Born outside the UK: Resident less than 2 years,2,1,1,0,1,0,1
S01007009,Born outside the UK: Resident 2 years or more and less than 5 years,26,3,0,3,23,3,20
S01007009,Born outside the UK: Resident 5 years or more and less than 10 years,3,0,0,0,3,1,2
S01007009,Born outside the UK: Resident 10 years or more,22,16,10,6,6,1,5
S01007010,All people in households,781,584,331,253,197,103,94
S01007010,Born in the UK,751,573,325,248,178,96,82
S01007010,Born outside the UK: Total,30,11,6,5,19,7,12
S01007010,Born outside the UK: Resident less than 2 years,1,0,0,0,1,0,1
S01007010,Born outside the UK: Resident 2 years or more and less than 5 years,6,3,0,3,3,0,3
S01007010,Born outside the UK: Resident 5 years or more and less than 10 years,6,0,0,0,6,1,5
S01007010,Born outside the UK: Resident 10 years or more,17,8,6,2,9,6,3
S01007011,All people in households,857,442,217,225,415,300,115
S01007011,Born in the UK,822,429,210,219,393,293,100
S01007011,Born outside the UK: Total,35,13,7,6,22,7,15
S01007011,Born outside the UK: Resident less than 2 years,7,1,1,0,6,0,6
S01007011,Born outside the UK: Resident 2 years or more and less than 5 years,6,0,0,0,6,1,5
S01007011,Born outside the UK: Resident 5 years or more and less than 10 years,5,4,1,3,1,0,1
S01007011,Born outside the UK: Resident 10 years or more,17,8,5,3,9,6,3
S01007012,All people in households,707,323,169,154,384,336,48
S01007012,Born in the UK,687,310,162,148,377,329,48
S01007012,Born outside the UK: Total,20,13,7,6,7,7,0
S01007012,Born outside the UK: Resident less than 2 years,1,1,1,0,0,0,0
S01007012,Born outside the UK: Resident 2 years or more and less than 5 years,2,0,0,0,2,2,0
S01007012,Born outside the UK: Resident 5 years or more and less than 10 years,1,1,0,1,0,0,0
S01007012,Born outside the UK: Resident 10 years or more,16,11,6,5,5,5,0
S01007013,All people in households,565,492,278,214,73,9,64
S01007013,Born in the UK,541,470,266,204,71,9,62
S01007013,Born outside the UK: Total,24,22,12,10,2,0,2
S01007013,Born outside the UK: Resident less than 2 years,3,2,2,0,1,0,1
S01007013,Born outside the UK: Resident 2 years or more and less than 5 years,1,0,0,0,1,0,1
S01007013,Born outside the UK: Resident 5 years or more and less than 10 years,8,8,6,2,0,0,0
S01007013,Born outside the UK: Resident 10 years or more,12,12,4,8,0,0,0
S01007014,All people in households,996,825,281,544,171,21,150
S01007014,Born in the UK,949,792,270,522,157,17,140
S01007014,Born outside the UK: Total,47,33,11,22,14,4,10
S01007014,Born outside the UK: Resident less than 2 years,1,1,1,0,0,0,0
S01007014,Born outside the UK: Resident 2 years or more and less than 5 years,10,1,0,1,9,3,6
S01007014,Born outside the UK: Resident 5 years or more and less than 10 years,6,3,1,2,3,0,3
S01007014,Born outside the UK: Resident 10 years or more,30,28,9,19,2,1,1
S01007015,All people in households,625,409,166,243,216,44,172
S01007015,Born in the UK,589,387,157,230,202,42,160
S01007015,Born outside the UK: Total,36,22,9,13,14,2,12
S01007015,Born outside the UK: Resident less than 2 years,5,3,0,3,2,0,2
S01007015,Born outside the UK: Resident 2 years or more and less than 5 years,15,7,4,3,8,0,8
S01007015,Born outside the UK: Resident 5 years or more and less than 10 years,4,1,1,0,3,1,2
S01007015,Born outside the UK: Resident 10 years or more,12,11,4,7,1,1,0
S01007016,All people in households,592,460,172,288,132,25,107
S01007016,Born in the UK,557,439,164,275,118,25,93
S01007016,Born outside the UK: Total,35,21,8,13,14,0,14
S01007016,Born outside the UK: Resident less than 2 years,11,0,0,0,11,0,11
S01007016,Born outside the UK: Resident 2 years or more and less than 5 years,3,2,1,1,1,0,1
S01007016,Born outside the UK: Resident 5 years or more and less than 10 years,6,5,2,3,1,0,1
S01007016,Born outside the UK: Resident 10 years or more,15,14,5,9,1,0,1
S01007017,All people in households,986,628,224,404,358,283,75
S01007017,Born in the UK,932,605,219,386,327,275,52
S01007017,Born outside the UK: Total,54,23,5,18,31,8,23
S01007017,Born outside the UK: Resident less than 2 years,7,1,0,1,6,3,3
S01007017,Born outside the UK: Resident 2 years or more and less than 5 years,16,6,0,6,10,1,9
S01007017,Born outside the UK: Resident 5 years or more and less than 10 years,17,6,0,6,11,1,10
S01007017,Born outside the UK: Resident 10 years or more,14,10,5,5,4,3,1
S01007018,All people in households,990,815,323,492,175,115,60
S01007018,Born in the UK,944,797,315,482,147,106,41
S01007018,Born outside the UK: Total,46,18,8,10,28,9,19
S01007018,Born outside the UK: Resident less than 2 years,4,3,0,3,1,1,0
S01007018,Born outside the UK: Resident 2 years or more and less than 5 years,15,1,0,1,14,2,12
S01007018,Born outside the UK: Resident 5 years or more and less than 10 years,10,0,0,0,10,4,6
S01007018,Born outside the UK: Resident 10 years or more,17,14,8,6,3,2,1
S01007019,All people in households,665,449,221,228,216,117,99
S01007019,Born in the UK,593,434,215,219,159,115,44
S01007019,Born outside the UK: Total,72,15,6,9,57,2,55
S01007019,Born outside the UK: Resident less than 2 years,24,0,0,0,24,1,23
S01007019,Born outside the UK: Resident 2 years or more and less than 5 years,27,4,1,3,23,0,23
S01007019,Born outside the UK: Resident 5 years or more and less than 10 years,10,0,0,0,10,1,9
S01007019,Born outside the UK: Resident 10 years or more,11,11,5,6,0,0,0
S01007020,All people in households,768,513,223,290,255,126,129
S01007020,Born in the UK,687,498,223,275,189,122,67
S01007020,Born outside the UK: Total,81,15,0,15,66,4,62
S01007020,Born outside the UK: Resident less than 2 years,28,1,0,1,27,0,27
S01007020,Born outside the UK: Resident 2 years or more and less than 5 years,26,0,0,0,26,2,24
S01007020,Born outside the UK: Resident 5 years or more and less than 10 years,17,8,0,8,9,0,9
S01007020,Born outside the UK: Resident 10 years or more,10,6,0,6,4,2,2
S01007021,All people in households,879,661,289,372,218,144,74
S01007021,Born in the UK,815,647,285,362,168,130,38
S01007021,Born outside the UK: Total,64,14,4,10,50,14,36
S01007021,Born outside the UK: Resident less than 2 years,14,4,3,1,10,5,5
S01007021,Born outside the UK: Resident 2 years or more and less than 5 years,22,0,0,0,22,7,15
S01007021,Born outside the UK: Resident 5 years or more and less than 10 years,18,4,0,4,14,1,13
S01007021,Born outside the UK: Resident 10 years or more,10,6,1,5,4,1,3
S01007022,All people in households,498,328,160,168,170,143,27
S01007022,Born in the UK,479,319,157,162,160,139,21
S01007022,Born outside the UK: Total,19,9,3,6,10,4,6
S01007022,Born outside the UK: Resident less than 2 years,3,0,0,0,3,0,3
S01007022,Born outside the UK: Resident 2 years or more and less than 5 years,4,0,0,0,4,3,1
S01007022,Born outside the UK: Resident 5 years or more and less than 10 years,2,1,0,1,1,0,1
S01007022,Born outside the UK: Resident 10 years or more,10,8,3,5,2,1,1
S01007023,All people in households,494,301,146,155,193,65,128
S01007023,Born in the UK,476,294,142,152,182,59,123
S01007023,Born outside the UK: Total,18,7,4,3,11,6,5
S01007023,Born outside the UK: Resident less than 2 years,2,2,2,0,0,0,0
S01007023,Born outside the UK: Resident 2 years or more and less than 5 years,0,0,0,0,0,0,0
S01007023,Born outside the UK: Resident 5 years or more and less than 10 years,10,0,0,0,10,5,5
S01007023,Born outside the UK: Resident 10 years or more,6,5,2,3,1,1,0
S01007024,All people in households,1014,769,435,334,245,91,154
S01007024,Born in the UK,988,755,423,332,233,86,147
S01007024,Born outside the UK: Total,26,14,12,2,12,5,7
S01007024,Born outside the UK: Resident less than 2 years,10,4,4,0,6,0,6
S01007024,Born outside the UK: Resident 2 years or more and less than 5 years,0,0,0,0,0,0,0
S01007024,Born outside the UK: Resident 5 years or more and less than 10 years,1,1,1,0,0,0,0
S01007024,Born outside the UK: Resident 10 years or more,15,9,7,2,6,5,1
S01007025,All people in households,854,469,236,233,385,323,62
S01007025,Born in the UK,822,454,231,223,368,318,50
S01007025,Born outside the UK: Total,32,15,5,10,17,5,12
S01007025,Born outside the UK: Resident less than 2 years,2,0,0,0,2,0,2
S01007025,Born outside the UK: Resident 2 years or more and less than 5 years,12,5,0,5,7,3,4
S01007025,Born outside the UK: Resident 5 years or more and less than 10 years,6,1,1,0,5,0,5
S01007025,Born outside the UK: Resident 10 years or more,12,9,4,5,3,2,1
S01007026,All people in households,860,701,394,307,159,111,48
S01007026,Born in the UK,830,682,388,294,148,107,41
S01007026,Born outside the UK: Total,30,19,6,13,11,4,7
S01007026,Born outside the UK: Resident less than 2 years,4,0,0,0,4,0,4
S01007026,Born outside the UK: Resident 2 years or more and less than 5 years,5,2,0,2,3,1,2
S01007026,Born outside the UK: Resident 5 years or more and less than 10 years,5,4,0,4,1,0,1
S01007026,Born outside the UK: Resident 10 years or more,16,13,6,7,3,3,0
S01007027,All people in households,1085,796,389,407,289,186,103
S01007027,Born in the UK,1042,781,384,397,261,170,91
S01007027,Born outside the UK: Total,43,15,5,10,28,16,12
S01007027,Born outside the UK: Resident less than 2 years,8,2,2,0,6,2,4
S01007027,Born outside the UK: Resident 2 years or more and less than 5 years,6,2,0,2,4,1,3
S01007027,Born outside the UK: Resident 5 years or more and less than 10 years,16,4,0,4,12,10,2
S01007027,Born outside the UK: Resident 10 years or more,13,7,3,4,6,3,3
S01007028,All people in households,734,539,294,245,195,57,138
S01007028,Born in the UK,694,521,287,234,173,55,118
S01007028,Born outside the UK: Total,40,18,7,11,22,2,20
S01007028,Born outside the UK: Resident less than 2 years,7,0,0,0,7,0,7
S01007028,Born outside the UK: Resident 2 years or more and less than 5 years,8,0,0,0,8,0,8
S01007028,Born outside the UK: Resident 5 years or more and less than 10 years,4,1,0,1,3,0,3
S01007028,Born outside the UK: Resident 10 years or more,21,17,7,10,4,2,2
S01007029,All people in households,560,511,276,235,49,16,33
S01007029,Born in the UK,545,497,268,229,48,15,33
S01007029,Born outside the UK: Total,15,14,8,6,1,1,0
S01007029,Born outside the UK: Resident less than 2 years,1,1,1,0,0,0,0
S01007029,Born outside the UK: Resident 2 years or more and less than 5 years,0,0,0,0,0,0,0
S01007029,Born outside the UK: Resident 5 years or more and less than 10 years,2,2,0,2,0,0,0
S01007029,Born outside the UK: Resident 10 years or more,12,11,7,4,1,1,0
S01007030,All people in households,820,541,292,249,279,220,59
S01007030,Born in the UK,782,536,287,249,246,201,45
S01007030,Born outside the UK: Total,38,5,5,0,33,19,14
S01007030,Born outside the UK: Resident less than 2 years,7,0,0,0,7,5,2
S01007030,Born outside the UK: Resident 2 years or more and less than 5 years,15,1,1,0,14,9,5
S01007030,Born outside the UK: Resident 5 years or more and less than 10 years,8,0,0,0,8,3,5
S01007030,Born outside the UK: Resident 10 years or more,8,4,4,0,4,2,2
S01007031,All people in households,630,385,177,208,245,161,84
S01007031,Born in the UK,590,371,171,200,219,150,69
S01007031,Born outside the UK: Total,40,14,6,8,26,11,15
S01007031,Born outside the UK: Resident less than 2 years,3,2,0,2,1,0,1
S01007031,Born outside the UK: Resident 2 years or more and less than 5 years,7,0,0,0,7,0,7
S01007031,Born outside the UK: Resident 5 years or more and less than 10 years,10,2,0,2,8,7,1
S01007031,Born outside the UK: Resident 10 years or more,20,10,6,4,10,4,6
S01007032,All people in households,966,559,259,300,407,229,178
S01007032,Born in the UK,869,541,252,289,328,217,111
S01007032,Born outside the UK: Total,97,18,7,11,79,12,67
S01007032,Born outside the UK: Resident less than 2 years,33,1,0,1,32,0,32
S01007032,Born outside the UK: Resident 2 years or more and less than 5 years,31,0,0,0,31,3,28
S01007032,Born outside the UK: Resident 5 years or more and less than 10 years,15,4,2,2,11,5,6
S01007032,Born outside the UK: Resident 10 years or more,18,13,5,8,5,4,1
S01007033,All people in households,740,471,204,267,269,231,38
S01007033,Born in the UK,716,461,200,261,255,226,29
S01007033,Born outside the UK: Total,24,10,4,6,14,5,9
S01007033,Born outside the UK: Resident less than 2 years,2,0,0,0,2,0,2
S01007033,Born outside the UK: Resident 2 years or more and less than 5 years,4,0,0,0,4,0,4
S01007033,Born outside the UK: Resident 5 years or more and less than 10 years,9,4,0,4,5,4,1
S01007033,Born outside the UK: Resident 10 years or more,9,6,4,2,3,1,2
S01007034,All people in households,592,386,159,227,206,156,50
S01007034,Born in the UK,537,371,159,212,166,139,27
S01007034,Born outside the UK: Total,55,15,0,15,40,17,23
S01007034,Born outside the UK: Resident less than 2 years,14,1,0,1,13,1,12
S01007034,Born outside the UK: Resident 2 years or more and less than 5 years,17,7,0,7,10,9,1
S01007034,Born outside the UK: Resident 5 years or more and less than 10 years,12,2,0,2,10,5,5
S01007034,Born outside the UK: Resident 10 years or more,12,5,0,5,7,2,5
S01007035,All people in households,786,392,196,196,394,348,46
S01007035,Born in the UK,719,370,184,186,349,323,26
S01007035,Born outside the UK: Total,67,22,12,10,45,25,20
S01007035,Born outside the UK: Resident less than 2 years,3,1,1,0,2,0,2
S01007035,Born outside the UK: Resident 2 years or more and less than 5 years,24,6,1,5,18,9,9
S01007035,Born outside the UK: Resident 5 years or more and less than 10 years,23,7,5,2,16,12,4
S01007035,Born outside the UK: Resident 10 years or more,17,8,5,3,9,4,5
S01007036,All people in households,919,699,356,343,220,154,66
S01007036,Born in the UK,861,682,348,334,179,138,41
S01007036,Born outside the UK: Total,58,17,8,9,41,16,25
S01007036,Born outside the UK: Resident less than 2 years,11,1,0,1,10,0,10
S01007036,Born outside the UK: Resident 2 years or more and less than 5 years,15,1,1,0,14,2,12
S01007036,Born outside the UK: Resident 5 years or more and less than 10 years,21,7,1,6,14,13,1
S01007036,Born outside the UK: Resident 10 years or more,11,8,6,2,3,1,2
S01007037,All people in households,1020,668,262,406,352,305,47
S01007037,Born in the UK,981,657,255,402,324,296,28
S01007037,Born outside the UK: Total,39,11,7,4,28,9,19
S01007037,Born outside the UK: Resident less than 2 years,4,0,0,0,4,3,1
S01007037,Born outside the UK: Resident 2 years or more and less than 5 years,18,0,0,0,18,3,15
S01007037,Born outside the UK: Resident 5 years or more and less than 10 years,8,2,1,1,6,3,3
S01007037,Born outside the UK: Resident 10 years or more,9,9,6,3,0,0,0
S01007038,All people in households,755,518,213,305,237,155,82
S01007038,Born in the UK,659,501,208,293,158,125,33
S01007038,Born outside the UK: Total,96,17,5,12,79,30,49
S01007038,Born outside the UK: Resident less than 2 years,19,0,0,0,19,2,17
S01007038,Born outside the UK: Resident 2 years or more and less than 5 years,45,5,0,5,40,23,17
S01007038,Born outside the UK: Resident 5 years or more and less than 10 years,17,3,0,3,14,3,11
S01007038,Born outside the UK: Resident 10 years or more,15,9,5,4,6,2,4
S01007039,All people in households,860,589,231,358,271,243,28
S01007039,Born in the UK,838,581,229,352,257,234,23
S01007039,Born outside the UK: Total,22,8,2,6,14,9,5
S01007039,Born outside the UK: Resident less than 2 years,2,1,0,1,1,1,0
S01007039,Born outside the UK: Resident 2 years or more and less than 5 years,3,0,0,0,3,1,2
S01007039,Born outside the UK: Resident 5 years or more and less than 10 years,7,2,0,2,5,2,3
S01007039,Born outside the UK: Resident 10 years or more,10,5,2,3,5,5,0
S01007040,All people in households,647,402,214,188,245,207,38
S01007040,Born in the UK,623,394,213,181,229,199,30
S01007040,Born outside the UK: Total,24,8,1,7,16,8,8
S01007040,Born outside the UK: Resident less than 2 years,2,0,0,0,2,1,1
S01007040,Born outside the UK: Resident 2 years or more and less than 5 years,3,0,0,0,3,2,1
S01007040,Born outside the UK: Resident 5 years or more and less than 10 years,14,5,0,5,9,3,6
S01007040,Born outside the UK: Resident 10 years or more,5,3,1,2,2,2,0
S01007041,All people in households,713,518,237,281,195,162,33
S01007041,Born in the UK,691,503,227,276,188,161,27
S01007041,Born outside the UK: Total,22,15,10,5,7,1,6
S01007041,Born outside the UK: Resident less than 2 years,1,0,0,0,1,0,1
S01007041,Born outside the UK: Resident 2 years or more and less than 5 years,3,0,0,0,3,0,3
S01007041,Born outside the UK: Resident 5 years or more and less than 10 years,6,4,2,2,2,0,2
S01007041,Born outside the UK: Resident 10 years or more,12,11,8,3,1,1,0
S01007042,All people in households,737,558,236,322,179,108,71
S01007042,Born in the UK,716,542,231,311,174,108,66
S01007042,Born outside the UK: Total,21,16,5,11,5,0,5
S01007042,Born outside the UK: Resident less than 2 years,9,4,1,3,5,0,5
S01007042,Born outside the UK: Resident 2 years or more and less than 5 years,2,2,0,2,0,0,0
S01007042,Born outside the UK: Resident 5 years or more and less than 10 years,0,0,0,0,0,0,0
S01007042,Born outside the UK: Resident 10 years or more,10,10,4,6,0,0,0
S01007043,All people in households,964,712,428,284,252,23,229
S01007043,Born in the UK,911,679,412,267,232,23,209
S01007043,Born outside the UK: Total,53,33,16,17,20,0,20
S01007043,Born outside the UK: Resident less than 2 years,5,1,1,0,4,0,4
S01007043,Born outside the UK: Resident 2 years or more and less than 5 years,20,12,0,12,8,0,8
S01007043,Born outside the UK: Resident 5 years or more and less than 10 years,9,4,4,0,5,0,5
S01007043,Born outside the UK: Resident 10 years or more,19,16,11,5,3,0,3
S01007044,All people in households,667,532,277,255,135,51,84
S01007044,Born in the UK,641,515,268,247,126,49,77
S01007044,Born outside the UK: Total,26,17,9,8,9,2,7
S01007044,Born outside the UK: Resident less than 2 years,2,2,1,1,0,0,0
S01007044,Born outside the UK: Resident 2 years or more and less than 5 years,5,3,3,0,2,0,2
S01007044,Born outside the UK: Resident 5 years or more and less than 10 years,10,4,0,4,6,2,4
S01007044,Born outside the UK: Resident 10 years or more,9,8,5,3,1,0,1
S01007045,All people in households,799,689,375,314,110,12,98
S01007045,Born in the UK,767,667,367,300,100,12,88
S01007045,Born outside the UK: Total,32,22,8,14,10,0,10
S01007045,Born outside the UK: Resident less than 2 years,4,0,0,0,4,0,4
S01007045,Born outside the UK: Resident 2 years or more and less than 5 years,9,6,0,6,3,0,3
S01007045,Born outside the UK: Resident 5 years or more and less than 10 years,1,1,1,0,0,0,0
S01007045,Born outside the UK: Resident 10 years or more,18,15,7,8,3,0,3
S01007046,All people in households,574,494,252,242,80,25,55
S01007046,Born in the UK,554,484,249,235,70,25,45
S01007046,Born outside the UK: Total,20,10,3,7,10,0,10
S01007046,Born outside the UK: Resident less than 2 years,2,1,0,1,1,0,1
S01007046,Born outside the UK: Resident 2 years or more and less than 5 years,9,4,1,3,5,0,5
S01007046,Born outside the UK: Resident 5 years or more and less than 10 years,1,0,0,0,1,0,1
S01007046,Born outside the UK: Resident 10 years or more,8,5,2,3,3,0,3
S01007047,All people in households,665,592,313,279,73,22,51
S01007047,Born in the UK,649,578,307,271,71,22,49
S01007047,Born outside the UK: Total,16,14,6,8,2,0,2
S01007047,Born outside the UK: Resident less than 2 years,0,0,0,0,0,0,0
S01007047,Born outside the UK: Resident 2 years or more and less than 5 years,1,1,0,1,0,0,0
S01007047,Born outside the UK: Resident 5 years or more and less than 10 years,2,1,0,1,1,0,1
S01007047,Born outside the UK: Resident 10 years or more,13,12,6,6,1,0,1
S01007048,All people in households,879,748,378,370,131,47,84
S01007048,Born in the UK,847,727,369,358,120,44,76
S01007048,Born outside the UK: Total,32,21,9,12,11,3,8
S01007048,Born outside the UK: Resident less than 2 years,1,0,0,0,1,0,1
S01007048,Born outside the UK: Resident 2 years or more and less than 5 years,8,2,0,2,6,1,5
S01007048,Born outside the UK: Resident 5 years or more and less than 10 years,1,1,1,0,0,0,0
S01007048,Born outside the UK: Resident 10 years or more,22,18,8,10,4,2,2
S01007049,All people in households,945,590,268,322,355,284,71
S01007049,Born in the UK,908,569,261,308,339,271,68
S01007049,Born outside the UK: Total,37,21,7,14,16,13,3
S01007049,Born outside the UK: Resident less than 2 years,3,0,0,0,3,3,0
S01007049,Born outside the UK: Resident 2 years or more and less than 5 years,13,6,0,6,7,5,2
S01007049,Born outside the UK: Resident 5 years or more and less than 10 years,4,1,1,0,3,3,0
S01007049,Born outside the UK: Resident 10 years or more,17,14,6,8,3,2,1
S01007050,All people in households,641,515,240,275,126,67,59
S01007050,Born in the UK,606,499,235,264,107,63,44
S01007050,Born outside the UK: Total,35,16,5,11,19,4,15
S01007050,Born outside the UK: Resident less than 2 years,3,2,0,2,1,1,0
S01007050,Born outside the UK: Resident 2 years or more and less than 5 years,17,3,0,3,14,0,14
S01007050,Born outside the UK: Resident 5 years or more and less than 10 years,4,1,0,1,3,3,0
S01007050,Born outside the UK: Resident 10 years or more,11,10,5,5,1,0,1
S01007051,All people in households,768,582,223,359,186,123,63
S01007051,Born in the UK,750,569,220,349,181,121,60
S01007051,Born outside the UK: Total,18,13,3,10,5,2,3
S01007051,Born outside the UK: Resident less than 2 years,1,0,0,0,1,0,1
S01007051,Born outside the UK: Resident 2 years or more and less than 5 years,2,2,0,2,0,0,0
S01007051,Born outside the UK: Resident 5 years or more and less than 10 years,2,1,0,1,1,1,0
S01007051,Born outside the UK: Resident 10 years or more,13,10,3,7,3,1,2
S01007052,All people in households,573,481,208,273,92,41,51
S01007052,Born in the UK,564,476,208,268,88,40,48
S01007052,Born outside the UK: Total,9,5,0,5,4,1,3
S01007052,Born outside the UK: Resident less than 2 years,1,0,0,0,1,0,1
S01007052,Born outside the UK: Resident 2 years or more and less than 5 years,1,0,0,0,1,1,0
S01007052,Born outside the UK: Resident 5 years or more and less than 10 years,2,0,0,0,2,0,2
S01007052,Born outside the UK: Resident 10 years or more,5,5,0,5,0,0,0
S01007053,All people in households,494,446,192,254,48,1,47
S01007053,Born in the UK,487,439,188,251,48,1,47
S01007053,Born outside the UK: Total,7,7,4,3,0,0,0
S01007053,Born outside the UK: Resident less than 2 years,1,1,1,0,0,0,0
S01007053,Born outside the UK: Resident 2 years or more and less than 5 years,2,2,1,1,0,0,0
S01007053,Born outside the UK: Resident 5 years or more and less than 10 years,1,1,0,1,0,0,0
S01007053,Born outside the UK: Resident 10 years or more,3,3,2,1,0,0,0
S01007054,All people in households,957,693,330,363,264,157,107
S01007054,Born in the UK,931,678,323,355,253,151,102
S01007054,Born outside the UK: Total,26,15,7,8,11,6,5
S01007054,Born outside the UK: Resident less than 2 years,1,1,0,1,0,0,0
S01007054,Born outside the UK: Resident 2 years or more and less than 5 years,7,3,0,3,4,1,3
S01007054,Born outside the UK: Resident 5 years or more and less than 10 years,2,0,0,0,2,2,0
S01007054,Born outside the UK: Resident 10 years or more,16,11,7,4,5,3,2
S01007055,All people in households,515,445,221,224,70,6,64
S01007055,Born in the UK,498,435,217,218,63,5,58
S01007055,Born outside the UK: Total,17,10,4,6,7,1,6
S01007055,Born outside the UK: Resident less than 2 years,3,0,0,0,3,0,3
S01007055,Born outside the UK: Resident 2 years or more and less than 5 years,1,1,0,1,0,0,0
S01007055,Born outside the UK: Resident 5 years or more and less than 10 years,2,0,0,0,2,0,2
S01007055,Born outside the UK: Resident 10 years or more,11,9,4,5,2,1,1
S01007056,All people in households,614,516,271,245,98,19,79
S01007056,Born in the UK,584,495,264,231,89,17,72
S01007056,Born outside the UK: Total,30,21,7,14,9,2,7
S01007056,Born outside the UK: Resident less than 2 years,2,0,0,0,2,2,0
S01007056,Born outside the UK: Resident 2 years or more and less than 5 years,1,1,0,1,0,0,0
S01007056,Born outside the UK: Resident 5 years or more and less than 10 years,7,3,3,0,4,0,4
S01007056,Born outside the UK: Resident 10 years or more,20,17,4,13,3,0,3
S01007057,All people in households,520,452,261,191,68,49,19
S01007057,Born in the UK,501,442,255,187,59,47,12
S01007057,Born outside the UK: Total,19,10,6,4,9,2,7
S01007057,Born outside the UK: Resident less than 2 years,4,1,0,1,3,0,3
S01007057,Born outside the UK: Resident 2 years or more and less than 5 years,0,0,0,0,0,0,0
S01007057,Born outside the UK: Resident 5 years or more and less than 10 years,1,0,0,0,1,0,1
S01007057,Born outside the UK: Resident 10 years or more,14,9,6,3,5,2,3
S01007058,All people in households,576,410,201,209,166,151,15
S01007058,Born in the UK,569,407,199,208,162,149,13
S01007058,Born outside the UK: Total,7,3,2,1,4,2,2
S01007058,Born outside the UK: Resident less than 2 years,0,0,0,0,0,0,0
S01007058,Born outside the UK: Resident 2 years or more and less than 5 years,1,0,0,0,1,0,1
S01007058,Born outside the UK: Resident 5 years or more and less than 10 years,1,0,0,0,1,0,1
S01007058,Born outside the UK: Resident 10 years or more,5,3,2,1,2,2,0
S01007059,All people in households,1020,771,303,468,249,178,71
S01007059,Born in the UK,988,753,299,454,235,176,59
S01007059,Born outside the UK: Total,32,18,4,14,14,2,12
S01007059,Born outside the UK: Resident less than 2 years,2,0,0,0,2,0,2
S01007059,Born outside the UK: Resident 2 years or more and less than 5 years,6,1,0,1,5,0,5
S01007059,Born outside the UK: Resident 5 years or more and less than 10 years,4,4,0,4,0,0,0
S01007059,Born outside the UK: Resident 10 years or more,20,13,4,9,7,2,5
S01007060,All people in households,604,336,115,221,268,248,20
S01007060,Born in the UK,587,325,113,212,262,244,18
S01007060,Born outside the UK: Total,17,11,2,9,6,4,2
S01007060,Born outside the UK: Resident less than 2 years,0,0,0,0,0,0,0
S01007060,Born outside the UK: Resident 2 years or more and less than 5 years,10,8,0,8,2,0,2
S01007060,Born outside the UK: Resident 5 years or more and less than 10 years,1,0,0,0,1,1,0
S01007060,Born outside the UK: Resident 10 years or more,6,3,2,1,3,3,0
S01007061,All people in households,930,790,299,491,140,10,130
S01007061,Born in the UK,897,762,287,475,135,10,125
S01007061,Born outside the UK: Total,33,28,12,16,5,0,5
S01007061,Born outside the UK: Resident less than 2 years,2,0,0,0,2,0,2
S01007061,Born outside the UK: Resident 2 years or more and less than 5 years,3,2,1,1,1,0,1
S01007061,Born outside the UK: Resident 5 years or more and less than 10 years,5,5,0,5,0,0,0
S01007061,Born outside the UK: Resident 10 years or more,23,21,11,10,2,0,2
S01007062,All people in households,665,581,271,310,84,15,69
S01007062,Born in the UK,626,551,251,300,75,15,60
S01007062,Born outside the UK: Total,39,30,20,10,9,0,9
S01007062,Born outside the UK: Resident less than 2 years,1,0,0,0,1,0,1
S01007062,Born outside the UK: Resident 2 years or more and less than 5 years,16,10,3,7,6,0,6
S01007062,Born outside the UK: Resident 5 years or more and less than 10 years,1,1,1,0,0,0,0
S01007062,Born outside the UK: Resident 10 years or more,21,19,16,3,2,0,2
S01007063,All people in households,670,542,208,334,128,70,58
S01007063,Born in the UK,648,525,206,319,123,69,54
S01007063,Born outside the UK: Total,22,17,2,15,5,1,4
S01007063,Born outside the UK: Resident less than 2 years,1,0,0,0,1,0,1
S01007063,Born outside the UK: Resident 2 years or more and less than 5 years,1,0,0,0,1,0,1
S01007063,Born outside the UK: Resident 5 years or more and less than 10 years,2,1,0,1,1,0,1
S01007063,Born outside the UK: Resident 10 years or more,18,16,2,14,2,1,1
S01007064,All people in households,627,488,236,252,139,69,70
S01007064,Born in the UK,585,461,230,231,124,69,55
S01007064,Born outside the UK: Total,42,27,6,21,15,0,15
S01007064,Born outside the UK: Resident less than 2 years,6,1,0,1,5,0,5
S01007064,Born outside the UK: Resident 2 years or more and less than 5 years,5,1,0,1,4,0,4
S01007064,Born outside the UK: Resident 5 years or more and less than 10 years,10,8,0,8,2,0,2
S01007064,Born outside the UK: Resident 10 years or more,21,17,6,11,4,0,4
S01007065,All people in households,578,491,246,245,87,44,43
S01007065,Born in the UK,549,464,232,232,85,43,42
S01007065,Born outside the UK: Total,29,27,14,13,2,1,1
S01007065,Born outside the UK: Resident less than 2 years,1,1,0,1,0,0,0
S01007065,Born outside the UK: Resident 2 years or more and less than 5 years,2,1,0,1,1,0,1
S01007065,Born outside the UK: Resident 5 years or more and less than 10 years,9,8,3,5,1,1,0
S01007065,Born outside the UK: Resident 10 years or more,17,17,11,6,0,0,0
S01007066,All people in households,648,543,217,326,105,28,77
S01007066,Born in the UK,622,525,210,315,97,27,70
S01007066,Born outside the UK: Total,26,18,7,11,8,1,7
S01007066,Born outside the UK: Resident less than 2 years,5,2,1,1,3,0,3
S01007066,Born outside the UK: Resident 2 years or more and less than 5 years,7,6,1,5,1,0,1
S01007066,Born outside the UK: Resident 5 years or more and less than 10 years,4,3,1,2,1,0,1
S01007066,Born outside the UK: Resident 10 years or more,10,7,4,3,3,1,2
S01007067,All people in households,553,511,228,283,42,11,31
S01007067,Born in the UK,539,497,224,273,42,11,31
S01007067,Born outside the UK: Total,14,14,4,10,0,0,0
S01007067,Born outside the UK: Resident less than 2 years,0,0,0,0,0,0,0
S01007067,Born outside the UK: Resident 2 years or more and less than 5 years,2,2,0,2,0,0,0
S01007067,Born outside the UK: Resident 5 years or more and less than 10 years,3,3,1,2,0,0,0
S01007067,Born outside the UK: Resident 10 years or more,9,9,3,6,0,0,0
S01007068,All people in households,708,452,179,273,256,204,52
S01007068,Born in the UK,690,439,174,265,251,202,49
S01007068,Born outside the UK: Total,18,13,5,8,5,2,3
S01007068,Born outside the UK: Resident less than 2 years,2,2,0,2,0,0,0
S01007068,Born outside the UK: Resident 2 years or more and less than 5 years,1,0,0,0,1,0,1
S01007068,Born outside the UK: Resident 5 years or more and less than 10 years,2,2,0,2,0,0,0
S01007068,Born outside the UK: Resident 10 years or more,13,9,5,4,4,2,2
S01007069,All people in households,845,574,196,378,271,162,109
S01007069,Born in the UK,796,554,191,363,242,156,86
S01007069,Born outside the UK: Total,49,20,5,15,29,6,23
S01007069,Born outside the UK: Resident less than 2 years,8,2,0,2,6,0,6
S01007069,Born outside the UK: Resident 2 years or more and less than 5 years,11,0,0,0,11,0,11
S01007069,Born outside the UK: Resident 5 years or more and less than 10 years,4,1,0,1,3,2,1
S01007069,Born outside the UK: Resident 10 years or more,26,17,5,12,9,4,5
S01007070,All people in households,500,351,128,223,149,124,25
S01007070,Born in the UK,487,344,127,217,143,122,21
S01007070,Born outside the UK: Total,13,7,1,6,6,2,4
S01007070,Born outside the UK: Resident less than 2 years,0,0,0,0,0,0,0
S01007070,Born outside the UK: Resident 2 years or more and less than 5 years,1,0,0,0,1,0,1
S01007070,Born outside the UK: Resident 5 years or more and less than 10 years,5,2,0,2,3,1,2
S01007070,Born outside the UK: Resident 10 years or more,7,5,1,4,2,1,1
S01007071,All people in households,821,624,213,411,197,175,22
S01007071,Born in the UK,791,606,207,399,185,165,20
S01007071,Born outside the UK: Total,30,18,6,12,12,10,2
S01007071,Born outside the UK: Resident less than 2 years,4,0,0,0,4,3,1
S01007071,Born outside the UK: Resident 2 years or more and less than 5 years,5,2,0,2,3,2,1
S01007071,Born outside the UK: Resident 5 years or more and less than 10 years,5,3,1,2,2,2,0
S01007071,Born outside the UK: Resident 10 years or more,16,13,5,8,3,3,0
S01007072,All people in households,641,566,208,358,75,35,40
S01007072,Born in the UK,632,562,205,357,70,34,36
S01007072,Born outside the UK: Total,9,4,3,1,5,1,4
S01007072,Born outside the UK: Resident less than 2 years,0,0,0,0,0,0,0
S01007072,Born outside the UK: Resident 2 years or more and less than 5 years,1,0,0,0,1,0,1
S01007072,Born outside the UK: Resident 5 years or more and less than 10 years,2,0,0,0,2,0,2
S01007072,Born outside the UK: Resident 10 years or more,6,4,3,1,2,1,1
S01007073,All people in households,913,817,352,465,96,67,29
S01007073,Born in the UK,895,804,347,457,91,63,28
S01007073,Born outside the UK: Total,18,13,5,8,5,4,1
S01007073,Born outside the UK: Resident less than 2 years,2,1,1,0,1,0,1
S01007073,Born outside the UK: Resident 2 years or more and less than 5 years,4,4,1,3,0,0,0
S01007073,Born outside the UK: Resident 5 years or more and less than 10 years,5,1,0,1,4,4,0
S01007073,Born outside the UK: Resident 10 years or more,7,7,3,4,0,0,0
S01007074,All people in households,661,442,184,258,219,197,22
S01007074,Born in the UK,629,423,175,248,206,187,19
S01007074,Born outside the UK: Total,32,19,9,10,13,10,3
S01007074,Born outside the UK: Resident less than 2 years,4,1,0,1,3,0,3
S01007074,Born outside the UK: Resident 2 years or more and less than 5 years,4,2,0,2,2,2,0
S01007074,Born outside the UK: Resident 5 years or more and less than 10 years,5,3,1,2,2,2,0
S01007074,Born outside the UK: Resident 10 years or more,19,13,8,5,6,6,0
S01007075,All people in households,727,431,156,275,296,227,69
S01007075,Born in the UK,684,423,155,268,261,222,39
S01007075,Born outside the UK: Total,43,8,1,7,35,5,30
S01007075,Born outside the UK: Resident less than 2 years,25,2,0,2,23,0,23
S01007075,Born outside the UK: Resident 2 years or more and less than 5 years,7,1,0,1,6,0,6
S01007075,Born outside the UK: Resident 5 years or more and less than 10 years,4,1,0,1,3,2,1
S01007075,Born outside the UK: Resident 10 years or more,7,4,1,3,3,3,0
S01007076,All people in households,759,550,178,372,209,167,42
S01007076,Born in the UK,714,522,171,351,192,159,33
S01007076,Born outside the UK: Total,45,28,7,21,17,8,9
S01007076,Born outside the UK: Resident less than 2 years,7,5,0,5,2,0,2
S01007076,Born outside the UK: Resident 2 years or more and less than 5 years,8,5,0,5,3,0,3
S01007076,Born outside the UK: Resident 5 years or more and less than 10 years,12,9,0,9,3,0,3
S01007076,Born outside the UK: Resident 10 years or more,18,9,7,2,9,8,1
S01007077,All people in households,674,532,262,270,142,102,40
S01007077,Born in the UK,655,519,260,259,136,99,37
S01007077,Born outside the UK: Total,19,13,2,11,6,3,3
S01007077,Born outside the UK: Resident less than 2 years,0,0,0,0,0,0,0
S01007077,Born outside the UK: Resident 2 years or more and less than 5 years,5,3,0,3,2,0,2
S01007077,Born outside the UK: Resident 5 years or more and less than 10 years,2,1,0,1,1,0,1
S01007077,Born outside the UK: Resident 10 years or more,12,9,2,7,3,3,0
S01007078,All people in households,843,545,293,252,298,230,68
S01007078,Born in the UK,799,522,287,235,277,225,52
S01007078,Born outside the UK: Total,44,23,6,17,21,5,16
S01007078,Born outside the UK: Resident less than 2 years,2,1,0,1,1,0,1
S01007078,Born outside the UK: Resident 2 years or more and less than 5 years,13,4,0,4,9,0,9
S01007078,Born outside the UK: Resident 5 years or more and less than 10 years,13,9,0,9,4,0,4
S01007078,Born outside the UK: Resident 10 years or more,16,9,6,3,7,5,2
S01007079,All people in households,978,601,260,341,377,269,108
S01007079,Born in the UK,908,585,258,327,323,259,64
S01007079,Born outside the UK: Total,70,16,2,14,54,10,44
S01007079,Born outside the UK: Resident less than 2 years,21,0,0,0,21,0,21
S01007079,Born outside the UK: Resident 2 years or more and less than 5 years,23,1,0,1,22,4,18
S01007079,Born outside the UK: Resident 5 years or more and less than 10 years,12,5,0,5,7,3,4
S01007079,Born outside the UK: Resident 10 years or more,14,10,2,8,4,3,1
S01007080,All people in households,790,476,220,256,314,246,68
S01007080,Born in the UK,741,454,216,238,287,241,46
S01007080,Born outside the UK: Total,49,22,4,18,27,5,22
S01007080,Born outside the UK: Resident less than 2 years,15,5,1,4,10,0,10
S01007080,Born outside the UK: Resident 2 years or more and less than 5 years,18,11,0,11,7,2,5
S01007080,Born outside the UK: Resident 5 years or more and less than 10 years,10,2,1,1,8,1,7
S01007080,Born outside the UK: Resident 10 years or more,6,4,2,2,2,2,0
S01007081,All people in households,951,484,177,307,467,324,143
S01007081,Born in the UK,820,455,161,294,365,301,64
S01007081,Born outside the UK: Total,131,29,16,13,102,23,79
S01007081,Born outside the UK: Resident less than 2 years,29,1,1,0,28,1,27
S01007081,Born outside the UK: Resident 2 years or more and less than 5 years,63,7,6,1,56,11,45
S01007081,Born outside the UK: Resident 5 years or more and less than 10 years,20,5,4,1,15,9,6
S01007081,Born outside the UK: Resident 10 years or more,19,16,5,11,3,2,1
S01007082,All people in households,551,324,112,212,227,140,87
S01007082,Born in the UK,467,299,112,187,168,133,35
S01007082,Born outside the UK: Total,84,25,0,25,59,7,52
S01007082,Born outside the UK: Resident less than 2 years,32,5,0,5,27,0,27
S01007082,Born outside the UK: Resident 2 years or more and less than 5 years,21,7,0,7,14,2,12
S01007082,Born outside the UK: Resident 5 years or more and less than 10 years,26,8,0,8,18,5,13
S01007082,Born outside the UK: Resident 10 years or more,5,5,0,5,0,0,0
S01007083,All people in households,904,315,176,139,589,445,144
S01007083,Born in the UK,777,302,173,129,475,413,62
S01007083,Born outside the UK: Total,127,13,3,10,114,32,82
S01007083,Born outside the UK: Resident less than 2 years,53,1,1,0,52,3,49
S01007083,Born outside the UK: Resident 2 years or more and less than 5 years,44,5,0,5,39,13,26
S01007083,Born outside the UK: Resident 5 years or more and less than 10 years,19,2,0,2,17,11,6
S01007083,Born outside the UK: Resident 10 years or more,11,5,2,3,6,5,1
S01007084,All people in households,559,430,213,217,129,60,69
S01007084,Born in the UK,511,414,208,206,97,54,43
S01007084,Born outside the UK: Total,48,16,5,11,32,6,26
S01007084,Born outside the UK: Resident less than 2 years,13,1,0,1,12,0,12
S01007084,Born outside the UK: Resident 2 years or more and less than 5 years,13,5,0,5,8,3,5
S01007084,Born outside the UK: Resident 5 years or more and less than 10 years,12,3,1,2,9,1,8
S01007084,Born outside the UK: Resident 10 years or more,10,7,4,3,3,2,1
S01007085,All people in households,770,453,188,265,317,109,208
S01007085,Born in the UK,627,426,176,250,201,100,101
S01007085,Born outside the UK: Total,143,27,12,15,116,9,107
S01007085,Born outside the UK: Resident less than 2 years,52,9,7,2,43,1,42
S01007085,Born outside the UK: Resident 2 years or more and less than 5 years,39,0,0,0,39,1,38
S01007085,Born outside the UK: Resident 5 years or more and less than 10 years,34,6,0,6,28,7,21
S01007085,Born outside the UK: Resident 10 years or more,18,12,5,7,6,0,6
S01007086,All people in households,1118,281,129,152,837,537,300
S01007086,Born in the UK,824,258,119,139,566,429,137
S01007086,Born outside the UK: Total,294,23,10,13,271,108,163
S01007086,Born outside the UK: Resident less than 2 years,99,5,2,3,94,29,65
S01007086,Born outside the UK: Resident 2 years or more and less than 5 years,122,7,2,5,115,52,63
S01007086,Born outside the UK: Resident 5 years or more and less than 10 years,56,7,4,3,49,20,29
S01007086,Born outside the UK: Resident 10 years or more,17,4,2,2,13,7,6
S01007087,All people in households,868,324,136,188,544,283,261
S01007087,Born in the UK,665,310,129,181,355,257,98
S01007087,Born outside the UK: Total,203,14,7,7,189,26,163
S01007087,Born outside the UK: Resident less than 2 years,79,2,0,2,77,3,74
S01007087,Born outside the UK: Resident 2 years or more and less than 5 years,74,3,2,1,71,16,55
S01007087,Born outside the UK: Resident 5 years or more and less than 10 years,37,2,0,2,35,5,30
S01007087,Born outside the UK: Resident 10 years or more,13,7,5,2,6,2,4
S01007088,All people in households,535,191,66,125,344,259,85
S01007088,Born in the UK,449,180,62,118,269,236,33
S01007088,Born outside the UK: Total,86,11,4,7,75,23,52
S01007088,Born outside the UK: Resident less than 2 years,21,3,1,2,18,1,17
S01007088,Born outside the UK: Resident 2 years or more and less than 5 years,34,0,0,0,34,14,20
S01007088,Born outside the UK: Resident 5 years or more and less than 10 years,25,5,1,4,20,6,14
S01007088,Born outside the UK: Resident 10 years or more,6,3,2,1,3,2,1
S01007089,All people in households,529,487,217,270,42,9,33
S01007089,Born in the UK,508,476,214,262,32,9,23
S01007089,Born outside the UK: Total,21,11,3,8,10,0,10
S01007089,Born outside the UK: Resident less than 2 years,2,0,0,0,2,0,2
S01007089,Born outside the UK: Resident 2 years or more and less than 5 years,4,0,0,0,4,0,4
S01007089,Born outside the UK: Resident 5 years or more and less than 10 years,2,1,0,1,1,0,1
S01007089,Born outside the UK: Resident 10 years or more,13,10,3,7,3,0,3
S01007090,All people in households,540,457,140,317,83,10,73
S01007090,Born in the UK,502,448,137,311,54,2,52
S01007090,Born outside the UK: Total,38,9,3,6,29,8,21
S01007090,Born outside the UK: Resident less than 2 years,11,0,0,0,11,4,7
S01007090,Born outside the UK: Resident 2 years or more and less than 5 years,14,1,1,0,13,1,12
S01007090,Born outside the UK: Resident 5 years or more and less than 10 years,3,1,0,1,2,1,1
S01007090,Born outside the UK: Resident 10 years or more,10,7,2,5,3,2,1
S01007091,All people in households,829,460,65,395,369,340,29
S01007091,Born in the UK,766,440,59,381,326,307,19
S01007091,Born outside the UK: Total,63,20,6,14,43,33,10
S01007091,Born outside the UK: Resident less than 2 years,6,0,0,0,6,4,2
S01007091,Born outside the UK: Resident 2 years or more and less than 5 years,27,6,2,4,21,21,0
S01007091,Born outside the UK: Resident 5 years or more and less than 10 years,13,6,1,5,7,0,7
S01007091,Born outside the UK: Resident 10 years or more,17,8,3,5,9,8,1
S01007092,All people in households,624,375,157,218,249,223,26
S01007092,Born in the UK,607,372,156,216,235,215,20
S01007092,Born outside the UK: Total,17,3,1,2,14,8,6
S01007092,Born outside the UK: Resident less than 2 years,2,1,1,0,1,0,1
S01007092,Born outside the UK: Resident 2 years or more and less than 5 years,11,0,0,0,11,6,5
S01007092,Born outside the UK: Resident 5 years or more and less than 10 years,1,0,0,0,1,1,0
S01007092,Born outside the UK: Resident 10 years or more,3,2,0,2,1,1,0
S01007093,All people in households,952,859,379,480,93,26,67
S01007093,Born in the UK,903,841,369,472,62,18,44
S01007093,Born outside the UK: Total,49,18,10,8,31,8,23
S01007093,Born outside the UK: Resident less than 2 years,9,2,1,1,7,2,5
S01007093,Born outside the UK: Resident 2 years or more and less than 5 years,16,0,0,0,16,3,13
S01007093,Born outside the UK: Resident 5 years or more and less than 10 years,8,2,2,0,6,1,5
S01007093,Born outside the UK: Resident 10 years or more,16,14,7,7,2,2,0
S01007094,All people in households,893,773,397,376,120,55,65
S01007094,Born in the UK,855,760,390,370,95,51,44
S01007094,Born outside the UK: Total,38,13,7,6,25,4,21
S01007094,Born outside the UK: Resident less than 2 years,9,0,0,0,9,0,9
S01007094,Born outside the UK: Resident 2 years or more and less than 5 years,2,0,0,0,2,0,2
S01007094,Born outside the UK: Resident 5 years or more and less than 10 years,12,3,0,3,9,3,6
S01007094,Born outside the UK: Resident 10 years or more,15,10,7,3,5,1,4
S01007095,All people in households,551,481,187,294,70,9,61
S01007095,Born in the UK,535,472,182,290,63,9,54
S01007095,Born outside the UK: Total,16,9,5,4,7,0,7
S01007095,Born outside the UK: Resident less than 2 years,2,2,1,1,0,0,0
S01007095,Born outside the UK: Resident 2 years or more and less than 5 years,5,0,0,0,5,0,5
S01007095,Born outside the UK: Resident 5 years or more and less than 10 years,3,1,1,0,2,0,2
S01007095,Born outside the UK: Resident 10 years or more,6,6,3,3,0,0,0
S01007096,All people in households,837,720,185,535,117,69,48
S01007096,Born in the UK,809,700,180,520,109,66,43
S01007096,Born outside the UK: Total,28,20,5,15,8,3,5
S01007096,Born outside the UK: Resident less than 2 years,2,1,1,0,1,0,1
S01007096,Born outside the UK: Resident 2 years or more and less than 5 years,2,1,0,1,1,1,0
S01007096,Born outside the UK: Resident 5 years or more and less than 10 years,5,4,0,4,1,0,1
S01007096,Born outside the UK: Resident 10 years or more,19,14,4,10,5,2,3
S01007097,All people in households,484,424,137,287,60,8,52
S01007097,Born in the UK,467,420,137,283,47,3,44
S01007097,Born outside the UK: Total,17,4,0,4,13,5,8
S01007097,Born outside the UK: Resident less than 2 years,0,0,0,0,0,0,0
S01007097,Born outside the UK: Resident 2 years or more and less than 5 years,7,0,0,0,7,3,4
S01007097,Born outside the UK: Resident 5 years or more and less than 10 years,6,3,0,3,3,2,1
S01007097,Born outside the UK: Resident 10 years or more,4,1,0,1,3,0,3
S01007098,All people in households,807,740,322,418,67,6,61
S01007098,Born in the UK,782,721,313,408,61,6,55
S01007098,Born outside the UK: Total,25,19,9,10,6,0,6
S01007098,Born outside the UK: Resident less than 2 years,4,4,4,0,0,0,0
S01007098,Born outside the UK: Resident 2 years or more and less than 5 years,0,0,0,0,0,0,0
S01007098,Born outside the UK: Resident 5 years or more and less than 10 years,7,3,0,3,4,0,4
S01007098,Born outside the UK: Resident 10 years or more,14,12,5,7,2,0,2
S01007099,All people in households,883,775,241,534,108,71,37
S01007099,Born in the UK,863,757,234,523,106,71,35
S01007099,Born outside the UK: Total,20,18,7,11,2,0,2
S01007099,Born outside the UK: Resident less than 2 years,1,1,0,1,0,0,0
S01007099,Born outside the UK: Resident 2 years or more and less than 5 years,2,2,0,2,0,0,0
S01007099,Born outside the UK: Resident 5 years or more and less than 10 years,2,2,0,2,0,0,0
S01007099,Born outside the UK: Resident 10 years or more,15,13,7,6,2,0,2
S01007100,All people in households,722,575,274,301,147,87,60
S01007100,Born in the UK,703,564,271,293,139,87,52
S01007100,Born outside the UK: Total,19,11,3,8,8,0,8
S01007100,Born outside the UK: Resident less than 2 years,2,0,0,0,2,0,2
S01007100,Born outside the UK: Resident 2 years or more and less than 5 years,4,0,0,0,4,0,4
S01007100,Born outside the UK: Resident 5 years or more and less than 10 years,1,0,0,0,1,0,1
S01007100,Born outside the UK: Resident 10 years or more,12,11,3,8,1,0,1
S01007101,All people in households,800,424,167,257,376,319,57
S01007101,Born in the UK,775,416,162,254,359,304,55
S01007101,Born outside the UK: Total,25,8,5,3,17,15,2
S01007101,Born outside the UK: Resident less than 2 years,2,0,0,0,2,1,1
S01007101,Born outside the UK: Resident 2 years or more and less than 5 years,6,0,0,0,6,5,1
S01007101,Born outside the UK: Resident 5 years or more and less than 10 years,3,1,1,0,2,2,0
S01007101,Born outside the UK: Resident 10 years or more,14,7,4,3,7,7,0
S01007102,All people in households,697,567,287,280,130,15,115
S01007102,Born in the UK,684,555,278,277,129,15,114
S01007102,Born outside the UK: Total,13,12,9,3,1,0,1
S01007102,Born outside the UK: Resident less than 2 years,0,0,0,0,0,0,0
S01007102,Born outside the UK: Resident 2 years or more and less than 5 years,0,0,0,0,0,0,0
S01007102,Born outside the UK: Resident 5 years or more and less than 10 years,3,3,3,0,0,0,0
S01007102,Born outside the UK: Resident 10 years or more,10,9,6,3,1,0,1
S01007103,All people in households,832,669,370,299,163,144,19
S01007103,Born in the UK,824,663,364,299,161,142,19
S01007103,Born outside the UK: Total,8,6,6,0,2,2,0
S01007103,Born outside the UK: Resident less than 2 years,2,2,2,0,0,0,0
S01007103,Born outside the UK: Resident 2 years or more and less than 5 years,2,0,0,0,2,2,0
S01007103,Born outside the UK: Resident 5 years or more and less than 10 years,1,1,1,0,0,0,0
S01007103,Born outside the UK: Resident 10 years or more,3,3,3,0,0,0,0
S01007104,All people in households,486,397,208,189,89,4,85
S01007104,Born in the UK,460,388,202,186,72,4,68
S01007104,Born outside the UK: Total,26,9,6,3,17,0,17
S01007104,Born outside the UK: Resident less than 2 years,7,1,0,1,6,0,6
S01007104,Born outside the UK: Resident 2 years or more and less than 5 years,9,2,0,2,7,0,7
S01007104,Born outside the UK: Resident 5 years or more and less than 10 years,5,1,1,0,4,0,4
S01007104,Born outside the UK: Resident 10 years or more,5,5,5,0,0,0,0
S01007105,All people in households,543,446,222,224,97,60,37
S01007105,Born in the UK,529,439,220,219,90,56,34
S01007105,Born outside the UK: Total,14,7,2,5,7,4,3
S01007105,Born outside the UK: Resident less than 2 years,3,0,0,0,3,1,2
S01007105,Born outside the UK: Resident 2 years or more and less than 5 years,1,1,0,1,0,0,0
S01007105,Born outside the UK: Resident 5 years or more and less than 10 years,0,0,0,0,0,0,0
S01007105,Born outside the UK: Resident 10 years or more,10,6,2,4,4,3,1
S01007106,All people in households,713,578,298,280,135,90,45
S01007106,Born in the UK,695,571,294,277,124,87,37
S01007106,Born outside the UK: Total,18,7,4,3,11,3,8
S01007106,Born outside the UK: Resident less than 2 years,7,2,0,2,5,0,5
S01007106,Born outside the UK: Resident 2 years or more and less than 5 years,1,0,0,0,1,0,1
S01007106,Born outside the UK: Resident 5 years or more and less than 10 years,2,1,1,0,1,0,1
S01007106,Born outside the UK: Resident 10 years or more,8,4,3,1,4,3,1
S01007107,All people in households,685,627,276,351,58,17,41
S01007107,Born in the UK,656,607,272,335,49,15,34
S01007107,Born outside the UK: Total,29,20,4,16,9,2,7
S01007107,Born outside the UK: Resident less than 2 years,2,1,0,1,1,0,1
S01007107,Born outside the UK: Resident 2 years or more and less than 5 years,3,0,0,0,3,0,3
S01007107,Born outside the UK: Resident 5 years or more and less than 10 years,12,8,1,7,4,2,2
S01007107,Born outside the UK: Resident 10 years or more,12,11,3,8,1,0,1
S01007108,All people in households,577,487,239,248,90,21,69
S01007108,Born in the UK,565,481,234,247,84,16,68
S01007108,Born outside the UK: Total,12,6,5,1,6,5,1
S01007108,Born outside the UK: Resident less than 2 years,2,0,0,0,2,2,0
S01007108,Born outside the UK: Resident 2 years or more and less than 5 years,1,0,0,0,1,1,0
S01007108,Born outside the UK: Resident 5 years or more and less than 10 years,2,0,0,0,2,2,0
S01007108,Born outside the UK: Resident 10 years or more,7,6,5,1,1,0,1
S01007109,All people in households,824,431,202,229,393,331,62
S01007109,Born in the UK,757,423,198,225,334,295,39
S01007109,Born outside the UK: Total,67,8,4,4,59,36,23
S01007109,Born outside the UK: Resident less than 2 years,11,0,0,0,11,6,5
S01007109,Born outside the UK: Resident 2 years or more and less than 5 years,13,0,0,0,13,3,10
S01007109,Born outside the UK: Resident 5 years or more and less than 10 years,26,1,0,1,25,19,6
S01007109,Born outside the UK: Resident 10 years or more,17,7,4,3,10,8,2
S01007110,All people in households,796,514,190,324,282,224,58
S01007110,Born in the UK,744,505,184,321,239,183,56
S01007110,Born outside the UK: Total,52,9,6,3,43,41,2
S01007110,Born outside the UK: Resident less than 2 years,4,2,0,2,2,2,0
S01007110,Born outside the UK: Resident 2 years or more and less than 5 years,19,1,1,0,18,17,1
S01007110,Born outside the UK: Resident 5 years or more and less than 10 years,20,0,0,0,20,19,1
S01007110,Born outside the UK: Resident 10 years or more,9,6,5,1,3,3,0
S01007111,All people in households,525,428,182,246,97,76,21
S01007111,Born in the UK,507,419,178,241,88,69,19
S01007111,Born outside the UK: Total,18,9,4,5,9,7,2
S01007111,Born outside the UK: Resident less than 2 years,3,2,0,2,1,1,0
S01007111,Born outside the UK: Resident 2 years or more and less than 5 years,1,0,0,0,1,1,0
S01007111,Born outside the UK: Resident 5 years or more and less than 10 years,5,0,0,0,5,3,2
S01007111,Born outside the UK: Resident 10 years or more,9,7,4,3,2,2,0
S01007112,All people in households,540,480,248,232,60,23,37
S01007112,Born in the UK,520,477,247,230,43,23,20
S01007112,Born outside the UK: Total,20,3,1,2,17,0,17
S01007112,Born outside the UK: Resident less than 2 years,4,0,0,0,4,0,4
S01007112,Born outside the UK: Resident 2 years or more and less than 5 years,11,0,0,0,11,0,11
S01007112,Born outside the UK: Resident 5 years or more and less than 10 years,3,1,0,1,2,0,2
S01007112,Born outside the UK: Resident 10 years or more,2,2,1,1,0,0,0
S01007113,All people in households,496,400,221,179,96,28,68
S01007113,Born in the UK,448,381,217,164,67,19,48
S01007113,Born outside the UK: Total,48,19,4,15,29,9,20
S01007113,Born outside the UK: Resident less than 2 years,10,0,0,0,10,4,6
S01007113,Born outside the UK: Resident 2 years or more and less than 5 years,17,5,0,5,12,3,9
S01007113,Born outside the UK: Resident 5 years or more and less than 10 years,12,6,1,5,6,1,5
S01007113,Born outside the UK: Resident 10 years or more,9,8,3,5,1,1,0
S01007114,All people in households,888,761,350,411,127,90,37
S01007114,Born in the UK,854,750,342,408,104,80,24
S01007114,Born outside the UK: Total,34,11,8,3,23,10,13
S01007114,Born outside the UK: Resident less than 2 years,18,1,1,0,17,6,11
S01007114,Born outside the UK: Resident 2 years or more and less than 5 years,3,0,0,0,3,3,0
S01007114,Born outside the UK: Resident 5 years or more and less than 10 years,3,1,0,1,2,1,1
S01007114,Born outside the UK: Resident 10 years or more,10,9,7,2,1,0,1
S01007115,All people in households,641,541,227,314,100,74,26
S01007115,Born in the UK,627,540,227,313,87,71,16
S01007115,Born outside the UK: Total,14,1,0,1,13,3,10
S01007115,Born outside the UK: Resident less than 2 years,2,0,0,0,2,0,2
S01007115,Born outside the UK: Resident 2 years or more and less than 5 years,2,0,0,0,2,1,1
S01007115,Born outside the UK: Resident 5 years or more and less than 10 years,4,1,0,1,3,2,1
S01007115,Born outside the UK: Resident 10 years or more,6,0,0,0,6,0,6
S01007116,All people in households,1006,955,320,635,51,18,33
S01007116,Born in the UK,983,942,314,628,41,12,29
S01007116,Born outside the UK: Total,23,13,6,7,10,6,4
S01007116,Born outside the UK: Resident less than 2 years,1,0,0,0,1,0,1
S01007116,Born outside the UK: Resident 2 years or more and less than 5 years,8,3,2,1,5,2,3
S01007116,Born outside the UK: Resident 5 years or more and less than 10 years,8,4,0,4,4,4,0
S01007116,Born outside the UK: Resident 10 years or more,6,6,4,2,0,0,0
S01007117,All people in households,471,423,234,189,48,24,24
S01007117,Born in the UK,462,423,234,189,39,23,16
S01007117,Born outside the UK: Total,9,0,0,0,9,1,8
S01007117,Born outside the UK: Resident less than 2 years,0,0,0,0,0,0,0
S01007117,Born outside the UK: Resident 2 years or more and less than 5 years,6,0,0,0,6,0,6
S01007117,Born outside the UK: Resident 5 years or more and less than 10 years,2,0,0,0,2,0,2
S01007117,Born outside the UK: Resident 10 years or more,1,0,0,0,1,1,0
S01007118,All people in households,679,264,76,188,415,346,69
S01007118,Born in the UK,603,252,74,178,351,313,38
S01007118,Born outside the UK: Total,76,12,2,10,64,33,31
S01007118,Born outside the UK: Resident less than 2 years,10,2,1,1,8,5,3
S01007118,Born outside the UK: Resident 2 years or more and less than 5 years,28,1,0,1,27,14,13
S01007118,Born outside the UK: Resident 5 years or more and less than 10 years,21,1,0,1,20,11,9
S01007118,Born outside the UK: Resident 10 years or more,17,8,1,7,9,3,6
S01007119,All people in households,812,377,145,232,435,386,49
S01007119,Born in the UK,778,377,145,232,401,383,18
S01007119,Born outside the UK: Total,34,0,0,0,34,3,31
S01007119,Born outside the UK: Resident less than 2 years,12,0,0,0,12,0,12
S01007119,Born outside the UK: Resident 2 years or more and less than 5 years,17,0,0,0,17,0,17
S01007119,Born outside the UK: Resident 5 years or more and less than 10 years,2,0,0,0,2,0,2
S01007119,Born outside the UK: Resident 10 years or more,3,0,0,0,3,3,0
S01007120,All people in households,1078,480,158,322,598,413,185
S01007120,Born in the UK,931,461,155,306,470,401,69
S01007120,Born outside the UK: Total,147,19,3,16,128,12,116
S01007120,Born outside the UK: Resident less than 2 years,55,1,0,1,54,0,54
S01007120,Born outside the UK: Resident 2 years or more and less than 5 years,52,5,0,5,47,9,38
S01007120,Born outside the UK: Resident 5 years or more and less than 10 years,26,4,0,4,22,2,20
S01007120,Born outside the UK: Resident 10 years or more,14,9,3,6,5,1,4
S01007121,All people in households,533,228,79,149,305,178,127
S01007121,Born in the UK,441,224,77,147,217,169,48
S01007121,Born outside the UK: Total,92,4,2,2,88,9,79
S01007121,Born outside the UK: Resident less than 2 years,30,0,0,0,30,1,29
S01007121,Born outside the UK: Resident 2 years or more and less than 5 years,42,0,0,0,42,4,38
S01007121,Born outside the UK: Resident 5 years or more and less than 10 years,12,0,0,0,12,2,10
S01007121,Born outside the UK: Resident 10 years or more,8,4,2,2,4,2,2
S01007122,All people in households,594,388,192,196,206,138,68
S01007122,Born in the UK,543,373,187,186,170,129,41
S01007122,Born outside the UK: Total,51,15,5,10,36,9,27
S01007122,Born outside the UK: Resident less than 2 years,10,0,0,0,10,0,10
S01007122,Born outside the UK: Resident 2 years or more and less than 5 years,16,4,2,2,12,5,7
S01007122,Born outside the UK: Resident 5 years or more and less than 10 years,11,0,0,0,11,2,9
S01007122,Born outside the UK: Resident 10 years or more,14,11,3,8,3,2,1
S01007123,All people in households,644,427,193,234,217,157,60
S01007123,Born in the UK,593,418,187,231,175,141,34
S01007123,Born outside the UK: Total,51,9,6,3,42,16,26
S01007123,Born outside the UK: Resident less than 2 years,5,0,0,0,5,1,4
S01007123,Born outside the UK: Resident 2 years or more and less than 5 years,28,1,0,1,27,9,18
S01007123,Born outside the UK: Resident 5 years or more and less than 10 years,8,1,1,0,7,4,3
S01007123,Born outside the UK: Resident 10 years or more,10,7,5,2,3,2,1
S01007124,All people in households,913,659,286,373,254,187,67
S01007124,Born in the UK,847,635,278,357,212,181,31
S01007124,Born outside the UK: Total,66,24,8,16,42,6,36
S01007124,Born outside the UK: Resident less than 2 years,16,3,2,1,13,0,13
S01007124,Born outside the UK: Resident 2 years or more and less than 5 years,25,3,1,2,22,3,19
S01007124,Born outside the UK: Resident 5 years or more and less than 10 years,14,7,0,7,7,3,4
S01007124,Born outside the UK: Resident 10 years or more,11,11,5,6,0,0,0
S01007125,All people in households,867,482,248,234,385,308,77
S01007125,Born in the UK,711,416,228,188,295,265,30
S01007125,Born outside the UK: Total,156,66,20,46,90,43,47
S01007125,Born outside the UK: Resident less than 2 years,34,16,6,10,18,2,16
S01007125,Born outside the UK: Resident 2 years or more and less than 5 years,63,22,5,17,41,16,25
S01007125,Born outside the UK: Resident 5 years or more and less than 10 years,43,18,3,15,25,22,3
S01007125,Born outside the UK: Resident 10 years or more,16,10,6,4,6,3,3
S01007126,All people in households,919,257,103,154,662,567,95
S01007126,Born in the UK,657,236,101,135,421,383,38
S01007126,Born outside the UK: Total,262,21,2,19,241,184,57
S01007126,Born outside the UK: Resident less than 2 years,50,4,0,4,46,16,30
S01007126,Born outside the UK: Resident 2 years or more and less than 5 years,122,6,1,5,116,95,21
S01007126,Born outside the UK: Resident 5 years or more and less than 10 years,82,6,0,6,76,70,6
S01007126,Born outside the UK: Resident 10 years or more,8,5,1,4,3,3,0
S01007127,All people in households,1007,316,132,184,691,374,317
S01007127,Born in the UK,652,286,122,164,366,270,96
S01007127,Born outside the UK: Total,355,30,10,20,325,104,221
S01007127,Born outside the UK: Resident less than 2 years,110,3,0,3,107,19,88
S01007127,Born outside the UK: Resident 2 years or more and less than 5 years,125,2,1,1,123,42,81
S01007127,Born outside the UK: Resident 5 years or more and less than 10 years,96,9,0,9,87,39,48
S01007127,Born outside the UK: Resident 10 years or more,24,16,9,7,8,4,4
S01007128,All people in households,847,438,170,268,409,339,70
S01007128,Born in the UK,778,414,164,250,364,311,53
S01007128,Born outside the UK: Total,69,24,6,18,45,28,17
S01007128,Born outside the UK: Resident less than 2 years,10,3,0,3,7,4,3
S01007128,Born outside the UK: Resident 2 years or more and less than 5 years,21,0,0,0,21,13,8
S01007128,Born outside the UK: Resident 5 years or more and less than 10 years,21,8,2,6,13,8,5
S01007128,Born outside the UK: Resident 10 years or more,17,13,4,9,4,3,1
S01007129,All people in households,956,848,298,550,108,21,87
S01007129,Born in the UK,895,800,280,520,95,21,74
S01007129,Born outside the UK: Total,61,48,18,30,13,0,13
S01007129,Born outside the UK: Resident less than 2 years,1,1,0,1,0,0,0
S01007129,Born outside the UK: Resident 2 years or more and less than 5 years,1,0,0,0,1,0,1
S01007129,Born outside the UK: Resident 5 years or more and less than 10 years,17,7,2,5,10,0,10
S01007129,Born outside the UK: Resident 10 years or more,42,40,16,24,2,0,2
S01007130,All people in households,612,532,227,305,80,31,49
S01007130,Born in the UK,591,512,219,293,79,30,49
S01007130,Born outside the UK: Total,21,20,8,12,1,1,0
S01007130,Born outside the UK: Resident less than 2 years,0,0,0,0,0,0,0
S01007130,Born outside the UK: Resident 2 years or more and less than 5 years,1,1,0,1,0,0,0
S01007130,Born outside the UK: Resident 5 years or more and less than 10 years,1,1,0,1,0,0,0
S01007130,Born outside the UK: Resident 10 years or more,19,18,8,10,1,1,0
S01007131,All people in households,775,661,244,417,114,55,59
S01007131,Born in the UK,746,649,241,408,97,52,45
S01007131,Born outside the UK: Total,29,12,3,9,17,3,14
S01007131,Born outside the UK: Resident less than 2 years,1,1,0,1,0,0,0
S01007131,Born outside the UK: Resident 2 years or more and less than 5 years,7,0,0,0,7,0,7
S01007131,Born outside the UK: Resident 5 years or more and less than 10 years,9,3,0,3,6,1,5
S01007131,Born outside the UK: Resident 10 years or more,12,8,3,5,4,2,2
S01007132,All people in households,700,652,293,359,48,14,34
S01007132,Born in the UK,674,630,281,349,44,14,30
S01007132,Born outside the UK: Total,26,22,12,10,4,0,4
S01007132,Born outside the UK: Resident less than 2 years,2,2,0,2,0,0,0
S01007132,Born outside the UK: Resident 2 years or more and less than 5 years,3,0,0,0,3,0,3
S01007132,Born outside the UK: Resident 5 years or more and less than 10 years,2,2,1,1,0,0,0
S01007132,Born outside the UK: Resident 10 years or more,19,18,11,7,1,0,1
S01007133,All people in households,674,563,211,352,111,18,93
S01007133,Born in the UK,655,550,202,348,105,17,88
S01007133,Born outside the UK: Total,19,13,9,4,6,1,5
S01007133,Born outside the UK: Resident less than 2 years,2,0,0,0,2,0,2
S01007133,Born outside the UK: Resident 2 years or more and less than 5 years,2,0,0,0,2,1,1
S01007133,Born outside the UK: Resident 5 years or more and less than 10 years,3,2,2,0,1,0,1
S01007133,Born outside the UK: Resident 10 years or more,12,11,7,4,1,0,1
S01007134,All people in households,743,582,224,358,161,59,102
S01007134,Born in the UK,721,567,220,347,154,59,95
S01007134,Born outside the UK: Total,22,15,4,11,7,0,7
S01007134,Born outside the UK: Resident less than 2 years,2,0,0,0,2,0,2
S01007134,Born outside the UK: Resident 2 years or more and less than 5 years,2,0,0,0,2,0,2
S01007134,Born outside the UK: Resident 5 years or more and less than 10 years,3,0,0,0,3,0,3
S01007134,Born outside the UK: Resident 10 years or more,15,15,4,11,0,0,0
S01007135,All people in households,558,517,209,308,41,12,29
S01007135,Born in the UK,530,492,196,296,38,12,26
S01007135,Born outside the UK: Total,28,25,13,12,3,0,3
S01007135,Born outside the UK: Resident less than 2 years,2,1,1,0,1,0,1
S01007135,Born outside the UK: Resident 2 years or more and less than 5 years,2,0,0,0,2,0,2
S01007135,Born outside the UK: Resident 5 years or more and less than 10 years,0,0,0,0,0,0,0
S01007135,Born outside the UK: Resident 10 years or more,24,24,12,12,0,0,0
S01007136,All people in households,533,452,146,306,81,0,81
S01007136,Born in the UK,497,418,141,277,79,0,79
S01007136,Born outside the UK: Total,36,34,5,29,2,0,2
S01007136,Born outside the UK: Resident less than 2 years,0,0,0,0,0,0,0
S01007136,Born outside the UK: Resident 2 years or more and less than 5 years,2,2,1,1,0,0,0
S01007136,Born outside the UK: Resident 5 years or more and less than 10 years,9,8,0,8,1,0,1
S01007136,Born outside the UK: Resident 10 years or more,25,24,4,20,1,0,1
S01007137,All people in households,751,684,71,613,67,15,52
S01007137,Born in the UK,709,655,66,589,54,13,41
S01007137,Born outside the UK: Total,42,29,5,24,13,2,11
S01007137,Born outside the UK: Resident less than 2 years,7,1,0,1,6,0,6
S01007137,Born outside the UK: Resident 2 years or more and less than 5 years,5,5,0,5,0,0,0
S01007137,Born outside the UK: Resident 5 years or more and less than 10 years,10,5,1,4,5,2,3
S01007137,Born outside the UK: Resident 10 years or more,20,18,4,14,2,0,2
S01007138,All people in households,597,525,200,325,72,10,62
S01007138,Born in the UK,579,513,197,316,66,10,56
S01007138,Born outside the UK: Total,18,12,3,9,6,0,6
S01007138,Born outside the UK: Resident less than 2 years,3,1,0,1,2,0,2
S01007138,Born outside the UK: Resident 2 years or more and less than 5 years,3,2,0,2,1,0,1
S01007138,Born outside the UK: Resident 5 years or more and less than 10 years,0,0,0,0,0,0,0
S01007138,Born outside the UK: Resident 10 years or more,12,9,3,6,3,0,3
S01007139,All people in households,776,645,264,381,131,44,87
S01007139,Born in the UK,753,633,262,371,120,44,76
S01007139,Born outside the UK: Total,23,12,2,10,11,0,11
S01007139,Born outside the UK: Resident less than 2 years,5,0,0,0,5,0,5
S01007139,Born outside the UK: Resident 2 years or more and less than 5 years,5,3,0,3,2,0,2
S01007139,Born outside the UK: Resident 5 years or more and less than 10 years,5,1,0,1,4,0,4
S01007139,Born outside the UK: Resident 10 years or more,8,8,2,6,0,0,0
S01007140,All people in households,1022,778,315,463,244,87,157
S01007140,Born in the UK,978,755,305,450,223,87,136
S01007140,Born outside the UK: Total,44,23,10,13,21,0,21
S01007140,Born outside the UK: Resident less than 2 years,6,4,1,3,2,0,2
S01007140,Born outside the UK: Resident 2 years or more and less than 5 years,6,1,0,1,5,0,5
S01007140,Born outside the UK: Resident 5 years or more and less than 10 years,11,0,0,0,11,0,11
S01007140,Born outside the UK: Resident 10 years or more,21,18,9,9,3,0,3
S01007141,All people in households,684,585,213,372,99,23,76
S01007141,Born in the UK,650,561,204,357,89,22,67
S01007141,Born outside the UK: Total,34,24,9,15,10,1,9
S01007141,Born outside the UK: Resident less than 2 years,8,6,0,6,2,0,2
S01007141,Born outside the UK: Resident 2 years or more and less than 5 years,5,2,1,1,3,0,3
S01007141,Born outside the UK: Resident 5 years or more and less than 10 years,4,2,1,1,2,0,2
S01007141,Born outside the UK: Resident 10 years or more,17,14,7,7,3,1,2
S01007142,All people in households,566,528,78,450,38,3,35
S01007142,Born in the UK,535,503,72,431,32,3,29
S01007142,Born outside the UK: Total,31,25,6,19,6,0,6
S01007142,Born outside the UK: Resident less than 2 years,0,0,0,0,0,0,0
S01007142,Born outside the UK: Resident 2 years or more and less than 5 years,7,3,0,3,4,0,4
S01007142,Born outside the UK: Resident 5 years or more and less than 10 years,7,7,4,3,0,0,0
S01007142,Born outside the UK: Resident 10 years or more,17,15,2,13,2,0,2
S01007143,All people in households,671,625,75,550,46,8,38
S01007143,Born in the UK,645,604,74,530,41,8,33
S01007143,Born outside the UK: Total,26,21,1,20,5,0,5
S01007143,Born outside the UK: Resident less than 2 years,1,0,0,0,1,0,1
S01007143,Born outside the UK: Resident 2 years or more and less than 5 years,7,6,0,6,1,0,1
S01007143,Born outside the UK: Resident 5 years or more and less than 10 years,1,1,0,1,0,0,0
S01007143,Born outside the UK: Resident 10 years or more,17,14,1,13,3,0,3
S01007144,All people in households,589,394,185,209,195,21,174
S01007144,Born in the UK,532,375,178,197,157,17,140
S01007144,Born outside the UK: Total,57,19,7,12,38,4,34
S01007144,Born outside the UK: Resident less than 2 years,14,0,0,0,14,0,14
S01007144,Born outside the UK: Resident 2 years or more and less than 5 years,17,5,0,5,12,4,8
S01007144,Born outside the UK: Resident 5 years or more and less than 10 years,9,2,0,2,7,0,7
S01007144,Born outside the UK: Resident 10 years or more,17,12,7,5,5,0,5
S01007145,All people in households,892,757,376,381,135,84,51
S01007145,Born in the UK,856,726,362,364,130,80,50
S01007145,Born outside the UK: Total,36,31,14,17,5,4,1
S01007145,Born outside the UK: Resident less than 2 years,0,0,0,0,0,0,0
S01007145,Born outside the UK: Resident 2 years or more and less than 5 years,0,0,0,0,0,0,0
S01007145,Born outside the UK: Resident 5 years or more and less than 10 years,1,1,0,1,0,0,0
S01007145,Born outside the UK: Resident 10 years or more,35,30,14,16,5,4,1
S01007146,All people in households,759,611,257,354,148,75,73
S01007146,Born in the UK,741,598,250,348,143,75,68
S01007146,Born outside the UK: Total,18,13,7,6,5,0,5
S01007146,Born outside the UK: Resident less than 2 years,0,0,0,0,0,0,0
S01007146,Born outside the UK: Resident 2 years or more and less than 5 years,5,5,2,3,0,0,0
S01007146,Born outside the UK: Resident 5 years or more and less than 10 years,4,0,0,0,4,0,4
S01007146,Born outside the UK: Resident 10 years or more,9,8,5,3,1,0,1
S01007147,All people in households,711,653,274,379,58,24,34
S01007147,Born in the UK,680,626,263,363,54,23,31
S01007147,Born outside the UK: Total,31,27,11,16,4,1,3
S01007147,Born outside the UK: Resident less than 2 years,2,0,0,0,2,0,2
S01007147,Born outside the UK: Resident 2 years or more and less than 5 years,1,0,0,0,1,0,1
S01007147,Born outside the UK: Resident 5 years or more and less than 10 years,1,1,0,1,0,0,0
S01007147,Born outside the UK: Resident 10 years or more,27,26,11,15,1,1,0
S01007148,All people in households,538,501,193,308,37,13,24
S01007148,Born in the UK,502,478,181,297,24,11,13
S01007148,Born outside the UK: Total,36,23,12,11,13,2,11
S01007148,Born outside the UK: Resident less than 2 years,11,0,0,0,11,0,11
S01007148,Born outside the UK: Resident 2 years or more and less than 5 years,0,0,0,0,0,0,0
S01007148,Born outside the UK: Resident 5 years or more and less than 10 years,3,3,0,3,0,0,0
S01007148,Born outside the UK: Resident 10 years or more,22,20,12,8,2,2,0
S01007149,All people in households,542,513,251,262,29,12,17
S01007149,Born in the UK,519,494,247,247,25,8,17
S01007149,Born outside the UK: Total,23,19,4,15,4,4,0
S01007149,Born outside the UK: Resident less than 2 years,1,1,0,1,0,0,0
S01007149,Born outside the UK: Resident 2 years or more and less than 5 years,0,0,0,0,0,0,0
S01007149,Born outside the UK: Resident 5 years or more and less than 10 years,4,1,0,1,3,3,0
S01007149,Born outside the UK: Resident 10 years or more,18,17,4,13,1,1,0
S01007150,All people in households,700,639,398,241,61,19,42
S01007150,Born in the UK,668,611,387,224,57,18,39
S01007150,Born outside the UK: Total,32,28,11,17,4,1,3
S01007150,Born outside the UK: Resident less than 2 years,0,0,0,0,0,0,0
S01007150,Born outside the UK: Resident 2 years or more and less than 5 years,0,0,0,0,0,0,0
S01007150,Born outside the UK: Resident 5 years or more and less than 10 years,7,5,1,4,2,0,2
S01007150,Born outside the UK: Resident 10 years or more,25,23,10,13,2,1,1
S01007151,All people in households,859,807,295,512,52,7,45
S01007151,Born in the UK,828,787,291,496,41,6,35
S01007151,Born outside the UK: Total,31,20,4,16,11,1,10
S01007151,Born outside the UK: Resident less than 2 years,9,0,0,0,9,0,9
S01007151,Born outside the UK: Resident 2 years or more and less than 5 years,1,0,0,0,1,0,1
S01007151,Born outside the UK: Resident 5 years or more and less than 10 years,8,7,0,7,1,1,0
S01007151,Born outside the UK: Resident 10 years or more,13,13,4,9,0,0,0
S01007152,All people in households,543,489,212,277,54,23,31
S01007152,Born in the UK,528,479,205,274,49,23,26
S01007152,Born outside the UK: Total,15,10,7,3,5,0,5
S01007152,Born outside the UK: Resident less than 2 years,2,0,0,0,2,0,2
S01007152,Born outside the UK: Resident 2 years or more and less than 5 years,4,2,2,0,2,0,2
S01007152,Born outside the UK: Resident 5 years or more and less than 10 years,0,0,0,0,0,0,0
S01007152,Born outside the UK: Resident 10 years or more,9,8,5,3,1,0,1
S01007153,All people in households,633,548,217,331,85,52,33
S01007153,Born in the UK,612,529,206,323,83,52,31
S01007153,Born outside the UK: Total,21,19,11,8,2,0,2
S01007153,Born outside the UK: Resident less than 2 years,1,0,0,0,1,0,1
S01007153,Born outside the UK: Resident 2 years or more and less than 5 years,1,0,0,0,1,0,1
S01007153,Born outside the UK: Resident 5 years or more and less than 10 years,2,2,1,1,0,0,0
S01007153,Born outside the UK: Resident 10 years or more,17,17,10,7,0,0,0
S01007154,All people in households,776,565,238,327,211,117,94
S01007154,Born in the UK,744,550,228,322,194,114,80
S01007154,Born outside the UK: Total,32,15,10,5,17,3,14
S01007154,Born outside the UK: Resident less than 2 years,2,0,0,0,2,0,2
S01007154,Born outside the UK: Resident 2 years or more and less than 5 years,3,1,0,1,2,0,2
S01007154,Born outside the UK: Resident 5 years or more and less than 10 years,3,1,1,0,2,1,1
S01007154,Born outside the UK: Resident 10 years or more,24,13,9,4,11,2,9
S01007155,All people in households,640,533,219,314,107,52,55
S01007155,Born in the UK,610,509,211,298,101,49,52
S01007155,Born outside the UK: Total,30,24,8,16,6,3,3
S01007155,Born outside the UK: Resident less than 2 years,3,1,1,0,2,0,2
S01007155,Born outside the UK: Resident 2 years or more and less than 5 years,2,2,0,2,0,0,0
S01007155,Born outside the UK: Resident 5 years or more and less than 10 years,7,5,0,5,2,2,0
S01007155,Born outside the UK: Resident 10 years or more,18,16,7,9,2,1,1
S01007156,All people in households,722,572,224,348,150,68,82
S01007156,Born in the UK,703,555,220,335,148,67,81
S01007156,Born outside the UK: Total,19,17,4,13,2,1,1
S01007156,Born outside the UK: Resident less than 2 years,2,2,0,2,0,0,0
S01007156,Born outside the UK: Resident 2 years or more and less than 5 years,0,0,0,0,0,0,0
S01007156,Born outside the UK: Resident 5 years or more and less than 10 years,1,1,1,0,0,0,0
S01007156,Born outside the UK: Resident 10 years or more,16,14,3,11,2,1,1
S01007157,All people in households,648,435,110,325,213,149,64
S01007157,Born in the UK,620,419,105,314,201,147,54
S01007157,Born outside the UK: Total,28,16,5,11,12,2,10
S01007157,Born outside the UK: Resident less than 2 years,6,0,0,0,6,0,6
S01007157,Born outside the UK: Resident 2 years or more and less than 5 years,5,1,1,0,4,1,3
S01007157,Born outside the UK: Resident 5 years or more and less than 10 years,6,4,0,4,2,1,1
S01007157,Born outside the UK: Resident 10 years or more,11,11,4,7,0,0,0
S01007158,All people in households,939,793,198,595,146,70,76
S01007158,Born in the UK,906,772,191,581,134,67,67
S01007158,Born outside the UK: Total,33,21,7,14,12,3,9
S01007158,Born outside the UK: Resident less than 2 years,2,0,0,0,2,0,2
S01007158,Born outside the UK: Resident 2 years or more and less than 5 years,6,2,0,2,4,0,4
S01007158,Born outside the UK: Resident 5 years or more and less than 10 years,7,2,1,1,5,3,2
S01007158,Born outside the UK: Resident 10 years or more,18,17,6,11,1,0,1
S01007159,All people in households,840,547,196,351,293,211,82
S01007159,Born in the UK,803,535,189,346,268,203,65
S01007159,Born outside the UK: Total,37,12,7,5,25,8,17
S01007159,Born outside the UK: Resident less than 2 years,4,0,0,0,4,0,4
S01007159,Born outside the UK: Resident 2 years or more and less than 5 years,16,2,0,2,14,3,11
S01007159,Born outside the UK: Resident 5 years or more and less than 10 years,3,1,0,1,2,2,0
S01007159,Born outside the UK: Resident 10 years or more,14,9,7,2,5,3,2
S01007160,All people in households,826,552,212,340,274,209,65
S01007160,Born in the UK,806,535,210,325,271,207,64
S01007160,Born outside the UK: Total,20,17,2,15,3,2,1
S01007160,Born outside the UK: Resident less than 2 years,0,0,0,0,0,0,0
S01007160,Born outside the UK: Resident 2 years or more and less than 5 years,0,0,0,0,0,0,0
S01007160,Born outside the UK: Resident 5 years or more and less than 10 years,3,3,0,3,0,0,0
S01007160,Born outside the UK: Resident 10 years or more,17,14,2,12,3,2,1
S01007161,All people in households,701,522,216,306,179,79,100
S01007161,Born in the UK,674,497,207,290,177,78,99
S01007161,Born outside the UK: Total,27,25,9,16,2,1,1
S01007161,Born outside the UK: Resident less than 2 years,1,1,1,0,0,0,0
S01007161,Born outside the UK: Resident 2 years or more and less than 5 years,1,1,0,1,0,0,0
S01007161,Born outside the UK: Resident 5 years or more and less than 10 years,4,4,0,4,0,0,0
S01007161,Born outside the UK: Resident 10 years or more,21,19,8,11,2,1,1
S01007162,All people in households,523,225,93,132,298,161,137
S01007162,Born in the UK,501,215,92,123,286,160,126
S01007162,Born outside the UK: Total,22,10,1,9,12,1,11
S01007162,Born outside the UK: Resident less than 2 years,3,0,0,0,3,0,3
S01007162,Born outside the UK: Resident 2 years or more and less than 5 years,5,1,0,1,4,0,4
S01007162,Born outside the UK: Resident 5 years or more and less than 10 years,4,2,0,2,2,0,2
S01007162,Born outside the UK: Resident 10 years or more,10,7,1,6,3,1,2
S01007163,All people in households,865,672,321,351,193,137,56
S01007163,Born in the UK,840,651,314,337,189,137,52
S01007163,Born outside the UK: Total,25,21,7,14,4,0,4
S01007163,Born outside the UK: Resident less than 2 years,2,0,0,0,2,0,2
S01007163,Born outside the UK: Resident 2 years or more and less than 5 years,1,1,0,1,0,0,0
S01007163,Born outside the UK: Resident 5 years or more and less than 10 years,8,7,0,7,1,0,1
S01007163,Born outside the UK: Resident 10 years or more,14,13,7,6,1,0,1
S01007164,All people in households,558,454,221,233,104,32,72
S01007164,Born in the UK,541,440,213,227,101,31,70
S01007164,Born outside the UK: Total,17,14,8,6,3,1,2
S01007164,Born outside the UK: Resident less than 2 years,0,0,0,0,0,0,0
S01007164,Born outside the UK: Resident 2 years or more and less than 5 years,0,0,0,0,0,0,0
S01007164,Born outside the UK: Resident 5 years or more and less than 10 years,3,2,0,2,1,0,1
S01007164,Born outside the UK: Resident 10 years or more,14,12,8,4,2,1,1
S01007165,All people in households,788,652,275,377,136,23,113
S01007165,Born in the UK,757,632,269,363,125,21,104
S01007165,Born outside the UK: Total,31,20,6,14,11,2,9
S01007165,Born outside the UK: Resident less than 2 years,7,0,0,0,7,1,6
S01007165,Born outside the UK: Resident 2 years or more and less than 5 years,1,0,0,0,1,0,1
S01007165,Born outside the UK: Resident 5 years or more and less than 10 years,2,1,0,1,1,0,1
S01007165,Born outside the UK: Resident 10 years or more,21,19,6,13,2,1,1
S01007166,All people in households,707,554,240,314,153,58,95
S01007166,Born in the UK,672,531,229,302,141,55,86
S01007166,Born outside the UK: Total,35,23,11,12,12,3,9
S01007166,Born outside the UK: Resident less than 2 years,3,0,0,0,3,0,3
S01007166,Born outside the UK: Resident 2 years or more and less than 5 years,1,1,0,1,0,0,0
S01007166,Born outside the UK: Resident 5 years or more and less than 10 years,5,4,0,4,1,0,1
S01007166,Born outside the UK: Resident 10 years or more,26,18,11,7,8,3,5
S01007167,All people in households,795,745,342,403,50,13,37
S01007167,Born in the UK,773,730,333,397,43,11,32
S01007167,Born outside the UK: Total,22,15,9,6,7,2,5
S01007167,Born outside the UK: Resident less than 2 years,5,1,1,0,4,0,4
S01007167,Born outside the UK: Resident 2 years or more and less than 5 years,1,0,0,0,1,1,0
S01007167,Born outside the UK: Resident 5 years or more and less than 10 years,4,3,2,1,1,1,0
S01007167,Born outside the UK: Resident 10 years or more,12,11,6,5,1,0,1
S01007168,All people in households,965,918,442,476,47,5,42
S01007168,Born in the UK,934,889,435,454,45,4,41
S01007168,Born outside the UK: Total,31,29,7,22,2,1,1
S01007168,Born outside the UK: Resident less than 2 years,0,0,0,0,0,0,0
S01007168,Born outside the UK: Resident 2 years or more and less than 5 years,5,5,0,5,0,0,0
S01007168,Born outside the UK: Resident 5 years or more and less than 10 years,5,5,0,5,0,0,0
S01007168,Born outside the UK: Resident 10 years or more,21,19,7,12,2,1,1
S01007169,All people in households,758,626,230,396,132,90,42
S01007169,Born in the UK,732,605,223,382,127,89,38
S01007169,Born outside the UK: Total,26,21,7,14,5,1,4
S01007169,Born outside the UK: Resident less than 2 years,1,0,0,0,1,1,0
S01007169,Born outside the UK: Resident 2 years or more and less than 5 years,1,1,0,1,0,0,0
S01007169,Born outside the UK: Resident 5 years or more and less than 10 years,1,1,0,1,0,0,0
S01007169,Born outside the UK: Resident 10 years or more,23,19,7,12,4,0,4
S01007170,All people in households,648,475,210,265,173,26,147
S01007170,Born in the UK,623,458,206,252,165,26,139
S01007170,Born outside the UK: Total,25,17,4,13,8,0,8
S01007170,Born outside the UK: Resident less than 2 years,1,0,0,0,1,0,1
S01007170,Born outside the UK: Resident 2 years or more and less than 5 years,6,3,1,2,3,0,3
S01007170,Born outside the UK: Resident 5 years or more and less than 10 years,1,0,0,0,1,0,1
S01007170,Born outside the UK: Resident 10 years or more,17,14,3,11,3,0,3
S01007171,All people in households,799,519,247,272,280,19,261
S01007171,Born in the UK,676,498,236,262,178,18,160
S01007171,Born outside the UK: Total,123,21,11,10,102,1,101
S01007171,Born outside the UK: Resident less than 2 years,64,2,2,0,62,0,62
S01007171,Born outside the UK: Resident 2 years or more and less than 5 years,20,1,1,0,19,0,19
S01007171,Born outside the UK: Resident 5 years or more and less than 10 years,19,2,0,2,17,0,17
S01007171,Born outside the UK: Resident 10 years or more,20,16,8,8,4,1,3
S01007172,All people in households,792,629,318,311,163,14,149
S01007172,Born in the UK,756,604,303,301,152,14,138
S01007172,Born outside the UK: Total,36,25,15,10,11,0,11
S01007172,Born outside the UK: Resident less than 2 years,2,0,0,0,2,0,2
S01007172,Born outside the UK: Resident 2 years or more and less than 5 years,8,3,0,3,5,0,5
S01007172,Born outside the UK: Resident 5 years or more and less than 10 years,5,1,0,1,4,0,4
S01007172,Born outside the UK: Resident 10 years or more,21,21,15,6,0,0,0
S01007173,All people in households,881,765,175,590,116,48,68
S01007173,Born in the UK,856,748,171,577,108,42,66
S01007173,Born outside the UK: Total,25,17,4,13,8,6,2
S01007173,Born outside the UK: Resident less than 2 years,0,0,0,0,0,0,0
S01007173,Born outside the UK: Resident 2 years or more and less than 5 years,4,2,0,2,2,2,0
S01007173,Born outside the UK: Resident 5 years or more and less than 10 years,6,2,0,2,4,4,0
S01007173,Born outside the UK: Resident 10 years or more,15,13,4,9,2,0,2
S01007174,All people in households,851,623,134,489,228,183,45
S01007174,Born in the UK,821,611,132,479,210,165,45
S01007174,Born outside the UK: Total,30,12,2,10,18,18,0
S01007174,Born outside the UK: Resident less than 2 years,5,1,0,1,4,4,0
S01007174,Born outside the UK: Resident 2 years or more and less than 5 years,3,0,0,0,3,3,0
S01007174,Born outside the UK: Resident 5 years or more and less than 10 years,9,3,0,3,6,6,0
S01007174,Born outside the UK: Resident 10 years or more,13,8,2,6,5,5,0
S01007175,All people in households,665,482,232,250,183,67,116
S01007175,Born in the UK,651,472,226,246,179,66,113
S01007175,Born outside the UK: Total,14,10,6,4,4,1,3
S01007175,Born outside the UK: Resident less than 2 years,0,0,0,0,0,0,0
S01007175,Born outside the UK: Resident 2 years or more and less than 5 years,1,0,0,0,1,0,1
S01007175,Born outside the UK: Resident 5 years or more and less than 10 years,4,1,0,1,3,1,2
S01007175,Born outside the UK: Resident 10 years or more,9,9,6,3,0,0,0
S01007176,All people in households,708,424,190,234,284,106,178
S01007176,Born in the UK,684,415,187,228,269,101,168
S01007176,Born outside the UK: Total,24,9,3,6,15,5,10
S01007176,Born outside the UK: Resident less than 2 years,5,0,0,0,5,1,4
S01007176,Born outside the UK: Resident 2 years or more and less than 5 years,5,1,1,0,4,3,1
S01007176,Born outside the UK: Resident 5 years or more and less than 10 years,4,1,0,1,3,1,2
S01007176,Born outside the UK: Resident 10 years or more,10,7,2,5,3,0,3
S01007177,All people in households,631,345,136,209,286,243,43
S01007177,Born in the UK,598,331,132,199,267,228,39
S01007177,Born outside the UK: Total,33,14,4,10,19,15,4
S01007177,Born outside the UK: Resident less than 2 years,2,0,0,0,2,1,1
S01007177,Born outside the UK: Resident 2 years or more and less than 5 years,7,2,0,2,5,4,1
S01007177,Born outside the UK: Resident 5 years or more and less than 10 years,5,2,0,2,3,2,1
S01007177,Born outside the UK: Resident 10 years or more,19,10,4,6,9,8,1
S01007178,All people in households,1047,391,148,243,656,571,85
S01007178,Born in the UK,1006,379,146,233,627,549,78
S01007178,Born outside the UK: Total,41,12,2,10,29,22,7
S01007178,Born outside the UK: Resident less than 2 years,7,3,0,3,4,4,0
S01007178,Born outside the UK: Resident 2 years or more and less than 5 years,9,1,0,1,8,6,2
S01007178,Born outside the UK: Resident 5 years or more and less than 10 years,8,0,0,0,8,5,3
S01007178,Born outside the UK: Resident 10 years or more,17,8,2,6,9,7,2
S01007179,All people in households,914,845,450,395,69,33,36
S01007179,Born in the UK,882,819,437,382,63,32,31
S01007179,Born outside the UK: Total,32,26,13,13,6,1,5
S01007179,Born outside the UK: Resident less than 2 years,3,1,0,1,2,0,2
S01007179,Born outside the UK: Resident 2 years or more and less than 5 years,4,3,1,2,1,0,1
S01007179,Born outside the UK: Resident 5 years or more and less than 10 years,1,1,0,1,0,0,0
S01007179,Born outside the UK: Resident 10 years or more,24,21,12,9,3,1,2
S01007180,All people in households,750,650,366,284,100,72,28
S01007180,Born in the UK,722,631,363,268,91,67,24
S01007180,Born outside the UK: Total,28,19,3,16,9,5,4
S01007180,Born outside the UK: Resident less than 2 years,1,0,0,0,1,0,1
S01007180,Born outside the UK: Resident 2 years or more and less than 5 years,6,0,0,0,6,3,3
S01007180,Born outside the UK: Resident 5 years or more and less than 10 years,9,7,0,7,2,2,0
S01007180,Born outside the UK: Resident 10 years or more,12,12,3,9,0,0,0
S01007181,All people in households,739,647,306,341,92,34,58
S01007181,Born in the UK,718,632,299,333,86,34,52
S01007181,Born outside the UK: Total,21,15,7,8,6,0,6
S01007181,Born outside the UK: Resident less than 2 years,4,0,0,0,4,0,4
S01007181,Born outside the UK: Resident 2 years or more and less than 5 years,2,0,0,0,2,0,2
S01007181,Born outside the UK: Resident 5 years or more and less than 10 years,0,0,0,0,0,0,0
S01007181,Born outside the UK: Resident 10 years or more,15,15,7,8,0,0,0
S01007182,All people in households,1024,739,347,392,285,147,138
S01007182,Born in the UK,976,717,336,381,259,146,113
S01007182,Born outside the UK: Total,48,22,11,11,26,1,25
S01007182,Born outside the UK: Resident less than 2 years,9,0,0,0,9,0,9
S01007182,Born outside the UK: Resident 2 years or more and less than 5 years,7,1,0,1,6,0,6
S01007182,Born outside the UK: Resident 5 years or more and less than 10 years,9,0,0,0,9,0,9
S01007182,Born outside the UK: Resident 10 years or more,23,21,11,10,2,1,1
S01007183,All people in households,1078,698,264,434,380,251,129
S01007183,Born in the UK,1032,679,253,426,353,243,110
S01007183,Born outside the UK: Total,46,19,11,8,27,8,19
S01007183,Born outside the UK: Resident less than 2 years,7,0,0,0,7,0,7
S01007183,Born outside the UK: Resident 2 years or more and less than 5 years,14,5,3,2,9,0,9
S01007183,Born outside the UK: Resident 5 years or more and less than 10 years,6,0,0,0,6,3,3
S01007183,Born outside the UK: Resident 10 years or more,19,14,8,6,5,5,0
S01007184,All people in households,1039,608,225,383,431,245,186
S01007184,Born in the UK,977,588,216,372,389,240,149
S01007184,Born outside the UK: Total,62,20,9,11,42,5,37
S01007184,Born outside the UK: Resident less than 2 years,17,3,1,2,14,1,13
S01007184,Born outside the UK: Resident 2 years or more and less than 5 years,21,4,0,4,17,3,14
S01007184,Born outside the UK: Resident 5 years or more and less than 10 years,11,1,1,0,10,1,9
S01007184,Born outside the UK: Resident 10 years or more,13,12,7,5,1,0,1
S01007185,All people in households,820,316,109,207,504,387,117
S01007185,Born in the UK,779,306,106,200,473,374,99
S01007185,Born outside the UK: Total,41,10,3,7,31,13,18
S01007185,Born outside the UK: Resident less than 2 years,9,0,0,0,9,1,8
S01007185,Born outside the UK: Resident 2 years or more and less than 5 years,12,1,0,1,11,6,5
S01007185,Born outside the UK: Resident 5 years or more and less than 10 years,11,5,0,5,6,3,3
S01007185,Born outside the UK: Resident 10 years or more,9,4,3,1,5,3,2
S01007186,All people in households,593,197,66,131,396,289,107
S01007186,Born in the UK,540,188,65,123,352,269,83
S01007186,Born outside the UK: Total,53,9,1,8,44,20,24
S01007186,Born outside the UK: Resident less than 2 years,24,0,0,0,24,4,20
S01007186,Born outside the UK: Resident 2 years or more and less than 5 years,11,1,0,1,10,8,2
S01007186,Born outside the UK: Resident 5 years or more and less than 10 years,8,3,0,3,5,4,1
S01007186,Born outside the UK: Resident 10 years or more,10,5,1,4,5,4,1
S01007187,All people in households,804,292,109,183,512,289,223
S01007187,Born in the UK,719,276,99,177,443,263,180
S01007187,Born outside the UK: Total,85,16,10,6,69,26,43
S01007187,Born outside the UK: Resident less than 2 years,19,0,0,0,19,6,13
S01007187,Born outside the UK: Resident 2 years or more and less than 5 years,23,0,0,0,23,8,15
S01007187,Born outside the UK: Resident 5 years or more and less than 10 years,19,3,0,3,16,6,10
S01007187,Born outside the UK: Resident 10 years or more,24,13,10,3,11,6,5
S01007188,All people in households,602,321,141,180,281,131,150
S01007188,Born in the UK,544,310,138,172,234,125,109
S01007188,Born outside the UK: Total,58,11,3,8,47,6,41
S01007188,Born outside the UK: Resident less than 2 years,9,1,1,0,8,0,8
S01007188,Born outside the UK: Resident 2 years or more and less than 5 years,30,3,0,3,27,1,26
S01007188,Born outside the UK: Resident 5 years or more and less than 10 years,5,0,0,0,5,2,3
S01007188,Born outside the UK: Resident 10 years or more,14,7,2,5,7,3,4
S01007189,All people in households,768,374,162,212,394,304,90
S01007189,Born in the UK,731,370,159,211,361,289,72
S01007189,Born outside the UK: Total,37,4,3,1,33,15,18
S01007189,Born outside the UK: Resident less than 2 years,8,0,0,0,8,1,7
S01007189,Born outside the UK: Resident 2 years or more and less than 5 years,9,1,0,1,8,6,2
S01007189,Born outside the UK: Resident 5 years or more and less than 10 years,6,0,0,0,6,1,5
S01007189,Born outside the UK: Resident 10 years or more,14,3,3,0,11,7,4
S01007190,All people in households,815,618,272,346,197,130,67
S01007190,Born in the UK,791,601,267,334,190,128,62
S01007190,Born outside the UK: Total,24,17,5,12,7,2,5
S01007190,Born outside the UK: Resident less than 2 years,7,2,0,2,5,1,4
S01007190,Born outside the UK: Resident 2 years or more and less than 5 years,1,1,1,0,0,0,0
S01007190,Born outside the UK: Resident 5 years or more and less than 10 years,5,5,0,5,0,0,0
S01007190,Born outside the UK: Resident 10 years or more,11,9,4,5,2,1,1
S01007191,All people in households,616,353,136,217,263,165,98
S01007191,Born in the UK,569,346,136,210,223,161,62
S01007191,Born outside the UK: Total,47,7,0,7,40,4,36
S01007191,Born outside the UK: Resident less than 2 years,15,0,0,0,15,1,14
S01007191,Born outside the UK: Resident 2 years or more and less than 5 years,9,0,0,0,9,2,7
S01007191,Born outside the UK: Resident 5 years or more and less than 10 years,14,0,0,0,14,1,13
S01007191,Born outside the UK: Resident 10 years or more,9,7,0,7,2,0,2
S01007192,All people in households,612,324,124,200,288,250,38
S01007192,Born in the UK,596,315,122,193,281,245,36
S01007192,Born outside the UK: Total,16,9,2,7,7,5,2
S01007192,Born outside the UK: Resident less than 2 years,0,0,0,0,0,0,0
S01007192,Born outside the UK: Resident 2 years or more and less than 5 years,2,2,0,2,0,0,0
S01007192,Born outside the UK: Resident 5 years or more and less than 10 years,0,0,0,0,0,0,0
S01007192,Born outside the UK: Resident 10 years or more,14,7,2,5,7,5,2
S01007193,All people in households,769,479,117,362,290,245,45
S01007193,Born in the UK,735,452,112,340,283,239,44
S01007193,Born outside the UK: Total,34,27,5,22,7,6,1
S01007193,Born outside the UK: Resident less than 2 years,2,0,0,0,2,2,0
S01007193,Born outside the UK: Resident 2 years or more and less than 5 years,6,6,0,6,0,0,0
S01007193,Born outside the UK: Resident 5 years or more and less than 10 years,10,10,0,10,0,0,0
S01007193,Born outside the UK: Resident 10 years or more,16,11,5,6,5,4,1
S01007194,All people in households,641,215,85,130,426,331,95
S01007194,Born in the UK,604,203,84,119,401,325,76
S01007194,Born outside the UK: Total,37,12,1,11,25,6,19
S01007194,Born outside the UK: Resident less than 2 years,10,1,0,1,9,0,9
S01007194,Born outside the UK: Resident 2 years or more and less than 5 years,9,4,0,4,5,1,4
S01007194,Born outside the UK: Resident 5 years or more and less than 10 years,7,2,0,2,5,0,5
S01007194,Born outside the UK: Resident 10 years or more,11,5,1,4,6,5,1
S01007195,All people in households,580,267,113,154,313,274,39
S01007195,Born in the UK,554,251,109,142,303,268,35
S01007195,Born outside the UK: Total,26,16,4,12,10,6,4
S01007195,Born outside the UK: Resident less than 2 years,0,0,0,0,0,0,0
S01007195,Born outside the UK: Resident 2 years or more and less than 5 years,5,0,0,0,5,3,2
S01007195,Born outside the UK: Resident 5 years or more and less than 10 years,2,0,0,0,2,1,1
S01007195,Born outside the UK: Resident 10 years or more,19,16,4,12,3,2,1
S01007196,All people in households,768,370,68,302,398,338,60
S01007196,Born in the UK,745,362,66,296,383,329,54
S01007196,Born outside the UK: Total,23,8,2,6,15,9,6
S01007196,Born outside the UK: Resident less than 2 years,3,0,0,0,3,0,3
S01007196,Born outside the UK: Resident 2 years or more and less than 5 years,7,0,0,0,7,7,0
S01007196,Born outside the UK: Resident 5 years or more and less than 10 years,3,1,0,1,2,1,1
S01007196,Born outside the UK: Resident 10 years or more,10,7,2,5,3,1,2
S01007197,All people in households,637,119,34,85,518,463,55
S01007197,Born in the UK,603,114,31,83,489,443,46
S01007197,Born outside the UK: Total,34,5,3,2,29,20,9
S01007197,Born outside the UK: Resident less than 2 years,7,0,0,0,7,3,4
S01007197,Born outside the UK: Resident 2 years or more and less than 5 years,9,0,0,0,9,6,3
S01007197,Born outside the UK: Resident 5 years or more and less than 10 years,6,0,0,0,6,4,2
S01007197,Born outside the UK: Resident 10 years or more,12,5,3,2,7,7,0
S01007198,All people in households,532,222,79,143,310,279,31
S01007198,Born in the UK,512,217,76,141,295,271,24
S01007198,Born outside the UK: Total,20,5,3,2,15,8,7
S01007198,Born outside the UK: Resident less than 2 years,3,1,0,1,2,1,1
S01007198,Born outside the UK: Resident 2 years or more and less than 5 years,2,0,0,0,2,1,1
S01007198,Born outside the UK: Resident 5 years or more and less than 10 years,8,1,0,1,7,3,4
S01007198,Born outside the UK: Resident 10 years or more,7,3,3,0,4,3,1
S01007199,All people in households,804,279,90,189,525,465,60
S01007199,Born in the UK,770,269,88,181,501,452,49
S01007199,Born outside the UK: Total,34,10,2,8,24,13,11
S01007199,Born outside the UK: Resident less than 2 years,7,0,0,0,7,3,4
S01007199,Born outside the UK: Resident 2 years or more and less than 5 years,11,2,0,2,9,2,7
S01007199,Born outside the UK: Resident 5 years or more and less than 10 years,4,4,1,3,0,0,0
S01007199,Born outside the UK: Resident 10 years or more,12,4,1,3,8,8,0
S01007200,All people in households,849,573,182,391,276,204,72
S01007200,Born in the UK,831,564,179,385,267,197,70
S01007200,Born outside the UK: Total,18,9,3,6,9,7,2
S01007200,Born outside the UK: Resident less than 2 years,6,0,0,0,6,5,1
S01007200,Born outside the UK: Resident 2 years or more and less than 5 years,2,1,0,1,1,1,0
S01007200,Born outside the UK: Resident 5 years or more and less than 10 years,1,0,0,0,1,0,1
S01007200,Born outside the UK: Resident 10 years or more,9,8,3,5,1,1,0
S01007201,All people in households,738,486,219,267,252,215,37
S01007201,Born in the UK,716,471,215,256,245,213,32
S01007201,Born outside the UK: Total,22,15,4,11,7,2,5
S01007201,Born outside the UK: Resident less than 2 years,4,0,0,0,4,0,4
S01007201,Born outside the UK: Resident 2 years or more and less than 5 years,3,2,0,2,1,1,0
S01007201,Born outside the UK: Resident 5 years or more and less than 10 years,2,2,0,2,0,0,0
S01007201,Born outside the UK: Resident 10 years or more,13,11,4,7,2,1,1
S01007202,All people in households,735,446,216,230,289,241,48
S01007202,Born in the UK,719,436,210,226,283,238,45
S01007202,Born outside the UK: Total,16,10,6,4,6,3,3
S01007202,Born outside the UK: Resident less than 2 years,1,1,1,0,0,0,0
S01007202,Born outside the UK: Resident 2 years or more and less than 5 years,2,1,0,1,1,0,1
S01007202,Born outside the UK: Resident 5 years or more and less than 10 years,3,0,0,0,3,2,1
S01007202,Born outside the UK: Resident 10 years or more,10,8,5,3,2,1,1
S01007203,All people in households,643,502,144,358,141,100,41
S01007203,Born in the UK,631,495,142,353,136,97,39
S01007203,Born outside the UK: Total,12,7,2,5,5,3,2
S01007203,Born outside the UK: Resident less than 2 years,0,0,0,0,0,0,0
S01007203,Born outside the UK: Resident 2 years or more and less than 5 years,0,0,0,0,0,0,0
S01007203,Born outside the UK: Resident 5 years or more and less than 10 years,1,1,0,1,0,0,0
S01007203,Born outside the UK: Resident 10 years or more,11,6,2,4,5,3,2
S01007204,All people in households,956,616,259,357,340,156,184
S01007204,Born in the UK,907,589,248,341,318,155,163
S01007204,Born outside the UK: Total,49,27,11,16,22,1,21
S01007204,Born outside the UK: Resident less than 2 years,10,3,0,3,7,0,7
S01007204,Born outside the UK: Resident 2 years or more and less than 5 years,5,0,0,0,5,0,5
S01007204,Born outside the UK: Resident 5 years or more and less than 10 years,5,2,0,2,3,0,3
S01007204,Born outside the UK: Resident 10 years or more,29,22,11,11,7,1,6
S01007205,All people in households,672,458,201,257,214,34,180
S01007205,Born in the UK,636,431,194,237,205,32,173
S01007205,Born outside the UK: Total,36,27,7,20,9,2,7
S01007205,Born outside the UK: Resident less than 2 years,6,6,1,5,0,0,0
S01007205,Born outside the UK: Resident 2 years or more and less than 5 years,3,0,0,0,3,0,3
S01007205,Born outside the UK: Resident 5 years or more and less than 10 years,8,5,0,5,3,1,2
S01007205,Born outside the UK: Resident 10 years or more,19,16,6,10,3,1,2
S01007206,All people in households,392,250,126,124,142,60,82
S01007206,Born in the UK,380,246,124,122,134,60,74
S01007206,Born outside the UK: Total,12,4,2,2,8,0,8
S01007206,Born outside the UK: Resident less than 2 years,0,0,0,0,0,0,0
S01007206,Born outside the UK: Resident 2 years or more and less than 5 years,4,0,0,0,4,0,4
S01007206,Born outside the UK: Resident 5 years or more and less than 10 years,3,2,1,1,1,0,1
S01007206,Born outside the UK: Resident 10 years or more,5,2,1,1,3,0,3
S01007207,All people in households,898,658,303,355,240,157,83
S01007207,Born in the UK,869,648,302,346,221,152,69
S01007207,Born outside the UK: Total,29,10,1,9,19,5,14
S01007207,Born outside the UK: Resident less than 2 years,5,0,0,0,5,0,5
S01007207,Born outside the UK: Resident 2 years or more and less than 5 years,4,1,0,1,3,0,3
S01007207,Born outside the UK: Resident 5 years or more and less than 10 years,5,0,0,0,5,0,5
S01007207,Born outside the UK: Resident 10 years or more,15,9,1,8,6,5,1
S01007208,All people in households,990,426,139,287,564,332,232
S01007208,Born in the UK,920,404,133,271,516,315,201
S01007208,Born outside the UK: Total,70,22,6,16,48,17,31
S01007208,Born outside the UK: Resident less than 2 years,8,0,0,0,8,0,8
S01007208,Born outside the UK: Resident 2 years or more and less than 5 years,19,3,0,3,16,4,12
S01007208,Born outside the UK: Resident 5 years or more and less than 10 years,14,5,1,4,9,6,3
S01007208,Born outside the UK: Resident 10 years or more,29,14,5,9,15,7,8
S01007209,All people in households,702,371,186,185,331,114,217
S01007209,Born in the UK,656,349,178,171,307,107,200
S01007209,Born outside the UK: Total,46,22,8,14,24,7,17
S01007209,Born outside the UK: Resident less than 2 years,5,2,0,2,3,1,2
S01007209,Born outside the UK: Resident 2 years or more and less than 5 years,8,1,1,0,7,4,3
S01007209,Born outside the UK: Resident 5 years or more and less than 10 years,16,11,3,8,5,0,5
S01007209,Born outside the UK: Resident 10 years or more,17,8,4,4,9,2,7
S01007210,All people in households,779,354,109,245,425,311,114
S01007210,Born in the UK,750,346,106,240,404,302,102
S01007210,Born outside the UK: Total,29,8,3,5,21,9,12
S01007210,Born outside the UK: Resident less than 2 years,5,0,0,0,5,2,3
S01007210,Born outside the UK: Resident 2 years or more and less than 5 years,8,0,0,0,8,3,5
S01007210,Born outside the UK: Resident 5 years or more and less than 10 years,4,1,0,1,3,1,2
S01007210,Born outside the UK: Resident 10 years or more,12,7,3,4,5,3,2
S01007211,All people in households,967,443,177,266,524,428,96
S01007211,Born in the UK,911,416,172,244,495,417,78
S01007211,Born outside the UK: Total,56,27,5,22,29,11,18
S01007211,Born outside the UK: Resident less than 2 years,6,1,0,1,5,0,5
S01007211,Born outside the UK: Resident 2 years or more and less than 5 years,7,3,0,3,4,0,4
S01007211,Born outside the UK: Resident 5 years or more and less than 10 years,16,6,0,6,10,4,6
S01007211,Born outside the UK: Resident 10 years or more,27,17,5,12,10,7,3
S01007212,All people in households,546,394,189,205,152,53,99
S01007212,Born in the UK,511,375,183,192,136,48,88
S01007212,Born outside the UK: Total,35,19,6,13,16,5,11
S01007212,Born outside the UK: Resident less than 2 years,6,3,0,3,3,1,2
S01007212,Born outside the UK: Resident 2 years or more and less than 5 years,7,1,0,1,6,2,4
S01007212,Born outside the UK: Resident 5 years or more and less than 10 years,8,3,0,3,5,1,4
S01007212,Born outside the UK: Resident 10 years or more,14,12,6,6,2,1,1
S01007213,All people in households,873,620,316,304,253,114,139
S01007213,Born in the UK,816,591,300,291,225,105,120
S01007213,Born outside the UK: Total,57,29,16,13,28,9,19
S01007213,Born outside the UK: Resident less than 2 years,10,0,0,0,10,3,7
S01007213,Born outside the UK: Resident 2 years or more and less than 5 years,3,2,0,2,1,1,0
S01007213,Born outside the UK: Resident 5 years or more and less than 10 years,18,5,3,2,13,3,10
S01007213,Born outside the UK: Resident 10 years or more,26,22,13,9,4,2,2
S01007214,All people in households,726,313,138,175,413,327,86
S01007214,Born in the UK,684,292,135,157,392,317,75
S01007214,Born outside the UK: Total,42,21,3,18,21,10,11
S01007214,Born outside the UK: Resident less than 2 years,6,0,0,0,6,1,5
S01007214,Born outside the UK: Resident 2 years or more and less than 5 years,10,3,0,3,7,4,3
S01007214,Born outside the UK: Resident 5 years or more and less than 10 years,5,4,1,3,1,1,0
S01007214,Born outside the UK: Resident 10 years or more,21,14,2,12,7,4,3
S01007215,All people in households,770,433,179,254,337,193,144
S01007215,Born in the UK,683,413,169,244,270,163,107
S01007215,Born outside the UK: Total,87,20,10,10,67,30,37
S01007215,Born outside the UK: Resident less than 2 years,18,1,1,0,17,4,13
S01007215,Born outside the UK: Resident 2 years or more and less than 5 years,24,3,1,2,21,9,12
S01007215,Born outside the UK: Resident 5 years or more and less than 10 years,14,0,0,0,14,9,5
S01007215,Born outside the UK: Resident 10 years or more,31,16,8,8,15,8,7
S01007216,All people in households,694,554,248,306,140,73,67
S01007216,Born in the UK,671,535,243,292,136,73,63
S01007216,Born outside the UK: Total,23,19,5,14,4,0,4
S01007216,Born outside the UK: Resident less than 2 years,3,2,0,2,1,0,1
S01007216,Born outside the UK: Resident 2 years or more and less than 5 years,0,0,0,0,0,0,0
S01007216,Born outside the UK: Resident 5 years or more and less than 10 years,5,3,1,2,2,0,2
S01007216,Born outside the UK: Resident 10 years or more,15,14,4,10,1,0,1
S01007217,All people in households,943,539,201,338,404,310,94
S01007217,Born in the UK,899,516,197,319,383,296,87
S01007217,Born outside the UK: Total,44,23,4,19,21,14,7
S01007217,Born outside the UK: Resident less than 2 years,1,1,0,1,0,0,0
S01007217,Born outside the UK: Resident 2 years or more and less than 5 years,17,9,1,8,8,4,4
S01007217,Born outside the UK: Resident 5 years or more and less than 10 years,9,5,0,5,4,2,2
S01007217,Born outside the UK: Resident 10 years or more,17,8,3,5,9,8,1
S01007218,All people in households,876,793,385,408,83,26,57
S01007218,Born in the UK,842,769,372,397,73,23,50
S01007218,Born outside the UK: Total,34,24,13,11,10,3,7
S01007218,Born outside the UK: Resident less than 2 years,4,4,1,3,0,0,0
S01007218,Born outside the UK: Resident 2 years or more and less than 5 years,3,0,0,0,3,0,3
S01007218,Born outside the UK: Resident 5 years or more and less than 10 years,7,4,0,4,3,2,1
S01007218,Born outside the UK: Resident 10 years or more,20,16,12,4,4,1,3
S01007219,All people in households,808,498,149,349,310,257,53
S01007219,Born in the UK,784,486,149,337,298,250,48
S01007219,Born outside the UK: Total,24,12,0,12,12,7,5
S01007219,Born outside the UK: Resident less than 2 years,2,1,0,1,1,0,1
S01007219,Born outside the UK: Resident 2 years or more and less than 5 years,7,2,0,2,5,2,3
S01007219,Born outside the UK: Resident 5 years or more and less than 10 years,2,2,0,2,0,0,0
S01007219,Born outside the UK: Resident 10 years or more,13,7,0,7,6,5,1
S01007220,All people in households,701,477,133,344,224,169,55
S01007220,Born in the UK,685,466,130,336,219,166,53
S01007220,Born outside the UK: Total,16,11,3,8,5,3,2
S01007220,Born outside the UK: Resident less than 2 years,0,0,0,0,0,0,0
S01007220,Born outside the UK: Resident 2 years or more and less than 5 years,3,1,0,1,2,0,2
S01007220,Born outside the UK: Resident 5 years or more and less than 10 years,3,3,0,3,0,0,0
S01007220,Born outside the UK: Resident 10 years or more,10,7,3,4,3,3,0
S01007221,All people in households,699,577,205,372,122,74,48
S01007221,Born in the UK,669,558,196,362,111,72,39
S01007221,Born outside the UK: Total,30,19,9,10,11,2,9
S01007221,Born outside the UK: Resident less than 2 years,5,1,0,1,4,0,4
S01007221,Born outside the UK: Resident 2 years or more and less than 5 years,3,0,0,0,3,1,2
S01007221,Born outside the UK: Resident 5 years or more and less than 10 years,6,6,3,3,0,0,0
S01007221,Born outside the UK: Resident 10 years or more,16,12,6,6,4,1,3
S01007222,All people in households,806,512,247,265,294,226,68
S01007222,Born in the UK,779,500,243,257,279,219,60
S01007222,Born outside the UK: Total,27,12,4,8,15,7,8
S01007222,Born outside the UK: Resident less than 2 years,1,0,0,0,1,0,1
S01007222,Born outside the UK: Resident 2 years or more and less than 5 years,9,1,0,1,8,3,5
S01007222,Born outside the UK: Resident 5 years or more and less than 10 years,3,0,0,0,3,1,2
S01007222,Born outside the UK: Resident 10 years or more,14,11,4,7,3,3,0
S01007223,All people in households,516,445,147,298,71,9,62
S01007223,Born in the UK,503,436,145,291,67,9,58
S01007223,Born outside the UK: Total,13,9,2,7,4,0,4
S01007223,Born outside the UK: Resident less than 2 years,0,0,0,0,0,0,0
S01007223,Born outside the UK: Resident 2 years or more and less than 5 years,1,0,0,0,1,0,1
S01007223,Born outside the UK: Resident 5 years or more and less than 10 years,2,0,0,0,2,0,2
S01007223,Born outside the UK: Resident 10 years or more,10,9,2,7,1,0,1
S01007224,All people in households,615,460,217,243,155,95,60
S01007224,Born in the UK,587,444,209,235,143,90,53
S01007224,Born outside the UK: Total,28,16,8,8,12,5,7
S01007224,Born outside the UK: Resident less than 2 years,1,1,0,1,0,0,0
S01007224,Born outside the UK: Resident 2 years or more and less than 5 years,3,1,1,0,2,0,2
S01007224,Born outside the UK: Resident 5 years or more and less than 10 years,5,0,0,0,5,3,2
S01007224,Born outside the UK: Resident 10 years or more,19,14,7,7,5,2,3
S01007225,All people in households,873,660,285,375,213,44,169
S01007225,Born in the UK,838,634,270,364,204,43,161
S01007225,Born outside the UK: Total,35,26,15,11,9,1,8
S01007225,Born outside the UK: Resident less than 2 years,3,2,2,0,1,0,1
S01007225,Born outside the UK: Resident 2 years or more and less than 5 years,3,2,1,1,1,0,1
S01007225,Born outside the UK: Resident 5 years or more and less than 10 years,2,1,1,0,1,0,1
S01007225,Born outside the UK: Resident 10 years or more,27,21,11,10,6,1,5
S01007226,All people in households,797,596,291,305,201,22,179
S01007226,Born in the UK,760,578,283,295,182,20,162
S01007226,Born outside the UK: Total,37,18,8,10,19,2,17
S01007226,Born outside the UK: Resident less than 2 years,9,0,0,0,9,0,9
S01007226,Born outside the UK: Resident 2 years or more and less than 5 years,5,1,1,0,4,2,2
S01007226,Born outside the UK: Resident 5 years or more and less than 10 years,9,5,0,5,4,0,4
S01007226,Born outside the UK: Resident 10 years or more,14,12,7,5,2,0,2
S01007227,All people in households,962,752,289,463,210,129,81
S01007227,Born in the UK,933,735,285,450,198,126,72
S01007227,Born outside the UK: Total,29,17,4,13,12,3,9
S01007227,Born outside the UK: Resident less than 2 years,1,1,0,1,0,0,0
S01007227,Born outside the UK: Resident 2 years or more and less than 5 years,9,2,0,2,7,2,5
S01007227,Born outside the UK: Resident 5 years or more and less than 10 years,0,0,0,0,0,0,0
S01007227,Born outside the UK: Resident 10 years or more,19,14,4,10,5,1,4
S01007228,All people in households,648,404,177,227,244,37,207
S01007228,Born in the UK,620,387,165,222,233,34,199
S01007228,Born outside the UK: Total,28,17,12,5,11,3,8
S01007228,Born outside the UK: Resident less than 2 years,0,0,0,0,0,0,0
S01007228,Born outside the UK: Resident 2 years or more and less than 5 years,6,2,0,2,4,2,2
S01007228,Born outside the UK: Resident 5 years or more and less than 10 years,2,1,0,1,1,0,1
S01007228,Born outside the UK: Resident 10 years or more,20,14,12,2,6,1,5
S01007229,All people in households,1102,676,292,384,426,30,396
S01007229,Born in the UK,1064,656,281,375,408,26,382
S01007229,Born outside the UK: Total,38,20,11,9,18,4,14
S01007229,Born outside the UK: Resident less than 2 years,1,0,0,0,1,0,1
S01007229,Born outside the UK: Resident 2 years or more and less than 5 years,5,0,0,0,5,4,1
S01007229,Born outside the UK: Resident 5 years or more and less than 10 years,2,1,0,1,1,0,1
S01007229,Born outside the UK: Resident 10 years or more,30,19,11,8,11,0,11
S01007230,All people in households,742,270,73,197,472,434,38
S01007230,Born in the UK,632,257,71,186,375,340,35
S01007230,Born outside the UK: Total,110,13,2,11,97,94,3
S01007230,Born outside the UK: Resident less than 2 years,22,1,0,1,21,20,1
S01007230,Born outside the UK: Resident 2 years or more and less than 5 years,58,6,0,6,52,51,1
S01007230,Born outside the UK: Resident 5 years or more and less than 10 years,17,1,0,1,16,16,0
S01007230,Born outside the UK: Resident 10 years or more,13,5,2,3,8,7,1
S01007231,All people in households,701,286,91,195,415,290,125
S01007231,Born in the UK,650,278,90,188,372,266,106
S01007231,Born outside the UK: Total,51,8,1,7,43,24,19
S01007231,Born outside the UK: Resident less than 2 years,10,1,0,1,9,3,6
S01007231,Born outside the UK: Resident 2 years or more and less than 5 years,17,1,1,0,16,10,6
S01007231,Born outside the UK: Resident 5 years or more and less than 10 years,12,0,0,0,12,8,4
S01007231,Born outside the UK: Resident 10 years or more,12,6,0,6,6,3,3
S01007232,All people in households,726,208,72,136,518,414,104
S01007232,Born in the UK,670,198,68,130,472,380,92
S01007232,Born outside the UK: Total,56,10,4,6,46,34,12
S01007232,Born outside the UK: Resident less than 2 years,2,0,0,0,2,1,1
S01007232,Born outside the UK: Resident 2 years or more and less than 5 years,14,0,0,0,14,11,3
S01007232,Born outside the UK: Resident 5 years or more and less than 10 years,22,6,2,4,16,11,5
S01007232,Born outside the UK: Resident 10 years or more,18,4,2,2,14,11,3
S01007233,All people in households,788,515,218,297,273,177,96
S01007233,Born in the UK,740,495,213,282,245,173,72
S01007233,Born outside the UK: Total,48,20,5,15,28,4,24
S01007233,Born outside the UK: Resident less than 2 years,10,0,0,0,10,0,10
S01007233,Born outside the UK: Resident 2 years or more and less than 5 years,12,1,0,1,11,3,8
S01007233,Born outside the UK: Resident 5 years or more and less than 10 years,9,4,1,3,5,0,5
S01007233,Born outside the UK: Resident 10 years or more,17,15,4,11,2,1,1
S01007234,All people in households,613,374,158,216,239,138,101
S01007234,Born in the UK,584,358,153,205,226,133,93
S01007234,Born outside the UK: Total,29,16,5,11,13,5,8
S01007234,Born outside the UK: Resident less than 2 years,1,0,0,0,1,0,1
S01007234,Born outside the UK: Resident 2 years or more and less than 5 years,6,0,0,0,6,4,2
S01007234,Born outside the UK: Resident 5 years or more and less than 10 years,10,7,0,7,3,0,3
S01007234,Born outside the UK: Resident 10 years or more,12,9,5,4,3,1,2
S01007235,All people in households,774,401,169,232,373,154,219
S01007235,Born in the UK,721,384,164,220,337,153,184
S01007235,Born outside the UK: Total,53,17,5,12,36,1,35
S01007235,Born outside the UK: Resident less than 2 years,14,1,0,1,13,1,12
S01007235,Born outside the UK: Resident 2 years or more and less than 5 years,14,2,0,2,12,0,12
S01007235,Born outside the UK: Resident 5 years or more and less than 10 years,7,2,0,2,5,0,5
S01007235,Born outside the UK: Resident 10 years or more,18,12,5,7,6,0,6
S01007236,All people in households,619,425,137,288,194,110,84
S01007236,Born in the UK,595,418,136,282,177,102,75
S01007236,Born outside the UK: Total,24,7,1,6,17,8,9
S01007236,Born outside the UK: Resident less than 2 years,2,0,0,0,2,1,1
S01007236,Born outside the UK: Resident 2 years or more and less than 5 years,9,1,0,1,8,1,7
S01007236,Born outside the UK: Resident 5 years or more and less than 10 years,4,0,0,0,4,3,1
S01007236,Born outside the UK: Resident 10 years or more,9,6,1,5,3,3,0
S01007237,All people in households,719,615,272,343,104,44,60
S01007237,Born in the UK,696,605,271,334,91,42,49
S01007237,Born outside the UK: Total,23,10,1,9,13,2,11
S01007237,Born outside the UK: Resident less than 2 years,0,0,0,0,0,0,0
S01007237,Born outside the UK: Resident 2 years or more and less than 5 years,10,1,0,1,9,1,8
S01007237,Born outside the UK: Resident 5 years or more and less than 10 years,0,0,0,0,0,0,0
S01007237,Born outside the UK: Resident 10 years or more,13,9,1,8,4,1,3
S01007238,All people in households,915,618,224,394,297,231,66
S01007238,Born in the UK,877,608,222,386,269,205,64
S01007238,Born outside the UK: Total,38,10,2,8,28,26,2
S01007238,Born outside the UK: Resident less than 2 years,2,0,0,0,2,2,0
S01007238,Born outside the UK: Resident 2 years or more and less than 5 years,23,0,0,0,23,21,2
S01007238,Born outside the UK: Resident 5 years or more and less than 10 years,1,1,0,1,0,0,0
S01007238,Born outside the UK: Resident 10 years or more,12,9,2,7,3,3,0
S01007239,All people in households,810,686,339,347,124,48,76
S01007239,Born in the UK,781,664,329,335,117,47,70
S01007239,Born outside the UK: Total,29,22,10,12,7,1,6
S01007239,Born outside the UK: Resident less than 2 years,4,2,0,2,2,0,2
S01007239,Born outside the UK: Resident 2 years or more and less than 5 years,1,0,0,0,1,0,1
S01007239,Born outside the UK: Resident 5 years or more and less than 10 years,4,2,0,2,2,0,2
S01007239,Born outside the UK: Resident 10 years or more,20,18,10,8,2,1,1
S01007240,All people in households,539,320,169,151,219,18,201
S01007240,Born in the UK,510,299,163,136,211,18,193
S01007240,Born outside the UK: Total,29,21,6,15,8,0,8
S01007240,Born outside the UK: Resident less than 2 years,3,0,0,0,3,0,3
S01007240,Born outside the UK: Resident 2 years or more and less than 5 years,4,0,0,0,4,0,4
S01007240,Born outside the UK: Resident 5 years or more and less than 10 years,9,9,1,8,0,0,0
S01007240,Born outside the UK: Resident 10 years or more,13,12,5,7,1,0,1
S01007241,All people in households,614,507,248,259,107,9,98
S01007241,Born in the UK,589,489,239,250,100,9,91
S01007241,Born outside the UK: Total,25,18,9,9,7,0,7
S01007241,Born outside the UK: Resident less than 2 years,0,0,0,0,0,0,0
S01007241,Born outside the UK: Resident 2 years or more and less than 5 years,0,0,0,0,0,0,0
S01007241,Born outside the UK: Resident 5 years or more and less than 10 years,3,1,0,1,2,0,2
S01007241,Born outside the UK: Resident 10 years or more,22,17,9,8,5,0,5
S01007242,All people in households,999,811,337,474,188,89,99
S01007242,Born in the UK,966,794,331,463,172,87,85
S01007242,Born outside the UK: Total,33,17,6,11,16,2,14
S01007242,Born outside the UK: Resident less than 2 years,9,0,0,0,9,0,9
S01007242,Born outside the UK: Resident 2 years or more and less than 5 years,3,0,0,0,3,0,3
S01007242,Born outside the UK: Resident 5 years or more and less than 10 years,2,0,0,0,2,2,0
S01007242,Born outside the UK: Resident 10 years or more,19,17,6,11,2,0,2
S01007243,All people in households,585,495,205,290,90,45,45
S01007243,Born in the UK,567,486,202,284,81,43,38
S01007243,Born outside the UK: Total,18,9,3,6,9,2,7
S01007243,Born outside the UK: Resident less than 2 years,0,0,0,0,0,0,0
S01007243,Born outside the UK: Resident 2 years or more and less than 5 years,7,1,0,1,6,2,4
S01007243,Born outside the UK: Resident 5 years or more and less than 10 years,0,0,0,0,0,0,0
S01007243,Born outside the UK: Resident 10 years or more,11,8,3,5,3,0,3
S01007244,All people in households,717,539,305,234,178,33,145
S01007244,Born in the UK,689,521,295,226,168,31,137
S01007244,Born outside the UK: Total,28,18,10,8,10,2,8
S01007244,Born outside the UK: Resident less than 2 years,3,1,1,0,2,1,1
S01007244,Born outside the UK: Resident 2 years or more and less than 5 years,1,1,1,0,0,0,0
S01007244,Born outside the UK: Resident 5 years or more and less than 10 years,3,1,0,1,2,1,1
S01007244,Born outside the UK: Resident 10 years or more,21,15,8,7,6,0,6
S01007245,All people in households,669,445,211,234,224,111,113
S01007245,Born in the UK,643,432,206,226,211,110,101
S01007245,Born outside the UK: Total,26,13,5,8,13,1,12
S01007245,Born outside the UK: Resident less than 2 years,1,0,0,0,1,0,1
S01007245,Born outside the UK: Resident 2 years or more and less than 5 years,3,0,0,0,3,0,3
S01007245,Born outside the UK: Resident 5 years or more and less than 10 years,6,3,1,2,3,0,3
S01007245,Born outside the UK: Resident 10 years or more,16,10,4,6,6,1,5
S01007246,All people in households,564,422,195,227,142,55,87
S01007246,Born in the UK,553,415,191,224,138,52,86
S01007246,Born outside the UK: Total,11,7,4,3,4,3,1
S01007246,Born outside the UK: Resident less than 2 years,0,0,0,0,0,0,0
S01007246,Born outside the UK: Resident 2 years or more and less than 5 years,1,0,0,0,1,1,0
S01007246,Born outside the UK: Resident 5 years or more and less than 10 years,2,1,0,1,1,1,0
S01007246,Born outside the UK: Resident 10 years or more,8,6,4,2,2,1,1
S01007247,All people in households,641,356,141,215,285,53,232
S01007247,Born in the UK,620,347,140,207,273,51,222
S01007247,Born outside the UK: Total,21,9,1,8,12,2,10
S01007247,Born outside the UK: Resident less than 2 years,2,2,0,2,0,0,0
S01007247,Born outside the UK: Resident 2 years or more and less than 5 years,0,0,0,0,0,0,0
S01007247,Born outside the UK: Resident 5 years or more and less than 10 years,9,1,0,1,8,2,6
S01007247,Born outside the UK: Resident 10 years or more,10,6,1,5,4,0,4
S01007248,All people in households,763,712,347,365,51,21,30
S01007248,Born in the UK,740,692,337,355,48,18,30
S01007248,Born outside the UK: Total,23,20,10,10,3,3,0
S01007248,Born outside the UK: Resident less than 2 years,0,0,0,0,0,0,0
S01007248,Born outside the UK: Resident 2 years or more and less than 5 years,1,0,0,0,1,1,0
S01007248,Born outside the UK: Resident 5 years or more and less than 10 years,1,1,1,0,0,0,0
S01007248,Born outside the UK: Resident 10 years or more,21,19,9,10,2,2,0
S01007249,All people in households,377,286,164,122,91,51,40
S01007249,Born in the UK,361,278,158,120,83,46,37
S01007249,Born outside the UK: Total,16,8,6,2,8,5,3
S01007249,Born outside the UK: Resident less than 2 years,0,0,0,0,0,0,0
S01007249,Born outside the UK: Resident 2 years or more and less than 5 years,6,0,0,0,6,4,2
S01007249,Born outside the UK: Resident 5 years or more and less than 10 years,1,0,0,0,1,0,1
S01007249,Born outside the UK: Resident 10 years or more,9,8,6,2,1,1,0
S01007250,All people in households,822,525,212,313,297,167,130
S01007250,Born in the UK,786,513,208,305,273,162,111
S01007250,Born outside the UK: Total,36,12,4,8,24,5,19
S01007250,Born outside the UK: Resident less than 2 years,10,1,1,0,9,0,9
S01007250,Born outside the UK: Resident 2 years or more and less than 5 years,5,0,0,0,5,1,4
S01007250,Born outside the UK: Resident 5 years or more and less than 10 years,4,0,0,0,4,1,3
S01007250,Born outside the UK: Resident 10 years or more,17,11,3,8,6,3,3
S01007251,All people in households,523,292,84,208,231,183,48
S01007251,Born in the UK,502,287,81,206,215,180,35
S01007251,Born outside the UK: Total,21,5,3,2,16,3,13
S01007251,Born outside the UK: Resident less than 2 years,0,0,0,0,0,0,0
S01007251,Born outside the UK: Resident 2 years or more and less than 5 years,13,0,0,0,13,1,12
S01007251,Born outside the UK: Resident 5 years or more and less than 10 years,2,0,0,0,2,1,1
S01007251,Born outside the UK: Resident 10 years or more,6,5,3,2,1,1,0
S01007252,All people in households,798,539,215,324,259,173,86
S01007252,Born in the UK,776,531,210,321,245,166,79
S01007252,Born outside the UK: Total,22,8,5,3,14,7,7
S01007252,Born outside the UK: Resident less than 2 years,0,0,0,0,0,0,0
S01007252,Born outside the UK: Resident 2 years or more and less than 5 years,8,0,0,0,8,2,6
S01007252,Born outside the UK: Resident 5 years or more and less than 10 years,3,0,0,0,3,3,0
S01007252,Born outside the UK: Resident 10 years or more,11,8,5,3,3,2,1
S01007253,All people in households,798,676,316,360,122,56,66
S01007253,Born in the UK,780,664,311,353,116,54,62
S01007253,Born outside the UK: Total,18,12,5,7,6,2,4
S01007253,Born outside the UK: Resident less than 2 years,6,1,1,0,5,1,4
S01007253,Born outside the UK: Resident 2 years or more and less than 5 years,0,0,0,0,0,0,0
S01007253,Born outside the UK: Resident 5 years or more and less than 10 years,2,2,0,2,0,0,0
S01007253,Born outside the UK: Resident 10 years or more,10,9,4,5,1,1,0
S01007254,All people in households,793,369,123,246,424,305,119
S01007254,Born in the UK,734,362,119,243,372,272,100
S01007254,Born outside the UK: Total,59,7,4,3,52,33,19
S01007254,Born outside the UK: Resident less than 2 years,19,0,0,0,19,15,4
S01007254,Born outside the UK: Resident 2 years or more and less than 5 years,20,0,0,0,20,8,12
S01007254,Born outside the UK: Resident 5 years or more and less than 10 years,4,0,0,0,4,2,2
S01007254,Born outside the UK: Resident 10 years or more,16,7,4,3,9,8,1
S01007255,All people in households,792,284,92,192,508,443,65
S01007255,Born in the UK,740,272,87,185,468,406,62
S01007255,Born outside the UK: Total,52,12,5,7,40,37,3
S01007255,Born outside the UK: Resident less than 2 years,11,0,0,0,11,11,0
S01007255,Born outside the UK: Resident 2 years or more and less than 5 years,23,3,0,3,20,18,2
S01007255,Born outside the UK: Resident 5 years or more and less than 10 years,4,2,0,2,2,2,0
S01007255,Born outside the UK: Resident 10 years or more,14,7,5,2,7,6,1
S01007256,All people in households,799,374,135,239,425,262,163
S01007256,Born in the UK,737,366,130,236,371,245,126
S01007256,Born outside the UK: Total,62,8,5,3,54,17,37
S01007256,Born outside the UK: Resident less than 2 years,18,1,1,0,17,4,13
S01007256,Born outside the UK: Resident 2 years or more and less than 5 years,19,1,1,0,18,3,15
S01007256,Born outside the UK: Resident 5 years or more and less than 10 years,6,0,0,0,6,3,3
S01007256,Born outside the UK: Resident 10 years or more,19,6,3,3,13,7,6
S01007257,All people in households,606,251,97,154,355,225,130
S01007257,Born in the UK,554,235,90,145,319,211,108
S01007257,Born outside the UK: Total,52,16,7,9,36,14,22
S01007257,Born outside the UK: Resident less than 2 years,16,2,0,2,14,4,10
S01007257,Born outside the UK: Resident 2 years or more and less than 5 years,16,2,0,2,14,8,6
S01007257,Born outside the UK: Resident 5 years or more and less than 10 years,7,1,1,0,6,1,5
S01007257,Born outside the UK: Resident 10 years or more,13,11,6,5,2,1,1
S01007258,All people in households,870,506,207,299,364,254,110
S01007258,Born in the UK,812,494,201,293,318,230,88
S01007258,Born outside the UK: Total,58,12,6,6,46,24,22
S01007258,Born outside the UK: Resident less than 2 years,22,0,0,0,22,9,13
S01007258,Born outside the UK: Resident 2 years or more and less than 5 years,12,0,0,0,12,6,6
S01007258,Born outside the UK: Resident 5 years or more and less than 10 years,6,1,1,0,5,3,2
S01007258,Born outside the UK: Resident 10 years or more,18,11,5,6,7,6,1
S01007259,All people in households,840,442,173,269,398,281,117
S01007259,Born in the UK,795,431,168,263,364,259,105
S01007259,Born outside the UK: Total,45,11,5,6,34,22,12
S01007259,Born outside the UK: Resident less than 2 years,4,3,3,0,1,0,1
S01007259,Born outside the UK: Resident 2 years or more and less than 5 years,11,0,0,0,11,3,8
S01007259,Born outside the UK: Resident 5 years or more and less than 10 years,9,1,1,0,8,8,0
S01007259,Born outside the UK: Resident 10 years or more,21,7,1,6,14,11,3
S01007260,All people in households,884,421,123,298,463,412,51
S01007260,Born in the UK,849,407,117,290,442,396,46
S01007260,Born outside the UK: Total,35,14,6,8,21,16,5
S01007260,Born outside the UK: Resident less than 2 years,2,0,0,0,2,1,1
S01007260,Born outside the UK: Resident 2 years or more and less than 5 years,10,3,2,1,7,4,3
S01007260,Born outside the UK: Resident 5 years or more and less than 10 years,10,4,1,3,6,6,0
S01007260,Born outside the UK: Resident 10 years or more,13,7,3,4,6,5,1
S01007261,All people in households,782,651,310,341,131,98,33
S01007261,Born in the UK,757,636,304,332,121,89,32
S01007261,Born outside the UK: Total,25,15,6,9,10,9,1
S01007261,Born outside the UK: Resident less than 2 years,5,1,0,1,4,3,1
S01007261,Born outside the UK: Resident 2 years or more and less than 5 years,4,1,0,1,3,3,0
S01007261,Born outside the UK: Resident 5 years or more and less than 10 years,3,1,0,1,2,2,0
S01007261,Born outside the UK: Resident 10 years or more,13,12,6,6,1,1,0
S01007262,All people in households,712,495,176,319,217,167,50
S01007262,Born in the UK,686,485,174,311,201,161,40
S01007262,Born outside the UK: Total,26,10,2,8,16,6,10
S01007262,Born outside the UK: Resident less than 2 years,4,0,0,0,4,0,4
S01007262,Born outside the UK: Resident 2 years or more and less than 5 years,4,0,0,0,4,1,3
S01007262,Born outside the UK: Resident 5 years or more and less than 10 years,3,1,0,1,2,0,2
S01007262,Born outside the UK: Resident 10 years or more,15,9,2,7,6,5,1
S01007263,All people in households,777,530,240,290,247,201,46
S01007263,Born in the UK,762,523,238,285,239,197,42
S01007263,Born outside the UK: Total,15,7,2,5,8,4,4
S01007263,Born outside the UK: Resident less than 2 years,2,1,0,1,1,0,1
S01007263,Born outside the UK: Resident 2 years or more and less than 5 years,2,0,0,0,2,1,1
S01007263,Born outside the UK: Resident 5 years or more and less than 10 years,0,0,0,0,0,0,0
S01007263,Born outside the UK: Resident 10 years or more,11,6,2,4,5,3,2
S01007264,All people in households,744,558,239,319,186,154,32
S01007264,Born in the UK,730,549,234,315,181,150,31
S01007264,Born outside the UK: Total,14,9,5,4,5,4,1
S01007264,Born outside the UK: Resident less than 2 years,0,0,0,0,0,0,0
S01007264,Born outside the UK: Resident 2 years or more and less than 5 years,4,0,0,0,4,3,1
S01007264,Born outside the UK: Resident 5 years or more and less than 10 years,0,0,0,0,0,0,0
S01007264,Born outside the UK: Resident 10 years or more,10,9,5,4,1,1,0
S01007265,All people in households,1059,660,199,461,399,326,73
S01007265,Born in the UK,1015,646,196,450,369,308,61
S01007265,Born outside the UK: Total,44,14,3,11,30,18,12
S01007265,Born outside the UK: Resident less than 2 years,11,0,0,0,11,4,7
S01007265,Born outside the UK: Resident 2 years or more and less than 5 years,10,0,0,0,10,8,2
S01007265,Born outside the UK: Resident 5 years or more and less than 10 years,8,4,0,4,4,3,1
S01007265,Born outside the UK: Resident 10 years or more,15,10,3,7,5,3,2
S01007266,All people in households,678,425,175,250,253,142,111
S01007266,Born in the UK,654,409,172,237,245,141,104
S01007266,Born outside the UK: Total,24,16,3,13,8,1,7
S01007266,Born outside the UK: Resident less than 2 years,5,1,0,1,4,0,4
S01007266,Born outside the UK: Resident 2 years or more and less than 5 years,2,0,0,0,2,0,2
S01007266,Born outside the UK: Resident 5 years or more and less than 10 years,4,3,0,3,1,0,1
S01007266,Born outside the UK: Resident 10 years or more,13,12,3,9,1,1,0
S01007267,All people in households,521,283,157,126,238,33,205
S01007267,Born in the UK,500,272,154,118,228,32,196
S01007267,Born outside the UK: Total,21,11,3,8,10,1,9
S01007267,Born outside the UK: Resident less than 2 years,1,0,0,0,1,0,1
S01007267,Born outside the UK: Resident 2 years or more and less than 5 years,1,1,0,1,0,0,0
S01007267,Born outside the UK: Resident 5 years or more and less than 10 years,5,2,0,2,3,0,3
S01007267,Born outside the UK: Resident 10 years or more,14,8,3,5,6,1,5
S01007268,All people in households,594,359,208,151,235,10,225
S01007268,Born in the UK,575,349,204,145,226,8,218
S01007268,Born outside the UK: Total,19,10,4,6,9,2,7
S01007268,Born outside the UK: Resident less than 2 years,1,0,0,0,1,0,1
S01007268,Born outside the UK: Resident 2 years or more and less than 5 years,1,0,0,0,1,1,0
S01007268,Born outside the UK: Resident 5 years or more and less than 10 years,2,0,0,0,2,1,1
S01007268,Born outside the UK: Resident 10 years or more,15,10,4,6,5,0,5
S01007269,All people in households,528,421,186,235,107,47,60
S01007269,Born in the UK,505,405,179,226,100,45,55
S01007269,Born outside the UK: Total,23,16,7,9,7,2,5
S01007269,Born outside the UK: Resident less than 2 years,4,3,3,0,1,0,1
S01007269,Born outside the UK: Resident 2 years or more and less than 5 years,4,1,0,1,3,0,3
S01007269,Born outside the UK: Resident 5 years or more and less than 10 years,2,2,0,2,0,0,0
S01007269,Born outside the UK: Resident 10 years or more,13,10,4,6,3,2,1
S01007270,All people in households,457,256,129,127,201,24,177
S01007270,Born in the UK,438,250,126,124,188,22,166
S01007270,Born outside the UK: Total,19,6,3,3,13,2,11
S01007270,Born outside the UK: Resident less than 2 years,3,0,0,0,3,0,3
S01007270,Born outside the UK: Resident 2 years or more and less than 5 years,3,0,0,0,3,2,1
S01007270,Born outside the UK: Resident 5 years or more and less than 10 years,5,1,1,0,4,0,4
S01007270,Born outside the UK: Resident 10 years or more,8,5,2,3,3,0,3
S01007271,All people in households,957,751,338,413,206,95,111
S01007271,Born in the UK,924,728,329,399,196,92,104
S01007271,Born outside the UK: Total,33,23,9,14,10,3,7
S01007271,Born outside the UK: Resident less than 2 years,3,1,0,1,2,0,2
S01007271,Born outside the UK: Resident 2 years or more and less than 5 years,7,2,1,1,5,1,4
S01007271,Born outside the UK: Resident 5 years or more and less than 10 years,6,5,1,4,1,0,1
S01007271,Born outside the UK: Resident 10 years or more,17,15,7,8,2,2,0
S01007272,All people in households,864,367,143,224,497,449,48
S01007272,Born in the UK,841,357,137,220,484,442,42
S01007272,Born outside the UK: Total,23,10,6,4,13,7,6
S01007272,Born outside the UK: Resident less than 2 years,2,0,0,0,2,0,2
S01007272,Born outside the UK: Resident 2 years or more and less than 5 years,2,0,0,0,2,1,1
S01007272,Born outside the UK: Resident 5 years or more and less than 10 years,5,2,0,2,3,1,2
S01007272,Born outside the UK: Resident 10 years or more,14,8,6,2,6,5,1
S01007273,All people in households,668,452,197,255,216,148,68
S01007273,Born in the UK,650,442,193,249,208,146,62
S01007273,Born outside the UK: Total,18,10,4,6,8,2,6
S01007273,Born outside the UK: Resident less than 2 years,4,0,0,0,4,1,3
S01007273,Born outside the UK: Resident 2 years or more and less than 5 years,0,0,0,0,0,0,0
S01007273,Born outside the UK: Resident 5 years or more and less than 10 years,4,3,2,1,1,0,1
S01007273,Born outside the UK: Resident 10 years or more,10,7,2,5,3,1,2
S01007274,All people in households,826,471,193,278,355,187,168
S01007274,Born in the UK,775,447,186,261,328,170,158
S01007274,Born outside the UK: Total,51,24,7,17,27,17,10
S01007274,Born outside the UK: Resident less than 2 years,3,0,0,0,3,3,0
S01007274,Born outside the UK: Resident 2 years or more and less than 5 years,8,2,0,2,6,5,1
S01007274,Born outside the UK: Resident 5 years or more and less than 10 years,11,5,0,5,6,2,4
S01007274,Born outside the UK: Resident 10 years or more,29,17,7,10,12,7,5
S01007275,All people in households,551,430,209,221,121,92,29
S01007275,Born in the UK,507,394,192,202,113,88,25
S01007275,Born outside the UK: Total,44,36,17,19,8,4,4
S01007275,Born outside the UK: Resident less than 2 years,3,3,2,1,0,0,0
S01007275,Born outside the UK: Resident 2 years or more and less than 5 years,3,3,0,3,0,0,0
S01007275,Born outside the UK: Resident 5 years or more and less than 10 years,12,5,0,5,7,4,3
S01007275,Born outside the UK: Resident 10 years or more,26,25,15,10,1,0,1
S01007276,All people in households,850,618,243,375,232,163,69
S01007276,Born in the UK,822,599,240,359,223,161,62
S01007276,Born outside the UK: Total,28,19,3,16,9,2,7
S01007276,Born outside the UK: Resident less than 2 years,3,3,0,3,0,0,0
S01007276,Born outside the UK: Resident 2 years or more and less than 5 years,5,0,0,0,5,0,5
S01007276,Born outside the UK: Resident 5 years or more and less than 10 years,6,5,0,5,1,0,1
S01007276,Born outside the UK: Resident 10 years or more,14,11,3,8,3,2,1
S01007277,All people in households,756,658,293,365,98,64,34
S01007277,Born in the UK,731,638,283,355,93,62,31
S01007277,Born outside the UK: Total,25,20,10,10,5,2,3
S01007277,Born outside the UK: Resident less than 2 years,0,0,0,0,0,0,0
S01007277,Born outside the UK: Resident 2 years or more and less than 5 years,0,0,0,0,0,0,0
S01007277,Born outside the UK: Resident 5 years or more and less than 10 years,7,4,4,0,3,1,2
S01007277,Born outside the UK: Resident 10 years or more,18,16,6,10,2,1,1
S01007278,All people in households,542,506,203,303,36,8,28
S01007278,Born in the UK,532,498,200,298,34,7,27
S01007278,Born outside the UK: Total,10,8,3,5,2,1,1
S01007278,Born outside the UK: Resident less than 2 years,0,0,0,0,0,0,0
S01007278,Born outside the UK: Resident 2 years or more and less than 5 years,0,0,0,0,0,0,0
S01007278,Born outside the UK: Resident 5 years or more and less than 10 years,2,2,0,2,0,0,0
S01007278,Born outside the UK: Resident 10 years or more,8,6,3,3,2,1,1
S01007279,All people in households,558,392,246,146,166,17,149
S01007279,Born in the UK,533,373,232,141,160,16,144
S01007279,Born outside the UK: Total,25,19,14,5,6,1,5
S01007279,Born outside the UK: Resident less than 2 years,0,0,0,0,0,0,0
S01007279,Born outside the UK: Resident 2 years or more and less than 5 years,1,1,1,0,0,0,0
S01007279,Born outside the UK: Resident 5 years or more and less than 10 years,1,0,0,0,1,1,0
S01007279,Born outside the UK: Resident 10 years or more,23,18,13,5,5,0,5
S01007280,All people in households,568,272,132,140,296,33,263
S01007280,Born in the UK,546,258,123,135,288,33,255
S01007280,Born outside the UK: Total,22,14,9,5,8,0,8
S01007280,Born outside the UK: Resident less than 2 years,5,0,0,0,5,0,5
S01007280,Born outside the UK: Resident 2 years or more and less than 5 years,0,0,0,0,0,0,0
S01007280,Born outside the UK: Resident 5 years or more and less than 10 years,1,0,0,0,1,0,1
S01007280,Born outside the UK: Resident 10 years or more,16,14,9,5,2,0,2
S01007281,All people in households,885,619,274,345,266,26,240
S01007281,Born in the UK,845,603,267,336,242,24,218
S01007281,Born outside the UK: Total,40,16,7,9,24,2,22
S01007281,Born outside the UK: Resident less than 2 years,16,2,0,2,14,2,12
S01007281,Born outside the UK: Resident 2 years or more and less than 5 years,3,0,0,0,3,0,3
S01007281,Born outside the UK: Resident 5 years or more and less than 10 years,2,0,0,0,2,0,2
S01007281,Born outside the UK: Resident 10 years or more,19,14,7,7,5,0,5
S01007282,All people in households,538,243,103,140,295,49,246
S01007282,Born in the UK,513,236,101,135,277,38,239
S01007282,Born outside the UK: Total,25,7,2,5,18,11,7
S01007282,Born outside the UK: Resident less than 2 years,1,0,0,0,1,0,1
S01007282,Born outside the UK: Resident 2 years or more and less than 5 years,10,0,0,0,10,7,3
S01007282,Born outside the UK: Resident 5 years or more and less than 10 years,5,3,0,3,2,1,1
S01007282,Born outside the UK: Resident 10 years or more,9,4,2,2,5,3,2
S01007283,All people in households,992,684,336,348,308,172,136
S01007283,Born in the UK,943,651,320,331,292,162,130
S01007283,Born outside the UK: Total,49,33,16,17,16,10,6
S01007283,Born outside the UK: Resident less than 2 years,6,4,0,4,2,0,2
S01007283,Born outside the UK: Resident 2 years or more and less than 5 years,3,1,1,0,2,1,1
S01007283,Born outside the UK: Resident 5 years or more and less than 10 years,8,3,1,2,5,3,2
S01007283,Born outside the UK: Resident 10 years or more,32,25,14,11,7,6,1
S01007284,All people in households,841,605,400,205,236,122,114
S01007284,Born in the UK,822,589,389,200,233,119,114
S01007284,Born outside the UK: Total,19,16,11,5,3,3,0
S01007284,Born outside the UK: Resident less than 2 years,1,0,0,0,1,1,0
S01007284,Born outside the UK: Resident 2 years or more and less than 5 years,1,1,0,1,0,0,0
S01007284,Born outside the UK: Resident 5 years or more and less than 10 years,1,1,1,0,0,0,0
S01007284,Born outside the UK: Resident 10 years or more,16,14,10,4,2,2,0
S01007285,All people in households,833,605,337,268,228,73,155
S01007285,Born in the UK,787,574,312,262,213,70,143
S01007285,Born outside the UK: Total,46,31,25,6,15,3,12
S01007285,Born outside the UK: Resident less than 2 years,5,3,3,0,2,0,2
S01007285,Born outside the UK: Resident 2 years or more and less than 5 years,7,3,2,1,4,0,4
S01007285,Born outside the UK: Resident 5 years or more and less than 10 years,4,1,1,0,3,2,1
S01007285,Born outside the UK: Resident 10 years or more,30,24,19,5,6,1,5
S01007286,All people in households,939,609,314,295,330,160,170
S01007286,Born in the UK,891,586,299,287,305,151,154
S01007286,Born outside the UK: Total,48,23,15,8,25,9,16
S01007286,Born outside the UK: Resident less than 2 years,3,0,0,0,3,1,2
S01007286,Born outside the UK: Resident 2 years or more and less than 5 years,6,2,2,0,4,2,2
S01007286,Born outside the UK: Resident 5 years or more and less than 10 years,15,5,1,4,10,2,8
S01007286,Born outside the UK: Resident 10 years or more,24,16,12,4,8,4,4
S01007287,All people in households,562,361,218,143,201,78,123
S01007287,Born in the UK,526,342,206,136,184,74,110
S01007287,Born outside the UK: Total,36,19,12,7,17,4,13
S01007287,Born outside the UK: Resident less than 2 years,6,2,2,0,4,0,4
S01007287,Born outside the UK: Resident 2 years or more and less than 5 years,4,2,1,1,2,1,1
S01007287,Born outside the UK: Resident 5 years or more and less than 10 years,3,2,0,2,1,0,1
S01007287,Born outside the UK: Resident 10 years or more,23,13,9,4,10,3,7
S01007288,All people in households,534,356,210,146,178,38,140
S01007288,Born in the UK,507,337,196,141,170,36,134
S01007288,Born outside the UK: Total,27,19,14,5,8,2,6
S01007288,Born outside the UK: Resident less than 2 years,2,0,0,0,2,0,2
S01007288,Born outside the UK: Resident 2 years or more and less than 5 years,1,0,0,0,1,0,1
S01007288,Born outside the UK: Resident 5 years or more and less than 10 years,5,0,0,0,5,2,3
S01007288,Born outside the UK: Resident 10 years or more,19,19,14,5,0,0,0
S01007289,All people in households,792,707,339,368,85,25,60
S01007289,Born in the UK,768,688,329,359,80,24,56
S01007289,Born outside the UK: Total,24,19,10,9,5,1,4
S01007289,Born outside the UK: Resident less than 2 years,5,3,2,1,2,0,2
S01007289,Born outside the UK: Resident 2 years or more and less than 5 years,5,4,0,4,1,0,1
S01007289,Born outside the UK: Resident 5 years or more and less than 10 years,1,0,0,0,1,0,1
S01007289,Born outside the UK: Resident 10 years or more,13,12,8,4,1,1,0
S01007290,All people in households,786,328,59,269,458,389,69
S01007290,Born in the UK,741,313,57,256,428,374,54
S01007290,Born outside the UK: Total,45,15,2,13,30,15,15
S01007290,Born outside the UK: Resident less than 2 years,6,2,0,2,4,0,4
S01007290,Born outside the UK: Resident 2 years or more and less than 5 years,16,3,0,3,13,8,5
S01007290,Born outside the UK: Resident 5 years or more and less than 10 years,9,4,0,4,5,2,3
S01007290,Born outside the UK: Resident 10 years or more,14,6,2,4,8,5,3
S01007291,All people in households,643,372,140,232,271,170,101
S01007291,Born in the UK,620,366,139,227,254,170,84
S01007291,Born outside the UK: Total,23,6,1,5,17,0,17
S01007291,Born outside the UK: Resident less than 2 years,5,0,0,0,5,0,5
S01007291,Born outside the UK: Resident 2 years or more and less than 5 years,9,0,0,0,9,0,9
S01007291,Born outside the UK: Resident 5 years or more and less than 10 years,3,1,0,1,2,0,2
S01007291,Born outside the UK: Resident 10 years or more,6,5,1,4,1,0,1
S01007292,All people in households,771,639,244,395,132,77,55
S01007292,Born in the UK,747,626,238,388,121,72,49
S01007292,Born outside the UK: Total,24,13,6,7,11,5,6
S01007292,Born outside the UK: Resident less than 2 years,3,0,0,0,3,2,1
S01007292,Born outside the UK: Resident 2 years or more and less than 5 years,6,1,1,0,5,1,4
S01007292,Born outside the UK: Resident 5 years or more and less than 10 years,0,0,0,0,0,0,0
S01007292,Born outside the UK: Resident 10 years or more,15,12,5,7,3,2,1
S01007293,All people in households,786,385,101,284,401,357,44
S01007293,Born in the UK,736,353,100,253,383,348,35
S01007293,Born outside the UK: Total,50,32,1,31,18,9,9
S01007293,Born outside the UK: Resident less than 2 years,8,3,0,3,5,0,5
S01007293,Born outside the UK: Resident 2 years or more and less than 5 years,17,13,0,13,4,1,3
S01007293,Born outside the UK: Resident 5 years or more and less than 10 years,15,12,0,12,3,2,1
S01007293,Born outside the UK: Resident 10 years or more,10,4,1,3,6,6,0
S01007294,All people in households,865,645,224,421,220,150,70
S01007294,Born in the UK,836,625,213,412,211,149,62
S01007294,Born outside the UK: Total,29,20,11,9,9,1,8
S01007294,Born outside the UK: Resident less than 2 years,3,1,1,0,2,0,2
S01007294,Born outside the UK: Resident 2 years or more and less than 5 years,3,0,0,0,3,0,3
S01007294,Born outside the UK: Resident 5 years or more and less than 10 years,5,4,2,2,1,0,1
S01007294,Born outside the UK: Resident 10 years or more,18,15,8,7,3,1,2
S01007295,All people in households,520,120,29,91,400,333,67
S01007295,Born in the UK,480,111,28,83,369,325,44
S01007295,Born outside the UK: Total,40,9,1,8,31,8,23
S01007295,Born outside the UK: Resident less than 2 years,11,0,0,0,11,0,11
S01007295,Born outside the UK: Resident 2 years or more and less than 5 years,8,0,0,0,8,0,8
S01007295,Born outside the UK: Resident 5 years or more and less than 10 years,7,3,0,3,4,1,3
S01007295,Born outside the UK: Resident 10 years or more,14,6,1,5,8,7,1
S01007296,All people in households,544,271,128,143,273,114,159
S01007296,Born in the UK,507,261,122,139,246,111,135
S01007296,Born outside the UK: Total,37,10,6,4,27,3,24
S01007296,Born outside the UK: Resident less than 2 years,4,0,0,0,4,0,4
S01007296,Born outside the UK: Resident 2 years or more and less than 5 years,12,0,0,0,12,0,12
S01007296,Born outside the UK: Resident 5 years or more and less than 10 years,7,1,0,1,6,1,5
S01007296,Born outside the UK: Resident 10 years or more,14,9,6,3,5,2,3
S01007297,All people in households,880,649,295,354,231,37,194
S01007297,Born in the UK,783,610,282,328,173,37,136
S01007297,Born outside the UK: Total,97,39,13,26,58,0,58
S01007297,Born outside the UK: Resident less than 2 years,21,4,0,4,17,0,17
S01007297,Born outside the UK: Resident 2 years or more and less than 5 years,28,11,3,8,17,0,17
S01007297,Born outside the UK: Resident 5 years or more and less than 10 years,19,6,1,5,13,0,13
S01007297,Born outside the UK: Resident 10 years or more,29,18,9,9,11,0,11
S01007298,All people in households,532,368,154,214,164,106,58
S01007298,Born in the UK,505,361,153,208,144,103,41
S01007298,Born outside the UK: Total,27,7,1,6,20,3,17
S01007298,Born outside the UK: Resident less than 2 years,7,0,0,0,7,0,7
S01007298,Born outside the UK: Resident 2 years or more and less than 5 years,3,0,0,0,3,0,3
S01007298,Born outside the UK: Resident 5 years or more and less than 10 years,10,5,0,5,5,1,4
S01007298,Born outside the UK: Resident 10 years or more,7,2,1,1,5,2,3
S01007299,All people in households,785,456,180,276,329,181,148
S01007299,Born in the UK,705,429,171,258,276,167,109
S01007299,Born outside the UK: Total,80,27,9,18,53,14,39
S01007299,Born outside the UK: Resident less than 2 years,18,0,0,0,18,2,16
S01007299,Born outside the UK: Resident 2 years or more and less than 5 years,21,5,0,5,16,7,9
S01007299,Born outside the UK: Resident 5 years or more and less than 10 years,20,9,2,7,11,3,8
S01007299,Born outside the UK: Resident 10 years or more,21,13,7,6,8,2,6
S01007300,All people in households,464,245,82,163,219,185,34
S01007300,Born in the UK,443,236,77,159,207,180,27
S01007300,Born outside the UK: Total,21,9,5,4,12,5,7
S01007300,Born outside the UK: Resident less than 2 years,2,0,0,0,2,1,1
S01007300,Born outside the UK: Resident 2 years or more and less than 5 years,5,3,0,3,2,0,2
S01007300,Born outside the UK: Resident 5 years or more and less than 10 years,5,1,1,0,4,0,4
S01007300,Born outside the UK: Resident 10 years or more,9,5,4,1,4,4,0
S01007301,All people in households,723,550,292,258,173,45,128
S01007301,Born in the UK,668,517,279,238,151,42,109
S01007301,Born outside the UK: Total,55,33,13,20,22,3,19
S01007301,Born outside the UK: Resident less than 2 years,13,9,0,9,4,1,3
S01007301,Born outside the UK: Resident 2 years or more and less than 5 years,4,0,0,0,4,0,4
S01007301,Born outside the UK: Resident 5 years or more and less than 10 years,9,1,0,1,8,0,8
S01007301,Born outside the UK: Resident 10 years or more,29,23,13,10,6,2,4
S01007302,All people in households,625,405,131,274,220,166,54
S01007302,Born in the UK,609,394,126,268,215,163,52
S01007302,Born outside the UK: Total,16,11,5,6,5,3,2
S01007302,Born outside the UK: Resident less than 2 years,1,1,1,0,0,0,0
S01007302,Born outside the UK: Resident 2 years or more and less than 5 years,3,2,0,2,1,0,1
S01007302,Born outside the UK: Resident 5 years or more and less than 10 years,2,1,1,0,1,1,0
S01007302,Born outside the UK: Resident 10 years or more,10,7,3,4,3,2,1
S01007303,All people in households,868,677,345,332,191,61,130
S01007303,Born in the UK,814,657,331,326,157,58,99
S01007303,Born outside the UK: Total,54,20,14,6,34,3,31
S01007303,Born outside the UK: Resident less than 2 years,16,1,1,0,15,0,15
S01007303,Born outside the UK: Resident 2 years or more and less than 5 years,5,1,0,1,4,0,4
S01007303,Born outside the UK: Resident 5 years or more and less than 10 years,6,2,0,2,4,0,4
S01007303,Born outside the UK: Resident 10 years or more,27,16,13,3,11,3,8
S01007304,All people in households,684,479,305,174,205,55,150
S01007304,Born in the UK,636,447,280,167,189,53,136
S01007304,Born outside the UK: Total,48,32,25,7,16,2,14
S01007304,Born outside the UK: Resident less than 2 years,3,3,1,2,0,0,0
S01007304,Born outside the UK: Resident 2 years or more and less than 5 years,6,2,0,2,4,0,4
S01007304,Born outside the UK: Resident 5 years or more and less than 10 years,7,4,4,0,3,0,3
S01007304,Born outside the UK: Resident 10 years or more,32,23,20,3,9,2,7
S01007305,All people in households,736,555,275,280,181,91,90
S01007305,Born in the UK,696,527,255,272,169,91,78
S01007305,Born outside the UK: Total,40,28,20,8,12,0,12
S01007305,Born outside the UK: Resident less than 2 years,5,2,2,0,3,0,3
S01007305,Born outside the UK: Resident 2 years or more and less than 5 years,0,0,0,0,0,0,0
S01007305,Born outside the UK: Resident 5 years or more and less than 10 years,9,3,3,0,6,0,6
S01007305,Born outside the UK: Resident 10 years or more,26,23,15,8,3,0,3
S01007306,All people in households,756,526,240,286,230,147,83
S01007306,Born in the UK,730,510,236,274,220,145,75
S01007306,Born outside the UK: Total,26,16,4,12,10,2,8
S01007306,Born outside the UK: Resident less than 2 years,2,0,0,0,2,0,2
S01007306,Born outside the UK: Resident 2 years or more and less than 5 years,5,0,0,0,5,0,5
S01007306,Born outside the UK: Resident 5 years or more and less than 10 years,4,4,0,4,0,0,0
S01007306,Born outside the UK: Resident 10 years or more,15,12,4,8,3,2,1
S01007307,All people in households,782,618,298,320,164,19,145
S01007307,Born in the UK,745,590,288,302,155,19,136
S01007307,Born outside the UK: Total,37,28,10,18,9,0,9
S01007307,Born outside the UK: Resident less than 2 years,1,1,0,1,0,0,0
S01007307,Born outside the UK: Resident 2 years or more and less than 5 years,6,2,0,2,4,0,4
S01007307,Born outside the UK: Resident 5 years or more and less than 10 years,5,3,0,3,2,0,2
S01007307,Born outside the UK: Resident 10 years or more,25,22,10,12,3,0,3
S01007308,All people in households,749,520,317,203,229,74,155
S01007308,Born in the UK,703,494,299,195,209,72,137
S01007308,Born outside the UK: Total,46,26,18,8,20,2,18
S01007308,Born outside the UK: Resident less than 2 years,5,0,0,0,5,0,5
S01007308,Born outside the UK: Resident 2 years or more and less than 5 years,12,3,2,1,9,0,9
S01007308,Born outside the UK: Resident 5 years or more and less than 10 years,6,3,2,1,3,1,2
S01007308,Born outside the UK: Resident 10 years or more,23,20,14,6,3,1,2
S01007309,All people in households,609,417,236,181,192,87,105
S01007309,Born in the UK,571,390,225,165,181,86,95
S01007309,Born outside the UK: Total,38,27,11,16,11,1,10
S01007309,Born outside the UK: Resident less than 2 years,2,1,0,1,1,0,1
S01007309,Born outside the UK: Resident 2 years or more and less than 5 years,6,4,1,3,2,0,2
S01007309,Born outside the UK: Resident 5 years or more and less than 10 years,6,3,2,1,3,0,3
S01007309,Born outside the UK: Resident 10 years or more,24,19,8,11,5,1,4
S01007310,All people in households,808,580,372,208,228,77,151
S01007310,Born in the UK,772,556,356,200,216,75,141
S01007310,Born outside the UK: Total,36,24,16,8,12,2,10
S01007310,Born outside the UK: Resident less than 2 years,4,2,0,2,2,0,2
S01007310,Born outside the UK: Resident 2 years or more and less than 5 years,4,4,1,3,0,0,0
S01007310,Born outside the UK: Resident 5 years or more and less than 10 years,5,1,1,0,4,0,4
S01007310,Born outside the UK: Resident 10 years or more,23,17,14,3,6,2,4
S01007311,All people in households,734,404,157,247,330,166,164
S01007311,Born in the UK,697,389,153,236,308,165,143
S01007311,Born outside the UK: Total,37,15,4,11,22,1,21
S01007311,Born outside the UK: Resident less than 2 years,8,1,0,1,7,0,7
S01007311,Born outside the UK: Resident 2 years or more and less than 5 years,2,0,0,0,2,0,2
S01007311,Born outside the UK: Resident 5 years or more and less than 10 years,9,5,1,4,4,1,3
S01007311,Born outside the UK: Resident 10 years or more,18,9,3,6,9,0,9
S01007312,All people in households,770,589,317,272,181,74,107
S01007312,Born in the UK,739,573,306,267,166,67,99
S01007312,Born outside the UK: Total,31,16,11,5,15,7,8
S01007312,Born outside the UK: Resident less than 2 years,1,0,0,0,1,0,1
S01007312,Born outside the UK: Resident 2 years or more and less than 5 years,5,0,0,0,5,3,2
S01007312,Born outside the UK: Resident 5 years or more and less than 10 years,9,4,3,1,5,2,3
S01007312,Born outside the UK: Resident 10 years or more,16,12,8,4,4,2,2
S01007313,All people in households,965,780,445,335,185,47,138
S01007313,Born in the UK,918,746,420,326,172,47,125
S01007313,Born outside the UK: Total,47,34,25,9,13,0,13
S01007313,Born outside the UK: Resident less than 2 years,2,1,1,0,1,0,1
S01007313,Born outside the UK: Resident 2 years or more and less than 5 years,2,1,1,0,1,0,1
S01007313,Born outside the UK: Resident 5 years or more and less than 10 years,10,4,2,2,6,0,6
S01007313,Born outside the UK: Resident 10 years or more,33,28,21,7,5,0,5
S01007314,All people in households,635,498,191,307,137,66,71
S01007314,Born in the UK,603,481,183,298,122,63,59
S01007314,Born outside the UK: Total,32,17,8,9,15,3,12
S01007314,Born outside the UK: Resident less than 2 years,4,0,0,0,4,1,3
S01007314,Born outside the UK: Resident 2 years or more and less than 5 years,4,1,0,1,3,0,3
S01007314,Born outside the UK: Resident 5 years or more and less than 10 years,8,4,1,3,4,0,4
S01007314,Born outside the UK: Resident 10 years or more,16,12,7,5,4,2,2
S01007315,All people in households,937,727,253,474,210,146,64
S01007315,Born in the UK,908,710,246,464,198,139,59
S01007315,Born outside the UK: Total,29,17,7,10,12,7,5
S01007315,Born outside the UK: Resident less than 2 years,6,0,0,0,6,4,2
S01007315,Born outside the UK: Resident 2 years or more and less than 5 years,3,1,0,1,2,2,0
S01007315,Born outside the UK: Resident 5 years or more and less than 10 years,6,2,1,1,4,1,3
S01007315,Born outside the UK: Resident 10 years or more,14,14,6,8,0,0,0
S01007316,All people in households,861,488,225,263,373,294,79
S01007316,Born in the UK,840,477,221,256,363,291,72
S01007316,Born outside the UK: Total,21,11,4,7,10,3,7
S01007316,Born outside the UK: Resident less than 2 years,3,2,0,2,1,0,1
S01007316,Born outside the UK: Resident 2 years or more and less than 5 years,4,0,0,0,4,0,4
S01007316,Born outside the UK: Resident 5 years or more and less than 10 years,1,1,0,1,0,0,0
S01007316,Born outside the UK: Resident 10 years or more,13,8,4,4,5,3,2
S01007317,All people in households,639,439,155,284,200,132,68
S01007317,Born in the UK,605,418,151,267,187,128,59
S01007317,Born outside the UK: Total,34,21,4,17,13,4,9
S01007317,Born outside the UK: Resident less than 2 years,5,1,0,1,4,0,4
S01007317,Born outside the UK: Resident 2 years or more and less than 5 years,3,0,0,0,3,1,2
S01007317,Born outside the UK: Resident 5 years or more and less than 10 years,16,10,0,10,6,3,3
S01007317,Born outside the UK: Resident 10 years or more,10,10,4,6,0,0,0
S01007318,All people in households,607,364,117,247,243,204,39
S01007318,Born in the UK,585,354,116,238,231,195,36
S01007318,Born outside the UK: Total,22,10,1,9,12,9,3
S01007318,Born outside the UK: Resident less than 2 years,0,0,0,0,0,0,0
S01007318,Born outside the UK: Resident 2 years or more and less than 5 years,2,1,0,1,1,1,0
S01007318,Born outside the UK: Resident 5 years or more and less than 10 years,9,2,0,2,7,6,1
S01007318,Born outside the UK: Resident 10 years or more,11,7,1,6,4,2,2
S01007319,All people in households,725,494,247,247,231,136,95
S01007319,Born in the UK,691,481,238,243,210,122,88
S01007319,Born outside the UK: Total,34,13,9,4,21,14,7
S01007319,Born outside the UK: Resident less than 2 years,2,0,0,0,2,1,1
S01007319,Born outside the UK: Resident 2 years or more and less than 5 years,9,0,0,0,9,5,4
S01007319,Born outside the UK: Resident 5 years or more and less than 10 years,5,0,0,0,5,3,2
S01007319,Born outside the UK: Resident 10 years or more,18,13,9,4,5,5,0
S01007320,All people in households,743,526,323,203,217,26,191
S01007320,Born in the UK,690,490,301,189,200,26,174
S01007320,Born outside the UK: Total,53,36,22,14,17,0,17
S01007320,Born outside the UK: Resident less than 2 years,4,3,2,1,1,0,1
S01007320,Born outside the UK: Resident 2 years or more and less than 5 years,9,3,0,3,6,0,6
S01007320,Born outside the UK: Resident 5 years or more and less than 10 years,10,7,3,4,3,0,3
S01007320,Born outside the UK: Resident 10 years or more,30,23,17,6,7,0,7
S01007321,All people in households,586,453,289,164,133,26,107
S01007321,Born in the UK,560,437,277,160,123,25,98
S01007321,Born outside the UK: Total,26,16,12,4,10,1,9
S01007321,Born outside the UK: Resident less than 2 years,0,0,0,0,0,0,0
S01007321,Born outside the UK: Resident 2 years or more and less than 5 years,4,1,1,0,3,0,3
S01007321,Born outside the UK: Resident 5 years or more and less than 10 years,0,0,0,0,0,0,0
S01007321,Born outside the UK: Resident 10 years or more,22,15,11,4,7,1,6
S01007322,All people in households,730,470,259,211,260,196,64
S01007322,Born in the UK,701,452,251,201,249,191,58
S01007322,Born outside the UK: Total,29,18,8,10,11,5,6
S01007322,Born outside the UK: Resident less than 2 years,4,1,1,0,3,1,2
S01007322,Born outside the UK: Resident 2 years or more and less than 5 years,2,0,0,0,2,0,2
S01007322,Born outside the UK: Resident 5 years or more and less than 10 years,9,5,1,4,4,3,1
S01007322,Born outside the UK: Resident 10 years or more,14,12,6,6,2,1,1
S01007323,All people in households,448,326,159,167,122,72,50
S01007323,Born in the UK,428,314,154,160,114,68,46
S01007323,Born outside the UK: Total,20,12,5,7,8,4,4
S01007323,Born outside the UK: Resident less than 2 years,0,0,0,0,0,0,0
S01007323,Born outside the UK: Resident 2 years or more and less than 5 years,6,0,0,0,6,3,3
S01007323,Born outside the UK: Resident 5 years or more and less than 10 years,2,1,0,1,1,0,1
S01007323,Born outside the UK: Resident 10 years or more,12,11,5,6,1,1,0
S01007324,All people in households,323,186,131,55,137,48,89
S01007324,Born in the UK,300,177,125,52,123,45,78
S01007324,Born outside the UK: Total,23,9,6,3,14,3,11
S01007324,Born outside the UK: Resident less than 2 years,4,1,1,0,3,0,3
S01007324,Born outside the UK: Resident 2 years or more and less than 5 years,2,1,1,0,1,0,1
S01007324,Born outside the UK: Resident 5 years or more and less than 10 years,4,0,0,0,4,2,2
S01007324,Born outside the UK: Resident 10 years or more,13,7,4,3,6,1,5
S01007325,All people in households,828,537,356,181,291,122,169
S01007325,Born in the UK,784,515,340,175,269,119,150
S01007325,Born outside the UK: Total,44,22,16,6,22,3,19
S01007325,Born outside the UK: Resident less than 2 years,9,1,1,0,8,0,8
S01007325,Born outside the UK: Resident 2 years or more and less than 5 years,6,2,2,0,4,0,4
S01007325,Born outside the UK: Resident 5 years or more and less than 10 years,9,2,1,1,7,3,4
S01007325,Born outside the UK: Resident 10 years or more,20,17,12,5,3,0,3
S01007326,All people in households,762,451,287,164,311,80,231
S01007326,Born in the UK,752,443,279,164,309,79,230
S01007326,Born outside the UK: Total,10,8,8,0,2,1,1
S01007326,Born outside the UK: Resident less than 2 years,1,0,0,0,1,0,1
S01007326,Born outside the UK: Resident 2 years or more and less than 5 years,1,1,1,0,0,0,0
S01007326,Born outside the UK: Resident 5 years or more and less than 10 years,0,0,0,0,0,0,0
S01007326,Born outside the UK: Resident 10 years or more,8,7,7,0,1,1,0
S01007327,All people in households,763,440,227,213,323,226,97
S01007327,Born in the UK,738,424,219,205,314,221,93
S01007327,Born outside the UK: Total,25,16,8,8,9,5,4
S01007327,Born outside the UK: Resident less than 2 years,4,1,1,0,3,0,3
S01007327,Born outside the UK: Resident 2 years or more and less than 5 years,3,2,0,2,1,0,1
S01007327,Born outside the UK: Resident 5 years or more and less than 10 years,2,2,0,2,0,0,0
S01007327,Born outside the UK: Resident 10 years or more,16,11,7,4,5,5,0
S01007328,All people in households,846,459,213,246,387,308,79
S01007328,Born in the UK,817,450,210,240,367,301,66
S01007328,Born outside the UK: Total,29,9,3,6,20,7,13
S01007328,Born outside the UK: Resident less than 2 years,12,1,0,1,11,0,11
S01007328,Born outside the UK: Resident 2 years or more and less than 5 years,5,0,0,0,5,3,2
S01007328,Born outside the UK: Resident 5 years or more and less than 10 years,2,0,0,0,2,2,0
S01007328,Born outside the UK: Resident 10 years or more,10,8,3,5,2,2,0
S01007329,All people in households,702,405,255,150,297,130,167
S01007329,Born in the UK,671,389,247,142,282,125,157
S01007329,Born outside the UK: Total,31,16,8,8,15,5,10
S01007329,Born outside the UK: Resident less than 2 years,3,0,0,0,3,1,2
S01007329,Born outside the UK: Resident 2 years or more and less than 5 years,5,0,0,0,5,2,3
S01007329,Born outside the UK: Resident 5 years or more and less than 10 years,5,0,0,0,5,1,4
S01007329,Born outside the UK: Resident 10 years or more,18,16,8,8,2,1,1
S01007330,All people in households,766,570,388,182,196,112,84
S01007330,Born in the UK,743,553,378,175,190,110,80
S01007330,Born outside the UK: Total,23,17,10,7,6,2,4
S01007330,Born outside the UK: Resident less than 2 years,1,1,0,1,0,0,0
S01007330,Born outside the UK: Resident 2 years or more and less than 5 years,2,1,1,0,1,1,0
S01007330,Born outside the UK: Resident 5 years or more and less than 10 years,7,5,3,2,2,1,1
S01007330,Born outside the UK: Resident 10 years or more,13,10,6,4,3,0,3
S01007331,All people in households,986,695,344,351,291,183,108
S01007331,Born in the UK,948,675,335,340,273,176,97
S01007331,Born outside the UK: Total,38,20,9,11,18,7,11
S01007331,Born outside the UK: Resident less than 2 years,5,0,0,0,5,1,4
S01007331,Born outside the UK: Resident 2 years or more and less than 5 years,8,5,2,3,3,0,3
S01007331,Born outside the UK: Resident 5 years or more and less than 10 years,5,2,0,2,3,1,2
S01007331,Born outside the UK: Resident 10 years or more,20,13,7,6,7,5,2
S01007332,All people in households,505,420,264,156,85,41,44
S01007332,Born in the UK,492,408,255,153,84,40,44
S01007332,Born outside the UK: Total,13,12,9,3,1,1,0
S01007332,Born outside the UK: Resident less than 2 years,0,0,0,0,0,0,0
S01007332,Born outside the UK: Resident 2 years or more and less than 5 years,0,0,0,0,0,0,0
S01007332,Born outside the UK: Resident 5 years or more and less than 10 years,1,0,0,0,1,1,0
S01007332,Born outside the UK: Resident 10 years or more,12,12,9,3,0,0,0
S01007333,All people in households,781,606,292,314,175,120,55
S01007333,Born in the UK,758,587,283,304,171,116,55
S01007333,Born outside the UK: Total,23,19,9,10,4,4,0
S01007333,Born outside the UK: Resident less than 2 years,1,0,0,0,1,1,0
S01007333,Born outside the UK: Resident 2 years or more and less than 5 years,1,1,0,1,0,0,0
S01007333,Born outside the UK: Resident 5 years or more and less than 10 years,0,0,0,0,0,0,0
S01007333,Born outside the UK: Resident 10 years or more,21,18,9,9,3,3,0
S01007334,All people in households,750,213,97,116,537,468,69
S01007334,Born in the UK,719,208,97,111,511,455,56
S01007334,Born outside the UK: Total,31,5,0,5,26,13,13
S01007334,Born outside the UK: Resident less than 2 years,2,0,0,0,2,2,0
S01007334,Born outside the UK: Resident 2 years or more and less than 5 years,5,0,0,0,5,1,4
S01007334,Born outside the UK: Resident 5 years or more and less than 10 years,14,4,0,4,10,3,7
S01007334,Born outside the UK: Resident 10 years or more,10,1,0,1,9,7,2
S01007335,All people in households,810,407,185,222,403,356,47
S01007335,Born in the UK,796,400,181,219,396,353,43
S01007335,Born outside the UK: Total,14,7,4,3,7,3,4
S01007335,Born outside the UK: Resident less than 2 years,0,0,0,0,0,0,0
S01007335,Born outside the UK: Resident 2 years or more and less than 5 years,3,0,0,0,3,0,3
S01007335,Born outside the UK: Resident 5 years or more and less than 10 years,2,1,0,1,1,0,1
S01007335,Born outside the UK: Resident 10 years or more,9,6,4,2,3,3,0
S01007336,All people in households,500,223,97,126,277,105,172
S01007336,Born in the UK,468,208,91,117,260,97,163
S01007336,Born outside the UK: Total,32,15,6,9,17,8,9
S01007336,Born outside the UK: Resident less than 2 years,2,0,0,0,2,0,2
S01007336,Born outside the UK: Resident 2 years or more and less than 5 years,8,3,0,3,5,4,1
S01007336,Born outside the UK: Resident 5 years or more and less than 10 years,5,1,0,1,4,3,1
S01007336,Born outside the UK: Resident 10 years or more,17,11,6,5,6,1,5
S01007337,All people in households,654,371,174,197,283,206,77
S01007337,Born in the UK,639,367,172,195,272,199,73
S01007337,Born outside the UK: Total,15,4,2,2,11,7,4
S01007337,Born outside the UK: Resident less than 2 years,2,0,0,0,2,1,1
S01007337,Born outside the UK: Resident 2 years or more and less than 5 years,2,0,0,0,2,1,1
S01007337,Born outside the UK: Resident 5 years or more and less than 10 years,2,0,0,0,2,2,0
S01007337,Born outside the UK: Resident 10 years or more,9,4,2,2,5,3,2
S01007338,All people in households,752,518,249,269,234,223,11
S01007338,Born in the UK,737,507,243,264,230,219,11
S01007338,Born outside the UK: Total,15,11,6,5,4,4,0
S01007338,Born outside the UK: Resident less than 2 years,0,0,0,0,0,0,0
S01007338,Born outside the UK: Resident 2 years or more and less than 5 years,0,0,0,0,0,0,0
S01007338,Born outside the UK: Resident 5 years or more and less than 10 years,2,2,1,1,0,0,0
S01007338,Born outside the UK: Resident 10 years or more,13,9,5,4,4,4,0
S01007339,All people in households,610,460,258,202,150,112,38
S01007339,Born in the UK,598,454,252,202,144,107,37
S01007339,Born outside the UK: Total,12,6,6,0,6,5,1
S01007339,Born outside the UK: Resident less than 2 years,1,0,0,0,1,1,0
S01007339,Born outside the UK: Resident 2 years or more and less than 5 years,0,0,0,0,0,0,0
S01007339,Born outside the UK: Resident 5 years or more and less than 10 years,4,2,2,0,2,1,1
S01007339,Born outside the UK: Resident 10 years or more,7,4,4,0,3,3,0
S01007340,All people in households,470,280,162,118,190,125,65
S01007340,Born in the UK,457,272,157,115,185,121,64
S01007340,Born outside the UK: Total,13,8,5,3,5,4,1
S01007340,Born outside the UK: Resident less than 2 years,0,0,0,0,0,0,0
S01007340,Born outside the UK: Resident 2 years or more and less than 5 years,1,0,0,0,1,1,0
S01007340,Born outside the UK: Resident 5 years or more and less than 10 years,1,0,0,0,1,1,0
S01007340,Born outside the UK: Resident 10 years or more,11,8,5,3,3,2,1
S01007341,All people in households,730,593,351,242,137,53,84
S01007341,Born in the UK,711,578,343,235,133,50,83
S01007341,Born outside the UK: Total,19,15,8,7,4,3,1
S01007341,Born outside the UK: Resident less than 2 years,2,0,0,0,2,2,0
S01007341,Born outside the UK: Resident 2 years or more and less than 5 years,0,0,0,0,0,0,0
S01007341,Born outside the UK: Resident 5 years or more and less than 10 years,4,2,2,0,2,1,1
S01007341,Born outside the UK: Resident 10 years or more,13,13,6,7,0,0,0
S01007342,All people in households,797,709,411,298,88,11,77
S01007342,Born in the UK,764,686,396,290,78,11,67
S01007342,Born outside the UK: Total,33,23,15,8,10,0,10
S01007342,Born outside the UK: Resident less than 2 years,4,3,3,0,1,0,1
S01007342,Born outside the UK: Resident 2 years or more and less than 5 years,2,0,0,0,2,0,2
S01007342,Born outside the UK: Resident 5 years or more and less than 10 years,5,4,2,2,1,0,1
S01007342,Born outside the UK: Resident 10 years or more,22,16,10,6,6,0,6
S01007343,All people in households,649,352,220,132,297,38,259
S01007343,Born in the UK,625,340,212,128,285,37,248
S01007343,Born outside the UK: Total,24,12,8,4,12,1,11
S01007343,Born outside the UK: Resident less than 2 years,3,2,2,0,1,0,1
S01007343,Born outside the UK: Resident 2 years or more and less than 5 years,1,0,0,0,1,0,1
S01007343,Born outside the UK: Resident 5 years or more and less than 10 years,3,1,0,1,2,0,2
S01007343,Born outside the UK: Resident 10 years or more,17,9,6,3,8,1,7
S01007344,All people in households,438,326,178,148,112,55,57
S01007344,Born in the UK,417,312,169,143,105,55,50
S01007344,Born outside the UK: Total,21,14,9,5,7,0,7
S01007344,Born outside the UK: Resident less than 2 years,5,2,1,1,3,0,3
S01007344,Born outside the UK: Resident 2 years or more and less than 5 years,1,0,0,0,1,0,1
S01007344,Born outside the UK: Resident 5 years or more and less than 10 years,1,0,0,0,1,0,1
S01007344,Born outside the UK: Resident 10 years or more,14,12,8,4,2,0,2
S01007345,All people in households,595,225,94,131,370,329,41
S01007345,Born in the UK,585,220,93,127,365,324,41
S01007345,Born outside the UK: Total,10,5,1,4,5,5,0
S01007345,Born outside the UK: Resident less than 2 years,0,0,0,0,0,0,0
S01007345,Born outside the UK: Resident 2 years or more and less than 5 years,0,0,0,0,0,0,0
S01007345,Born outside the UK: Resident 5 years or more and less than 10 years,3,3,0,3,0,0,0
S01007345,Born outside the UK: Resident 10 years or more,7,2,1,1,5,5,0
S01007346,All people in households,533,179,103,76,354,260,94
S01007346,Born in the UK,513,171,97,74,342,252,90
S01007346,Born outside the UK: Total,20,8,6,2,12,8,4
S01007346,Born outside the UK: Resident less than 2 years,4,2,1,1,2,2,0
S01007346,Born outside the UK: Resident 2 years or more and less than 5 years,7,2,2,0,5,3,2
S01007346,Born outside the UK: Resident 5 years or more and less than 10 years,2,1,1,0,1,0,1
S01007346,Born outside the UK: Resident 10 years or more,7,3,2,1,4,3,1
S01007347,All people in households,601,325,171,154,276,229,47
S01007347,Born in the UK,588,316,165,151,272,226,46
S01007347,Born outside the UK: Total,13,9,6,3,4,3,1
S01007347,Born outside the UK: Resident less than 2 years,0,0,0,0,0,0,0
S01007347,Born outside the UK: Resident 2 years or more and less than 5 years,1,0,0,0,1,1,0
S01007347,Born outside the UK: Resident 5 years or more and less than 10 years,0,0,0,0,0,0,0
S01007347,Born outside the UK: Resident 10 years or more,12,9,6,3,3,2,1
S01007348,All people in households,600,280,108,172,320,272,48
S01007348,Born in the UK,590,276,105,171,314,269,45
S01007348,Born outside the UK: Total,10,4,3,1,6,3,3
S01007348,Born outside the UK: Resident less than 2 years,1,0,0,0,1,0,1
S01007348,Born outside the UK: Resident 2 years or more and less than 5 years,2,0,0,0,2,0,2
S01007348,Born outside the UK: Resident 5 years or more and less than 10 years,0,0,0,0,0,0,0
S01007348,Born outside the UK: Resident 10 years or more,7,4,3,1,3,3,0
S01007349,All people in households,457,233,127,106,224,177,47
S01007349,Born in the UK,445,229,124,105,216,174,42
S01007349,Born outside the UK: Total,12,4,3,1,8,3,5
S01007349,Born outside the UK: Resident less than 2 years,4,0,0,0,4,0,4
S01007349,Born outside the UK: Resident 2 years or more and less than 5 years,0,0,0,0,0,0,0
S01007349,Born outside the UK: Resident 5 years or more and less than 10 years,2,2,1,1,0,0,0
S01007349,Born outside the UK: Resident 10 years or more,6,2,2,0,4,3,1
S01007350,All people in households,553,310,183,127,243,112,131
S01007350,Born in the UK,526,303,178,125,223,111,112
S01007350,Born outside the UK: Total,27,7,5,2,20,1,19
S01007350,Born outside the UK: Resident less than 2 years,9,1,0,1,8,0,8
S01007350,Born outside the UK: Resident 2 years or more and less than 5 years,7,1,1,0,6,0,6
S01007350,Born outside the UK: Resident 5 years or more and less than 10 years,1,0,0,0,1,0,1
S01007350,Born outside the UK: Resident 10 years or more,10,5,4,1,5,1,4
S01007351,All people in households,650,483,347,136,167,95,72
S01007351,Born in the UK,615,452,327,125,163,92,71
S01007351,Born outside the UK: Total,35,31,20,11,4,3,1
S01007351,Born outside the UK: Resident less than 2 years,1,1,0,1,0,0,0
S01007351,Born outside the UK: Resident 2 years or more and less than 5 years,2,1,0,1,1,1,0
S01007351,Born outside the UK: Resident 5 years or more and less than 10 years,2,1,1,0,1,1,0
S01007351,Born outside the UK: Resident 10 years or more,30,28,19,9,2,1,1
S01007352,All people in households,488,319,217,102,169,30,139
S01007352,Born in the UK,444,303,209,94,141,28,113
S01007352,Born outside the UK: Total,44,16,8,8,28,2,26
S01007352,Born outside the UK: Resident less than 2 years,10,2,0,2,8,0,8
S01007352,Born outside the UK: Resident 2 years or more and less than 5 years,8,1,0,1,7,0,7
S01007352,Born outside the UK: Resident 5 years or more and less than 10 years,8,3,0,3,5,1,4
S01007352,Born outside the UK: Resident 10 years or more,18,10,8,2,8,1,7
S01007353,All people in households,642,516,303,213,126,68,58
S01007353,Born in the UK,610,496,290,206,114,59,55
S01007353,Born outside the UK: Total,32,20,13,7,12,9,3
S01007353,Born outside the UK: Resident less than 2 years,2,2,2,0,0,0,0
S01007353,Born outside the UK: Resident 2 years or more and less than 5 years,5,2,1,1,3,1,2
S01007353,Born outside the UK: Resident 5 years or more and less than 10 years,8,3,0,3,5,5,0
S01007353,Born outside the UK: Resident 10 years or more,17,13,10,3,4,3,1
S01007354,All people in households,786,618,325,293,168,60,108
S01007354,Born in the UK,756,597,316,281,159,59,100
S01007354,Born outside the UK: Total,30,21,9,12,9,1,8
S01007354,Born outside the UK: Resident less than 2 years,1,1,0,1,0,0,0
S01007354,Born outside the UK: Resident 2 years or more and less than 5 years,3,2,0,2,1,0,1
S01007354,Born outside the UK: Resident 5 years or more and less than 10 years,6,4,1,3,2,0,2
S01007354,Born outside the UK: Resident 10 years or more,20,14,8,6,6,1,5
S01007355,All people in households,916,707,426,281,209,65,144
S01007355,Born in the UK,866,672,405,267,194,64,130
S01007355,Born outside the UK: Total,50,35,21,14,15,1,14
S01007355,Born outside the UK: Resident less than 2 years,5,0,0,0,5,0,5
S01007355,Born outside the UK: Resident 2 years or more and less than 5 years,7,4,4,0,3,0,3
S01007355,Born outside the UK: Resident 5 years or more and less than 10 years,3,2,1,1,1,0,1
S01007355,Born outside the UK: Resident 10 years or more,35,29,16,13,6,1,5
S01007356,All people in households,714,541,295,246,173,92,81
S01007356,Born in the UK,679,509,279,230,170,90,80
S01007356,Born outside the UK: Total,35,32,16,16,3,2,1
S01007356,Born outside the UK: Resident less than 2 years,0,0,0,0,0,0,0
S01007356,Born outside the UK: Resident 2 years or more and less than 5 years,0,0,0,0,0,0,0
S01007356,Born outside the UK: Resident 5 years or more and less than 10 years,2,2,2,0,0,0,0
S01007356,Born outside the UK: Resident 10 years or more,33,30,14,16,3,2,1
S01007357,All people in households,793,575,358,217,218,105,113
S01007357,Born in the UK,739,539,337,202,200,100,100
S01007357,Born outside the UK: Total,54,36,21,15,18,5,13
S01007357,Born outside the UK: Resident less than 2 years,1,1,0,1,0,0,0
S01007357,Born outside the UK: Resident 2 years or more and less than 5 years,6,2,0,2,4,2,2
S01007357,Born outside the UK: Resident 5 years or more and less than 10 years,7,1,1,0,6,0,6
S01007357,Born outside the UK: Resident 10 years or more,40,32,20,12,8,3,5
S01007358,All people in households,843,681,270,411,162,77,85
S01007358,Born in the UK,814,662,260,402,152,74,78
S01007358,Born outside the UK: Total,29,19,10,9,10,3,7
S01007358,Born outside the UK: Resident less than 2 years,3,0,0,0,3,0,3
S01007358,Born outside the UK: Resident 2 years or more and less than 5 years,0,0,0,0,0,0,0
S01007358,Born outside the UK: Resident 5 years or more and less than 10 years,4,1,1,0,3,1,2
S01007358,Born outside the UK: Resident 10 years or more,22,18,9,9,4,2,2
S01007359,All people in households,823,532,248,284,291,226,65
S01007359,Born in the UK,789,508,236,272,281,220,61
S01007359,Born outside the UK: Total,34,24,12,12,10,6,4
S01007359,Born outside the UK: Resident less than 2 years,0,0,0,0,0,0,0
S01007359,Born outside the UK: Resident 2 years or more and less than 5 years,2,0,0,0,2,1,1
S01007359,Born outside the UK: Resident 5 years or more and less than 10 years,7,3,0,3,4,1,3
S01007359,Born outside the UK: Resident 10 years or more,25,21,12,9,4,4,0
S01007360,All people in households,494,408,222,186,86,35,51
S01007360,Born in the UK,459,378,205,173,81,35,46
S01007360,Born outside the UK: Total,35,30,17,13,5,0,5
S01007360,Born outside the UK: Resident less than 2 years,5,1,1,0,4,0,4
S01007360,Born outside the UK: Resident 2 years or more and less than 5 years,2,2,1,1,0,0,0
S01007360,Born outside the UK: Resident 5 years or more and less than 10 years,5,5,3,2,0,0,0
S01007360,Born outside the UK: Resident 10 years or more,23,22,12,10,1,0,1
S01007361,All people in households,983,787,410,377,196,71,125
S01007361,Born in the UK,938,759,397,362,179,67,112
S01007361,Born outside the UK: Total,45,28,13,15,17,4,13
S01007361,Born outside the UK: Resident less than 2 years,2,1,0,1,1,0,1
S01007361,Born outside the UK: Resident 2 years or more and less than 5 years,9,4,0,4,5,0,5
S01007361,Born outside the UK: Resident 5 years or more and less than 10 years,7,5,2,3,2,0,2
S01007361,Born outside the UK: Resident 10 years or more,27,18,11,7,9,4,5
S01007362,All people in households,729,542,244,298,187,61,126
S01007362,Born in the UK,696,524,230,294,172,60,112
S01007362,Born outside the UK: Total,33,18,14,4,15,1,14
S01007362,Born outside the UK: Resident less than 2 years,5,4,4,0,1,0,1
S01007362,Born outside the UK: Resident 2 years or more and less than 5 years,10,1,1,0,9,0,9
S01007362,Born outside the UK: Resident 5 years or more and less than 10 years,1,1,0,1,0,0,0
S01007362,Born outside the UK: Resident 10 years or more,17,12,9,3,5,1,4
S01007363,All people in households,679,500,276,224,179,115,64
S01007363,Born in the UK,645,477,265,212,168,110,58
S01007363,Born outside the UK: Total,34,23,11,12,11,5,6
S01007363,Born outside the UK: Resident less than 2 years,2,0,0,0,2,0,2
S01007363,Born outside the UK: Resident 2 years or more and less than 5 years,2,0,0,0,2,0,2
S01007363,Born outside the UK: Resident 5 years or more and less than 10 years,3,2,0,2,1,0,1
S01007363,Born outside the UK: Resident 10 years or more,27,21,11,10,6,5,1
S01007364,All people in households,897,404,139,265,493,428,65
S01007364,Born in the UK,869,389,134,255,480,419,61
S01007364,Born outside the UK: Total,28,15,5,10,13,9,4
S01007364,Born outside the UK: Resident less than 2 years,3,2,2,0,1,0,1
S01007364,Born outside the UK: Resident 2 years or more and less than 5 years,7,3,0,3,4,1,3
S01007364,Born outside the UK: Resident 5 years or more and less than 10 years,1,1,0,1,0,0,0
S01007364,Born outside the UK: Resident 10 years or more,17,9,3,6,8,8,0
S01007365,All people in households,467,319,132,187,148,111,37
S01007365,Born in the UK,458,316,131,185,142,107,35
S01007365,Born outside the UK: Total,9,3,1,2,6,4,2
S01007365,Born outside the UK: Resident less than 2 years,3,0,0,0,3,2,1
S01007365,Born outside the UK: Resident 2 years or more and less than 5 years,2,1,0,1,1,0,1
S01007365,Born outside the UK: Resident 5 years or more and less than 10 years,0,0,0,0,0,0,0
S01007365,Born outside the UK: Resident 10 years or more,4,2,1,1,2,2,0
S01007366,All people in households,465,203,92,111,262,188,74
S01007366,Born in the UK,447,197,90,107,250,182,68
S01007366,Born outside the UK: Total,18,6,2,4,12,6,6
S01007366,Born outside the UK: Resident less than 2 years,0,0,0,0,0,0,0
S01007366,Born outside the UK: Resident 2 years or more and less than 5 years,2,0,0,0,2,0,2
S01007366,Born outside the UK: Resident 5 years or more and less than 10 years,5,0,0,0,5,3,2
S01007366,Born outside the UK: Resident 10 years or more,11,6,2,4,5,3,2
S01007367,All people in households,556,359,147,212,197,75,122
S01007367,Born in the UK,519,338,139,199,181,73,108
S01007367,Born outside the UK: Total,37,21,8,13,16,2,14
S01007367,Born outside the UK: Resident less than 2 years,1,1,1,0,0,0,0
S01007367,Born outside the UK: Resident 2 years or more and less than 5 years,11,6,1,5,5,0,5
S01007367,Born outside the UK: Resident 5 years or more and less than 10 years,9,5,1,4,4,0,4
S01007367,Born outside the UK: Resident 10 years or more,16,9,5,4,7,2,5
S01007368,All people in households,541,263,83,180,278,242,36
S01007368,Born in the UK,516,252,80,172,264,236,28
S01007368,Born outside the UK: Total,25,11,3,8,14,6,8
S01007368,Born outside the UK: Resident less than 2 years,5,3,0,3,2,0,2
S01007368,Born outside the UK: Resident 2 years or more and less than 5 years,4,0,0,0,4,0,4
S01007368,Born outside the UK: Resident 5 years or more and less than 10 years,3,1,0,1,2,0,2
S01007368,Born outside the UK: Resident 10 years or more,13,7,3,4,6,6,0
S01007369,All people in households,786,558,228,330,228,120,108
S01007369,Born in the UK,751,538,224,314,213,114,99
S01007369,Born outside the UK: Total,35,20,4,16,15,6,9
S01007369,Born outside the UK: Resident less than 2 years,1,1,0,1,0,0,0
S01007369,Born outside the UK: Resident 2 years or more and less than 5 years,8,2,0,2,6,0,6
S01007369,Born outside the UK: Resident 5 years or more and less than 10 years,9,8,0,8,1,0,1
S01007369,Born outside the UK: Resident 10 years or more,17,9,4,5,8,6,2
S01007370,All people in households,738,461,190,271,277,93,184
S01007370,Born in the UK,698,449,187,262,249,86,163
S01007370,Born outside the UK: Total,40,12,3,9,28,7,21
S01007370,Born outside the UK: Resident less than 2 years,3,0,0,0,3,0,3
S01007370,Born outside the UK: Resident 2 years or more and less than 5 years,11,1,0,1,10,0,10
S01007370,Born outside the UK: Resident 5 years or more and less than 10 years,6,1,0,1,5,4,1
S01007370,Born outside the UK: Resident 10 years or more,20,10,3,7,10,3,7
S01007371,All people in households,716,576,206,370,140,57,83
S01007371,Born in the UK,683,554,193,361,129,52,77
S01007371,Born outside the UK: Total,33,22,13,9,11,5,6
S01007371,Born outside the UK: Resident less than 2 years,5,1,1,0,4,4,0
S01007371,Born outside the UK: Resident 2 years or more and less than 5 years,6,4,4,0,2,0,2
S01007371,Born outside the UK: Resident 5 years or more and less than 10 years,3,0,0,0,3,0,3
S01007371,Born outside the UK: Resident 10 years or more,19,17,8,9,2,1,1
S01007372,All people in households,814,680,325,355,134,38,96
S01007372,Born in the UK,771,655,313,342,116,38,78
S01007372,Born outside the UK: Total,43,25,12,13,18,0,18
S01007372,Born outside the UK: Resident less than 2 years,3,0,0,0,3,0,3
S01007372,Born outside the UK: Resident 2 years or more and less than 5 years,8,1,0,1,7,0,7
S01007372,Born outside the UK: Resident 5 years or more and less than 10 years,7,3,0,3,4,0,4
S01007372,Born outside the UK: Resident 10 years or more,25,21,12,9,4,0,4
S01007373,All people in households,605,536,264,272,69,14,55
S01007373,Born in the UK,585,518,251,267,67,14,53
S01007373,Born outside the UK: Total,20,18,13,5,2,0,2
S01007373,Born outside the UK: Resident less than 2 years,0,0,0,0,0,0,0
S01007373,Born outside the UK: Resident 2 years or more and less than 5 years,1,1,1,0,0,0,0
S01007373,Born outside the UK: Resident 5 years or more and less than 10 years,1,1,0,1,0,0,0
S01007373,Born outside the UK: Resident 10 years or more,18,16,12,4,2,0,2
S01007374,All people in households,531,434,144,290,97,68,29
S01007374,Born in the UK,514,421,139,282,93,64,29
S01007374,Born outside the UK: Total,17,13,5,8,4,4,0
S01007374,Born outside the UK: Resident less than 2 years,0,0,0,0,0,0,0
S01007374,Born outside the UK: Resident 2 years or more and less than 5 years,2,1,0,1,1,1,0
S01007374,Born outside the UK: Resident 5 years or more and less than 10 years,1,0,0,0,1,1,0
S01007374,Born outside the UK: Resident 10 years or more,14,12,5,7,2,2,0
S01007375,All people in households,464,408,206,202,56,9,47
S01007375,Born in the UK,438,387,193,194,51,9,42
S01007375,Born outside the UK: Total,26,21,13,8,5,0,5
S01007375,Born outside the UK: Resident less than 2 years,2,2,1,1,0,0,0
S01007375,Born outside the UK: Resident 2 years or more and less than 5 years,0,0,0,0,0,0,0
S01007375,Born outside the UK: Resident 5 years or more and less than 10 years,2,2,2,0,0,0,0
S01007375,Born outside the UK: Resident 10 years or more,22,17,10,7,5,0,5
S01007376,All people in households,844,475,177,298,369,311,58
S01007376,Born in the UK,818,457,169,288,361,304,57
S01007376,Born outside the UK: Total,26,18,8,10,8,7,1
S01007376,Born outside the UK: Resident less than 2 years,2,0,0,0,2,2,0
S01007376,Born outside the UK: Resident 2 years or more and less than 5 years,3,2,1,1,1,1,0
S01007376,Born outside the UK: Resident 5 years or more and less than 10 years,2,2,1,1,0,0,0
S01007376,Born outside the UK: Resident 10 years or more,19,14,6,8,5,4,1
S01007377,All people in households,664,619,217,402,45,14,31
S01007377,Born in the UK,628,585,206,379,43,13,30
S01007377,Born outside the UK: Total,36,34,11,23,2,1,1
S01007377,Born outside the UK: Resident less than 2 years,0,0,0,0,0,0,0
S01007377,Born outside the UK: Resident 2 years or more and less than 5 years,3,2,2,0,1,0,1
S01007377,Born outside the UK: Resident 5 years or more and less than 10 years,1,1,0,1,0,0,0
S01007377,Born outside the UK: Resident 10 years or more,32,31,9,22,1,1,0
S01007378,All people in households,548,449,167,282,99,27,72
S01007378,Born in the UK,508,422,159,263,86,25,61
S01007378,Born outside the UK: Total,40,27,8,19,13,2,11
S01007378,Born outside the UK: Resident less than 2 years,3,1,1,0,2,0,2
S01007378,Born outside the UK: Resident 2 years or more and less than 5 years,3,2,1,1,1,0,1
S01007378,Born outside the UK: Resident 5 years or more and less than 10 years,11,7,1,6,4,0,4
S01007378,Born outside the UK: Resident 10 years or more,23,17,5,12,6,2,4
S01007379,All people in households,484,309,110,199,175,141,34
S01007379,Born in the UK,469,302,105,197,167,136,31
S01007379,Born outside the UK: Total,15,7,5,2,8,5,3
S01007379,Born outside the UK: Resident less than 2 years,1,0,0,0,1,0,1
S01007379,Born outside the UK: Resident 2 years or more and less than 5 years,1,0,0,0,1,0,1
S01007379,Born outside the UK: Resident 5 years or more and less than 10 years,1,1,1,0,0,0,0
S01007379,Born outside the UK: Resident 10 years or more,12,6,4,2,6,5,1
S01007380,All people in households,581,396,99,297,185,155,30
S01007380,Born in the UK,564,389,98,291,175,145,30
S01007380,Born outside the UK: Total,17,7,1,6,10,10,0
S01007380,Born outside the UK: Resident less than 2 years,5,3,0,3,2,2,0
S01007380,Born outside the UK: Resident 2 years or more and less than 5 years,0,0,0,0,0,0,0
S01007380,Born outside the UK: Resident 5 years or more and less than 10 years,5,0,0,0,5,5,0
S01007380,Born outside the UK: Resident 10 years or more,7,4,1,3,3,3,0
S01007381,All people in households,470,374,204,170,96,11,85
S01007381,Born in the UK,431,355,194,161,76,11,65
S01007381,Born outside the UK: Total,39,19,10,9,20,0,20
S01007381,Born outside the UK: Resident less than 2 years,8,2,0,2,6,0,6
S01007381,Born outside the UK: Resident 2 years or more and less than 5 years,7,2,2,0,5,0,5
S01007381,Born outside the UK: Resident 5 years or more and less than 10 years,4,4,2,2,0,0,0
S01007381,Born outside the UK: Resident 10 years or more,20,11,6,5,9,0,9
S01007382,All people in households,650,540,201,339,110,62,48
S01007382,Born in the UK,629,522,193,329,107,60,47
S01007382,Born outside the UK: Total,21,18,8,10,3,2,1
S01007382,Born outside the UK: Resident less than 2 years,0,0,0,0,0,0,0
S01007382,Born outside the UK: Resident 2 years or more and less than 5 years,1,1,1,0,0,0,0
S01007382,Born outside the UK: Resident 5 years or more and less than 10 years,2,2,0,2,0,0,0
S01007382,Born outside the UK: Resident 10 years or more,18,15,7,8,3,2,1
S01007383,All people in households,749,594,263,331,155,81,74
S01007383,Born in the UK,710,559,245,314,151,80,71
S01007383,Born outside the UK: Total,39,35,18,17,4,1,3
S01007383,Born outside the UK: Resident less than 2 years,6,6,2,4,0,0,0
S01007383,Born outside the UK: Resident 2 years or more and less than 5 years,2,0,0,0,2,0,2
S01007383,Born outside the UK: Resident 5 years or more and less than 10 years,2,2,0,2,0,0,0
S01007383,Born outside the UK: Resident 10 years or more,29,27,16,11,2,1,1
S01007384,All people in households,793,566,181,385,227,45,182
S01007384,Born in the UK,749,539,170,369,210,39,171
S01007384,Born outside the UK: Total,44,27,11,16,17,6,11
S01007384,Born outside the UK: Resident less than 2 years,3,1,0,1,2,0,2
S01007384,Born outside the UK: Resident 2 years or more and less than 5 years,4,2,0,2,2,0,2
S01007384,Born outside the UK: Resident 5 years or more and less than 10 years,7,1,1,0,6,4,2
S01007384,Born outside the UK: Resident 10 years or more,30,23,10,13,7,2,5
S01007385,All people in households,826,676,329,347,150,69,81
S01007385,Born in the UK,789,650,318,332,139,65,74
S01007385,Born outside the UK: Total,37,26,11,15,11,4,7
S01007385,Born outside the UK: Resident less than 2 years,0,0,0,0,0,0,0
S01007385,Born outside the UK: Resident 2 years or more and less than 5 years,7,3,0,3,4,0,4
S01007385,Born outside the UK: Resident 5 years or more and less than 10 years,2,2,1,1,0,0,0
S01007385,Born outside the UK: Resident 10 years or more,28,21,10,11,7,4,3
S01007386,All people in households,806,752,381,371,54,4,50
S01007386,Born in the UK,766,715,356,359,51,4,47
S01007386,Born outside the UK: Total,40,37,25,12,3,0,3
S01007386,Born outside the UK: Resident less than 2 years,0,0,0,0,0,0,0
S01007386,Born outside the UK: Resident 2 years or more and less than 5 years,5,4,0,4,1,0,1
S01007386,Born outside the UK: Resident 5 years or more and less than 10 years,8,7,2,5,1,0,1
S01007386,Born outside the UK: Resident 10 years or more,27,26,23,3,1,0,1
S01007387,All people in households,778,724,335,389,54,13,41
S01007387,Born in the UK,738,693,320,373,45,13,32
S01007387,Born outside the UK: Total,40,31,15,16,9,0,9
S01007387,Born outside the UK: Resident less than 2 years,0,0,0,0,0,0,0
S01007387,Born outside the UK: Resident 2 years or more and less than 5 years,9,3,2,1,6,0,6
S01007387,Born outside the UK: Resident 5 years or more and less than 10 years,3,0,0,0,3,0,3
S01007387,Born outside the UK: Resident 10 years or more,28,28,13,15,0,0,0
S01007388,All people in households,680,628,226,402,52,9,43
S01007388,Born in the UK,658,607,220,387,51,9,42
S01007388,Born outside the UK: Total,22,21,6,15,1,0,1
S01007388,Born outside the UK: Resident less than 2 years,0,0,0,0,0,0,0
S01007388,Born outside the UK: Resident 2 years or more and less than 5 years,2,2,0,2,0,0,0
S01007388,Born outside the UK: Resident 5 years or more and less than 10 years,3,3,0,3,0,0,0
S01007388,Born outside the UK: Resident 10 years or more,17,16,6,10,1,0,1
S01007389,All people in households,585,144,25,119,441,166,275
S01007389,Born in the UK,545,134,21,113,411,154,257
S01007389,Born outside the UK: Total,40,10,4,6,30,12,18
S01007389,Born outside the UK: Resident less than 2 years,9,0,0,0,9,3,6
S01007389,Born outside the UK: Resident 2 years or more and less than 5 years,8,1,0,1,7,4,3
S01007389,Born outside the UK: Resident 5 years or more and less than 10 years,8,0,0,0,8,3,5
S01007389,Born outside the UK: Resident 10 years or more,15,9,4,5,6,2,4
S01007390,All people in households,571,168,35,133,403,156,247
S01007390,Born in the UK,544,158,33,125,386,151,235
S01007390,Born outside the UK: Total,27,10,2,8,17,5,12
S01007390,Born outside the UK: Resident less than 2 years,2,0,0,0,2,0,2
S01007390,Born outside the UK: Resident 2 years or more and less than 5 years,4,2,0,2,2,0,2
S01007390,Born outside the UK: Resident 5 years or more and less than 10 years,2,0,0,0,2,0,2
S01007390,Born outside the UK: Resident 10 years or more,19,8,2,6,11,5,6
S01007391,All people in households,572,530,245,285,42,10,32
S01007391,Born in the UK,546,511,236,275,35,8,27
S01007391,Born outside the UK: Total,26,19,9,10,7,2,5
S01007391,Born outside the UK: Resident less than 2 years,5,0,0,0,5,0,5
S01007391,Born outside the UK: Resident 2 years or more and less than 5 years,0,0,0,0,0,0,0
S01007391,Born outside the UK: Resident 5 years or more and less than 10 years,1,1,0,1,0,0,0
S01007391,Born outside the UK: Resident 10 years or more,20,18,9,9,2,2,0
S01007392,All people in households,450,421,199,222,29,5,24
S01007392,Born in the UK,432,403,190,213,29,5,24
S01007392,Born outside the UK: Total,18,18,9,9,0,0,0
S01007392,Born outside the UK: Resident less than 2 years,0,0,0,0,0,0,0
S01007392,Born outside the UK: Resident 2 years or more and less than 5 years,0,0,0,0,0,0,0
S01007392,Born outside the UK: Resident 5 years or more and less than 10 years,4,4,0,4,0,0,0
S01007392,Born outside the UK: Resident 10 years or more,14,14,9,5,0,0,0
S01007393,All people in households,653,521,244,277,132,76,56
S01007393,Born in the UK,607,488,232,256,119,73,46
S01007393,Born outside the UK: Total,46,33,12,21,13,3,10
S01007393,Born outside the UK: Resident less than 2 years,3,3,2,1,0,0,0
S01007393,Born outside the UK: Resident 2 years or more and less than 5 years,4,0,0,0,4,2,2
S01007393,Born outside the UK: Resident 5 years or more and less than 10 years,19,13,0,13,6,0,6
S01007393,Born outside the UK: Resident 10 years or more,20,17,10,7,3,1,2
S01007394,All people in households,640,541,281,260,99,6,93
S01007394,Born in the UK,598,513,267,246,85,5,80
S01007394,Born outside the UK: Total,42,28,14,14,14,1,13
S01007394,Born outside the UK: Resident less than 2 years,6,1,1,0,5,0,5
S01007394,Born outside the UK: Resident 2 years or more and less than 5 years,6,5,0,5,1,0,1
S01007394,Born outside the UK: Resident 5 years or more and less than 10 years,4,1,0,1,3,1,2
S01007394,Born outside the UK: Resident 10 years or more,26,21,13,8,5,0,5
S01007395,All people in households,785,430,161,269,355,95,260
S01007395,Born in the UK,749,407,150,257,342,94,248
S01007395,Born outside the UK: Total,36,23,11,12,13,1,12
S01007395,Born outside the UK: Resident less than 2 years,4,2,2,0,2,0,2
S01007395,Born outside the UK: Resident 2 years or more and less than 5 years,6,4,0,4,2,1,1
S01007395,Born outside the UK: Resident 5 years or more and less than 10 years,3,3,1,2,0,0,0
S01007395,Born outside the UK: Resident 10 years or more,23,14,8,6,9,0,9
S01007396,All people in households,783,472,201,271,311,93,218
S01007396,Born in the UK,732,445,190,255,287,91,196
S01007396,Born outside the UK: Total,51,27,11,16,24,2,22
S01007396,Born outside the UK: Resident less than 2 years,0,0,0,0,0,0,0
S01007396,Born outside the UK: Resident 2 years or more and less than 5 years,19,5,1,4,14,0,14
S01007396,Born outside the UK: Resident 5 years or more and less than 10 years,6,3,0,3,3,0,3
S01007396,Born outside the UK: Resident 10 years or more,26,19,10,9,7,2,5
S01007397,All people in households,937,748,311,437,189,65,124
S01007397,Born in the UK,875,714,297,417,161,56,105
S01007397,Born outside the UK: Total,62,34,14,20,28,9,19
S01007397,Born outside the UK: Resident less than 2 years,5,0,0,0,5,0,5
S01007397,Born outside the UK: Resident 2 years or more and less than 5 years,6,1,0,1,5,0,5
S01007397,Born outside the UK: Resident 5 years or more and less than 10 years,13,2,1,1,11,6,5
S01007397,Born outside the UK: Resident 10 years or more,38,31,13,18,7,3,4
S01007398,All people in households,703,337,76,261,366,315,51
S01007398,Born in the UK,683,328,72,256,355,313,42
S01007398,Born outside the UK: Total,20,9,4,5,11,2,9
S01007398,Born outside the UK: Resident less than 2 years,2,1,0,1,1,0,1
S01007398,Born outside the UK: Resident 2 years or more and less than 5 years,2,1,0,1,1,0,1
S01007398,Born outside the UK: Resident 5 years or more and less than 10 years,5,1,1,0,4,0,4
S01007398,Born outside the UK: Resident 10 years or more,11,6,3,3,5,2,3
S01007399,All people in households,642,235,70,165,407,347,60
S01007399,Born in the UK,623,227,69,158,396,344,52
S01007399,Born outside the UK: Total,19,8,1,7,11,3,8
S01007399,Born outside the UK: Resident less than 2 years,0,0,0,0,0,0,0
S01007399,Born outside the UK: Resident 2 years or more and less than 5 years,4,3,0,3,1,0,1
S01007399,Born outside the UK: Resident 5 years or more and less than 10 years,6,2,0,2,4,0,4
S01007399,Born outside the UK: Resident 10 years or more,9,3,1,2,6,3,3
S01007400,All people in households,699,595,253,342,104,54,50
S01007400,Born in the UK,649,552,242,310,97,51,46
S01007400,Born outside the UK: Total,50,43,11,32,7,3,4
S01007400,Born outside the UK: Resident less than 2 years,9,8,2,6,1,0,1
S01007400,Born outside the UK: Resident 2 years or more and less than 5 years,6,4,1,3,2,2,0
S01007400,Born outside the UK: Resident 5 years or more and less than 10 years,8,8,0,8,0,0,0
S01007400,Born outside the UK: Resident 10 years or more,27,23,8,15,4,1,3
S01007401,All people in households,676,589,214,375,87,17,70
S01007401,Born in the UK,636,564,208,356,72,17,55
S01007401,Born outside the UK: Total,40,25,6,19,15,0,15
S01007401,Born outside the UK: Resident less than 2 years,1,0,0,0,1,0,1
S01007401,Born outside the UK: Resident 2 years or more and less than 5 years,6,1,0,1,5,0,5
S01007401,Born outside the UK: Resident 5 years or more and less than 10 years,10,3,0,3,7,0,7
S01007401,Born outside the UK: Resident 10 years or more,23,21,6,15,2,0,2
S01007402,All people in households,610,567,198,369,43,17,26
S01007402,Born in the UK,586,545,189,356,41,15,26
S01007402,Born outside the UK: Total,24,22,9,13,2,2,0
S01007402,Born outside the UK: Resident less than 2 years,3,3,2,1,0,0,0
S01007402,Born outside the UK: Resident 2 years or more and less than 5 years,3,1,0,1,2,2,0
S01007402,Born outside the UK: Resident 5 years or more and less than 10 years,2,2,0,2,0,0,0
S01007402,Born outside the UK: Resident 10 years or more,16,16,7,9,0,0,0
S01007403,All people in households,825,391,59,332,434,52,382
S01007403,Born in the UK,797,380,57,323,417,51,366
S01007403,Born outside the UK: Total,28,11,2,9,17,1,16
S01007403,Born outside the UK: Resident less than 2 years,2,1,1,0,1,0,1
S01007403,Born outside the UK: Resident 2 years or more and less than 5 years,4,0,0,0,4,0,4
S01007403,Born outside the UK: Resident 5 years or more and less than 10 years,3,0,0,0,3,0,3
S01007403,Born outside the UK: Resident 10 years or more,19,10,1,9,9,1,8
S01007404,All people in households,426,236,108,128,190,46,144
S01007404,Born in the UK,405,226,101,125,179,43,136
S01007404,Born outside the UK: Total,21,10,7,3,11,3,8
S01007404,Born outside the UK: Resident less than 2 years,3,0,0,0,3,0,3
S01007404,Born outside the UK: Resident 2 years or more and less than 5 years,0,0,0,0,0,0,0
S01007404,Born outside the UK: Resident 5 years or more and less than 10 years,5,2,1,1,3,1,2
S01007404,Born outside the UK: Resident 10 years or more,13,8,6,2,5,2,3
S01007405,All people in households,665,579,237,342,86,16,70
S01007405,Born in the UK,639,554,223,331,85,15,70
S01007405,Born outside the UK: Total,26,25,14,11,1,1,0
S01007405,Born outside the UK: Resident less than 2 years,1,1,0,1,0,0,0
S01007405,Born outside the UK: Resident 2 years or more and less than 5 years,0,0,0,0,0,0,0
S01007405,Born outside the UK: Resident 5 years or more and less than 10 years,2,2,2,0,0,0,0
S01007405,Born outside the UK: Resident 10 years or more,23,22,12,10,1,1,0
S01007406,All people in households,603,565,258,307,38,5,33
S01007406,Born in the UK,567,532,243,289,35,5,30
S01007406,Born outside the UK: Total,36,33,15,18,3,0,3
S01007406,Born outside the UK: Resident less than 2 years,1,1,0,1,0,0,0
S01007406,Born outside the UK: Resident 2 years or more and less than 5 years,3,3,0,3,0,0,0
S01007406,Born outside the UK: Resident 5 years or more and less than 10 years,7,7,2,5,0,0,0
S01007406,Born outside the UK: Resident 10 years or more,25,22,13,9,3,0,3
S01007407,All people in households,722,630,262,368,92,53,39
S01007407,Born in the UK,696,609,252,357,87,52,35
S01007407,Born outside the UK: Total,26,21,10,11,5,1,4
S01007407,Born outside the UK: Resident less than 2 years,0,0,0,0,0,0,0
S01007407,Born outside the UK: Resident 2 years or more and less than 5 years,1,1,1,0,0,0,0
S01007407,Born outside the UK: Resident 5 years or more and less than 10 years,7,3,2,1,4,0,4
S01007407,Born outside the UK: Resident 10 years or more,18,17,7,10,1,1,0
S01007408,All people in households,596,427,134,293,169,132,37
S01007408,Born in the UK,576,413,127,286,163,131,32
S01007408,Born outside the UK: Total,20,14,7,7,6,1,5
S01007408,Born outside the UK: Resident less than 2 years,2,2,1,1,0,0,0
S01007408,Born outside the UK: Resident 2 years or more and less than 5 years,1,1,1,0,0,0,0
S01007408,Born outside the UK: Resident 5 years or more and less than 10 years,1,1,0,1,0,0,0
S01007408,Born outside the UK: Resident 10 years or more,16,10,5,5,6,1,5
S01007409,All people in households,669,537,198,339,132,91,41
S01007409,Born in the UK,661,531,197,334,130,89,41
S01007409,Born outside the UK: Total,8,6,1,5,2,2,0
S01007409,Born outside the UK: Resident less than 2 years,0,0,0,0,0,0,0
S01007409,Born outside the UK: Resident 2 years or more and less than 5 years,0,0,0,0,0,0,0
S01007409,Born outside the UK: Resident 5 years or more and less than 10 years,2,1,0,1,1,1,0
S01007409,Born outside the UK: Resident 10 years or more,6,5,1,4,1,1,0
S01007410,All people in households,703,238,80,158,465,397,68
S01007410,Born in the UK,664,228,79,149,436,389,47
S01007410,Born outside the UK: Total,39,10,1,9,29,8,21
S01007410,Born outside the UK: Resident less than 2 years,3,1,0,1,2,0,2
S01007410,Born outside the UK: Resident 2 years or more and less than 5 years,16,3,0,3,13,0,13
S01007410,Born outside the UK: Resident 5 years or more and less than 10 years,6,0,0,0,6,2,4
S01007410,Born outside the UK: Resident 10 years or more,14,6,1,5,8,6,2
S01007411,All people in households,895,366,104,262,529,428,101
S01007411,Born in the UK,864,355,102,253,509,420,89
S01007411,Born outside the UK: Total,31,11,2,9,20,8,12
S01007411,Born outside the UK: Resident less than 2 years,1,0,0,0,1,0,1
S01007411,Born outside the UK: Resident 2 years or more and less than 5 years,12,1,0,1,11,1,10
S01007411,Born outside the UK: Resident 5 years or more and less than 10 years,2,2,0,2,0,0,0
S01007411,Born outside the UK: Resident 10 years or more,16,8,2,6,8,7,1
S01007412,All people in households,478,299,126,173,179,158,21
S01007412,Born in the UK,469,291,121,170,178,158,20
S01007412,Born outside the UK: Total,9,8,5,3,1,0,1
S01007412,Born outside the UK: Resident less than 2 years,2,2,0,2,0,0,0
S01007412,Born outside the UK: Resident 2 years or more and less than 5 years,1,0,0,0,1,0,1
S01007412,Born outside the UK: Resident 5 years or more and less than 10 years,1,1,0,1,0,0,0
S01007412,Born outside the UK: Resident 10 years or more,5,5,5,0,0,0,0
S01007413,All people in households,910,791,176,615,119,67,52
S01007413,Born in the UK,878,770,171,599,108,65,43
S01007413,Born outside the UK: Total,32,21,5,16,11,2,9
S01007413,Born outside the UK: Resident less than 2 years,9,0,0,0,9,0,9
S01007413,Born outside the UK: Resident 2 years or more and less than 5 years,2,2,1,1,0,0,0
S01007413,Born outside the UK: Resident 5 years or more and less than 10 years,6,5,1,4,1,1,0
S01007413,Born outside the UK: Resident 10 years or more,15,14,3,11,1,1,0
S01007414,All people in households,694,636,92,544,58,23,35
S01007414,Born in the UK,666,611,90,521,55,21,34
S01007414,Born outside the UK: Total,28,25,2,23,3,2,1
S01007414,Born outside the UK: Resident less than 2 years,2,2,2,0,0,0,0
S01007414,Born outside the UK: Resident 2 years or more and less than 5 years,5,5,0,5,0,0,0
S01007414,Born outside the UK: Resident 5 years or more and less than 10 years,2,2,0,2,0,0,0
S01007414,Born outside the UK: Resident 10 years or more,19,16,0,16,3,2,1
S01007415,All people in households,853,455,141,314,398,365,33
S01007415,Born in the UK,832,450,138,312,382,353,29
S01007415,Born outside the UK: Total,21,5,3,2,16,12,4
S01007415,Born outside the UK: Resident less than 2 years,0,0,0,0,0,0,0
S01007415,Born outside the UK: Resident 2 years or more and less than 5 years,8,4,2,2,4,0,4
S01007415,Born outside the UK: Resident 5 years or more and less than 10 years,6,0,0,0,6,6,0
S01007415,Born outside the UK: Resident 10 years or more,7,1,1,0,6,6,0
S01007416,All people in households,595,181,55,126,414,369,45
S01007416,Born in the UK,574,177,53,124,397,361,36
S01007416,Born outside the UK: Total,21,4,2,2,17,8,9
S01007416,Born outside the UK: Resident less than 2 years,3,0,0,0,3,1,2
S01007416,Born outside the UK: Resident 2 years or more and less than 5 years,14,1,0,1,13,6,7
S01007416,Born outside the UK: Resident 5 years or more and less than 10 years,1,0,0,0,1,1,0
S01007416,Born outside the UK: Resident 10 years or more,3,3,2,1,0,0,0
S01007417,All people in households,992,839,221,618,153,50,103
S01007417,Born in the UK,933,803,216,587,130,38,92
S01007417,Born outside the UK: Total,59,36,5,31,23,12,11
S01007417,Born outside the UK: Resident less than 2 years,0,0,0,0,0,0,0
S01007417,Born outside the UK: Resident 2 years or more and less than 5 years,10,2,0,2,8,2,6
S01007417,Born outside the UK: Resident 5 years or more and less than 10 years,8,5,0,5,3,3,0
S01007417,Born outside the UK: Resident 10 years or more,41,29,5,24,12,7,5
S01007418,All people in households,654,386,121,265,268,214,54
S01007418,Born in the UK,631,375,117,258,256,212,44
S01007418,Born outside the UK: Total,23,11,4,7,12,2,10
S01007418,Born outside the UK: Resident less than 2 years,4,0,0,0,4,0,4
S01007418,Born outside the UK: Resident 2 years or more and less than 5 years,5,2,1,1,3,0,3
S01007418,Born outside the UK: Resident 5 years or more and less than 10 years,3,3,0,3,0,0,0
S01007418,Born outside the UK: Resident 10 years or more,11,6,3,3,5,2,3
S01007419,All people in households,865,354,107,247,511,469,42
S01007419,Born in the UK,812,336,100,236,476,439,37
S01007419,Born outside the UK: Total,53,18,7,11,35,30,5
S01007419,Born outside the UK: Resident less than 2 years,0,0,0,0,0,0,0
S01007419,Born outside the UK: Resident 2 years or more and less than 5 years,18,1,0,1,17,17,0
S01007419,Born outside the UK: Resident 5 years or more and less than 10 years,14,4,1,3,10,6,4
S01007419,Born outside the UK: Resident 10 years or more,21,13,6,7,8,7,1
S01007420,All people in households,794,656,149,507,138,41,97
S01007420,Born in the UK,756,628,148,480,128,41,87
S01007420,Born outside the UK: Total,38,28,1,27,10,0,10
S01007420,Born outside the UK: Resident less than 2 years,1,0,0,0,1,0,1
S01007420,Born outside the UK: Resident 2 years or more and less than 5 years,13,6,0,6,7,0,7
S01007420,Born outside the UK: Resident 5 years or more and less than 10 years,7,6,0,6,1,0,1
S01007420,Born outside the UK: Resident 10 years or more,17,16,1,15,1,0,1
S01007421,All people in households,663,512,129,383,151,98,53
S01007421,Born in the UK,646,497,126,371,149,98,51
S01007421,Born outside the UK: Total,17,15,3,12,2,0,2
S01007421,Born outside the UK: Resident less than 2 years,0,0,0,0,0,0,0
S01007421,Born outside the UK: Resident 2 years or more and less than 5 years,1,0,0,0,1,0,1
S01007421,Born outside the UK: Resident 5 years or more and less than 10 years,0,0,0,0,0,0,0
S01007421,Born outside the UK: Resident 10 years or more,16,15,3,12,1,0,1
S01007422,All people in households,550,437,150,287,113,76,37
S01007422,Born in the UK,516,412,142,270,104,71,33
S01007422,Born outside the UK: Total,34,25,8,17,9,5,4
S01007422,Born outside the UK: Resident less than 2 years,1,0,0,0,1,0,1
S01007422,Born outside the UK: Resident 2 years or more and less than 5 years,7,6,3,3,1,0,1
S01007422,Born outside the UK: Resident 5 years or more and less than 10 years,10,5,0,5,5,3,2
S01007422,Born outside the UK: Resident 10 years or more,16,14,5,9,2,2,0
S01007423,All people in households,764,578,151,427,186,111,75
S01007423,Born in the UK,742,563,149,414,179,111,68
S01007423,Born outside the UK: Total,22,15,2,13,7,0,7
S01007423,Born outside the UK: Resident less than 2 years,3,0,0,0,3,0,3
S01007423,Born outside the UK: Resident 2 years or more and less than 5 years,4,1,0,1,3,0,3
S01007423,Born outside the UK: Resident 5 years or more and less than 10 years,4,4,0,4,0,0,0
S01007423,Born outside the UK: Resident 10 years or more,11,10,2,8,1,0,1
S01007424,All people in households,787,713,334,379,74,20,54
S01007424,Born in the UK,767,696,329,367,71,20,51
S01007424,Born outside the UK: Total,20,17,5,12,3,0,3
S01007424,Born outside the UK: Resident less than 2 years,2,0,0,0,2,0,2
S01007424,Born outside the UK: Resident 2 years or more and less than 5 years,0,0,0,0,0,0,0
S01007424,Born outside the UK: Resident 5 years or more and less than 10 years,0,0,0,0,0,0,0
S01007424,Born outside the UK: Resident 10 years or more,18,17,5,12,1,0,1
S01007425,All people in households,872,700,323,377,172,131,41
S01007425,Born in the UK,850,682,316,366,168,130,38
S01007425,Born outside the UK: Total,22,18,7,11,4,1,3
S01007425,Born outside the UK: Resident less than 2 years,3,3,0,3,0,0,0
S01007425,Born outside the UK: Resident 2 years or more and less than 5 years,6,3,1,2,3,0,3
S01007425,Born outside the UK: Resident 5 years or more and less than 10 years,1,1,0,1,0,0,0
S01007425,Born outside the UK: Resident 10 years or more,12,11,6,5,1,1,0
S01007426,All people in households,658,387,145,242,271,169,102
S01007426,Born in the UK,613,376,141,235,237,169,68
S01007426,Born outside the UK: Total,45,11,4,7,34,0,34
S01007426,Born outside the UK: Resident less than 2 years,20,0,0,0,20,0,20
S01007426,Born outside the UK: Resident 2 years or more and less than 5 years,4,3,2,1,1,0,1
S01007426,Born outside the UK: Resident 5 years or more and less than 10 years,8,1,0,1,7,0,7
S01007426,Born outside the UK: Resident 10 years or more,13,7,2,5,6,0,6
S01007427,All people in households,642,363,154,209,279,233,46
S01007427,Born in the UK,628,358,152,206,270,229,41
S01007427,Born outside the UK: Total,14,5,2,3,9,4,5
S01007427,Born outside the UK: Resident less than 2 years,0,0,0,0,0,0,0
S01007427,Born outside the UK: Resident 2 years or more and less than 5 years,2,1,0,1,1,0,1
S01007427,Born outside the UK: Resident 5 years or more and less than 10 years,3,0,0,0,3,2,1
S01007427,Born outside the UK: Resident 10 years or more,9,4,2,2,5,2,3
S01007428,All people in households,887,557,194,363,330,208,122
S01007428,Born in the UK,855,543,190,353,312,204,108
S01007428,Born outside the UK: Total,32,14,4,10,18,4,14
S01007428,Born outside the UK: Resident less than 2 years,4,0,0,0,4,0,4
S01007428,Born outside the UK: Resident 2 years or more and less than 5 years,9,3,0,3,6,0,6
S01007428,Born outside the UK: Resident 5 years or more and less than 10 years,6,3,0,3,3,2,1
S01007428,Born outside the UK: Resident 10 years or more,13,8,4,4,5,2,3
S01007429,All people in households,715,499,155,344,216,116,100
S01007429,Born in the UK,691,484,149,335,207,114,93
S01007429,Born outside the UK: Total,24,15,6,9,9,2,7
S01007429,Born outside the UK: Resident less than 2 years,2,0,0,0,2,0,2
S01007429,Born outside the UK: Resident 2 years or more and less than 5 years,4,2,1,1,2,0,2
S01007429,Born outside the UK: Resident 5 years or more and less than 10 years,6,4,1,3,2,0,2
S01007429,Born outside the UK: Resident 10 years or more,12,9,4,5,3,2,1
S01007430,All people in households,442,299,122,177,143,73,70
S01007430,Born in the UK,425,289,117,172,136,72,64
S01007430,Born outside the UK: Total,17,10,5,5,7,1,6
S01007430,Born outside the UK: Resident less than 2 years,2,0,0,0,2,0,2
S01007430,Born outside the UK: Resident 2 years or more and less than 5 years,3,0,0,0,3,0,3
S01007430,Born outside the UK: Resident 5 years or more and less than 10 years,4,2,0,2,2,1,1
S01007430,Born outside the UK: Resident 10 years or more,8,8,5,3,0,0,0
S01007431,All people in households,554,512,199,313,42,29,13
S01007431,Born in the UK,545,504,196,308,41,28,13
S01007431,Born outside the UK: Total,9,8,3,5,1,1,0
S01007431,Born outside the UK: Resident less than 2 years,0,0,0,0,0,0,0
S01007431,Born outside the UK: Resident 2 years or more and less than 5 years,1,1,0,1,0,0,0
S01007431,Born outside the UK: Resident 5 years or more and less than 10 years,1,0,0,0,1,1,0
S01007431,Born outside the UK: Resident 10 years or more,7,7,3,4,0,0,0
S01007432,All people in households,782,609,206,403,173,116,57
S01007432,Born in the UK,762,592,202,390,170,113,57
S01007432,Born outside the UK: Total,20,17,4,13,3,3,0
S01007432,Born outside the UK: Resident less than 2 years,0,0,0,0,0,0,0
S01007432,Born outside the UK: Resident 2 years or more and less than 5 years,0,0,0,0,0,0,0
S01007432,Born outside the UK: Resident 5 years or more and less than 10 years,6,5,0,5,1,1,0
S01007432,Born outside the UK: Resident 10 years or more,14,12,4,8,2,2,0
S01007433,All people in households,798,576,223,353,222,147,75
S01007433,Born in the UK,780,563,218,345,217,144,73
S01007433,Born outside the UK: Total,18,13,5,8,5,3,2
S01007433,Born outside the UK: Resident less than 2 years,1,1,0,1,0,0,0
S01007433,Born outside the UK: Resident 2 years or more and less than 5 years,2,0,0,0,2,0,2
S01007433,Born outside the UK: Resident 5 years or more and less than 10 years,5,5,1,4,0,0,0
S01007433,Born outside the UK: Resident 10 years or more,10,7,4,3,3,3,0
S01007434,All people in households,496,219,75,144,277,231,46
S01007434,Born in the UK,483,210,72,138,273,228,45
S01007434,Born outside the UK: Total,13,9,3,6,4,3,1
S01007434,Born outside the UK: Resident less than 2 years,1,0,0,0,1,1,0
S01007434,Born outside the UK: Resident 2 years or more and less than 5 years,3,3,1,2,0,0,0
S01007434,Born outside the UK: Resident 5 years or more and less than 10 years,2,1,0,1,1,0,1
S01007434,Born outside the UK: Resident 10 years or more,7,5,2,3,2,2,0
S01007435,All people in households,668,496,165,331,172,107,65
S01007435,Born in the UK,634,482,160,322,152,104,48
S01007435,Born outside the UK: Total,34,14,5,9,20,3,17
S01007435,Born outside the UK: Resident less than 2 years,1,1,0,1,0,0,0
S01007435,Born outside the UK: Resident 2 years or more and less than 5 years,18,1,0,1,17,1,16
S01007435,Born outside the UK: Resident 5 years or more and less than 10 years,2,1,1,0,1,0,1
S01007435,Born outside the UK: Resident 10 years or more,13,11,4,7,2,2,0
S01007436,All people in households,674,258,76,182,416,350,66
S01007436,Born in the UK,651,243,75,168,408,345,63
S01007436,Born outside the UK: Total,23,15,1,14,8,5,3
S01007436,Born outside the UK: Resident less than 2 years,2,2,0,2,0,0,0
S01007436,Born outside the UK: Resident 2 years or more and less than 5 years,1,1,0,1,0,0,0
S01007436,Born outside the UK: Resident 5 years or more and less than 10 years,10,5,0,5,5,2,3
S01007436,Born outside the UK: Resident 10 years or more,10,7,1,6,3,3,0
S01007437,All people in households,440,231,108,123,209,154,55
S01007437,Born in the UK,417,218,101,117,199,148,51
S01007437,Born outside the UK: Total,23,13,7,6,10,6,4
S01007437,Born outside the UK: Resident less than 2 years,1,1,0,1,0,0,0
S01007437,Born outside the UK: Resident 2 years or more and less than 5 years,5,2,1,1,3,0,3
S01007437,Born outside the UK: Resident 5 years or more and less than 10 years,2,2,0,2,0,0,0
S01007437,Born outside the UK: Resident 10 years or more,15,8,6,2,7,6,1
S01007438,All people in households,671,431,199,232,240,194,46
S01007438,Born in the UK,642,415,194,221,227,186,41
S01007438,Born outside the UK: Total,29,16,5,11,13,8,5
S01007438,Born outside the UK: Resident less than 2 years,4,0,0,0,4,0,4
S01007438,Born outside the UK: Resident 2 years or more and less than 5 years,5,5,2,3,0,0,0
S01007438,Born outside the UK: Resident 5 years or more and less than 10 years,5,1,0,1,4,3,1
S01007438,Born outside the UK: Resident 10 years or more,15,10,3,7,5,5,0
S01007439,All people in households,686,485,195,290,201,144,57
S01007439,Born in the UK,659,470,190,280,189,139,50
S01007439,Born outside the UK: Total,27,15,5,10,12,5,7
S01007439,Born outside the UK: Resident less than 2 years,5,0,0,0,5,4,1
S01007439,Born outside the UK: Resident 2 years or more and less than 5 years,4,1,0,1,3,0,3
S01007439,Born outside the UK: Resident 5 years or more and less than 10 years,5,1,1,0,4,1,3
S01007439,Born outside the UK: Resident 10 years or more,13,13,4,9,0,0,0
S01007440,All people in households,645,446,153,293,199,179,20
S01007440,Born in the UK,614,422,145,277,192,172,20
S01007440,Born outside the UK: Total,31,24,8,16,7,7,0
S01007440,Born outside the UK: Resident less than 2 years,3,3,3,0,0,0,0
S01007440,Born outside the UK: Resident 2 years or more and less than 5 years,0,0,0,0,0,0,0
S01007440,Born outside the UK: Resident 5 years or more and less than 10 years,12,10,0,10,2,2,0
S01007440,Born outside the UK: Resident 10 years or more,16,11,5,6,5,5,0
S01007441,All people in households,551,519,193,326,32,15,17
S01007441,Born in the UK,530,504,186,318,26,11,15
S01007441,Born outside the UK: Total,21,15,7,8,6,4,2
S01007441,Born outside the UK: Resident less than 2 years,1,0,0,0,1,0,1
S01007441,Born outside the UK: Resident 2 years or more and less than 5 years,0,0,0,0,0,0,0
S01007441,Born outside the UK: Resident 5 years or more and less than 10 years,3,0,0,0,3,3,0
S01007441,Born outside the UK: Resident 10 years or more,17,15,7,8,2,1,1
S01007442,All people in households,478,460,208,252,18,3,15
S01007442,Born in the UK,461,448,204,244,13,3,10
S01007442,Born outside the UK: Total,17,12,4,8,5,0,5
S01007442,Born outside the UK: Resident less than 2 years,1,0,0,0,1,0,1
S01007442,Born outside the UK: Resident 2 years or more and less than 5 years,2,0,0,0,2,0,2
S01007442,Born outside the UK: Resident 5 years or more and less than 10 years,3,3,0,3,0,0,0
S01007442,Born outside the UK: Resident 10 years or more,11,9,4,5,2,0,2
S01007443,All people in households,856,663,321,342,193,108,85
S01007443,Born in the UK,796,621,301,320,175,107,68
S01007443,Born outside the UK: Total,60,42,20,22,18,1,17
S01007443,Born outside the UK: Resident less than 2 years,8,3,0,3,5,0,5
S01007443,Born outside the UK: Resident 2 years or more and less than 5 years,7,2,0,2,5,0,5
S01007443,Born outside the UK: Resident 5 years or more and less than 10 years,5,5,1,4,0,0,0
S01007443,Born outside the UK: Resident 10 years or more,40,32,19,13,8,1,7
S01007444,All people in households,936,816,373,443,120,68,52
S01007444,Born in the UK,878,767,349,418,111,67,44
S01007444,Born outside the UK: Total,58,49,24,25,9,1,8
S01007444,Born outside the UK: Resident less than 2 years,5,1,0,1,4,0,4
S01007444,Born outside the UK: Resident 2 years or more and less than 5 years,8,5,0,5,3,1,2
S01007444,Born outside the UK: Resident 5 years or more and less than 10 years,4,4,2,2,0,0,0
S01007444,Born outside the UK: Resident 10 years or more,41,39,22,17,2,0,2
S01007445,All people in households,625,582,255,327,43,23,20
S01007445,Born in the UK,593,550,241,309,43,23,20
S01007445,Born outside the UK: Total,32,32,14,18,0,0,0
S01007445,Born outside the UK: Resident less than 2 years,0,0,0,0,0,0,0
S01007445,Born outside the UK: Resident 2 years or more and less than 5 years,0,0,0,0,0,0,0
S01007445,Born outside the UK: Resident 5 years or more and less than 10 years,6,6,1,5,0,0,0
S01007445,Born outside the UK: Resident 10 years or more,26,26,13,13,0,0,0
S01007446,All people in households,541,488,212,276,53,6,47
S01007446,Born in the UK,498,457,196,261,41,6,35
S01007446,Born outside the UK: Total,43,31,16,15,12,0,12
S01007446,Born outside the UK: Resident less than 2 years,7,1,0,1,6,0,6
S01007446,Born outside the UK: Resident 2 years or more and less than 5 years,0,0,0,0,0,0,0
S01007446,Born outside the UK: Resident 5 years or more and less than 10 years,5,5,0,5,0,0,0
S01007446,Born outside the UK: Resident 10 years or more,31,25,16,9,6,0,6
S01007447,All people in households,485,427,232,195,58,20,38
S01007447,Born in the UK,456,402,221,181,54,20,34
S01007447,Born outside the UK: Total,29,25,11,14,4,0,4
S01007447,Born outside the UK: Resident less than 2 years,0,0,0,0,0,0,0
S01007447,Born outside the UK: Resident 2 years or more and less than 5 years,4,4,1,3,0,0,0
S01007447,Born outside the UK: Resident 5 years or more and less than 10 years,3,1,0,1,2,0,2
S01007447,Born outside the UK: Resident 10 years or more,22,20,10,10,2,0,2
S01007448,All people in households,867,736,352,384,131,74,57
S01007448,Born in the UK,844,722,348,374,122,70,52
S01007448,Born outside the UK: Total,23,14,4,10,9,4,5
S01007448,Born outside the UK: Resident less than 2 years,5,4,0,4,1,0,1
S01007448,Born outside the UK: Resident 2 years or more and less than 5 years,0,0,0,0,0,0,0
S01007448,Born outside the UK: Resident 5 years or more and less than 10 years,1,0,0,0,1,0,1
S01007448,Born outside the UK: Resident 10 years or more,17,10,4,6,7,4,3
S01007449,All people in households,980,592,243,349,388,315,73
S01007449,Born in the UK,956,580,239,341,376,310,66
S01007449,Born outside the UK: Total,24,12,4,8,12,5,7
S01007449,Born outside the UK: Resident less than 2 years,8,2,2,0,6,0,6
S01007449,Born outside the UK: Resident 2 years or more and less than 5 years,9,6,1,5,3,3,0
S01007449,Born outside the UK: Resident 5 years or more and less than 10 years,2,2,0,2,0,0,0
S01007449,Born outside the UK: Resident 10 years or more,5,2,1,1,3,2,1
S01007450,All people in households,774,356,122,234,418,356,62
S01007450,Born in the UK,763,351,120,231,412,353,59
S01007450,Born outside the UK: Total,11,5,2,3,6,3,3
S01007450,Born outside the UK: Resident less than 2 years,0,0,0,0,0,0,0
S01007450,Born outside the UK: Resident 2 years or more and less than 5 years,3,0,0,0,3,0,3
S01007450,Born outside the UK: Resident 5 years or more and less than 10 years,1,1,0,1,0,0,0
S01007450,Born outside the UK: Resident 10 years or more,7,4,2,2,3,3,0
S01007451,All people in households,623,481,176,305,142,101,41
S01007451,Born in the UK,608,467,172,295,141,100,41
S01007451,Born outside the UK: Total,15,14,4,10,1,1,0
S01007451,Born outside the UK: Resident less than 2 years,0,0,0,0,0,0,0
S01007451,Born outside the UK: Resident 2 years or more and less than 5 years,0,0,0,0,0,0,0
S01007451,Born outside the UK: Resident 5 years or more and less than 10 years,2,2,0,2,0,0,0
S01007451,Born outside the UK: Resident 10 years or more,13,12,4,8,1,1,0
S01007452,All people in households,523,264,96,168,259,202,57
S01007452,Born in the UK,504,252,93,159,252,200,52
S01007452,Born outside the UK: Total,19,12,3,9,7,2,5
S01007452,Born outside the UK: Resident less than 2 years,0,0,0,0,0,0,0
S01007452,Born outside the UK: Resident 2 years or more and less than 5 years,7,4,0,4,3,0,3
S01007452,Born outside the UK: Resident 5 years or more and less than 10 years,3,1,0,1,2,0,2
S01007452,Born outside the UK: Resident 10 years or more,9,7,3,4,2,2,0
S01007453,All people in households,635,581,79,502,54,16,38
S01007453,Born in the UK,591,540,68,472,51,15,36
S01007453,Born outside the UK: Total,44,41,11,30,3,1,2
S01007453,Born outside the UK: Resident less than 2 years,2,1,0,1,1,0,1
S01007453,Born outside the UK: Resident 2 years or more and less than 5 years,11,11,4,7,0,0,0
S01007453,Born outside the UK: Resident 5 years or more and less than 10 years,10,10,0,10,0,0,0
S01007453,Born outside the UK: Resident 10 years or more,21,19,7,12,2,1,1
S01007454,All people in households,512,283,101,182,229,187,42
S01007454,Born in the UK,494,276,101,175,218,184,34
S01007454,Born outside the UK: Total,18,7,0,7,11,3,8
S01007454,Born outside the UK: Resident less than 2 years,0,0,0,0,0,0,0
S01007454,Born outside the UK: Resident 2 years or more and less than 5 years,7,0,0,0,7,0,7
S01007454,Born outside the UK: Resident 5 years or more and less than 10 years,4,2,0,2,2,1,1
S01007454,Born outside the UK: Resident 10 years or more,7,5,0,5,2,2,0
S01007455,All people in households,846,336,114,222,510,441,69
S01007455,Born in the UK,812,327,110,217,485,422,63
S01007455,Born outside the UK: Total,34,9,4,5,25,19,6
S01007455,Born outside the UK: Resident less than 2 years,4,0,0,0,4,2,2
S01007455,Born outside the UK: Resident 2 years or more and less than 5 years,12,0,0,0,12,9,3
S01007455,Born outside the UK: Resident 5 years or more and less than 10 years,6,3,0,3,3,2,1
S01007455,Born outside the UK: Resident 10 years or more,12,6,4,2,6,6,0
S01007456,All people in households,853,342,98,244,511,406,105
S01007456,Born in the UK,810,325,96,229,485,400,85
S01007456,Born outside the UK: Total,43,17,2,15,26,6,20
S01007456,Born outside the UK: Resident less than 2 years,4,0,0,0,4,0,4
S01007456,Born outside the UK: Resident 2 years or more and less than 5 years,16,3,0,3,13,1,12
S01007456,Born outside the UK: Resident 5 years or more and less than 10 years,14,12,2,10,2,0,2
S01007456,Born outside the UK: Resident 10 years or more,9,2,0,2,7,5,2
S01007457,All people in households,1033,624,177,447,409,329,80
S01007457,Born in the UK,980,610,175,435,370,311,59
S01007457,Born outside the UK: Total,53,14,2,12,39,18,21
S01007457,Born outside the UK: Resident less than 2 years,11,0,0,0,11,1,10
S01007457,Born outside the UK: Resident 2 years or more and less than 5 years,18,2,0,2,16,7,9
S01007457,Born outside the UK: Resident 5 years or more and less than 10 years,7,3,0,3,4,2,2
S01007457,Born outside the UK: Resident 10 years or more,17,9,2,7,8,8,0
S01007458,All people in households,523,438,182,256,85,61,24
S01007458,Born in the UK,510,430,178,252,80,60,20
S01007458,Born outside the UK: Total,13,8,4,4,5,1,4
S01007458,Born outside the UK: Resident less than 2 years,0,0,0,0,0,0,0
S01007458,Born outside the UK: Resident 2 years or more and less than 5 years,0,0,0,0,0,0,0
S01007458,Born outside the UK: Resident 5 years or more and less than 10 years,6,2,0,2,4,0,4
S01007458,Born outside the UK: Resident 10 years or more,7,6,4,2,1,1,0
S01007459,All people in households,643,472,194,278,171,129,42
S01007459,Born in the UK,621,464,192,272,157,128,29
S01007459,Born outside the UK: Total,22,8,2,6,14,1,13
S01007459,Born outside the UK: Resident less than 2 years,1,1,0,1,0,0,0
S01007459,Born outside the UK: Resident 2 years or more and less than 5 years,6,2,0,2,4,0,4
S01007459,Born outside the UK: Resident 5 years or more and less than 10 years,9,1,0,1,8,0,8
S01007459,Born outside the UK: Resident 10 years or more,6,4,2,2,2,1,1
S01007460,All people in households,717,436,158,278,281,226,55
S01007460,Born in the UK,697,429,155,274,268,223,45
S01007460,Born outside the UK: Total,20,7,3,4,13,3,10
S01007460,Born outside the UK: Resident less than 2 years,2,0,0,0,2,0,2
S01007460,Born outside the UK: Resident 2 years or more and less than 5 years,8,0,0,0,8,0,8
S01007460,Born outside the UK: Resident 5 years or more and less than 10 years,0,0,0,0,0,0,0
S01007460,Born outside the UK: Resident 10 years or more,10,7,3,4,3,3,0
S01007461,All people in households,680,188,70,118,492,416,76
S01007461,Born in the UK,656,185,69,116,471,403,68
S01007461,Born outside the UK: Total,24,3,1,2,21,13,8
S01007461,Born outside the UK: Resident less than 2 years,1,0,0,0,1,0,1
S01007461,Born outside the UK: Resident 2 years or more and less than 5 years,7,1,0,1,6,1,5
S01007461,Born outside the UK: Resident 5 years or more and less than 10 years,7,0,0,0,7,5,2
S01007461,Born outside the UK: Resident 10 years or more,9,2,1,1,7,7,0
S01007462,All people in households,774,458,143,315,316,187,129
S01007462,Born in the UK,729,440,142,298,289,178,111
S01007462,Born outside the UK: Total,45,18,1,17,27,9,18
S01007462,Born outside the UK: Resident less than 2 years,1,1,0,1,0,0,0
S01007462,Born outside the UK: Resident 2 years or more and less than 5 years,26,5,0,5,21,5,16
S01007462,Born outside the UK: Resident 5 years or more and less than 10 years,9,6,0,6,3,1,2
S01007462,Born outside the UK: Resident 10 years or more,9,6,1,5,3,3,0
S01007463,All people in households,988,261,67,194,727,682,45
S01007463,Born in the UK,945,246,58,188,699,661,38
S01007463,Born outside the UK: Total,43,15,9,6,28,21,7
S01007463,Born outside the UK: Resident less than 2 years,7,0,0,0,7,5,2
S01007463,Born outside the UK: Resident 2 years or more and less than 5 years,10,1,1,0,9,7,2
S01007463,Born outside the UK: Resident 5 years or more and less than 10 years,10,3,1,2,7,4,3
S01007463,Born outside the UK: Resident 10 years or more,16,11,7,4,5,5,0
S01007464,All people in households,686,217,73,144,469,426,43
S01007464,Born in the UK,643,204,73,131,439,403,36
S01007464,Born outside the UK: Total,43,13,0,13,30,23,7
S01007464,Born outside the UK: Resident less than 2 years,2,1,0,1,1,0,1
S01007464,Born outside the UK: Resident 2 years or more and less than 5 years,20,3,0,3,17,15,2
S01007464,Born outside the UK: Resident 5 years or more and less than 10 years,9,4,0,4,5,4,1
S01007464,Born outside the UK: Resident 10 years or more,12,5,0,5,7,4,3
S01007465,All people in households,785,164,47,117,621,552,69
S01007465,Born in the UK,748,159,47,112,589,531,58
S01007465,Born outside the UK: Total,37,5,0,5,32,21,11
S01007465,Born outside the UK: Resident less than 2 years,2,0,0,0,2,0,2
S01007465,Born outside the UK: Resident 2 years or more and less than 5 years,20,2,0,2,18,11,7
S01007465,Born outside the UK: Resident 5 years or more and less than 10 years,7,1,0,1,6,6,0
S01007465,Born outside the UK: Resident 10 years or more,8,2,0,2,6,4,2
S01007466,All people in households,984,307,96,211,677,492,185
S01007466,Born in the UK,907,284,91,193,623,469,154
S01007466,Born outside the UK: Total,77,23,5,18,54,23,31
S01007466,Born outside the UK: Resident less than 2 years,20,1,0,1,19,5,14
S01007466,Born outside the UK: Resident 2 years or more and less than 5 years,21,6,0,6,15,7,8
S01007466,Born outside the UK: Resident 5 years or more and less than 10 years,14,4,1,3,10,7,3
S01007466,Born outside the UK: Resident 10 years or more,22,12,4,8,10,4,6
S01007467,All people in households,974,564,214,350,410,242,168
S01007467,Born in the UK,913,545,207,338,368,232,136
S01007467,Born outside the UK: Total,61,19,7,12,42,10,32
S01007467,Born outside the UK: Resident less than 2 years,17,1,0,1,16,0,16
S01007467,Born outside the UK: Resident 2 years or more and less than 5 years,11,3,0,3,8,2,6
S01007467,Born outside the UK: Resident 5 years or more and less than 10 years,7,0,0,0,7,4,3
S01007467,Born outside the UK: Resident 10 years or more,26,15,7,8,11,4,7
S01007468,All people in households,714,635,210,425,79,35,44
S01007468,Born in the UK,686,612,204,408,74,34,40
S01007468,Born outside the UK: Total,28,23,6,17,5,1,4
S01007468,Born outside the UK: Resident less than 2 years,3,3,0,3,0,0,0
S01007468,Born outside the UK: Resident 2 years or more and less than 5 years,5,1,0,1,4,0,4
S01007468,Born outside the UK: Resident 5 years or more and less than 10 years,2,2,0,2,0,0,0
S01007468,Born outside the UK: Resident 10 years or more,18,17,6,11,1,1,0
S01007469,All people in households,611,399,112,287,212,179,33
S01007469,Born in the UK,593,386,108,278,207,178,29
S01007469,Born outside the UK: Total,18,13,4,9,5,1,4
S01007469,Born outside the UK: Resident less than 2 years,0,0,0,0,0,0,0
S01007469,Born outside the UK: Resident 2 years or more and less than 5 years,5,3,0,3,2,1,1
S01007469,Born outside the UK: Resident 5 years or more and less than 10 years,3,3,0,3,0,0,0
S01007469,Born outside the UK: Resident 10 years or more,10,7,4,3,3,0,3
S01007470,All people in households,699,271,89,182,428,350,78
S01007470,Born in the UK,642,259,85,174,383,330,53
S01007470,Born outside the UK: Total,57,12,4,8,45,20,25
S01007470,Born outside the UK: Resident less than 2 years,6,0,0,0,6,4,2
S01007470,Born outside the UK: Resident 2 years or more and less than 5 years,23,2,0,2,21,2,19
S01007470,Born outside the UK: Resident 5 years or more and less than 10 years,10,2,0,2,8,5,3
S01007470,Born outside the UK: Resident 10 years or more,18,8,4,4,10,9,1
S01007471,All people in households,479,315,74,241,164,120,44
S01007471,Born in the UK,472,310,73,237,162,118,44
S01007471,Born outside the UK: Total,7,5,1,4,2,2,0
S01007471,Born outside the UK: Resident less than 2 years,1,1,0,1,0,0,0
S01007471,Born outside the UK: Resident 2 years or more and less than 5 years,1,1,0,1,0,0,0
S01007471,Born outside the UK: Resident 5 years or more and less than 10 years,0,0,0,0,0,0,0
S01007471,Born outside the UK: Resident 10 years or more,5,3,1,2,2,2,0
S01007472,All people in households,554,319,109,210,235,191,44
S01007472,Born in the UK,537,311,108,203,226,185,41
S01007472,Born outside the UK: Total,17,8,1,7,9,6,3
S01007472,Born outside the UK: Resident less than 2 years,1,1,0,1,0,0,0
S01007472,Born outside the UK: Resident 2 years or more and less than 5 years,4,1,0,1,3,3,0
S01007472,Born outside the UK: Resident 5 years or more and less than 10 years,2,0,0,0,2,1,1
S01007472,Born outside the UK: Resident 10 years or more,10,6,1,5,4,2,2
S01007473,All people in households,438,277,77,200,161,148,13
S01007473,Born in the UK,431,270,74,196,161,148,13
S01007473,Born outside the UK: Total,7,7,3,4,0,0,0
S01007473,Born outside the UK: Resident less than 2 years,0,0,0,0,0,0,0
S01007473,Born outside the UK: Resident 2 years or more and less than 5 years,1,1,0,1,0,0,0
S01007473,Born outside the UK: Resident 5 years or more and less than 10 years,1,1,0,1,0,0,0
S01007473,Born outside the UK: Resident 10 years or more,5,5,3,2,0,0,0
S01007474,All people in households,535,470,154,316,65,42,23
S01007474,Born in the UK,525,463,153,310,62,39,23
S01007474,Born outside the UK: Total,10,7,1,6,3,3,0
S01007474,Born outside the UK: Resident less than 2 years,0,0,0,0,0,0,0
S01007474,Born outside the UK: Resident 2 years or more and less than 5 years,2,0,0,0,2,2,0
S01007474,Born outside the UK: Resident 5 years or more and less than 10 years,1,1,0,1,0,0,0
S01007474,Born outside the UK: Resident 10 years or more,7,6,1,5,1,1,0
S01007475,All people in households,594,490,159,331,104,54,50
S01007475,Born in the UK,565,467,148,319,98,53,45
S01007475,Born outside the UK: Total,29,23,11,12,6,1,5
S01007475,Born outside the UK: Resident less than 2 years,8,7,6,1,1,0,1
S01007475,Born outside the UK: Resident 2 years or more and less than 5 years,7,3,0,3,4,0,4
S01007475,Born outside the UK: Resident 5 years or more and less than 10 years,4,4,1,3,0,0,0
S01007475,Born outside the UK: Resident 10 years or more,10,9,4,5,1,1,0
S01007476,All people in households,651,525,264,261,126,85,41
S01007476,Born in the UK,630,508,260,248,122,81,41
S01007476,Born outside the UK: Total,21,17,4,13,4,4,0
S01007476,Born outside the UK: Resident less than 2 years,0,0,0,0,0,0,0
S01007476,Born outside the UK: Resident 2 years or more and less than 5 years,2,2,0,2,0,0,0
S01007476,Born outside the UK: Resident 5 years or more and less than 10 years,4,3,0,3,1,1,0
S01007476,Born outside the UK: Resident 10 years or more,15,12,4,8,3,3,0
S01007477,All people in households,540,437,150,287,103,44,59
S01007477,Born in the UK,524,424,145,279,100,44,56
S01007477,Born outside the UK: Total,16,13,5,8,3,0,3
S01007477,Born outside the UK: Resident less than 2 years,1,0,0,0,1,0,1
S01007477,Born outside the UK: Resident 2 years or more and less than 5 years,3,3,0,3,0,0,0
S01007477,Born outside the UK: Resident 5 years or more and less than 10 years,1,1,0,1,0,0,0
S01007477,Born outside the UK: Resident 10 years or more,11,9,5,4,2,0,2
S01007478,All people in households,901,648,215,433,253,131,122
S01007478,Born in the UK,861,625,208,417,236,127,109
S01007478,Born outside the UK: Total,40,23,7,16,17,4,13
S01007478,Born outside the UK: Resident less than 2 years,0,0,0,0,0,0,0
S01007478,Born outside the UK: Resident 2 years or more and less than 5 years,14,5,3,2,9,0,9
S01007478,Born outside the UK: Resident 5 years or more and less than 10 years,7,6,0,6,1,0,1
S01007478,Born outside the UK: Resident 10 years or more,19,12,4,8,7,4,3
S01007479,All people in households,579,444,78,366,135,63,72
S01007479,Born in the UK,554,424,75,349,130,62,68
S01007479,Born outside the UK: Total,25,20,3,17,5,1,4
S01007479,Born outside the UK: Resident less than 2 years,0,0,0,0,0,0,0
S01007479,Born outside the UK: Resident 2 years or more and less than 5 years,5,3,0,3,2,0,2
S01007479,Born outside the UK: Resident 5 years or more and less than 10 years,4,3,0,3,1,0,1
S01007479,Born outside the UK: Resident 10 years or more,16,14,3,11,2,1,1
S01007480,All people in households,776,613,119,494,163,81,82
S01007480,Born in the UK,737,596,116,480,141,74,67
S01007480,Born outside the UK: Total,39,17,3,14,22,7,15
S01007480,Born outside the UK: Resident less than 2 years,1,1,0,1,0,0,0
S01007480,Born outside the UK: Resident 2 years or more and less than 5 years,12,4,0,4,8,1,7
S01007480,Born outside the UK: Resident 5 years or more and less than 10 years,14,2,0,2,12,5,7
S01007480,Born outside the UK: Resident 10 years or more,12,10,3,7,2,1,1
S01007481,All people in households,830,745,459,286,85,17,68
S01007481,Born in the UK,810,732,451,281,78,17,61
S01007481,Born outside the UK: Total,20,13,8,5,7,0,7
S01007481,Born outside the UK: Resident less than 2 years,0,0,0,0,0,0,0
S01007481,Born outside the UK: Resident 2 years or more and less than 5 years,4,1,1,0,3,0,3
S01007481,Born outside the UK: Resident 5 years or more and less than 10 years,2,0,0,0,2,0,2
S01007481,Born outside the UK: Resident 10 years or more,14,12,7,5,2,0,2
S01007482,All people in households,478,287,169,118,191,133,58
S01007482,Born in the UK,469,283,168,115,186,131,55
S01007482,Born outside the UK: Total,9,4,1,3,5,2,3
S01007482,Born outside the UK: Resident less than 2 years,2,0,0,0,2,0,2
S01007482,Born outside the UK: Resident 2 years or more and less than 5 years,0,0,0,0,0,0,0
S01007482,Born outside the UK: Resident 5 years or more and less than 10 years,1,1,0,1,0,0,0
S01007482,Born outside the UK: Resident 10 years or more,6,3,1,2,3,2,1
S01007483,All people in households,783,537,186,351,246,172,74
S01007483,Born in the UK,768,530,182,348,238,168,70
S01007483,Born outside the UK: Total,15,7,4,3,8,4,4
S01007483,Born outside the UK: Resident less than 2 years,0,0,0,0,0,0,0
S01007483,Born outside the UK: Resident 2 years or more and less than 5 years,1,0,0,0,1,0,1
S01007483,Born outside the UK: Resident 5 years or more and less than 10 years,0,0,0,0,0,0,0
S01007483,Born outside the UK: Resident 10 years or more,14,7,4,3,7,4,3
S01007484,All people in households,548,301,133,168,247,140,107
S01007484,Born in the UK,528,291,128,163,237,138,99
S01007484,Born outside the UK: Total,20,10,5,5,10,2,8
S01007484,Born outside the UK: Resident less than 2 years,2,0,0,0,2,0,2
S01007484,Born outside the UK: Resident 2 years or more and less than 5 years,5,2,0,2,3,0,3
S01007484,Born outside the UK: Resident 5 years or more and less than 10 years,1,0,0,0,1,0,1
S01007484,Born outside the UK: Resident 10 years or more,12,8,5,3,4,2,2
S01007485,All people in households,481,90,44,46,391,347,44
S01007485,Born in the UK,471,90,44,46,381,343,38
S01007485,Born outside the UK: Total,10,0,0,0,10,4,6
S01007485,Born outside the UK: Resident less than 2 years,4,0,0,0,4,0,4
S01007485,Born outside the UK: Resident 2 years or more and less than 5 years,1,0,0,0,1,0,1
S01007485,Born outside the UK: Resident 5 years or more and less than 10 years,2,0,0,0,2,1,1
S01007485,Born outside the UK: Resident 10 years or more,3,0,0,0,3,3,0
S01007486,All people in households,540,97,54,43,443,405,38
S01007486,Born in the UK,534,94,52,42,440,402,38
S01007486,Born outside the UK: Total,6,3,2,1,3,3,0
S01007486,Born outside the UK: Resident less than 2 years,0,0,0,0,0,0,0
S01007486,Born outside the UK: Resident 2 years or more and less than 5 years,0,0,0,0,0,0,0
S01007486,Born outside the UK: Resident 5 years or more and less than 10 years,0,0,0,0,0,0,0
S01007486,Born outside the UK: Resident 10 years or more,6,3,2,1,3,3,0
S01007487,All people in households,893,414,135,279,479,273,206
S01007487,Born in the UK,864,400,133,267,464,270,194
S01007487,Born outside the UK: Total,29,14,2,12,15,3,12
S01007487,Born outside the UK: Resident less than 2 years,5,2,0,2,3,0,3
S01007487,Born outside the UK: Resident 2 years or more and less than 5 years,6,2,0,2,4,0,4
S01007487,Born outside the UK: Resident 5 years or more and less than 10 years,4,1,0,1,3,1,2
S01007487,Born outside the UK: Resident 10 years or more,14,9,2,7,5,2,3
S01007488,All people in households,1032,654,264,390,378,167,211
S01007488,Born in the UK,1004,643,262,381,361,165,196
S01007488,Born outside the UK: Total,28,11,2,9,17,2,15
S01007488,Born outside the UK: Resident less than 2 years,4,1,0,1,3,0,3
S01007488,Born outside the UK: Resident 2 years or more and less than 5 years,5,1,0,1,4,0,4
S01007488,Born outside the UK: Resident 5 years or more and less than 10 years,4,2,0,2,2,0,2
S01007488,Born outside the UK: Resident 10 years or more,15,7,2,5,8,2,6
S01007489,All people in households,856,627,294,333,229,130,99
S01007489,Born in the UK,844,619,291,328,225,129,96
S01007489,Born outside the UK: Total,12,8,3,5,4,1,3
S01007489,Born outside the UK: Resident less than 2 years,0,0,0,0,0,0,0
S01007489,Born outside the UK: Resident 2 years or more and less than 5 years,0,0,0,0,0,0,0
S01007489,Born outside the UK: Resident 5 years or more and less than 10 years,0,0,0,0,0,0,0
S01007489,Born outside the UK: Resident 10 years or more,12,8,3,5,4,1,3
S01007490,All people in households,883,579,282,297,304,228,76
S01007490,Born in the UK,865,566,274,292,299,228,71
S01007490,Born outside the UK: Total,18,13,8,5,5,0,5
S01007490,Born outside the UK: Resident less than 2 years,4,0,0,0,4,0,4
S01007490,Born outside the UK: Resident 2 years or more and less than 5 years,0,0,0,0,0,0,0
S01007490,Born outside the UK: Resident 5 years or more and less than 10 years,4,4,3,1,0,0,0
S01007490,Born outside the UK: Resident 10 years or more,10,9,5,4,1,0,1
S01007491,All people in households,1127,611,172,439,516,403,113
S01007491,Born in the UK,1095,594,168,426,501,398,103
S01007491,Born outside the UK: Total,32,17,4,13,15,5,10
S01007491,Born outside the UK: Resident less than 2 years,3,0,0,0,3,0,3
S01007491,Born outside the UK: Resident 2 years or more and less than 5 years,7,2,0,2,5,1,4
S01007491,Born outside the UK: Resident 5 years or more and less than 10 years,5,5,3,2,0,0,0
S01007491,Born outside the UK: Resident 10 years or more,17,10,1,9,7,4,3
S01007492,All people in households,679,450,176,274,229,180,49
S01007492,Born in the UK,666,441,173,268,225,178,47
S01007492,Born outside the UK: Total,13,9,3,6,4,2,2
S01007492,Born outside the UK: Resident less than 2 years,0,0,0,0,0,0,0
S01007492,Born outside the UK: Resident 2 years or more and less than 5 years,1,1,0,1,0,0,0
S01007492,Born outside the UK: Resident 5 years or more and less than 10 years,0,0,0,0,0,0,0
S01007492,Born outside the UK: Resident 10 years or more,12,8,3,5,4,2,2
S01007493,All people in households,824,510,172,338,314,251,63
S01007493,Born in the UK,812,505,172,333,307,245,62
S01007493,Born outside the UK: Total,12,5,0,5,7,6,1
S01007493,Born outside the UK: Resident less than 2 years,0,0,0,0,0,0,0
S01007493,Born outside the UK: Resident 2 years or more and less than 5 years,1,0,0,0,1,1,0
S01007493,Born outside the UK: Resident 5 years or more and less than 10 years,6,3,0,3,3,3,0
S01007493,Born outside the UK: Resident 10 years or more,5,2,0,2,3,2,1
S01007494,All people in households,533,394,240,154,139,62,77
S01007494,Born in the UK,522,383,236,147,139,62,77
S01007494,Born outside the UK: Total,11,11,4,7,0,0,0
S01007494,Born outside the UK: Resident less than 2 years,0,0,0,0,0,0,0
S01007494,Born outside the UK: Resident 2 years or more and less than 5 years,2,2,0,2,0,0,0
S01007494,Born outside the UK: Resident 5 years or more and less than 10 years,2,2,1,1,0,0,0
S01007494,Born outside the UK: Resident 10 years or more,7,7,3,4,0,0,0
S01007495,All people in households,844,660,391,269,184,34,150
S01007495,Born in the UK,811,646,381,265,165,34,131
S01007495,Born outside the UK: Total,33,14,10,4,19,0,19
S01007495,Born outside the UK: Resident less than 2 years,10,0,0,0,10,0,10
S01007495,Born outside the UK: Resident 2 years or more and less than 5 years,7,1,1,0,6,0,6
S01007495,Born outside the UK: Resident 5 years or more and less than 10 years,4,2,2,0,2,0,2
S01007495,Born outside the UK: Resident 10 years or more,12,11,7,4,1,0,1
S01007496,All people in households,1011,722,468,254,289,80,209
S01007496,Born in the UK,977,700,456,244,277,77,200
S01007496,Born outside the UK: Total,34,22,12,10,12,3,9
S01007496,Born outside the UK: Resident less than 2 years,9,4,3,1,5,0,5
S01007496,Born outside the UK: Resident 2 years or more and less than 5 years,4,3,0,3,1,0,1
S01007496,Born outside the UK: Resident 5 years or more and less than 10 years,3,2,0,2,1,0,1
S01007496,Born outside the UK: Resident 10 years or more,18,13,9,4,5,3,2
S01007497,All people in households,596,286,146,140,310,129,181
S01007497,Born in the UK,581,280,142,138,301,128,173
S01007497,Born outside the UK: Total,15,6,4,2,9,1,8
S01007497,Born outside the UK: Resident less than 2 years,0,0,0,0,0,0,0
S01007497,Born outside the UK: Resident 2 years or more and less than 5 years,1,0,0,0,1,0,1
S01007497,Born outside the UK: Resident 5 years or more and less than 10 years,4,2,0,2,2,0,2
S01007497,Born outside the UK: Resident 10 years or more,10,4,4,0,6,1,5
S01007498,All people in households,836,590,283,307,246,113,133
S01007498,Born in the UK,821,578,276,302,243,113,130
S01007498,Born outside the UK: Total,15,12,7,5,3,0,3
S01007498,Born outside the UK: Resident less than 2 years,0,0,0,0,0,0,0
S01007498,Born outside the UK: Resident 2 years or more and less than 5 years,2,2,0,2,0,0,0
S01007498,Born outside the UK: Resident 5 years or more and less than 10 years,0,0,0,0,0,0,0
S01007498,Born outside the UK: Resident 10 years or more,13,10,7,3,3,0,3
S01007499,All people in households,842,491,228,263,351,200,151
S01007499,Born in the UK,821,479,218,261,342,196,146
S01007499,Born outside the UK: Total,21,12,10,2,9,4,5
S01007499,Born outside the UK: Resident less than 2 years,4,1,0,1,3,0,3
S01007499,Born outside the UK: Resident 2 years or more and less than 5 years,1,0,0,0,1,0,1
S01007499,Born outside the UK: Resident 5 years or more and less than 10 years,0,0,0,0,0,0,0
S01007499,Born outside the UK: Resident 10 years or more,16,11,10,1,5,4,1
S01007500,All people in households,603,284,186,98,319,89,230
S01007500,Born in the UK,589,279,184,95,310,85,225
S01007500,Born outside the UK: Total,14,5,2,3,9,4,5
S01007500,Born outside the UK: Resident less than 2 years,1,1,0,1,0,0,0
S01007500,Born outside the UK: Resident 2 years or more and less than 5 years,2,0,0,0,2,2,0
S01007500,Born outside the UK: Resident 5 years or more and less than 10 years,4,0,0,0,4,1,3
S01007500,Born outside the UK: Resident 10 years or more,7,4,2,2,3,1,2
S01007501,All people in households,678,459,343,116,219,81,138
S01007501,Born in the UK,654,447,333,114,207,78,129
S01007501,Born outside the UK: Total,24,12,10,2,12,3,9
S01007501,Born outside the UK: Resident less than 2 years,1,0,0,0,1,0,1
S01007501,Born outside the UK: Resident 2 years or more and less than 5 years,5,0,0,0,5,0,5
S01007501,Born outside the UK: Resident 5 years or more and less than 10 years,0,0,0,0,0,0,0
S01007501,Born outside the UK: Resident 10 years or more,18,12,10,2,6,3,3
S01007502,All people in households,521,334,187,147,187,69,118
S01007502,Born in the UK,512,326,181,145,186,68,118
S01007502,Born outside the UK: Total,9,8,6,2,1,1,0
S01007502,Born outside the UK: Resident less than 2 years,0,0,0,0,0,0,0
S01007502,Born outside the UK: Resident 2 years or more and less than 5 years,1,1,1,0,0,0,0
S01007502,Born outside the UK: Resident 5 years or more and less than 10 years,1,1,1,0,0,0,0
S01007502,Born outside the UK: Resident 10 years or more,7,6,4,2,1,1,0
S01007503,All people in households,1044,695,412,283,349,152,197
S01007503,Born in the UK,1009,680,403,277,329,145,184
S01007503,Born outside the UK: Total,35,15,9,6,20,7,13
S01007503,Born outside the UK: Resident less than 2 years,7,1,1,0,6,5,1
S01007503,Born outside the UK: Resident 2 years or more and less than 5 years,9,0,0,0,9,0,9
S01007503,Born outside the UK: Resident 5 years or more and less than 10 years,4,3,1,2,1,0,1
S01007503,Born outside the UK: Resident 10 years or more,15,11,7,4,4,2,2
S01007504,All people in households,677,436,286,150,241,71,170
S01007504,Born in the UK,661,427,279,148,234,71,163
S01007504,Born outside the UK: Total,16,9,7,2,7,0,7
S01007504,Born outside the UK: Resident less than 2 years,5,1,1,0,4,0,4
S01007504,Born outside the UK: Resident 2 years or more and less than 5 years,0,0,0,0,0,0,0
S01007504,Born outside the UK: Resident 5 years or more and less than 10 years,1,0,0,0,1,0,1
S01007504,Born outside the UK: Resident 10 years or more,10,8,6,2,2,0,2
S01007505,All people in households,429,251,151,100,178,84,94
S01007505,Born in the UK,415,241,144,97,174,84,90
S01007505,Born outside the UK: Total,14,10,7,3,4,0,4
S01007505,Born outside the UK: Resident less than 2 years,1,1,1,0,0,0,0
S01007505,Born outside the UK: Resident 2 years or more and less than 5 years,1,0,0,0,1,0,1
S01007505,Born outside the UK: Resident 5 years or more and less than 10 years,3,0,0,0,3,0,3
S01007505,Born outside the UK: Resident 10 years or more,9,9,6,3,0,0,0
S01007506,All people in households,514,389,270,119,125,17,108
S01007506,Born in the UK,499,379,260,119,120,17,103
S01007506,Born outside the UK: Total,15,10,10,0,5,0,5
S01007506,Born outside the UK: Resident less than 2 years,1,0,0,0,1,0,1
S01007506,Born outside the UK: Resident 2 years or more and less than 5 years,0,0,0,0,0,0,0
S01007506,Born outside the UK: Resident 5 years or more and less than 10 years,2,0,0,0,2,0,2
S01007506,Born outside the UK: Resident 10 years or more,12,10,10,0,2,0,2
S01007507,All people in households,921,575,323,252,346,209,137
S01007507,Born in the UK,894,555,309,246,339,207,132
S01007507,Born outside the UK: Total,27,20,14,6,7,2,5
S01007507,Born outside the UK: Resident less than 2 years,2,1,0,1,1,1,0
S01007507,Born outside the UK: Resident 2 years or more and less than 5 years,0,0,0,0,0,0,0
S01007507,Born outside the UK: Resident 5 years or more and less than 10 years,2,1,0,1,1,0,1
S01007507,Born outside the UK: Resident 10 years or more,23,18,14,4,5,1,4
S01007508,All people in households,696,456,311,145,240,101,139
S01007508,Born in the UK,674,444,301,143,230,101,129
S01007508,Born outside the UK: Total,22,12,10,2,10,0,10
S01007508,Born outside the UK: Resident less than 2 years,3,0,0,0,3,0,3
S01007508,Born outside the UK: Resident 2 years or more and less than 5 years,4,0,0,0,4,0,4
S01007508,Born outside the UK: Resident 5 years or more and less than 10 years,5,2,2,0,3,0,3
S01007508,Born outside the UK: Resident 10 years or more,10,10,8,2,0,0,0
S01007509,All people in households,626,452,324,128,174,50,124
S01007509,Born in the UK,611,440,314,126,171,49,122
S01007509,Born outside the UK: Total,15,12,10,2,3,1,2
S01007509,Born outside the UK: Resident less than 2 years,1,0,0,0,1,0,1
S01007509,Born outside the UK: Resident 2 years or more and less than 5 years,0,0,0,0,0,0,0
S01007509,Born outside the UK: Resident 5 years or more and less than 10 years,1,1,1,0,0,0,0
S01007509,Born outside the UK: Resident 10 years or more,13,11,9,2,2,1,1
S01007510,All people in households,997,644,464,180,353,190,163
S01007510,Born in the UK,966,621,453,168,345,188,157
S01007510,Born outside the UK: Total,31,23,11,12,8,2,6
S01007510,Born outside the UK: Resident less than 2 years,1,1,1,0,0,0,0
S01007510,Born outside the UK: Resident 2 years or more and less than 5 years,2,0,0,0,2,0,2
S01007510,Born outside the UK: Resident 5 years or more and less than 10 years,0,0,0,0,0,0,0
S01007510,Born outside the UK: Resident 10 years or more,28,22,10,12,6,2,4
S01007511,All people in households,829,407,254,153,422,310,112
S01007511,Born in the UK,803,401,252,149,402,307,95
S01007511,Born outside the UK: Total,26,6,2,4,20,3,17
S01007511,Born outside the UK: Resident less than 2 years,4,0,0,0,4,0,4
S01007511,Born outside the UK: Resident 2 years or more and less than 5 years,10,0,0,0,10,0,10
S01007511,Born outside the UK: Resident 5 years or more and less than 10 years,2,1,1,0,1,0,1
S01007511,Born outside the UK: Resident 10 years or more,10,5,1,4,5,3,2
S01007512,All people in households,526,348,281,67,178,80,98
S01007512,Born in the UK,510,337,275,62,173,80,93
S01007512,Born outside the UK: Total,16,11,6,5,5,0,5
S01007512,Born outside the UK: Resident less than 2 years,1,0,0,0,1,0,1
S01007512,Born outside the UK: Resident 2 years or more and less than 5 years,0,0,0,0,0,0,0
S01007512,Born outside the UK: Resident 5 years or more and less than 10 years,3,3,2,1,0,0,0
S01007512,Born outside the UK: Resident 10 years or more,12,8,4,4,4,0,4
S01007513,All people in households,1045,562,231,331,483,359,124
S01007513,Born in the UK,1009,548,228,320,461,347,114
S01007513,Born outside the UK: Total,36,14,3,11,22,12,10
S01007513,Born outside the UK: Resident less than 2 years,3,2,0,2,1,0,1
S01007513,Born outside the UK: Resident 2 years or more and less than 5 years,12,1,1,0,11,6,5
S01007513,Born outside the UK: Resident 5 years or more and less than 10 years,5,1,1,0,4,3,1
S01007513,Born outside the UK: Resident 10 years or more,16,10,1,9,6,3,3
S01007514,All people in households,518,310,174,136,208,60,148
S01007514,Born in the UK,464,295,165,130,169,60,109
S01007514,Born outside the UK: Total,54,15,9,6,39,0,39
S01007514,Born outside the UK: Resident less than 2 years,14,0,0,0,14,0,14
S01007514,Born outside the UK: Resident 2 years or more and less than 5 years,19,1,0,1,18,0,18
S01007514,Born outside the UK: Resident 5 years or more and less than 10 years,10,3,0,3,7,0,7
S01007514,Born outside the UK: Resident 10 years or more,11,11,9,2,0,0,0
S01007515,All people in households,563,477,255,222,86,20,66
S01007515,Born in the UK,539,459,246,213,80,18,62
S01007515,Born outside the UK: Total,24,18,9,9,6,2,4
S01007515,Born outside the UK: Resident less than 2 years,7,4,2,2,3,0,3
S01007515,Born outside the UK: Resident 2 years or more and less than 5 years,0,0,0,0,0,0,0
S01007515,Born outside the UK: Resident 5 years or more and less than 10 years,3,2,0,2,1,1,0
S01007515,Born outside the UK: Resident 10 years or more,14,12,7,5,2,1,1
S01007516,All people in households,620,290,120,170,330,195,135
S01007516,Born in the UK,588,279,113,166,309,190,119
S01007516,Born outside the UK: Total,32,11,7,4,21,5,16
S01007516,Born outside the UK: Resident less than 2 years,1,0,0,0,1,0,1
S01007516,Born outside the UK: Resident 2 years or more and less than 5 years,11,0,0,0,11,0,11
S01007516,Born outside the UK: Resident 5 years or more and less than 10 years,1,1,1,0,0,0,0
S01007516,Born outside the UK: Resident 10 years or more,19,10,6,4,9,5,4
S01007517,All people in households,423,310,185,125,113,52,61
S01007517,Born in the UK,415,304,181,123,111,52,59
S01007517,Born outside the UK: Total,8,6,4,2,2,0,2
S01007517,Born outside the UK: Resident less than 2 years,0,0,0,0,0,0,0
S01007517,Born outside the UK: Resident 2 years or more and less than 5 years,0,0,0,0,0,0,0
S01007517,Born outside the UK: Resident 5 years or more and less than 10 years,0,0,0,0,0,0,0
S01007517,Born outside the UK: Resident 10 years or more,8,6,4,2,2,0,2
S01007518,All people in households,832,519,223,296,313,237,76
S01007518,Born in the UK,816,514,218,296,302,233,69
S01007518,Born outside the UK: Total,16,5,5,0,11,4,7
S01007518,Born outside the UK: Resident less than 2 years,3,0,0,0,3,0,3
S01007518,Born outside the UK: Resident 2 years or more and less than 5 years,3,0,0,0,3,0,3
S01007518,Born outside the UK: Resident 5 years or more and less than 10 years,3,2,2,0,1,0,1
S01007518,Born outside the UK: Resident 10 years or more,7,3,3,0,4,4,0
S01007519,All people in households,433,335,239,96,98,24,74
S01007519,Born in the UK,416,324,232,92,92,22,70
S01007519,Born outside the UK: Total,17,11,7,4,6,2,4
S01007519,Born outside the UK: Resident less than 2 years,2,0,0,0,2,0,2
S01007519,Born outside the UK: Resident 2 years or more and less than 5 years,0,0,0,0,0,0,0
S01007519,Born outside the UK: Resident 5 years or more and less than 10 years,4,2,2,0,2,2,0
S01007519,Born outside the UK: Resident 10 years or more,11,9,5,4,2,0,2
S01007520,All people in households,978,651,356,295,327,138,189
S01007520,Born in the UK,926,623,336,287,303,138,165
S01007520,Born outside the UK: Total,52,28,20,8,24,0,24
S01007520,Born outside the UK: Resident less than 2 years,7,4,4,0,3,0,3
S01007520,Born outside the UK: Resident 2 years or more and less than 5 years,11,3,3,0,8,0,8
S01007520,Born outside the UK: Resident 5 years or more and less than 10 years,8,5,3,2,3,0,3
S01007520,Born outside the UK: Resident 10 years or more,26,16,10,6,10,0,10
S01007521,All people in households,443,222,178,44,221,19,202
S01007521,Born in the UK,422,211,170,41,211,18,193
S01007521,Born outside the UK: Total,21,11,8,3,10,1,9
S01007521,Born outside the UK: Resident less than 2 years,2,2,0,2,0,0,0
S01007521,Born outside the UK: Resident 2 years or more and less than 5 years,1,0,0,0,1,0,1
S01007521,Born outside the UK: Resident 5 years or more and less than 10 years,3,1,1,0,2,0,2
S01007521,Born outside the UK: Resident 10 years or more,15,8,7,1,7,1,6
S01007522,All people in households,940,656,372,284,284,186,98
S01007522,Born in the UK,888,620,352,268,268,182,86
S01007522,Born outside the UK: Total,52,36,20,16,16,4,12
S01007522,Born outside the UK: Resident less than 2 years,2,0,0,0,2,0,2
S01007522,Born outside the UK: Resident 2 years or more and less than 5 years,7,6,2,4,1,1,0
S01007522,Born outside the UK: Resident 5 years or more and less than 10 years,6,5,1,4,1,0,1
S01007522,Born outside the UK: Resident 10 years or more,37,25,17,8,12,3,9
S01007523,All people in households,540,358,212,146,182,37,145
S01007523,Born in the UK,513,343,198,145,170,36,134
S01007523,Born outside the UK: Total,27,15,14,1,12,1,11
S01007523,Born outside the UK: Resident less than 2 years,2,0,0,0,2,0,2
S01007523,Born outside the UK: Resident 2 years or more and less than 5 years,1,0,0,0,1,0,1
S01007523,Born outside the UK: Resident 5 years or more and less than 10 years,6,1,0,1,5,0,5
S01007523,Born outside the UK: Resident 10 years or more,18,14,14,0,4,1,3
S01007524,All people in households,897,604,380,224,293,69,224
S01007524,Born in the UK,876,590,369,221,286,66,220
S01007524,Born outside the UK: Total,21,14,11,3,7,3,4
S01007524,Born outside the UK: Resident less than 2 years,0,0,0,0,0,0,0
S01007524,Born outside the UK: Resident 2 years or more and less than 5 years,5,0,0,0,5,1,4
S01007524,Born outside the UK: Resident 5 years or more and less than 10 years,0,0,0,0,0,0,0
S01007524,Born outside the UK: Resident 10 years or more,16,14,11,3,2,2,0
S01007525,All people in households,504,355,176,179,149,74,75
S01007525,Born in the UK,487,344,170,174,143,71,72
S01007525,Born outside the UK: Total,17,11,6,5,6,3,3
S01007525,Born outside the UK: Resident less than 2 years,0,0,0,0,0,0,0
S01007525,Born outside the UK: Resident 2 years or more and less than 5 years,2,0,0,0,2,0,2
S01007525,Born outside the UK: Resident 5 years or more and less than 10 years,1,0,0,0,1,0,1
S01007525,Born outside the UK: Resident 10 years or more,14,11,6,5,3,3,0
S01007526,All people in households,734,391,237,154,343,208,135
S01007526,Born in the UK,676,368,220,148,308,197,111
S01007526,Born outside the UK: Total,58,23,17,6,35,11,24
S01007526,Born outside the UK: Resident less than 2 years,2,0,0,0,2,0,2
S01007526,Born outside the UK: Resident 2 years or more and less than 5 years,22,4,3,1,18,6,12
S01007526,Born outside the UK: Resident 5 years or more and less than 10 years,9,2,2,0,7,2,5
S01007526,Born outside the UK: Resident 10 years or more,25,17,12,5,8,3,5
S01007527,All people in households,787,594,292,302,193,105,88
S01007527,Born in the UK,764,573,281,292,191,105,86
S01007527,Born outside the UK: Total,23,21,11,10,2,0,2
S01007527,Born outside the UK: Resident less than 2 years,0,0,0,0,0,0,0
S01007527,Born outside the UK: Resident 2 years or more and less than 5 years,1,1,1,0,0,0,0
S01007527,Born outside the UK: Resident 5 years or more and less than 10 years,1,0,0,0,1,0,1
S01007527,Born outside the UK: Resident 10 years or more,21,20,10,10,1,0,1
S01007528,All people in households,735,382,165,217,353,201,152
S01007528,Born in the UK,695,371,163,208,324,198,126
S01007528,Born outside the UK: Total,40,11,2,9,29,3,26
S01007528,Born outside the UK: Resident less than 2 years,7,1,1,0,6,0,6
S01007528,Born outside the UK: Resident 2 years or more and less than 5 years,11,0,0,0,11,0,11
S01007528,Born outside the UK: Resident 5 years or more and less than 10 years,6,2,0,2,4,0,4
S01007528,Born outside the UK: Resident 10 years or more,16,8,1,7,8,3,5
S01007529,All people in households,663,536,339,197,127,62,65
S01007529,Born in the UK,634,518,328,190,116,61,55
S01007529,Born outside the UK: Total,29,18,11,7,11,1,10
S01007529,Born outside the UK: Resident less than 2 years,2,2,1,1,0,0,0
S01007529,Born outside the UK: Resident 2 years or more and less than 5 years,3,0,0,0,3,0,3
S01007529,Born outside the UK: Resident 5 years or more and less than 10 years,7,0,0,0,7,0,7
S01007529,Born outside the UK: Resident 10 years or more,17,16,10,6,1,1,0
S01007530,All people in households,524,338,208,130,186,7,179
S01007530,Born in the UK,495,326,200,126,169,7,162
S01007530,Born outside the UK: Total,29,12,8,4,17,0,17
S01007530,Born outside the UK: Resident less than 2 years,4,1,1,0,3,0,3
S01007530,Born outside the UK: Resident 2 years or more and less than 5 years,5,0,0,0,5,0,5
S01007530,Born outside the UK: Resident 5 years or more and less than 10 years,8,2,2,0,6,0,6
S01007530,Born outside the UK: Resident 10 years or more,12,9,5,4,3,0,3
S01007531,All people in households,690,385,266,119,305,83,222
S01007531,Born in the UK,658,371,259,112,287,82,205
S01007531,Born outside the UK: Total,32,14,7,7,18,1,17
S01007531,Born outside the UK: Resident less than 2 years,2,0,0,0,2,0,2
S01007531,Born outside the UK: Resident 2 years or more and less than 5 years,3,1,0,1,2,1,1
S01007531,Born outside the UK: Resident 5 years or more and less than 10 years,10,0,0,0,10,0,10
S01007531,Born outside the UK: Resident 10 years or more,17,13,7,6,4,0,4
S01007532,All people in households,597,362,192,170,235,79,156
S01007532,Born in the UK,572,350,184,166,222,76,146
S01007532,Born outside the UK: Total,25,12,8,4,13,3,10
S01007532,Born outside the UK: Resident less than 2 years,1,0,0,0,1,0,1
S01007532,Born outside the UK: Resident 2 years or more and less than 5 years,8,0,0,0,8,0,8
S01007532,Born outside the UK: Resident 5 years or more and less than 10 years,2,0,0,0,2,2,0
S01007532,Born outside the UK: Resident 10 years or more,14,12,8,4,2,1,1
S01007533,All people in households,533,346,200,146,187,20,167
S01007533,Born in the UK,512,336,194,142,176,17,159
S01007533,Born outside the UK: Total,21,10,6,4,11,3,8
S01007533,Born outside the UK: Resident less than 2 years,0,0,0,0,0,0,0
S01007533,Born outside the UK: Resident 2 years or more and less than 5 years,2,0,0,0,2,0,2
S01007533,Born outside the UK: Resident 5 years or more and less than 10 years,3,0,0,0,3,3,0
S01007533,Born outside the UK: Resident 10 years or more,16,10,6,4,6,0,6
S01007534,All people in households,939,578,289,289,361,262,99
S01007534,Born in the UK,919,567,282,285,352,255,97
S01007534,Born outside the UK: Total,20,11,7,4,9,7,2
S01007534,Born outside the UK: Resident less than 2 years,1,1,1,0,0,0,0
S01007534,Born outside the UK: Resident 2 years or more and less than 5 years,0,0,0,0,0,0,0
S01007534,Born outside the UK: Resident 5 years or more and less than 10 years,5,2,2,0,3,3,0
S01007534,Born outside the UK: Resident 10 years or more,14,8,4,4,6,4,2
S01007535,All people in households,1058,594,334,260,464,409,55
S01007535,Born in the UK,1030,586,328,258,444,390,54
S01007535,Born outside the UK: Total,28,8,6,2,20,19,1
S01007535,Born outside the UK: Resident less than 2 years,1,0,0,0,1,0,1
S01007535,Born outside the UK: Resident 2 years or more and less than 5 years,1,1,1,0,0,0,0
S01007535,Born outside the UK: Resident 5 years or more and less than 10 years,10,0,0,0,10,10,0
S01007535,Born outside the UK: Resident 10 years or more,16,7,5,2,9,9,0
S01007536,All people in households,934,578,299,279,356,146,210
S01007536,Born in the UK,914,568,291,277,346,144,202
S01007536,Born outside the UK: Total,20,10,8,2,10,2,8
S01007536,Born outside the UK: Resident less than 2 years,0,0,0,0,0,0,0
S01007536,Born outside the UK: Resident 2 years or more and less than 5 years,1,0,0,0,1,0,1
S01007536,Born outside the UK: Resident 5 years or more and less than 10 years,4,0,0,0,4,1,3
S01007536,Born outside the UK: Resident 10 years or more,15,10,8,2,5,1,4
S01007537,All people in households,1010,631,397,234,379,193,186
S01007537,Born in the UK,970,620,387,233,350,191,159
S01007537,Born outside the UK: Total,40,11,10,1,29,2,27
S01007537,Born outside the UK: Resident less than 2 years,10,0,0,0,10,0,10
S01007537,Born outside the UK: Resident 2 years or more and less than 5 years,13,0,0,0,13,0,13
S01007537,Born outside the UK: Resident 5 years or more and less than 10 years,3,3,2,1,0,0,0
S01007537,Born outside the UK: Resident 10 years or more,14,8,8,0,6,2,4
S01007538,All people in households,892,656,351,305,236,29,207
S01007538,Born in the UK,868,644,346,298,224,26,198
S01007538,Born outside the UK: Total,24,12,5,7,12,3,9
S01007538,Born outside the UK: Resident less than 2 years,1,0,0,0,1,0,1
S01007538,Born outside the UK: Resident 2 years or more and less than 5 years,3,1,0,1,2,0,2
S01007538,Born outside the UK: Resident 5 years or more and less than 10 years,3,0,0,0,3,0,3
S01007538,Born outside the UK: Resident 10 years or more,17,11,5,6,6,3,3
S01007539,All people in households,667,608,375,233,59,4,55
S01007539,Born in the UK,648,592,367,225,56,4,52
S01007539,Born outside the UK: Total,19,16,8,8,3,0,3
S01007539,Born outside the UK: Resident less than 2 years,2,1,1,0,1,0,1
S01007539,Born outside the UK: Resident 2 years or more and less than 5 years,5,3,0,3,2,0,2
S01007539,Born outside the UK: Resident 5 years or more and less than 10 years,0,0,0,0,0,0,0
S01007539,Born outside the UK: Resident 10 years or more,12,12,7,5,0,0,0
S01007540,All people in households,837,561,265,296,276,184,92
S01007540,Born in the UK,822,553,261,292,269,181,88
S01007540,Born outside the UK: Total,15,8,4,4,7,3,4
S01007540,Born outside the UK: Resident less than 2 years,1,1,1,0,0,0,0
S01007540,Born outside the UK: Resident 2 years or more and less than 5 years,2,1,0,1,1,1,0
S01007540,Born outside the UK: Resident 5 years or more and less than 10 years,4,1,0,1,3,0,3
S01007540,Born outside the UK: Resident 10 years or more,8,5,3,2,3,2,1
S01007541,All people in households,724,581,317,264,143,54,89
S01007541,Born in the UK,718,578,316,262,140,52,88
S01007541,Born outside the UK: Total,6,3,1,2,3,2,1
S01007541,Born outside the UK: Resident less than 2 years,0,0,0,0,0,0,0
S01007541,Born outside the UK: Resident 2 years or more and less than 5 years,0,0,0,0,0,0,0
S01007541,Born outside the UK: Resident 5 years or more and less than 10 years,1,1,0,1,0,0,0
S01007541,Born outside the UK: Resident 10 years or more,5,2,1,1,3,2,1
S01007542,All people in households,866,554,254,300,312,229,83
S01007542,Born in the UK,840,535,244,291,305,226,79
S01007542,Born outside the UK: Total,26,19,10,9,7,3,4
S01007542,Born outside the UK: Resident less than 2 years,3,3,2,1,0,0,0
S01007542,Born outside the UK: Resident 2 years or more and less than 5 years,3,1,0,1,2,0,2
S01007542,Born outside the UK: Resident 5 years or more and less than 10 years,3,0,0,0,3,1,2
S01007542,Born outside the UK: Resident 10 years or more,17,15,8,7,2,2,0
S01007543,All people in households,1078,635,264,371,443,296,147
S01007543,Born in the UK,1059,624,259,365,435,294,141
S01007543,Born outside the UK: Total,19,11,5,6,8,2,6
S01007543,Born outside the UK: Resident less than 2 years,0,0,0,0,0,0,0
S01007543,Born outside the UK: Resident 2 years or more and less than 5 years,2,2,1,1,0,0,0
S01007543,Born outside the UK: Resident 5 years or more and less than 10 years,4,2,0,2,2,0,2
S01007543,Born outside the UK: Resident 10 years or more,13,7,4,3,6,2,4
S01007544,All people in households,1047,858,604,254,189,13,176
S01007544,Born in the UK,998,822,579,243,176,11,165
S01007544,Born outside the UK: Total,49,36,25,11,13,2,11
S01007544,Born outside the UK: Resident less than 2 years,0,0,0,0,0,0,0
S01007544,Born outside the UK: Resident 2 years or more and less than 5 years,4,3,3,0,1,0,1
S01007544,Born outside the UK: Resident 5 years or more and less than 10 years,5,1,0,1,4,0,4
S01007544,Born outside the UK: Resident 10 years or more,40,32,22,10,8,2,6
S01007545,All people in households,808,576,369,207,232,51,181
S01007545,Born in the UK,788,558,356,202,230,50,180
S01007545,Born outside the UK: Total,20,18,13,5,2,1,1
S01007545,Born outside the UK: Resident less than 2 years,0,0,0,0,0,0,0
S01007545,Born outside the UK: Resident 2 years or more and less than 5 years,1,0,0,0,1,1,0
S01007545,Born outside the UK: Resident 5 years or more and less than 10 years,0,0,0,0,0,0,0
S01007545,Born outside the UK: Resident 10 years or more,19,18,13,5,1,0,1
S01007546,All people in households,565,463,192,271,102,21,81
S01007546,Born in the UK,554,453,189,264,101,21,80
S01007546,Born outside the UK: Total,11,10,3,7,1,0,1
S01007546,Born outside the UK: Resident less than 2 years,0,0,0,0,0,0,0
S01007546,Born outside the UK: Resident 2 years or more and less than 5 years,3,3,1,2,0,0,0
S01007546,Born outside the UK: Resident 5 years or more and less than 10 years,0,0,0,0,0,0,0
S01007546,Born outside the UK: Resident 10 years or more,8,7,2,5,1,0,1
S01007547,All people in households,549,383,195,188,166,29,137
S01007547,Born in the UK,514,357,186,171,157,29,128
S01007547,Born outside the UK: Total,35,26,9,17,9,0,9
S01007547,Born outside the UK: Resident less than 2 years,3,0,0,0,3,0,3
S01007547,Born outside the UK: Resident 2 years or more and less than 5 years,2,2,0,2,0,0,0
S01007547,Born outside the UK: Resident 5 years or more and less than 10 years,4,4,0,4,0,0,0
S01007547,Born outside the UK: Resident 10 years or more,26,20,9,11,6,0,6
S01007548,All people in households,703,467,222,245,236,108,128
S01007548,Born in the UK,670,446,211,235,224,104,120
S01007548,Born outside the UK: Total,33,21,11,10,12,4,8
S01007548,Born outside the UK: Resident less than 2 years,4,0,0,0,4,3,1
S01007548,Born outside the UK: Resident 2 years or more and less than 5 years,3,1,0,1,2,0,2
S01007548,Born outside the UK: Resident 5 years or more and less than 10 years,1,1,1,0,0,0,0
S01007548,Born outside the UK: Resident 10 years or more,25,19,10,9,6,1,5
S01007549,All people in households,620,399,258,141,221,115,106
S01007549,Born in the UK,597,384,249,135,213,114,99
S01007549,Born outside the UK: Total,23,15,9,6,8,1,7
S01007549,Born outside the UK: Resident less than 2 years,4,0,0,0,4,0,4
S01007549,Born outside the UK: Resident 2 years or more and less than 5 years,0,0,0,0,0,0,0
S01007549,Born outside the UK: Resident 5 years or more and less than 10 years,3,2,2,0,1,0,1
S01007549,Born outside the UK: Resident 10 years or more,16,13,7,6,3,1,2
S01007550,All people in households,915,595,377,218,320,131,189
S01007550,Born in the UK,882,575,361,214,307,129,178
S01007550,Born outside the UK: Total,33,20,16,4,13,2,11
S01007550,Born outside the UK: Resident less than 2 years,3,3,3,0,0,0,0
S01007550,Born outside the UK: Resident 2 years or more and less than 5 years,2,1,1,0,1,0,1
S01007550,Born outside the UK: Resident 5 years or more and less than 10 years,7,2,2,0,5,1,4
S01007550,Born outside the UK: Resident 10 years or more,21,14,10,4,7,1,6
S01007551,All people in households,856,631,413,218,225,30,195
S01007551,Born in the UK,813,603,390,213,210,28,182
S01007551,Born outside the UK: Total,43,28,23,5,15,2,13
S01007551,Born outside the UK: Resident less than 2 years,1,0,0,0,1,0,1
S01007551,Born outside the UK: Resident 2 years or more and less than 5 years,4,1,1,0,3,0,3
S01007551,Born outside the UK: Resident 5 years or more and less than 10 years,5,2,2,0,3,0,3
S01007551,Born outside the UK: Resident 10 years or more,33,25,20,5,8,2,6
S01007552,All people in households,913,465,214,251,448,352,96
S01007552,Born in the UK,896,457,208,249,439,345,94
S01007552,Born outside the UK: Total,17,8,6,2,9,7,2
S01007552,Born outside the UK: Resident less than 2 years,1,0,0,0,1,1,0
S01007552,Born outside the UK: Resident 2 years or more and less than 5 years,1,0,0,0,1,1,0
S01007552,Born outside the UK: Resident 5 years or more and less than 10 years,1,1,1,0,0,0,0
S01007552,Born outside the UK: Resident 10 years or more,14,7,5,2,7,5,2
S01007553,All people in households,885,404,177,227,481,445,36
S01007553,Born in the UK,877,402,177,225,475,441,34
S01007553,Born outside the UK: Total,8,2,0,2,6,4,2
S01007553,Born outside the UK: Resident less than 2 years,0,0,0,0,0,0,0
S01007553,Born outside the UK: Resident 2 years or more and less than 5 years,1,0,0,0,1,0,1
S01007553,Born outside the UK: Resident 5 years or more and less than 10 years,0,0,0,0,0,0,0
S01007553,Born outside the UK: Resident 10 years or more,7,2,0,2,5,4,1
S01007554,All people in households,435,168,103,65,267,251,16
S01007554,Born in the UK,431,165,103,62,266,250,16
S01007554,Born outside the UK: Total,4,3,0,3,1,1,0
S01007554,Born outside the UK: Resident less than 2 years,0,0,0,0,0,0,0
S01007554,Born outside the UK: Resident 2 years or more and less than 5 years,2,2,0,2,0,0,0
S01007554,Born outside the UK: Resident 5 years or more and less than 10 years,0,0,0,0,0,0,0
S01007554,Born outside the UK: Resident 10 years or more,2,1,0,1,1,1,0
S01007555,All people in households,509,396,201,195,113,53,60
S01007555,Born in the UK,495,384,194,190,111,52,59
S01007555,Born outside the UK: Total,14,12,7,5,2,1,1
S01007555,Born outside the UK: Resident less than 2 years,0,0,0,0,0,0,0
S01007555,Born outside the UK: Resident 2 years or more and less than 5 years,1,1,0,1,0,0,0
S01007555,Born outside the UK: Resident 5 years or more and less than 10 years,2,1,0,1,1,0,1
S01007555,Born outside the UK: Resident 10 years or more,11,10,7,3,1,1,0
S01007556,All people in households,456,261,122,139,195,161,34
S01007556,Born in the UK,445,259,121,138,186,157,29
S01007556,Born outside the UK: Total,11,2,1,1,9,4,5
S01007556,Born outside the UK: Resident less than 2 years,2,1,0,1,1,0,1
S01007556,Born outside the UK: Resident 2 years or more and less than 5 years,0,0,0,0,0,0,0
S01007556,Born outside the UK: Resident 5 years or more and less than 10 years,1,0,0,0,1,0,1
S01007556,Born outside the UK: Resident 10 years or more,8,1,1,0,7,4,3
S01007557,All people in households,1131,606,218,388,525,436,89
S01007557,Born in the UK,1118,599,213,386,519,430,89
S01007557,Born outside the UK: Total,13,7,5,2,6,6,0
S01007557,Born outside the UK: Resident less than 2 years,0,0,0,0,0,0,0
S01007557,Born outside the UK: Resident 2 years or more and less than 5 years,3,0,0,0,3,3,0
S01007557,Born outside the UK: Resident 5 years or more and less than 10 years,1,0,0,0,1,1,0
S01007557,Born outside the UK: Resident 10 years or more,9,7,5,2,2,2,0
S01007558,All people in households,427,324,175,149,103,25,78
S01007558,Born in the UK,416,316,170,146,100,25,75
S01007558,Born outside the UK: Total,11,8,5,3,3,0,3
S01007558,Born outside the UK: Resident less than 2 years,0,0,0,0,0,0,0
S01007558,Born outside the UK: Resident 2 years or more and less than 5 years,3,0,0,0,3,0,3
S01007558,Born outside the UK: Resident 5 years or more and less than 10 years,0,0,0,0,0,0,0
S01007558,Born outside the UK: Resident 10 years or more,8,8,5,3,0,0,0
S01007559,All people in households,734,393,183,210,341,28,313
S01007559,Born in the UK,710,382,177,205,328,27,301
S01007559,Born outside the UK: Total,24,11,6,5,13,1,12
S01007559,Born outside the UK: Resident less than 2 years,3,1,0,1,2,0,2
S01007559,Born outside the UK: Resident 2 years or more and less than 5 years,0,0,0,0,0,0,0
S01007559,Born outside the UK: Resident 5 years or more and less than 10 years,3,2,1,1,1,0,1
S01007559,Born outside the UK: Resident 10 years or more,18,8,5,3,10,1,9
S01007560,All people in households,940,622,335,287,318,165,153
S01007560,Born in the UK,910,612,327,285,298,159,139
S01007560,Born outside the UK: Total,30,10,8,2,20,6,14
S01007560,Born outside the UK: Resident less than 2 years,0,0,0,0,0,0,0
S01007560,Born outside the UK: Resident 2 years or more and less than 5 years,6,1,1,0,5,0,5
S01007560,Born outside the UK: Resident 5 years or more and less than 10 years,6,1,1,0,5,4,1
S01007560,Born outside the UK: Resident 10 years or more,18,8,6,2,10,2,8
S01007561,All people in households,687,437,259,178,250,147,103
S01007561,Born in the UK,666,426,251,175,240,144,96
S01007561,Born outside the UK: Total,21,11,8,3,10,3,7
S01007561,Born outside the UK: Resident less than 2 years,0,0,0,0,0,0,0
S01007561,Born outside the UK: Resident 2 years or more and less than 5 years,3,1,1,0,2,0,2
S01007561,Born outside the UK: Resident 5 years or more and less than 10 years,1,1,0,1,0,0,0
S01007561,Born outside the UK: Resident 10 years or more,17,9,7,2,8,3,5
S01007562,All people in households,851,491,237,254,360,116,244
S01007562,Born in the UK,829,474,224,250,355,116,239
S01007562,Born outside the UK: Total,22,17,13,4,5,0,5
S01007562,Born outside the UK: Resident less than 2 years,0,0,0,0,0,0,0
S01007562,Born outside the UK: Resident 2 years or more and less than 5 years,1,0,0,0,1,0,1
S01007562,Born outside the UK: Resident 5 years or more and less than 10 years,4,3,2,1,1,0,1
S01007562,Born outside the UK: Resident 10 years or more,17,14,11,3,3,0,3
S01007563,All people in households,889,553,302,251,336,85,251
S01007563,Born in the UK,848,531,289,242,317,84,233
S01007563,Born outside the UK: Total,41,22,13,9,19,1,18
S01007563,Born outside the UK: Resident less than 2 years,7,3,3,0,4,0,4
S01007563,Born outside the UK: Resident 2 years or more and less than 5 years,0,0,0,0,0,0,0
S01007563,Born outside the UK: Resident 5 years or more and less than 10 years,4,1,1,0,3,1,2
S01007563,Born outside the UK: Resident 10 years or more,30,18,9,9,12,0,12
S01007564,All people in households,772,514,289,225,258,70,188
S01007564,Born in the UK,752,503,282,221,249,69,180
S01007564,Born outside the UK: Total,20,11,7,4,9,1,8
S01007564,Born outside the UK: Resident less than 2 years,1,0,0,0,1,0,1
S01007564,Born outside the UK: Resident 2 years or more and less than 5 years,1,1,1,0,0,0,0
S01007564,Born outside the UK: Resident 5 years or more and less than 10 years,3,2,1,1,1,0,1
S01007564,Born outside the UK: Resident 10 years or more,15,8,5,3,7,1,6
S01007565,All people in households,943,647,326,321,296,106,190
S01007565,Born in the UK,920,632,324,308,288,104,184
S01007565,Born outside the UK: Total,23,15,2,13,8,2,6
S01007565,Born outside the UK: Resident less than 2 years,0,0,0,0,0,0,0
S01007565,Born outside the UK: Resident 2 years or more and less than 5 years,1,1,0,1,0,0,0
S01007565,Born outside the UK: Resident 5 years or more and less than 10 years,2,1,0,1,1,0,1
S01007565,Born outside the UK: Resident 10 years or more,20,13,2,11,7,2,5
S01007566,All people in households,719,518,262,256,201,73,128
S01007566,Born in the UK,696,506,256,250,190,72,118
S01007566,Born outside the UK: Total,23,12,6,6,11,1,10
S01007566,Born outside the UK: Resident less than 2 years,0,0,0,0,0,0,0
S01007566,Born outside the UK: Resident 2 years or more and less than 5 years,3,0,0,0,3,0,3
S01007566,Born outside the UK: Resident 5 years or more and less than 10 years,6,3,0,3,3,0,3
S01007566,Born outside the UK: Resident 10 years or more,14,9,6,3,5,1,4
S01007567,All people in households,588,444,239,205,144,21,123
S01007567,Born in the UK,579,440,236,204,139,21,118
S01007567,Born outside the UK: Total,9,4,3,1,5,0,5
S01007567,Born outside the UK: Resident less than 2 years,0,0,0,0,0,0,0
S01007567,Born outside the UK: Resident 2 years or more and less than 5 years,2,0,0,0,2,0,2
S01007567,Born outside the UK: Resident 5 years or more and less than 10 years,4,1,1,0,3,0,3
S01007567,Born outside the UK: Resident 10 years or more,3,3,2,1,0,0,0
S01007568,All people in households,657,456,212,244,201,32,169
S01007568,Born in the UK,623,435,202,233,188,28,160
S01007568,Born outside the UK: Total,34,21,10,11,13,4,9
S01007568,Born outside the UK: Resident less than 2 years,1,1,1,0,0,0,0
S01007568,Born outside the UK: Resident 2 years or more and less than 5 years,4,0,0,0,4,0,4
S01007568,Born outside the UK: Resident 5 years or more and less than 10 years,6,2,0,2,4,2,2
S01007568,Born outside the UK: Resident 10 years or more,23,18,9,9,5,2,3
S01007569,All people in households,781,445,269,176,336,85,251
S01007569,Born in the UK,748,428,264,164,320,83,237
S01007569,Born outside the UK: Total,33,17,5,12,16,2,14
S01007569,Born outside the UK: Resident less than 2 years,1,0,0,0,1,0,1
S01007569,Born outside the UK: Resident 2 years or more and less than 5 years,7,5,1,4,2,0,2
S01007569,Born outside the UK: Resident 5 years or more and less than 10 years,10,3,2,1,7,2,5
S01007569,Born outside the UK: Resident 10 years or more,15,9,2,7,6,0,6
S01007570,All people in households,680,495,254,241,185,118,67
S01007570,Born in the UK,661,482,250,232,179,112,67
S01007570,Born outside the UK: Total,19,13,4,9,6,6,0
S01007570,Born outside the UK: Resident less than 2 years,1,0,0,0,1,1,0
S01007570,Born outside the UK: Resident 2 years or more and less than 5 years,1,0,0,0,1,1,0
S01007570,Born outside the UK: Resident 5 years or more and less than 10 years,1,0,0,0,1,1,0
S01007570,Born outside the UK: Resident 10 years or more,16,13,4,9,3,3,0
S01007571,All people in households,539,366,184,182,173,14,159
S01007571,Born in the UK,521,350,174,176,171,14,157
S01007571,Born outside the UK: Total,18,16,10,6,2,0,2
S01007571,Born outside the UK: Resident less than 2 years,1,1,0,1,0,0,0
S01007571,Born outside the UK: Resident 2 years or more and less than 5 years,0,0,0,0,0,0,0
S01007571,Born outside the UK: Resident 5 years or more and less than 10 years,2,2,0,2,0,0,0
S01007571,Born outside the UK: Resident 10 years or more,15,13,10,3,2,0,2
S01007572,All people in households,882,599,283,316,283,210,73
S01007572,Born in the UK,857,587,277,310,270,205,65
S01007572,Born outside the UK: Total,25,12,6,6,13,5,8
S01007572,Born outside the UK: Resident less than 2 years,5,0,0,0,5,2,3
S01007572,Born outside the UK: Resident 2 years or more and less than 5 years,2,0,0,0,2,2,0
S01007572,Born outside the UK: Resident 5 years or more and less than 10 years,5,0,0,0,5,0,5
S01007572,Born outside the UK: Resident 10 years or more,13,12,6,6,1,1,0
S01007573,All people in households,895,737,133,604,158,22,136
S01007573,Born in the UK,851,711,124,587,140,21,119
S01007573,Born outside the UK: Total,44,26,9,17,18,1,17
S01007573,Born outside the UK: Resident less than 2 years,3,2,0,2,1,0,1
S01007573,Born outside the UK: Resident 2 years or more and less than 5 years,14,4,0,4,10,0,10
S01007573,Born outside the UK: Resident 5 years or more and less than 10 years,10,6,1,5,4,0,4
S01007573,Born outside the UK: Resident 10 years or more,17,14,8,6,3,1,2
S01007574,All people in households,1023,603,217,386,420,350,70
S01007574,Born in the UK,1007,593,213,380,414,345,69
S01007574,Born outside the UK: Total,16,10,4,6,6,5,1
S01007574,Born outside the UK: Resident less than 2 years,1,1,0,1,0,0,0
S01007574,Born outside the UK: Resident 2 years or more and less than 5 years,1,1,0,1,0,0,0
S01007574,Born outside the UK: Resident 5 years or more and less than 10 years,1,1,0,1,0,0,0
S01007574,Born outside the UK: Resident 10 years or more,13,7,4,3,6,5,1
S01007575,All people in households,854,419,186,233,435,381,54
S01007575,Born in the UK,829,405,182,223,424,375,49
S01007575,Born outside the UK: Total,25,14,4,10,11,6,5
S01007575,Born outside the UK: Resident less than 2 years,2,1,0,1,1,1,0
S01007575,Born outside the UK: Resident 2 years or more and less than 5 years,5,2,0,2,3,1,2
S01007575,Born outside the UK: Resident 5 years or more and less than 10 years,5,2,0,2,3,2,1
S01007575,Born outside the UK: Resident 10 years or more,13,9,4,5,4,2,2
S01007576,All people in households,718,190,76,114,528,499,29
S01007576,Born in the UK,693,185,76,109,508,485,23
S01007576,Born outside the UK: Total,25,5,0,5,20,14,6
S01007576,Born outside the UK: Resident less than 2 years,0,0,0,0,0,0,0
S01007576,Born outside the UK: Resident 2 years or more and less than 5 years,1,0,0,0,1,1,0
S01007576,Born outside the UK: Resident 5 years or more and less than 10 years,7,1,0,1,6,1,5
S01007576,Born outside the UK: Resident 10 years or more,17,4,0,4,13,12,1
S01007577,All people in households,688,233,95,138,455,432,23
S01007577,Born in the UK,673,227,89,138,446,425,21
S01007577,Born outside the UK: Total,15,6,6,0,9,7,2
S01007577,Born outside the UK: Resident less than 2 years,1,0,0,0,1,0,1
S01007577,Born outside the UK: Resident 2 years or more and less than 5 years,2,0,0,0,2,1,1
S01007577,Born outside the UK: Resident 5 years or more and less than 10 years,1,0,0,0,1,1,0
S01007577,Born outside the UK: Resident 10 years or more,11,6,6,0,5,5,0
S01007578,All people in households,692,240,96,144,452,383,69
S01007578,Born in the UK,661,232,95,137,429,372,57
S01007578,Born outside the UK: Total,31,8,1,7,23,11,12
S01007578,Born outside the UK: Resident less than 2 years,8,0,0,0,8,0,8
S01007578,Born outside the UK: Resident 2 years or more and less than 5 years,6,2,0,2,4,2,2
S01007578,Born outside the UK: Resident 5 years or more and less than 10 years,4,1,0,1,3,1,2
S01007578,Born outside the UK: Resident 10 years or more,13,5,1,4,8,8,0
S01007579,All people in households,663,222,56,166,441,389,52
S01007579,Born in the UK,642,215,51,164,427,380,47
S01007579,Born outside the UK: Total,21,7,5,2,14,9,5
S01007579,Born outside the UK: Resident less than 2 years,0,0,0,0,0,0,0
S01007579,Born outside the UK: Resident 2 years or more and less than 5 years,2,0,0,0,2,0,2
S01007579,Born outside the UK: Resident 5 years or more and less than 10 years,3,0,0,0,3,2,1
S01007579,Born outside the UK: Resident 10 years or more,16,7,5,2,9,7,2
S01007580,All people in households,809,347,98,249,462,396,66
S01007580,Born in the UK,767,332,94,238,435,376,59
S01007580,Born outside the UK: Total,42,15,4,11,27,20,7
S01007580,Born outside the UK: Resident less than 2 years,2,2,0,2,0,0,0
S01007580,Born outside the UK: Resident 2 years or more and less than 5 years,3,1,0,1,2,1,1
S01007580,Born outside the UK: Resident 5 years or more and less than 10 years,20,3,0,3,17,13,4
S01007580,Born outside the UK: Resident 10 years or more,17,9,4,5,8,6,2
S01007581,All people in households,509,270,111,159,239,180,59
S01007581,Born in the UK,500,266,109,157,234,175,59
S01007581,Born outside the UK: Total,9,4,2,2,5,5,0
S01007581,Born outside the UK: Resident less than 2 years,0,0,0,0,0,0,0
S01007581,Born outside the UK: Resident 2 years or more and less than 5 years,3,0,0,0,3,3,0
S01007581,Born outside the UK: Resident 5 years or more and less than 10 years,0,0,0,0,0,0,0
S01007581,Born outside the UK: Resident 10 years or more,6,4,2,2,2,2,0
S01007582,All people in households,660,328,100,228,332,286,46
S01007582,Born in the UK,642,320,99,221,322,281,41
S01007582,Born outside the UK: Total,18,8,1,7,10,5,5
S01007582,Born outside the UK: Resident less than 2 years,1,1,0,1,0,0,0
S01007582,Born outside the UK: Resident 2 years or more and less than 5 years,3,0,0,0,3,0,3
S01007582,Born outside the UK: Resident 5 years or more and less than 10 years,1,1,0,1,0,0,0
S01007582,Born outside the UK: Resident 10 years or more,13,6,1,5,7,5,2
S01007583,All people in households,1048,289,96,193,759,678,81
S01007583,Born in the UK,1014,276,93,183,738,662,76
S01007583,Born outside the UK: Total,34,13,3,10,21,16,5
S01007583,Born outside the UK: Resident less than 2 years,2,1,0,1,1,1,0
S01007583,Born outside the UK: Resident 2 years or more and less than 5 years,10,2,0,2,8,3,5
S01007583,Born outside the UK: Resident 5 years or more and less than 10 years,7,3,1,2,4,4,0
S01007583,Born outside the UK: Resident 10 years or more,15,7,2,5,8,8,0
S01007584,All people in households,624,324,117,207,300,240,60
S01007584,Born in the UK,579,316,117,199,263,221,42
S01007584,Born outside the UK: Total,45,8,0,8,37,19,18
S01007584,Born outside the UK: Resident less than 2 years,9,0,0,0,9,1,8
S01007584,Born outside the UK: Resident 2 years or more and less than 5 years,18,0,0,0,18,10,8
S01007584,Born outside the UK: Resident 5 years or more and less than 10 years,9,5,0,5,4,2,2
S01007584,Born outside the UK: Resident 10 years or more,9,3,0,3,6,6,0
S01007585,All people in households,906,762,403,359,144,77,67
S01007585,Born in the UK,870,736,386,350,134,77,57
S01007585,Born outside the UK: Total,36,26,17,9,10,0,10
S01007585,Born outside the UK: Resident less than 2 years,5,0,0,0,5,0,5
S01007585,Born outside the UK: Resident 2 years or more and less than 5 years,2,1,0,1,1,0,1
S01007585,Born outside the UK: Resident 5 years or more and less than 10 years,5,5,2,3,0,0,0
S01007585,Born outside the UK: Resident 10 years or more,24,20,15,5,4,0,4
S01007586,All people in households,858,465,186,279,393,310,83
S01007586,Born in the UK,828,449,180,269,379,305,74
S01007586,Born outside the UK: Total,30,16,6,10,14,5,9
S01007586,Born outside the UK: Resident less than 2 years,1,0,0,0,1,1,0
S01007586,Born outside the UK: Resident 2 years or more and less than 5 years,9,3,0,3,6,0,6
S01007586,Born outside the UK: Resident 5 years or more and less than 10 years,4,4,0,4,0,0,0
S01007586,Born outside the UK: Resident 10 years or more,16,9,6,3,7,4,3
S01007587,All people in households,623,486,224,262,137,47,90
S01007587,Born in the UK,598,470,213,257,128,47,81
S01007587,Born outside the UK: Total,25,16,11,5,9,0,9
S01007587,Born outside the UK: Resident less than 2 years,5,0,0,0,5,0,5
S01007587,Born outside the UK: Resident 2 years or more and less than 5 years,3,1,0,1,2,0,2
S01007587,Born outside the UK: Resident 5 years or more and less than 10 years,3,1,1,0,2,0,2
S01007587,Born outside the UK: Resident 10 years or more,14,14,10,4,0,0,0
S01007588,All people in households,844,724,339,385,120,50,70
S01007588,Born in the UK,807,696,327,369,111,49,62
S01007588,Born outside the UK: Total,37,28,12,16,9,1,8
S01007588,Born outside the UK: Resident less than 2 years,2,2,2,0,0,0,0
S01007588,Born outside the UK: Resident 2 years or more and less than 5 years,7,5,3,2,2,0,2
S01007588,Born outside the UK: Resident 5 years or more and less than 10 years,5,3,1,2,2,0,2
S01007588,Born outside the UK: Resident 10 years or more,23,18,6,12,5,1,4
S01007589,All people in households,751,509,251,258,242,30,212
S01007589,Born in the UK,689,485,237,248,204,30,174
S01007589,Born outside the UK: Total,62,24,14,10,38,0,38
S01007589,Born outside the UK: Resident less than 2 years,9,0,0,0,9,0,9
S01007589,Born outside the UK: Resident 2 years or more and less than 5 years,23,1,0,1,22,0,22
S01007589,Born outside the UK: Resident 5 years or more and less than 10 years,7,1,0,1,6,0,6
S01007589,Born outside the UK: Resident 10 years or more,23,22,14,8,1,0,1
S01007590,All people in households,661,615,297,318,46,3,43
S01007590,Born in the UK,631,594,286,308,37,3,34
S01007590,Born outside the UK: Total,30,21,11,10,9,0,9
S01007590,Born outside the UK: Resident less than 2 years,3,0,0,0,3,0,3
S01007590,Born outside the UK: Resident 2 years or more and less than 5 years,7,3,1,2,4,0,4
S01007590,Born outside the UK: Resident 5 years or more and less than 10 years,3,1,0,1,2,0,2
S01007590,Born outside the UK: Resident 10 years or more,17,17,10,7,0,0,0
S01007591,All people in households,574,402,145,257,172,76,96
S01007591,Born in the UK,531,385,142,243,146,74,72
S01007591,Born outside the UK: Total,43,17,3,14,26,2,24
S01007591,Born outside the UK: Resident less than 2 years,7,0,0,0,7,0,7
S01007591,Born outside the UK: Resident 2 years or more and less than 5 years,18,6,0,6,12,0,12
S01007591,Born outside the UK: Resident 5 years or more and less than 10 years,10,5,1,4,5,0,5
S01007591,Born outside the UK: Resident 10 years or more,8,6,2,4,2,2,0
S01007592,All people in households,694,278,110,168,416,276,140
S01007592,Born in the UK,654,262,104,158,392,268,124
S01007592,Born outside the UK: Total,40,16,6,10,24,8,16
S01007592,Born outside the UK: Resident less than 2 years,8,2,2,0,6,0,6
S01007592,Born outside the UK: Resident 2 years or more and less than 5 years,7,0,0,0,7,0,7
S01007592,Born outside the UK: Resident 5 years or more and less than 10 years,10,6,1,5,4,1,3
S01007592,Born outside the UK: Resident 10 years or more,15,8,3,5,7,7,0
S01007593,All people in households,1047,814,354,460,233,132,101
S01007593,Born in the UK,974,768,344,424,206,123,83
S01007593,Born outside the UK: Total,73,46,10,36,27,9,18
S01007593,Born outside the UK: Resident less than 2 years,14,1,0,1,13,3,10
S01007593,Born outside the UK: Resident 2 years or more and less than 5 years,14,10,0,10,4,1,3
S01007593,Born outside the UK: Resident 5 years or more and less than 10 years,14,10,0,10,4,0,4
S01007593,Born outside the UK: Resident 10 years or more,31,25,10,15,6,5,1
S01007594,All people in households,799,658,255,403,141,71,70
S01007594,Born in the UK,772,638,248,390,134,70,64
S01007594,Born outside the UK: Total,27,20,7,13,7,1,6
S01007594,Born outside the UK: Resident less than 2 years,0,0,0,0,0,0,0
S01007594,Born outside the UK: Resident 2 years or more and less than 5 years,3,2,0,2,1,0,1
S01007594,Born outside the UK: Resident 5 years or more and less than 10 years,5,1,0,1,4,0,4
S01007594,Born outside the UK: Resident 10 years or more,19,17,7,10,2,1,1
S01007595,All people in households,977,630,341,289,347,99,248
S01007595,Born in the UK,939,605,327,278,334,96,238
S01007595,Born outside the UK: Total,38,25,14,11,13,3,10
S01007595,Born outside the UK: Resident less than 2 years,0,0,0,0,0,0,0
S01007595,Born outside the UK: Resident 2 years or more and less than 5 years,2,0,0,0,2,0,2
S01007595,Born outside the UK: Resident 5 years or more and less than 10 years,5,0,0,0,5,1,4
S01007595,Born outside the UK: Resident 10 years or more,31,25,14,11,6,2,4
S01007596,All people in households,550,391,241,150,159,7,152
S01007596,Born in the UK,521,373,229,144,148,7,141
S01007596,Born outside the UK: Total,29,18,12,6,11,0,11
S01007596,Born outside the UK: Resident less than 2 years,2,0,0,0,2,0,2
S01007596,Born outside the UK: Resident 2 years or more and less than 5 years,2,2,0,2,0,0,0
S01007596,Born outside the UK: Resident 5 years or more and less than 10 years,9,3,2,1,6,0,6
S01007596,Born outside the UK: Resident 10 years or more,16,13,10,3,3,0,3
S01007597,All people in households,646,461,222,239,185,26,159
S01007597,Born in the UK,626,450,217,233,176,26,150
S01007597,Born outside the UK: Total,20,11,5,6,9,0,9
S01007597,Born outside the UK: Resident less than 2 years,0,0,0,0,0,0,0
S01007597,Born outside the UK: Resident 2 years or more and less than 5 years,5,0,0,0,5,0,5
S01007597,Born outside the UK: Resident 5 years or more and less than 10 years,2,1,0,1,1,0,1
S01007597,Born outside the UK: Resident 10 years or more,13,10,5,5,3,0,3
S01007598,All people in households,627,462,236,226,165,25,140
S01007598,Born in the UK,607,454,231,223,153,24,129
S01007598,Born outside the UK: Total,20,8,5,3,12,1,11
S01007598,Born outside the UK: Resident less than 2 years,11,0,0,0,11,0,11
S01007598,Born outside the UK: Resident 2 years or more and less than 5 years,0,0,0,0,0,0,0
S01007598,Born outside the UK: Resident 5 years or more and less than 10 years,0,0,0,0,0,0,0
S01007598,Born outside the UK: Resident 10 years or more,9,8,5,3,1,1,0
S01007599,All people in households,808,517,187,330,291,154,137
S01007599,Born in the UK,763,490,181,309,273,153,120
S01007599,Born outside the UK: Total,45,27,6,21,18,1,17
S01007599,Born outside the UK: Resident less than 2 years,5,0,0,0,5,0,5
S01007599,Born outside the UK: Resident 2 years or more and less than 5 years,14,7,1,6,7,0,7
S01007599,Born outside the UK: Resident 5 years or more and less than 10 years,11,7,2,5,4,0,4
S01007599,Born outside the UK: Resident 10 years or more,15,13,3,10,2,1,1
S01007600,All people in households,1037,772,338,434,265,108,157
S01007600,Born in the UK,962,731,317,414,231,104,127
S01007600,Born outside the UK: Total,75,41,21,20,34,4,30
S01007600,Born outside the UK: Resident less than 2 years,9,1,0,1,8,1,7
S01007600,Born outside the UK: Resident 2 years or more and less than 5 years,16,4,1,3,12,0,12
S01007600,Born outside the UK: Resident 5 years or more and less than 10 years,17,8,0,8,9,0,9
S01007600,Born outside the UK: Resident 10 years or more,33,28,20,8,5,3,2
S01007601,All people in households,631,500,158,342,131,36,95
S01007601,Born in the UK,611,483,151,332,128,36,92
S01007601,Born outside the UK: Total,20,17,7,10,3,0,3
S01007601,Born outside the UK: Resident less than 2 years,0,0,0,0,0,0,0
S01007601,Born outside the UK: Resident 2 years or more and less than 5 years,6,6,3,3,0,0,0
S01007601,Born outside the UK: Resident 5 years or more and less than 10 years,5,3,1,2,2,0,2
S01007601,Born outside the UK: Resident 10 years or more,9,8,3,5,1,0,1
S01007602,All people in households,650,572,212,360,78,10,68
S01007602,Born in the UK,628,561,210,351,67,9,58
S01007602,Born outside the UK: Total,22,11,2,9,11,1,10
S01007602,Born outside the UK: Resident less than 2 years,6,0,0,0,6,0,6
S01007602,Born outside the UK: Resident 2 years or more and less than 5 years,1,0,0,0,1,0,1
S01007602,Born outside the UK: Resident 5 years or more and less than 10 years,1,1,1,0,0,0,0
S01007602,Born outside the UK: Resident 10 years or more,14,10,1,9,4,1,3
S01007603,All people in households,778,705,251,454,73,15,58
S01007603,Born in the UK,758,689,244,445,69,15,54
S01007603,Born outside the UK: Total,20,16,7,9,4,0,4
S01007603,Born outside the UK: Resident less than 2 years,0,0,0,0,0,0,0
S01007603,Born outside the UK: Resident 2 years or more and less than 5 years,2,1,0,1,1,0,1
S01007603,Born outside the UK: Resident 5 years or more and less than 10 years,3,1,0,1,2,0,2
S01007603,Born outside the UK: Resident 10 years or more,15,14,7,7,1,0,1
S01007604,All people in households,891,837,424,413,54,21,33
S01007604,Born in the UK,866,820,416,404,46,19,27
S01007604,Born outside the UK: Total,25,17,8,9,8,2,6
S01007604,Born outside the UK: Resident less than 2 years,2,0,0,0,2,0,2
S01007604,Born outside the UK: Resident 2 years or more and less than 5 years,1,0,0,0,1,0,1
S01007604,Born outside the UK: Resident 5 years or more and less than 10 years,6,3,0,3,3,0,3
S01007604,Born outside the UK: Resident 10 years or more,16,14,8,6,2,2,0
S01007605,All people in households,828,746,361,385,82,2,80
S01007605,Born in the UK,808,732,354,378,76,2,74
S01007605,Born outside the UK: Total,20,14,7,7,6,0,6
S01007605,Born outside the UK: Resident less than 2 years,1,1,1,0,0,0,0
S01007605,Born outside the UK: Resident 2 years or more and less than 5 years,2,2,0,2,0,0,0
S01007605,Born outside the UK: Resident 5 years or more and less than 10 years,5,1,0,1,4,0,4
S01007605,Born outside the UK: Resident 10 years or more,12,10,6,4,2,0,2
S01007606,All people in households,614,506,215,291,108,6,102
S01007606,Born in the UK,580,484,204,280,96,6,90
S01007606,Born outside the UK: Total,34,22,11,11,12,0,12
S01007606,Born outside the UK: Resident less than 2 years,2,2,1,1,0,0,0
S01007606,Born outside the UK: Resident 2 years or more and less than 5 years,6,0,0,0,6,0,6
S01007606,Born outside the UK: Resident 5 years or more and less than 10 years,4,1,0,1,3,0,3
S01007606,Born outside the UK: Resident 10 years or more,22,19,10,9,3,0,3
S01007607,All people in households,702,649,294,355,53,1,52
S01007607,Born in the UK,681,638,288,350,43,1,42
S01007607,Born outside the UK: Total,21,11,6,5,10,0,10
S01007607,Born outside the UK: Resident less than 2 years,4,0,0,0,4,0,4
S01007607,Born outside the UK: Resident 2 years or more and less than 5 years,4,0,0,0,4,0,4
S01007607,Born outside the UK: Resident 5 years or more and less than 10 years,4,2,2,0,2,0,2
S01007607,Born outside the UK: Resident 10 years or more,9,9,4,5,0,0,0
S01007608,All people in households,731,672,285,387,59,14,45
S01007608,Born in the UK,705,652,280,372,53,13,40
S01007608,Born outside the UK: Total,26,20,5,15,6,1,5
S01007608,Born outside the UK: Resident less than 2 years,0,0,0,0,0,0,0
S01007608,Born outside the UK: Resident 2 years or more and less than 5 years,3,3,0,3,0,0,0
S01007608,Born outside the UK: Resident 5 years or more and less than 10 years,5,4,1,3,1,1,0
S01007608,Born outside the UK: Resident 10 years or more,18,13,4,9,5,0,5
S01007609,All people in households,917,479,203,276,438,338,100
S01007609,Born in the UK,878,460,193,267,418,326,92
S01007609,Born outside the UK: Total,39,19,10,9,20,12,8
S01007609,Born outside the UK: Resident less than 2 years,2,0,0,0,2,0,2
S01007609,Born outside the UK: Resident 2 years or more and less than 5 years,6,0,0,0,6,2,4
S01007609,Born outside the UK: Resident 5 years or more and less than 10 years,7,2,0,2,5,4,1
S01007609,Born outside the UK: Resident 10 years or more,24,17,10,7,7,6,1
S01007610,All people in households,456,250,106,144,206,124,82
S01007610,Born in the UK,437,242,98,144,195,122,73
S01007610,Born outside the UK: Total,19,8,8,0,11,2,9
S01007610,Born outside the UK: Resident less than 2 years,3,0,0,0,3,0,3
S01007610,Born outside the UK: Resident 2 years or more and less than 5 years,6,0,0,0,6,2,4
S01007610,Born outside the UK: Resident 5 years or more and less than 10 years,2,0,0,0,2,0,2
S01007610,Born outside the UK: Resident 10 years or more,8,8,8,0,0,0,0
S01007611,All people in households,917,379,189,190,538,321,217
S01007611,Born in the UK,863,367,183,184,496,319,177
S01007611,Born outside the UK: Total,54,12,6,6,42,2,40
S01007611,Born outside the UK: Resident less than 2 years,7,1,1,0,6,0,6
S01007611,Born outside the UK: Resident 2 years or more and less than 5 years,21,2,0,2,19,0,19
S01007611,Born outside the UK: Resident 5 years or more and less than 10 years,10,1,0,1,9,1,8
S01007611,Born outside the UK: Resident 10 years or more,16,8,5,3,8,1,7
S01007612,All people in households,1037,354,170,184,683,274,409
S01007612,Born in the UK,936,323,155,168,613,256,357
S01007612,Born outside the UK: Total,101,31,15,16,70,18,52
S01007612,Born outside the UK: Resident less than 2 years,16,0,0,0,16,2,14
S01007612,Born outside the UK: Resident 2 years or more and less than 5 years,26,4,1,3,22,3,19
S01007612,Born outside the UK: Resident 5 years or more and less than 10 years,23,6,5,1,17,6,11
S01007612,Born outside the UK: Resident 10 years or more,36,21,9,12,15,7,8
S01007613,All people in households,736,587,261,326,149,17,132
S01007613,Born in the UK,714,571,253,318,143,16,127
S01007613,Born outside the UK: Total,22,16,8,8,6,1,5
S01007613,Born outside the UK: Resident less than 2 years,2,1,0,1,1,0,1
S01007613,Born outside the UK: Resident 2 years or more and less than 5 years,2,0,0,0,2,1,1
S01007613,Born outside the UK: Resident 5 years or more and less than 10 years,4,2,0,2,2,0,2
S01007613,Born outside the UK: Resident 10 years or more,14,13,8,5,1,0,1
S01007614,All people in households,843,771,329,442,72,14,58
S01007614,Born in the UK,809,743,317,426,66,13,53
S01007614,Born outside the UK: Total,34,28,12,16,6,1,5
S01007614,Born outside the UK: Resident less than 2 years,1,0,0,0,1,0,1
S01007614,Born outside the UK: Resident 2 years or more and less than 5 years,3,1,0,1,2,0,2
S01007614,Born outside the UK: Resident 5 years or more and less than 10 years,3,2,0,2,1,0,1
S01007614,Born outside the UK: Resident 10 years or more,27,25,12,13,2,1,1
S01007615,All people in households,1074,782,298,484,292,103,189
S01007615,Born in the UK,1021,756,285,471,265,98,167
S01007615,Born outside the UK: Total,53,26,13,13,27,5,22
S01007615,Born outside the UK: Resident less than 2 years,11,0,0,0,11,0,11
S01007615,Born outside the UK: Resident 2 years or more and less than 5 years,5,1,0,1,4,0,4
S01007615,Born outside the UK: Resident 5 years or more and less than 10 years,10,2,0,2,8,3,5
S01007615,Born outside the UK: Resident 10 years or more,27,23,13,10,4,2,2
S01007616,All people in households,736,443,173,270,293,157,136
S01007616,Born in the UK,707,428,167,261,279,156,123
S01007616,Born outside the UK: Total,29,15,6,9,14,1,13
S01007616,Born outside the UK: Resident less than 2 years,6,1,1,0,5,0,5
S01007616,Born outside the UK: Resident 2 years or more and less than 5 years,4,0,0,0,4,0,4
S01007616,Born outside the UK: Resident 5 years or more and less than 10 years,4,2,0,2,2,0,2
S01007616,Born outside the UK: Resident 10 years or more,15,12,5,7,3,1,2
S01007617,All people in households,519,295,123,172,224,166,58
S01007617,Born in the UK,506,289,121,168,217,164,53
S01007617,Born outside the UK: Total,13,6,2,4,7,2,5
S01007617,Born outside the UK: Resident less than 2 years,0,0,0,0,0,0,0
S01007617,Born outside the UK: Resident 2 years or more and less than 5 years,3,0,0,0,3,0,3
S01007617,Born outside the UK: Resident 5 years or more and less than 10 years,3,2,0,2,1,1,0
S01007617,Born outside the UK: Resident 10 years or more,7,4,2,2,3,1,2
S01007618,All people in households,638,394,161,233,244,209,35
S01007618,Born in the UK,632,391,158,233,241,206,35
S01007618,Born outside the UK: Total,6,3,3,0,3,3,0
S01007618,Born outside the UK: Resident less than 2 years,0,0,0,0,0,0,0
S01007618,Born outside the UK: Resident 2 years or more and less than 5 years,0,0,0,0,0,0,0
S01007618,Born outside the UK: Resident 5 years or more and less than 10 years,0,0,0,0,0,0,0
S01007618,Born outside the UK: Resident 10 years or more,6,3,3,0,3,3,0
S01007619,All people in households,629,405,130,275,224,172,52
S01007619,Born in the UK,613,395,130,265,218,170,48
S01007619,Born outside the UK: Total,16,10,0,10,6,2,4
S01007619,Born outside the UK: Resident less than 2 years,0,0,0,0,0,0,0
S01007619,Born outside the UK: Resident 2 years or more and less than 5 years,2,0,0,0,2,0,2
S01007619,Born outside the UK: Resident 5 years or more and less than 10 years,1,0,0,0,1,0,1
S01007619,Born outside the UK: Resident 10 years or more,13,10,0,10,3,2,1
S01007620,All people in households,579,515,228,287,64,2,62
S01007620,Born in the UK,565,505,224,281,60,2,58
S01007620,Born outside the UK: Total,14,10,4,6,4,0,4
S01007620,Born outside the UK: Resident less than 2 years,1,0,0,0,1,0,1
S01007620,Born outside the UK: Resident 2 years or more and less than 5 years,1,0,0,0,1,0,1
S01007620,Born outside the UK: Resident 5 years or more and less than 10 years,2,1,1,0,1,0,1
S01007620,Born outside the UK: Resident 10 years or more,10,9,3,6,1,0,1
S01007621,All people in households,656,583,277,306,73,7,66
S01007621,Born in the UK,644,574,273,301,70,6,64
S01007621,Born outside the UK: Total,12,9,4,5,3,1,2
S01007621,Born outside the UK: Resident less than 2 years,1,0,0,0,1,1,0
S01007621,Born outside the UK: Resident 2 years or more and less than 5 years,0,0,0,0,0,0,0
S01007621,Born outside the UK: Resident 5 years or more and less than 10 years,1,0,0,0,1,0,1
S01007621,Born outside the UK: Resident 10 years or more,10,9,4,5,1,0,1
S01007622,All people in households,582,374,147,227,208,67,141
S01007622,Born in the UK,565,367,143,224,198,66,132
S01007622,Born outside the UK: Total,17,7,4,3,10,1,9
S01007622,Born outside the UK: Resident less than 2 years,2,2,0,2,0,0,0
S01007622,Born outside the UK: Resident 2 years or more and less than 5 years,6,0,0,0,6,0,6
S01007622,Born outside the UK: Resident 5 years or more and less than 10 years,2,0,0,0,2,0,2
S01007622,Born outside the UK: Resident 10 years or more,7,5,4,1,2,1,1
S01007623,All people in households,608,508,195,313,100,38,62
S01007623,Born in the UK,577,488,185,303,89,30,59
S01007623,Born outside the UK: Total,31,20,10,10,11,8,3
S01007623,Born outside the UK: Resident less than 2 years,2,0,0,0,2,2,0
S01007623,Born outside the UK: Resident 2 years or more and less than 5 years,0,0,0,0,0,0,0
S01007623,Born outside the UK: Resident 5 years or more and less than 10 years,6,5,1,4,1,1,0
S01007623,Born outside the UK: Resident 10 years or more,23,15,9,6,8,5,3
S01007624,All people in households,664,593,182,411,71,5,66
S01007624,Born in the UK,645,581,178,403,64,5,59
S01007624,Born outside the UK: Total,19,12,4,8,7,0,7
S01007624,Born outside the UK: Resident less than 2 years,5,1,0,1,4,0,4
S01007624,Born outside the UK: Resident 2 years or more and less than 5 years,1,1,0,1,0,0,0
S01007624,Born outside the UK: Resident 5 years or more and less than 10 years,1,1,0,1,0,0,0
S01007624,Born outside the UK: Resident 10 years or more,12,9,4,5,3,0,3
S01007625,All people in households,505,426,155,271,79,14,65
S01007625,Born in the UK,490,418,152,266,72,12,60
S01007625,Born outside the UK: Total,15,8,3,5,7,2,5
S01007625,Born outside the UK: Resident less than 2 years,0,0,0,0,0,0,0
S01007625,Born outside the UK: Resident 2 years or more and less than 5 years,0,0,0,0,0,0,0
S01007625,Born outside the UK: Resident 5 years or more and less than 10 years,0,0,0,0,0,0,0
S01007625,Born outside the UK: Resident 10 years or more,15,8,3,5,7,2,5
S01007626,All people in households,650,569,128,441,81,7,74
S01007626,Born in the UK,629,552,125,427,77,7,70
S01007626,Born outside the UK: Total,21,17,3,14,4,0,4
S01007626,Born outside the UK: Resident less than 2 years,1,1,1,0,0,0,0
S01007626,Born outside the UK: Resident 2 years or more and less than 5 years,5,5,0,5,0,0,0
S01007626,Born outside the UK: Resident 5 years or more and less than 10 years,4,2,0,2,2,0,2
S01007626,Born outside the UK: Resident 10 years or more,11,9,2,7,2,0,2
S01007627,All people in households,547,459,120,339,88,34,54
S01007627,Born in the UK,504,435,116,319,69,34,35
S01007627,Born outside the UK: Total,43,24,4,20,19,0,19
S01007627,Born outside the UK: Resident less than 2 years,8,0,0,0,8,0,8
S01007627,Born outside the UK: Resident 2 years or more and less than 5 years,12,9,2,7,3,0,3
S01007627,Born outside the UK: Resident 5 years or more and less than 10 years,8,2,0,2,6,0,6
S01007627,Born outside the UK: Resident 10 years or more,15,13,2,11,2,0,2
S01007628,All people in households,713,600,326,274,113,5,108
S01007628,Born in the UK,693,586,323,263,107,5,102
S01007628,Born outside the UK: Total,20,14,3,11,6,0,6
S01007628,Born outside the UK: Resident less than 2 years,0,0,0,0,0,0,0
S01007628,Born outside the UK: Resident 2 years or more and less than 5 years,7,4,0,4,3,0,3
S01007628,Born outside the UK: Resident 5 years or more and less than 10 years,1,0,0,0,1,0,1
S01007628,Born outside the UK: Resident 10 years or more,12,10,3,7,2,0,2
S01007629,All people in households,696,542,239,303,154,53,101
S01007629,Born in the UK,686,533,235,298,153,53,100
S01007629,Born outside the UK: Total,10,9,4,5,1,0,1
S01007629,Born outside the UK: Resident less than 2 years,1,1,0,1,0,0,0
S01007629,Born outside the UK: Resident 2 years or more and less than 5 years,1,1,0,1,0,0,0
S01007629,Born outside the UK: Resident 5 years or more and less than 10 years,1,1,1,0,0,0,0
S01007629,Born outside the UK: Resident 10 years or more,7,6,3,3,1,0,1
S01007630,All people in households,809,683,344,339,126,10,116
S01007630,Born in the UK,790,667,332,335,123,10,113
S01007630,Born outside the UK: Total,19,16,12,4,3,0,3
S01007630,Born outside the UK: Resident less than 2 years,2,1,1,0,1,0,1
S01007630,Born outside the UK: Resident 2 years or more and less than 5 years,2,2,1,1,0,0,0
S01007630,Born outside the UK: Resident 5 years or more and less than 10 years,0,0,0,0,0,0,0
S01007630,Born outside the UK: Resident 10 years or more,15,13,10,3,2,0,2
S01007631,All people in households,625,494,299,195,131,18,113
S01007631,Born in the UK,603,481,295,186,122,18,104
S01007631,Born outside the UK: Total,22,13,4,9,9,0,9
S01007631,Born outside the UK: Resident less than 2 years,3,0,0,0,3,0,3
S01007631,Born outside the UK: Resident 2 years or more and less than 5 years,4,0,0,0,4,0,4
S01007631,Born outside the UK: Resident 5 years or more and less than 10 years,1,1,0,1,0,0,0
S01007631,Born outside the UK: Resident 10 years or more,14,12,4,8,2,0,2
S01007632,All people in households,960,646,294,352,314,205,109
S01007632,Born in the UK,933,628,285,343,305,203,102
S01007632,Born outside the UK: Total,27,18,9,9,9,2,7
S01007632,Born outside the UK: Resident less than 2 years,3,0,0,0,3,0,3
S01007632,Born outside the UK: Resident 2 years or more and less than 5 years,6,2,1,1,4,0,4
S01007632,Born outside the UK: Resident 5 years or more and less than 10 years,0,0,0,0,0,0,0
S01007632,Born outside the UK: Resident 10 years or more,18,16,8,8,2,2,0
S01007633,All people in households,977,667,327,340,310,223,87
S01007633,Born in the UK,947,649,317,332,298,217,81
S01007633,Born outside the UK: Total,30,18,10,8,12,6,6
S01007633,Born outside the UK: Resident less than 2 years,1,0,0,0,1,0,1
S01007633,Born outside the UK: Resident 2 years or more and less than 5 years,3,0,0,0,3,1,2
S01007633,Born outside the UK: Resident 5 years or more and less than 10 years,4,2,2,0,2,1,1
S01007633,Born outside the UK: Resident 10 years or more,22,16,8,8,6,4,2
S01007634,All people in households,570,384,212,172,186,41,145
S01007634,Born in the UK,561,380,211,169,181,41,140
S01007634,Born outside the UK: Total,9,4,1,3,5,0,5
S01007634,Born outside the UK: Resident less than 2 years,1,0,0,0,1,0,1
S01007634,Born outside the UK: Resident 2 years or more and less than 5 years,1,0,0,0,1,0,1
S01007634,Born outside the UK: Resident 5 years or more and less than 10 years,2,1,1,0,1,0,1
S01007634,Born outside the UK: Resident 10 years or more,5,3,0,3,2,0,2
S01007635,All people in households,671,554,357,197,117,24,93
S01007635,Born in the UK,661,548,353,195,113,22,91
S01007635,Born outside the UK: Total,10,6,4,2,4,2,2
S01007635,Born outside the UK: Resident less than 2 years,0,0,0,0,0,0,0
S01007635,Born outside the UK: Resident 2 years or more and less than 5 years,1,0,0,0,1,1,0
S01007635,Born outside the UK: Resident 5 years or more and less than 10 years,2,1,0,1,1,0,1
S01007635,Born outside the UK: Resident 10 years or more,7,5,4,1,2,1,1
S01007636,All people in households,819,534,233,301,285,207,78
S01007636,Born in the UK,798,523,229,294,275,204,71
S01007636,Born outside the UK: Total,21,11,4,7,10,3,7
S01007636,Born outside the UK: Resident less than 2 years,1,0,0,0,1,0,1
S01007636,Born outside the UK: Resident 2 years or more and less than 5 years,3,0,0,0,3,0,3
S01007636,Born outside the UK: Resident 5 years or more and less than 10 years,6,4,1,3,2,0,2
S01007636,Born outside the UK: Resident 10 years or more,11,7,3,4,4,3,1
S01007637,All people in households,857,553,208,345,304,218,86
S01007637,Born in the UK,844,543,204,339,301,218,83
S01007637,Born outside the UK: Total,13,10,4,6,3,0,3
S01007637,Born outside the UK: Resident less than 2 years,0,0,0,0,0,0,0
S01007637,Born outside the UK: Resident 2 years or more and less than 5 years,1,0,0,0,1,0,1
S01007637,Born outside the UK: Resident 5 years or more and less than 10 years,3,2,0,2,1,0,1
S01007637,Born outside the UK: Resident 10 years or more,9,8,4,4,1,0,1
S01007638,All people in households,768,511,215,296,257,165,92
S01007638,Born in the UK,733,495,209,286,238,161,77
S01007638,Born outside the UK: Total,35,16,6,10,19,4,15
S01007638,Born outside the UK: Resident less than 2 years,3,1,0,1,2,0,2
S01007638,Born outside the UK: Resident 2 years or more and less than 5 years,4,0,0,0,4,0,4
S01007638,Born outside the UK: Resident 5 years or more and less than 10 years,10,0,0,0,10,3,7
S01007638,Born outside the UK: Resident 10 years or more,18,15,6,9,3,1,2
S01007639,All people in households,1087,596,210,386,491,394,97
S01007639,Born in the UK,1064,583,202,381,481,388,93
S01007639,Born outside the UK: Total,23,13,8,5,10,6,4
S01007639,Born outside the UK: Resident less than 2 years,1,0,0,0,1,0,1
S01007639,Born outside the UK: Resident 2 years or more and less than 5 years,3,3,1,2,0,0,0
S01007639,Born outside the UK: Resident 5 years or more and less than 10 years,6,1,1,0,5,4,1
S01007639,Born outside the UK: Resident 10 years or more,13,9,6,3,4,2,2
S01007640,All people in households,722,334,149,185,388,44,344
S01007640,Born in the UK,704,321,143,178,383,44,339
S01007640,Born outside the UK: Total,18,13,6,7,5,0,5
S01007640,Born outside the UK: Resident less than 2 years,0,0,0,0,0,0,0
S01007640,Born outside the UK: Resident 2 years or more and less than 5 years,1,0,0,0,1,0,1
S01007640,Born outside the UK: Resident 5 years or more and less than 10 years,3,2,0,2,1,0,1
S01007640,Born outside the UK: Resident 10 years or more,14,11,6,5,3,0,3
S01007641,All people in households,854,540,245,295,314,188,126
S01007641,Born in the UK,821,514,236,278,307,186,121
S01007641,Born outside the UK: Total,33,26,9,17,7,2,5
S01007641,Born outside the UK: Resident less than 2 years,4,1,1,0,3,0,3
S01007641,Born outside the UK: Resident 2 years or more and less than 5 years,3,3,1,2,0,0,0
S01007641,Born outside the UK: Resident 5 years or more and less than 10 years,1,1,0,1,0,0,0
S01007641,Born outside the UK: Resident 10 years or more,25,21,7,14,4,2,2
S01007642,All people in households,794,563,346,217,231,96,135
S01007642,Born in the UK,745,540,332,208,205,90,115
S01007642,Born outside the UK: Total,49,23,14,9,26,6,20
S01007642,Born outside the UK: Resident less than 2 years,7,2,2,0,5,1,4
S01007642,Born outside the UK: Resident 2 years or more and less than 5 years,11,1,0,1,10,1,9
S01007642,Born outside the UK: Resident 5 years or more and less than 10 years,7,2,2,0,5,1,4
S01007642,Born outside the UK: Resident 10 years or more,24,18,10,8,6,3,3
S01007643,All people in households,897,677,346,331,220,132,88
S01007643,Born in the UK,872,659,338,321,213,128,85
S01007643,Born outside the UK: Total,25,18,8,10,7,4,3
S01007643,Born outside the UK: Resident less than 2 years,3,1,0,1,2,0,2
S01007643,Born outside the UK: Resident 2 years or more and less than 5 years,0,0,0,0,0,0,0
S01007643,Born outside the UK: Resident 5 years or more and less than 10 years,4,2,0,2,2,2,0
S01007643,Born outside the UK: Resident 10 years or more,18,15,8,7,3,2,1
S01007644,All people in households,844,553,277,276,291,224,67
S01007644,Born in the UK,818,536,268,268,282,223,59
S01007644,Born outside the UK: Total,26,17,9,8,9,1,8
S01007644,Born outside the UK: Resident less than 2 years,2,0,0,0,2,0,2
S01007644,Born outside the UK: Resident 2 years or more and less than 5 years,8,2,2,0,6,0,6
S01007644,Born outside the UK: Resident 5 years or more and less than 10 years,4,4,0,4,0,0,0
S01007644,Born outside the UK: Resident 10 years or more,12,11,7,4,1,1,0
S01007645,All people in households,524,342,198,144,182,35,147
S01007645,Born in the UK,507,330,188,142,177,33,144
S01007645,Born outside the UK: Total,17,12,10,2,5,2,3
S01007645,Born outside the UK: Resident less than 2 years,3,1,0,1,2,0,2
S01007645,Born outside the UK: Resident 2 years or more and less than 5 years,0,0,0,0,0,0,0
S01007645,Born outside the UK: Resident 5 years or more and less than 10 years,1,0,0,0,1,1,0
S01007645,Born outside the UK: Resident 10 years or more,13,11,10,1,2,1,1
S01007646,All people in households,576,282,184,98,294,32,262
S01007646,Born in the UK,551,266,173,93,285,31,254
S01007646,Born outside the UK: Total,25,16,11,5,9,1,8
S01007646,Born outside the UK: Resident less than 2 years,2,0,0,0,2,0,2
S01007646,Born outside the UK: Resident 2 years or more and less than 5 years,5,5,4,1,0,0,0
S01007646,Born outside the UK: Resident 5 years or more and less than 10 years,1,0,0,0,1,0,1
S01007646,Born outside the UK: Resident 10 years or more,17,11,7,4,6,1,5
S01007647,All people in households,717,518,263,255,199,78,121
S01007647,Born in the UK,695,503,251,252,192,77,115
S01007647,Born outside the UK: Total,22,15,12,3,7,1,6
S01007647,Born outside the UK: Resident less than 2 years,2,1,1,0,1,1,0
S01007647,Born outside the UK: Resident 2 years or more and less than 5 years,0,0,0,0,0,0,0
S01007647,Born outside the UK: Resident 5 years or more and less than 10 years,0,0,0,0,0,0,0
S01007647,Born outside the UK: Resident 10 years or more,20,14,11,3,6,0,6
S01007648,All people in households,873,583,329,254,290,64,226
S01007648,Born in the UK,849,569,318,251,280,61,219
S01007648,Born outside the UK: Total,24,14,11,3,10,3,7
S01007648,Born outside the UK: Resident less than 2 years,1,0,0,0,1,0,1
S01007648,Born outside the UK: Resident 2 years or more and less than 5 years,0,0,0,0,0,0,0
S01007648,Born outside the UK: Resident 5 years or more and less than 10 years,9,5,3,2,4,2,2
S01007648,Born outside the UK: Resident 10 years or more,14,9,8,1,5,1,4
S01007649,All people in households,729,460,230,230,269,127,142
S01007649,Born in the UK,716,449,228,221,267,127,140
S01007649,Born outside the UK: Total,13,11,2,9,2,0,2
S01007649,Born outside the UK: Resident less than 2 years,1,1,0,1,0,0,0
S01007649,Born outside the UK: Resident 2 years or more and less than 5 years,1,1,0,1,0,0,0
S01007649,Born outside the UK: Resident 5 years or more and less than 10 years,4,3,0,3,1,0,1
S01007649,Born outside the UK: Resident 10 years or more,7,6,2,4,1,0,1
S01007650,All people in households,949,629,290,339,320,79,241
S01007650,Born in the UK,912,608,282,326,304,78,226
S01007650,Born outside the UK: Total,37,21,8,13,16,1,15
S01007650,Born outside the UK: Resident less than 2 years,1,0,0,0,1,0,1
S01007650,Born outside the UK: Resident 2 years or more and less than 5 years,1,0,0,0,1,0,1
S01007650,Born outside the UK: Resident 5 years or more and less than 10 years,13,1,1,0,12,0,12
S01007650,Born outside the UK: Resident 10 years or more,22,20,7,13,2,1,1
S01007651,All people in households,585,338,157,181,247,40,207
S01007651,Born in the UK,571,327,152,175,244,40,204
S01007651,Born outside the UK: Total,14,11,5,6,3,0,3
S01007651,Born outside the UK: Resident less than 2 years,0,0,0,0,0,0,0
S01007651,Born outside the UK: Resident 2 years or more and less than 5 years,1,1,0,1,0,0,0
S01007651,Born outside the UK: Resident 5 years or more and less than 10 years,0,0,0,0,0,0,0
S01007651,Born outside the UK: Resident 10 years or more,13,10,5,5,3,0,3
S01007652,All people in households,588,402,198,204,186,89,97
S01007652,Born in the UK,577,394,196,198,183,89,94
S01007652,Born outside the UK: Total,11,8,2,6,3,0,3
S01007652,Born outside the UK: Resident less than 2 years,1,1,0,1,0,0,0
S01007652,Born outside the UK: Resident 2 years or more and less than 5 years,2,2,0,2,0,0,0
S01007652,Born outside the UK: Resident 5 years or more and less than 10 years,0,0,0,0,0,0,0
S01007652,Born outside the UK: Resident 10 years or more,8,5,2,3,3,0,3
S01007653,All people in households,886,698,350,348,188,109,79
S01007653,Born in the UK,869,688,348,340,181,104,77
S01007653,Born outside the UK: Total,17,10,2,8,7,5,2
S01007653,Born outside the UK: Resident less than 2 years,1,0,0,0,1,0,1
S01007653,Born outside the UK: Resident 2 years or more and less than 5 years,3,0,0,0,3,2,1
S01007653,Born outside the UK: Resident 5 years or more and less than 10 years,7,6,0,6,1,1,0
S01007653,Born outside the UK: Resident 10 years or more,6,4,2,2,2,2,0
S01007654,All people in households,1050,604,302,302,446,262,184
S01007654,Born in the UK,1021,591,294,297,430,259,171
S01007654,Born outside the UK: Total,29,13,8,5,16,3,13
S01007654,Born outside the UK: Resident less than 2 years,4,1,0,1,3,0,3
S01007654,Born outside the UK: Resident 2 years or more and less than 5 years,4,0,0,0,4,1,3
S01007654,Born outside the UK: Resident 5 years or more and less than 10 years,6,2,0,2,4,0,4
S01007654,Born outside the UK: Resident 10 years or more,15,10,8,2,5,2,3
S01007655,All people in households,780,484,290,194,296,38,258
S01007655,Born in the UK,745,468,285,183,277,37,240
S01007655,Born outside the UK: Total,35,16,5,11,19,1,18
S01007655,Born outside the UK: Resident less than 2 years,6,0,0,0,6,0,6
S01007655,Born outside the UK: Resident 2 years or more and less than 5 years,3,0,0,0,3,1,2
S01007655,Born outside the UK: Resident 5 years or more and less than 10 years,2,0,0,0,2,0,2
S01007655,Born outside the UK: Resident 10 years or more,24,16,5,11,8,0,8
S01007656,All people in households,848,363,256,107,485,14,471
S01007656,Born in the UK,826,352,251,101,474,14,460
S01007656,Born outside the UK: Total,22,11,5,6,11,0,11
S01007656,Born outside the UK: Resident less than 2 years,2,0,0,0,2,0,2
S01007656,Born outside the UK: Resident 2 years or more and less than 5 years,3,2,1,1,1,0,1
S01007656,Born outside the UK: Resident 5 years or more and less than 10 years,1,1,0,1,0,0,0
S01007656,Born outside the UK: Resident 10 years or more,16,8,4,4,8,0,8
S01007657,All people in households,428,273,131,142,155,25,130
S01007657,Born in the UK,416,265,127,138,151,25,126
S01007657,Born outside the UK: Total,12,8,4,4,4,0,4
S01007657,Born outside the UK: Resident less than 2 years,0,0,0,0,0,0,0
S01007657,Born outside the UK: Resident 2 years or more and less than 5 years,1,1,0,1,0,0,0
S01007657,Born outside the UK: Resident 5 years or more and less than 10 years,3,1,1,0,2,0,2
S01007657,Born outside the UK: Resident 10 years or more,8,6,3,3,2,0,2
S01007658,All people in households,505,362,192,170,143,10,133
S01007658,Born in the UK,494,356,189,167,138,10,128
S01007658,Born outside the UK: Total,11,6,3,3,5,0,5
S01007658,Born outside the UK: Resident less than 2 years,0,0,0,0,0,0,0
S01007658,Born outside the UK: Resident 2 years or more and less than 5 years,1,1,1,0,0,0,0
S01007658,Born outside the UK: Resident 5 years or more and less than 10 years,4,0,0,0,4,0,4
S01007658,Born outside the UK: Resident 10 years or more,6,5,2,3,1,0,1
S01007659,All people in households,820,511,265,246,309,156,153
S01007659,Born in the UK,787,493,260,233,294,155,139
S01007659,Born outside the UK: Total,33,18,5,13,15,1,14
S01007659,Born outside the UK: Resident less than 2 years,11,6,1,5,5,0,5
S01007659,Born outside the UK: Resident 2 years or more and less than 5 years,4,0,0,0,4,0,4
S01007659,Born outside the UK: Resident 5 years or more and less than 10 years,7,5,0,5,2,1,1
S01007659,Born outside the UK: Resident 10 years or more,11,7,4,3,4,0,4
S01007660,All people in households,851,364,111,253,487,382,105
S01007660,Born in the UK,812,357,107,250,455,373,82
S01007660,Born outside the UK: Total,39,7,4,3,32,9,23
S01007660,Born outside the UK: Resident less than 2 years,5,0,0,0,5,1,4
S01007660,Born outside the UK: Resident 2 years or more and less than 5 years,14,0,0,0,14,5,9
S01007660,Born outside the UK: Resident 5 years or more and less than 10 years,8,0,0,0,8,1,7
S01007660,Born outside the UK: Resident 10 years or more,12,7,4,3,5,2,3
S01007661,All people in households,652,421,191,230,231,109,122
S01007661,Born in the UK,613,402,183,219,211,106,105
S01007661,Born outside the UK: Total,39,19,8,11,20,3,17
S01007661,Born outside the UK: Resident less than 2 years,4,0,0,0,4,0,4
S01007661,Born outside the UK: Resident 2 years or more and less than 5 years,4,1,1,0,3,1,2
S01007661,Born outside the UK: Resident 5 years or more and less than 10 years,12,3,0,3,9,1,8
S01007661,Born outside the UK: Resident 10 years or more,19,15,7,8,4,1,3
S01007662,All people in households,908,555,281,274,353,195,158
S01007662,Born in the UK,866,548,278,270,318,191,127
S01007662,Born outside the UK: Total,42,7,3,4,35,4,31
S01007662,Born outside the UK: Resident less than 2 years,3,0,0,0,3,0,3
S01007662,Born outside the UK: Resident 2 years or more and less than 5 years,16,0,0,0,16,0,16
S01007662,Born outside the UK: Resident 5 years or more and less than 10 years,10,0,0,0,10,1,9
S01007662,Born outside the UK: Resident 10 years or more,13,7,3,4,6,3,3
S01007663,All people in households,841,655,331,324,186,108,78
S01007663,Born in the UK,818,637,322,315,181,104,77
S01007663,Born outside the UK: Total,23,18,9,9,5,4,1
S01007663,Born outside the UK: Resident less than 2 years,2,1,0,1,1,1,0
S01007663,Born outside the UK: Resident 2 years or more and less than 5 years,1,1,0,1,0,0,0
S01007663,Born outside the UK: Resident 5 years or more and less than 10 years,2,1,0,1,1,0,1
S01007663,Born outside the UK: Resident 10 years or more,18,15,9,6,3,3,0
S01007664,All people in households,578,328,160,168,250,168,82
S01007664,Born in the UK,543,321,159,162,222,157,65
S01007664,Born outside the UK: Total,35,7,1,6,28,11,17
S01007664,Born outside the UK: Resident less than 2 years,0,0,0,0,0,0,0
S01007664,Born outside the UK: Resident 2 years or more and less than 5 years,19,0,0,0,19,8,11
S01007664,Born outside the UK: Resident 5 years or more and less than 10 years,7,1,0,1,6,1,5
S01007664,Born outside the UK: Resident 10 years or more,9,6,1,5,3,2,1
S01007665,All people in households,660,454,118,336,206,114,92
S01007665,Born in the UK,651,448,117,331,203,113,90
S01007665,Born outside the UK: Total,9,6,1,5,3,1,2
S01007665,Born outside the UK: Resident less than 2 years,2,0,0,0,2,0,2
S01007665,Born outside the UK: Resident 2 years or more and less than 5 years,3,3,0,3,0,0,0
S01007665,Born outside the UK: Resident 5 years or more and less than 10 years,0,0,0,0,0,0,0
S01007665,Born outside the UK: Resident 10 years or more,4,3,1,2,1,1,0
S01007666,All people in households,502,444,183,261,58,22,36
S01007666,Born in the UK,497,443,182,261,54,22,32
S01007666,Born outside the UK: Total,5,1,1,0,4,0,4
S01007666,Born outside the UK: Resident less than 2 years,0,0,0,0,0,0,0
S01007666,Born outside the UK: Resident 2 years or more and less than 5 years,0,0,0,0,0,0,0
S01007666,Born outside the UK: Resident 5 years or more and less than 10 years,2,0,0,0,2,0,2
S01007666,Born outside the UK: Resident 10 years or more,3,1,1,0,2,0,2
S01007667,All people in households,717,655,291,364,62,14,48
S01007667,Born in the UK,689,630,279,351,59,13,46
S01007667,Born outside the UK: Total,28,25,12,13,3,1,2
S01007667,Born outside the UK: Resident less than 2 years,0,0,0,0,0,0,0
S01007667,Born outside the UK: Resident 2 years or more and less than 5 years,6,5,0,5,1,0,1
S01007667,Born outside the UK: Resident 5 years or more and less than 10 years,3,2,1,1,1,0,1
S01007667,Born outside the UK: Resident 10 years or more,19,18,11,7,1,1,0
S01007668,All people in households,1041,629,224,405,412,342,70
S01007668,Born in the UK,1018,619,218,401,399,340,59
S01007668,Born outside the UK: Total,23,10,6,4,13,2,11
S01007668,Born outside the UK: Resident less than 2 years,3,3,3,0,0,0,0
S01007668,Born outside the UK: Resident 2 years or more and less than 5 years,8,0,0,0,8,0,8
S01007668,Born outside the UK: Resident 5 years or more and less than 10 years,2,0,0,0,2,1,1
S01007668,Born outside the UK: Resident 10 years or more,10,7,3,4,3,1,2
S01007669,All people in households,642,202,79,123,440,403,37
S01007669,Born in the UK,596,195,79,116,401,365,36
S01007669,Born outside the UK: Total,46,7,0,7,39,38,1
S01007669,Born outside the UK: Resident less than 2 years,4,0,0,0,4,4,0
S01007669,Born outside the UK: Resident 2 years or more and less than 5 years,24,1,0,1,23,23,0
S01007669,Born outside the UK: Resident 5 years or more and less than 10 years,12,3,0,3,9,9,0
S01007669,Born outside the UK: Resident 10 years or more,6,3,0,3,3,2,1
S01007670,All people in households,729,311,114,197,418,350,68
S01007670,Born in the UK,666,298,109,189,368,324,44
S01007670,Born outside the UK: Total,63,13,5,8,50,26,24
S01007670,Born outside the UK: Resident less than 2 years,17,1,0,1,16,7,9
S01007670,Born outside the UK: Resident 2 years or more and less than 5 years,16,2,0,2,14,12,2
S01007670,Born outside the UK: Resident 5 years or more and less than 10 years,19,2,1,1,17,5,12
S01007670,Born outside the UK: Resident 10 years or more,11,8,4,4,3,2,1
S01007671,All people in households,711,591,315,276,120,31,89
S01007671,Born in the UK,702,583,313,270,119,30,89
S01007671,Born outside the UK: Total,9,8,2,6,1,1,0
S01007671,Born outside the UK: Resident less than 2 years,1,1,1,0,0,0,0
S01007671,Born outside the UK: Resident 2 years or more and less than 5 years,0,0,0,0,0,0,0
S01007671,Born outside the UK: Resident 5 years or more and less than 10 years,1,1,0,1,0,0,0
S01007671,Born outside the UK: Resident 10 years or more,7,6,1,5,1,1,0
S01007672,All people in households,874,796,451,345,78,18,60
S01007672,Born in the UK,855,789,444,345,66,14,52
S01007672,Born outside the UK: Total,19,7,7,0,12,4,8
S01007672,Born outside the UK: Resident less than 2 years,1,0,0,0,1,1,0
S01007672,Born outside the UK: Resident 2 years or more and less than 5 years,3,0,0,0,3,0,3
S01007672,Born outside the UK: Resident 5 years or more and less than 10 years,7,0,0,0,7,3,4
S01007672,Born outside the UK: Resident 10 years or more,8,7,7,0,1,0,1
S01007673,All people in households,697,590,261,329,107,27,80
S01007673,Born in the UK,672,581,254,327,91,27,64
S01007673,Born outside the UK: Total,25,9,7,2,16,0,16
S01007673,Born outside the UK: Resident less than 2 years,2,0,0,0,2,0,2
S01007673,Born outside the UK: Resident 2 years or more and less than 5 years,4,1,1,0,3,0,3
S01007673,Born outside the UK: Resident 5 years or more and less than 10 years,13,2,1,1,11,0,11
S01007673,Born outside the UK: Resident 10 years or more,6,6,5,1,0,0,0
S01007674,All people in households,797,523,220,303,274,206,68
S01007674,Born in the UK,773,512,212,300,261,200,61
S01007674,Born outside the UK: Total,24,11,8,3,13,6,7
S01007674,Born outside the UK: Resident less than 2 years,2,0,0,0,2,0,2
S01007674,Born outside the UK: Resident 2 years or more and less than 5 years,9,2,1,1,7,5,2
S01007674,Born outside the UK: Resident 5 years or more and less than 10 years,2,1,0,1,1,0,1
S01007674,Born outside the UK: Resident 10 years or more,11,8,7,1,3,1,2
S01007675,All people in households,627,542,258,284,85,32,53
S01007675,Born in the UK,615,534,255,279,81,30,51
S01007675,Born outside the UK: Total,12,8,3,5,4,2,2
S01007675,Born outside the UK: Resident less than 2 years,0,0,0,0,0,0,0
S01007675,Born outside the UK: Resident 2 years or more and less than 5 years,1,0,0,0,1,0,1
S01007675,Born outside the UK: Resident 5 years or more and less than 10 years,1,0,0,0,1,0,1
S01007675,Born outside the UK: Resident 10 years or more,10,8,3,5,2,2,0
S01007676,All people in households,681,551,303,248,130,33,97
S01007676,Born in the UK,672,546,302,244,126,33,93
S01007676,Born outside the UK: Total,9,5,1,4,4,0,4
S01007676,Born outside the UK: Resident less than 2 years,2,0,0,0,2,0,2
S01007676,Born outside the UK: Resident 2 years or more and less than 5 years,1,1,0,1,0,0,0
S01007676,Born outside the UK: Resident 5 years or more and less than 10 years,2,0,0,0,2,0,2
S01007676,Born outside the UK: Resident 10 years or more,4,4,1,3,0,0,0
S01007677,All people in households,511,423,171,252,88,23,65
S01007677,Born in the UK,500,414,167,247,86,21,65
S01007677,Born outside the UK: Total,11,9,4,5,2,2,0
S01007677,Born outside the UK: Resident less than 2 years,2,2,0,2,0,0,0
S01007677,Born outside the UK: Resident 2 years or more and less than 5 years,0,0,0,0,0,0,0
S01007677,Born outside the UK: Resident 5 years or more and less than 10 years,1,0,0,0,1,1,0
S01007677,Born outside the UK: Resident 10 years or more,8,7,4,3,1,1,0
S01007678,All people in households,788,489,214,275,299,216,83
S01007678,Born in the UK,771,484,212,272,287,209,78
S01007678,Born outside the UK: Total,17,5,2,3,12,7,5
S01007678,Born outside the UK: Resident less than 2 years,0,0,0,0,0,0,0
S01007678,Born outside the UK: Resident 2 years or more and less than 5 years,4,0,0,0,4,1,3
S01007678,Born outside the UK: Resident 5 years or more and less than 10 years,2,1,0,1,1,1,0
S01007678,Born outside the UK: Resident 10 years or more,11,4,2,2,7,5,2
S01007679,All people in households,843,471,248,223,372,308,64
S01007679,Born in the UK,818,460,243,217,358,300,58
S01007679,Born outside the UK: Total,25,11,5,6,14,8,6
S01007679,Born outside the UK: Resident less than 2 years,0,0,0,0,0,0,0
S01007679,Born outside the UK: Resident 2 years or more and less than 5 years,4,0,0,0,4,0,4
S01007679,Born outside the UK: Resident 5 years or more and less than 10 years,11,5,1,4,6,4,2
S01007679,Born outside the UK: Resident 10 years or more,10,6,4,2,4,4,0
S01007680,All people in households,916,845,365,480,71,6,65
S01007680,Born in the UK,887,826,356,470,61,4,57
S01007680,Born outside the UK: Total,29,19,9,10,10,2,8
S01007680,Born outside the UK: Resident less than 2 years,1,0,0,0,1,0,1
S01007680,Born outside the UK: Resident 2 years or more and less than 5 years,3,0,0,0,3,0,3
S01007680,Born outside the UK: Resident 5 years or more and less than 10 years,13,8,1,7,5,1,4
S01007680,Born outside the UK: Resident 10 years or more,12,11,8,3,1,1,0
S01007681,All people in households,389,299,108,191,90,58,32
S01007681,Born in the UK,380,291,105,186,89,58,31
S01007681,Born outside the UK: Total,9,8,3,5,1,0,1
S01007681,Born outside the UK: Resident less than 2 years,0,0,0,0,0,0,0
S01007681,Born outside the UK: Resident 2 years or more and less than 5 years,1,1,0,1,0,0,0
S01007681,Born outside the UK: Resident 5 years or more and less than 10 years,3,3,2,1,0,0,0
S01007681,Born outside the UK: Resident 10 years or more,5,4,1,3,1,0,1
S01007682,All people in households,882,691,381,310,191,10,181
S01007682,Born in the UK,743,615,342,273,128,6,122
S01007682,Born outside the UK: Total,139,76,39,37,63,4,59
S01007682,Born outside the UK: Resident less than 2 years,18,3,1,2,15,2,13
S01007682,Born outside the UK: Resident 2 years or more and less than 5 years,23,3,0,3,20,1,19
S01007682,Born outside the UK: Resident 5 years or more and less than 10 years,22,7,0,7,15,0,15
S01007682,Born outside the UK: Resident 10 years or more,76,63,38,25,13,1,12
S01007683,All people in households,701,469,196,273,232,13,219
S01007683,Born in the UK,523,424,183,241,99,8,91
S01007683,Born outside the UK: Total,178,45,13,32,133,5,128
S01007683,Born outside the UK: Resident less than 2 years,69,0,0,0,69,5,64
S01007683,Born outside the UK: Resident 2 years or more and less than 5 years,25,4,1,3,21,0,21
S01007683,Born outside the UK: Resident 5 years or more and less than 10 years,31,6,0,6,25,0,25
S01007683,Born outside the UK: Resident 10 years or more,53,35,12,23,18,0,18
S01007684,All people in households,781,735,420,315,46,10,36
S01007684,Born in the UK,719,688,396,292,31,10,21
S01007684,Born outside the UK: Total,62,47,24,23,15,0,15
S01007684,Born outside the UK: Resident less than 2 years,11,1,0,1,10,0,10
S01007684,Born outside the UK: Resident 2 years or more and less than 5 years,3,3,0,3,0,0,0
S01007684,Born outside the UK: Resident 5 years or more and less than 10 years,3,2,0,2,1,0,1
S01007684,Born outside the UK: Resident 10 years or more,45,41,24,17,4,0,4
S01007685,All people in households,638,575,257,318,63,6,57
S01007685,Born in the UK,564,508,235,273,56,6,50
S01007685,Born outside the UK: Total,74,67,22,45,7,0,7
S01007685,Born outside the UK: Resident less than 2 years,3,2,2,0,1,0,1
S01007685,Born outside the UK: Resident 2 years or more and less than 5 years,4,4,0,4,0,0,0
S01007685,Born outside the UK: Resident 5 years or more and less than 10 years,6,3,1,2,3,0,3
S01007685,Born outside the UK: Resident 10 years or more,61,58,19,39,3,0,3
S01007686,All people in households,665,514,287,227,151,12,139
S01007686,Born in the UK,587,470,255,215,117,9,108
S01007686,Born outside the UK: Total,78,44,32,12,34,3,31
S01007686,Born outside the UK: Resident less than 2 years,10,1,0,1,9,1,8
S01007686,Born outside the UK: Resident 2 years or more and less than 5 years,9,5,4,1,4,0,4
S01007686,Born outside the UK: Resident 5 years or more and less than 10 years,18,8,6,2,10,1,9
S01007686,Born outside the UK: Resident 10 years or more,41,30,22,8,11,1,10
S01007687,All people in households,869,538,240,298,331,22,309
S01007687,Born in the UK,754,494,226,268,260,20,240
S01007687,Born outside the UK: Total,115,44,14,30,71,2,69
S01007687,Born outside the UK: Resident less than 2 years,29,3,1,2,26,0,26
S01007687,Born outside the UK: Resident 2 years or more and less than 5 years,25,5,0,5,20,0,20
S01007687,Born outside the UK: Resident 5 years or more and less than 10 years,18,5,1,4,13,0,13
S01007687,Born outside the UK: Resident 10 years or more,43,31,12,19,12,2,10
S01007688,All people in households,1015,304,93,211,711,116,595
S01007688,Born in the UK,805,267,82,185,538,106,432
S01007688,Born outside the UK: Total,210,37,11,26,173,10,163
S01007688,Born outside the UK: Resident less than 2 years,90,5,1,4,85,3,82
S01007688,Born outside the UK: Resident 2 years or more and less than 5 years,46,2,0,2,44,2,42
S01007688,Born outside the UK: Resident 5 years or more and less than 10 years,39,12,0,12,27,1,26
S01007688,Born outside the UK: Resident 10 years or more,35,18,10,8,17,4,13
S01007689,All people in households,579,204,60,144,375,64,311
S01007689,Born in the UK,454,177,53,124,277,56,221
S01007689,Born outside the UK: Total,125,27,7,20,98,8,90
S01007689,Born outside the UK: Resident less than 2 years,61,3,0,3,58,1,57
S01007689,Born outside the UK: Resident 2 years or more and less than 5 years,24,6,1,5,18,2,16
S01007689,Born outside the UK: Resident 5 years or more and less than 10 years,9,0,0,0,9,0,9
S01007689,Born outside the UK: Resident 10 years or more,31,18,6,12,13,5,8
S01007690,All people in households,835,239,106,133,596,104,492
S01007690,Born in the UK,704,212,85,127,492,103,389
S01007690,Born outside the UK: Total,131,27,21,6,104,1,103
S01007690,Born outside the UK: Resident less than 2 years,58,7,6,1,51,0,51
S01007690,Born outside the UK: Resident 2 years or more and less than 5 years,31,7,6,1,24,1,23
S01007690,Born outside the UK: Resident 5 years or more and less than 10 years,20,6,4,2,14,0,14
S01007690,Born outside the UK: Resident 10 years or more,22,7,5,2,15,0,15
S01007691,All people in households,1013,95,36,59,918,278,640
S01007691,Born in the UK,817,82,34,48,735,272,463
S01007691,Born outside the UK: Total,196,13,2,11,183,6,177
S01007691,Born outside the UK: Resident less than 2 years,82,2,1,1,80,0,80
S01007691,Born outside the UK: Resident 2 years or more and less than 5 years,46,2,0,2,44,0,44
S01007691,Born outside the UK: Resident 5 years or more and less than 10 years,39,3,0,3,36,1,35
S01007691,Born outside the UK: Resident 10 years or more,29,6,1,5,23,5,18
S01007692,All people in households,939,209,60,149,730,101,629
S01007692,Born in the UK,775,192,55,137,583,93,490
S01007692,Born outside the UK: Total,164,17,5,12,147,8,139
S01007692,Born outside the UK: Resident less than 2 years,73,6,0,6,67,2,65
S01007692,Born outside the UK: Resident 2 years or more and less than 5 years,36,1,0,1,35,0,35
S01007692,Born outside the UK: Resident 5 years or more and less than 10 years,28,4,0,4,24,1,23
S01007692,Born outside the UK: Resident 10 years or more,27,6,5,1,21,5,16
S01007693,All people in households,563,63,25,38,500,144,356
S01007693,Born in the UK,388,52,23,29,336,128,208
S01007693,Born outside the UK: Total,175,11,2,9,164,16,148
S01007693,Born outside the UK: Resident less than 2 years,88,1,1,0,87,7,80
S01007693,Born outside the UK: Resident 2 years or more and less than 5 years,46,2,1,1,44,4,40
S01007693,Born outside the UK: Resident 5 years or more and less than 10 years,26,4,0,4,22,1,21
S01007693,Born outside the UK: Resident 10 years or more,15,4,0,4,11,4,7
S01007694,All people in households,1015,142,37,105,873,381,492
S01007694,Born in the UK,796,117,24,93,679,359,320
S01007694,Born outside the UK: Total,219,25,13,12,194,22,172
S01007694,Born outside the UK: Resident less than 2 years,73,4,1,3,69,1,68
S01007694,Born outside the UK: Resident 2 years or more and less than 5 years,70,5,1,4,65,5,60
S01007694,Born outside the UK: Resident 5 years or more and less than 10 years,36,4,2,2,32,5,27
S01007694,Born outside the UK: Resident 10 years or more,40,12,9,3,28,11,17
S01007695,All people in households,963,307,130,177,656,279,377
S01007695,Born in the UK,771,271,115,156,500,260,240
S01007695,Born outside the UK: Total,192,36,15,21,156,19,137
S01007695,Born outside the UK: Resident less than 2 years,75,3,1,2,72,7,65
S01007695,Born outside the UK: Resident 2 years or more and less than 5 years,46,4,1,3,42,4,38
S01007695,Born outside the UK: Resident 5 years or more and less than 10 years,35,7,1,6,28,1,27
S01007695,Born outside the UK: Resident 10 years or more,36,22,12,10,14,7,7
S01007696,All people in households,800,108,43,65,692,212,480
S01007696,Born in the UK,589,97,40,57,492,179,313
S01007696,Born outside the UK: Total,211,11,3,8,200,33,167
S01007696,Born outside the UK: Resident less than 2 years,96,3,1,2,93,5,88
S01007696,Born outside the UK: Resident 2 years or more and less than 5 years,40,1,0,1,39,3,36
S01007696,Born outside the UK: Resident 5 years or more and less than 10 years,28,2,0,2,26,1,25
S01007696,Born outside the UK: Resident 10 years or more,47,5,2,3,42,24,18
S01007697,All people in households,948,336,155,181,612,237,375
S01007697,Born in the UK,796,305,146,159,491,231,260
S01007697,Born outside the UK: Total,152,31,9,22,121,6,115
S01007697,Born outside the UK: Resident less than 2 years,54,3,1,2,51,1,50
S01007697,Born outside the UK: Resident 2 years or more and less than 5 years,43,6,1,5,37,0,37
S01007697,Born outside the UK: Resident 5 years or more and less than 10 years,27,6,0,6,21,1,20
S01007697,Born outside the UK: Resident 10 years or more,28,16,7,9,12,4,8
S01007698,All people in households,1056,206,45,161,850,217,633
S01007698,Born in the UK,773,172,39,133,601,206,395
S01007698,Born outside the UK: Total,283,34,6,28,249,11,238
S01007698,Born outside the UK: Resident less than 2 years,109,6,2,4,103,0,103
S01007698,Born outside the UK: Resident 2 years or more and less than 5 years,76,4,1,3,72,2,70
S01007698,Born outside the UK: Resident 5 years or more and less than 10 years,49,8,3,5,41,2,39
S01007698,Born outside the UK: Resident 10 years or more,49,16,0,16,33,7,26
S01007699,All people in households,808,180,64,116,628,189,439
S01007699,Born in the UK,612,152,54,98,460,172,288
S01007699,Born outside the UK: Total,196,28,10,18,168,17,151
S01007699,Born outside the UK: Resident less than 2 years,82,4,3,1,78,3,75
S01007699,Born outside the UK: Resident 2 years or more and less than 5 years,54,3,1,2,51,1,50
S01007699,Born outside the UK: Resident 5 years or more and less than 10 years,26,5,1,4,21,5,16
S01007699,Born outside the UK: Resident 10 years or more,34,16,5,11,18,8,10
S01007700,All people in households,971,769,317,452,202,62,140
S01007700,Born in the UK,867,716,298,418,151,53,98
S01007700,Born outside the UK: Total,104,53,19,34,51,9,42
S01007700,Born outside the UK: Resident less than 2 years,21,11,6,5,10,1,9
S01007700,Born outside the UK: Resident 2 years or more and less than 5 years,26,4,0,4,22,3,19
S01007700,Born outside the UK: Resident 5 years or more and less than 10 years,23,11,2,9,12,3,9
S01007700,Born outside the UK: Resident 10 years or more,34,27,11,16,7,2,5
S01007701,All people in households,535,116,52,64,419,225,194
S01007701,Born in the UK,437,103,42,61,334,206,128
S01007701,Born outside the UK: Total,98,13,10,3,85,19,66
S01007701,Born outside the UK: Resident less than 2 years,34,6,5,1,28,0,28
S01007701,Born outside the UK: Resident 2 years or more and less than 5 years,42,3,1,2,39,9,30
S01007701,Born outside the UK: Resident 5 years or more and less than 10 years,7,0,0,0,7,2,5
S01007701,Born outside the UK: Resident 10 years or more,15,4,4,0,11,8,3
S01007702,All people in households,560,183,48,135,377,35,342
S01007702,Born in the UK,440,171,44,127,269,28,241
S01007702,Born outside the UK: Total,120,12,4,8,108,7,101
S01007702,Born outside the UK: Resident less than 2 years,68,3,0,3,65,3,62
S01007702,Born outside the UK: Resident 2 years or more and less than 5 years,20,1,0,1,19,1,18
S01007702,Born outside the UK: Resident 5 years or more and less than 10 years,14,2,1,1,12,0,12
S01007702,Born outside the UK: Resident 10 years or more,18,6,3,3,12,3,9
S01007703,All people in households,762,476,177,299,286,107,179
S01007703,Born in the UK,681,436,161,275,245,99,146
S01007703,Born outside the UK: Total,81,40,16,24,41,8,33
S01007703,Born outside the UK: Resident less than 2 years,32,6,2,4,26,1,25
S01007703,Born outside the UK: Resident 2 years or more and less than 5 years,14,7,3,4,7,4,3
S01007703,Born outside the UK: Resident 5 years or more and less than 10 years,7,5,3,2,2,0,2
S01007703,Born outside the UK: Resident 10 years or more,28,22,8,14,6,3,3
S01007704,All people in households,907,173,93,80,734,520,214
S01007704,Born in the UK,774,152,79,73,622,468,154
S01007704,Born outside the UK: Total,133,21,14,7,112,52,60
S01007704,Born outside the UK: Resident less than 2 years,50,2,1,1,48,13,35
S01007704,Born outside the UK: Resident 2 years or more and less than 5 years,19,1,1,0,18,8,10
S01007704,Born outside the UK: Resident 5 years or more and less than 10 years,23,2,1,1,21,11,10
S01007704,Born outside the UK: Resident 10 years or more,41,16,11,5,25,20,5
S01007705,All people in households,541,53,15,38,488,44,444
S01007705,Born in the UK,375,34,8,26,341,35,306
S01007705,Born outside the UK: Total,166,19,7,12,147,9,138
S01007705,Born outside the UK: Resident less than 2 years,89,6,4,2,83,2,81
S01007705,Born outside the UK: Resident 2 years or more and less than 5 years,38,6,1,5,32,1,31
S01007705,Born outside the UK: Resident 5 years or more and less than 10 years,17,4,1,3,13,0,13
S01007705,Born outside the UK: Resident 10 years or more,22,3,1,2,19,6,13
S01007706,All people in households,775,69,21,48,706,62,644
S01007706,Born in the UK,585,57,16,41,528,53,475
S01007706,Born outside the UK: Total,190,12,5,7,178,9,169
S01007706,Born outside the UK: Resident less than 2 years,109,6,3,3,103,4,99
S01007706,Born outside the UK: Resident 2 years or more and less than 5 years,44,0,0,0,44,1,43
S01007706,Born outside the UK: Resident 5 years or more and less than 10 years,22,2,2,0,20,2,18
S01007706,Born outside the UK: Resident 10 years or more,15,4,0,4,11,2,9
S01007707,All people in households,862,222,59,163,640,61,579
S01007707,Born in the UK,636,197,51,146,439,53,386
S01007707,Born outside the UK: Total,226,25,8,17,201,8,193
S01007707,Born outside the UK: Resident less than 2 years,121,10,6,4,111,3,108
S01007707,Born outside the UK: Resident 2 years or more and less than 5 years,45,4,0,4,41,1,40
S01007707,Born outside the UK: Resident 5 years or more and less than 10 years,26,4,0,4,22,0,22
S01007707,Born outside the UK: Resident 10 years or more,34,7,2,5,27,4,23
S01007708,All people in households,644,224,67,157,420,226,194
S01007708,Born in the UK,560,204,65,139,356,205,151
S01007708,Born outside the UK: Total,84,20,2,18,64,21,43
S01007708,Born outside the UK: Resident less than 2 years,18,0,0,0,18,1,17
S01007708,Born outside the UK: Resident 2 years or more and less than 5 years,29,7,0,7,22,8,14
S01007708,Born outside the UK: Resident 5 years or more and less than 10 years,20,7,0,7,13,5,8
S01007708,Born outside the UK: Resident 10 years or more,17,6,2,4,11,7,4
S01007709,All people in households,539,172,54,118,367,180,187
S01007709,Born in the UK,451,158,47,111,293,174,119
S01007709,Born outside the UK: Total,88,14,7,7,74,6,68
S01007709,Born outside the UK: Resident less than 2 years,44,4,0,4,40,0,40
S01007709,Born outside the UK: Resident 2 years or more and less than 5 years,17,2,1,1,15,0,15
S01007709,Born outside the UK: Resident 5 years or more and less than 10 years,7,1,1,0,6,2,4
S01007709,Born outside the UK: Resident 10 years or more,20,7,5,2,13,4,9
S01007710,All people in households,803,100,23,77,703,284,419
S01007710,Born in the UK,637,84,21,63,553,274,279
S01007710,Born outside the UK: Total,166,16,2,14,150,10,140
S01007710,Born outside the UK: Resident less than 2 years,81,5,0,5,76,0,76
S01007710,Born outside the UK: Resident 2 years or more and less than 5 years,35,4,0,4,31,3,28
S01007710,Born outside the UK: Resident 5 years or more and less than 10 years,24,2,0,2,22,2,20
S01007710,Born outside the UK: Resident 10 years or more,26,5,2,3,21,5,16
S01007711,All people in households,961,170,63,107,791,414,377
S01007711,Born in the UK,775,141,46,95,634,390,244
S01007711,Born outside the UK: Total,186,29,17,12,157,24,133
S01007711,Born outside the UK: Resident less than 2 years,85,0,0,0,85,3,82
S01007711,Born outside the UK: Resident 2 years or more and less than 5 years,44,3,2,1,41,10,31
S01007711,Born outside the UK: Resident 5 years or more and less than 10 years,24,8,4,4,16,2,14
S01007711,Born outside the UK: Resident 10 years or more,33,18,11,7,15,9,6
S01007712,All people in households,644,262,88,174,382,85,297
S01007712,Born in the UK,488,230,79,151,258,84,174
S01007712,Born outside the UK: Total,156,32,9,23,124,1,123
S01007712,Born outside the UK: Resident less than 2 years,56,3,1,2,53,0,53
S01007712,Born outside the UK: Resident 2 years or more and less than 5 years,33,4,1,3,29,1,28
S01007712,Born outside the UK: Resident 5 years or more and less than 10 years,45,8,2,6,37,0,37
S01007712,Born outside the UK: Resident 10 years or more,22,17,5,12,5,0,5
S01007713,All people in households,472,213,75,138,259,133,126
S01007713,Born in the UK,387,183,67,116,204,127,77
S01007713,Born outside the UK: Total,85,30,8,22,55,6,49
S01007713,Born outside the UK: Resident less than 2 years,26,3,1,2,23,0,23
S01007713,Born outside the UK: Resident 2 years or more and less than 5 years,20,4,0,4,16,0,16
S01007713,Born outside the UK: Resident 5 years or more and less than 10 years,18,6,0,6,12,5,7
S01007713,Born outside the UK: Resident 10 years or more,21,17,7,10,4,1,3
S01007714,All people in households,637,355,77,278,282,115,167
S01007714,Born in the UK,544,335,72,263,209,104,105
S01007714,Born outside the UK: Total,93,20,5,15,73,11,62
S01007714,Born outside the UK: Resident less than 2 years,17,1,0,1,16,1,15
S01007714,Born outside the UK: Resident 2 years or more and less than 5 years,29,1,0,1,28,5,23
S01007714,Born outside the UK: Resident 5 years or more and less than 10 years,25,4,0,4,21,2,19
S01007714,Born outside the UK: Resident 10 years or more,22,14,5,9,8,3,5
S01007715,All people in households,516,149,35,114,367,212,155
S01007715,Born in the UK,410,128,34,94,282,195,87
S01007715,Born outside the UK: Total,106,21,1,20,85,17,68
S01007715,Born outside the UK: Resident less than 2 years,18,0,0,0,18,2,16
S01007715,Born outside the UK: Resident 2 years or more and less than 5 years,39,3,0,3,36,4,32
S01007715,Born outside the UK: Resident 5 years or more and less than 10 years,31,10,0,10,21,4,17
S01007715,Born outside the UK: Resident 10 years or more,18,8,1,7,10,7,3
S01007716,All people in households,967,223,77,146,744,344,400
S01007716,Born in the UK,754,195,64,131,559,334,225
S01007716,Born outside the UK: Total,213,28,13,15,185,10,175
S01007716,Born outside the UK: Resident less than 2 years,104,6,4,2,98,1,97
S01007716,Born outside the UK: Resident 2 years or more and less than 5 years,52,4,2,2,48,2,46
S01007716,Born outside the UK: Resident 5 years or more and less than 10 years,33,5,1,4,28,1,27
S01007716,Born outside the UK: Resident 10 years or more,24,13,6,7,11,6,5
S01007717,All people in households,997,209,58,151,788,457,331
S01007717,Born in the UK,835,198,55,143,637,429,208
S01007717,Born outside the UK: Total,162,11,3,8,151,28,123
S01007717,Born outside the UK: Resident less than 2 years,69,3,2,1,66,1,65
S01007717,Born outside the UK: Resident 2 years or more and less than 5 years,42,2,0,2,40,2,38
S01007717,Born outside the UK: Resident 5 years or more and less than 10 years,29,3,0,3,26,8,18
S01007717,Born outside the UK: Resident 10 years or more,22,3,1,2,19,17,2
S01007718,All people in households,689,210,84,126,479,213,266
S01007718,Born in the UK,583,201,84,117,382,210,172
S01007718,Born outside the UK: Total,106,9,0,9,97,3,94
S01007718,Born outside the UK: Resident less than 2 years,55,4,0,4,51,0,51
S01007718,Born outside the UK: Resident 2 years or more and less than 5 years,24,0,0,0,24,0,24
S01007718,Born outside the UK: Resident 5 years or more and less than 10 years,16,2,0,2,14,0,14
S01007718,Born outside the UK: Resident 10 years or more,11,3,0,3,8,3,5
S01007719,All people in households,960,362,117,245,598,356,242
S01007719,Born in the UK,902,347,113,234,555,343,212
S01007719,Born outside the UK: Total,58,15,4,11,43,13,30
S01007719,Born outside the UK: Resident less than 2 years,12,1,0,1,11,4,7
S01007719,Born outside the UK: Resident 2 years or more and less than 5 years,11,2,0,2,9,0,9
S01007719,Born outside the UK: Resident 5 years or more and less than 10 years,16,3,1,2,13,1,12
S01007719,Born outside the UK: Resident 10 years or more,19,9,3,6,10,8,2
S01007720,All people in households,705,427,254,173,278,197,81
S01007720,Born in the UK,684,419,251,168,265,193,72
S01007720,Born outside the UK: Total,21,8,3,5,13,4,9
S01007720,Born outside the UK: Resident less than 2 years,1,1,1,0,0,0,0
S01007720,Born outside the UK: Resident 2 years or more and less than 5 years,2,0,0,0,2,0,2
S01007720,Born outside the UK: Resident 5 years or more and less than 10 years,5,1,0,1,4,2,2
S01007720,Born outside the UK: Resident 10 years or more,13,6,2,4,7,2,5
S01007721,All people in households,730,315,115,200,415,248,167
S01007721,Born in the UK,685,306,113,193,379,239,140
S01007721,Born outside the UK: Total,45,9,2,7,36,9,27
S01007721,Born outside the UK: Resident less than 2 years,12,2,2,0,10,0,10
S01007721,Born outside the UK: Resident 2 years or more and less than 5 years,12,1,0,1,11,3,8
S01007721,Born outside the UK: Resident 5 years or more and less than 10 years,10,0,0,0,10,2,8
S01007721,Born outside the UK: Resident 10 years or more,11,6,0,6,5,4,1
S01007722,All people in households,840,257,106,151,583,420,163
S01007722,Born in the UK,784,243,98,145,541,404,137
S01007722,Born outside the UK: Total,56,14,8,6,42,16,26
S01007722,Born outside the UK: Resident less than 2 years,8,1,0,1,7,1,6
S01007722,Born outside the UK: Resident 2 years or more and less than 5 years,17,4,4,0,13,3,10
S01007722,Born outside the UK: Resident 5 years or more and less than 10 years,12,3,3,0,9,3,6
S01007722,Born outside the UK: Resident 10 years or more,19,6,1,5,13,9,4
S01007723,All people in households,952,300,106,194,652,445,207
S01007723,Born in the UK,852,277,96,181,575,422,153
S01007723,Born outside the UK: Total,100,23,10,13,77,23,54
S01007723,Born outside the UK: Resident less than 2 years,10,0,0,0,10,1,9
S01007723,Born outside the UK: Resident 2 years or more and less than 5 years,37,1,0,1,36,6,30
S01007723,Born outside the UK: Resident 5 years or more and less than 10 years,23,9,3,6,14,2,12
S01007723,Born outside the UK: Resident 10 years or more,30,13,7,6,17,14,3
S01007724,All people in households,643,133,28,105,510,176,334
S01007724,Born in the UK,481,103,18,85,378,162,216
S01007724,Born outside the UK: Total,162,30,10,20,132,14,118
S01007724,Born outside the UK: Resident less than 2 years,43,2,1,1,41,1,40
S01007724,Born outside the UK: Resident 2 years or more and less than 5 years,58,10,0,10,48,2,46
S01007724,Born outside the UK: Resident 5 years or more and less than 10 years,29,5,2,3,24,5,19
S01007724,Born outside the UK: Resident 10 years or more,32,13,7,6,19,6,13
S01007725,All people in households,773,255,82,173,518,227,291
S01007725,Born in the UK,681,232,81,151,449,222,227
S01007725,Born outside the UK: Total,92,23,1,22,69,5,64
S01007725,Born outside the UK: Resident less than 2 years,24,1,0,1,23,0,23
S01007725,Born outside the UK: Resident 2 years or more and less than 5 years,20,4,0,4,16,0,16
S01007725,Born outside the UK: Resident 5 years or more and less than 10 years,10,4,0,4,6,0,6
S01007725,Born outside the UK: Resident 10 years or more,38,14,1,13,24,5,19
S01007726,All people in households,786,272,86,186,514,219,295
S01007726,Born in the UK,631,230,69,161,401,190,211
S01007726,Born outside the UK: Total,155,42,17,25,113,29,84
S01007726,Born outside the UK: Resident less than 2 years,47,5,0,5,42,5,37
S01007726,Born outside the UK: Resident 2 years or more and less than 5 years,44,8,2,6,36,16,20
S01007726,Born outside the UK: Resident 5 years or more and less than 10 years,36,13,6,7,23,3,20
S01007726,Born outside the UK: Resident 10 years or more,28,16,9,7,12,5,7
S01007727,All people in households,1007,220,58,162,787,383,404
S01007727,Born in the UK,850,205,56,149,645,355,290
S01007727,Born outside the UK: Total,157,15,2,13,142,28,114
S01007727,Born outside the UK: Resident less than 2 years,48,1,0,1,47,4,43
S01007727,Born outside the UK: Resident 2 years or more and less than 5 years,43,2,0,2,41,10,31
S01007727,Born outside the UK: Resident 5 years or more and less than 10 years,39,3,0,3,36,9,27
S01007727,Born outside the UK: Resident 10 years or more,27,9,2,7,18,5,13
S01007728,All people in households,694,175,55,120,519,164,355
S01007728,Born in the UK,566,154,49,105,412,154,258
S01007728,Born outside the UK: Total,128,21,6,15,107,10,97
S01007728,Born outside the UK: Resident less than 2 years,53,1,0,1,52,0,52
S01007728,Born outside the UK: Resident 2 years or more and less than 5 years,27,1,0,1,26,2,24
S01007728,Born outside the UK: Resident 5 years or more and less than 10 years,30,11,0,11,19,6,13
S01007728,Born outside the UK: Resident 10 years or more,18,8,6,2,10,2,8
S01007729,All people in households,772,212,83,129,560,132,428
S01007729,Born in the UK,577,181,67,114,396,120,276
S01007729,Born outside the UK: Total,195,31,16,15,164,12,152
S01007729,Born outside the UK: Resident less than 2 years,64,5,3,2,59,0,59
S01007729,Born outside the UK: Resident 2 years or more and less than 5 years,68,4,2,2,64,7,57
S01007729,Born outside the UK: Resident 5 years or more and less than 10 years,27,4,0,4,23,3,20
S01007729,Born outside the UK: Resident 10 years or more,36,18,11,7,18,2,16
S01007730,All people in households,764,221,61,160,543,71,472
S01007730,Born in the UK,614,194,53,141,420,64,356
S01007730,Born outside the UK: Total,150,27,8,19,123,7,116
S01007730,Born outside the UK: Resident less than 2 years,45,8,4,4,37,1,36
S01007730,Born outside the UK: Resident 2 years or more and less than 5 years,57,2,0,2,55,3,52
S01007730,Born outside the UK: Resident 5 years or more and less than 10 years,25,4,1,3,21,2,19
S01007730,Born outside the UK: Resident 10 years or more,23,13,3,10,10,1,9
S01007731,All people in households,729,233,43,190,496,199,297
S01007731,Born in the UK,601,208,36,172,393,181,212
S01007731,Born outside the UK: Total,128,25,7,18,103,18,85
S01007731,Born outside the UK: Resident less than 2 years,34,6,0,6,28,6,22
S01007731,Born outside the UK: Resident 2 years or more and less than 5 years,42,3,2,1,39,2,37
S01007731,Born outside the UK: Resident 5 years or more and less than 10 years,22,3,0,3,19,5,14
S01007731,Born outside the UK: Resident 10 years or more,30,13,5,8,17,5,12
S01007732,All people in households,677,234,46,188,443,149,294
S01007732,Born in the UK,558,196,44,152,362,135,227
S01007732,Born outside the UK: Total,119,38,2,36,81,14,67
S01007732,Born outside the UK: Resident less than 2 years,27,2,0,2,25,2,23
S01007732,Born outside the UK: Resident 2 years or more and less than 5 years,34,10,0,10,24,5,19
S01007732,Born outside the UK: Resident 5 years or more and less than 10 years,35,12,0,12,23,4,19
S01007732,Born outside the UK: Resident 10 years or more,23,14,2,12,9,3,6
S01007733,All people in households,853,702,240,462,151,8,143
S01007733,Born in the UK,771,643,215,428,128,8,120
S01007733,Born outside the UK: Total,82,59,25,34,23,0,23
S01007733,Born outside the UK: Resident less than 2 years,7,2,1,1,5,0,5
S01007733,Born outside the UK: Resident 2 years or more and less than 5 years,9,3,0,3,6,0,6
S01007733,Born outside the UK: Resident 5 years or more and less than 10 years,17,11,3,8,6,0,6
S01007733,Born outside the UK: Resident 10 years or more,49,43,21,22,6,0,6
S01007734,All people in households,821,656,308,348,165,50,115
S01007734,Born in the UK,761,613,289,324,148,47,101
S01007734,Born outside the UK: Total,60,43,19,24,17,3,14
S01007734,Born outside the UK: Resident less than 2 years,6,3,0,3,3,0,3
S01007734,Born outside the UK: Resident 2 years or more and less than 5 years,6,0,0,0,6,2,4
S01007734,Born outside the UK: Resident 5 years or more and less than 10 years,8,5,0,5,3,0,3
S01007734,Born outside the UK: Resident 10 years or more,40,35,19,16,5,1,4
S01007735,All people in households,827,701,319,382,126,48,78
S01007735,Born in the UK,768,648,295,353,120,48,72
S01007735,Born outside the UK: Total,59,53,24,29,6,0,6
S01007735,Born outside the UK: Resident less than 2 years,1,1,0,1,0,0,0
S01007735,Born outside the UK: Resident 2 years or more and less than 5 years,4,4,1,3,0,0,0
S01007735,Born outside the UK: Resident 5 years or more and less than 10 years,4,2,1,1,2,0,2
S01007735,Born outside the UK: Resident 10 years or more,50,46,22,24,4,0,4
S01007736,All people in households,723,594,247,347,129,39,90
S01007736,Born in the UK,665,539,222,317,126,39,87
S01007736,Born outside the UK: Total,58,55,25,30,3,0,3
S01007736,Born outside the UK: Resident less than 2 years,2,2,1,1,0,0,0
S01007736,Born outside the UK: Resident 2 years or more and less than 5 years,10,9,0,9,1,0,1
S01007736,Born outside the UK: Resident 5 years or more and less than 10 years,5,5,0,5,0,0,0
S01007736,Born outside the UK: Resident 10 years or more,41,39,24,15,2,0,2
S01007737,All people in households,1062,566,215,351,496,249,247
S01007737,Born in the UK,960,521,192,329,439,239,200
S01007737,Born outside the UK: Total,102,45,23,22,57,10,47
S01007737,Born outside the UK: Resident less than 2 years,17,5,5,0,12,0,12
S01007737,Born outside the UK: Resident 2 years or more and less than 5 years,13,1,1,0,12,1,11
S01007737,Born outside the UK: Resident 5 years or more and less than 10 years,15,8,2,6,7,3,4
S01007737,Born outside the UK: Resident 10 years or more,57,31,15,16,26,6,20
S01007738,All people in households,730,549,302,247,181,105,76
S01007738,Born in the UK,698,529,293,236,169,105,64
S01007738,Born outside the UK: Total,32,20,9,11,12,0,12
S01007738,Born outside the UK: Resident less than 2 years,4,0,0,0,4,0,4
S01007738,Born outside the UK: Resident 2 years or more and less than 5 years,5,0,0,0,5,0,5
S01007738,Born outside the UK: Resident 5 years or more and less than 10 years,4,1,0,1,3,0,3
S01007738,Born outside the UK: Resident 10 years or more,19,19,9,10,0,0,0
S01007739,All people in households,591,335,149,186,256,215,41
S01007739,Born in the UK,572,319,143,176,253,212,41
S01007739,Born outside the UK: Total,19,16,6,10,3,3,0
S01007739,Born outside the UK: Resident less than 2 years,0,0,0,0,0,0,0
S01007739,Born outside the UK: Resident 2 years or more and less than 5 years,1,1,0,1,0,0,0
S01007739,Born outside the UK: Resident 5 years or more and less than 10 years,6,5,0,5,1,1,0
S01007739,Born outside the UK: Resident 10 years or more,12,10,6,4,2,2,0
S01007740,All people in households,541,432,200,232,109,37,72
S01007740,Born in the UK,510,409,193,216,101,33,68
S01007740,Born outside the UK: Total,31,23,7,16,8,4,4
S01007740,Born outside the UK: Resident less than 2 years,4,0,0,0,4,0,4
S01007740,Born outside the UK: Resident 2 years or more and less than 5 years,2,0,0,0,2,2,0
S01007740,Born outside the UK: Resident 5 years or more and less than 10 years,5,5,1,4,0,0,0
S01007740,Born outside the UK: Resident 10 years or more,20,18,6,12,2,2,0
S01007741,All people in households,753,393,170,223,360,273,87
S01007741,Born in the UK,715,375,164,211,340,265,75
S01007741,Born outside the UK: Total,38,18,6,12,20,8,12
S01007741,Born outside the UK: Resident less than 2 years,1,0,0,0,1,0,1
S01007741,Born outside the UK: Resident 2 years or more and less than 5 years,4,0,0,0,4,0,4
S01007741,Born outside the UK: Resident 5 years or more and less than 10 years,6,1,0,1,5,3,2
S01007741,Born outside the UK: Resident 10 years or more,27,17,6,11,10,5,5
S01007742,All people in households,624,419,196,223,205,125,80
S01007742,Born in the UK,597,399,190,209,198,123,75
S01007742,Born outside the UK: Total,27,20,6,14,7,2,5
S01007742,Born outside the UK: Resident less than 2 years,2,0,0,0,2,0,2
S01007742,Born outside the UK: Resident 2 years or more and less than 5 years,1,0,0,0,1,0,1
S01007742,Born outside the UK: Resident 5 years or more and less than 10 years,4,3,0,3,1,0,1
S01007742,Born outside the UK: Resident 10 years or more,20,17,6,11,3,2,1
S01007743,All people in households,895,469,144,325,426,290,136
S01007743,Born in the UK,858,451,139,312,407,284,123
S01007743,Born outside the UK: Total,37,18,5,13,19,6,13
S01007743,Born outside the UK: Resident less than 2 years,2,2,0,2,0,0,0
S01007743,Born outside the UK: Resident 2 years or more and less than 5 years,10,1,0,1,9,0,9
S01007743,Born outside the UK: Resident 5 years or more and less than 10 years,10,8,1,7,2,0,2
S01007743,Born outside the UK: Resident 10 years or more,15,7,4,3,8,6,2
S01007744,All people in households,766,292,89,203,474,401,73
S01007744,Born in the UK,724,276,87,189,448,382,66
S01007744,Born outside the UK: Total,42,16,2,14,26,19,7
S01007744,Born outside the UK: Resident less than 2 years,5,1,0,1,4,1,3
S01007744,Born outside the UK: Resident 2 years or more and less than 5 years,11,4,0,4,7,5,2
S01007744,Born outside the UK: Resident 5 years or more and less than 10 years,8,4,0,4,4,4,0
S01007744,Born outside the UK: Resident 10 years or more,18,7,2,5,11,9,2
S01007745,All people in households,667,353,102,251,314,234,80
S01007745,Born in the UK,642,345,98,247,297,228,69
S01007745,Born outside the UK: Total,25,8,4,4,17,6,11
S01007745,Born outside the UK: Resident less than 2 years,1,0,0,0,1,0,1
S01007745,Born outside the UK: Resident 2 years or more and less than 5 years,5,0,0,0,5,1,4
S01007745,Born outside the UK: Resident 5 years or more and less than 10 years,3,0,0,0,3,1,2
S01007745,Born outside the UK: Resident 10 years or more,16,8,4,4,8,4,4
S01007746,All people in households,889,478,132,346,411,366,45
S01007746,Born in the UK,863,461,130,331,402,358,44
S01007746,Born outside the UK: Total,26,17,2,15,9,8,1
S01007746,Born outside the UK: Resident less than 2 years,2,1,0,1,1,0,1
S01007746,Born outside the UK: Resident 2 years or more and less than 5 years,7,5,0,5,2,2,0
S01007746,Born outside the UK: Resident 5 years or more and less than 10 years,4,3,0,3,1,1,0
S01007746,Born outside the UK: Resident 10 years or more,13,8,2,6,5,5,0
S01007747,All people in households,505,254,102,152,251,174,77
S01007747,Born in the UK,483,246,99,147,237,171,66
S01007747,Born outside the UK: Total,22,8,3,5,14,3,11
S01007747,Born outside the UK: Resident less than 2 years,3,0,0,0,3,0,3
S01007747,Born outside the UK: Resident 2 years or more and less than 5 years,5,2,0,2,3,0,3
S01007747,Born outside the UK: Resident 5 years or more and less than 10 years,7,3,0,3,4,0,4
S01007747,Born outside the UK: Resident 10 years or more,7,3,3,0,4,3,1
S01007748,All people in households,704,191,60,131,513,473,40
S01007748,Born in the UK,676,185,55,130,491,453,38
S01007748,Born outside the UK: Total,28,6,5,1,22,20,2
S01007748,Born outside the UK: Resident less than 2 years,2,0,0,0,2,0,2
S01007748,Born outside the UK: Resident 2 years or more and less than 5 years,2,0,0,0,2,2,0
S01007748,Born outside the UK: Resident 5 years or more and less than 10 years,5,1,1,0,4,4,0
S01007748,Born outside the UK: Resident 10 years or more,19,5,4,1,14,14,0
S01007749,All people in households,709,642,255,387,67,17,50
S01007749,Born in the UK,663,608,240,368,55,12,43
S01007749,Born outside the UK: Total,46,34,15,19,12,5,7
S01007749,Born outside the UK: Resident less than 2 years,3,2,2,0,1,0,1
S01007749,Born outside the UK: Resident 2 years or more and less than 5 years,8,3,0,3,5,4,1
S01007749,Born outside the UK: Resident 5 years or more and less than 10 years,6,6,1,5,0,0,0
S01007749,Born outside the UK: Resident 10 years or more,29,23,12,11,6,1,5
S01007750,All people in households,794,718,376,342,76,14,62
S01007750,Born in the UK,719,668,352,316,51,13,38
S01007750,Born outside the UK: Total,75,50,24,26,25,1,24
S01007750,Born outside the UK: Resident less than 2 years,17,2,1,1,15,0,15
S01007750,Born outside the UK: Resident 2 years or more and less than 5 years,6,0,0,0,6,1,5
S01007750,Born outside the UK: Resident 5 years or more and less than 10 years,9,7,0,7,2,0,2
S01007750,Born outside the UK: Resident 10 years or more,43,41,23,18,2,0,2
S01007751,All people in households,737,671,380,291,66,0,66
S01007751,Born in the UK,674,614,360,254,60,0,60
S01007751,Born outside the UK: Total,63,57,20,37,6,0,6
S01007751,Born outside the UK: Resident less than 2 years,6,5,0,5,1,0,1
S01007751,Born outside the UK: Resident 2 years or more and less than 5 years,13,11,0,11,2,0,2
S01007751,Born outside the UK: Resident 5 years or more and less than 10 years,5,4,0,4,1,0,1
S01007751,Born outside the UK: Resident 10 years or more,39,37,20,17,2,0,2
S01007752,All people in households,689,565,293,272,124,61,63
S01007752,Born in the UK,663,543,283,260,120,60,60
S01007752,Born outside the UK: Total,26,22,10,12,4,1,3
S01007752,Born outside the UK: Resident less than 2 years,0,0,0,0,0,0,0
S01007752,Born outside the UK: Resident 2 years or more and less than 5 years,3,1,1,0,2,0,2
S01007752,Born outside the UK: Resident 5 years or more and less than 10 years,3,3,0,3,0,0,0
S01007752,Born outside the UK: Resident 10 years or more,20,18,9,9,2,1,1
S01007753,All people in households,535,271,87,184,264,215,49
S01007753,Born in the UK,511,263,84,179,248,202,46
S01007753,Born outside the UK: Total,24,8,3,5,16,13,3
S01007753,Born outside the UK: Resident less than 2 years,0,0,0,0,0,0,0
S01007753,Born outside the UK: Resident 2 years or more and less than 5 years,8,0,0,0,8,8,0
S01007753,Born outside the UK: Resident 5 years or more and less than 10 years,8,4,1,3,4,1,3
S01007753,Born outside the UK: Resident 10 years or more,8,4,2,2,4,4,0
S01007754,All people in households,884,422,158,264,462,421,41
S01007754,Born in the UK,853,404,156,248,449,411,38
S01007754,Born outside the UK: Total,31,18,2,16,13,10,3
S01007754,Born outside the UK: Resident less than 2 years,0,0,0,0,0,0,0
S01007754,Born outside the UK: Resident 2 years or more and less than 5 years,10,7,0,7,3,1,2
S01007754,Born outside the UK: Resident 5 years or more and less than 10 years,10,2,0,2,8,8,0
S01007754,Born outside the UK: Resident 10 years or more,11,9,2,7,2,1,1
S01007755,All people in households,877,365,139,226,512,429,83
S01007755,Born in the UK,855,354,135,219,501,419,82
S01007755,Born outside the UK: Total,22,11,4,7,11,10,1
S01007755,Born outside the UK: Resident less than 2 years,4,2,0,2,2,2,0
S01007755,Born outside the UK: Resident 2 years or more and less than 5 years,8,3,0,3,5,5,0
S01007755,Born outside the UK: Resident 5 years or more and less than 10 years,1,0,0,0,1,1,0
S01007755,Born outside the UK: Resident 10 years or more,9,6,4,2,3,2,1
S01007756,All people in households,629,306,112,194,323,259,64
S01007756,Born in the UK,607,291,110,181,316,253,63
S01007756,Born outside the UK: Total,22,15,2,13,7,6,1
S01007756,Born outside the UK: Resident less than 2 years,2,0,0,0,2,2,0
S01007756,Born outside the UK: Resident 2 years or more and less than 5 years,1,1,0,1,0,0,0
S01007756,Born outside the UK: Resident 5 years or more and less than 10 years,10,7,0,7,3,3,0
S01007756,Born outside the UK: Resident 10 years or more,9,7,2,5,2,1,1
S01007757,All people in households,840,781,410,371,59,7,52
S01007757,Born in the UK,782,741,387,354,41,2,39
S01007757,Born outside the UK: Total,58,40,23,17,18,5,13
S01007757,Born outside the UK: Resident less than 2 years,5,1,0,1,4,1,3
S01007757,Born outside the UK: Resident 2 years or more and less than 5 years,11,1,0,1,10,3,7
S01007757,Born outside the UK: Resident 5 years or more and less than 10 years,8,7,1,6,1,1,0
S01007757,Born outside the UK: Resident 10 years or more,34,31,22,9,3,0,3
S01007758,All people in households,899,758,440,318,141,17,124
S01007758,Born in the UK,842,730,427,303,112,14,98
S01007758,Born outside the UK: Total,57,28,13,15,29,3,26
S01007758,Born outside the UK: Resident less than 2 years,9,1,1,0,8,0,8
S01007758,Born outside the UK: Resident 2 years or more and less than 5 years,5,1,1,0,4,1,3
S01007758,Born outside the UK: Resident 5 years or more and less than 10 years,11,8,0,8,3,1,2
S01007758,Born outside the UK: Resident 10 years or more,32,18,11,7,14,1,13
S01007759,All people in households,951,415,212,203,536,144,392
S01007759,Born in the UK,900,394,200,194,506,143,363
S01007759,Born outside the UK: Total,51,21,12,9,30,1,29
S01007759,Born outside the UK: Resident less than 2 years,6,3,3,0,3,0,3
S01007759,Born outside the UK: Resident 2 years or more and less than 5 years,6,0,0,0,6,0,6
S01007759,Born outside the UK: Resident 5 years or more and less than 10 years,14,4,3,1,10,0,10
S01007759,Born outside the UK: Resident 10 years or more,25,14,6,8,11,1,10
S01007760,All people in households,588,545,295,250,43,3,40
S01007760,Born in the UK,561,521,282,239,40,3,37
S01007760,Born outside the UK: Total,27,24,13,11,3,0,3
S01007760,Born outside the UK: Resident less than 2 years,1,1,0,1,0,0,0
S01007760,Born outside the UK: Resident 2 years or more and less than 5 years,5,5,1,4,0,0,0
S01007760,Born outside the UK: Resident 5 years or more and less than 10 years,1,1,0,1,0,0,0
S01007760,Born outside the UK: Resident 10 years or more,20,17,12,5,3,0,3
S01007761,All people in households,849,725,347,378,124,7,117
S01007761,Born in the UK,779,689,329,360,90,7,83
S01007761,Born outside the UK: Total,70,36,18,18,34,0,34
S01007761,Born outside the UK: Resident less than 2 years,13,1,1,0,12,0,12
S01007761,Born outside the UK: Resident 2 years or more and less than 5 years,9,0,0,0,9,0,9
S01007761,Born outside the UK: Resident 5 years or more and less than 10 years,11,7,4,3,4,0,4
S01007761,Born outside the UK: Resident 10 years or more,37,28,13,15,9,0,9
S01007762,All people in households,761,441,233,208,320,31,289
S01007762,Born in the UK,718,422,226,196,296,31,265
S01007762,Born outside the UK: Total,43,19,7,12,24,0,24
S01007762,Born outside the UK: Resident less than 2 years,4,1,0,1,3,0,3
S01007762,Born outside the UK: Resident 2 years or more and less than 5 years,8,2,0,2,6,0,6
S01007762,Born outside the UK: Resident 5 years or more and less than 10 years,4,0,0,0,4,0,4
S01007762,Born outside the UK: Resident 10 years or more,27,16,7,9,11,0,11
S01007763,All people in households,545,254,92,162,291,242,49
S01007763,Born in the UK,523,242,90,152,281,238,43
S01007763,Born outside the UK: Total,22,12,2,10,10,4,6
S01007763,Born outside the UK: Resident less than 2 years,3,1,0,1,2,0,2
S01007763,Born outside the UK: Resident 2 years or more and less than 5 years,3,0,0,0,3,0,3
S01007763,Born outside the UK: Resident 5 years or more and less than 10 years,5,5,0,5,0,0,0
S01007763,Born outside the UK: Resident 10 years or more,11,6,2,4,5,4,1
S01007764,All people in households,756,711,302,409,45,7,38
S01007764,Born in the UK,727,690,290,400,37,4,33
S01007764,Born outside the UK: Total,29,21,12,9,8,3,5
S01007764,Born outside the UK: Resident less than 2 years,2,1,0,1,1,0,1
S01007764,Born outside the UK: Resident 2 years or more and less than 5 years,3,0,0,0,3,1,2
S01007764,Born outside the UK: Resident 5 years or more and less than 10 years,2,0,0,0,2,2,0
S01007764,Born outside the UK: Resident 10 years or more,22,20,12,8,2,0,2
S01007765,All people in households,683,637,306,331,46,3,43
S01007765,Born in the UK,662,619,297,322,43,1,42
S01007765,Born outside the UK: Total,21,18,9,9,3,2,1
S01007765,Born outside the UK: Resident less than 2 years,0,0,0,0,0,0,0
S01007765,Born outside the UK: Resident 2 years or more and less than 5 years,1,0,0,0,1,0,1
S01007765,Born outside the UK: Resident 5 years or more and less than 10 years,5,5,0,5,0,0,0
S01007765,Born outside the UK: Resident 10 years or more,15,13,9,4,2,2,0
S01007766,All people in households,914,862,377,485,52,11,41
S01007766,Born in the UK,874,831,371,460,43,6,37
S01007766,Born outside the UK: Total,40,31,6,25,9,5,4
S01007766,Born outside the UK: Resident less than 2 years,0,0,0,0,0,0,0
S01007766,Born outside the UK: Resident 2 years or more and less than 5 years,2,1,0,1,1,0,1
S01007766,Born outside the UK: Resident 5 years or more and less than 10 years,14,9,1,8,5,5,0
S01007766,Born outside the UK: Resident 10 years or more,24,21,5,16,3,0,3
S01007767,All people in households,884,833,367,466,51,1,50
S01007767,Born in the UK,848,804,351,453,44,1,43
S01007767,Born outside the UK: Total,36,29,16,13,7,0,7
S01007767,Born outside the UK: Resident less than 2 years,1,1,0,1,0,0,0
S01007767,Born outside the UK: Resident 2 years or more and less than 5 years,7,2,1,1,5,0,5
S01007767,Born outside the UK: Resident 5 years or more and less than 10 years,3,3,0,3,0,0,0
S01007767,Born outside the UK: Resident 10 years or more,25,23,15,8,2,0,2
S01007768,All people in households,649,439,205,234,210,67,143
S01007768,Born in the UK,616,419,200,219,197,62,135
S01007768,Born outside the UK: Total,33,20,5,15,13,5,8
S01007768,Born outside the UK: Resident less than 2 years,1,1,0,1,0,0,0
S01007768,Born outside the UK: Resident 2 years or more and less than 5 years,2,1,1,0,1,0,1
S01007768,Born outside the UK: Resident 5 years or more and less than 10 years,4,1,0,1,3,1,2
S01007768,Born outside the UK: Resident 10 years or more,26,17,4,13,9,4,5
S01007769,All people in households,708,640,327,313,68,25,43
S01007769,Born in the UK,674,610,308,302,64,22,42
S01007769,Born outside the UK: Total,34,30,19,11,4,3,1
S01007769,Born outside the UK: Resident less than 2 years,4,4,4,0,0,0,0
S01007769,Born outside the UK: Resident 2 years or more and less than 5 years,1,0,0,0,1,1,0
S01007769,Born outside the UK: Resident 5 years or more and less than 10 years,1,1,0,1,0,0,0
S01007769,Born outside the UK: Resident 10 years or more,28,25,15,10,3,2,1
S01007770,All people in households,738,640,317,323,98,10,88
S01007770,Born in the UK,701,613,308,305,88,10,78
S01007770,Born outside the UK: Total,37,27,9,18,10,0,10
S01007770,Born outside the UK: Resident less than 2 years,0,0,0,0,0,0,0
S01007770,Born outside the UK: Resident 2 years or more and less than 5 years,2,2,1,1,0,0,0
S01007770,Born outside the UK: Resident 5 years or more and less than 10 years,9,6,1,5,3,0,3
S01007770,Born outside the UK: Resident 10 years or more,26,19,7,12,7,0,7
S01007771,All people in households,532,514,259,255,18,0,18
S01007771,Born in the UK,512,495,252,243,17,0,17
S01007771,Born outside the UK: Total,20,19,7,12,1,0,1
S01007771,Born outside the UK: Resident less than 2 years,1,0,0,0,1,0,1
S01007771,Born outside the UK: Resident 2 years or more and less than 5 years,4,4,0,4,0,0,0
S01007771,Born outside the UK: Resident 5 years or more and less than 10 years,3,3,0,3,0,0,0
S01007771,Born outside the UK: Resident 10 years or more,12,12,7,5,0,0,0
S01007772,All people in households,964,527,226,301,437,255,182
S01007772,Born in the UK,926,513,221,292,413,249,164
S01007772,Born outside the UK: Total,38,14,5,9,24,6,18
S01007772,Born outside the UK: Resident less than 2 years,7,0,0,0,7,0,7
S01007772,Born outside the UK: Resident 2 years or more and less than 5 years,3,0,0,0,3,0,3
S01007772,Born outside the UK: Resident 5 years or more and less than 10 years,8,5,2,3,3,0,3
S01007772,Born outside the UK: Resident 10 years or more,20,9,3,6,11,6,5
S01007773,All people in households,734,705,308,397,29,8,21
S01007773,Born in the UK,708,682,297,385,26,8,18
S01007773,Born outside the UK: Total,26,23,11,12,3,0,3
S01007773,Born outside the UK: Resident less than 2 years,4,1,0,1,3,0,3
S01007773,Born outside the UK: Resident 2 years or more and less than 5 years,3,3,0,3,0,0,0
S01007773,Born outside the UK: Resident 5 years or more and less than 10 years,0,0,0,0,0,0,0
S01007773,Born outside the UK: Resident 10 years or more,19,19,11,8,0,0,0
S01007774,All people in households,954,882,97,785,72,13,59
S01007774,Born in the UK,915,856,95,761,59,7,52
S01007774,Born outside the UK: Total,39,26,2,24,13,6,7
S01007774,Born outside the UK: Resident less than 2 years,3,0,0,0,3,0,3
S01007774,Born outside the UK: Resident 2 years or more and less than 5 years,7,5,0,5,2,0,2
S01007774,Born outside the UK: Resident 5 years or more and less than 10 years,11,6,0,6,5,5,0
S01007774,Born outside the UK: Resident 10 years or more,18,15,2,13,3,1,2
S01007775,All people in households,825,742,218,524,83,3,80
S01007775,Born in the UK,776,705,210,495,71,3,68
S01007775,Born outside the UK: Total,49,37,8,29,12,0,12
S01007775,Born outside the UK: Resident less than 2 years,0,0,0,0,0,0,0
S01007775,Born outside the UK: Resident 2 years or more and less than 5 years,6,1,0,1,5,0,5
S01007775,Born outside the UK: Resident 5 years or more and less than 10 years,8,5,0,5,3,0,3
S01007775,Born outside the UK: Resident 10 years or more,35,31,8,23,4,0,4
S01007776,All people in households,727,646,183,463,81,2,79
S01007776,Born in the UK,682,615,175,440,67,2,65
S01007776,Born outside the UK: Total,45,31,8,23,14,0,14
S01007776,Born outside the UK: Resident less than 2 years,11,1,1,0,10,0,10
S01007776,Born outside the UK: Resident 2 years or more and less than 5 years,3,2,0,2,1,0,1
S01007776,Born outside the UK: Resident 5 years or more and less than 10 years,5,5,0,5,0,0,0
S01007776,Born outside the UK: Resident 10 years or more,26,23,7,16,3,0,3
S01007777,All people in households,962,897,102,795,65,2,63
S01007777,Born in the UK,909,849,94,755,60,2,58
S01007777,Born outside the UK: Total,53,48,8,40,5,0,5
S01007777,Born outside the UK: Resident less than 2 years,1,1,0,1,0,0,0
S01007777,Born outside the UK: Resident 2 years or more and less than 5 years,7,3,0,3,4,0,4
S01007777,Born outside the UK: Resident 5 years or more and less than 10 years,15,14,0,14,1,0,1
S01007777,Born outside the UK: Resident 10 years or more,30,30,8,22,0,0,0
S01007778,All people in households,446,428,69,359,18,4,14
S01007778,Born in the UK,425,412,63,349,13,3,10
S01007778,Born outside the UK: Total,21,16,6,10,5,1,4
S01007778,Born outside the UK: Resident less than 2 years,0,0,0,0,0,0,0
S01007778,Born outside the UK: Resident 2 years or more and less than 5 years,5,3,2,1,2,0,2
S01007778,Born outside the UK: Resident 5 years or more and less than 10 years,3,3,1,2,0,0,0
S01007778,Born outside the UK: Resident 10 years or more,13,10,3,7,3,1,2
S01007779,All people in households,701,622,188,434,79,33,46
S01007779,Born in the UK,689,612,187,425,77,33,44
S01007779,Born outside the UK: Total,12,10,1,9,2,0,2
S01007779,Born outside the UK: Resident less than 2 years,1,1,0,1,0,0,0
S01007779,Born outside the UK: Resident 2 years or more and less than 5 years,0,0,0,0,0,0,0
S01007779,Born outside the UK: Resident 5 years or more and less than 10 years,0,0,0,0,0,0,0
S01007779,Born outside the UK: Resident 10 years or more,11,9,1,8,2,0,2
S01007780,All people in households,795,711,157,554,84,21,63
S01007780,Born in the UK,771,690,154,536,81,20,61
S01007780,Born outside the UK: Total,24,21,3,18,3,1,2
S01007780,Born outside the UK: Resident less than 2 years,4,2,0,2,2,0,2
S01007780,Born outside the UK: Resident 2 years or more and less than 5 years,6,6,0,6,0,0,0
S01007780,Born outside the UK: Resident 5 years or more and less than 10 years,1,1,0,1,0,0,0
S01007780,Born outside the UK: Resident 10 years or more,13,12,3,9,1,1,0
S01007781,All people in households,899,692,124,568,207,148,59
S01007781,Born in the UK,874,674,122,552,200,142,58
S01007781,Born outside the UK: Total,25,18,2,16,7,6,1
S01007781,Born outside the UK: Resident less than 2 years,1,1,1,0,0,0,0
S01007781,Born outside the UK: Resident 2 years or more and less than 5 years,5,4,1,3,1,0,1
S01007781,Born outside the UK: Resident 5 years or more and less than 10 years,12,7,0,7,5,5,0
S01007781,Born outside the UK: Resident 10 years or more,7,6,0,6,1,1,0
S01007782,All people in households,499,194,61,133,305,155,150
S01007782,Born in the UK,455,176,59,117,279,148,131
S01007782,Born outside the UK: Total,44,18,2,16,26,7,19
S01007782,Born outside the UK: Resident less than 2 years,10,2,1,1,8,0,8
S01007782,Born outside the UK: Resident 2 years or more and less than 5 years,13,6,1,5,7,6,1
S01007782,Born outside the UK: Resident 5 years or more and less than 10 years,17,8,0,8,9,0,9
S01007782,Born outside the UK: Resident 10 years or more,4,2,0,2,2,1,1
S01007783,All people in households,782,232,133,99,550,522,28
S01007783,Born in the UK,764,225,131,94,539,516,23
S01007783,Born outside the UK: Total,18,7,2,5,11,6,5
S01007783,Born outside the UK: Resident less than 2 years,1,0,0,0,1,0,1
S01007783,Born outside the UK: Resident 2 years or more and less than 5 years,2,1,0,1,1,0,1
S01007783,Born outside the UK: Resident 5 years or more and less than 10 years,3,1,0,1,2,0,2
S01007783,Born outside the UK: Resident 10 years or more,12,5,2,3,7,6,1
S01007784,All people in households,711,452,49,403,259,193,66
S01007784,Born in the UK,680,435,47,388,245,189,56
S01007784,Born outside the UK: Total,31,17,2,15,14,4,10
S01007784,Born outside the UK: Resident less than 2 years,2,0,0,0,2,0,2
S01007784,Born outside the UK: Resident 2 years or more and less than 5 years,4,3,0,3,1,0,1
S01007784,Born outside the UK: Resident 5 years or more and less than 10 years,8,1,0,1,7,4,3
S01007784,Born outside the UK: Resident 10 years or more,17,13,2,11,4,0,4
S01007785,All people in households,603,119,29,90,484,455,29
S01007785,Born in the UK,590,113,29,84,477,448,29
S01007785,Born outside the UK: Total,13,6,0,6,7,7,0
S01007785,Born outside the UK: Resident less than 2 years,4,1,0,1,3,3,0
S01007785,Born outside the UK: Resident 2 years or more and less than 5 years,3,3,0,3,0,0,0
S01007785,Born outside the UK: Resident 5 years or more and less than 10 years,0,0,0,0,0,0,0
S01007785,Born outside the UK: Resident 10 years or more,6,2,0,2,4,4,0
S01007786,All people in households,763,469,225,244,294,200,94
S01007786,Born in the UK,752,463,221,242,289,198,91
S01007786,Born outside the UK: Total,11,6,4,2,5,2,3
S01007786,Born outside the UK: Resident less than 2 years,0,0,0,0,0,0,0
S01007786,Born outside the UK: Resident 2 years or more and less than 5 years,1,0,0,0,1,0,1
S01007786,Born outside the UK: Resident 5 years or more and less than 10 years,3,0,0,0,3,1,2
S01007786,Born outside the UK: Resident 10 years or more,7,6,4,2,1,1,0
S01007787,All people in households,676,366,132,234,310,214,96
S01007787,Born in the UK,659,358,131,227,301,210,91
S01007787,Born outside the UK: Total,17,8,1,7,9,4,5
S01007787,Born outside the UK: Resident less than 2 years,0,0,0,0,0,0,0
S01007787,Born outside the UK: Resident 2 years or more and less than 5 years,5,1,0,1,4,0,4
S01007787,Born outside the UK: Resident 5 years or more and less than 10 years,1,0,0,0,1,0,1
S01007787,Born outside the UK: Resident 10 years or more,11,7,1,6,4,4,0
S01007788,All people in households,708,27,4,23,681,673,8
S01007788,Born in the UK,676,25,4,21,651,644,7
S01007788,Born outside the UK: Total,32,2,0,2,30,29,1
S01007788,Born outside the UK: Resident less than 2 years,2,0,0,0,2,2,0
S01007788,Born outside the UK: Resident 2 years or more and less than 5 years,19,0,0,0,19,18,1
S01007788,Born outside the UK: Resident 5 years or more and less than 10 years,8,2,0,2,6,6,0
S01007788,Born outside the UK: Resident 10 years or more,3,0,0,0,3,3,0
S01007789,All people in households,624,80,3,77,544,529,15
S01007789,Born in the UK,611,77,3,74,534,520,14
S01007789,Born outside the UK: Total,13,3,0,3,10,9,1
S01007789,Born outside the UK: Resident less than 2 years,1,1,0,1,0,0,0
S01007789,Born outside the UK: Resident 2 years or more and less than 5 years,2,0,0,0,2,1,1
S01007789,Born outside the UK: Resident 5 years or more and less than 10 years,1,0,0,0,1,1,0
S01007789,Born outside the UK: Resident 10 years or more,9,2,0,2,7,7,0
S01007790,All people in households,895,93,23,70,802,774,28
S01007790,Born in the UK,863,87,23,64,776,753,23
S01007790,Born outside the UK: Total,32,6,0,6,26,21,5
S01007790,Born outside the UK: Resident less than 2 years,9,0,0,0,9,8,1
S01007790,Born outside the UK: Resident 2 years or more and less than 5 years,5,0,0,0,5,5,0
S01007790,Born outside the UK: Resident 5 years or more and less than 10 years,8,4,0,4,4,2,2
S01007790,Born outside the UK: Resident 10 years or more,10,2,0,2,8,6,2
S01007791,All people in households,468,420,57,363,48,13,35
S01007791,Born in the UK,456,412,55,357,44,12,32
S01007791,Born outside the UK: Total,12,8,2,6,4,1,3
S01007791,Born outside the UK: Resident less than 2 years,2,0,0,0,2,0,2
S01007791,Born outside the UK: Resident 2 years or more and less than 5 years,2,2,0,2,0,0,0
S01007791,Born outside the UK: Resident 5 years or more and less than 10 years,2,2,0,2,0,0,0
S01007791,Born outside the UK: Resident 10 years or more,6,4,2,2,2,1,1
S01007792,All people in households,879,595,229,366,284,231,53
S01007792,Born in the UK,858,580,227,353,278,225,53
S01007792,Born outside the UK: Total,21,15,2,13,6,6,0
S01007792,Born outside the UK: Resident less than 2 years,4,4,0,4,0,0,0
S01007792,Born outside the UK: Resident 2 years or more and less than 5 years,6,4,0,4,2,2,0
S01007792,Born outside the UK: Resident 5 years or more and less than 10 years,1,1,1,0,0,0,0
S01007792,Born outside the UK: Resident 10 years or more,10,6,1,5,4,4,0
S01007793,All people in households,959,291,110,181,668,583,85
S01007793,Born in the UK,889,285,110,175,604,526,78
S01007793,Born outside the UK: Total,70,6,0,6,64,57,7
S01007793,Born outside the UK: Resident less than 2 years,15,0,0,0,15,14,1
S01007793,Born outside the UK: Resident 2 years or more and less than 5 years,37,0,0,0,37,32,5
S01007793,Born outside the UK: Resident 5 years or more and less than 10 years,7,4,0,4,3,3,0
S01007793,Born outside the UK: Resident 10 years or more,11,2,0,2,9,8,1
S01007794,All people in households,567,399,150,249,168,126,42
S01007794,Born in the UK,556,391,149,242,165,124,41
S01007794,Born outside the UK: Total,11,8,1,7,3,2,1
S01007794,Born outside the UK: Resident less than 2 years,0,0,0,0,0,0,0
S01007794,Born outside the UK: Resident 2 years or more and less than 5 years,1,1,0,1,0,0,0
S01007794,Born outside the UK: Resident 5 years or more and less than 10 years,0,0,0,0,0,0,0
S01007794,Born outside the UK: Resident 10 years or more,10,7,1,6,3,2,1
S01007795,All people in households,606,366,149,217,240,153,87
S01007795,Born in the UK,589,355,148,207,234,153,81
S01007795,Born outside the UK: Total,17,11,1,10,6,0,6
S01007795,Born outside the UK: Resident less than 2 years,0,0,0,0,0,0,0
S01007795,Born outside the UK: Resident 2 years or more and less than 5 years,7,4,0,4,3,0,3
S01007795,Born outside the UK: Resident 5 years or more and less than 10 years,3,2,0,2,1,0,1
S01007795,Born outside the UK: Resident 10 years or more,7,5,1,4,2,0,2
S01007796,All people in households,724,394,90,304,330,244,86
S01007796,Born in the UK,689,378,86,292,311,225,86
S01007796,Born outside the UK: Total,35,16,4,12,19,19,0
S01007796,Born outside the UK: Resident less than 2 years,6,1,0,1,5,5,0
S01007796,Born outside the UK: Resident 2 years or more and less than 5 years,3,2,0,2,1,1,0
S01007796,Born outside the UK: Resident 5 years or more and less than 10 years,5,2,0,2,3,3,0
S01007796,Born outside the UK: Resident 10 years or more,21,11,4,7,10,10,0
S01007797,All people in households,522,223,76,147,299,260,39
S01007797,Born in the UK,497,213,72,141,284,247,37
S01007797,Born outside the UK: Total,25,10,4,6,15,13,2
S01007797,Born outside the UK: Resident less than 2 years,1,1,0,1,0,0,0
S01007797,Born outside the UK: Resident 2 years or more and less than 5 years,7,2,0,2,5,4,1
S01007797,Born outside the UK: Resident 5 years or more and less than 10 years,2,0,0,0,2,1,1
S01007797,Born outside the UK: Resident 10 years or more,15,7,4,3,8,8,0
S01007798,All people in households,665,539,97,442,126,20,106
S01007798,Born in the UK,629,515,91,424,114,19,95
S01007798,Born outside the UK: Total,36,24,6,18,12,1,11
S01007798,Born outside the UK: Resident less than 2 years,0,0,0,0,0,0,0
S01007798,Born outside the UK: Resident 2 years or more and less than 5 years,5,2,0,2,3,0,3
S01007798,Born outside the UK: Resident 5 years or more and less than 10 years,8,3,0,3,5,0,5
S01007798,Born outside the UK: Resident 10 years or more,23,19,6,13,4,1,3
S01007799,All people in households,622,564,57,507,58,28,30
S01007799,Born in the UK,576,529,53,476,47,24,23
S01007799,Born outside the UK: Total,46,35,4,31,11,4,7
S01007799,Born outside the UK: Resident less than 2 years,8,2,0,2,6,4,2
S01007799,Born outside the UK: Resident 2 years or more and less than 5 years,9,6,0,6,3,0,3
S01007799,Born outside the UK: Resident 5 years or more and less than 10 years,8,6,0,6,2,0,2
S01007799,Born outside the UK: Resident 10 years or more,21,21,4,17,0,0,0
S01007800,All people in households,913,353,122,231,560,471,89
S01007800,Born in the UK,889,334,121,213,555,466,89
S01007800,Born outside the UK: Total,24,19,1,18,5,5,0
S01007800,Born outside the UK: Resident less than 2 years,1,0,0,0,1,1,0
S01007800,Born outside the UK: Resident 2 years or more and less than 5 years,1,1,0,1,0,0,0
S01007800,Born outside the UK: Resident 5 years or more and less than 10 years,14,14,0,14,0,0,0
S01007800,Born outside the UK: Resident 10 years or more,8,4,1,3,4,4,0
S01007801,All people in households,833,227,90,137,606,530,76
S01007801,Born in the UK,806,215,86,129,591,517,74
S01007801,Born outside the UK: Total,27,12,4,8,15,13,2
S01007801,Born outside the UK: Resident less than 2 years,0,0,0,0,0,0,0
S01007801,Born outside the UK: Resident 2 years or more and less than 5 years,7,3,1,2,4,2,2
S01007801,Born outside the UK: Resident 5 years or more and less than 10 years,2,1,0,1,1,1,0
S01007801,Born outside the UK: Resident 10 years or more,18,8,3,5,10,10,0
S01007802,All people in households,547,480,52,428,67,22,45
S01007802,Born in the UK,498,446,46,400,52,19,33
S01007802,Born outside the UK: Total,49,34,6,28,15,3,12
S01007802,Born outside the UK: Resident less than 2 years,9,1,0,1,8,0,8
S01007802,Born outside the UK: Resident 2 years or more and less than 5 years,9,9,1,8,0,0,0
S01007802,Born outside the UK: Resident 5 years or more and less than 10 years,17,14,0,14,3,1,2
S01007802,Born outside the UK: Resident 10 years or more,14,10,5,5,4,2,2
S01007803,All people in households,1087,227,90,137,860,803,57
S01007803,Born in the UK,1055,216,90,126,839,790,49
S01007803,Born outside the UK: Total,32,11,0,11,21,13,8
S01007803,Born outside the UK: Resident less than 2 years,7,2,0,2,5,0,5
S01007803,Born outside the UK: Resident 2 years or more and less than 5 years,6,0,0,0,6,4,2
S01007803,Born outside the UK: Resident 5 years or more and less than 10 years,6,3,0,3,3,2,1
S01007803,Born outside the UK: Resident 10 years or more,13,6,0,6,7,7,0
S01007804,All people in households,627,123,29,94,504,457,47
S01007804,Born in the UK,607,116,26,90,491,446,45
S01007804,Born outside the UK: Total,20,7,3,4,13,11,2
S01007804,Born outside the UK: Resident less than 2 years,0,0,0,0,0,0,0
S01007804,Born outside the UK: Resident 2 years or more and less than 5 years,3,2,0,2,1,1,0
S01007804,Born outside the UK: Resident 5 years or more and less than 10 years,9,2,2,0,7,7,0
S01007804,Born outside the UK: Resident 10 years or more,8,3,1,2,5,3,2
S01007805,All people in households,520,192,45,147,328,262,66
S01007805,Born in the UK,510,183,45,138,327,262,65
S01007805,Born outside the UK: Total,10,9,0,9,1,0,1
S01007805,Born outside the UK: Resident less than 2 years,0,0,0,0,0,0,0
S01007805,Born outside the UK: Resident 2 years or more and less than 5 years,2,2,0,2,0,0,0
S01007805,Born outside the UK: Resident 5 years or more and less than 10 years,5,5,0,5,0,0,0
S01007805,Born outside the UK: Resident 10 years or more,3,2,0,2,1,0,1
S01007806,All people in households,634,360,130,230,274,239,35
S01007806,Born in the UK,610,348,129,219,262,231,31
S01007806,Born outside the UK: Total,24,12,1,11,12,8,4
S01007806,Born outside the UK: Resident less than 2 years,1,0,0,0,1,0,1
S01007806,Born outside the UK: Resident 2 years or more and less than 5 years,9,2,0,2,7,7,0
S01007806,Born outside the UK: Resident 5 years or more and less than 10 years,10,8,0,8,2,0,2
S01007806,Born outside the UK: Resident 10 years or more,4,2,1,1,2,1,1
S01007807,All people in households,707,621,143,478,86,48,38
S01007807,Born in the UK,691,608,141,467,83,47,36
S01007807,Born outside the UK: Total,16,13,2,11,3,1,2
S01007807,Born outside the UK: Resident less than 2 years,0,0,0,0,0,0,0
S01007807,Born outside the UK: Resident 2 years or more and less than 5 years,2,2,0,2,0,0,0
S01007807,Born outside the UK: Resident 5 years or more and less than 10 years,0,0,0,0,0,0,0
S01007807,Born outside the UK: Resident 10 years or more,14,11,2,9,3,1,2
S01007808,All people in households,848,523,89,434,325,247,78
S01007808,Born in the UK,815,507,88,419,308,236,72
S01007808,Born outside the UK: Total,33,16,1,15,17,11,6
S01007808,Born outside the UK: Resident less than 2 years,1,0,0,0,1,0,1
S01007808,Born outside the UK: Resident 2 years or more and less than 5 years,11,5,0,5,6,4,2
S01007808,Born outside the UK: Resident 5 years or more and less than 10 years,9,5,0,5,4,2,2
S01007808,Born outside the UK: Resident 10 years or more,12,6,1,5,6,5,1
S01007809,All people in households,919,857,368,489,62,24,38
S01007809,Born in the UK,887,828,358,470,59,24,35
S01007809,Born outside the UK: Total,32,29,10,19,3,0,3
S01007809,Born outside the UK: Resident less than 2 years,2,1,0,1,1,0,1
S01007809,Born outside the UK: Resident 2 years or more and less than 5 years,5,3,1,2,2,0,2
S01007809,Born outside the UK: Resident 5 years or more and less than 10 years,1,1,0,1,0,0,0
S01007809,Born outside the UK: Resident 10 years or more,24,24,9,15,0,0,0
S01007810,All people in households,883,422,124,298,461,405,56
S01007810,Born in the UK,861,407,121,286,454,403,51
S01007810,Born outside the UK: Total,22,15,3,12,7,2,5
S01007810,Born outside the UK: Resident less than 2 years,3,0,0,0,3,1,2
S01007810,Born outside the UK: Resident 2 years or more and less than 5 years,4,4,0,4,0,0,0
S01007810,Born outside the UK: Resident 5 years or more and less than 10 years,8,5,2,3,3,0,3
S01007810,Born outside the UK: Resident 10 years or more,7,6,1,5,1,1,0
S01007811,All people in households,871,475,130,345,396,368,28
S01007811,Born in the UK,845,455,126,329,390,364,26
S01007811,Born outside the UK: Total,26,20,4,16,6,4,2
S01007811,Born outside the UK: Resident less than 2 years,5,5,3,2,0,0,0
S01007811,Born outside the UK: Resident 2 years or more and less than 5 years,5,4,0,4,1,0,1
S01007811,Born outside the UK: Resident 5 years or more and less than 10 years,5,4,0,4,1,0,1
S01007811,Born outside the UK: Resident 10 years or more,11,7,1,6,4,4,0
S01007812,All people in households,850,223,46,177,627,576,51
S01007812,Born in the UK,798,190,45,145,608,557,51
S01007812,Born outside the UK: Total,52,33,1,32,19,19,0
S01007812,Born outside the UK: Resident less than 2 years,1,1,0,1,0,0,0
S01007812,Born outside the UK: Resident 2 years or more and less than 5 years,9,8,0,8,1,1,0
S01007812,Born outside the UK: Resident 5 years or more and less than 10 years,28,22,0,22,6,6,0
S01007812,Born outside the UK: Resident 10 years or more,14,2,1,1,12,12,0
S01007813,All people in households,799,319,108,211,480,409,71
S01007813,Born in the UK,757,293,105,188,464,399,65
S01007813,Born outside the UK: Total,42,26,3,23,16,10,6
S01007813,Born outside the UK: Resident less than 2 years,5,4,0,4,1,1,0
S01007813,Born outside the UK: Resident 2 years or more and less than 5 years,16,6,0,6,10,5,5
S01007813,Born outside the UK: Resident 5 years or more and less than 10 years,8,8,0,8,0,0,0
S01007813,Born outside the UK: Resident 10 years or more,13,8,3,5,5,4,1
S01007814,All people in households,565,409,148,261,156,108,48
S01007814,Born in the UK,548,399,147,252,149,106,43
S01007814,Born outside the UK: Total,17,10,1,9,7,2,5
S01007814,Born outside the UK: Resident less than 2 years,4,0,0,0,4,0,4
S01007814,Born outside the UK: Resident 2 years or more and less than 5 years,0,0,0,0,0,0,0
S01007814,Born outside the UK: Resident 5 years or more and less than 10 years,0,0,0,0,0,0,0
S01007814,Born outside the UK: Resident 10 years or more,13,10,1,9,3,2,1
S01007815,All people in households,856,784,291,493,72,30,42
S01007815,Born in the UK,834,765,281,484,69,29,40
S01007815,Born outside the UK: Total,22,19,10,9,3,1,2
S01007815,Born outside the UK: Resident less than 2 years,3,2,0,2,1,0,1
S01007815,Born outside the UK: Resident 2 years or more and less than 5 years,2,1,0,1,1,1,0
S01007815,Born outside the UK: Resident 5 years or more and less than 10 years,0,0,0,0,0,0,0
S01007815,Born outside the UK: Resident 10 years or more,17,16,10,6,1,0,1
S01007816,All people in households,669,580,209,371,89,29,60
S01007816,Born in the UK,662,574,206,368,88,29,59
S01007816,Born outside the UK: Total,7,6,3,3,1,0,1
S01007816,Born outside the UK: Resident less than 2 years,0,0,0,0,0,0,0
S01007816,Born outside the UK: Resident 2 years or more and less than 5 years,1,1,0,1,0,0,0
S01007816,Born outside the UK: Resident 5 years or more and less than 10 years,0,0,0,0,0,0,0
S01007816,Born outside the UK: Resident 10 years or more,6,5,3,2,1,0,1
S01007817,All people in households,449,351,198,153,98,64,34
S01007817,Born in the UK,444,350,198,152,94,64,30
S01007817,Born outside the UK: Total,5,1,0,1,4,0,4
S01007817,Born outside the UK: Resident less than 2 years,0,0,0,0,0,0,0
S01007817,Born outside the UK: Resident 2 years or more and less than 5 years,0,0,0,0,0,0,0
S01007817,Born outside the UK: Resident 5 years or more and less than 10 years,4,0,0,0,4,0,4
S01007817,Born outside the UK: Resident 10 years or more,1,1,0,1,0,0,0
S01007818,All people in households,753,607,189,418,146,75,71
S01007818,Born in the UK,736,591,182,409,145,75,70
S01007818,Born outside the UK: Total,17,16,7,9,1,0,1
S01007818,Born outside the UK: Resident less than 2 years,0,0,0,0,0,0,0
S01007818,Born outside the UK: Resident 2 years or more and less than 5 years,1,0,0,0,1,0,1
S01007818,Born outside the UK: Resident 5 years or more and less than 10 years,2,2,0,2,0,0,0
S01007818,Born outside the UK: Resident 10 years or more,14,14,7,7,0,0,0
S01007819,All people in households,803,676,263,413,127,75,52
S01007819,Born in the UK,788,664,258,406,124,74,50
S01007819,Born outside the UK: Total,15,12,5,7,3,1,2
S01007819,Born outside the UK: Resident less than 2 years,0,0,0,0,0,0,0
S01007819,Born outside the UK: Resident 2 years or more and less than 5 years,1,0,0,0,1,0,1
S01007819,Born outside the UK: Resident 5 years or more and less than 10 years,1,1,0,1,0,0,0
S01007819,Born outside the UK: Resident 10 years or more,13,11,5,6,2,1,1
S01007820,All people in households,954,675,257,418,279,217,62
S01007820,Born in the UK,912,654,254,400,258,208,50
S01007820,Born outside the UK: Total,42,21,3,18,21,9,12
S01007820,Born outside the UK: Resident less than 2 years,8,4,0,4,4,0,4
S01007820,Born outside the UK: Resident 2 years or more and less than 5 years,9,3,0,3,6,2,4
S01007820,Born outside the UK: Resident 5 years or more and less than 10 years,8,4,0,4,4,1,3
S01007820,Born outside the UK: Resident 10 years or more,17,10,3,7,7,6,1
S01007821,All people in households,552,428,183,245,124,76,48
S01007821,Born in the UK,538,419,177,242,119,74,45
S01007821,Born outside the UK: Total,14,9,6,3,5,2,3
S01007821,Born outside the UK: Resident less than 2 years,0,0,0,0,0,0,0
S01007821,Born outside the UK: Resident 2 years or more and less than 5 years,1,1,0,1,0,0,0
S01007821,Born outside the UK: Resident 5 years or more and less than 10 years,5,2,1,1,3,2,1
S01007821,Born outside the UK: Resident 10 years or more,8,6,5,1,2,0,2
S01007822,All people in households,734,584,223,361,150,111,39
S01007822,Born in the UK,717,571,219,352,146,108,38
S01007822,Born outside the UK: Total,17,13,4,9,4,3,1
S01007822,Born outside the UK: Resident less than 2 years,0,0,0,0,0,0,0
S01007822,Born outside the UK: Resident 2 years or more and less than 5 years,6,4,0,4,2,1,1
S01007822,Born outside the UK: Resident 5 years or more and less than 10 years,0,0,0,0,0,0,0
S01007822,Born outside the UK: Resident 10 years or more,11,9,4,5,2,2,0
S01007823,All people in households,696,630,274,356,66,20,46
S01007823,Born in the UK,672,612,263,349,60,20,40
S01007823,Born outside the UK: Total,24,18,11,7,6,0,6
S01007823,Born outside the UK: Resident less than 2 years,0,0,0,0,0,0,0
S01007823,Born outside the UK: Resident 2 years or more and less than 5 years,2,0,0,0,2,0,2
S01007823,Born outside the UK: Resident 5 years or more and less than 10 years,2,1,1,0,1,0,1
S01007823,Born outside the UK: Resident 10 years or more,20,17,10,7,3,0,3
S01007824,All people in households,727,630,279,351,97,16,81
S01007824,Born in the UK,680,595,266,329,85,14,71
S01007824,Born outside the UK: Total,47,35,13,22,12,2,10
S01007824,Born outside the UK: Resident less than 2 years,4,1,0,1,3,0,3
S01007824,Born outside the UK: Resident 2 years or more and less than 5 years,3,0,0,0,3,1,2
S01007824,Born outside the UK: Resident 5 years or more and less than 10 years,5,2,0,2,3,1,2
S01007824,Born outside the UK: Resident 10 years or more,35,32,13,19,3,0,3
S01007825,All people in households,1013,845,347,498,168,90,78
S01007825,Born in the UK,956,808,335,473,148,79,69
S01007825,Born outside the UK: Total,57,37,12,25,20,11,9
S01007825,Born outside the UK: Resident less than 2 years,12,1,0,1,11,5,6
S01007825,Born outside the UK: Resident 2 years or more and less than 5 years,7,4,0,4,3,0,3
S01007825,Born outside the UK: Resident 5 years or more and less than 10 years,4,4,0,4,0,0,0
S01007825,Born outside the UK: Resident 10 years or more,34,28,12,16,6,6,0
S01007826,All people in households,573,167,62,105,406,370,36
S01007826,Born in the UK,558,160,61,99,398,362,36
S01007826,Born outside the UK: Total,15,7,1,6,8,8,0
S01007826,Born outside the UK: Resident less than 2 years,2,1,1,0,1,1,0
S01007826,Born outside the UK: Resident 2 years or more and less than 5 years,7,3,0,3,4,4,0
S01007826,Born outside the UK: Resident 5 years or more and less than 10 years,1,1,0,1,0,0,0
S01007826,Born outside the UK: Resident 10 years or more,5,2,0,2,3,3,0
S01007827,All people in households,583,371,69,302,212,83,129
S01007827,Born in the UK,547,357,67,290,190,79,111
S01007827,Born outside the UK: Total,36,14,2,12,22,4,18
S01007827,Born outside the UK: Resident less than 2 years,6,1,0,1,5,0,5
S01007827,Born outside the UK: Resident 2 years or more and less than 5 years,8,0,0,0,8,0,8
S01007827,Born outside the UK: Resident 5 years or more and less than 10 years,8,6,0,6,2,0,2
S01007827,Born outside the UK: Resident 10 years or more,14,7,2,5,7,4,3
S01007828,All people in households,924,431,142,289,493,317,176
S01007828,Born in the UK,859,402,133,269,457,305,152
S01007828,Born outside the UK: Total,65,29,9,20,36,12,24
S01007828,Born outside the UK: Resident less than 2 years,18,5,1,4,13,4,9
S01007828,Born outside the UK: Resident 2 years or more and less than 5 years,11,4,1,3,7,0,7
S01007828,Born outside the UK: Resident 5 years or more and less than 10 years,10,4,0,4,6,0,6
S01007828,Born outside the UK: Resident 10 years or more,26,16,7,9,10,8,2
S01007829,All people in households,579,311,160,151,268,204,64
S01007829,Born in the UK,548,301,158,143,247,199,48
S01007829,Born outside the UK: Total,31,10,2,8,21,5,16
S01007829,Born outside the UK: Resident less than 2 years,6,2,1,1,4,0,4
S01007829,Born outside the UK: Resident 2 years or more and less than 5 years,8,0,0,0,8,0,8
S01007829,Born outside the UK: Resident 5 years or more and less than 10 years,4,2,0,2,2,2,0
S01007829,Born outside the UK: Resident 10 years or more,13,6,1,5,7,3,4
S01007830,All people in households,928,438,198,240,490,334,156
S01007830,Born in the UK,853,415,189,226,438,326,112
S01007830,Born outside the UK: Total,75,23,9,14,52,8,44
S01007830,Born outside the UK: Resident less than 2 years,9,1,0,1,8,0,8
S01007830,Born outside the UK: Resident 2 years or more and less than 5 years,25,1,0,1,24,2,22
S01007830,Born outside the UK: Resident 5 years or more and less than 10 years,12,2,0,2,10,3,7
S01007830,Born outside the UK: Resident 10 years or more,29,19,9,10,10,3,7
S01007831,All people in households,883,289,112,177,594,431,163
S01007831,Born in the UK,808,275,106,169,533,413,120
S01007831,Born outside the UK: Total,75,14,6,8,61,18,43
S01007831,Born outside the UK: Resident less than 2 years,28,1,0,1,27,3,24
S01007831,Born outside the UK: Resident 2 years or more and less than 5 years,14,2,0,2,12,3,9
S01007831,Born outside the UK: Resident 5 years or more and less than 10 years,9,4,0,4,5,1,4
S01007831,Born outside the UK: Resident 10 years or more,24,7,6,1,17,11,6
S01007832,All people in households,629,310,163,147,319,214,105
S01007832,Born in the UK,588,298,156,142,290,209,81
S01007832,Born outside the UK: Total,41,12,7,5,29,5,24
S01007832,Born outside the UK: Resident less than 2 years,6,1,0,1,5,0,5
S01007832,Born outside the UK: Resident 2 years or more and less than 5 years,12,0,0,0,12,2,10
S01007832,Born outside the UK: Resident 5 years or more and less than 10 years,6,2,0,2,4,0,4
S01007832,Born outside the UK: Resident 10 years or more,17,9,7,2,8,3,5
S01007833,All people in households,792,443,295,148,349,254,95
S01007833,Born in the UK,755,428,284,144,327,251,76
S01007833,Born outside the UK: Total,37,15,11,4,22,3,19
S01007833,Born outside the UK: Resident less than 2 years,12,2,1,1,10,0,10
S01007833,Born outside the UK: Resident 2 years or more and less than 5 years,3,1,1,0,2,0,2
S01007833,Born outside the UK: Resident 5 years or more and less than 10 years,6,1,1,0,5,0,5
S01007833,Born outside the UK: Resident 10 years or more,16,11,8,3,5,3,2
S01007834,All people in households,742,307,113,194,435,243,192
S01007834,Born in the UK,654,289,107,182,365,233,132
S01007834,Born outside the UK: Total,88,18,6,12,70,10,60
S01007834,Born outside the UK: Resident less than 2 years,26,1,0,1,25,0,25
S01007834,Born outside the UK: Resident 2 years or more and less than 5 years,29,1,0,1,28,0,28
S01007834,Born outside the UK: Resident 5 years or more and less than 10 years,14,4,0,4,10,3,7
S01007834,Born outside the UK: Resident 10 years or more,19,12,6,6,7,7,0
S01007835,All people in households,695,482,164,318,213,110,103
S01007835,Born in the UK,655,460,156,304,195,106,89
S01007835,Born outside the UK: Total,40,22,8,14,18,4,14
S01007835,Born outside the UK: Resident less than 2 years,2,1,0,1,1,0,1
S01007835,Born outside the UK: Resident 2 years or more and less than 5 years,8,3,0,3,5,0,5
S01007835,Born outside the UK: Resident 5 years or more and less than 10 years,9,5,2,3,4,0,4
S01007835,Born outside the UK: Resident 10 years or more,21,13,6,7,8,4,4
S01007836,All people in households,522,409,172,237,113,64,49
S01007836,Born in the UK,479,377,159,218,102,59,43
S01007836,Born outside the UK: Total,43,32,13,19,11,5,6
S01007836,Born outside the UK: Resident less than 2 years,3,0,0,0,3,0,3
S01007836,Born outside the UK: Resident 2 years or more and less than 5 years,7,7,0,7,0,0,0
S01007836,Born outside the UK: Resident 5 years or more and less than 10 years,11,11,4,7,0,0,0
S01007836,Born outside the UK: Resident 10 years or more,22,14,9,5,8,5,3
S01007837,All people in households,778,743,360,383,35,11,24
S01007837,Born in the UK,747,714,343,371,33,10,23
S01007837,Born outside the UK: Total,31,29,17,12,2,1,1
S01007837,Born outside the UK: Resident less than 2 years,2,2,0,2,0,0,0
S01007837,Born outside the UK: Resident 2 years or more and less than 5 years,3,2,0,2,1,0,1
S01007837,Born outside the UK: Resident 5 years or more and less than 10 years,0,0,0,0,0,0,0
S01007837,Born outside the UK: Resident 10 years or more,26,25,17,8,1,1,0
S01007838,All people in households,845,744,346,398,101,38,63
S01007838,Born in the UK,791,709,337,372,82,38,44
S01007838,Born outside the UK: Total,54,35,9,26,19,0,19
S01007838,Born outside the UK: Resident less than 2 years,8,0,0,0,8,0,8
S01007838,Born outside the UK: Resident 2 years or more and less than 5 years,5,1,0,1,4,0,4
S01007838,Born outside the UK: Resident 5 years or more and less than 10 years,11,6,0,6,5,0,5
S01007838,Born outside the UK: Resident 10 years or more,30,28,9,19,2,0,2
S01007839,All people in households,528,295,146,149,233,161,72
S01007839,Born in the UK,478,271,138,133,207,152,55
S01007839,Born outside the UK: Total,50,24,8,16,26,9,17
S01007839,Born outside the UK: Resident less than 2 years,10,0,0,0,10,0,10
S01007839,Born outside the UK: Resident 2 years or more and less than 5 years,7,2,0,2,5,0,5
S01007839,Born outside the UK: Resident 5 years or more and less than 10 years,5,4,0,4,1,0,1
S01007839,Born outside the UK: Resident 10 years or more,28,18,8,10,10,9,1
S01007840,All people in households,762,410,145,265,352,214,138
S01007840,Born in the UK,704,390,143,247,314,209,105
S01007840,Born outside the UK: Total,58,20,2,18,38,5,33
S01007840,Born outside the UK: Resident less than 2 years,16,1,0,1,15,0,15
S01007840,Born outside the UK: Resident 2 years or more and less than 5 years,14,6,0,6,8,0,8
S01007840,Born outside the UK: Resident 5 years or more and less than 10 years,9,6,0,6,3,0,3
S01007840,Born outside the UK: Resident 10 years or more,19,7,2,5,12,5,7
S01007841,All people in households,711,338,126,212,373,293,80
S01007841,Born in the UK,670,334,122,212,336,277,59
S01007841,Born outside the UK: Total,41,4,4,0,37,16,21
S01007841,Born outside the UK: Resident less than 2 years,8,0,0,0,8,0,8
S01007841,Born outside the UK: Resident 2 years or more and less than 5 years,11,0,0,0,11,2,9
S01007841,Born outside the UK: Resident 5 years or more and less than 10 years,4,0,0,0,4,3,1
S01007841,Born outside the UK: Resident 10 years or more,18,4,4,0,14,11,3
S01007842,All people in households,770,226,79,147,544,435,109
S01007842,Born in the UK,717,215,75,140,502,412,90
S01007842,Born outside the UK: Total,53,11,4,7,42,23,19
S01007842,Born outside the UK: Resident less than 2 years,14,0,0,0,14,7,7
S01007842,Born outside the UK: Resident 2 years or more and less than 5 years,20,3,0,3,17,7,10
S01007842,Born outside the UK: Resident 5 years or more and less than 10 years,9,3,1,2,6,5,1
S01007842,Born outside the UK: Resident 10 years or more,10,5,3,2,5,4,1
S01007843,All people in households,705,281,92,189,424,270,154
S01007843,Born in the UK,628,261,88,173,367,256,111
S01007843,Born outside the UK: Total,77,20,4,16,57,14,43
S01007843,Born outside the UK: Resident less than 2 years,19,0,0,0,19,4,15
S01007843,Born outside the UK: Resident 2 years or more and less than 5 years,24,4,0,4,20,0,20
S01007843,Born outside the UK: Resident 5 years or more and less than 10 years,21,7,1,6,14,6,8
S01007843,Born outside the UK: Resident 10 years or more,13,9,3,6,4,4,0
S01007844,All people in households,935,408,129,279,527,362,165
S01007844,Born in the UK,844,376,124,252,468,349,119
S01007844,Born outside the UK: Total,91,32,5,27,59,13,46
S01007844,Born outside the UK: Resident less than 2 years,30,2,1,1,28,0,28
S01007844,Born outside the UK: Resident 2 years or more and less than 5 years,14,6,2,4,8,3,5
S01007844,Born outside the UK: Resident 5 years or more and less than 10 years,26,16,0,16,10,1,9
S01007844,Born outside the UK: Resident 10 years or more,21,8,2,6,13,9,4
S01007845,All people in households,903,347,129,218,556,489,67
S01007845,Born in the UK,852,326,125,201,526,466,60
S01007845,Born outside the UK: Total,51,21,4,17,30,23,7
S01007845,Born outside the UK: Resident less than 2 years,4,0,0,0,4,2,2
S01007845,Born outside the UK: Resident 2 years or more and less than 5 years,10,4,0,4,6,5,1
S01007845,Born outside the UK: Resident 5 years or more and less than 10 years,17,13,1,12,4,2,2
S01007845,Born outside the UK: Resident 10 years or more,20,4,3,1,16,14,2
S01007846,All people in households,744,433,144,289,311,231,80
S01007846,Born in the UK,711,406,137,269,305,230,75
S01007846,Born outside the UK: Total,33,27,7,20,6,1,5
S01007846,Born outside the UK: Resident less than 2 years,0,0,0,0,0,0,0
S01007846,Born outside the UK: Resident 2 years or more and less than 5 years,7,3,0,3,4,0,4
S01007846,Born outside the UK: Resident 5 years or more and less than 10 years,9,8,0,8,1,0,1
S01007846,Born outside the UK: Resident 10 years or more,17,16,7,9,1,1,0
S01007847,All people in households,917,379,140,239,538,434,104
S01007847,Born in the UK,863,369,137,232,494,404,90
S01007847,Born outside the UK: Total,54,10,3,7,44,30,14
S01007847,Born outside the UK: Resident less than 2 years,5,3,1,2,2,2,0
S01007847,Born outside the UK: Resident 2 years or more and less than 5 years,5,0,0,0,5,1,4
S01007847,Born outside the UK: Resident 5 years or more and less than 10 years,28,1,0,1,27,18,9
S01007847,Born outside the UK: Resident 10 years or more,16,6,2,4,10,9,1
S01007848,All people in households,819,219,71,148,600,516,84
S01007848,Born in the UK,766,207,69,138,559,493,66
S01007848,Born outside the UK: Total,53,12,2,10,41,23,18
S01007848,Born outside the UK: Resident less than 2 years,11,2,0,2,9,2,7
S01007848,Born outside the UK: Resident 2 years or more and less than 5 years,18,6,0,6,12,6,6
S01007848,Born outside the UK: Resident 5 years or more and less than 10 years,10,1,0,1,9,4,5
S01007848,Born outside the UK: Resident 10 years or more,14,3,2,1,11,11,0
S01007849,All people in households,934,447,149,298,487,413,74
S01007849,Born in the UK,899,435,147,288,464,398,66
S01007849,Born outside the UK: Total,35,12,2,10,23,15,8
S01007849,Born outside the UK: Resident less than 2 years,3,2,0,2,1,0,1
S01007849,Born outside the UK: Resident 2 years or more and less than 5 years,13,2,0,2,11,6,5
S01007849,Born outside the UK: Resident 5 years or more and less than 10 years,5,2,0,2,3,2,1
S01007849,Born outside the UK: Resident 10 years or more,14,6,2,4,8,7,1
S01007850,All people in households,754,398,245,153,356,304,52
S01007850,Born in the UK,731,390,241,149,341,291,50
S01007850,Born outside the UK: Total,23,8,4,4,15,13,2
S01007850,Born outside the UK: Resident less than 2 years,6,0,0,0,6,4,2
S01007850,Born outside the UK: Resident 2 years or more and less than 5 years,1,1,1,0,0,0,0
S01007850,Born outside the UK: Resident 5 years or more and less than 10 years,4,0,0,0,4,4,0
S01007850,Born outside the UK: Resident 10 years or more,12,7,3,4,5,5,0
S01007851,All people in households,939,651,282,369,288,242,46
S01007851,Born in the UK,918,637,275,362,281,238,43
S01007851,Born outside the UK: Total,21,14,7,7,7,4,3
S01007851,Born outside the UK: Resident less than 2 years,2,0,0,0,2,0,2
S01007851,Born outside the UK: Resident 2 years or more and less than 5 years,3,2,0,2,1,0,1
S01007851,Born outside the UK: Resident 5 years or more and less than 10 years,3,3,0,3,0,0,0
S01007851,Born outside the UK: Resident 10 years or more,13,9,7,2,4,4,0
S01007852,All people in households,667,262,84,178,405,345,60
S01007852,Born in the UK,638,252,79,173,386,334,52
S01007852,Born outside the UK: Total,29,10,5,5,19,11,8
S01007852,Born outside the UK: Resident less than 2 years,5,0,0,0,5,3,2
S01007852,Born outside the UK: Resident 2 years or more and less than 5 years,6,0,0,0,6,2,4
S01007852,Born outside the UK: Resident 5 years or more and less than 10 years,5,3,3,0,2,0,2
S01007852,Born outside the UK: Resident 10 years or more,13,7,2,5,6,6,0
S01007853,All people in households,660,142,60,82,518,423,95
S01007853,Born in the UK,637,139,57,82,498,415,83
S01007853,Born outside the UK: Total,23,3,3,0,20,8,12
S01007853,Born outside the UK: Resident less than 2 years,2,0,0,0,2,0,2
S01007853,Born outside the UK: Resident 2 years or more and less than 5 years,5,1,1,0,4,0,4
S01007853,Born outside the UK: Resident 5 years or more and less than 10 years,8,0,0,0,8,4,4
S01007853,Born outside the UK: Resident 10 years or more,8,2,2,0,6,4,2
S01007854,All people in households,1075,325,109,216,750,664,86
S01007854,Born in the UK,1030,308,107,201,722,641,81
S01007854,Born outside the UK: Total,45,17,2,15,28,23,5
S01007854,Born outside the UK: Resident less than 2 years,4,0,0,0,4,3,1
S01007854,Born outside the UK: Resident 2 years or more and less than 5 years,8,4,0,4,4,2,2
S01007854,Born outside the UK: Resident 5 years or more and less than 10 years,10,6,0,6,4,4,0
S01007854,Born outside the UK: Resident 10 years or more,23,7,2,5,16,14,2
S01007855,All people in households,501,170,60,110,331,192,139
S01007855,Born in the UK,454,159,58,101,295,179,116
S01007855,Born outside the UK: Total,47,11,2,9,36,13,23
S01007855,Born outside the UK: Resident less than 2 years,17,6,0,6,11,0,11
S01007855,Born outside the UK: Resident 2 years or more and less than 5 years,11,2,0,2,9,4,5
S01007855,Born outside the UK: Resident 5 years or more and less than 10 years,11,0,0,0,11,5,6
S01007855,Born outside the UK: Resident 10 years or more,8,3,2,1,5,4,1
S01007856,All people in households,843,609,219,390,234,146,88
S01007856,Born in the UK,820,597,215,382,223,145,78
S01007856,Born outside the UK: Total,23,12,4,8,11,1,10
S01007856,Born outside the UK: Resident less than 2 years,5,0,0,0,5,0,5
S01007856,Born outside the UK: Resident 2 years or more and less than 5 years,8,3,0,3,5,1,4
S01007856,Born outside the UK: Resident 5 years or more and less than 10 years,3,2,0,2,1,0,1
S01007856,Born outside the UK: Resident 10 years or more,7,7,4,3,0,0,0
S01007857,All people in households,492,102,37,65,390,377,13
S01007857,Born in the UK,477,100,36,64,377,369,8
S01007857,Born outside the UK: Total,15,2,1,1,13,8,5
S01007857,Born outside the UK: Resident less than 2 years,6,1,0,1,5,0,5
S01007857,Born outside the UK: Resident 2 years or more and less than 5 years,0,0,0,0,0,0,0
S01007857,Born outside the UK: Resident 5 years or more and less than 10 years,1,0,0,0,1,1,0
S01007857,Born outside the UK: Resident 10 years or more,8,1,1,0,7,7,0
S01007858,All people in households,1019,312,69,243,707,658,49
S01007858,Born in the UK,980,297,66,231,683,636,47
S01007858,Born outside the UK: Total,39,15,3,12,24,22,2
S01007858,Born outside the UK: Resident less than 2 years,0,0,0,0,0,0,0
S01007858,Born outside the UK: Resident 2 years or more and less than 5 years,7,2,0,2,5,4,1
S01007858,Born outside the UK: Resident 5 years or more and less than 10 years,9,2,0,2,7,7,0
S01007858,Born outside the UK: Resident 10 years or more,23,11,3,8,12,11,1
S01007859,All people in households,528,97,15,82,431,402,29
S01007859,Born in the UK,503,91,14,77,412,387,25
S01007859,Born outside the UK: Total,25,6,1,5,19,15,4
S01007859,Born outside the UK: Resident less than 2 years,8,0,0,0,8,8,0
S01007859,Born outside the UK: Resident 2 years or more and less than 5 years,3,0,0,0,3,0,3
S01007859,Born outside the UK: Resident 5 years or more and less than 10 years,4,3,0,3,1,0,1
S01007859,Born outside the UK: Resident 10 years or more,10,3,1,2,7,7,0
S01007860,All people in households,637,319,18,301,318,289,29
S01007860,Born in the UK,612,301,18,283,311,282,29
S01007860,Born outside the UK: Total,25,18,0,18,7,7,0
S01007860,Born outside the UK: Resident less than 2 years,0,0,0,0,0,0,0
S01007860,Born outside the UK: Resident 2 years or more and less than 5 years,1,1,0,1,0,0,0
S01007860,Born outside the UK: Resident 5 years or more and less than 10 years,6,5,0,5,1,1,0
S01007860,Born outside the UK: Resident 10 years or more,18,12,0,12,6,6,0
S01007861,All people in households,674,433,153,280,241,202,39
S01007861,Born in the UK,662,423,148,275,239,200,39
S01007861,Born outside the UK: Total,12,10,5,5,2,2,0
S01007861,Born outside the UK: Resident less than 2 years,1,0,0,0,1,1,0
S01007861,Born outside the UK: Resident 2 years or more and less than 5 years,0,0,0,0,0,0,0
S01007861,Born outside the UK: Resident 5 years or more and less than 10 years,1,1,0,1,0,0,0
S01007861,Born outside the UK: Resident 10 years or more,10,9,5,4,1,1,0
S01007862,All people in households,701,430,148,282,271,211,60
S01007862,Born in the UK,686,422,145,277,264,207,57
S01007862,Born outside the UK: Total,15,8,3,5,7,4,3
S01007862,Born outside the UK: Resident less than 2 years,1,0,0,0,1,0,1
S01007862,Born outside the UK: Resident 2 years or more and less than 5 years,0,0,0,0,0,0,0
S01007862,Born outside the UK: Resident 5 years or more and less than 10 years,6,4,0,4,2,0,2
S01007862,Born outside the UK: Resident 10 years or more,8,4,3,1,4,4,0
S01007863,All people in households,895,294,103,191,601,551,50
S01007863,Born in the UK,874,292,103,189,582,533,49
S01007863,Born outside the UK: Total,21,2,0,2,19,18,1
S01007863,Born outside the UK: Resident less than 2 years,1,1,0,1,0,0,0
S01007863,Born outside the UK: Resident 2 years or more and less than 5 years,9,0,0,0,9,9,0
S01007863,Born outside the UK: Resident 5 years or more and less than 10 years,4,0,0,0,4,3,1
S01007863,Born outside the UK: Resident 10 years or more,7,1,0,1,6,6,0
S01007864,All people in households,938,578,234,344,360,285,75
S01007864,Born in the UK,907,561,228,333,346,280,66
S01007864,Born outside the UK: Total,31,17,6,11,14,5,9
S01007864,Born outside the UK: Resident less than 2 years,8,1,1,0,7,2,5
S01007864,Born outside the UK: Resident 2 years or more and less than 5 years,8,6,0,6,2,1,1
S01007864,Born outside the UK: Resident 5 years or more and less than 10 years,4,1,0,1,3,1,2
S01007864,Born outside the UK: Resident 10 years or more,11,9,5,4,2,1,1
S01007865,All people in households,693,649,45,604,44,18,26
S01007865,Born in the UK,664,623,43,580,41,15,26
S01007865,Born outside the UK: Total,29,26,2,24,3,3,0
S01007865,Born outside the UK: Resident less than 2 years,1,1,0,1,0,0,0
S01007865,Born outside the UK: Resident 2 years or more and less than 5 years,5,5,0,5,0,0,0
S01007865,Born outside the UK: Resident 5 years or more and less than 10 years,5,4,0,4,1,1,0
S01007865,Born outside the UK: Resident 10 years or more,18,16,2,14,2,2,0
S01007866,All people in households,586,545,64,481,41,2,39
S01007866,Born in the UK,570,533,63,470,37,2,35
S01007866,Born outside the UK: Total,16,12,1,11,4,0,4
S01007866,Born outside the UK: Resident less than 2 years,3,0,0,0,3,0,3
S01007866,Born outside the UK: Resident 2 years or more and less than 5 years,0,0,0,0,0,0,0
S01007866,Born outside the UK: Resident 5 years or more and less than 10 years,3,3,0,3,0,0,0
S01007866,Born outside the UK: Resident 10 years or more,10,9,1,8,1,0,1
S01007867,All people in households,456,321,84,237,135,35,100
S01007867,Born in the UK,417,303,84,219,114,32,82
S01007867,Born outside the UK: Total,39,18,0,18,21,3,18
S01007867,Born outside the UK: Resident less than 2 years,5,0,0,0,5,0,5
S01007867,Born outside the UK: Resident 2 years or more and less than 5 years,19,9,0,9,10,3,7
S01007867,Born outside the UK: Resident 5 years or more and less than 10 years,7,2,0,2,5,0,5
S01007867,Born outside the UK: Resident 10 years or more,8,7,0,7,1,0,1
S01007868,All people in households,861,807,394,413,54,27,27
S01007868,Born in the UK,815,769,375,394,46,25,21
S01007868,Born outside the UK: Total,46,38,19,19,8,2,6
S01007868,Born outside the UK: Resident less than 2 years,1,1,0,1,0,0,0
S01007868,Born outside the UK: Resident 2 years or more and less than 5 years,6,2,0,2,4,0,4
S01007868,Born outside the UK: Resident 5 years or more and less than 10 years,9,5,1,4,4,2,2
S01007868,Born outside the UK: Resident 10 years or more,30,30,18,12,0,0,0
S01007869,All people in households,906,769,260,509,137,16,121
S01007869,Born in the UK,785,697,238,459,88,14,74
S01007869,Born outside the UK: Total,121,72,22,50,49,2,47
S01007869,Born outside the UK: Resident less than 2 years,23,4,0,4,19,0,19
S01007869,Born outside the UK: Resident 2 years or more and less than 5 years,14,3,3,0,11,0,11
S01007869,Born outside the UK: Resident 5 years or more and less than 10 years,24,14,1,13,10,0,10
S01007869,Born outside the UK: Resident 10 years or more,60,51,18,33,9,2,7
S01007870,All people in households,505,389,170,219,116,27,89
S01007870,Born in the UK,495,379,168,211,116,27,89
S01007870,Born outside the UK: Total,10,10,2,8,0,0,0
S01007870,Born outside the UK: Resident less than 2 years,1,1,0,1,0,0,0
S01007870,Born outside the UK: Resident 2 years or more and less than 5 years,0,0,0,0,0,0,0
S01007870,Born outside the UK: Resident 5 years or more and less than 10 years,2,2,1,1,0,0,0
S01007870,Born outside the UK: Resident 10 years or more,7,7,1,6,0,0,0
S01007871,All people in households,669,176,76,100,493,479,14
S01007871,Born in the UK,653,174,76,98,479,465,14
S01007871,Born outside the UK: Total,16,2,0,2,14,14,0
S01007871,Born outside the UK: Resident less than 2 years,1,0,0,0,1,1,0
S01007871,Born outside the UK: Resident 2 years or more and less than 5 years,5,0,0,0,5,5,0
S01007871,Born outside the UK: Resident 5 years or more and less than 10 years,4,1,0,1,3,3,0
S01007871,Born outside the UK: Resident 10 years or more,6,1,0,1,5,5,0
S01007872,All people in households,705,179,75,104,526,508,18
S01007872,Born in the UK,695,174,75,99,521,503,18
S01007872,Born outside the UK: Total,10,5,0,5,5,5,0
S01007872,Born outside the UK: Resident less than 2 years,1,1,0,1,0,0,0
S01007872,Born outside the UK: Resident 2 years or more and less than 5 years,1,0,0,0,1,1,0
S01007872,Born outside the UK: Resident 5 years or more and less than 10 years,0,0,0,0,0,0,0
S01007872,Born outside the UK: Resident 10 years or more,8,4,0,4,4,4,0
S01007873,All people in households,639,422,175,247,217,140,77
S01007873,Born in the UK,624,413,171,242,211,135,76
S01007873,Born outside the UK: Total,15,9,4,5,6,5,1
S01007873,Born outside the UK: Resident less than 2 years,0,0,0,0,0,0,0
S01007873,Born outside the UK: Resident 2 years or more and less than 5 years,3,1,0,1,2,2,0
S01007873,Born outside the UK: Resident 5 years or more and less than 10 years,3,1,0,1,2,2,0
S01007873,Born outside the UK: Resident 10 years or more,9,7,4,3,2,1,1
S01007874,All people in households,723,414,169,245,309,255,54
S01007874,Born in the UK,710,407,165,242,303,251,52
S01007874,Born outside the UK: Total,13,7,4,3,6,4,2
S01007874,Born outside the UK: Resident less than 2 years,3,0,0,0,3,3,0
S01007874,Born outside the UK: Resident 2 years or more and less than 5 years,0,0,0,0,0,0,0
S01007874,Born outside the UK: Resident 5 years or more and less than 10 years,2,0,0,0,2,1,1
S01007874,Born outside the UK: Resident 10 years or more,8,7,4,3,1,0,1
S01007875,All people in households,526,373,127,246,153,135,18
S01007875,Born in the UK,520,369,125,244,151,135,16
S01007875,Born outside the UK: Total,6,4,2,2,2,0,2
S01007875,Born outside the UK: Resident less than 2 years,1,0,0,0,1,0,1
S01007875,Born outside the UK: Resident 2 years or more and less than 5 years,0,0,0,0,0,0,0
S01007875,Born outside the UK: Resident 5 years or more and less than 10 years,1,0,0,0,1,0,1
S01007875,Born outside the UK: Resident 10 years or more,4,4,2,2,0,0,0
S01007876,All people in households,1009,695,167,528,314,245,69
S01007876,Born in the UK,995,682,166,516,313,244,69
S01007876,Born outside the UK: Total,14,13,1,12,1,1,0
S01007876,Born outside the UK: Resident less than 2 years,0,0,0,0,0,0,0
S01007876,Born outside the UK: Resident 2 years or more and less than 5 years,2,2,0,2,0,0,0
S01007876,Born outside the UK: Resident 5 years or more and less than 10 years,5,5,0,5,0,0,0
S01007876,Born outside the UK: Resident 10 years or more,7,6,1,5,1,1,0
S01007877,All people in households,773,488,181,307,285,254,31
S01007877,Born in the UK,763,483,181,302,280,249,31
S01007877,Born outside the UK: Total,10,5,0,5,5,5,0
S01007877,Born outside the UK: Resident less than 2 years,3,0,0,0,3,3,0
S01007877,Born outside the UK: Resident 2 years or more and less than 5 years,0,0,0,0,0,0,0
S01007877,Born outside the UK: Resident 5 years or more and less than 10 years,1,0,0,0,1,1,0
S01007877,Born outside the UK: Resident 10 years or more,6,5,0,5,1,1,0
S01007878,All people in households,598,299,106,193,299,280,19
S01007878,Born in the UK,594,299,106,193,295,276,19
S01007878,Born outside the UK: Total,4,0,0,0,4,4,0
S01007878,Born outside the UK: Resident less than 2 years,0,0,0,0,0,0,0
S01007878,Born outside the UK: Resident 2 years or more and less than 5 years,0,0,0,0,0,0,0
S01007878,Born outside the UK: Resident 5 years or more and less than 10 years,0,0,0,0,0,0,0
S01007878,Born outside the UK: Resident 10 years or more,4,0,0,0,4,4,0
S01007879,All people in households,764,352,121,231,412,358,54
S01007879,Born in the UK,752,347,120,227,405,351,54
S01007879,Born outside the UK: Total,12,5,1,4,7,7,0
S01007879,Born outside the UK: Resident less than 2 years,0,0,0,0,0,0,0
S01007879,Born outside the UK: Resident 2 years or more and less than 5 years,0,0,0,0,0,0,0
S01007879,Born outside the UK: Resident 5 years or more and less than 10 years,3,1,1,0,2,2,0
S01007879,Born outside the UK: Resident 10 years or more,9,4,0,4,5,5,0
S01007880,All people in households,382,321,164,157,61,30,31
S01007880,Born in the UK,374,317,163,154,57,30,27
S01007880,Born outside the UK: Total,8,4,1,3,4,0,4
S01007880,Born outside the UK: Resident less than 2 years,0,0,0,0,0,0,0
S01007880,Born outside the UK: Resident 2 years or more and less than 5 years,0,0,0,0,0,0,0
S01007880,Born outside the UK: Resident 5 years or more and less than 10 years,1,0,0,0,1,0,1
S01007880,Born outside the UK: Resident 10 years or more,7,4,1,3,3,0,3
S01007881,All people in households,557,273,115,158,284,243,41
S01007881,Born in the UK,555,273,115,158,282,242,40
S01007881,Born outside the UK: Total,2,0,0,0,2,1,1
S01007881,Born outside the UK: Resident less than 2 years,0,0,0,0,0,0,0
S01007881,Born outside the UK: Resident 2 years or more and less than 5 years,0,0,0,0,0,0,0
S01007881,Born outside the UK: Resident 5 years or more and less than 10 years,0,0,0,0,0,0,0
S01007881,Born outside the UK: Resident 10 years or more,2,0,0,0,2,1,1
S01007882,All people in households,730,623,273,350,107,25,82
S01007882,Born in the UK,712,607,270,337,105,24,81
S01007882,Born outside the UK: Total,18,16,3,13,2,1,1
S01007882,Born outside the UK: Resident less than 2 years,0,0,0,0,0,0,0
S01007882,Born outside the UK: Resident 2 years or more and less than 5 years,2,2,0,2,0,0,0
S01007882,Born outside the UK: Resident 5 years or more and less than 10 years,4,4,0,4,0,0,0
S01007882,Born outside the UK: Resident 10 years or more,12,10,3,7,2,1,1
S01007883,All people in households,1046,821,278,543,225,141,84
S01007883,Born in the UK,1025,804,269,535,221,137,84
S01007883,Born outside the UK: Total,21,17,9,8,4,4,0
S01007883,Born outside the UK: Resident less than 2 years,0,0,0,0,0,0,0
S01007883,Born outside the UK: Resident 2 years or more and less than 5 years,1,1,1,0,0,0,0
S01007883,Born outside the UK: Resident 5 years or more and less than 10 years,1,1,0,1,0,0,0
S01007883,Born outside the UK: Resident 10 years or more,19,15,8,7,4,4,0
S01007884,All people in households,639,436,123,313,203,149,54
S01007884,Born in the UK,630,432,123,309,198,146,52
S01007884,Born outside the UK: Total,9,4,0,4,5,3,2
S01007884,Born outside the UK: Resident less than 2 years,0,0,0,0,0,0,0
S01007884,Born outside the UK: Resident 2 years or more and less than 5 years,2,1,0,1,1,0,1
S01007884,Born outside the UK: Resident 5 years or more and less than 10 years,2,1,0,1,1,0,1
S01007884,Born outside the UK: Resident 10 years or more,5,2,0,2,3,3,0
S01007885,All people in households,730,269,103,166,461,420,41
S01007885,Born in the UK,713,267,102,165,446,406,40
S01007885,Born outside the UK: Total,17,2,1,1,15,14,1
S01007885,Born outside the UK: Resident less than 2 years,0,0,0,0,0,0,0
S01007885,Born outside the UK: Resident 2 years or more and less than 5 years,0,0,0,0,0,0,0
S01007885,Born outside the UK: Resident 5 years or more and less than 10 years,1,0,0,0,1,1,0
S01007885,Born outside the UK: Resident 10 years or more,16,2,1,1,14,13,1
S01007886,All people in households,867,611,253,358,256,191,65
S01007886,Born in the UK,848,596,244,352,252,189,63
S01007886,Born outside the UK: Total,19,15,9,6,4,2,2
S01007886,Born outside the UK: Resident less than 2 years,2,2,1,1,0,0,0
S01007886,Born outside the UK: Resident 2 years or more and less than 5 years,0,0,0,0,0,0,0
S01007886,Born outside the UK: Resident 5 years or more and less than 10 years,1,1,0,1,0,0,0
S01007886,Born outside the UK: Resident 10 years or more,16,12,8,4,4,2,2
S01007887,All people in households,578,399,184,215,179,18,161
S01007887,Born in the UK,569,390,182,208,179,18,161
S01007887,Born outside the UK: Total,9,9,2,7,0,0,0
S01007887,Born outside the UK: Resident less than 2 years,0,0,0,0,0,0,0
S01007887,Born outside the UK: Resident 2 years or more and less than 5 years,1,1,1,0,0,0,0
S01007887,Born outside the UK: Resident 5 years or more and less than 10 years,0,0,0,0,0,0,0
S01007887,Born outside the UK: Resident 10 years or more,8,8,1,7,0,0,0
S01007888,All people in households,1070,452,158,294,618,568,50
S01007888,Born in the UK,1052,445,154,291,607,559,48
S01007888,Born outside the UK: Total,18,7,4,3,11,9,2
S01007888,Born outside the UK: Resident less than 2 years,0,0,0,0,0,0,0
S01007888,Born outside the UK: Resident 2 years or more and less than 5 years,7,2,2,0,5,5,0
S01007888,Born outside the UK: Resident 5 years or more and less than 10 years,2,0,0,0,2,0,2
S01007888,Born outside the UK: Resident 10 years or more,9,5,2,3,4,4,0
S01007889,All people in households,533,343,125,218,190,171,19
S01007889,Born in the UK,528,340,124,216,188,169,19
S01007889,Born outside the UK: Total,5,3,1,2,2,2,0
S01007889,Born outside the UK: Resident less than 2 years,0,0,0,0,0,0,0
S01007889,Born outside the UK: Resident 2 years or more and less than 5 years,0,0,0,0,0,0,0
S01007889,Born outside the UK: Resident 5 years or more and less than 10 years,0,0,0,0,0,0,0
S01007889,Born outside the UK: Resident 10 years or more,5,3,1,2,2,2,0
S01007890,All people in households,736,494,168,326,242,212,30
S01007890,Born in the UK,724,484,160,324,240,211,29
S01007890,Born outside the UK: Total,12,10,8,2,2,1,1
S01007890,Born outside the UK: Resident less than 2 years,1,1,1,0,0,0,0
S01007890,Born outside the UK: Resident 2 years or more and less than 5 years,0,0,0,0,0,0,0
S01007890,Born outside the UK: Resident 5 years or more and less than 10 years,5,4,3,1,1,0,1
S01007890,Born outside the UK: Resident 10 years or more,6,5,4,1,1,1,0
S01007891,All people in households,866,658,168,490,208,166,42
S01007891,Born in the UK,851,647,167,480,204,164,40
S01007891,Born outside the UK: Total,15,11,1,10,4,2,2
S01007891,Born outside the UK: Resident less than 2 years,0,0,0,0,0,0,0
S01007891,Born outside the UK: Resident 2 years or more and less than 5 years,1,1,1,0,0,0,0
S01007891,Born outside the UK: Resident 5 years or more and less than 10 years,4,2,0,2,2,2,0
S01007891,Born outside the UK: Resident 10 years or more,10,8,0,8,2,0,2
S01007892,All people in households,738,582,242,340,156,75,81
S01007892,Born in the UK,723,571,236,335,152,73,79
S01007892,Born outside the UK: Total,15,11,6,5,4,2,2
S01007892,Born outside the UK: Resident less than 2 years,2,0,0,0,2,0,2
S01007892,Born outside the UK: Resident 2 years or more and less than 5 years,0,0,0,0,0,0,0
S01007892,Born outside the UK: Resident 5 years or more and less than 10 years,1,0,0,0,1,1,0
S01007892,Born outside the UK: Resident 10 years or more,12,11,6,5,1,1,0
S01007893,All people in households,1019,897,369,528,122,42,80
S01007893,Born in the UK,996,881,362,519,115,38,77
S01007893,Born outside the UK: Total,23,16,7,9,7,4,3
S01007893,Born outside the UK: Resident less than 2 years,2,1,0,1,1,0,1
S01007893,Born outside the UK: Resident 2 years or more and less than 5 years,4,1,1,0,3,1,2
S01007893,Born outside the UK: Resident 5 years or more and less than 10 years,7,5,1,4,2,2,0
S01007893,Born outside the UK: Resident 10 years or more,10,9,5,4,1,1,0
S01007894,All people in households,916,631,208,423,285,191,94
S01007894,Born in the UK,900,620,204,416,280,188,92
S01007894,Born outside the UK: Total,16,11,4,7,5,3,2
S01007894,Born outside the UK: Resident less than 2 years,1,1,0,1,0,0,0
S01007894,Born outside the UK: Resident 2 years or more and less than 5 years,0,0,0,0,0,0,0
S01007894,Born outside the UK: Resident 5 years or more and less than 10 years,1,0,0,0,1,0,1
S01007894,Born outside the UK: Resident 10 years or more,14,10,4,6,4,3,1
S01007895,All people in households,542,415,175,240,127,50,77
S01007895,Born in the UK,528,409,174,235,119,46,73
S01007895,Born outside the UK: Total,14,6,1,5,8,4,4
S01007895,Born outside the UK: Resident less than 2 years,4,0,0,0,4,0,4
S01007895,Born outside the UK: Resident 2 years or more and less than 5 years,2,2,0,2,0,0,0
S01007895,Born outside the UK: Resident 5 years or more and less than 10 years,3,2,0,2,1,1,0
S01007895,Born outside the UK: Resident 10 years or more,5,2,1,1,3,3,0
S01007896,All people in households,867,454,148,306,413,317,96
S01007896,Born in the UK,858,451,148,303,407,315,92
S01007896,Born outside the UK: Total,9,3,0,3,6,2,4
S01007896,Born outside the UK: Resident less than 2 years,6,2,0,2,4,0,4
S01007896,Born outside the UK: Resident 2 years or more and less than 5 years,0,0,0,0,0,0,0
S01007896,Born outside the UK: Resident 5 years or more and less than 10 years,1,0,0,0,1,1,0
S01007896,Born outside the UK: Resident 10 years or more,2,1,0,1,1,1,0
S01007897,All people in households,439,362,164,198,77,13,64
S01007897,Born in the UK,432,357,162,195,75,12,63
S01007897,Born outside the UK: Total,7,5,2,3,2,1,1
S01007897,Born outside the UK: Resident less than 2 years,0,0,0,0,0,0,0
S01007897,Born outside the UK: Resident 2 years or more and less than 5 years,0,0,0,0,0,0,0
S01007897,Born outside the UK: Resident 5 years or more and less than 10 years,1,0,0,0,1,1,0
S01007897,Born outside the UK: Resident 10 years or more,6,5,2,3,1,0,1
S01007898,All people in households,446,347,153,194,99,17,82
S01007898,Born in the UK,443,344,151,193,99,17,82
S01007898,Born outside the UK: Total,3,3,2,1,0,0,0
S01007898,Born outside the UK: Resident less than 2 years,0,0,0,0,0,0,0
S01007898,Born outside the UK: Resident 2 years or more and less than 5 years,0,0,0,0,0,0,0
S01007898,Born outside the UK: Resident 5 years or more and less than 10 years,0,0,0,0,0,0,0
S01007898,Born outside the UK: Resident 10 years or more,3,3,2,1,0,0,0
S01007899,All people in households,349,273,152,121,76,11,65
S01007899,Born in the UK,346,272,151,121,74,10,64
S01007899,Born outside the UK: Total,3,1,1,0,2,1,1
S01007899,Born outside the UK: Resident less than 2 years,0,0,0,0,0,0,0
S01007899,Born outside the UK: Resident 2 years or more and less than 5 years,0,0,0,0,0,0,0
S01007899,Born outside the UK: Resident 5 years or more and less than 10 years,1,0,0,0,1,1,0
S01007899,Born outside the UK: Resident 10 years or more,2,1,1,0,1,0,1
S01007900,All people in households,549,251,102,149,298,273,25
S01007900,Born in the UK,541,249,102,147,292,270,22
S01007900,Born outside the UK: Total,8,2,0,2,6,3,3
S01007900,Born outside the UK: Resident less than 2 years,0,0,0,0,0,0,0
S01007900,Born outside the UK: Resident 2 years or more and less than 5 years,3,0,0,0,3,0,3
S01007900,Born outside the UK: Resident 5 years or more and less than 10 years,1,1,0,1,0,0,0
S01007900,Born outside the UK: Resident 10 years or more,4,1,0,1,3,3,0
S01007901,All people in households,711,331,116,215,380,320,60
S01007901,Born in the UK,696,324,112,212,372,314,58
S01007901,Born outside the UK: Total,15,7,4,3,8,6,2
S01007901,Born outside the UK: Resident less than 2 years,0,0,0,0,0,0,0
S01007901,Born outside the UK: Resident 2 years or more and less than 5 years,6,2,0,2,4,4,0
S01007901,Born outside the UK: Resident 5 years or more and less than 10 years,3,2,1,1,1,0,1
S01007901,Born outside the UK: Resident 10 years or more,6,3,3,0,3,2,1
S01007902,All people in households,883,362,160,202,521,474,47
S01007902,Born in the UK,861,352,156,196,509,468,41
S01007902,Born outside the UK: Total,22,10,4,6,12,6,6
S01007902,Born outside the UK: Resident less than 2 years,1,1,1,0,0,0,0
S01007902,Born outside the UK: Resident 2 years or more and less than 5 years,9,3,0,3,6,2,4
S01007902,Born outside the UK: Resident 5 years or more and less than 10 years,1,0,0,0,1,0,1
S01007902,Born outside the UK: Resident 10 years or more,11,6,3,3,5,4,1
S01007903,All people in households,645,401,212,189,244,182,62
S01007903,Born in the UK,641,398,211,187,243,181,62
S01007903,Born outside the UK: Total,4,3,1,2,1,1,0
S01007903,Born outside the UK: Resident less than 2 years,0,0,0,0,0,0,0
S01007903,Born outside the UK: Resident 2 years or more and less than 5 years,0,0,0,0,0,0,0
S01007903,Born outside the UK: Resident 5 years or more and less than 10 years,1,1,0,1,0,0,0
S01007903,Born outside the UK: Resident 10 years or more,3,2,1,1,1,1,0
S01007904,All people in households,787,568,265,303,219,37,182
S01007904,Born in the UK,767,553,259,294,214,37,177
S01007904,Born outside the UK: Total,20,15,6,9,5,0,5
S01007904,Born outside the UK: Resident less than 2 years,0,0,0,0,0,0,0
S01007904,Born outside the UK: Resident 2 years or more and less than 5 years,2,2,1,1,0,0,0
S01007904,Born outside the UK: Resident 5 years or more and less than 10 years,3,2,2,0,1,0,1
S01007904,Born outside the UK: Resident 10 years or more,15,11,3,8,4,0,4
S01007905,All people in households,687,247,54,193,440,403,37
S01007905,Born in the UK,682,243,53,190,439,402,37
S01007905,Born outside the UK: Total,5,4,1,3,1,1,0
S01007905,Born outside the UK: Resident less than 2 years,0,0,0,0,0,0,0
S01007905,Born outside the UK: Resident 2 years or more and less than 5 years,0,0,0,0,0,0,0
S01007905,Born outside the UK: Resident 5 years or more and less than 10 years,1,1,1,0,0,0,0
S01007905,Born outside the UK: Resident 10 years or more,4,3,0,3,1,1,0
S01007906,All people in households,724,327,122,205,397,354,43
S01007906,Born in the UK,716,322,120,202,394,352,42
S01007906,Born outside the UK: Total,8,5,2,3,3,2,1
S01007906,Born outside the UK: Resident less than 2 years,1,1,1,0,0,0,0
S01007906,Born outside the UK: Resident 2 years or more and less than 5 years,0,0,0,0,0,0,0
S01007906,Born outside the UK: Resident 5 years or more and less than 10 years,3,2,0,2,1,0,1
S01007906,Born outside the UK: Resident 10 years or more,4,2,1,1,2,2,0
S01007907,All people in households,536,298,144,154,238,207,31
S01007907,Born in the UK,535,297,144,153,238,207,31
S01007907,Born outside the UK: Total,1,1,0,1,0,0,0
S01007907,Born outside the UK: Resident less than 2 years,0,0,0,0,0,0,0
S01007907,Born outside the UK: Resident 2 years or more and less than 5 years,0,0,0,0,0,0,0
S01007907,Born outside the UK: Resident 5 years or more and less than 10 years,0,0,0,0,0,0,0
S01007907,Born outside the UK: Resident 10 years or more,1,1,0,1,0,0,0
S01007908,All people in households,913,704,331,373,209,129,80
S01007908,Born in the UK,905,696,326,370,209,129,80
S01007908,Born outside the UK: Total,8,8,5,3,0,0,0
S01007908,Born outside the UK: Resident less than 2 years,0,0,0,0,0,0,0
S01007908,Born outside the UK: Resident 2 years or more and less than 5 years,0,0,0,0,0,0,0
S01007908,Born outside the UK: Resident 5 years or more and less than 10 years,2,2,0,2,0,0,0
S01007908,Born outside the UK: Resident 10 years or more,6,6,5,1,0,0,0
S01007909,All people in households,543,323,100,223,220,179,41
S01007909,Born in the UK,539,321,99,222,218,177,41
S01007909,Born outside the UK: Total,4,2,1,1,2,2,0
S01007909,Born outside the UK: Resident less than 2 years,0,0,0,0,0,0,0
S01007909,Born outside the UK: Resident 2 years or more and less than 5 years,0,0,0,0,0,0,0
S01007909,Born outside the UK: Resident 5 years or more and less than 10 years,1,0,0,0,1,1,0
S01007909,Born outside the UK: Resident 10 years or more,3,2,1,1,1,1,0
S01007910,All people in households,916,460,138,322,456,355,101
S01007910,Born in the UK,906,456,134,322,450,352,98
S01007910,Born outside the UK: Total,10,4,4,0,6,3,3
S01007910,Born outside the UK: Resident less than 2 years,1,0,0,0,1,0,1
S01007910,Born outside the UK: Resident 2 years or more and less than 5 years,2,0,0,0,2,1,1
S01007910,Born outside the UK: Resident 5 years or more and less than 10 years,2,1,1,0,1,0,1
S01007910,Born outside the UK: Resident 10 years or more,5,3,3,0,2,2,0
S01007911,All people in households,777,556,140,416,221,173,48
S01007911,Born in the UK,774,553,139,414,221,173,48
S01007911,Born outside the UK: Total,3,3,1,2,0,0,0
S01007911,Born outside the UK: Resident less than 2 years,0,0,0,0,0,0,0
S01007911,Born outside the UK: Resident 2 years or more and less than 5 years,1,1,0,1,0,0,0
S01007911,Born outside the UK: Resident 5 years or more and less than 10 years,0,0,0,0,0,0,0
S01007911,Born outside the UK: Resident 10 years or more,2,2,1,1,0,0,0
S01007912,All people in households,757,513,196,317,244,177,67
S01007912,Born in the UK,750,509,194,315,241,177,64
S01007912,Born outside the UK: Total,7,4,2,2,3,0,3
S01007912,Born outside the UK: Resident less than 2 years,0,0,0,0,0,0,0
S01007912,Born outside the UK: Resident 2 years or more and less than 5 years,1,1,0,1,0,0,0
S01007912,Born outside the UK: Resident 5 years or more and less than 10 years,2,0,0,0,2,0,2
S01007912,Born outside the UK: Resident 10 years or more,4,3,2,1,1,0,1
S01007913,All people in households,616,270,109,161,346,240,106
S01007913,Born in the UK,612,267,108,159,345,239,106
S01007913,Born outside the UK: Total,4,3,1,2,1,1,0
S01007913,Born outside the UK: Resident less than 2 years,0,0,0,0,0,0,0
S01007913,Born outside the UK: Resident 2 years or more and less than 5 years,0,0,0,0,0,0,0
S01007913,Born outside the UK: Resident 5 years or more and less than 10 years,0,0,0,0,0,0,0
S01007913,Born outside the UK: Resident 10 years or more,4,3,1,2,1,1,0
S01007914,All people in households,628,305,106,199,323,281,42
S01007914,Born in the UK,625,304,106,198,321,279,42
S01007914,Born outside the UK: Total,3,1,0,1,2,2,0
S01007914,Born outside the UK: Resident less than 2 years,0,0,0,0,0,0,0
S01007914,Born outside the UK: Resident 2 years or more and less than 5 years,0,0,0,0,0,0,0
S01007914,Born outside the UK: Resident 5 years or more and less than 10 years,0,0,0,0,0,0,0
S01007914,Born outside the UK: Resident 10 years or more,3,1,0,1,2,2,0
S01007915,All people in households,835,536,185,351,299,273,26
S01007915,Born in the UK,822,531,183,348,291,265,26
S01007915,Born outside the UK: Total,13,5,2,3,8,8,0
S01007915,Born outside the UK: Resident less than 2 years,0,0,0,0,0,0,0
S01007915,Born outside the UK: Resident 2 years or more and less than 5 years,0,0,0,0,0,0,0
S01007915,Born outside the UK: Resident 5 years or more and less than 10 years,2,0,0,0,2,2,0
S01007915,Born outside the UK: Resident 10 years or more,11,5,2,3,6,6,0
S01007916,All people in households,810,532,217,315,278,228,50
S01007916,Born in the UK,801,529,217,312,272,224,48
S01007916,Born outside the UK: Total,9,3,0,3,6,4,2
S01007916,Born outside the UK: Resident less than 2 years,0,0,0,0,0,0,0
S01007916,Born outside the UK: Resident 2 years or more and less than 5 years,0,0,0,0,0,0,0
S01007916,Born outside the UK: Resident 5 years or more and less than 10 years,3,0,0,0,3,3,0
S01007916,Born outside the UK: Resident 10 years or more,6,3,0,3,3,1,2
S01007917,All people in households,811,528,184,344,283,229,54
S01007917,Born in the UK,806,526,184,342,280,227,53
S01007917,Born outside the UK: Total,5,2,0,2,3,2,1
S01007917,Born outside the UK: Resident less than 2 years,0,0,0,0,0,0,0
S01007917,Born outside the UK: Resident 2 years or more and less than 5 years,0,0,0,0,0,0,0
S01007917,Born outside the UK: Resident 5 years or more and less than 10 years,0,0,0,0,0,0,0
S01007917,Born outside the UK: Resident 10 years or more,5,2,0,2,3,2,1
S01007918,All people in households,902,568,221,347,334,255,79
S01007918,Born in the UK,887,561,216,345,326,248,78
S01007918,Born outside the UK: Total,15,7,5,2,8,7,1
S01007918,Born outside the UK: Resident less than 2 years,1,0,0,0,1,1,0
S01007918,Born outside the UK: Resident 2 years or more and less than 5 years,3,0,0,0,3,3,0
S01007918,Born outside the UK: Resident 5 years or more and less than 10 years,1,1,0,1,0,0,0
S01007918,Born outside the UK: Resident 10 years or more,10,6,5,1,4,3,1
S01007919,All people in households,773,716,260,456,57,26,31
S01007919,Born in the UK,763,708,257,451,55,24,31
S01007919,Born outside the UK: Total,10,8,3,5,2,2,0
S01007919,Born outside the UK: Resident less than 2 years,0,0,0,0,0,0,0
S01007919,Born outside the UK: Resident 2 years or more and less than 5 years,0,0,0,0,0,0,0
S01007919,Born outside the UK: Resident 5 years or more and less than 10 years,0,0,0,0,0,0,0
S01007919,Born outside the UK: Resident 10 years or more,10,8,3,5,2,2,0
S01007920,All people in households,615,546,171,375,69,33,36
S01007920,Born in the UK,592,525,164,361,67,31,36
S01007920,Born outside the UK: Total,23,21,7,14,2,2,0
S01007920,Born outside the UK: Resident less than 2 years,0,0,0,0,0,0,0
S01007920,Born outside the UK: Resident 2 years or more and less than 5 years,1,1,1,0,0,0,0
S01007920,Born outside the UK: Resident 5 years or more and less than 10 years,3,2,1,1,1,1,0
S01007920,Born outside the UK: Resident 10 years or more,19,18,5,13,1,1,0
S01007921,All people in households,922,389,131,258,533,505,28
S01007921,Born in the UK,911,384,128,256,527,500,27
S01007921,Born outside the UK: Total,11,5,3,2,6,5,1
S01007921,Born outside the UK: Resident less than 2 years,1,0,0,0,1,0,1
S01007921,Born outside the UK: Resident 2 years or more and less than 5 years,2,2,2,0,0,0,0
S01007921,Born outside the UK: Resident 5 years or more and less than 10 years,0,0,0,0,0,0,0
S01007921,Born outside the UK: Resident 10 years or more,8,3,1,2,5,5,0
S01007922,All people in households,867,363,119,244,504,447,57
S01007922,Born in the UK,850,358,118,240,492,442,50
S01007922,Born outside the UK: Total,17,5,1,4,12,5,7
S01007922,Born outside the UK: Resident less than 2 years,5,2,0,2,3,0,3
S01007922,Born outside the UK: Resident 2 years or more and less than 5 years,1,1,1,0,0,0,0
S01007922,Born outside the UK: Resident 5 years or more and less than 10 years,3,1,0,1,2,0,2
S01007922,Born outside the UK: Resident 10 years or more,8,1,0,1,7,5,2
S01007923,All people in households,968,785,289,496,183,98,85
S01007923,Born in the UK,932,766,282,484,166,88,78
S01007923,Born outside the UK: Total,36,19,7,12,17,10,7
S01007923,Born outside the UK: Resident less than 2 years,7,0,0,0,7,5,2
S01007923,Born outside the UK: Resident 2 years or more and less than 5 years,7,3,0,3,4,0,4
S01007923,Born outside the UK: Resident 5 years or more and less than 10 years,15,9,4,5,6,5,1
S01007923,Born outside the UK: Resident 10 years or more,7,7,3,4,0,0,0
S01007924,All people in households,984,509,192,317,475,388,87
S01007924,Born in the UK,959,493,188,305,466,380,86
S01007924,Born outside the UK: Total,25,16,4,12,9,8,1
S01007924,Born outside the UK: Resident less than 2 years,1,1,0,1,0,0,0
S01007924,Born outside the UK: Resident 2 years or more and less than 5 years,6,1,0,1,5,4,1
S01007924,Born outside the UK: Resident 5 years or more and less than 10 years,5,4,1,3,1,1,0
S01007924,Born outside the UK: Resident 10 years or more,13,10,3,7,3,3,0
S01007925,All people in households,465,397,195,202,68,13,55
S01007925,Born in the UK,451,389,192,197,62,12,50
S01007925,Born outside the UK: Total,14,8,3,5,6,1,5
S01007925,Born outside the UK: Resident less than 2 years,1,1,0,1,0,0,0
S01007925,Born outside the UK: Resident 2 years or more and less than 5 years,3,0,0,0,3,0,3
S01007925,Born outside the UK: Resident 5 years or more and less than 10 years,0,0,0,0,0,0,0
S01007925,Born outside the UK: Resident 10 years or more,10,7,3,4,3,1,2
S01007926,All people in households,464,392,159,233,72,15,57
S01007926,Born in the UK,454,384,155,229,70,15,55
S01007926,Born outside the UK: Total,10,8,4,4,2,0,2
S01007926,Born outside the UK: Resident less than 2 years,0,0,0,0,0,0,0
S01007926,Born outside the UK: Resident 2 years or more and less than 5 years,2,2,2,0,0,0,0
S01007926,Born outside the UK: Resident 5 years or more and less than 10 years,0,0,0,0,0,0,0
S01007926,Born outside the UK: Resident 10 years or more,8,6,2,4,2,0,2
S01007927,All people in households,617,540,201,339,77,33,44
S01007927,Born in the UK,597,530,200,330,67,26,41
S01007927,Born outside the UK: Total,20,10,1,9,10,7,3
S01007927,Born outside the UK: Resident less than 2 years,1,0,0,0,1,0,1
S01007927,Born outside the UK: Resident 2 years or more and less than 5 years,1,1,0,1,0,0,0
S01007927,Born outside the UK: Resident 5 years or more and less than 10 years,5,1,0,1,4,4,0
S01007927,Born outside the UK: Resident 10 years or more,13,8,1,7,5,3,2
S01007928,All people in households,998,839,306,533,159,118,41
S01007928,Born in the UK,971,818,300,518,153,115,38
S01007928,Born outside the UK: Total,27,21,6,15,6,3,3
S01007928,Born outside the UK: Resident less than 2 years,4,2,2,0,2,1,1
S01007928,Born outside the UK: Resident 2 years or more and less than 5 years,4,2,1,1,2,2,0
S01007928,Born outside the UK: Resident 5 years or more and less than 10 years,3,3,2,1,0,0,0
S01007928,Born outside the UK: Resident 10 years or more,16,14,1,13,2,0,2
S01007929,All people in households,738,625,229,396,113,39,74
S01007929,Born in the UK,714,610,224,386,104,39,65
S01007929,Born outside the UK: Total,24,15,5,10,9,0,9
S01007929,Born outside the UK: Resident less than 2 years,2,2,0,2,0,0,0
S01007929,Born outside the UK: Resident 2 years or more and less than 5 years,1,0,0,0,1,0,1
S01007929,Born outside the UK: Resident 5 years or more and less than 10 years,5,0,0,0,5,0,5
S01007929,Born outside the UK: Resident 10 years or more,16,13,5,8,3,0,3
S01007930,All people in households,595,529,234,295,66,21,45
S01007930,Born in the UK,580,519,229,290,61,20,41
S01007930,Born outside the UK: Total,15,10,5,5,5,1,4
S01007930,Born outside the UK: Resident less than 2 years,0,0,0,0,0,0,0
S01007930,Born outside the UK: Resident 2 years or more and less than 5 years,1,0,0,0,1,0,1
S01007930,Born outside the UK: Resident 5 years or more and less than 10 years,2,1,1,0,1,1,0
S01007930,Born outside the UK: Resident 10 years or more,12,9,4,5,3,0,3
S01007931,All people in households,1124,829,294,535,295,240,55
S01007931,Born in the UK,1075,795,282,513,280,228,52
S01007931,Born outside the UK: Total,49,34,12,22,15,12,3
S01007931,Born outside the UK: Resident less than 2 years,1,0,0,0,1,1,0
S01007931,Born outside the UK: Resident 2 years or more and less than 5 years,3,2,1,1,1,0,1
S01007931,Born outside the UK: Resident 5 years or more and less than 10 years,4,1,0,1,3,3,0
S01007931,Born outside the UK: Resident 10 years or more,41,31,11,20,10,8,2
S01007932,All people in households,831,785,357,428,46,22,24
S01007932,Born in the UK,811,773,354,419,38,20,18
S01007932,Born outside the UK: Total,20,12,3,9,8,2,6
S01007932,Born outside the UK: Resident less than 2 years,0,0,0,0,0,0,0
S01007932,Born outside the UK: Resident 2 years or more and less than 5 years,5,0,0,0,5,0,5
S01007932,Born outside the UK: Resident 5 years or more and less than 10 years,2,1,0,1,1,0,1
S01007932,Born outside the UK: Resident 10 years or more,13,11,3,8,2,2,0
S01007933,All people in households,874,746,209,537,128,32,96
S01007933,Born in the UK,843,724,205,519,119,28,91
S01007933,Born outside the UK: Total,31,22,4,18,9,4,5
S01007933,Born outside the UK: Resident less than 2 years,1,1,0,1,0,0,0
S01007933,Born outside the UK: Resident 2 years or more and less than 5 years,6,2,0,2,4,4,0
S01007933,Born outside the UK: Resident 5 years or more and less than 10 years,3,1,0,1,2,0,2
S01007933,Born outside the UK: Resident 10 years or more,21,18,4,14,3,0,3
S01007934,All people in households,720,505,118,387,215,166,49
S01007934,Born in the UK,705,492,115,377,213,164,49
S01007934,Born outside the UK: Total,15,13,3,10,2,2,0
S01007934,Born outside the UK: Resident less than 2 years,0,0,0,0,0,0,0
S01007934,Born outside the UK: Resident 2 years or more and less than 5 years,1,1,0,1,0,0,0
S01007934,Born outside the UK: Resident 5 years or more and less than 10 years,1,1,0,1,0,0,0
S01007934,Born outside the UK: Resident 10 years or more,13,11,3,8,2,2,0
S01007935,All people in households,803,451,145,306,352,174,178
S01007935,Born in the UK,776,437,142,295,339,169,170
S01007935,Born outside the UK: Total,27,14,3,11,13,5,8
S01007935,Born outside the UK: Resident less than 2 years,0,0,0,0,0,0,0
S01007935,Born outside the UK: Resident 2 years or more and less than 5 years,2,0,0,0,2,2,0
S01007935,Born outside the UK: Resident 5 years or more and less than 10 years,3,3,0,3,0,0,0
S01007935,Born outside the UK: Resident 10 years or more,22,11,3,8,11,3,8
S01007936,All people in households,1008,886,260,626,122,13,109
S01007936,Born in the UK,980,862,253,609,118,13,105
S01007936,Born outside the UK: Total,28,24,7,17,4,0,4
S01007936,Born outside the UK: Resident less than 2 years,1,1,0,1,0,0,0
S01007936,Born outside the UK: Resident 2 years or more and less than 5 years,0,0,0,0,0,0,0
S01007936,Born outside the UK: Resident 5 years or more and less than 10 years,2,0,0,0,2,0,2
S01007936,Born outside the UK: Resident 10 years or more,25,23,7,16,2,0,2
S01007937,All people in households,1059,929,298,631,130,35,95
S01007937,Born in the UK,1030,910,290,620,120,28,92
S01007937,Born outside the UK: Total,29,19,8,11,10,7,3
S01007937,Born outside the UK: Resident less than 2 years,6,2,0,2,4,3,1
S01007937,Born outside the UK: Resident 2 years or more and less than 5 years,5,2,1,1,3,3,0
S01007937,Born outside the UK: Resident 5 years or more and less than 10 years,3,1,0,1,2,1,1
S01007937,Born outside the UK: Resident 10 years or more,15,14,7,7,1,0,1
S01007938,All people in households,740,490,187,303,250,186,64
S01007938,Born in the UK,729,479,182,297,250,186,64
S01007938,Born outside the UK: Total,11,11,5,6,0,0,0
S01007938,Born outside the UK: Resident less than 2 years,0,0,0,0,0,0,0
S01007938,Born outside the UK: Resident 2 years or more and less than 5 years,0,0,0,0,0,0,0
S01007938,Born outside the UK: Resident 5 years or more and less than 10 years,1,1,1,0,0,0,0
S01007938,Born outside the UK: Resident 10 years or more,10,10,4,6,0,0,0
S01007939,All people in households,896,452,172,280,444,378,66
S01007939,Born in the UK,881,444,171,273,437,373,64
S01007939,Born outside the UK: Total,15,8,1,7,7,5,2
S01007939,Born outside the UK: Resident less than 2 years,1,0,0,0,1,1,0
S01007939,Born outside the UK: Resident 2 years or more and less than 5 years,0,0,0,0,0,0,0
S01007939,Born outside the UK: Resident 5 years or more and less than 10 years,2,0,0,0,2,0,2
S01007939,Born outside the UK: Resident 10 years or more,12,8,1,7,4,4,0
S01007940,All people in households,1056,756,244,512,300,224,76
S01007940,Born in the UK,1022,749,242,507,273,223,50
S01007940,Born outside the UK: Total,34,7,2,5,27,1,26
S01007940,Born outside the UK: Resident less than 2 years,22,0,0,0,22,0,22
S01007940,Born outside the UK: Resident 2 years or more and less than 5 years,3,2,0,2,1,0,1
S01007940,Born outside the UK: Resident 5 years or more and less than 10 years,2,1,1,0,1,0,1
S01007940,Born outside the UK: Resident 10 years or more,7,4,1,3,3,1,2
S01007941,All people in households,631,587,232,355,44,15,29
S01007941,Born in the UK,617,573,226,347,44,15,29
S01007941,Born outside the UK: Total,14,14,6,8,0,0,0
S01007941,Born outside the UK: Resident less than 2 years,0,0,0,0,0,0,0
S01007941,Born outside the UK: Resident 2 years or more and less than 5 years,0,0,0,0,0,0,0
S01007941,Born outside the UK: Resident 5 years or more and less than 10 years,5,5,0,5,0,0,0
S01007941,Born outside the UK: Resident 10 years or more,9,9,6,3,0,0,0
S01007942,All people in households,508,316,54,262,192,85,107
S01007942,Born in the UK,502,310,53,257,192,85,107
S01007942,Born outside the UK: Total,6,6,1,5,0,0,0
S01007942,Born outside the UK: Resident less than 2 years,0,0,0,0,0,0,0
S01007942,Born outside the UK: Resident 2 years or more and less than 5 years,0,0,0,0,0,0,0
S01007942,Born outside the UK: Resident 5 years or more and less than 10 years,0,0,0,0,0,0,0
S01007942,Born outside the UK: Resident 10 years or more,6,6,1,5,0,0,0
S01007943,All people in households,660,502,202,300,158,72,86
S01007943,Born in the UK,648,495,198,297,153,69,84
S01007943,Born outside the UK: Total,12,7,4,3,5,3,2
S01007943,Born outside the UK: Resident less than 2 years,0,0,0,0,0,0,0
S01007943,Born outside the UK: Resident 2 years or more and less than 5 years,1,0,0,0,1,0,1
S01007943,Born outside the UK: Resident 5 years or more and less than 10 years,2,1,0,1,1,1,0
S01007943,Born outside the UK: Resident 10 years or more,9,6,4,2,3,2,1
S01007944,All people in households,915,617,185,432,298,207,91
S01007944,Born in the UK,900,609,180,429,291,201,90
S01007944,Born outside the UK: Total,15,8,5,3,7,6,1
S01007944,Born outside the UK: Resident less than 2 years,3,0,0,0,3,3,0
S01007944,Born outside the UK: Resident 2 years or more and less than 5 years,1,1,1,0,0,0,0
S01007944,Born outside the UK: Resident 5 years or more and less than 10 years,2,0,0,0,2,2,0
S01007944,Born outside the UK: Resident 10 years or more,9,7,4,3,2,1,1
S01007945,All people in households,850,546,220,326,304,211,93
S01007945,Born in the UK,831,535,214,321,296,205,91
S01007945,Born outside the UK: Total,19,11,6,5,8,6,2
S01007945,Born outside the UK: Resident less than 2 years,0,0,0,0,0,0,0
S01007945,Born outside the UK: Resident 2 years or more and less than 5 years,3,1,1,0,2,0,2
S01007945,Born outside the UK: Resident 5 years or more and less than 10 years,1,1,0,1,0,0,0
S01007945,Born outside the UK: Resident 10 years or more,15,9,5,4,6,6,0
S01007946,All people in households,780,522,195,327,258,184,74
S01007946,Born in the UK,773,518,193,325,255,183,72
S01007946,Born outside the UK: Total,7,4,2,2,3,1,2
S01007946,Born outside the UK: Resident less than 2 years,0,0,0,0,0,0,0
S01007946,Born outside the UK: Resident 2 years or more and less than 5 years,0,0,0,0,0,0,0
S01007946,Born outside the UK: Resident 5 years or more and less than 10 years,0,0,0,0,0,0,0
S01007946,Born outside the UK: Resident 10 years or more,7,4,2,2,3,1,2
S01007947,All people in households,756,593,216,377,163,115,48
S01007947,Born in the UK,736,578,211,367,158,112,46
S01007947,Born outside the UK: Total,20,15,5,10,5,3,2
S01007947,Born outside the UK: Resident less than 2 years,6,3,2,1,3,1,2
S01007947,Born outside the UK: Resident 2 years or more and less than 5 years,2,2,0,2,0,0,0
S01007947,Born outside the UK: Resident 5 years or more and less than 10 years,2,2,0,2,0,0,0
S01007947,Born outside the UK: Resident 10 years or more,10,8,3,5,2,2,0
S01007948,All people in households,660,297,112,185,363,305,58
S01007948,Born in the UK,639,279,104,175,360,302,58
S01007948,Born outside the UK: Total,21,18,8,10,3,3,0
S01007948,Born outside the UK: Resident less than 2 years,1,1,0,1,0,0,0
S01007948,Born outside the UK: Resident 2 years or more and less than 5 years,6,6,0,6,0,0,0
S01007948,Born outside the UK: Resident 5 years or more and less than 10 years,2,1,1,0,1,1,0
S01007948,Born outside the UK: Resident 10 years or more,12,10,7,3,2,2,0
S01007949,All people in households,751,634,253,381,117,63,54
S01007949,Born in the UK,739,628,251,377,111,62,49
S01007949,Born outside the UK: Total,12,6,2,4,6,1,5
S01007949,Born outside the UK: Resident less than 2 years,1,1,0,1,0,0,0
S01007949,Born outside the UK: Resident 2 years or more and less than 5 years,4,0,0,0,4,0,4
S01007949,Born outside the UK: Resident 5 years or more and less than 10 years,0,0,0,0,0,0,0
S01007949,Born outside the UK: Resident 10 years or more,7,5,2,3,2,1,1
S01007950,All people in households,881,771,300,471,110,53,57
S01007950,Born in the UK,866,764,297,467,102,49,53
S01007950,Born outside the UK: Total,15,7,3,4,8,4,4
S01007950,Born outside the UK: Resident less than 2 years,2,2,2,0,0,0,0
S01007950,Born outside the UK: Resident 2 years or more and less than 5 years,2,0,0,0,2,1,1
S01007950,Born outside the UK: Resident 5 years or more and less than 10 years,4,2,0,2,2,2,0
S01007950,Born outside the UK: Resident 10 years or more,7,3,1,2,4,1,3
S01007951,All people in households,755,573,172,401,182,128,54
S01007951,Born in the UK,739,567,167,400,172,122,50
S01007951,Born outside the UK: Total,16,6,5,1,10,6,4
S01007951,Born outside the UK: Resident less than 2 years,1,0,0,0,1,0,1
S01007951,Born outside the UK: Resident 2 years or more and less than 5 years,2,0,0,0,2,1,1
S01007951,Born outside the UK: Resident 5 years or more and less than 10 years,4,1,0,1,3,2,1
S01007951,Born outside the UK: Resident 10 years or more,9,5,5,0,4,3,1
S01007952,All people in households,617,296,100,196,321,241,80
S01007952,Born in the UK,602,289,97,192,313,239,74
S01007952,Born outside the UK: Total,15,7,3,4,8,2,6
S01007952,Born outside the UK: Resident less than 2 years,0,0,0,0,0,0,0
S01007952,Born outside the UK: Resident 2 years or more and less than 5 years,2,0,0,0,2,0,2
S01007952,Born outside the UK: Resident 5 years or more and less than 10 years,4,2,0,2,2,0,2
S01007952,Born outside the UK: Resident 10 years or more,9,5,3,2,4,2,2
S01007953,All people in households,938,607,138,469,331,247,84
S01007953,Born in the UK,931,600,137,463,331,247,84
S01007953,Born outside the UK: Total,7,7,1,6,0,0,0
S01007953,Born outside the UK: Resident less than 2 years,0,0,0,0,0,0,0
S01007953,Born outside the UK: Resident 2 years or more and less than 5 years,1,1,0,1,0,0,0
S01007953,Born outside the UK: Resident 5 years or more and less than 10 years,0,0,0,0,0,0,0
S01007953,Born outside the UK: Resident 10 years or more,6,6,1,5,0,0,0
S01007954,All people in households,728,295,75,220,433,386,47
S01007954,Born in the UK,714,295,75,220,419,374,45
S01007954,Born outside the UK: Total,14,0,0,0,14,12,2
S01007954,Born outside the UK: Resident less than 2 years,3,0,0,0,3,1,2
S01007954,Born outside the UK: Resident 2 years or more and less than 5 years,5,0,0,0,5,5,0
S01007954,Born outside the UK: Resident 5 years or more and less than 10 years,4,0,0,0,4,4,0
S01007954,Born outside the UK: Resident 10 years or more,2,0,0,0,2,2,0
S01007955,All people in households,833,424,130,294,409,361,48
S01007955,Born in the UK,816,414,126,288,402,355,47
S01007955,Born outside the UK: Total,17,10,4,6,7,6,1
S01007955,Born outside the UK: Resident less than 2 years,0,0,0,0,0,0,0
S01007955,Born outside the UK: Resident 2 years or more and less than 5 years,0,0,0,0,0,0,0
S01007955,Born outside the UK: Resident 5 years or more and less than 10 years,1,0,0,0,1,1,0
S01007955,Born outside the UK: Resident 10 years or more,16,10,4,6,6,5,1
S01007956,All people in households,745,389,85,304,356,306,50
S01007956,Born in the UK,733,385,84,301,348,304,44
S01007956,Born outside the UK: Total,12,4,1,3,8,2,6
S01007956,Born outside the UK: Resident less than 2 years,0,0,0,0,0,0,0
S01007956,Born outside the UK: Resident 2 years or more and less than 5 years,2,0,0,0,2,0,2
S01007956,Born outside the UK: Resident 5 years or more and less than 10 years,2,0,0,0,2,0,2
S01007956,Born outside the UK: Resident 10 years or more,8,4,1,3,4,2,2
S01007957,All people in households,928,544,163,381,384,317,67
S01007957,Born in the UK,897,527,158,369,370,307,63
S01007957,Born outside the UK: Total,31,17,5,12,14,10,4
S01007957,Born outside the UK: Resident less than 2 years,5,2,2,0,3,2,1
S01007957,Born outside the UK: Resident 2 years or more and less than 5 years,1,0,0,0,1,1,0
S01007957,Born outside the UK: Resident 5 years or more and less than 10 years,5,4,0,4,1,1,0
S01007957,Born outside the UK: Resident 10 years or more,20,11,3,8,9,6,3
S01007958,All people in households,809,388,97,291,421,384,37
S01007958,Born in the UK,798,379,95,284,419,382,37
S01007958,Born outside the UK: Total,11,9,2,7,2,2,0
S01007958,Born outside the UK: Resident less than 2 years,0,0,0,0,0,0,0
S01007958,Born outside the UK: Resident 2 years or more and less than 5 years,3,3,0,3,0,0,0
S01007958,Born outside the UK: Resident 5 years or more and less than 10 years,1,1,0,1,0,0,0
S01007958,Born outside the UK: Resident 10 years or more,7,5,2,3,2,2,0
S01007959,All people in households,761,674,283,391,87,58,29
S01007959,Born in the UK,742,659,279,380,83,56,27
S01007959,Born outside the UK: Total,19,15,4,11,4,2,2
S01007959,Born outside the UK: Resident less than 2 years,1,0,0,0,1,0,1
S01007959,Born outside the UK: Resident 2 years or more and less than 5 years,1,1,0,1,0,0,0
S01007959,Born outside the UK: Resident 5 years or more and less than 10 years,2,0,0,0,2,1,1
S01007959,Born outside the UK: Resident 10 years or more,15,14,4,10,1,1,0
S01007960,All people in households,696,424,120,304,272,242,30
S01007960,Born in the UK,690,421,120,301,269,240,29
S01007960,Born outside the UK: Total,6,3,0,3,3,2,1
S01007960,Born outside the UK: Resident less than 2 years,0,0,0,0,0,0,0
S01007960,Born outside the UK: Resident 2 years or more and less than 5 years,0,0,0,0,0,0,0
S01007960,Born outside the UK: Resident 5 years or more and less than 10 years,0,0,0,0,0,0,0
S01007960,Born outside the UK: Resident 10 years or more,6,3,0,3,3,2,1
S01007961,All people in households,703,531,285,246,172,33,139
S01007961,Born in the UK,692,523,280,243,169,32,137
S01007961,Born outside the UK: Total,11,8,5,3,3,1,2
S01007961,Born outside the UK: Resident less than 2 years,0,0,0,0,0,0,0
S01007961,Born outside the UK: Resident 2 years or more and less than 5 years,0,0,0,0,0,0,0
S01007961,Born outside the UK: Resident 5 years or more and less than 10 years,0,0,0,0,0,0,0
S01007961,Born outside the UK: Resident 10 years or more,11,8,5,3,3,1,2
S01007962,All people in households,597,350,69,281,247,175,72
S01007962,Born in the UK,581,340,67,273,241,170,71
S01007962,Born outside the UK: Total,16,10,2,8,6,5,1
S01007962,Born outside the UK: Resident less than 2 years,0,0,0,0,0,0,0
S01007962,Born outside the UK: Resident 2 years or more and less than 5 years,1,1,0,1,0,0,0
S01007962,Born outside the UK: Resident 5 years or more and less than 10 years,1,1,0,1,0,0,0
S01007962,Born outside the UK: Resident 10 years or more,14,8,2,6,6,5,1
S01007963,All people in households,1003,158,66,92,845,796,49
S01007963,Born in the UK,972,149,63,86,823,782,41
S01007963,Born outside the UK: Total,31,9,3,6,22,14,8
S01007963,Born outside the UK: Resident less than 2 years,4,1,0,1,3,0,3
S01007963,Born outside the UK: Resident 2 years or more and less than 5 years,0,0,0,0,0,0,0
S01007963,Born outside the UK: Resident 5 years or more and less than 10 years,4,0,0,0,4,3,1
S01007963,Born outside the UK: Resident 10 years or more,23,8,3,5,15,11,4
S01007964,All people in households,791,368,134,234,423,346,77
S01007964,Born in the UK,777,361,134,227,416,340,76
S01007964,Born outside the UK: Total,14,7,0,7,7,6,1
S01007964,Born outside the UK: Resident less than 2 years,1,0,0,0,1,0,1
S01007964,Born outside the UK: Resident 2 years or more and less than 5 years,0,0,0,0,0,0,0
S01007964,Born outside the UK: Resident 5 years or more and less than 10 years,9,4,0,4,5,5,0
S01007964,Born outside the UK: Resident 10 years or more,4,3,0,3,1,1,0
S01007965,All people in households,576,284,79,205,292,252,40
S01007965,Born in the UK,562,274,77,197,288,248,40
S01007965,Born outside the UK: Total,14,10,2,8,4,4,0
S01007965,Born outside the UK: Resident less than 2 years,0,0,0,0,0,0,0
S01007965,Born outside the UK: Resident 2 years or more and less than 5 years,1,0,0,0,1,1,0
S01007965,Born outside the UK: Resident 5 years or more and less than 10 years,2,2,1,1,0,0,0
S01007965,Born outside the UK: Resident 10 years or more,11,8,1,7,3,3,0
S01007966,All people in households,977,357,117,240,620,564,56
S01007966,Born in the UK,955,343,114,229,612,558,54
S01007966,Born outside the UK: Total,22,14,3,11,8,6,2
S01007966,Born outside the UK: Resident less than 2 years,1,0,0,0,1,1,0
S01007966,Born outside the UK: Resident 2 years or more and less than 5 years,1,0,0,0,1,0,1
S01007966,Born outside the UK: Resident 5 years or more and less than 10 years,4,1,0,1,3,3,0
S01007966,Born outside the UK: Resident 10 years or more,16,13,3,10,3,2,1
S01007967,All people in households,639,187,36,151,452,407,45
S01007967,Born in the UK,620,184,35,149,436,395,41
S01007967,Born outside the UK: Total,19,3,1,2,16,12,4
S01007967,Born outside the UK: Resident less than 2 years,3,0,0,0,3,0,3
S01007967,Born outside the UK: Resident 2 years or more and less than 5 years,1,0,0,0,1,1,0
S01007967,Born outside the UK: Resident 5 years or more and less than 10 years,6,1,0,1,5,4,1
S01007967,Born outside the UK: Resident 10 years or more,9,2,1,1,7,7,0
S01007968,All people in households,869,616,196,420,253,199,54
S01007968,Born in the UK,847,596,187,409,251,197,54
S01007968,Born outside the UK: Total,22,20,9,11,2,2,0
S01007968,Born outside the UK: Resident less than 2 years,0,0,0,0,0,0,0
S01007968,Born outside the UK: Resident 2 years or more and less than 5 years,2,2,0,2,0,0,0
S01007968,Born outside the UK: Resident 5 years or more and less than 10 years,3,3,0,3,0,0,0
S01007968,Born outside the UK: Resident 10 years or more,17,15,9,6,2,2,0
S01007969,All people in households,840,534,187,347,306,268,38
S01007969,Born in the UK,824,525,184,341,299,262,37
S01007969,Born outside the UK: Total,16,9,3,6,7,6,1
S01007969,Born outside the UK: Resident less than 2 years,0,0,0,0,0,0,0
S01007969,Born outside the UK: Resident 2 years or more and less than 5 years,2,0,0,0,2,1,1
S01007969,Born outside the UK: Resident 5 years or more and less than 10 years,3,1,0,1,2,2,0
S01007969,Born outside the UK: Resident 10 years or more,11,8,3,5,3,3,0
S01007970,All people in households,874,504,150,354,370,293,77
S01007970,Born in the UK,862,499,149,350,363,288,75
S01007970,Born outside the UK: Total,12,5,1,4,7,5,2
S01007970,Born outside the UK: Resident less than 2 years,0,0,0,0,0,0,0
S01007970,Born outside the UK: Resident 2 years or more and less than 5 years,3,1,0,1,2,1,1
S01007970,Born outside the UK: Resident 5 years or more and less than 10 years,3,1,0,1,2,1,1
S01007970,Born outside the UK: Resident 10 years or more,6,3,1,2,3,3,0
S01007971,All people in households,927,499,155,344,428,367,61
S01007971,Born in the UK,910,489,150,339,421,363,58
S01007971,Born outside the UK: Total,17,10,5,5,7,4,3
S01007971,Born outside the UK: Resident less than 2 years,0,0,0,0,0,0,0
S01007971,Born outside the UK: Resident 2 years or more and less than 5 years,1,0,0,0,1,1,0
S01007971,Born outside the UK: Resident 5 years or more and less than 10 years,1,0,0,0,1,0,1
S01007971,Born outside the UK: Resident 10 years or more,15,10,5,5,5,3,2
S01007972,All people in households,828,536,128,408,292,232,60
S01007972,Born in the UK,820,533,128,405,287,230,57
S01007972,Born outside the UK: Total,8,3,0,3,5,2,3
S01007972,Born outside the UK: Resident less than 2 years,0,0,0,0,0,0,0
S01007972,Born outside the UK: Resident 2 years or more and less than 5 years,1,1,0,1,0,0,0
S01007972,Born outside the UK: Resident 5 years or more and less than 10 years,2,1,0,1,1,0,1
S01007972,Born outside the UK: Resident 10 years or more,5,1,0,1,4,2,2
S01007973,All people in households,816,790,335,455,26,9,17
S01007973,Born in the UK,804,778,330,448,26,9,17
S01007973,Born outside the UK: Total,12,12,5,7,0,0,0
S01007973,Born outside the UK: Resident less than 2 years,1,1,0,1,0,0,0
S01007973,Born outside the UK: Resident 2 years or more and less than 5 years,0,0,0,0,0,0,0
S01007973,Born outside the UK: Resident 5 years or more and less than 10 years,1,1,0,1,0,0,0
S01007973,Born outside the UK: Resident 10 years or more,10,10,5,5,0,0,0
S01007974,All people in households,784,368,114,254,416,361,55
S01007974,Born in the UK,771,362,112,250,409,354,55
S01007974,Born outside the UK: Total,13,6,2,4,7,7,0
S01007974,Born outside the UK: Resident less than 2 years,0,0,0,0,0,0,0
S01007974,Born outside the UK: Resident 2 years or more and less than 5 years,2,0,0,0,2,2,0
S01007974,Born outside the UK: Resident 5 years or more and less than 10 years,3,2,0,2,1,1,0
S01007974,Born outside the UK: Resident 10 years or more,8,4,2,2,4,4,0
S01007975,All people in households,655,391,124,267,264,186,78
S01007975,Born in the UK,643,384,122,262,259,185,74
S01007975,Born outside the UK: Total,12,7,2,5,5,1,4
S01007975,Born outside the UK: Resident less than 2 years,2,0,0,0,2,0,2
S01007975,Born outside the UK: Resident 2 years or more and less than 5 years,0,0,0,0,0,0,0
S01007975,Born outside the UK: Resident 5 years or more and less than 10 years,2,1,0,1,1,0,1
S01007975,Born outside the UK: Resident 10 years or more,8,6,2,4,2,1,1
S01007976,All people in households,703,355,155,200,348,238,110
S01007976,Born in the UK,683,347,152,195,336,233,103
S01007976,Born outside the UK: Total,20,8,3,5,12,5,7
S01007976,Born outside the UK: Resident less than 2 years,1,0,0,0,1,0,1
S01007976,Born outside the UK: Resident 2 years or more and less than 5 years,3,2,0,2,1,0,1
S01007976,Born outside the UK: Resident 5 years or more and less than 10 years,5,1,0,1,4,0,4
S01007976,Born outside the UK: Resident 10 years or more,11,5,3,2,6,5,1
S01007977,All people in households,645,498,149,349,147,63,84
S01007977,Born in the UK,636,491,148,343,145,62,83
S01007977,Born outside the UK: Total,9,7,1,6,2,1,1
S01007977,Born outside the UK: Resident less than 2 years,0,0,0,0,0,0,0
S01007977,Born outside the UK: Resident 2 years or more and less than 5 years,0,0,0,0,0,0,0
S01007977,Born outside the UK: Resident 5 years or more and less than 10 years,3,2,0,2,1,1,0
S01007977,Born outside the UK: Resident 10 years or more,6,5,1,4,1,0,1
S01007978,All people in households,559,303,75,228,256,102,154
S01007978,Born in the UK,547,291,72,219,256,102,154
S01007978,Born outside the UK: Total,12,12,3,9,0,0,0
S01007978,Born outside the UK: Resident less than 2 years,1,1,0,1,0,0,0
S01007978,Born outside the UK: Resident 2 years or more and less than 5 years,2,2,0,2,0,0,0
S01007978,Born outside the UK: Resident 5 years or more and less than 10 years,3,3,1,2,0,0,0
S01007978,Born outside the UK: Resident 10 years or more,6,6,2,4,0,0,0
S01007979,All people in households,829,689,227,462,140,63,77
S01007979,Born in the UK,805,669,218,451,136,60,76
S01007979,Born outside the UK: Total,24,20,9,11,4,3,1
S01007979,Born outside the UK: Resident less than 2 years,1,0,0,0,1,0,1
S01007979,Born outside the UK: Resident 2 years or more and less than 5 years,2,0,0,0,2,2,0
S01007979,Born outside the UK: Resident 5 years or more and less than 10 years,3,3,0,3,0,0,0
S01007979,Born outside the UK: Resident 10 years or more,18,17,9,8,1,1,0
S01007980,All people in households,701,548,218,330,153,98,55
S01007980,Born in the UK,685,540,215,325,145,94,51
S01007980,Born outside the UK: Total,16,8,3,5,8,4,4
S01007980,Born outside the UK: Resident less than 2 years,5,0,0,0,5,3,2
S01007980,Born outside the UK: Resident 2 years or more and less than 5 years,2,2,0,2,0,0,0
S01007980,Born outside the UK: Resident 5 years or more and less than 10 years,3,1,1,0,2,0,2
S01007980,Born outside the UK: Resident 10 years or more,6,5,2,3,1,1,0
S01007981,All people in households,547,505,281,224,42,16,26
S01007981,Born in the UK,535,495,276,219,40,14,26
S01007981,Born outside the UK: Total,12,10,5,5,2,2,0
S01007981,Born outside the UK: Resident less than 2 years,2,2,0,2,0,0,0
S01007981,Born outside the UK: Resident 2 years or more and less than 5 years,0,0,0,0,0,0,0
S01007981,Born outside the UK: Resident 5 years or more and less than 10 years,1,1,0,1,0,0,0
S01007981,Born outside the UK: Resident 10 years or more,9,7,5,2,2,2,0
S01007982,All people in households,514,448,202,246,66,55,11
S01007982,Born in the UK,510,445,200,245,65,54,11
S01007982,Born outside the UK: Total,4,3,2,1,1,1,0
S01007982,Born outside the UK: Resident less than 2 years,0,0,0,0,0,0,0
S01007982,Born outside the UK: Resident 2 years or more and less than 5 years,0,0,0,0,0,0,0
S01007982,Born outside the UK: Resident 5 years or more and less than 10 years,0,0,0,0,0,0,0
S01007982,Born outside the UK: Resident 10 years or more,4,3,2,1,1,1,0
S01007983,All people in households,777,366,161,205,411,363,48
S01007983,Born in the UK,761,359,158,201,402,359,43
S01007983,Born outside the UK: Total,16,7,3,4,9,4,5
S01007983,Born outside the UK: Resident less than 2 years,0,0,0,0,0,0,0
S01007983,Born outside the UK: Resident 2 years or more and less than 5 years,2,0,0,0,2,1,1
S01007983,Born outside the UK: Resident 5 years or more and less than 10 years,1,1,1,0,0,0,0
S01007983,Born outside the UK: Resident 10 years or more,13,6,2,4,7,3,4
S01007984,All people in households,825,638,234,404,187,139,48
S01007984,Born in the UK,804,626,230,396,178,133,45
S01007984,Born outside the UK: Total,21,12,4,8,9,6,3
S01007984,Born outside the UK: Resident less than 2 years,2,0,0,0,2,2,0
S01007984,Born outside the UK: Resident 2 years or more and less than 5 years,3,2,0,2,1,0,1
S01007984,Born outside the UK: Resident 5 years or more and less than 10 years,3,2,1,1,1,0,1
S01007984,Born outside the UK: Resident 10 years or more,13,8,3,5,5,4,1
S01007985,All people in households,923,463,146,317,460,375,85
S01007985,Born in the UK,899,455,144,311,444,362,82
S01007985,Born outside the UK: Total,24,8,2,6,16,13,3
S01007985,Born outside the UK: Resident less than 2 years,4,0,0,0,4,4,0
S01007985,Born outside the UK: Resident 2 years or more and less than 5 years,1,1,0,1,0,0,0
S01007985,Born outside the UK: Resident 5 years or more and less than 10 years,4,0,0,0,4,2,2
S01007985,Born outside the UK: Resident 10 years or more,15,7,2,5,8,7,1
S01007986,All people in households,576,417,116,301,159,106,53
S01007986,Born in the UK,565,408,116,292,157,105,52
S01007986,Born outside the UK: Total,11,9,0,9,2,1,1
S01007986,Born outside the UK: Resident less than 2 years,0,0,0,0,0,0,0
S01007986,Born outside the UK: Resident 2 years or more and less than 5 years,1,0,0,0,1,0,1
S01007986,Born outside the UK: Resident 5 years or more and less than 10 years,4,4,0,4,0,0,0
S01007986,Born outside the UK: Resident 10 years or more,6,5,0,5,1,1,0
S01007987,All people in households,759,631,202,429,128,79,49
S01007987,Born in the UK,741,619,198,421,122,75,47
S01007987,Born outside the UK: Total,18,12,4,8,6,4,2
S01007987,Born outside the UK: Resident less than 2 years,1,1,1,0,0,0,0
S01007987,Born outside the UK: Resident 2 years or more and less than 5 years,5,1,1,0,4,4,0
S01007987,Born outside the UK: Resident 5 years or more and less than 10 years,3,3,0,3,0,0,0
S01007987,Born outside the UK: Resident 10 years or more,9,7,2,5,2,0,2
S01007988,All people in households,817,555,158,397,262,207,55
S01007988,Born in the UK,801,540,156,384,261,206,55
S01007988,Born outside the UK: Total,16,15,2,13,1,1,0
S01007988,Born outside the UK: Resident less than 2 years,0,0,0,0,0,0,0
S01007988,Born outside the UK: Resident 2 years or more and less than 5 years,0,0,0,0,0,0,0
S01007988,Born outside the UK: Resident 5 years or more and less than 10 years,5,5,0,5,0,0,0
S01007988,Born outside the UK: Resident 10 years or more,11,10,2,8,1,1,0
S01007989,All people in households,722,404,97,307,318,191,127
S01007989,Born in the UK,698,393,95,298,305,185,120
S01007989,Born outside the UK: Total,24,11,2,9,13,6,7
S01007989,Born outside the UK: Resident less than 2 years,0,0,0,0,0,0,0
S01007989,Born outside the UK: Resident 2 years or more and less than 5 years,5,1,0,1,4,0,4
S01007989,Born outside the UK: Resident 5 years or more and less than 10 years,4,1,0,1,3,3,0
S01007989,Born outside the UK: Resident 10 years or more,15,9,2,7,6,3,3
S01007990,All people in households,928,671,110,561,257,159,98
S01007990,Born in the UK,902,657,109,548,245,149,96
S01007990,Born outside the UK: Total,26,14,1,13,12,10,2
S01007990,Born outside the UK: Resident less than 2 years,0,0,0,0,0,0,0
S01007990,Born outside the UK: Resident 2 years or more and less than 5 years,2,1,0,1,1,1,0
S01007990,Born outside the UK: Resident 5 years or more and less than 10 years,7,2,0,2,5,5,0
S01007990,Born outside the UK: Resident 10 years or more,17,11,1,10,6,4,2
S01007991,All people in households,958,873,180,693,85,24,61
S01007991,Born in the UK,914,839,170,669,75,24,51
S01007991,Born outside the UK: Total,44,34,10,24,10,0,10
S01007991,Born outside the UK: Resident less than 2 years,6,1,1,0,5,0,5
S01007991,Born outside the UK: Resident 2 years or more and less than 5 years,3,1,0,1,2,0,2
S01007991,Born outside the UK: Resident 5 years or more and less than 10 years,5,3,1,2,2,0,2
S01007991,Born outside the UK: Resident 10 years or more,30,29,8,21,1,0,1
S01007992,All people in households,657,607,98,509,50,10,40
S01007992,Born in the UK,619,577,89,488,42,10,32
S01007992,Born outside the UK: Total,38,30,9,21,8,0,8
S01007992,Born outside the UK: Resident less than 2 years,0,0,0,0,0,0,0
S01007992,Born outside the UK: Resident 2 years or more and less than 5 years,2,1,1,0,1,0,1
S01007992,Born outside the UK: Resident 5 years or more and less than 10 years,13,10,4,6,3,0,3
S01007992,Born outside the UK: Resident 10 years or more,23,19,4,15,4,0,4
S01007993,All people in households,818,755,273,482,63,27,36
S01007993,Born in the UK,804,746,271,475,58,22,36
S01007993,Born outside the UK: Total,14,9,2,7,5,5,0
S01007993,Born outside the UK: Resident less than 2 years,0,0,0,0,0,0,0
S01007993,Born outside the UK: Resident 2 years or more and less than 5 years,2,0,0,0,2,2,0
S01007993,Born outside the UK: Resident 5 years or more and less than 10 years,2,1,0,1,1,1,0
S01007993,Born outside the UK: Resident 10 years or more,10,8,2,6,2,2,0
S01007994,All people in households,853,769,99,670,84,36,48
S01007994,Born in the UK,813,737,95,642,76,32,44
S01007994,Born outside the UK: Total,40,32,4,28,8,4,4
S01007994,Born outside the UK: Resident less than 2 years,1,1,0,1,0,0,0
S01007994,Born outside the UK: Resident 2 years or more and less than 5 years,4,1,1,0,3,0,3
S01007994,Born outside the UK: Resident 5 years or more and less than 10 years,17,15,1,14,2,2,0
S01007994,Born outside the UK: Resident 10 years or more,18,15,2,13,3,2,1
S01007995,All people in households,887,836,148,688,51,17,34
S01007995,Born in the UK,860,810,145,665,50,16,34
S01007995,Born outside the UK: Total,27,26,3,23,1,1,0
S01007995,Born outside the UK: Resident less than 2 years,0,0,0,0,0,0,0
S01007995,Born outside the UK: Resident 2 years or more and less than 5 years,3,3,0,3,0,0,0
S01007995,Born outside the UK: Resident 5 years or more and less than 10 years,9,9,0,9,0,0,0
S01007995,Born outside the UK: Resident 10 years or more,15,14,3,11,1,1,0
S01007996,All people in households,468,412,158,254,56,19,37
S01007996,Born in the UK,452,399,151,248,53,17,36
S01007996,Born outside the UK: Total,16,13,7,6,3,2,1
S01007996,Born outside the UK: Resident less than 2 years,1,1,0,1,0,0,0
S01007996,Born outside the UK: Resident 2 years or more and less than 5 years,1,1,0,1,0,0,0
S01007996,Born outside the UK: Resident 5 years or more and less than 10 years,0,0,0,0,0,0,0
S01007996,Born outside the UK: Resident 10 years or more,14,11,7,4,3,2,1
S01007997,All people in households,669,619,313,306,50,11,39
S01007997,Born in the UK,636,592,298,294,44,8,36
S01007997,Born outside the UK: Total,33,27,15,12,6,3,3
S01007997,Born outside the UK: Resident less than 2 years,6,4,4,0,2,0,2
S01007997,Born outside the UK: Resident 2 years or more and less than 5 years,3,0,0,0,3,3,0
S01007997,Born outside the UK: Resident 5 years or more and less than 10 years,1,1,0,1,0,0,0
S01007997,Born outside the UK: Resident 10 years or more,23,22,11,11,1,0,1
S01007998,All people in households,506,441,204,237,65,36,29
S01007998,Born in the UK,490,427,200,227,63,36,27
S01007998,Born outside the UK: Total,16,14,4,10,2,0,2
S01007998,Born outside the UK: Resident less than 2 years,0,0,0,0,0,0,0
S01007998,Born outside the UK: Resident 2 years or more and less than 5 years,1,1,0,1,0,0,0
S01007998,Born outside the UK: Resident 5 years or more and less than 10 years,0,0,0,0,0,0,0
S01007998,Born outside the UK: Resident 10 years or more,15,13,4,9,2,0,2
S01007999,All people in households,656,314,72,242,342,301,41
S01007999,Born in the UK,647,310,70,240,337,296,41
S01007999,Born outside the UK: Total,9,4,2,2,5,5,0
S01007999,Born outside the UK: Resident less than 2 years,0,0,0,0,0,0,0
S01007999,Born outside the UK: Resident 2 years or more and less than 5 years,0,0,0,0,0,0,0
S01007999,Born outside the UK: Resident 5 years or more and less than 10 years,0,0,0,0,0,0,0
S01007999,Born outside the UK: Resident 10 years or more,9,4,2,2,5,5,0
S01008000,All people in households,868,323,100,223,545,510,35
S01008000,Born in the UK,855,320,100,220,535,501,34
S01008000,Born outside the UK: Total,13,3,0,3,10,9,1
S01008000,Born outside the UK: Resident less than 2 years,3,0,0,0,3,3,0
S01008000,Born outside the UK: Resident 2 years or more and less than 5 years,2,0,0,0,2,2,0
S01008000,Born outside the UK: Resident 5 years or more and less than 10 years,1,0,0,0,1,1,0
S01008000,Born outside the UK: Resident 10 years or more,7,3,0,3,4,3,1
S01008001,All people in households,858,242,65,177,616,579,37
S01008001,Born in the UK,840,239,64,175,601,564,37
S01008001,Born outside the UK: Total,18,3,1,2,15,15,0
S01008001,Born outside the UK: Resident less than 2 years,4,0,0,0,4,4,0
S01008001,Born outside the UK: Resident 2 years or more and less than 5 years,1,0,0,0,1,1,0
S01008001,Born outside the UK: Resident 5 years or more and less than 10 years,6,0,0,0,6,6,0
S01008001,Born outside the UK: Resident 10 years or more,7,3,1,2,4,4,0
S01008002,All people in households,781,232,64,168,549,499,50
S01008002,Born in the UK,762,227,63,164,535,491,44
S01008002,Born outside the UK: Total,19,5,1,4,14,8,6
S01008002,Born outside the UK: Resident less than 2 years,1,0,0,0,1,1,0
S01008002,Born outside the UK: Resident 2 years or more and less than 5 years,1,0,0,0,1,1,0
S01008002,Born outside the UK: Resident 5 years or more and less than 10 years,5,1,0,1,4,3,1
S01008002,Born outside the UK: Resident 10 years or more,12,4,1,3,8,3,5
S01008003,All people in households,596,352,56,296,244,160,84
S01008003,Born in the UK,555,334,50,284,221,156,65
S01008003,Born outside the UK: Total,41,18,6,12,23,4,19
S01008003,Born outside the UK: Resident less than 2 years,2,0,0,0,2,0,2
S01008003,Born outside the UK: Resident 2 years or more and less than 5 years,13,4,0,4,9,3,6
S01008003,Born outside the UK: Resident 5 years or more and less than 10 years,11,3,0,3,8,1,7
S01008003,Born outside the UK: Resident 10 years or more,15,11,6,5,4,0,4
S01008004,All people in households,673,462,45,417,211,79,132
S01008004,Born in the UK,641,439,40,399,202,78,124
S01008004,Born outside the UK: Total,32,23,5,18,9,1,8
S01008004,Born outside the UK: Resident less than 2 years,0,0,0,0,0,0,0
S01008004,Born outside the UK: Resident 2 years or more and less than 5 years,12,6,0,6,6,0,6
S01008004,Born outside the UK: Resident 5 years or more and less than 10 years,6,4,0,4,2,0,2
S01008004,Born outside the UK: Resident 10 years or more,14,13,5,8,1,1,0
S01008005,All people in households,565,303,16,287,262,208,54
S01008005,Born in the UK,538,291,16,275,247,206,41
S01008005,Born outside the UK: Total,27,12,0,12,15,2,13
S01008005,Born outside the UK: Resident less than 2 years,0,0,0,0,0,0,0
S01008005,Born outside the UK: Resident 2 years or more and less than 5 years,10,3,0,3,7,1,6
S01008005,Born outside the UK: Resident 5 years or more and less than 10 years,4,1,0,1,3,0,3
S01008005,Born outside the UK: Resident 10 years or more,13,8,0,8,5,1,4
S01008006,All people in households,579,140,37,103,439,407,32
S01008006,Born in the UK,571,137,36,101,434,405,29
S01008006,Born outside the UK: Total,8,3,1,2,5,2,3
S01008006,Born outside the UK: Resident less than 2 years,1,0,0,0,1,0,1
S01008006,Born outside the UK: Resident 2 years or more and less than 5 years,2,1,0,1,1,0,1
S01008006,Born outside the UK: Resident 5 years or more and less than 10 years,1,0,0,0,1,0,1
S01008006,Born outside the UK: Resident 10 years or more,4,2,1,1,2,2,0
S01008007,All people in households,430,163,48,115,267,149,118
S01008007,Born in the UK,418,156,44,112,262,146,116
S01008007,Born outside the UK: Total,12,7,4,3,5,3,2
S01008007,Born outside the UK: Resident less than 2 years,0,0,0,0,0,0,0
S01008007,Born outside the UK: Resident 2 years or more and less than 5 years,3,2,2,0,1,1,0
S01008007,Born outside the UK: Resident 5 years or more and less than 10 years,2,1,1,0,1,1,0
S01008007,Born outside the UK: Resident 10 years or more,7,4,1,3,3,1,2
S01008008,All people in households,645,176,21,155,469,430,39
S01008008,Born in the UK,609,170,18,152,439,409,30
S01008008,Born outside the UK: Total,36,6,3,3,30,21,9
S01008008,Born outside the UK: Resident less than 2 years,5,0,0,0,5,4,1
S01008008,Born outside the UK: Resident 2 years or more and less than 5 years,11,1,1,0,10,10,0
S01008008,Born outside the UK: Resident 5 years or more and less than 10 years,9,1,1,0,8,2,6
S01008008,Born outside the UK: Resident 10 years or more,11,4,1,3,7,5,2
S01008009,All people in households,785,223,55,168,562,481,81
S01008009,Born in the UK,764,218,54,164,546,475,71
S01008009,Born outside the UK: Total,21,5,1,4,16,6,10
S01008009,Born outside the UK: Resident less than 2 years,6,1,0,1,5,3,2
S01008009,Born outside the UK: Resident 2 years or more and less than 5 years,8,1,0,1,7,2,5
S01008009,Born outside the UK: Resident 5 years or more and less than 10 years,4,2,1,1,2,0,2
S01008009,Born outside the UK: Resident 10 years or more,3,1,0,1,2,1,1
S01008010,All people in households,858,452,121,331,406,311,95
S01008010,Born in the UK,818,430,110,320,388,297,91
S01008010,Born outside the UK: Total,40,22,11,11,18,14,4
S01008010,Born outside the UK: Resident less than 2 years,0,0,0,0,0,0,0
S01008010,Born outside the UK: Resident 2 years or more and less than 5 years,10,3,3,0,7,7,0
S01008010,Born outside the UK: Resident 5 years or more and less than 10 years,5,1,1,0,4,3,1
S01008010,Born outside the UK: Resident 10 years or more,25,18,7,11,7,4,3
S01008011,All people in households,657,186,84,102,471,338,133
S01008011,Born in the UK,634,179,83,96,455,329,126
S01008011,Born outside the UK: Total,23,7,1,6,16,9,7
S01008011,Born outside the UK: Resident less than 2 years,4,2,0,2,2,0,2
S01008011,Born outside the UK: Resident 2 years or more and less than 5 years,4,1,0,1,3,1,2
S01008011,Born outside the UK: Resident 5 years or more and less than 10 years,4,0,0,0,4,1,3
S01008011,Born outside the UK: Resident 10 years or more,11,4,1,3,7,7,0
S01008012,All people in households,760,407,133,274,353,94,259
S01008012,Born in the UK,732,394,131,263,338,94,244
S01008012,Born outside the UK: Total,28,13,2,11,15,0,15
S01008012,Born outside the UK: Resident less than 2 years,7,0,0,0,7,0,7
S01008012,Born outside the UK: Resident 2 years or more and less than 5 years,3,1,0,1,2,0,2
S01008012,Born outside the UK: Resident 5 years or more and less than 10 years,7,5,0,5,2,0,2
S01008012,Born outside the UK: Resident 10 years or more,11,7,2,5,4,0,4
S01008013,All people in households,605,346,85,261,259,105,154
S01008013,Born in the UK,588,342,84,258,246,104,142
S01008013,Born outside the UK: Total,17,4,1,3,13,1,12
S01008013,Born outside the UK: Resident less than 2 years,5,0,0,0,5,0,5
S01008013,Born outside the UK: Resident 2 years or more and less than 5 years,3,0,0,0,3,0,3
S01008013,Born outside the UK: Resident 5 years or more and less than 10 years,1,0,0,0,1,0,1
S01008013,Born outside the UK: Resident 10 years or more,8,4,1,3,4,1,3
S01008014,All people in households,622,481,170,311,141,67,74
S01008014,Born in the UK,603,470,166,304,133,65,68
S01008014,Born outside the UK: Total,19,11,4,7,8,2,6
S01008014,Born outside the UK: Resident less than 2 years,5,0,0,0,5,1,4
S01008014,Born outside the UK: Resident 2 years or more and less than 5 years,0,0,0,0,0,0,0
S01008014,Born outside the UK: Resident 5 years or more and less than 10 years,2,0,0,0,2,0,2
S01008014,Born outside the UK: Resident 10 years or more,12,11,4,7,1,1,0
S01008015,All people in households,776,404,121,283,372,214,158
S01008015,Born in the UK,759,392,115,277,367,210,157
S01008015,Born outside the UK: Total,17,12,6,6,5,4,1
S01008015,Born outside the UK: Resident less than 2 years,1,1,0,1,0,0,0
S01008015,Born outside the UK: Resident 2 years or more and less than 5 years,0,0,0,0,0,0,0
S01008015,Born outside the UK: Resident 5 years or more and less than 10 years,5,4,2,2,1,1,0
S01008015,Born outside the UK: Resident 10 years or more,11,7,4,3,4,3,1
S01008016,All people in households,781,481,194,287,300,189,111
S01008016,Born in the UK,766,471,191,280,295,187,108
S01008016,Born outside the UK: Total,15,10,3,7,5,2,3
S01008016,Born outside the UK: Resident less than 2 years,1,0,0,0,1,0,1
S01008016,Born outside the UK: Resident 2 years or more and less than 5 years,0,0,0,0,0,0,0
S01008016,Born outside the UK: Resident 5 years or more and less than 10 years,1,0,0,0,1,0,1
S01008016,Born outside the UK: Resident 10 years or more,13,10,3,7,3,2,1
S01008017,All people in households,879,821,396,425,58,15,43
S01008017,Born in the UK,853,804,390,414,49,11,38
S01008017,Born outside the UK: Total,26,17,6,11,9,4,5
S01008017,Born outside the UK: Resident less than 2 years,2,1,0,1,1,1,0
S01008017,Born outside the UK: Resident 2 years or more and less than 5 years,2,0,0,0,2,2,0
S01008017,Born outside the UK: Resident 5 years or more and less than 10 years,5,0,0,0,5,1,4
S01008017,Born outside the UK: Resident 10 years or more,17,16,6,10,1,0,1
S01008018,All people in households,634,553,306,247,81,9,72
S01008018,Born in the UK,612,537,297,240,75,9,66
S01008018,Born outside the UK: Total,22,16,9,7,6,0,6
S01008018,Born outside the UK: Resident less than 2 years,4,0,0,0,4,0,4
S01008018,Born outside the UK: Resident 2 years or more and less than 5 years,2,0,0,0,2,0,2
S01008018,Born outside the UK: Resident 5 years or more and less than 10 years,0,0,0,0,0,0,0
S01008018,Born outside the UK: Resident 10 years or more,16,16,9,7,0,0,0
S01008019,All people in households,695,627,205,422,68,19,49
S01008019,Born in the UK,677,613,196,417,64,19,45
S01008019,Born outside the UK: Total,18,14,9,5,4,0,4
S01008019,Born outside the UK: Resident less than 2 years,2,2,1,1,0,0,0
S01008019,Born outside the UK: Resident 2 years or more and less than 5 years,0,0,0,0,0,0,0
S01008019,Born outside the UK: Resident 5 years or more and less than 10 years,0,0,0,0,0,0,0
S01008019,Born outside the UK: Resident 10 years or more,16,12,8,4,4,0,4
S01008020,All people in households,587,447,149,298,140,22,118
S01008020,Born in the UK,562,432,145,287,130,22,108
S01008020,Born outside the UK: Total,25,15,4,11,10,0,10
S01008020,Born outside the UK: Resident less than 2 years,2,0,0,0,2,0,2
S01008020,Born outside the UK: Resident 2 years or more and less than 5 years,3,0,0,0,3,0,3
S01008020,Born outside the UK: Resident 5 years or more and less than 10 years,2,1,0,1,1,0,1
S01008020,Born outside the UK: Resident 10 years or more,18,14,4,10,4,0,4
S01008021,All people in households,571,529,238,291,42,8,34
S01008021,Born in the UK,554,516,236,280,38,8,30
S01008021,Born outside the UK: Total,17,13,2,11,4,0,4
S01008021,Born outside the UK: Resident less than 2 years,2,0,0,0,2,0,2
S01008021,Born outside the UK: Resident 2 years or more and less than 5 years,3,3,0,3,0,0,0
S01008021,Born outside the UK: Resident 5 years or more and less than 10 years,0,0,0,0,0,0,0
S01008021,Born outside the UK: Resident 10 years or more,12,10,2,8,2,0,2
S01008022,All people in households,728,692,313,379,36,1,35
S01008022,Born in the UK,706,676,307,369,30,1,29
S01008022,Born outside the UK: Total,22,16,6,10,6,0,6
S01008022,Born outside the UK: Resident less than 2 years,4,1,0,1,3,0,3
S01008022,Born outside the UK: Resident 2 years or more and less than 5 years,2,2,0,2,0,0,0
S01008022,Born outside the UK: Resident 5 years or more and less than 10 years,2,2,0,2,0,0,0
S01008022,Born outside the UK: Resident 10 years or more,14,11,6,5,3,0,3
S01008023,All people in households,734,711,138,573,23,2,21
S01008023,Born in the UK,711,692,136,556,19,2,17
S01008023,Born outside the UK: Total,23,19,2,17,4,0,4
S01008023,Born outside the UK: Resident less than 2 years,3,0,0,0,3,0,3
S01008023,Born outside the UK: Resident 2 years or more and less than 5 years,2,1,0,1,1,0,1
S01008023,Born outside the UK: Resident 5 years or more and less than 10 years,1,1,0,1,0,0,0
S01008023,Born outside the UK: Resident 10 years or more,17,17,2,15,0,0,0
S01008024,All people in households,685,612,63,549,73,30,43
S01008024,Born in the UK,654,597,56,541,57,30,27
S01008024,Born outside the UK: Total,31,15,7,8,16,0,16
S01008024,Born outside the UK: Resident less than 2 years,13,4,4,0,9,0,9
S01008024,Born outside the UK: Resident 2 years or more and less than 5 years,6,2,0,2,4,0,4
S01008024,Born outside the UK: Resident 5 years or more and less than 10 years,4,1,0,1,3,0,3
S01008024,Born outside the UK: Resident 10 years or more,8,8,3,5,0,0,0
S01008025,All people in households,685,647,210,437,38,11,27
S01008025,Born in the UK,676,641,209,432,35,11,24
S01008025,Born outside the UK: Total,9,6,1,5,3,0,3
S01008025,Born outside the UK: Resident less than 2 years,0,0,0,0,0,0,0
S01008025,Born outside the UK: Resident 2 years or more and less than 5 years,0,0,0,0,0,0,0
S01008025,Born outside the UK: Resident 5 years or more and less than 10 years,2,1,0,1,1,0,1
S01008025,Born outside the UK: Resident 10 years or more,7,5,1,4,2,0,2
S01008026,All people in households,1026,673,195,478,353,258,95
S01008026,Born in the UK,1010,664,192,472,346,256,90
S01008026,Born outside the UK: Total,16,9,3,6,7,2,5
S01008026,Born outside the UK: Resident less than 2 years,6,0,0,0,6,2,4
S01008026,Born outside the UK: Resident 2 years or more and less than 5 years,0,0,0,0,0,0,0
S01008026,Born outside the UK: Resident 5 years or more and less than 10 years,3,3,0,3,0,0,0
S01008026,Born outside the UK: Resident 10 years or more,7,6,3,3,1,0,1
S01008027,All people in households,563,346,133,213,217,174,43
S01008027,Born in the UK,553,342,131,211,211,174,37
S01008027,Born outside the UK: Total,10,4,2,2,6,0,6
S01008027,Born outside the UK: Resident less than 2 years,0,0,0,0,0,0,0
S01008027,Born outside the UK: Resident 2 years or more and less than 5 years,0,0,0,0,0,0,0
S01008027,Born outside the UK: Resident 5 years or more and less than 10 years,2,0,0,0,2,0,2
S01008027,Born outside the UK: Resident 10 years or more,8,4,2,2,4,0,4
S01008028,All people in households,585,476,96,380,109,67,42
S01008028,Born in the UK,562,454,90,364,108,66,42
S01008028,Born outside the UK: Total,23,22,6,16,1,1,0
S01008028,Born outside the UK: Resident less than 2 years,1,1,0,1,0,0,0
S01008028,Born outside the UK: Resident 2 years or more and less than 5 years,1,1,0,1,0,0,0
S01008028,Born outside the UK: Resident 5 years or more and less than 10 years,8,7,0,7,1,1,0
S01008028,Born outside the UK: Resident 10 years or more,13,13,6,7,0,0,0
S01008029,All people in households,784,593,270,323,191,83,108
S01008029,Born in the UK,761,575,262,313,186,83,103
S01008029,Born outside the UK: Total,23,18,8,10,5,0,5
S01008029,Born outside the UK: Resident less than 2 years,1,0,0,0,1,0,1
S01008029,Born outside the UK: Resident 2 years or more and less than 5 years,1,1,1,0,0,0,0
S01008029,Born outside the UK: Resident 5 years or more and less than 10 years,2,2,0,2,0,0,0
S01008029,Born outside the UK: Resident 10 years or more,19,15,7,8,4,0,4
S01008030,All people in households,1054,864,328,536,190,126,64
S01008030,Born in the UK,1023,843,319,524,180,121,59
S01008030,Born outside the UK: Total,31,21,9,12,10,5,5
S01008030,Born outside the UK: Resident less than 2 years,0,0,0,0,0,0,0
S01008030,Born outside the UK: Resident 2 years or more and less than 5 years,4,0,0,0,4,0,4
S01008030,Born outside the UK: Resident 5 years or more and less than 10 years,5,1,0,1,4,4,0
S01008030,Born outside the UK: Resident 10 years or more,22,20,9,11,2,1,1
S01008031,All people in households,881,539,189,350,342,277,65
S01008031,Born in the UK,865,529,187,342,336,274,62
S01008031,Born outside the UK: Total,16,10,2,8,6,3,3
S01008031,Born outside the UK: Resident less than 2 years,0,0,0,0,0,0,0
S01008031,Born outside the UK: Resident 2 years or more and less than 5 years,0,0,0,0,0,0,0
S01008031,Born outside the UK: Resident 5 years or more and less than 10 years,0,0,0,0,0,0,0
S01008031,Born outside the UK: Resident 10 years or more,16,10,2,8,6,3,3
S01008032,All people in households,890,640,221,419,250,201,49
S01008032,Born in the UK,869,623,218,405,246,197,49
S01008032,Born outside the UK: Total,21,17,3,14,4,4,0
S01008032,Born outside the UK: Resident less than 2 years,3,3,0,3,0,0,0
S01008032,Born outside the UK: Resident 2 years or more and less than 5 years,4,0,0,0,4,4,0
S01008032,Born outside the UK: Resident 5 years or more and less than 10 years,3,3,0,3,0,0,0
S01008032,Born outside the UK: Resident 10 years or more,11,11,3,8,0,0,0
S01008033,All people in households,810,744,225,519,66,23,43
S01008033,Born in the UK,761,704,211,493,57,22,35
S01008033,Born outside the UK: Total,49,40,14,26,9,1,8
S01008033,Born outside the UK: Resident less than 2 years,3,3,0,3,0,0,0
S01008033,Born outside the UK: Resident 2 years or more and less than 5 years,13,7,0,7,6,0,6
S01008033,Born outside the UK: Resident 5 years or more and less than 10 years,5,3,2,1,2,0,2
S01008033,Born outside the UK: Resident 10 years or more,28,27,12,15,1,1,0
S01008034,All people in households,790,765,184,581,25,3,22
S01008034,Born in the UK,724,704,171,533,20,3,17
S01008034,Born outside the UK: Total,66,61,13,48,5,0,5
S01008034,Born outside the UK: Resident less than 2 years,5,1,0,1,4,0,4
S01008034,Born outside the UK: Resident 2 years or more and less than 5 years,9,8,1,7,1,0,1
S01008034,Born outside the UK: Resident 5 years or more and less than 10 years,19,19,0,19,0,0,0
S01008034,Born outside the UK: Resident 10 years or more,33,33,12,21,0,0,0
S01008035,All people in households,627,548,202,346,79,51,28
S01008035,Born in the UK,613,534,197,337,79,51,28
S01008035,Born outside the UK: Total,14,14,5,9,0,0,0
S01008035,Born outside the UK: Resident less than 2 years,0,0,0,0,0,0,0
S01008035,Born outside the UK: Resident 2 years or more and less than 5 years,1,1,0,1,0,0,0
S01008035,Born outside the UK: Resident 5 years or more and less than 10 years,2,2,0,2,0,0,0
S01008035,Born outside the UK: Resident 10 years or more,11,11,5,6,0,0,0
S01008036,All people in households,669,650,296,354,19,9,10
S01008036,Born in the UK,653,635,292,343,18,9,9
S01008036,Born outside the UK: Total,16,15,4,11,1,0,1
S01008036,Born outside the UK: Resident less than 2 years,2,2,0,2,0,0,0
S01008036,Born outside the UK: Resident 2 years or more and less than 5 years,1,0,0,0,1,0,1
S01008036,Born outside the UK: Resident 5 years or more and less than 10 years,3,3,1,2,0,0,0
S01008036,Born outside the UK: Resident 10 years or more,10,10,3,7,0,0,0
S01008037,All people in households,1014,580,171,409,434,369,65
S01008037,Born in the UK,978,553,161,392,425,361,64
S01008037,Born outside the UK: Total,36,27,10,17,9,8,1
S01008037,Born outside the UK: Resident less than 2 years,1,1,0,1,0,0,0
S01008037,Born outside the UK: Resident 2 years or more and less than 5 years,1,1,0,1,0,0,0
S01008037,Born outside the UK: Resident 5 years or more and less than 10 years,3,1,0,1,2,1,1
S01008037,Born outside the UK: Resident 10 years or more,31,24,10,14,7,7,0
S01008038,All people in households,761,467,95,372,294,259,35
S01008038,Born in the UK,742,454,95,359,288,254,34
S01008038,Born outside the UK: Total,19,13,0,13,6,5,1
S01008038,Born outside the UK: Resident less than 2 years,0,0,0,0,0,0,0
S01008038,Born outside the UK: Resident 2 years or more and less than 5 years,2,0,0,0,2,1,1
S01008038,Born outside the UK: Resident 5 years or more and less than 10 years,5,5,0,5,0,0,0
S01008038,Born outside the UK: Resident 10 years or more,12,8,0,8,4,4,0
S01008039,All people in households,898,643,166,477,255,200,55
S01008039,Born in the UK,856,610,161,449,246,198,48
S01008039,Born outside the UK: Total,42,33,5,28,9,2,7
S01008039,Born outside the UK: Resident less than 2 years,6,3,0,3,3,1,2
S01008039,Born outside the UK: Resident 2 years or more and less than 5 years,9,8,0,8,1,0,1
S01008039,Born outside the UK: Resident 5 years or more and less than 10 years,5,2,0,2,3,0,3
S01008039,Born outside the UK: Resident 10 years or more,22,20,5,15,2,1,1
S01008040,All people in households,814,709,326,383,105,75,30
S01008040,Born in the UK,778,677,312,365,101,73,28
S01008040,Born outside the UK: Total,36,32,14,18,4,2,2
S01008040,Born outside the UK: Resident less than 2 years,3,1,0,1,2,0,2
S01008040,Born outside the UK: Resident 2 years or more and less than 5 years,3,3,1,2,0,0,0
S01008040,Born outside the UK: Resident 5 years or more and less than 10 years,4,4,0,4,0,0,0
S01008040,Born outside the UK: Resident 10 years or more,26,24,13,11,2,2,0
S01008041,All people in households,707,558,267,291,149,60,89
S01008041,Born in the UK,662,527,256,271,135,57,78
S01008041,Born outside the UK: Total,45,31,11,20,14,3,11
S01008041,Born outside the UK: Resident less than 2 years,3,3,0,3,0,0,0
S01008041,Born outside the UK: Resident 2 years or more and less than 5 years,9,3,1,2,6,0,6
S01008041,Born outside the UK: Resident 5 years or more and less than 10 years,5,1,0,1,4,0,4
S01008041,Born outside the UK: Resident 10 years or more,28,24,10,14,4,3,1
S01008042,All people in households,597,533,263,270,64,20,44
S01008042,Born in the UK,557,500,248,252,57,20,37
S01008042,Born outside the UK: Total,40,33,15,18,7,0,7
S01008042,Born outside the UK: Resident less than 2 years,5,3,3,0,2,0,2
S01008042,Born outside the UK: Resident 2 years or more and less than 5 years,3,2,0,2,1,0,1
S01008042,Born outside the UK: Resident 5 years or more and less than 10 years,2,1,0,1,1,0,1
S01008042,Born outside the UK: Resident 10 years or more,30,27,12,15,3,0,3
S01008043,All people in households,962,910,412,498,52,37,15
S01008043,Born in the UK,925,875,393,482,50,37,13
S01008043,Born outside the UK: Total,37,35,19,16,2,0,2
S01008043,Born outside the UK: Resident less than 2 years,0,0,0,0,0,0,0
S01008043,Born outside the UK: Resident 2 years or more and less than 5 years,0,0,0,0,0,0,0
S01008043,Born outside the UK: Resident 5 years or more and less than 10 years,4,3,0,3,1,0,1
S01008043,Born outside the UK: Resident 10 years or more,33,32,19,13,1,0,1
S01008044,All people in households,959,883,448,435,76,11,65
S01008044,Born in the UK,918,855,439,416,63,10,53
S01008044,Born outside the UK: Total,41,28,9,19,13,1,12
S01008044,Born outside the UK: Resident less than 2 years,6,1,0,1,5,0,5
S01008044,Born outside the UK: Resident 2 years or more and less than 5 years,0,0,0,0,0,0,0
S01008044,Born outside the UK: Resident 5 years or more and less than 10 years,8,5,0,5,3,0,3
S01008044,Born outside the UK: Resident 10 years or more,27,22,9,13,5,1,4
S01008045,All people in households,977,821,459,362,156,78,78
S01008045,Born in the UK,912,779,440,339,133,75,58
S01008045,Born outside the UK: Total,65,42,19,23,23,3,20
S01008045,Born outside the UK: Resident less than 2 years,12,1,1,0,11,0,11
S01008045,Born outside the UK: Resident 2 years or more and less than 5 years,4,3,1,2,1,0,1
S01008045,Born outside the UK: Resident 5 years or more and less than 10 years,9,0,0,0,9,3,6
S01008045,Born outside the UK: Resident 10 years or more,40,38,17,21,2,0,2
S01008046,All people in households,847,490,225,265,357,257,100
S01008046,Born in the UK,819,467,214,253,352,252,100
S01008046,Born outside the UK: Total,28,23,11,12,5,5,0
S01008046,Born outside the UK: Resident less than 2 years,1,0,0,0,1,1,0
S01008046,Born outside the UK: Resident 2 years or more and less than 5 years,3,3,1,2,0,0,0
S01008046,Born outside the UK: Resident 5 years or more and less than 10 years,2,1,1,0,1,1,0
S01008046,Born outside the UK: Resident 10 years or more,22,19,9,10,3,3,0
S01008047,All people in households,697,661,329,332,36,3,33
S01008047,Born in the UK,672,638,314,324,34,3,31
S01008047,Born outside the UK: Total,25,23,15,8,2,0,2
S01008047,Born outside the UK: Resident less than 2 years,2,0,0,0,2,0,2
S01008047,Born outside the UK: Resident 2 years or more and less than 5 years,4,4,1,3,0,0,0
S01008047,Born outside the UK: Resident 5 years or more and less than 10 years,1,1,0,1,0,0,0
S01008047,Born outside the UK: Resident 10 years or more,18,18,14,4,0,0,0
S01008048,All people in households,575,554,294,260,21,6,15
S01008048,Born in the UK,559,538,284,254,21,6,15
S01008048,Born outside the UK: Total,16,16,10,6,0,0,0
S01008048,Born outside the UK: Resident less than 2 years,0,0,0,0,0,0,0
S01008048,Born outside the UK: Resident 2 years or more and less than 5 years,0,0,0,0,0,0,0
S01008048,Born outside the UK: Resident 5 years or more and less than 10 years,0,0,0,0,0,0,0
S01008048,Born outside the UK: Resident 10 years or more,16,16,10,6,0,0,0
S01008049,All people in households,858,830,398,432,28,4,24
S01008049,Born in the UK,827,806,388,418,21,2,19
S01008049,Born outside the UK: Total,31,24,10,14,7,2,5
S01008049,Born outside the UK: Resident less than 2 years,2,0,0,0,2,1,1
S01008049,Born outside the UK: Resident 2 years or more and less than 5 years,0,0,0,0,0,0,0
S01008049,Born outside the UK: Resident 5 years or more and less than 10 years,5,1,0,1,4,0,4
S01008049,Born outside the UK: Resident 10 years or more,24,23,10,13,1,1,0
S01008050,All people in households,618,579,286,293,39,18,21
S01008050,Born in the UK,558,531,261,270,27,12,15
S01008050,Born outside the UK: Total,60,48,25,23,12,6,6
S01008050,Born outside the UK: Resident less than 2 years,1,0,0,0,1,1,0
S01008050,Born outside the UK: Resident 2 years or more and less than 5 years,4,2,0,2,2,2,0
S01008050,Born outside the UK: Resident 5 years or more and less than 10 years,11,4,1,3,7,2,5
S01008050,Born outside the UK: Resident 10 years or more,44,42,24,18,2,1,1
S01008051,All people in households,884,844,322,522,40,3,37
S01008051,Born in the UK,837,805,308,497,32,3,29
S01008051,Born outside the UK: Total,47,39,14,25,8,0,8
S01008051,Born outside the UK: Resident less than 2 years,10,3,2,1,7,0,7
S01008051,Born outside the UK: Resident 2 years or more and less than 5 years,6,6,2,4,0,0,0
S01008051,Born outside the UK: Resident 5 years or more and less than 10 years,8,7,0,7,1,0,1
S01008051,Born outside the UK: Resident 10 years or more,23,23,10,13,0,0,0
S01008052,All people in households,829,802,281,521,27,8,19
S01008052,Born in the UK,796,775,265,510,21,8,13
S01008052,Born outside the UK: Total,33,27,16,11,6,0,6
S01008052,Born outside the UK: Resident less than 2 years,1,0,0,0,1,0,1
S01008052,Born outside the UK: Resident 2 years or more and less than 5 years,1,1,1,0,0,0,0
S01008052,Born outside the UK: Resident 5 years or more and less than 10 years,3,2,1,1,1,0,1
S01008052,Born outside the UK: Resident 10 years or more,28,24,14,10,4,0,4
S01008053,All people in households,610,581,271,310,29,2,27
S01008053,Born in the UK,575,554,262,292,21,2,19
S01008053,Born outside the UK: Total,35,27,9,18,8,0,8
S01008053,Born outside the UK: Resident less than 2 years,4,4,0,4,0,0,0
S01008053,Born outside the UK: Resident 2 years or more and less than 5 years,2,1,0,1,1,0,1
S01008053,Born outside the UK: Resident 5 years or more and less than 10 years,5,2,0,2,3,0,3
S01008053,Born outside the UK: Resident 10 years or more,24,20,9,11,4,0,4
S01008054,All people in households,769,639,282,357,130,66,64
S01008054,Born in the UK,717,601,263,338,116,63,53
S01008054,Born outside the UK: Total,52,38,19,19,14,3,11
S01008054,Born outside the UK: Resident less than 2 years,6,2,2,0,4,0,4
S01008054,Born outside the UK: Resident 2 years or more and less than 5 years,4,2,0,2,2,0,2
S01008054,Born outside the UK: Resident 5 years or more and less than 10 years,1,1,0,1,0,0,0
S01008054,Born outside the UK: Resident 10 years or more,41,33,17,16,8,3,5
S01008055,All people in households,1049,1011,439,572,38,4,34
S01008055,Born in the UK,991,958,426,532,33,4,29
S01008055,Born outside the UK: Total,58,53,13,40,5,0,5
S01008055,Born outside the UK: Resident less than 2 years,4,4,2,2,0,0,0
S01008055,Born outside the UK: Resident 2 years or more and less than 5 years,12,12,0,12,0,0,0
S01008055,Born outside the UK: Resident 5 years or more and less than 10 years,4,4,0,4,0,0,0
S01008055,Born outside the UK: Resident 10 years or more,38,33,11,22,5,0,5
S01008056,All people in households,755,695,323,372,60,41,19
S01008056,Born in the UK,693,639,297,342,54,40,14
S01008056,Born outside the UK: Total,62,56,26,30,6,1,5
S01008056,Born outside the UK: Resident less than 2 years,6,4,0,4,2,0,2
S01008056,Born outside the UK: Resident 2 years or more and less than 5 years,2,0,0,0,2,0,2
S01008056,Born outside the UK: Resident 5 years or more and less than 10 years,11,10,1,9,1,0,1
S01008056,Born outside the UK: Resident 10 years or more,43,42,25,17,1,1,0
S01008057,All people in households,936,853,360,493,83,45,38
S01008057,Born in the UK,871,797,338,459,74,45,29
S01008057,Born outside the UK: Total,65,56,22,34,9,0,9
S01008057,Born outside the UK: Resident less than 2 years,7,2,0,2,5,0,5
S01008057,Born outside the UK: Resident 2 years or more and less than 5 years,6,3,0,3,3,0,3
S01008057,Born outside the UK: Resident 5 years or more and less than 10 years,10,10,4,6,0,0,0
S01008057,Born outside the UK: Resident 10 years or more,42,41,18,23,1,0,1
S01008058,All people in households,895,837,316,521,58,2,56
S01008058,Born in the UK,803,760,282,478,43,2,41
S01008058,Born outside the UK: Total,92,77,34,43,15,0,15
S01008058,Born outside the UK: Resident less than 2 years,2,2,1,1,0,0,0
S01008058,Born outside the UK: Resident 2 years or more and less than 5 years,12,3,3,0,9,0,9
S01008058,Born outside the UK: Resident 5 years or more and less than 10 years,12,7,0,7,5,0,5
S01008058,Born outside the UK: Resident 10 years or more,66,65,30,35,1,0,1
S01008059,All people in households,678,652,276,376,26,4,22
S01008059,Born in the UK,641,622,262,360,19,4,15
S01008059,Born outside the UK: Total,37,30,14,16,7,0,7
S01008059,Born outside the UK: Resident less than 2 years,5,2,0,2,3,0,3
S01008059,Born outside the UK: Resident 2 years or more and less than 5 years,1,1,1,0,0,0,0
S01008059,Born outside the UK: Resident 5 years or more and less than 10 years,8,4,1,3,4,0,4
S01008059,Born outside the UK: Resident 10 years or more,23,23,12,11,0,0,0
S01008060,All people in households,903,857,272,585,46,18,28
S01008060,Born in the UK,856,814,255,559,42,18,24
S01008060,Born outside the UK: Total,47,43,17,26,4,0,4
S01008060,Born outside the UK: Resident less than 2 years,0,0,0,0,0,0,0
S01008060,Born outside the UK: Resident 2 years or more and less than 5 years,1,1,0,1,0,0,0
S01008060,Born outside the UK: Resident 5 years or more and less than 10 years,3,2,0,2,1,0,1
S01008060,Born outside the UK: Resident 10 years or more,43,40,17,23,3,0,3
S01008061,All people in households,704,671,154,517,33,0,33
S01008061,Born in the UK,659,635,147,488,24,0,24
S01008061,Born outside the UK: Total,45,36,7,29,9,0,9
S01008061,Born outside the UK: Resident less than 2 years,2,2,0,2,0,0,0
S01008061,Born outside the UK: Resident 2 years or more and less than 5 years,5,2,0,2,3,0,3
S01008061,Born outside the UK: Resident 5 years or more and less than 10 years,12,7,0,7,5,0,5
S01008061,Born outside the UK: Resident 10 years or more,26,25,7,18,1,0,1
S01008062,All people in households,872,816,326,490,56,13,43
S01008062,Born in the UK,834,787,312,475,47,13,34
S01008062,Born outside the UK: Total,38,29,14,15,9,0,9
S01008062,Born outside the UK: Resident less than 2 years,4,0,0,0,4,0,4
S01008062,Born outside the UK: Resident 2 years or more and less than 5 years,10,5,0,5,5,0,5
S01008062,Born outside the UK: Resident 5 years or more and less than 10 years,0,0,0,0,0,0,0
S01008062,Born outside the UK: Resident 10 years or more,24,24,14,10,0,0,0
S01008063,All people in households,936,881,331,550,55,7,48
S01008063,Born in the UK,863,819,305,514,44,7,37
S01008063,Born outside the UK: Total,73,62,26,36,11,0,11
S01008063,Born outside the UK: Resident less than 2 years,2,0,0,0,2,0,2
S01008063,Born outside the UK: Resident 2 years or more and less than 5 years,8,3,3,0,5,0,5
S01008063,Born outside the UK: Resident 5 years or more and less than 10 years,7,6,1,5,1,0,1
S01008063,Born outside the UK: Resident 10 years or more,56,53,22,31,3,0,3
S01008064,All people in households,701,375,136,239,326,282,44
S01008064,Born in the UK,659,341,132,209,318,275,43
S01008064,Born outside the UK: Total,42,34,4,30,8,7,1
S01008064,Born outside the UK: Resident less than 2 years,4,4,0,4,0,0,0
S01008064,Born outside the UK: Resident 2 years or more and less than 5 years,3,2,0,2,1,1,0
S01008064,Born outside the UK: Resident 5 years or more and less than 10 years,11,10,0,10,1,1,0
S01008064,Born outside the UK: Resident 10 years or more,24,18,4,14,6,5,1
S01008065,All people in households,993,957,355,602,36,2,34
S01008065,Born in the UK,917,889,332,557,28,2,26
S01008065,Born outside the UK: Total,76,68,23,45,8,0,8
S01008065,Born outside the UK: Resident less than 2 years,0,0,0,0,0,0,0
S01008065,Born outside the UK: Resident 2 years or more and less than 5 years,8,2,0,2,6,0,6
S01008065,Born outside the UK: Resident 5 years or more and less than 10 years,9,7,2,5,2,0,2
S01008065,Born outside the UK: Resident 10 years or more,59,59,21,38,0,0,0
S01008066,All people in households,937,906,389,517,31,0,31
S01008066,Born in the UK,876,855,365,490,21,0,21
S01008066,Born outside the UK: Total,61,51,24,27,10,0,10
S01008066,Born outside the UK: Resident less than 2 years,9,3,0,3,6,0,6
S01008066,Born outside the UK: Resident 2 years or more and less than 5 years,6,2,0,2,4,0,4
S01008066,Born outside the UK: Resident 5 years or more and less than 10 years,6,6,1,5,0,0,0
S01008066,Born outside the UK: Resident 10 years or more,40,40,23,17,0,0,0
S01008067,All people in households,629,602,280,322,27,2,25
S01008067,Born in the UK,586,571,262,309,15,2,13
S01008067,Born outside the UK: Total,43,31,18,13,12,0,12
S01008067,Born outside the UK: Resident less than 2 years,6,5,5,0,1,0,1
S01008067,Born outside the UK: Resident 2 years or more and less than 5 years,6,2,0,2,4,0,4
S01008067,Born outside the UK: Resident 5 years or more and less than 10 years,8,3,0,3,5,0,5
S01008067,Born outside the UK: Resident 10 years or more,23,21,13,8,2,0,2
S01008068,All people in households,914,850,351,499,64,21,43
S01008068,Born in the UK,851,800,329,471,51,21,30
S01008068,Born outside the UK: Total,63,50,22,28,13,0,13
S01008068,Born outside the UK: Resident less than 2 years,6,3,2,1,3,0,3
S01008068,Born outside the UK: Resident 2 years or more and less than 5 years,5,1,0,1,4,0,4
S01008068,Born outside the UK: Resident 5 years or more and less than 10 years,9,5,0,5,4,0,4
S01008068,Born outside the UK: Resident 10 years or more,43,41,20,21,2,0,2
S01008069,All people in households,932,872,314,558,60,11,49
S01008069,Born in the UK,881,825,309,516,56,11,45
S01008069,Born outside the UK: Total,51,47,5,42,4,0,4
S01008069,Born outside the UK: Resident less than 2 years,3,2,0,2,1,0,1
S01008069,Born outside the UK: Resident 2 years or more and less than 5 years,5,5,0,5,0,0,0
S01008069,Born outside the UK: Resident 5 years or more and less than 10 years,17,17,0,17,0,0,0
S01008069,Born outside the UK: Resident 10 years or more,26,23,5,18,3,0,3
S01008070,All people in households,878,854,311,543,24,2,22
S01008070,Born in the UK,847,827,300,527,20,2,18
S01008070,Born outside the UK: Total,31,27,11,16,4,0,4
S01008070,Born outside the UK: Resident less than 2 years,0,0,0,0,0,0,0
S01008070,Born outside the UK: Resident 2 years or more and less than 5 years,8,4,0,4,4,0,4
S01008070,Born outside the UK: Resident 5 years or more and less than 10 years,2,2,0,2,0,0,0
S01008070,Born outside the UK: Resident 10 years or more,21,21,11,10,0,0,0
S01008071,All people in households,702,660,203,457,42,23,19
S01008071,Born in the UK,677,638,198,440,39,21,18
S01008071,Born outside the UK: Total,25,22,5,17,3,2,1
S01008071,Born outside the UK: Resident less than 2 years,0,0,0,0,0,0,0
S01008071,Born outside the UK: Resident 2 years or more and less than 5 years,0,0,0,0,0,0,0
S01008071,Born outside the UK: Resident 5 years or more and less than 10 years,4,3,0,3,1,0,1
S01008071,Born outside the UK: Resident 10 years or more,21,19,5,14,2,2,0
S01008072,All people in households,769,648,228,420,121,5,116
S01008072,Born in the UK,706,601,215,386,105,5,100
S01008072,Born outside the UK: Total,63,47,13,34,16,0,16
S01008072,Born outside the UK: Resident less than 2 years,7,0,0,0,7,0,7
S01008072,Born outside the UK: Resident 2 years or more and less than 5 years,6,1,0,1,5,0,5
S01008072,Born outside the UK: Resident 5 years or more and less than 10 years,10,7,1,6,3,0,3
S01008072,Born outside the UK: Resident 10 years or more,40,39,12,27,1,0,1
S01008073,All people in households,471,463,214,249,8,1,7
S01008073,Born in the UK,427,419,194,225,8,1,7
S01008073,Born outside the UK: Total,44,44,20,24,0,0,0
S01008073,Born outside the UK: Resident less than 2 years,0,0,0,0,0,0,0
S01008073,Born outside the UK: Resident 2 years or more and less than 5 years,3,3,2,1,0,0,0
S01008073,Born outside the UK: Resident 5 years or more and less than 10 years,2,2,0,2,0,0,0
S01008073,Born outside the UK: Resident 10 years or more,39,39,18,21,0,0,0
S01008074,All people in households,972,938,387,551,34,15,19
S01008074,Born in the UK,917,888,365,523,29,13,16
S01008074,Born outside the UK: Total,55,50,22,28,5,2,3
S01008074,Born outside the UK: Resident less than 2 years,2,0,0,0,2,0,2
S01008074,Born outside the UK: Resident 2 years or more and less than 5 years,4,3,1,2,1,1,0
S01008074,Born outside the UK: Resident 5 years or more and less than 10 years,2,2,0,2,0,0,0
S01008074,Born outside the UK: Resident 10 years or more,47,45,21,24,2,1,1
S01008075,All people in households,613,574,296,278,39,3,36
S01008075,Born in the UK,579,546,281,265,33,3,30
S01008075,Born outside the UK: Total,34,28,15,13,6,0,6
S01008075,Born outside the UK: Resident less than 2 years,0,0,0,0,0,0,0
S01008075,Born outside the UK: Resident 2 years or more and less than 5 years,0,0,0,0,0,0,0
S01008075,Born outside the UK: Resident 5 years or more and less than 10 years,3,0,0,0,3,0,3
S01008075,Born outside the UK: Resident 10 years or more,31,28,15,13,3,0,3
S01008076,All people in households,624,577,363,214,47,7,40
S01008076,Born in the UK,580,541,342,199,39,7,32
S01008076,Born outside the UK: Total,44,36,21,15,8,0,8
S01008076,Born outside the UK: Resident less than 2 years,3,0,0,0,3,0,3
S01008076,Born outside the UK: Resident 2 years or more and less than 5 years,1,0,0,0,1,0,1
S01008076,Born outside the UK: Resident 5 years or more and less than 10 years,8,6,0,6,2,0,2
S01008076,Born outside the UK: Resident 10 years or more,32,30,21,9,2,0,2
S01008077,All people in households,831,800,350,450,31,4,27
S01008077,Born in the UK,778,751,335,416,27,4,23
S01008077,Born outside the UK: Total,53,49,15,34,4,0,4
S01008077,Born outside the UK: Resident less than 2 years,7,5,0,5,2,0,2
S01008077,Born outside the UK: Resident 2 years or more and less than 5 years,1,0,0,0,1,0,1
S01008077,Born outside the UK: Resident 5 years or more and less than 10 years,3,3,0,3,0,0,0
S01008077,Born outside the UK: Resident 10 years or more,42,41,15,26,1,0,1
S01008078,All people in households,860,781,355,426,79,17,62
S01008078,Born in the UK,796,736,338,398,60,17,43
S01008078,Born outside the UK: Total,64,45,17,28,19,0,19
S01008078,Born outside the UK: Resident less than 2 years,7,1,1,0,6,0,6
S01008078,Born outside the UK: Resident 2 years or more and less than 5 years,11,4,2,2,7,0,7
S01008078,Born outside the UK: Resident 5 years or more and less than 10 years,6,3,2,1,3,0,3
S01008078,Born outside the UK: Resident 10 years or more,40,37,12,25,3,0,3
S01008079,All people in households,905,869,419,450,36,11,25
S01008079,Born in the UK,836,812,393,419,24,10,14
S01008079,Born outside the UK: Total,69,57,26,31,12,1,11
S01008079,Born outside the UK: Resident less than 2 years,4,1,0,1,3,0,3
S01008079,Born outside the UK: Resident 2 years or more and less than 5 years,8,4,0,4,4,0,4
S01008079,Born outside the UK: Resident 5 years or more and less than 10 years,7,3,1,2,4,1,3
S01008079,Born outside the UK: Resident 10 years or more,50,49,25,24,1,0,1
S01008080,All people in households,699,661,262,399,38,4,34
S01008080,Born in the UK,655,623,244,379,32,4,28
S01008080,Born outside the UK: Total,44,38,18,20,6,0,6
S01008080,Born outside the UK: Resident less than 2 years,5,1,1,0,4,0,4
S01008080,Born outside the UK: Resident 2 years or more and less than 5 years,0,0,0,0,0,0,0
S01008080,Born outside the UK: Resident 5 years or more and less than 10 years,6,6,0,6,0,0,0
S01008080,Born outside the UK: Resident 10 years or more,33,31,17,14,2,0,2
S01008081,All people in households,599,572,273,299,27,1,26
S01008081,Born in the UK,551,532,253,279,19,1,18
S01008081,Born outside the UK: Total,48,40,20,20,8,0,8
S01008081,Born outside the UK: Resident less than 2 years,6,1,1,0,5,0,5
S01008081,Born outside the UK: Resident 2 years or more and less than 5 years,2,1,0,1,1,0,1
S01008081,Born outside the UK: Resident 5 years or more and less than 10 years,7,6,0,6,1,0,1
S01008081,Born outside the UK: Resident 10 years or more,33,32,19,13,1,0,1
S01008082,All people in households,820,767,381,386,53,17,36
S01008082,Born in the UK,742,697,347,350,45,16,29
S01008082,Born outside the UK: Total,78,70,34,36,8,1,7
S01008082,Born outside the UK: Resident less than 2 years,4,1,1,0,3,0,3
S01008082,Born outside the UK: Resident 2 years or more and less than 5 years,8,6,1,5,2,0,2
S01008082,Born outside the UK: Resident 5 years or more and less than 10 years,10,8,3,5,2,0,2
S01008082,Born outside the UK: Resident 10 years or more,56,55,29,26,1,1,0
S01008083,All people in households,727,693,272,421,34,9,25
S01008083,Born in the UK,669,639,254,385,30,9,21
S01008083,Born outside the UK: Total,58,54,18,36,4,0,4
S01008083,Born outside the UK: Resident less than 2 years,1,0,0,0,1,0,1
S01008083,Born outside the UK: Resident 2 years or more and less than 5 years,2,2,1,1,0,0,0
S01008083,Born outside the UK: Resident 5 years or more and less than 10 years,5,3,0,3,2,0,2
S01008083,Born outside the UK: Resident 10 years or more,50,49,17,32,1,0,1
S01008084,All people in households,853,734,321,413,119,56,63
S01008084,Born in the UK,831,717,313,404,114,56,58
S01008084,Born outside the UK: Total,22,17,8,9,5,0,5
S01008084,Born outside the UK: Resident less than 2 years,2,1,0,1,1,0,1
S01008084,Born outside the UK: Resident 2 years or more and less than 5 years,0,0,0,0,0,0,0
S01008084,Born outside the UK: Resident 5 years or more and less than 10 years,5,1,0,1,4,0,4
S01008084,Born outside the UK: Resident 10 years or more,15,15,8,7,0,0,0
S01008085,All people in households,973,915,319,596,58,22,36
S01008085,Born in the UK,943,891,312,579,52,21,31
S01008085,Born outside the UK: Total,30,24,7,17,6,1,5
S01008085,Born outside the UK: Resident less than 2 years,0,0,0,0,0,0,0
S01008085,Born outside the UK: Resident 2 years or more and less than 5 years,3,1,0,1,2,0,2
S01008085,Born outside the UK: Resident 5 years or more and less than 10 years,5,2,0,2,3,0,3
S01008085,Born outside the UK: Resident 10 years or more,22,21,7,14,1,1,0
S01008086,All people in households,1091,916,307,609,175,90,85
S01008086,Born in the UK,1059,891,298,593,168,89,79
S01008086,Born outside the UK: Total,32,25,9,16,7,1,6
S01008086,Born outside the UK: Resident less than 2 years,1,0,0,0,1,0,1
S01008086,Born outside the UK: Resident 2 years or more and less than 5 years,4,1,0,1,3,0,3
S01008086,Born outside the UK: Resident 5 years or more and less than 10 years,10,9,1,8,1,0,1
S01008086,Born outside the UK: Resident 10 years or more,17,15,8,7,2,1,1
S01008087,All people in households,856,824,343,481,32,8,24
S01008087,Born in the UK,815,785,319,466,30,8,22
S01008087,Born outside the UK: Total,41,39,24,15,2,0,2
S01008087,Born outside the UK: Resident less than 2 years,0,0,0,0,0,0,0
S01008087,Born outside the UK: Resident 2 years or more and less than 5 years,0,0,0,0,0,0,0
S01008087,Born outside the UK: Resident 5 years or more and less than 10 years,1,1,0,1,0,0,0
S01008087,Born outside the UK: Resident 10 years or more,40,38,24,14,2,0,2
S01008088,All people in households,917,837,406,431,80,8,72
S01008088,Born in the UK,878,803,390,413,75,6,69
S01008088,Born outside the UK: Total,39,34,16,18,5,2,3
S01008088,Born outside the UK: Resident less than 2 years,3,1,0,1,2,2,0
S01008088,Born outside the UK: Resident 2 years or more and less than 5 years,3,2,0,2,1,0,1
S01008088,Born outside the UK: Resident 5 years or more and less than 10 years,8,8,0,8,0,0,0
S01008088,Born outside the UK: Resident 10 years or more,25,23,16,7,2,0,2
S01008089,All people in households,653,631,268,363,22,3,19
S01008089,Born in the UK,623,605,251,354,18,3,15
S01008089,Born outside the UK: Total,30,26,17,9,4,0,4
S01008089,Born outside the UK: Resident less than 2 years,0,0,0,0,0,0,0
S01008089,Born outside the UK: Resident 2 years or more and less than 5 years,3,0,0,0,3,0,3
S01008089,Born outside the UK: Resident 5 years or more and less than 10 years,2,1,0,1,1,0,1
S01008089,Born outside the UK: Resident 10 years or more,25,25,17,8,0,0,0
S01008090,All people in households,771,710,286,424,61,27,34
S01008090,Born in the UK,731,674,263,411,57,27,30
S01008090,Born outside the UK: Total,40,36,23,13,4,0,4
S01008090,Born outside the UK: Resident less than 2 years,0,0,0,0,0,0,0
S01008090,Born outside the UK: Resident 2 years or more and less than 5 years,2,1,1,0,1,0,1
S01008090,Born outside the UK: Resident 5 years or more and less than 10 years,6,5,4,1,1,0,1
S01008090,Born outside the UK: Resident 10 years or more,32,30,18,12,2,0,2
S01008091,All people in households,385,370,174,196,15,4,11
S01008091,Born in the UK,379,366,173,193,13,4,9
S01008091,Born outside the UK: Total,6,4,1,3,2,0,2
S01008091,Born outside the UK: Resident less than 2 years,1,1,0,1,0,0,0
S01008091,Born outside the UK: Resident 2 years or more and less than 5 years,0,0,0,0,0,0,0
S01008091,Born outside the UK: Resident 5 years or more and less than 10 years,2,0,0,0,2,0,2
S01008091,Born outside the UK: Resident 10 years or more,3,3,1,2,0,0,0
S01008092,All people in households,908,870,430,440,38,28,10
S01008092,Born in the UK,869,832,407,425,37,27,10
S01008092,Born outside the UK: Total,39,38,23,15,1,1,0
S01008092,Born outside the UK: Resident less than 2 years,0,0,0,0,0,0,0
S01008092,Born outside the UK: Resident 2 years or more and less than 5 years,0,0,0,0,0,0,0
S01008092,Born outside the UK: Resident 5 years or more and less than 10 years,7,7,0,7,0,0,0
S01008092,Born outside the UK: Resident 10 years or more,32,31,23,8,1,1,0
S01008093,All people in households,809,761,350,411,48,1,47
S01008093,Born in the UK,784,738,341,397,46,1,45
S01008093,Born outside the UK: Total,25,23,9,14,2,0,2
S01008093,Born outside the UK: Resident less than 2 years,0,0,0,0,0,0,0
S01008093,Born outside the UK: Resident 2 years or more and less than 5 years,3,1,0,1,2,0,2
S01008093,Born outside the UK: Resident 5 years or more and less than 10 years,10,10,0,10,0,0,0
S01008093,Born outside the UK: Resident 10 years or more,12,12,9,3,0,0,0
S01008094,All people in households,667,638,301,337,29,6,23
S01008094,Born in the UK,637,610,288,322,27,6,21
S01008094,Born outside the UK: Total,30,28,13,15,2,0,2
S01008094,Born outside the UK: Resident less than 2 years,0,0,0,0,0,0,0
S01008094,Born outside the UK: Resident 2 years or more and less than 5 years,1,0,0,0,1,0,1
S01008094,Born outside the UK: Resident 5 years or more and less than 10 years,4,3,0,3,1,0,1
S01008094,Born outside the UK: Resident 10 years or more,25,25,13,12,0,0,0
S01008095,All people in households,744,664,291,373,80,5,75
S01008095,Born in the UK,723,645,278,367,78,5,73
S01008095,Born outside the UK: Total,21,19,13,6,2,0,2
S01008095,Born outside the UK: Resident less than 2 years,2,0,0,0,2,0,2
S01008095,Born outside the UK: Resident 2 years or more and less than 5 years,0,0,0,0,0,0,0
S01008095,Born outside the UK: Resident 5 years or more and less than 10 years,0,0,0,0,0,0,0
S01008095,Born outside the UK: Resident 10 years or more,19,19,13,6,0,0,0
S01008096,All people in households,790,758,370,388,32,4,28
S01008096,Born in the UK,774,745,364,381,29,4,25
S01008096,Born outside the UK: Total,16,13,6,7,3,0,3
S01008096,Born outside the UK: Resident less than 2 years,3,1,1,0,2,0,2
S01008096,Born outside the UK: Resident 2 years or more and less than 5 years,0,0,0,0,0,0,0
S01008096,Born outside the UK: Resident 5 years or more and less than 10 years,2,2,0,2,0,0,0
S01008096,Born outside the UK: Resident 10 years or more,11,10,5,5,1,0,1
S01008097,All people in households,628,607,320,287,21,0,21
S01008097,Born in the UK,609,590,310,280,19,0,19
S01008097,Born outside the UK: Total,19,17,10,7,2,0,2
S01008097,Born outside the UK: Resident less than 2 years,0,0,0,0,0,0,0
S01008097,Born outside the UK: Resident 2 years or more and less than 5 years,1,1,1,0,0,0,0
S01008097,Born outside the UK: Resident 5 years or more and less than 10 years,4,3,0,3,1,0,1
S01008097,Born outside the UK: Resident 10 years or more,14,13,9,4,1,0,1
S01008098,All people in households,750,711,291,420,39,8,31
S01008098,Born in the UK,722,688,280,408,34,8,26
S01008098,Born outside the UK: Total,28,23,11,12,5,0,5
S01008098,Born outside the UK: Resident less than 2 years,3,3,0,3,0,0,0
S01008098,Born outside the UK: Resident 2 years or more and less than 5 years,1,1,0,1,0,0,0
S01008098,Born outside the UK: Resident 5 years or more and less than 10 years,8,5,1,4,3,0,3
S01008098,Born outside the UK: Resident 10 years or more,16,14,10,4,2,0,2
S01008099,All people in households,521,479,163,316,42,8,34
S01008099,Born in the UK,512,473,159,314,39,8,31
S01008099,Born outside the UK: Total,9,6,4,2,3,0,3
S01008099,Born outside the UK: Resident less than 2 years,0,0,0,0,0,0,0
S01008099,Born outside the UK: Resident 2 years or more and less than 5 years,0,0,0,0,0,0,0
S01008099,Born outside the UK: Resident 5 years or more and less than 10 years,4,4,3,1,0,0,0
S01008099,Born outside the UK: Resident 10 years or more,5,2,1,1,3,0,3
S01008100,All people in households,946,857,365,492,89,41,48
S01008100,Born in the UK,884,803,338,465,81,38,43
S01008100,Born outside the UK: Total,62,54,27,27,8,3,5
S01008100,Born outside the UK: Resident less than 2 years,1,1,1,0,0,0,0
S01008100,Born outside the UK: Resident 2 years or more and less than 5 years,0,0,0,0,0,0,0
S01008100,Born outside the UK: Resident 5 years or more and less than 10 years,4,4,0,4,0,0,0
S01008100,Born outside the UK: Resident 10 years or more,57,49,26,23,8,3,5
S01008101,All people in households,790,649,185,464,141,21,120
S01008101,Born in the UK,762,625,180,445,137,19,118
S01008101,Born outside the UK: Total,28,24,5,19,4,2,2
S01008101,Born outside the UK: Resident less than 2 years,1,0,0,0,1,1,0
S01008101,Born outside the UK: Resident 2 years or more and less than 5 years,0,0,0,0,0,0,0
S01008101,Born outside the UK: Resident 5 years or more and less than 10 years,2,1,0,1,1,0,1
S01008101,Born outside the UK: Resident 10 years or more,25,23,5,18,2,1,1
S01008102,All people in households,749,657,213,444,92,44,48
S01008102,Born in the UK,719,633,209,424,86,42,44
S01008102,Born outside the UK: Total,30,24,4,20,6,2,4
S01008102,Born outside the UK: Resident less than 2 years,0,0,0,0,0,0,0
S01008102,Born outside the UK: Resident 2 years or more and less than 5 years,0,0,0,0,0,0,0
S01008102,Born outside the UK: Resident 5 years or more and less than 10 years,9,6,0,6,3,0,3
S01008102,Born outside the UK: Resident 10 years or more,21,18,4,14,3,2,1
S01008103,All people in households,610,380,124,256,230,134,96
S01008103,Born in the UK,584,366,119,247,218,130,88
S01008103,Born outside the UK: Total,26,14,5,9,12,4,8
S01008103,Born outside the UK: Resident less than 2 years,0,0,0,0,0,0,0
S01008103,Born outside the UK: Resident 2 years or more and less than 5 years,1,0,0,0,1,0,1
S01008103,Born outside the UK: Resident 5 years or more and less than 10 years,10,4,0,4,6,0,6
S01008103,Born outside the UK: Resident 10 years or more,15,10,5,5,5,4,1
S01008104,All people in households,864,578,164,414,286,194,92
S01008104,Born in the UK,846,568,161,407,278,194,84
S01008104,Born outside the UK: Total,18,10,3,7,8,0,8
S01008104,Born outside the UK: Resident less than 2 years,1,1,0,1,0,0,0
S01008104,Born outside the UK: Resident 2 years or more and less than 5 years,4,1,0,1,3,0,3
S01008104,Born outside the UK: Resident 5 years or more and less than 10 years,2,0,0,0,2,0,2
S01008104,Born outside the UK: Resident 10 years or more,11,8,3,5,3,0,3
S01008105,All people in households,1072,638,148,490,434,338,96
S01008105,Born in the UK,1042,620,141,479,422,330,92
S01008105,Born outside the UK: Total,30,18,7,11,12,8,4
S01008105,Born outside the UK: Resident less than 2 years,1,0,0,0,1,1,0
S01008105,Born outside the UK: Resident 2 years or more and less than 5 years,3,1,0,1,2,2,0
S01008105,Born outside the UK: Resident 5 years or more and less than 10 years,8,6,1,5,2,1,1
S01008105,Born outside the UK: Resident 10 years or more,18,11,6,5,7,4,3
S01008106,All people in households,785,490,152,338,295,215,80
S01008106,Born in the UK,763,472,150,322,291,211,80
S01008106,Born outside the UK: Total,22,18,2,16,4,4,0
S01008106,Born outside the UK: Resident less than 2 years,1,1,0,1,0,0,0
S01008106,Born outside the UK: Resident 2 years or more and less than 5 years,6,6,0,6,0,0,0
S01008106,Born outside the UK: Resident 5 years or more and less than 10 years,4,4,1,3,0,0,0
S01008106,Born outside the UK: Resident 10 years or more,11,7,1,6,4,4,0
S01008107,All people in households,909,826,156,670,83,3,80
S01008107,Born in the UK,815,754,141,613,61,3,58
S01008107,Born outside the UK: Total,94,72,15,57,22,0,22
S01008107,Born outside the UK: Resident less than 2 years,6,2,1,1,4,0,4
S01008107,Born outside the UK: Resident 2 years or more and less than 5 years,9,2,1,1,7,0,7
S01008107,Born outside the UK: Resident 5 years or more and less than 10 years,12,8,0,8,4,0,4
S01008107,Born outside the UK: Resident 10 years or more,67,60,13,47,7,0,7
S01008108,All people in households,655,624,233,391,31,6,25
S01008108,Born in the UK,618,592,214,378,26,6,20
S01008108,Born outside the UK: Total,37,32,19,13,5,0,5
S01008108,Born outside the UK: Resident less than 2 years,0,0,0,0,0,0,0
S01008108,Born outside the UK: Resident 2 years or more and less than 5 years,2,2,0,2,0,0,0
S01008108,Born outside the UK: Resident 5 years or more and less than 10 years,6,1,1,0,5,0,5
S01008108,Born outside the UK: Resident 10 years or more,29,29,18,11,0,0,0
S01008109,All people in households,940,858,346,512,82,29,53
S01008109,Born in the UK,915,833,330,503,82,29,53
S01008109,Born outside the UK: Total,25,25,16,9,0,0,0
S01008109,Born outside the UK: Resident less than 2 years,0,0,0,0,0,0,0
S01008109,Born outside the UK: Resident 2 years or more and less than 5 years,1,1,0,1,0,0,0
S01008109,Born outside the UK: Resident 5 years or more and less than 10 years,3,3,0,3,0,0,0
S01008109,Born outside the UK: Resident 10 years or more,21,21,16,5,0,0,0
S01008110,All people in households,881,832,214,618,49,6,43
S01008110,Born in the UK,830,789,203,586,41,2,39
S01008110,Born outside the UK: Total,51,43,11,32,8,4,4
S01008110,Born outside the UK: Resident less than 2 years,1,0,0,0,1,1,0
S01008110,Born outside the UK: Resident 2 years or more and less than 5 years,2,0,0,0,2,2,0
S01008110,Born outside the UK: Resident 5 years or more and less than 10 years,9,8,1,7,1,1,0
S01008110,Born outside the UK: Resident 10 years or more,39,35,10,25,4,0,4
S01008111,All people in households,869,809,423,386,60,16,44
S01008111,Born in the UK,832,777,405,372,55,16,39
S01008111,Born outside the UK: Total,37,32,18,14,5,0,5
S01008111,Born outside the UK: Resident less than 2 years,2,2,1,1,0,0,0
S01008111,Born outside the UK: Resident 2 years or more and less than 5 years,0,0,0,0,0,0,0
S01008111,Born outside the UK: Resident 5 years or more and less than 10 years,1,0,0,0,1,0,1
S01008111,Born outside the UK: Resident 10 years or more,34,30,17,13,4,0,4
S01008112,All people in households,816,797,379,418,19,5,14
S01008112,Born in the UK,780,764,364,400,16,5,11
S01008112,Born outside the UK: Total,36,33,15,18,3,0,3
S01008112,Born outside the UK: Resident less than 2 years,0,0,0,0,0,0,0
S01008112,Born outside the UK: Resident 2 years or more and less than 5 years,0,0,0,0,0,0,0
S01008112,Born outside the UK: Resident 5 years or more and less than 10 years,5,5,0,5,0,0,0
S01008112,Born outside the UK: Resident 10 years or more,31,28,15,13,3,0,3
S01008113,All people in households,891,829,374,455,62,10,52
S01008113,Born in the UK,850,793,359,434,57,9,48
S01008113,Born outside the UK: Total,41,36,15,21,5,1,4
S01008113,Born outside the UK: Resident less than 2 years,1,0,0,0,1,1,0
S01008113,Born outside the UK: Resident 2 years or more and less than 5 years,0,0,0,0,0,0,0
S01008113,Born outside the UK: Resident 5 years or more and less than 10 years,2,2,1,1,0,0,0
S01008113,Born outside the UK: Resident 10 years or more,38,34,14,20,4,0,4
S01008114,All people in households,685,666,304,362,19,5,14
S01008114,Born in the UK,667,648,294,354,19,5,14
S01008114,Born outside the UK: Total,18,18,10,8,0,0,0
S01008114,Born outside the UK: Resident less than 2 years,0,0,0,0,0,0,0
S01008114,Born outside the UK: Resident 2 years or more and less than 5 years,1,1,0,1,0,0,0
S01008114,Born outside the UK: Resident 5 years or more and less than 10 years,1,1,0,1,0,0,0
S01008114,Born outside the UK: Resident 10 years or more,16,16,10,6,0,0,0
S01008115,All people in households,913,815,222,593,98,17,81
S01008115,Born in the UK,853,764,210,554,89,16,73
S01008115,Born outside the UK: Total,60,51,12,39,9,1,8
S01008115,Born outside the UK: Resident less than 2 years,4,4,0,4,0,0,0
S01008115,Born outside the UK: Resident 2 years or more and less than 5 years,2,0,0,0,2,0,2
S01008115,Born outside the UK: Resident 5 years or more and less than 10 years,4,3,0,3,1,0,1
S01008115,Born outside the UK: Resident 10 years or more,50,44,12,32,6,1,5
S01008116,All people in households,933,882,336,546,51,18,33
S01008116,Born in the UK,882,832,315,517,50,18,32
S01008116,Born outside the UK: Total,51,50,21,29,1,0,1
S01008116,Born outside the UK: Resident less than 2 years,3,3,3,0,0,0,0
S01008116,Born outside the UK: Resident 2 years or more and less than 5 years,4,4,1,3,0,0,0
S01008116,Born outside the UK: Resident 5 years or more and less than 10 years,6,5,0,5,1,0,1
S01008116,Born outside the UK: Resident 10 years or more,38,38,17,21,0,0,0
S01008117,All people in households,800,720,320,400,80,57,23
S01008117,Born in the UK,770,694,308,386,76,54,22
S01008117,Born outside the UK: Total,30,26,12,14,4,3,1
S01008117,Born outside the UK: Resident less than 2 years,0,0,0,0,0,0,0
S01008117,Born outside the UK: Resident 2 years or more and less than 5 years,2,1,0,1,1,1,0
S01008117,Born outside the UK: Resident 5 years or more and less than 10 years,4,4,0,4,0,0,0
S01008117,Born outside the UK: Resident 10 years or more,24,21,12,9,3,2,1
S01008118,All people in households,882,735,219,516,147,92,55
S01008118,Born in the UK,859,713,208,505,146,92,54
S01008118,Born outside the UK: Total,23,22,11,11,1,0,1
S01008118,Born outside the UK: Resident less than 2 years,0,0,0,0,0,0,0
S01008118,Born outside the UK: Resident 2 years or more and less than 5 years,5,5,0,5,0,0,0
S01008118,Born outside the UK: Resident 5 years or more and less than 10 years,2,2,0,2,0,0,0
S01008118,Born outside the UK: Resident 10 years or more,16,15,11,4,1,0,1
S01008119,All people in households,665,358,106,252,307,273,34
S01008119,Born in the UK,646,347,105,242,299,266,33
S01008119,Born outside the UK: Total,19,11,1,10,8,7,1
S01008119,Born outside the UK: Resident less than 2 years,0,0,0,0,0,0,0
S01008119,Born outside the UK: Resident 2 years or more and less than 5 years,5,5,0,5,0,0,0
S01008119,Born outside the UK: Resident 5 years or more and less than 10 years,1,0,0,0,1,0,1
S01008119,Born outside the UK: Resident 10 years or more,13,6,1,5,7,7,0
S01008120,All people in households,635,512,225,287,123,79,44
S01008120,Born in the UK,611,490,217,273,121,77,44
S01008120,Born outside the UK: Total,24,22,8,14,2,2,0
S01008120,Born outside the UK: Resident less than 2 years,0,0,0,0,0,0,0
S01008120,Born outside the UK: Resident 2 years or more and less than 5 years,4,3,0,3,1,1,0
S01008120,Born outside the UK: Resident 5 years or more and less than 10 years,3,3,2,1,0,0,0
S01008120,Born outside the UK: Resident 10 years or more,17,16,6,10,1,1,0
S01008121,All people in households,662,655,324,331,7,3,4
S01008121,Born in the UK,644,638,321,317,6,3,3
S01008121,Born outside the UK: Total,18,17,3,14,1,0,1
S01008121,Born outside the UK: Resident less than 2 years,0,0,0,0,0,0,0
S01008121,Born outside the UK: Resident 2 years or more and less than 5 years,1,1,0,1,0,0,0
S01008121,Born outside the UK: Resident 5 years or more and less than 10 years,3,3,1,2,0,0,0
S01008121,Born outside the UK: Resident 10 years or more,14,13,2,11,1,0,1
S01008122,All people in households,752,699,256,443,53,8,45
S01008122,Born in the UK,707,665,244,421,42,6,36
S01008122,Born outside the UK: Total,45,34,12,22,11,2,9
S01008122,Born outside the UK: Resident less than 2 years,10,2,0,2,8,1,7
S01008122,Born outside the UK: Resident 2 years or more and less than 5 years,1,1,0,1,0,0,0
S01008122,Born outside the UK: Resident 5 years or more and less than 10 years,3,1,0,1,2,0,2
S01008122,Born outside the UK: Resident 10 years or more,31,30,12,18,1,1,0
S01008123,All people in households,904,827,388,439,77,10,67
S01008123,Born in the UK,878,801,371,430,77,10,67
S01008123,Born outside the UK: Total,26,26,17,9,0,0,0
S01008123,Born outside the UK: Resident less than 2 years,4,4,3,1,0,0,0
S01008123,Born outside the UK: Resident 2 years or more and less than 5 years,0,0,0,0,0,0,0
S01008123,Born outside the UK: Resident 5 years or more and less than 10 years,1,1,0,1,0,0,0
S01008123,Born outside the UK: Resident 10 years or more,21,21,14,7,0,0,0
S01008124,All people in households,835,801,298,503,34,5,29
S01008124,Born in the UK,809,779,291,488,30,5,25
S01008124,Born outside the UK: Total,26,22,7,15,4,0,4
S01008124,Born outside the UK: Resident less than 2 years,0,0,0,0,0,0,0
S01008124,Born outside the UK: Resident 2 years or more and less than 5 years,2,0,0,0,2,0,2
S01008124,Born outside the UK: Resident 5 years or more and less than 10 years,2,0,0,0,2,0,2
S01008124,Born outside the UK: Resident 10 years or more,22,22,7,15,0,0,0
S01008125,All people in households,881,801,365,436,80,9,71
S01008125,Born in the UK,851,779,354,425,72,9,63
S01008125,Born outside the UK: Total,30,22,11,11,8,0,8
S01008125,Born outside the UK: Resident less than 2 years,6,2,2,0,4,0,4
S01008125,Born outside the UK: Resident 2 years or more and less than 5 years,0,0,0,0,0,0,0
S01008125,Born outside the UK: Resident 5 years or more and less than 10 years,1,1,0,1,0,0,0
S01008125,Born outside the UK: Resident 10 years or more,23,19,9,10,4,0,4
S01008126,All people in households,812,793,318,475,19,1,18
S01008126,Born in the UK,796,777,312,465,19,1,18
S01008126,Born outside the UK: Total,16,16,6,10,0,0,0
S01008126,Born outside the UK: Resident less than 2 years,0,0,0,0,0,0,0
S01008126,Born outside the UK: Resident 2 years or more and less than 5 years,0,0,0,0,0,0,0
S01008126,Born outside the UK: Resident 5 years or more and less than 10 years,0,0,0,0,0,0,0
S01008126,Born outside the UK: Resident 10 years or more,16,16,6,10,0,0,0
S01008127,All people in households,489,455,181,274,34,12,22
S01008127,Born in the UK,476,444,176,268,32,11,21
S01008127,Born outside the UK: Total,13,11,5,6,2,1,1
S01008127,Born outside the UK: Resident less than 2 years,0,0,0,0,0,0,0
S01008127,Born outside the UK: Resident 2 years or more and less than 5 years,2,1,0,1,1,0,1
S01008127,Born outside the UK: Resident 5 years or more and less than 10 years,1,1,1,0,0,0,0
S01008127,Born outside the UK: Resident 10 years or more,10,9,4,5,1,1,0
S01008128,All people in households,880,807,344,463,73,43,30
S01008128,Born in the UK,863,791,338,453,72,43,29
S01008128,Born outside the UK: Total,17,16,6,10,1,0,1
S01008128,Born outside the UK: Resident less than 2 years,0,0,0,0,0,0,0
S01008128,Born outside the UK: Resident 2 years or more and less than 5 years,2,2,0,2,0,0,0
S01008128,Born outside the UK: Resident 5 years or more and less than 10 years,4,4,0,4,0,0,0
S01008128,Born outside the UK: Resident 10 years or more,11,10,6,4,1,0,1
S01008129,All people in households,891,554,171,383,337,255,82
S01008129,Born in the UK,861,536,166,370,325,246,79
S01008129,Born outside the UK: Total,30,18,5,13,12,9,3
S01008129,Born outside the UK: Resident less than 2 years,0,0,0,0,0,0,0
S01008129,Born outside the UK: Resident 2 years or more and less than 5 years,3,0,0,0,3,3,0
S01008129,Born outside the UK: Resident 5 years or more and less than 10 years,6,1,0,1,5,3,2
S01008129,Born outside the UK: Resident 10 years or more,21,17,5,12,4,3,1
S01008130,All people in households,955,575,187,388,380,229,151
S01008130,Born in the UK,919,555,182,373,364,226,138
S01008130,Born outside the UK: Total,36,20,5,15,16,3,13
S01008130,Born outside the UK: Resident less than 2 years,2,0,0,0,2,0,2
S01008130,Born outside the UK: Resident 2 years or more and less than 5 years,6,4,0,4,2,0,2
S01008130,Born outside the UK: Resident 5 years or more and less than 10 years,5,0,0,0,5,0,5
S01008130,Born outside the UK: Resident 10 years or more,23,16,5,11,7,3,4
S01008131,All people in households,766,410,136,274,356,248,108
S01008131,Born in the UK,748,401,133,268,347,245,102
S01008131,Born outside the UK: Total,18,9,3,6,9,3,6
S01008131,Born outside the UK: Resident less than 2 years,0,0,0,0,0,0,0
S01008131,Born outside the UK: Resident 2 years or more and less than 5 years,4,1,0,1,3,0,3
S01008131,Born outside the UK: Resident 5 years or more and less than 10 years,0,0,0,0,0,0,0
S01008131,Born outside the UK: Resident 10 years or more,14,8,3,5,6,3,3
S01008132,All people in households,1025,960,468,492,65,20,45
S01008132,Born in the UK,991,931,452,479,60,17,43
S01008132,Born outside the UK: Total,34,29,16,13,5,3,2
S01008132,Born outside the UK: Resident less than 2 years,1,1,0,1,0,0,0
S01008132,Born outside the UK: Resident 2 years or more and less than 5 years,1,1,0,1,0,0,0
S01008132,Born outside the UK: Resident 5 years or more and less than 10 years,7,5,0,5,2,2,0
S01008132,Born outside the UK: Resident 10 years or more,25,22,16,6,3,1,2
S01008133,All people in households,630,413,206,207,217,128,89
S01008133,Born in the UK,596,395,201,194,201,122,79
S01008133,Born outside the UK: Total,34,18,5,13,16,6,10
S01008133,Born outside the UK: Resident less than 2 years,6,2,0,2,4,0,4
S01008133,Born outside the UK: Resident 2 years or more and less than 5 years,9,5,0,5,4,2,2
S01008133,Born outside the UK: Resident 5 years or more and less than 10 years,5,1,0,1,4,1,3
S01008133,Born outside the UK: Resident 10 years or more,14,10,5,5,4,3,1
S01008134,All people in households,602,449,155,294,153,34,119
S01008134,Born in the UK,572,438,152,286,134,34,100
S01008134,Born outside the UK: Total,30,11,3,8,19,0,19
S01008134,Born outside the UK: Resident less than 2 years,2,0,0,0,2,0,2
S01008134,Born outside the UK: Resident 2 years or more and less than 5 years,4,0,0,0,4,0,4
S01008134,Born outside the UK: Resident 5 years or more and less than 10 years,10,0,0,0,10,0,10
S01008134,Born outside the UK: Resident 10 years or more,14,11,3,8,3,0,3
S01008135,All people in households,1105,800,184,616,305,110,195
S01008135,Born in the UK,1060,782,181,601,278,106,172
S01008135,Born outside the UK: Total,45,18,3,15,27,4,23
S01008135,Born outside the UK: Resident less than 2 years,4,3,0,3,1,0,1
S01008135,Born outside the UK: Resident 2 years or more and less than 5 years,13,1,0,1,12,0,12
S01008135,Born outside the UK: Resident 5 years or more and less than 10 years,11,2,0,2,9,0,9
S01008135,Born outside the UK: Resident 10 years or more,17,12,3,9,5,4,1
S01008136,All people in households,875,635,199,436,240,164,76
S01008136,Born in the UK,855,617,191,426,238,163,75
S01008136,Born outside the UK: Total,20,18,8,10,2,1,1
S01008136,Born outside the UK: Resident less than 2 years,0,0,0,0,0,0,0
S01008136,Born outside the UK: Resident 2 years or more and less than 5 years,1,1,0,1,0,0,0
S01008136,Born outside the UK: Resident 5 years or more and less than 10 years,2,1,0,1,1,0,1
S01008136,Born outside the UK: Resident 10 years or more,17,16,8,8,1,1,0
S01008137,All people in households,900,197,45,152,703,656,47
S01008137,Born in the UK,885,190,42,148,695,648,47
S01008137,Born outside the UK: Total,15,7,3,4,8,8,0
S01008137,Born outside the UK: Resident less than 2 years,0,0,0,0,0,0,0
S01008137,Born outside the UK: Resident 2 years or more and less than 5 years,0,0,0,0,0,0,0
S01008137,Born outside the UK: Resident 5 years or more and less than 10 years,7,2,0,2,5,5,0
S01008137,Born outside the UK: Resident 10 years or more,8,5,3,2,3,3,0
S01008138,All people in households,852,268,61,207,584,521,63
S01008138,Born in the UK,832,261,61,200,571,517,54
S01008138,Born outside the UK: Total,20,7,0,7,13,4,9
S01008138,Born outside the UK: Resident less than 2 years,0,0,0,0,0,0,0
S01008138,Born outside the UK: Resident 2 years or more and less than 5 years,7,2,0,2,5,0,5
S01008138,Born outside the UK: Resident 5 years or more and less than 10 years,6,1,0,1,5,1,4
S01008138,Born outside the UK: Resident 10 years or more,7,4,0,4,3,3,0
S01008139,All people in households,875,557,204,353,318,243,75
S01008139,Born in the UK,860,546,199,347,314,241,73
S01008139,Born outside the UK: Total,15,11,5,6,4,2,2
S01008139,Born outside the UK: Resident less than 2 years,0,0,0,0,0,0,0
S01008139,Born outside the UK: Resident 2 years or more and less than 5 years,0,0,0,0,0,0,0
S01008139,Born outside the UK: Resident 5 years or more and less than 10 years,2,2,0,2,0,0,0
S01008139,Born outside the UK: Resident 10 years or more,13,9,5,4,4,2,2
S01008140,All people in households,522,252,79,173,270,235,35
S01008140,Born in the UK,516,249,79,170,267,232,35
S01008140,Born outside the UK: Total,6,3,0,3,3,3,0
S01008140,Born outside the UK: Resident less than 2 years,0,0,0,0,0,0,0
S01008140,Born outside the UK: Resident 2 years or more and less than 5 years,0,0,0,0,0,0,0
S01008140,Born outside the UK: Resident 5 years or more and less than 10 years,0,0,0,0,0,0,0
S01008140,Born outside the UK: Resident 10 years or more,6,3,0,3,3,3,0
S01008141,All people in households,840,810,323,487,30,19,11
S01008141,Born in the UK,820,795,314,481,25,19,6
S01008141,Born outside the UK: Total,20,15,9,6,5,0,5
S01008141,Born outside the UK: Resident less than 2 years,0,0,0,0,0,0,0
S01008141,Born outside the UK: Resident 2 years or more and less than 5 years,4,0,0,0,4,0,4
S01008141,Born outside the UK: Resident 5 years or more and less than 10 years,3,2,0,2,1,0,1
S01008141,Born outside the UK: Resident 10 years or more,13,13,9,4,0,0,0
S01008142,All people in households,802,777,236,541,25,15,10
S01008142,Born in the UK,793,768,235,533,25,15,10
S01008142,Born outside the UK: Total,9,9,1,8,0,0,0
S01008142,Born outside the UK: Resident less than 2 years,0,0,0,0,0,0,0
S01008142,Born outside the UK: Resident 2 years or more and less than 5 years,2,2,0,2,0,0,0
S01008142,Born outside the UK: Resident 5 years or more and less than 10 years,4,4,0,4,0,0,0
S01008142,Born outside the UK: Resident 10 years or more,3,3,1,2,0,0,0
S01008143,All people in households,899,577,218,359,322,244,78
S01008143,Born in the UK,879,562,211,351,317,241,76
S01008143,Born outside the UK: Total,20,15,7,8,5,3,2
S01008143,Born outside the UK: Resident less than 2 years,0,0,0,0,0,0,0
S01008143,Born outside the UK: Resident 2 years or more and less than 5 years,2,1,0,1,1,0,1
S01008143,Born outside the UK: Resident 5 years or more and less than 10 years,2,1,0,1,1,0,1
S01008143,Born outside the UK: Resident 10 years or more,16,13,7,6,3,3,0
S01008144,All people in households,614,578,214,364,36,3,33
S01008144,Born in the UK,608,572,211,361,36,3,33
S01008144,Born outside the UK: Total,6,6,3,3,0,0,0
S01008144,Born outside the UK: Resident less than 2 years,0,0,0,0,0,0,0
S01008144,Born outside the UK: Resident 2 years or more and less than 5 years,0,0,0,0,0,0,0
S01008144,Born outside the UK: Resident 5 years or more and less than 10 years,1,1,1,0,0,0,0
S01008144,Born outside the UK: Resident 10 years or more,5,5,2,3,0,0,0
S01008145,All people in households,808,424,110,314,384,345,39
S01008145,Born in the UK,796,418,106,312,378,342,36
S01008145,Born outside the UK: Total,12,6,4,2,6,3,3
S01008145,Born outside the UK: Resident less than 2 years,0,0,0,0,0,0,0
S01008145,Born outside the UK: Resident 2 years or more and less than 5 years,3,0,0,0,3,3,0
S01008145,Born outside the UK: Resident 5 years or more and less than 10 years,3,0,0,0,3,0,3
S01008145,Born outside the UK: Resident 10 years or more,6,6,4,2,0,0,0
S01008146,All people in households,499,236,101,135,263,238,25
S01008146,Born in the UK,493,232,98,134,261,236,25
S01008146,Born outside the UK: Total,6,4,3,1,2,2,0
S01008146,Born outside the UK: Resident less than 2 years,0,0,0,0,0,0,0
S01008146,Born outside the UK: Resident 2 years or more and less than 5 years,0,0,0,0,0,0,0
S01008146,Born outside the UK: Resident 5 years or more and less than 10 years,1,0,0,0,1,1,0
S01008146,Born outside the UK: Resident 10 years or more,5,4,3,1,1,1,0
S01008147,All people in households,788,579,170,409,209,185,24
S01008147,Born in the UK,776,569,169,400,207,183,24
S01008147,Born outside the UK: Total,12,10,1,9,2,2,0
S01008147,Born outside the UK: Resident less than 2 years,2,2,0,2,0,0,0
S01008147,Born outside the UK: Resident 2 years or more and less than 5 years,0,0,0,0,0,0,0
S01008147,Born outside the UK: Resident 5 years or more and less than 10 years,1,1,0,1,0,0,0
S01008147,Born outside the UK: Resident 10 years or more,9,7,1,6,2,2,0
S01008148,All people in households,747,620,201,419,127,88,39
S01008148,Born in the UK,739,612,199,413,127,88,39
S01008148,Born outside the UK: Total,8,8,2,6,0,0,0
S01008148,Born outside the UK: Resident less than 2 years,0,0,0,0,0,0,0
S01008148,Born outside the UK: Resident 2 years or more and less than 5 years,0,0,0,0,0,0,0
S01008148,Born outside the UK: Resident 5 years or more and less than 10 years,0,0,0,0,0,0,0
S01008148,Born outside the UK: Resident 10 years or more,8,8,2,6,0,0,0
S01008149,All people in households,707,512,134,378,195,151,44
S01008149,Born in the UK,691,502,133,369,189,148,41
S01008149,Born outside the UK: Total,16,10,1,9,6,3,3
S01008149,Born outside the UK: Resident less than 2 years,3,0,0,0,3,0,3
S01008149,Born outside the UK: Resident 2 years or more and less than 5 years,0,0,0,0,0,0,0
S01008149,Born outside the UK: Resident 5 years or more and less than 10 years,6,4,0,4,2,2,0
S01008149,Born outside the UK: Resident 10 years or more,7,6,1,5,1,1,0
S01008150,All people in households,941,632,190,442,309,254,55
S01008150,Born in the UK,925,620,188,432,305,252,53
S01008150,Born outside the UK: Total,16,12,2,10,4,2,2
S01008150,Born outside the UK: Resident less than 2 years,3,3,0,3,0,0,0
S01008150,Born outside the UK: Resident 2 years or more and less than 5 years,4,2,0,2,2,2,0
S01008150,Born outside the UK: Resident 5 years or more and less than 10 years,2,2,0,2,0,0,0
S01008150,Born outside the UK: Resident 10 years or more,7,5,2,3,2,0,2
S01008151,All people in households,704,489,124,365,215,170,45
S01008151,Born in the UK,690,481,121,360,209,164,45
S01008151,Born outside the UK: Total,14,8,3,5,6,6,0
S01008151,Born outside the UK: Resident less than 2 years,1,1,1,0,0,0,0
S01008151,Born outside the UK: Resident 2 years or more and less than 5 years,2,1,0,1,1,1,0
S01008151,Born outside the UK: Resident 5 years or more and less than 10 years,0,0,0,0,0,0,0
S01008151,Born outside the UK: Resident 10 years or more,11,6,2,4,5,5,0
S01008152,All people in households,1057,636,229,407,421,341,80
S01008152,Born in the UK,1025,618,222,396,407,332,75
S01008152,Born outside the UK: Total,32,18,7,11,14,9,5
S01008152,Born outside the UK: Resident less than 2 years,5,0,0,0,5,0,5
S01008152,Born outside the UK: Resident 2 years or more and less than 5 years,0,0,0,0,0,0,0
S01008152,Born outside the UK: Resident 5 years or more and less than 10 years,3,1,0,1,2,2,0
S01008152,Born outside the UK: Resident 10 years or more,24,17,7,10,7,7,0
S01008153,All people in households,795,752,251,501,43,14,29
S01008153,Born in the UK,780,737,240,497,43,14,29
S01008153,Born outside the UK: Total,15,15,11,4,0,0,0
S01008153,Born outside the UK: Resident less than 2 years,2,2,2,0,0,0,0
S01008153,Born outside the UK: Resident 2 years or more and less than 5 years,1,1,0,1,0,0,0
S01008153,Born outside the UK: Resident 5 years or more and less than 10 years,1,1,1,0,0,0,0
S01008153,Born outside the UK: Resident 10 years or more,11,11,8,3,0,0,0
S01008154,All people in households,828,730,349,381,98,65,33
S01008154,Born in the UK,817,720,343,377,97,64,33
S01008154,Born outside the UK: Total,11,10,6,4,1,1,0
S01008154,Born outside the UK: Resident less than 2 years,0,0,0,0,0,0,0
S01008154,Born outside the UK: Resident 2 years or more and less than 5 years,1,1,0,1,0,0,0
S01008154,Born outside the UK: Resident 5 years or more and less than 10 years,1,0,0,0,1,1,0
S01008154,Born outside the UK: Resident 10 years or more,9,9,6,3,0,0,0
S01008155,All people in households,670,587,196,391,83,59,24
S01008155,Born in the UK,646,571,188,383,75,59,16
S01008155,Born outside the UK: Total,24,16,8,8,8,0,8
S01008155,Born outside the UK: Resident less than 2 years,6,0,0,0,6,0,6
S01008155,Born outside the UK: Resident 2 years or more and less than 5 years,1,0,0,0,1,0,1
S01008155,Born outside the UK: Resident 5 years or more and less than 10 years,2,2,0,2,0,0,0
S01008155,Born outside the UK: Resident 10 years or more,15,14,8,6,1,0,1
S01008156,All people in households,919,664,258,406,255,198,57
S01008156,Born in the UK,895,651,252,399,244,189,55
S01008156,Born outside the UK: Total,24,13,6,7,11,9,2
S01008156,Born outside the UK: Resident less than 2 years,0,0,0,0,0,0,0
S01008156,Born outside the UK: Resident 2 years or more and less than 5 years,8,2,0,2,6,6,0
S01008156,Born outside the UK: Resident 5 years or more and less than 10 years,3,1,0,1,2,1,1
S01008156,Born outside the UK: Resident 10 years or more,13,10,6,4,3,2,1
S01008157,All people in households,746,640,193,447,106,78,28
S01008157,Born in the UK,724,621,187,434,103,78,25
S01008157,Born outside the UK: Total,22,19,6,13,3,0,3
S01008157,Born outside the UK: Resident less than 2 years,3,0,0,0,3,0,3
S01008157,Born outside the UK: Resident 2 years or more and less than 5 years,2,2,0,2,0,0,0
S01008157,Born outside the UK: Resident 5 years or more and less than 10 years,1,1,0,1,0,0,0
S01008157,Born outside the UK: Resident 10 years or more,16,16,6,10,0,0,0
S01008158,All people in households,715,685,199,486,30,11,19
S01008158,Born in the UK,683,661,190,471,22,10,12
S01008158,Born outside the UK: Total,32,24,9,15,8,1,7
S01008158,Born outside the UK: Resident less than 2 years,2,0,0,0,2,0,2
S01008158,Born outside the UK: Resident 2 years or more and less than 5 years,5,0,0,0,5,0,5
S01008158,Born outside the UK: Resident 5 years or more and less than 10 years,5,5,0,5,0,0,0
S01008158,Born outside the UK: Resident 10 years or more,20,19,9,10,1,1,0
S01008159,All people in households,987,428,115,313,559,442,117
S01008159,Born in the UK,962,414,110,304,548,437,111
S01008159,Born outside the UK: Total,25,14,5,9,11,5,6
S01008159,Born outside the UK: Resident less than 2 years,4,1,0,1,3,0,3
S01008159,Born outside the UK: Resident 2 years or more and less than 5 years,1,1,0,1,0,0,0
S01008159,Born outside the UK: Resident 5 years or more and less than 10 years,5,2,0,2,3,1,2
S01008159,Born outside the UK: Resident 10 years or more,15,10,5,5,5,4,1
S01008160,All people in households,942,541,150,391,401,367,34
S01008160,Born in the UK,925,531,149,382,394,363,31
S01008160,Born outside the UK: Total,17,10,1,9,7,4,3
S01008160,Born outside the UK: Resident less than 2 years,2,1,0,1,1,1,0
S01008160,Born outside the UK: Resident 2 years or more and less than 5 years,1,0,0,0,1,0,1
S01008160,Born outside the UK: Resident 5 years or more and less than 10 years,7,6,0,6,1,1,0
S01008160,Born outside the UK: Resident 10 years or more,7,3,1,2,4,2,2
S01008161,All people in households,1035,915,225,690,120,57,63
S01008161,Born in the UK,993,885,218,667,108,55,53
S01008161,Born outside the UK: Total,42,30,7,23,12,2,10
S01008161,Born outside the UK: Resident less than 2 years,5,1,0,1,4,0,4
S01008161,Born outside the UK: Resident 2 years or more and less than 5 years,6,2,0,2,4,0,4
S01008161,Born outside the UK: Resident 5 years or more and less than 10 years,7,5,0,5,2,0,2
S01008161,Born outside the UK: Resident 10 years or more,24,22,7,15,2,2,0
S01008162,All people in households,993,740,231,509,253,192,61
S01008162,Born in the UK,961,722,228,494,239,186,53
S01008162,Born outside the UK: Total,32,18,3,15,14,6,8
S01008162,Born outside the UK: Resident less than 2 years,0,0,0,0,0,0,0
S01008162,Born outside the UK: Resident 2 years or more and less than 5 years,5,2,0,2,3,0,3
S01008162,Born outside the UK: Resident 5 years or more and less than 10 years,7,4,0,4,3,0,3
S01008162,Born outside the UK: Resident 10 years or more,20,12,3,9,8,6,2
S01008163,All people in households,758,380,122,258,378,260,118
S01008163,Born in the UK,732,365,114,251,367,253,114
S01008163,Born outside the UK: Total,26,15,8,7,11,7,4
S01008163,Born outside the UK: Resident less than 2 years,3,2,1,1,1,0,1
S01008163,Born outside the UK: Resident 2 years or more and less than 5 years,4,2,2,0,2,2,0
S01008163,Born outside the UK: Resident 5 years or more and less than 10 years,6,4,0,4,2,2,0
S01008163,Born outside the UK: Resident 10 years or more,13,7,5,2,6,3,3
S01008164,All people in households,650,377,82,295,273,212,61
S01008164,Born in the UK,611,357,78,279,254,203,51
S01008164,Born outside the UK: Total,39,20,4,16,19,9,10
S01008164,Born outside the UK: Resident less than 2 years,6,0,0,0,6,0,6
S01008164,Born outside the UK: Resident 2 years or more and less than 5 years,8,4,1,3,4,0,4
S01008164,Born outside the UK: Resident 5 years or more and less than 10 years,8,5,0,5,3,3,0
S01008164,Born outside the UK: Resident 10 years or more,17,11,3,8,6,6,0
S01008165,All people in households,763,683,77,606,80,19,61
S01008165,Born in the UK,711,640,72,568,71,18,53
S01008165,Born outside the UK: Total,52,43,5,38,9,1,8
S01008165,Born outside the UK: Resident less than 2 years,4,3,0,3,1,0,1
S01008165,Born outside the UK: Resident 2 years or more and less than 5 years,6,4,0,4,2,0,2
S01008165,Born outside the UK: Resident 5 years or more and less than 10 years,24,19,0,19,5,0,5
S01008165,Born outside the UK: Resident 10 years or more,18,17,5,12,1,1,0
S01008166,All people in households,559,342,116,226,217,187,30
S01008166,Born in the UK,544,336,115,221,208,180,28
S01008166,Born outside the UK: Total,15,6,1,5,9,7,2
S01008166,Born outside the UK: Resident less than 2 years,0,0,0,0,0,0,0
S01008166,Born outside the UK: Resident 2 years or more and less than 5 years,8,2,0,2,6,4,2
S01008166,Born outside the UK: Resident 5 years or more and less than 10 years,3,1,0,1,2,2,0
S01008166,Born outside the UK: Resident 10 years or more,4,3,1,2,1,1,0
S01008167,All people in households,724,307,130,177,417,354,63
S01008167,Born in the UK,693,293,126,167,400,347,53
S01008167,Born outside the UK: Total,31,14,4,10,17,7,10
S01008167,Born outside the UK: Resident less than 2 years,1,1,0,1,0,0,0
S01008167,Born outside the UK: Resident 2 years or more and less than 5 years,5,2,0,2,3,0,3
S01008167,Born outside the UK: Resident 5 years or more and less than 10 years,7,2,1,1,5,1,4
S01008167,Born outside the UK: Resident 10 years or more,18,9,3,6,9,6,3
S01008168,All people in households,816,402,77,325,414,384,30
S01008168,Born in the UK,773,377,74,303,396,374,22
S01008168,Born outside the UK: Total,43,25,3,22,18,10,8
S01008168,Born outside the UK: Resident less than 2 years,2,1,0,1,1,0,1
S01008168,Born outside the UK: Resident 2 years or more and less than 5 years,5,3,0,3,2,0,2
S01008168,Born outside the UK: Resident 5 years or more and less than 10 years,21,12,0,12,9,6,3
S01008168,Born outside the UK: Resident 10 years or more,15,9,3,6,6,4,2
S01008169,All people in households,711,436,97,339,275,224,51
S01008169,Born in the UK,685,423,94,329,262,220,42
S01008169,Born outside the UK: Total,26,13,3,10,13,4,9
S01008169,Born outside the UK: Resident less than 2 years,4,1,0,1,3,0,3
S01008169,Born outside the UK: Resident 2 years or more and less than 5 years,9,5,0,5,4,0,4
S01008169,Born outside the UK: Resident 5 years or more and less than 10 years,3,2,0,2,1,0,1
S01008169,Born outside the UK: Resident 10 years or more,10,5,3,2,5,4,1
S01008170,All people in households,575,517,146,371,58,36,22
S01008170,Born in the UK,562,505,144,361,57,36,21
S01008170,Born outside the UK: Total,13,12,2,10,1,0,1
S01008170,Born outside the UK: Resident less than 2 years,1,0,0,0,1,0,1
S01008170,Born outside the UK: Resident 2 years or more and less than 5 years,2,2,0,2,0,0,0
S01008170,Born outside the UK: Resident 5 years or more and less than 10 years,0,0,0,0,0,0,0
S01008170,Born outside the UK: Resident 10 years or more,10,10,2,8,0,0,0
S01008171,All people in households,733,415,153,262,318,215,103
S01008171,Born in the UK,682,396,150,246,286,209,77
S01008171,Born outside the UK: Total,51,19,3,16,32,6,26
S01008171,Born outside the UK: Resident less than 2 years,3,0,0,0,3,0,3
S01008171,Born outside the UK: Resident 2 years or more and less than 5 years,6,1,0,1,5,0,5
S01008171,Born outside the UK: Resident 5 years or more and less than 10 years,18,4,0,4,14,0,14
S01008171,Born outside the UK: Resident 10 years or more,24,14,3,11,10,6,4
S01008172,All people in households,557,427,151,276,130,96,34
S01008172,Born in the UK,536,413,147,266,123,96,27
S01008172,Born outside the UK: Total,21,14,4,10,7,0,7
S01008172,Born outside the UK: Resident less than 2 years,2,1,0,1,1,0,1
S01008172,Born outside the UK: Resident 2 years or more and less than 5 years,1,0,0,0,1,0,1
S01008172,Born outside the UK: Resident 5 years or more and less than 10 years,3,0,0,0,3,0,3
S01008172,Born outside the UK: Resident 10 years or more,15,13,4,9,2,0,2
S01008173,All people in households,664,567,153,414,97,72,25
S01008173,Born in the UK,644,554,151,403,90,69,21
S01008173,Born outside the UK: Total,20,13,2,11,7,3,4
S01008173,Born outside the UK: Resident less than 2 years,0,0,0,0,0,0,0
S01008173,Born outside the UK: Resident 2 years or more and less than 5 years,4,0,0,0,4,0,4
S01008173,Born outside the UK: Resident 5 years or more and less than 10 years,3,3,0,3,0,0,0
S01008173,Born outside the UK: Resident 10 years or more,13,10,2,8,3,3,0
S01008174,All people in households,532,467,169,298,65,44,21
S01008174,Born in the UK,518,458,167,291,60,44,16
S01008174,Born outside the UK: Total,14,9,2,7,5,0,5
S01008174,Born outside the UK: Resident less than 2 years,0,0,0,0,0,0,0
S01008174,Born outside the UK: Resident 2 years or more and less than 5 years,4,0,0,0,4,0,4
S01008174,Born outside the UK: Resident 5 years or more and less than 10 years,1,0,0,0,1,0,1
S01008174,Born outside the UK: Resident 10 years or more,9,9,2,7,0,0,0
S01008175,All people in households,750,509,125,384,241,149,92
S01008175,Born in the UK,703,491,119,372,212,140,72
S01008175,Born outside the UK: Total,47,18,6,12,29,9,20
S01008175,Born outside the UK: Resident less than 2 years,5,0,0,0,5,0,5
S01008175,Born outside the UK: Resident 2 years or more and less than 5 years,10,0,0,0,10,0,10
S01008175,Born outside the UK: Resident 5 years or more and less than 10 years,6,2,1,1,4,0,4
S01008175,Born outside the UK: Resident 10 years or more,26,16,5,11,10,9,1
S01008176,All people in households,727,599,239,360,128,39,89
S01008176,Born in the UK,682,578,230,348,104,37,67
S01008176,Born outside the UK: Total,45,21,9,12,24,2,22
S01008176,Born outside the UK: Resident less than 2 years,8,1,1,0,7,0,7
S01008176,Born outside the UK: Resident 2 years or more and less than 5 years,8,2,1,1,6,0,6
S01008176,Born outside the UK: Resident 5 years or more and less than 10 years,7,1,0,1,6,1,5
S01008176,Born outside the UK: Resident 10 years or more,22,17,7,10,5,1,4
S01008177,All people in households,776,504,187,317,272,217,55
S01008177,Born in the UK,742,494,186,308,248,208,40
S01008177,Born outside the UK: Total,34,10,1,9,24,9,15
S01008177,Born outside the UK: Resident less than 2 years,5,1,0,1,4,0,4
S01008177,Born outside the UK: Resident 2 years or more and less than 5 years,6,0,0,0,6,1,5
S01008177,Born outside the UK: Resident 5 years or more and less than 10 years,4,1,0,1,3,0,3
S01008177,Born outside the UK: Resident 10 years or more,19,8,1,7,11,8,3
S01008178,All people in households,640,529,272,257,111,76,35
S01008178,Born in the UK,619,520,269,251,99,75,24
S01008178,Born outside the UK: Total,21,9,3,6,12,1,11
S01008178,Born outside the UK: Resident less than 2 years,0,0,0,0,0,0,0
S01008178,Born outside the UK: Resident 2 years or more and less than 5 years,5,0,0,0,5,1,4
S01008178,Born outside the UK: Resident 5 years or more and less than 10 years,8,2,0,2,6,0,6
S01008178,Born outside the UK: Resident 10 years or more,8,7,3,4,1,0,1
S01008179,All people in households,512,490,81,409,22,6,16
S01008179,Born in the UK,491,469,79,390,22,6,16
S01008179,Born outside the UK: Total,21,21,2,19,0,0,0
S01008179,Born outside the UK: Resident less than 2 years,3,3,0,3,0,0,0
S01008179,Born outside the UK: Resident 2 years or more and less than 5 years,1,1,1,0,0,0,0
S01008179,Born outside the UK: Resident 5 years or more and less than 10 years,4,4,0,4,0,0,0
S01008179,Born outside the UK: Resident 10 years or more,13,13,1,12,0,0,0
S01008180,All people in households,473,447,139,308,26,0,26
S01008180,Born in the UK,465,443,139,304,22,0,22
S01008180,Born outside the UK: Total,8,4,0,4,4,0,4
S01008180,Born outside the UK: Resident less than 2 years,0,0,0,0,0,0,0
S01008180,Born outside the UK: Resident 2 years or more and less than 5 years,1,0,0,0,1,0,1
S01008180,Born outside the UK: Resident 5 years or more and less than 10 years,0,0,0,0,0,0,0
S01008180,Born outside the UK: Resident 10 years or more,7,4,0,4,3,0,3
S01008181,All people in households,678,616,278,338,62,30,32
S01008181,Born in the UK,651,600,272,328,51,29,22
S01008181,Born outside the UK: Total,27,16,6,10,11,1,10
S01008181,Born outside the UK: Resident less than 2 years,2,1,0,1,1,0,1
S01008181,Born outside the UK: Resident 2 years or more and less than 5 years,6,0,0,0,6,0,6
S01008181,Born outside the UK: Resident 5 years or more and less than 10 years,6,3,0,3,3,1,2
S01008181,Born outside the UK: Resident 10 years or more,13,12,6,6,1,0,1
S01008182,All people in households,924,540,189,351,384,163,221
S01008182,Born in the UK,816,501,181,320,315,150,165
S01008182,Born outside the UK: Total,108,39,8,31,69,13,56
S01008182,Born outside the UK: Resident less than 2 years,11,0,0,0,11,0,11
S01008182,Born outside the UK: Resident 2 years or more and less than 5 years,30,8,0,8,22,1,21
S01008182,Born outside the UK: Resident 5 years or more and less than 10 years,27,10,0,10,17,0,17
S01008182,Born outside the UK: Resident 10 years or more,40,21,8,13,19,12,7
S01008183,All people in households,642,498,153,345,144,61,83
S01008183,Born in the UK,583,472,146,326,111,56,55
S01008183,Born outside the UK: Total,59,26,7,19,33,5,28
S01008183,Born outside the UK: Resident less than 2 years,7,3,1,2,4,0,4
S01008183,Born outside the UK: Resident 2 years or more and less than 5 years,16,1,1,0,15,0,15
S01008183,Born outside the UK: Resident 5 years or more and less than 10 years,7,4,1,3,3,0,3
S01008183,Born outside the UK: Resident 10 years or more,29,18,4,14,11,5,6
S01008184,All people in households,798,476,198,278,322,156,166
S01008184,Born in the UK,724,455,195,260,269,151,118
S01008184,Born outside the UK: Total,74,21,3,18,53,5,48
S01008184,Born outside the UK: Resident less than 2 years,19,3,1,2,16,0,16
S01008184,Born outside the UK: Resident 2 years or more and less than 5 years,18,2,1,1,16,2,14
S01008184,Born outside the UK: Resident 5 years or more and less than 10 years,14,5,0,5,9,0,9
S01008184,Born outside the UK: Resident 10 years or more,23,11,1,10,12,3,9
S01008185,All people in households,1012,594,214,380,418,238,180
S01008185,Born in the UK,917,563,210,353,354,233,121
S01008185,Born outside the UK: Total,95,31,4,27,64,5,59
S01008185,Born outside the UK: Resident less than 2 years,25,4,0,4,21,0,21
S01008185,Born outside the UK: Resident 2 years or more and less than 5 years,29,4,0,4,25,4,21
S01008185,Born outside the UK: Resident 5 years or more and less than 10 years,25,8,0,8,17,0,17
S01008185,Born outside the UK: Resident 10 years or more,16,15,4,11,1,1,0
S01008186,All people in households,628,389,175,214,239,64,175
S01008186,Born in the UK,574,373,171,202,201,63,138
S01008186,Born outside the UK: Total,54,16,4,12,38,1,37
S01008186,Born outside the UK: Resident less than 2 years,8,0,0,0,8,0,8
S01008186,Born outside the UK: Resident 2 years or more and less than 5 years,18,2,0,2,16,0,16
S01008186,Born outside the UK: Resident 5 years or more and less than 10 years,10,1,0,1,9,0,9
S01008186,Born outside the UK: Resident 10 years or more,18,13,4,9,5,1,4
S01008187,All people in households,617,335,102,233,282,229,53
S01008187,Born in the UK,575,308,95,213,267,223,44
S01008187,Born outside the UK: Total,42,27,7,20,15,6,9
S01008187,Born outside the UK: Resident less than 2 years,6,0,0,0,6,3,3
S01008187,Born outside the UK: Resident 2 years or more and less than 5 years,7,4,0,4,3,0,3
S01008187,Born outside the UK: Resident 5 years or more and less than 10 years,5,4,0,4,1,0,1
S01008187,Born outside the UK: Resident 10 years or more,24,19,7,12,5,3,2
S01008188,All people in households,920,428,150,278,492,311,181
S01008188,Born in the UK,852,409,141,268,443,310,133
S01008188,Born outside the UK: Total,68,19,9,10,49,1,48
S01008188,Born outside the UK: Resident less than 2 years,8,3,2,1,5,0,5
S01008188,Born outside the UK: Resident 2 years or more and less than 5 years,29,2,2,0,27,0,27
S01008188,Born outside the UK: Resident 5 years or more and less than 10 years,14,2,1,1,12,0,12
S01008188,Born outside the UK: Resident 10 years or more,17,12,4,8,5,1,4
S01008189,All people in households,565,431,195,236,134,87,47
S01008189,Born in the UK,532,415,186,229,117,87,30
S01008189,Born outside the UK: Total,33,16,9,7,17,0,17
S01008189,Born outside the UK: Resident less than 2 years,3,2,2,0,1,0,1
S01008189,Born outside the UK: Resident 2 years or more and less than 5 years,14,0,0,0,14,0,14
S01008189,Born outside the UK: Resident 5 years or more and less than 10 years,5,3,1,2,2,0,2
S01008189,Born outside the UK: Resident 10 years or more,11,11,6,5,0,0,0
S01008190,All people in households,877,426,149,277,451,410,41
S01008190,Born in the UK,837,401,145,256,436,399,37
S01008190,Born outside the UK: Total,40,25,4,21,15,11,4
S01008190,Born outside the UK: Resident less than 2 years,2,0,0,0,2,0,2
S01008190,Born outside the UK: Resident 2 years or more and less than 5 years,5,5,0,5,0,0,0
S01008190,Born outside the UK: Resident 5 years or more and less than 10 years,15,10,0,10,5,4,1
S01008190,Born outside the UK: Resident 10 years or more,18,10,4,6,8,7,1
S01008191,All people in households,478,265,109,156,213,191,22
S01008191,Born in the UK,462,257,108,149,205,186,19
S01008191,Born outside the UK: Total,16,8,1,7,8,5,3
S01008191,Born outside the UK: Resident less than 2 years,2,0,0,0,2,1,1
S01008191,Born outside the UK: Resident 2 years or more and less than 5 years,0,0,0,0,0,0,0
S01008191,Born outside the UK: Resident 5 years or more and less than 10 years,2,0,0,0,2,1,1
S01008191,Born outside the UK: Resident 10 years or more,12,8,1,7,4,3,1
S01008192,All people in households,773,460,136,324,313,167,146
S01008192,Born in the UK,685,431,132,299,254,159,95
S01008192,Born outside the UK: Total,88,29,4,25,59,8,51
S01008192,Born outside the UK: Resident less than 2 years,34,4,0,4,30,1,29
S01008192,Born outside the UK: Resident 2 years or more and less than 5 years,24,9,0,9,15,1,14
S01008192,Born outside the UK: Resident 5 years or more and less than 10 years,8,3,0,3,5,2,3
S01008192,Born outside the UK: Resident 10 years or more,22,13,4,9,9,4,5
S01008193,All people in households,790,586,213,373,204,150,54
S01008193,Born in the UK,744,553,206,347,191,146,45
S01008193,Born outside the UK: Total,46,33,7,26,13,4,9
S01008193,Born outside the UK: Resident less than 2 years,1,0,0,0,1,0,1
S01008193,Born outside the UK: Resident 2 years or more and less than 5 years,14,7,2,5,7,1,6
S01008193,Born outside the UK: Resident 5 years or more and less than 10 years,11,11,1,10,0,0,0
S01008193,Born outside the UK: Resident 10 years or more,20,15,4,11,5,3,2
S01008194,All people in households,584,373,142,231,211,147,64
S01008194,Born in the UK,539,350,133,217,189,137,52
S01008194,Born outside the UK: Total,45,23,9,14,22,10,12
S01008194,Born outside the UK: Resident less than 2 years,1,1,0,1,0,0,0
S01008194,Born outside the UK: Resident 2 years or more and less than 5 years,15,6,3,3,9,4,5
S01008194,Born outside the UK: Resident 5 years or more and less than 10 years,9,7,4,3,2,0,2
S01008194,Born outside the UK: Resident 10 years or more,20,9,2,7,11,6,5
S01008195,All people in households,796,399,68,331,397,330,67
S01008195,Born in the UK,744,365,64,301,379,325,54
S01008195,Born outside the UK: Total,52,34,4,30,18,5,13
S01008195,Born outside the UK: Resident less than 2 years,10,4,0,4,6,2,4
S01008195,Born outside the UK: Resident 2 years or more and less than 5 years,10,9,0,9,1,0,1
S01008195,Born outside the UK: Resident 5 years or more and less than 10 years,14,7,0,7,7,1,6
S01008195,Born outside the UK: Resident 10 years or more,18,14,4,10,4,2,2
S01008196,All people in households,796,393,68,325,403,337,66
S01008196,Born in the UK,763,370,64,306,393,332,61
S01008196,Born outside the UK: Total,33,23,4,19,10,5,5
S01008196,Born outside the UK: Resident less than 2 years,3,1,1,0,2,2,0
S01008196,Born outside the UK: Resident 2 years or more and less than 5 years,6,4,3,1,2,0,2
S01008196,Born outside the UK: Resident 5 years or more and less than 10 years,13,11,0,11,2,1,1
S01008196,Born outside the UK: Resident 10 years or more,11,7,0,7,4,2,2
S01008197,All people in households,940,694,68,626,246,152,94
S01008197,Born in the UK,866,644,60,584,222,147,75
S01008197,Born outside the UK: Total,74,50,8,42,24,5,19
S01008197,Born outside the UK: Resident less than 2 years,9,3,0,3,6,2,4
S01008197,Born outside the UK: Resident 2 years or more and less than 5 years,27,14,4,10,13,3,10
S01008197,Born outside the UK: Resident 5 years or more and less than 10 years,19,16,1,15,3,0,3
S01008197,Born outside the UK: Resident 10 years or more,19,17,3,14,2,0,2
S01008198,All people in households,693,410,187,223,283,257,26
S01008198,Born in the UK,670,400,183,217,270,247,23
S01008198,Born outside the UK: Total,23,10,4,6,13,10,3
S01008198,Born outside the UK: Resident less than 2 years,1,1,0,1,0,0,0
S01008198,Born outside the UK: Resident 2 years or more and less than 5 years,6,1,0,1,5,3,2
S01008198,Born outside the UK: Resident 5 years or more and less than 10 years,4,2,0,2,2,1,1
S01008198,Born outside the UK: Resident 10 years or more,12,6,4,2,6,6,0
S01008199,All people in households,776,246,55,191,530,491,39
S01008199,Born in the UK,750,238,55,183,512,478,34
S01008199,Born outside the UK: Total,26,8,0,8,18,13,5
S01008199,Born outside the UK: Resident less than 2 years,6,1,0,1,5,4,1
S01008199,Born outside the UK: Resident 2 years or more and less than 5 years,6,1,0,1,5,4,1
S01008199,Born outside the UK: Resident 5 years or more and less than 10 years,6,3,0,3,3,0,3
S01008199,Born outside the UK: Resident 10 years or more,8,3,0,3,5,5,0
S01008200,All people in households,628,262,98,164,366,343,23
S01008200,Born in the UK,609,256,96,160,353,336,17
S01008200,Born outside the UK: Total,19,6,2,4,13,7,6
S01008200,Born outside the UK: Resident less than 2 years,0,0,0,0,0,0,0
S01008200,Born outside the UK: Resident 2 years or more and less than 5 years,4,0,0,0,4,1,3
S01008200,Born outside the UK: Resident 5 years or more and less than 10 years,3,0,0,0,3,1,2
S01008200,Born outside the UK: Resident 10 years or more,12,6,2,4,6,5,1
S01008201,All people in households,797,356,105,251,441,401,40
S01008201,Born in the UK,759,332,94,238,427,396,31
S01008201,Born outside the UK: Total,38,24,11,13,14,5,9
S01008201,Born outside the UK: Resident less than 2 years,4,1,0,1,3,1,2
S01008201,Born outside the UK: Resident 2 years or more and less than 5 years,8,5,0,5,3,0,3
S01008201,Born outside the UK: Resident 5 years or more and less than 10 years,9,5,2,3,4,1,3
S01008201,Born outside the UK: Resident 10 years or more,17,13,9,4,4,3,1
S01008202,All people in households,567,388,95,293,179,146,33
S01008202,Born in the UK,547,375,93,282,172,144,28
S01008202,Born outside the UK: Total,20,13,2,11,7,2,5
S01008202,Born outside the UK: Resident less than 2 years,2,2,0,2,0,0,0
S01008202,Born outside the UK: Resident 2 years or more and less than 5 years,2,2,2,0,0,0,0
S01008202,Born outside the UK: Resident 5 years or more and less than 10 years,2,1,0,1,1,0,1
S01008202,Born outside the UK: Resident 10 years or more,14,8,0,8,6,2,4
S01008203,All people in households,556,213,56,157,343,267,76
S01008203,Born in the UK,533,205,55,150,328,261,67
S01008203,Born outside the UK: Total,23,8,1,7,15,6,9
S01008203,Born outside the UK: Resident less than 2 years,3,0,0,0,3,1,2
S01008203,Born outside the UK: Resident 2 years or more and less than 5 years,4,2,0,2,2,0,2
S01008203,Born outside the UK: Resident 5 years or more and less than 10 years,7,3,0,3,4,2,2
S01008203,Born outside the UK: Resident 10 years or more,9,3,1,2,6,3,3
S01008204,All people in households,875,522,218,304,353,295,58
S01008204,Born in the UK,857,515,215,300,342,292,50
S01008204,Born outside the UK: Total,18,7,3,4,11,3,8
S01008204,Born outside the UK: Resident less than 2 years,1,0,0,0,1,0,1
S01008204,Born outside the UK: Resident 2 years or more and less than 5 years,3,1,0,1,2,0,2
S01008204,Born outside the UK: Resident 5 years or more and less than 10 years,2,0,0,0,2,1,1
S01008204,Born outside the UK: Resident 10 years or more,12,6,3,3,6,2,4
S01008205,All people in households,680,396,125,271,284,244,40
S01008205,Born in the UK,657,383,124,259,274,240,34
S01008205,Born outside the UK: Total,23,13,1,12,10,4,6
S01008205,Born outside the UK: Resident less than 2 years,10,3,0,3,7,2,5
S01008205,Born outside the UK: Resident 2 years or more and less than 5 years,1,0,0,0,1,0,1
S01008205,Born outside the UK: Resident 5 years or more and less than 10 years,3,3,0,3,0,0,0
S01008205,Born outside the UK: Resident 10 years or more,9,7,1,6,2,2,0
S01008206,All people in households,654,352,126,226,302,257,45
S01008206,Born in the UK,638,346,124,222,292,255,37
S01008206,Born outside the UK: Total,16,6,2,4,10,2,8
S01008206,Born outside the UK: Resident less than 2 years,1,0,0,0,1,1,0
S01008206,Born outside the UK: Resident 2 years or more and less than 5 years,5,0,0,0,5,0,5
S01008206,Born outside the UK: Resident 5 years or more and less than 10 years,7,3,0,3,4,1,3
S01008206,Born outside the UK: Resident 10 years or more,3,3,2,1,0,0,0
S01008207,All people in households,618,230,49,181,388,364,24
S01008207,Born in the UK,610,225,49,176,385,361,24
S01008207,Born outside the UK: Total,8,5,0,5,3,3,0
S01008207,Born outside the UK: Resident less than 2 years,0,0,0,0,0,0,0
S01008207,Born outside the UK: Resident 2 years or more and less than 5 years,0,0,0,0,0,0,0
S01008207,Born outside the UK: Resident 5 years or more and less than 10 years,2,0,0,0,2,2,0
S01008207,Born outside the UK: Resident 10 years or more,6,5,0,5,1,1,0
S01008208,All people in households,793,572,92,480,221,146,75
S01008208,Born in the UK,743,543,87,456,200,143,57
S01008208,Born outside the UK: Total,50,29,5,24,21,3,18
S01008208,Born outside the UK: Resident less than 2 years,4,0,0,0,4,0,4
S01008208,Born outside the UK: Resident 2 years or more and less than 5 years,14,2,0,2,12,0,12
S01008208,Born outside the UK: Resident 5 years or more and less than 10 years,13,10,2,8,3,1,2
S01008208,Born outside the UK: Resident 10 years or more,19,17,3,14,2,2,0
S01008209,All people in households,563,504,42,462,59,13,46
S01008209,Born in the UK,538,486,38,448,52,13,39
S01008209,Born outside the UK: Total,25,18,4,14,7,0,7
S01008209,Born outside the UK: Resident less than 2 years,0,0,0,0,0,0,0
S01008209,Born outside the UK: Resident 2 years or more and less than 5 years,4,3,0,3,1,0,1
S01008209,Born outside the UK: Resident 5 years or more and less than 10 years,8,3,0,3,5,0,5
S01008209,Born outside the UK: Resident 10 years or more,13,12,4,8,1,0,1
S01008210,All people in households,935,638,268,370,297,238,59
S01008210,Born in the UK,901,612,257,355,289,236,53
S01008210,Born outside the UK: Total,34,26,11,15,8,2,6
S01008210,Born outside the UK: Resident less than 2 years,2,2,1,1,0,0,0
S01008210,Born outside the UK: Resident 2 years or more and less than 5 years,4,2,0,2,2,0,2
S01008210,Born outside the UK: Resident 5 years or more and less than 10 years,8,5,1,4,3,1,2
S01008210,Born outside the UK: Resident 10 years or more,20,17,9,8,3,1,2
S01008211,All people in households,887,608,223,385,279,205,74
S01008211,Born in the UK,838,573,213,360,265,197,68
S01008211,Born outside the UK: Total,49,35,10,25,14,8,6
S01008211,Born outside the UK: Resident less than 2 years,8,5,2,3,3,3,0
S01008211,Born outside the UK: Resident 2 years or more and less than 5 years,2,2,1,1,0,0,0
S01008211,Born outside the UK: Resident 5 years or more and less than 10 years,8,6,0,6,2,1,1
S01008211,Born outside the UK: Resident 10 years or more,31,22,7,15,9,4,5
S01008212,All people in households,583,518,128,390,65,29,36
S01008212,Born in the UK,566,505,125,380,61,29,32
S01008212,Born outside the UK: Total,17,13,3,10,4,0,4
S01008212,Born outside the UK: Resident less than 2 years,1,0,0,0,1,0,1
S01008212,Born outside the UK: Resident 2 years or more and less than 5 years,2,1,0,1,1,0,1
S01008212,Born outside the UK: Resident 5 years or more and less than 10 years,4,2,0,2,2,0,2
S01008212,Born outside the UK: Resident 10 years or more,10,10,3,7,0,0,0
S01008213,All people in households,1029,900,221,679,129,78,51
S01008213,Born in the UK,1011,889,220,669,122,76,46
S01008213,Born outside the UK: Total,18,11,1,10,7,2,5
S01008213,Born outside the UK: Resident less than 2 years,4,2,0,2,2,0,2
S01008213,Born outside the UK: Resident 2 years or more and less than 5 years,1,0,0,0,1,1,0
S01008213,Born outside the UK: Resident 5 years or more and less than 10 years,5,2,0,2,3,1,2
S01008213,Born outside the UK: Resident 10 years or more,8,7,1,6,1,0,1
S01008214,All people in households,704,456,207,249,248,186,62
S01008214,Born in the UK,691,451,204,247,240,181,59
S01008214,Born outside the UK: Total,13,5,3,2,8,5,3
S01008214,Born outside the UK: Resident less than 2 years,0,0,0,0,0,0,0
S01008214,Born outside the UK: Resident 2 years or more and less than 5 years,1,0,0,0,1,0,1
S01008214,Born outside the UK: Resident 5 years or more and less than 10 years,0,0,0,0,0,0,0
S01008214,Born outside the UK: Resident 10 years or more,12,5,3,2,7,5,2
S01008215,All people in households,735,573,181,392,162,108,54
S01008215,Born in the UK,699,553,174,379,146,106,40
S01008215,Born outside the UK: Total,36,20,7,13,16,2,14
S01008215,Born outside the UK: Resident less than 2 years,1,1,0,1,0,0,0
S01008215,Born outside the UK: Resident 2 years or more and less than 5 years,8,0,0,0,8,0,8
S01008215,Born outside the UK: Resident 5 years or more and less than 10 years,12,6,1,5,6,1,5
S01008215,Born outside the UK: Resident 10 years or more,15,13,6,7,2,1,1
S01008216,All people in households,515,487,156,331,28,10,18
S01008216,Born in the UK,498,476,152,324,22,10,12
S01008216,Born outside the UK: Total,17,11,4,7,6,0,6
S01008216,Born outside the UK: Resident less than 2 years,1,1,0,1,0,0,0
S01008216,Born outside the UK: Resident 2 years or more and less than 5 years,5,1,0,1,4,0,4
S01008216,Born outside the UK: Resident 5 years or more and less than 10 years,4,2,0,2,2,0,2
S01008216,Born outside the UK: Resident 10 years or more,7,7,4,3,0,0,0
S01008217,All people in households,557,526,202,324,31,4,27
S01008217,Born in the UK,534,510,194,316,24,3,21
S01008217,Born outside the UK: Total,23,16,8,8,7,1,6
S01008217,Born outside the UK: Resident less than 2 years,7,3,0,3,4,0,4
S01008217,Born outside the UK: Resident 2 years or more and less than 5 years,1,0,0,0,1,0,1
S01008217,Born outside the UK: Resident 5 years or more and less than 10 years,0,0,0,0,0,0,0
S01008217,Born outside the UK: Resident 10 years or more,15,13,8,5,2,1,1
S01008218,All people in households,1077,1004,204,800,73,36,37
S01008218,Born in the UK,1048,976,199,777,72,36,36
S01008218,Born outside the UK: Total,29,28,5,23,1,0,1
S01008218,Born outside the UK: Resident less than 2 years,0,0,0,0,0,0,0
S01008218,Born outside the UK: Resident 2 years or more and less than 5 years,5,5,0,5,0,0,0
S01008218,Born outside the UK: Resident 5 years or more and less than 10 years,8,8,0,8,0,0,0
S01008218,Born outside the UK: Resident 10 years or more,16,15,5,10,1,0,1
S01008219,All people in households,933,607,167,440,326,207,119
S01008219,Born in the UK,881,588,159,429,293,197,96
S01008219,Born outside the UK: Total,52,19,8,11,33,10,23
S01008219,Born outside the UK: Resident less than 2 years,0,0,0,0,0,0,0
S01008219,Born outside the UK: Resident 2 years or more and less than 5 years,18,2,0,2,16,5,11
S01008219,Born outside the UK: Resident 5 years or more and less than 10 years,13,3,0,3,10,1,9
S01008219,Born outside the UK: Resident 10 years or more,21,14,8,6,7,4,3
S01008220,All people in households,644,267,73,194,377,356,21
S01008220,Born in the UK,620,253,70,183,367,351,16
S01008220,Born outside the UK: Total,24,14,3,11,10,5,5
S01008220,Born outside the UK: Resident less than 2 years,1,1,0,1,0,0,0
S01008220,Born outside the UK: Resident 2 years or more and less than 5 years,7,0,0,0,7,2,5
S01008220,Born outside the UK: Resident 5 years or more and less than 10 years,8,8,0,8,0,0,0
S01008220,Born outside the UK: Resident 10 years or more,8,5,3,2,3,3,0
S01008221,All people in households,718,229,79,150,489,435,54
S01008221,Born in the UK,676,218,76,142,458,420,38
S01008221,Born outside the UK: Total,42,11,3,8,31,15,16
S01008221,Born outside the UK: Resident less than 2 years,6,0,0,0,6,4,2
S01008221,Born outside the UK: Resident 2 years or more and less than 5 years,8,1,0,1,7,0,7
S01008221,Born outside the UK: Resident 5 years or more and less than 10 years,16,5,0,5,11,5,6
S01008221,Born outside the UK: Resident 10 years or more,12,5,3,2,7,6,1
S01008222,All people in households,641,316,96,220,325,289,36
S01008222,Born in the UK,624,311,95,216,313,281,32
S01008222,Born outside the UK: Total,17,5,1,4,12,8,4
S01008222,Born outside the UK: Resident less than 2 years,1,1,0,1,0,0,0
S01008222,Born outside the UK: Resident 2 years or more and less than 5 years,6,0,0,0,6,5,1
S01008222,Born outside the UK: Resident 5 years or more and less than 10 years,1,0,0,0,1,0,1
S01008222,Born outside the UK: Resident 10 years or more,9,4,1,3,5,3,2
S01008223,All people in households,597,330,106,224,267,229,38
S01008223,Born in the UK,579,322,106,216,257,220,37
S01008223,Born outside the UK: Total,18,8,0,8,10,9,1
S01008223,Born outside the UK: Resident less than 2 years,3,1,0,1,2,2,0
S01008223,Born outside the UK: Resident 2 years or more and less than 5 years,5,2,0,2,3,3,0
S01008223,Born outside the UK: Resident 5 years or more and less than 10 years,3,2,0,2,1,1,0
S01008223,Born outside the UK: Resident 10 years or more,7,3,0,3,4,3,1
S01008224,All people in households,907,798,261,537,109,32,77
S01008224,Born in the UK,871,781,255,526,90,30,60
S01008224,Born outside the UK: Total,36,17,6,11,19,2,17
S01008224,Born outside the UK: Resident less than 2 years,6,1,1,0,5,0,5
S01008224,Born outside the UK: Resident 2 years or more and less than 5 years,7,2,0,2,5,1,4
S01008224,Born outside the UK: Resident 5 years or more and less than 10 years,4,1,0,1,3,0,3
S01008224,Born outside the UK: Resident 10 years or more,19,13,5,8,6,1,5
S01008225,All people in households,714,515,193,322,199,167,32
S01008225,Born in the UK,701,503,190,313,198,166,32
S01008225,Born outside the UK: Total,13,12,3,9,1,1,0
S01008225,Born outside the UK: Resident less than 2 years,0,0,0,0,0,0,0
S01008225,Born outside the UK: Resident 2 years or more and less than 5 years,4,3,0,3,1,1,0
S01008225,Born outside the UK: Resident 5 years or more and less than 10 years,1,1,0,1,0,0,0
S01008225,Born outside the UK: Resident 10 years or more,8,8,3,5,0,0,0
S01008226,All people in households,755,354,91,263,401,349,52
S01008226,Born in the UK,735,338,88,250,397,345,52
S01008226,Born outside the UK: Total,20,16,3,13,4,4,0
S01008226,Born outside the UK: Resident less than 2 years,0,0,0,0,0,0,0
S01008226,Born outside the UK: Resident 2 years or more and less than 5 years,3,3,0,3,0,0,0
S01008226,Born outside the UK: Resident 5 years or more and less than 10 years,4,3,0,3,1,1,0
S01008226,Born outside the UK: Resident 10 years or more,13,10,3,7,3,3,0
S01008227,All people in households,819,396,132,264,423,385,38
S01008227,Born in the UK,798,385,129,256,413,380,33
S01008227,Born outside the UK: Total,21,11,3,8,10,5,5
S01008227,Born outside the UK: Resident less than 2 years,2,2,2,0,0,0,0
S01008227,Born outside the UK: Resident 2 years or more and less than 5 years,1,0,0,0,1,0,1
S01008227,Born outside the UK: Resident 5 years or more and less than 10 years,9,7,0,7,2,2,0
S01008227,Born outside the UK: Resident 10 years or more,9,2,1,1,7,3,4
S01008228,All people in households,639,510,200,310,129,91,38
S01008228,Born in the UK,598,482,188,294,116,90,26
S01008228,Born outside the UK: Total,41,28,12,16,13,1,12
S01008228,Born outside the UK: Resident less than 2 years,12,4,3,1,8,0,8
S01008228,Born outside the UK: Resident 2 years or more and less than 5 years,2,1,0,1,1,0,1
S01008228,Born outside the UK: Resident 5 years or more and less than 10 years,6,3,0,3,3,0,3
S01008228,Born outside the UK: Resident 10 years or more,21,20,9,11,1,1,0
S01008229,All people in households,686,344,117,227,342,325,17
S01008229,Born in the UK,668,334,115,219,334,318,16
S01008229,Born outside the UK: Total,18,10,2,8,8,7,1
S01008229,Born outside the UK: Resident less than 2 years,0,0,0,0,0,0,0
S01008229,Born outside the UK: Resident 2 years or more and less than 5 years,5,2,0,2,3,3,0
S01008229,Born outside the UK: Resident 5 years or more and less than 10 years,3,1,0,1,2,1,1
S01008229,Born outside the UK: Resident 10 years or more,10,7,2,5,3,3,0
S01008230,All people in households,811,689,82,607,122,58,64
S01008230,Born in the UK,771,668,80,588,103,53,50
S01008230,Born outside the UK: Total,40,21,2,19,19,5,14
S01008230,Born outside the UK: Resident less than 2 years,2,1,1,0,1,1,0
S01008230,Born outside the UK: Resident 2 years or more and less than 5 years,5,0,0,0,5,0,5
S01008230,Born outside the UK: Resident 5 years or more and less than 10 years,12,3,0,3,9,4,5
S01008230,Born outside the UK: Resident 10 years or more,21,17,1,16,4,0,4
S01008231,All people in households,794,742,51,691,52,20,32
S01008231,Born in the UK,772,722,50,672,50,20,30
S01008231,Born outside the UK: Total,22,20,1,19,2,0,2
S01008231,Born outside the UK: Resident less than 2 years,0,0,0,0,0,0,0
S01008231,Born outside the UK: Resident 2 years or more and less than 5 years,2,2,0,2,0,0,0
S01008231,Born outside the UK: Resident 5 years or more and less than 10 years,0,0,0,0,0,0,0
S01008231,Born outside the UK: Resident 10 years or more,20,18,1,17,2,0,2
S01008232,All people in households,686,493,41,452,193,138,55
S01008232,Born in the UK,658,479,40,439,179,134,45
S01008232,Born outside the UK: Total,28,14,1,13,14,4,10
S01008232,Born outside the UK: Resident less than 2 years,0,0,0,0,0,0,0
S01008232,Born outside the UK: Resident 2 years or more and less than 5 years,5,5,1,4,0,0,0
S01008232,Born outside the UK: Resident 5 years or more and less than 10 years,10,2,0,2,8,0,8
S01008232,Born outside the UK: Resident 10 years or more,13,7,0,7,6,4,2
S01008233,All people in households,467,330,52,278,137,98,39
S01008233,Born in the UK,437,321,51,270,116,92,24
S01008233,Born outside the UK: Total,30,9,1,8,21,6,15
S01008233,Born outside the UK: Resident less than 2 years,2,2,0,2,0,0,0
S01008233,Born outside the UK: Resident 2 years or more and less than 5 years,8,1,0,1,7,0,7
S01008233,Born outside the UK: Resident 5 years or more and less than 10 years,10,0,0,0,10,3,7
S01008233,Born outside the UK: Resident 10 years or more,10,6,1,5,4,3,1
S01008234,All people in households,387,227,106,121,160,154,6
S01008234,Born in the UK,378,223,104,119,155,149,6
S01008234,Born outside the UK: Total,9,4,2,2,5,5,0
S01008234,Born outside the UK: Resident less than 2 years,0,0,0,0,0,0,0
S01008234,Born outside the UK: Resident 2 years or more and less than 5 years,0,0,0,0,0,0,0
S01008234,Born outside the UK: Resident 5 years or more and less than 10 years,0,0,0,0,0,0,0
S01008234,Born outside the UK: Resident 10 years or more,9,4,2,2,5,5,0
S01008235,All people in households,829,484,198,286,345,305,40
S01008235,Born in the UK,811,473,196,277,338,303,35
S01008235,Born outside the UK: Total,18,11,2,9,7,2,5
S01008235,Born outside the UK: Resident less than 2 years,3,1,0,1,2,0,2
S01008235,Born outside the UK: Resident 2 years or more and less than 5 years,3,1,0,1,2,0,2
S01008235,Born outside the UK: Resident 5 years or more and less than 10 years,3,3,0,3,0,0,0
S01008235,Born outside the UK: Resident 10 years or more,9,6,2,4,3,2,1
S01008236,All people in households,845,579,230,349,266,210,56
S01008236,Born in the UK,817,560,224,336,257,208,49
S01008236,Born outside the UK: Total,28,19,6,13,9,2,7
S01008236,Born outside the UK: Resident less than 2 years,1,0,0,0,1,0,1
S01008236,Born outside the UK: Resident 2 years or more and less than 5 years,4,0,0,0,4,0,4
S01008236,Born outside the UK: Resident 5 years or more and less than 10 years,5,5,0,5,0,0,0
S01008236,Born outside the UK: Resident 10 years or more,18,14,6,8,4,2,2
S01008237,All people in households,864,517,181,336,347,264,83
S01008237,Born in the UK,833,500,176,324,333,258,75
S01008237,Born outside the UK: Total,31,17,5,12,14,6,8
S01008237,Born outside the UK: Resident less than 2 years,1,1,1,0,0,0,0
S01008237,Born outside the UK: Resident 2 years or more and less than 5 years,6,4,0,4,2,1,1
S01008237,Born outside the UK: Resident 5 years or more and less than 10 years,8,0,0,0,8,4,4
S01008237,Born outside the UK: Resident 10 years or more,16,12,4,8,4,1,3
S01008238,All people in households,756,435,184,251,321,292,29
S01008238,Born in the UK,741,428,182,246,313,291,22
S01008238,Born outside the UK: Total,15,7,2,5,8,1,7
S01008238,Born outside the UK: Resident less than 2 years,0,0,0,0,0,0,0
S01008238,Born outside the UK: Resident 2 years or more and less than 5 years,4,0,0,0,4,0,4
S01008238,Born outside the UK: Resident 5 years or more and less than 10 years,3,0,0,0,3,0,3
S01008238,Born outside the UK: Resident 10 years or more,8,7,2,5,1,1,0
S01008239,All people in households,760,529,149,380,231,162,69
S01008239,Born in the UK,748,525,149,376,223,161,62
S01008239,Born outside the UK: Total,12,4,0,4,8,1,7
S01008239,Born outside the UK: Resident less than 2 years,0,0,0,0,0,0,0
S01008239,Born outside the UK: Resident 2 years or more and less than 5 years,3,1,0,1,2,0,2
S01008239,Born outside the UK: Resident 5 years or more and less than 10 years,4,2,0,2,2,0,2
S01008239,Born outside the UK: Resident 10 years or more,5,1,0,1,4,1,3
S01008240,All people in households,885,796,390,406,89,23,66
S01008240,Born in the UK,858,776,382,394,82,23,59
S01008240,Born outside the UK: Total,27,20,8,12,7,0,7
S01008240,Born outside the UK: Resident less than 2 years,0,0,0,0,0,0,0
S01008240,Born outside the UK: Resident 2 years or more and less than 5 years,5,3,0,3,2,0,2
S01008240,Born outside the UK: Resident 5 years or more and less than 10 years,4,3,1,2,1,0,1
S01008240,Born outside the UK: Resident 10 years or more,18,14,7,7,4,0,4
S01008241,All people in households,648,616,322,294,32,11,21
S01008241,Born in the UK,617,592,311,281,25,10,15
S01008241,Born outside the UK: Total,31,24,11,13,7,1,6
S01008241,Born outside the UK: Resident less than 2 years,0,0,0,0,0,0,0
S01008241,Born outside the UK: Resident 2 years or more and less than 5 years,3,1,0,1,2,0,2
S01008241,Born outside the UK: Resident 5 years or more and less than 10 years,4,2,0,2,2,0,2
S01008241,Born outside the UK: Resident 10 years or more,24,21,11,10,3,1,2
S01008242,All people in households,900,561,279,282,339,191,148
S01008242,Born in the UK,870,546,276,270,324,187,137
S01008242,Born outside the UK: Total,30,15,3,12,15,4,11
S01008242,Born outside the UK: Resident less than 2 years,1,1,0,1,0,0,0
S01008242,Born outside the UK: Resident 2 years or more and less than 5 years,2,0,0,0,2,0,2
S01008242,Born outside the UK: Resident 5 years or more and less than 10 years,5,2,0,2,3,0,3
S01008242,Born outside the UK: Resident 10 years or more,22,12,3,9,10,4,6
S01008243,All people in households,936,683,189,494,253,125,128
S01008243,Born in the UK,890,658,183,475,232,119,113
S01008243,Born outside the UK: Total,46,25,6,19,21,6,15
S01008243,Born outside the UK: Resident less than 2 years,6,1,1,0,5,0,5
S01008243,Born outside the UK: Resident 2 years or more and less than 5 years,6,5,0,5,1,0,1
S01008243,Born outside the UK: Resident 5 years or more and less than 10 years,11,3,0,3,8,3,5
S01008243,Born outside the UK: Resident 10 years or more,23,16,5,11,7,3,4
S01008244,All people in households,574,424,192,232,150,69,81
S01008244,Born in the UK,542,400,180,220,142,69,73
S01008244,Born outside the UK: Total,32,24,12,12,8,0,8
S01008244,Born outside the UK: Resident less than 2 years,3,0,0,0,3,0,3
S01008244,Born outside the UK: Resident 2 years or more and less than 5 years,2,1,0,1,1,0,1
S01008244,Born outside the UK: Resident 5 years or more and less than 10 years,6,3,0,3,3,0,3
S01008244,Born outside the UK: Resident 10 years or more,21,20,12,8,1,0,1
S01008245,All people in households,992,804,284,520,188,127,61
S01008245,Born in the UK,951,771,279,492,180,126,54
S01008245,Born outside the UK: Total,41,33,5,28,8,1,7
S01008245,Born outside the UK: Resident less than 2 years,0,0,0,0,0,0,0
S01008245,Born outside the UK: Resident 2 years or more and less than 5 years,5,5,0,5,0,0,0
S01008245,Born outside the UK: Resident 5 years or more and less than 10 years,9,4,0,4,5,1,4
S01008245,Born outside the UK: Resident 10 years or more,27,24,5,19,3,0,3
S01008246,All people in households,933,745,294,451,188,85,103
S01008246,Born in the UK,888,719,290,429,169,81,88
S01008246,Born outside the UK: Total,45,26,4,22,19,4,15
S01008246,Born outside the UK: Resident less than 2 years,6,2,1,1,4,0,4
S01008246,Born outside the UK: Resident 2 years or more and less than 5 years,2,1,0,1,1,1,0
S01008246,Born outside the UK: Resident 5 years or more and less than 10 years,5,5,0,5,0,0,0
S01008246,Born outside the UK: Resident 10 years or more,32,18,3,15,14,3,11
S01008247,All people in households,789,582,251,331,207,105,102
S01008247,Born in the UK,748,549,236,313,199,101,98
S01008247,Born outside the UK: Total,41,33,15,18,8,4,4
S01008247,Born outside the UK: Resident less than 2 years,3,3,0,3,0,0,0
S01008247,Born outside the UK: Resident 2 years or more and less than 5 years,4,1,1,0,3,0,3
S01008247,Born outside the UK: Resident 5 years or more and less than 10 years,1,1,0,1,0,0,0
S01008247,Born outside the UK: Resident 10 years or more,33,28,14,14,5,4,1
S01008248,All people in households,936,544,274,270,392,242,150
S01008248,Born in the UK,891,517,260,257,374,227,147
S01008248,Born outside the UK: Total,45,27,14,13,18,15,3
S01008248,Born outside the UK: Resident less than 2 years,1,0,0,0,1,0,1
S01008248,Born outside the UK: Resident 2 years or more and less than 5 years,3,0,0,0,3,3,0
S01008248,Born outside the UK: Resident 5 years or more and less than 10 years,3,0,0,0,3,1,2
S01008248,Born outside the UK: Resident 10 years or more,38,27,14,13,11,11,0
S01008249,All people in households,883,633,303,330,250,83,167
S01008249,Born in the UK,814,591,284,307,223,81,142
S01008249,Born outside the UK: Total,69,42,19,23,27,2,25
S01008249,Born outside the UK: Resident less than 2 years,0,0,0,0,0,0,0
S01008249,Born outside the UK: Resident 2 years or more and less than 5 years,8,2,0,2,6,0,6
S01008249,Born outside the UK: Resident 5 years or more and less than 10 years,14,7,2,5,7,0,7
S01008249,Born outside the UK: Resident 10 years or more,47,33,17,16,14,2,12
S01008250,All people in households,1024,752,390,362,272,33,239
S01008250,Born in the UK,964,720,373,347,244,33,211
S01008250,Born outside the UK: Total,60,32,17,15,28,0,28
S01008250,Born outside the UK: Resident less than 2 years,7,2,0,2,5,0,5
S01008250,Born outside the UK: Resident 2 years or more and less than 5 years,7,1,0,1,6,0,6
S01008250,Born outside the UK: Resident 5 years or more and less than 10 years,12,7,5,2,5,0,5
S01008250,Born outside the UK: Resident 10 years or more,34,22,12,10,12,0,12
S01008251,All people in households,754,698,215,483,56,18,38
S01008251,Born in the UK,725,677,207,470,48,16,32
S01008251,Born outside the UK: Total,29,21,8,13,8,2,6
S01008251,Born outside the UK: Resident less than 2 years,9,5,0,5,4,1,3
S01008251,Born outside the UK: Resident 2 years or more and less than 5 years,2,0,0,0,2,0,2
S01008251,Born outside the UK: Resident 5 years or more and less than 10 years,0,0,0,0,0,0,0
S01008251,Born outside the UK: Resident 10 years or more,18,16,8,8,2,1,1
S01008252,All people in households,825,711,324,387,114,39,75
S01008252,Born in the UK,795,691,318,373,104,36,68
S01008252,Born outside the UK: Total,30,20,6,14,10,3,7
S01008252,Born outside the UK: Resident less than 2 years,2,1,0,1,1,0,1
S01008252,Born outside the UK: Resident 2 years or more and less than 5 years,1,0,0,0,1,0,1
S01008252,Born outside the UK: Resident 5 years or more and less than 10 years,3,1,0,1,2,0,2
S01008252,Born outside the UK: Resident 10 years or more,24,18,6,12,6,3,3
S01008253,All people in households,755,467,184,283,288,250,38
S01008253,Born in the UK,721,448,175,273,273,241,32
S01008253,Born outside the UK: Total,34,19,9,10,15,9,6
S01008253,Born outside the UK: Resident less than 2 years,4,0,0,0,4,1,3
S01008253,Born outside the UK: Resident 2 years or more and less than 5 years,5,2,0,2,3,2,1
S01008253,Born outside the UK: Resident 5 years or more and less than 10 years,2,1,0,1,1,0,1
S01008253,Born outside the UK: Resident 10 years or more,23,16,9,7,7,6,1
S01008254,All people in households,973,625,237,388,348,260,88
S01008254,Born in the UK,923,592,227,365,331,252,79
S01008254,Born outside the UK: Total,50,33,10,23,17,8,9
S01008254,Born outside the UK: Resident less than 2 years,6,1,0,1,5,0,5
S01008254,Born outside the UK: Resident 2 years or more and less than 5 years,0,0,0,0,0,0,0
S01008254,Born outside the UK: Resident 5 years or more and less than 10 years,17,11,3,8,6,4,2
S01008254,Born outside the UK: Resident 10 years or more,27,21,7,14,6,4,2
S01008255,All people in households,725,524,142,382,201,159,42
S01008255,Born in the UK,695,506,141,365,189,152,37
S01008255,Born outside the UK: Total,30,18,1,17,12,7,5
S01008255,Born outside the UK: Resident less than 2 years,1,0,0,0,1,1,0
S01008255,Born outside the UK: Resident 2 years or more and less than 5 years,4,0,0,0,4,0,4
S01008255,Born outside the UK: Resident 5 years or more and less than 10 years,7,4,0,4,3,3,0
S01008255,Born outside the UK: Resident 10 years or more,18,14,1,13,4,3,1
S01008256,All people in households,838,378,132,246,460,362,98
S01008256,Born in the UK,778,360,123,237,418,348,70
S01008256,Born outside the UK: Total,60,18,9,9,42,14,28
S01008256,Born outside the UK: Resident less than 2 years,7,0,0,0,7,0,7
S01008256,Born outside the UK: Resident 2 years or more and less than 5 years,13,1,0,1,12,3,9
S01008256,Born outside the UK: Resident 5 years or more and less than 10 years,11,2,0,2,9,1,8
S01008256,Born outside the UK: Resident 10 years or more,29,15,9,6,14,10,4
S01008257,All people in households,642,383,186,197,259,181,78
S01008257,Born in the UK,607,361,172,189,246,170,76
S01008257,Born outside the UK: Total,35,22,14,8,13,11,2
S01008257,Born outside the UK: Resident less than 2 years,7,4,3,1,3,1,2
S01008257,Born outside the UK: Resident 2 years or more and less than 5 years,7,1,0,1,6,6,0
S01008257,Born outside the UK: Resident 5 years or more and less than 10 years,2,2,1,1,0,0,0
S01008257,Born outside the UK: Resident 10 years or more,19,15,10,5,4,4,0
S01008258,All people in households,809,676,243,433,133,18,115
S01008258,Born in the UK,764,654,236,418,110,17,93
S01008258,Born outside the UK: Total,45,22,7,15,23,1,22
S01008258,Born outside the UK: Resident less than 2 years,3,3,0,3,0,0,0
S01008258,Born outside the UK: Resident 2 years or more and less than 5 years,10,2,0,2,8,0,8
S01008258,Born outside the UK: Resident 5 years or more and less than 10 years,8,1,0,1,7,0,7
S01008258,Born outside the UK: Resident 10 years or more,24,16,7,9,8,1,7
S01008259,All people in households,777,501,182,319,276,117,159
S01008259,Born in the UK,697,461,167,294,236,115,121
S01008259,Born outside the UK: Total,80,40,15,25,40,2,38
S01008259,Born outside the UK: Resident less than 2 years,14,3,2,1,11,0,11
S01008259,Born outside the UK: Resident 2 years or more and less than 5 years,21,1,0,1,20,0,20
S01008259,Born outside the UK: Resident 5 years or more and less than 10 years,6,6,1,5,0,0,0
S01008259,Born outside the UK: Resident 10 years or more,39,30,12,18,9,2,7
S01008260,All people in households,780,385,143,242,395,316,79
S01008260,Born in the UK,733,359,139,220,374,309,65
S01008260,Born outside the UK: Total,47,26,4,22,21,7,14
S01008260,Born outside the UK: Resident less than 2 years,2,0,0,0,2,0,2
S01008260,Born outside the UK: Resident 2 years or more and less than 5 years,10,6,0,6,4,1,3
S01008260,Born outside the UK: Resident 5 years or more and less than 10 years,13,4,0,4,9,2,7
S01008260,Born outside the UK: Resident 10 years or more,22,16,4,12,6,4,2
S01008261,All people in households,901,479,132,347,422,371,51
S01008261,Born in the UK,871,467,129,338,404,355,49
S01008261,Born outside the UK: Total,30,12,3,9,18,16,2
S01008261,Born outside the UK: Resident less than 2 years,2,1,0,1,1,1,0
S01008261,Born outside the UK: Resident 2 years or more and less than 5 years,4,0,0,0,4,3,1
S01008261,Born outside the UK: Resident 5 years or more and less than 10 years,3,2,0,2,1,0,1
S01008261,Born outside the UK: Resident 10 years or more,21,9,3,6,12,12,0
S01008262,All people in households,612,379,169,210,233,103,130
S01008262,Born in the UK,587,365,161,204,222,101,121
S01008262,Born outside the UK: Total,25,14,8,6,11,2,9
S01008262,Born outside the UK: Resident less than 2 years,1,0,0,0,1,0,1
S01008262,Born outside the UK: Resident 2 years or more and less than 5 years,2,0,0,0,2,1,1
S01008262,Born outside the UK: Resident 5 years or more and less than 10 years,5,1,0,1,4,0,4
S01008262,Born outside the UK: Resident 10 years or more,17,13,8,5,4,1,3
S01008263,All people in households,560,401,161,240,159,57,102
S01008263,Born in the UK,516,384,156,228,132,52,80
S01008263,Born outside the UK: Total,44,17,5,12,27,5,22
S01008263,Born outside the UK: Resident less than 2 years,0,0,0,0,0,0,0
S01008263,Born outside the UK: Resident 2 years or more and less than 5 years,7,1,1,0,6,0,6
S01008263,Born outside the UK: Resident 5 years or more and less than 10 years,8,3,1,2,5,0,5
S01008263,Born outside the UK: Resident 10 years or more,29,13,3,10,16,5,11
S01008264,All people in households,751,452,148,304,299,266,33
S01008264,Born in the UK,723,438,142,296,285,257,28
S01008264,Born outside the UK: Total,28,14,6,8,14,9,5
S01008264,Born outside the UK: Resident less than 2 years,1,0,0,0,1,1,0
S01008264,Born outside the UK: Resident 2 years or more and less than 5 years,3,1,1,0,2,1,1
S01008264,Born outside the UK: Resident 5 years or more and less than 10 years,5,2,0,2,3,1,2
S01008264,Born outside the UK: Resident 10 years or more,19,11,5,6,8,6,2
S01008265,All people in households,706,625,316,309,81,12,69
S01008265,Born in the UK,668,601,305,296,67,11,56
S01008265,Born outside the UK: Total,38,24,11,13,14,1,13
S01008265,Born outside the UK: Resident less than 2 years,1,0,0,0,1,0,1
S01008265,Born outside the UK: Resident 2 years or more and less than 5 years,8,2,1,1,6,0,6
S01008265,Born outside the UK: Resident 5 years or more and less than 10 years,8,2,2,0,6,0,6
S01008265,Born outside the UK: Resident 10 years or more,21,20,8,12,1,1,0
S01008266,All people in households,678,587,339,248,91,42,49
S01008266,Born in the UK,638,553,323,230,85,40,45
S01008266,Born outside the UK: Total,40,34,16,18,6,2,4
S01008266,Born outside the UK: Resident less than 2 years,3,0,0,0,3,0,3
S01008266,Born outside the UK: Resident 2 years or more and less than 5 years,2,2,0,2,0,0,0
S01008266,Born outside the UK: Resident 5 years or more and less than 10 years,4,2,0,2,2,2,0
S01008266,Born outside the UK: Resident 10 years or more,31,30,16,14,1,0,1
S01008267,All people in households,808,542,216,326,266,136,130
S01008267,Born in the UK,760,518,207,311,242,129,113
S01008267,Born outside the UK: Total,48,24,9,15,24,7,17
S01008267,Born outside the UK: Resident less than 2 years,8,1,0,1,7,1,6
S01008267,Born outside the UK: Resident 2 years or more and less than 5 years,7,4,1,3,3,0,3
S01008267,Born outside the UK: Resident 5 years or more and less than 10 years,8,1,0,1,7,1,6
S01008267,Born outside the UK: Resident 10 years or more,25,18,8,10,7,5,2
S01008268,All people in households,827,736,378,358,91,16,75
S01008268,Born in the UK,768,694,353,341,74,16,58
S01008268,Born outside the UK: Total,59,42,25,17,17,0,17
S01008268,Born outside the UK: Resident less than 2 years,5,0,0,0,5,0,5
S01008268,Born outside the UK: Resident 2 years or more and less than 5 years,4,4,2,2,0,0,0
S01008268,Born outside the UK: Resident 5 years or more and less than 10 years,8,7,2,5,1,0,1
S01008268,Born outside the UK: Resident 10 years or more,42,31,21,10,11,0,11
S01008269,All people in households,808,705,372,333,103,64,39
S01008269,Born in the UK,771,678,357,321,93,57,36
S01008269,Born outside the UK: Total,37,27,15,12,10,7,3
S01008269,Born outside the UK: Resident less than 2 years,4,4,0,4,0,0,0
S01008269,Born outside the UK: Resident 2 years or more and less than 5 years,5,0,0,0,5,5,0
S01008269,Born outside the UK: Resident 5 years or more and less than 10 years,4,4,4,0,0,0,0
S01008269,Born outside the UK: Resident 10 years or more,24,19,11,8,5,2,3
S01008270,All people in households,785,664,366,298,121,22,99
S01008270,Born in the UK,732,628,349,279,104,16,88
S01008270,Born outside the UK: Total,53,36,17,19,17,6,11
S01008270,Born outside the UK: Resident less than 2 years,3,3,1,2,0,0,0
S01008270,Born outside the UK: Resident 2 years or more and less than 5 years,6,5,2,3,1,1,0
S01008270,Born outside the UK: Resident 5 years or more and less than 10 years,10,4,0,4,6,1,5
S01008270,Born outside the UK: Resident 10 years or more,34,24,14,10,10,4,6
S01008271,All people in households,664,370,168,202,294,90,204
S01008271,Born in the UK,583,342,156,186,241,86,155
S01008271,Born outside the UK: Total,81,28,12,16,53,4,49
S01008271,Born outside the UK: Resident less than 2 years,23,2,1,1,21,1,20
S01008271,Born outside the UK: Resident 2 years or more and less than 5 years,9,1,1,0,8,0,8
S01008271,Born outside the UK: Resident 5 years or more and less than 10 years,14,2,0,2,12,1,11
S01008271,Born outside the UK: Resident 10 years or more,35,23,10,13,12,2,10
S01008272,All people in households,1002,764,334,430,238,84,154
S01008272,Born in the UK,933,726,316,410,207,82,125
S01008272,Born outside the UK: Total,69,38,18,20,31,2,29
S01008272,Born outside the UK: Resident less than 2 years,6,3,0,3,3,0,3
S01008272,Born outside the UK: Resident 2 years or more and less than 5 years,8,0,0,0,8,0,8
S01008272,Born outside the UK: Resident 5 years or more and less than 10 years,21,5,0,5,16,1,15
S01008272,Born outside the UK: Resident 10 years or more,34,30,18,12,4,1,3
S01008273,All people in households,841,718,325,393,123,52,71
S01008273,Born in the UK,794,690,314,376,104,51,53
S01008273,Born outside the UK: Total,47,28,11,17,19,1,18
S01008273,Born outside the UK: Resident less than 2 years,3,0,0,0,3,0,3
S01008273,Born outside the UK: Resident 2 years or more and less than 5 years,10,0,0,0,10,0,10
S01008273,Born outside the UK: Resident 5 years or more and less than 10 years,10,9,1,8,1,0,1
S01008273,Born outside the UK: Resident 10 years or more,24,19,10,9,5,1,4
S01008274,All people in households,729,452,217,235,277,228,49
S01008274,Born in the UK,696,431,205,226,265,227,38
S01008274,Born outside the UK: Total,33,21,12,9,12,1,11
S01008274,Born outside the UK: Resident less than 2 years,6,1,1,0,5,0,5
S01008274,Born outside the UK: Resident 2 years or more and less than 5 years,7,2,2,0,5,0,5
S01008274,Born outside the UK: Resident 5 years or more and less than 10 years,0,0,0,0,0,0,0
S01008274,Born outside the UK: Resident 10 years or more,20,18,9,9,2,1,1
S01008275,All people in households,558,405,191,214,153,102,51
S01008275,Born in the UK,522,390,185,205,132,98,34
S01008275,Born outside the UK: Total,36,15,6,9,21,4,17
S01008275,Born outside the UK: Resident less than 2 years,5,1,1,0,4,0,4
S01008275,Born outside the UK: Resident 2 years or more and less than 5 years,11,1,0,1,10,0,10
S01008275,Born outside the UK: Resident 5 years or more and less than 10 years,5,2,0,2,3,1,2
S01008275,Born outside the UK: Resident 10 years or more,15,11,5,6,4,3,1
S01008276,All people in households,557,487,170,317,70,31,39
S01008276,Born in the UK,530,468,167,301,62,30,32
S01008276,Born outside the UK: Total,27,19,3,16,8,1,7
S01008276,Born outside the UK: Resident less than 2 years,1,0,0,0,1,0,1
S01008276,Born outside the UK: Resident 2 years or more and less than 5 years,6,5,0,5,1,0,1
S01008276,Born outside the UK: Resident 5 years or more and less than 10 years,3,0,0,0,3,0,3
S01008276,Born outside the UK: Resident 10 years or more,17,14,3,11,3,1,2
S01008277,All people in households,502,338,163,175,164,19,145
S01008277,Born in the UK,475,326,154,172,149,18,131
S01008277,Born outside the UK: Total,27,12,9,3,15,1,14
S01008277,Born outside the UK: Resident less than 2 years,1,0,0,0,1,0,1
S01008277,Born outside the UK: Resident 2 years or more and less than 5 years,2,0,0,0,2,0,2
S01008277,Born outside the UK: Resident 5 years or more and less than 10 years,6,1,0,1,5,0,5
S01008277,Born outside the UK: Resident 10 years or more,18,11,9,2,7,1,6
S01008278,All people in households,774,624,293,331,150,17,133
S01008278,Born in the UK,728,594,278,316,134,17,117
S01008278,Born outside the UK: Total,46,30,15,15,16,0,16
S01008278,Born outside the UK: Resident less than 2 years,2,1,0,1,1,0,1
S01008278,Born outside the UK: Resident 2 years or more and less than 5 years,3,1,0,1,2,0,2
S01008278,Born outside the UK: Resident 5 years or more and less than 10 years,7,2,0,2,5,0,5
S01008278,Born outside the UK: Resident 10 years or more,34,26,15,11,8,0,8
S01008279,All people in households,733,517,210,307,216,177,39
S01008279,Born in the UK,709,500,205,295,209,174,35
S01008279,Born outside the UK: Total,24,17,5,12,7,3,4
S01008279,Born outside the UK: Resident less than 2 years,0,0,0,0,0,0,0
S01008279,Born outside the UK: Resident 2 years or more and less than 5 years,8,6,0,6,2,0,2
S01008279,Born outside the UK: Resident 5 years or more and less than 10 years,2,0,0,0,2,0,2
S01008279,Born outside the UK: Resident 10 years or more,14,11,5,6,3,3,0
S01008280,All people in households,939,622,261,361,317,153,164
S01008280,Born in the UK,887,592,251,341,295,147,148
S01008280,Born outside the UK: Total,52,30,10,20,22,6,16
S01008280,Born outside the UK: Resident less than 2 years,1,0,0,0,1,0,1
S01008280,Born outside the UK: Resident 2 years or more and less than 5 years,11,0,0,0,11,3,8
S01008280,Born outside the UK: Resident 5 years or more and less than 10 years,7,3,0,3,4,1,3
S01008280,Born outside the UK: Resident 10 years or more,33,27,10,17,6,2,4
S01008281,All people in households,726,433,184,249,293,79,214
S01008281,Born in the UK,682,411,175,236,271,78,193
S01008281,Born outside the UK: Total,44,22,9,13,22,1,21
S01008281,Born outside the UK: Resident less than 2 years,7,0,0,0,7,0,7
S01008281,Born outside the UK: Resident 2 years or more and less than 5 years,4,0,0,0,4,0,4
S01008281,Born outside the UK: Resident 5 years or more and less than 10 years,6,2,0,2,4,0,4
S01008281,Born outside the UK: Resident 10 years or more,27,20,9,11,7,1,6
S01008282,All people in households,686,524,240,284,162,65,97
S01008282,Born in the UK,645,497,228,269,148,62,86
S01008282,Born outside the UK: Total,41,27,12,15,14,3,11
S01008282,Born outside the UK: Resident less than 2 years,8,1,0,1,7,0,7
S01008282,Born outside the UK: Resident 2 years or more and less than 5 years,4,1,1,0,3,0,3
S01008282,Born outside the UK: Resident 5 years or more and less than 10 years,4,4,2,2,0,0,0
S01008282,Born outside the UK: Resident 10 years or more,25,21,9,12,4,3,1
S01008283,All people in households,504,408,127,281,96,37,59
S01008283,Born in the UK,475,382,117,265,93,36,57
S01008283,Born outside the UK: Total,29,26,10,16,3,1,2
S01008283,Born outside the UK: Resident less than 2 years,6,6,1,5,0,0,0
S01008283,Born outside the UK: Resident 2 years or more and less than 5 years,0,0,0,0,0,0,0
S01008283,Born outside the UK: Resident 5 years or more and less than 10 years,2,2,2,0,0,0,0
S01008283,Born outside the UK: Resident 10 years or more,21,18,7,11,3,1,2
S01008284,All people in households,892,667,167,500,225,142,83
S01008284,Born in the UK,861,642,162,480,219,142,77
S01008284,Born outside the UK: Total,31,25,5,20,6,0,6
S01008284,Born outside the UK: Resident less than 2 years,3,3,0,3,0,0,0
S01008284,Born outside the UK: Resident 2 years or more and less than 5 years,0,0,0,0,0,0,0
S01008284,Born outside the UK: Resident 5 years or more and less than 10 years,9,6,0,6,3,0,3
S01008284,Born outside the UK: Resident 10 years or more,19,16,5,11,3,0,3
S01008285,All people in households,754,340,142,198,414,340,74
S01008285,Born in the UK,714,329,136,193,385,333,52
S01008285,Born outside the UK: Total,40,11,6,5,29,7,22
S01008285,Born outside the UK: Resident less than 2 years,8,3,1,2,5,1,4
S01008285,Born outside the UK: Resident 2 years or more and less than 5 years,13,2,2,0,11,0,11
S01008285,Born outside the UK: Resident 5 years or more and less than 10 years,9,0,0,0,9,2,7
S01008285,Born outside the UK: Resident 10 years or more,10,6,3,3,4,4,0
S01008286,All people in households,724,418,122,296,306,258,48
S01008286,Born in the UK,699,409,121,288,290,249,41
S01008286,Born outside the UK: Total,25,9,1,8,16,9,7
S01008286,Born outside the UK: Resident less than 2 years,2,0,0,0,2,1,1
S01008286,Born outside the UK: Resident 2 years or more and less than 5 years,5,1,0,1,4,0,4
S01008286,Born outside the UK: Resident 5 years or more and less than 10 years,2,0,0,0,2,1,1
S01008286,Born outside the UK: Resident 10 years or more,16,8,1,7,8,7,1
S01008287,All people in households,737,464,155,309,273,219,54
S01008287,Born in the UK,706,442,151,291,264,216,48
S01008287,Born outside the UK: Total,31,22,4,18,9,3,6
S01008287,Born outside the UK: Resident less than 2 years,9,4,0,4,5,1,4
S01008287,Born outside the UK: Resident 2 years or more and less than 5 years,0,0,0,0,0,0,0
S01008287,Born outside the UK: Resident 5 years or more and less than 10 years,3,1,0,1,2,1,1
S01008287,Born outside the UK: Resident 10 years or more,19,17,4,13,2,1,1
S01008288,All people in households,899,631,279,352,268,173,95
S01008288,Born in the UK,831,590,267,323,241,164,77
S01008288,Born outside the UK: Total,68,41,12,29,27,9,18
S01008288,Born outside the UK: Resident less than 2 years,11,3,1,2,8,2,6
S01008288,Born outside the UK: Resident 2 years or more and less than 5 years,7,0,0,0,7,0,7
S01008288,Born outside the UK: Resident 5 years or more and less than 10 years,13,9,1,8,4,2,2
S01008288,Born outside the UK: Resident 10 years or more,37,29,10,19,8,5,3
S01008289,All people in households,617,330,143,187,287,180,107
S01008289,Born in the UK,585,318,140,178,267,178,89
S01008289,Born outside the UK: Total,32,12,3,9,20,2,18
S01008289,Born outside the UK: Resident less than 2 years,10,1,0,1,9,0,9
S01008289,Born outside the UK: Resident 2 years or more and less than 5 years,6,1,0,1,5,0,5
S01008289,Born outside the UK: Resident 5 years or more and less than 10 years,3,1,0,1,2,0,2
S01008289,Born outside the UK: Resident 10 years or more,13,9,3,6,4,2,2
S01008290,All people in households,864,592,205,387,272,140,132
S01008290,Born in the UK,793,555,187,368,238,135,103
S01008290,Born outside the UK: Total,71,37,18,19,34,5,29
S01008290,Born outside the UK: Resident less than 2 years,17,5,5,0,12,0,12
S01008290,Born outside the UK: Resident 2 years or more and less than 5 years,12,4,0,4,8,2,6
S01008290,Born outside the UK: Resident 5 years or more and less than 10 years,9,2,1,1,7,1,6
S01008290,Born outside the UK: Resident 10 years or more,33,26,12,14,7,2,5
S01008291,All people in households,717,615,352,263,102,27,75
S01008291,Born in the UK,696,602,345,257,94,24,70
S01008291,Born outside the UK: Total,21,13,7,6,8,3,5
S01008291,Born outside the UK: Resident less than 2 years,0,0,0,0,0,0,0
S01008291,Born outside the UK: Resident 2 years or more and less than 5 years,2,0,0,0,2,0,2
S01008291,Born outside the UK: Resident 5 years or more and less than 10 years,4,2,0,2,2,1,1
S01008291,Born outside the UK: Resident 10 years or more,15,11,7,4,4,2,2
S01008292,All people in households,831,471,116,355,360,321,39
S01008292,Born in the UK,802,452,112,340,350,315,35
S01008292,Born outside the UK: Total,29,19,4,15,10,6,4
S01008292,Born outside the UK: Resident less than 2 years,3,1,0,1,2,1,1
S01008292,Born outside the UK: Resident 2 years or more and less than 5 years,5,3,0,3,2,0,2
S01008292,Born outside the UK: Resident 5 years or more and less than 10 years,3,2,0,2,1,0,1
S01008292,Born outside the UK: Resident 10 years or more,18,13,4,9,5,5,0
S01008293,All people in households,606,565,115,450,41,8,33
S01008293,Born in the UK,590,552,112,440,38,7,31
S01008293,Born outside the UK: Total,16,13,3,10,3,1,2
S01008293,Born outside the UK: Resident less than 2 years,1,1,0,1,0,0,0
S01008293,Born outside the UK: Resident 2 years or more and less than 5 years,0,0,0,0,0,0,0
S01008293,Born outside the UK: Resident 5 years or more and less than 10 years,2,0,0,0,2,1,1
S01008293,Born outside the UK: Resident 10 years or more,13,12,3,9,1,0,1
S01008294,All people in households,937,785,168,617,152,90,62
S01008294,Born in the UK,888,753,163,590,135,84,51
S01008294,Born outside the UK: Total,49,32,5,27,17,6,11
S01008294,Born outside the UK: Resident less than 2 years,3,0,0,0,3,1,2
S01008294,Born outside the UK: Resident 2 years or more and less than 5 years,8,3,0,3,5,2,3
S01008294,Born outside the UK: Resident 5 years or more and less than 10 years,11,8,1,7,3,1,2
S01008294,Born outside the UK: Resident 10 years or more,27,21,4,17,6,2,4
S01008295,All people in households,957,882,265,617,75,30,45
S01008295,Born in the UK,934,864,259,605,70,29,41
S01008295,Born outside the UK: Total,23,18,6,12,5,1,4
S01008295,Born outside the UK: Resident less than 2 years,1,0,0,0,1,0,1
S01008295,Born outside the UK: Resident 2 years or more and less than 5 years,0,0,0,0,0,0,0
S01008295,Born outside the UK: Resident 5 years or more and less than 10 years,2,0,0,0,2,1,1
S01008295,Born outside the UK: Resident 10 years or more,20,18,6,12,2,0,2
S01008296,All people in households,687,463,157,306,224,192,32
S01008296,Born in the UK,675,452,151,301,223,191,32
S01008296,Born outside the UK: Total,12,11,6,5,1,1,0
S01008296,Born outside the UK: Resident less than 2 years,0,0,0,0,0,0,0
S01008296,Born outside the UK: Resident 2 years or more and less than 5 years,0,0,0,0,0,0,0
S01008296,Born outside the UK: Resident 5 years or more and less than 10 years,2,2,0,2,0,0,0
S01008296,Born outside the UK: Resident 10 years or more,10,9,6,3,1,1,0
S01008297,All people in households,789,679,176,503,110,86,24
S01008297,Born in the UK,772,665,171,494,107,84,23
S01008297,Born outside the UK: Total,17,14,5,9,3,2,1
S01008297,Born outside the UK: Resident less than 2 years,0,0,0,0,0,0,0
S01008297,Born outside the UK: Resident 2 years or more and less than 5 years,1,0,0,0,1,0,1
S01008297,Born outside the UK: Resident 5 years or more and less than 10 years,2,2,0,2,0,0,0
S01008297,Born outside the UK: Resident 10 years or more,14,12,5,7,2,2,0
S01008298,All people in households,745,669,218,451,76,21,55
S01008298,Born in the UK,729,653,215,438,76,21,55
S01008298,Born outside the UK: Total,16,16,3,13,0,0,0
S01008298,Born outside the UK: Resident less than 2 years,1,1,0,1,0,0,0
S01008298,Born outside the UK: Resident 2 years or more and less than 5 years,0,0,0,0,0,0,0
S01008298,Born outside the UK: Resident 5 years or more and less than 10 years,5,5,0,5,0,0,0
S01008298,Born outside the UK: Resident 10 years or more,10,10,3,7,0,0,0
S01008299,All people in households,813,365,152,213,448,383,65
S01008299,Born in the UK,796,355,147,208,441,377,64
S01008299,Born outside the UK: Total,17,10,5,5,7,6,1
S01008299,Born outside the UK: Resident less than 2 years,1,1,1,0,0,0,0
S01008299,Born outside the UK: Resident 2 years or more and less than 5 years,1,0,0,0,1,0,1
S01008299,Born outside the UK: Resident 5 years or more and less than 10 years,1,1,0,1,0,0,0
S01008299,Born outside the UK: Resident 10 years or more,14,8,4,4,6,6,0
S01008300,All people in households,846,536,213,323,310,249,61
S01008300,Born in the UK,831,526,207,319,305,247,58
S01008300,Born outside the UK: Total,15,10,6,4,5,2,3
S01008300,Born outside the UK: Resident less than 2 years,0,0,0,0,0,0,0
S01008300,Born outside the UK: Resident 2 years or more and less than 5 years,1,0,0,0,1,1,0
S01008300,Born outside the UK: Resident 5 years or more and less than 10 years,5,1,0,1,4,1,3
S01008300,Born outside the UK: Resident 10 years or more,9,9,6,3,0,0,0
S01008301,All people in households,832,800,249,551,32,9,23
S01008301,Born in the UK,812,780,244,536,32,9,23
S01008301,Born outside the UK: Total,20,20,5,15,0,0,0
S01008301,Born outside the UK: Resident less than 2 years,3,3,0,3,0,0,0
S01008301,Born outside the UK: Resident 2 years or more and less than 5 years,3,3,0,3,0,0,0
S01008301,Born outside the UK: Resident 5 years or more and less than 10 years,3,3,0,3,0,0,0
S01008301,Born outside the UK: Resident 10 years or more,11,11,5,6,0,0,0
S01008302,All people in households,745,675,310,365,70,25,45
S01008302,Born in the UK,726,658,301,357,68,25,43
S01008302,Born outside the UK: Total,19,17,9,8,2,0,2
S01008302,Born outside the UK: Resident less than 2 years,1,1,1,0,0,0,0
S01008302,Born outside the UK: Resident 2 years or more and less than 5 years,0,0,0,0,0,0,0
S01008302,Born outside the UK: Resident 5 years or more and less than 10 years,2,2,0,2,0,0,0
S01008302,Born outside the UK: Resident 10 years or more,16,14,8,6,2,0,2
S01008303,All people in households,558,419,126,293,139,75,64
S01008303,Born in the UK,541,409,124,285,132,72,60
S01008303,Born outside the UK: Total,17,10,2,8,7,3,4
S01008303,Born outside the UK: Resident less than 2 years,1,1,0,1,0,0,0
S01008303,Born outside the UK: Resident 2 years or more and less than 5 years,1,0,0,0,1,1,0
S01008303,Born outside the UK: Resident 5 years or more and less than 10 years,1,0,0,0,1,1,0
S01008303,Born outside the UK: Resident 10 years or more,14,9,2,7,5,1,4
S01008304,All people in households,476,391,174,217,85,48,37
S01008304,Born in the UK,455,375,167,208,80,48,32
S01008304,Born outside the UK: Total,21,16,7,9,5,0,5
S01008304,Born outside the UK: Resident less than 2 years,4,3,2,1,1,0,1
S01008304,Born outside the UK: Resident 2 years or more and less than 5 years,1,1,0,1,0,0,0
S01008304,Born outside the UK: Resident 5 years or more and less than 10 years,4,0,0,0,4,0,4
S01008304,Born outside the UK: Resident 10 years or more,12,12,5,7,0,0,0
S01008305,All people in households,791,757,329,428,34,8,26
S01008305,Born in the UK,773,739,323,416,34,8,26
S01008305,Born outside the UK: Total,18,18,6,12,0,0,0
S01008305,Born outside the UK: Resident less than 2 years,0,0,0,0,0,0,0
S01008305,Born outside the UK: Resident 2 years or more and less than 5 years,0,0,0,0,0,0,0
S01008305,Born outside the UK: Resident 5 years or more and less than 10 years,0,0,0,0,0,0,0
S01008305,Born outside the UK: Resident 10 years or more,18,18,6,12,0,0,0
S01008306,All people in households,611,580,197,383,31,10,21
S01008306,Born in the UK,600,571,191,380,29,10,19
S01008306,Born outside the UK: Total,11,9,6,3,2,0,2
S01008306,Born outside the UK: Resident less than 2 years,0,0,0,0,0,0,0
S01008306,Born outside the UK: Resident 2 years or more and less than 5 years,0,0,0,0,0,0,0
S01008306,Born outside the UK: Resident 5 years or more and less than 10 years,2,2,2,0,0,0,0
S01008306,Born outside the UK: Resident 10 years or more,9,7,4,3,2,0,2
S01008307,All people in households,589,533,128,405,56,32,24
S01008307,Born in the UK,575,526,124,402,49,25,24
S01008307,Born outside the UK: Total,14,7,4,3,7,7,0
S01008307,Born outside the UK: Resident less than 2 years,1,1,1,0,0,0,0
S01008307,Born outside the UK: Resident 2 years or more and less than 5 years,0,0,0,0,0,0,0
S01008307,Born outside the UK: Resident 5 years or more and less than 10 years,3,0,0,0,3,3,0
S01008307,Born outside the UK: Resident 10 years or more,10,6,3,3,4,4,0
S01008308,All people in households,566,532,253,279,34,10,24
S01008308,Born in the UK,538,521,248,273,17,3,14
S01008308,Born outside the UK: Total,28,11,5,6,17,7,10
S01008308,Born outside the UK: Resident less than 2 years,3,0,0,0,3,3,0
S01008308,Born outside the UK: Resident 2 years or more and less than 5 years,13,3,0,3,10,2,8
S01008308,Born outside the UK: Resident 5 years or more and less than 10 years,7,3,0,3,4,2,2
S01008308,Born outside the UK: Resident 10 years or more,5,5,5,0,0,0,0
S01008309,All people in households,706,335,121,214,371,284,87
S01008309,Born in the UK,686,324,117,207,362,282,80
S01008309,Born outside the UK: Total,20,11,4,7,9,2,7
S01008309,Born outside the UK: Resident less than 2 years,2,0,0,0,2,0,2
S01008309,Born outside the UK: Resident 2 years or more and less than 5 years,3,1,0,1,2,0,2
S01008309,Born outside the UK: Resident 5 years or more and less than 10 years,5,2,0,2,3,1,2
S01008309,Born outside the UK: Resident 10 years or more,10,8,4,4,2,1,1
S01008310,All people in households,949,684,223,461,265,191,74
S01008310,Born in the UK,930,668,216,452,262,189,73
S01008310,Born outside the UK: Total,19,16,7,9,3,2,1
S01008310,Born outside the UK: Resident less than 2 years,0,0,0,0,0,0,0
S01008310,Born outside the UK: Resident 2 years or more and less than 5 years,1,1,0,1,0,0,0
S01008310,Born outside the UK: Resident 5 years or more and less than 10 years,3,3,0,3,0,0,0
S01008310,Born outside the UK: Resident 10 years or more,15,12,7,5,3,2,1
S01008311,All people in households,384,273,54,219,111,97,14
S01008311,Born in the UK,374,263,50,213,111,97,14
S01008311,Born outside the UK: Total,10,10,4,6,0,0,0
S01008311,Born outside the UK: Resident less than 2 years,0,0,0,0,0,0,0
S01008311,Born outside the UK: Resident 2 years or more and less than 5 years,2,2,0,2,0,0,0
S01008311,Born outside the UK: Resident 5 years or more and less than 10 years,2,2,0,2,0,0,0
S01008311,Born outside the UK: Resident 10 years or more,6,6,4,2,0,0,0
S01008312,All people in households,413,297,55,242,116,90,26
S01008312,Born in the UK,404,292,52,240,112,86,26
S01008312,Born outside the UK: Total,9,5,3,2,4,4,0
S01008312,Born outside the UK: Resident less than 2 years,0,0,0,0,0,0,0
S01008312,Born outside the UK: Resident 2 years or more and less than 5 years,1,0,0,0,1,1,0
S01008312,Born outside the UK: Resident 5 years or more and less than 10 years,3,2,0,2,1,1,0
S01008312,Born outside the UK: Resident 10 years or more,5,3,3,0,2,2,0
S01008313,All people in households,834,461,168,293,373,318,55
S01008313,Born in the UK,810,448,162,286,362,311,51
S01008313,Born outside the UK: Total,24,13,6,7,11,7,4
S01008313,Born outside the UK: Resident less than 2 years,2,1,0,1,1,0,1
S01008313,Born outside the UK: Resident 2 years or more and less than 5 years,4,2,0,2,2,1,1
S01008313,Born outside the UK: Resident 5 years or more and less than 10 years,6,1,0,1,5,3,2
S01008313,Born outside the UK: Resident 10 years or more,12,9,6,3,3,3,0
S01008314,All people in households,566,158,37,121,408,364,44
S01008314,Born in the UK,541,153,33,120,388,346,42
S01008314,Born outside the UK: Total,25,5,4,1,20,18,2
S01008314,Born outside the UK: Resident less than 2 years,0,0,0,0,0,0,0
S01008314,Born outside the UK: Resident 2 years or more and less than 5 years,12,0,0,0,12,12,0
S01008314,Born outside the UK: Resident 5 years or more and less than 10 years,5,1,0,1,4,3,1
S01008314,Born outside the UK: Resident 10 years or more,8,4,4,0,4,3,1
S01008315,All people in households,748,248,75,173,500,398,102
S01008315,Born in the UK,729,239,70,169,490,389,101
S01008315,Born outside the UK: Total,19,9,5,4,10,9,1
S01008315,Born outside the UK: Resident less than 2 years,0,0,0,0,0,0,0
S01008315,Born outside the UK: Resident 2 years or more and less than 5 years,5,1,0,1,4,4,0
S01008315,Born outside the UK: Resident 5 years or more and less than 10 years,1,0,0,0,1,0,1
S01008315,Born outside the UK: Resident 10 years or more,13,8,5,3,5,5,0
S01008316,All people in households,598,160,20,140,438,398,40
S01008316,Born in the UK,563,149,20,129,414,376,38
S01008316,Born outside the UK: Total,35,11,0,11,24,22,2
S01008316,Born outside the UK: Resident less than 2 years,5,1,0,1,4,4,0
S01008316,Born outside the UK: Resident 2 years or more and less than 5 years,10,4,0,4,6,6,0
S01008316,Born outside the UK: Resident 5 years or more and less than 10 years,11,4,0,4,7,5,2
S01008316,Born outside the UK: Resident 10 years or more,9,2,0,2,7,7,0
S01008317,All people in households,738,457,89,368,281,220,61
S01008317,Born in the UK,706,440,87,353,266,210,56
S01008317,Born outside the UK: Total,32,17,2,15,15,10,5
S01008317,Born outside the UK: Resident less than 2 years,4,1,0,1,3,1,2
S01008317,Born outside the UK: Resident 2 years or more and less than 5 years,7,1,0,1,6,4,2
S01008317,Born outside the UK: Resident 5 years or more and less than 10 years,4,3,0,3,1,0,1
S01008317,Born outside the UK: Resident 10 years or more,17,12,2,10,5,5,0
S01008318,All people in households,923,827,257,570,96,41,55
S01008318,Born in the UK,894,802,247,555,92,38,54
S01008318,Born outside the UK: Total,29,25,10,15,4,3,1
S01008318,Born outside the UK: Resident less than 2 years,1,1,0,1,0,0,0
S01008318,Born outside the UK: Resident 2 years or more and less than 5 years,4,1,1,0,3,3,0
S01008318,Born outside the UK: Resident 5 years or more and less than 10 years,7,7,0,7,0,0,0
S01008318,Born outside the UK: Resident 10 years or more,17,16,9,7,1,0,1
S01008319,All people in households,739,519,201,318,220,168,52
S01008319,Born in the UK,716,504,194,310,212,165,47
S01008319,Born outside the UK: Total,23,15,7,8,8,3,5
S01008319,Born outside the UK: Resident less than 2 years,0,0,0,0,0,0,0
S01008319,Born outside the UK: Resident 2 years or more and less than 5 years,2,2,0,2,0,0,0
S01008319,Born outside the UK: Resident 5 years or more and less than 10 years,8,6,1,5,2,0,2
S01008319,Born outside the UK: Resident 10 years or more,13,7,6,1,6,3,3
S01008320,All people in households,633,513,275,238,120,96,24
S01008320,Born in the UK,621,502,271,231,119,95,24
S01008320,Born outside the UK: Total,12,11,4,7,1,1,0
S01008320,Born outside the UK: Resident less than 2 years,2,2,0,2,0,0,0
S01008320,Born outside the UK: Resident 2 years or more and less than 5 years,1,1,0,1,0,0,0
S01008320,Born outside the UK: Resident 5 years or more and less than 10 years,2,2,0,2,0,0,0
S01008320,Born outside the UK: Resident 10 years or more,7,6,4,2,1,1,0
S01008321,All people in households,546,516,135,381,30,16,14
S01008321,Born in the UK,530,502,130,372,28,14,14
S01008321,Born outside the UK: Total,16,14,5,9,2,2,0
S01008321,Born outside the UK: Resident less than 2 years,1,1,1,0,0,0,0
S01008321,Born outside the UK: Resident 2 years or more and less than 5 years,0,0,0,0,0,0,0
S01008321,Born outside the UK: Resident 5 years or more and less than 10 years,2,0,0,0,2,2,0
S01008321,Born outside the UK: Resident 10 years or more,13,13,4,9,0,0,0
S01008322,All people in households,1055,711,244,467,344,260,84
S01008322,Born in the UK,1029,696,237,459,333,254,79
S01008322,Born outside the UK: Total,26,15,7,8,11,6,5
S01008322,Born outside the UK: Resident less than 2 years,5,3,3,0,2,0,2
S01008322,Born outside the UK: Resident 2 years or more and less than 5 years,8,0,0,0,8,6,2
S01008322,Born outside the UK: Resident 5 years or more and less than 10 years,0,0,0,0,0,0,0
S01008322,Born outside the UK: Resident 10 years or more,13,12,4,8,1,0,1
S01008323,All people in households,799,398,84,314,401,326,75
S01008323,Born in the UK,782,388,83,305,394,321,73
S01008323,Born outside the UK: Total,17,10,1,9,7,5,2
S01008323,Born outside the UK: Resident less than 2 years,1,0,0,0,1,0,1
S01008323,Born outside the UK: Resident 2 years or more and less than 5 years,1,0,0,0,1,1,0
S01008323,Born outside the UK: Resident 5 years or more and less than 10 years,4,3,0,3,1,1,0
S01008323,Born outside the UK: Resident 10 years or more,11,7,1,6,4,3,1
S01008324,All people in households,651,398,112,286,253,184,69
S01008324,Born in the UK,641,389,111,278,252,184,68
S01008324,Born outside the UK: Total,10,9,1,8,1,0,1
S01008324,Born outside the UK: Resident less than 2 years,0,0,0,0,0,0,0
S01008324,Born outside the UK: Resident 2 years or more and less than 5 years,1,1,0,1,0,0,0
S01008324,Born outside the UK: Resident 5 years or more and less than 10 years,5,5,0,5,0,0,0
S01008324,Born outside the UK: Resident 10 years or more,4,3,1,2,1,0,1
S01008325,All people in households,764,424,102,322,340,267,73
S01008325,Born in the UK,716,391,96,295,325,255,70
S01008325,Born outside the UK: Total,48,33,6,27,15,12,3
S01008325,Born outside the UK: Resident less than 2 years,5,5,2,3,0,0,0
S01008325,Born outside the UK: Resident 2 years or more and less than 5 years,15,9,0,9,6,5,1
S01008325,Born outside the UK: Resident 5 years or more and less than 10 years,16,10,1,9,6,6,0
S01008325,Born outside the UK: Resident 10 years or more,12,9,3,6,3,1,2
S01008326,All people in households,990,492,128,364,498,403,95
S01008326,Born in the UK,950,467,126,341,483,388,95
S01008326,Born outside the UK: Total,40,25,2,23,15,15,0
S01008326,Born outside the UK: Resident less than 2 years,0,0,0,0,0,0,0
S01008326,Born outside the UK: Resident 2 years or more and less than 5 years,9,3,0,3,6,6,0
S01008326,Born outside the UK: Resident 5 years or more and less than 10 years,17,12,0,12,5,5,0
S01008326,Born outside the UK: Resident 10 years or more,14,10,2,8,4,4,0
S01008327,All people in households,857,616,197,419,241,185,56
S01008327,Born in the UK,838,604,190,414,234,183,51
S01008327,Born outside the UK: Total,19,12,7,5,7,2,5
S01008327,Born outside the UK: Resident less than 2 years,0,0,0,0,0,0,0
S01008327,Born outside the UK: Resident 2 years or more and less than 5 years,0,0,0,0,0,0,0
S01008327,Born outside the UK: Resident 5 years or more and less than 10 years,8,2,1,1,6,1,5
S01008327,Born outside the UK: Resident 10 years or more,11,10,6,4,1,1,0
S01008328,All people in households,699,646,132,514,53,9,44
S01008328,Born in the UK,640,596,125,471,44,9,35
S01008328,Born outside the UK: Total,59,50,7,43,9,0,9
S01008328,Born outside the UK: Resident less than 2 years,1,1,0,1,0,0,0
S01008328,Born outside the UK: Resident 2 years or more and less than 5 years,3,1,0,1,2,0,2
S01008328,Born outside the UK: Resident 5 years or more and less than 10 years,23,18,0,18,5,0,5
S01008328,Born outside the UK: Resident 10 years or more,32,30,7,23,2,0,2
S01008329,All people in households,883,842,244,598,41,6,35
S01008329,Born in the UK,815,782,227,555,33,4,29
S01008329,Born outside the UK: Total,68,60,17,43,8,2,6
S01008329,Born outside the UK: Resident less than 2 years,4,3,1,2,1,0,1
S01008329,Born outside the UK: Resident 2 years or more and less than 5 years,3,3,0,3,0,0,0
S01008329,Born outside the UK: Resident 5 years or more and less than 10 years,5,4,0,4,1,0,1
S01008329,Born outside the UK: Resident 10 years or more,56,50,16,34,6,2,4
S01008330,All people in households,871,821,271,550,50,9,41
S01008330,Born in the UK,778,747,247,500,31,5,26
S01008330,Born outside the UK: Total,93,74,24,50,19,4,15
S01008330,Born outside the UK: Resident less than 2 years,4,1,1,0,3,3,0
S01008330,Born outside the UK: Resident 2 years or more and less than 5 years,5,4,0,4,1,1,0
S01008330,Born outside the UK: Resident 5 years or more and less than 10 years,23,14,3,11,9,0,9
S01008330,Born outside the UK: Resident 10 years or more,61,55,20,35,6,0,6
S01008331,All people in households,602,512,120,392,90,6,84
S01008331,Born in the UK,542,468,108,360,74,2,72
S01008331,Born outside the UK: Total,60,44,12,32,16,4,12
S01008331,Born outside the UK: Resident less than 2 years,3,3,0,3,0,0,0
S01008331,Born outside the UK: Resident 2 years or more and less than 5 years,7,4,0,4,3,3,0
S01008331,Born outside the UK: Resident 5 years or more and less than 10 years,9,3,0,3,6,1,5
S01008331,Born outside the UK: Resident 10 years or more,41,34,12,22,7,0,7
S01008332,All people in households,884,799,348,451,85,13,72
S01008332,Born in the UK,813,738,330,408,75,12,63
S01008332,Born outside the UK: Total,71,61,18,43,10,1,9
S01008332,Born outside the UK: Resident less than 2 years,2,1,0,1,1,0,1
S01008332,Born outside the UK: Resident 2 years or more and less than 5 years,4,3,0,3,1,0,1
S01008332,Born outside the UK: Resident 5 years or more and less than 10 years,9,8,0,8,1,0,1
S01008332,Born outside the UK: Resident 10 years or more,56,49,18,31,7,1,6
S01008333,All people in households,943,800,365,435,143,41,102
S01008333,Born in the UK,888,757,355,402,131,39,92
S01008333,Born outside the UK: Total,55,43,10,33,12,2,10
S01008333,Born outside the UK: Resident less than 2 years,3,0,0,0,3,0,3
S01008333,Born outside the UK: Resident 2 years or more and less than 5 years,4,1,0,1,3,0,3
S01008333,Born outside the UK: Resident 5 years or more and less than 10 years,7,7,0,7,0,0,0
S01008333,Born outside the UK: Resident 10 years or more,41,35,10,25,6,2,4
S01008334,All people in households,731,688,299,389,43,4,39
S01008334,Born in the UK,666,630,275,355,36,4,32
S01008334,Born outside the UK: Total,65,58,24,34,7,0,7
S01008334,Born outside the UK: Resident less than 2 years,7,2,0,2,5,0,5
S01008334,Born outside the UK: Resident 2 years or more and less than 5 years,4,4,1,3,0,0,0
S01008334,Born outside the UK: Resident 5 years or more and less than 10 years,11,10,3,7,1,0,1
S01008334,Born outside the UK: Resident 10 years or more,43,42,20,22,1,0,1
S01008335,All people in households,763,569,179,390,194,146,48
S01008335,Born in the UK,709,532,168,364,177,135,42
S01008335,Born outside the UK: Total,54,37,11,26,17,11,6
S01008335,Born outside the UK: Resident less than 2 years,5,0,0,0,5,4,1
S01008335,Born outside the UK: Resident 2 years or more and less than 5 years,7,4,0,4,3,0,3
S01008335,Born outside the UK: Resident 5 years or more and less than 10 years,5,5,1,4,0,0,0
S01008335,Born outside the UK: Resident 10 years or more,37,28,10,18,9,7,2
S01008336,All people in households,662,502,139,363,160,126,34
S01008336,Born in the UK,611,460,128,332,151,122,29
S01008336,Born outside the UK: Total,51,42,11,31,9,4,5
S01008336,Born outside the UK: Resident less than 2 years,0,0,0,0,0,0,0
S01008336,Born outside the UK: Resident 2 years or more and less than 5 years,5,1,0,1,4,0,4
S01008336,Born outside the UK: Resident 5 years or more and less than 10 years,8,8,0,8,0,0,0
S01008336,Born outside the UK: Resident 10 years or more,38,33,11,22,5,4,1
S01008337,All people in households,906,765,144,621,141,86,55
S01008337,Born in the UK,849,717,131,586,132,83,49
S01008337,Born outside the UK: Total,57,48,13,35,9,3,6
S01008337,Born outside the UK: Resident less than 2 years,1,1,0,1,0,0,0
S01008337,Born outside the UK: Resident 2 years or more and less than 5 years,6,1,0,1,5,1,4
S01008337,Born outside the UK: Resident 5 years or more and less than 10 years,15,14,5,9,1,0,1
S01008337,Born outside the UK: Resident 10 years or more,35,32,8,24,3,2,1
S01008338,All people in households,876,825,92,733,51,11,40
S01008338,Born in the UK,781,744,83,661,37,11,26
S01008338,Born outside the UK: Total,95,81,9,72,14,0,14
S01008338,Born outside the UK: Resident less than 2 years,9,6,1,5,3,0,3
S01008338,Born outside the UK: Resident 2 years or more and less than 5 years,10,3,0,3,7,0,7
S01008338,Born outside the UK: Resident 5 years or more and less than 10 years,12,8,0,8,4,0,4
S01008338,Born outside the UK: Resident 10 years or more,64,64,8,56,0,0,0
S01008339,All people in households,629,592,162,430,37,5,32
S01008339,Born in the UK,579,550,152,398,29,5,24
S01008339,Born outside the UK: Total,50,42,10,32,8,0,8
S01008339,Born outside the UK: Resident less than 2 years,1,0,0,0,1,0,1
S01008339,Born outside the UK: Resident 2 years or more and less than 5 years,8,6,5,1,2,0,2
S01008339,Born outside the UK: Resident 5 years or more and less than 10 years,14,13,0,13,1,0,1
S01008339,Born outside the UK: Resident 10 years or more,27,23,5,18,4,0,4
S01008340,All people in households,822,758,193,565,64,3,61
S01008340,Born in the UK,752,696,174,522,56,3,53
S01008340,Born outside the UK: Total,70,62,19,43,8,0,8
S01008340,Born outside the UK: Resident less than 2 years,5,4,2,2,1,0,1
S01008340,Born outside the UK: Resident 2 years or more and less than 5 years,0,0,0,0,0,0,0
S01008340,Born outside the UK: Resident 5 years or more and less than 10 years,13,10,0,10,3,0,3
S01008340,Born outside the UK: Resident 10 years or more,52,48,17,31,4,0,4
S01008341,All people in households,700,689,177,512,11,4,7
S01008341,Born in the UK,654,645,159,486,9,4,5
S01008341,Born outside the UK: Total,46,44,18,26,2,0,2
S01008341,Born outside the UK: Resident less than 2 years,3,2,1,1,1,0,1
S01008341,Born outside the UK: Resident 2 years or more and less than 5 years,3,3,2,1,0,0,0
S01008341,Born outside the UK: Resident 5 years or more and less than 10 years,4,4,2,2,0,0,0
S01008341,Born outside the UK: Resident 10 years or more,36,35,13,22,1,0,1
S01008342,All people in households,853,699,259,440,154,132,22
S01008342,Born in the UK,790,647,237,410,143,124,19
S01008342,Born outside the UK: Total,63,52,22,30,11,8,3
S01008342,Born outside the UK: Resident less than 2 years,6,6,3,3,0,0,0
S01008342,Born outside the UK: Resident 2 years or more and less than 5 years,4,2,1,1,2,1,1
S01008342,Born outside the UK: Resident 5 years or more and less than 10 years,6,6,0,6,0,0,0
S01008342,Born outside the UK: Resident 10 years or more,47,38,18,20,9,7,2
S01008343,All people in households,848,837,355,482,11,0,11
S01008343,Born in the UK,809,800,339,461,9,0,9
S01008343,Born outside the UK: Total,39,37,16,21,2,0,2
S01008343,Born outside the UK: Resident less than 2 years,0,0,0,0,0,0,0
S01008343,Born outside the UK: Resident 2 years or more and less than 5 years,3,3,0,3,0,0,0
S01008343,Born outside the UK: Resident 5 years or more and less than 10 years,7,7,2,5,0,0,0
S01008343,Born outside the UK: Resident 10 years or more,29,27,14,13,2,0,2
S01008344,All people in households,872,818,399,419,54,6,48
S01008344,Born in the UK,810,762,379,383,48,5,43
S01008344,Born outside the UK: Total,62,56,20,36,6,1,5
S01008344,Born outside the UK: Resident less than 2 years,6,3,2,1,3,0,3
S01008344,Born outside the UK: Resident 2 years or more and less than 5 years,3,3,0,3,0,0,0
S01008344,Born outside the UK: Resident 5 years or more and less than 10 years,3,2,0,2,1,1,0
S01008344,Born outside the UK: Resident 10 years or more,50,48,18,30,2,0,2
S01008345,All people in households,916,884,475,409,32,1,31
S01008345,Born in the UK,854,824,444,380,30,1,29
S01008345,Born outside the UK: Total,62,60,31,29,2,0,2
S01008345,Born outside the UK: Resident less than 2 years,9,9,4,5,0,0,0
S01008345,Born outside the UK: Resident 2 years or more and less than 5 years,3,2,1,1,1,0,1
S01008345,Born outside the UK: Resident 5 years or more and less than 10 years,6,5,3,2,1,0,1
S01008345,Born outside the UK: Resident 10 years or more,44,44,23,21,0,0,0
S01008346,All people in households,1023,991,354,637,32,6,26
S01008346,Born in the UK,968,938,339,599,30,6,24
S01008346,Born outside the UK: Total,55,53,15,38,2,0,2
S01008346,Born outside the UK: Resident less than 2 years,2,1,0,1,1,0,1
S01008346,Born outside the UK: Resident 2 years or more and less than 5 years,2,2,1,1,0,0,0
S01008346,Born outside the UK: Resident 5 years or more and less than 10 years,2,2,0,2,0,0,0
S01008346,Born outside the UK: Resident 10 years or more,49,48,14,34,1,0,1
S01008347,All people in households,980,881,426,455,99,6,93
S01008347,Born in the UK,930,843,408,435,87,4,83
S01008347,Born outside the UK: Total,50,38,18,20,12,2,10
S01008347,Born outside the UK: Resident less than 2 years,3,1,0,1,2,0,2
S01008347,Born outside the UK: Resident 2 years or more and less than 5 years,2,1,0,1,1,0,1
S01008347,Born outside the UK: Resident 5 years or more and less than 10 years,9,2,1,1,7,0,7
S01008347,Born outside the UK: Resident 10 years or more,36,34,17,17,2,2,0
S01008348,All people in households,734,688,324,364,46,5,41
S01008348,Born in the UK,697,658,308,350,39,5,34
S01008348,Born outside the UK: Total,37,30,16,14,7,0,7
S01008348,Born outside the UK: Resident less than 2 years,5,1,0,1,4,0,4
S01008348,Born outside the UK: Resident 2 years or more and less than 5 years,2,2,2,0,0,0,0
S01008348,Born outside the UK: Resident 5 years or more and less than 10 years,4,4,0,4,0,0,0
S01008348,Born outside the UK: Resident 10 years or more,26,23,14,9,3,0,3
S01008349,All people in households,890,852,309,543,38,3,35
S01008349,Born in the UK,838,805,291,514,33,3,30
S01008349,Born outside the UK: Total,52,47,18,29,5,0,5
S01008349,Born outside the UK: Resident less than 2 years,2,2,0,2,0,0,0
S01008349,Born outside the UK: Resident 2 years or more and less than 5 years,3,2,2,0,1,0,1
S01008349,Born outside the UK: Resident 5 years or more and less than 10 years,5,1,0,1,4,0,4
S01008349,Born outside the UK: Resident 10 years or more,42,42,16,26,0,0,0
S01008350,All people in households,589,563,270,293,26,7,19
S01008350,Born in the UK,569,546,262,284,23,7,16
S01008350,Born outside the UK: Total,20,17,8,9,3,0,3
S01008350,Born outside the UK: Resident less than 2 years,4,4,0,4,0,0,0
S01008350,Born outside the UK: Resident 2 years or more and less than 5 years,4,1,1,0,3,0,3
S01008350,Born outside the UK: Resident 5 years or more and less than 10 years,0,0,0,0,0,0,0
S01008350,Born outside the UK: Resident 10 years or more,12,12,7,5,0,0,0
S01008351,All people in households,893,855,338,517,38,4,34
S01008351,Born in the UK,851,822,317,505,29,3,26
S01008351,Born outside the UK: Total,42,33,21,12,9,1,8
S01008351,Born outside the UK: Resident less than 2 years,5,5,3,2,0,0,0
S01008351,Born outside the UK: Resident 2 years or more and less than 5 years,5,0,0,0,5,0,5
S01008351,Born outside the UK: Resident 5 years or more and less than 10 years,7,3,2,1,4,1,3
S01008351,Born outside the UK: Resident 10 years or more,25,25,16,9,0,0,0
S01008352,All people in households,674,635,302,333,39,0,39
S01008352,Born in the UK,624,592,285,307,32,0,32
S01008352,Born outside the UK: Total,50,43,17,26,7,0,7
S01008352,Born outside the UK: Resident less than 2 years,1,1,0,1,0,0,0
S01008352,Born outside the UK: Resident 2 years or more and less than 5 years,7,5,3,2,2,0,2
S01008352,Born outside the UK: Resident 5 years or more and less than 10 years,13,13,0,13,0,0,0
S01008352,Born outside the UK: Resident 10 years or more,29,24,14,10,5,0,5
S01008353,All people in households,525,508,179,329,17,1,16
S01008353,Born in the UK,472,463,169,294,9,1,8
S01008353,Born outside the UK: Total,53,45,10,35,8,0,8
S01008353,Born outside the UK: Resident less than 2 years,6,3,0,3,3,0,3
S01008353,Born outside the UK: Resident 2 years or more and less than 5 years,2,1,0,1,1,0,1
S01008353,Born outside the UK: Resident 5 years or more and less than 10 years,16,12,0,12,4,0,4
S01008353,Born outside the UK: Resident 10 years or more,29,29,10,19,0,0,0
S01008354,All people in households,698,615,241,374,83,36,47
S01008354,Born in the UK,645,563,227,336,82,35,47
S01008354,Born outside the UK: Total,53,52,14,38,1,1,0
S01008354,Born outside the UK: Resident less than 2 years,2,2,1,1,0,0,0
S01008354,Born outside the UK: Resident 2 years or more and less than 5 years,4,4,2,2,0,0,0
S01008354,Born outside the UK: Resident 5 years or more and less than 10 years,14,14,0,14,0,0,0
S01008354,Born outside the UK: Resident 10 years or more,33,32,11,21,1,1,0
S01008355,All people in households,658,493,188,305,165,103,62
S01008355,Born in the UK,649,487,187,300,162,102,60
S01008355,Born outside the UK: Total,9,6,1,5,3,1,2
S01008355,Born outside the UK: Resident less than 2 years,0,0,0,0,0,0,0
S01008355,Born outside the UK: Resident 2 years or more and less than 5 years,1,1,0,1,0,0,0
S01008355,Born outside the UK: Resident 5 years or more and less than 10 years,4,3,0,3,1,0,1
S01008355,Born outside the UK: Resident 10 years or more,4,2,1,1,2,1,1
S01008356,All people in households,587,547,144,403,40,6,34
S01008356,Born in the UK,572,534,139,395,38,4,34
S01008356,Born outside the UK: Total,15,13,5,8,2,2,0
S01008356,Born outside the UK: Resident less than 2 years,1,0,0,0,1,1,0
S01008356,Born outside the UK: Resident 2 years or more and less than 5 years,2,2,0,2,0,0,0
S01008356,Born outside the UK: Resident 5 years or more and less than 10 years,2,2,0,2,0,0,0
S01008356,Born outside the UK: Resident 10 years or more,10,9,5,4,1,1,0
S01008357,All people in households,706,653,233,420,53,9,44
S01008357,Born in the UK,690,644,231,413,46,5,41
S01008357,Born outside the UK: Total,16,9,2,7,7,4,3
S01008357,Born outside the UK: Resident less than 2 years,1,0,0,0,1,1,0
S01008357,Born outside the UK: Resident 2 years or more and less than 5 years,3,0,0,0,3,3,0
S01008357,Born outside the UK: Resident 5 years or more and less than 10 years,2,2,0,2,0,0,0
S01008357,Born outside the UK: Resident 10 years or more,10,7,2,5,3,0,3
S01008358,All people in households,697,494,188,306,203,109,94
S01008358,Born in the UK,678,480,182,298,198,105,93
S01008358,Born outside the UK: Total,19,14,6,8,5,4,1
S01008358,Born outside the UK: Resident less than 2 years,0,0,0,0,0,0,0
S01008358,Born outside the UK: Resident 2 years or more and less than 5 years,1,1,1,0,0,0,0
S01008358,Born outside the UK: Resident 5 years or more and less than 10 years,4,3,2,1,1,0,1
S01008358,Born outside the UK: Resident 10 years or more,14,10,3,7,4,4,0
S01008359,All people in households,639,597,224,373,42,8,34
S01008359,Born in the UK,630,588,220,368,42,8,34
S01008359,Born outside the UK: Total,9,9,4,5,0,0,0
S01008359,Born outside the UK: Resident less than 2 years,1,1,1,0,0,0,0
S01008359,Born outside the UK: Resident 2 years or more and less than 5 years,0,0,0,0,0,0,0
S01008359,Born outside the UK: Resident 5 years or more and less than 10 years,0,0,0,0,0,0,0
S01008359,Born outside the UK: Resident 10 years or more,8,8,3,5,0,0,0
S01008360,All people in households,844,812,312,500,32,9,23
S01008360,Born in the UK,803,776,302,474,27,9,18
S01008360,Born outside the UK: Total,41,36,10,26,5,0,5
S01008360,Born outside the UK: Resident less than 2 years,4,1,1,0,3,0,3
S01008360,Born outside the UK: Resident 2 years or more and less than 5 years,2,0,0,0,2,0,2
S01008360,Born outside the UK: Resident 5 years or more and less than 10 years,6,6,0,6,0,0,0
S01008360,Born outside the UK: Resident 10 years or more,29,29,9,20,0,0,0
S01008361,All people in households,516,491,171,320,25,7,18
S01008361,Born in the UK,502,480,170,310,22,4,18
S01008361,Born outside the UK: Total,14,11,1,10,3,3,0
S01008361,Born outside the UK: Resident less than 2 years,0,0,0,0,0,0,0
S01008361,Born outside the UK: Resident 2 years or more and less than 5 years,1,0,0,0,1,1,0
S01008361,Born outside the UK: Resident 5 years or more and less than 10 years,5,3,0,3,2,2,0
S01008361,Born outside the UK: Resident 10 years or more,8,8,1,7,0,0,0
S01008362,All people in households,956,841,222,619,115,3,112
S01008362,Born in the UK,897,803,209,594,94,3,91
S01008362,Born outside the UK: Total,59,38,13,25,21,0,21
S01008362,Born outside the UK: Resident less than 2 years,4,2,0,2,2,0,2
S01008362,Born outside the UK: Resident 2 years or more and less than 5 years,9,3,2,1,6,0,6
S01008362,Born outside the UK: Resident 5 years or more and less than 10 years,14,9,0,9,5,0,5
S01008362,Born outside the UK: Resident 10 years or more,32,24,11,13,8,0,8
S01008363,All people in households,739,666,296,370,73,2,71
S01008363,Born in the UK,705,638,281,357,67,1,66
S01008363,Born outside the UK: Total,34,28,15,13,6,1,5
S01008363,Born outside the UK: Resident less than 2 years,8,7,3,4,1,0,1
S01008363,Born outside the UK: Resident 2 years or more and less than 5 years,2,2,0,2,0,0,0
S01008363,Born outside the UK: Resident 5 years or more and less than 10 years,2,1,0,1,1,0,1
S01008363,Born outside the UK: Resident 10 years or more,22,18,12,6,4,1,3
S01008364,All people in households,761,691,283,408,70,14,56
S01008364,Born in the UK,702,654,271,383,48,14,34
S01008364,Born outside the UK: Total,59,37,12,25,22,0,22
S01008364,Born outside the UK: Resident less than 2 years,14,0,0,0,14,0,14
S01008364,Born outside the UK: Resident 2 years or more and less than 5 years,4,3,2,1,1,0,1
S01008364,Born outside the UK: Resident 5 years or more and less than 10 years,6,3,0,3,3,0,3
S01008364,Born outside the UK: Resident 10 years or more,35,31,10,21,4,0,4
S01008365,All people in households,674,645,309,336,29,4,25
S01008365,Born in the UK,646,619,293,326,27,4,23
S01008365,Born outside the UK: Total,28,26,16,10,2,0,2
S01008365,Born outside the UK: Resident less than 2 years,1,1,0,1,0,0,0
S01008365,Born outside the UK: Resident 2 years or more and less than 5 years,1,1,1,0,0,0,0
S01008365,Born outside the UK: Resident 5 years or more and less than 10 years,4,4,3,1,0,0,0
S01008365,Born outside the UK: Resident 10 years or more,22,20,12,8,2,0,2
S01008366,All people in households,897,681,261,420,216,173,43
S01008366,Born in the UK,863,656,251,405,207,172,35
S01008366,Born outside the UK: Total,34,25,10,15,9,1,8
S01008366,Born outside the UK: Resident less than 2 years,7,3,0,3,4,0,4
S01008366,Born outside the UK: Resident 2 years or more and less than 5 years,1,1,0,1,0,0,0
S01008366,Born outside the UK: Resident 5 years or more and less than 10 years,1,0,0,0,1,0,1
S01008366,Born outside the UK: Resident 10 years or more,25,21,10,11,4,1,3
S01008367,All people in households,727,464,123,341,263,199,64
S01008367,Born in the UK,688,433,115,318,255,195,60
S01008367,Born outside the UK: Total,39,31,8,23,8,4,4
S01008367,Born outside the UK: Resident less than 2 years,6,4,0,4,2,0,2
S01008367,Born outside the UK: Resident 2 years or more and less than 5 years,8,6,2,4,2,0,2
S01008367,Born outside the UK: Resident 5 years or more and less than 10 years,8,6,1,5,2,2,0
S01008367,Born outside the UK: Resident 10 years or more,17,15,5,10,2,2,0
S01008368,All people in households,657,589,192,397,68,20,48
S01008368,Born in the UK,630,566,186,380,64,19,45
S01008368,Born outside the UK: Total,27,23,6,17,4,1,3
S01008368,Born outside the UK: Resident less than 2 years,0,0,0,0,0,0,0
S01008368,Born outside the UK: Resident 2 years or more and less than 5 years,4,2,0,2,2,0,2
S01008368,Born outside the UK: Resident 5 years or more and less than 10 years,4,3,0,3,1,0,1
S01008368,Born outside the UK: Resident 10 years or more,19,18,6,12,1,1,0
S01008369,All people in households,529,438,142,296,91,56,35
S01008369,Born in the UK,508,420,140,280,88,55,33
S01008369,Born outside the UK: Total,21,18,2,16,3,1,2
S01008369,Born outside the UK: Resident less than 2 years,0,0,0,0,0,0,0
S01008369,Born outside the UK: Resident 2 years or more and less than 5 years,0,0,0,0,0,0,0
S01008369,Born outside the UK: Resident 5 years or more and less than 10 years,4,4,0,4,0,0,0
S01008369,Born outside the UK: Resident 10 years or more,17,14,2,12,3,1,2
S01008370,All people in households,692,612,216,396,80,28,52
S01008370,Born in the UK,654,580,208,372,74,27,47
S01008370,Born outside the UK: Total,38,32,8,24,6,1,5
S01008370,Born outside the UK: Resident less than 2 years,0,0,0,0,0,0,0
S01008370,Born outside the UK: Resident 2 years or more and less than 5 years,6,5,0,5,1,0,1
S01008370,Born outside the UK: Resident 5 years or more and less than 10 years,7,5,2,3,2,1,1
S01008370,Born outside the UK: Resident 10 years or more,25,22,6,16,3,0,3
S01008371,All people in households,808,786,308,478,22,6,16
S01008371,Born in the UK,777,758,297,461,19,6,13
S01008371,Born outside the UK: Total,31,28,11,17,3,0,3
S01008371,Born outside the UK: Resident less than 2 years,0,0,0,0,0,0,0
S01008371,Born outside the UK: Resident 2 years or more and less than 5 years,1,1,0,1,0,0,0
S01008371,Born outside the UK: Resident 5 years or more and less than 10 years,5,5,0,5,0,0,0
S01008371,Born outside the UK: Resident 10 years or more,25,22,11,11,3,0,3
S01008372,All people in households,790,757,250,507,33,4,29
S01008372,Born in the UK,744,724,237,487,20,4,16
S01008372,Born outside the UK: Total,46,33,13,20,13,0,13
S01008372,Born outside the UK: Resident less than 2 years,3,0,0,0,3,0,3
S01008372,Born outside the UK: Resident 2 years or more and less than 5 years,10,2,0,2,8,0,8
S01008372,Born outside the UK: Resident 5 years or more and less than 10 years,3,1,0,1,2,0,2
S01008372,Born outside the UK: Resident 10 years or more,30,30,13,17,0,0,0
S01008373,All people in households,795,787,246,541,8,0,8
S01008373,Born in the UK,766,762,240,522,4,0,4
S01008373,Born outside the UK: Total,29,25,6,19,4,0,4
S01008373,Born outside the UK: Resident less than 2 years,4,0,0,0,4,0,4
S01008373,Born outside the UK: Resident 2 years or more and less than 5 years,1,1,0,1,0,0,0
S01008373,Born outside the UK: Resident 5 years or more and less than 10 years,2,2,0,2,0,0,0
S01008373,Born outside the UK: Resident 10 years or more,22,22,6,16,0,0,0
S01008374,All people in households,705,659,241,418,46,4,42
S01008374,Born in the UK,681,640,234,406,41,4,37
S01008374,Born outside the UK: Total,24,19,7,12,5,0,5
S01008374,Born outside the UK: Resident less than 2 years,0,0,0,0,0,0,0
S01008374,Born outside the UK: Resident 2 years or more and less than 5 years,4,4,0,4,0,0,0
S01008374,Born outside the UK: Resident 5 years or more and less than 10 years,3,1,0,1,2,0,2
S01008374,Born outside the UK: Resident 10 years or more,17,14,7,7,3,0,3
S01008375,All people in households,789,775,283,492,14,2,12
S01008375,Born in the UK,757,745,271,474,12,2,10
S01008375,Born outside the UK: Total,32,30,12,18,2,0,2
S01008375,Born outside the UK: Resident less than 2 years,4,2,0,2,2,0,2
S01008375,Born outside the UK: Resident 2 years or more and less than 5 years,3,3,2,1,0,0,0
S01008375,Born outside the UK: Resident 5 years or more and less than 10 years,8,8,4,4,0,0,0
S01008375,Born outside the UK: Resident 10 years or more,17,17,6,11,0,0,0
S01008376,All people in households,550,514,158,356,36,10,26
S01008376,Born in the UK,539,503,155,348,36,10,26
S01008376,Born outside the UK: Total,11,11,3,8,0,0,0
S01008376,Born outside the UK: Resident less than 2 years,0,0,0,0,0,0,0
S01008376,Born outside the UK: Resident 2 years or more and less than 5 years,0,0,0,0,0,0,0
S01008376,Born outside the UK: Resident 5 years or more and less than 10 years,0,0,0,0,0,0,0
S01008376,Born outside the UK: Resident 10 years or more,11,11,3,8,0,0,0
S01008377,All people in households,746,695,236,459,51,0,51
S01008377,Born in the UK,708,670,222,448,38,0,38
S01008377,Born outside the UK: Total,38,25,14,11,13,0,13
S01008377,Born outside the UK: Resident less than 2 years,8,2,0,2,6,0,6
S01008377,Born outside the UK: Resident 2 years or more and less than 5 years,6,4,2,2,2,0,2
S01008377,Born outside the UK: Resident 5 years or more and less than 10 years,2,1,1,0,1,0,1
S01008377,Born outside the UK: Resident 10 years or more,22,18,11,7,4,0,4
S01008378,All people in households,1015,924,347,577,91,29,62
S01008378,Born in the UK,963,884,332,552,79,27,52
S01008378,Born outside the UK: Total,52,40,15,25,12,2,10
S01008378,Born outside the UK: Resident less than 2 years,4,4,4,0,0,0,0
S01008378,Born outside the UK: Resident 2 years or more and less than 5 years,1,0,0,0,1,0,1
S01008378,Born outside the UK: Resident 5 years or more and less than 10 years,8,3,1,2,5,0,5
S01008378,Born outside the UK: Resident 10 years or more,39,33,10,23,6,2,4
S01008379,All people in households,530,518,222,296,12,1,11
S01008379,Born in the UK,513,501,211,290,12,1,11
S01008379,Born outside the UK: Total,17,17,11,6,0,0,0
S01008379,Born outside the UK: Resident less than 2 years,0,0,0,0,0,0,0
S01008379,Born outside the UK: Resident 2 years or more and less than 5 years,0,0,0,0,0,0,0
S01008379,Born outside the UK: Resident 5 years or more and less than 10 years,2,2,1,1,0,0,0
S01008379,Born outside the UK: Resident 10 years or more,15,15,10,5,0,0,0
S01008380,All people in households,649,639,201,438,10,1,9
S01008380,Born in the UK,623,613,190,423,10,1,9
S01008380,Born outside the UK: Total,26,26,11,15,0,0,0
S01008380,Born outside the UK: Resident less than 2 years,4,4,4,0,0,0,0
S01008380,Born outside the UK: Resident 2 years or more and less than 5 years,3,3,0,3,0,0,0
S01008380,Born outside the UK: Resident 5 years or more and less than 10 years,3,3,0,3,0,0,0
S01008380,Born outside the UK: Resident 10 years or more,16,16,7,9,0,0,0
S01008381,All people in households,649,649,165,484,0,0,0
S01008381,Born in the UK,624,624,158,466,0,0,0
S01008381,Born outside the UK: Total,25,25,7,18,0,0,0
S01008381,Born outside the UK: Resident less than 2 years,0,0,0,0,0,0,0
S01008381,Born outside the UK: Resident 2 years or more and less than 5 years,0,0,0,0,0,0,0
S01008381,Born outside the UK: Resident 5 years or more and less than 10 years,7,7,0,7,0,0,0
S01008381,Born outside the UK: Resident 10 years or more,18,18,7,11,0,0,0
S01008382,All people in households,650,637,220,417,13,3,10
S01008382,Born in the UK,635,622,213,409,13,3,10
S01008382,Born outside the UK: Total,15,15,7,8,0,0,0
S01008382,Born outside the UK: Resident less than 2 years,0,0,0,0,0,0,0
S01008382,Born outside the UK: Resident 2 years or more and less than 5 years,0,0,0,0,0,0,0
S01008382,Born outside the UK: Resident 5 years or more and less than 10 years,2,2,2,0,0,0,0
S01008382,Born outside the UK: Resident 10 years or more,13,13,5,8,0,0,0
S01008383,All people in households,480,469,143,326,11,3,8
S01008383,Born in the UK,462,451,136,315,11,3,8
S01008383,Born outside the UK: Total,18,18,7,11,0,0,0
S01008383,Born outside the UK: Resident less than 2 years,0,0,0,0,0,0,0
S01008383,Born outside the UK: Resident 2 years or more and less than 5 years,0,0,0,0,0,0,0
S01008383,Born outside the UK: Resident 5 years or more and less than 10 years,1,1,0,1,0,0,0
S01008383,Born outside the UK: Resident 10 years or more,17,17,7,10,0,0,0
S01008384,All people in households,968,943,324,619,25,5,20
S01008384,Born in the UK,936,917,313,604,19,5,14
S01008384,Born outside the UK: Total,32,26,11,15,6,0,6
S01008384,Born outside the UK: Resident less than 2 years,4,0,0,0,4,0,4
S01008384,Born outside the UK: Resident 2 years or more and less than 5 years,1,1,1,0,0,0,0
S01008384,Born outside the UK: Resident 5 years or more and less than 10 years,4,4,0,4,0,0,0
S01008384,Born outside the UK: Resident 10 years or more,23,21,10,11,2,0,2
S01008385,All people in households,674,653,252,401,21,11,10
S01008385,Born in the UK,648,628,243,385,20,10,10
S01008385,Born outside the UK: Total,26,25,9,16,1,1,0
S01008385,Born outside the UK: Resident less than 2 years,1,1,1,0,0,0,0
S01008385,Born outside the UK: Resident 2 years or more and less than 5 years,0,0,0,0,0,0,0
S01008385,Born outside the UK: Resident 5 years or more and less than 10 years,2,2,0,2,0,0,0
S01008385,Born outside the UK: Resident 10 years or more,23,22,8,14,1,1,0
S01008386,All people in households,795,759,253,506,36,13,23
S01008386,Born in the UK,766,737,247,490,29,11,18
S01008386,Born outside the UK: Total,29,22,6,16,7,2,5
S01008386,Born outside the UK: Resident less than 2 years,1,0,0,0,1,0,1
S01008386,Born outside the UK: Resident 2 years or more and less than 5 years,0,0,0,0,0,0,0
S01008386,Born outside the UK: Resident 5 years or more and less than 10 years,1,0,0,0,1,0,1
S01008386,Born outside the UK: Resident 10 years or more,27,22,6,16,5,2,3
S01008387,All people in households,609,575,160,415,34,7,27
S01008387,Born in the UK,586,560,153,407,26,7,19
S01008387,Born outside the UK: Total,23,15,7,8,8,0,8
S01008387,Born outside the UK: Resident less than 2 years,2,1,1,0,1,0,1
S01008387,Born outside the UK: Resident 2 years or more and less than 5 years,5,0,0,0,5,0,5
S01008387,Born outside the UK: Resident 5 years or more and less than 10 years,2,1,0,1,1,0,1
S01008387,Born outside the UK: Resident 10 years or more,14,13,6,7,1,0,1
S01008388,All people in households,637,595,128,467,42,3,39
S01008388,Born in the UK,617,583,125,458,34,3,31
S01008388,Born outside the UK: Total,20,12,3,9,8,0,8
S01008388,Born outside the UK: Resident less than 2 years,4,0,0,0,4,0,4
S01008388,Born outside the UK: Resident 2 years or more and less than 5 years,5,1,0,1,4,0,4
S01008388,Born outside the UK: Resident 5 years or more and less than 10 years,2,2,2,0,0,0,0
S01008388,Born outside the UK: Resident 10 years or more,9,9,1,8,0,0,0
S01008389,All people in households,621,561,341,220,60,42,18
S01008389,Born in the UK,599,543,330,213,56,38,18
S01008389,Born outside the UK: Total,22,18,11,7,4,4,0
S01008389,Born outside the UK: Resident less than 2 years,2,0,0,0,2,2,0
S01008389,Born outside the UK: Resident 2 years or more and less than 5 years,1,1,0,1,0,0,0
S01008389,Born outside the UK: Resident 5 years or more and less than 10 years,0,0,0,0,0,0,0
S01008389,Born outside the UK: Resident 10 years or more,19,17,11,6,2,2,0
S01008390,All people in households,619,612,304,308,7,3,4
S01008390,Born in the UK,611,605,302,303,6,2,4
S01008390,Born outside the UK: Total,8,7,2,5,1,1,0
S01008390,Born outside the UK: Resident less than 2 years,1,1,0,1,0,0,0
S01008390,Born outside the UK: Resident 2 years or more and less than 5 years,0,0,0,0,0,0,0
S01008390,Born outside the UK: Resident 5 years or more and less than 10 years,0,0,0,0,0,0,0
S01008390,Born outside the UK: Resident 10 years or more,7,6,2,4,1,1,0
S01008391,All people in households,785,684,300,384,101,37,64
S01008391,Born in the UK,745,656,292,364,89,36,53
S01008391,Born outside the UK: Total,40,28,8,20,12,1,11
S01008391,Born outside the UK: Resident less than 2 years,7,0,0,0,7,0,7
S01008391,Born outside the UK: Resident 2 years or more and less than 5 years,4,3,0,3,1,0,1
S01008391,Born outside the UK: Resident 5 years or more and less than 10 years,3,2,0,2,1,0,1
S01008391,Born outside the UK: Resident 10 years or more,26,23,8,15,3,1,2
S01008392,All people in households,906,878,279,599,28,9,19
S01008392,Born in the UK,881,853,270,583,28,9,19
S01008392,Born outside the UK: Total,25,25,9,16,0,0,0
S01008392,Born outside the UK: Resident less than 2 years,0,0,0,0,0,0,0
S01008392,Born outside the UK: Resident 2 years or more and less than 5 years,0,0,0,0,0,0,0
S01008392,Born outside the UK: Resident 5 years or more and less than 10 years,3,3,0,3,0,0,0
S01008392,Born outside the UK: Resident 10 years or more,22,22,9,13,0,0,0
S01008393,All people in households,836,793,416,377,43,4,39
S01008393,Born in the UK,801,760,400,360,41,4,37
S01008393,Born outside the UK: Total,35,33,16,17,2,0,2
S01008393,Born outside the UK: Resident less than 2 years,1,1,0,1,0,0,0
S01008393,Born outside the UK: Resident 2 years or more and less than 5 years,0,0,0,0,0,0,0
S01008393,Born outside the UK: Resident 5 years or more and less than 10 years,2,0,0,0,2,0,2
S01008393,Born outside the UK: Resident 10 years or more,32,32,16,16,0,0,0
S01008394,All people in households,832,814,265,549,18,1,17
S01008394,Born in the UK,790,774,257,517,16,1,15
S01008394,Born outside the UK: Total,42,40,8,32,2,0,2
S01008394,Born outside the UK: Resident less than 2 years,2,2,0,2,0,0,0
S01008394,Born outside the UK: Resident 2 years or more and less than 5 years,0,0,0,0,0,0,0
S01008394,Born outside the UK: Resident 5 years or more and less than 10 years,5,5,0,5,0,0,0
S01008394,Born outside the UK: Resident 10 years or more,35,33,8,25,2,0,2
S01008395,All people in households,531,516,179,337,15,0,15
S01008395,Born in the UK,497,485,173,312,12,0,12
S01008395,Born outside the UK: Total,34,31,6,25,3,0,3
S01008395,Born outside the UK: Resident less than 2 years,2,0,0,0,2,0,2
S01008395,Born outside the UK: Resident 2 years or more and less than 5 years,1,0,0,0,1,0,1
S01008395,Born outside the UK: Resident 5 years or more and less than 10 years,0,0,0,0,0,0,0
S01008395,Born outside the UK: Resident 10 years or more,31,31,6,25,0,0,0
S01008396,All people in households,626,610,346,264,16,4,12
S01008396,Born in the UK,591,577,329,248,14,4,10
S01008396,Born outside the UK: Total,35,33,17,16,2,0,2
S01008396,Born outside the UK: Resident less than 2 years,1,1,0,1,0,0,0
S01008396,Born outside the UK: Resident 2 years or more and less than 5 years,1,1,0,1,0,0,0
S01008396,Born outside the UK: Resident 5 years or more and less than 10 years,1,1,1,0,0,0,0
S01008396,Born outside the UK: Resident 10 years or more,32,30,16,14,2,0,2
S01008397,All people in households,935,902,364,538,33,0,33
S01008397,Born in the UK,890,862,343,519,28,0,28
S01008397,Born outside the UK: Total,45,40,21,19,5,0,5
S01008397,Born outside the UK: Resident less than 2 years,4,4,3,1,0,0,0
S01008397,Born outside the UK: Resident 2 years or more and less than 5 years,6,3,0,3,3,0,3
S01008397,Born outside the UK: Resident 5 years or more and less than 10 years,3,3,1,2,0,0,0
S01008397,Born outside the UK: Resident 10 years or more,32,30,17,13,2,0,2
S01008398,All people in households,587,534,257,277,53,27,26
S01008398,Born in the UK,552,504,242,262,48,27,21
S01008398,Born outside the UK: Total,35,30,15,15,5,0,5
S01008398,Born outside the UK: Resident less than 2 years,2,0,0,0,2,0,2
S01008398,Born outside the UK: Resident 2 years or more and less than 5 years,3,1,1,0,2,0,2
S01008398,Born outside the UK: Resident 5 years or more and less than 10 years,3,3,0,3,0,0,0
S01008398,Born outside the UK: Resident 10 years or more,27,26,14,12,1,0,1
S01008399,All people in households,536,496,259,237,40,1,39
S01008399,Born in the UK,479,452,239,213,27,1,26
S01008399,Born outside the UK: Total,57,44,20,24,13,0,13
S01008399,Born outside the UK: Resident less than 2 years,2,1,0,1,1,0,1
S01008399,Born outside the UK: Resident 2 years or more and less than 5 years,10,2,0,2,8,0,8
S01008399,Born outside the UK: Resident 5 years or more and less than 10 years,9,7,2,5,2,0,2
S01008399,Born outside the UK: Resident 10 years or more,36,34,18,16,2,0,2
S01008400,All people in households,690,651,259,392,39,0,39
S01008400,Born in the UK,634,604,245,359,30,0,30
S01008400,Born outside the UK: Total,56,47,14,33,9,0,9
S01008400,Born outside the UK: Resident less than 2 years,0,0,0,0,0,0,0
S01008400,Born outside the UK: Resident 2 years or more and less than 5 years,1,1,0,1,0,0,0
S01008400,Born outside the UK: Resident 5 years or more and less than 10 years,7,3,2,1,4,0,4
S01008400,Born outside the UK: Resident 10 years or more,48,43,12,31,5,0,5
S01008401,All people in households,968,934,417,517,34,3,31
S01008401,Born in the UK,901,871,389,482,30,3,27
S01008401,Born outside the UK: Total,67,63,28,35,4,0,4
S01008401,Born outside the UK: Resident less than 2 years,1,1,0,1,0,0,0
S01008401,Born outside the UK: Resident 2 years or more and less than 5 years,7,4,1,3,3,0,3
S01008401,Born outside the UK: Resident 5 years or more and less than 10 years,6,5,0,5,1,0,1
S01008401,Born outside the UK: Resident 10 years or more,53,53,27,26,0,0,0
S01008402,All people in households,1092,1051,542,509,41,6,35
S01008402,Born in the UK,1027,997,519,478,30,4,26
S01008402,Born outside the UK: Total,65,54,23,31,11,2,9
S01008402,Born outside the UK: Resident less than 2 years,3,3,1,2,0,0,0
S01008402,Born outside the UK: Resident 2 years or more and less than 5 years,9,1,0,1,8,0,8
S01008402,Born outside the UK: Resident 5 years or more and less than 10 years,2,2,2,0,0,0,0
S01008402,Born outside the UK: Resident 10 years or more,51,48,20,28,3,2,1
S01008403,All people in households,610,602,260,342,8,2,6
S01008403,Born in the UK,591,584,251,333,7,2,5
S01008403,Born outside the UK: Total,19,18,9,9,1,0,1
S01008403,Born outside the UK: Resident less than 2 years,0,0,0,0,0,0,0
S01008403,Born outside the UK: Resident 2 years or more and less than 5 years,1,0,0,0,1,0,1
S01008403,Born outside the UK: Resident 5 years or more and less than 10 years,0,0,0,0,0,0,0
S01008403,Born outside the UK: Resident 10 years or more,18,18,9,9,0,0,0
S01008404,All people in households,886,838,347,491,48,5,43
S01008404,Born in the UK,847,803,333,470,44,4,40
S01008404,Born outside the UK: Total,39,35,14,21,4,1,3
S01008404,Born outside the UK: Resident less than 2 years,4,4,1,3,0,0,0
S01008404,Born outside the UK: Resident 2 years or more and less than 5 years,0,0,0,0,0,0,0
S01008404,Born outside the UK: Resident 5 years or more and less than 10 years,4,4,0,4,0,0,0
S01008404,Born outside the UK: Resident 10 years or more,31,27,13,14,4,1,3
S01008405,All people in households,771,745,299,446,26,12,14
S01008405,Born in the UK,745,721,287,434,24,11,13
S01008405,Born outside the UK: Total,26,24,12,12,2,1,1
S01008405,Born outside the UK: Resident less than 2 years,3,1,0,1,2,1,1
S01008405,Born outside the UK: Resident 2 years or more and less than 5 years,1,1,0,1,0,0,0
S01008405,Born outside the UK: Resident 5 years or more and less than 10 years,3,3,1,2,0,0,0
S01008405,Born outside the UK: Resident 10 years or more,19,19,11,8,0,0,0
S01008406,All people in households,966,737,282,455,229,127,102
S01008406,Born in the UK,911,704,272,432,207,123,84
S01008406,Born outside the UK: Total,55,33,10,23,22,4,18
S01008406,Born outside the UK: Resident less than 2 years,4,3,0,3,1,0,1
S01008406,Born outside the UK: Resident 2 years or more and less than 5 years,0,0,0,0,0,0,0
S01008406,Born outside the UK: Resident 5 years or more and less than 10 years,15,5,1,4,10,0,10
S01008406,Born outside the UK: Resident 10 years or more,36,25,9,16,11,4,7
S01008407,All people in households,522,415,208,207,107,39,68
S01008407,Born in the UK,494,392,198,194,102,39,63
S01008407,Born outside the UK: Total,28,23,10,13,5,0,5
S01008407,Born outside the UK: Resident less than 2 years,2,0,0,0,2,0,2
S01008407,Born outside the UK: Resident 2 years or more and less than 5 years,3,1,0,1,2,0,2
S01008407,Born outside the UK: Resident 5 years or more and less than 10 years,1,1,0,1,0,0,0
S01008407,Born outside the UK: Resident 10 years or more,22,21,10,11,1,0,1
S01008408,All people in households,667,608,180,428,59,20,39
S01008408,Born in the UK,637,585,177,408,52,20,32
S01008408,Born outside the UK: Total,30,23,3,20,7,0,7
S01008408,Born outside the UK: Resident less than 2 years,0,0,0,0,0,0,0
S01008408,Born outside the UK: Resident 2 years or more and less than 5 years,2,0,0,0,2,0,2
S01008408,Born outside the UK: Resident 5 years or more and less than 10 years,5,2,0,2,3,0,3
S01008408,Born outside the UK: Resident 10 years or more,23,21,3,18,2,0,2
S01008409,All people in households,832,625,235,390,207,96,111
S01008409,Born in the UK,787,595,225,370,192,90,102
S01008409,Born outside the UK: Total,45,30,10,20,15,6,9
S01008409,Born outside the UK: Resident less than 2 years,1,1,0,1,0,0,0
S01008409,Born outside the UK: Resident 2 years or more and less than 5 years,9,4,0,4,5,0,5
S01008409,Born outside the UK: Resident 5 years or more and less than 10 years,7,3,0,3,4,2,2
S01008409,Born outside the UK: Resident 10 years or more,28,22,10,12,6,4,2
S01008410,All people in households,589,538,254,284,51,3,48
S01008410,Born in the UK,517,471,228,243,46,3,43
S01008410,Born outside the UK: Total,72,67,26,41,5,0,5
S01008410,Born outside the UK: Resident less than 2 years,2,2,0,2,0,0,0
S01008410,Born outside the UK: Resident 2 years or more and less than 5 years,7,7,2,5,0,0,0
S01008410,Born outside the UK: Resident 5 years or more and less than 10 years,5,5,0,5,0,0,0
S01008410,Born outside the UK: Resident 10 years or more,58,53,24,29,5,0,5
S01008411,All people in households,604,547,212,335,57,22,35
S01008411,Born in the UK,576,523,207,316,53,21,32
S01008411,Born outside the UK: Total,28,24,5,19,4,1,3
S01008411,Born outside the UK: Resident less than 2 years,0,0,0,0,0,0,0
S01008411,Born outside the UK: Resident 2 years or more and less than 5 years,0,0,0,0,0,0,0
S01008411,Born outside the UK: Resident 5 years or more and less than 10 years,6,6,2,4,0,0,0
S01008411,Born outside the UK: Resident 10 years or more,22,18,3,15,4,1,3
S01008412,All people in households,706,623,219,404,83,52,31
S01008412,Born in the UK,669,587,206,381,82,52,30
S01008412,Born outside the UK: Total,37,36,13,23,1,0,1
S01008412,Born outside the UK: Resident less than 2 years,0,0,0,0,0,0,0
S01008412,Born outside the UK: Resident 2 years or more and less than 5 years,5,5,1,4,0,0,0
S01008412,Born outside the UK: Resident 5 years or more and less than 10 years,0,0,0,0,0,0,0
S01008412,Born outside the UK: Resident 10 years or more,32,31,12,19,1,0,1
S01008413,All people in households,549,440,181,259,109,75,34
S01008413,Born in the UK,511,413,172,241,98,69,29
S01008413,Born outside the UK: Total,38,27,9,18,11,6,5
S01008413,Born outside the UK: Resident less than 2 years,1,1,0,1,0,0,0
S01008413,Born outside the UK: Resident 2 years or more and less than 5 years,2,2,1,1,0,0,0
S01008413,Born outside the UK: Resident 5 years or more and less than 10 years,12,4,0,4,8,3,5
S01008413,Born outside the UK: Resident 10 years or more,23,20,8,12,3,3,0
S01008414,All people in households,458,434,182,252,24,4,20
S01008414,Born in the UK,419,405,169,236,14,4,10
S01008414,Born outside the UK: Total,39,29,13,16,10,0,10
S01008414,Born outside the UK: Resident less than 2 years,6,1,1,0,5,0,5
S01008414,Born outside the UK: Resident 2 years or more and less than 5 years,1,1,0,1,0,0,0
S01008414,Born outside the UK: Resident 5 years or more and less than 10 years,5,1,1,0,4,0,4
S01008414,Born outside the UK: Resident 10 years or more,27,26,11,15,1,0,1
S01008415,All people in households,841,720,254,466,121,64,57
S01008415,Born in the UK,772,663,238,425,109,58,51
S01008415,Born outside the UK: Total,69,57,16,41,12,6,6
S01008415,Born outside the UK: Resident less than 2 years,0,0,0,0,0,0,0
S01008415,Born outside the UK: Resident 2 years or more and less than 5 years,8,1,0,1,7,6,1
S01008415,Born outside the UK: Resident 5 years or more and less than 10 years,6,6,0,6,0,0,0
S01008415,Born outside the UK: Resident 10 years or more,55,50,16,34,5,0,5
S01008416,All people in households,941,628,197,431,313,222,91
S01008416,Born in the UK,870,586,180,406,284,213,71
S01008416,Born outside the UK: Total,71,42,17,25,29,9,20
S01008416,Born outside the UK: Resident less than 2 years,12,4,4,0,8,0,8
S01008416,Born outside the UK: Resident 2 years or more and less than 5 years,1,0,0,0,1,0,1
S01008416,Born outside the UK: Resident 5 years or more and less than 10 years,15,3,0,3,12,2,10
S01008416,Born outside the UK: Resident 10 years or more,43,35,13,22,8,7,1
S01008417,All people in households,726,635,265,370,91,13,78
S01008417,Born in the UK,672,593,255,338,79,10,69
S01008417,Born outside the UK: Total,54,42,10,32,12,3,9
S01008417,Born outside the UK: Resident less than 2 years,5,5,3,2,0,0,0
S01008417,Born outside the UK: Resident 2 years or more and less than 5 years,5,1,0,1,4,0,4
S01008417,Born outside the UK: Resident 5 years or more and less than 10 years,17,12,0,12,5,3,2
S01008417,Born outside the UK: Resident 10 years or more,27,24,7,17,3,0,3
S01008418,All people in households,692,601,281,320,91,11,80
S01008418,Born in the UK,643,566,269,297,77,11,66
S01008418,Born outside the UK: Total,49,35,12,23,14,0,14
S01008418,Born outside the UK: Resident less than 2 years,2,0,0,0,2,0,2
S01008418,Born outside the UK: Resident 2 years or more and less than 5 years,10,3,0,3,7,0,7
S01008418,Born outside the UK: Resident 5 years or more and less than 10 years,4,2,0,2,2,0,2
S01008418,Born outside the UK: Resident 10 years or more,33,30,12,18,3,0,3
S01008419,All people in households,500,415,109,306,85,48,37
S01008419,Born in the UK,473,393,105,288,80,46,34
S01008419,Born outside the UK: Total,27,22,4,18,5,2,3
S01008419,Born outside the UK: Resident less than 2 years,1,1,0,1,0,0,0
S01008419,Born outside the UK: Resident 2 years or more and less than 5 years,1,1,0,1,0,0,0
S01008419,Born outside the UK: Resident 5 years or more and less than 10 years,8,6,0,6,2,0,2
S01008419,Born outside the UK: Resident 10 years or more,17,14,4,10,3,2,1
S01008420,All people in households,476,448,201,247,28,7,21
S01008420,Born in the UK,439,422,190,232,17,7,10
S01008420,Born outside the UK: Total,37,26,11,15,11,0,11
S01008420,Born outside the UK: Resident less than 2 years,12,3,2,1,9,0,9
S01008420,Born outside the UK: Resident 2 years or more and less than 5 years,3,3,0,3,0,0,0
S01008420,Born outside the UK: Resident 5 years or more and less than 10 years,1,1,1,0,0,0,0
S01008420,Born outside the UK: Resident 10 years or more,21,19,8,11,2,0,2
S01008421,All people in households,858,656,187,469,202,118,84
S01008421,Born in the UK,811,629,185,444,182,113,69
S01008421,Born outside the UK: Total,47,27,2,25,20,5,15
S01008421,Born outside the UK: Resident less than 2 years,3,0,0,0,3,0,3
S01008421,Born outside the UK: Resident 2 years or more and less than 5 years,5,2,0,2,3,0,3
S01008421,Born outside the UK: Resident 5 years or more and less than 10 years,14,10,1,9,4,0,4
S01008421,Born outside the UK: Resident 10 years or more,25,15,1,14,10,5,5
S01008422,All people in households,621,589,269,320,32,3,29
S01008422,Born in the UK,586,561,254,307,25,3,22
S01008422,Born outside the UK: Total,35,28,15,13,7,0,7
S01008422,Born outside the UK: Resident less than 2 years,7,3,1,2,4,0,4
S01008422,Born outside the UK: Resident 2 years or more and less than 5 years,2,2,0,2,0,0,0
S01008422,Born outside the UK: Resident 5 years or more and less than 10 years,4,4,1,3,0,0,0
S01008422,Born outside the UK: Resident 10 years or more,22,19,13,6,3,0,3
S01008423,All people in households,1063,935,370,565,128,16,112
S01008423,Born in the UK,982,867,343,524,115,13,102
S01008423,Born outside the UK: Total,81,68,27,41,13,3,10
S01008423,Born outside the UK: Resident less than 2 years,4,1,0,1,3,0,3
S01008423,Born outside the UK: Resident 2 years or more and less than 5 years,13,11,2,9,2,0,2
S01008423,Born outside the UK: Resident 5 years or more and less than 10 years,9,6,2,4,3,3,0
S01008423,Born outside the UK: Resident 10 years or more,55,50,23,27,5,0,5
S01008424,All people in households,835,811,447,364,24,3,21
S01008424,Born in the UK,792,771,425,346,21,2,19
S01008424,Born outside the UK: Total,43,40,22,18,3,1,2
S01008424,Born outside the UK: Resident less than 2 years,3,3,0,3,0,0,0
S01008424,Born outside the UK: Resident 2 years or more and less than 5 years,3,3,2,1,0,0,0
S01008424,Born outside the UK: Resident 5 years or more and less than 10 years,7,6,2,4,1,1,0
S01008424,Born outside the UK: Resident 10 years or more,30,28,18,10,2,0,2
S01008425,All people in households,955,869,373,496,86,42,44
S01008425,Born in the UK,903,825,351,474,78,36,42
S01008425,Born outside the UK: Total,52,44,22,22,8,6,2
S01008425,Born outside the UK: Resident less than 2 years,2,2,1,1,0,0,0
S01008425,Born outside the UK: Resident 2 years or more and less than 5 years,10,7,1,6,3,3,0
S01008425,Born outside the UK: Resident 5 years or more and less than 10 years,8,4,0,4,4,2,2
S01008425,Born outside the UK: Resident 10 years or more,32,31,20,11,1,1,0
S01008426,All people in households,573,405,184,221,168,103,65
S01008426,Born in the UK,545,391,179,212,154,101,53
S01008426,Born outside the UK: Total,28,14,5,9,14,2,12
S01008426,Born outside the UK: Resident less than 2 years,9,0,0,0,9,0,9
S01008426,Born outside the UK: Resident 2 years or more and less than 5 years,1,1,0,1,0,0,0
S01008426,Born outside the UK: Resident 5 years or more and less than 10 years,5,3,0,3,2,0,2
S01008426,Born outside the UK: Resident 10 years or more,13,10,5,5,3,2,1
S01008427,All people in households,1068,1013,311,702,55,7,48
S01008427,Born in the UK,1017,973,300,673,44,4,40
S01008427,Born outside the UK: Total,51,40,11,29,11,3,8
S01008427,Born outside the UK: Resident less than 2 years,5,0,0,0,5,0,5
S01008427,Born outside the UK: Resident 2 years or more and less than 5 years,9,6,0,6,3,1,2
S01008427,Born outside the UK: Resident 5 years or more and less than 10 years,8,5,0,5,3,2,1
S01008427,Born outside the UK: Resident 10 years or more,29,29,11,18,0,0,0
S01008428,All people in households,676,523,186,337,153,114,39
S01008428,Born in the UK,643,502,179,323,141,111,30
S01008428,Born outside the UK: Total,33,21,7,14,12,3,9
S01008428,Born outside the UK: Resident less than 2 years,4,0,0,0,4,0,4
S01008428,Born outside the UK: Resident 2 years or more and less than 5 years,4,2,0,2,2,1,1
S01008428,Born outside the UK: Resident 5 years or more and less than 10 years,2,1,0,1,1,0,1
S01008428,Born outside the UK: Resident 10 years or more,23,18,7,11,5,2,3
S01008429,All people in households,841,791,356,435,50,29,21
S01008429,Born in the UK,807,762,343,419,45,28,17
S01008429,Born outside the UK: Total,34,29,13,16,5,1,4
S01008429,Born outside the UK: Resident less than 2 years,3,1,1,0,2,0,2
S01008429,Born outside the UK: Resident 2 years or more and less than 5 years,2,1,0,1,1,0,1
S01008429,Born outside the UK: Resident 5 years or more and less than 10 years,3,3,1,2,0,0,0
S01008429,Born outside the UK: Resident 10 years or more,26,24,11,13,2,1,1
S01008430,All people in households,666,577,242,335,89,40,49
S01008430,Born in the UK,623,543,234,309,80,39,41
S01008430,Born outside the UK: Total,43,34,8,26,9,1,8
S01008430,Born outside the UK: Resident less than 2 years,4,4,0,4,0,0,0
S01008430,Born outside the UK: Resident 2 years or more and less than 5 years,3,0,0,0,3,0,3
S01008430,Born outside the UK: Resident 5 years or more and less than 10 years,7,4,3,1,3,0,3
S01008430,Born outside the UK: Resident 10 years or more,29,26,5,21,3,1,2
S01008431,All people in households,842,760,354,406,82,66,16
S01008431,Born in the UK,819,743,344,399,76,65,11
S01008431,Born outside the UK: Total,23,17,10,7,6,1,5
S01008431,Born outside the UK: Resident less than 2 years,2,2,2,0,0,0,0
S01008431,Born outside the UK: Resident 2 years or more and less than 5 years,6,3,1,2,3,0,3
S01008431,Born outside the UK: Resident 5 years or more and less than 10 years,2,0,0,0,2,0,2
S01008431,Born outside the UK: Resident 10 years or more,13,12,7,5,1,1,0
S01008432,All people in households,701,660,329,331,41,23,18
S01008432,Born in the UK,674,643,320,323,31,17,14
S01008432,Born outside the UK: Total,27,17,9,8,10,6,4
S01008432,Born outside the UK: Resident less than 2 years,1,1,1,0,0,0,0
S01008432,Born outside the UK: Resident 2 years or more and less than 5 years,8,3,0,3,5,1,4
S01008432,Born outside the UK: Resident 5 years or more and less than 10 years,1,0,0,0,1,1,0
S01008432,Born outside the UK: Resident 10 years or more,17,13,8,5,4,4,0
S01008433,All people in households,807,764,322,442,43,15,28
S01008433,Born in the UK,770,736,306,430,34,10,24
S01008433,Born outside the UK: Total,37,28,16,12,9,5,4
S01008433,Born outside the UK: Resident less than 2 years,4,1,0,1,3,2,1
S01008433,Born outside the UK: Resident 2 years or more and less than 5 years,1,0,0,0,1,0,1
S01008433,Born outside the UK: Resident 5 years or more and less than 10 years,4,3,0,3,1,1,0
S01008433,Born outside the UK: Resident 10 years or more,28,24,16,8,4,2,2
S01008434,All people in households,801,744,322,422,57,32,25
S01008434,Born in the UK,761,715,314,401,46,23,23
S01008434,Born outside the UK: Total,40,29,8,21,11,9,2
S01008434,Born outside the UK: Resident less than 2 years,4,0,0,0,4,2,2
S01008434,Born outside the UK: Resident 2 years or more and less than 5 years,1,1,0,1,0,0,0
S01008434,Born outside the UK: Resident 5 years or more and less than 10 years,7,5,1,4,2,2,0
S01008434,Born outside the UK: Resident 10 years or more,28,23,7,16,5,5,0
S01008435,All people in households,766,713,323,390,53,14,39
S01008435,Born in the UK,705,674,310,364,31,10,21
S01008435,Born outside the UK: Total,61,39,13,26,22,4,18
S01008435,Born outside the UK: Resident less than 2 years,3,2,0,2,1,0,1
S01008435,Born outside the UK: Resident 2 years or more and less than 5 years,11,0,0,0,11,0,11
S01008435,Born outside the UK: Resident 5 years or more and less than 10 years,13,4,0,4,9,4,5
S01008435,Born outside the UK: Resident 10 years or more,34,33,13,20,1,0,1
S01008436,All people in households,836,759,317,442,77,18,59
S01008436,Born in the UK,783,709,299,410,74,18,56
S01008436,Born outside the UK: Total,53,50,18,32,3,0,3
S01008436,Born outside the UK: Resident less than 2 years,4,4,1,3,0,0,0
S01008436,Born outside the UK: Resident 2 years or more and less than 5 years,11,11,5,6,0,0,0
S01008436,Born outside the UK: Resident 5 years or more and less than 10 years,2,1,1,0,1,0,1
S01008436,Born outside the UK: Resident 10 years or more,36,34,11,23,2,0,2
S01008437,All people in households,708,528,256,272,180,75,105
S01008437,Born in the UK,647,494,243,251,153,71,82
S01008437,Born outside the UK: Total,61,34,13,21,27,4,23
S01008437,Born outside the UK: Resident less than 2 years,7,0,0,0,7,1,6
S01008437,Born outside the UK: Resident 2 years or more and less than 5 years,13,2,0,2,11,2,9
S01008437,Born outside the UK: Resident 5 years or more and less than 10 years,12,6,1,5,6,0,6
S01008437,Born outside the UK: Resident 10 years or more,29,26,12,14,3,1,2
S01008438,All people in households,437,350,121,229,87,11,76
S01008438,Born in the UK,407,331,114,217,76,11,65
S01008438,Born outside the UK: Total,30,19,7,12,11,0,11
S01008438,Born outside the UK: Resident less than 2 years,0,0,0,0,0,0,0
S01008438,Born outside the UK: Resident 2 years or more and less than 5 years,6,1,0,1,5,0,5
S01008438,Born outside the UK: Resident 5 years or more and less than 10 years,7,3,1,2,4,0,4
S01008438,Born outside the UK: Resident 10 years or more,17,15,6,9,2,0,2
S01008439,All people in households,1112,1043,462,581,69,2,67
S01008439,Born in the UK,1034,983,431,552,51,2,49
S01008439,Born outside the UK: Total,78,60,31,29,18,0,18
S01008439,Born outside the UK: Resident less than 2 years,15,8,5,3,7,0,7
S01008439,Born outside the UK: Resident 2 years or more and less than 5 years,3,2,1,1,1,0,1
S01008439,Born outside the UK: Resident 5 years or more and less than 10 years,11,3,1,2,8,0,8
S01008439,Born outside the UK: Resident 10 years or more,49,47,24,23,2,0,2
S01008440,All people in households,997,932,478,454,65,21,44
S01008440,Born in the UK,934,879,453,426,55,17,38
S01008440,Born outside the UK: Total,63,53,25,28,10,4,6
S01008440,Born outside the UK: Resident less than 2 years,0,0,0,0,0,0,0
S01008440,Born outside the UK: Resident 2 years or more and less than 5 years,4,2,2,0,2,0,2
S01008440,Born outside the UK: Resident 5 years or more and less than 10 years,9,8,4,4,1,0,1
S01008440,Born outside the UK: Resident 10 years or more,50,43,19,24,7,4,3
S01008441,All people in households,465,448,180,268,17,3,14
S01008441,Born in the UK,445,428,171,257,17,3,14
S01008441,Born outside the UK: Total,20,20,9,11,0,0,0
S01008441,Born outside the UK: Resident less than 2 years,0,0,0,0,0,0,0
S01008441,Born outside the UK: Resident 2 years or more and less than 5 years,2,2,0,2,0,0,0
S01008441,Born outside the UK: Resident 5 years or more and less than 10 years,3,3,0,3,0,0,0
S01008441,Born outside the UK: Resident 10 years or more,15,15,9,6,0,0,0
S01008442,All people in households,680,602,179,423,78,4,74
S01008442,Born in the UK,601,548,161,387,53,3,50
S01008442,Born outside the UK: Total,79,54,18,36,25,1,24
S01008442,Born outside the UK: Resident less than 2 years,8,1,0,1,7,0,7
S01008442,Born outside the UK: Resident 2 years or more and less than 5 years,9,2,0,2,7,0,7
S01008442,Born outside the UK: Resident 5 years or more and less than 10 years,15,10,3,7,5,0,5
S01008442,Born outside the UK: Resident 10 years or more,47,41,15,26,6,1,5
S01008443,All people in households,582,532,278,254,50,17,33
S01008443,Born in the UK,538,497,261,236,41,17,24
S01008443,Born outside the UK: Total,44,35,17,18,9,0,9
S01008443,Born outside the UK: Resident less than 2 years,7,4,4,0,3,0,3
S01008443,Born outside the UK: Resident 2 years or more and less than 5 years,7,3,2,1,4,0,4
S01008443,Born outside the UK: Resident 5 years or more and less than 10 years,2,1,0,1,1,0,1
S01008443,Born outside the UK: Resident 10 years or more,28,27,11,16,1,0,1
S01008444,All people in households,623,432,164,268,191,17,174
S01008444,Born in the UK,577,410,150,260,167,15,152
S01008444,Born outside the UK: Total,46,22,14,8,24,2,22
S01008444,Born outside the UK: Resident less than 2 years,2,0,0,0,2,0,2
S01008444,Born outside the UK: Resident 2 years or more and less than 5 years,7,0,0,0,7,1,6
S01008444,Born outside the UK: Resident 5 years or more and less than 10 years,2,1,0,1,1,0,1
S01008444,Born outside the UK: Resident 10 years or more,35,21,14,7,14,1,13
S01008445,All people in households,909,330,137,193,579,234,345
S01008445,Born in the UK,802,297,131,166,505,210,295
S01008445,Born outside the UK: Total,107,33,6,27,74,24,50
S01008445,Born outside the UK: Resident less than 2 years,11,1,0,1,10,5,5
S01008445,Born outside the UK: Resident 2 years or more and less than 5 years,19,0,0,0,19,5,14
S01008445,Born outside the UK: Resident 5 years or more and less than 10 years,20,8,1,7,12,3,9
S01008445,Born outside the UK: Resident 10 years or more,57,24,5,19,33,11,22
S01008446,All people in households,781,736,302,434,45,6,39
S01008446,Born in the UK,744,704,287,417,40,5,35
S01008446,Born outside the UK: Total,37,32,15,17,5,1,4
S01008446,Born outside the UK: Resident less than 2 years,2,1,0,1,1,0,1
S01008446,Born outside the UK: Resident 2 years or more and less than 5 years,5,5,1,4,0,0,0
S01008446,Born outside the UK: Resident 5 years or more and less than 10 years,1,1,1,0,0,0,0
S01008446,Born outside the UK: Resident 10 years or more,29,25,13,12,4,1,3
S01008447,All people in households,675,620,270,350,55,4,51
S01008447,Born in the UK,633,594,260,334,39,3,36
S01008447,Born outside the UK: Total,42,26,10,16,16,1,15
S01008447,Born outside the UK: Resident less than 2 years,8,2,2,0,6,0,6
S01008447,Born outside the UK: Resident 2 years or more and less than 5 years,2,0,0,0,2,0,2
S01008447,Born outside the UK: Resident 5 years or more and less than 10 years,5,1,0,1,4,0,4
S01008447,Born outside the UK: Resident 10 years or more,27,23,8,15,4,1,3
S01008448,All people in households,755,678,302,376,77,33,44
S01008448,Born in the UK,691,637,281,356,54,23,31
S01008448,Born outside the UK: Total,64,41,21,20,23,10,13
S01008448,Born outside the UK: Resident less than 2 years,13,2,0,2,11,8,3
S01008448,Born outside the UK: Resident 2 years or more and less than 5 years,10,2,1,1,8,0,8
S01008448,Born outside the UK: Resident 5 years or more and less than 10 years,7,5,2,3,2,0,2
S01008448,Born outside the UK: Resident 10 years or more,34,32,18,14,2,2,0
S01008449,All people in households,795,184,38,146,611,528,83
S01008449,Born in the UK,607,147,36,111,460,411,49
S01008449,Born outside the UK: Total,188,37,2,35,151,117,34
S01008449,Born outside the UK: Resident less than 2 years,20,3,0,3,17,11,6
S01008449,Born outside the UK: Resident 2 years or more and less than 5 years,83,12,1,11,71,57,14
S01008449,Born outside the UK: Resident 5 years or more and less than 10 years,59,9,0,9,50,37,13
S01008449,Born outside the UK: Resident 10 years or more,26,13,1,12,13,12,1
S01008450,All people in households,555,124,22,102,431,354,77
S01008450,Born in the UK,440,103,18,85,337,298,39
S01008450,Born outside the UK: Total,115,21,4,17,94,56,38
S01008450,Born outside the UK: Resident less than 2 years,10,1,0,1,9,4,5
S01008450,Born outside the UK: Resident 2 years or more and less than 5 years,29,1,0,1,28,16,12
S01008450,Born outside the UK: Resident 5 years or more and less than 10 years,52,10,0,10,42,23,19
S01008450,Born outside the UK: Resident 10 years or more,24,9,4,5,15,13,2
S01008451,All people in households,699,87,15,72,612,580,32
S01008451,Born in the UK,566,76,15,61,490,475,15
S01008451,Born outside the UK: Total,133,11,0,11,122,105,17
S01008451,Born outside the UK: Resident less than 2 years,10,1,0,1,9,6,3
S01008451,Born outside the UK: Resident 2 years or more and less than 5 years,41,1,0,1,40,37,3
S01008451,Born outside the UK: Resident 5 years or more and less than 10 years,47,2,0,2,45,34,11
S01008451,Born outside the UK: Resident 10 years or more,35,7,0,7,28,28,0
S01008452,All people in households,631,51,12,39,580,504,76
S01008452,Born in the UK,440,46,11,35,394,349,45
S01008452,Born outside the UK: Total,191,5,1,4,186,155,31
S01008452,Born outside the UK: Resident less than 2 years,30,1,0,1,29,17,12
S01008452,Born outside the UK: Resident 2 years or more and less than 5 years,73,0,0,0,73,59,14
S01008452,Born outside the UK: Resident 5 years or more and less than 10 years,50,0,0,0,50,46,4
S01008452,Born outside the UK: Resident 10 years or more,38,4,1,3,34,33,1
S01008453,All people in households,506,142,15,127,364,310,54
S01008453,Born in the UK,327,85,8,77,242,205,37
S01008453,Born outside the UK: Total,179,57,7,50,122,105,17
S01008453,Born outside the UK: Resident less than 2 years,15,7,1,6,8,7,1
S01008453,Born outside the UK: Resident 2 years or more and less than 5 years,61,14,3,11,47,41,6
S01008453,Born outside the UK: Resident 5 years or more and less than 10 years,72,21,1,20,51,43,8
S01008453,Born outside the UK: Resident 10 years or more,31,15,2,13,16,14,2
S01008454,All people in households,951,163,35,128,788,742,46
S01008454,Born in the UK,830,140,34,106,690,661,29
S01008454,Born outside the UK: Total,121,23,1,22,98,81,17
S01008454,Born outside the UK: Resident less than 2 years,10,2,0,2,8,4,4
S01008454,Born outside the UK: Resident 2 years or more and less than 5 years,38,5,0,5,33,27,6
S01008454,Born outside the UK: Resident 5 years or more and less than 10 years,34,8,0,8,26,21,5
S01008454,Born outside the UK: Resident 10 years or more,39,8,1,7,31,29,2
S01008455,All people in households,1000,294,110,184,706,497,209
S01008455,Born in the UK,811,272,104,168,539,415,124
S01008455,Born outside the UK: Total,189,22,6,16,167,82,85
S01008455,Born outside the UK: Resident less than 2 years,70,1,0,1,69,28,41
S01008455,Born outside the UK: Resident 2 years or more and less than 5 years,48,2,0,2,46,24,22
S01008455,Born outside the UK: Resident 5 years or more and less than 10 years,38,6,1,5,32,12,20
S01008455,Born outside the UK: Resident 10 years or more,33,13,5,8,20,18,2
S01008456,All people in households,973,280,102,178,693,596,97
S01008456,Born in the UK,786,247,91,156,539,483,56
S01008456,Born outside the UK: Total,187,33,11,22,154,113,41
S01008456,Born outside the UK: Resident less than 2 years,38,0,0,0,38,11,27
S01008456,Born outside the UK: Resident 2 years or more and less than 5 years,46,7,4,3,39,34,5
S01008456,Born outside the UK: Resident 5 years or more and less than 10 years,66,14,4,10,52,45,7
S01008456,Born outside the UK: Resident 10 years or more,37,12,3,9,25,23,2
S01008457,All people in households,616,267,119,148,349,250,99
S01008457,Born in the UK,535,241,114,127,294,234,60
S01008457,Born outside the UK: Total,81,26,5,21,55,16,39
S01008457,Born outside the UK: Resident less than 2 years,36,18,2,16,18,2,16
S01008457,Born outside the UK: Resident 2 years or more and less than 5 years,24,1,1,0,23,5,18
S01008457,Born outside the UK: Resident 5 years or more and less than 10 years,8,2,0,2,6,3,3
S01008457,Born outside the UK: Resident 10 years or more,13,5,2,3,8,6,2
S01008458,All people in households,994,564,195,369,430,236,194
S01008458,Born in the UK,891,531,185,346,360,210,150
S01008458,Born outside the UK: Total,103,33,10,23,70,26,44
S01008458,Born outside the UK: Resident less than 2 years,24,1,0,1,23,2,21
S01008458,Born outside the UK: Resident 2 years or more and less than 5 years,19,5,0,5,14,5,9
S01008458,Born outside the UK: Resident 5 years or more and less than 10 years,27,7,2,5,20,7,13
S01008458,Born outside the UK: Resident 10 years or more,33,20,8,12,13,12,1
S01008459,All people in households,741,227,75,152,514,435,79
S01008459,Born in the UK,623,203,71,132,420,379,41
S01008459,Born outside the UK: Total,118,24,4,20,94,56,38
S01008459,Born outside the UK: Resident less than 2 years,27,0,0,0,27,8,19
S01008459,Born outside the UK: Resident 2 years or more and less than 5 years,33,3,0,3,30,23,7
S01008459,Born outside the UK: Resident 5 years or more and less than 10 years,35,13,1,12,22,13,9
S01008459,Born outside the UK: Resident 10 years or more,23,8,3,5,15,12,3
S01008460,All people in households,805,144,53,91,661,606,55
S01008460,Born in the UK,679,123,49,74,556,517,39
S01008460,Born outside the UK: Total,126,21,4,17,105,89,16
S01008460,Born outside the UK: Resident less than 2 years,15,3,1,2,12,11,1
S01008460,Born outside the UK: Resident 2 years or more and less than 5 years,58,8,1,7,50,43,7
S01008460,Born outside the UK: Resident 5 years or more and less than 10 years,35,4,0,4,31,25,6
S01008460,Born outside the UK: Resident 10 years or more,18,6,2,4,12,10,2
S01008461,All people in households,914,250,92,158,664,602,62
S01008461,Born in the UK,789,219,90,129,570,541,29
S01008461,Born outside the UK: Total,125,31,2,29,94,61,33
S01008461,Born outside the UK: Resident less than 2 years,19,3,1,2,16,4,12
S01008461,Born outside the UK: Resident 2 years or more and less than 5 years,38,3,0,3,35,22,13
S01008461,Born outside the UK: Resident 5 years or more and less than 10 years,39,13,0,13,26,19,7
S01008461,Born outside the UK: Resident 10 years or more,29,12,1,11,17,16,1
S01008462,All people in households,564,57,45,12,507,486,21
S01008462,Born in the UK,504,44,36,8,460,449,11
S01008462,Born outside the UK: Total,60,13,9,4,47,37,10
S01008462,Born outside the UK: Resident less than 2 years,12,2,2,0,10,1,9
S01008462,Born outside the UK: Resident 2 years or more and less than 5 years,17,4,2,2,13,13,0
S01008462,Born outside the UK: Resident 5 years or more and less than 10 years,14,4,2,2,10,10,0
S01008462,Born outside the UK: Resident 10 years or more,17,3,3,0,14,13,1
S01008463,All people in households,670,199,60,139,471,395,76
S01008463,Born in the UK,557,186,55,131,371,338,33
S01008463,Born outside the UK: Total,113,13,5,8,100,57,43
S01008463,Born outside the UK: Resident less than 2 years,41,0,0,0,41,16,25
S01008463,Born outside the UK: Resident 2 years or more and less than 5 years,26,1,0,1,25,17,8
S01008463,Born outside the UK: Resident 5 years or more and less than 10 years,22,3,0,3,19,13,6
S01008463,Born outside the UK: Resident 10 years or more,24,9,5,4,15,11,4
S01008464,All people in households,850,632,209,423,218,27,191
S01008464,Born in the UK,784,603,205,398,181,25,156
S01008464,Born outside the UK: Total,66,29,4,25,37,2,35
S01008464,Born outside the UK: Resident less than 2 years,17,2,0,2,15,0,15
S01008464,Born outside the UK: Resident 2 years or more and less than 5 years,9,2,0,2,7,0,7
S01008464,Born outside the UK: Resident 5 years or more and less than 10 years,13,5,0,5,8,1,7
S01008464,Born outside the UK: Resident 10 years or more,27,20,4,16,7,1,6
S01008465,All people in households,742,489,168,321,253,37,216
S01008465,Born in the UK,671,468,161,307,203,33,170
S01008465,Born outside the UK: Total,71,21,7,14,50,4,46
S01008465,Born outside the UK: Resident less than 2 years,22,1,0,1,21,2,19
S01008465,Born outside the UK: Resident 2 years or more and less than 5 years,10,2,0,2,8,0,8
S01008465,Born outside the UK: Resident 5 years or more and less than 10 years,18,6,0,6,12,1,11
S01008465,Born outside the UK: Resident 10 years or more,21,12,7,5,9,1,8
S01008466,All people in households,744,499,157,342,245,29,216
S01008466,Born in the UK,647,469,153,316,178,22,156
S01008466,Born outside the UK: Total,97,30,4,26,67,7,60
S01008466,Born outside the UK: Resident less than 2 years,27,2,0,2,25,1,24
S01008466,Born outside the UK: Resident 2 years or more and less than 5 years,22,2,1,1,20,2,18
S01008466,Born outside the UK: Resident 5 years or more and less than 10 years,29,12,0,12,17,3,14
S01008466,Born outside the UK: Resident 10 years or more,19,14,3,11,5,1,4
S01008467,All people in households,785,609,213,396,176,27,149
S01008467,Born in the UK,728,578,203,375,150,18,132
S01008467,Born outside the UK: Total,57,31,10,21,26,9,17
S01008467,Born outside the UK: Resident less than 2 years,11,4,0,4,7,0,7
S01008467,Born outside the UK: Resident 2 years or more and less than 5 years,9,5,0,5,4,1,3
S01008467,Born outside the UK: Resident 5 years or more and less than 10 years,12,4,1,3,8,5,3
S01008467,Born outside the UK: Resident 10 years or more,25,18,9,9,7,3,4
S01008468,All people in households,615,336,94,242,279,169,110
S01008468,Born in the UK,539,312,92,220,227,151,76
S01008468,Born outside the UK: Total,76,24,2,22,52,18,34
S01008468,Born outside the UK: Resident less than 2 years,19,4,0,4,15,0,15
S01008468,Born outside the UK: Resident 2 years or more and less than 5 years,11,3,0,3,8,5,3
S01008468,Born outside the UK: Resident 5 years or more and less than 10 years,35,8,0,8,27,11,16
S01008468,Born outside the UK: Resident 10 years or more,11,9,2,7,2,2,0
S01008469,All people in households,577,353,80,273,224,66,158
S01008469,Born in the UK,428,309,77,232,119,59,60
S01008469,Born outside the UK: Total,149,44,3,41,105,7,98
S01008469,Born outside the UK: Resident less than 2 years,53,3,0,3,50,0,50
S01008469,Born outside the UK: Resident 2 years or more and less than 5 years,22,0,0,0,22,1,21
S01008469,Born outside the UK: Resident 5 years or more and less than 10 years,38,16,1,15,22,1,21
S01008469,Born outside the UK: Resident 10 years or more,36,25,2,23,11,5,6
S01008470,All people in households,728,286,99,187,442,334,108
S01008470,Born in the UK,610,256,91,165,354,288,66
S01008470,Born outside the UK: Total,118,30,8,22,88,46,42
S01008470,Born outside the UK: Resident less than 2 years,28,4,2,2,24,5,19
S01008470,Born outside the UK: Resident 2 years or more and less than 5 years,32,4,1,3,28,16,12
S01008470,Born outside the UK: Resident 5 years or more and less than 10 years,32,14,2,12,18,15,3
S01008470,Born outside the UK: Resident 10 years or more,26,8,3,5,18,10,8
S01008471,All people in households,858,172,53,119,686,574,112
S01008471,Born in the UK,699,156,52,104,543,490,53
S01008471,Born outside the UK: Total,159,16,1,15,143,84,59
S01008471,Born outside the UK: Resident less than 2 years,44,5,0,5,39,17,22
S01008471,Born outside the UK: Resident 2 years or more and less than 5 years,44,2,0,2,42,23,19
S01008471,Born outside the UK: Resident 5 years or more and less than 10 years,52,4,0,4,48,31,17
S01008471,Born outside the UK: Resident 10 years or more,19,5,1,4,14,13,1
S01008472,All people in households,714,330,98,232,384,212,172
S01008472,Born in the UK,565,295,92,203,270,184,86
S01008472,Born outside the UK: Total,149,35,6,29,114,28,86
S01008472,Born outside the UK: Resident less than 2 years,71,6,2,4,65,2,63
S01008472,Born outside the UK: Resident 2 years or more and less than 5 years,26,3,1,2,23,8,15
S01008472,Born outside the UK: Resident 5 years or more and less than 10 years,33,16,0,16,17,13,4
S01008472,Born outside the UK: Resident 10 years or more,19,10,3,7,9,5,4
S01008473,All people in households,700,286,82,204,414,305,109
S01008473,Born in the UK,597,267,78,189,330,275,55
S01008473,Born outside the UK: Total,103,19,4,15,84,30,54
S01008473,Born outside the UK: Resident less than 2 years,21,2,0,2,19,1,18
S01008473,Born outside the UK: Resident 2 years or more and less than 5 years,37,4,0,4,33,12,21
S01008473,Born outside the UK: Resident 5 years or more and less than 10 years,25,5,0,5,20,9,11
S01008473,Born outside the UK: Resident 10 years or more,20,8,4,4,12,8,4
S01008474,All people in households,779,269,86,183,510,347,163
S01008474,Born in the UK,673,242,83,159,431,324,107
S01008474,Born outside the UK: Total,106,27,3,24,79,23,56
S01008474,Born outside the UK: Resident less than 2 years,15,1,0,1,14,1,13
S01008474,Born outside the UK: Resident 2 years or more and less than 5 years,30,3,0,3,27,4,23
S01008474,Born outside the UK: Resident 5 years or more and less than 10 years,38,15,0,15,23,10,13
S01008474,Born outside the UK: Resident 10 years or more,23,8,3,5,15,8,7
S01008475,All people in households,610,293,112,181,317,152,165
S01008475,Born in the UK,540,268,109,159,272,146,126
S01008475,Born outside the UK: Total,70,25,3,22,45,6,39
S01008475,Born outside the UK: Resident less than 2 years,14,1,0,1,13,0,13
S01008475,Born outside the UK: Resident 2 years or more and less than 5 years,26,7,1,6,19,1,18
S01008475,Born outside the UK: Resident 5 years or more and less than 10 years,19,10,0,10,9,2,7
S01008475,Born outside the UK: Resident 10 years or more,11,7,2,5,4,3,1
S01008476,All people in households,699,356,144,212,343,198,145
S01008476,Born in the UK,619,338,139,199,281,178,103
S01008476,Born outside the UK: Total,80,18,5,13,62,20,42
S01008476,Born outside the UK: Resident less than 2 years,11,0,0,0,11,2,9
S01008476,Born outside the UK: Resident 2 years or more and less than 5 years,25,4,0,4,21,0,21
S01008476,Born outside the UK: Resident 5 years or more and less than 10 years,16,4,0,4,12,3,9
S01008476,Born outside the UK: Resident 10 years or more,28,10,5,5,18,15,3
S01008477,All people in households,773,410,175,235,363,206,157
S01008477,Born in the UK,687,394,169,225,293,196,97
S01008477,Born outside the UK: Total,86,16,6,10,70,10,60
S01008477,Born outside the UK: Resident less than 2 years,17,2,1,1,15,0,15
S01008477,Born outside the UK: Resident 2 years or more and less than 5 years,31,0,0,0,31,2,29
S01008477,Born outside the UK: Resident 5 years or more and less than 10 years,25,7,0,7,18,4,14
S01008477,Born outside the UK: Resident 10 years or more,13,7,5,2,6,4,2
S01008478,All people in households,803,362,138,224,441,253,188
S01008478,Born in the UK,671,331,134,197,340,227,113
S01008478,Born outside the UK: Total,132,31,4,27,101,26,75
S01008478,Born outside the UK: Resident less than 2 years,44,2,0,2,42,5,37
S01008478,Born outside the UK: Resident 2 years or more and less than 5 years,32,1,0,1,31,2,29
S01008478,Born outside the UK: Resident 5 years or more and less than 10 years,33,14,0,14,19,10,9
S01008478,Born outside the UK: Resident 10 years or more,23,14,4,10,9,9,0
S01008479,All people in households,755,419,167,252,336,148,188
S01008479,Born in the UK,659,395,162,233,264,136,128
S01008479,Born outside the UK: Total,96,24,5,19,72,12,60
S01008479,Born outside the UK: Resident less than 2 years,26,0,0,0,26,0,26
S01008479,Born outside the UK: Resident 2 years or more and less than 5 years,29,3,0,3,26,3,23
S01008479,Born outside the UK: Resident 5 years or more and less than 10 years,20,8,0,8,12,3,9
S01008479,Born outside the UK: Resident 10 years or more,21,13,5,8,8,6,2
S01008480,All people in households,607,214,62,152,393,223,170
S01008480,Born in the UK,493,200,60,140,293,204,89
S01008480,Born outside the UK: Total,114,14,2,12,100,19,81
S01008480,Born outside the UK: Resident less than 2 years,29,0,0,0,29,1,28
S01008480,Born outside the UK: Resident 2 years or more and less than 5 years,41,5,0,5,36,5,31
S01008480,Born outside the UK: Resident 5 years or more and less than 10 years,28,0,0,0,28,8,20
S01008480,Born outside the UK: Resident 10 years or more,16,9,2,7,7,5,2
S01008481,All people in households,983,594,229,365,389,302,87
S01008481,Born in the UK,918,560,221,339,358,287,71
S01008481,Born outside the UK: Total,65,34,8,26,31,15,16
S01008481,Born outside the UK: Resident less than 2 years,10,0,0,0,10,0,10
S01008481,Born outside the UK: Resident 2 years or more and less than 5 years,5,1,0,1,4,1,3
S01008481,Born outside the UK: Resident 5 years or more and less than 10 years,14,10,0,10,4,2,2
S01008481,Born outside the UK: Resident 10 years or more,36,23,8,15,13,12,1
S01008482,All people in households,607,365,144,221,242,139,103
S01008482,Born in the UK,569,354,144,210,215,135,80
S01008482,Born outside the UK: Total,38,11,0,11,27,4,23
S01008482,Born outside the UK: Resident less than 2 years,12,1,0,1,11,0,11
S01008482,Born outside the UK: Resident 2 years or more and less than 5 years,9,1,0,1,8,0,8
S01008482,Born outside the UK: Resident 5 years or more and less than 10 years,7,4,0,4,3,0,3
S01008482,Born outside the UK: Resident 10 years or more,10,5,0,5,5,4,1
S01008483,All people in households,598,334,100,234,264,165,99
S01008483,Born in the UK,521,314,94,220,207,154,53
S01008483,Born outside the UK: Total,77,20,6,14,57,11,46
S01008483,Born outside the UK: Resident less than 2 years,28,0,0,0,28,2,26
S01008483,Born outside the UK: Resident 2 years or more and less than 5 years,10,0,0,0,10,1,9
S01008483,Born outside the UK: Resident 5 years or more and less than 10 years,14,7,0,7,7,1,6
S01008483,Born outside the UK: Resident 10 years or more,25,13,6,7,12,7,5
S01008484,All people in households,754,598,226,372,156,84,72
S01008484,Born in the UK,695,565,216,349,130,79,51
S01008484,Born outside the UK: Total,59,33,10,23,26,5,21
S01008484,Born outside the UK: Resident less than 2 years,11,1,0,1,10,0,10
S01008484,Born outside the UK: Resident 2 years or more and less than 5 years,8,1,0,1,7,2,5
S01008484,Born outside the UK: Resident 5 years or more and less than 10 years,13,7,0,7,6,1,5
S01008484,Born outside the UK: Resident 10 years or more,27,24,10,14,3,2,1
S01008485,All people in households,1015,606,236,370,409,63,346
S01008485,Born in the UK,925,575,226,349,350,58,292
S01008485,Born outside the UK: Total,90,31,10,21,59,5,54
S01008485,Born outside the UK: Resident less than 2 years,25,2,0,2,23,3,20
S01008485,Born outside the UK: Resident 2 years or more and less than 5 years,15,1,0,1,14,1,13
S01008485,Born outside the UK: Resident 5 years or more and less than 10 years,17,4,0,4,13,0,13
S01008485,Born outside the UK: Resident 10 years or more,33,24,10,14,9,1,8
S01008486,All people in households,867,606,267,339,261,151,110
S01008486,Born in the UK,779,560,249,311,219,142,77
S01008486,Born outside the UK: Total,88,46,18,28,42,9,33
S01008486,Born outside the UK: Resident less than 2 years,27,4,2,2,23,1,22
S01008486,Born outside the UK: Resident 2 years or more and less than 5 years,11,6,3,3,5,1,4
S01008486,Born outside the UK: Resident 5 years or more and less than 10 years,14,11,1,10,3,0,3
S01008486,Born outside the UK: Resident 10 years or more,36,25,12,13,11,7,4
S01008487,All people in households,759,465,102,363,294,93,201
S01008487,Born in the UK,658,431,100,331,227,83,144
S01008487,Born outside the UK: Total,101,34,2,32,67,10,57
S01008487,Born outside the UK: Resident less than 2 years,24,5,0,5,19,0,19
S01008487,Born outside the UK: Resident 2 years or more and less than 5 years,26,4,0,4,22,4,18
S01008487,Born outside the UK: Resident 5 years or more and less than 10 years,30,12,0,12,18,3,15
S01008487,Born outside the UK: Resident 10 years or more,21,13,2,11,8,3,5
S01008488,All people in households,764,470,166,304,294,104,190
S01008488,Born in the UK,639,421,157,264,218,95,123
S01008488,Born outside the UK: Total,125,49,9,40,76,9,67
S01008488,Born outside the UK: Resident less than 2 years,42,6,1,5,36,0,36
S01008488,Born outside the UK: Resident 2 years or more and less than 5 years,24,8,1,7,16,1,15
S01008488,Born outside the UK: Resident 5 years or more and less than 10 years,32,18,2,16,14,6,8
S01008488,Born outside the UK: Resident 10 years or more,27,17,5,12,10,2,8
S01008489,All people in households,620,406,173,233,214,113,101
S01008489,Born in the UK,532,374,165,209,158,102,56
S01008489,Born outside the UK: Total,88,32,8,24,56,11,45
S01008489,Born outside the UK: Resident less than 2 years,26,5,0,5,21,0,21
S01008489,Born outside the UK: Resident 2 years or more and less than 5 years,15,0,0,0,15,3,12
S01008489,Born outside the UK: Resident 5 years or more and less than 10 years,20,7,0,7,13,5,8
S01008489,Born outside the UK: Resident 10 years or more,27,20,8,12,7,3,4
S01008490,All people in households,893,572,220,352,321,89,232
S01008490,Born in the UK,736,516,209,307,220,78,142
S01008490,Born outside the UK: Total,157,56,11,45,101,11,90
S01008490,Born outside the UK: Resident less than 2 years,39,6,4,2,33,4,29
S01008490,Born outside the UK: Resident 2 years or more and less than 5 years,49,12,0,12,37,2,35
S01008490,Born outside the UK: Resident 5 years or more and less than 10 years,28,9,1,8,19,1,18
S01008490,Born outside the UK: Resident 10 years or more,41,29,6,23,12,4,8
S01008491,All people in households,914,428,158,270,486,117,369
S01008491,Born in the UK,639,367,140,227,272,103,169
S01008491,Born outside the UK: Total,275,61,18,43,214,14,200
S01008491,Born outside the UK: Resident less than 2 years,113,10,4,6,103,3,100
S01008491,Born outside the UK: Resident 2 years or more and less than 5 years,84,14,0,14,70,5,65
S01008491,Born outside the UK: Resident 5 years or more and less than 10 years,37,12,0,12,25,3,22
S01008491,Born outside the UK: Resident 10 years or more,41,25,14,11,16,3,13
S01008492,All people in households,944,430,47,383,514,293,221
S01008492,Born in the UK,778,376,33,343,402,265,137
S01008492,Born outside the UK: Total,166,54,14,40,112,28,84
S01008492,Born outside the UK: Resident less than 2 years,55,9,5,4,46,7,39
S01008492,Born outside the UK: Resident 2 years or more and less than 5 years,40,7,3,4,33,7,26
S01008492,Born outside the UK: Resident 5 years or more and less than 10 years,26,10,0,10,16,7,9
S01008492,Born outside the UK: Resident 10 years or more,45,28,6,22,17,7,10
S01008493,All people in households,793,421,181,240,372,180,192
S01008493,Born in the UK,685,396,172,224,289,170,119
S01008493,Born outside the UK: Total,108,25,9,16,83,10,73
S01008493,Born outside the UK: Resident less than 2 years,35,1,1,0,34,2,32
S01008493,Born outside the UK: Resident 2 years or more and less than 5 years,25,2,0,2,23,2,21
S01008493,Born outside the UK: Resident 5 years or more and less than 10 years,21,7,1,6,14,2,12
S01008493,Born outside the UK: Resident 10 years or more,27,15,7,8,12,4,8
S01008494,All people in households,688,297,74,223,391,100,291
S01008494,Born in the UK,512,260,70,190,252,90,162
S01008494,Born outside the UK: Total,176,37,4,33,139,10,129
S01008494,Born outside the UK: Resident less than 2 years,51,2,1,1,49,0,49
S01008494,Born outside the UK: Resident 2 years or more and less than 5 years,50,9,0,9,41,1,40
S01008494,Born outside the UK: Resident 5 years or more and less than 10 years,44,8,0,8,36,3,33
S01008494,Born outside the UK: Resident 10 years or more,31,18,3,15,13,6,7
S01008495,All people in households,891,306,78,228,585,65,520
S01008495,Born in the UK,582,277,70,207,305,57,248
S01008495,Born outside the UK: Total,309,29,8,21,280,8,272
S01008495,Born outside the UK: Resident less than 2 years,156,5,2,3,151,4,147
S01008495,Born outside the UK: Resident 2 years or more and less than 5 years,76,4,3,1,72,3,69
S01008495,Born outside the UK: Resident 5 years or more and less than 10 years,53,14,0,14,39,0,39
S01008495,Born outside the UK: Resident 10 years or more,24,6,3,3,18,1,17
S01008496,All people in households,956,340,68,272,616,41,575
S01008496,Born in the UK,584,295,55,240,289,35,254
S01008496,Born outside the UK: Total,372,45,13,32,327,6,321
S01008496,Born outside the UK: Resident less than 2 years,140,4,0,4,136,0,136
S01008496,Born outside the UK: Resident 2 years or more and less than 5 years,89,5,1,4,84,0,84
S01008496,Born outside the UK: Resident 5 years or more and less than 10 years,86,11,2,9,75,2,73
S01008496,Born outside the UK: Resident 10 years or more,57,25,10,15,32,4,28
S01008497,All people in households,786,321,80,241,465,52,413
S01008497,Born in the UK,545,282,73,209,263,42,221
S01008497,Born outside the UK: Total,241,39,7,32,202,10,192
S01008497,Born outside the UK: Resident less than 2 years,78,2,1,1,76,2,74
S01008497,Born outside the UK: Resident 2 years or more and less than 5 years,84,10,2,8,74,1,73
S01008497,Born outside the UK: Resident 5 years or more and less than 10 years,50,13,0,13,37,4,33
S01008497,Born outside the UK: Resident 10 years or more,29,14,4,10,15,3,12
S01008498,All people in households,764,301,68,233,463,130,333
S01008498,Born in the UK,578,269,63,206,309,116,193
S01008498,Born outside the UK: Total,186,32,5,27,154,14,140
S01008498,Born outside the UK: Resident less than 2 years,68,2,0,2,66,5,61
S01008498,Born outside the UK: Resident 2 years or more and less than 5 years,38,1,0,1,37,2,35
S01008498,Born outside the UK: Resident 5 years or more and less than 10 years,46,13,0,13,33,1,32
S01008498,Born outside the UK: Resident 10 years or more,34,16,5,11,18,6,12
S01008499,All people in households,996,314,73,241,682,128,554
S01008499,Born in the UK,652,257,63,194,395,108,287
S01008499,Born outside the UK: Total,344,57,10,47,287,20,267
S01008499,Born outside the UK: Resident less than 2 years,98,3,0,3,95,4,91
S01008499,Born outside the UK: Resident 2 years or more and less than 5 years,102,9,1,8,93,4,89
S01008499,Born outside the UK: Resident 5 years or more and less than 10 years,84,15,0,15,69,3,66
S01008499,Born outside the UK: Resident 10 years or more,60,30,9,21,30,9,21
S01008500,All people in households,402,62,9,53,340,220,120
S01008500,Born in the UK,307,49,9,40,258,190,68
S01008500,Born outside the UK: Total,95,13,0,13,82,30,52
S01008500,Born outside the UK: Resident less than 2 years,36,1,0,1,35,6,29
S01008500,Born outside the UK: Resident 2 years or more and less than 5 years,19,2,0,2,17,7,10
S01008500,Born outside the UK: Resident 5 years or more and less than 10 years,19,2,0,2,17,9,8
S01008500,Born outside the UK: Resident 10 years or more,21,8,0,8,13,8,5
S01008501,All people in households,607,164,38,126,443,50,393
S01008501,Born in the UK,394,130,25,105,264,41,223
S01008501,Born outside the UK: Total,213,34,13,21,179,9,170
S01008501,Born outside the UK: Resident less than 2 years,106,9,5,4,97,3,94
S01008501,Born outside the UK: Resident 2 years or more and less than 5 years,51,6,1,5,45,1,44
S01008501,Born outside the UK: Resident 5 years or more and less than 10 years,34,9,6,3,25,4,21
S01008501,Born outside the UK: Resident 10 years or more,22,10,1,9,12,1,11
S01008502,All people in households,635,246,53,193,389,6,383
S01008502,Born in the UK,414,221,47,174,193,3,190
S01008502,Born outside the UK: Total,221,25,6,19,196,3,193
S01008502,Born outside the UK: Resident less than 2 years,102,2,1,1,100,2,98
S01008502,Born outside the UK: Resident 2 years or more and less than 5 years,64,4,1,3,60,0,60
S01008502,Born outside the UK: Resident 5 years or more and less than 10 years,26,6,0,6,20,0,20
S01008502,Born outside the UK: Resident 10 years or more,29,13,4,9,16,1,15
S01008503,All people in households,833,486,106,380,347,29,318
S01008503,Born in the UK,667,423,92,331,244,25,219
S01008503,Born outside the UK: Total,166,63,14,49,103,4,99
S01008503,Born outside the UK: Resident less than 2 years,54,7,5,2,47,1,46
S01008503,Born outside the UK: Resident 2 years or more and less than 5 years,33,6,0,6,27,1,26
S01008503,Born outside the UK: Resident 5 years or more and less than 10 years,36,15,1,14,21,2,19
S01008503,Born outside the UK: Resident 10 years or more,43,35,8,27,8,0,8
S01008504,All people in households,1107,792,214,578,315,8,307
S01008504,Born in the UK,923,732,207,525,191,4,187
S01008504,Born outside the UK: Total,184,60,7,53,124,4,120
S01008504,Born outside the UK: Resident less than 2 years,49,6,0,6,43,0,43
S01008504,Born outside the UK: Resident 2 years or more and less than 5 years,36,3,0,3,33,1,32
S01008504,Born outside the UK: Resident 5 years or more and less than 10 years,44,11,1,10,33,2,31
S01008504,Born outside the UK: Resident 10 years or more,55,40,6,34,15,1,14
S01008505,All people in households,711,579,212,367,132,5,127
S01008505,Born in the UK,624,540,199,341,84,5,79
S01008505,Born outside the UK: Total,87,39,13,26,48,0,48
S01008505,Born outside the UK: Resident less than 2 years,29,1,0,1,28,0,28
S01008505,Born outside the UK: Resident 2 years or more and less than 5 years,12,4,1,3,8,0,8
S01008505,Born outside the UK: Resident 5 years or more and less than 10 years,15,6,0,6,9,0,9
S01008505,Born outside the UK: Resident 10 years or more,31,28,12,16,3,0,3
S01008506,All people in households,788,568,270,298,220,29,191
S01008506,Born in the UK,671,513,243,270,158,25,133
S01008506,Born outside the UK: Total,117,55,27,28,62,4,58
S01008506,Born outside the UK: Resident less than 2 years,17,1,0,1,16,0,16
S01008506,Born outside the UK: Resident 2 years or more and less than 5 years,28,7,3,4,21,1,20
S01008506,Born outside the UK: Resident 5 years or more and less than 10 years,19,6,5,1,13,1,12
S01008506,Born outside the UK: Resident 10 years or more,53,41,19,22,12,2,10
S01008507,All people in households,755,483,129,354,272,38,234
S01008507,Born in the UK,617,421,120,301,196,30,166
S01008507,Born outside the UK: Total,138,62,9,53,76,8,68
S01008507,Born outside the UK: Resident less than 2 years,35,3,1,2,32,1,31
S01008507,Born outside the UK: Resident 2 years or more and less than 5 years,31,6,1,5,25,2,23
S01008507,Born outside the UK: Resident 5 years or more and less than 10 years,29,15,0,15,14,5,9
S01008507,Born outside the UK: Resident 10 years or more,43,38,7,31,5,0,5
S01008508,All people in households,847,751,314,437,96,6,90
S01008508,Born in the UK,778,708,296,412,70,6,64
S01008508,Born outside the UK: Total,69,43,18,25,26,0,26
S01008508,Born outside the UK: Resident less than 2 years,7,0,0,0,7,0,7
S01008508,Born outside the UK: Resident 2 years or more and less than 5 years,6,2,1,1,4,0,4
S01008508,Born outside the UK: Resident 5 years or more and less than 10 years,13,5,0,5,8,0,8
S01008508,Born outside the UK: Resident 10 years or more,43,36,17,19,7,0,7
S01008509,All people in households,994,843,393,450,151,24,127
S01008509,Born in the UK,907,795,368,427,112,16,96
S01008509,Born outside the UK: Total,87,48,25,23,39,8,31
S01008509,Born outside the UK: Resident less than 2 years,19,0,0,0,19,2,17
S01008509,Born outside the UK: Resident 2 years or more and less than 5 years,12,2,1,1,10,1,9
S01008509,Born outside the UK: Resident 5 years or more and less than 10 years,12,9,1,8,3,0,3
S01008509,Born outside the UK: Resident 10 years or more,44,37,23,14,7,5,2
S01008510,All people in households,904,801,338,463,103,8,95
S01008510,Born in the UK,835,774,323,451,61,8,53
S01008510,Born outside the UK: Total,69,27,15,12,42,0,42
S01008510,Born outside the UK: Resident less than 2 years,27,0,0,0,27,0,27
S01008510,Born outside the UK: Resident 2 years or more and less than 5 years,10,1,0,1,9,0,9
S01008510,Born outside the UK: Resident 5 years or more and less than 10 years,8,2,1,1,6,0,6
S01008510,Born outside the UK: Resident 10 years or more,24,24,14,10,0,0,0
S01008511,All people in households,879,803,350,453,76,10,66
S01008511,Born in the UK,791,734,321,413,57,8,49
S01008511,Born outside the UK: Total,88,69,29,40,19,2,17
S01008511,Born outside the UK: Resident less than 2 years,12,5,3,2,7,0,7
S01008511,Born outside the UK: Resident 2 years or more and less than 5 years,6,3,3,0,3,0,3
S01008511,Born outside the UK: Resident 5 years or more and less than 10 years,12,9,0,9,3,0,3
S01008511,Born outside the UK: Resident 10 years or more,58,52,23,29,6,2,4
S01008512,All people in households,505,493,241,252,12,0,12
S01008512,Born in the UK,469,460,226,234,9,0,9
S01008512,Born outside the UK: Total,36,33,15,18,3,0,3
S01008512,Born outside the UK: Resident less than 2 years,1,0,0,0,1,0,1
S01008512,Born outside the UK: Resident 2 years or more and less than 5 years,3,2,1,1,1,0,1
S01008512,Born outside the UK: Resident 5 years or more and less than 10 years,3,2,1,1,1,0,1
S01008512,Born outside the UK: Resident 10 years or more,29,29,13,16,0,0,0
S01008513,All people in households,669,648,277,371,21,10,11
S01008513,Born in the UK,611,591,261,330,20,10,10
S01008513,Born outside the UK: Total,58,57,16,41,1,0,1
S01008513,Born outside the UK: Resident less than 2 years,1,1,0,1,0,0,0
S01008513,Born outside the UK: Resident 2 years or more and less than 5 years,4,4,1,3,0,0,0
S01008513,Born outside the UK: Resident 5 years or more and less than 10 years,14,14,0,14,0,0,0
S01008513,Born outside the UK: Resident 10 years or more,39,38,15,23,1,0,1
S01008514,All people in households,877,756,362,394,121,15,106
S01008514,Born in the UK,790,697,341,356,93,15,78
S01008514,Born outside the UK: Total,87,59,21,38,28,0,28
S01008514,Born outside the UK: Resident less than 2 years,15,3,1,2,12,0,12
S01008514,Born outside the UK: Resident 2 years or more and less than 5 years,17,7,0,7,10,0,10
S01008514,Born outside the UK: Resident 5 years or more and less than 10 years,9,8,0,8,1,0,1
S01008514,Born outside the UK: Resident 10 years or more,46,41,20,21,5,0,5
S01008515,All people in households,747,685,235,450,62,4,58
S01008515,Born in the UK,688,642,225,417,46,4,42
S01008515,Born outside the UK: Total,59,43,10,33,16,0,16
S01008515,Born outside the UK: Resident less than 2 years,5,3,0,3,2,0,2
S01008515,Born outside the UK: Resident 2 years or more and less than 5 years,2,0,0,0,2,0,2
S01008515,Born outside the UK: Resident 5 years or more and less than 10 years,13,4,0,4,9,0,9
S01008515,Born outside the UK: Resident 10 years or more,39,36,10,26,3,0,3
S01008516,All people in households,901,463,165,298,438,38,400
S01008516,Born in the UK,700,408,157,251,292,37,255
S01008516,Born outside the UK: Total,201,55,8,47,146,1,145
S01008516,Born outside the UK: Resident less than 2 years,68,6,0,6,62,0,62
S01008516,Born outside the UK: Resident 2 years or more and less than 5 years,47,8,1,7,39,0,39
S01008516,Born outside the UK: Resident 5 years or more and less than 10 years,40,11,2,9,29,1,28
S01008516,Born outside the UK: Resident 10 years or more,46,30,5,25,16,0,16
S01008517,All people in households,860,467,223,244,393,15,378
S01008517,Born in the UK,682,425,202,223,257,15,242
S01008517,Born outside the UK: Total,178,42,21,21,136,0,136
S01008517,Born outside the UK: Resident less than 2 years,70,1,1,0,69,0,69
S01008517,Born outside the UK: Resident 2 years or more and less than 5 years,36,3,0,3,33,0,33
S01008517,Born outside the UK: Resident 5 years or more and less than 10 years,32,9,5,4,23,0,23
S01008517,Born outside the UK: Resident 10 years or more,40,29,15,14,11,0,11
S01008518,All people in households,905,725,301,424,180,12,168
S01008518,Born in the UK,770,650,277,373,120,5,115
S01008518,Born outside the UK: Total,135,75,24,51,60,7,53
S01008518,Born outside the UK: Resident less than 2 years,32,3,2,1,29,3,26
S01008518,Born outside the UK: Resident 2 years or more and less than 5 years,9,1,0,1,8,1,7
S01008518,Born outside the UK: Resident 5 years or more and less than 10 years,27,12,1,11,15,3,12
S01008518,Born outside the UK: Resident 10 years or more,67,59,21,38,8,0,8
S01008519,All people in households,809,734,306,428,75,7,68
S01008519,Born in the UK,738,677,286,391,61,6,55
S01008519,Born outside the UK: Total,71,57,20,37,14,1,13
S01008519,Born outside the UK: Resident less than 2 years,8,3,1,2,5,0,5
S01008519,Born outside the UK: Resident 2 years or more and less than 5 years,14,8,1,7,6,1,5
S01008519,Born outside the UK: Resident 5 years or more and less than 10 years,2,1,0,1,1,0,1
S01008519,Born outside the UK: Resident 10 years or more,47,45,18,27,2,0,2
S01008520,All people in households,1076,1011,512,499,65,10,55
S01008520,Born in the UK,990,942,477,465,48,10,38
S01008520,Born outside the UK: Total,86,69,35,34,17,0,17
S01008520,Born outside the UK: Resident less than 2 years,6,4,3,1,2,0,2
S01008520,Born outside the UK: Resident 2 years or more and less than 5 years,9,4,1,3,5,0,5
S01008520,Born outside the UK: Resident 5 years or more and less than 10 years,12,9,1,8,3,0,3
S01008520,Born outside the UK: Resident 10 years or more,59,52,30,22,7,0,7
S01008521,All people in households,902,863,408,455,39,6,33
S01008521,Born in the UK,850,816,380,436,34,6,28
S01008521,Born outside the UK: Total,52,47,28,19,5,0,5
S01008521,Born outside the UK: Resident less than 2 years,4,1,0,1,3,0,3
S01008521,Born outside the UK: Resident 2 years or more and less than 5 years,3,1,0,1,2,0,2
S01008521,Born outside the UK: Resident 5 years or more and less than 10 years,1,1,0,1,0,0,0
S01008521,Born outside the UK: Resident 10 years or more,44,44,28,16,0,0,0
S01008522,All people in households,532,464,211,253,68,0,68
S01008522,Born in the UK,470,419,192,227,51,0,51
S01008522,Born outside the UK: Total,62,45,19,26,17,0,17
S01008522,Born outside the UK: Resident less than 2 years,3,0,0,0,3,0,3
S01008522,Born outside the UK: Resident 2 years or more and less than 5 years,8,3,2,1,5,0,5
S01008522,Born outside the UK: Resident 5 years or more and less than 10 years,13,6,0,6,7,0,7
S01008522,Born outside the UK: Resident 10 years or more,38,36,17,19,2,0,2
S01008523,All people in households,967,835,303,532,132,10,122
S01008523,Born in the UK,857,760,284,476,97,8,89
S01008523,Born outside the UK: Total,110,75,19,56,35,2,33
S01008523,Born outside the UK: Resident less than 2 years,23,6,3,3,17,0,17
S01008523,Born outside the UK: Resident 2 years or more and less than 5 years,21,9,0,9,12,0,12
S01008523,Born outside the UK: Resident 5 years or more and less than 10 years,22,22,0,22,0,0,0
S01008523,Born outside the UK: Resident 10 years or more,44,38,16,22,6,2,4
S01008524,All people in households,863,358,118,240,505,395,110
S01008524,Born in the UK,786,338,113,225,448,368,80
S01008524,Born outside the UK: Total,77,20,5,15,57,27,30
S01008524,Born outside the UK: Resident less than 2 years,16,0,0,0,16,1,15
S01008524,Born outside the UK: Resident 2 years or more and less than 5 years,18,2,0,2,16,6,10
S01008524,Born outside the UK: Resident 5 years or more and less than 10 years,18,8,0,8,10,8,2
S01008524,Born outside the UK: Resident 10 years or more,25,10,5,5,15,12,3
S01008525,All people in households,775,267,102,165,508,388,120
S01008525,Born in the UK,691,246,96,150,445,348,97
S01008525,Born outside the UK: Total,84,21,6,15,63,40,23
S01008525,Born outside the UK: Resident less than 2 years,11,1,1,0,10,4,6
S01008525,Born outside the UK: Resident 2 years or more and less than 5 years,19,2,0,2,17,8,9
S01008525,Born outside the UK: Resident 5 years or more and less than 10 years,31,11,0,11,20,16,4
S01008525,Born outside the UK: Resident 10 years or more,23,7,5,2,16,12,4
S01008526,All people in households,846,594,218,376,252,116,136
S01008526,Born in the UK,765,548,211,337,217,109,108
S01008526,Born outside the UK: Total,81,46,7,39,35,7,28
S01008526,Born outside the UK: Resident less than 2 years,8,1,0,1,7,0,7
S01008526,Born outside the UK: Resident 2 years or more and less than 5 years,8,3,1,2,5,0,5
S01008526,Born outside the UK: Resident 5 years or more and less than 10 years,32,20,1,19,12,0,12
S01008526,Born outside the UK: Resident 10 years or more,33,22,5,17,11,7,4
S01008527,All people in households,726,528,164,364,198,29,169
S01008527,Born in the UK,666,492,152,340,174,26,148
S01008527,Born outside the UK: Total,60,36,12,24,24,3,21
S01008527,Born outside the UK: Resident less than 2 years,9,3,2,1,6,1,5
S01008527,Born outside the UK: Resident 2 years or more and less than 5 years,11,8,0,8,3,0,3
S01008527,Born outside the UK: Resident 5 years or more and less than 10 years,13,8,1,7,5,0,5
S01008527,Born outside the UK: Resident 10 years or more,27,17,9,8,10,2,8
S01008528,All people in households,720,513,157,356,207,18,189
S01008528,Born in the UK,667,482,155,327,185,18,167
S01008528,Born outside the UK: Total,53,31,2,29,22,0,22
S01008528,Born outside the UK: Resident less than 2 years,7,1,0,1,6,0,6
S01008528,Born outside the UK: Resident 2 years or more and less than 5 years,5,0,0,0,5,0,5
S01008528,Born outside the UK: Resident 5 years or more and less than 10 years,15,10,0,10,5,0,5
S01008528,Born outside the UK: Resident 10 years or more,26,20,2,18,6,0,6
S01008529,All people in households,724,544,204,340,180,107,73
S01008529,Born in the UK,692,525,197,328,167,101,66
S01008529,Born outside the UK: Total,32,19,7,12,13,6,7
S01008529,Born outside the UK: Resident less than 2 years,3,0,0,0,3,0,3
S01008529,Born outside the UK: Resident 2 years or more and less than 5 years,6,0,0,0,6,4,2
S01008529,Born outside the UK: Resident 5 years or more and less than 10 years,5,3,0,3,2,1,1
S01008529,Born outside the UK: Resident 10 years or more,18,16,7,9,2,1,1
S01008530,All people in households,724,354,118,236,370,289,81
S01008530,Born in the UK,647,325,111,214,322,267,55
S01008530,Born outside the UK: Total,77,29,7,22,48,22,26
S01008530,Born outside the UK: Resident less than 2 years,15,2,1,1,13,4,9
S01008530,Born outside the UK: Resident 2 years or more and less than 5 years,8,2,0,2,6,1,5
S01008530,Born outside the UK: Resident 5 years or more and less than 10 years,25,11,0,11,14,4,10
S01008530,Born outside the UK: Resident 10 years or more,29,14,6,8,15,13,2
S01008531,All people in households,748,386,153,233,362,246,116
S01008531,Born in the UK,673,354,144,210,319,235,84
S01008531,Born outside the UK: Total,75,32,9,23,43,11,32
S01008531,Born outside the UK: Resident less than 2 years,12,2,1,1,10,2,8
S01008531,Born outside the UK: Resident 2 years or more and less than 5 years,10,2,0,2,8,0,8
S01008531,Born outside the UK: Resident 5 years or more and less than 10 years,27,15,2,13,12,3,9
S01008531,Born outside the UK: Resident 10 years or more,26,13,6,7,13,6,7
S01008532,All people in households,443,278,104,174,165,121,44
S01008532,Born in the UK,414,265,102,163,149,117,32
S01008532,Born outside the UK: Total,29,13,2,11,16,4,12
S01008532,Born outside the UK: Resident less than 2 years,5,2,0,2,3,0,3
S01008532,Born outside the UK: Resident 2 years or more and less than 5 years,7,1,0,1,6,0,6
S01008532,Born outside the UK: Resident 5 years or more and less than 10 years,8,4,0,4,4,1,3
S01008532,Born outside the UK: Resident 10 years or more,9,6,2,4,3,3,0
S01008533,All people in households,541,110,36,74,431,110,321
S01008533,Born in the UK,452,93,31,62,359,89,270
S01008533,Born outside the UK: Total,89,17,5,12,72,21,51
S01008533,Born outside the UK: Resident less than 2 years,16,1,1,0,15,6,9
S01008533,Born outside the UK: Resident 2 years or more and less than 5 years,15,1,1,0,14,3,11
S01008533,Born outside the UK: Resident 5 years or more and less than 10 years,26,6,0,6,20,8,12
S01008533,Born outside the UK: Resident 10 years or more,32,9,3,6,23,4,19
S01008534,All people in households,723,497,185,312,226,33,193
S01008534,Born in the UK,662,470,174,296,192,31,161
S01008534,Born outside the UK: Total,61,27,11,16,34,2,32
S01008534,Born outside the UK: Resident less than 2 years,15,1,0,1,14,0,14
S01008534,Born outside the UK: Resident 2 years or more and less than 5 years,5,2,1,1,3,1,2
S01008534,Born outside the UK: Resident 5 years or more and less than 10 years,12,0,0,0,12,1,11
S01008534,Born outside the UK: Resident 10 years or more,29,24,10,14,5,0,5
S01008535,All people in households,709,680,286,394,29,6,23
S01008535,Born in the UK,674,653,275,378,21,1,20
S01008535,Born outside the UK: Total,35,27,11,16,8,5,3
S01008535,Born outside the UK: Resident less than 2 years,1,1,0,1,0,0,0
S01008535,Born outside the UK: Resident 2 years or more and less than 5 years,4,0,0,0,4,2,2
S01008535,Born outside the UK: Resident 5 years or more and less than 10 years,3,0,0,0,3,3,0
S01008535,Born outside the UK: Resident 10 years or more,27,26,11,15,1,0,1
S01008536,All people in households,569,533,285,248,36,11,25
S01008536,Born in the UK,535,509,276,233,26,8,18
S01008536,Born outside the UK: Total,34,24,9,15,10,3,7
S01008536,Born outside the UK: Resident less than 2 years,1,1,1,0,0,0,0
S01008536,Born outside the UK: Resident 2 years or more and less than 5 years,5,2,0,2,3,1,2
S01008536,Born outside the UK: Resident 5 years or more and less than 10 years,7,2,0,2,5,2,3
S01008536,Born outside the UK: Resident 10 years or more,21,19,8,11,2,0,2
S01008537,All people in households,673,641,350,291,32,0,32
S01008537,Born in the UK,640,619,338,281,21,0,21
S01008537,Born outside the UK: Total,33,22,12,10,11,0,11
S01008537,Born outside the UK: Resident less than 2 years,1,1,1,0,0,0,0
S01008537,Born outside the UK: Resident 2 years or more and less than 5 years,3,1,0,1,2,0,2
S01008537,Born outside the UK: Resident 5 years or more and less than 10 years,6,2,0,2,4,0,4
S01008537,Born outside the UK: Resident 10 years or more,23,18,11,7,5,0,5
S01008538,All people in households,542,529,295,234,13,0,13
S01008538,Born in the UK,508,502,282,220,6,0,6
S01008538,Born outside the UK: Total,34,27,13,14,7,0,7
S01008538,Born outside the UK: Resident less than 2 years,7,1,1,0,6,0,6
S01008538,Born outside the UK: Resident 2 years or more and less than 5 years,1,1,0,1,0,0,0
S01008538,Born outside the UK: Resident 5 years or more and less than 10 years,2,2,0,2,0,0,0
S01008538,Born outside the UK: Resident 10 years or more,24,23,12,11,1,0,1
S01008539,All people in households,833,775,367,408,58,0,58
S01008539,Born in the UK,769,722,340,382,47,0,47
S01008539,Born outside the UK: Total,64,53,27,26,11,0,11
S01008539,Born outside the UK: Resident less than 2 years,5,2,1,1,3,0,3
S01008539,Born outside the UK: Resident 2 years or more and less than 5 years,4,4,1,3,0,0,0
S01008539,Born outside the UK: Resident 5 years or more and less than 10 years,13,9,4,5,4,0,4
S01008539,Born outside the UK: Resident 10 years or more,42,38,21,17,4,0,4
S01008540,All people in households,861,806,425,381,55,4,51
S01008540,Born in the UK,809,762,409,353,47,3,44
S01008540,Born outside the UK: Total,52,44,16,28,8,1,7
S01008540,Born outside the UK: Resident less than 2 years,2,2,0,2,0,0,0
S01008540,Born outside the UK: Resident 2 years or more and less than 5 years,3,3,2,1,0,0,0
S01008540,Born outside the UK: Resident 5 years or more and less than 10 years,11,9,1,8,2,0,2
S01008540,Born outside the UK: Resident 10 years or more,36,30,13,17,6,1,5
S01008541,All people in households,886,831,323,508,55,2,53
S01008541,Born in the UK,832,798,312,486,34,1,33
S01008541,Born outside the UK: Total,54,33,11,22,21,1,20
S01008541,Born outside the UK: Resident less than 2 years,1,0,0,0,1,0,1
S01008541,Born outside the UK: Resident 2 years or more and less than 5 years,12,2,0,2,10,0,10
S01008541,Born outside the UK: Resident 5 years or more and less than 10 years,7,1,1,0,6,0,6
S01008541,Born outside the UK: Resident 10 years or more,34,30,10,20,4,1,3
S01008542,All people in households,942,901,303,598,41,1,40
S01008542,Born in the UK,876,847,292,555,29,1,28
S01008542,Born outside the UK: Total,66,54,11,43,12,0,12
S01008542,Born outside the UK: Resident less than 2 years,6,5,0,5,1,0,1
S01008542,Born outside the UK: Resident 2 years or more and less than 5 years,8,6,0,6,2,0,2
S01008542,Born outside the UK: Resident 5 years or more and less than 10 years,14,8,0,8,6,0,6
S01008542,Born outside the UK: Resident 10 years or more,38,35,11,24,3,0,3
S01008543,All people in households,740,700,201,499,40,4,36
S01008543,Born in the UK,681,651,189,462,30,1,29
S01008543,Born outside the UK: Total,59,49,12,37,10,3,7
S01008543,Born outside the UK: Resident less than 2 years,2,0,0,0,2,0,2
S01008543,Born outside the UK: Resident 2 years or more and less than 5 years,2,0,0,0,2,0,2
S01008543,Born outside the UK: Resident 5 years or more and less than 10 years,14,11,1,10,3,1,2
S01008543,Born outside the UK: Resident 10 years or more,41,38,11,27,3,2,1
S01008544,All people in households,653,623,176,447,30,6,24
S01008544,Born in the UK,607,585,169,416,22,4,18
S01008544,Born outside the UK: Total,46,38,7,31,8,2,6
S01008544,Born outside the UK: Resident less than 2 years,4,0,0,0,4,0,4
S01008544,Born outside the UK: Resident 2 years or more and less than 5 years,5,5,0,5,0,0,0
S01008544,Born outside the UK: Resident 5 years or more and less than 10 years,3,3,0,3,0,0,0
S01008544,Born outside the UK: Resident 10 years or more,34,30,7,23,4,2,2
S01008545,All people in households,898,832,351,481,66,6,60
S01008545,Born in the UK,832,782,334,448,50,2,48
S01008545,Born outside the UK: Total,66,50,17,33,16,4,12
S01008545,Born outside the UK: Resident less than 2 years,6,0,0,0,6,0,6
S01008545,Born outside the UK: Resident 2 years or more and less than 5 years,17,13,1,12,4,1,3
S01008545,Born outside the UK: Resident 5 years or more and less than 10 years,1,1,1,0,0,0,0
S01008545,Born outside the UK: Resident 10 years or more,42,36,15,21,6,3,3
S01008546,All people in households,806,789,391,398,17,0,17
S01008546,Born in the UK,750,742,373,369,8,0,8
S01008546,Born outside the UK: Total,56,47,18,29,9,0,9
S01008546,Born outside the UK: Resident less than 2 years,2,0,0,0,2,0,2
S01008546,Born outside the UK: Resident 2 years or more and less than 5 years,0,0,0,0,0,0,0
S01008546,Born outside the UK: Resident 5 years or more and less than 10 years,6,2,0,2,4,0,4
S01008546,Born outside the UK: Resident 10 years or more,48,45,18,27,3,0,3
S01008547,All people in households,1010,870,208,662,140,36,104
S01008547,Born in the UK,901,793,196,597,108,29,79
S01008547,Born outside the UK: Total,109,77,12,65,32,7,25
S01008547,Born outside the UK: Resident less than 2 years,6,3,0,3,3,0,3
S01008547,Born outside the UK: Resident 2 years or more and less than 5 years,15,2,0,2,13,1,12
S01008547,Born outside the UK: Resident 5 years or more and less than 10 years,30,21,0,21,9,2,7
S01008547,Born outside the UK: Resident 10 years or more,58,51,12,39,7,4,3
S01008548,All people in households,835,656,89,567,179,66,113
S01008548,Born in the UK,744,609,85,524,135,61,74
S01008548,Born outside the UK: Total,91,47,4,43,44,5,39
S01008548,Born outside the UK: Resident less than 2 years,5,2,0,2,3,0,3
S01008548,Born outside the UK: Resident 2 years or more and less than 5 years,20,3,0,3,17,1,16
S01008548,Born outside the UK: Resident 5 years or more and less than 10 years,33,16,1,15,17,3,14
S01008548,Born outside the UK: Resident 10 years or more,33,26,3,23,7,1,6
S01008549,All people in households,948,750,200,550,198,73,125
S01008549,Born in the UK,863,696,184,512,167,65,102
S01008549,Born outside the UK: Total,85,54,16,38,31,8,23
S01008549,Born outside the UK: Resident less than 2 years,13,6,5,1,7,0,7
S01008549,Born outside the UK: Resident 2 years or more and less than 5 years,11,3,0,3,8,1,7
S01008549,Born outside the UK: Resident 5 years or more and less than 10 years,15,7,1,6,8,4,4
S01008549,Born outside the UK: Resident 10 years or more,46,38,10,28,8,3,5
S01008550,All people in households,798,691,258,433,107,20,87
S01008550,Born in the UK,701,623,236,387,78,14,64
S01008550,Born outside the UK: Total,97,68,22,46,29,6,23
S01008550,Born outside the UK: Resident less than 2 years,8,1,0,1,7,0,7
S01008550,Born outside the UK: Resident 2 years or more and less than 5 years,13,5,2,3,8,3,5
S01008550,Born outside the UK: Resident 5 years or more and less than 10 years,19,13,1,12,6,1,5
S01008550,Born outside the UK: Resident 10 years or more,57,49,19,30,8,2,6
S01008551,All people in households,969,869,377,492,100,40,60
S01008551,Born in the UK,878,806,359,447,72,35,37
S01008551,Born outside the UK: Total,91,63,18,45,28,5,23
S01008551,Born outside the UK: Resident less than 2 years,16,4,0,4,12,0,12
S01008551,Born outside the UK: Resident 2 years or more and less than 5 years,8,2,0,2,6,1,5
S01008551,Born outside the UK: Resident 5 years or more and less than 10 years,12,4,0,4,8,3,5
S01008551,Born outside the UK: Resident 10 years or more,55,53,18,35,2,1,1
S01008552,All people in households,876,745,270,475,131,45,86
S01008552,Born in the UK,801,694,258,436,107,43,64
S01008552,Born outside the UK: Total,75,51,12,39,24,2,22
S01008552,Born outside the UK: Resident less than 2 years,7,3,1,2,4,0,4
S01008552,Born outside the UK: Resident 2 years or more and less than 5 years,8,0,0,0,8,0,8
S01008552,Born outside the UK: Resident 5 years or more and less than 10 years,11,6,0,6,5,2,3
S01008552,Born outside the UK: Resident 10 years or more,49,42,11,31,7,0,7
S01008553,All people in households,523,375,149,226,148,118,30
S01008553,Born in the UK,471,332,145,187,139,117,22
S01008553,Born outside the UK: Total,52,43,4,39,9,1,8
S01008553,Born outside the UK: Resident less than 2 years,7,3,0,3,4,0,4
S01008553,Born outside the UK: Resident 2 years or more and less than 5 years,12,10,0,10,2,0,2
S01008553,Born outside the UK: Resident 5 years or more and less than 10 years,13,11,0,11,2,0,2
S01008553,Born outside the UK: Resident 10 years or more,20,19,4,15,1,1,0
S01008554,All people in households,1090,336,100,236,754,664,90
S01008554,Born in the UK,963,300,93,207,663,596,67
S01008554,Born outside the UK: Total,127,36,7,29,91,68,23
S01008554,Born outside the UK: Resident less than 2 years,8,1,1,0,7,1,6
S01008554,Born outside the UK: Resident 2 years or more and less than 5 years,27,8,2,6,19,12,7
S01008554,Born outside the UK: Resident 5 years or more and less than 10 years,51,9,0,9,42,34,8
S01008554,Born outside the UK: Resident 10 years or more,41,18,4,14,23,21,2
S01008555,All people in households,1027,286,64,222,741,638,103
S01008555,Born in the UK,916,242,62,180,674,595,79
S01008555,Born outside the UK: Total,111,44,2,42,67,43,24
S01008555,Born outside the UK: Resident less than 2 years,13,1,0,1,12,1,11
S01008555,Born outside the UK: Resident 2 years or more and less than 5 years,28,10,1,9,18,13,5
S01008555,Born outside the UK: Resident 5 years or more and less than 10 years,48,23,1,22,25,17,8
S01008555,Born outside the UK: Resident 10 years or more,22,10,0,10,12,12,0
S01008556,All people in households,778,359,100,259,419,309,110
S01008556,Born in the UK,695,312,97,215,383,287,96
S01008556,Born outside the UK: Total,83,47,3,44,36,22,14
S01008556,Born outside the UK: Resident less than 2 years,7,1,0,1,6,2,4
S01008556,Born outside the UK: Resident 2 years or more and less than 5 years,23,13,0,13,10,3,7
S01008556,Born outside the UK: Resident 5 years or more and less than 10 years,24,14,0,14,10,10,0
S01008556,Born outside the UK: Resident 10 years or more,29,19,3,16,10,7,3
S01008557,All people in households,914,331,91,240,583,427,156
S01008557,Born in the UK,774,265,84,181,509,400,109
S01008557,Born outside the UK: Total,140,66,7,59,74,27,47
S01008557,Born outside the UK: Resident less than 2 years,11,1,0,1,10,0,10
S01008557,Born outside the UK: Resident 2 years or more and less than 5 years,45,9,0,9,36,11,25
S01008557,Born outside the UK: Resident 5 years or more and less than 10 years,47,32,0,32,15,6,9
S01008557,Born outside the UK: Resident 10 years or more,37,24,7,17,13,10,3
S01008558,All people in households,912,474,172,302,438,311,127
S01008558,Born in the UK,811,433,159,274,378,279,99
S01008558,Born outside the UK: Total,101,41,13,28,60,32,28
S01008558,Born outside the UK: Resident less than 2 years,31,8,1,7,23,4,19
S01008558,Born outside the UK: Resident 2 years or more and less than 5 years,10,2,0,2,8,4,4
S01008558,Born outside the UK: Resident 5 years or more and less than 10 years,27,14,3,11,13,12,1
S01008558,Born outside the UK: Resident 10 years or more,33,17,9,8,16,12,4
S01008559,All people in households,715,447,130,317,268,200,68
S01008559,Born in the UK,658,412,123,289,246,190,56
S01008559,Born outside the UK: Total,57,35,7,28,22,10,12
S01008559,Born outside the UK: Resident less than 2 years,7,2,0,2,5,0,5
S01008559,Born outside the UK: Resident 2 years or more and less than 5 years,8,3,0,3,5,5,0
S01008559,Born outside the UK: Resident 5 years or more and less than 10 years,19,12,1,11,7,2,5
S01008559,Born outside the UK: Resident 10 years or more,23,18,6,12,5,3,2
S01008560,All people in households,699,416,106,310,283,196,87
S01008560,Born in the UK,611,355,100,255,256,189,67
S01008560,Born outside the UK: Total,88,61,6,55,27,7,20
S01008560,Born outside the UK: Resident less than 2 years,17,9,0,9,8,0,8
S01008560,Born outside the UK: Resident 2 years or more and less than 5 years,11,8,0,8,3,0,3
S01008560,Born outside the UK: Resident 5 years or more and less than 10 years,41,32,4,28,9,0,9
S01008560,Born outside the UK: Resident 10 years or more,19,12,2,10,7,7,0
S01008561,All people in households,674,380,99,281,294,200,94
S01008561,Born in the UK,602,359,95,264,243,184,59
S01008561,Born outside the UK: Total,72,21,4,17,51,16,35
S01008561,Born outside the UK: Resident less than 2 years,25,1,0,1,24,0,24
S01008561,Born outside the UK: Resident 2 years or more and less than 5 years,7,0,0,0,7,2,5
S01008561,Born outside the UK: Resident 5 years or more and less than 10 years,25,10,0,10,15,10,5
S01008561,Born outside the UK: Resident 10 years or more,15,10,4,6,5,4,1
S01008562,All people in households,675,143,9,134,532,503,29
S01008562,Born in the UK,621,130,7,123,491,469,22
S01008562,Born outside the UK: Total,54,13,2,11,41,34,7
S01008562,Born outside the UK: Resident less than 2 years,6,0,0,0,6,6,0
S01008562,Born outside the UK: Resident 2 years or more and less than 5 years,10,1,0,1,9,7,2
S01008562,Born outside the UK: Resident 5 years or more and less than 10 years,20,5,0,5,15,13,2
S01008562,Born outside the UK: Resident 10 years or more,18,7,2,5,11,8,3
S01008563,All people in households,805,433,114,319,372,253,119
S01008563,Born in the UK,716,388,103,285,328,228,100
S01008563,Born outside the UK: Total,89,45,11,34,44,25,19
S01008563,Born outside the UK: Resident less than 2 years,17,3,0,3,14,10,4
S01008563,Born outside the UK: Resident 2 years or more and less than 5 years,13,8,1,7,5,2,3
S01008563,Born outside the UK: Resident 5 years or more and less than 10 years,31,17,3,14,14,8,6
S01008563,Born outside the UK: Resident 10 years or more,28,17,7,10,11,5,6
S01008564,All people in households,587,409,144,265,178,105,73
S01008564,Born in the UK,543,385,143,242,158,98,60
S01008564,Born outside the UK: Total,44,24,1,23,20,7,13
S01008564,Born outside the UK: Resident less than 2 years,1,1,0,1,0,0,0
S01008564,Born outside the UK: Resident 2 years or more and less than 5 years,11,0,0,0,11,0,11
S01008564,Born outside the UK: Resident 5 years or more and less than 10 years,17,17,0,17,0,0,0
S01008564,Born outside the UK: Resident 10 years or more,15,6,1,5,9,7,2
S01008565,All people in households,928,471,167,304,457,363,94
S01008565,Born in the UK,808,406,157,249,402,344,58
S01008565,Born outside the UK: Total,120,65,10,55,55,19,36
S01008565,Born outside the UK: Resident less than 2 years,19,4,0,4,15,0,15
S01008565,Born outside the UK: Resident 2 years or more and less than 5 years,20,10,0,10,10,3,7
S01008565,Born outside the UK: Resident 5 years or more and less than 10 years,42,25,0,25,17,8,9
S01008565,Born outside the UK: Resident 10 years or more,39,26,10,16,13,8,5
S01008566,All people in households,1064,618,148,470,446,328,118
S01008566,Born in the UK,975,557,143,414,418,315,103
S01008566,Born outside the UK: Total,89,61,5,56,28,13,15
S01008566,Born outside the UK: Resident less than 2 years,12,8,1,7,4,0,4
S01008566,Born outside the UK: Resident 2 years or more and less than 5 years,25,15,0,15,10,2,8
S01008566,Born outside the UK: Resident 5 years or more and less than 10 years,20,19,1,18,1,0,1
S01008566,Born outside the UK: Resident 10 years or more,32,19,3,16,13,11,2
S01008567,All people in households,744,413,120,293,331,244,87
S01008567,Born in the UK,660,361,106,255,299,236,63
S01008567,Born outside the UK: Total,84,52,14,38,32,8,24
S01008567,Born outside the UK: Resident less than 2 years,23,6,5,1,17,2,15
S01008567,Born outside the UK: Resident 2 years or more and less than 5 years,15,10,1,9,5,1,4
S01008567,Born outside the UK: Resident 5 years or more and less than 10 years,31,25,3,22,6,3,3
S01008567,Born outside the UK: Resident 10 years or more,15,11,5,6,4,2,2
S01008568,All people in households,793,590,142,448,203,40,163
S01008568,Born in the UK,666,513,128,385,153,33,120
S01008568,Born outside the UK: Total,127,77,14,63,50,7,43
S01008568,Born outside the UK: Resident less than 2 years,17,9,1,8,8,0,8
S01008568,Born outside the UK: Resident 2 years or more and less than 5 years,22,11,1,10,11,0,11
S01008568,Born outside the UK: Resident 5 years or more and less than 10 years,45,28,3,25,17,0,17
S01008568,Born outside the UK: Resident 10 years or more,43,29,9,20,14,7,7
S01008569,All people in households,640,77,40,37,563,503,60
S01008569,Born in the UK,542,60,34,26,482,460,22
S01008569,Born outside the UK: Total,98,17,6,11,81,43,38
S01008569,Born outside the UK: Resident less than 2 years,18,2,2,0,16,9,7
S01008569,Born outside the UK: Resident 2 years or more and less than 5 years,18,5,3,2,13,3,10
S01008569,Born outside the UK: Resident 5 years or more and less than 10 years,38,4,0,4,34,18,16
S01008569,Born outside the UK: Resident 10 years or more,24,6,1,5,18,13,5
S01008570,All people in households,961,312,101,211,649,548,101
S01008570,Born in the UK,828,274,99,175,554,490,64
S01008570,Born outside the UK: Total,133,38,2,36,95,58,37
S01008570,Born outside the UK: Resident less than 2 years,39,4,0,4,35,26,9
S01008570,Born outside the UK: Resident 2 years or more and less than 5 years,31,5,0,5,26,6,20
S01008570,Born outside the UK: Resident 5 years or more and less than 10 years,45,17,0,17,28,20,8
S01008570,Born outside the UK: Resident 10 years or more,18,12,2,10,6,6,0
S01008571,All people in households,672,451,192,259,221,149,72
S01008571,Born in the UK,611,415,185,230,196,139,57
S01008571,Born outside the UK: Total,61,36,7,29,25,10,15
S01008571,Born outside the UK: Resident less than 2 years,4,3,0,3,1,1,0
S01008571,Born outside the UK: Resident 2 years or more and less than 5 years,13,5,0,5,8,2,6
S01008571,Born outside the UK: Resident 5 years or more and less than 10 years,18,9,0,9,9,5,4
S01008571,Born outside the UK: Resident 10 years or more,26,19,7,12,7,2,5
S01008572,All people in households,817,589,207,382,228,96,132
S01008572,Born in the UK,690,514,196,318,176,89,87
S01008572,Born outside the UK: Total,127,75,11,64,52,7,45
S01008572,Born outside the UK: Resident less than 2 years,15,3,2,1,12,0,12
S01008572,Born outside the UK: Resident 2 years or more and less than 5 years,36,18,1,17,18,3,15
S01008572,Born outside the UK: Resident 5 years or more and less than 10 years,37,26,0,26,11,0,11
S01008572,Born outside the UK: Resident 10 years or more,39,28,8,20,11,4,7
S01008573,All people in households,819,709,209,500,110,38,72
S01008573,Born in the UK,688,601,178,423,87,37,50
S01008573,Born outside the UK: Total,131,108,31,77,23,1,22
S01008573,Born outside the UK: Resident less than 2 years,8,1,0,1,7,0,7
S01008573,Born outside the UK: Resident 2 years or more and less than 5 years,20,9,1,8,11,0,11
S01008573,Born outside the UK: Resident 5 years or more and less than 10 years,19,17,7,10,2,0,2
S01008573,Born outside the UK: Resident 10 years or more,84,81,23,58,3,1,2
S01008574,All people in households,727,665,202,463,62,11,51
S01008574,Born in the UK,634,598,191,407,36,11,25
S01008574,Born outside the UK: Total,93,67,11,56,26,0,26
S01008574,Born outside the UK: Resident less than 2 years,16,6,2,4,10,0,10
S01008574,Born outside the UK: Resident 2 years or more and less than 5 years,12,5,0,5,7,0,7
S01008574,Born outside the UK: Resident 5 years or more and less than 10 years,10,7,0,7,3,0,3
S01008574,Born outside the UK: Resident 10 years or more,55,49,9,40,6,0,6
S01008575,All people in households,801,715,247,468,86,15,71
S01008575,Born in the UK,702,639,227,412,63,12,51
S01008575,Born outside the UK: Total,99,76,20,56,23,3,20
S01008575,Born outside the UK: Resident less than 2 years,10,1,0,1,9,1,8
S01008575,Born outside the UK: Resident 2 years or more and less than 5 years,9,4,0,4,5,0,5
S01008575,Born outside the UK: Resident 5 years or more and less than 10 years,14,9,1,8,5,0,5
S01008575,Born outside the UK: Resident 10 years or more,66,62,19,43,4,2,2
S01008576,All people in households,820,706,317,389,114,25,89
S01008576,Born in the UK,735,660,296,364,75,20,55
S01008576,Born outside the UK: Total,85,46,21,25,39,5,34
S01008576,Born outside the UK: Resident less than 2 years,19,4,0,4,15,0,15
S01008576,Born outside the UK: Resident 2 years or more and less than 5 years,10,6,0,6,4,0,4
S01008576,Born outside the UK: Resident 5 years or more and less than 10 years,16,5,0,5,11,2,9
S01008576,Born outside the UK: Resident 10 years or more,40,31,21,10,9,3,6
S01008577,All people in households,792,716,369,347,76,17,59
S01008577,Born in the UK,739,685,356,329,54,16,38
S01008577,Born outside the UK: Total,53,31,13,18,22,1,21
S01008577,Born outside the UK: Resident less than 2 years,11,1,0,1,10,0,10
S01008577,Born outside the UK: Resident 2 years or more and less than 5 years,3,0,0,0,3,0,3
S01008577,Born outside the UK: Resident 5 years or more and less than 10 years,7,2,0,2,5,0,5
S01008577,Born outside the UK: Resident 10 years or more,32,28,13,15,4,1,3
S01008578,All people in households,741,693,334,359,48,12,36
S01008578,Born in the UK,670,645,320,325,25,6,19
S01008578,Born outside the UK: Total,71,48,14,34,23,6,17
S01008578,Born outside the UK: Resident less than 2 years,5,3,2,1,2,0,2
S01008578,Born outside the UK: Resident 2 years or more and less than 5 years,13,7,2,5,6,2,4
S01008578,Born outside the UK: Resident 5 years or more and less than 10 years,17,5,1,4,12,2,10
S01008578,Born outside the UK: Resident 10 years or more,36,33,9,24,3,2,1
S01008579,All people in households,639,573,311,262,66,10,56
S01008579,Born in the UK,575,529,290,239,46,9,37
S01008579,Born outside the UK: Total,64,44,21,23,20,1,19
S01008579,Born outside the UK: Resident less than 2 years,3,2,0,2,1,0,1
S01008579,Born outside the UK: Resident 2 years or more and less than 5 years,9,3,2,1,6,0,6
S01008579,Born outside the UK: Resident 5 years or more and less than 10 years,10,2,0,2,8,0,8
S01008579,Born outside the UK: Resident 10 years or more,42,37,19,18,5,1,4
S01008580,All people in households,542,393,156,237,149,46,103
S01008580,Born in the UK,446,345,138,207,101,45,56
S01008580,Born outside the UK: Total,96,48,18,30,48,1,47
S01008580,Born outside the UK: Resident less than 2 years,21,3,3,0,18,0,18
S01008580,Born outside the UK: Resident 2 years or more and less than 5 years,22,6,2,4,16,0,16
S01008580,Born outside the UK: Resident 5 years or more and less than 10 years,23,11,0,11,12,0,12
S01008580,Born outside the UK: Resident 10 years or more,30,28,13,15,2,1,1
S01008581,All people in households,894,504,174,330,390,241,149
S01008581,Born in the UK,763,447,170,277,316,231,85
S01008581,Born outside the UK: Total,131,57,4,53,74,10,64
S01008581,Born outside the UK: Resident less than 2 years,24,5,1,4,19,0,19
S01008581,Born outside the UK: Resident 2 years or more and less than 5 years,35,8,0,8,27,1,26
S01008581,Born outside the UK: Resident 5 years or more and less than 10 years,48,27,0,27,21,4,17
S01008581,Born outside the UK: Resident 10 years or more,24,17,3,14,7,5,2
S01008582,All people in households,1020,635,218,417,385,249,136
S01008582,Born in the UK,894,562,191,371,332,236,96
S01008582,Born outside the UK: Total,126,73,27,46,53,13,40
S01008582,Born outside the UK: Resident less than 2 years,16,2,0,2,14,1,13
S01008582,Born outside the UK: Resident 2 years or more and less than 5 years,29,6,1,5,23,3,20
S01008582,Born outside the UK: Resident 5 years or more and less than 10 years,25,17,1,16,8,4,4
S01008582,Born outside the UK: Resident 10 years or more,56,48,25,23,8,5,3
S01008583,All people in households,713,393,129,264,320,142,178
S01008583,Born in the UK,552,347,121,226,205,131,74
S01008583,Born outside the UK: Total,161,46,8,38,115,11,104
S01008583,Born outside the UK: Resident less than 2 years,52,2,0,2,50,0,50
S01008583,Born outside the UK: Resident 2 years or more and less than 5 years,48,9,2,7,39,1,38
S01008583,Born outside the UK: Resident 5 years or more and less than 10 years,25,11,0,11,14,2,12
S01008583,Born outside the UK: Resident 10 years or more,36,24,6,18,12,8,4
S01008584,All people in households,857,433,175,258,424,196,228
S01008584,Born in the UK,706,388,163,225,318,184,134
S01008584,Born outside the UK: Total,151,45,12,33,106,12,94
S01008584,Born outside the UK: Resident less than 2 years,44,5,1,4,39,3,36
S01008584,Born outside the UK: Resident 2 years or more and less than 5 years,44,1,0,1,43,3,40
S01008584,Born outside the UK: Resident 5 years or more and less than 10 years,30,15,0,15,15,1,14
S01008584,Born outside the UK: Resident 10 years or more,33,24,11,13,9,5,4
S01008585,All people in households,598,356,110,246,242,126,116
S01008585,Born in the UK,485,297,97,200,188,117,71
S01008585,Born outside the UK: Total,113,59,13,46,54,9,45
S01008585,Born outside the UK: Resident less than 2 years,25,5,3,2,20,0,20
S01008585,Born outside the UK: Resident 2 years or more and less than 5 years,14,3,0,3,11,1,10
S01008585,Born outside the UK: Resident 5 years or more and less than 10 years,48,33,3,30,15,2,13
S01008585,Born outside the UK: Resident 10 years or more,26,18,7,11,8,6,2
S01008586,All people in households,811,489,172,317,322,209,113
S01008586,Born in the UK,726,432,157,275,294,204,90
S01008586,Born outside the UK: Total,85,57,15,42,28,5,23
S01008586,Born outside the UK: Resident less than 2 years,15,6,1,5,9,0,9
S01008586,Born outside the UK: Resident 2 years or more and less than 5 years,9,6,2,4,3,0,3
S01008586,Born outside the UK: Resident 5 years or more and less than 10 years,24,17,0,17,7,0,7
S01008586,Born outside the UK: Resident 10 years or more,37,28,12,16,9,5,4
S01008587,All people in households,754,631,304,327,123,17,106
S01008587,Born in the UK,608,538,271,267,70,10,60
S01008587,Born outside the UK: Total,146,93,33,60,53,7,46
S01008587,Born outside the UK: Resident less than 2 years,22,4,1,3,18,3,15
S01008587,Born outside the UK: Resident 2 years or more and less than 5 years,20,7,1,6,13,0,13
S01008587,Born outside the UK: Resident 5 years or more and less than 10 years,21,9,0,9,12,0,12
S01008587,Born outside the UK: Resident 10 years or more,83,73,31,42,10,4,6
S01008588,All people in households,775,644,260,384,131,10,121
S01008588,Born in the UK,691,597,240,357,94,10,84
S01008588,Born outside the UK: Total,84,47,20,27,37,0,37
S01008588,Born outside the UK: Resident less than 2 years,22,6,1,5,16,0,16
S01008588,Born outside the UK: Resident 2 years or more and less than 5 years,20,5,1,4,15,0,15
S01008588,Born outside the UK: Resident 5 years or more and less than 10 years,8,3,1,2,5,0,5
S01008588,Born outside the UK: Resident 10 years or more,34,33,17,16,1,0,1
S01008589,All people in households,390,318,110,208,72,53,19
S01008589,Born in the UK,350,293,107,186,57,50,7
S01008589,Born outside the UK: Total,40,25,3,22,15,3,12
S01008589,Born outside the UK: Resident less than 2 years,3,0,0,0,3,1,2
S01008589,Born outside the UK: Resident 2 years or more and less than 5 years,6,1,0,1,5,2,3
S01008589,Born outside the UK: Resident 5 years or more and less than 10 years,6,3,0,3,3,0,3
S01008589,Born outside the UK: Resident 10 years or more,25,21,3,18,4,0,4
S01008590,All people in households,759,556,273,283,203,18,185
S01008590,Born in the UK,632,506,253,253,126,15,111
S01008590,Born outside the UK: Total,127,50,20,30,77,3,74
S01008590,Born outside the UK: Resident less than 2 years,46,7,6,1,39,0,39
S01008590,Born outside the UK: Resident 2 years or more and less than 5 years,22,6,0,6,16,0,16
S01008590,Born outside the UK: Resident 5 years or more and less than 10 years,20,11,2,9,9,0,9
S01008590,Born outside the UK: Resident 10 years or more,39,26,12,14,13,3,10
S01008591,All people in households,807,599,199,400,208,26,182
S01008591,Born in the UK,670,533,181,352,137,25,112
S01008591,Born outside the UK: Total,137,66,18,48,71,1,70
S01008591,Born outside the UK: Resident less than 2 years,35,3,0,3,32,0,32
S01008591,Born outside the UK: Resident 2 years or more and less than 5 years,29,9,1,8,20,1,19
S01008591,Born outside the UK: Resident 5 years or more and less than 10 years,24,13,1,12,11,0,11
S01008591,Born outside the UK: Resident 10 years or more,49,41,16,25,8,0,8
S01008592,All people in households,760,502,200,302,258,84,174
S01008592,Born in the UK,604,452,186,266,152,76,76
S01008592,Born outside the UK: Total,156,50,14,36,106,8,98
S01008592,Born outside the UK: Resident less than 2 years,47,6,3,3,41,1,40
S01008592,Born outside the UK: Resident 2 years or more and less than 5 years,48,3,0,3,45,4,41
S01008592,Born outside the UK: Resident 5 years or more and less than 10 years,26,12,1,11,14,0,14
S01008592,Born outside the UK: Resident 10 years or more,35,29,10,19,6,3,3
S01008593,All people in households,776,718,335,383,58,16,42
S01008593,Born in the UK,684,642,303,339,42,12,30
S01008593,Born outside the UK: Total,92,76,32,44,16,4,12
S01008593,Born outside the UK: Resident less than 2 years,8,1,0,1,7,1,6
S01008593,Born outside the UK: Resident 2 years or more and less than 5 years,11,5,2,3,6,3,3
S01008593,Born outside the UK: Resident 5 years or more and less than 10 years,14,11,2,9,3,0,3
S01008593,Born outside the UK: Resident 10 years or more,59,59,28,31,0,0,0
S01008594,All people in households,961,745,358,387,216,29,187
S01008594,Born in the UK,796,649,309,340,147,25,122
S01008594,Born outside the UK: Total,165,96,49,47,69,4,65
S01008594,Born outside the UK: Resident less than 2 years,46,11,5,6,35,0,35
S01008594,Born outside the UK: Resident 2 years or more and less than 5 years,21,7,0,7,14,4,10
S01008594,Born outside the UK: Resident 5 years or more and less than 10 years,22,13,5,8,9,0,9
S01008594,Born outside the UK: Resident 10 years or more,76,65,39,26,11,0,11
S01008595,All people in households,842,401,173,228,441,273,168
S01008595,Born in the UK,692,354,149,205,338,256,82
S01008595,Born outside the UK: Total,150,47,24,23,103,17,86
S01008595,Born outside the UK: Resident less than 2 years,33,7,2,5,26,0,26
S01008595,Born outside the UK: Resident 2 years or more and less than 5 years,44,2,1,1,42,8,34
S01008595,Born outside the UK: Resident 5 years or more and less than 10 years,25,4,0,4,21,4,17
S01008595,Born outside the UK: Resident 10 years or more,48,34,21,13,14,5,9
S01008596,All people in households,852,371,163,208,481,204,277
S01008596,Born in the UK,695,343,157,186,352,175,177
S01008596,Born outside the UK: Total,157,28,6,22,129,29,100
S01008596,Born outside the UK: Resident less than 2 years,59,10,3,7,49,2,47
S01008596,Born outside the UK: Resident 2 years or more and less than 5 years,38,3,0,3,35,13,22
S01008596,Born outside the UK: Resident 5 years or more and less than 10 years,26,9,0,9,17,4,13
S01008596,Born outside the UK: Resident 10 years or more,34,6,3,3,28,10,18
S01008597,All people in households,880,758,360,398,122,11,111
S01008597,Born in the UK,815,719,341,378,96,11,85
S01008597,Born outside the UK: Total,65,39,19,20,26,0,26
S01008597,Born outside the UK: Resident less than 2 years,11,1,1,0,10,0,10
S01008597,Born outside the UK: Resident 2 years or more and less than 5 years,13,2,1,1,11,0,11
S01008597,Born outside the UK: Resident 5 years or more and less than 10 years,4,1,0,1,3,0,3
S01008597,Born outside the UK: Resident 10 years or more,37,35,17,18,2,0,2
S01008598,All people in households,812,354,132,222,458,65,393
S01008598,Born in the UK,613,314,120,194,299,61,238
S01008598,Born outside the UK: Total,199,40,12,28,159,4,155
S01008598,Born outside the UK: Resident less than 2 years,85,8,0,8,77,0,77
S01008598,Born outside the UK: Resident 2 years or more and less than 5 years,52,6,3,3,46,0,46
S01008598,Born outside the UK: Resident 5 years or more and less than 10 years,22,3,0,3,19,0,19
S01008598,Born outside the UK: Resident 10 years or more,40,23,9,14,17,4,13
S01008599,All people in households,896,590,246,344,306,14,292
S01008599,Born in the UK,672,499,198,301,173,8,165
S01008599,Born outside the UK: Total,224,91,48,43,133,6,127
S01008599,Born outside the UK: Resident less than 2 years,69,3,2,1,66,1,65
S01008599,Born outside the UK: Resident 2 years or more and less than 5 years,38,3,2,1,35,1,34
S01008599,Born outside the UK: Resident 5 years or more and less than 10 years,29,14,4,10,15,1,14
S01008599,Born outside the UK: Resident 10 years or more,88,71,40,31,17,3,14
S01008600,All people in households,797,470,193,277,327,48,279
S01008600,Born in the UK,556,419,175,244,137,21,116
S01008600,Born outside the UK: Total,241,51,18,33,190,27,163
S01008600,Born outside the UK: Resident less than 2 years,102,6,0,6,96,13,83
S01008600,Born outside the UK: Resident 2 years or more and less than 5 years,53,5,2,3,48,5,43
S01008600,Born outside the UK: Resident 5 years or more and less than 10 years,29,3,0,3,26,7,19
S01008600,Born outside the UK: Resident 10 years or more,57,37,16,21,20,2,18
S01008601,All people in households,752,245,117,128,507,36,471
S01008601,Born in the UK,567,212,102,110,355,34,321
S01008601,Born outside the UK: Total,185,33,15,18,152,2,150
S01008601,Born outside the UK: Resident less than 2 years,76,1,0,1,75,0,75
S01008601,Born outside the UK: Resident 2 years or more and less than 5 years,40,2,0,2,38,0,38
S01008601,Born outside the UK: Resident 5 years or more and less than 10 years,39,12,5,7,27,0,27
S01008601,Born outside the UK: Resident 10 years or more,30,18,10,8,12,2,10
S01008602,All people in households,557,246,100,146,311,35,276
S01008602,Born in the UK,404,210,84,126,194,29,165
S01008602,Born outside the UK: Total,153,36,16,20,117,6,111
S01008602,Born outside the UK: Resident less than 2 years,59,7,4,3,52,0,52
S01008602,Born outside the UK: Resident 2 years or more and less than 5 years,44,8,3,5,36,0,36
S01008602,Born outside the UK: Resident 5 years or more and less than 10 years,18,4,1,3,14,1,13
S01008602,Born outside the UK: Resident 10 years or more,32,17,8,9,15,5,10
S01008603,All people in households,1121,357,111,246,764,82,682
S01008603,Born in the UK,822,310,97,213,512,78,434
S01008603,Born outside the UK: Total,299,47,14,33,252,4,248
S01008603,Born outside the UK: Resident less than 2 years,85,6,1,5,79,0,79
S01008603,Born outside the UK: Resident 2 years or more and less than 5 years,103,8,2,6,95,2,93
S01008603,Born outside the UK: Resident 5 years or more and less than 10 years,54,7,0,7,47,0,47
S01008603,Born outside the UK: Resident 10 years or more,57,26,11,15,31,2,29
S01008604,All people in households,863,455,196,259,408,13,395
S01008604,Born in the UK,669,415,180,235,254,7,247
S01008604,Born outside the UK: Total,194,40,16,24,154,6,148
S01008604,Born outside the UK: Resident less than 2 years,62,2,0,2,60,2,58
S01008604,Born outside the UK: Resident 2 years or more and less than 5 years,39,4,0,4,35,0,35
S01008604,Born outside the UK: Resident 5 years or more and less than 10 years,35,2,1,1,33,1,32
S01008604,Born outside the UK: Resident 10 years or more,58,32,15,17,26,3,23
S01008605,All people in households,702,374,160,214,328,12,316
S01008605,Born in the UK,548,328,140,188,220,6,214
S01008605,Born outside the UK: Total,154,46,20,26,108,6,102
S01008605,Born outside the UK: Resident less than 2 years,51,4,2,2,47,6,41
S01008605,Born outside the UK: Resident 2 years or more and less than 5 years,34,2,0,2,32,0,32
S01008605,Born outside the UK: Resident 5 years or more and less than 10 years,28,13,2,11,15,0,15
S01008605,Born outside the UK: Resident 10 years or more,41,27,16,11,14,0,14
S01008606,All people in households,763,587,251,336,176,9,167
S01008606,Born in the UK,643,523,223,300,120,9,111
S01008606,Born outside the UK: Total,120,64,28,36,56,0,56
S01008606,Born outside the UK: Resident less than 2 years,35,3,2,1,32,0,32
S01008606,Born outside the UK: Resident 2 years or more and less than 5 years,17,3,1,2,14,0,14
S01008606,Born outside the UK: Resident 5 years or more and less than 10 years,14,9,2,7,5,0,5
S01008606,Born outside the UK: Resident 10 years or more,54,49,23,26,5,0,5
S01008607,All people in households,628,528,304,224,100,51,49
S01008607,Born in the UK,549,476,277,199,73,39,34
S01008607,Born outside the UK: Total,79,52,27,25,27,12,15
S01008607,Born outside the UK: Resident less than 2 years,16,8,7,1,8,0,8
S01008607,Born outside the UK: Resident 2 years or more and less than 5 years,5,1,0,1,4,4,0
S01008607,Born outside the UK: Resident 5 years or more and less than 10 years,8,5,3,2,3,2,1
S01008607,Born outside the UK: Resident 10 years or more,50,38,17,21,12,6,6
S01008608,All people in households,706,597,337,260,109,0,109
S01008608,Born in the UK,621,540,311,229,81,0,81
S01008608,Born outside the UK: Total,85,57,26,31,28,0,28
S01008608,Born outside the UK: Resident less than 2 years,12,1,1,0,11,0,11
S01008608,Born outside the UK: Resident 2 years or more and less than 5 years,16,7,2,5,9,0,9
S01008608,Born outside the UK: Resident 5 years or more and less than 10 years,12,6,3,3,6,0,6
S01008608,Born outside the UK: Resident 10 years or more,45,43,20,23,2,0,2
S01008609,All people in households,900,764,351,413,136,40,96
S01008609,Born in the UK,799,709,328,381,90,37,53
S01008609,Born outside the UK: Total,101,55,23,32,46,3,43
S01008609,Born outside the UK: Resident less than 2 years,26,1,0,1,25,0,25
S01008609,Born outside the UK: Resident 2 years or more and less than 5 years,4,1,0,1,3,0,3
S01008609,Born outside the UK: Resident 5 years or more and less than 10 years,14,7,3,4,7,0,7
S01008609,Born outside the UK: Resident 10 years or more,57,46,20,26,11,3,8
S01008610,All people in households,848,616,349,267,232,15,217
S01008610,Born in the UK,734,558,315,243,176,12,164
S01008610,Born outside the UK: Total,114,58,34,24,56,3,53
S01008610,Born outside the UK: Resident less than 2 years,21,0,0,0,21,1,20
S01008610,Born outside the UK: Resident 2 years or more and less than 5 years,20,1,0,1,19,0,19
S01008610,Born outside the UK: Resident 5 years or more and less than 10 years,14,7,2,5,7,0,7
S01008610,Born outside the UK: Resident 10 years or more,59,50,32,18,9,2,7
S01008611,All people in households,1111,465,198,267,646,19,627
S01008611,Born in the UK,791,398,168,230,393,12,381
S01008611,Born outside the UK: Total,320,67,30,37,253,7,246
S01008611,Born outside the UK: Resident less than 2 years,123,11,1,10,112,1,111
S01008611,Born outside the UK: Resident 2 years or more and less than 5 years,80,3,2,1,77,1,76
S01008611,Born outside the UK: Resident 5 years or more and less than 10 years,47,8,3,5,39,2,37
S01008611,Born outside the UK: Resident 10 years or more,70,45,24,21,25,3,22
S01008612,All people in households,779,188,72,116,591,76,515
S01008612,Born in the UK,575,166,64,102,409,67,342
S01008612,Born outside the UK: Total,204,22,8,14,182,9,173
S01008612,Born outside the UK: Resident less than 2 years,74,2,1,1,72,0,72
S01008612,Born outside the UK: Resident 2 years or more and less than 5 years,45,2,1,1,43,1,42
S01008612,Born outside the UK: Resident 5 years or more and less than 10 years,37,1,0,1,36,5,31
S01008612,Born outside the UK: Resident 10 years or more,48,17,6,11,31,3,28
S01008613,All people in households,798,450,242,208,348,23,325
S01008613,Born in the UK,611,391,211,180,220,22,198
S01008613,Born outside the UK: Total,187,59,31,28,128,1,127
S01008613,Born outside the UK: Resident less than 2 years,56,2,1,1,54,0,54
S01008613,Born outside the UK: Resident 2 years or more and less than 5 years,42,7,6,1,35,0,35
S01008613,Born outside the UK: Resident 5 years or more and less than 10 years,28,6,1,5,22,0,22
S01008613,Born outside the UK: Resident 10 years or more,61,44,23,21,17,1,16
S01008614,All people in households,677,182,85,97,495,37,458
S01008614,Born in the UK,516,145,69,76,371,34,337
S01008614,Born outside the UK: Total,161,37,16,21,124,3,121
S01008614,Born outside the UK: Resident less than 2 years,48,0,0,0,48,0,48
S01008614,Born outside the UK: Resident 2 years or more and less than 5 years,47,6,0,6,41,0,41
S01008614,Born outside the UK: Resident 5 years or more and less than 10 years,24,10,1,9,14,0,14
S01008614,Born outside the UK: Resident 10 years or more,42,21,15,6,21,3,18
S01008615,All people in households,846,359,150,209,487,14,473
S01008615,Born in the UK,646,294,114,180,352,13,339
S01008615,Born outside the UK: Total,200,65,36,29,135,1,134
S01008615,Born outside the UK: Resident less than 2 years,50,6,4,2,44,0,44
S01008615,Born outside the UK: Resident 2 years or more and less than 5 years,53,8,7,1,45,0,45
S01008615,Born outside the UK: Resident 5 years or more and less than 10 years,29,5,0,5,24,1,23
S01008615,Born outside the UK: Resident 10 years or more,68,46,25,21,22,0,22
S01008616,All people in households,733,245,84,161,488,0,488
S01008616,Born in the UK,570,200,70,130,370,0,370
S01008616,Born outside the UK: Total,163,45,14,31,118,0,118
S01008616,Born outside the UK: Resident less than 2 years,58,2,2,0,56,0,56
S01008616,Born outside the UK: Resident 2 years or more and less than 5 years,39,2,0,2,37,0,37
S01008616,Born outside the UK: Resident 5 years or more and less than 10 years,15,6,1,5,9,0,9
S01008616,Born outside the UK: Resident 10 years or more,51,35,11,24,16,0,16
S01008617,All people in households,829,291,115,176,538,5,533
S01008617,Born in the UK,677,242,94,148,435,4,431
S01008617,Born outside the UK: Total,152,49,21,28,103,1,102
S01008617,Born outside the UK: Resident less than 2 years,37,0,0,0,37,0,37
S01008617,Born outside the UK: Resident 2 years or more and less than 5 years,45,10,5,5,35,0,35
S01008617,Born outside the UK: Resident 5 years or more and less than 10 years,19,8,2,6,11,0,11
S01008617,Born outside the UK: Resident 10 years or more,51,31,14,17,20,1,19
S01008618,All people in households,739,233,77,156,506,0,506
S01008618,Born in the UK,572,202,68,134,370,0,370
S01008618,Born outside the UK: Total,167,31,9,22,136,0,136
S01008618,Born outside the UK: Resident less than 2 years,45,1,0,1,44,0,44
S01008618,Born outside the UK: Resident 2 years or more and less than 5 years,39,4,0,4,35,0,35
S01008618,Born outside the UK: Resident 5 years or more and less than 10 years,30,7,1,6,23,0,23
S01008618,Born outside the UK: Resident 10 years or more,53,19,8,11,34,0,34
S01008619,All people in households,520,208,101,107,312,1,311
S01008619,Born in the UK,391,163,76,87,228,1,227
S01008619,Born outside the UK: Total,129,45,25,20,84,0,84
S01008619,Born outside the UK: Resident less than 2 years,40,7,2,5,33,0,33
S01008619,Born outside the UK: Resident 2 years or more and less than 5 years,30,4,3,1,26,0,26
S01008619,Born outside the UK: Resident 5 years or more and less than 10 years,15,3,1,2,12,0,12
S01008619,Born outside the UK: Resident 10 years or more,44,31,19,12,13,0,13
S01008620,All people in households,815,258,95,163,557,17,540
S01008620,Born in the UK,593,208,78,130,385,11,374
S01008620,Born outside the UK: Total,222,50,17,33,172,6,166
S01008620,Born outside the UK: Resident less than 2 years,83,9,1,8,74,0,74
S01008620,Born outside the UK: Resident 2 years or more and less than 5 years,60,7,2,5,53,2,51
S01008620,Born outside the UK: Resident 5 years or more and less than 10 years,22,2,0,2,20,3,17
S01008620,Born outside the UK: Resident 10 years or more,57,32,14,18,25,1,24
S01008621,All people in households,770,266,98,168,504,7,497
S01008621,Born in the UK,603,217,79,138,386,5,381
S01008621,Born outside the UK: Total,167,49,19,30,118,2,116
S01008621,Born outside the UK: Resident less than 2 years,52,4,3,1,48,0,48
S01008621,Born outside the UK: Resident 2 years or more and less than 5 years,43,5,3,2,38,0,38
S01008621,Born outside the UK: Resident 5 years or more and less than 10 years,25,13,0,13,12,0,12
S01008621,Born outside the UK: Resident 10 years or more,47,27,13,14,20,2,18
S01008622,All people in households,517,254,148,106,263,0,263
S01008622,Born in the UK,393,204,121,83,189,0,189
S01008622,Born outside the UK: Total,124,50,27,23,74,0,74
S01008622,Born outside the UK: Resident less than 2 years,28,3,2,1,25,0,25
S01008622,Born outside the UK: Resident 2 years or more and less than 5 years,28,5,2,3,23,0,23
S01008622,Born outside the UK: Resident 5 years or more and less than 10 years,22,7,4,3,15,0,15
S01008622,Born outside the UK: Resident 10 years or more,46,35,19,16,11,0,11
S01008623,All people in households,869,463,221,242,406,7,399
S01008623,Born in the UK,683,388,177,211,295,7,288
S01008623,Born outside the UK: Total,186,75,44,31,111,0,111
S01008623,Born outside the UK: Resident less than 2 years,66,11,6,5,55,0,55
S01008623,Born outside the UK: Resident 2 years or more and less than 5 years,22,3,3,0,19,0,19
S01008623,Born outside the UK: Resident 5 years or more and less than 10 years,23,10,7,3,13,0,13
S01008623,Born outside the UK: Resident 10 years or more,75,51,28,23,24,0,24
S01008624,All people in households,683,568,337,231,115,53,62
S01008624,Born in the UK,593,507,298,209,86,50,36
S01008624,Born outside the UK: Total,90,61,39,22,29,3,26
S01008624,Born outside the UK: Resident less than 2 years,13,1,0,1,12,0,12
S01008624,Born outside the UK: Resident 2 years or more and less than 5 years,11,5,5,0,6,0,6
S01008624,Born outside the UK: Resident 5 years or more and less than 10 years,14,10,6,4,4,0,4
S01008624,Born outside the UK: Resident 10 years or more,52,45,28,17,7,3,4
S01008625,All people in households,566,508,271,237,58,15,43
S01008625,Born in the UK,507,464,242,222,43,15,28
S01008625,Born outside the UK: Total,59,44,29,15,15,0,15
S01008625,Born outside the UK: Resident less than 2 years,5,0,0,0,5,0,5
S01008625,Born outside the UK: Resident 2 years or more and less than 5 years,3,1,1,0,2,0,2
S01008625,Born outside the UK: Resident 5 years or more and less than 10 years,5,2,2,0,3,0,3
S01008625,Born outside the UK: Resident 10 years or more,46,41,26,15,5,0,5
S01008626,All people in households,919,729,318,411,190,9,181
S01008626,Born in the UK,774,646,280,366,128,6,122
S01008626,Born outside the UK: Total,145,83,38,45,62,3,59
S01008626,Born outside the UK: Resident less than 2 years,33,14,10,4,19,2,17
S01008626,Born outside the UK: Resident 2 years or more and less than 5 years,17,3,2,1,14,1,13
S01008626,Born outside the UK: Resident 5 years or more and less than 10 years,26,13,5,8,13,0,13
S01008626,Born outside the UK: Resident 10 years or more,69,53,21,32,16,0,16
S01008627,All people in households,695,630,261,369,65,4,61
S01008627,Born in the UK,594,558,226,332,36,0,36
S01008627,Born outside the UK: Total,101,72,35,37,29,4,25
S01008627,Born outside the UK: Resident less than 2 years,14,3,2,1,11,1,10
S01008627,Born outside the UK: Resident 2 years or more and less than 5 years,16,9,0,9,7,2,5
S01008627,Born outside the UK: Resident 5 years or more and less than 10 years,8,3,0,3,5,0,5
S01008627,Born outside the UK: Resident 10 years or more,63,57,33,24,6,1,5
S01008628,All people in households,581,339,159,180,242,10,232
S01008628,Born in the UK,459,308,149,159,151,8,143
S01008628,Born outside the UK: Total,122,31,10,21,91,2,89
S01008628,Born outside the UK: Resident less than 2 years,41,3,0,3,38,0,38
S01008628,Born outside the UK: Resident 2 years or more and less than 5 years,23,4,1,3,19,0,19
S01008628,Born outside the UK: Resident 5 years or more and less than 10 years,25,2,0,2,23,1,22
S01008628,Born outside the UK: Resident 10 years or more,33,22,9,13,11,1,10
S01008629,All people in households,571,336,183,153,235,35,200
S01008629,Born in the UK,460,289,168,121,171,30,141
S01008629,Born outside the UK: Total,111,47,15,32,64,5,59
S01008629,Born outside the UK: Resident less than 2 years,25,3,0,3,22,1,21
S01008629,Born outside the UK: Resident 2 years or more and less than 5 years,16,5,2,3,11,0,11
S01008629,Born outside the UK: Resident 5 years or more and less than 10 years,15,3,1,2,12,0,12
S01008629,Born outside the UK: Resident 10 years or more,55,36,12,24,19,4,15
S01008630,All people in households,556,270,115,155,286,3,283
S01008630,Born in the UK,441,242,102,140,199,3,196
S01008630,Born outside the UK: Total,115,28,13,15,87,0,87
S01008630,Born outside the UK: Resident less than 2 years,61,6,1,5,55,0,55
S01008630,Born outside the UK: Resident 2 years or more and less than 5 years,19,1,0,1,18,0,18
S01008630,Born outside the UK: Resident 5 years or more and less than 10 years,15,7,3,4,8,0,8
S01008630,Born outside the UK: Resident 10 years or more,20,14,9,5,6,0,6
S01008631,All people in households,786,396,149,247,390,16,374
S01008631,Born in the UK,613,343,122,221,270,16,254
S01008631,Born outside the UK: Total,173,53,27,26,120,0,120
S01008631,Born outside the UK: Resident less than 2 years,56,5,3,2,51,0,51
S01008631,Born outside the UK: Resident 2 years or more and less than 5 years,32,8,2,6,24,0,24
S01008631,Born outside the UK: Resident 5 years or more and less than 10 years,26,3,0,3,23,0,23
S01008631,Born outside the UK: Resident 10 years or more,59,37,22,15,22,0,22
S01008632,All people in households,711,399,158,241,312,11,301
S01008632,Born in the UK,575,340,139,201,235,9,226
S01008632,Born outside the UK: Total,136,59,19,40,77,2,75
S01008632,Born outside the UK: Resident less than 2 years,28,5,2,3,23,0,23
S01008632,Born outside the UK: Resident 2 years or more and less than 5 years,30,9,3,6,21,0,21
S01008632,Born outside the UK: Resident 5 years or more and less than 10 years,32,15,3,12,17,0,17
S01008632,Born outside the UK: Resident 10 years or more,46,30,11,19,16,2,14
S01008633,All people in households,928,729,402,327,199,26,173
S01008633,Born in the UK,800,652,371,281,148,22,126
S01008633,Born outside the UK: Total,128,77,31,46,51,4,47
S01008633,Born outside the UK: Resident less than 2 years,31,8,5,3,23,0,23
S01008633,Born outside the UK: Resident 2 years or more and less than 5 years,10,5,1,4,5,0,5
S01008633,Born outside the UK: Resident 5 years or more and less than 10 years,20,6,0,6,14,4,10
S01008633,Born outside the UK: Resident 10 years or more,67,58,25,33,9,0,9
S01008634,All people in households,727,519,243,276,208,14,194
S01008634,Born in the UK,578,439,205,234,139,12,127
S01008634,Born outside the UK: Total,149,80,38,42,69,2,67
S01008634,Born outside the UK: Resident less than 2 years,45,10,2,8,35,1,34
S01008634,Born outside the UK: Resident 2 years or more and less than 5 years,19,3,0,3,16,1,15
S01008634,Born outside the UK: Resident 5 years or more and less than 10 years,22,11,6,5,11,0,11
S01008634,Born outside the UK: Resident 10 years or more,63,56,30,26,7,0,7
S01008635,All people in households,824,560,248,312,264,10,254
S01008635,Born in the UK,638,471,210,261,167,7,160
S01008635,Born outside the UK: Total,186,89,38,51,97,3,94
S01008635,Born outside the UK: Resident less than 2 years,47,9,7,2,38,0,38
S01008635,Born outside the UK: Resident 2 years or more and less than 5 years,37,7,1,6,30,1,29
S01008635,Born outside the UK: Resident 5 years or more and less than 10 years,31,11,2,9,20,1,19
S01008635,Born outside the UK: Resident 10 years or more,71,62,28,34,9,1,8
S01008636,All people in households,861,547,269,278,314,6,308
S01008636,Born in the UK,687,489,240,249,198,3,195
S01008636,Born outside the UK: Total,174,58,29,29,116,3,113
S01008636,Born outside the UK: Resident less than 2 years,52,4,2,2,48,0,48
S01008636,Born outside the UK: Resident 2 years or more and less than 5 years,41,5,1,4,36,3,33
S01008636,Born outside the UK: Resident 5 years or more and less than 10 years,29,10,2,8,19,0,19
S01008636,Born outside the UK: Resident 10 years or more,52,39,24,15,13,0,13
S01008637,All people in households,679,428,209,219,251,20,231
S01008637,Born in the UK,571,380,189,191,191,17,174
S01008637,Born outside the UK: Total,108,48,20,28,60,3,57
S01008637,Born outside the UK: Resident less than 2 years,26,1,0,1,25,2,23
S01008637,Born outside the UK: Resident 2 years or more and less than 5 years,18,3,1,2,15,1,14
S01008637,Born outside the UK: Resident 5 years or more and less than 10 years,16,8,0,8,8,0,8
S01008637,Born outside the UK: Resident 10 years or more,48,36,19,17,12,0,12
S01008638,All people in households,798,269,106,163,529,132,397
S01008638,Born in the UK,596,224,86,138,372,116,256
S01008638,Born outside the UK: Total,202,45,20,25,157,16,141
S01008638,Born outside the UK: Resident less than 2 years,69,2,0,2,67,0,67
S01008638,Born outside the UK: Resident 2 years or more and less than 5 years,45,4,2,2,41,0,41
S01008638,Born outside the UK: Resident 5 years or more and less than 10 years,29,9,0,9,20,1,19
S01008638,Born outside the UK: Resident 10 years or more,59,30,18,12,29,15,14
S01008639,All people in households,866,471,148,323,395,5,390
S01008639,Born in the UK,645,408,135,273,237,4,233
S01008639,Born outside the UK: Total,221,63,13,50,158,1,157
S01008639,Born outside the UK: Resident less than 2 years,76,9,0,9,67,0,67
S01008639,Born outside the UK: Resident 2 years or more and less than 5 years,41,1,0,1,40,0,40
S01008639,Born outside the UK: Resident 5 years or more and less than 10 years,37,7,1,6,30,1,29
S01008639,Born outside the UK: Resident 10 years or more,67,46,12,34,21,0,21
S01008640,All people in households,776,373,130,243,403,2,401
S01008640,Born in the UK,606,328,115,213,278,1,277
S01008640,Born outside the UK: Total,170,45,15,30,125,1,124
S01008640,Born outside the UK: Resident less than 2 years,61,6,0,6,55,0,55
S01008640,Born outside the UK: Resident 2 years or more and less than 5 years,43,5,0,5,38,0,38
S01008640,Born outside the UK: Resident 5 years or more and less than 10 years,24,7,2,5,17,0,17
S01008640,Born outside the UK: Resident 10 years or more,42,27,13,14,15,1,14
S01008641,All people in households,825,330,144,186,495,6,489
S01008641,Born in the UK,645,283,124,159,362,6,356
S01008641,Born outside the UK: Total,180,47,20,27,133,0,133
S01008641,Born outside the UK: Resident less than 2 years,66,6,4,2,60,0,60
S01008641,Born outside the UK: Resident 2 years or more and less than 5 years,39,3,1,2,36,0,36
S01008641,Born outside the UK: Resident 5 years or more and less than 10 years,24,12,1,11,12,0,12
S01008641,Born outside the UK: Resident 10 years or more,51,26,14,12,25,0,25
S01008642,All people in households,932,508,165,343,424,2,422
S01008642,Born in the UK,739,449,148,301,290,1,289
S01008642,Born outside the UK: Total,193,59,17,42,134,1,133
S01008642,Born outside the UK: Resident less than 2 years,64,7,0,7,57,0,57
S01008642,Born outside the UK: Resident 2 years or more and less than 5 years,38,3,0,3,35,0,35
S01008642,Born outside the UK: Resident 5 years or more and less than 10 years,26,7,0,7,19,0,19
S01008642,Born outside the UK: Resident 10 years or more,65,42,17,25,23,1,22
S01008643,All people in households,702,421,135,286,281,12,269
S01008643,Born in the UK,569,371,117,254,198,10,188
S01008643,Born outside the UK: Total,133,50,18,32,83,2,81
S01008643,Born outside the UK: Resident less than 2 years,28,0,0,0,28,0,28
S01008643,Born outside the UK: Resident 2 years or more and less than 5 years,24,6,2,4,18,0,18
S01008643,Born outside the UK: Resident 5 years or more and less than 10 years,22,8,5,3,14,1,13
S01008643,Born outside the UK: Resident 10 years or more,59,36,11,25,23,1,22
S01008644,All people in households,769,337,114,223,432,83,349
S01008644,Born in the UK,555,286,100,186,269,37,232
S01008644,Born outside the UK: Total,214,51,14,37,163,46,117
S01008644,Born outside the UK: Resident less than 2 years,61,2,0,2,59,0,59
S01008644,Born outside the UK: Resident 2 years or more and less than 5 years,41,6,0,6,35,1,34
S01008644,Born outside the UK: Resident 5 years or more and less than 10 years,28,13,2,11,15,2,13
S01008644,Born outside the UK: Resident 10 years or more,84,30,12,18,54,43,11
S01008645,All people in households,825,439,153,286,386,19,367
S01008645,Born in the UK,612,369,132,237,243,6,237
S01008645,Born outside the UK: Total,213,70,21,49,143,13,130
S01008645,Born outside the UK: Resident less than 2 years,77,7,5,2,70,10,60
S01008645,Born outside the UK: Resident 2 years or more and less than 5 years,42,3,0,3,39,0,39
S01008645,Born outside the UK: Resident 5 years or more and less than 10 years,37,20,2,18,17,1,16
S01008645,Born outside the UK: Resident 10 years or more,57,40,14,26,17,2,15
S01008646,All people in households,812,419,147,272,393,36,357
S01008646,Born in the UK,619,373,138,235,246,27,219
S01008646,Born outside the UK: Total,193,46,9,37,147,9,138
S01008646,Born outside the UK: Resident less than 2 years,65,5,1,4,60,1,59
S01008646,Born outside the UK: Resident 2 years or more and less than 5 years,47,5,1,4,42,0,42
S01008646,Born outside the UK: Resident 5 years or more and less than 10 years,34,10,0,10,24,4,20
S01008646,Born outside the UK: Resident 10 years or more,47,26,7,19,21,4,17
S01008647,All people in households,589,312,79,233,277,6,271
S01008647,Born in the UK,432,276,74,202,156,4,152
S01008647,Born outside the UK: Total,157,36,5,31,121,2,119
S01008647,Born outside the UK: Resident less than 2 years,63,4,0,4,59,1,58
S01008647,Born outside the UK: Resident 2 years or more and less than 5 years,35,4,0,4,31,0,31
S01008647,Born outside the UK: Resident 5 years or more and less than 10 years,37,11,1,10,26,1,25
S01008647,Born outside the UK: Resident 10 years or more,22,17,4,13,5,0,5
S01008648,All people in households,610,201,45,156,409,60,349
S01008648,Born in the UK,450,167,43,124,283,55,228
S01008648,Born outside the UK: Total,160,34,2,32,126,5,121
S01008648,Born outside the UK: Resident less than 2 years,43,5,0,5,38,0,38
S01008648,Born outside the UK: Resident 2 years or more and less than 5 years,50,4,0,4,46,1,45
S01008648,Born outside the UK: Resident 5 years or more and less than 10 years,46,19,0,19,27,0,27
S01008648,Born outside the UK: Resident 10 years or more,21,6,2,4,15,4,11
S01008649,All people in households,841,364,87,277,477,51,426
S01008649,Born in the UK,600,301,73,228,299,47,252
S01008649,Born outside the UK: Total,241,63,14,49,178,4,174
S01008649,Born outside the UK: Resident less than 2 years,105,11,2,9,94,4,90
S01008649,Born outside the UK: Resident 2 years or more and less than 5 years,60,12,5,7,48,0,48
S01008649,Born outside the UK: Resident 5 years or more and less than 10 years,31,12,1,11,19,0,19
S01008649,Born outside the UK: Resident 10 years or more,45,28,6,22,17,0,17
S01008650,All people in households,731,311,77,234,420,46,374
S01008650,Born in the UK,510,267,69,198,243,39,204
S01008650,Born outside the UK: Total,221,44,8,36,177,7,170
S01008650,Born outside the UK: Resident less than 2 years,83,3,0,3,80,2,78
S01008650,Born outside the UK: Resident 2 years or more and less than 5 years,43,2,0,2,41,0,41
S01008650,Born outside the UK: Resident 5 years or more and less than 10 years,54,14,0,14,40,2,38
S01008650,Born outside the UK: Resident 10 years or more,41,25,8,17,16,3,13
S01008651,All people in households,686,241,67,174,445,124,321
S01008651,Born in the UK,499,217,59,158,282,114,168
S01008651,Born outside the UK: Total,187,24,8,16,163,10,153
S01008651,Born outside the UK: Resident less than 2 years,66,2,0,2,64,0,64
S01008651,Born outside the UK: Resident 2 years or more and less than 5 years,38,3,1,2,35,0,35
S01008651,Born outside the UK: Resident 5 years or more and less than 10 years,44,8,3,5,36,4,32
S01008651,Born outside the UK: Resident 10 years or more,39,11,4,7,28,6,22
S01008652,All people in households,567,151,27,124,416,183,233
S01008652,Born in the UK,424,127,25,102,297,163,134
S01008652,Born outside the UK: Total,143,24,2,22,119,20,99
S01008652,Born outside the UK: Resident less than 2 years,49,3,0,3,46,2,44
S01008652,Born outside the UK: Resident 2 years or more and less than 5 years,30,2,0,2,28,2,26
S01008652,Born outside the UK: Resident 5 years or more and less than 10 years,29,4,0,4,25,7,18
S01008652,Born outside the UK: Resident 10 years or more,35,15,2,13,20,9,11
S01008653,All people in households,684,162,48,114,522,189,333
S01008653,Born in the UK,483,141,41,100,342,154,188
S01008653,Born outside the UK: Total,201,21,7,14,180,35,145
S01008653,Born outside the UK: Resident less than 2 years,87,1,0,1,86,13,73
S01008653,Born outside the UK: Resident 2 years or more and less than 5 years,44,2,0,2,42,7,35
S01008653,Born outside the UK: Resident 5 years or more and less than 10 years,44,7,1,6,37,11,26
S01008653,Born outside the UK: Resident 10 years or more,26,11,6,5,15,4,11
S01008654,All people in households,937,293,74,219,644,155,489
S01008654,Born in the UK,594,236,60,176,358,121,237
S01008654,Born outside the UK: Total,343,57,14,43,286,34,252
S01008654,Born outside the UK: Resident less than 2 years,110,6,4,2,104,2,102
S01008654,Born outside the UK: Resident 2 years or more and less than 5 years,92,9,2,7,83,4,79
S01008654,Born outside the UK: Resident 5 years or more and less than 10 years,82,17,2,15,65,15,50
S01008654,Born outside the UK: Resident 10 years or more,59,25,6,19,34,13,21
S01008655,All people in households,796,240,72,168,556,82,474
S01008655,Born in the UK,531,206,60,146,325,60,265
S01008655,Born outside the UK: Total,265,34,12,22,231,22,209
S01008655,Born outside the UK: Resident less than 2 years,112,6,5,1,106,6,100
S01008655,Born outside the UK: Resident 2 years or more and less than 5 years,62,5,2,3,57,3,54
S01008655,Born outside the UK: Resident 5 years or more and less than 10 years,49,8,0,8,41,3,38
S01008655,Born outside the UK: Resident 10 years or more,42,15,5,10,27,10,17
S01008656,All people in households,644,180,58,122,464,168,296
S01008656,Born in the UK,448,147,50,97,301,148,153
S01008656,Born outside the UK: Total,196,33,8,25,163,20,143
S01008656,Born outside the UK: Resident less than 2 years,93,7,3,4,86,6,80
S01008656,Born outside the UK: Resident 2 years or more and less than 5 years,40,9,1,8,31,4,27
S01008656,Born outside the UK: Resident 5 years or more and less than 10 years,31,4,0,4,27,3,24
S01008656,Born outside the UK: Resident 10 years or more,32,13,4,9,19,7,12
S01008657,All people in households,664,210,75,135,454,190,264
S01008657,Born in the UK,544,178,69,109,366,176,190
S01008657,Born outside the UK: Total,120,32,6,26,88,14,74
S01008657,Born outside the UK: Resident less than 2 years,29,2,0,2,27,1,26
S01008657,Born outside the UK: Resident 2 years or more and less than 5 years,32,5,1,4,27,5,22
S01008657,Born outside the UK: Resident 5 years or more and less than 10 years,28,7,1,6,21,6,15
S01008657,Born outside the UK: Resident 10 years or more,31,18,4,14,13,2,11
S01008658,All people in households,900,245,76,169,655,192,463
S01008658,Born in the UK,661,213,69,144,448,174,274
S01008658,Born outside the UK: Total,239,32,7,25,207,18,189
S01008658,Born outside the UK: Resident less than 2 years,95,2,1,1,93,0,93
S01008658,Born outside the UK: Resident 2 years or more and less than 5 years,62,3,1,2,59,3,56
S01008658,Born outside the UK: Resident 5 years or more and less than 10 years,32,8,1,7,24,2,22
S01008658,Born outside the UK: Resident 10 years or more,50,19,4,15,31,13,18
S01008659,All people in households,825,183,54,129,642,120,522
S01008659,Born in the UK,583,148,40,108,435,108,327
S01008659,Born outside the UK: Total,242,35,14,21,207,12,195
S01008659,Born outside the UK: Resident less than 2 years,112,4,3,1,108,0,108
S01008659,Born outside the UK: Resident 2 years or more and less than 5 years,57,8,7,1,49,6,43
S01008659,Born outside the UK: Resident 5 years or more and less than 10 years,37,10,2,8,27,1,26
S01008659,Born outside the UK: Resident 10 years or more,36,13,2,11,23,5,18
S01008660,All people in households,936,213,97,116,723,87,636
S01008660,Born in the UK,647,178,85,93,469,74,395
S01008660,Born outside the UK: Total,289,35,12,23,254,13,241
S01008660,Born outside the UK: Resident less than 2 years,113,4,0,4,109,6,103
S01008660,Born outside the UK: Resident 2 years or more and less than 5 years,76,6,1,5,70,2,68
S01008660,Born outside the UK: Resident 5 years or more and less than 10 years,39,4,2,2,35,1,34
S01008660,Born outside the UK: Resident 10 years or more,61,21,9,12,40,4,36
S01008661,All people in households,754,127,52,75,627,278,349
S01008661,Born in the UK,539,102,42,60,437,246,191
S01008661,Born outside the UK: Total,215,25,10,15,190,32,158
S01008661,Born outside the UK: Resident less than 2 years,91,3,0,3,88,6,82
S01008661,Born outside the UK: Resident 2 years or more and less than 5 years,60,5,0,5,55,6,49
S01008661,Born outside the UK: Resident 5 years or more and less than 10 years,27,2,1,1,25,10,15
S01008661,Born outside the UK: Resident 10 years or more,37,15,9,6,22,10,12
S01008662,All people in households,512,77,23,54,435,89,346
S01008662,Born in the UK,301,64,20,44,237,74,163
S01008662,Born outside the UK: Total,211,13,3,10,198,15,183
S01008662,Born outside the UK: Resident less than 2 years,92,1,0,1,91,1,90
S01008662,Born outside the UK: Resident 2 years or more and less than 5 years,55,3,0,3,52,2,50
S01008662,Born outside the UK: Resident 5 years or more and less than 10 years,33,2,0,2,31,7,24
S01008662,Born outside the UK: Resident 10 years or more,31,7,3,4,24,5,19
S01008663,All people in households,829,228,65,163,601,127,474
S01008663,Born in the UK,585,186,49,137,399,98,301
S01008663,Born outside the UK: Total,244,42,16,26,202,29,173
S01008663,Born outside the UK: Resident less than 2 years,91,12,8,4,79,11,68
S01008663,Born outside the UK: Resident 2 years or more and less than 5 years,58,7,2,5,51,2,49
S01008663,Born outside the UK: Resident 5 years or more and less than 10 years,44,9,1,8,35,8,27
S01008663,Born outside the UK: Resident 10 years or more,51,14,5,9,37,8,29
S01008664,All people in households,705,252,84,168,453,69,384
S01008664,Born in the UK,502,203,71,132,299,62,237
S01008664,Born outside the UK: Total,203,49,13,36,154,7,147
S01008664,Born outside the UK: Resident less than 2 years,59,2,1,1,57,0,57
S01008664,Born outside the UK: Resident 2 years or more and less than 5 years,62,10,3,7,52,1,51
S01008664,Born outside the UK: Resident 5 years or more and less than 10 years,34,11,2,9,23,4,19
S01008664,Born outside the UK: Resident 10 years or more,48,26,7,19,22,2,20
S01008665,All people in households,941,308,112,196,633,137,496
S01008665,Born in the UK,648,251,94,157,397,121,276
S01008665,Born outside the UK: Total,293,57,18,39,236,16,220
S01008665,Born outside the UK: Resident less than 2 years,90,4,1,3,86,2,84
S01008665,Born outside the UK: Resident 2 years or more and less than 5 years,75,7,2,5,68,2,66
S01008665,Born outside the UK: Resident 5 years or more and less than 10 years,68,18,4,14,50,4,46
S01008665,Born outside the UK: Resident 10 years or more,60,28,11,17,32,8,24
S01008666,All people in households,770,261,87,174,509,15,494
S01008666,Born in the UK,537,215,72,143,322,14,308
S01008666,Born outside the UK: Total,233,46,15,31,187,1,186
S01008666,Born outside the UK: Resident less than 2 years,93,12,2,10,81,1,80
S01008666,Born outside the UK: Resident 2 years or more and less than 5 years,58,2,0,2,56,0,56
S01008666,Born outside the UK: Resident 5 years or more and less than 10 years,36,6,0,6,30,0,30
S01008666,Born outside the UK: Resident 10 years or more,46,26,13,13,20,0,20
S01008667,All people in households,725,296,138,158,429,101,328
S01008667,Born in the UK,559,234,114,120,325,91,234
S01008667,Born outside the UK: Total,166,62,24,38,104,10,94
S01008667,Born outside the UK: Resident less than 2 years,71,21,10,11,50,7,43
S01008667,Born outside the UK: Resident 2 years or more and less than 5 years,44,11,4,7,33,1,32
S01008667,Born outside the UK: Resident 5 years or more and less than 10 years,13,10,3,7,3,0,3
S01008667,Born outside the UK: Resident 10 years or more,38,20,7,13,18,2,16
S01008668,All people in households,557,195,74,121,362,33,329
S01008668,Born in the UK,392,175,67,108,217,25,192
S01008668,Born outside the UK: Total,165,20,7,13,145,8,137
S01008668,Born outside the UK: Resident less than 2 years,69,2,0,2,67,3,64
S01008668,Born outside the UK: Resident 2 years or more and less than 5 years,51,6,2,4,45,4,41
S01008668,Born outside the UK: Resident 5 years or more and less than 10 years,21,5,1,4,16,0,16
S01008668,Born outside the UK: Resident 10 years or more,24,7,4,3,17,1,16
S01008669,All people in households,578,75,34,41,503,19,484
S01008669,Born in the UK,442,63,31,32,379,17,362
S01008669,Born outside the UK: Total,136,12,3,9,124,2,122
S01008669,Born outside the UK: Resident less than 2 years,70,0,0,0,70,0,70
S01008669,Born outside the UK: Resident 2 years or more and less than 5 years,29,0,0,0,29,1,28
S01008669,Born outside the UK: Resident 5 years or more and less than 10 years,15,4,0,4,11,1,10
S01008669,Born outside the UK: Resident 10 years or more,22,8,3,5,14,0,14
S01008670,All people in households,757,162,65,97,595,15,580
S01008670,Born in the UK,550,132,52,80,418,8,410
S01008670,Born outside the UK: Total,207,30,13,17,177,7,170
S01008670,Born outside the UK: Resident less than 2 years,78,2,1,1,76,3,73
S01008670,Born outside the UK: Resident 2 years or more and less than 5 years,69,4,1,3,65,0,65
S01008670,Born outside the UK: Resident 5 years or more and less than 10 years,21,3,0,3,18,1,17
S01008670,Born outside the UK: Resident 10 years or more,39,21,11,10,18,3,15
S01008671,All people in households,751,176,78,98,575,36,539
S01008671,Born in the UK,488,134,60,74,354,33,321
S01008671,Born outside the UK: Total,263,42,18,24,221,3,218
S01008671,Born outside the UK: Resident less than 2 years,120,9,3,6,111,0,111
S01008671,Born outside the UK: Resident 2 years or more and less than 5 years,71,11,6,5,60,0,60
S01008671,Born outside the UK: Resident 5 years or more and less than 10 years,34,4,0,4,30,1,29
S01008671,Born outside the UK: Resident 10 years or more,38,18,9,9,20,2,18
S01008672,All people in households,686,213,104,109,473,27,446
S01008672,Born in the UK,432,174,89,85,258,22,236
S01008672,Born outside the UK: Total,254,39,15,24,215,5,210
S01008672,Born outside the UK: Resident less than 2 years,114,9,5,4,105,0,105
S01008672,Born outside the UK: Resident 2 years or more and less than 5 years,60,8,2,6,52,0,52
S01008672,Born outside the UK: Resident 5 years or more and less than 10 years,34,6,1,5,28,2,26
S01008672,Born outside the UK: Resident 10 years or more,46,16,7,9,30,3,27
S01008673,All people in households,1064,290,160,130,774,174,600
S01008673,Born in the UK,629,188,94,94,441,133,308
S01008673,Born outside the UK: Total,435,102,66,36,333,41,292
S01008673,Born outside the UK: Resident less than 2 years,233,49,34,15,184,31,153
S01008673,Born outside the UK: Resident 2 years or more and less than 5 years,117,26,18,8,91,2,89
S01008673,Born outside the UK: Resident 5 years or more and less than 10 years,36,7,5,2,29,3,26
S01008673,Born outside the UK: Resident 10 years or more,49,20,9,11,29,5,24
S01008674,All people in households,784,140,67,73,644,108,536
S01008674,Born in the UK,501,116,58,58,385,86,299
S01008674,Born outside the UK: Total,283,24,9,15,259,22,237
S01008674,Born outside the UK: Resident less than 2 years,127,6,1,5,121,10,111
S01008674,Born outside the UK: Resident 2 years or more and less than 5 years,74,7,5,2,67,4,63
S01008674,Born outside the UK: Resident 5 years or more and less than 10 years,44,4,0,4,40,4,36
S01008674,Born outside the UK: Resident 10 years or more,38,7,3,4,31,4,27
S01008675,All people in households,705,152,61,91,553,143,410
S01008675,Born in the UK,442,120,50,70,322,119,203
S01008675,Born outside the UK: Total,263,32,11,21,231,24,207
S01008675,Born outside the UK: Resident less than 2 years,93,8,5,3,85,2,83
S01008675,Born outside the UK: Resident 2 years or more and less than 5 years,75,5,2,3,70,5,65
S01008675,Born outside the UK: Resident 5 years or more and less than 10 years,51,5,0,5,46,7,39
S01008675,Born outside the UK: Resident 10 years or more,44,14,4,10,30,10,20
S01008676,All people in households,690,227,92,135,463,81,382
S01008676,Born in the UK,509,190,76,114,319,72,247
S01008676,Born outside the UK: Total,181,37,16,21,144,9,135
S01008676,Born outside the UK: Resident less than 2 years,67,8,4,4,59,1,58
S01008676,Born outside the UK: Resident 2 years or more and less than 5 years,43,4,1,3,39,7,32
S01008676,Born outside the UK: Resident 5 years or more and less than 10 years,24,6,3,3,18,1,17
S01008676,Born outside the UK: Resident 10 years or more,47,19,8,11,28,0,28
S01008677,All people in households,731,186,81,105,545,61,484
S01008677,Born in the UK,454,155,67,88,299,52,247
S01008677,Born outside the UK: Total,277,31,14,17,246,9,237
S01008677,Born outside the UK: Resident less than 2 years,130,7,3,4,123,1,122
S01008677,Born outside the UK: Resident 2 years or more and less than 5 years,53,6,4,2,47,2,45
S01008677,Born outside the UK: Resident 5 years or more and less than 10 years,51,4,0,4,47,3,44
S01008677,Born outside the UK: Resident 10 years or more,43,14,7,7,29,3,26
S01008678,All people in households,721,126,39,87,595,101,494
S01008678,Born in the UK,395,100,31,69,295,82,213
S01008678,Born outside the UK: Total,326,26,8,18,300,19,281
S01008678,Born outside the UK: Resident less than 2 years,160,6,2,4,154,2,152
S01008678,Born outside the UK: Resident 2 years or more and less than 5 years,84,3,1,2,81,1,80
S01008678,Born outside the UK: Resident 5 years or more and less than 10 years,46,6,2,4,40,7,33
S01008678,Born outside the UK: Resident 10 years or more,36,11,3,8,25,9,16
S01008679,All people in households,877,113,46,67,764,299,465
S01008679,Born in the UK,620,91,40,51,529,272,257
S01008679,Born outside the UK: Total,257,22,6,16,235,27,208
S01008679,Born outside the UK: Resident less than 2 years,147,9,1,8,138,8,130
S01008679,Born outside the UK: Resident 2 years or more and less than 5 years,36,4,1,3,32,2,30
S01008679,Born outside the UK: Resident 5 years or more and less than 10 years,38,4,2,2,34,6,28
S01008679,Born outside the UK: Resident 10 years or more,36,5,2,3,31,11,20
S01008680,All people in households,597,93,27,66,504,131,373
S01008680,Born in the UK,385,68,22,46,317,112,205
S01008680,Born outside the UK: Total,212,25,5,20,187,19,168
S01008680,Born outside the UK: Resident less than 2 years,104,8,2,6,96,5,91
S01008680,Born outside the UK: Resident 2 years or more and less than 5 years,44,1,0,1,43,1,42
S01008680,Born outside the UK: Resident 5 years or more and less than 10 years,24,3,1,2,21,3,18
S01008680,Born outside the UK: Resident 10 years or more,40,13,2,11,27,10,17
S01008681,All people in households,971,201,78,123,770,206,564
S01008681,Born in the UK,679,165,66,99,514,198,316
S01008681,Born outside the UK: Total,292,36,12,24,256,8,248
S01008681,Born outside the UK: Resident less than 2 years,147,12,2,10,135,3,132
S01008681,Born outside the UK: Resident 2 years or more and less than 5 years,65,2,1,1,63,1,62
S01008681,Born outside the UK: Resident 5 years or more and less than 10 years,50,10,3,7,40,0,40
S01008681,Born outside the UK: Resident 10 years or more,30,12,6,6,18,4,14
S01008682,All people in households,783,228,95,133,555,148,407
S01008682,Born in the UK,523,194,80,114,329,127,202
S01008682,Born outside the UK: Total,260,34,15,19,226,21,205
S01008682,Born outside the UK: Resident less than 2 years,114,2,1,1,112,5,107
S01008682,Born outside the UK: Resident 2 years or more and less than 5 years,73,10,8,2,63,7,56
S01008682,Born outside the UK: Resident 5 years or more and less than 10 years,34,7,1,6,27,0,27
S01008682,Born outside the UK: Resident 10 years or more,39,15,5,10,24,9,15
S01008683,All people in households,1074,208,68,140,866,525,341
S01008683,Born in the UK,741,163,57,106,578,468,110
S01008683,Born outside the UK: Total,333,45,11,34,288,57,231
S01008683,Born outside the UK: Resident less than 2 years,134,4,1,3,130,3,127
S01008683,Born outside the UK: Resident 2 years or more and less than 5 years,75,7,2,5,68,3,65
S01008683,Born outside the UK: Resident 5 years or more and less than 10 years,58,12,3,9,46,15,31
S01008683,Born outside the UK: Resident 10 years or more,66,22,5,17,44,36,8
S01008684,All people in households,923,216,90,126,707,401,306
S01008684,Born in the UK,653,169,70,99,484,347,137
S01008684,Born outside the UK: Total,270,47,20,27,223,54,169
S01008684,Born outside the UK: Resident less than 2 years,106,4,0,4,102,2,100
S01008684,Born outside the UK: Resident 2 years or more and less than 5 years,51,6,3,3,45,9,36
S01008684,Born outside the UK: Resident 5 years or more and less than 10 years,45,13,6,7,32,14,18
S01008684,Born outside the UK: Resident 10 years or more,68,24,11,13,44,29,15
S01008685,All people in households,777,248,127,121,529,202,327
S01008685,Born in the UK,554,207,110,97,347,182,165
S01008685,Born outside the UK: Total,223,41,17,24,182,20,162
S01008685,Born outside the UK: Resident less than 2 years,90,5,1,4,85,9,76
S01008685,Born outside the UK: Resident 2 years or more and less than 5 years,48,1,1,0,47,2,45
S01008685,Born outside the UK: Resident 5 years or more and less than 10 years,33,5,2,3,28,1,27
S01008685,Born outside the UK: Resident 10 years or more,52,30,13,17,22,8,14
S01008686,All people in households,955,240,36,204,715,403,312
S01008686,Born in the UK,753,197,33,164,556,379,177
S01008686,Born outside the UK: Total,202,43,3,40,159,24,135
S01008686,Born outside the UK: Resident less than 2 years,51,1,0,1,50,0,50
S01008686,Born outside the UK: Resident 2 years or more and less than 5 years,51,9,0,9,42,3,39
S01008686,Born outside the UK: Resident 5 years or more and less than 10 years,56,17,2,15,39,11,28
S01008686,Born outside the UK: Resident 10 years or more,44,16,1,15,28,10,18
S01008687,All people in households,648,289,71,218,359,29,330
S01008687,Born in the UK,438,247,67,180,191,28,163
S01008687,Born outside the UK: Total,210,42,4,38,168,1,167
S01008687,Born outside the UK: Resident less than 2 years,63,6,1,5,57,1,56
S01008687,Born outside the UK: Resident 2 years or more and less than 5 years,62,5,0,5,57,0,57
S01008687,Born outside the UK: Resident 5 years or more and less than 10 years,43,13,0,13,30,0,30
S01008687,Born outside the UK: Resident 10 years or more,42,18,3,15,24,0,24
S01008688,All people in households,807,382,102,280,425,85,340
S01008688,Born in the UK,569,321,91,230,248,65,183
S01008688,Born outside the UK: Total,238,61,11,50,177,20,157
S01008688,Born outside the UK: Resident less than 2 years,76,10,1,9,66,0,66
S01008688,Born outside the UK: Resident 2 years or more and less than 5 years,58,10,3,7,48,1,47
S01008688,Born outside the UK: Resident 5 years or more and less than 10 years,52,16,1,15,36,11,25
S01008688,Born outside the UK: Resident 10 years or more,52,25,6,19,27,8,19
S01008689,All people in households,860,380,96,284,480,81,399
S01008689,Born in the UK,659,341,93,248,318,74,244
S01008689,Born outside the UK: Total,201,39,3,36,162,7,155
S01008689,Born outside the UK: Resident less than 2 years,45,1,0,1,44,0,44
S01008689,Born outside the UK: Resident 2 years or more and less than 5 years,62,3,1,2,59,3,56
S01008689,Born outside the UK: Resident 5 years or more and less than 10 years,55,14,0,14,41,3,38
S01008689,Born outside the UK: Resident 10 years or more,39,21,2,19,18,1,17
S01008690,All people in households,990,523,170,353,467,32,435
S01008690,Born in the UK,734,460,159,301,274,26,248
S01008690,Born outside the UK: Total,256,63,11,52,193,6,187
S01008690,Born outside the UK: Resident less than 2 years,71,10,2,8,61,0,61
S01008690,Born outside the UK: Resident 2 years or more and less than 5 years,76,6,0,6,70,4,66
S01008690,Born outside the UK: Resident 5 years or more and less than 10 years,67,20,2,18,47,2,45
S01008690,Born outside the UK: Resident 10 years or more,42,27,7,20,15,0,15
S01008691,All people in households,1050,494,124,370,556,86,470
S01008691,Born in the UK,782,434,105,329,348,77,271
S01008691,Born outside the UK: Total,268,60,19,41,208,9,199
S01008691,Born outside the UK: Resident less than 2 years,77,9,2,7,68,0,68
S01008691,Born outside the UK: Resident 2 years or more and less than 5 years,73,10,3,7,63,1,62
S01008691,Born outside the UK: Resident 5 years or more and less than 10 years,67,14,5,9,53,5,48
S01008691,Born outside the UK: Resident 10 years or more,51,27,9,18,24,3,21
S01008692,All people in households,627,294,78,216,333,136,197
S01008692,Born in the UK,484,253,69,184,231,118,113
S01008692,Born outside the UK: Total,143,41,9,32,102,18,84
S01008692,Born outside the UK: Resident less than 2 years,38,6,4,2,32,2,30
S01008692,Born outside the UK: Resident 2 years or more and less than 5 years,38,6,1,5,32,4,28
S01008692,Born outside the UK: Resident 5 years or more and less than 10 years,41,12,0,12,29,7,22
S01008692,Born outside the UK: Resident 10 years or more,26,17,4,13,9,5,4
S01008693,All people in households,487,428,175,253,59,13,46
S01008693,Born in the UK,472,420,171,249,52,10,42
S01008693,Born outside the UK: Total,15,8,4,4,7,3,4
S01008693,Born outside the UK: Resident less than 2 years,0,0,0,0,0,0,0
S01008693,Born outside the UK: Resident 2 years or more and less than 5 years,3,0,0,0,3,3,0
S01008693,Born outside the UK: Resident 5 years or more and less than 10 years,4,1,0,1,3,0,3
S01008693,Born outside the UK: Resident 10 years or more,8,7,4,3,1,0,1
S01008694,All people in households,1000,612,201,411,388,35,353
S01008694,Born in the UK,787,556,187,369,231,29,202
S01008694,Born outside the UK: Total,213,56,14,42,157,6,151
S01008694,Born outside the UK: Resident less than 2 years,48,4,1,3,44,3,41
S01008694,Born outside the UK: Resident 2 years or more and less than 5 years,60,6,2,4,54,0,54
S01008694,Born outside the UK: Resident 5 years or more and less than 10 years,55,14,2,12,41,2,39
S01008694,Born outside the UK: Resident 10 years or more,50,32,9,23,18,1,17
S01008695,All people in households,703,522,162,360,181,26,155
S01008695,Born in the UK,620,478,151,327,142,23,119
S01008695,Born outside the UK: Total,83,44,11,33,39,3,36
S01008695,Born outside the UK: Resident less than 2 years,11,1,1,0,10,0,10
S01008695,Born outside the UK: Resident 2 years or more and less than 5 years,6,1,0,1,5,0,5
S01008695,Born outside the UK: Resident 5 years or more and less than 10 years,27,17,2,15,10,1,9
S01008695,Born outside the UK: Resident 10 years or more,39,25,8,17,14,2,12
S01008696,All people in households,675,601,210,391,74,8,66
S01008696,Born in the UK,621,562,199,363,59,8,51
S01008696,Born outside the UK: Total,54,39,11,28,15,0,15
S01008696,Born outside the UK: Resident less than 2 years,6,1,1,0,5,0,5
S01008696,Born outside the UK: Resident 2 years or more and less than 5 years,16,10,5,5,6,0,6
S01008696,Born outside the UK: Resident 5 years or more and less than 10 years,8,5,0,5,3,0,3
S01008696,Born outside the UK: Resident 10 years or more,24,23,5,18,1,0,1
S01008697,All people in households,1055,930,407,523,125,10,115
S01008697,Born in the UK,964,879,392,487,85,10,75
S01008697,Born outside the UK: Total,91,51,15,36,40,0,40
S01008697,Born outside the UK: Resident less than 2 years,13,5,0,5,8,0,8
S01008697,Born outside the UK: Resident 2 years or more and less than 5 years,18,4,2,2,14,0,14
S01008697,Born outside the UK: Resident 5 years or more and less than 10 years,19,5,0,5,14,0,14
S01008697,Born outside the UK: Resident 10 years or more,41,37,13,24,4,0,4
S01008698,All people in households,492,439,218,221,53,17,36
S01008698,Born in the UK,460,418,212,206,42,17,25
S01008698,Born outside the UK: Total,32,21,6,15,11,0,11
S01008698,Born outside the UK: Resident less than 2 years,2,1,0,1,1,0,1
S01008698,Born outside the UK: Resident 2 years or more and less than 5 years,10,6,0,6,4,0,4
S01008698,Born outside the UK: Resident 5 years or more and less than 10 years,5,1,0,1,4,0,4
S01008698,Born outside the UK: Resident 10 years or more,15,13,6,7,2,0,2
S01008699,All people in households,905,570,251,319,335,180,155
S01008699,Born in the UK,815,535,240,295,280,175,105
S01008699,Born outside the UK: Total,90,35,11,24,55,5,50
S01008699,Born outside the UK: Resident less than 2 years,20,1,0,1,19,0,19
S01008699,Born outside the UK: Resident 2 years or more and less than 5 years,20,4,0,4,16,0,16
S01008699,Born outside the UK: Resident 5 years or more and less than 10 years,21,9,1,8,12,2,10
S01008699,Born outside the UK: Resident 10 years or more,29,21,10,11,8,3,5
S01008700,All people in households,569,459,208,251,110,15,95
S01008700,Born in the UK,506,413,197,216,93,10,83
S01008700,Born outside the UK: Total,63,46,11,35,17,5,12
S01008700,Born outside the UK: Resident less than 2 years,9,1,0,1,8,0,8
S01008700,Born outside the UK: Resident 2 years or more and less than 5 years,6,3,0,3,3,2,1
S01008700,Born outside the UK: Resident 5 years or more and less than 10 years,5,4,0,4,1,1,0
S01008700,Born outside the UK: Resident 10 years or more,43,38,11,27,5,2,3
S01008701,All people in households,396,89,8,81,307,297,10
S01008701,Born in the UK,337,54,6,48,283,275,8
S01008701,Born outside the UK: Total,59,35,2,33,24,22,2
S01008701,Born outside the UK: Resident less than 2 years,1,1,0,1,0,0,0
S01008701,Born outside the UK: Resident 2 years or more and less than 5 years,13,8,0,8,5,5,0
S01008701,Born outside the UK: Resident 5 years or more and less than 10 years,22,17,1,16,5,4,1
S01008701,Born outside the UK: Resident 10 years or more,23,9,1,8,14,13,1
S01008702,All people in households,584,181,67,114,403,88,315
S01008702,Born in the UK,437,150,57,93,287,80,207
S01008702,Born outside the UK: Total,147,31,10,21,116,8,108
S01008702,Born outside the UK: Resident less than 2 years,38,1,0,1,37,3,34
S01008702,Born outside the UK: Resident 2 years or more and less than 5 years,37,8,3,5,29,0,29
S01008702,Born outside the UK: Resident 5 years or more and less than 10 years,39,5,1,4,34,2,32
S01008702,Born outside the UK: Resident 10 years or more,33,17,6,11,16,3,13
S01008703,All people in households,961,231,32,199,730,658,72
S01008703,Born in the UK,740,143,17,126,597,561,36
S01008703,Born outside the UK: Total,221,88,15,73,133,97,36
S01008703,Born outside the UK: Resident less than 2 years,29,4,1,3,25,8,17
S01008703,Born outside the UK: Resident 2 years or more and less than 5 years,71,27,6,21,44,33,11
S01008703,Born outside the UK: Resident 5 years or more and less than 10 years,61,27,1,26,34,27,7
S01008703,Born outside the UK: Resident 10 years or more,60,30,7,23,30,29,1
S01008704,All people in households,700,231,44,187,469,393,76
S01008704,Born in the UK,581,172,42,130,409,363,46
S01008704,Born outside the UK: Total,119,59,2,57,60,30,30
S01008704,Born outside the UK: Resident less than 2 years,21,3,0,3,18,2,16
S01008704,Born outside the UK: Resident 2 years or more and less than 5 years,28,14,0,14,14,4,10
S01008704,Born outside the UK: Resident 5 years or more and less than 10 years,34,21,1,20,13,11,2
S01008704,Born outside the UK: Resident 10 years or more,36,21,1,20,15,13,2
S01008705,All people in households,494,142,26,116,352,268,84
S01008705,Born in the UK,402,117,24,93,285,242,43
S01008705,Born outside the UK: Total,92,25,2,23,67,26,41
S01008705,Born outside the UK: Resident less than 2 years,10,1,1,0,9,0,9
S01008705,Born outside the UK: Resident 2 years or more and less than 5 years,22,2,1,1,20,4,16
S01008705,Born outside the UK: Resident 5 years or more and less than 10 years,32,14,0,14,18,4,14
S01008705,Born outside the UK: Resident 10 years or more,28,8,0,8,20,18,2
S01008706,All people in households,577,86,7,79,491,435,56
S01008706,Born in the UK,498,50,3,47,448,406,42
S01008706,Born outside the UK: Total,79,36,4,32,43,29,14
S01008706,Born outside the UK: Resident less than 2 years,8,2,0,2,6,1,5
S01008706,Born outside the UK: Resident 2 years or more and less than 5 years,27,11,3,8,16,9,7
S01008706,Born outside the UK: Resident 5 years or more and less than 10 years,31,18,0,18,13,11,2
S01008706,Born outside the UK: Resident 10 years or more,13,5,1,4,8,8,0
S01008707,All people in households,862,206,34,172,656,566,90
S01008707,Born in the UK,745,167,27,140,578,507,71
S01008707,Born outside the UK: Total,117,39,7,32,78,59,19
S01008707,Born outside the UK: Resident less than 2 years,16,6,2,4,10,4,6
S01008707,Born outside the UK: Resident 2 years or more and less than 5 years,33,13,2,11,20,13,7
S01008707,Born outside the UK: Resident 5 years or more and less than 10 years,44,13,2,11,31,27,4
S01008707,Born outside the UK: Resident 10 years or more,24,7,1,6,17,15,2
S01008708,All people in households,859,89,9,80,770,705,65
S01008708,Born in the UK,744,73,7,66,671,623,48
S01008708,Born outside the UK: Total,115,16,2,14,99,82,17
S01008708,Born outside the UK: Resident less than 2 years,7,1,0,1,6,4,2
S01008708,Born outside the UK: Resident 2 years or more and less than 5 years,29,4,0,4,25,22,3
S01008708,Born outside the UK: Resident 5 years or more and less than 10 years,48,1,0,1,47,37,10
S01008708,Born outside the UK: Resident 10 years or more,31,10,2,8,21,19,2
S01008709,All people in households,763,324,84,240,439,315,124
S01008709,Born in the UK,680,281,78,203,399,285,114
S01008709,Born outside the UK: Total,83,43,6,37,40,30,10
S01008709,Born outside the UK: Resident less than 2 years,3,1,1,0,2,2,0
S01008709,Born outside the UK: Resident 2 years or more and less than 5 years,16,6,0,6,10,9,1
S01008709,Born outside the UK: Resident 5 years or more and less than 10 years,34,21,1,20,13,11,2
S01008709,Born outside the UK: Resident 10 years or more,30,15,4,11,15,8,7
S01008710,All people in households,494,178,14,164,316,247,69
S01008710,Born in the UK,387,123,9,114,264,224,40
S01008710,Born outside the UK: Total,107,55,5,50,52,23,29
S01008710,Born outside the UK: Resident less than 2 years,15,3,2,1,12,4,8
S01008710,Born outside the UK: Resident 2 years or more and less than 5 years,32,13,0,13,19,4,15
S01008710,Born outside the UK: Resident 5 years or more and less than 10 years,40,26,3,23,14,9,5
S01008710,Born outside the UK: Resident 10 years or more,20,13,0,13,7,6,1
S01008711,All people in households,706,274,107,167,432,342,90
S01008711,Born in the UK,608,242,98,144,366,302,64
S01008711,Born outside the UK: Total,98,32,9,23,66,40,26
S01008711,Born outside the UK: Resident less than 2 years,19,3,1,2,16,6,10
S01008711,Born outside the UK: Resident 2 years or more and less than 5 years,20,2,0,2,18,8,10
S01008711,Born outside the UK: Resident 5 years or more and less than 10 years,33,10,1,9,23,18,5
S01008711,Born outside the UK: Resident 10 years or more,26,17,7,10,9,8,1
S01008712,All people in households,1038,287,115,172,751,632,119
S01008712,Born in the UK,935,264,107,157,671,573,98
S01008712,Born outside the UK: Total,103,23,8,15,80,59,21
S01008712,Born outside the UK: Resident less than 2 years,11,1,1,0,10,5,5
S01008712,Born outside the UK: Resident 2 years or more and less than 5 years,29,5,0,5,24,20,4
S01008712,Born outside the UK: Resident 5 years or more and less than 10 years,34,6,0,6,28,18,10
S01008712,Born outside the UK: Resident 10 years or more,29,11,7,4,18,16,2
S01008713,All people in households,635,171,36,135,464,405,59
S01008713,Born in the UK,594,162,35,127,432,384,48
S01008713,Born outside the UK: Total,41,9,1,8,32,21,11
S01008713,Born outside the UK: Resident less than 2 years,4,1,0,1,3,0,3
S01008713,Born outside the UK: Resident 2 years or more and less than 5 years,16,0,0,0,16,10,6
S01008713,Born outside the UK: Resident 5 years or more and less than 10 years,9,4,0,4,5,3,2
S01008713,Born outside the UK: Resident 10 years or more,12,4,1,3,8,8,0
S01008714,All people in households,554,349,131,218,205,129,76
S01008714,Born in the UK,512,323,126,197,189,121,68
S01008714,Born outside the UK: Total,42,26,5,21,16,8,8
S01008714,Born outside the UK: Resident less than 2 years,2,0,0,0,2,0,2
S01008714,Born outside the UK: Resident 2 years or more and less than 5 years,10,5,0,5,5,0,5
S01008714,Born outside the UK: Resident 5 years or more and less than 10 years,11,10,2,8,1,1,0
S01008714,Born outside the UK: Resident 10 years or more,19,11,3,8,8,7,1
S01008715,All people in households,763,474,186,288,289,218,71
S01008715,Born in the UK,734,469,185,284,265,205,60
S01008715,Born outside the UK: Total,29,5,1,4,24,13,11
S01008715,Born outside the UK: Resident less than 2 years,4,1,1,0,3,1,2
S01008715,Born outside the UK: Resident 2 years or more and less than 5 years,9,0,0,0,9,1,8
S01008715,Born outside the UK: Resident 5 years or more and less than 10 years,13,1,0,1,12,11,1
S01008715,Born outside the UK: Resident 10 years or more,3,3,0,3,0,0,0
S01008716,All people in households,545,328,109,219,217,160,57
S01008716,Born in the UK,511,306,107,199,205,155,50
S01008716,Born outside the UK: Total,34,22,2,20,12,5,7
S01008716,Born outside the UK: Resident less than 2 years,1,1,0,1,0,0,0
S01008716,Born outside the UK: Resident 2 years or more and less than 5 years,15,10,0,10,5,1,4
S01008716,Born outside the UK: Resident 5 years or more and less than 10 years,4,1,0,1,3,1,2
S01008716,Born outside the UK: Resident 10 years or more,14,10,2,8,4,3,1
S01008717,All people in households,440,354,80,274,86,12,74
S01008717,Born in the UK,404,323,70,253,81,9,72
S01008717,Born outside the UK: Total,36,31,10,21,5,3,2
S01008717,Born outside the UK: Resident less than 2 years,2,2,0,2,0,0,0
S01008717,Born outside the UK: Resident 2 years or more and less than 5 years,9,5,1,4,4,2,2
S01008717,Born outside the UK: Resident 5 years or more and less than 10 years,3,2,0,2,1,1,0
S01008717,Born outside the UK: Resident 10 years or more,22,22,9,13,0,0,0
S01008718,All people in households,510,438,128,310,72,24,48
S01008718,Born in the UK,455,409,122,287,46,16,30
S01008718,Born outside the UK: Total,55,29,6,23,26,8,18
S01008718,Born outside the UK: Resident less than 2 years,11,5,5,0,6,0,6
S01008718,Born outside the UK: Resident 2 years or more and less than 5 years,15,6,0,6,9,3,6
S01008718,Born outside the UK: Resident 5 years or more and less than 10 years,11,5,0,5,6,2,4
S01008718,Born outside the UK: Resident 10 years or more,18,13,1,12,5,3,2
S01008719,All people in households,1003,725,188,537,278,40,238
S01008719,Born in the UK,880,648,179,469,232,36,196
S01008719,Born outside the UK: Total,123,77,9,68,46,4,42
S01008719,Born outside the UK: Resident less than 2 years,22,6,0,6,16,3,13
S01008719,Born outside the UK: Resident 2 years or more and less than 5 years,31,16,1,15,15,0,15
S01008719,Born outside the UK: Resident 5 years or more and less than 10 years,26,18,0,18,8,0,8
S01008719,Born outside the UK: Resident 10 years or more,44,37,8,29,7,1,6
S01008720,All people in households,508,353,135,218,155,49,106
S01008720,Born in the UK,481,339,134,205,142,47,95
S01008720,Born outside the UK: Total,27,14,1,13,13,2,11
S01008720,Born outside the UK: Resident less than 2 years,10,3,0,3,7,0,7
S01008720,Born outside the UK: Resident 2 years or more and less than 5 years,1,1,0,1,0,0,0
S01008720,Born outside the UK: Resident 5 years or more and less than 10 years,3,2,0,2,1,0,1
S01008720,Born outside the UK: Resident 10 years or more,13,8,1,7,5,2,3
S01008721,All people in households,809,751,170,581,58,14,44
S01008721,Born in the UK,776,724,161,563,52,13,39
S01008721,Born outside the UK: Total,33,27,9,18,6,1,5
S01008721,Born outside the UK: Resident less than 2 years,4,0,0,0,4,0,4
S01008721,Born outside the UK: Resident 2 years or more and less than 5 years,1,1,0,1,0,0,0
S01008721,Born outside the UK: Resident 5 years or more and less than 10 years,2,1,0,1,1,1,0
S01008721,Born outside the UK: Resident 10 years or more,26,25,9,16,1,0,1
S01008722,All people in households,1057,891,390,501,166,103,63
S01008722,Born in the UK,1000,846,380,466,154,102,52
S01008722,Born outside the UK: Total,57,45,10,35,12,1,11
S01008722,Born outside the UK: Resident less than 2 years,3,3,2,1,0,0,0
S01008722,Born outside the UK: Resident 2 years or more and less than 5 years,8,1,0,1,7,0,7
S01008722,Born outside the UK: Resident 5 years or more and less than 10 years,6,3,0,3,3,0,3
S01008722,Born outside the UK: Resident 10 years or more,40,38,8,30,2,1,1
S01008723,All people in households,625,558,190,368,67,35,32
S01008723,Born in the UK,579,524,183,341,55,31,24
S01008723,Born outside the UK: Total,46,34,7,27,12,4,8
S01008723,Born outside the UK: Resident less than 2 years,6,4,0,4,2,0,2
S01008723,Born outside the UK: Resident 2 years or more and less than 5 years,4,0,0,0,4,1,3
S01008723,Born outside the UK: Resident 5 years or more and less than 10 years,3,0,0,0,3,2,1
S01008723,Born outside the UK: Resident 10 years or more,33,30,7,23,3,1,2
S01008724,All people in households,934,787,298,489,147,79,68
S01008724,Born in the UK,874,744,283,461,130,75,55
S01008724,Born outside the UK: Total,60,43,15,28,17,4,13
S01008724,Born outside the UK: Resident less than 2 years,4,3,2,1,1,0,1
S01008724,Born outside the UK: Resident 2 years or more and less than 5 years,10,3,2,1,7,3,4
S01008724,Born outside the UK: Resident 5 years or more and less than 10 years,11,5,0,5,6,0,6
S01008724,Born outside the UK: Resident 10 years or more,35,32,11,21,3,1,2
S01008725,All people in households,749,637,241,396,112,53,59
S01008725,Born in the UK,693,601,227,374,92,51,41
S01008725,Born outside the UK: Total,56,36,14,22,20,2,18
S01008725,Born outside the UK: Resident less than 2 years,0,0,0,0,0,0,0
S01008725,Born outside the UK: Resident 2 years or more and less than 5 years,7,2,0,2,5,0,5
S01008725,Born outside the UK: Resident 5 years or more and less than 10 years,16,3,1,2,13,1,12
S01008725,Born outside the UK: Resident 10 years or more,33,31,13,18,2,1,1
S01008726,All people in households,576,527,179,348,49,5,44
S01008726,Born in the UK,551,505,169,336,46,5,41
S01008726,Born outside the UK: Total,25,22,10,12,3,0,3
S01008726,Born outside the UK: Resident less than 2 years,1,1,1,0,0,0,0
S01008726,Born outside the UK: Resident 2 years or more and less than 5 years,0,0,0,0,0,0,0
S01008726,Born outside the UK: Resident 5 years or more and less than 10 years,2,1,0,1,1,0,1
S01008726,Born outside the UK: Resident 10 years or more,22,20,9,11,2,0,2
S01008727,All people in households,1034,846,347,499,188,77,111
S01008727,Born in the UK,934,786,323,463,148,64,84
S01008727,Born outside the UK: Total,100,60,24,36,40,13,27
S01008727,Born outside the UK: Resident less than 2 years,13,5,1,4,8,0,8
S01008727,Born outside the UK: Resident 2 years or more and less than 5 years,14,3,2,1,11,6,5
S01008727,Born outside the UK: Resident 5 years or more and less than 10 years,16,7,3,4,9,2,7
S01008727,Born outside the UK: Resident 10 years or more,57,45,18,27,12,5,7
S01008728,All people in households,552,342,113,229,210,123,87
S01008728,Born in the UK,516,318,111,207,198,121,77
S01008728,Born outside the UK: Total,36,24,2,22,12,2,10
S01008728,Born outside the UK: Resident less than 2 years,1,1,0,1,0,0,0
S01008728,Born outside the UK: Resident 2 years or more and less than 5 years,8,6,0,6,2,0,2
S01008728,Born outside the UK: Resident 5 years or more and less than 10 years,10,7,0,7,3,0,3
S01008728,Born outside the UK: Resident 10 years or more,17,10,2,8,7,2,5
S01008729,All people in households,740,636,186,450,104,27,77
S01008729,Born in the UK,693,601,171,430,92,25,67
S01008729,Born outside the UK: Total,47,35,15,20,12,2,10
S01008729,Born outside the UK: Resident less than 2 years,5,1,0,1,4,0,4
S01008729,Born outside the UK: Resident 2 years or more and less than 5 years,6,3,1,2,3,0,3
S01008729,Born outside the UK: Resident 5 years or more and less than 10 years,5,3,1,2,2,1,1
S01008729,Born outside the UK: Resident 10 years or more,31,28,13,15,3,1,2
S01008730,All people in households,794,496,126,370,298,71,227
S01008730,Born in the UK,689,444,115,329,245,68,177
S01008730,Born outside the UK: Total,105,52,11,41,53,3,50
S01008730,Born outside the UK: Resident less than 2 years,24,4,2,2,20,1,19
S01008730,Born outside the UK: Resident 2 years or more and less than 5 years,23,7,0,7,16,0,16
S01008730,Born outside the UK: Resident 5 years or more and less than 10 years,17,11,2,9,6,0,6
S01008730,Born outside the UK: Resident 10 years or more,41,30,7,23,11,2,9
S01008731,All people in households,430,308,139,169,122,57,65
S01008731,Born in the UK,400,291,134,157,109,55,54
S01008731,Born outside the UK: Total,30,17,5,12,13,2,11
S01008731,Born outside the UK: Resident less than 2 years,2,2,0,2,0,0,0
S01008731,Born outside the UK: Resident 2 years or more and less than 5 years,4,2,0,2,2,0,2
S01008731,Born outside the UK: Resident 5 years or more and less than 10 years,8,2,1,1,6,0,6
S01008731,Born outside the UK: Resident 10 years or more,16,11,4,7,5,2,3
S01008732,All people in households,610,324,101,223,286,115,171
S01008732,Born in the UK,547,301,96,205,246,110,136
S01008732,Born outside the UK: Total,63,23,5,18,40,5,35
S01008732,Born outside the UK: Resident less than 2 years,21,1,1,0,20,0,20
S01008732,Born outside the UK: Resident 2 years or more and less than 5 years,11,4,0,4,7,0,7
S01008732,Born outside the UK: Resident 5 years or more and less than 10 years,12,5,1,4,7,4,3
S01008732,Born outside the UK: Resident 10 years or more,19,13,3,10,6,1,5
S01008733,All people in households,793,547,143,404,246,32,214
S01008733,Born in the UK,678,490,130,360,188,24,164
S01008733,Born outside the UK: Total,115,57,13,44,58,8,50
S01008733,Born outside the UK: Resident less than 2 years,13,3,0,3,10,0,10
S01008733,Born outside the UK: Resident 2 years or more and less than 5 years,40,10,1,9,30,3,27
S01008733,Born outside the UK: Resident 5 years or more and less than 10 years,19,7,1,6,12,3,9
S01008733,Born outside the UK: Resident 10 years or more,43,37,11,26,6,2,4
S01008734,All people in households,564,455,191,264,109,48,61
S01008734,Born in the UK,515,428,184,244,87,44,43
S01008734,Born outside the UK: Total,49,27,7,20,22,4,18
S01008734,Born outside the UK: Resident less than 2 years,5,0,0,0,5,0,5
S01008734,Born outside the UK: Resident 2 years or more and less than 5 years,11,1,0,1,10,1,9
S01008734,Born outside the UK: Resident 5 years or more and less than 10 years,6,2,0,2,4,2,2
S01008734,Born outside the UK: Resident 10 years or more,27,24,7,17,3,1,2
S01008735,All people in households,996,912,382,530,84,6,78
S01008735,Born in the UK,895,838,359,479,57,5,52
S01008735,Born outside the UK: Total,101,74,23,51,27,1,26
S01008735,Born outside the UK: Resident less than 2 years,16,7,0,7,9,0,9
S01008735,Born outside the UK: Resident 2 years or more and less than 5 years,16,7,0,7,9,0,9
S01008735,Born outside the UK: Resident 5 years or more and less than 10 years,18,13,4,9,5,0,5
S01008735,Born outside the UK: Resident 10 years or more,51,47,19,28,4,1,3
S01008736,All people in households,734,659,299,360,75,51,24
S01008736,Born in the UK,656,597,275,322,59,44,15
S01008736,Born outside the UK: Total,78,62,24,38,16,7,9
S01008736,Born outside the UK: Resident less than 2 years,6,1,0,1,5,0,5
S01008736,Born outside the UK: Resident 2 years or more and less than 5 years,5,1,1,0,4,1,3
S01008736,Born outside the UK: Resident 5 years or more and less than 10 years,13,12,1,11,1,0,1
S01008736,Born outside the UK: Resident 10 years or more,54,48,22,26,6,6,0
S01008737,All people in households,801,739,351,388,62,12,50
S01008737,Born in the UK,756,711,341,370,45,11,34
S01008737,Born outside the UK: Total,45,28,10,18,17,1,16
S01008737,Born outside the UK: Resident less than 2 years,3,0,0,0,3,0,3
S01008737,Born outside the UK: Resident 2 years or more and less than 5 years,10,1,1,0,9,0,9
S01008737,Born outside the UK: Resident 5 years or more and less than 10 years,7,5,3,2,2,0,2
S01008737,Born outside the UK: Resident 10 years or more,25,22,6,16,3,1,2
S01008738,All people in households,754,725,335,390,29,4,25
S01008738,Born in the UK,711,685,319,366,26,4,22
S01008738,Born outside the UK: Total,43,40,16,24,3,0,3
S01008738,Born outside the UK: Resident less than 2 years,2,0,0,0,2,0,2
S01008738,Born outside the UK: Resident 2 years or more and less than 5 years,0,0,0,0,0,0,0
S01008738,Born outside the UK: Resident 5 years or more and less than 10 years,4,4,0,4,0,0,0
S01008738,Born outside the UK: Resident 10 years or more,37,36,16,20,1,0,1
S01008739,All people in households,559,499,219,280,60,22,38
S01008739,Born in the UK,536,486,213,273,50,22,28
S01008739,Born outside the UK: Total,23,13,6,7,10,0,10
S01008739,Born outside the UK: Resident less than 2 years,0,0,0,0,0,0,0
S01008739,Born outside the UK: Resident 2 years or more and less than 5 years,5,0,0,0,5,0,5
S01008739,Born outside the UK: Resident 5 years or more and less than 10 years,3,1,0,1,2,0,2
S01008739,Born outside the UK: Resident 10 years or more,15,12,6,6,3,0,3
S01008740,All people in households,553,512,229,283,41,16,25
S01008740,Born in the UK,519,489,219,270,30,13,17
S01008740,Born outside the UK: Total,34,23,10,13,11,3,8
S01008740,Born outside the UK: Resident less than 2 years,3,2,0,2,1,1,0
S01008740,Born outside the UK: Resident 2 years or more and less than 5 years,4,0,0,0,4,0,4
S01008740,Born outside the UK: Resident 5 years or more and less than 10 years,4,2,0,2,2,0,2
S01008740,Born outside the UK: Resident 10 years or more,23,19,10,9,4,2,2
S01008741,All people in households,953,898,422,476,55,27,28
S01008741,Born in the UK,906,859,408,451,47,24,23
S01008741,Born outside the UK: Total,47,39,14,25,8,3,5
S01008741,Born outside the UK: Resident less than 2 years,7,5,2,3,2,1,1
S01008741,Born outside the UK: Resident 2 years or more and less than 5 years,1,0,0,0,1,1,0
S01008741,Born outside the UK: Resident 5 years or more and less than 10 years,6,2,0,2,4,0,4
S01008741,Born outside the UK: Resident 10 years or more,33,32,12,20,1,1,0
S01008742,All people in households,484,348,197,151,136,57,79
S01008742,Born in the UK,449,334,187,147,115,55,60
S01008742,Born outside the UK: Total,35,14,10,4,21,2,19
S01008742,Born outside the UK: Resident less than 2 years,8,2,2,0,6,0,6
S01008742,Born outside the UK: Resident 2 years or more and less than 5 years,8,0,0,0,8,0,8
S01008742,Born outside the UK: Resident 5 years or more and less than 10 years,5,1,0,1,4,0,4
S01008742,Born outside the UK: Resident 10 years or more,14,11,8,3,3,2,1
S01008743,All people in households,914,485,175,310,429,208,221
S01008743,Born in the UK,808,444,164,280,364,197,167
S01008743,Born outside the UK: Total,106,41,11,30,65,11,54
S01008743,Born outside the UK: Resident less than 2 years,14,1,1,0,13,1,12
S01008743,Born outside the UK: Resident 2 years or more and less than 5 years,35,6,3,3,29,5,24
S01008743,Born outside the UK: Resident 5 years or more and less than 10 years,23,13,0,13,10,0,10
S01008743,Born outside the UK: Resident 10 years or more,34,21,7,14,13,5,8
S01008744,All people in households,1058,764,267,497,294,126,168
S01008744,Born in the UK,984,735,263,472,249,123,126
S01008744,Born outside the UK: Total,74,29,4,25,45,3,42
S01008744,Born outside the UK: Resident less than 2 years,18,6,1,5,12,0,12
S01008744,Born outside the UK: Resident 2 years or more and less than 5 years,19,3,0,3,16,0,16
S01008744,Born outside the UK: Resident 5 years or more and less than 10 years,17,3,0,3,14,1,13
S01008744,Born outside the UK: Resident 10 years or more,20,17,3,14,3,2,1
S01008745,All people in households,466,361,172,189,105,11,94
S01008745,Born in the UK,412,333,166,167,79,9,70
S01008745,Born outside the UK: Total,54,28,6,22,26,2,24
S01008745,Born outside the UK: Resident less than 2 years,6,1,0,1,5,0,5
S01008745,Born outside the UK: Resident 2 years or more and less than 5 years,10,3,0,3,7,0,7
S01008745,Born outside the UK: Resident 5 years or more and less than 10 years,16,5,2,3,11,2,9
S01008745,Born outside the UK: Resident 10 years or more,22,19,4,15,3,0,3
S01008746,All people in households,1062,385,129,256,677,418,259
S01008746,Born in the UK,846,346,114,232,500,356,144
S01008746,Born outside the UK: Total,216,39,15,24,177,62,115
S01008746,Born outside the UK: Resident less than 2 years,53,3,0,3,50,6,44
S01008746,Born outside the UK: Resident 2 years or more and less than 5 years,59,7,0,7,52,13,39
S01008746,Born outside the UK: Resident 5 years or more and less than 10 years,51,4,3,1,47,26,21
S01008746,Born outside the UK: Resident 10 years or more,53,25,12,13,28,17,11
S01008747,All people in households,501,441,197,244,60,10,50
S01008747,Born in the UK,464,425,187,238,39,6,33
S01008747,Born outside the UK: Total,37,16,10,6,21,4,17
S01008747,Born outside the UK: Resident less than 2 years,11,2,1,1,9,1,8
S01008747,Born outside the UK: Resident 2 years or more and less than 5 years,9,2,0,2,7,1,6
S01008747,Born outside the UK: Resident 5 years or more and less than 10 years,5,4,3,1,1,1,0
S01008747,Born outside the UK: Resident 10 years or more,12,8,6,2,4,1,3
S01008748,All people in households,667,601,314,287,66,26,40
S01008748,Born in the UK,626,577,298,279,49,21,28
S01008748,Born outside the UK: Total,41,24,16,8,17,5,12
S01008748,Born outside the UK: Resident less than 2 years,8,1,1,0,7,0,7
S01008748,Born outside the UK: Resident 2 years or more and less than 5 years,7,0,0,0,7,3,4
S01008748,Born outside the UK: Resident 5 years or more and less than 10 years,0,0,0,0,0,0,0
S01008748,Born outside the UK: Resident 10 years or more,26,23,15,8,3,2,1
S01008749,All people in households,983,893,410,483,90,36,54
S01008749,Born in the UK,896,818,386,432,78,34,44
S01008749,Born outside the UK: Total,87,75,24,51,12,2,10
S01008749,Born outside the UK: Resident less than 2 years,4,4,2,2,0,0,0
S01008749,Born outside the UK: Resident 2 years or more and less than 5 years,9,3,1,2,6,0,6
S01008749,Born outside the UK: Resident 5 years or more and less than 10 years,3,2,0,2,1,0,1
S01008749,Born outside the UK: Resident 10 years or more,71,66,21,45,5,2,3
S01008750,All people in households,703,660,331,329,43,22,21
S01008750,Born in the UK,670,628,313,315,42,21,21
S01008750,Born outside the UK: Total,33,32,18,14,1,1,0
S01008750,Born outside the UK: Resident less than 2 years,0,0,0,0,0,0,0
S01008750,Born outside the UK: Resident 2 years or more and less than 5 years,2,2,0,2,0,0,0
S01008750,Born outside the UK: Resident 5 years or more and less than 10 years,2,2,1,1,0,0,0
S01008750,Born outside the UK: Resident 10 years or more,29,28,17,11,1,1,0
S01008751,All people in households,622,425,160,265,197,109,88
S01008751,Born in the UK,582,405,155,250,177,106,71
S01008751,Born outside the UK: Total,40,20,5,15,20,3,17
S01008751,Born outside the UK: Resident less than 2 years,7,3,0,3,4,0,4
S01008751,Born outside the UK: Resident 2 years or more and less than 5 years,3,0,0,0,3,0,3
S01008751,Born outside the UK: Resident 5 years or more and less than 10 years,17,7,1,6,10,1,9
S01008751,Born outside the UK: Resident 10 years or more,13,10,4,6,3,2,1
S01008752,All people in households,787,305,119,186,482,311,171
S01008752,Born in the UK,735,279,112,167,456,304,152
S01008752,Born outside the UK: Total,52,26,7,19,26,7,19
S01008752,Born outside the UK: Resident less than 2 years,12,3,0,3,9,1,8
S01008752,Born outside the UK: Resident 2 years or more and less than 5 years,6,2,0,2,4,0,4
S01008752,Born outside the UK: Resident 5 years or more and less than 10 years,10,6,1,5,4,1,3
S01008752,Born outside the UK: Resident 10 years or more,24,15,6,9,9,5,4
S01008753,All people in households,536,265,97,168,271,156,115
S01008753,Born in the UK,491,247,91,156,244,153,91
S01008753,Born outside the UK: Total,45,18,6,12,27,3,24
S01008753,Born outside the UK: Resident less than 2 years,9,1,0,1,8,0,8
S01008753,Born outside the UK: Resident 2 years or more and less than 5 years,12,2,0,2,10,0,10
S01008753,Born outside the UK: Resident 5 years or more and less than 10 years,8,3,1,2,5,1,4
S01008753,Born outside the UK: Resident 10 years or more,16,12,5,7,4,2,2
S01008754,All people in households,590,283,74,209,307,198,109
S01008754,Born in the UK,502,253,68,185,249,179,70
S01008754,Born outside the UK: Total,88,30,6,24,58,19,39
S01008754,Born outside the UK: Resident less than 2 years,17,4,3,1,13,2,11
S01008754,Born outside the UK: Resident 2 years or more and less than 5 years,24,3,0,3,21,8,13
S01008754,Born outside the UK: Resident 5 years or more and less than 10 years,30,16,0,16,14,1,13
S01008754,Born outside the UK: Resident 10 years or more,17,7,3,4,10,8,2
S01008755,All people in households,941,381,86,295,560,299,261
S01008755,Born in the UK,751,340,81,259,411,279,132
S01008755,Born outside the UK: Total,190,41,5,36,149,20,129
S01008755,Born outside the UK: Resident less than 2 years,50,9,0,9,41,2,39
S01008755,Born outside the UK: Resident 2 years or more and less than 5 years,66,3,0,3,63,7,56
S01008755,Born outside the UK: Resident 5 years or more and less than 10 years,45,12,1,11,33,6,27
S01008755,Born outside the UK: Resident 10 years or more,29,17,4,13,12,5,7
S01008756,All people in households,708,340,122,218,368,255,113
S01008756,Born in the UK,594,293,112,181,301,237,64
S01008756,Born outside the UK: Total,114,47,10,37,67,18,49
S01008756,Born outside the UK: Resident less than 2 years,35,4,0,4,31,2,29
S01008756,Born outside the UK: Resident 2 years or more and less than 5 years,18,4,1,3,14,6,8
S01008756,Born outside the UK: Resident 5 years or more and less than 10 years,28,17,2,15,11,0,11
S01008756,Born outside the UK: Resident 10 years or more,33,22,7,15,11,10,1
S01008757,All people in households,638,216,75,141,422,324,98
S01008757,Born in the UK,586,203,75,128,383,304,79
S01008757,Born outside the UK: Total,52,13,0,13,39,20,19
S01008757,Born outside the UK: Resident less than 2 years,6,0,0,0,6,0,6
S01008757,Born outside the UK: Resident 2 years or more and less than 5 years,12,0,0,0,12,1,11
S01008757,Born outside the UK: Resident 5 years or more and less than 10 years,10,3,0,3,7,7,0
S01008757,Born outside the UK: Resident 10 years or more,24,10,0,10,14,12,2
S01008758,All people in households,823,402,132,270,421,332,89
S01008758,Born in the UK,727,372,125,247,355,295,60
S01008758,Born outside the UK: Total,96,30,7,23,66,37,29
S01008758,Born outside the UK: Resident less than 2 years,16,3,1,2,13,4,9
S01008758,Born outside the UK: Resident 2 years or more and less than 5 years,20,5,0,5,15,6,9
S01008758,Born outside the UK: Resident 5 years or more and less than 10 years,24,8,1,7,16,7,9
S01008758,Born outside the UK: Resident 10 years or more,36,14,5,9,22,20,2
S01008759,All people in households,564,263,90,173,301,226,75
S01008759,Born in the UK,529,244,88,156,285,217,68
S01008759,Born outside the UK: Total,35,19,2,17,16,9,7
S01008759,Born outside the UK: Resident less than 2 years,2,0,0,0,2,1,1
S01008759,Born outside the UK: Resident 2 years or more and less than 5 years,9,3,0,3,6,2,4
S01008759,Born outside the UK: Resident 5 years or more and less than 10 years,7,6,0,6,1,0,1
S01008759,Born outside the UK: Resident 10 years or more,17,10,2,8,7,6,1
S01008760,All people in households,941,333,88,245,608,501,107
S01008760,Born in the UK,843,302,81,221,541,456,85
S01008760,Born outside the UK: Total,98,31,7,24,67,45,22
S01008760,Born outside the UK: Resident less than 2 years,14,1,0,1,13,5,8
S01008760,Born outside the UK: Resident 2 years or more and less than 5 years,18,3,0,3,15,9,6
S01008760,Born outside the UK: Resident 5 years or more and less than 10 years,22,11,3,8,11,6,5
S01008760,Born outside the UK: Resident 10 years or more,44,16,4,12,28,25,3
S01008761,All people in households,690,319,62,257,371,53,318
S01008761,Born in the UK,483,299,56,243,184,33,151
S01008761,Born outside the UK: Total,207,20,6,14,187,20,167
S01008761,Born outside the UK: Resident less than 2 years,36,1,0,1,35,4,31
S01008761,Born outside the UK: Resident 2 years or more and less than 5 years,81,2,0,2,79,5,74
S01008761,Born outside the UK: Resident 5 years or more and less than 10 years,65,5,2,3,60,5,55
S01008761,Born outside the UK: Resident 10 years or more,25,12,4,8,13,6,7
S01008762,All people in households,608,520,195,325,88,21,67
S01008762,Born in the UK,573,508,188,320,65,16,49
S01008762,Born outside the UK: Total,35,12,7,5,23,5,18
S01008762,Born outside the UK: Resident less than 2 years,9,1,0,1,8,0,8
S01008762,Born outside the UK: Resident 2 years or more and less than 5 years,8,2,2,0,6,0,6
S01008762,Born outside the UK: Resident 5 years or more and less than 10 years,9,2,0,2,7,4,3
S01008762,Born outside the UK: Resident 10 years or more,9,7,5,2,2,1,1
S01008763,All people in households,925,739,227,512,186,33,153
S01008763,Born in the UK,829,700,219,481,129,28,101
S01008763,Born outside the UK: Total,96,39,8,31,57,5,52
S01008763,Born outside the UK: Resident less than 2 years,18,1,1,0,17,0,17
S01008763,Born outside the UK: Resident 2 years or more and less than 5 years,18,2,0,2,16,4,12
S01008763,Born outside the UK: Resident 5 years or more and less than 10 years,26,7,0,7,19,0,19
S01008763,Born outside the UK: Resident 10 years or more,34,29,7,22,5,1,4
S01008764,All people in households,714,565,186,379,149,69,80
S01008764,Born in the UK,648,518,175,343,130,69,61
S01008764,Born outside the UK: Total,66,47,11,36,19,0,19
S01008764,Born outside the UK: Resident less than 2 years,11,8,2,6,3,0,3
S01008764,Born outside the UK: Resident 2 years or more and less than 5 years,13,3,0,3,10,0,10
S01008764,Born outside the UK: Resident 5 years or more and less than 10 years,8,6,1,5,2,0,2
S01008764,Born outside the UK: Resident 10 years or more,34,30,8,22,4,0,4
S01008765,All people in households,850,670,169,501,180,23,157
S01008765,Born in the UK,779,624,167,457,155,19,136
S01008765,Born outside the UK: Total,71,46,2,44,25,4,21
S01008765,Born outside the UK: Resident less than 2 years,7,3,0,3,4,0,4
S01008765,Born outside the UK: Resident 2 years or more and less than 5 years,11,4,0,4,7,1,6
S01008765,Born outside the UK: Resident 5 years or more and less than 10 years,20,10,0,10,10,1,9
S01008765,Born outside the UK: Resident 10 years or more,33,29,2,27,4,2,2
S01008766,All people in households,1013,888,356,532,125,42,83
S01008766,Born in the UK,958,858,344,514,100,40,60
S01008766,Born outside the UK: Total,55,30,12,18,25,2,23
S01008766,Born outside the UK: Resident less than 2 years,8,0,0,0,8,0,8
S01008766,Born outside the UK: Resident 2 years or more and less than 5 years,10,0,0,0,10,1,9
S01008766,Born outside the UK: Resident 5 years or more and less than 10 years,8,3,0,3,5,1,4
S01008766,Born outside the UK: Resident 10 years or more,29,27,12,15,2,0,2
S01008767,All people in households,542,432,136,296,110,56,54
S01008767,Born in the UK,505,414,133,281,91,51,40
S01008767,Born outside the UK: Total,37,18,3,15,19,5,14
S01008767,Born outside the UK: Resident less than 2 years,10,1,0,1,9,0,9
S01008767,Born outside the UK: Resident 2 years or more and less than 5 years,6,2,1,1,4,2,2
S01008767,Born outside the UK: Resident 5 years or more and less than 10 years,6,3,0,3,3,2,1
S01008767,Born outside the UK: Resident 10 years or more,15,12,2,10,3,1,2
S01008768,All people in households,490,289,80,209,201,114,87
S01008768,Born in the UK,427,268,78,190,159,99,60
S01008768,Born outside the UK: Total,63,21,2,19,42,15,27
S01008768,Born outside the UK: Resident less than 2 years,5,1,1,0,4,0,4
S01008768,Born outside the UK: Resident 2 years or more and less than 5 years,16,1,0,1,15,4,11
S01008768,Born outside the UK: Resident 5 years or more and less than 10 years,27,8,0,8,19,9,10
S01008768,Born outside the UK: Resident 10 years or more,15,11,1,10,4,2,2
S01008769,All people in households,666,353,92,261,313,13,300
S01008769,Born in the UK,534,307,81,226,227,12,215
S01008769,Born outside the UK: Total,132,46,11,35,86,1,85
S01008769,Born outside the UK: Resident less than 2 years,30,2,0,2,28,0,28
S01008769,Born outside the UK: Resident 2 years or more and less than 5 years,30,5,2,3,25,0,25
S01008769,Born outside the UK: Resident 5 years or more and less than 10 years,31,13,0,13,18,0,18
S01008769,Born outside the UK: Resident 10 years or more,41,26,9,17,15,1,14
S01008770,All people in households,855,345,68,277,510,29,481
S01008770,Born in the UK,610,261,52,209,349,22,327
S01008770,Born outside the UK: Total,245,84,16,68,161,7,154
S01008770,Born outside the UK: Resident less than 2 years,61,9,2,7,52,0,52
S01008770,Born outside the UK: Resident 2 years or more and less than 5 years,72,22,4,18,50,1,49
S01008770,Born outside the UK: Resident 5 years or more and less than 10 years,57,24,1,23,33,5,28
S01008770,Born outside the UK: Resident 10 years or more,55,29,9,20,26,1,25
S01008771,All people in households,778,358,79,279,420,202,218
S01008771,Born in the UK,635,300,68,232,335,177,158
S01008771,Born outside the UK: Total,143,58,11,47,85,25,60
S01008771,Born outside the UK: Resident less than 2 years,16,1,1,0,15,0,15
S01008771,Born outside the UK: Resident 2 years or more and less than 5 years,49,19,1,18,30,8,22
S01008771,Born outside the UK: Resident 5 years or more and less than 10 years,35,11,1,10,24,7,17
S01008771,Born outside the UK: Resident 10 years or more,43,27,8,19,16,10,6
S01008772,All people in households,767,558,217,341,209,83,126
S01008772,Born in the UK,691,531,212,319,160,73,87
S01008772,Born outside the UK: Total,76,27,5,22,49,10,39
S01008772,Born outside the UK: Resident less than 2 years,8,1,0,1,7,0,7
S01008772,Born outside the UK: Resident 2 years or more and less than 5 years,24,1,0,1,23,2,21
S01008772,Born outside the UK: Resident 5 years or more and less than 10 years,22,10,0,10,12,4,8
S01008772,Born outside the UK: Resident 10 years or more,22,15,5,10,7,4,3
S01008773,All people in households,1019,539,154,385,480,207,273
S01008773,Born in the UK,872,494,149,345,378,190,188
S01008773,Born outside the UK: Total,147,45,5,40,102,17,85
S01008773,Born outside the UK: Resident less than 2 years,28,4,0,4,24,2,22
S01008773,Born outside the UK: Resident 2 years or more and less than 5 years,55,10,2,8,45,4,41
S01008773,Born outside the UK: Resident 5 years or more and less than 10 years,28,8,1,7,20,5,15
S01008773,Born outside the UK: Resident 10 years or more,36,23,2,21,13,6,7
S01008774,All people in households,897,389,115,274,508,217,291
S01008774,Born in the UK,708,334,111,223,374,209,165
S01008774,Born outside the UK: Total,189,55,4,51,134,8,126
S01008774,Born outside the UK: Resident less than 2 years,30,5,0,5,25,0,25
S01008774,Born outside the UK: Resident 2 years or more and less than 5 years,73,11,0,11,62,2,60
S01008774,Born outside the UK: Resident 5 years or more and less than 10 years,50,17,0,17,33,1,32
S01008774,Born outside the UK: Resident 10 years or more,36,22,4,18,14,5,9
S01008775,All people in households,471,356,105,251,115,19,96
S01008775,Born in the UK,418,331,103,228,87,19,68
S01008775,Born outside the UK: Total,53,25,2,23,28,0,28
S01008775,Born outside the UK: Resident less than 2 years,15,2,0,2,13,0,13
S01008775,Born outside the UK: Resident 2 years or more and less than 5 years,10,0,0,0,10,0,10
S01008775,Born outside the UK: Resident 5 years or more and less than 10 years,5,4,0,4,1,0,1
S01008775,Born outside the UK: Resident 10 years or more,23,19,2,17,4,0,4
S01008776,All people in households,799,313,86,227,486,260,226
S01008776,Born in the UK,664,273,79,194,391,238,153
S01008776,Born outside the UK: Total,135,40,7,33,95,22,73
S01008776,Born outside the UK: Resident less than 2 years,25,2,0,2,23,2,21
S01008776,Born outside the UK: Resident 2 years or more and less than 5 years,39,5,0,5,34,7,27
S01008776,Born outside the UK: Resident 5 years or more and less than 10 years,32,7,0,7,25,8,17
S01008776,Born outside the UK: Resident 10 years or more,39,26,7,19,13,5,8
S01008777,All people in households,991,328,106,222,663,456,207
S01008777,Born in the UK,790,277,97,180,513,408,105
S01008777,Born outside the UK: Total,201,51,9,42,150,48,102
S01008777,Born outside the UK: Resident less than 2 years,37,2,0,2,35,4,31
S01008777,Born outside the UK: Resident 2 years or more and less than 5 years,50,5,1,4,45,10,35
S01008777,Born outside the UK: Resident 5 years or more and less than 10 years,58,26,6,20,32,9,23
S01008777,Born outside the UK: Resident 10 years or more,56,18,2,16,38,25,13
S01008778,All people in households,1086,418,98,320,668,165,503
S01008778,Born in the UK,843,358,87,271,485,151,334
S01008778,Born outside the UK: Total,243,60,11,49,183,14,169
S01008778,Born outside the UK: Resident less than 2 years,46,9,3,6,37,1,36
S01008778,Born outside the UK: Resident 2 years or more and less than 5 years,76,6,0,6,70,0,70
S01008778,Born outside the UK: Resident 5 years or more and less than 10 years,66,21,3,18,45,6,39
S01008778,Born outside the UK: Resident 10 years or more,55,24,5,19,31,7,24
S01008779,All people in households,718,362,73,289,356,19,337
S01008779,Born in the UK,566,319,63,256,247,14,233
S01008779,Born outside the UK: Total,152,43,10,33,109,5,104
S01008779,Born outside the UK: Resident less than 2 years,29,4,3,1,25,0,25
S01008779,Born outside the UK: Resident 2 years or more and less than 5 years,42,8,1,7,34,1,33
S01008779,Born outside the UK: Resident 5 years or more and less than 10 years,44,11,0,11,33,1,32
S01008779,Born outside the UK: Resident 10 years or more,37,20,6,14,17,3,14
S01008780,All people in households,583,251,43,208,332,67,265
S01008780,Born in the UK,446,214,37,177,232,63,169
S01008780,Born outside the UK: Total,137,37,6,31,100,4,96
S01008780,Born outside the UK: Resident less than 2 years,32,4,0,4,28,1,27
S01008780,Born outside the UK: Resident 2 years or more and less than 5 years,50,8,3,5,42,0,42
S01008780,Born outside the UK: Resident 5 years or more and less than 10 years,27,10,0,10,17,1,16
S01008780,Born outside the UK: Resident 10 years or more,28,15,3,12,13,2,11
S01008781,All people in households,891,270,27,243,621,317,304
S01008781,Born in the UK,688,219,27,192,469,271,198
S01008781,Born outside the UK: Total,203,51,0,51,152,46,106
S01008781,Born outside the UK: Resident less than 2 years,29,8,0,8,21,0,21
S01008781,Born outside the UK: Resident 2 years or more and less than 5 years,79,10,0,10,69,13,56
S01008781,Born outside the UK: Resident 5 years or more and less than 10 years,55,14,0,14,41,21,20
S01008781,Born outside the UK: Resident 10 years or more,40,19,0,19,21,12,9
S01008782,All people in households,749,321,61,260,428,99,329
S01008782,Born in the UK,598,276,50,226,322,93,229
S01008782,Born outside the UK: Total,151,45,11,34,106,6,100
S01008782,Born outside the UK: Resident less than 2 years,33,3,1,2,30,0,30
S01008782,Born outside the UK: Resident 2 years or more and less than 5 years,34,3,1,2,31,1,30
S01008782,Born outside the UK: Resident 5 years or more and less than 10 years,50,16,4,12,34,3,31
S01008782,Born outside the UK: Resident 10 years or more,34,23,5,18,11,2,9
S01008783,All people in households,417,156,20,136,261,81,180
S01008783,Born in the UK,357,146,19,127,211,72,139
S01008783,Born outside the UK: Total,60,10,1,9,50,9,41
S01008783,Born outside the UK: Resident less than 2 years,0,0,0,0,0,0,0
S01008783,Born outside the UK: Resident 2 years or more and less than 5 years,24,0,0,0,24,4,20
S01008783,Born outside the UK: Resident 5 years or more and less than 10 years,16,1,0,1,15,3,12
S01008783,Born outside the UK: Resident 10 years or more,20,9,1,8,11,2,9
S01008784,All people in households,442,146,15,131,296,88,208
S01008784,Born in the UK,353,119,14,105,234,83,151
S01008784,Born outside the UK: Total,89,27,1,26,62,5,57
S01008784,Born outside the UK: Resident less than 2 years,17,3,0,3,14,0,14
S01008784,Born outside the UK: Resident 2 years or more and less than 5 years,21,4,0,4,17,0,17
S01008784,Born outside the UK: Resident 5 years or more and less than 10 years,27,10,1,9,17,3,14
S01008784,Born outside the UK: Resident 10 years or more,24,10,0,10,14,2,12
S01008785,All people in households,867,232,90,142,635,383,252
S01008785,Born in the UK,683,199,84,115,484,323,161
S01008785,Born outside the UK: Total,184,33,6,27,151,60,91
S01008785,Born outside the UK: Resident less than 2 years,33,7,3,4,26,5,21
S01008785,Born outside the UK: Resident 2 years or more and less than 5 years,51,3,0,3,48,17,31
S01008785,Born outside the UK: Resident 5 years or more and less than 10 years,65,14,0,14,51,23,28
S01008785,Born outside the UK: Resident 10 years or more,35,9,3,6,26,15,11
S01008786,All people in households,894,403,98,305,491,87,404
S01008786,Born in the UK,693,349,91,258,344,70,274
S01008786,Born outside the UK: Total,201,54,7,47,147,17,130
S01008786,Born outside the UK: Resident less than 2 years,50,3,3,0,47,1,46
S01008786,Born outside the UK: Resident 2 years or more and less than 5 years,53,5,0,5,48,2,46
S01008786,Born outside the UK: Resident 5 years or more and less than 10 years,41,18,0,18,23,4,19
S01008786,Born outside the UK: Resident 10 years or more,57,28,4,24,29,10,19
S01008787,All people in households,374,17,13,4,357,319,38
S01008787,Born in the UK,315,13,9,4,302,284,18
S01008787,Born outside the UK: Total,59,4,4,0,55,35,20
S01008787,Born outside the UK: Resident less than 2 years,19,0,0,0,19,4,15
S01008787,Born outside the UK: Resident 2 years or more and less than 5 years,8,0,0,0,8,7,1
S01008787,Born outside the UK: Resident 5 years or more and less than 10 years,22,0,0,0,22,19,3
S01008787,Born outside the UK: Resident 10 years or more,10,4,4,0,6,5,1
S01008788,All people in households,690,293,53,240,397,113,284
S01008788,Born in the UK,540,250,51,199,290,105,185
S01008788,Born outside the UK: Total,150,43,2,41,107,8,99
S01008788,Born outside the UK: Resident less than 2 years,48,5,0,5,43,2,41
S01008788,Born outside the UK: Resident 2 years or more and less than 5 years,44,9,0,9,35,2,33
S01008788,Born outside the UK: Resident 5 years or more and less than 10 years,35,15,1,14,20,0,20
S01008788,Born outside the UK: Resident 10 years or more,23,14,1,13,9,4,5
S01008789,All people in households,654,268,91,177,386,242,144
S01008789,Born in the UK,560,240,83,157,320,234,86
S01008789,Born outside the UK: Total,94,28,8,20,66,8,58
S01008789,Born outside the UK: Resident less than 2 years,16,0,0,0,16,1,15
S01008789,Born outside the UK: Resident 2 years or more and less than 5 years,32,4,2,2,28,1,27
S01008789,Born outside the UK: Resident 5 years or more and less than 10 years,21,9,0,9,12,2,10
S01008789,Born outside the UK: Resident 10 years or more,25,15,6,9,10,4,6
S01008790,All people in households,624,225,38,187,399,162,237
S01008790,Born in the UK,487,191,37,154,296,132,164
S01008790,Born outside the UK: Total,137,34,1,33,103,30,73
S01008790,Born outside the UK: Resident less than 2 years,30,2,0,2,28,5,23
S01008790,Born outside the UK: Resident 2 years or more and less than 5 years,40,7,0,7,33,9,24
S01008790,Born outside the UK: Resident 5 years or more and less than 10 years,39,9,0,9,30,7,23
S01008790,Born outside the UK: Resident 10 years or more,28,16,1,15,12,9,3
S01008791,All people in households,877,330,98,232,547,69,478
S01008791,Born in the UK,505,242,80,162,263,57,206
S01008791,Born outside the UK: Total,372,88,18,70,284,12,272
S01008791,Born outside the UK: Resident less than 2 years,99,14,7,7,85,0,85
S01008791,Born outside the UK: Resident 2 years or more and less than 5 years,126,23,2,21,103,4,99
S01008791,Born outside the UK: Resident 5 years or more and less than 10 years,92,15,2,13,77,2,75
S01008791,Born outside the UK: Resident 10 years or more,55,36,7,29,19,6,13
S01008792,All people in households,774,448,164,284,326,107,219
S01008792,Born in the UK,614,390,140,250,224,97,127
S01008792,Born outside the UK: Total,160,58,24,34,102,10,92
S01008792,Born outside the UK: Resident less than 2 years,45,4,4,0,41,1,40
S01008792,Born outside the UK: Resident 2 years or more and less than 5 years,36,9,1,8,27,1,26
S01008792,Born outside the UK: Resident 5 years or more and less than 10 years,35,14,2,12,21,3,18
S01008792,Born outside the UK: Resident 10 years or more,44,31,17,14,13,5,8
S01008793,All people in households,427,139,31,108,288,137,151
S01008793,Born in the UK,326,111,29,82,215,124,91
S01008793,Born outside the UK: Total,101,28,2,26,73,13,60
S01008793,Born outside the UK: Resident less than 2 years,39,5,1,4,34,4,30
S01008793,Born outside the UK: Resident 2 years or more and less than 5 years,24,5,0,5,19,3,16
S01008793,Born outside the UK: Resident 5 years or more and less than 10 years,15,5,0,5,10,4,6
S01008793,Born outside the UK: Resident 10 years or more,23,13,1,12,10,2,8
S01008794,All people in households,857,375,110,265,482,290,192
S01008794,Born in the UK,712,325,106,219,387,273,114
S01008794,Born outside the UK: Total,145,50,4,46,95,17,78
S01008794,Born outside the UK: Resident less than 2 years,37,3,0,3,34,3,31
S01008794,Born outside the UK: Resident 2 years or more and less than 5 years,36,10,0,10,26,6,20
S01008794,Born outside the UK: Resident 5 years or more and less than 10 years,51,23,3,20,28,4,24
S01008794,Born outside the UK: Resident 10 years or more,21,14,1,13,7,4,3
S01008795,All people in households,1122,564,154,410,558,43,515
S01008795,Born in the UK,787,490,136,354,297,35,262
S01008795,Born outside the UK: Total,335,74,18,56,261,8,253
S01008795,Born outside the UK: Resident less than 2 years,104,5,3,2,99,3,96
S01008795,Born outside the UK: Resident 2 years or more and less than 5 years,83,10,3,7,73,1,72
S01008795,Born outside the UK: Resident 5 years or more and less than 10 years,92,24,2,22,68,1,67
S01008795,Born outside the UK: Resident 10 years or more,56,35,10,25,21,3,18
S01008796,All people in households,1117,333,72,261,784,310,474
S01008796,Born in the UK,868,285,64,221,583,252,331
S01008796,Born outside the UK: Total,249,48,8,40,201,58,143
S01008796,Born outside the UK: Resident less than 2 years,51,6,1,5,45,10,35
S01008796,Born outside the UK: Resident 2 years or more and less than 5 years,96,3,0,3,93,29,64
S01008796,Born outside the UK: Resident 5 years or more and less than 10 years,53,12,0,12,41,8,33
S01008796,Born outside the UK: Resident 10 years or more,49,27,7,20,22,11,11
S01008797,All people in households,947,443,129,314,504,81,423
S01008797,Born in the UK,699,388,121,267,311,78,233
S01008797,Born outside the UK: Total,248,55,8,47,193,3,190
S01008797,Born outside the UK: Resident less than 2 years,89,5,0,5,84,0,84
S01008797,Born outside the UK: Resident 2 years or more and less than 5 years,57,8,0,8,49,0,49
S01008797,Born outside the UK: Resident 5 years or more and less than 10 years,58,12,2,10,46,0,46
S01008797,Born outside the UK: Resident 10 years or more,44,30,6,24,14,3,11
S01008798,All people in households,783,357,116,241,426,130,296
S01008798,Born in the UK,600,306,109,197,294,120,174
S01008798,Born outside the UK: Total,183,51,7,44,132,10,122
S01008798,Born outside the UK: Resident less than 2 years,54,7,2,5,47,0,47
S01008798,Born outside the UK: Resident 2 years or more and less than 5 years,48,1,0,1,47,3,44
S01008798,Born outside the UK: Resident 5 years or more and less than 10 years,43,18,0,18,25,4,21
S01008798,Born outside the UK: Resident 10 years or more,38,25,5,20,13,3,10
S01008799,All people in households,665,199,41,158,466,76,390
S01008799,Born in the UK,413,160,39,121,253,67,186
S01008799,Born outside the UK: Total,252,39,2,37,213,9,204
S01008799,Born outside the UK: Resident less than 2 years,46,4,0,4,42,0,42
S01008799,Born outside the UK: Resident 2 years or more and less than 5 years,104,14,1,13,90,5,85
S01008799,Born outside the UK: Resident 5 years or more and less than 10 years,79,12,0,12,67,2,65
S01008799,Born outside the UK: Resident 10 years or more,23,9,1,8,14,2,12
S01008800,All people in households,1035,468,103,365,567,46,521
S01008800,Born in the UK,714,412,95,317,302,41,261
S01008800,Born outside the UK: Total,321,56,8,48,265,5,260
S01008800,Born outside the UK: Resident less than 2 years,73,4,0,4,69,4,65
S01008800,Born outside the UK: Resident 2 years or more and less than 5 years,116,8,1,7,108,0,108
S01008800,Born outside the UK: Resident 5 years or more and less than 10 years,93,19,2,17,74,1,73
S01008800,Born outside the UK: Resident 10 years or more,39,25,5,20,14,0,14
S01008801,All people in households,936,403,91,312,533,78,455
S01008801,Born in the UK,630,331,79,252,299,66,233
S01008801,Born outside the UK: Total,306,72,12,60,234,12,222
S01008801,Born outside the UK: Resident less than 2 years,89,6,1,5,83,0,83
S01008801,Born outside the UK: Resident 2 years or more and less than 5 years,78,7,0,7,71,2,69
S01008801,Born outside the UK: Resident 5 years or more and less than 10 years,73,22,2,20,51,3,48
S01008801,Born outside the UK: Resident 10 years or more,66,37,9,28,29,7,22
S01008802,All people in households,958,392,114,278,566,128,438
S01008802,Born in the UK,704,351,104,247,353,115,238
S01008802,Born outside the UK: Total,254,41,10,31,213,13,200
S01008802,Born outside the UK: Resident less than 2 years,78,2,2,0,76,0,76
S01008802,Born outside the UK: Resident 2 years or more and less than 5 years,77,9,1,8,68,3,65
S01008802,Born outside the UK: Resident 5 years or more and less than 10 years,50,13,2,11,37,4,33
S01008802,Born outside the UK: Resident 10 years or more,49,17,5,12,32,6,26
S01008803,All people in households,952,298,89,209,654,268,386
S01008803,Born in the UK,734,259,74,185,475,238,237
S01008803,Born outside the UK: Total,218,39,15,24,179,30,149
S01008803,Born outside the UK: Resident less than 2 years,70,6,5,1,64,2,62
S01008803,Born outside the UK: Resident 2 years or more and less than 5 years,61,3,0,3,58,11,47
S01008803,Born outside the UK: Resident 5 years or more and less than 10 years,41,5,1,4,36,3,33
S01008803,Born outside the UK: Resident 10 years or more,46,25,9,16,21,14,7
S01008804,All people in households,535,160,33,127,375,133,242
S01008804,Born in the UK,292,120,20,100,172,93,79
S01008804,Born outside the UK: Total,243,40,13,27,203,40,163
S01008804,Born outside the UK: Resident less than 2 years,81,4,3,1,77,3,74
S01008804,Born outside the UK: Resident 2 years or more and less than 5 years,73,8,3,5,65,10,55
S01008804,Born outside the UK: Resident 5 years or more and less than 10 years,47,14,3,11,33,7,26
S01008804,Born outside the UK: Resident 10 years or more,42,14,4,10,28,20,8
S01008805,All people in households,623,200,65,135,423,15,408
S01008805,Born in the UK,380,172,54,118,208,13,195
S01008805,Born outside the UK: Total,243,28,11,17,215,2,213
S01008805,Born outside the UK: Resident less than 2 years,117,4,2,2,113,2,111
S01008805,Born outside the UK: Resident 2 years or more and less than 5 years,79,6,1,5,73,0,73
S01008805,Born outside the UK: Resident 5 years or more and less than 10 years,22,3,1,2,19,0,19
S01008805,Born outside the UK: Resident 10 years or more,25,15,7,8,10,0,10
S01008806,All people in households,1019,380,92,288,639,127,512
S01008806,Born in the UK,687,315,82,233,372,93,279
S01008806,Born outside the UK: Total,332,65,10,55,267,34,233
S01008806,Born outside the UK: Resident less than 2 years,95,6,2,4,89,2,87
S01008806,Born outside the UK: Resident 2 years or more and less than 5 years,95,13,0,13,82,6,76
S01008806,Born outside the UK: Resident 5 years or more and less than 10 years,82,14,2,12,68,15,53
S01008806,Born outside the UK: Resident 10 years or more,60,32,6,26,28,11,17
S01008807,All people in households,792,405,107,298,387,51,336
S01008807,Born in the UK,584,351,95,256,233,42,191
S01008807,Born outside the UK: Total,208,54,12,42,154,9,145
S01008807,Born outside the UK: Resident less than 2 years,57,6,2,4,51,0,51
S01008807,Born outside the UK: Resident 2 years or more and less than 5 years,46,3,0,3,43,3,40
S01008807,Born outside the UK: Resident 5 years or more and less than 10 years,49,17,4,13,32,0,32
S01008807,Born outside the UK: Resident 10 years or more,56,28,6,22,28,6,22
S01008808,All people in households,663,343,103,240,320,86,234
S01008808,Born in the UK,513,288,88,200,225,79,146
S01008808,Born outside the UK: Total,150,55,15,40,95,7,88
S01008808,Born outside the UK: Resident less than 2 years,26,0,0,0,26,0,26
S01008808,Born outside the UK: Resident 2 years or more and less than 5 years,36,1,0,1,35,0,35
S01008808,Born outside the UK: Resident 5 years or more and less than 10 years,28,11,2,9,17,0,17
S01008808,Born outside the UK: Resident 10 years or more,60,43,13,30,17,7,10
S01008809,All people in households,636,318,175,143,318,28,290
S01008809,Born in the UK,484,262,143,119,222,25,197
S01008809,Born outside the UK: Total,152,56,32,24,96,3,93
S01008809,Born outside the UK: Resident less than 2 years,32,3,1,2,29,2,27
S01008809,Born outside the UK: Resident 2 years or more and less than 5 years,40,9,8,1,31,0,31
S01008809,Born outside the UK: Resident 5 years or more and less than 10 years,31,10,5,5,21,1,20
S01008809,Born outside the UK: Resident 10 years or more,49,34,18,16,15,0,15
S01008810,All people in households,733,380,101,279,353,6,347
S01008810,Born in the UK,540,324,88,236,216,6,210
S01008810,Born outside the UK: Total,193,56,13,43,137,0,137
S01008810,Born outside the UK: Resident less than 2 years,65,3,2,1,62,0,62
S01008810,Born outside the UK: Resident 2 years or more and less than 5 years,46,6,1,5,40,0,40
S01008810,Born outside the UK: Resident 5 years or more and less than 10 years,30,8,0,8,22,0,22
S01008810,Born outside the UK: Resident 10 years or more,52,39,10,29,13,0,13
S01008811,All people in households,829,392,131,261,437,15,422
S01008811,Born in the UK,598,336,109,227,262,14,248
S01008811,Born outside the UK: Total,231,56,22,34,175,1,174
S01008811,Born outside the UK: Resident less than 2 years,69,5,1,4,64,0,64
S01008811,Born outside the UK: Resident 2 years or more and less than 5 years,59,4,2,2,55,0,55
S01008811,Born outside the UK: Resident 5 years or more and less than 10 years,39,11,4,7,28,1,27
S01008811,Born outside the UK: Resident 10 years or more,64,36,15,21,28,0,28
S01008812,All people in households,471,246,91,155,225,3,222
S01008812,Born in the UK,350,210,78,132,140,1,139
S01008812,Born outside the UK: Total,121,36,13,23,85,2,83
S01008812,Born outside the UK: Resident less than 2 years,39,1,0,1,38,0,38
S01008812,Born outside the UK: Resident 2 years or more and less than 5 years,24,7,4,3,17,0,17
S01008812,Born outside the UK: Resident 5 years or more and less than 10 years,28,12,4,8,16,2,14
S01008812,Born outside the UK: Resident 10 years or more,30,16,5,11,14,0,14
S01008813,All people in households,955,379,138,241,576,292,284
S01008813,Born in the UK,722,327,130,197,395,255,140
S01008813,Born outside the UK: Total,233,52,8,44,181,37,144
S01008813,Born outside the UK: Resident less than 2 years,68,2,0,2,66,2,64
S01008813,Born outside the UK: Resident 2 years or more and less than 5 years,54,10,1,9,44,5,39
S01008813,Born outside the UK: Resident 5 years or more and less than 10 years,39,11,2,9,28,2,26
S01008813,Born outside the UK: Resident 10 years or more,72,29,5,24,43,28,15
S01008814,All people in households,841,457,170,287,384,71,313
S01008814,Born in the UK,591,381,159,222,210,62,148
S01008814,Born outside the UK: Total,250,76,11,65,174,9,165
S01008814,Born outside the UK: Resident less than 2 years,65,7,1,6,58,3,55
S01008814,Born outside the UK: Resident 2 years or more and less than 5 years,68,10,0,10,58,2,56
S01008814,Born outside the UK: Resident 5 years or more and less than 10 years,64,21,0,21,43,2,41
S01008814,Born outside the UK: Resident 10 years or more,53,38,10,28,15,2,13
S01008815,All people in households,908,399,79,320,509,154,355
S01008815,Born in the UK,667,343,72,271,324,137,187
S01008815,Born outside the UK: Total,241,56,7,49,185,17,168
S01008815,Born outside the UK: Resident less than 2 years,70,4,0,4,66,3,63
S01008815,Born outside the UK: Resident 2 years or more and less than 5 years,72,6,3,3,66,4,62
S01008815,Born outside the UK: Resident 5 years or more and less than 10 years,56,19,1,18,37,5,32
S01008815,Born outside the UK: Resident 10 years or more,43,27,3,24,16,5,11
S01008816,All people in households,523,270,91,179,253,92,161
S01008816,Born in the UK,442,259,87,172,183,75,108
S01008816,Born outside the UK: Total,81,11,4,7,70,17,53
S01008816,Born outside the UK: Resident less than 2 years,30,3,3,0,27,4,23
S01008816,Born outside the UK: Resident 2 years or more and less than 5 years,13,1,0,1,12,2,10
S01008816,Born outside the UK: Resident 5 years or more and less than 10 years,19,3,0,3,16,4,12
S01008816,Born outside the UK: Resident 10 years or more,19,4,1,3,15,7,8
S01008817,All people in households,764,325,69,256,439,219,220
S01008817,Born in the UK,603,278,67,211,325,196,129
S01008817,Born outside the UK: Total,161,47,2,45,114,23,91
S01008817,Born outside the UK: Resident less than 2 years,35,5,0,5,30,7,23
S01008817,Born outside the UK: Resident 2 years or more and less than 5 years,62,14,0,14,48,1,47
S01008817,Born outside the UK: Resident 5 years or more and less than 10 years,33,13,0,13,20,6,14
S01008817,Born outside the UK: Resident 10 years or more,31,15,2,13,16,9,7
S01008818,All people in households,775,534,126,408,241,74,167
S01008818,Born in the UK,688,497,118,379,191,58,133
S01008818,Born outside the UK: Total,87,37,8,29,50,16,34
S01008818,Born outside the UK: Resident less than 2 years,6,2,0,2,4,0,4
S01008818,Born outside the UK: Resident 2 years or more and less than 5 years,20,5,0,5,15,3,12
S01008818,Born outside the UK: Resident 5 years or more and less than 10 years,28,7,2,5,21,10,11
S01008818,Born outside the UK: Resident 10 years or more,33,23,6,17,10,3,7
S01008819,All people in households,705,482,161,321,223,51,172
S01008819,Born in the UK,613,437,150,287,176,51,125
S01008819,Born outside the UK: Total,92,45,11,34,47,0,47
S01008819,Born outside the UK: Resident less than 2 years,19,5,1,4,14,0,14
S01008819,Born outside the UK: Resident 2 years or more and less than 5 years,21,6,3,3,15,0,15
S01008819,Born outside the UK: Resident 5 years or more and less than 10 years,20,13,1,12,7,0,7
S01008819,Born outside the UK: Resident 10 years or more,32,21,6,15,11,0,11
S01008820,All people in households,1113,475,147,328,638,335,303
S01008820,Born in the UK,934,422,135,287,512,291,221
S01008820,Born outside the UK: Total,179,53,12,41,126,44,82
S01008820,Born outside the UK: Resident less than 2 years,25,3,1,2,22,2,20
S01008820,Born outside the UK: Resident 2 years or more and less than 5 years,51,11,2,9,40,11,29
S01008820,Born outside the UK: Resident 5 years or more and less than 10 years,41,8,1,7,33,12,21
S01008820,Born outside the UK: Resident 10 years or more,62,31,8,23,31,19,12
S01008821,All people in households,712,597,184,413,115,30,85
S01008821,Born in the UK,611,523,158,365,88,18,70
S01008821,Born outside the UK: Total,101,74,26,48,27,12,15
S01008821,Born outside the UK: Resident less than 2 years,15,9,3,6,6,1,5
S01008821,Born outside the UK: Resident 2 years or more and less than 5 years,11,1,0,1,10,8,2
S01008821,Born outside the UK: Resident 5 years or more and less than 10 years,14,6,0,6,8,3,5
S01008821,Born outside the UK: Resident 10 years or more,61,58,23,35,3,0,3
S01008822,All people in households,726,659,232,427,67,17,50
S01008822,Born in the UK,669,622,221,401,47,10,37
S01008822,Born outside the UK: Total,57,37,11,26,20,7,13
S01008822,Born outside the UK: Resident less than 2 years,10,4,1,3,6,4,2
S01008822,Born outside the UK: Resident 2 years or more and less than 5 years,8,0,0,0,8,2,6
S01008822,Born outside the UK: Resident 5 years or more and less than 10 years,4,2,0,2,2,1,1
S01008822,Born outside the UK: Resident 10 years or more,35,31,10,21,4,0,4
S01008823,All people in households,626,526,201,325,100,5,95
S01008823,Born in the UK,569,490,192,298,79,3,76
S01008823,Born outside the UK: Total,57,36,9,27,21,2,19
S01008823,Born outside the UK: Resident less than 2 years,5,1,0,1,4,0,4
S01008823,Born outside the UK: Resident 2 years or more and less than 5 years,8,0,0,0,8,1,7
S01008823,Born outside the UK: Resident 5 years or more and less than 10 years,10,6,1,5,4,1,3
S01008823,Born outside the UK: Resident 10 years or more,34,29,8,21,5,0,5
S01008824,All people in households,961,757,290,467,204,45,159
S01008824,Born in the UK,875,710,273,437,165,42,123
S01008824,Born outside the UK: Total,86,47,17,30,39,3,36
S01008824,Born outside the UK: Resident less than 2 years,3,0,0,0,3,0,3
S01008824,Born outside the UK: Resident 2 years or more and less than 5 years,18,9,5,4,9,0,9
S01008824,Born outside the UK: Resident 5 years or more and less than 10 years,24,10,2,8,14,2,12
S01008824,Born outside the UK: Resident 10 years or more,41,28,10,18,13,1,12
S01008825,All people in households,610,511,209,302,99,14,85
S01008825,Born in the UK,551,488,199,289,63,10,53
S01008825,Born outside the UK: Total,59,23,10,13,36,4,32
S01008825,Born outside the UK: Resident less than 2 years,11,0,0,0,11,3,8
S01008825,Born outside the UK: Resident 2 years or more and less than 5 years,15,0,0,0,15,1,14
S01008825,Born outside the UK: Resident 5 years or more and less than 10 years,10,3,2,1,7,0,7
S01008825,Born outside the UK: Resident 10 years or more,23,20,8,12,3,0,3
S01008826,All people in households,650,429,154,275,221,95,126
S01008826,Born in the UK,575,397,143,254,178,88,90
S01008826,Born outside the UK: Total,75,32,11,21,43,7,36
S01008826,Born outside the UK: Resident less than 2 years,15,1,0,1,14,3,11
S01008826,Born outside the UK: Resident 2 years or more and less than 5 years,20,5,1,4,15,1,14
S01008826,Born outside the UK: Resident 5 years or more and less than 10 years,10,4,0,4,6,1,5
S01008826,Born outside the UK: Resident 10 years or more,30,22,10,12,8,2,6
S01008827,All people in households,698,652,299,353,46,4,42
S01008827,Born in the UK,642,612,278,334,30,1,29
S01008827,Born outside the UK: Total,56,40,21,19,16,3,13
S01008827,Born outside the UK: Resident less than 2 years,3,1,1,0,2,0,2
S01008827,Born outside the UK: Resident 2 years or more and less than 5 years,6,1,0,1,5,1,4
S01008827,Born outside the UK: Resident 5 years or more and less than 10 years,11,7,2,5,4,2,2
S01008827,Born outside the UK: Resident 10 years or more,36,31,18,13,5,0,5
S01008828,All people in households,882,692,316,376,190,42,148
S01008828,Born in the UK,796,643,301,342,153,38,115
S01008828,Born outside the UK: Total,86,49,15,34,37,4,33
S01008828,Born outside the UK: Resident less than 2 years,14,3,0,3,11,0,11
S01008828,Born outside the UK: Resident 2 years or more and less than 5 years,13,2,0,2,11,0,11
S01008828,Born outside the UK: Resident 5 years or more and less than 10 years,19,9,1,8,10,2,8
S01008828,Born outside the UK: Resident 10 years or more,40,35,14,21,5,2,3
S01008829,All people in households,715,561,219,342,154,62,92
S01008829,Born in the UK,624,529,210,319,95,59,36
S01008829,Born outside the UK: Total,91,32,9,23,59,3,56
S01008829,Born outside the UK: Resident less than 2 years,35,2,2,0,33,0,33
S01008829,Born outside the UK: Resident 2 years or more and less than 5 years,20,3,1,2,17,0,17
S01008829,Born outside the UK: Resident 5 years or more and less than 10 years,15,8,0,8,7,3,4
S01008829,Born outside the UK: Resident 10 years or more,21,19,6,13,2,0,2
S01008830,All people in households,689,591,264,327,98,10,88
S01008830,Born in the UK,629,550,251,299,79,10,69
S01008830,Born outside the UK: Total,60,41,13,28,19,0,19
S01008830,Born outside the UK: Resident less than 2 years,9,3,1,2,6,0,6
S01008830,Born outside the UK: Resident 2 years or more and less than 5 years,7,0,0,0,7,0,7
S01008830,Born outside the UK: Resident 5 years or more and less than 10 years,10,7,1,6,3,0,3
S01008830,Born outside the UK: Resident 10 years or more,34,31,11,20,3,0,3
S01008831,All people in households,774,687,367,320,87,35,52
S01008831,Born in the UK,734,658,348,310,76,34,42
S01008831,Born outside the UK: Total,40,29,19,10,11,1,10
S01008831,Born outside the UK: Resident less than 2 years,6,0,0,0,6,0,6
S01008831,Born outside the UK: Resident 2 years or more and less than 5 years,1,0,0,0,1,1,0
S01008831,Born outside the UK: Resident 5 years or more and less than 10 years,8,4,1,3,4,0,4
S01008831,Born outside the UK: Resident 10 years or more,25,25,18,7,0,0,0
S01008832,All people in households,697,568,299,269,129,4,125
S01008832,Born in the UK,602,503,263,240,99,4,95
S01008832,Born outside the UK: Total,95,65,36,29,30,0,30
S01008832,Born outside the UK: Resident less than 2 years,15,3,2,1,12,0,12
S01008832,Born outside the UK: Resident 2 years or more and less than 5 years,18,8,1,7,10,0,10
S01008832,Born outside the UK: Resident 5 years or more and less than 10 years,17,11,5,6,6,0,6
S01008832,Born outside the UK: Resident 10 years or more,45,43,28,15,2,0,2
S01008833,All people in households,985,730,323,407,255,73,182
S01008833,Born in the UK,843,649,292,357,194,59,135
S01008833,Born outside the UK: Total,142,81,31,50,61,14,47
S01008833,Born outside the UK: Resident less than 2 years,36,10,2,8,26,11,15
S01008833,Born outside the UK: Resident 2 years or more and less than 5 years,24,12,4,8,12,0,12
S01008833,Born outside the UK: Resident 5 years or more and less than 10 years,20,12,3,9,8,0,8
S01008833,Born outside the UK: Resident 10 years or more,62,47,22,25,15,3,12
S01008834,All people in households,1078,850,400,450,228,18,210
S01008834,Born in the UK,922,759,358,401,163,17,146
S01008834,Born outside the UK: Total,156,91,42,49,65,1,64
S01008834,Born outside the UK: Resident less than 2 years,16,4,0,4,12,0,12
S01008834,Born outside the UK: Resident 2 years or more and less than 5 years,29,9,4,5,20,1,19
S01008834,Born outside the UK: Resident 5 years or more and less than 10 years,24,11,2,9,13,0,13
S01008834,Born outside the UK: Resident 10 years or more,87,67,36,31,20,0,20
S01008835,All people in households,813,687,311,376,126,42,84
S01008835,Born in the UK,754,649,301,348,105,36,69
S01008835,Born outside the UK: Total,59,38,10,28,21,6,15
S01008835,Born outside the UK: Resident less than 2 years,12,3,2,1,9,1,8
S01008835,Born outside the UK: Resident 2 years or more and less than 5 years,4,2,0,2,2,1,1
S01008835,Born outside the UK: Resident 5 years or more and less than 10 years,19,13,2,11,6,3,3
S01008835,Born outside the UK: Resident 10 years or more,24,20,6,14,4,1,3
S01008836,All people in households,675,352,121,231,323,138,185
S01008836,Born in the UK,542,295,103,192,247,130,117
S01008836,Born outside the UK: Total,133,57,18,39,76,8,68
S01008836,Born outside the UK: Resident less than 2 years,23,6,0,6,17,1,16
S01008836,Born outside the UK: Resident 2 years or more and less than 5 years,25,4,4,0,21,2,19
S01008836,Born outside the UK: Resident 5 years or more and less than 10 years,46,19,3,16,27,2,25
S01008836,Born outside the UK: Resident 10 years or more,39,28,11,17,11,3,8
S01008837,All people in households,1015,506,124,382,509,59,450
S01008837,Born in the UK,793,440,111,329,353,53,300
S01008837,Born outside the UK: Total,222,66,13,53,156,6,150
S01008837,Born outside the UK: Resident less than 2 years,60,2,0,2,58,0,58
S01008837,Born outside the UK: Resident 2 years or more and less than 5 years,55,13,0,13,42,0,42
S01008837,Born outside the UK: Resident 5 years or more and less than 10 years,58,18,2,16,40,0,40
S01008837,Born outside the UK: Resident 10 years or more,49,33,11,22,16,6,10
S01008838,All people in households,1009,584,236,348,425,24,401
S01008838,Born in the UK,804,526,220,306,278,20,258
S01008838,Born outside the UK: Total,205,58,16,42,147,4,143
S01008838,Born outside the UK: Resident less than 2 years,60,7,2,5,53,0,53
S01008838,Born outside the UK: Resident 2 years or more and less than 5 years,38,2,1,1,36,1,35
S01008838,Born outside the UK: Resident 5 years or more and less than 10 years,46,6,0,6,40,0,40
S01008838,Born outside the UK: Resident 10 years or more,61,43,13,30,18,3,15
S01008839,All people in households,1024,624,234,390,400,56,344
S01008839,Born in the UK,834,557,211,346,277,50,227
S01008839,Born outside the UK: Total,190,67,23,44,123,6,117
S01008839,Born outside the UK: Resident less than 2 years,45,3,1,2,42,0,42
S01008839,Born outside the UK: Resident 2 years or more and less than 5 years,48,8,1,7,40,2,38
S01008839,Born outside the UK: Resident 5 years or more and less than 10 years,32,12,2,10,20,0,20
S01008839,Born outside the UK: Resident 10 years or more,65,44,19,25,21,4,17
S01008840,All people in households,1073,704,258,446,369,15,354
S01008840,Born in the UK,887,652,244,408,235,9,226
S01008840,Born outside the UK: Total,186,52,14,38,134,6,128
S01008840,Born outside the UK: Resident less than 2 years,47,1,0,1,46,2,44
S01008840,Born outside the UK: Resident 2 years or more and less than 5 years,42,4,1,3,38,0,38
S01008840,Born outside the UK: Resident 5 years or more and less than 10 years,37,15,2,13,22,2,20
S01008840,Born outside the UK: Resident 10 years or more,60,32,11,21,28,2,26
S01008841,All people in households,568,343,124,219,225,33,192
S01008841,Born in the UK,435,301,112,189,134,32,102
S01008841,Born outside the UK: Total,133,42,12,30,91,1,90
S01008841,Born outside the UK: Resident less than 2 years,45,6,1,5,39,0,39
S01008841,Born outside the UK: Resident 2 years or more and less than 5 years,34,7,3,4,27,0,27
S01008841,Born outside the UK: Resident 5 years or more and less than 10 years,20,7,0,7,13,0,13
S01008841,Born outside the UK: Resident 10 years or more,34,22,8,14,12,1,11
S01008842,All people in households,882,373,65,308,509,28,481
S01008842,Born in the UK,591,315,51,264,276,22,254
S01008842,Born outside the UK: Total,291,58,14,44,233,6,227
S01008842,Born outside the UK: Resident less than 2 years,95,11,1,10,84,4,80
S01008842,Born outside the UK: Resident 2 years or more and less than 5 years,93,5,1,4,88,0,88
S01008842,Born outside the UK: Resident 5 years or more and less than 10 years,62,15,1,14,47,0,47
S01008842,Born outside the UK: Resident 10 years or more,41,27,11,16,14,2,12
S01008843,All people in households,881,417,135,282,464,28,436
S01008843,Born in the UK,616,337,106,231,279,18,261
S01008843,Born outside the UK: Total,265,80,29,51,185,10,175
S01008843,Born outside the UK: Resident less than 2 years,83,9,7,2,74,1,73
S01008843,Born outside the UK: Resident 2 years or more and less than 5 years,55,12,5,7,43,4,39
S01008843,Born outside the UK: Resident 5 years or more and less than 10 years,59,16,3,13,43,1,42
S01008843,Born outside the UK: Resident 10 years or more,68,43,14,29,25,4,21
S01008844,All people in households,695,296,76,220,399,61,338
S01008844,Born in the UK,505,261,71,190,244,46,198
S01008844,Born outside the UK: Total,190,35,5,30,155,15,140
S01008844,Born outside the UK: Resident less than 2 years,38,2,0,2,36,1,35
S01008844,Born outside the UK: Resident 2 years or more and less than 5 years,71,7,1,6,64,4,60
S01008844,Born outside the UK: Resident 5 years or more and less than 10 years,40,6,0,6,34,4,30
S01008844,Born outside the UK: Resident 10 years or more,41,20,4,16,21,6,15
S01008845,All people in households,851,330,146,184,521,16,505
S01008845,Born in the UK,584,276,119,157,308,8,300
S01008845,Born outside the UK: Total,267,54,27,27,213,8,205
S01008845,Born outside the UK: Resident less than 2 years,89,3,0,3,86,5,81
S01008845,Born outside the UK: Resident 2 years or more and less than 5 years,76,10,3,7,66,3,63
S01008845,Born outside the UK: Resident 5 years or more and less than 10 years,41,6,2,4,35,0,35
S01008845,Born outside the UK: Resident 10 years or more,61,35,22,13,26,0,26
S01008846,All people in households,807,398,183,215,409,37,372
S01008846,Born in the UK,623,340,160,180,283,36,247
S01008846,Born outside the UK: Total,184,58,23,35,126,1,125
S01008846,Born outside the UK: Resident less than 2 years,78,9,2,7,69,0,69
S01008846,Born outside the UK: Resident 2 years or more and less than 5 years,23,3,2,1,20,0,20
S01008846,Born outside the UK: Resident 5 years or more and less than 10 years,33,11,2,9,22,0,22
S01008846,Born outside the UK: Resident 10 years or more,50,35,17,18,15,1,14
S01008847,All people in households,573,269,106,163,304,5,299
S01008847,Born in the UK,433,240,92,148,193,5,188
S01008847,Born outside the UK: Total,140,29,14,15,111,0,111
S01008847,Born outside the UK: Resident less than 2 years,57,1,0,1,56,0,56
S01008847,Born outside the UK: Resident 2 years or more and less than 5 years,19,2,2,0,17,0,17
S01008847,Born outside the UK: Resident 5 years or more and less than 10 years,29,5,1,4,24,0,24
S01008847,Born outside the UK: Resident 10 years or more,35,21,11,10,14,0,14
S01008848,All people in households,765,408,183,225,357,45,312
S01008848,Born in the UK,626,360,166,194,266,41,225
S01008848,Born outside the UK: Total,139,48,17,31,91,4,87
S01008848,Born outside the UK: Resident less than 2 years,41,4,3,1,37,1,36
S01008848,Born outside the UK: Resident 2 years or more and less than 5 years,18,3,0,3,15,0,15
S01008848,Born outside the UK: Resident 5 years or more and less than 10 years,17,3,1,2,14,0,14
S01008848,Born outside the UK: Resident 10 years or more,63,38,13,25,25,3,22
S01008849,All people in households,727,316,143,173,411,3,408
S01008849,Born in the UK,542,273,123,150,269,2,267
S01008849,Born outside the UK: Total,185,43,20,23,142,1,141
S01008849,Born outside the UK: Resident less than 2 years,73,4,1,3,69,0,69
S01008849,Born outside the UK: Resident 2 years or more and less than 5 years,38,6,2,4,32,1,31
S01008849,Born outside the UK: Resident 5 years or more and less than 10 years,26,4,0,4,22,0,22
S01008849,Born outside the UK: Resident 10 years or more,48,29,17,12,19,0,19
S01008850,All people in households,818,415,225,190,403,9,394
S01008850,Born in the UK,682,372,204,168,310,8,302
S01008850,Born outside the UK: Total,136,43,21,22,93,1,92
S01008850,Born outside the UK: Resident less than 2 years,53,5,3,2,48,0,48
S01008850,Born outside the UK: Resident 2 years or more and less than 5 years,26,7,0,7,19,0,19
S01008850,Born outside the UK: Resident 5 years or more and less than 10 years,12,2,0,2,10,0,10
S01008850,Born outside the UK: Resident 10 years or more,45,29,18,11,16,1,15
S01008851,All people in households,1021,432,217,215,589,158,431
S01008851,Born in the UK,808,363,190,173,445,140,305
S01008851,Born outside the UK: Total,213,69,27,42,144,18,126
S01008851,Born outside the UK: Resident less than 2 years,58,17,3,14,41,1,40
S01008851,Born outside the UK: Resident 2 years or more and less than 5 years,38,7,0,7,31,2,29
S01008851,Born outside the UK: Resident 5 years or more and less than 10 years,37,7,2,5,30,6,24
S01008851,Born outside the UK: Resident 10 years or more,80,38,22,16,42,9,33
S01008852,All people in households,992,572,346,226,420,0,420
S01008852,Born in the UK,784,492,297,195,292,0,292
S01008852,Born outside the UK: Total,208,80,49,31,128,0,128
S01008852,Born outside the UK: Resident less than 2 years,53,5,3,2,48,0,48
S01008852,Born outside the UK: Resident 2 years or more and less than 5 years,37,8,3,5,29,0,29
S01008852,Born outside the UK: Resident 5 years or more and less than 10 years,31,13,6,7,18,0,18
S01008852,Born outside the UK: Resident 10 years or more,87,54,37,17,33,0,33
S01008853,All people in households,680,321,121,200,359,8,351
S01008853,Born in the UK,474,263,99,164,211,6,205
S01008853,Born outside the UK: Total,206,58,22,36,148,2,146
S01008853,Born outside the UK: Resident less than 2 years,64,7,5,2,57,0,57
S01008853,Born outside the UK: Resident 2 years or more and less than 5 years,46,4,1,3,42,0,42
S01008853,Born outside the UK: Resident 5 years or more and less than 10 years,41,16,5,11,25,0,25
S01008853,Born outside the UK: Resident 10 years or more,55,31,11,20,24,2,22
S01008854,All people in households,908,417,201,216,491,8,483
S01008854,Born in the UK,710,373,182,191,337,7,330
S01008854,Born outside the UK: Total,198,44,19,25,154,1,153
S01008854,Born outside the UK: Resident less than 2 years,71,5,2,3,66,0,66
S01008854,Born outside the UK: Resident 2 years or more and less than 5 years,39,5,2,3,34,0,34
S01008854,Born outside the UK: Resident 5 years or more and less than 10 years,28,7,3,4,21,0,21
S01008854,Born outside the UK: Resident 10 years or more,60,27,12,15,33,1,32
S01008855,All people in households,1056,539,213,326,517,14,503
S01008855,Born in the UK,837,458,183,275,379,14,365
S01008855,Born outside the UK: Total,219,81,30,51,138,0,138
S01008855,Born outside the UK: Resident less than 2 years,67,11,6,5,56,0,56
S01008855,Born outside the UK: Resident 2 years or more and less than 5 years,46,8,3,5,38,0,38
S01008855,Born outside the UK: Resident 5 years or more and less than 10 years,37,15,5,10,22,0,22
S01008855,Born outside the UK: Resident 10 years or more,69,47,16,31,22,0,22
S01008856,All people in households,562,277,106,171,285,11,274
S01008856,Born in the UK,396,231,85,146,165,9,156
S01008856,Born outside the UK: Total,166,46,21,25,120,2,118
S01008856,Born outside the UK: Resident less than 2 years,62,3,3,0,59,0,59
S01008856,Born outside the UK: Resident 2 years or more and less than 5 years,31,3,1,2,28,0,28
S01008856,Born outside the UK: Resident 5 years or more and less than 10 years,33,13,1,12,20,0,20
S01008856,Born outside the UK: Resident 10 years or more,40,27,16,11,13,2,11
S01008857,All people in households,764,462,221,241,302,4,298
S01008857,Born in the UK,642,408,192,216,234,3,231
S01008857,Born outside the UK: Total,122,54,29,25,68,1,67
S01008857,Born outside the UK: Resident less than 2 years,24,6,2,4,18,0,18
S01008857,Born outside the UK: Resident 2 years or more and less than 5 years,22,1,0,1,21,0,21
S01008857,Born outside the UK: Resident 5 years or more and less than 10 years,24,7,2,5,17,1,16
S01008857,Born outside the UK: Resident 10 years or more,52,40,25,15,12,0,12
S01008858,All people in households,552,365,191,174,187,3,184
S01008858,Born in the UK,465,326,170,156,139,2,137
S01008858,Born outside the UK: Total,87,39,21,18,48,1,47
S01008858,Born outside the UK: Resident less than 2 years,12,2,1,1,10,0,10
S01008858,Born outside the UK: Resident 2 years or more and less than 5 years,18,3,1,2,15,0,15
S01008858,Born outside the UK: Resident 5 years or more and less than 10 years,14,4,1,3,10,0,10
S01008858,Born outside the UK: Resident 10 years or more,43,30,18,12,13,1,12
S01008859,All people in households,1103,414,171,243,689,127,562
S01008859,Born in the UK,869,362,149,213,507,110,397
S01008859,Born outside the UK: Total,234,52,22,30,182,17,165
S01008859,Born outside the UK: Resident less than 2 years,53,3,2,1,50,0,50
S01008859,Born outside the UK: Resident 2 years or more and less than 5 years,56,4,3,1,52,10,42
S01008859,Born outside the UK: Resident 5 years or more and less than 10 years,38,9,1,8,29,2,27
S01008859,Born outside the UK: Resident 10 years or more,87,36,16,20,51,5,46
S01008860,All people in households,882,494,206,288,388,50,338
S01008860,Born in the UK,721,435,180,255,286,45,241
S01008860,Born outside the UK: Total,161,59,26,33,102,5,97
S01008860,Born outside the UK: Resident less than 2 years,39,1,0,1,38,0,38
S01008860,Born outside the UK: Resident 2 years or more and less than 5 years,27,8,3,5,19,0,19
S01008860,Born outside the UK: Resident 5 years or more and less than 10 years,35,9,3,6,26,1,25
S01008860,Born outside the UK: Resident 10 years or more,60,41,20,21,19,4,15
S01008861,All people in households,760,607,317,290,153,4,149
S01008861,Born in the UK,664,543,283,260,121,4,117
S01008861,Born outside the UK: Total,96,64,34,30,32,0,32
S01008861,Born outside the UK: Resident less than 2 years,14,5,2,3,9,0,9
S01008861,Born outside the UK: Resident 2 years or more and less than 5 years,10,3,1,2,7,0,7
S01008861,Born outside the UK: Resident 5 years or more and less than 10 years,14,5,0,5,9,0,9
S01008861,Born outside the UK: Resident 10 years or more,58,51,31,20,7,0,7
S01008862,All people in households,877,396,159,237,481,50,431
S01008862,Born in the UK,716,360,147,213,356,47,309
S01008862,Born outside the UK: Total,161,36,12,24,125,3,122
S01008862,Born outside the UK: Resident less than 2 years,55,3,1,2,52,1,51
S01008862,Born outside the UK: Resident 2 years or more and less than 5 years,31,5,1,4,26,0,26
S01008862,Born outside the UK: Resident 5 years or more and less than 10 years,29,5,0,5,24,1,23
S01008862,Born outside the UK: Resident 10 years or more,46,23,10,13,23,1,22
S01008863,All people in households,733,449,208,241,284,22,262
S01008863,Born in the UK,604,403,184,219,201,22,179
S01008863,Born outside the UK: Total,129,46,24,22,83,0,83
S01008863,Born outside the UK: Resident less than 2 years,33,5,3,2,28,0,28
S01008863,Born outside the UK: Resident 2 years or more and less than 5 years,28,1,1,0,27,0,27
S01008863,Born outside the UK: Resident 5 years or more and less than 10 years,23,9,2,7,14,0,14
S01008863,Born outside the UK: Resident 10 years or more,45,31,18,13,14,0,14
S01008864,All people in households,721,419,202,217,302,5,297
S01008864,Born in the UK,603,376,178,198,227,4,223
S01008864,Born outside the UK: Total,118,43,24,19,75,1,74
S01008864,Born outside the UK: Resident less than 2 years,16,3,1,2,13,0,13
S01008864,Born outside the UK: Resident 2 years or more and less than 5 years,25,7,2,5,18,0,18
S01008864,Born outside the UK: Resident 5 years or more and less than 10 years,31,7,5,2,24,1,23
S01008864,Born outside the UK: Resident 10 years or more,46,26,16,10,20,0,20
S01008865,All people in households,850,492,253,239,358,15,343
S01008865,Born in the UK,693,443,231,212,250,10,240
S01008865,Born outside the UK: Total,157,49,22,27,108,5,103
S01008865,Born outside the UK: Resident less than 2 years,35,6,0,6,29,0,29
S01008865,Born outside the UK: Resident 2 years or more and less than 5 years,34,11,2,9,23,0,23
S01008865,Born outside the UK: Resident 5 years or more and less than 10 years,41,6,3,3,35,4,31
S01008865,Born outside the UK: Resident 10 years or more,47,26,17,9,21,1,20
S01008866,All people in households,798,479,196,283,319,2,317
S01008866,Born in the UK,639,402,171,231,237,2,235
S01008866,Born outside the UK: Total,159,77,25,52,82,0,82
S01008866,Born outside the UK: Resident less than 2 years,19,2,0,2,17,0,17
S01008866,Born outside the UK: Resident 2 years or more and less than 5 years,33,11,0,11,22,0,22
S01008866,Born outside the UK: Resident 5 years or more and less than 10 years,32,8,0,8,24,0,24
S01008866,Born outside the UK: Resident 10 years or more,75,56,25,31,19,0,19
S01008867,All people in households,800,594,280,314,206,4,202
S01008867,Born in the UK,656,520,245,275,136,2,134
S01008867,Born outside the UK: Total,144,74,35,39,70,2,68
S01008867,Born outside the UK: Resident less than 2 years,37,6,2,4,31,0,31
S01008867,Born outside the UK: Resident 2 years or more and less than 5 years,31,9,2,7,22,0,22
S01008867,Born outside the UK: Resident 5 years or more and less than 10 years,19,12,3,9,7,1,6
S01008867,Born outside the UK: Resident 10 years or more,57,47,28,19,10,1,9
S01008868,All people in households,726,283,106,177,443,13,430
S01008868,Born in the UK,489,239,90,149,250,8,242
S01008868,Born outside the UK: Total,237,44,16,28,193,5,188
S01008868,Born outside the UK: Resident less than 2 years,94,6,2,4,88,2,86
S01008868,Born outside the UK: Resident 2 years or more and less than 5 years,60,4,1,3,56,1,55
S01008868,Born outside the UK: Resident 5 years or more and less than 10 years,32,6,1,5,26,1,25
S01008868,Born outside the UK: Resident 10 years or more,51,28,12,16,23,1,22
S01008869,All people in households,998,530,293,237,468,76,392
S01008869,Born in the UK,775,466,260,206,309,71,238
S01008869,Born outside the UK: Total,223,64,33,31,159,5,154
S01008869,Born outside the UK: Resident less than 2 years,71,2,2,0,69,5,64
S01008869,Born outside the UK: Resident 2 years or more and less than 5 years,53,5,1,4,48,0,48
S01008869,Born outside the UK: Resident 5 years or more and less than 10 years,21,6,3,3,15,0,15
S01008869,Born outside the UK: Resident 10 years or more,78,51,27,24,27,0,27
S01008870,All people in households,757,445,242,203,312,13,299
S01008870,Born in the UK,624,390,217,173,234,12,222
S01008870,Born outside the UK: Total,133,55,25,30,78,1,77
S01008870,Born outside the UK: Resident less than 2 years,25,1,1,0,24,0,24
S01008870,Born outside the UK: Resident 2 years or more and less than 5 years,30,9,4,5,21,1,20
S01008870,Born outside the UK: Resident 5 years or more and less than 10 years,25,12,4,8,13,0,13
S01008870,Born outside the UK: Resident 10 years or more,53,33,16,17,20,0,20
S01008871,All people in households,1031,604,288,316,427,0,427
S01008871,Born in the UK,821,542,263,279,279,0,279
S01008871,Born outside the UK: Total,210,62,25,37,148,0,148
S01008871,Born outside the UK: Resident less than 2 years,69,6,3,3,63,0,63
S01008871,Born outside the UK: Resident 2 years or more and less than 5 years,44,7,3,4,37,0,37
S01008871,Born outside the UK: Resident 5 years or more and less than 10 years,23,8,4,4,15,0,15
S01008871,Born outside the UK: Resident 10 years or more,74,41,15,26,33,0,33
S01008872,All people in households,851,431,161,270,420,11,409
S01008872,Born in the UK,675,376,144,232,299,9,290
S01008872,Born outside the UK: Total,176,55,17,38,121,2,119
S01008872,Born outside the UK: Resident less than 2 years,70,4,1,3,66,0,66
S01008872,Born outside the UK: Resident 2 years or more and less than 5 years,30,9,0,9,21,1,20
S01008872,Born outside the UK: Resident 5 years or more and less than 10 years,23,5,0,5,18,1,17
S01008872,Born outside the UK: Resident 10 years or more,53,37,16,21,16,0,16
S01008873,All people in households,688,532,232,300,156,4,152
S01008873,Born in the UK,585,489,210,279,96,4,92
S01008873,Born outside the UK: Total,103,43,22,21,60,0,60
S01008873,Born outside the UK: Resident less than 2 years,33,5,3,2,28,0,28
S01008873,Born outside the UK: Resident 2 years or more and less than 5 years,18,2,0,2,16,0,16
S01008873,Born outside the UK: Resident 5 years or more and less than 10 years,7,2,1,1,5,0,5
S01008873,Born outside the UK: Resident 10 years or more,45,34,18,16,11,0,11
S01008874,All people in households,848,481,216,265,367,78,289
S01008874,Born in the UK,676,445,209,236,231,68,163
S01008874,Born outside the UK: Total,172,36,7,29,136,10,126
S01008874,Born outside the UK: Resident less than 2 years,55,2,1,1,53,2,51
S01008874,Born outside the UK: Resident 2 years or more and less than 5 years,47,3,0,3,44,6,38
S01008874,Born outside the UK: Resident 5 years or more and less than 10 years,41,10,1,9,31,2,29
S01008874,Born outside the UK: Resident 10 years or more,29,21,5,16,8,0,8
S01008875,All people in households,820,422,165,257,398,54,344
S01008875,Born in the UK,645,394,153,241,251,41,210
S01008875,Born outside the UK: Total,175,28,12,16,147,13,134
S01008875,Born outside the UK: Resident less than 2 years,67,8,7,1,59,3,56
S01008875,Born outside the UK: Resident 2 years or more and less than 5 years,54,2,1,1,52,5,47
S01008875,Born outside the UK: Resident 5 years or more and less than 10 years,30,4,0,4,26,4,22
S01008875,Born outside the UK: Resident 10 years or more,24,14,4,10,10,1,9
S01008876,All people in households,587,531,251,280,56,4,52
S01008876,Born in the UK,544,501,238,263,43,4,39
S01008876,Born outside the UK: Total,43,30,13,17,13,0,13
S01008876,Born outside the UK: Resident less than 2 years,4,3,2,1,1,0,1
S01008876,Born outside the UK: Resident 2 years or more and less than 5 years,10,6,0,6,4,0,4
S01008876,Born outside the UK: Resident 5 years or more and less than 10 years,3,3,0,3,0,0,0
S01008876,Born outside the UK: Resident 10 years or more,26,18,11,7,8,0,8
S01008877,All people in households,548,450,150,300,98,13,85
S01008877,Born in the UK,492,421,137,284,71,13,58
S01008877,Born outside the UK: Total,56,29,13,16,27,0,27
S01008877,Born outside the UK: Resident less than 2 years,9,2,0,2,7,0,7
S01008877,Born outside the UK: Resident 2 years or more and less than 5 years,18,8,5,3,10,0,10
S01008877,Born outside the UK: Resident 5 years or more and less than 10 years,10,3,0,3,7,0,7
S01008877,Born outside the UK: Resident 10 years or more,19,16,8,8,3,0,3
S01008878,All people in households,907,668,300,368,239,123,116
S01008878,Born in the UK,831,634,290,344,197,118,79
S01008878,Born outside the UK: Total,76,34,10,24,42,5,37
S01008878,Born outside the UK: Resident less than 2 years,17,1,0,1,16,0,16
S01008878,Born outside the UK: Resident 2 years or more and less than 5 years,8,2,0,2,6,0,6
S01008878,Born outside the UK: Resident 5 years or more and less than 10 years,18,6,1,5,12,0,12
S01008878,Born outside the UK: Resident 10 years or more,33,25,9,16,8,5,3
S01008879,All people in households,817,617,274,343,200,61,139
S01008879,Born in the UK,739,574,255,319,165,58,107
S01008879,Born outside the UK: Total,78,43,19,24,35,3,32
S01008879,Born outside the UK: Resident less than 2 years,4,3,0,3,1,0,1
S01008879,Born outside the UK: Resident 2 years or more and less than 5 years,13,5,0,5,8,1,7
S01008879,Born outside the UK: Resident 5 years or more and less than 10 years,21,9,0,9,12,1,11
S01008879,Born outside the UK: Resident 10 years or more,40,26,19,7,14,1,13
S01008880,All people in households,595,498,198,300,97,23,74
S01008880,Born in the UK,532,460,186,274,72,20,52
S01008880,Born outside the UK: Total,63,38,12,26,25,3,22
S01008880,Born outside the UK: Resident less than 2 years,10,5,2,3,5,0,5
S01008880,Born outside the UK: Resident 2 years or more and less than 5 years,18,4,0,4,14,0,14
S01008880,Born outside the UK: Resident 5 years or more and less than 10 years,14,11,3,8,3,0,3
S01008880,Born outside the UK: Resident 10 years or more,21,18,7,11,3,3,0
S01008881,All people in households,520,431,238,193,89,7,82
S01008881,Born in the UK,451,389,207,182,62,7,55
S01008881,Born outside the UK: Total,69,42,31,11,27,0,27
S01008881,Born outside the UK: Resident less than 2 years,6,2,1,1,4,0,4
S01008881,Born outside the UK: Resident 2 years or more and less than 5 years,8,1,1,0,7,0,7
S01008881,Born outside the UK: Resident 5 years or more and less than 10 years,18,8,5,3,10,0,10
S01008881,Born outside the UK: Resident 10 years or more,37,31,24,7,6,0,6
S01008882,All people in households,976,898,368,530,78,0,78
S01008882,Born in the UK,906,845,350,495,61,0,61
S01008882,Born outside the UK: Total,70,53,18,35,17,0,17
S01008882,Born outside the UK: Resident less than 2 years,11,3,0,3,8,0,8
S01008882,Born outside the UK: Resident 2 years or more and less than 5 years,4,0,0,0,4,0,4
S01008882,Born outside the UK: Resident 5 years or more and less than 10 years,8,4,2,2,4,0,4
S01008882,Born outside the UK: Resident 10 years or more,47,46,16,30,1,0,1
S01008883,All people in households,869,787,478,309,82,6,76
S01008883,Born in the UK,799,744,454,290,55,5,50
S01008883,Born outside the UK: Total,70,43,24,19,27,1,26
S01008883,Born outside the UK: Resident less than 2 years,7,1,0,1,6,0,6
S01008883,Born outside the UK: Resident 2 years or more and less than 5 years,9,5,0,5,4,0,4
S01008883,Born outside the UK: Resident 5 years or more and less than 10 years,15,7,3,4,8,0,8
S01008883,Born outside the UK: Resident 10 years or more,39,30,21,9,9,1,8
S01008884,All people in households,706,654,364,290,52,1,51
S01008884,Born in the UK,635,597,332,265,38,1,37
S01008884,Born outside the UK: Total,71,57,32,25,14,0,14
S01008884,Born outside the UK: Resident less than 2 years,6,0,0,0,6,0,6
S01008884,Born outside the UK: Resident 2 years or more and less than 5 years,8,3,2,1,5,0,5
S01008884,Born outside the UK: Resident 5 years or more and less than 10 years,8,6,2,4,2,0,2
S01008884,Born outside the UK: Resident 10 years or more,49,48,28,20,1,0,1
S01008885,All people in households,888,813,359,454,75,9,66
S01008885,Born in the UK,814,765,340,425,49,0,49
S01008885,Born outside the UK: Total,74,48,19,29,26,9,17
S01008885,Born outside the UK: Resident less than 2 years,0,0,0,0,0,0,0
S01008885,Born outside the UK: Resident 2 years or more and less than 5 years,8,1,1,0,7,3,4
S01008885,Born outside the UK: Resident 5 years or more and less than 10 years,16,4,0,4,12,4,8
S01008885,Born outside the UK: Resident 10 years or more,50,43,18,25,7,2,5
S01008886,All people in households,804,599,287,312,205,11,194
S01008886,Born in the UK,666,534,257,277,132,9,123
S01008886,Born outside the UK: Total,138,65,30,35,73,2,71
S01008886,Born outside the UK: Resident less than 2 years,41,11,2,9,30,0,30
S01008886,Born outside the UK: Resident 2 years or more and less than 5 years,26,5,1,4,21,0,21
S01008886,Born outside the UK: Resident 5 years or more and less than 10 years,16,5,1,4,11,2,9
S01008886,Born outside the UK: Resident 10 years or more,55,44,26,18,11,0,11
S01008887,All people in households,766,659,305,354,107,19,88
S01008887,Born in the UK,684,614,286,328,70,16,54
S01008887,Born outside the UK: Total,82,45,19,26,37,3,34
S01008887,Born outside the UK: Resident less than 2 years,13,2,2,0,11,0,11
S01008887,Born outside the UK: Resident 2 years or more and less than 5 years,16,2,0,2,14,2,12
S01008887,Born outside the UK: Resident 5 years or more and less than 10 years,17,11,0,11,6,1,5
S01008887,Born outside the UK: Resident 10 years or more,36,30,17,13,6,0,6
S01008888,All people in households,592,357,143,214,235,7,228
S01008888,Born in the UK,477,328,134,194,149,6,143
S01008888,Born outside the UK: Total,115,29,9,20,86,1,85
S01008888,Born outside the UK: Resident less than 2 years,27,3,0,3,24,0,24
S01008888,Born outside the UK: Resident 2 years or more and less than 5 years,28,2,2,0,26,0,26
S01008888,Born outside the UK: Resident 5 years or more and less than 10 years,32,7,1,6,25,1,24
S01008888,Born outside the UK: Resident 10 years or more,28,17,6,11,11,0,11
S01008889,All people in households,542,466,170,296,76,9,67
S01008889,Born in the UK,477,427,157,270,50,5,45
S01008889,Born outside the UK: Total,65,39,13,26,26,4,22
S01008889,Born outside the UK: Resident less than 2 years,11,2,2,0,9,0,9
S01008889,Born outside the UK: Resident 2 years or more and less than 5 years,13,3,0,3,10,2,8
S01008889,Born outside the UK: Resident 5 years or more and less than 10 years,6,2,0,2,4,1,3
S01008889,Born outside the UK: Resident 10 years or more,35,32,11,21,3,1,2
S01008890,All people in households,716,661,297,364,55,26,29
S01008890,Born in the UK,662,617,283,334,45,21,24
S01008890,Born outside the UK: Total,54,44,14,30,10,5,5
S01008890,Born outside the UK: Resident less than 2 years,1,0,0,0,1,1,0
S01008890,Born outside the UK: Resident 2 years or more and less than 5 years,4,0,0,0,4,0,4
S01008890,Born outside the UK: Resident 5 years or more and less than 10 years,7,6,0,6,1,1,0
S01008890,Born outside the UK: Resident 10 years or more,42,38,14,24,4,3,1
S01008891,All people in households,763,736,383,353,27,0,27
S01008891,Born in the UK,708,682,358,324,26,0,26
S01008891,Born outside the UK: Total,55,54,25,29,1,0,1
S01008891,Born outside the UK: Resident less than 2 years,0,0,0,0,0,0,0
S01008891,Born outside the UK: Resident 2 years or more and less than 5 years,3,3,2,1,0,0,0
S01008891,Born outside the UK: Resident 5 years or more and less than 10 years,7,7,0,7,0,0,0
S01008891,Born outside the UK: Resident 10 years or more,45,44,23,21,1,0,1
S01008892,All people in households,971,694,330,364,277,91,186
S01008892,Born in the UK,862,659,317,342,203,82,121
S01008892,Born outside the UK: Total,109,35,13,22,74,9,65
S01008892,Born outside the UK: Resident less than 2 years,26,2,1,1,24,1,23
S01008892,Born outside the UK: Resident 2 years or more and less than 5 years,21,10,2,8,11,0,11
S01008892,Born outside the UK: Resident 5 years or more and less than 10 years,27,1,0,1,26,2,24
S01008892,Born outside the UK: Resident 10 years or more,35,22,10,12,13,6,7
S01008893,All people in households,899,848,339,509,51,7,44
S01008893,Born in the UK,813,788,311,477,25,6,19
S01008893,Born outside the UK: Total,86,60,28,32,26,1,25
S01008893,Born outside the UK: Resident less than 2 years,12,1,0,1,11,0,11
S01008893,Born outside the UK: Resident 2 years or more and less than 5 years,18,12,4,8,6,0,6
S01008893,Born outside the UK: Resident 5 years or more and less than 10 years,7,4,2,2,3,0,3
S01008893,Born outside the UK: Resident 10 years or more,49,43,22,21,6,1,5
S01008894,All people in households,868,816,376,440,52,18,34
S01008894,Born in the UK,812,771,356,415,41,15,26
S01008894,Born outside the UK: Total,56,45,20,25,11,3,8
S01008894,Born outside the UK: Resident less than 2 years,2,2,0,2,0,0,0
S01008894,Born outside the UK: Resident 2 years or more and less than 5 years,6,1,1,0,5,1,4
S01008894,Born outside the UK: Resident 5 years or more and less than 10 years,6,3,1,2,3,0,3
S01008894,Born outside the UK: Resident 10 years or more,42,39,18,21,3,2,1
S01008895,All people in households,715,654,286,368,61,8,53
S01008895,Born in the UK,634,605,277,328,29,7,22
S01008895,Born outside the UK: Total,81,49,9,40,32,1,31
S01008895,Born outside the UK: Resident less than 2 years,14,2,1,1,12,0,12
S01008895,Born outside the UK: Resident 2 years or more and less than 5 years,14,1,0,1,13,1,12
S01008895,Born outside the UK: Resident 5 years or more and less than 10 years,14,9,0,9,5,0,5
S01008895,Born outside the UK: Resident 10 years or more,39,37,8,29,2,0,2
S01008896,All people in households,566,493,166,327,73,0,73
S01008896,Born in the UK,502,452,150,302,50,0,50
S01008896,Born outside the UK: Total,64,41,16,25,23,0,23
S01008896,Born outside the UK: Resident less than 2 years,11,2,0,2,9,0,9
S01008896,Born outside the UK: Resident 2 years or more and less than 5 years,23,9,4,5,14,0,14
S01008896,Born outside the UK: Resident 5 years or more and less than 10 years,2,2,1,1,0,0,0
S01008896,Born outside the UK: Resident 10 years or more,28,28,11,17,0,0,0
S01008897,All people in households,689,630,283,347,59,12,47
S01008897,Born in the UK,610,575,255,320,35,7,28
S01008897,Born outside the UK: Total,79,55,28,27,24,5,19
S01008897,Born outside the UK: Resident less than 2 years,4,3,3,0,1,0,1
S01008897,Born outside the UK: Resident 2 years or more and less than 5 years,23,10,2,8,13,0,13
S01008897,Born outside the UK: Resident 5 years or more and less than 10 years,10,6,3,3,4,3,1
S01008897,Born outside the UK: Resident 10 years or more,42,36,20,16,6,2,4
S01008898,All people in households,870,824,377,447,46,3,43
S01008898,Born in the UK,785,759,350,409,26,3,23
S01008898,Born outside the UK: Total,85,65,27,38,20,0,20
S01008898,Born outside the UK: Resident less than 2 years,14,6,1,5,8,0,8
S01008898,Born outside the UK: Resident 2 years or more and less than 5 years,8,2,1,1,6,0,6
S01008898,Born outside the UK: Resident 5 years or more and less than 10 years,16,12,1,11,4,0,4
S01008898,Born outside the UK: Resident 10 years or more,47,45,24,21,2,0,2
S01008899,All people in households,843,390,153,237,453,363,90
S01008899,Born in the UK,774,366,151,215,408,329,79
S01008899,Born outside the UK: Total,69,24,2,22,45,34,11
S01008899,Born outside the UK: Resident less than 2 years,3,0,0,0,3,1,2
S01008899,Born outside the UK: Resident 2 years or more and less than 5 years,16,1,0,1,15,12,3
S01008899,Born outside the UK: Resident 5 years or more and less than 10 years,26,10,1,9,16,11,5
S01008899,Born outside the UK: Resident 10 years or more,24,13,1,12,11,10,1
S01008900,All people in households,948,592,227,365,356,203,153
S01008900,Born in the UK,849,541,220,321,308,197,111
S01008900,Born outside the UK: Total,99,51,7,44,48,6,42
S01008900,Born outside the UK: Resident less than 2 years,22,3,0,3,19,0,19
S01008900,Born outside the UK: Resident 2 years or more and less than 5 years,18,10,0,10,8,0,8
S01008900,Born outside the UK: Resident 5 years or more and less than 10 years,26,13,1,12,13,1,12
S01008900,Born outside the UK: Resident 10 years or more,33,25,6,19,8,5,3
S01008901,All people in households,846,524,174,350,322,203,119
S01008901,Born in the UK,768,489,165,324,279,195,84
S01008901,Born outside the UK: Total,78,35,9,26,43,8,35
S01008901,Born outside the UK: Resident less than 2 years,9,2,0,2,7,0,7
S01008901,Born outside the UK: Resident 2 years or more and less than 5 years,16,6,0,6,10,3,7
S01008901,Born outside the UK: Resident 5 years or more and less than 10 years,25,8,2,6,17,0,17
S01008901,Born outside the UK: Resident 10 years or more,28,19,7,12,9,5,4
S01008902,All people in households,1012,492,145,347,520,327,193
S01008902,Born in the UK,845,438,137,301,407,269,138
S01008902,Born outside the UK: Total,167,54,8,46,113,58,55
S01008902,Born outside the UK: Resident less than 2 years,28,3,0,3,25,11,14
S01008902,Born outside the UK: Resident 2 years or more and less than 5 years,41,5,0,5,36,13,23
S01008902,Born outside the UK: Resident 5 years or more and less than 10 years,37,19,0,19,18,10,8
S01008902,Born outside the UK: Resident 10 years or more,61,27,8,19,34,24,10
S01008903,All people in households,962,664,261,403,298,221,77
S01008903,Born in the UK,892,625,256,369,267,212,55
S01008903,Born outside the UK: Total,70,39,5,34,31,9,22
S01008903,Born outside the UK: Resident less than 2 years,4,0,0,0,4,0,4
S01008903,Born outside the UK: Resident 2 years or more and less than 5 years,16,8,1,7,8,1,7
S01008903,Born outside the UK: Resident 5 years or more and less than 10 years,25,20,1,19,5,0,5
S01008903,Born outside the UK: Resident 10 years or more,25,11,3,8,14,8,6
S01008904,All people in households,1073,439,127,312,634,268,366
S01008904,Born in the UK,750,348,106,242,402,231,171
S01008904,Born outside the UK: Total,323,91,21,70,232,37,195
S01008904,Born outside the UK: Resident less than 2 years,110,10,4,6,100,9,91
S01008904,Born outside the UK: Resident 2 years or more and less than 5 years,65,10,0,10,55,3,52
S01008904,Born outside the UK: Resident 5 years or more and less than 10 years,75,30,4,26,45,3,42
S01008904,Born outside the UK: Resident 10 years or more,73,41,13,28,32,22,10
S01008905,All people in households,1104,317,79,238,787,528,259
S01008905,Born in the UK,931,277,72,205,654,484,170
S01008905,Born outside the UK: Total,173,40,7,33,133,44,89
S01008905,Born outside the UK: Resident less than 2 years,55,4,0,4,51,11,40
S01008905,Born outside the UK: Resident 2 years or more and less than 5 years,39,7,0,7,32,10,22
S01008905,Born outside the UK: Resident 5 years or more and less than 10 years,45,11,1,10,34,14,20
S01008905,Born outside the UK: Resident 10 years or more,34,18,6,12,16,9,7
S01008906,All people in households,813,207,40,167,606,437,169
S01008906,Born in the UK,635,172,36,136,463,374,89
S01008906,Born outside the UK: Total,178,35,4,31,143,63,80
S01008906,Born outside the UK: Resident less than 2 years,35,5,0,5,30,4,26
S01008906,Born outside the UK: Resident 2 years or more and less than 5 years,45,4,0,4,41,12,29
S01008906,Born outside the UK: Resident 5 years or more and less than 10 years,66,17,2,15,49,36,13
S01008906,Born outside the UK: Resident 10 years or more,32,9,2,7,23,11,12
S01008907,All people in households,692,80,30,50,612,544,68
S01008907,Born in the UK,563,67,28,39,496,441,55
S01008907,Born outside the UK: Total,129,13,2,11,116,103,13
S01008907,Born outside the UK: Resident less than 2 years,9,0,0,0,9,5,4
S01008907,Born outside the UK: Resident 2 years or more and less than 5 years,71,4,0,4,67,64,3
S01008907,Born outside the UK: Resident 5 years or more and less than 10 years,34,7,2,5,27,23,4
S01008907,Born outside the UK: Resident 10 years or more,15,2,0,2,13,11,2
S01008908,All people in households,929,386,140,246,543,352,191
S01008908,Born in the UK,757,340,130,210,417,263,154
S01008908,Born outside the UK: Total,172,46,10,36,126,89,37
S01008908,Born outside the UK: Resident less than 2 years,21,2,0,2,19,8,11
S01008908,Born outside the UK: Resident 2 years or more and less than 5 years,63,3,0,3,60,42,18
S01008908,Born outside the UK: Resident 5 years or more and less than 10 years,40,14,1,13,26,20,6
S01008908,Born outside the UK: Resident 10 years or more,48,27,9,18,21,19,2
S01008909,All people in households,797,547,150,397,250,39,211
S01008909,Born in the UK,708,510,149,361,198,35,163
S01008909,Born outside the UK: Total,89,37,1,36,52,4,48
S01008909,Born outside the UK: Resident less than 2 years,17,1,0,1,16,0,16
S01008909,Born outside the UK: Resident 2 years or more and less than 5 years,27,8,0,8,19,1,18
S01008909,Born outside the UK: Resident 5 years or more and less than 10 years,27,17,0,17,10,0,10
S01008909,Born outside the UK: Resident 10 years or more,18,11,1,10,7,3,4
S01008910,All people in households,476,314,89,225,162,10,152
S01008910,Born in the UK,419,291,86,205,128,5,123
S01008910,Born outside the UK: Total,57,23,3,20,34,5,29
S01008910,Born outside the UK: Resident less than 2 years,15,1,1,0,14,0,14
S01008910,Born outside the UK: Resident 2 years or more and less than 5 years,17,9,0,9,8,0,8
S01008910,Born outside the UK: Resident 5 years or more and less than 10 years,10,6,0,6,4,0,4
S01008910,Born outside the UK: Resident 10 years or more,15,7,2,5,8,5,3
S01008911,All people in households,861,402,80,322,459,17,442
S01008911,Born in the UK,662,348,69,279,314,12,302
S01008911,Born outside the UK: Total,199,54,11,43,145,5,140
S01008911,Born outside the UK: Resident less than 2 years,32,4,0,4,28,0,28
S01008911,Born outside the UK: Resident 2 years or more and less than 5 years,71,13,1,12,58,2,56
S01008911,Born outside the UK: Resident 5 years or more and less than 10 years,50,13,2,11,37,1,36
S01008911,Born outside the UK: Resident 10 years or more,46,24,8,16,22,2,20
S01008912,All people in households,792,675,226,449,117,28,89
S01008912,Born in the UK,721,633,214,419,88,28,60
S01008912,Born outside the UK: Total,71,42,12,30,29,0,29
S01008912,Born outside the UK: Resident less than 2 years,8,1,1,0,7,0,7
S01008912,Born outside the UK: Resident 2 years or more and less than 5 years,18,7,3,4,11,0,11
S01008912,Born outside the UK: Resident 5 years or more and less than 10 years,12,6,0,6,6,0,6
S01008912,Born outside the UK: Resident 10 years or more,33,28,8,20,5,0,5
S01008913,All people in households,684,491,96,395,193,6,187
S01008913,Born in the UK,608,439,87,352,169,5,164
S01008913,Born outside the UK: Total,76,52,9,43,24,1,23
S01008913,Born outside the UK: Resident less than 2 years,21,9,0,9,12,0,12
S01008913,Born outside the UK: Resident 2 years or more and less than 5 years,10,5,0,5,5,1,4
S01008913,Born outside the UK: Resident 5 years or more and less than 10 years,22,19,4,15,3,0,3
S01008913,Born outside the UK: Resident 10 years or more,23,19,5,14,4,0,4
S01008914,All people in households,868,649,241,408,219,125,94
S01008914,Born in the UK,810,621,236,385,189,117,72
S01008914,Born outside the UK: Total,58,28,5,23,30,8,22
S01008914,Born outside the UK: Resident less than 2 years,5,1,0,1,4,0,4
S01008914,Born outside the UK: Resident 2 years or more and less than 5 years,14,0,0,0,14,2,12
S01008914,Born outside the UK: Resident 5 years or more and less than 10 years,16,7,0,7,9,4,5
S01008914,Born outside the UK: Resident 10 years or more,23,20,5,15,3,2,1
S01008915,All people in households,569,471,192,279,98,37,61
S01008915,Born in the UK,512,439,176,263,73,36,37
S01008915,Born outside the UK: Total,57,32,16,16,25,1,24
S01008915,Born outside the UK: Resident less than 2 years,13,1,0,1,12,0,12
S01008915,Born outside the UK: Resident 2 years or more and less than 5 years,5,1,0,1,4,1,3
S01008915,Born outside the UK: Resident 5 years or more and less than 10 years,12,4,3,1,8,0,8
S01008915,Born outside the UK: Resident 10 years or more,27,26,13,13,1,0,1
S01008916,All people in households,1085,434,178,256,651,499,152
S01008916,Born in the UK,979,407,175,232,572,446,126
S01008916,Born outside the UK: Total,106,27,3,24,79,53,26
S01008916,Born outside the UK: Resident less than 2 years,15,0,0,0,15,6,9
S01008916,Born outside the UK: Resident 2 years or more and less than 5 years,19,3,0,3,16,8,8
S01008916,Born outside the UK: Resident 5 years or more and less than 10 years,39,13,1,12,26,18,8
S01008916,Born outside the UK: Resident 10 years or more,33,11,2,9,22,21,1
S01008917,All people in households,681,186,41,145,495,421,74
S01008917,Born in the UK,597,171,39,132,426,367,59
S01008917,Born outside the UK: Total,84,15,2,13,69,54,15
S01008917,Born outside the UK: Resident less than 2 years,13,3,0,3,10,1,9
S01008917,Born outside the UK: Resident 2 years or more and less than 5 years,19,0,0,0,19,18,1
S01008917,Born outside the UK: Resident 5 years or more and less than 10 years,29,2,0,2,27,24,3
S01008917,Born outside the UK: Resident 10 years or more,23,10,2,8,13,11,2
S01008918,All people in households,584,47,14,33,537,486,51
S01008918,Born in the UK,417,32,14,18,385,367,18
S01008918,Born outside the UK: Total,167,15,0,15,152,119,33
S01008918,Born outside the UK: Resident less than 2 years,29,5,0,5,24,19,5
S01008918,Born outside the UK: Resident 2 years or more and less than 5 years,71,4,0,4,67,42,25
S01008918,Born outside the UK: Resident 5 years or more and less than 10 years,41,3,0,3,38,35,3
S01008918,Born outside the UK: Resident 10 years or more,26,3,0,3,23,23,0
S01008919,All people in households,544,79,23,56,465,408,57
S01008919,Born in the UK,431,58,19,39,373,347,26
S01008919,Born outside the UK: Total,113,21,4,17,92,61,31
S01008919,Born outside the UK: Resident less than 2 years,23,6,1,5,17,2,15
S01008919,Born outside the UK: Resident 2 years or more and less than 5 years,35,6,3,3,29,19,10
S01008919,Born outside the UK: Resident 5 years or more and less than 10 years,29,3,0,3,26,23,3
S01008919,Born outside the UK: Resident 10 years or more,26,6,0,6,20,17,3
S01008920,All people in households,1075,500,75,425,575,162,413
S01008920,Born in the UK,846,433,62,371,413,136,277
S01008920,Born outside the UK: Total,229,67,13,54,162,26,136
S01008920,Born outside the UK: Resident less than 2 years,44,2,2,0,42,1,41
S01008920,Born outside the UK: Resident 2 years or more and less than 5 years,70,12,1,11,58,5,53
S01008920,Born outside the UK: Resident 5 years or more and less than 10 years,59,15,1,14,44,14,30
S01008920,Born outside the UK: Resident 10 years or more,56,38,9,29,18,6,12
S01008921,All people in households,755,161,61,100,594,522,72
S01008921,Born in the UK,613,149,59,90,464,414,50
S01008921,Born outside the UK: Total,142,12,2,10,130,108,22
S01008921,Born outside the UK: Resident less than 2 years,20,1,0,1,19,13,6
S01008921,Born outside the UK: Resident 2 years or more and less than 5 years,53,1,0,1,52,42,10
S01008921,Born outside the UK: Resident 5 years or more and less than 10 years,48,7,1,6,41,35,6
S01008921,Born outside the UK: Resident 10 years or more,21,3,1,2,18,18,0
S01008922,All people in households,785,405,126,279,380,212,168
S01008922,Born in the UK,698,380,126,254,318,185,133
S01008922,Born outside the UK: Total,87,25,0,25,62,27,35
S01008922,Born outside the UK: Resident less than 2 years,11,1,0,1,10,5,5
S01008922,Born outside the UK: Resident 2 years or more and less than 5 years,18,2,0,2,16,3,13
S01008922,Born outside the UK: Resident 5 years or more and less than 10 years,31,10,0,10,21,9,12
S01008922,Born outside the UK: Resident 10 years or more,27,12,0,12,15,10,5
S01008923,All people in households,749,294,112,182,455,306,149
S01008923,Born in the UK,656,271,109,162,385,273,112
S01008923,Born outside the UK: Total,93,23,3,20,70,33,37
S01008923,Born outside the UK: Resident less than 2 years,14,1,0,1,13,4,9
S01008923,Born outside the UK: Resident 2 years or more and less than 5 years,29,5,0,5,24,8,16
S01008923,Born outside the UK: Resident 5 years or more and less than 10 years,29,11,0,11,18,12,6
S01008923,Born outside the UK: Resident 10 years or more,21,6,3,3,15,9,6
S01008924,All people in households,982,183,41,142,799,673,126
S01008924,Born in the UK,838,141,30,111,697,610,87
S01008924,Born outside the UK: Total,144,42,11,31,102,63,39
S01008924,Born outside the UK: Resident less than 2 years,28,6,4,2,22,9,13
S01008924,Born outside the UK: Resident 2 years or more and less than 5 years,46,10,1,9,36,21,15
S01008924,Born outside the UK: Resident 5 years or more and less than 10 years,47,13,0,13,34,23,11
S01008924,Born outside the UK: Resident 10 years or more,23,13,6,7,10,10,0
S01008925,All people in households,691,379,74,305,312,63,249
S01008925,Born in the UK,532,325,66,259,207,54,153
S01008925,Born outside the UK: Total,159,54,8,46,105,9,96
S01008925,Born outside the UK: Resident less than 2 years,33,5,1,4,28,0,28
S01008925,Born outside the UK: Resident 2 years or more and less than 5 years,40,9,0,9,31,2,29
S01008925,Born outside the UK: Resident 5 years or more and less than 10 years,54,16,0,16,38,3,35
S01008925,Born outside the UK: Resident 10 years or more,32,24,7,17,8,4,4
S01008926,All people in households,607,376,93,283,231,145,86
S01008926,Born in the UK,540,340,85,255,200,138,62
S01008926,Born outside the UK: Total,67,36,8,28,31,7,24
S01008926,Born outside the UK: Resident less than 2 years,12,0,0,0,12,0,12
S01008926,Born outside the UK: Resident 2 years or more and less than 5 years,12,5,1,4,7,0,7
S01008926,Born outside the UK: Resident 5 years or more and less than 10 years,21,15,0,15,6,2,4
S01008926,Born outside the UK: Resident 10 years or more,22,16,7,9,6,5,1
S01008927,All people in households,799,376,22,354,423,171,252
S01008927,Born in the UK,579,268,21,247,311,145,166
S01008927,Born outside the UK: Total,220,108,1,107,112,26,86
S01008927,Born outside the UK: Resident less than 2 years,31,9,1,8,22,3,19
S01008927,Born outside the UK: Resident 2 years or more and less than 5 years,93,44,0,44,49,7,42
S01008927,Born outside the UK: Resident 5 years or more and less than 10 years,78,47,0,47,31,10,21
S01008927,Born outside the UK: Resident 10 years or more,18,8,0,8,10,6,4
S01008928,All people in households,609,253,68,185,356,237,119
S01008928,Born in the UK,520,219,66,153,301,216,85
S01008928,Born outside the UK: Total,89,34,2,32,55,21,34
S01008928,Born outside the UK: Resident less than 2 years,9,1,0,1,8,0,8
S01008928,Born outside the UK: Resident 2 years or more and less than 5 years,26,7,0,7,19,2,17
S01008928,Born outside the UK: Resident 5 years or more and less than 10 years,34,18,0,18,16,10,6
S01008928,Born outside the UK: Resident 10 years or more,20,8,2,6,12,9,3
S01008929,All people in households,762,65,22,43,697,655,42
S01008929,Born in the UK,644,57,20,37,587,554,33
S01008929,Born outside the UK: Total,118,8,2,6,110,101,9
S01008929,Born outside the UK: Resident less than 2 years,19,2,2,0,17,12,5
S01008929,Born outside the UK: Resident 2 years or more and less than 5 years,32,0,0,0,32,31,1
S01008929,Born outside the UK: Resident 5 years or more and less than 10 years,35,4,0,4,31,28,3
S01008929,Born outside the UK: Resident 10 years or more,32,2,0,2,30,30,0
S01008930,All people in households,913,127,45,82,786,745,41
S01008930,Born in the UK,798,111,45,66,687,653,34
S01008930,Born outside the UK: Total,115,16,0,16,99,92,7
S01008930,Born outside the UK: Resident less than 2 years,19,1,0,1,18,14,4
S01008930,Born outside the UK: Resident 2 years or more and less than 5 years,24,3,0,3,21,21,0
S01008930,Born outside the UK: Resident 5 years or more and less than 10 years,48,7,0,7,41,41,0
S01008930,Born outside the UK: Resident 10 years or more,24,5,0,5,19,16,3
S01008931,All people in households,776,179,71,108,597,545,52
S01008931,Born in the UK,705,162,66,96,543,503,40
S01008931,Born outside the UK: Total,71,17,5,12,54,42,12
S01008931,Born outside the UK: Resident less than 2 years,6,3,0,3,3,1,2
S01008931,Born outside the UK: Resident 2 years or more and less than 5 years,25,1,0,1,24,17,7
S01008931,Born outside the UK: Resident 5 years or more and less than 10 years,25,5,0,5,20,18,2
S01008931,Born outside the UK: Resident 10 years or more,15,8,5,3,7,6,1
S01008932,All people in households,885,401,66,335,484,160,324
S01008932,Born in the UK,703,344,61,283,359,130,229
S01008932,Born outside the UK: Total,182,57,5,52,125,30,95
S01008932,Born outside the UK: Resident less than 2 years,21,4,0,4,17,1,16
S01008932,Born outside the UK: Resident 2 years or more and less than 5 years,79,16,1,15,63,14,49
S01008932,Born outside the UK: Resident 5 years or more and less than 10 years,41,13,0,13,28,6,22
S01008932,Born outside the UK: Resident 10 years or more,41,24,4,20,17,9,8
S01008933,All people in households,686,195,23,172,491,426,65
S01008933,Born in the UK,559,154,18,136,405,364,41
S01008933,Born outside the UK: Total,127,41,5,36,86,62,24
S01008933,Born outside the UK: Resident less than 2 years,12,2,2,0,10,4,6
S01008933,Born outside the UK: Resident 2 years or more and less than 5 years,32,3,0,3,29,20,9
S01008933,Born outside the UK: Resident 5 years or more and less than 10 years,58,25,0,25,33,26,7
S01008933,Born outside the UK: Resident 10 years or more,25,11,3,8,14,12,2
S01008934,All people in households,792,397,88,309,395,249,146
S01008934,Born in the UK,641,342,77,265,299,208,91
S01008934,Born outside the UK: Total,151,55,11,44,96,41,55
S01008934,Born outside the UK: Resident less than 2 years,33,6,2,4,27,1,26
S01008934,Born outside the UK: Resident 2 years or more and less than 5 years,36,8,1,7,28,11,17
S01008934,Born outside the UK: Resident 5 years or more and less than 10 years,41,14,2,12,27,20,7
S01008934,Born outside the UK: Resident 10 years or more,41,27,6,21,14,9,5
S01008935,All people in households,893,809,398,411,84,22,62
S01008935,Born in the UK,815,756,375,381,59,15,44
S01008935,Born outside the UK: Total,78,53,23,30,25,7,18
S01008935,Born outside the UK: Resident less than 2 years,8,0,0,0,8,0,8
S01008935,Born outside the UK: Resident 2 years or more and less than 5 years,9,7,0,7,2,1,1
S01008935,Born outside the UK: Resident 5 years or more and less than 10 years,12,3,0,3,9,2,7
S01008935,Born outside the UK: Resident 10 years or more,49,43,23,20,6,4,2
S01008936,All people in households,397,383,141,242,14,1,13
S01008936,Born in the UK,377,363,136,227,14,1,13
S01008936,Born outside the UK: Total,20,20,5,15,0,0,0
S01008936,Born outside the UK: Resident less than 2 years,0,0,0,0,0,0,0
S01008936,Born outside the UK: Resident 2 years or more and less than 5 years,1,1,0,1,0,0,0
S01008936,Born outside the UK: Resident 5 years or more and less than 10 years,2,2,1,1,0,0,0
S01008936,Born outside the UK: Resident 10 years or more,17,17,4,13,0,0,0
S01008937,All people in households,831,665,273,392,166,28,138
S01008937,Born in the UK,764,622,262,360,142,27,115
S01008937,Born outside the UK: Total,67,43,11,32,24,1,23
S01008937,Born outside the UK: Resident less than 2 years,2,2,1,1,0,0,0
S01008937,Born outside the UK: Resident 2 years or more and less than 5 years,12,4,1,3,8,0,8
S01008937,Born outside the UK: Resident 5 years or more and less than 10 years,10,6,0,6,4,0,4
S01008937,Born outside the UK: Resident 10 years or more,43,31,9,22,12,1,11
S01008938,All people in households,750,692,265,427,58,8,50
S01008938,Born in the UK,717,669,258,411,48,7,41
S01008938,Born outside the UK: Total,33,23,7,16,10,1,9
S01008938,Born outside the UK: Resident less than 2 years,11,5,0,5,6,0,6
S01008938,Born outside the UK: Resident 2 years or more and less than 5 years,3,3,2,1,0,0,0
S01008938,Born outside the UK: Resident 5 years or more and less than 10 years,3,1,1,0,2,0,2
S01008938,Born outside the UK: Resident 10 years or more,16,14,4,10,2,1,1
S01008939,All people in households,781,711,323,388,70,11,59
S01008939,Born in the UK,739,683,310,373,56,11,45
S01008939,Born outside the UK: Total,42,28,13,15,14,0,14
S01008939,Born outside the UK: Resident less than 2 years,2,0,0,0,2,0,2
S01008939,Born outside the UK: Resident 2 years or more and less than 5 years,8,2,0,2,6,0,6
S01008939,Born outside the UK: Resident 5 years or more and less than 10 years,5,1,0,1,4,0,4
S01008939,Born outside the UK: Resident 10 years or more,27,25,13,12,2,0,2
S01008940,All people in households,636,575,330,245,61,0,61
S01008940,Born in the UK,588,539,307,232,49,0,49
S01008940,Born outside the UK: Total,48,36,23,13,12,0,12
S01008940,Born outside the UK: Resident less than 2 years,2,0,0,0,2,0,2
S01008940,Born outside the UK: Resident 2 years or more and less than 5 years,3,3,3,0,0,0,0
S01008940,Born outside the UK: Resident 5 years or more and less than 10 years,12,6,1,5,6,0,6
S01008940,Born outside the UK: Resident 10 years or more,31,27,19,8,4,0,4
S01008941,All people in households,881,755,304,451,126,31,95
S01008941,Born in the UK,827,718,289,429,109,29,80
S01008941,Born outside the UK: Total,54,37,15,22,17,2,15
S01008941,Born outside the UK: Resident less than 2 years,0,0,0,0,0,0,0
S01008941,Born outside the UK: Resident 2 years or more and less than 5 years,7,5,4,1,2,0,2
S01008941,Born outside the UK: Resident 5 years or more and less than 10 years,11,1,1,0,10,0,10
S01008941,Born outside the UK: Resident 10 years or more,36,31,10,21,5,2,3
S01008942,All people in households,727,630,255,375,97,2,95
S01008942,Born in the UK,671,585,232,353,86,2,84
S01008942,Born outside the UK: Total,56,45,23,22,11,0,11
S01008942,Born outside the UK: Resident less than 2 years,4,0,0,0,4,0,4
S01008942,Born outside the UK: Resident 2 years or more and less than 5 years,5,4,3,1,1,0,1
S01008942,Born outside the UK: Resident 5 years or more and less than 10 years,4,1,1,0,3,0,3
S01008942,Born outside the UK: Resident 10 years or more,43,40,19,21,3,0,3
S01008943,All people in households,826,792,408,384,34,6,28
S01008943,Born in the UK,769,745,382,363,24,6,18
S01008943,Born outside the UK: Total,57,47,26,21,10,0,10
S01008943,Born outside the UK: Resident less than 2 years,6,0,0,0,6,0,6
S01008943,Born outside the UK: Resident 2 years or more and less than 5 years,3,2,2,0,1,0,1
S01008943,Born outside the UK: Resident 5 years or more and less than 10 years,6,5,3,2,1,0,1
S01008943,Born outside the UK: Resident 10 years or more,42,40,21,19,2,0,2
S01008944,All people in households,1013,935,456,479,78,9,69
S01008944,Born in the UK,924,864,422,442,60,6,54
S01008944,Born outside the UK: Total,89,71,34,37,18,3,15
S01008944,Born outside the UK: Resident less than 2 years,7,3,3,0,4,0,4
S01008944,Born outside the UK: Resident 2 years or more and less than 5 years,4,4,0,4,0,0,0
S01008944,Born outside the UK: Resident 5 years or more and less than 10 years,19,8,3,5,11,3,8
S01008944,Born outside the UK: Resident 10 years or more,59,56,28,28,3,0,3
S01008945,All people in households,782,739,325,414,43,4,39
S01008945,Born in the UK,720,689,301,388,31,4,27
S01008945,Born outside the UK: Total,62,50,24,26,12,0,12
S01008945,Born outside the UK: Resident less than 2 years,6,0,0,0,6,0,6
S01008945,Born outside the UK: Resident 2 years or more and less than 5 years,9,7,2,5,2,0,2
S01008945,Born outside the UK: Resident 5 years or more and less than 10 years,3,3,0,3,0,0,0
S01008945,Born outside the UK: Resident 10 years or more,44,40,22,18,4,0,4
S01008946,All people in households,912,818,430,388,94,17,77
S01008946,Born in the UK,839,762,403,359,77,14,63
S01008946,Born outside the UK: Total,73,56,27,29,17,3,14
S01008946,Born outside the UK: Resident less than 2 years,7,1,0,1,6,0,6
S01008946,Born outside the UK: Resident 2 years or more and less than 5 years,5,2,1,1,3,0,3
S01008946,Born outside the UK: Resident 5 years or more and less than 10 years,14,10,1,9,4,0,4
S01008946,Born outside the UK: Resident 10 years or more,47,43,25,18,4,3,1
S01008947,All people in households,1063,1008,497,511,55,13,42
S01008947,Born in the UK,952,920,465,455,32,13,19
S01008947,Born outside the UK: Total,111,88,32,56,23,0,23
S01008947,Born outside the UK: Resident less than 2 years,12,2,0,2,10,0,10
S01008947,Born outside the UK: Resident 2 years or more and less than 5 years,10,2,0,2,8,0,8
S01008947,Born outside the UK: Resident 5 years or more and less than 10 years,13,13,5,8,0,0,0
S01008947,Born outside the UK: Resident 10 years or more,76,71,27,44,5,0,5
S01008948,All people in households,699,636,229,407,63,19,44
S01008948,Born in the UK,613,569,211,358,44,17,27
S01008948,Born outside the UK: Total,86,67,18,49,19,2,17
S01008948,Born outside the UK: Resident less than 2 years,4,1,0,1,3,0,3
S01008948,Born outside the UK: Resident 2 years or more and less than 5 years,10,2,0,2,8,1,7
S01008948,Born outside the UK: Resident 5 years or more and less than 10 years,13,6,0,6,7,0,7
S01008948,Born outside the UK: Resident 10 years or more,59,58,18,40,1,1,0
S01008949,All people in households,924,684,221,463,240,151,89
S01008949,Born in the UK,876,655,216,439,221,144,77
S01008949,Born outside the UK: Total,48,29,5,24,19,7,12
S01008949,Born outside the UK: Resident less than 2 years,6,0,0,0,6,0,6
S01008949,Born outside the UK: Resident 2 years or more and less than 5 years,12,6,0,6,6,3,3
S01008949,Born outside the UK: Resident 5 years or more and less than 10 years,7,3,1,2,4,1,3
S01008949,Born outside the UK: Resident 10 years or more,23,20,4,16,3,3,0
S01008950,All people in households,935,729,227,502,206,121,85
S01008950,Born in the UK,875,689,217,472,186,116,70
S01008950,Born outside the UK: Total,60,40,10,30,20,5,15
S01008950,Born outside the UK: Resident less than 2 years,4,2,0,2,2,0,2
S01008950,Born outside the UK: Resident 2 years or more and less than 5 years,13,4,0,4,9,1,8
S01008950,Born outside the UK: Resident 5 years or more and less than 10 years,8,5,0,5,3,0,3
S01008950,Born outside the UK: Resident 10 years or more,35,29,10,19,6,4,2
S01008951,All people in households,822,458,159,299,364,236,128
S01008951,Born in the UK,719,413,149,264,306,206,100
S01008951,Born outside the UK: Total,103,45,10,35,58,30,28
S01008951,Born outside the UK: Resident less than 2 years,22,8,3,5,14,0,14
S01008951,Born outside the UK: Resident 2 years or more and less than 5 years,30,3,0,3,27,18,9
S01008951,Born outside the UK: Resident 5 years or more and less than 10 years,23,13,2,11,10,6,4
S01008951,Born outside the UK: Resident 10 years or more,28,21,5,16,7,6,1
S01008952,All people in households,803,419,126,293,384,226,158
S01008952,Born in the UK,711,373,121,252,338,218,120
S01008952,Born outside the UK: Total,92,46,5,41,46,8,38
S01008952,Born outside the UK: Resident less than 2 years,20,4,0,4,16,1,15
S01008952,Born outside the UK: Resident 2 years or more and less than 5 years,30,10,0,10,20,2,18
S01008952,Born outside the UK: Resident 5 years or more and less than 10 years,24,18,0,18,6,1,5
S01008952,Born outside the UK: Resident 10 years or more,18,14,5,9,4,4,0
S01008953,All people in households,903,600,202,398,303,193,110
S01008953,Born in the UK,816,557,190,367,259,184,75
S01008953,Born outside the UK: Total,87,43,12,31,44,9,35
S01008953,Born outside the UK: Resident less than 2 years,8,3,3,0,5,0,5
S01008953,Born outside the UK: Resident 2 years or more and less than 5 years,15,2,0,2,13,0,13
S01008953,Born outside the UK: Resident 5 years or more and less than 10 years,25,9,0,9,16,3,13
S01008953,Born outside the UK: Resident 10 years or more,39,29,9,20,10,6,4
S01008954,All people in households,839,520,178,342,319,204,115
S01008954,Born in the UK,773,483,168,315,290,198,92
S01008954,Born outside the UK: Total,66,37,10,27,29,6,23
S01008954,Born outside the UK: Resident less than 2 years,5,1,0,1,4,0,4
S01008954,Born outside the UK: Resident 2 years or more and less than 5 years,17,9,5,4,8,2,6
S01008954,Born outside the UK: Resident 5 years or more and less than 10 years,13,6,1,5,7,0,7
S01008954,Born outside the UK: Resident 10 years or more,31,21,4,17,10,4,6
S01008955,All people in households,637,529,196,333,108,46,62
S01008955,Born in the UK,587,491,180,311,96,45,51
S01008955,Born outside the UK: Total,50,38,16,22,12,1,11
S01008955,Born outside the UK: Resident less than 2 years,8,0,0,0,8,0,8
S01008955,Born outside the UK: Resident 2 years or more and less than 5 years,2,1,0,1,1,0,1
S01008955,Born outside the UK: Resident 5 years or more and less than 10 years,2,1,0,1,1,0,1
S01008955,Born outside the UK: Resident 10 years or more,38,36,16,20,2,1,1
S01008956,All people in households,878,702,198,504,176,73,103
S01008956,Born in the UK,809,667,194,473,142,69,73
S01008956,Born outside the UK: Total,69,35,4,31,34,4,30
S01008956,Born outside the UK: Resident less than 2 years,12,2,0,2,10,1,9
S01008956,Born outside the UK: Resident 2 years or more and less than 5 years,17,1,0,1,16,0,16
S01008956,Born outside the UK: Resident 5 years or more and less than 10 years,10,7,0,7,3,0,3
S01008956,Born outside the UK: Resident 10 years or more,30,25,4,21,5,3,2
S01008957,All people in households,1010,636,260,376,374,242,132
S01008957,Born in the UK,906,596,242,354,310,234,76
S01008957,Born outside the UK: Total,104,40,18,22,64,8,56
S01008957,Born outside the UK: Resident less than 2 years,15,2,2,0,13,0,13
S01008957,Born outside the UK: Resident 2 years or more and less than 5 years,10,0,0,0,10,1,9
S01008957,Born outside the UK: Resident 5 years or more and less than 10 years,38,7,4,3,31,7,24
S01008957,Born outside the UK: Resident 10 years or more,41,31,12,19,10,0,10
S01008958,All people in households,722,420,108,312,302,230,72
S01008958,Born in the UK,647,382,95,287,265,210,55
S01008958,Born outside the UK: Total,75,38,13,25,37,20,17
S01008958,Born outside the UK: Resident less than 2 years,8,2,0,2,6,3,3
S01008958,Born outside the UK: Resident 2 years or more and less than 5 years,13,2,1,1,11,2,9
S01008958,Born outside the UK: Resident 5 years or more and less than 10 years,16,4,3,1,12,9,3
S01008958,Born outside the UK: Resident 10 years or more,38,30,9,21,8,6,2
S01008959,All people in households,859,677,228,449,182,107,75
S01008959,Born in the UK,811,649,220,429,162,101,61
S01008959,Born outside the UK: Total,48,28,8,20,20,6,14
S01008959,Born outside the UK: Resident less than 2 years,2,0,0,0,2,0,2
S01008959,Born outside the UK: Resident 2 years or more and less than 5 years,10,0,0,0,10,1,9
S01008959,Born outside the UK: Resident 5 years or more and less than 10 years,4,4,0,4,0,0,0
S01008959,Born outside the UK: Resident 10 years or more,32,24,8,16,8,5,3
S01008960,All people in households,916,810,208,602,106,24,82
S01008960,Born in the UK,831,755,194,561,76,18,58
S01008960,Born outside the UK: Total,85,55,14,41,30,6,24
S01008960,Born outside the UK: Resident less than 2 years,11,2,1,1,9,0,9
S01008960,Born outside the UK: Resident 2 years or more and less than 5 years,10,6,1,5,4,0,4
S01008960,Born outside the UK: Resident 5 years or more and less than 10 years,22,8,2,6,14,4,10
S01008960,Born outside the UK: Resident 10 years or more,42,39,10,29,3,2,1
S01008961,All people in households,715,619,195,424,96,13,83
S01008961,Born in the UK,653,584,185,399,69,11,58
S01008961,Born outside the UK: Total,62,35,10,25,27,2,25
S01008961,Born outside the UK: Resident less than 2 years,8,1,1,0,7,0,7
S01008961,Born outside the UK: Resident 2 years or more and less than 5 years,15,3,1,2,12,0,12
S01008961,Born outside the UK: Resident 5 years or more and less than 10 years,10,7,1,6,3,0,3
S01008961,Born outside the UK: Resident 10 years or more,29,24,7,17,5,2,3
S01008962,All people in households,616,562,241,321,54,11,43
S01008962,Born in the UK,572,530,228,302,42,10,32
S01008962,Born outside the UK: Total,44,32,13,19,12,1,11
S01008962,Born outside the UK: Resident less than 2 years,5,1,0,1,4,0,4
S01008962,Born outside the UK: Resident 2 years or more and less than 5 years,4,0,0,0,4,0,4
S01008962,Born outside the UK: Resident 5 years or more and less than 10 years,7,5,0,5,2,0,2
S01008962,Born outside the UK: Resident 10 years or more,28,26,13,13,2,1,1
S01008963,All people in households,783,709,333,376,74,19,55
S01008963,Born in the UK,740,688,325,363,52,14,38
S01008963,Born outside the UK: Total,43,21,8,13,22,5,17
S01008963,Born outside the UK: Resident less than 2 years,10,0,0,0,10,1,9
S01008963,Born outside the UK: Resident 2 years or more and less than 5 years,5,1,1,0,4,0,4
S01008963,Born outside the UK: Resident 5 years or more and less than 10 years,11,4,0,4,7,4,3
S01008963,Born outside the UK: Resident 10 years or more,17,16,7,9,1,0,1
S01008964,All people in households,525,496,208,288,29,0,29
S01008964,Born in the UK,497,479,202,277,18,0,18
S01008964,Born outside the UK: Total,28,17,6,11,11,0,11
S01008964,Born outside the UK: Resident less than 2 years,3,0,0,0,3,0,3
S01008964,Born outside the UK: Resident 2 years or more and less than 5 years,3,0,0,0,3,0,3
S01008964,Born outside the UK: Resident 5 years or more and less than 10 years,2,0,0,0,2,0,2
S01008964,Born outside the UK: Resident 10 years or more,20,17,6,11,3,0,3
S01008965,All people in households,742,700,336,364,42,22,20
S01008965,Born in the UK,708,672,324,348,36,22,14
S01008965,Born outside the UK: Total,34,28,12,16,6,0,6
S01008965,Born outside the UK: Resident less than 2 years,3,0,0,0,3,0,3
S01008965,Born outside the UK: Resident 2 years or more and less than 5 years,2,1,1,0,1,0,1
S01008965,Born outside the UK: Resident 5 years or more and less than 10 years,3,1,0,1,2,0,2
S01008965,Born outside the UK: Resident 10 years or more,26,26,11,15,0,0,0
S01008966,All people in households,590,556,262,294,34,1,33
S01008966,Born in the UK,560,534,254,280,26,0,26
S01008966,Born outside the UK: Total,30,22,8,14,8,1,7
S01008966,Born outside the UK: Resident less than 2 years,2,1,0,1,1,0,1
S01008966,Born outside the UK: Resident 2 years or more and less than 5 years,5,0,0,0,5,0,5
S01008966,Born outside the UK: Resident 5 years or more and less than 10 years,3,2,0,2,1,0,1
S01008966,Born outside the UK: Resident 10 years or more,20,19,8,11,1,1,0
S01008967,All people in households,1045,1005,441,564,40,11,29
S01008967,Born in the UK,985,949,423,526,36,10,26
S01008967,Born outside the UK: Total,60,56,18,38,4,1,3
S01008967,Born outside the UK: Resident less than 2 years,2,2,1,1,0,0,0
S01008967,Born outside the UK: Resident 2 years or more and less than 5 years,0,0,0,0,0,0,0
S01008967,Born outside the UK: Resident 5 years or more and less than 10 years,14,11,0,11,3,0,3
S01008967,Born outside the UK: Resident 10 years or more,44,43,17,26,1,1,0
S01008968,All people in households,997,940,381,559,57,33,24
S01008968,Born in the UK,949,899,374,525,50,30,20
S01008968,Born outside the UK: Total,48,41,7,34,7,3,4
S01008968,Born outside the UK: Resident less than 2 years,3,1,0,1,2,0,2
S01008968,Born outside the UK: Resident 2 years or more and less than 5 years,6,4,0,4,2,2,0
S01008968,Born outside the UK: Resident 5 years or more and less than 10 years,7,4,0,4,3,1,2
S01008968,Born outside the UK: Resident 10 years or more,32,32,7,25,0,0,0
S01008969,All people in households,1088,958,425,533,130,43,87
S01008969,Born in the UK,998,908,406,502,90,42,48
S01008969,Born outside the UK: Total,90,50,19,31,40,1,39
S01008969,Born outside the UK: Resident less than 2 years,8,1,0,1,7,0,7
S01008969,Born outside the UK: Resident 2 years or more and less than 5 years,15,4,0,4,11,0,11
S01008969,Born outside the UK: Resident 5 years or more and less than 10 years,25,5,0,5,20,1,19
S01008969,Born outside the UK: Resident 10 years or more,42,40,19,21,2,0,2
S01008970,All people in households,1014,913,367,546,101,25,76
S01008970,Born in the UK,944,867,353,514,77,24,53
S01008970,Born outside the UK: Total,70,46,14,32,24,1,23
S01008970,Born outside the UK: Resident less than 2 years,12,4,2,2,8,0,8
S01008970,Born outside the UK: Resident 2 years or more and less than 5 years,9,3,0,3,6,0,6
S01008970,Born outside the UK: Resident 5 years or more and less than 10 years,14,7,0,7,7,1,6
S01008970,Born outside the UK: Resident 10 years or more,35,32,12,20,3,0,3
S01008971,All people in households,697,659,233,426,38,4,34
S01008971,Born in the UK,645,609,215,394,36,3,33
S01008971,Born outside the UK: Total,52,50,18,32,2,1,1
S01008971,Born outside the UK: Resident less than 2 years,1,1,0,1,0,0,0
S01008971,Born outside the UK: Resident 2 years or more and less than 5 years,2,2,1,1,0,0,0
S01008971,Born outside the UK: Resident 5 years or more and less than 10 years,7,6,0,6,1,0,1
S01008971,Born outside the UK: Resident 10 years or more,42,41,17,24,1,1,0
S01008972,All people in households,765,695,313,382,70,2,68
S01008972,Born in the UK,705,655,295,360,50,1,49
S01008972,Born outside the UK: Total,60,40,18,22,20,1,19
S01008972,Born outside the UK: Resident less than 2 years,5,0,0,0,5,0,5
S01008972,Born outside the UK: Resident 2 years or more and less than 5 years,6,0,0,0,6,0,6
S01008972,Born outside the UK: Resident 5 years or more and less than 10 years,16,9,2,7,7,1,6
S01008972,Born outside the UK: Resident 10 years or more,33,31,16,15,2,0,2
S01008973,All people in households,708,571,255,316,137,39,98
S01008973,Born in the UK,622,522,242,280,100,37,63
S01008973,Born outside the UK: Total,86,49,13,36,37,2,35
S01008973,Born outside the UK: Resident less than 2 years,13,4,3,1,9,0,9
S01008973,Born outside the UK: Resident 2 years or more and less than 5 years,21,6,2,4,15,0,15
S01008973,Born outside the UK: Resident 5 years or more and less than 10 years,13,8,2,6,5,0,5
S01008973,Born outside the UK: Resident 10 years or more,39,31,6,25,8,2,6
S01008974,All people in households,803,579,268,311,224,32,192
S01008974,Born in the UK,726,552,254,298,174,25,149
S01008974,Born outside the UK: Total,77,27,14,13,50,7,43
S01008974,Born outside the UK: Resident less than 2 years,28,2,2,0,26,1,25
S01008974,Born outside the UK: Resident 2 years or more and less than 5 years,17,5,3,2,12,3,9
S01008974,Born outside the UK: Resident 5 years or more and less than 10 years,8,3,0,3,5,1,4
S01008974,Born outside the UK: Resident 10 years or more,24,17,9,8,7,2,5
S01008975,All people in households,728,416,212,204,312,186,126
S01008975,Born in the UK,675,387,202,185,288,179,109
S01008975,Born outside the UK: Total,53,29,10,19,24,7,17
S01008975,Born outside the UK: Resident less than 2 years,15,2,2,0,13,0,13
S01008975,Born outside the UK: Resident 2 years or more and less than 5 years,3,2,1,1,1,0,1
S01008975,Born outside the UK: Resident 5 years or more and less than 10 years,8,6,0,6,2,0,2
S01008975,Born outside the UK: Resident 10 years or more,27,19,7,12,8,7,1
S01008976,All people in households,525,495,215,280,30,10,20
S01008976,Born in the UK,481,464,197,267,17,7,10
S01008976,Born outside the UK: Total,44,31,18,13,13,3,10
S01008976,Born outside the UK: Resident less than 2 years,9,0,0,0,9,0,9
S01008976,Born outside the UK: Resident 2 years or more and less than 5 years,4,1,0,1,3,3,0
S01008976,Born outside the UK: Resident 5 years or more and less than 10 years,3,3,1,2,0,0,0
S01008976,Born outside the UK: Resident 10 years or more,28,27,17,10,1,0,1
S01008977,All people in households,605,557,278,279,48,8,40
S01008977,Born in the UK,573,537,271,266,36,8,28
S01008977,Born outside the UK: Total,32,20,7,13,12,0,12
S01008977,Born outside the UK: Resident less than 2 years,2,1,0,1,1,0,1
S01008977,Born outside the UK: Resident 2 years or more and less than 5 years,12,3,1,2,9,0,9
S01008977,Born outside the UK: Resident 5 years or more and less than 10 years,5,3,0,3,2,0,2
S01008977,Born outside the UK: Resident 10 years or more,13,13,6,7,0,0,0
S01008978,All people in households,580,437,143,294,143,14,129
S01008978,Born in the UK,529,416,137,279,113,11,102
S01008978,Born outside the UK: Total,51,21,6,15,30,3,27
S01008978,Born outside the UK: Resident less than 2 years,6,0,0,0,6,0,6
S01008978,Born outside the UK: Resident 2 years or more and less than 5 years,16,6,3,3,10,1,9
S01008978,Born outside the UK: Resident 5 years or more and less than 10 years,14,5,0,5,9,2,7
S01008978,Born outside the UK: Resident 10 years or more,15,10,3,7,5,0,5
S01008979,All people in households,743,526,97,429,217,17,200
S01008979,Born in the UK,645,480,92,388,165,16,149
S01008979,Born outside the UK: Total,98,46,5,41,52,1,51
S01008979,Born outside the UK: Resident less than 2 years,29,3,0,3,26,0,26
S01008979,Born outside the UK: Resident 2 years or more and less than 5 years,19,7,0,7,12,0,12
S01008979,Born outside the UK: Resident 5 years or more and less than 10 years,26,14,1,13,12,0,12
S01008979,Born outside the UK: Resident 10 years or more,24,22,4,18,2,1,1
S01008980,All people in households,834,555,133,422,279,36,243
S01008980,Born in the UK,721,513,124,389,208,29,179
S01008980,Born outside the UK: Total,113,42,9,33,71,7,64
S01008980,Born outside the UK: Resident less than 2 years,24,3,0,3,21,0,21
S01008980,Born outside the UK: Resident 2 years or more and less than 5 years,18,2,1,1,16,0,16
S01008980,Born outside the UK: Resident 5 years or more and less than 10 years,28,13,2,11,15,1,14
S01008980,Born outside the UK: Resident 10 years or more,43,24,6,18,19,6,13
S01008981,All people in households,708,664,335,329,44,18,26
S01008981,Born in the UK,683,641,328,313,42,17,25
S01008981,Born outside the UK: Total,25,23,7,16,2,1,1
S01008981,Born outside the UK: Resident less than 2 years,1,1,1,0,0,0,0
S01008981,Born outside the UK: Resident 2 years or more and less than 5 years,5,4,1,3,1,0,1
S01008981,Born outside the UK: Resident 5 years or more and less than 10 years,2,2,0,2,0,0,0
S01008981,Born outside the UK: Resident 10 years or more,17,16,5,11,1,1,0
S01008982,All people in households,789,525,156,369,264,21,243
S01008982,Born in the UK,716,496,151,345,220,20,200
S01008982,Born outside the UK: Total,73,29,5,24,44,1,43
S01008982,Born outside the UK: Resident less than 2 years,22,0,0,0,22,0,22
S01008982,Born outside the UK: Resident 2 years or more and less than 5 years,26,10,0,10,16,0,16
S01008982,Born outside the UK: Resident 5 years or more and less than 10 years,6,4,0,4,2,0,2
S01008982,Born outside the UK: Resident 10 years or more,19,15,5,10,4,1,3
S01008983,All people in households,650,444,77,367,206,26,180
S01008983,Born in the UK,562,423,74,349,139,25,114
S01008983,Born outside the UK: Total,88,21,3,18,67,1,66
S01008983,Born outside the UK: Resident less than 2 years,25,3,1,2,22,1,21
S01008983,Born outside the UK: Resident 2 years or more and less than 5 years,36,3,1,2,33,0,33
S01008983,Born outside the UK: Resident 5 years or more and less than 10 years,8,5,0,5,3,0,3
S01008983,Born outside the UK: Resident 10 years or more,19,10,1,9,9,0,9
S01008984,All people in households,518,340,102,238,178,9,169
S01008984,Born in the UK,481,319,96,223,162,9,153
S01008984,Born outside the UK: Total,37,21,6,15,16,0,16
S01008984,Born outside the UK: Resident less than 2 years,10,3,0,3,7,0,7
S01008984,Born outside the UK: Resident 2 years or more and less than 5 years,8,3,1,2,5,0,5
S01008984,Born outside the UK: Resident 5 years or more and less than 10 years,9,5,2,3,4,0,4
S01008984,Born outside the UK: Resident 10 years or more,10,10,3,7,0,0,0
S01008985,All people in households,679,562,210,352,117,6,111
S01008985,Born in the UK,632,545,208,337,87,6,81
S01008985,Born outside the UK: Total,47,17,2,15,30,0,30
S01008985,Born outside the UK: Resident less than 2 years,17,0,0,0,17,0,17
S01008985,Born outside the UK: Resident 2 years or more and less than 5 years,11,5,0,5,6,0,6
S01008985,Born outside the UK: Resident 5 years or more and less than 10 years,9,4,0,4,5,0,5
S01008985,Born outside the UK: Resident 10 years or more,10,8,2,6,2,0,2
S01008986,All people in households,802,735,315,420,67,1,66
S01008986,Born in the UK,761,708,306,402,53,1,52
S01008986,Born outside the UK: Total,41,27,9,18,14,0,14
S01008986,Born outside the UK: Resident less than 2 years,9,3,2,1,6,0,6
S01008986,Born outside the UK: Resident 2 years or more and less than 5 years,5,0,0,0,5,0,5
S01008986,Born outside the UK: Resident 5 years or more and less than 10 years,7,5,0,5,2,0,2
S01008986,Born outside the UK: Resident 10 years or more,20,19,7,12,1,0,1
S01008987,All people in households,822,788,368,420,34,1,33
S01008987,Born in the UK,800,773,366,407,27,1,26
S01008987,Born outside the UK: Total,22,15,2,13,7,0,7
S01008987,Born outside the UK: Resident less than 2 years,4,3,0,3,1,0,1
S01008987,Born outside the UK: Resident 2 years or more and less than 5 years,7,3,0,3,4,0,4
S01008987,Born outside the UK: Resident 5 years or more and less than 10 years,0,0,0,0,0,0,0
S01008987,Born outside the UK: Resident 10 years or more,11,9,2,7,2,0,2
S01008988,All people in households,941,625,312,313,316,82,234
S01008988,Born in the UK,828,582,294,288,246,72,174
S01008988,Born outside the UK: Total,113,43,18,25,70,10,60
S01008988,Born outside the UK: Resident less than 2 years,29,2,0,2,27,3,24
S01008988,Born outside the UK: Resident 2 years or more and less than 5 years,17,2,0,2,15,2,13
S01008988,Born outside the UK: Resident 5 years or more and less than 10 years,33,14,4,10,19,3,16
S01008988,Born outside the UK: Resident 10 years or more,34,25,14,11,9,2,7
S01008989,All people in households,653,490,87,403,163,9,154
S01008989,Born in the UK,581,468,82,386,113,9,104
S01008989,Born outside the UK: Total,72,22,5,17,50,0,50
S01008989,Born outside the UK: Resident less than 2 years,26,2,0,2,24,0,24
S01008989,Born outside the UK: Resident 2 years or more and less than 5 years,17,1,0,1,16,0,16
S01008989,Born outside the UK: Resident 5 years or more and less than 10 years,17,8,1,7,9,0,9
S01008989,Born outside the UK: Resident 10 years or more,12,11,4,7,1,0,1
S01008990,All people in households,737,560,142,418,177,3,174
S01008990,Born in the UK,638,540,139,401,98,1,97
S01008990,Born outside the UK: Total,99,20,3,17,79,2,77
S01008990,Born outside the UK: Resident less than 2 years,33,1,0,1,32,1,31
S01008990,Born outside the UK: Resident 2 years or more and less than 5 years,34,4,0,4,30,1,29
S01008990,Born outside the UK: Resident 5 years or more and less than 10 years,20,5,1,4,15,0,15
S01008990,Born outside the UK: Resident 10 years or more,12,10,2,8,2,0,2
S01008991,All people in households,935,816,202,614,119,15,104
S01008991,Born in the UK,840,758,181,577,82,11,71
S01008991,Born outside the UK: Total,95,58,21,37,37,4,33
S01008991,Born outside the UK: Resident less than 2 years,10,1,0,1,9,2,7
S01008991,Born outside the UK: Resident 2 years or more and less than 5 years,21,8,1,7,13,0,13
S01008991,Born outside the UK: Resident 5 years or more and less than 10 years,12,5,0,5,7,0,7
S01008991,Born outside the UK: Resident 10 years or more,52,44,20,24,8,2,6
S01008992,All people in households,562,428,172,256,134,58,76
S01008992,Born in the UK,495,398,163,235,97,55,42
S01008992,Born outside the UK: Total,67,30,9,21,37,3,34
S01008992,Born outside the UK: Resident less than 2 years,14,1,0,1,13,0,13
S01008992,Born outside the UK: Resident 2 years or more and less than 5 years,12,2,0,2,10,2,8
S01008992,Born outside the UK: Resident 5 years or more and less than 10 years,24,11,0,11,13,1,12
S01008992,Born outside the UK: Resident 10 years or more,17,16,9,7,1,0,1
S01008993,All people in households,1068,788,342,446,280,15,265
S01008993,Born in the UK,980,747,319,428,233,11,222
S01008993,Born outside the UK: Total,88,41,23,18,47,4,43
S01008993,Born outside the UK: Resident less than 2 years,18,0,0,0,18,0,18
S01008993,Born outside the UK: Resident 2 years or more and less than 5 years,6,1,1,0,5,0,5
S01008993,Born outside the UK: Resident 5 years or more and less than 10 years,12,4,0,4,8,1,7
S01008993,Born outside the UK: Resident 10 years or more,52,36,22,14,16,3,13
S01008994,All people in households,773,488,171,317,285,226,59
S01008994,Born in the UK,738,465,164,301,273,221,52
S01008994,Born outside the UK: Total,35,23,7,16,12,5,7
S01008994,Born outside the UK: Resident less than 2 years,7,4,2,2,3,0,3
S01008994,Born outside the UK: Resident 2 years or more and less than 5 years,8,2,0,2,6,2,4
S01008994,Born outside the UK: Resident 5 years or more and less than 10 years,4,3,0,3,1,1,0
S01008994,Born outside the UK: Resident 10 years or more,16,14,5,9,2,2,0
S01008995,All people in households,861,760,285,475,101,28,73
S01008995,Born in the UK,811,722,272,450,89,27,62
S01008995,Born outside the UK: Total,50,38,13,25,12,1,11
S01008995,Born outside the UK: Resident less than 2 years,6,2,0,2,4,0,4
S01008995,Born outside the UK: Resident 2 years or more and less than 5 years,6,3,1,2,3,0,3
S01008995,Born outside the UK: Resident 5 years or more and less than 10 years,7,7,1,6,0,0,0
S01008995,Born outside the UK: Resident 10 years or more,31,26,11,15,5,1,4
S01008996,All people in households,562,393,176,217,169,117,52
S01008996,Born in the UK,534,369,171,198,165,113,52
S01008996,Born outside the UK: Total,28,24,5,19,4,4,0
S01008996,Born outside the UK: Resident less than 2 years,3,3,0,3,0,0,0
S01008996,Born outside the UK: Resident 2 years or more and less than 5 years,2,2,0,2,0,0,0
S01008996,Born outside the UK: Resident 5 years or more and less than 10 years,6,5,0,5,1,1,0
S01008996,Born outside the UK: Resident 10 years or more,17,14,5,9,3,3,0
S01008997,All people in households,984,732,173,559,252,98,154
S01008997,Born in the UK,929,695,170,525,234,97,137
S01008997,Born outside the UK: Total,55,37,3,34,18,1,17
S01008997,Born outside the UK: Resident less than 2 years,1,0,0,0,1,0,1
S01008997,Born outside the UK: Resident 2 years or more and less than 5 years,3,1,0,1,2,0,2
S01008997,Born outside the UK: Resident 5 years or more and less than 10 years,17,16,0,16,1,0,1
S01008997,Born outside the UK: Resident 10 years or more,34,20,3,17,14,1,13
S01008998,All people in households,628,272,74,198,356,292,64
S01008998,Born in the UK,607,260,71,189,347,290,57
S01008998,Born outside the UK: Total,21,12,3,9,9,2,7
S01008998,Born outside the UK: Resident less than 2 years,1,0,0,0,1,0,1
S01008998,Born outside the UK: Resident 2 years or more and less than 5 years,4,0,0,0,4,0,4
S01008998,Born outside the UK: Resident 5 years or more and less than 10 years,0,0,0,0,0,0,0
S01008998,Born outside the UK: Resident 10 years or more,16,12,3,9,4,2,2
S01008999,All people in households,854,637,261,376,217,120,97
S01008999,Born in the UK,811,609,249,360,202,116,86
S01008999,Born outside the UK: Total,43,28,12,16,15,4,11
S01008999,Born outside the UK: Resident less than 2 years,1,1,0,1,0,0,0
S01008999,Born outside the UK: Resident 2 years or more and less than 5 years,10,0,0,0,10,1,9
S01008999,Born outside the UK: Resident 5 years or more and less than 10 years,11,10,2,8,1,1,0
S01008999,Born outside the UK: Resident 10 years or more,21,17,10,7,4,2,2
S01009000,All people in households,911,805,330,475,106,19,87
S01009000,Born in the UK,883,786,321,465,97,19,78
S01009000,Born outside the UK: Total,28,19,9,10,9,0,9
S01009000,Born outside the UK: Resident less than 2 years,4,1,1,0,3,0,3
S01009000,Born outside the UK: Resident 2 years or more and less than 5 years,2,0,0,0,2,0,2
S01009000,Born outside the UK: Resident 5 years or more and less than 10 years,4,1,0,1,3,0,3
S01009000,Born outside the UK: Resident 10 years or more,18,17,8,9,1,0,1
S01009001,All people in households,880,777,246,531,103,50,53
S01009001,Born in the UK,837,749,237,512,88,50,38
S01009001,Born outside the UK: Total,43,28,9,19,15,0,15
S01009001,Born outside the UK: Resident less than 2 years,5,1,0,1,4,0,4
S01009001,Born outside the UK: Resident 2 years or more and less than 5 years,8,1,1,0,7,0,7
S01009001,Born outside the UK: Resident 5 years or more and less than 10 years,9,7,0,7,2,0,2
S01009001,Born outside the UK: Resident 10 years or more,21,19,8,11,2,0,2
S01009002,All people in households,807,433,159,274,374,68,306
S01009002,Born in the UK,770,419,154,265,351,66,285
S01009002,Born outside the UK: Total,37,14,5,9,23,2,21
S01009002,Born outside the UK: Resident less than 2 years,2,0,0,0,2,0,2
S01009002,Born outside the UK: Resident 2 years or more and less than 5 years,4,0,0,0,4,1,3
S01009002,Born outside the UK: Resident 5 years or more and less than 10 years,5,1,0,1,4,0,4
S01009002,Born outside the UK: Resident 10 years or more,26,13,5,8,13,1,12
S01009003,All people in households,960,835,312,523,125,37,88
S01009003,Born in the UK,879,776,294,482,103,34,69
S01009003,Born outside the UK: Total,81,59,18,41,22,3,19
S01009003,Born outside the UK: Resident less than 2 years,10,3,1,2,7,0,7
S01009003,Born outside the UK: Resident 2 years or more and less than 5 years,13,4,0,4,9,0,9
S01009003,Born outside the UK: Resident 5 years or more and less than 10 years,16,13,2,11,3,0,3
S01009003,Born outside the UK: Resident 10 years or more,42,39,15,24,3,3,0
S01009004,All people in households,680,586,177,409,94,36,58
S01009004,Born in the UK,662,570,172,398,92,35,57
S01009004,Born outside the UK: Total,18,16,5,11,2,1,1
S01009004,Born outside the UK: Resident less than 2 years,0,0,0,0,0,0,0
S01009004,Born outside the UK: Resident 2 years or more and less than 5 years,2,1,0,1,1,0,1
S01009004,Born outside the UK: Resident 5 years or more and less than 10 years,2,2,1,1,0,0,0
S01009004,Born outside the UK: Resident 10 years or more,14,13,4,9,1,1,0
S01009005,All people in households,730,640,189,451,90,14,76
S01009005,Born in the UK,691,611,181,430,80,14,66
S01009005,Born outside the UK: Total,39,29,8,21,10,0,10
S01009005,Born outside the UK: Resident less than 2 years,1,1,0,1,0,0,0
S01009005,Born outside the UK: Resident 2 years or more and less than 5 years,12,3,0,3,9,0,9
S01009005,Born outside the UK: Resident 5 years or more and less than 10 years,5,5,2,3,0,0,0
S01009005,Born outside the UK: Resident 10 years or more,21,20,6,14,1,0,1
S01009006,All people in households,766,579,198,381,187,107,80
S01009006,Born in the UK,717,548,191,357,169,103,66
S01009006,Born outside the UK: Total,49,31,7,24,18,4,14
S01009006,Born outside the UK: Resident less than 2 years,9,1,0,1,8,1,7
S01009006,Born outside the UK: Resident 2 years or more and less than 5 years,10,4,0,4,6,0,6
S01009006,Born outside the UK: Resident 5 years or more and less than 10 years,13,10,0,10,3,2,1
S01009006,Born outside the UK: Resident 10 years or more,17,16,7,9,1,1,0
S01009007,All people in households,701,542,197,345,159,99,60
S01009007,Born in the UK,662,514,191,323,148,92,56
S01009007,Born outside the UK: Total,39,28,6,22,11,7,4
S01009007,Born outside the UK: Resident less than 2 years,3,2,2,0,1,1,0
S01009007,Born outside the UK: Resident 2 years or more and less than 5 years,2,2,0,2,0,0,0
S01009007,Born outside the UK: Resident 5 years or more and less than 10 years,6,4,1,3,2,2,0
S01009007,Born outside the UK: Resident 10 years or more,28,20,3,17,8,4,4
S01009008,All people in households,916,728,356,372,188,86,102
S01009008,Born in the UK,863,694,339,355,169,84,85
S01009008,Born outside the UK: Total,53,34,17,17,19,2,17
S01009008,Born outside the UK: Resident less than 2 years,2,2,0,2,0,0,0
S01009008,Born outside the UK: Resident 2 years or more and less than 5 years,7,1,0,1,6,0,6
S01009008,Born outside the UK: Resident 5 years or more and less than 10 years,10,1,0,1,9,0,9
S01009008,Born outside the UK: Resident 10 years or more,34,30,17,13,4,2,2
S01009009,All people in households,476,239,82,157,237,160,77
S01009009,Born in the UK,456,224,76,148,232,158,74
S01009009,Born outside the UK: Total,20,15,6,9,5,2,3
S01009009,Born outside the UK: Resident less than 2 years,3,0,0,0,3,0,3
S01009009,Born outside the UK: Resident 2 years or more and less than 5 years,0,0,0,0,0,0,0
S01009009,Born outside the UK: Resident 5 years or more and less than 10 years,7,7,1,6,0,0,0
S01009009,Born outside the UK: Resident 10 years or more,10,8,5,3,2,2,0
S01009010,All people in households,1021,815,234,581,206,97,109
S01009010,Born in the UK,967,790,230,560,177,90,87
S01009010,Born outside the UK: Total,54,25,4,21,29,7,22
S01009010,Born outside the UK: Resident less than 2 years,11,1,0,1,10,0,10
S01009010,Born outside the UK: Resident 2 years or more and less than 5 years,3,1,0,1,2,0,2
S01009010,Born outside the UK: Resident 5 years or more and less than 10 years,13,5,0,5,8,4,4
S01009010,Born outside the UK: Resident 10 years or more,27,18,4,14,9,3,6
S01009011,All people in households,869,804,203,601,65,15,50
S01009011,Born in the UK,841,787,199,588,54,13,41
S01009011,Born outside the UK: Total,28,17,4,13,11,2,9
S01009011,Born outside the UK: Resident less than 2 years,3,1,1,0,2,0,2
S01009011,Born outside the UK: Resident 2 years or more and less than 5 years,2,0,0,0,2,1,1
S01009011,Born outside the UK: Resident 5 years or more and less than 10 years,7,3,1,2,4,0,4
S01009011,Born outside the UK: Resident 10 years or more,16,13,2,11,3,1,2
S01009012,All people in households,752,694,232,462,58,9,49
S01009012,Born in the UK,717,670,221,449,47,9,38
S01009012,Born outside the UK: Total,35,24,11,13,11,0,11
S01009012,Born outside the UK: Resident less than 2 years,8,0,0,0,8,0,8
S01009012,Born outside the UK: Resident 2 years or more and less than 5 years,0,0,0,0,0,0,0
S01009012,Born outside the UK: Resident 5 years or more and less than 10 years,4,3,0,3,1,0,1
S01009012,Born outside the UK: Resident 10 years or more,23,21,11,10,2,0,2
S01009013,All people in households,893,800,225,575,93,33,60
S01009013,Born in the UK,828,756,210,546,72,30,42
S01009013,Born outside the UK: Total,65,44,15,29,21,3,18
S01009013,Born outside the UK: Resident less than 2 years,13,3,0,3,10,0,10
S01009013,Born outside the UK: Resident 2 years or more and less than 5 years,9,4,0,4,5,0,5
S01009013,Born outside the UK: Resident 5 years or more and less than 10 years,1,1,0,1,0,0,0
S01009013,Born outside the UK: Resident 10 years or more,42,36,15,21,6,3,3
S01009014,All people in households,609,435,206,229,174,115,59
S01009014,Born in the UK,596,427,202,225,169,114,55
S01009014,Born outside the UK: Total,13,8,4,4,5,1,4
S01009014,Born outside the UK: Resident less than 2 years,0,0,0,0,0,0,0
S01009014,Born outside the UK: Resident 2 years or more and less than 5 years,3,0,0,0,3,0,3
S01009014,Born outside the UK: Resident 5 years or more and less than 10 years,2,1,1,0,1,0,1
S01009014,Born outside the UK: Resident 10 years or more,8,7,3,4,1,1,0
S01009015,All people in households,637,462,292,170,175,117,58
S01009015,Born in the UK,629,461,291,170,168,114,54
S01009015,Born outside the UK: Total,8,1,1,0,7,3,4
S01009015,Born outside the UK: Resident less than 2 years,4,0,0,0,4,0,4
S01009015,Born outside the UK: Resident 2 years or more and less than 5 years,0,0,0,0,0,0,0
S01009015,Born outside the UK: Resident 5 years or more and less than 10 years,2,0,0,0,2,2,0
S01009015,Born outside the UK: Resident 10 years or more,2,1,1,0,1,1,0
S01009016,All people in households,528,409,270,139,119,73,46
S01009016,Born in the UK,519,404,265,139,115,72,43
S01009016,Born outside the UK: Total,9,5,5,0,4,1,3
S01009016,Born outside the UK: Resident less than 2 years,0,0,0,0,0,0,0
S01009016,Born outside the UK: Resident 2 years or more and less than 5 years,3,2,2,0,1,0,1
S01009016,Born outside the UK: Resident 5 years or more and less than 10 years,2,0,0,0,2,0,2
S01009016,Born outside the UK: Resident 10 years or more,4,3,3,0,1,1,0
S01009017,All people in households,604,396,197,199,208,138,70
S01009017,Born in the UK,594,392,194,198,202,133,69
S01009017,Born outside the UK: Total,10,4,3,1,6,5,1
S01009017,Born outside the UK: Resident less than 2 years,3,0,0,0,3,3,0
S01009017,Born outside the UK: Resident 2 years or more and less than 5 years,0,0,0,0,0,0,0
S01009017,Born outside the UK: Resident 5 years or more and less than 10 years,2,1,1,0,1,0,1
S01009017,Born outside the UK: Resident 10 years or more,5,3,2,1,2,2,0
S01009018,All people in households,743,536,334,202,207,135,72
S01009018,Born in the UK,729,528,330,198,201,134,67
S01009018,Born outside the UK: Total,14,8,4,4,6,1,5
S01009018,Born outside the UK: Resident less than 2 years,2,1,1,0,1,0,1
S01009018,Born outside the UK: Resident 2 years or more and less than 5 years,1,1,0,1,0,0,0
S01009018,Born outside the UK: Resident 5 years or more and less than 10 years,0,0,0,0,0,0,0
S01009018,Born outside the UK: Resident 10 years or more,11,6,3,3,5,1,4
S01009019,All people in households,517,394,207,187,123,98,25
S01009019,Born in the UK,497,383,202,181,114,91,23
S01009019,Born outside the UK: Total,20,11,5,6,9,7,2
S01009019,Born outside the UK: Resident less than 2 years,3,1,0,1,2,1,1
S01009019,Born outside the UK: Resident 2 years or more and less than 5 years,2,0,0,0,2,2,0
S01009019,Born outside the UK: Resident 5 years or more and less than 10 years,3,1,0,1,2,1,1
S01009019,Born outside the UK: Resident 10 years or more,12,9,5,4,3,3,0
S01009020,All people in households,807,504,216,288,303,170,133
S01009020,Born in the UK,760,479,205,274,281,157,124
S01009020,Born outside the UK: Total,47,25,11,14,22,13,9
S01009020,Born outside the UK: Resident less than 2 years,5,2,0,2,3,2,1
S01009020,Born outside the UK: Resident 2 years or more and less than 5 years,6,2,0,2,4,4,0
S01009020,Born outside the UK: Resident 5 years or more and less than 10 years,9,3,0,3,6,2,4
S01009020,Born outside the UK: Resident 10 years or more,27,18,11,7,9,5,4
S01009021,All people in households,731,601,369,232,130,66,64
S01009021,Born in the UK,713,587,362,225,126,66,60
S01009021,Born outside the UK: Total,18,14,7,7,4,0,4
S01009021,Born outside the UK: Resident less than 2 years,2,1,1,0,1,0,1
S01009021,Born outside the UK: Resident 2 years or more and less than 5 years,2,0,0,0,2,0,2
S01009021,Born outside the UK: Resident 5 years or more and less than 10 years,4,4,4,0,0,0,0
S01009021,Born outside the UK: Resident 10 years or more,10,9,2,7,1,0,1
S01009022,All people in households,873,683,416,267,190,118,72
S01009022,Born in the UK,845,669,403,266,176,112,64
S01009022,Born outside the UK: Total,28,14,13,1,14,6,8
S01009022,Born outside the UK: Resident less than 2 years,0,0,0,0,0,0,0
S01009022,Born outside the UK: Resident 2 years or more and less than 5 years,6,2,2,0,4,1,3
S01009022,Born outside the UK: Resident 5 years or more and less than 10 years,4,1,1,0,3,3,0
S01009022,Born outside the UK: Resident 10 years or more,18,11,10,1,7,2,5
S01009023,All people in households,908,736,539,197,172,118,54
S01009023,Born in the UK,884,719,524,195,165,115,50
S01009023,Born outside the UK: Total,24,17,15,2,7,3,4
S01009023,Born outside the UK: Resident less than 2 years,1,1,1,0,0,0,0
S01009023,Born outside the UK: Resident 2 years or more and less than 5 years,4,2,2,0,2,2,0
S01009023,Born outside the UK: Resident 5 years or more and less than 10 years,2,0,0,0,2,0,2
S01009023,Born outside the UK: Resident 10 years or more,17,14,12,2,3,1,2
S01009024,All people in households,959,675,447,228,284,186,98
S01009024,Born in the UK,940,664,441,223,276,186,90
S01009024,Born outside the UK: Total,19,11,6,5,8,0,8
S01009024,Born outside the UK: Resident less than 2 years,0,0,0,0,0,0,0
S01009024,Born outside the UK: Resident 2 years or more and less than 5 years,2,0,0,0,2,0,2
S01009024,Born outside the UK: Resident 5 years or more and less than 10 years,5,3,2,1,2,0,2
S01009024,Born outside the UK: Resident 10 years or more,12,8,4,4,4,0,4
S01009025,All people in households,918,757,468,289,161,79,82
S01009025,Born in the UK,892,736,455,281,156,78,78
S01009025,Born outside the UK: Total,26,21,13,8,5,1,4
S01009025,Born outside the UK: Resident less than 2 years,5,3,2,1,2,0,2
S01009025,Born outside the UK: Resident 2 years or more and less than 5 years,0,0,0,0,0,0,0
S01009025,Born outside the UK: Resident 5 years or more and less than 10 years,2,1,1,0,1,0,1
S01009025,Born outside the UK: Resident 10 years or more,19,17,10,7,2,1,1
S01009026,All people in households,892,754,447,307,138,66,72
S01009026,Born in the UK,864,732,435,297,132,64,68
S01009026,Born outside the UK: Total,28,22,12,10,6,2,4
S01009026,Born outside the UK: Resident less than 2 years,1,1,0,1,0,0,0
S01009026,Born outside the UK: Resident 2 years or more and less than 5 years,3,2,2,0,1,0,1
S01009026,Born outside the UK: Resident 5 years or more and less than 10 years,5,3,0,3,2,0,2
S01009026,Born outside the UK: Resident 10 years or more,19,16,10,6,3,2,1
S01009027,All people in households,768,654,435,219,114,60,54
S01009027,Born in the UK,741,631,418,213,110,59,51
S01009027,Born outside the UK: Total,27,23,17,6,4,1,3
S01009027,Born outside the UK: Resident less than 2 years,2,0,0,0,2,0,2
S01009027,Born outside the UK: Resident 2 years or more and less than 5 years,0,0,0,0,0,0,0
S01009027,Born outside the UK: Resident 5 years or more and less than 10 years,3,2,2,0,1,1,0
S01009027,Born outside the UK: Resident 10 years or more,22,21,15,6,1,0,1
S01009028,All people in households,494,431,269,162,63,43,20
S01009028,Born in the UK,485,423,262,161,62,42,20
S01009028,Born outside the UK: Total,9,8,7,1,1,1,0
S01009028,Born outside the UK: Resident less than 2 years,3,3,3,0,0,0,0
S01009028,Born outside the UK: Resident 2 years or more and less than 5 years,0,0,0,0,0,0,0
S01009028,Born outside the UK: Resident 5 years or more and less than 10 years,0,0,0,0,0,0,0
S01009028,Born outside the UK: Resident 10 years or more,6,5,4,1,1,1,0
S01009029,All people in households,617,487,291,196,130,83,47
S01009029,Born in the UK,592,473,285,188,119,77,42
S01009029,Born outside the UK: Total,25,14,6,8,11,6,5
S01009029,Born outside the UK: Resident less than 2 years,7,2,1,1,5,0,5
S01009029,Born outside the UK: Resident 2 years or more and less than 5 years,5,0,0,0,5,5,0
S01009029,Born outside the UK: Resident 5 years or more and less than 10 years,0,0,0,0,0,0,0
S01009029,Born outside the UK: Resident 10 years or more,13,12,5,7,1,1,0
S01009030,All people in households,733,588,392,196,145,111,34
S01009030,Born in the UK,718,575,385,190,143,111,32
S01009030,Born outside the UK: Total,15,13,7,6,2,0,2
S01009030,Born outside the UK: Resident less than 2 years,0,0,0,0,0,0,0
S01009030,Born outside the UK: Resident 2 years or more and less than 5 years,1,0,0,0,1,0,1
S01009030,Born outside the UK: Resident 5 years or more and less than 10 years,4,4,1,3,0,0,0
S01009030,Born outside the UK: Resident 10 years or more,10,9,6,3,1,0,1
S01009031,All people in households,761,602,380,222,159,80,79
S01009031,Born in the UK,748,596,378,218,152,78,74
S01009031,Born outside the UK: Total,13,6,2,4,7,2,5
S01009031,Born outside the UK: Resident less than 2 years,1,0,0,0,1,0,1
S01009031,Born outside the UK: Resident 2 years or more and less than 5 years,3,3,0,3,0,0,0
S01009031,Born outside the UK: Resident 5 years or more and less than 10 years,0,0,0,0,0,0,0
S01009031,Born outside the UK: Resident 10 years or more,9,3,2,1,6,2,4
S01009032,All people in households,656,556,369,187,100,36,64
S01009032,Born in the UK,649,549,364,185,100,36,64
S01009032,Born outside the UK: Total,7,7,5,2,0,0,0
S01009032,Born outside the UK: Resident less than 2 years,0,0,0,0,0,0,0
S01009032,Born outside the UK: Resident 2 years or more and less than 5 years,0,0,0,0,0,0,0
S01009032,Born outside the UK: Resident 5 years or more and less than 10 years,0,0,0,0,0,0,0
S01009032,Born outside the UK: Resident 10 years or more,7,7,5,2,0,0,0
S01009033,All people in households,795,697,441,256,98,34,64
S01009033,Born in the UK,776,682,432,250,94,32,62
S01009033,Born outside the UK: Total,19,15,9,6,4,2,2
S01009033,Born outside the UK: Resident less than 2 years,0,0,0,0,0,0,0
S01009033,Born outside the UK: Resident 2 years or more and less than 5 years,1,0,0,0,1,1,0
S01009033,Born outside the UK: Resident 5 years or more and less than 10 years,1,0,0,0,1,1,0
S01009033,Born outside the UK: Resident 10 years or more,17,15,9,6,2,0,2
S01009034,All people in households,709,596,328,268,113,44,69
S01009034,Born in the UK,691,581,321,260,110,42,68
S01009034,Born outside the UK: Total,18,15,7,8,3,2,1
S01009034,Born outside the UK: Resident less than 2 years,0,0,0,0,0,0,0
S01009034,Born outside the UK: Resident 2 years or more and less than 5 years,1,1,1,0,0,0,0
S01009034,Born outside the UK: Resident 5 years or more and less than 10 years,8,5,1,4,3,2,1
S01009034,Born outside the UK: Resident 10 years or more,9,9,5,4,0,0,0
S01009035,All people in households,927,782,387,395,145,85,60
S01009035,Born in the UK,904,765,379,386,139,83,56
S01009035,Born outside the UK: Total,23,17,8,9,6,2,4
S01009035,Born outside the UK: Resident less than 2 years,3,2,0,2,1,0,1
S01009035,Born outside the UK: Resident 2 years or more and less than 5 years,5,3,2,1,2,0,2
S01009035,Born outside the UK: Resident 5 years or more and less than 10 years,2,1,1,0,1,0,1
S01009035,Born outside the UK: Resident 10 years or more,13,11,5,6,2,2,0
S01009036,All people in households,1074,793,347,446,281,189,92
S01009036,Born in the UK,1044,772,341,431,272,186,86
S01009036,Born outside the UK: Total,30,21,6,15,9,3,6
S01009036,Born outside the UK: Resident less than 2 years,2,0,0,0,2,0,2
S01009036,Born outside the UK: Resident 2 years or more and less than 5 years,2,0,0,0,2,0,2
S01009036,Born outside the UK: Resident 5 years or more and less than 10 years,5,2,1,1,3,1,2
S01009036,Born outside the UK: Resident 10 years or more,21,19,5,14,2,2,0
S01009037,All people in households,893,662,298,364,231,187,44
S01009037,Born in the UK,872,651,293,358,221,178,43
S01009037,Born outside the UK: Total,21,11,5,6,10,9,1
S01009037,Born outside the UK: Resident less than 2 years,1,0,0,0,1,1,0
S01009037,Born outside the UK: Resident 2 years or more and less than 5 years,4,1,0,1,3,2,1
S01009037,Born outside the UK: Resident 5 years or more and less than 10 years,9,4,1,3,5,5,0
S01009037,Born outside the UK: Resident 10 years or more,7,6,4,2,1,1,0
S01009038,All people in households,1081,776,369,407,305,201,104
S01009038,Born in the UK,1059,761,360,401,298,197,101
S01009038,Born outside the UK: Total,22,15,9,6,7,4,3
S01009038,Born outside the UK: Resident less than 2 years,2,1,0,1,1,0,1
S01009038,Born outside the UK: Resident 2 years or more and less than 5 years,4,1,1,0,3,1,2
S01009038,Born outside the UK: Resident 5 years or more and less than 10 years,0,0,0,0,0,0,0
S01009038,Born outside the UK: Resident 10 years or more,16,13,8,5,3,3,0
S01009039,All people in households,656,315,165,150,341,297,44
S01009039,Born in the UK,625,301,159,142,324,288,36
S01009039,Born outside the UK: Total,31,14,6,8,17,9,8
S01009039,Born outside the UK: Resident less than 2 years,12,7,3,4,5,0,5
S01009039,Born outside the UK: Resident 2 years or more and less than 5 years,7,2,1,1,5,5,0
S01009039,Born outside the UK: Resident 5 years or more and less than 10 years,8,3,0,3,5,2,3
S01009039,Born outside the UK: Resident 10 years or more,4,2,2,0,2,2,0
S01009040,All people in households,620,363,174,189,257,172,85
S01009040,Born in the UK,584,348,169,179,236,170,66
S01009040,Born outside the UK: Total,36,15,5,10,21,2,19
S01009040,Born outside the UK: Resident less than 2 years,11,0,0,0,11,0,11
S01009040,Born outside the UK: Resident 2 years or more and less than 5 years,7,4,0,4,3,0,3
S01009040,Born outside the UK: Resident 5 years or more and less than 10 years,7,4,1,3,3,0,3
S01009040,Born outside the UK: Resident 10 years or more,11,7,4,3,4,2,2
S01009041,All people in households,846,490,239,251,356,197,159
S01009041,Born in the UK,793,471,231,240,322,187,135
S01009041,Born outside the UK: Total,53,19,8,11,34,10,24
S01009041,Born outside the UK: Resident less than 2 years,6,2,0,2,4,0,4
S01009041,Born outside the UK: Resident 2 years or more and less than 5 years,9,1,0,1,8,2,6
S01009041,Born outside the UK: Resident 5 years or more and less than 10 years,12,4,0,4,8,2,6
S01009041,Born outside the UK: Resident 10 years or more,26,12,8,4,14,6,8
S01009042,All people in households,808,524,240,284,284,213,71
S01009042,Born in the UK,780,512,235,277,268,203,65
S01009042,Born outside the UK: Total,28,12,5,7,16,10,6
S01009042,Born outside the UK: Resident less than 2 years,2,0,0,0,2,2,0
S01009042,Born outside the UK: Resident 2 years or more and less than 5 years,8,3,3,0,5,0,5
S01009042,Born outside the UK: Resident 5 years or more and less than 10 years,7,3,1,2,4,3,1
S01009042,Born outside the UK: Resident 10 years or more,11,6,1,5,5,5,0
S01009043,All people in households,600,352,186,166,248,203,45
S01009043,Born in the UK,576,342,183,159,234,200,34
S01009043,Born outside the UK: Total,24,10,3,7,14,3,11
S01009043,Born outside the UK: Resident less than 2 years,0,0,0,0,0,0,0
S01009043,Born outside the UK: Resident 2 years or more and less than 5 years,6,0,0,0,6,0,6
S01009043,Born outside the UK: Resident 5 years or more and less than 10 years,9,4,0,4,5,2,3
S01009043,Born outside the UK: Resident 10 years or more,9,6,3,3,3,1,2
S01009044,All people in households,801,519,286,233,282,216,66
S01009044,Born in the UK,774,509,278,231,265,209,56
S01009044,Born outside the UK: Total,27,10,8,2,17,7,10
S01009044,Born outside the UK: Resident less than 2 years,4,1,0,1,3,0,3
S01009044,Born outside the UK: Resident 2 years or more and less than 5 years,5,0,0,0,5,1,4
S01009044,Born outside the UK: Resident 5 years or more and less than 10 years,5,0,0,0,5,2,3
S01009044,Born outside the UK: Resident 10 years or more,13,9,8,1,4,4,0
S01009045,All people in households,630,431,220,211,199,138,61
S01009045,Born in the UK,608,419,215,204,189,135,54
S01009045,Born outside the UK: Total,22,12,5,7,10,3,7
S01009045,Born outside the UK: Resident less than 2 years,1,1,0,1,0,0,0
S01009045,Born outside the UK: Resident 2 years or more and less than 5 years,1,1,0,1,0,0,0
S01009045,Born outside the UK: Resident 5 years or more and less than 10 years,8,3,0,3,5,1,4
S01009045,Born outside the UK: Resident 10 years or more,12,7,5,2,5,2,3
S01009046,All people in households,868,715,339,376,153,72,81
S01009046,Born in the UK,844,702,334,368,142,72,70
S01009046,Born outside the UK: Total,24,13,5,8,11,0,11
S01009046,Born outside the UK: Resident less than 2 years,0,0,0,0,0,0,0
S01009046,Born outside the UK: Resident 2 years or more and less than 5 years,5,1,0,1,4,0,4
S01009046,Born outside the UK: Resident 5 years or more and less than 10 years,8,3,0,3,5,0,5
S01009046,Born outside the UK: Resident 10 years or more,11,9,5,4,2,0,2
S01009047,All people in households,802,675,326,349,127,65,62
S01009047,Born in the UK,783,661,318,343,122,65,57
S01009047,Born outside the UK: Total,19,14,8,6,5,0,5
S01009047,Born outside the UK: Resident less than 2 years,2,0,0,0,2,0,2
S01009047,Born outside the UK: Resident 2 years or more and less than 5 years,0,0,0,0,0,0,0
S01009047,Born outside the UK: Resident 5 years or more and less than 10 years,7,5,1,4,2,0,2
S01009047,Born outside the UK: Resident 10 years or more,10,9,7,2,1,0,1
S01009048,All people in households,837,748,385,363,89,54,35
S01009048,Born in the UK,825,739,380,359,86,53,33
S01009048,Born outside the UK: Total,12,9,5,4,3,1,2
S01009048,Born outside the UK: Resident less than 2 years,2,0,0,0,2,0,2
S01009048,Born outside the UK: Resident 2 years or more and less than 5 years,1,0,0,0,1,1,0
S01009048,Born outside the UK: Resident 5 years or more and less than 10 years,0,0,0,0,0,0,0
S01009048,Born outside the UK: Resident 10 years or more,9,9,5,4,0,0,0
S01009049,All people in households,616,529,273,256,87,54,33
S01009049,Born in the UK,597,514,264,250,83,52,31
S01009049,Born outside the UK: Total,19,15,9,6,4,2,2
S01009049,Born outside the UK: Resident less than 2 years,3,2,2,0,1,0,1
S01009049,Born outside the UK: Resident 2 years or more and less than 5 years,1,0,0,0,1,0,1
S01009049,Born outside the UK: Resident 5 years or more and less than 10 years,5,3,3,0,2,2,0
S01009049,Born outside the UK: Resident 10 years or more,10,10,4,6,0,0,0
S01009050,All people in households,775,620,226,394,155,112,43
S01009050,Born in the UK,767,616,224,392,151,111,40
S01009050,Born outside the UK: Total,8,4,2,2,4,1,3
S01009050,Born outside the UK: Resident less than 2 years,0,0,0,0,0,0,0
S01009050,Born outside the UK: Resident 2 years or more and less than 5 years,2,0,0,0,2,0,2
S01009050,Born outside the UK: Resident 5 years or more and less than 10 years,0,0,0,0,0,0,0
S01009050,Born outside the UK: Resident 10 years or more,6,4,2,2,2,1,1
S01009051,All people in households,761,536,105,431,225,187,38
S01009051,Born in the UK,744,529,103,426,215,181,34
S01009051,Born outside the UK: Total,17,7,2,5,10,6,4
S01009051,Born outside the UK: Resident less than 2 years,0,0,0,0,0,0,0
S01009051,Born outside the UK: Resident 2 years or more and less than 5 years,6,1,1,0,5,3,2
S01009051,Born outside the UK: Resident 5 years or more and less than 10 years,2,2,0,2,0,0,0
S01009051,Born outside the UK: Resident 10 years or more,9,4,1,3,5,3,2
S01009052,All people in households,598,474,191,283,124,78,46
S01009052,Born in the UK,585,465,188,277,120,78,42
S01009052,Born outside the UK: Total,13,9,3,6,4,0,4
S01009052,Born outside the UK: Resident less than 2 years,2,2,2,0,0,0,0
S01009052,Born outside the UK: Resident 2 years or more and less than 5 years,4,0,0,0,4,0,4
S01009052,Born outside the UK: Resident 5 years or more and less than 10 years,2,2,0,2,0,0,0
S01009052,Born outside the UK: Resident 10 years or more,5,5,1,4,0,0,0
S01009053,All people in households,532,168,50,118,364,354,10
S01009053,Born in the UK,518,161,49,112,357,347,10
S01009053,Born outside the UK: Total,14,7,1,6,7,7,0
S01009053,Born outside the UK: Resident less than 2 years,0,0,0,0,0,0,0
S01009053,Born outside the UK: Resident 2 years or more and less than 5 years,6,2,0,2,4,4,0
S01009053,Born outside the UK: Resident 5 years or more and less than 10 years,0,0,0,0,0,0,0
S01009053,Born outside the UK: Resident 10 years or more,8,5,1,4,3,3,0
S01009054,All people in households,583,366,116,250,217,183,34
S01009054,Born in the UK,559,350,106,244,209,179,30
S01009054,Born outside the UK: Total,24,16,10,6,8,4,4
S01009054,Born outside the UK: Resident less than 2 years,5,1,1,0,4,0,4
S01009054,Born outside the UK: Resident 2 years or more and less than 5 years,1,1,0,1,0,0,0
S01009054,Born outside the UK: Resident 5 years or more and less than 10 years,3,3,3,0,0,0,0
S01009054,Born outside the UK: Resident 10 years or more,15,11,6,5,4,4,0
S01009055,All people in households,807,661,248,413,146,110,36
S01009055,Born in the UK,795,650,244,406,145,109,36
S01009055,Born outside the UK: Total,12,11,4,7,1,1,0
S01009055,Born outside the UK: Resident less than 2 years,0,0,0,0,0,0,0
S01009055,Born outside the UK: Resident 2 years or more and less than 5 years,3,3,1,2,0,0,0
S01009055,Born outside the UK: Resident 5 years or more and less than 10 years,3,3,0,3,0,0,0
S01009055,Born outside the UK: Resident 10 years or more,6,5,3,2,1,1,0
S01009056,All people in households,554,263,62,201,291,256,35
S01009056,Born in the UK,537,249,61,188,288,254,34
S01009056,Born outside the UK: Total,17,14,1,13,3,2,1
S01009056,Born outside the UK: Resident less than 2 years,1,1,0,1,0,0,0
S01009056,Born outside the UK: Resident 2 years or more and less than 5 years,1,0,0,0,1,0,1
S01009056,Born outside the UK: Resident 5 years or more and less than 10 years,4,4,0,4,0,0,0
S01009056,Born outside the UK: Resident 10 years or more,11,9,1,8,2,2,0
S01009057,All people in households,554,238,67,171,316,264,52
S01009057,Born in the UK,528,225,63,162,303,256,47
S01009057,Born outside the UK: Total,26,13,4,9,13,8,5
S01009057,Born outside the UK: Resident less than 2 years,7,4,2,2,3,1,2
S01009057,Born outside the UK: Resident 2 years or more and less than 5 years,2,1,0,1,1,1,0
S01009057,Born outside the UK: Resident 5 years or more and less than 10 years,3,0,0,0,3,1,2
S01009057,Born outside the UK: Resident 10 years or more,14,8,2,6,6,5,1
S01009058,All people in households,786,472,111,361,314,255,59
S01009058,Born in the UK,743,460,108,352,283,245,38
S01009058,Born outside the UK: Total,43,12,3,9,31,10,21
S01009058,Born outside the UK: Resident less than 2 years,12,0,0,0,12,2,10
S01009058,Born outside the UK: Resident 2 years or more and less than 5 years,8,0,0,0,8,4,4
S01009058,Born outside the UK: Resident 5 years or more and less than 10 years,8,2,0,2,6,0,6
S01009058,Born outside the UK: Resident 10 years or more,15,10,3,7,5,4,1
S01009059,All people in households,881,690,127,563,191,126,65
S01009059,Born in the UK,843,666,117,549,177,119,58
S01009059,Born outside the UK: Total,38,24,10,14,14,7,7
S01009059,Born outside the UK: Resident less than 2 years,4,0,0,0,4,0,4
S01009059,Born outside the UK: Resident 2 years or more and less than 5 years,9,2,0,2,7,6,1
S01009059,Born outside the UK: Resident 5 years or more and less than 10 years,7,5,3,2,2,0,2
S01009059,Born outside the UK: Resident 10 years or more,18,17,7,10,1,1,0
S01009060,All people in households,560,527,89,438,33,4,29
S01009060,Born in the UK,540,510,88,422,30,4,26
S01009060,Born outside the UK: Total,20,17,1,16,3,0,3
S01009060,Born outside the UK: Resident less than 2 years,1,1,0,1,0,0,0
S01009060,Born outside the UK: Resident 2 years or more and less than 5 years,2,1,0,1,1,0,1
S01009060,Born outside the UK: Resident 5 years or more and less than 10 years,8,8,1,7,0,0,0
S01009060,Born outside the UK: Resident 10 years or more,9,7,0,7,2,0,2
S01009061,All people in households,810,590,146,444,220,196,24
S01009061,Born in the UK,787,576,143,433,211,189,22
S01009061,Born outside the UK: Total,23,14,3,11,9,7,2
S01009061,Born outside the UK: Resident less than 2 years,1,0,0,0,1,0,1
S01009061,Born outside the UK: Resident 2 years or more and less than 5 years,6,1,0,1,5,4,1
S01009061,Born outside the UK: Resident 5 years or more and less than 10 years,7,7,0,7,0,0,0
S01009061,Born outside the UK: Resident 10 years or more,9,6,3,3,3,3,0
S01009062,All people in households,647,384,136,248,263,256,7
S01009062,Born in the UK,636,378,133,245,258,251,7
S01009062,Born outside the UK: Total,11,6,3,3,5,5,0
S01009062,Born outside the UK: Resident less than 2 years,0,0,0,0,0,0,0
S01009062,Born outside the UK: Resident 2 years or more and less than 5 years,0,0,0,0,0,0,0
S01009062,Born outside the UK: Resident 5 years or more and less than 10 years,0,0,0,0,0,0,0
S01009062,Born outside the UK: Resident 10 years or more,11,6,3,3,5,5,0
S01009063,All people in households,733,635,234,401,98,62,36
S01009063,Born in the UK,710,622,231,391,88,59,29
S01009063,Born outside the UK: Total,23,13,3,10,10,3,7
S01009063,Born outside the UK: Resident less than 2 years,6,0,0,0,6,0,6
S01009063,Born outside the UK: Resident 2 years or more and less than 5 years,6,5,0,5,1,1,0
S01009063,Born outside the UK: Resident 5 years or more and less than 10 years,3,2,0,2,1,1,0
S01009063,Born outside the UK: Resident 10 years or more,8,6,3,3,2,1,1
S01009064,All people in households,583,394,114,280,189,165,24
S01009064,Born in the UK,575,389,112,277,186,162,24
S01009064,Born outside the UK: Total,8,5,2,3,3,3,0
S01009064,Born outside the UK: Resident less than 2 years,0,0,0,0,0,0,0
S01009064,Born outside the UK: Resident 2 years or more and less than 5 years,0,0,0,0,0,0,0
S01009064,Born outside the UK: Resident 5 years or more and less than 10 years,0,0,0,0,0,0,0
S01009064,Born outside the UK: Resident 10 years or more,8,5,2,3,3,3,0
S01009065,All people in households,686,327,113,214,359,300,59
S01009065,Born in the UK,671,325,111,214,346,289,57
S01009065,Born outside the UK: Total,15,2,2,0,13,11,2
S01009065,Born outside the UK: Resident less than 2 years,3,0,0,0,3,1,2
S01009065,Born outside the UK: Resident 2 years or more and less than 5 years,7,0,0,0,7,7,0
S01009065,Born outside the UK: Resident 5 years or more and less than 10 years,1,0,0,0,1,1,0
S01009065,Born outside the UK: Resident 10 years or more,4,2,2,0,2,2,0
S01009066,All people in households,693,426,144,282,267,225,42
S01009066,Born in the UK,683,421,143,278,262,222,40
S01009066,Born outside the UK: Total,10,5,1,4,5,3,2
S01009066,Born outside the UK: Resident less than 2 years,1,1,0,1,0,0,0
S01009066,Born outside the UK: Resident 2 years or more and less than 5 years,1,0,0,0,1,0,1
S01009066,Born outside the UK: Resident 5 years or more and less than 10 years,2,0,0,0,2,1,1
S01009066,Born outside the UK: Resident 10 years or more,6,4,1,3,2,2,0
S01009067,All people in households,863,801,92,709,62,34,28
S01009067,Born in the UK,848,789,89,700,59,33,26
S01009067,Born outside the UK: Total,15,12,3,9,3,1,2
S01009067,Born outside the UK: Resident less than 2 years,0,0,0,0,0,0,0
S01009067,Born outside the UK: Resident 2 years or more and less than 5 years,0,0,0,0,0,0,0
S01009067,Born outside the UK: Resident 5 years or more and less than 10 years,4,2,2,0,2,0,2
S01009067,Born outside the UK: Resident 10 years or more,11,10,1,9,1,1,0
S01009068,All people in households,895,612,206,406,283,208,75
S01009068,Born in the UK,877,602,201,401,275,201,74
S01009068,Born outside the UK: Total,18,10,5,5,8,7,1
S01009068,Born outside the UK: Resident less than 2 years,1,0,0,0,1,1,0
S01009068,Born outside the UK: Resident 2 years or more and less than 5 years,5,1,0,1,4,4,0
S01009068,Born outside the UK: Resident 5 years or more and less than 10 years,4,3,0,3,1,1,0
S01009068,Born outside the UK: Resident 10 years or more,8,6,5,1,2,1,1
S01009069,All people in households,631,618,196,422,13,7,6
S01009069,Born in the UK,618,605,187,418,13,7,6
S01009069,Born outside the UK: Total,13,13,9,4,0,0,0
S01009069,Born outside the UK: Resident less than 2 years,1,1,1,0,0,0,0
S01009069,Born outside the UK: Resident 2 years or more and less than 5 years,0,0,0,0,0,0,0
S01009069,Born outside the UK: Resident 5 years or more and less than 10 years,4,4,1,3,0,0,0
S01009069,Born outside the UK: Resident 10 years or more,8,8,7,1,0,0,0
S01009070,All people in households,627,545,184,361,82,39,43
S01009070,Born in the UK,605,534,183,351,71,38,33
S01009070,Born outside the UK: Total,22,11,1,10,11,1,10
S01009070,Born outside the UK: Resident less than 2 years,3,0,0,0,3,1,2
S01009070,Born outside the UK: Resident 2 years or more and less than 5 years,8,0,0,0,8,0,8
S01009070,Born outside the UK: Resident 5 years or more and less than 10 years,1,1,0,1,0,0,0
S01009070,Born outside the UK: Resident 10 years or more,10,10,1,9,0,0,0
S01009071,All people in households,508,374,140,234,134,124,10
S01009071,Born in the UK,498,367,136,231,131,123,8
S01009071,Born outside the UK: Total,10,7,4,3,3,1,2
S01009071,Born outside the UK: Resident less than 2 years,0,0,0,0,0,0,0
S01009071,Born outside the UK: Resident 2 years or more and less than 5 years,0,0,0,0,0,0,0
S01009071,Born outside the UK: Resident 5 years or more and less than 10 years,0,0,0,0,0,0,0
S01009071,Born outside the UK: Resident 10 years or more,10,7,4,3,3,1,2
S01009072,All people in households,528,415,127,288,113,68,45
S01009072,Born in the UK,505,397,123,274,108,68,40
S01009072,Born outside the UK: Total,23,18,4,14,5,0,5
S01009072,Born outside the UK: Resident less than 2 years,5,1,0,1,4,0,4
S01009072,Born outside the UK: Resident 2 years or more and less than 5 years,1,1,0,1,0,0,0
S01009072,Born outside the UK: Resident 5 years or more and less than 10 years,11,10,3,7,1,0,1
S01009072,Born outside the UK: Resident 10 years or more,6,6,1,5,0,0,0
S01009073,All people in households,585,280,83,197,305,296,9
S01009073,Born in the UK,575,273,81,192,302,293,9
S01009073,Born outside the UK: Total,10,7,2,5,3,3,0
S01009073,Born outside the UK: Resident less than 2 years,1,0,0,0,1,1,0
S01009073,Born outside the UK: Resident 2 years or more and less than 5 years,0,0,0,0,0,0,0
S01009073,Born outside the UK: Resident 5 years or more and less than 10 years,3,2,0,2,1,1,0
S01009073,Born outside the UK: Resident 10 years or more,6,5,2,3,1,1,0
S01009074,All people in households,721,328,125,203,393,359,34
S01009074,Born in the UK,706,321,124,197,385,354,31
S01009074,Born outside the UK: Total,15,7,1,6,8,5,3
S01009074,Born outside the UK: Resident less than 2 years,0,0,0,0,0,0,0
S01009074,Born outside the UK: Resident 2 years or more and less than 5 years,0,0,0,0,0,0,0
S01009074,Born outside the UK: Resident 5 years or more and less than 10 years,1,1,0,1,0,0,0
S01009074,Born outside the UK: Resident 10 years or more,14,6,1,5,8,5,3
S01009075,All people in households,536,348,145,203,188,160,28
S01009075,Born in the UK,529,344,144,200,185,157,28
S01009075,Born outside the UK: Total,7,4,1,3,3,3,0
S01009075,Born outside the UK: Resident less than 2 years,2,0,0,0,2,2,0
S01009075,Born outside the UK: Resident 2 years or more and less than 5 years,1,0,0,0,1,1,0
S01009075,Born outside the UK: Resident 5 years or more and less than 10 years,1,1,0,1,0,0,0
S01009075,Born outside the UK: Resident 10 years or more,3,3,1,2,0,0,0
S01009076,All people in households,918,836,221,615,82,25,57
S01009076,Born in the UK,881,811,219,592,70,22,48
S01009076,Born outside the UK: Total,37,25,2,23,12,3,9
S01009076,Born outside the UK: Resident less than 2 years,7,0,0,0,7,3,4
S01009076,Born outside the UK: Resident 2 years or more and less than 5 years,5,2,0,2,3,0,3
S01009076,Born outside the UK: Resident 5 years or more and less than 10 years,7,7,0,7,0,0,0
S01009076,Born outside the UK: Resident 10 years or more,18,16,2,14,2,0,2
S01009077,All people in households,626,460,196,264,166,136,30
S01009077,Born in the UK,608,446,189,257,162,135,27
S01009077,Born outside the UK: Total,18,14,7,7,4,1,3
S01009077,Born outside the UK: Resident less than 2 years,0,0,0,0,0,0,0
S01009077,Born outside the UK: Resident 2 years or more and less than 5 years,2,1,0,1,1,0,1
S01009077,Born outside the UK: Resident 5 years or more and less than 10 years,1,0,0,0,1,0,1
S01009077,Born outside the UK: Resident 10 years or more,15,13,7,6,2,1,1
S01009078,All people in households,821,753,76,677,68,35,33
S01009078,Born in the UK,801,739,73,666,62,34,28
S01009078,Born outside the UK: Total,20,14,3,11,6,1,5
S01009078,Born outside the UK: Resident less than 2 years,1,1,0,1,0,0,0
S01009078,Born outside the UK: Resident 2 years or more and less than 5 years,6,2,2,0,4,0,4
S01009078,Born outside the UK: Resident 5 years or more and less than 10 years,2,1,0,1,1,1,0
S01009078,Born outside the UK: Resident 10 years or more,11,10,1,9,1,0,1
S01009079,All people in households,837,416,136,280,421,373,48
S01009079,Born in the UK,816,404,134,270,412,370,42
S01009079,Born outside the UK: Total,21,12,2,10,9,3,6
S01009079,Born outside the UK: Resident less than 2 years,0,0,0,0,0,0,0
S01009079,Born outside the UK: Resident 2 years or more and less than 5 years,3,1,0,1,2,0,2
S01009079,Born outside the UK: Resident 5 years or more and less than 10 years,5,1,0,1,4,0,4
S01009079,Born outside the UK: Resident 10 years or more,13,10,2,8,3,3,0
S01009080,All people in households,934,559,231,328,375,336,39
S01009080,Born in the UK,921,548,228,320,373,334,39
S01009080,Born outside the UK: Total,13,11,3,8,2,2,0
S01009080,Born outside the UK: Resident less than 2 years,0,0,0,0,0,0,0
S01009080,Born outside the UK: Resident 2 years or more and less than 5 years,0,0,0,0,0,0,0
S01009080,Born outside the UK: Resident 5 years or more and less than 10 years,0,0,0,0,0,0,0
S01009080,Born outside the UK: Resident 10 years or more,13,11,3,8,2,2,0
S01009081,All people in households,654,522,178,344,132,118,14
S01009081,Born in the UK,645,515,175,340,130,117,13
S01009081,Born outside the UK: Total,9,7,3,4,2,1,1
S01009081,Born outside the UK: Resident less than 2 years,0,0,0,0,0,0,0
S01009081,Born outside the UK: Resident 2 years or more and less than 5 years,1,1,1,0,0,0,0
S01009081,Born outside the UK: Resident 5 years or more and less than 10 years,3,1,0,1,2,1,1
S01009081,Born outside the UK: Resident 10 years or more,5,5,2,3,0,0,0
S01009082,All people in households,974,578,143,435,396,355,41
S01009082,Born in the UK,955,567,142,425,388,352,36
S01009082,Born outside the UK: Total,19,11,1,10,8,3,5
S01009082,Born outside the UK: Resident less than 2 years,2,0,0,0,2,0,2
S01009082,Born outside the UK: Resident 2 years or more and less than 5 years,1,1,0,1,0,0,0
S01009082,Born outside the UK: Resident 5 years or more and less than 10 years,1,1,0,1,0,0,0
S01009082,Born outside the UK: Resident 10 years or more,15,9,1,8,6,3,3
S01009083,All people in households,774,489,151,338,285,220,65
S01009083,Born in the UK,749,472,146,326,277,216,61
S01009083,Born outside the UK: Total,25,17,5,12,8,4,4
S01009083,Born outside the UK: Resident less than 2 years,0,0,0,0,0,0,0
S01009083,Born outside the UK: Resident 2 years or more and less than 5 years,2,2,0,2,0,0,0
S01009083,Born outside the UK: Resident 5 years or more and less than 10 years,8,3,0,3,5,1,4
S01009083,Born outside the UK: Resident 10 years or more,15,12,5,7,3,3,0
S01009084,All people in households,490,362,92,270,128,84,44
S01009084,Born in the UK,479,355,91,264,124,83,41
S01009084,Born outside the UK: Total,11,7,1,6,4,1,3
S01009084,Born outside the UK: Resident less than 2 years,0,0,0,0,0,0,0
S01009084,Born outside the UK: Resident 2 years or more and less than 5 years,1,1,1,0,0,0,0
S01009084,Born outside the UK: Resident 5 years or more and less than 10 years,4,2,0,2,2,0,2
S01009084,Born outside the UK: Resident 10 years or more,6,4,0,4,2,1,1
S01009085,All people in households,834,756,77,679,78,24,54
S01009085,Born in the UK,808,740,73,667,68,23,45
S01009085,Born outside the UK: Total,26,16,4,12,10,1,9
S01009085,Born outside the UK: Resident less than 2 years,1,1,1,0,0,0,0
S01009085,Born outside the UK: Resident 2 years or more and less than 5 years,3,0,0,0,3,1,2
S01009085,Born outside the UK: Resident 5 years or more and less than 10 years,3,0,0,0,3,0,3
S01009085,Born outside the UK: Resident 10 years or more,19,15,3,12,4,0,4
S01009086,All people in households,715,494,109,385,221,192,29
S01009086,Born in the UK,702,487,108,379,215,190,25
S01009086,Born outside the UK: Total,13,7,1,6,6,2,4
S01009086,Born outside the UK: Resident less than 2 years,1,0,0,0,1,0,1
S01009086,Born outside the UK: Resident 2 years or more and less than 5 years,3,1,0,1,2,0,2
S01009086,Born outside the UK: Resident 5 years or more and less than 10 years,1,0,0,0,1,0,1
S01009086,Born outside the UK: Resident 10 years or more,8,6,1,5,2,2,0
S01009087,All people in households,571,297,94,203,274,248,26
S01009087,Born in the UK,554,290,91,199,264,241,23
S01009087,Born outside the UK: Total,17,7,3,4,10,7,3
S01009087,Born outside the UK: Resident less than 2 years,1,0,0,0,1,0,1
S01009087,Born outside the UK: Resident 2 years or more and less than 5 years,4,2,1,1,2,1,1
S01009087,Born outside the UK: Resident 5 years or more and less than 10 years,2,1,0,1,1,0,1
S01009087,Born outside the UK: Resident 10 years or more,10,4,2,2,6,6,0
S01009088,All people in households,1012,856,304,552,156,88,68
S01009088,Born in the UK,979,840,298,542,139,83,56
S01009088,Born outside the UK: Total,33,16,6,10,17,5,12
S01009088,Born outside the UK: Resident less than 2 years,5,0,0,0,5,0,5
S01009088,Born outside the UK: Resident 2 years or more and less than 5 years,6,1,0,1,5,1,4
S01009088,Born outside the UK: Resident 5 years or more and less than 10 years,1,1,0,1,0,0,0
S01009088,Born outside the UK: Resident 10 years or more,21,14,6,8,7,4,3
S01009089,All people in households,977,916,166,750,61,7,54
S01009089,Born in the UK,917,862,152,710,55,7,48
S01009089,Born outside the UK: Total,60,54,14,40,6,0,6
S01009089,Born outside the UK: Resident less than 2 years,6,0,0,0,6,0,6
S01009089,Born outside the UK: Resident 2 years or more and less than 5 years,3,3,0,3,0,0,0
S01009089,Born outside the UK: Resident 5 years or more and less than 10 years,10,10,0,10,0,0,0
S01009089,Born outside the UK: Resident 10 years or more,41,41,14,27,0,0,0
S01009090,All people in households,764,644,79,565,120,12,108
S01009090,Born in the UK,737,624,74,550,113,10,103
S01009090,Born outside the UK: Total,27,20,5,15,7,2,5
S01009090,Born outside the UK: Resident less than 2 years,2,0,0,0,2,0,2
S01009090,Born outside the UK: Resident 2 years or more and less than 5 years,3,2,0,2,1,1,0
S01009090,Born outside the UK: Resident 5 years or more and less than 10 years,9,6,0,6,3,0,3
S01009090,Born outside the UK: Resident 10 years or more,13,12,5,7,1,1,0
S01009091,All people in households,711,680,87,593,31,3,28
S01009091,Born in the UK,679,649,83,566,30,2,28
S01009091,Born outside the UK: Total,32,31,4,27,1,1,0
S01009091,Born outside the UK: Resident less than 2 years,2,2,0,2,0,0,0
S01009091,Born outside the UK: Resident 2 years or more and less than 5 years,5,5,1,4,0,0,0
S01009091,Born outside the UK: Resident 5 years or more and less than 10 years,8,8,2,6,0,0,0
S01009091,Born outside the UK: Resident 10 years or more,17,16,1,15,1,1,0
S01009092,All people in households,1047,760,284,476,287,198,89
S01009092,Born in the UK,1017,744,278,466,273,195,78
S01009092,Born outside the UK: Total,30,16,6,10,14,3,11
S01009092,Born outside the UK: Resident less than 2 years,1,0,0,0,1,1,0
S01009092,Born outside the UK: Resident 2 years or more and less than 5 years,6,4,0,4,2,0,2
S01009092,Born outside the UK: Resident 5 years or more and less than 10 years,11,3,0,3,8,0,8
S01009092,Born outside the UK: Resident 10 years or more,12,9,6,3,3,2,1
S01009093,All people in households,775,412,112,300,363,269,94
S01009093,Born in the UK,756,404,109,295,352,264,88
S01009093,Born outside the UK: Total,19,8,3,5,11,5,6
S01009093,Born outside the UK: Resident less than 2 years,1,0,0,0,1,0,1
S01009093,Born outside the UK: Resident 2 years or more and less than 5 years,2,0,0,0,2,0,2
S01009093,Born outside the UK: Resident 5 years or more and less than 10 years,4,2,0,2,2,0,2
S01009093,Born outside the UK: Resident 10 years or more,12,6,3,3,6,5,1
S01009094,All people in households,682,635,342,293,47,30,17
S01009094,Born in the UK,668,625,336,289,43,27,16
S01009094,Born outside the UK: Total,14,10,6,4,4,3,1
S01009094,Born outside the UK: Resident less than 2 years,1,1,1,0,0,0,0
S01009094,Born outside the UK: Resident 2 years or more and less than 5 years,3,1,1,0,2,1,1
S01009094,Born outside the UK: Resident 5 years or more and less than 10 years,0,0,0,0,0,0,0
S01009094,Born outside the UK: Resident 10 years or more,10,8,4,4,2,2,0
S01009095,All people in households,763,557,198,359,206,131,75
S01009095,Born in the UK,739,541,193,348,198,129,69
S01009095,Born outside the UK: Total,24,16,5,11,8,2,6
S01009095,Born outside the UK: Resident less than 2 years,1,0,0,0,1,0,1
S01009095,Born outside the UK: Resident 2 years or more and less than 5 years,2,0,0,0,2,0,2
S01009095,Born outside the UK: Resident 5 years or more and less than 10 years,5,5,0,5,0,0,0
S01009095,Born outside the UK: Resident 10 years or more,16,11,5,6,5,2,3
S01009096,All people in households,942,730,125,605,212,119,93
S01009096,Born in the UK,910,709,122,587,201,117,84
S01009096,Born outside the UK: Total,32,21,3,18,11,2,9
S01009096,Born outside the UK: Resident less than 2 years,8,2,0,2,6,0,6
S01009096,Born outside the UK: Resident 2 years or more and less than 5 years,3,0,0,0,3,1,2
S01009096,Born outside the UK: Resident 5 years or more and less than 10 years,1,1,0,1,0,0,0
S01009096,Born outside the UK: Resident 10 years or more,20,18,3,15,2,1,1
S01009097,All people in households,900,830,193,637,70,19,51
S01009097,Born in the UK,885,815,191,624,70,19,51
S01009097,Born outside the UK: Total,15,15,2,13,0,0,0
S01009097,Born outside the UK: Resident less than 2 years,2,2,1,1,0,0,0
S01009097,Born outside the UK: Resident 2 years or more and less than 5 years,1,1,0,1,0,0,0
S01009097,Born outside the UK: Resident 5 years or more and less than 10 years,3,3,0,3,0,0,0
S01009097,Born outside the UK: Resident 10 years or more,9,9,1,8,0,0,0
S01009098,All people in households,509,469,187,282,40,15,25
S01009098,Born in the UK,493,461,184,277,32,13,19
S01009098,Born outside the UK: Total,16,8,3,5,8,2,6
S01009098,Born outside the UK: Resident less than 2 years,0,0,0,0,0,0,0
S01009098,Born outside the UK: Resident 2 years or more and less than 5 years,0,0,0,0,0,0,0
S01009098,Born outside the UK: Resident 5 years or more and less than 10 years,6,0,0,0,6,0,6
S01009098,Born outside the UK: Resident 10 years or more,10,8,3,5,2,2,0
S01009099,All people in households,755,520,170,350,235,149,86
S01009099,Born in the UK,740,507,165,342,233,147,86
S01009099,Born outside the UK: Total,15,13,5,8,2,2,0
S01009099,Born outside the UK: Resident less than 2 years,0,0,0,0,0,0,0
S01009099,Born outside the UK: Resident 2 years or more and less than 5 years,0,0,0,0,0,0,0
S01009099,Born outside the UK: Resident 5 years or more and less than 10 years,4,3,1,2,1,1,0
S01009099,Born outside the UK: Resident 10 years or more,11,10,4,6,1,1,0
S01009100,All people in households,745,332,107,225,413,340,73
S01009100,Born in the UK,729,325,105,220,404,333,71
S01009100,Born outside the UK: Total,16,7,2,5,9,7,2
S01009100,Born outside the UK: Resident less than 2 years,0,0,0,0,0,0,0
S01009100,Born outside the UK: Resident 2 years or more and less than 5 years,2,0,0,0,2,0,2
S01009100,Born outside the UK: Resident 5 years or more and less than 10 years,0,0,0,0,0,0,0
S01009100,Born outside the UK: Resident 10 years or more,14,7,2,5,7,7,0
S01009101,All people in households,935,479,147,332,456,435,21
S01009101,Born in the UK,916,471,144,327,445,427,18
S01009101,Born outside the UK: Total,19,8,3,5,11,8,3
S01009101,Born outside the UK: Resident less than 2 years,1,0,0,0,1,0,1
S01009101,Born outside the UK: Resident 2 years or more and less than 5 years,6,0,0,0,6,4,2
S01009101,Born outside the UK: Resident 5 years or more and less than 10 years,2,2,1,1,0,0,0
S01009101,Born outside the UK: Resident 10 years or more,10,6,2,4,4,4,0
S01009102,All people in households,819,270,67,203,549,536,13
S01009102,Born in the UK,802,256,66,190,546,533,13
S01009102,Born outside the UK: Total,17,14,1,13,3,3,0
S01009102,Born outside the UK: Resident less than 2 years,0,0,0,0,0,0,0
S01009102,Born outside the UK: Resident 2 years or more and less than 5 years,1,1,0,1,0,0,0
S01009102,Born outside the UK: Resident 5 years or more and less than 10 years,2,2,0,2,0,0,0
S01009102,Born outside the UK: Resident 10 years or more,14,11,1,10,3,3,0
S01009103,All people in households,570,517,222,295,53,43,10
S01009103,Born in the UK,562,509,221,288,53,43,10
S01009103,Born outside the UK: Total,8,8,1,7,0,0,0
S01009103,Born outside the UK: Resident less than 2 years,0,0,0,0,0,0,0
S01009103,Born outside the UK: Resident 2 years or more and less than 5 years,0,0,0,0,0,0,0
S01009103,Born outside the UK: Resident 5 years or more and less than 10 years,3,3,0,3,0,0,0
S01009103,Born outside the UK: Resident 10 years or more,5,5,1,4,0,0,0
S01009104,All people in households,775,486,180,306,289,234,55
S01009104,Born in the UK,757,476,177,299,281,232,49
S01009104,Born outside the UK: Total,18,10,3,7,8,2,6
S01009104,Born outside the UK: Resident less than 2 years,3,0,0,0,3,0,3
S01009104,Born outside the UK: Resident 2 years or more and less than 5 years,3,3,1,2,0,0,0
S01009104,Born outside the UK: Resident 5 years or more and less than 10 years,4,1,0,1,3,1,2
S01009104,Born outside the UK: Resident 10 years or more,8,6,2,4,2,1,1
S01009105,All people in households,796,591,174,417,205,142,63
S01009105,Born in the UK,770,573,168,405,197,141,56
S01009105,Born outside the UK: Total,26,18,6,12,8,1,7
S01009105,Born outside the UK: Resident less than 2 years,3,0,0,0,3,0,3
S01009105,Born outside the UK: Resident 2 years or more and less than 5 years,5,2,1,1,3,0,3
S01009105,Born outside the UK: Resident 5 years or more and less than 10 years,2,2,0,2,0,0,0
S01009105,Born outside the UK: Resident 10 years or more,16,14,5,9,2,1,1
S01009106,All people in households,551,384,116,268,167,100,67
S01009106,Born in the UK,536,375,115,260,161,100,61
S01009106,Born outside the UK: Total,15,9,1,8,6,0,6
S01009106,Born outside the UK: Resident less than 2 years,1,1,0,1,0,0,0
S01009106,Born outside the UK: Resident 2 years or more and less than 5 years,4,1,0,1,3,0,3
S01009106,Born outside the UK: Resident 5 years or more and less than 10 years,1,1,0,1,0,0,0
S01009106,Born outside the UK: Resident 10 years or more,9,6,1,5,3,0,3
S01009107,All people in households,845,700,195,505,145,88,57
S01009107,Born in the UK,815,680,192,488,135,86,49
S01009107,Born outside the UK: Total,30,20,3,17,10,2,8
S01009107,Born outside the UK: Resident less than 2 years,2,2,1,1,0,0,0
S01009107,Born outside the UK: Resident 2 years or more and less than 5 years,7,1,0,1,6,0,6
S01009107,Born outside the UK: Resident 5 years or more and less than 10 years,3,3,0,3,0,0,0
S01009107,Born outside the UK: Resident 10 years or more,18,14,2,12,4,2,2
S01009108,All people in households,714,661,285,376,53,16,37
S01009108,Born in the UK,699,646,281,365,53,16,37
S01009108,Born outside the UK: Total,15,15,4,11,0,0,0
S01009108,Born outside the UK: Resident less than 2 years,0,0,0,0,0,0,0
S01009108,Born outside the UK: Resident 2 years or more and less than 5 years,2,2,0,2,0,0,0
S01009108,Born outside the UK: Resident 5 years or more and less than 10 years,0,0,0,0,0,0,0
S01009108,Born outside the UK: Resident 10 years or more,13,13,4,9,0,0,0
S01009109,All people in households,670,636,238,398,34,11,23
S01009109,Born in the UK,662,628,233,395,34,11,23
S01009109,Born outside the UK: Total,8,8,5,3,0,0,0
S01009109,Born outside the UK: Resident less than 2 years,0,0,0,0,0,0,0
S01009109,Born outside the UK: Resident 2 years or more and less than 5 years,0,0,0,0,0,0,0
S01009109,Born outside the UK: Resident 5 years or more and less than 10 years,2,2,2,0,0,0,0
S01009109,Born outside the UK: Resident 10 years or more,6,6,3,3,0,0,0
S01009110,All people in households,607,463,137,326,144,131,13
S01009110,Born in the UK,595,452,135,317,143,130,13
S01009110,Born outside the UK: Total,12,11,2,9,1,1,0
S01009110,Born outside the UK: Resident less than 2 years,0,0,0,0,0,0,0
S01009110,Born outside the UK: Resident 2 years or more and less than 5 years,0,0,0,0,0,0,0
S01009110,Born outside the UK: Resident 5 years or more and less than 10 years,4,4,1,3,0,0,0
S01009110,Born outside the UK: Resident 10 years or more,8,7,1,6,1,1,0
S01009111,All people in households,848,718,203,515,130,50,80
S01009111,Born in the UK,827,698,197,501,129,49,80
S01009111,Born outside the UK: Total,21,20,6,14,1,1,0
S01009111,Born outside the UK: Resident less than 2 years,2,2,0,2,0,0,0
S01009111,Born outside the UK: Resident 2 years or more and less than 5 years,0,0,0,0,0,0,0
S01009111,Born outside the UK: Resident 5 years or more and less than 10 years,1,1,1,0,0,0,0
S01009111,Born outside the UK: Resident 10 years or more,18,17,5,12,1,1,0
S01009112,All people in households,560,532,236,296,28,7,21
S01009112,Born in the UK,550,523,230,293,27,7,20
S01009112,Born outside the UK: Total,10,9,6,3,1,0,1
S01009112,Born outside the UK: Resident less than 2 years,0,0,0,0,0,0,0
S01009112,Born outside the UK: Resident 2 years or more and less than 5 years,1,0,0,0,1,0,1
S01009112,Born outside the UK: Resident 5 years or more and less than 10 years,0,0,0,0,0,0,0
S01009112,Born outside the UK: Resident 10 years or more,9,9,6,3,0,0,0
S01009113,All people in households,852,805,272,533,47,8,39
S01009113,Born in the UK,828,783,264,519,45,8,37
S01009113,Born outside the UK: Total,24,22,8,14,2,0,2
S01009113,Born outside the UK: Resident less than 2 years,1,1,1,0,0,0,0
S01009113,Born outside the UK: Resident 2 years or more and less than 5 years,4,2,1,1,2,0,2
S01009113,Born outside the UK: Resident 5 years or more and less than 10 years,4,4,0,4,0,0,0
S01009113,Born outside the UK: Resident 10 years or more,15,15,6,9,0,0,0
S01009114,All people in households,786,632,125,507,154,131,23
S01009114,Born in the UK,745,601,114,487,144,126,18
S01009114,Born outside the UK: Total,41,31,11,20,10,5,5
S01009114,Born outside the UK: Resident less than 2 years,4,4,1,3,0,0,0
S01009114,Born outside the UK: Resident 2 years or more and less than 5 years,4,4,1,3,0,0,0
S01009114,Born outside the UK: Resident 5 years or more and less than 10 years,10,8,0,8,2,2,0
S01009114,Born outside the UK: Resident 10 years or more,23,15,9,6,8,3,5
S01009115,All people in households,582,441,109,332,141,95,46
S01009115,Born in the UK,566,431,103,328,135,92,43
S01009115,Born outside the UK: Total,16,10,6,4,6,3,3
S01009115,Born outside the UK: Resident less than 2 years,1,0,0,0,1,0,1
S01009115,Born outside the UK: Resident 2 years or more and less than 5 years,3,2,0,2,1,1,0
S01009115,Born outside the UK: Resident 5 years or more and less than 10 years,4,4,4,0,0,0,0
S01009115,Born outside the UK: Resident 10 years or more,8,4,2,2,4,2,2
S01009116,All people in households,464,445,184,261,19,3,16
S01009116,Born in the UK,453,436,182,254,17,2,15
S01009116,Born outside the UK: Total,11,9,2,7,2,1,1
S01009116,Born outside the UK: Resident less than 2 years,0,0,0,0,0,0,0
S01009116,Born outside the UK: Resident 2 years or more and less than 5 years,0,0,0,0,0,0,0
S01009116,Born outside the UK: Resident 5 years or more and less than 10 years,0,0,0,0,0,0,0
S01009116,Born outside the UK: Resident 10 years or more,11,9,2,7,2,1,1
S01009117,All people in households,857,613,109,504,244,179,65
S01009117,Born in the UK,835,595,107,488,240,178,62
S01009117,Born outside the UK: Total,22,18,2,16,4,1,3
S01009117,Born outside the UK: Resident less than 2 years,0,0,0,0,0,0,0
S01009117,Born outside the UK: Resident 2 years or more and less than 5 years,5,4,0,4,1,0,1
S01009117,Born outside the UK: Resident 5 years or more and less than 10 years,2,2,0,2,0,0,0
S01009117,Born outside the UK: Resident 10 years or more,15,12,2,10,3,1,2
S01009118,All people in households,632,587,105,482,45,31,14
S01009118,Born in the UK,608,567,100,467,41,28,13
S01009118,Born outside the UK: Total,24,20,5,15,4,3,1
S01009118,Born outside the UK: Resident less than 2 years,0,0,0,0,0,0,0
S01009118,Born outside the UK: Resident 2 years or more and less than 5 years,0,0,0,0,0,0,0
S01009118,Born outside the UK: Resident 5 years or more and less than 10 years,3,1,0,1,2,2,0
S01009118,Born outside the UK: Resident 10 years or more,21,19,5,14,2,1,1
S01009119,All people in households,752,403,148,255,349,314,35
S01009119,Born in the UK,726,390,147,243,336,311,25
S01009119,Born outside the UK: Total,26,13,1,12,13,3,10
S01009119,Born outside the UK: Resident less than 2 years,6,1,0,1,5,0,5
S01009119,Born outside the UK: Resident 2 years or more and less than 5 years,3,2,0,2,1,0,1
S01009119,Born outside the UK: Resident 5 years or more and less than 10 years,2,0,0,0,2,2,0
S01009119,Born outside the UK: Resident 10 years or more,15,10,1,9,5,1,4
S01009120,All people in households,530,335,109,226,195,166,29
S01009120,Born in the UK,519,326,107,219,193,166,27
S01009120,Born outside the UK: Total,11,9,2,7,2,0,2
S01009120,Born outside the UK: Resident less than 2 years,0,0,0,0,0,0,0
S01009120,Born outside the UK: Resident 2 years or more and less than 5 years,2,0,0,0,2,0,2
S01009120,Born outside the UK: Resident 5 years or more and less than 10 years,2,2,1,1,0,0,0
S01009120,Born outside the UK: Resident 10 years or more,7,7,1,6,0,0,0
S01009121,All people in households,811,590,216,374,221,169,52
S01009121,Born in the UK,795,580,211,369,215,166,49
S01009121,Born outside the UK: Total,16,10,5,5,6,3,3
S01009121,Born outside the UK: Resident less than 2 years,1,1,1,0,0,0,0
S01009121,Born outside the UK: Resident 2 years or more and less than 5 years,2,2,0,2,0,0,0
S01009121,Born outside the UK: Resident 5 years or more and less than 10 years,1,0,0,0,1,1,0
S01009121,Born outside the UK: Resident 10 years or more,12,7,4,3,5,2,3
S01009122,All people in households,919,621,240,381,298,208,90
S01009122,Born in the UK,903,610,236,374,293,203,90
S01009122,Born outside the UK: Total,16,11,4,7,5,5,0
S01009122,Born outside the UK: Resident less than 2 years,0,0,0,0,0,0,0
S01009122,Born outside the UK: Resident 2 years or more and less than 5 years,0,0,0,0,0,0,0
S01009122,Born outside the UK: Resident 5 years or more and less than 10 years,1,1,0,1,0,0,0
S01009122,Born outside the UK: Resident 10 years or more,15,10,4,6,5,5,0
S01009123,All people in households,574,485,102,383,89,63,26
S01009123,Born in the UK,558,473,100,373,85,62,23
S01009123,Born outside the UK: Total,16,12,2,10,4,1,3
S01009123,Born outside the UK: Resident less than 2 years,1,1,1,0,0,0,0
S01009123,Born outside the UK: Resident 2 years or more and less than 5 years,1,1,0,1,0,0,0
S01009123,Born outside the UK: Resident 5 years or more and less than 10 years,2,1,0,1,1,0,1
S01009123,Born outside the UK: Resident 10 years or more,12,9,1,8,3,1,2
S01009124,All people in households,584,415,46,369,169,126,43
S01009124,Born in the UK,568,404,45,359,164,124,40
S01009124,Born outside the UK: Total,16,11,1,10,5,2,3
S01009124,Born outside the UK: Resident less than 2 years,3,0,0,0,3,0,3
S01009124,Born outside the UK: Resident 2 years or more and less than 5 years,0,0,0,0,0,0,0
S01009124,Born outside the UK: Resident 5 years or more and less than 10 years,5,3,0,3,2,2,0
S01009124,Born outside the UK: Resident 10 years or more,8,8,1,7,0,0,0
S01009125,All people in households,659,458,168,290,201,173,28
S01009125,Born in the UK,642,450,167,283,192,165,27
S01009125,Born outside the UK: Total,17,8,1,7,9,8,1
S01009125,Born outside the UK: Resident less than 2 years,0,0,0,0,0,0,0
S01009125,Born outside the UK: Resident 2 years or more and less than 5 years,4,3,0,3,1,1,0
S01009125,Born outside the UK: Resident 5 years or more and less than 10 years,5,2,0,2,3,3,0
S01009125,Born outside the UK: Resident 10 years or more,8,3,1,2,5,4,1
S01009126,All people in households,579,174,47,127,405,373,32
S01009126,Born in the UK,549,172,47,125,377,350,27
S01009126,Born outside the UK: Total,30,2,0,2,28,23,5
S01009126,Born outside the UK: Resident less than 2 years,5,0,0,0,5,5,0
S01009126,Born outside the UK: Resident 2 years or more and less than 5 years,8,1,0,1,7,6,1
S01009126,Born outside the UK: Resident 5 years or more and less than 10 years,11,0,0,0,11,8,3
S01009126,Born outside the UK: Resident 10 years or more,6,1,0,1,5,4,1
S01009127,All people in households,626,191,55,136,435,426,9
S01009127,Born in the UK,575,177,53,124,398,394,4
S01009127,Born outside the UK: Total,51,14,2,12,37,32,5
S01009127,Born outside the UK: Resident less than 2 years,0,0,0,0,0,0,0
S01009127,Born outside the UK: Resident 2 years or more and less than 5 years,25,4,1,3,21,21,0
S01009127,Born outside the UK: Resident 5 years or more and less than 10 years,17,5,0,5,12,7,5
S01009127,Born outside the UK: Resident 10 years or more,9,5,1,4,4,4,0
S01009128,All people in households,806,268,85,183,538,451,87
S01009128,Born in the UK,767,253,82,171,514,439,75
S01009128,Born outside the UK: Total,39,15,3,12,24,12,12
S01009128,Born outside the UK: Resident less than 2 years,5,0,0,0,5,0,5
S01009128,Born outside the UK: Resident 2 years or more and less than 5 years,7,1,0,1,6,0,6
S01009128,Born outside the UK: Resident 5 years or more and less than 10 years,8,3,0,3,5,5,0
S01009128,Born outside the UK: Resident 10 years or more,19,11,3,8,8,7,1
S01009129,All people in households,486,198,62,136,288,263,25
S01009129,Born in the UK,472,189,60,129,283,259,24
S01009129,Born outside the UK: Total,14,9,2,7,5,4,1
S01009129,Born outside the UK: Resident less than 2 years,1,1,0,1,0,0,0
S01009129,Born outside the UK: Resident 2 years or more and less than 5 years,5,2,0,2,3,3,0
S01009129,Born outside the UK: Resident 5 years or more and less than 10 years,4,2,0,2,2,1,1
S01009129,Born outside the UK: Resident 10 years or more,4,4,2,2,0,0,0
S01009130,All people in households,661,433,71,362,228,207,21
S01009130,Born in the UK,616,404,62,342,212,192,20
S01009130,Born outside the UK: Total,45,29,9,20,16,15,1
S01009130,Born outside the UK: Resident less than 2 years,2,1,0,1,1,0,1
S01009130,Born outside the UK: Resident 2 years or more and less than 5 years,17,4,1,3,13,13,0
S01009130,Born outside the UK: Resident 5 years or more and less than 10 years,15,14,4,10,1,1,0
S01009130,Born outside the UK: Resident 10 years or more,11,10,4,6,1,1,0
S01009131,All people in households,482,282,128,154,200,135,65
S01009131,Born in the UK,459,271,127,144,188,134,54
S01009131,Born outside the UK: Total,23,11,1,10,12,1,11
S01009131,Born outside the UK: Resident less than 2 years,4,1,1,0,3,1,2
S01009131,Born outside the UK: Resident 2 years or more and less than 5 years,5,3,0,3,2,0,2
S01009131,Born outside the UK: Resident 5 years or more and less than 10 years,11,4,0,4,7,0,7
S01009131,Born outside the UK: Resident 10 years or more,3,3,0,3,0,0,0
S01009132,All people in households,822,679,156,523,143,50,93
S01009132,Born in the UK,778,652,144,508,126,44,82
S01009132,Born outside the UK: Total,44,27,12,15,17,6,11
S01009132,Born outside the UK: Resident less than 2 years,3,1,1,0,2,1,1
S01009132,Born outside the UK: Resident 2 years or more and less than 5 years,7,2,0,2,5,0,5
S01009132,Born outside the UK: Resident 5 years or more and less than 10 years,13,7,0,7,6,2,4
S01009132,Born outside the UK: Resident 10 years or more,21,17,11,6,4,3,1
S01009133,All people in households,567,279,90,189,288,215,73
S01009133,Born in the UK,516,261,85,176,255,211,44
S01009133,Born outside the UK: Total,51,18,5,13,33,4,29
S01009133,Born outside the UK: Resident less than 2 years,12,1,0,1,11,0,11
S01009133,Born outside the UK: Resident 2 years or more and less than 5 years,23,8,1,7,15,0,15
S01009133,Born outside the UK: Resident 5 years or more and less than 10 years,11,6,3,3,5,2,3
S01009133,Born outside the UK: Resident 10 years or more,5,3,1,2,2,2,0
S01009134,All people in households,920,693,258,435,227,151,76
S01009134,Born in the UK,873,674,253,421,199,137,62
S01009134,Born outside the UK: Total,47,19,5,14,28,14,14
S01009134,Born outside the UK: Resident less than 2 years,7,1,0,1,6,2,4
S01009134,Born outside the UK: Resident 2 years or more and less than 5 years,14,2,0,2,12,7,5
S01009134,Born outside the UK: Resident 5 years or more and less than 10 years,10,4,0,4,6,1,5
S01009134,Born outside the UK: Resident 10 years or more,16,12,5,7,4,4,0
S01009135,All people in households,565,431,63,368,134,20,114
S01009135,Born in the UK,529,422,62,360,107,20,87
S01009135,Born outside the UK: Total,36,9,1,8,27,0,27
S01009135,Born outside the UK: Resident less than 2 years,3,0,0,0,3,0,3
S01009135,Born outside the UK: Resident 2 years or more and less than 5 years,16,1,0,1,15,0,15
S01009135,Born outside the UK: Resident 5 years or more and less than 10 years,7,4,1,3,3,0,3
S01009135,Born outside the UK: Resident 10 years or more,10,4,0,4,6,0,6
S01009136,All people in households,691,536,64,472,155,22,133
S01009136,Born in the UK,631,512,61,451,119,17,102
S01009136,Born outside the UK: Total,60,24,3,21,36,5,31
S01009136,Born outside the UK: Resident less than 2 years,7,0,0,0,7,0,7
S01009136,Born outside the UK: Resident 2 years or more and less than 5 years,15,7,0,7,8,0,8
S01009136,Born outside the UK: Resident 5 years or more and less than 10 years,22,6,0,6,16,2,14
S01009136,Born outside the UK: Resident 10 years or more,16,11,3,8,5,3,2
S01009137,All people in households,616,577,64,513,39,15,24
S01009137,Born in the UK,595,557,57,500,38,14,24
S01009137,Born outside the UK: Total,21,20,7,13,1,1,0
S01009137,Born outside the UK: Resident less than 2 years,0,0,0,0,0,0,0
S01009137,Born outside the UK: Resident 2 years or more and less than 5 years,2,2,0,2,0,0,0
S01009137,Born outside the UK: Resident 5 years or more and less than 10 years,8,8,2,6,0,0,0
S01009137,Born outside the UK: Resident 10 years or more,11,10,5,5,1,1,0
S01009138,All people in households,861,713,237,476,148,21,127
S01009138,Born in the UK,775,678,230,448,97,20,77
S01009138,Born outside the UK: Total,86,35,7,28,51,1,50
S01009138,Born outside the UK: Resident less than 2 years,30,4,0,4,26,0,26
S01009138,Born outside the UK: Resident 2 years or more and less than 5 years,26,7,0,7,19,0,19
S01009138,Born outside the UK: Resident 5 years or more and less than 10 years,14,9,3,6,5,0,5
S01009138,Born outside the UK: Resident 10 years or more,16,15,4,11,1,1,0
S01009139,All people in households,406,141,47,94,265,186,79
S01009139,Born in the UK,371,132,45,87,239,173,66
S01009139,Born outside the UK: Total,35,9,2,7,26,13,13
S01009139,Born outside the UK: Resident less than 2 years,10,4,1,3,6,0,6
S01009139,Born outside the UK: Resident 2 years or more and less than 5 years,12,1,0,1,11,7,4
S01009139,Born outside the UK: Resident 5 years or more and less than 10 years,4,2,1,1,2,1,1
S01009139,Born outside the UK: Resident 10 years or more,9,2,0,2,7,5,2
S01009140,All people in households,700,374,120,254,326,237,89
S01009140,Born in the UK,635,363,114,249,272,215,57
S01009140,Born outside the UK: Total,65,11,6,5,54,22,32
S01009140,Born outside the UK: Resident less than 2 years,14,0,0,0,14,1,13
S01009140,Born outside the UK: Resident 2 years or more and less than 5 years,24,1,0,1,23,12,11
S01009140,Born outside the UK: Resident 5 years or more and less than 10 years,10,2,0,2,8,2,6
S01009140,Born outside the UK: Resident 10 years or more,17,8,6,2,9,7,2
S01009141,All people in households,780,306,64,242,474,364,110
S01009141,Born in the UK,733,289,60,229,444,357,87
S01009141,Born outside the UK: Total,47,17,4,13,30,7,23
S01009141,Born outside the UK: Resident less than 2 years,2,0,0,0,2,0,2
S01009141,Born outside the UK: Resident 2 years or more and less than 5 years,14,1,0,1,13,0,13
S01009141,Born outside the UK: Resident 5 years or more and less than 10 years,17,10,0,10,7,1,6
S01009141,Born outside the UK: Resident 10 years or more,14,6,4,2,8,6,2
S01009142,All people in households,600,344,152,192,256,106,150
S01009142,Born in the UK,535,321,140,181,214,102,112
S01009142,Born outside the UK: Total,65,23,12,11,42,4,38
S01009142,Born outside the UK: Resident less than 2 years,14,1,0,1,13,0,13
S01009142,Born outside the UK: Resident 2 years or more and less than 5 years,22,2,0,2,20,2,18
S01009142,Born outside the UK: Resident 5 years or more and less than 10 years,9,4,0,4,5,0,5
S01009142,Born outside the UK: Resident 10 years or more,20,16,12,4,4,2,2
S01009143,All people in households,600,255,63,192,345,292,53
S01009143,Born in the UK,579,245,59,186,334,288,46
S01009143,Born outside the UK: Total,21,10,4,6,11,4,7
S01009143,Born outside the UK: Resident less than 2 years,3,0,0,0,3,0,3
S01009143,Born outside the UK: Resident 2 years or more and less than 5 years,4,0,0,0,4,1,3
S01009143,Born outside the UK: Resident 5 years or more and less than 10 years,1,1,0,1,0,0,0
S01009143,Born outside the UK: Resident 10 years or more,13,9,4,5,4,3,1
S01009144,All people in households,668,500,74,426,168,11,157
S01009144,Born in the UK,597,470,68,402,127,11,116
S01009144,Born outside the UK: Total,71,30,6,24,41,0,41
S01009144,Born outside the UK: Resident less than 2 years,22,1,0,1,21,0,21
S01009144,Born outside the UK: Resident 2 years or more and less than 5 years,15,2,0,2,13,0,13
S01009144,Born outside the UK: Resident 5 years or more and less than 10 years,29,24,5,19,5,0,5
S01009144,Born outside the UK: Resident 10 years or more,5,3,1,2,2,0,2
S01009145,All people in households,1056,727,269,458,329,268,61
S01009145,Born in the UK,1006,710,262,448,296,255,41
S01009145,Born outside the UK: Total,50,17,7,10,33,13,20
S01009145,Born outside the UK: Resident less than 2 years,6,0,0,0,6,0,6
S01009145,Born outside the UK: Resident 2 years or more and less than 5 years,14,1,0,1,13,4,9
S01009145,Born outside the UK: Resident 5 years or more and less than 10 years,9,4,0,4,5,4,1
S01009145,Born outside the UK: Resident 10 years or more,21,12,7,5,9,5,4
S01009146,All people in households,904,445,143,302,459,261,198
S01009146,Born in the UK,837,421,142,279,416,258,158
S01009146,Born outside the UK: Total,67,24,1,23,43,3,40
S01009146,Born outside the UK: Resident less than 2 years,21,2,0,2,19,1,18
S01009146,Born outside the UK: Resident 2 years or more and less than 5 years,9,2,0,2,7,0,7
S01009146,Born outside the UK: Resident 5 years or more and less than 10 years,23,10,0,10,13,1,12
S01009146,Born outside the UK: Resident 10 years or more,14,10,1,9,4,1,3
S01009147,All people in households,832,393,155,238,439,380,59
S01009147,Born in the UK,793,378,152,226,415,362,53
S01009147,Born outside the UK: Total,39,15,3,12,24,18,6
S01009147,Born outside the UK: Resident less than 2 years,7,1,0,1,6,3,3
S01009147,Born outside the UK: Resident 2 years or more and less than 5 years,10,1,0,1,9,9,0
S01009147,Born outside the UK: Resident 5 years or more and less than 10 years,8,5,0,5,3,1,2
S01009147,Born outside the UK: Resident 10 years or more,14,8,3,5,6,5,1
S01009148,All people in households,694,388,144,244,306,289,17
S01009148,Born in the UK,670,372,144,228,298,282,16
S01009148,Born outside the UK: Total,24,16,0,16,8,7,1
S01009148,Born outside the UK: Resident less than 2 years,4,0,0,0,4,4,0
S01009148,Born outside the UK: Resident 2 years or more and less than 5 years,10,9,0,9,1,1,0
S01009148,Born outside the UK: Resident 5 years or more and less than 10 years,5,4,0,4,1,1,0
S01009148,Born outside the UK: Resident 10 years or more,5,3,0,3,2,1,1
S01009149,All people in households,799,588,240,348,211,71,140
S01009149,Born in the UK,752,570,230,340,182,68,114
S01009149,Born outside the UK: Total,47,18,10,8,29,3,26
S01009149,Born outside the UK: Resident less than 2 years,7,0,0,0,7,0,7
S01009149,Born outside the UK: Resident 2 years or more and less than 5 years,12,4,2,2,8,1,7
S01009149,Born outside the UK: Resident 5 years or more and less than 10 years,12,1,1,0,11,1,10
S01009149,Born outside the UK: Resident 10 years or more,16,13,7,6,3,1,2
S01009150,All people in households,747,147,134,13,600,585,15
S01009150,Born in the UK,733,140,131,9,593,578,15
S01009150,Born outside the UK: Total,14,7,3,4,7,7,0
S01009150,Born outside the UK: Resident less than 2 years,2,2,0,2,0,0,0
S01009150,Born outside the UK: Resident 2 years or more and less than 5 years,0,0,0,0,0,0,0
S01009150,Born outside the UK: Resident 5 years or more and less than 10 years,0,0,0,0,0,0,0
S01009150,Born outside the UK: Resident 10 years or more,12,5,3,2,7,7,0
S01009151,All people in households,890,522,204,318,368,234,134
S01009151,Born in the UK,856,505,194,311,351,227,124
S01009151,Born outside the UK: Total,34,17,10,7,17,7,10
S01009151,Born outside the UK: Resident less than 2 years,2,1,1,0,1,0,1
S01009151,Born outside the UK: Resident 2 years or more and less than 5 years,5,0,0,0,5,0,5
S01009151,Born outside the UK: Resident 5 years or more and less than 10 years,9,6,2,4,3,1,2
S01009151,Born outside the UK: Resident 10 years or more,18,10,7,3,8,6,2
S01009152,All people in households,667,220,91,129,447,218,229
S01009152,Born in the UK,613,211,90,121,402,213,189
S01009152,Born outside the UK: Total,54,9,1,8,45,5,40
S01009152,Born outside the UK: Resident less than 2 years,16,0,0,0,16,0,16
S01009152,Born outside the UK: Resident 2 years or more and less than 5 years,13,0,0,0,13,1,12
S01009152,Born outside the UK: Resident 5 years or more and less than 10 years,11,2,0,2,9,1,8
S01009152,Born outside the UK: Resident 10 years or more,14,7,1,6,7,3,4
S01009153,All people in households,472,296,108,188,176,18,158
S01009153,Born in the UK,416,286,104,182,130,17,113
S01009153,Born outside the UK: Total,56,10,4,6,46,1,45
S01009153,Born outside the UK: Resident less than 2 years,7,0,0,0,7,0,7
S01009153,Born outside the UK: Resident 2 years or more and less than 5 years,20,0,0,0,20,0,20
S01009153,Born outside the UK: Resident 5 years or more and less than 10 years,13,0,0,0,13,0,13
S01009153,Born outside the UK: Resident 10 years or more,16,10,4,6,6,1,5
S01009154,All people in households,899,700,319,381,199,31,168
S01009154,Born in the UK,842,675,307,368,167,30,137
S01009154,Born outside the UK: Total,57,25,12,13,32,1,31
S01009154,Born outside the UK: Resident less than 2 years,15,0,0,0,15,0,15
S01009154,Born outside the UK: Resident 2 years or more and less than 5 years,5,1,0,1,4,0,4
S01009154,Born outside the UK: Resident 5 years or more and less than 10 years,12,2,0,2,10,0,10
S01009154,Born outside the UK: Resident 10 years or more,25,22,12,10,3,1,2
S01009155,All people in households,550,467,190,277,83,18,65
S01009155,Born in the UK,528,449,184,265,79,18,61
S01009155,Born outside the UK: Total,22,18,6,12,4,0,4
S01009155,Born outside the UK: Resident less than 2 years,3,2,2,0,1,0,1
S01009155,Born outside the UK: Resident 2 years or more and less than 5 years,6,5,0,5,1,0,1
S01009155,Born outside the UK: Resident 5 years or more and less than 10 years,1,1,1,0,0,0,0
S01009155,Born outside the UK: Resident 10 years or more,12,10,3,7,2,0,2
S01009156,All people in households,548,480,216,264,68,26,42
S01009156,Born in the UK,531,465,212,253,66,26,40
S01009156,Born outside the UK: Total,17,15,4,11,2,0,2
S01009156,Born outside the UK: Resident less than 2 years,1,1,0,1,0,0,0
S01009156,Born outside the UK: Resident 2 years or more and less than 5 years,1,1,1,0,0,0,0
S01009156,Born outside the UK: Resident 5 years or more and less than 10 years,1,1,1,0,0,0,0
S01009156,Born outside the UK: Resident 10 years or more,14,12,2,10,2,0,2
S01009157,All people in households,838,681,261,420,157,99,58
S01009157,Born in the UK,810,660,257,403,150,96,54
S01009157,Born outside the UK: Total,28,21,4,17,7,3,4
S01009157,Born outside the UK: Resident less than 2 years,4,2,0,2,2,0,2
S01009157,Born outside the UK: Resident 2 years or more and less than 5 years,3,1,0,1,2,0,2
S01009157,Born outside the UK: Resident 5 years or more and less than 10 years,4,4,3,1,0,0,0
S01009157,Born outside the UK: Resident 10 years or more,17,14,1,13,3,3,0
S01009158,All people in households,558,386,126,260,172,121,51
S01009158,Born in the UK,543,381,124,257,162,120,42
S01009158,Born outside the UK: Total,15,5,2,3,10,1,9
S01009158,Born outside the UK: Resident less than 2 years,4,0,0,0,4,0,4
S01009158,Born outside the UK: Resident 2 years or more and less than 5 years,6,1,1,0,5,1,4
S01009158,Born outside the UK: Resident 5 years or more and less than 10 years,3,2,0,2,1,0,1
S01009158,Born outside the UK: Resident 10 years or more,2,2,1,1,0,0,0
S01009159,All people in households,511,162,56,106,349,322,27
S01009159,Born in the UK,496,160,55,105,336,313,23
S01009159,Born outside the UK: Total,15,2,1,1,13,9,4
S01009159,Born outside the UK: Resident less than 2 years,1,0,0,0,1,0,1
S01009159,Born outside the UK: Resident 2 years or more and less than 5 years,2,1,0,1,1,0,1
S01009159,Born outside the UK: Resident 5 years or more and less than 10 years,3,0,0,0,3,1,2
S01009159,Born outside the UK: Resident 10 years or more,9,1,1,0,8,8,0
S01009160,All people in households,618,312,105,207,306,226,80
S01009160,Born in the UK,578,307,104,203,271,216,55
S01009160,Born outside the UK: Total,40,5,1,4,35,10,25
S01009160,Born outside the UK: Resident less than 2 years,6,0,0,0,6,2,4
S01009160,Born outside the UK: Resident 2 years or more and less than 5 years,16,1,0,1,15,5,10
S01009160,Born outside the UK: Resident 5 years or more and less than 10 years,14,1,0,1,13,3,10
S01009160,Born outside the UK: Resident 10 years or more,4,3,1,2,1,0,1
S01009161,All people in households,647,238,84,154,409,319,90
S01009161,Born in the UK,611,231,82,149,380,311,69
S01009161,Born outside the UK: Total,36,7,2,5,29,8,21
S01009161,Born outside the UK: Resident less than 2 years,8,0,0,0,8,1,7
S01009161,Born outside the UK: Resident 2 years or more and less than 5 years,2,0,0,0,2,0,2
S01009161,Born outside the UK: Resident 5 years or more and less than 10 years,11,0,0,0,11,2,9
S01009161,Born outside the UK: Resident 10 years or more,15,7,2,5,8,5,3
S01009162,All people in households,709,345,103,242,364,229,135
S01009162,Born in the UK,668,330,99,231,338,222,116
S01009162,Born outside the UK: Total,41,15,4,11,26,7,19
S01009162,Born outside the UK: Resident less than 2 years,5,0,0,0,5,1,4
S01009162,Born outside the UK: Resident 2 years or more and less than 5 years,11,2,0,2,9,2,7
S01009162,Born outside the UK: Resident 5 years or more and less than 10 years,9,4,0,4,5,2,3
S01009162,Born outside the UK: Resident 10 years or more,16,9,4,5,7,2,5
S01009163,All people in households,465,346,165,181,119,58,61
S01009163,Born in the UK,441,331,157,174,110,55,55
S01009163,Born outside the UK: Total,24,15,8,7,9,3,6
S01009163,Born outside the UK: Resident less than 2 years,2,0,0,0,2,0,2
S01009163,Born outside the UK: Resident 2 years or more and less than 5 years,3,0,0,0,3,1,2
S01009163,Born outside the UK: Resident 5 years or more and less than 10 years,6,4,0,4,2,1,1
S01009163,Born outside the UK: Resident 10 years or more,13,11,8,3,2,1,1
S01009164,All people in households,750,475,160,315,275,230,45
S01009164,Born in the UK,729,460,157,303,269,229,40
S01009164,Born outside the UK: Total,21,15,3,12,6,1,5
S01009164,Born outside the UK: Resident less than 2 years,3,0,0,0,3,1,2
S01009164,Born outside the UK: Resident 2 years or more and less than 5 years,5,2,0,2,3,0,3
S01009164,Born outside the UK: Resident 5 years or more and less than 10 years,3,3,1,2,0,0,0
S01009164,Born outside the UK: Resident 10 years or more,10,10,2,8,0,0,0
S01009165,All people in households,720,308,117,191,412,324,88
S01009165,Born in the UK,677,301,114,187,376,306,70
S01009165,Born outside the UK: Total,43,7,3,4,36,18,18
S01009165,Born outside the UK: Resident less than 2 years,4,0,0,0,4,0,4
S01009165,Born outside the UK: Resident 2 years or more and less than 5 years,12,1,0,1,11,2,9
S01009165,Born outside the UK: Resident 5 years or more and less than 10 years,6,1,0,1,5,0,5
S01009165,Born outside the UK: Resident 10 years or more,21,5,3,2,16,16,0
S01009166,All people in households,839,360,88,272,479,433,46
S01009166,Born in the UK,815,347,84,263,468,428,40
S01009166,Born outside the UK: Total,24,13,4,9,11,5,6
S01009166,Born outside the UK: Resident less than 2 years,1,0,0,0,1,0,1
S01009166,Born outside the UK: Resident 2 years or more and less than 5 years,8,3,1,2,5,1,4
S01009166,Born outside the UK: Resident 5 years or more and less than 10 years,7,6,2,4,1,1,0
S01009166,Born outside the UK: Resident 10 years or more,8,4,1,3,4,3,1
S01009167,All people in households,548,270,60,210,278,272,6
S01009167,Born in the UK,528,262,59,203,266,264,2
S01009167,Born outside the UK: Total,20,8,1,7,12,8,4
S01009167,Born outside the UK: Resident less than 2 years,3,1,0,1,2,0,2
S01009167,Born outside the UK: Resident 2 years or more and less than 5 years,4,1,0,1,3,2,1
S01009167,Born outside the UK: Resident 5 years or more and less than 10 years,7,3,1,2,4,4,0
S01009167,Born outside the UK: Resident 10 years or more,6,3,0,3,3,2,1
S01009168,All people in households,634,591,312,279,43,3,40
S01009168,Born in the UK,624,583,308,275,41,3,38
S01009168,Born outside the UK: Total,10,8,4,4,2,0,2
S01009168,Born outside the UK: Resident less than 2 years,0,0,0,0,0,0,0
S01009168,Born outside the UK: Resident 2 years or more and less than 5 years,2,0,0,0,2,0,2
S01009168,Born outside the UK: Resident 5 years or more and less than 10 years,1,1,0,1,0,0,0
S01009168,Born outside the UK: Resident 10 years or more,7,7,4,3,0,0,0
S01009169,All people in households,746,379,167,212,367,337,30
S01009169,Born in the UK,724,369,165,204,355,332,23
S01009169,Born outside the UK: Total,22,10,2,8,12,5,7
S01009169,Born outside the UK: Resident less than 2 years,5,0,0,0,5,0,5
S01009169,Born outside the UK: Resident 2 years or more and less than 5 years,4,2,0,2,2,0,2
S01009169,Born outside the UK: Resident 5 years or more and less than 10 years,3,1,0,1,2,2,0
S01009169,Born outside the UK: Resident 10 years or more,10,7,2,5,3,3,0
S01009170,All people in households,677,389,105,284,288,208,80
S01009170,Born in the UK,662,382,104,278,280,203,77
S01009170,Born outside the UK: Total,15,7,1,6,8,5,3
S01009170,Born outside the UK: Resident less than 2 years,2,1,0,1,1,1,0
S01009170,Born outside the UK: Resident 2 years or more and less than 5 years,5,2,0,2,3,0,3
S01009170,Born outside the UK: Resident 5 years or more and less than 10 years,3,2,0,2,1,1,0
S01009170,Born outside the UK: Resident 10 years or more,5,2,1,1,3,3,0
S01009171,All people in households,664,428,104,324,236,197,39
S01009171,Born in the UK,638,404,102,302,234,196,38
S01009171,Born outside the UK: Total,26,24,2,22,2,1,1
S01009171,Born outside the UK: Resident less than 2 years,2,1,0,1,1,0,1
S01009171,Born outside the UK: Resident 2 years or more and less than 5 years,9,9,0,9,0,0,0
S01009171,Born outside the UK: Resident 5 years or more and less than 10 years,4,4,0,4,0,0,0
S01009171,Born outside the UK: Resident 10 years or more,11,10,2,8,1,1,0
S01009172,All people in households,656,605,240,365,51,3,48
S01009172,Born in the UK,632,591,236,355,41,2,39
S01009172,Born outside the UK: Total,24,14,4,10,10,1,9
S01009172,Born outside the UK: Resident less than 2 years,0,0,0,0,0,0,0
S01009172,Born outside the UK: Resident 2 years or more and less than 5 years,6,1,0,1,5,0,5
S01009172,Born outside the UK: Resident 5 years or more and less than 10 years,4,2,0,2,2,0,2
S01009172,Born outside the UK: Resident 10 years or more,14,11,4,7,3,1,2
S01009173,All people in households,768,704,269,435,64,32,32
S01009173,Born in the UK,740,685,261,424,55,27,28
S01009173,Born outside the UK: Total,28,19,8,11,9,5,4
S01009173,Born outside the UK: Resident less than 2 years,1,1,0,1,0,0,0
S01009173,Born outside the UK: Resident 2 years or more and less than 5 years,2,2,0,2,0,0,0
S01009173,Born outside the UK: Resident 5 years or more and less than 10 years,9,2,2,0,7,4,3
S01009173,Born outside the UK: Resident 10 years or more,16,14,6,8,2,1,1
S01009174,All people in households,487,455,59,396,32,12,20
S01009174,Born in the UK,466,443,57,386,23,9,14
S01009174,Born outside the UK: Total,21,12,2,10,9,3,6
S01009174,Born outside the UK: Resident less than 2 years,0,0,0,0,0,0,0
S01009174,Born outside the UK: Resident 2 years or more and less than 5 years,8,4,0,4,4,0,4
S01009174,Born outside the UK: Resident 5 years or more and less than 10 years,6,4,0,4,2,0,2
S01009174,Born outside the UK: Resident 10 years or more,7,4,2,2,3,3,0
S01009175,All people in households,848,810,168,642,38,17,21
S01009175,Born in the UK,824,791,164,627,33,17,16
S01009175,Born outside the UK: Total,24,19,4,15,5,0,5
S01009175,Born outside the UK: Resident less than 2 years,0,0,0,0,0,0,0
S01009175,Born outside the UK: Resident 2 years or more and less than 5 years,2,0,0,0,2,0,2
S01009175,Born outside the UK: Resident 5 years or more and less than 10 years,4,2,0,2,2,0,2
S01009175,Born outside the UK: Resident 10 years or more,18,17,4,13,1,0,1
S01009176,All people in households,984,919,409,510,65,13,52
S01009176,Born in the UK,954,890,397,493,64,13,51
S01009176,Born outside the UK: Total,30,29,12,17,1,0,1
S01009176,Born outside the UK: Resident less than 2 years,2,2,0,2,0,0,0
S01009176,Born outside the UK: Resident 2 years or more and less than 5 years,2,2,1,1,0,0,0
S01009176,Born outside the UK: Resident 5 years or more and less than 10 years,4,4,1,3,0,0,0
S01009176,Born outside the UK: Resident 10 years or more,22,21,10,11,1,0,1
S01009177,All people in households,817,472,146,326,345,289,56
S01009177,Born in the UK,777,444,144,300,333,281,52
S01009177,Born outside the UK: Total,40,28,2,26,12,8,4
S01009177,Born outside the UK: Resident less than 2 years,6,4,0,4,2,1,1
S01009177,Born outside the UK: Resident 2 years or more and less than 5 years,12,9,0,9,3,3,0
S01009177,Born outside the UK: Resident 5 years or more and less than 10 years,3,2,0,2,1,0,1
S01009177,Born outside the UK: Resident 10 years or more,19,13,2,11,6,4,2
S01009178,All people in households,743,377,101,276,366,335,31
S01009178,Born in the UK,716,357,97,260,359,329,30
S01009178,Born outside the UK: Total,27,20,4,16,7,6,1
S01009178,Born outside the UK: Resident less than 2 years,2,1,0,1,1,0,1
S01009178,Born outside the UK: Resident 2 years or more and less than 5 years,8,8,0,8,0,0,0
S01009178,Born outside the UK: Resident 5 years or more and less than 10 years,5,3,0,3,2,2,0
S01009178,Born outside the UK: Resident 10 years or more,12,8,4,4,4,4,0
S01009179,All people in households,683,475,112,363,208,152,56
S01009179,Born in the UK,658,460,112,348,198,150,48
S01009179,Born outside the UK: Total,25,15,0,15,10,2,8
S01009179,Born outside the UK: Resident less than 2 years,2,1,0,1,1,0,1
S01009179,Born outside the UK: Resident 2 years or more and less than 5 years,4,1,0,1,3,0,3
S01009179,Born outside the UK: Resident 5 years or more and less than 10 years,7,5,0,5,2,1,1
S01009179,Born outside the UK: Resident 10 years or more,12,8,0,8,4,1,3
S01009180,All people in households,984,629,212,417,355,296,59
S01009180,Born in the UK,966,617,212,405,349,292,57
S01009180,Born outside the UK: Total,18,12,0,12,6,4,2
S01009180,Born outside the UK: Resident less than 2 years,1,1,0,1,0,0,0
S01009180,Born outside the UK: Resident 2 years or more and less than 5 years,1,0,0,0,1,0,1
S01009180,Born outside the UK: Resident 5 years or more and less than 10 years,5,5,0,5,0,0,0
S01009180,Born outside the UK: Resident 10 years or more,11,6,0,6,5,4,1
S01009181,All people in households,855,486,197,289,369,330,39
S01009181,Born in the UK,828,477,195,282,351,318,33
S01009181,Born outside the UK: Total,27,9,2,7,18,12,6
S01009181,Born outside the UK: Resident less than 2 years,2,0,0,0,2,2,0
S01009181,Born outside the UK: Resident 2 years or more and less than 5 years,3,0,0,0,3,0,3
S01009181,Born outside the UK: Resident 5 years or more and less than 10 years,4,1,0,1,3,1,2
S01009181,Born outside the UK: Resident 10 years or more,18,8,2,6,10,9,1
S01009182,All people in households,1002,847,241,606,155,107,48
S01009182,Born in the UK,972,822,236,586,150,103,47
S01009182,Born outside the UK: Total,30,25,5,20,5,4,1
S01009182,Born outside the UK: Resident less than 2 years,1,0,0,0,1,1,0
S01009182,Born outside the UK: Resident 2 years or more and less than 5 years,1,1,0,1,0,0,0
S01009182,Born outside the UK: Resident 5 years or more and less than 10 years,7,7,0,7,0,0,0
S01009182,Born outside the UK: Resident 10 years or more,21,17,5,12,4,3,1
S01009183,All people in households,737,706,157,549,31,10,21
S01009183,Born in the UK,714,683,146,537,31,10,21
S01009183,Born outside the UK: Total,23,23,11,12,0,0,0
S01009183,Born outside the UK: Resident less than 2 years,8,8,7,1,0,0,0
S01009183,Born outside the UK: Resident 2 years or more and less than 5 years,3,3,0,3,0,0,0
S01009183,Born outside the UK: Resident 5 years or more and less than 10 years,3,3,0,3,0,0,0
S01009183,Born outside the UK: Resident 10 years or more,9,9,4,5,0,0,0
S01009184,All people in households,858,441,164,277,417,373,44
S01009184,Born in the UK,836,428,162,266,408,369,39
S01009184,Born outside the UK: Total,22,13,2,11,9,4,5
S01009184,Born outside the UK: Resident less than 2 years,1,1,0,1,0,0,0
S01009184,Born outside the UK: Resident 2 years or more and less than 5 years,5,2,0,2,3,0,3
S01009184,Born outside the UK: Resident 5 years or more and less than 10 years,1,0,0,0,1,0,1
S01009184,Born outside the UK: Resident 10 years or more,15,10,2,8,5,4,1
S01009185,All people in households,888,458,129,329,430,382,48
S01009185,Born in the UK,854,442,126,316,412,375,37
S01009185,Born outside the UK: Total,34,16,3,13,18,7,11
S01009185,Born outside the UK: Resident less than 2 years,6,1,0,1,5,3,2
S01009185,Born outside the UK: Resident 2 years or more and less than 5 years,0,0,0,0,0,0,0
S01009185,Born outside the UK: Resident 5 years or more and less than 10 years,16,4,0,4,12,3,9
S01009185,Born outside the UK: Resident 10 years or more,12,11,3,8,1,1,0
S01009186,All people in households,810,533,167,366,277,235,42
S01009186,Born in the UK,774,517,164,353,257,227,30
S01009186,Born outside the UK: Total,36,16,3,13,20,8,12
S01009186,Born outside the UK: Resident less than 2 years,6,0,0,0,6,1,5
S01009186,Born outside the UK: Resident 2 years or more and less than 5 years,10,3,0,3,7,4,3
S01009186,Born outside the UK: Resident 5 years or more and less than 10 years,9,5,0,5,4,0,4
S01009186,Born outside the UK: Resident 10 years or more,11,8,3,5,3,3,0
S01009187,All people in households,512,418,169,249,94,50,44
S01009187,Born in the UK,486,405,161,244,81,46,35
S01009187,Born outside the UK: Total,26,13,8,5,13,4,9
S01009187,Born outside the UK: Resident less than 2 years,2,1,1,0,1,1,0
S01009187,Born outside the UK: Resident 2 years or more and less than 5 years,5,0,0,0,5,0,5
S01009187,Born outside the UK: Resident 5 years or more and less than 10 years,6,4,3,1,2,0,2
S01009187,Born outside the UK: Resident 10 years or more,13,8,4,4,5,3,2
S01009188,All people in households,890,527,168,359,363,326,37
S01009188,Born in the UK,864,515,164,351,349,319,30
S01009188,Born outside the UK: Total,26,12,4,8,14,7,7
S01009188,Born outside the UK: Resident less than 2 years,3,0,0,0,3,1,2
S01009188,Born outside the UK: Resident 2 years or more and less than 5 years,2,1,0,1,1,0,1
S01009188,Born outside the UK: Resident 5 years or more and less than 10 years,4,4,1,3,0,0,0
S01009188,Born outside the UK: Resident 10 years or more,17,7,3,4,10,6,4
S01009189,All people in households,776,385,129,256,391,380,11
S01009189,Born in the UK,757,372,129,243,385,374,11
S01009189,Born outside the UK: Total,19,13,0,13,6,6,0
S01009189,Born outside the UK: Resident less than 2 years,1,1,0,1,0,0,0
S01009189,Born outside the UK: Resident 2 years or more and less than 5 years,1,1,0,1,0,0,0
S01009189,Born outside the UK: Resident 5 years or more and less than 10 years,2,2,0,2,0,0,0
S01009189,Born outside the UK: Resident 10 years or more,15,9,0,9,6,6,0
S01009190,All people in households,796,710,152,558,86,44,42
S01009190,Born in the UK,767,682,148,534,85,44,41
S01009190,Born outside the UK: Total,29,28,4,24,1,0,1
S01009190,Born outside the UK: Resident less than 2 years,1,1,0,1,0,0,0
S01009190,Born outside the UK: Resident 2 years or more and less than 5 years,3,3,0,3,0,0,0
S01009190,Born outside the UK: Resident 5 years or more and less than 10 years,12,12,2,10,0,0,0
S01009190,Born outside the UK: Resident 10 years or more,13,12,2,10,1,0,1
S01009191,All people in households,746,702,82,620,44,23,21
S01009191,Born in the UK,722,685,78,607,37,17,20
S01009191,Born outside the UK: Total,24,17,4,13,7,6,1
S01009191,Born outside the UK: Resident less than 2 years,6,0,0,0,6,5,1
S01009191,Born outside the UK: Resident 2 years or more and less than 5 years,2,1,0,1,1,1,0
S01009191,Born outside the UK: Resident 5 years or more and less than 10 years,6,6,2,4,0,0,0
S01009191,Born outside the UK: Resident 10 years or more,10,10,2,8,0,0,0
S01009192,All people in households,625,547,170,377,78,43,35
S01009192,Born in the UK,611,533,165,368,78,43,35
S01009192,Born outside the UK: Total,14,14,5,9,0,0,0
S01009192,Born outside the UK: Resident less than 2 years,0,0,0,0,0,0,0
S01009192,Born outside the UK: Resident 2 years or more and less than 5 years,1,1,1,0,0,0,0
S01009192,Born outside the UK: Resident 5 years or more and less than 10 years,2,2,0,2,0,0,0
S01009192,Born outside the UK: Resident 10 years or more,11,11,4,7,0,0,0
S01009193,All people in households,309,289,42,247,20,15,5
S01009193,Born in the UK,299,283,41,242,16,12,4
S01009193,Born outside the UK: Total,10,6,1,5,4,3,1
S01009193,Born outside the UK: Resident less than 2 years,0,0,0,0,0,0,0
S01009193,Born outside the UK: Resident 2 years or more and less than 5 years,1,0,0,0,1,1,0
S01009193,Born outside the UK: Resident 5 years or more and less than 10 years,3,2,0,2,1,1,0
S01009193,Born outside the UK: Resident 10 years or more,6,4,1,3,2,1,1
S01009194,All people in households,788,747,342,405,41,9,32
S01009194,Born in the UK,769,730,333,397,39,8,31
S01009194,Born outside the UK: Total,19,17,9,8,2,1,1
S01009194,Born outside the UK: Resident less than 2 years,0,0,0,0,0,0,0
S01009194,Born outside the UK: Resident 2 years or more and less than 5 years,4,4,0,4,0,0,0
S01009194,Born outside the UK: Resident 5 years or more and less than 10 years,2,1,1,0,1,0,1
S01009194,Born outside the UK: Resident 10 years or more,13,12,8,4,1,1,0
S01009195,All people in households,860,754,155,599,106,28,78
S01009195,Born in the UK,820,727,149,578,93,28,65
S01009195,Born outside the UK: Total,40,27,6,21,13,0,13
S01009195,Born outside the UK: Resident less than 2 years,3,2,0,2,1,0,1
S01009195,Born outside the UK: Resident 2 years or more and less than 5 years,10,4,0,4,6,0,6
S01009195,Born outside the UK: Resident 5 years or more and less than 10 years,1,0,0,0,1,0,1
S01009195,Born outside the UK: Resident 10 years or more,26,21,6,15,5,0,5
S01009196,All people in households,693,508,193,315,185,140,45
S01009196,Born in the UK,662,492,183,309,170,139,31
S01009196,Born outside the UK: Total,31,16,10,6,15,1,14
S01009196,Born outside the UK: Resident less than 2 years,11,0,0,0,11,0,11
S01009196,Born outside the UK: Resident 2 years or more and less than 5 years,2,0,0,0,2,0,2
S01009196,Born outside the UK: Resident 5 years or more and less than 10 years,7,7,5,2,0,0,0
S01009196,Born outside the UK: Resident 10 years or more,11,9,5,4,2,1,1
S01009197,All people in households,1027,902,236,666,125,57,68
S01009197,Born in the UK,992,872,232,640,120,57,63
S01009197,Born outside the UK: Total,35,30,4,26,5,0,5
S01009197,Born outside the UK: Resident less than 2 years,2,1,0,1,1,0,1
S01009197,Born outside the UK: Resident 2 years or more and less than 5 years,2,0,0,0,2,0,2
S01009197,Born outside the UK: Resident 5 years or more and less than 10 years,3,3,0,3,0,0,0
S01009197,Born outside the UK: Resident 10 years or more,28,26,4,22,2,0,2
S01009198,All people in households,730,637,231,406,93,69,24
S01009198,Born in the UK,719,631,230,401,88,65,23
S01009198,Born outside the UK: Total,11,6,1,5,5,4,1
S01009198,Born outside the UK: Resident less than 2 years,2,1,0,1,1,1,0
S01009198,Born outside the UK: Resident 2 years or more and less than 5 years,2,0,0,0,2,1,1
S01009198,Born outside the UK: Resident 5 years or more and less than 10 years,0,0,0,0,0,0,0
S01009198,Born outside the UK: Resident 10 years or more,7,5,1,4,2,2,0
S01009199,All people in households,616,518,115,403,98,73,25
S01009199,Born in the UK,600,502,114,388,98,73,25
S01009199,Born outside the UK: Total,16,16,1,15,0,0,0
S01009199,Born outside the UK: Resident less than 2 years,0,0,0,0,0,0,0
S01009199,Born outside the UK: Resident 2 years or more and less than 5 years,1,1,0,1,0,0,0
S01009199,Born outside the UK: Resident 5 years or more and less than 10 years,2,2,0,2,0,0,0
S01009199,Born outside the UK: Resident 10 years or more,13,13,1,12,0,0,0
S01009200,All people in households,1121,991,331,660,130,102,28
S01009200,Born in the UK,1075,954,324,630,121,100,21
S01009200,Born outside the UK: Total,46,37,7,30,9,2,7
S01009200,Born outside the UK: Resident less than 2 years,4,3,0,3,1,0,1
S01009200,Born outside the UK: Resident 2 years or more and less than 5 years,6,1,0,1,5,1,4
S01009200,Born outside the UK: Resident 5 years or more and less than 10 years,6,4,0,4,2,0,2
S01009200,Born outside the UK: Resident 10 years or more,30,29,7,22,1,1,0
S01009201,All people in households,630,421,112,309,209,149,60
S01009201,Born in the UK,575,385,100,285,190,145,45
S01009201,Born outside the UK: Total,55,36,12,24,19,4,15
S01009201,Born outside the UK: Resident less than 2 years,4,3,3,0,1,0,1
S01009201,Born outside the UK: Resident 2 years or more and less than 5 years,16,8,1,7,8,0,8
S01009201,Born outside the UK: Resident 5 years or more and less than 10 years,9,8,4,4,1,0,1
S01009201,Born outside the UK: Resident 10 years or more,26,17,4,13,9,4,5
S01009202,All people in households,525,477,97,380,48,26,22
S01009202,Born in the UK,495,458,94,364,37,25,12
S01009202,Born outside the UK: Total,30,19,3,16,11,1,10
S01009202,Born outside the UK: Resident less than 2 years,9,1,0,1,8,0,8
S01009202,Born outside the UK: Resident 2 years or more and less than 5 years,9,9,1,8,0,0,0
S01009202,Born outside the UK: Resident 5 years or more and less than 10 years,2,2,0,2,0,0,0
S01009202,Born outside the UK: Resident 10 years or more,10,7,2,5,3,1,2
S01009203,All people in households,633,287,93,194,346,314,32
S01009203,Born in the UK,617,279,92,187,338,309,29
S01009203,Born outside the UK: Total,16,8,1,7,8,5,3
S01009203,Born outside the UK: Resident less than 2 years,1,1,0,1,0,0,0
S01009203,Born outside the UK: Resident 2 years or more and less than 5 years,4,0,0,0,4,3,1
S01009203,Born outside the UK: Resident 5 years or more and less than 10 years,0,0,0,0,0,0,0
S01009203,Born outside the UK: Resident 10 years or more,11,7,1,6,4,2,2
S01009204,All people in households,895,553,149,404,342,306,36
S01009204,Born in the UK,861,537,147,390,324,295,29
S01009204,Born outside the UK: Total,34,16,2,14,18,11,7
S01009204,Born outside the UK: Resident less than 2 years,5,0,0,0,5,1,4
S01009204,Born outside the UK: Resident 2 years or more and less than 5 years,4,1,0,1,3,1,2
S01009204,Born outside the UK: Resident 5 years or more and less than 10 years,5,2,0,2,3,2,1
S01009204,Born outside the UK: Resident 10 years or more,20,13,2,11,7,7,0
S01009205,All people in households,702,654,201,453,48,8,40
S01009205,Born in the UK,687,641,199,442,46,7,39
S01009205,Born outside the UK: Total,15,13,2,11,2,1,1
S01009205,Born outside the UK: Resident less than 2 years,0,0,0,0,0,0,0
S01009205,Born outside the UK: Resident 2 years or more and less than 5 years,0,0,0,0,0,0,0
S01009205,Born outside the UK: Resident 5 years or more and less than 10 years,4,4,0,4,0,0,0
S01009205,Born outside the UK: Resident 10 years or more,11,9,2,7,2,1,1
S01009206,All people in households,807,741,251,490,66,21,45
S01009206,Born in the UK,794,730,246,484,64,21,43
S01009206,Born outside the UK: Total,13,11,5,6,2,0,2
S01009206,Born outside the UK: Resident less than 2 years,0,0,0,0,0,0,0
S01009206,Born outside the UK: Resident 2 years or more and less than 5 years,2,2,0,2,0,0,0
S01009206,Born outside the UK: Resident 5 years or more and less than 10 years,1,1,1,0,0,0,0
S01009206,Born outside the UK: Resident 10 years or more,10,8,4,4,2,0,2
S01009207,All people in households,760,721,335,386,39,4,35
S01009207,Born in the UK,741,709,334,375,32,3,29
S01009207,Born outside the UK: Total,19,12,1,11,7,1,6
S01009207,Born outside the UK: Resident less than 2 years,0,0,0,0,0,0,0
S01009207,Born outside the UK: Resident 2 years or more and less than 5 years,2,0,0,0,2,0,2
S01009207,Born outside the UK: Resident 5 years or more and less than 10 years,3,2,0,2,1,0,1
S01009207,Born outside the UK: Resident 10 years or more,14,10,1,9,4,1,3
S01009208,All people in households,631,503,242,261,128,81,47
S01009208,Born in the UK,619,494,238,256,125,80,45
S01009208,Born outside the UK: Total,12,9,4,5,3,1,2
S01009208,Born outside the UK: Resident less than 2 years,0,0,0,0,0,0,0
S01009208,Born outside the UK: Resident 2 years or more and less than 5 years,3,2,0,2,1,0,1
S01009208,Born outside the UK: Resident 5 years or more and less than 10 years,1,1,1,0,0,0,0
S01009208,Born outside the UK: Resident 10 years or more,8,6,3,3,2,1,1
S01009209,All people in households,597,530,251,279,67,24,43
S01009209,Born in the UK,582,522,249,273,60,24,36
S01009209,Born outside the UK: Total,15,8,2,6,7,0,7
S01009209,Born outside the UK: Resident less than 2 years,3,0,0,0,3,0,3
S01009209,Born outside the UK: Resident 2 years or more and less than 5 years,0,0,0,0,0,0,0
S01009209,Born outside the UK: Resident 5 years or more and less than 10 years,4,1,0,1,3,0,3
S01009209,Born outside the UK: Resident 10 years or more,8,7,2,5,1,0,1
S01009210,All people in households,569,468,172,296,101,46,55
S01009210,Born in the UK,552,455,168,287,97,45,52
S01009210,Born outside the UK: Total,17,13,4,9,4,1,3
S01009210,Born outside the UK: Resident less than 2 years,0,0,0,0,0,0,0
S01009210,Born outside the UK: Resident 2 years or more and less than 5 years,2,0,0,0,2,1,1
S01009210,Born outside the UK: Resident 5 years or more and less than 10 years,1,1,0,1,0,0,0
S01009210,Born outside the UK: Resident 10 years or more,14,12,4,8,2,0,2
S01009211,All people in households,628,434,133,301,194,135,59
S01009211,Born in the UK,615,426,130,296,189,133,56
S01009211,Born outside the UK: Total,13,8,3,5,5,2,3
S01009211,Born outside the UK: Resident less than 2 years,1,0,0,0,1,0,1
S01009211,Born outside the UK: Resident 2 years or more and less than 5 years,1,1,0,1,0,0,0
S01009211,Born outside the UK: Resident 5 years or more and less than 10 years,0,0,0,0,0,0,0
S01009211,Born outside the UK: Resident 10 years or more,11,7,3,4,4,2,2
S01009212,All people in households,829,505,217,288,324,283,41
S01009212,Born in the UK,804,489,214,275,315,275,40
S01009212,Born outside the UK: Total,25,16,3,13,9,8,1
S01009212,Born outside the UK: Resident less than 2 years,1,1,1,0,0,0,0
S01009212,Born outside the UK: Resident 2 years or more and less than 5 years,0,0,0,0,0,0,0
S01009212,Born outside the UK: Resident 5 years or more and less than 10 years,4,4,0,4,0,0,0
S01009212,Born outside the UK: Resident 10 years or more,20,11,2,9,9,8,1
S01009213,All people in households,836,494,132,362,342,306,36
S01009213,Born in the UK,814,482,131,351,332,300,32
S01009213,Born outside the UK: Total,22,12,1,11,10,6,4
S01009213,Born outside the UK: Resident less than 2 years,3,2,0,2,1,1,0
S01009213,Born outside the UK: Resident 2 years or more and less than 5 years,6,0,0,0,6,3,3
S01009213,Born outside the UK: Resident 5 years or more and less than 10 years,3,2,0,2,1,0,1
S01009213,Born outside the UK: Resident 10 years or more,10,8,1,7,2,2,0
S01009214,All people in households,972,826,251,575,146,118,28
S01009214,Born in the UK,948,806,247,559,142,115,27
S01009214,Born outside the UK: Total,24,20,4,16,4,3,1
S01009214,Born outside the UK: Resident less than 2 years,1,1,0,1,0,0,0
S01009214,Born outside the UK: Resident 2 years or more and less than 5 years,1,1,0,1,0,0,0
S01009214,Born outside the UK: Resident 5 years or more and less than 10 years,7,5,0,5,2,2,0
S01009214,Born outside the UK: Resident 10 years or more,15,13,4,9,2,1,1
S01009215,All people in households,926,579,219,360,347,310,37
S01009215,Born in the UK,899,563,218,345,336,299,37
S01009215,Born outside the UK: Total,27,16,1,15,11,11,0
S01009215,Born outside the UK: Resident less than 2 years,1,1,0,1,0,0,0
S01009215,Born outside the UK: Resident 2 years or more and less than 5 years,6,3,0,3,3,3,0
S01009215,Born outside the UK: Resident 5 years or more and less than 10 years,7,5,0,5,2,2,0
S01009215,Born outside the UK: Resident 10 years or more,13,7,1,6,6,6,0
S01009216,All people in households,886,580,213,367,306,250,56
S01009216,Born in the UK,862,568,205,363,294,246,48
S01009216,Born outside the UK: Total,24,12,8,4,12,4,8
S01009216,Born outside the UK: Resident less than 2 years,7,0,0,0,7,0,7
S01009216,Born outside the UK: Resident 2 years or more and less than 5 years,3,1,1,0,2,2,0
S01009216,Born outside the UK: Resident 5 years or more and less than 10 years,0,0,0,0,0,0,0
S01009216,Born outside the UK: Resident 10 years or more,14,11,7,4,3,2,1
S01009217,All people in households,623,241,59,182,382,353,29
S01009217,Born in the UK,604,231,59,172,373,346,27
S01009217,Born outside the UK: Total,19,10,0,10,9,7,2
S01009217,Born outside the UK: Resident less than 2 years,0,0,0,0,0,0,0
S01009217,Born outside the UK: Resident 2 years or more and less than 5 years,7,4,0,4,3,1,2
S01009217,Born outside the UK: Resident 5 years or more and less than 10 years,7,6,0,6,1,1,0
S01009217,Born outside the UK: Resident 10 years or more,5,0,0,0,5,5,0
S01009218,All people in households,821,614,263,351,207,163,44
S01009218,Born in the UK,809,604,257,347,205,161,44
S01009218,Born outside the UK: Total,12,10,6,4,2,2,0
S01009218,Born outside the UK: Resident less than 2 years,0,0,0,0,0,0,0
S01009218,Born outside the UK: Resident 2 years or more and less than 5 years,0,0,0,0,0,0,0
S01009218,Born outside the UK: Resident 5 years or more and less than 10 years,3,2,0,2,1,1,0
S01009218,Born outside the UK: Resident 10 years or more,9,8,6,2,1,1,0
S01009219,All people in households,630,412,174,238,218,180,38
S01009219,Born in the UK,612,405,171,234,207,174,33
S01009219,Born outside the UK: Total,18,7,3,4,11,6,5
S01009219,Born outside the UK: Resident less than 2 years,1,1,0,1,0,0,0
S01009219,Born outside the UK: Resident 2 years or more and less than 5 years,5,0,0,0,5,1,4
S01009219,Born outside the UK: Resident 5 years or more and less than 10 years,2,0,0,0,2,2,0
S01009219,Born outside the UK: Resident 10 years or more,10,6,3,3,4,3,1
S01009220,All people in households,550,327,166,161,223,184,39
S01009220,Born in the UK,529,312,159,153,217,181,36
S01009220,Born outside the UK: Total,21,15,7,8,6,3,3
S01009220,Born outside the UK: Resident less than 2 years,2,2,1,1,0,0,0
S01009220,Born outside the UK: Resident 2 years or more and less than 5 years,5,2,1,1,3,1,2
S01009220,Born outside the UK: Resident 5 years or more and less than 10 years,2,0,0,0,2,1,1
S01009220,Born outside the UK: Resident 10 years or more,12,11,5,6,1,1,0
S01009221,All people in households,574,395,144,251,179,158,21
S01009221,Born in the UK,562,393,142,251,169,149,20
S01009221,Born outside the UK: Total,12,2,2,0,10,9,1
S01009221,Born outside the UK: Resident less than 2 years,2,0,0,0,2,2,0
S01009221,Born outside the UK: Resident 2 years or more and less than 5 years,5,0,0,0,5,4,1
S01009221,Born outside the UK: Resident 5 years or more and less than 10 years,1,0,0,0,1,1,0
S01009221,Born outside the UK: Resident 10 years or more,4,2,2,0,2,2,0
S01009222,All people in households,538,275,91,184,263,213,50
S01009222,Born in the UK,520,268,88,180,252,203,49
S01009222,Born outside the UK: Total,18,7,3,4,11,10,1
S01009222,Born outside the UK: Resident less than 2 years,4,0,0,0,4,3,1
S01009222,Born outside the UK: Resident 2 years or more and less than 5 years,4,2,0,2,2,2,0
S01009222,Born outside the UK: Resident 5 years or more and less than 10 years,3,0,0,0,3,3,0
S01009222,Born outside the UK: Resident 10 years or more,7,5,3,2,2,2,0
S01009223,All people in households,556,367,131,236,189,149,40
S01009223,Born in the UK,538,357,130,227,181,146,35
S01009223,Born outside the UK: Total,18,10,1,9,8,3,5
S01009223,Born outside the UK: Resident less than 2 years,0,0,0,0,0,0,0
S01009223,Born outside the UK: Resident 2 years or more and less than 5 years,2,2,0,2,0,0,0
S01009223,Born outside the UK: Resident 5 years or more and less than 10 years,5,3,0,3,2,0,2
S01009223,Born outside the UK: Resident 10 years or more,11,5,1,4,6,3,3
S01009224,All people in households,627,347,94,253,280,246,34
S01009224,Born in the UK,614,340,91,249,274,244,30
S01009224,Born outside the UK: Total,13,7,3,4,6,2,4
S01009224,Born outside the UK: Resident less than 2 years,0,0,0,0,0,0,0
S01009224,Born outside the UK: Resident 2 years or more and less than 5 years,2,1,0,1,1,0,1
S01009224,Born outside the UK: Resident 5 years or more and less than 10 years,1,0,0,0,1,0,1
S01009224,Born outside the UK: Resident 10 years or more,10,6,3,3,4,2,2
S01009225,All people in households,536,371,130,241,165,144,21
S01009225,Born in the UK,520,363,129,234,157,138,19
S01009225,Born outside the UK: Total,16,8,1,7,8,6,2
S01009225,Born outside the UK: Resident less than 2 years,0,0,0,0,0,0,0
S01009225,Born outside the UK: Resident 2 years or more and less than 5 years,5,1,0,1,4,3,1
S01009225,Born outside the UK: Resident 5 years or more and less than 10 years,3,2,0,2,1,0,1
S01009225,Born outside the UK: Resident 10 years or more,8,5,1,4,3,3,0
S01009226,All people in households,909,515,205,310,394,335,59
S01009226,Born in the UK,889,506,203,303,383,329,54
S01009226,Born outside the UK: Total,20,9,2,7,11,6,5
S01009226,Born outside the UK: Resident less than 2 years,2,0,0,0,2,0,2
S01009226,Born outside the UK: Resident 2 years or more and less than 5 years,1,0,0,0,1,0,1
S01009226,Born outside the UK: Resident 5 years or more and less than 10 years,4,4,0,4,0,0,0
S01009226,Born outside the UK: Resident 10 years or more,13,5,2,3,8,6,2
S01009227,All people in households,589,358,136,222,231,162,69
S01009227,Born in the UK,576,351,132,219,225,161,64
S01009227,Born outside the UK: Total,13,7,4,3,6,1,5
S01009227,Born outside the UK: Resident less than 2 years,0,0,0,0,0,0,0
S01009227,Born outside the UK: Resident 2 years or more and less than 5 years,2,0,0,0,2,0,2
S01009227,Born outside the UK: Resident 5 years or more and less than 10 years,2,0,0,0,2,0,2
S01009227,Born outside the UK: Resident 10 years or more,9,7,4,3,2,1,1
S01009228,All people in households,602,301,124,177,301,244,57
S01009228,Born in the UK,591,295,123,172,296,240,56
S01009228,Born outside the UK: Total,11,6,1,5,5,4,1
S01009228,Born outside the UK: Resident less than 2 years,0,0,0,0,0,0,0
S01009228,Born outside the UK: Resident 2 years or more and less than 5 years,3,3,0,3,0,0,0
S01009228,Born outside the UK: Resident 5 years or more and less than 10 years,3,0,0,0,3,3,0
S01009228,Born outside the UK: Resident 10 years or more,5,3,1,2,2,1,1
S01009229,All people in households,579,399,199,200,180,131,49
S01009229,Born in the UK,556,386,190,196,170,125,45
S01009229,Born outside the UK: Total,23,13,9,4,10,6,4
S01009229,Born outside the UK: Resident less than 2 years,4,0,0,0,4,3,1
S01009229,Born outside the UK: Resident 2 years or more and less than 5 years,10,8,5,3,2,0,2
S01009229,Born outside the UK: Resident 5 years or more and less than 10 years,3,1,1,0,2,2,0
S01009229,Born outside the UK: Resident 10 years or more,6,4,3,1,2,1,1
S01009230,All people in households,558,422,114,308,136,41,95
S01009230,Born in the UK,541,417,113,304,124,40,84
S01009230,Born outside the UK: Total,17,5,1,4,12,1,11
S01009230,Born outside the UK: Resident less than 2 years,2,1,0,1,1,0,1
S01009230,Born outside the UK: Resident 2 years or more and less than 5 years,10,3,0,3,7,0,7
S01009230,Born outside the UK: Resident 5 years or more and less than 10 years,2,0,0,0,2,0,2
S01009230,Born outside the UK: Resident 10 years or more,3,1,1,0,2,1,1
S01009231,All people in households,958,807,308,499,151,79,72
S01009231,Born in the UK,935,791,301,490,144,79,65
S01009231,Born outside the UK: Total,23,16,7,9,7,0,7
S01009231,Born outside the UK: Resident less than 2 years,4,3,2,1,1,0,1
S01009231,Born outside the UK: Resident 2 years or more and less than 5 years,5,3,0,3,2,0,2
S01009231,Born outside the UK: Resident 5 years or more and less than 10 years,4,0,0,0,4,0,4
S01009231,Born outside the UK: Resident 10 years or more,10,10,5,5,0,0,0
S01009232,All people in households,581,194,80,114,387,362,25
S01009232,Born in the UK,556,188,78,110,368,355,13
S01009232,Born outside the UK: Total,25,6,2,4,19,7,12
S01009232,Born outside the UK: Resident less than 2 years,11,0,0,0,11,0,11
S01009232,Born outside the UK: Resident 2 years or more and less than 5 years,1,1,0,1,0,0,0
S01009232,Born outside the UK: Resident 5 years or more and less than 10 years,5,1,0,1,4,4,0
S01009232,Born outside the UK: Resident 10 years or more,8,4,2,2,4,3,1
S01009233,All people in households,567,414,159,255,153,125,28
S01009233,Born in the UK,555,409,156,253,146,121,25
S01009233,Born outside the UK: Total,12,5,3,2,7,4,3
S01009233,Born outside the UK: Resident less than 2 years,0,0,0,0,0,0,0
S01009233,Born outside the UK: Resident 2 years or more and less than 5 years,5,0,0,0,5,3,2
S01009233,Born outside the UK: Resident 5 years or more and less than 10 years,1,0,0,0,1,0,1
S01009233,Born outside the UK: Resident 10 years or more,6,5,3,2,1,1,0
S01009234,All people in households,1021,326,117,209,695,622,73
S01009234,Born in the UK,925,312,114,198,613,563,50
S01009234,Born outside the UK: Total,96,14,3,11,82,59,23
S01009234,Born outside the UK: Resident less than 2 years,17,0,0,0,17,12,5
S01009234,Born outside the UK: Resident 2 years or more and less than 5 years,39,3,0,3,36,25,11
S01009234,Born outside the UK: Resident 5 years or more and less than 10 years,24,4,0,4,20,13,7
S01009234,Born outside the UK: Resident 10 years or more,16,7,3,4,9,9,0
S01009235,All people in households,921,474,172,302,447,397,50
S01009235,Born in the UK,863,458,168,290,405,368,37
S01009235,Born outside the UK: Total,58,16,4,12,42,29,13
S01009235,Born outside the UK: Resident less than 2 years,9,1,0,1,8,7,1
S01009235,Born outside the UK: Resident 2 years or more and less than 5 years,20,0,0,0,20,15,5
S01009235,Born outside the UK: Resident 5 years or more and less than 10 years,11,1,0,1,10,3,7
S01009235,Born outside the UK: Resident 10 years or more,18,14,4,10,4,4,0
S01009236,All people in households,483,390,211,179,93,80,13
S01009236,Born in the UK,473,384,207,177,89,78,11
S01009236,Born outside the UK: Total,10,6,4,2,4,2,2
S01009236,Born outside the UK: Resident less than 2 years,0,0,0,0,0,0,0
S01009236,Born outside the UK: Resident 2 years or more and less than 5 years,0,0,0,0,0,0,0
S01009236,Born outside the UK: Resident 5 years or more and less than 10 years,1,0,0,0,1,1,0
S01009236,Born outside the UK: Resident 10 years or more,9,6,4,2,3,1,2
S01009237,All people in households,847,763,325,438,84,25,59
S01009237,Born in the UK,823,744,317,427,79,24,55
S01009237,Born outside the UK: Total,24,19,8,11,5,1,4
S01009237,Born outside the UK: Resident less than 2 years,1,0,0,0,1,0,1
S01009237,Born outside the UK: Resident 2 years or more and less than 5 years,2,0,0,0,2,0,2
S01009237,Born outside the UK: Resident 5 years or more and less than 10 years,3,2,1,1,1,0,1
S01009237,Born outside the UK: Resident 10 years or more,18,17,7,10,1,1,0
S01009238,All people in households,726,540,217,323,186,154,32
S01009238,Born in the UK,714,531,213,318,183,151,32
S01009238,Born outside the UK: Total,12,9,4,5,3,3,0
S01009238,Born outside the UK: Resident less than 2 years,1,1,1,0,0,0,0
S01009238,Born outside the UK: Resident 2 years or more and less than 5 years,2,2,0,2,0,0,0
S01009238,Born outside the UK: Resident 5 years or more and less than 10 years,1,1,0,1,0,0,0
S01009238,Born outside the UK: Resident 10 years or more,8,5,3,2,3,3,0
S01009239,All people in households,866,462,133,329,404,362,42
S01009239,Born in the UK,829,446,130,316,383,344,39
S01009239,Born outside the UK: Total,37,16,3,13,21,18,3
S01009239,Born outside the UK: Resident less than 2 years,4,3,0,3,1,1,0
S01009239,Born outside the UK: Resident 2 years or more and less than 5 years,10,0,0,0,10,7,3
S01009239,Born outside the UK: Resident 5 years or more and less than 10 years,4,1,0,1,3,3,0
S01009239,Born outside the UK: Resident 10 years or more,19,12,3,9,7,7,0
S01009240,All people in households,672,198,54,144,474,445,29
S01009240,Born in the UK,656,194,53,141,462,438,24
S01009240,Born outside the UK: Total,16,4,1,3,12,7,5
S01009240,Born outside the UK: Resident less than 2 years,1,0,0,0,1,1,0
S01009240,Born outside the UK: Resident 2 years or more and less than 5 years,8,0,0,0,8,4,4
S01009240,Born outside the UK: Resident 5 years or more and less than 10 years,2,1,0,1,1,1,0
S01009240,Born outside the UK: Resident 10 years or more,5,3,1,2,2,1,1
S01009241,All people in households,895,411,152,259,484,454,30
S01009241,Born in the UK,867,397,147,250,470,441,29
S01009241,Born outside the UK: Total,28,14,5,9,14,13,1
S01009241,Born outside the UK: Resident less than 2 years,1,1,0,1,0,0,0
S01009241,Born outside the UK: Resident 2 years or more and less than 5 years,1,0,0,0,1,1,0
S01009241,Born outside the UK: Resident 5 years or more and less than 10 years,3,1,0,1,2,2,0
S01009241,Born outside the UK: Resident 10 years or more,23,12,5,7,11,10,1
S01009242,All people in households,725,615,273,342,110,98,12
S01009242,Born in the UK,712,608,267,341,104,97,7
S01009242,Born outside the UK: Total,13,7,6,1,6,1,5
S01009242,Born outside the UK: Resident less than 2 years,1,1,1,0,0,0,0
S01009242,Born outside the UK: Resident 2 years or more and less than 5 years,5,2,2,0,3,0,3
S01009242,Born outside the UK: Resident 5 years or more and less than 10 years,0,0,0,0,0,0,0
S01009242,Born outside the UK: Resident 10 years or more,7,4,3,1,3,1,2
S01009243,All people in households,1003,719,174,545,284,175,109
S01009243,Born in the UK,955,695,169,526,260,170,90
S01009243,Born outside the UK: Total,48,24,5,19,24,5,19
S01009243,Born outside the UK: Resident less than 2 years,3,0,0,0,3,0,3
S01009243,Born outside the UK: Resident 2 years or more and less than 5 years,6,0,0,0,6,0,6
S01009243,Born outside the UK: Resident 5 years or more and less than 10 years,15,7,0,7,8,0,8
S01009243,Born outside the UK: Resident 10 years or more,24,17,5,12,7,5,2
S01009244,All people in households,809,747,348,399,62,16,46
S01009244,Born in the UK,792,732,344,388,60,16,44
S01009244,Born outside the UK: Total,17,15,4,11,2,0,2
S01009244,Born outside the UK: Resident less than 2 years,1,1,0,1,0,0,0
S01009244,Born outside the UK: Resident 2 years or more and less than 5 years,0,0,0,0,0,0,0
S01009244,Born outside the UK: Resident 5 years or more and less than 10 years,2,1,0,1,1,0,1
S01009244,Born outside the UK: Resident 10 years or more,14,13,4,9,1,0,1
S01009245,All people in households,830,704,277,427,126,72,54
S01009245,Born in the UK,805,685,271,414,120,69,51
S01009245,Born outside the UK: Total,25,19,6,13,6,3,3
S01009245,Born outside the UK: Resident less than 2 years,0,0,0,0,0,0,0
S01009245,Born outside the UK: Resident 2 years or more and less than 5 years,3,3,0,3,0,0,0
S01009245,Born outside the UK: Resident 5 years or more and less than 10 years,4,2,0,2,2,0,2
S01009245,Born outside the UK: Resident 10 years or more,18,14,6,8,4,3,1
S01009246,All people in households,803,519,187,332,284,229,55
S01009246,Born in the UK,763,505,185,320,258,216,42
S01009246,Born outside the UK: Total,40,14,2,12,26,13,13
S01009246,Born outside the UK: Resident less than 2 years,5,0,0,0,5,1,4
S01009246,Born outside the UK: Resident 2 years or more and less than 5 years,11,0,0,0,11,7,4
S01009246,Born outside the UK: Resident 5 years or more and less than 10 years,10,3,0,3,7,2,5
S01009246,Born outside the UK: Resident 10 years or more,14,11,2,9,3,3,0
S01009247,All people in households,1010,624,169,455,386,310,76
S01009247,Born in the UK,990,618,169,449,372,307,65
S01009247,Born outside the UK: Total,20,6,0,6,14,3,11
S01009247,Born outside the UK: Resident less than 2 years,2,0,0,0,2,0,2
S01009247,Born outside the UK: Resident 2 years or more and less than 5 years,10,1,0,1,9,1,8
S01009247,Born outside the UK: Resident 5 years or more and less than 10 years,2,1,0,1,1,0,1
S01009247,Born outside the UK: Resident 10 years or more,6,4,0,4,2,2,0
S01009248,All people in households,688,566,237,329,122,98,24
S01009248,Born in the UK,676,554,234,320,122,98,24
S01009248,Born outside the UK: Total,12,12,3,9,0,0,0
S01009248,Born outside the UK: Resident less than 2 years,2,2,0,2,0,0,0
S01009248,Born outside the UK: Resident 2 years or more and less than 5 years,0,0,0,0,0,0,0
S01009248,Born outside the UK: Resident 5 years or more and less than 10 years,1,1,0,1,0,0,0
S01009248,Born outside the UK: Resident 10 years or more,9,9,3,6,0,0,0
S01009249,All people in households,810,423,126,297,387,319,68
S01009249,Born in the UK,765,414,124,290,351,312,39
S01009249,Born outside the UK: Total,45,9,2,7,36,7,29
S01009249,Born outside the UK: Resident less than 2 years,16,0,0,0,16,2,14
S01009249,Born outside the UK: Resident 2 years or more and less than 5 years,6,0,0,0,6,1,5
S01009249,Born outside the UK: Resident 5 years or more and less than 10 years,9,1,0,1,8,0,8
S01009249,Born outside the UK: Resident 10 years or more,14,8,2,6,6,4,2
S01009250,All people in households,638,426,158,268,212,173,39
S01009250,Born in the UK,622,421,158,263,201,168,33
S01009250,Born outside the UK: Total,16,5,0,5,11,5,6
S01009250,Born outside the UK: Resident less than 2 years,3,0,0,0,3,1,2
S01009250,Born outside the UK: Resident 2 years or more and less than 5 years,4,1,0,1,3,0,3
S01009250,Born outside the UK: Resident 5 years or more and less than 10 years,4,2,0,2,2,1,1
S01009250,Born outside the UK: Resident 10 years or more,5,2,0,2,3,3,0
S01009251,All people in households,553,394,154,240,159,143,16
S01009251,Born in the UK,539,384,152,232,155,140,15
S01009251,Born outside the UK: Total,14,10,2,8,4,3,1
S01009251,Born outside the UK: Resident less than 2 years,1,0,0,0,1,1,0
S01009251,Born outside the UK: Resident 2 years or more and less than 5 years,3,2,0,2,1,0,1
S01009251,Born outside the UK: Resident 5 years or more and less than 10 years,4,2,0,2,2,2,0
S01009251,Born outside the UK: Resident 10 years or more,6,6,2,4,0,0,0
S01009252,All people in households,478,461,87,374,17,10,7
S01009252,Born in the UK,471,456,87,369,15,10,5
S01009252,Born outside the UK: Total,7,5,0,5,2,0,2
S01009252,Born outside the UK: Resident less than 2 years,0,0,0,0,0,0,0
S01009252,Born outside the UK: Resident 2 years or more and less than 5 years,1,0,0,0,1,0,1
S01009252,Born outside the UK: Resident 5 years or more and less than 10 years,2,1,0,1,1,0,1
S01009252,Born outside the UK: Resident 10 years or more,4,4,0,4,0,0,0
S01009253,All people in households,476,265,124,141,211,187,24
S01009253,Born in the UK,469,261,123,138,208,186,22
S01009253,Born outside the UK: Total,7,4,1,3,3,1,2
S01009253,Born outside the UK: Resident less than 2 years,0,0,0,0,0,0,0
S01009253,Born outside the UK: Resident 2 years or more and less than 5 years,2,1,0,1,1,0,1
S01009253,Born outside the UK: Resident 5 years or more and less than 10 years,2,2,0,2,0,0,0
S01009253,Born outside the UK: Resident 10 years or more,3,1,1,0,2,1,1
S01009254,All people in households,822,301,100,201,521,489,32
S01009254,Born in the UK,780,284,97,187,496,474,22
S01009254,Born outside the UK: Total,42,17,3,14,25,15,10
S01009254,Born outside the UK: Resident less than 2 years,3,0,0,0,3,1,2
S01009254,Born outside the UK: Resident 2 years or more and less than 5 years,20,7,0,7,13,7,6
S01009254,Born outside the UK: Resident 5 years or more and less than 10 years,8,2,0,2,6,5,1
S01009254,Born outside the UK: Resident 10 years or more,11,8,3,5,3,2,1
S01009255,All people in households,633,260,69,191,373,209,164
S01009255,Born in the UK,542,247,66,181,295,198,97
S01009255,Born outside the UK: Total,91,13,3,10,78,11,67
S01009255,Born outside the UK: Resident less than 2 years,32,1,0,1,31,0,31
S01009255,Born outside the UK: Resident 2 years or more and less than 5 years,35,4,0,4,31,1,30
S01009255,Born outside the UK: Resident 5 years or more and less than 10 years,14,4,1,3,10,4,6
S01009255,Born outside the UK: Resident 10 years or more,10,4,2,2,6,6,0
S01009256,All people in households,478,371,181,190,107,79,28
S01009256,Born in the UK,464,362,176,186,102,79,23
S01009256,Born outside the UK: Total,14,9,5,4,5,0,5
S01009256,Born outside the UK: Resident less than 2 years,3,0,0,0,3,0,3
S01009256,Born outside the UK: Resident 2 years or more and less than 5 years,2,0,0,0,2,0,2
S01009256,Born outside the UK: Resident 5 years or more and less than 10 years,0,0,0,0,0,0,0
S01009256,Born outside the UK: Resident 10 years or more,9,9,5,4,0,0,0
S01009257,All people in households,640,407,172,235,233,119,114
S01009257,Born in the UK,596,397,168,229,199,116,83
S01009257,Born outside the UK: Total,44,10,4,6,34,3,31
S01009257,Born outside the UK: Resident less than 2 years,14,0,0,0,14,0,14
S01009257,Born outside the UK: Resident 2 years or more and less than 5 years,14,3,0,3,11,0,11
S01009257,Born outside the UK: Resident 5 years or more and less than 10 years,5,1,0,1,4,0,4
S01009257,Born outside the UK: Resident 10 years or more,11,6,4,2,5,3,2
S01009258,All people in households,633,525,252,273,108,56,52
S01009258,Born in the UK,609,513,248,265,96,56,40
S01009258,Born outside the UK: Total,24,12,4,8,12,0,12
S01009258,Born outside the UK: Resident less than 2 years,4,0,0,0,4,0,4
S01009258,Born outside the UK: Resident 2 years or more and less than 5 years,4,2,0,2,2,0,2
S01009258,Born outside the UK: Resident 5 years or more and less than 10 years,6,1,0,1,5,0,5
S01009258,Born outside the UK: Resident 10 years or more,10,9,4,5,1,0,1
S01009259,All people in households,942,827,294,533,115,77,38
S01009259,Born in the UK,911,809,291,518,102,75,27
S01009259,Born outside the UK: Total,31,18,3,15,13,2,11
S01009259,Born outside the UK: Resident less than 2 years,0,0,0,0,0,0,0
S01009259,Born outside the UK: Resident 2 years or more and less than 5 years,7,0,0,0,7,0,7
S01009259,Born outside the UK: Resident 5 years or more and less than 10 years,5,2,0,2,3,0,3
S01009259,Born outside the UK: Resident 10 years or more,19,16,3,13,3,2,1
S01009260,All people in households,1121,755,211,544,366,235,131
S01009260,Born in the UK,1037,728,203,525,309,223,86
S01009260,Born outside the UK: Total,84,27,8,19,57,12,45
S01009260,Born outside the UK: Resident less than 2 years,17,0,0,0,17,1,16
S01009260,Born outside the UK: Resident 2 years or more and less than 5 years,29,12,5,7,17,2,15
S01009260,Born outside the UK: Resident 5 years or more and less than 10 years,19,3,0,3,16,4,12
S01009260,Born outside the UK: Resident 10 years or more,19,12,3,9,7,5,2
S01009261,All people in households,738,286,104,182,452,399,53
S01009261,Born in the UK,669,259,97,162,410,380,30
S01009261,Born outside the UK: Total,69,27,7,20,42,19,23
S01009261,Born outside the UK: Resident less than 2 years,13,3,2,1,10,4,6
S01009261,Born outside the UK: Resident 2 years or more and less than 5 years,29,5,0,5,24,10,14
S01009261,Born outside the UK: Resident 5 years or more and less than 10 years,10,4,0,4,6,3,3
S01009261,Born outside the UK: Resident 10 years or more,17,15,5,10,2,2,0
S01009262,All people in households,604,188,71,117,416,374,42
S01009262,Born in the UK,572,180,69,111,392,366,26
S01009262,Born outside the UK: Total,32,8,2,6,24,8,16
S01009262,Born outside the UK: Resident less than 2 years,3,0,0,0,3,1,2
S01009262,Born outside the UK: Resident 2 years or more and less than 5 years,13,2,0,2,11,2,9
S01009262,Born outside the UK: Resident 5 years or more and less than 10 years,7,2,0,2,5,2,3
S01009262,Born outside the UK: Resident 10 years or more,9,4,2,2,5,3,2
S01009263,All people in households,817,674,112,562,143,31,112
S01009263,Born in the UK,758,649,106,543,109,31,78
S01009263,Born outside the UK: Total,59,25,6,19,34,0,34
S01009263,Born outside the UK: Resident less than 2 years,14,1,0,1,13,0,13
S01009263,Born outside the UK: Resident 2 years or more and less than 5 years,17,3,0,3,14,0,14
S01009263,Born outside the UK: Resident 5 years or more and less than 10 years,12,5,1,4,7,0,7
S01009263,Born outside the UK: Resident 10 years or more,16,16,5,11,0,0,0
S01009264,All people in households,517,450,217,233,67,7,60
S01009264,Born in the UK,491,426,212,214,65,7,58
S01009264,Born outside the UK: Total,26,24,5,19,2,0,2
S01009264,Born outside the UK: Resident less than 2 years,0,0,0,0,0,0,0
S01009264,Born outside the UK: Resident 2 years or more and less than 5 years,1,1,0,1,0,0,0
S01009264,Born outside the UK: Resident 5 years or more and less than 10 years,3,2,1,1,1,0,1
S01009264,Born outside the UK: Resident 10 years or more,22,21,4,17,1,0,1
S01009265,All people in households,791,544,222,322,247,187,60
S01009265,Born in the UK,770,530,216,314,240,182,58
S01009265,Born outside the UK: Total,21,14,6,8,7,5,2
S01009265,Born outside the UK: Resident less than 2 years,2,1,0,1,1,1,0
S01009265,Born outside the UK: Resident 2 years or more and less than 5 years,1,0,0,0,1,1,0
S01009265,Born outside the UK: Resident 5 years or more and less than 10 years,1,0,0,0,1,1,0
S01009265,Born outside the UK: Resident 10 years or more,17,13,6,7,4,2,2
S01009266,All people in households,853,646,292,354,207,137,70
S01009266,Born in the UK,825,628,285,343,197,133,64
S01009266,Born outside the UK: Total,28,18,7,11,10,4,6
S01009266,Born outside the UK: Resident less than 2 years,0,0,0,0,0,0,0
S01009266,Born outside the UK: Resident 2 years or more and less than 5 years,6,2,0,2,4,0,4
S01009266,Born outside the UK: Resident 5 years or more and less than 10 years,1,1,0,1,0,0,0
S01009266,Born outside the UK: Resident 10 years or more,21,15,7,8,6,4,2
S01009267,All people in households,790,601,237,364,189,78,111
S01009267,Born in the UK,757,586,230,356,171,75,96
S01009267,Born outside the UK: Total,33,15,7,8,18,3,15
S01009267,Born outside the UK: Resident less than 2 years,2,1,0,1,1,0,1
S01009267,Born outside the UK: Resident 2 years or more and less than 5 years,7,0,0,0,7,0,7
S01009267,Born outside the UK: Resident 5 years or more and less than 10 years,1,1,1,0,0,0,0
S01009267,Born outside the UK: Resident 10 years or more,23,13,6,7,10,3,7
S01009268,All people in households,1002,684,219,465,318,225,93
S01009268,Born in the UK,975,661,214,447,314,224,90
S01009268,Born outside the UK: Total,27,23,5,18,4,1,3
S01009268,Born outside the UK: Resident less than 2 years,3,1,0,1,2,0,2
S01009268,Born outside the UK: Resident 2 years or more and less than 5 years,1,1,0,1,0,0,0
S01009268,Born outside the UK: Resident 5 years or more and less than 10 years,6,5,0,5,1,0,1
S01009268,Born outside the UK: Resident 10 years or more,17,16,5,11,1,1,0
S01009269,All people in households,892,375,96,279,517,482,35
S01009269,Born in the UK,881,372,96,276,509,477,32
S01009269,Born outside the UK: Total,11,3,0,3,8,5,3
S01009269,Born outside the UK: Resident less than 2 years,2,0,0,0,2,0,2
S01009269,Born outside the UK: Resident 2 years or more and less than 5 years,0,0,0,0,0,0,0
S01009269,Born outside the UK: Resident 5 years or more and less than 10 years,3,1,0,1,2,1,1
S01009269,Born outside the UK: Resident 10 years or more,6,2,0,2,4,4,0
S01009270,All people in households,595,297,124,173,298,247,51
S01009270,Born in the UK,582,292,124,168,290,239,51
S01009270,Born outside the UK: Total,13,5,0,5,8,8,0
S01009270,Born outside the UK: Resident less than 2 years,0,0,0,0,0,0,0
S01009270,Born outside the UK: Resident 2 years or more and less than 5 years,2,0,0,0,2,2,0
S01009270,Born outside the UK: Resident 5 years or more and less than 10 years,2,0,0,0,2,2,0
S01009270,Born outside the UK: Resident 10 years or more,9,5,0,5,4,4,0
S01009271,All people in households,885,844,256,588,41,8,33
S01009271,Born in the UK,848,812,244,568,36,6,30
S01009271,Born outside the UK: Total,37,32,12,20,5,2,3
S01009271,Born outside the UK: Resident less than 2 years,5,3,1,2,2,0,2
S01009271,Born outside the UK: Resident 2 years or more and less than 5 years,0,0,0,0,0,0,0
S01009271,Born outside the UK: Resident 5 years or more and less than 10 years,2,2,0,2,0,0,0
S01009271,Born outside the UK: Resident 10 years or more,30,27,11,16,3,2,1
S01009272,All people in households,704,383,124,259,321,287,34
S01009272,Born in the UK,680,364,122,242,316,285,31
S01009272,Born outside the UK: Total,24,19,2,17,5,2,3
S01009272,Born outside the UK: Resident less than 2 years,5,1,0,1,4,1,3
S01009272,Born outside the UK: Resident 2 years or more and less than 5 years,6,6,0,6,0,0,0
S01009272,Born outside the UK: Resident 5 years or more and less than 10 years,5,5,0,5,0,0,0
S01009272,Born outside the UK: Resident 10 years or more,8,7,2,5,1,1,0
S01009273,All people in households,466,440,225,215,26,13,13
S01009273,Born in the UK,455,429,222,207,26,13,13
S01009273,Born outside the UK: Total,11,11,3,8,0,0,0
S01009273,Born outside the UK: Resident less than 2 years,0,0,0,0,0,0,0
S01009273,Born outside the UK: Resident 2 years or more and less than 5 years,1,1,0,1,0,0,0
S01009273,Born outside the UK: Resident 5 years or more and less than 10 years,1,1,0,1,0,0,0
S01009273,Born outside the UK: Resident 10 years or more,9,9,3,6,0,0,0
S01009274,All people in households,631,541,227,314,90,65,25
S01009274,Born in the UK,610,527,223,304,83,61,22
S01009274,Born outside the UK: Total,21,14,4,10,7,4,3
S01009274,Born outside the UK: Resident less than 2 years,0,0,0,0,0,0,0
S01009274,Born outside the UK: Resident 2 years or more and less than 5 years,0,0,0,0,0,0,0
S01009274,Born outside the UK: Resident 5 years or more and less than 10 years,3,0,0,0,3,2,1
S01009274,Born outside the UK: Resident 10 years or more,18,14,4,10,4,2,2
S01009275,All people in households,579,450,159,291,129,11,118
S01009275,Born in the UK,557,437,155,282,120,9,111
S01009275,Born outside the UK: Total,22,13,4,9,9,2,7
S01009275,Born outside the UK: Resident less than 2 years,0,0,0,0,0,0,0
S01009275,Born outside the UK: Resident 2 years or more and less than 5 years,3,1,0,1,2,1,1
S01009275,Born outside the UK: Resident 5 years or more and less than 10 years,4,1,0,1,3,1,2
S01009275,Born outside the UK: Resident 10 years or more,15,11,4,7,4,0,4
S01009276,All people in households,889,741,326,415,148,114,34
S01009276,Born in the UK,864,718,317,401,146,113,33
S01009276,Born outside the UK: Total,25,23,9,14,2,1,1
S01009276,Born outside the UK: Resident less than 2 years,2,1,0,1,1,0,1
S01009276,Born outside the UK: Resident 2 years or more and less than 5 years,3,3,0,3,0,0,0
S01009276,Born outside the UK: Resident 5 years or more and less than 10 years,3,3,0,3,0,0,0
S01009276,Born outside the UK: Resident 10 years or more,17,16,9,7,1,1,0
S01009277,All people in households,527,484,247,237,43,6,37
S01009277,Born in the UK,513,470,241,229,43,6,37
S01009277,Born outside the UK: Total,14,14,6,8,0,0,0
S01009277,Born outside the UK: Resident less than 2 years,0,0,0,0,0,0,0
S01009277,Born outside the UK: Resident 2 years or more and less than 5 years,0,0,0,0,0,0,0
S01009277,Born outside the UK: Resident 5 years or more and less than 10 years,1,1,0,1,0,0,0
S01009277,Born outside the UK: Resident 10 years or more,13,13,6,7,0,0,0
S01009278,All people in households,559,484,135,349,75,34,41
S01009278,Born in the UK,535,463,130,333,72,33,39
S01009278,Born outside the UK: Total,24,21,5,16,3,1,2
S01009278,Born outside the UK: Resident less than 2 years,2,2,2,0,0,0,0
S01009278,Born outside the UK: Resident 2 years or more and less than 5 years,0,0,0,0,0,0,0
S01009278,Born outside the UK: Resident 5 years or more and less than 10 years,6,6,0,6,0,0,0
S01009278,Born outside the UK: Resident 10 years or more,16,13,3,10,3,1,2
S01009279,All people in households,584,446,169,277,138,81,57
S01009279,Born in the UK,559,429,166,263,130,78,52
S01009279,Born outside the UK: Total,25,17,3,14,8,3,5
S01009279,Born outside the UK: Resident less than 2 years,2,0,0,0,2,0,2
S01009279,Born outside the UK: Resident 2 years or more and less than 5 years,0,0,0,0,0,0,0
S01009279,Born outside the UK: Resident 5 years or more and less than 10 years,2,2,0,2,0,0,0
S01009279,Born outside the UK: Resident 10 years or more,21,15,3,12,6,3,3
S01009280,All people in households,898,344,145,199,554,501,53
S01009280,Born in the UK,880,336,141,195,544,496,48
S01009280,Born outside the UK: Total,18,8,4,4,10,5,5
S01009280,Born outside the UK: Resident less than 2 years,0,0,0,0,0,0,0
S01009280,Born outside the UK: Resident 2 years or more and less than 5 years,2,2,1,1,0,0,0
S01009280,Born outside the UK: Resident 5 years or more and less than 10 years,7,1,0,1,6,2,4
S01009280,Born outside the UK: Resident 10 years or more,9,5,3,2,4,3,1
S01009281,All people in households,826,399,159,240,427,382,45
S01009281,Born in the UK,811,385,157,228,426,381,45
S01009281,Born outside the UK: Total,15,14,2,12,1,1,0
S01009281,Born outside the UK: Resident less than 2 years,0,0,0,0,0,0,0
S01009281,Born outside the UK: Resident 2 years or more and less than 5 years,2,2,0,2,0,0,0
S01009281,Born outside the UK: Resident 5 years or more and less than 10 years,5,5,0,5,0,0,0
S01009281,Born outside the UK: Resident 10 years or more,8,7,2,5,1,1,0
S01009282,All people in households,737,540,238,302,197,88,109
S01009282,Born in the UK,695,511,225,286,184,85,99
S01009282,Born outside the UK: Total,42,29,13,16,13,3,10
S01009282,Born outside the UK: Resident less than 2 years,1,1,1,0,0,0,0
S01009282,Born outside the UK: Resident 2 years or more and less than 5 years,9,1,1,0,8,0,8
S01009282,Born outside the UK: Resident 5 years or more and less than 10 years,7,7,4,3,0,0,0
S01009282,Born outside the UK: Resident 10 years or more,25,20,7,13,5,3,2
S01009283,All people in households,444,350,89,261,94,56,38
S01009283,Born in the UK,423,331,84,247,92,54,38
S01009283,Born outside the UK: Total,21,19,5,14,2,2,0
S01009283,Born outside the UK: Resident less than 2 years,0,0,0,0,0,0,0
S01009283,Born outside the UK: Resident 2 years or more and less than 5 years,5,3,0,3,2,2,0
S01009283,Born outside the UK: Resident 5 years or more and less than 10 years,3,3,0,3,0,0,0
S01009283,Born outside the UK: Resident 10 years or more,13,13,5,8,0,0,0
S01009284,All people in households,822,770,242,528,52,17,35
S01009284,Born in the UK,795,745,226,519,50,17,33
S01009284,Born outside the UK: Total,27,25,16,9,2,0,2
S01009284,Born outside the UK: Resident less than 2 years,3,2,1,1,1,0,1
S01009284,Born outside the UK: Resident 2 years or more and less than 5 years,1,1,1,0,0,0,0
S01009284,Born outside the UK: Resident 5 years or more and less than 10 years,2,1,0,1,1,0,1
S01009284,Born outside the UK: Resident 10 years or more,21,21,14,7,0,0,0
S01009285,All people in households,906,826,215,611,80,20,60
S01009285,Born in the UK,863,791,200,591,72,15,57
S01009285,Born outside the UK: Total,43,35,15,20,8,5,3
S01009285,Born outside the UK: Resident less than 2 years,1,1,1,0,0,0,0
S01009285,Born outside the UK: Resident 2 years or more and less than 5 years,7,3,1,2,4,3,1
S01009285,Born outside the UK: Resident 5 years or more and less than 10 years,5,1,1,0,4,2,2
S01009285,Born outside the UK: Resident 10 years or more,30,30,12,18,0,0,0
S01009286,All people in households,737,675,297,378,62,16,46
S01009286,Born in the UK,714,652,291,361,62,16,46
S01009286,Born outside the UK: Total,23,23,6,17,0,0,0
S01009286,Born outside the UK: Resident less than 2 years,0,0,0,0,0,0,0
S01009286,Born outside the UK: Resident 2 years or more and less than 5 years,2,2,0,2,0,0,0
S01009286,Born outside the UK: Resident 5 years or more and less than 10 years,4,4,1,3,0,0,0
S01009286,Born outside the UK: Resident 10 years or more,17,17,5,12,0,0,0
S01009287,All people in households,754,677,359,318,77,21,56
S01009287,Born in the UK,720,652,345,307,68,21,47
S01009287,Born outside the UK: Total,34,25,14,11,9,0,9
S01009287,Born outside the UK: Resident less than 2 years,6,2,2,0,4,0,4
S01009287,Born outside the UK: Resident 2 years or more and less than 5 years,4,1,0,1,3,0,3
S01009287,Born outside the UK: Resident 5 years or more and less than 10 years,4,4,1,3,0,0,0
S01009287,Born outside the UK: Resident 10 years or more,20,18,11,7,2,0,2
S01009288,All people in households,829,632,283,349,197,24,173
S01009288,Born in the UK,794,608,275,333,186,24,162
S01009288,Born outside the UK: Total,35,24,8,16,11,0,11
S01009288,Born outside the UK: Resident less than 2 years,7,1,1,0,6,0,6
S01009288,Born outside the UK: Resident 2 years or more and less than 5 years,0,0,0,0,0,0,0
S01009288,Born outside the UK: Resident 5 years or more and less than 10 years,2,2,0,2,0,0,0
S01009288,Born outside the UK: Resident 10 years or more,26,21,7,14,5,0,5
S01009289,All people in households,871,793,347,446,78,30,48
S01009289,Born in the UK,841,766,334,432,75,30,45
S01009289,Born outside the UK: Total,30,27,13,14,3,0,3
S01009289,Born outside the UK: Resident less than 2 years,2,2,1,1,0,0,0
S01009289,Born outside the UK: Resident 2 years or more and less than 5 years,2,0,0,0,2,0,2
S01009289,Born outside the UK: Resident 5 years or more and less than 10 years,3,3,1,2,0,0,0
S01009289,Born outside the UK: Resident 10 years or more,23,22,11,11,1,0,1
S01009290,All people in households,646,636,323,313,10,3,7
S01009290,Born in the UK,628,618,317,301,10,3,7
S01009290,Born outside the UK: Total,18,18,6,12,0,0,0
S01009290,Born outside the UK: Resident less than 2 years,0,0,0,0,0,0,0
S01009290,Born outside the UK: Resident 2 years or more and less than 5 years,0,0,0,0,0,0,0
S01009290,Born outside the UK: Resident 5 years or more and less than 10 years,1,1,0,1,0,0,0
S01009290,Born outside the UK: Resident 10 years or more,17,17,6,11,0,0,0
S01009291,All people in households,979,898,365,533,81,19,62
S01009291,Born in the UK,959,887,363,524,72,19,53
S01009291,Born outside the UK: Total,20,11,2,9,9,0,9
S01009291,Born outside the UK: Resident less than 2 years,3,0,0,0,3,0,3
S01009291,Born outside the UK: Resident 2 years or more and less than 5 years,3,2,0,2,1,0,1
S01009291,Born outside the UK: Resident 5 years or more and less than 10 years,3,0,0,0,3,0,3
S01009291,Born outside the UK: Resident 10 years or more,11,9,2,7,2,0,2
S01009292,All people in households,511,319,95,224,192,142,50
S01009292,Born in the UK,498,310,94,216,188,139,49
S01009292,Born outside the UK: Total,13,9,1,8,4,3,1
S01009292,Born outside the UK: Resident less than 2 years,1,0,0,0,1,1,0
S01009292,Born outside the UK: Resident 2 years or more and less than 5 years,0,0,0,0,0,0,0
S01009292,Born outside the UK: Resident 5 years or more and less than 10 years,0,0,0,0,0,0,0
S01009292,Born outside the UK: Resident 10 years or more,12,9,1,8,3,2,1
S01009293,All people in households,723,588,174,414,135,84,51
S01009293,Born in the UK,698,567,166,401,131,84,47
S01009293,Born outside the UK: Total,25,21,8,13,4,0,4
S01009293,Born outside the UK: Resident less than 2 years,4,2,0,2,2,0,2
S01009293,Born outside the UK: Resident 2 years or more and less than 5 years,0,0,0,0,0,0,0
S01009293,Born outside the UK: Resident 5 years or more and less than 10 years,2,2,0,2,0,0,0
S01009293,Born outside the UK: Resident 10 years or more,19,17,8,9,2,0,2
S01009294,All people in households,506,482,169,313,24,3,21
S01009294,Born in the UK,491,470,165,305,21,3,18
S01009294,Born outside the UK: Total,15,12,4,8,3,0,3
S01009294,Born outside the UK: Resident less than 2 years,0,0,0,0,0,0,0
S01009294,Born outside the UK: Resident 2 years or more and less than 5 years,2,2,0,2,0,0,0
S01009294,Born outside the UK: Resident 5 years or more and less than 10 years,0,0,0,0,0,0,0
S01009294,Born outside the UK: Resident 10 years or more,13,10,4,6,3,0,3
S01009295,All people in households,611,578,219,359,33,8,25
S01009295,Born in the UK,586,560,216,344,26,8,18
S01009295,Born outside the UK: Total,25,18,3,15,7,0,7
S01009295,Born outside the UK: Resident less than 2 years,1,0,0,0,1,0,1
S01009295,Born outside the UK: Resident 2 years or more and less than 5 years,2,0,0,0,2,0,2
S01009295,Born outside the UK: Resident 5 years or more and less than 10 years,2,2,0,2,0,0,0
S01009295,Born outside the UK: Resident 10 years or more,20,16,3,13,4,0,4
S01009296,All people in households,506,463,100,363,43,31,12
S01009296,Born in the UK,495,453,99,354,42,30,12
S01009296,Born outside the UK: Total,11,10,1,9,1,1,0
S01009296,Born outside the UK: Resident less than 2 years,2,2,0,2,0,0,0
S01009296,Born outside the UK: Resident 2 years or more and less than 5 years,1,0,0,0,1,1,0
S01009296,Born outside the UK: Resident 5 years or more and less than 10 years,0,0,0,0,0,0,0
S01009296,Born outside the UK: Resident 10 years or more,8,8,1,7,0,0,0
S01009297,All people in households,826,761,246,515,65,16,49
S01009297,Born in the UK,799,743,242,501,56,16,40
S01009297,Born outside the UK: Total,27,18,4,14,9,0,9
S01009297,Born outside the UK: Resident less than 2 years,0,0,0,0,0,0,0
S01009297,Born outside the UK: Resident 2 years or more and less than 5 years,0,0,0,0,0,0,0
S01009297,Born outside the UK: Resident 5 years or more and less than 10 years,7,3,0,3,4,0,4
S01009297,Born outside the UK: Resident 10 years or more,20,15,4,11,5,0,5
S01009298,All people in households,971,466,164,302,505,353,152
S01009298,Born in the UK,920,442,159,283,478,348,130
S01009298,Born outside the UK: Total,51,24,5,19,27,5,22
S01009298,Born outside the UK: Resident less than 2 years,8,1,1,0,7,0,7
S01009298,Born outside the UK: Resident 2 years or more and less than 5 years,4,3,0,3,1,0,1
S01009298,Born outside the UK: Resident 5 years or more and less than 10 years,15,4,0,4,11,1,10
S01009298,Born outside the UK: Resident 10 years or more,24,16,4,12,8,4,4
S01009299,All people in households,972,654,208,446,318,157,161
S01009299,Born in the UK,913,618,200,418,295,154,141
S01009299,Born outside the UK: Total,59,36,8,28,23,3,20
S01009299,Born outside the UK: Resident less than 2 years,6,1,1,0,5,0,5
S01009299,Born outside the UK: Resident 2 years or more and less than 5 years,5,1,0,1,4,0,4
S01009299,Born outside the UK: Resident 5 years or more and less than 10 years,17,13,0,13,4,1,3
S01009299,Born outside the UK: Resident 10 years or more,31,21,7,14,10,2,8
S01009300,All people in households,510,314,82,232,196,122,74
S01009300,Born in the UK,475,296,75,221,179,120,59
S01009300,Born outside the UK: Total,35,18,7,11,17,2,15
S01009300,Born outside the UK: Resident less than 2 years,6,1,0,1,5,0,5
S01009300,Born outside the UK: Resident 2 years or more and less than 5 years,3,1,0,1,2,0,2
S01009300,Born outside the UK: Resident 5 years or more and less than 10 years,12,7,3,4,5,1,4
S01009300,Born outside the UK: Resident 10 years or more,14,9,4,5,5,1,4
S01009301,All people in households,921,389,110,279,532,395,137
S01009301,Born in the UK,877,373,107,266,504,384,120
S01009301,Born outside the UK: Total,44,16,3,13,28,11,17
S01009301,Born outside the UK: Resident less than 2 years,8,0,0,0,8,1,7
S01009301,Born outside the UK: Resident 2 years or more and less than 5 years,4,0,0,0,4,1,3
S01009301,Born outside the UK: Resident 5 years or more and less than 10 years,12,5,0,5,7,3,4
S01009301,Born outside the UK: Resident 10 years or more,20,11,3,8,9,6,3
S01009302,All people in households,845,310,77,233,535,398,137
S01009302,Born in the UK,788,277,67,210,511,385,126
S01009302,Born outside the UK: Total,57,33,10,23,24,13,11
S01009302,Born outside the UK: Resident less than 2 years,2,1,0,1,1,0,1
S01009302,Born outside the UK: Resident 2 years or more and less than 5 years,8,1,0,1,7,4,3
S01009302,Born outside the UK: Resident 5 years or more and less than 10 years,11,10,4,6,1,0,1
S01009302,Born outside the UK: Resident 10 years or more,36,21,6,15,15,9,6
S01009303,All people in households,717,617,242,375,100,29,71
S01009303,Born in the UK,661,574,231,343,87,27,60
S01009303,Born outside the UK: Total,56,43,11,32,13,2,11
S01009303,Born outside the UK: Resident less than 2 years,8,3,0,3,5,0,5
S01009303,Born outside the UK: Resident 2 years or more and less than 5 years,9,4,0,4,5,0,5
S01009303,Born outside the UK: Resident 5 years or more and less than 10 years,11,11,0,11,0,0,0
S01009303,Born outside the UK: Resident 10 years or more,28,25,11,14,3,2,1
S01009304,All people in households,964,742,239,503,222,186,36
S01009304,Born in the UK,948,731,237,494,217,182,35
S01009304,Born outside the UK: Total,16,11,2,9,5,4,1
S01009304,Born outside the UK: Resident less than 2 years,0,0,0,0,0,0,0
S01009304,Born outside the UK: Resident 2 years or more and less than 5 years,0,0,0,0,0,0,0
S01009304,Born outside the UK: Resident 5 years or more and less than 10 years,1,0,0,0,1,0,1
S01009304,Born outside the UK: Resident 10 years or more,15,11,2,9,4,4,0
S01009305,All people in households,736,517,166,351,219,133,86
S01009305,Born in the UK,705,499,158,341,206,131,75
S01009305,Born outside the UK: Total,31,18,8,10,13,2,11
S01009305,Born outside the UK: Resident less than 2 years,5,1,1,0,4,0,4
S01009305,Born outside the UK: Resident 2 years or more and less than 5 years,6,1,0,1,5,1,4
S01009305,Born outside the UK: Resident 5 years or more and less than 10 years,2,2,2,0,0,0,0
S01009305,Born outside the UK: Resident 10 years or more,18,14,5,9,4,1,3
S01009306,All people in households,1094,657,174,483,437,213,224
S01009306,Born in the UK,1022,629,166,463,393,199,194
S01009306,Born outside the UK: Total,72,28,8,20,44,14,30
S01009306,Born outside the UK: Resident less than 2 years,17,0,0,0,17,1,16
S01009306,Born outside the UK: Resident 2 years or more and less than 5 years,19,5,0,5,14,7,7
S01009306,Born outside the UK: Resident 5 years or more and less than 10 years,10,4,0,4,6,2,4
S01009306,Born outside the UK: Resident 10 years or more,26,19,8,11,7,4,3
S01009307,All people in households,979,617,228,389,362,84,278
S01009307,Born in the UK,886,591,216,375,295,80,215
S01009307,Born outside the UK: Total,93,26,12,14,67,4,63
S01009307,Born outside the UK: Resident less than 2 years,18,0,0,0,18,0,18
S01009307,Born outside the UK: Resident 2 years or more and less than 5 years,20,2,1,1,18,1,17
S01009307,Born outside the UK: Resident 5 years or more and less than 10 years,17,2,0,2,15,1,14
S01009307,Born outside the UK: Resident 10 years or more,38,22,11,11,16,2,14
S01009308,All people in households,513,290,133,157,223,68,155
S01009308,Born in the UK,444,263,123,140,181,59,122
S01009308,Born outside the UK: Total,69,27,10,17,42,9,33
S01009308,Born outside the UK: Resident less than 2 years,16,5,3,2,11,0,11
S01009308,Born outside the UK: Resident 2 years or more and less than 5 years,10,1,0,1,9,3,6
S01009308,Born outside the UK: Resident 5 years or more and less than 10 years,25,13,2,11,12,5,7
S01009308,Born outside the UK: Resident 10 years or more,18,8,5,3,10,1,9
S01009309,All people in households,726,433,151,282,293,77,216
S01009309,Born in the UK,678,414,147,267,264,69,195
S01009309,Born outside the UK: Total,48,19,4,15,29,8,21
S01009309,Born outside the UK: Resident less than 2 years,7,1,0,1,6,0,6
S01009309,Born outside the UK: Resident 2 years or more and less than 5 years,12,1,0,1,11,2,9
S01009309,Born outside the UK: Resident 5 years or more and less than 10 years,8,1,0,1,7,5,2
S01009309,Born outside the UK: Resident 10 years or more,21,16,4,12,5,1,4
S01009310,All people in households,891,791,356,435,100,21,79
S01009310,Born in the UK,839,755,343,412,84,20,64
S01009310,Born outside the UK: Total,52,36,13,23,16,1,15
S01009310,Born outside the UK: Resident less than 2 years,8,4,0,4,4,0,4
S01009310,Born outside the UK: Resident 2 years or more and less than 5 years,3,0,0,0,3,0,3
S01009310,Born outside the UK: Resident 5 years or more and less than 10 years,9,7,0,7,2,1,1
S01009310,Born outside the UK: Resident 10 years or more,32,25,13,12,7,0,7
S01009311,All people in households,753,380,105,275,373,325,48
S01009311,Born in the UK,723,360,100,260,363,323,40
S01009311,Born outside the UK: Total,30,20,5,15,10,2,8
S01009311,Born outside the UK: Resident less than 2 years,0,0,0,0,0,0,0
S01009311,Born outside the UK: Resident 2 years or more and less than 5 years,8,5,0,5,3,0,3
S01009311,Born outside the UK: Resident 5 years or more and less than 10 years,6,4,0,4,2,0,2
S01009311,Born outside the UK: Resident 10 years or more,16,11,5,6,5,2,3
S01009312,All people in households,650,402,118,284,248,73,175
S01009312,Born in the UK,573,371,110,261,202,70,132
S01009312,Born outside the UK: Total,77,31,8,23,46,3,43
S01009312,Born outside the UK: Resident less than 2 years,9,2,1,1,7,0,7
S01009312,Born outside the UK: Resident 2 years or more and less than 5 years,30,6,0,6,24,1,23
S01009312,Born outside the UK: Resident 5 years or more and less than 10 years,12,7,2,5,5,0,5
S01009312,Born outside the UK: Resident 10 years or more,26,16,5,11,10,2,8
S01009313,All people in households,542,294,111,183,248,185,63
S01009313,Born in the UK,509,276,106,170,233,180,53
S01009313,Born outside the UK: Total,33,18,5,13,15,5,10
S01009313,Born outside the UK: Resident less than 2 years,1,0,0,0,1,0,1
S01009313,Born outside the UK: Resident 2 years or more and less than 5 years,6,6,1,5,0,0,0
S01009313,Born outside the UK: Resident 5 years or more and less than 10 years,10,4,1,3,6,0,6
S01009313,Born outside the UK: Resident 10 years or more,16,8,3,5,8,5,3
S01009314,All people in households,650,573,218,355,77,36,41
S01009314,Born in the UK,621,552,212,340,69,35,34
S01009314,Born outside the UK: Total,29,21,6,15,8,1,7
S01009314,Born outside the UK: Resident less than 2 years,2,1,0,1,1,0,1
S01009314,Born outside the UK: Resident 2 years or more and less than 5 years,2,1,0,1,1,0,1
S01009314,Born outside the UK: Resident 5 years or more and less than 10 years,9,5,0,5,4,0,4
S01009314,Born outside the UK: Resident 10 years or more,16,14,6,8,2,1,1
S01009315,All people in households,616,398,124,274,218,178,40
S01009315,Born in the UK,584,380,116,264,204,171,33
S01009315,Born outside the UK: Total,32,18,8,10,14,7,7
S01009315,Born outside the UK: Resident less than 2 years,12,4,0,4,8,2,6
S01009315,Born outside the UK: Resident 2 years or more and less than 5 years,7,4,3,1,3,2,1
S01009315,Born outside the UK: Resident 5 years or more and less than 10 years,3,3,2,1,0,0,0
S01009315,Born outside the UK: Resident 10 years or more,10,7,3,4,3,3,0
S01009316,All people in households,749,654,237,417,95,25,70
S01009316,Born in the UK,714,630,231,399,84,23,61
S01009316,Born outside the UK: Total,35,24,6,18,11,2,9
S01009316,Born outside the UK: Resident less than 2 years,1,0,0,0,1,0,1
S01009316,Born outside the UK: Resident 2 years or more and less than 5 years,10,7,1,6,3,0,3
S01009316,Born outside the UK: Resident 5 years or more and less than 10 years,7,5,1,4,2,0,2
S01009316,Born outside the UK: Resident 10 years or more,17,12,4,8,5,2,3
S01009317,All people in households,847,815,327,488,32,5,27
S01009317,Born in the UK,806,778,313,465,28,5,23
S01009317,Born outside the UK: Total,41,37,14,23,4,0,4
S01009317,Born outside the UK: Resident less than 2 years,1,1,0,1,0,0,0
S01009317,Born outside the UK: Resident 2 years or more and less than 5 years,8,6,0,6,2,0,2
S01009317,Born outside the UK: Resident 5 years or more and less than 10 years,3,3,0,3,0,0,0
S01009317,Born outside the UK: Resident 10 years or more,29,27,14,13,2,0,2
S01009318,All people in households,619,585,223,362,34,7,27
S01009318,Born in the UK,596,565,219,346,31,7,24
S01009318,Born outside the UK: Total,23,20,4,16,3,0,3
S01009318,Born outside the UK: Resident less than 2 years,0,0,0,0,0,0,0
S01009318,Born outside the UK: Resident 2 years or more and less than 5 years,2,1,0,1,1,0,1
S01009318,Born outside the UK: Resident 5 years or more and less than 10 years,3,1,0,1,2,0,2
S01009318,Born outside the UK: Resident 10 years or more,18,18,4,14,0,0,0
S01009319,All people in households,903,839,379,460,64,26,38
S01009319,Born in the UK,868,811,368,443,57,25,32
S01009319,Born outside the UK: Total,35,28,11,17,7,1,6
S01009319,Born outside the UK: Resident less than 2 years,1,1,1,0,0,0,0
S01009319,Born outside the UK: Resident 2 years or more and less than 5 years,2,0,0,0,2,0,2
S01009319,Born outside the UK: Resident 5 years or more and less than 10 years,4,1,0,1,3,0,3
S01009319,Born outside the UK: Resident 10 years or more,28,26,10,16,2,1,1
S01009320,All people in households,704,517,143,374,187,155,32
S01009320,Born in the UK,670,491,139,352,179,151,28
S01009320,Born outside the UK: Total,34,26,4,22,8,4,4
S01009320,Born outside the UK: Resident less than 2 years,3,1,0,1,2,0,2
S01009320,Born outside the UK: Resident 2 years or more and less than 5 years,4,3,0,3,1,0,1
S01009320,Born outside the UK: Resident 5 years or more and less than 10 years,0,0,0,0,0,0,0
S01009320,Born outside the UK: Resident 10 years or more,27,22,4,18,5,4,1
S01009321,All people in households,676,634,279,355,42,11,31
S01009321,Born in the UK,643,606,266,340,37,11,26
S01009321,Born outside the UK: Total,33,28,13,15,5,0,5
S01009321,Born outside the UK: Resident less than 2 years,0,0,0,0,0,0,0
S01009321,Born outside the UK: Resident 2 years or more and less than 5 years,2,1,0,1,1,0,1
S01009321,Born outside the UK: Resident 5 years or more and less than 10 years,11,11,6,5,0,0,0
S01009321,Born outside the UK: Resident 10 years or more,20,16,7,9,4,0,4
S01009322,All people in households,798,659,249,410,139,78,61
S01009322,Born in the UK,778,641,241,400,137,78,59
S01009322,Born outside the UK: Total,20,18,8,10,2,0,2
S01009322,Born outside the UK: Resident less than 2 years,1,0,0,0,1,0,1
S01009322,Born outside the UK: Resident 2 years or more and less than 5 years,0,0,0,0,0,0,0
S01009322,Born outside the UK: Resident 5 years or more and less than 10 years,4,4,1,3,0,0,0
S01009322,Born outside the UK: Resident 10 years or more,15,14,7,7,1,0,1
S01009323,All people in households,622,479,207,272,143,92,51
S01009323,Born in the UK,610,467,203,264,143,92,51
S01009323,Born outside the UK: Total,12,12,4,8,0,0,0
S01009323,Born outside the UK: Resident less than 2 years,2,2,0,2,0,0,0
S01009323,Born outside the UK: Resident 2 years or more and less than 5 years,1,1,1,0,0,0,0
S01009323,Born outside the UK: Resident 5 years or more and less than 10 years,0,0,0,0,0,0,0
S01009323,Born outside the UK: Resident 10 years or more,9,9,3,6,0,0,0
S01009324,All people in households,528,368,116,252,160,102,58
S01009324,Born in the UK,504,353,116,237,151,101,50
S01009324,Born outside the UK: Total,24,15,0,15,9,1,8
S01009324,Born outside the UK: Resident less than 2 years,1,1,0,1,0,0,0
S01009324,Born outside the UK: Resident 2 years or more and less than 5 years,5,1,0,1,4,1,3
S01009324,Born outside the UK: Resident 5 years or more and less than 10 years,9,5,0,5,4,0,4
S01009324,Born outside the UK: Resident 10 years or more,9,8,0,8,1,0,1
S01009325,All people in households,730,640,153,487,90,19,71
S01009325,Born in the UK,708,624,150,474,84,18,66
S01009325,Born outside the UK: Total,22,16,3,13,6,1,5
S01009325,Born outside the UK: Resident less than 2 years,6,2,0,2,4,0,4
S01009325,Born outside the UK: Resident 2 years or more and less than 5 years,2,2,2,0,0,0,0
S01009325,Born outside the UK: Resident 5 years or more and less than 10 years,2,1,0,1,1,1,0
S01009325,Born outside the UK: Resident 10 years or more,12,11,1,10,1,0,1
S01009326,All people in households,602,477,61,416,125,115,10
S01009326,Born in the UK,580,457,59,398,123,113,10
S01009326,Born outside the UK: Total,22,20,2,18,2,2,0
S01009326,Born outside the UK: Resident less than 2 years,0,0,0,0,0,0,0
S01009326,Born outside the UK: Resident 2 years or more and less than 5 years,5,5,0,5,0,0,0
S01009326,Born outside the UK: Resident 5 years or more and less than 10 years,12,11,1,10,1,1,0
S01009326,Born outside the UK: Resident 10 years or more,5,4,1,3,1,1,0
S01009327,All people in households,579,497,246,251,82,62,20
S01009327,Born in the UK,564,484,238,246,80,60,20
S01009327,Born outside the UK: Total,15,13,8,5,2,2,0
S01009327,Born outside the UK: Resident less than 2 years,1,1,0,1,0,0,0
S01009327,Born outside the UK: Resident 2 years or more and less than 5 years,1,1,0,1,0,0,0
S01009327,Born outside the UK: Resident 5 years or more and less than 10 years,3,2,2,0,1,1,0
S01009327,Born outside the UK: Resident 10 years or more,10,9,6,3,1,1,0
S01009328,All people in households,683,591,37,554,92,0,92
S01009328,Born in the UK,636,555,32,523,81,0,81
S01009328,Born outside the UK: Total,47,36,5,31,11,0,11
S01009328,Born outside the UK: Resident less than 2 years,6,4,3,1,2,0,2
S01009328,Born outside the UK: Resident 2 years or more and less than 5 years,10,8,0,8,2,0,2
S01009328,Born outside the UK: Resident 5 years or more and less than 10 years,14,12,0,12,2,0,2
S01009328,Born outside the UK: Resident 10 years or more,17,12,2,10,5,0,5
S01009329,All people in households,442,352,38,314,90,44,46
S01009329,Born in the UK,417,332,34,298,85,43,42
S01009329,Born outside the UK: Total,25,20,4,16,5,1,4
S01009329,Born outside the UK: Resident less than 2 years,1,1,0,1,0,0,0
S01009329,Born outside the UK: Resident 2 years or more and less than 5 years,3,2,0,2,1,0,1
S01009329,Born outside the UK: Resident 5 years or more and less than 10 years,6,4,1,3,2,0,2
S01009329,Born outside the UK: Resident 10 years or more,15,13,3,10,2,1,1
S01009330,All people in households,503,253,48,205,250,191,59
S01009330,Born in the UK,464,232,46,186,232,184,48
S01009330,Born outside the UK: Total,39,21,2,19,18,7,11
S01009330,Born outside the UK: Resident less than 2 years,6,4,0,4,2,0,2
S01009330,Born outside the UK: Resident 2 years or more and less than 5 years,15,4,0,4,11,6,5
S01009330,Born outside the UK: Resident 5 years or more and less than 10 years,9,7,0,7,2,0,2
S01009330,Born outside the UK: Resident 10 years or more,9,6,2,4,3,1,2
S01009331,All people in households,573,537,62,475,36,0,36
S01009331,Born in the UK,548,513,58,455,35,0,35
S01009331,Born outside the UK: Total,25,24,4,20,1,0,1
S01009331,Born outside the UK: Resident less than 2 years,0,0,0,0,0,0,0
S01009331,Born outside the UK: Resident 2 years or more and less than 5 years,6,6,2,4,0,0,0
S01009331,Born outside the UK: Resident 5 years or more and less than 10 years,6,6,0,6,0,0,0
S01009331,Born outside the UK: Resident 10 years or more,13,12,2,10,1,0,1
S01009332,All people in households,867,819,259,560,48,18,30
S01009332,Born in the UK,831,790,253,537,41,16,25
S01009332,Born outside the UK: Total,36,29,6,23,7,2,5
S01009332,Born outside the UK: Resident less than 2 years,2,1,0,1,1,0,1
S01009332,Born outside the UK: Resident 2 years or more and less than 5 years,5,3,0,3,2,0,2
S01009332,Born outside the UK: Resident 5 years or more and less than 10 years,8,6,1,5,2,0,2
S01009332,Born outside the UK: Resident 10 years or more,21,19,5,14,2,2,0
S01009333,All people in households,738,485,133,352,253,115,138
S01009333,Born in the UK,704,464,129,335,240,110,130
S01009333,Born outside the UK: Total,34,21,4,17,13,5,8
S01009333,Born outside the UK: Resident less than 2 years,2,0,0,0,2,0,2
S01009333,Born outside the UK: Resident 2 years or more and less than 5 years,12,6,0,6,6,1,5
S01009333,Born outside the UK: Resident 5 years or more and less than 10 years,4,3,0,3,1,1,0
S01009333,Born outside the UK: Resident 10 years or more,16,12,4,8,4,3,1
S01009334,All people in households,636,325,101,224,311,255,56
S01009334,Born in the UK,613,314,98,216,299,244,55
S01009334,Born outside the UK: Total,23,11,3,8,12,11,1
S01009334,Born outside the UK: Resident less than 2 years,0,0,0,0,0,0,0
S01009334,Born outside the UK: Resident 2 years or more and less than 5 years,7,2,0,2,5,5,0
S01009334,Born outside the UK: Resident 5 years or more and less than 10 years,3,3,0,3,0,0,0
S01009334,Born outside the UK: Resident 10 years or more,13,6,3,3,7,6,1
S01009335,All people in households,772,467,163,304,305,244,61
S01009335,Born in the UK,735,449,159,290,286,241,45
S01009335,Born outside the UK: Total,37,18,4,14,19,3,16
S01009335,Born outside the UK: Resident less than 2 years,3,0,0,0,3,0,3
S01009335,Born outside the UK: Resident 2 years or more and less than 5 years,9,1,0,1,8,0,8
S01009335,Born outside the UK: Resident 5 years or more and less than 10 years,12,10,1,9,2,0,2
S01009335,Born outside the UK: Resident 10 years or more,13,7,3,4,6,3,3
S01009336,All people in households,655,250,98,152,405,338,67
S01009336,Born in the UK,614,239,93,146,375,330,45
S01009336,Born outside the UK: Total,41,11,5,6,30,8,22
S01009336,Born outside the UK: Resident less than 2 years,9,1,1,0,8,1,7
S01009336,Born outside the UK: Resident 2 years or more and less than 5 years,17,3,0,3,14,4,10
S01009336,Born outside the UK: Resident 5 years or more and less than 10 years,4,1,0,1,3,0,3
S01009336,Born outside the UK: Resident 10 years or more,11,6,4,2,5,3,2
S01009337,All people in households,743,345,86,259,398,356,42
S01009337,Born in the UK,719,334,86,248,385,351,34
S01009337,Born outside the UK: Total,24,11,0,11,13,5,8
S01009337,Born outside the UK: Resident less than 2 years,1,0,0,0,1,0,1
S01009337,Born outside the UK: Resident 2 years or more and less than 5 years,7,5,0,5,2,0,2
S01009337,Born outside the UK: Resident 5 years or more and less than 10 years,1,0,0,0,1,0,1
S01009337,Born outside the UK: Resident 10 years or more,15,6,0,6,9,5,4
S01009338,All people in households,725,328,91,237,397,352,45
S01009338,Born in the UK,689,307,87,220,382,347,35
S01009338,Born outside the UK: Total,36,21,4,17,15,5,10
S01009338,Born outside the UK: Resident less than 2 years,2,0,0,0,2,0,2
S01009338,Born outside the UK: Resident 2 years or more and less than 5 years,9,9,0,9,0,0,0
S01009338,Born outside the UK: Resident 5 years or more and less than 10 years,11,3,0,3,8,0,8
S01009338,Born outside the UK: Resident 10 years or more,14,9,4,5,5,5,0
S01009339,All people in households,853,329,93,236,524,454,70
S01009339,Born in the UK,809,296,86,210,513,447,66
S01009339,Born outside the UK: Total,44,33,7,26,11,7,4
S01009339,Born outside the UK: Resident less than 2 years,0,0,0,0,0,0,0
S01009339,Born outside the UK: Resident 2 years or more and less than 5 years,14,11,1,10,3,0,3
S01009339,Born outside the UK: Resident 5 years or more and less than 10 years,10,9,1,8,1,0,1
S01009339,Born outside the UK: Resident 10 years or more,20,13,5,8,7,7,0
S01009340,All people in households,596,325,116,209,271,225,46
S01009340,Born in the UK,572,317,111,206,255,218,37
S01009340,Born outside the UK: Total,24,8,5,3,16,7,9
S01009340,Born outside the UK: Resident less than 2 years,4,0,0,0,4,2,2
S01009340,Born outside the UK: Resident 2 years or more and less than 5 years,8,0,0,0,8,3,5
S01009340,Born outside the UK: Resident 5 years or more and less than 10 years,3,0,0,0,3,1,2
S01009340,Born outside the UK: Resident 10 years or more,9,8,5,3,1,1,0
S01009341,All people in households,583,358,120,238,225,164,61
S01009341,Born in the UK,562,344,115,229,218,162,56
S01009341,Born outside the UK: Total,21,14,5,9,7,2,5
S01009341,Born outside the UK: Resident less than 2 years,1,1,0,1,0,0,0
S01009341,Born outside the UK: Resident 2 years or more and less than 5 years,3,0,0,0,3,0,3
S01009341,Born outside the UK: Resident 5 years or more and less than 10 years,4,3,1,2,1,0,1
S01009341,Born outside the UK: Resident 10 years or more,13,10,4,6,3,2,1
S01009342,All people in households,742,499,149,350,243,179,64
S01009342,Born in the UK,702,477,146,331,225,173,52
S01009342,Born outside the UK: Total,40,22,3,19,18,6,12
S01009342,Born outside the UK: Resident less than 2 years,0,0,0,0,0,0,0
S01009342,Born outside the UK: Resident 2 years or more and less than 5 years,13,3,0,3,10,3,7
S01009342,Born outside the UK: Resident 5 years or more and less than 10 years,5,2,0,2,3,1,2
S01009342,Born outside the UK: Resident 10 years or more,22,17,3,14,5,2,3
S01009343,All people in households,574,462,116,346,112,51,61
S01009343,Born in the UK,554,447,114,333,107,49,58
S01009343,Born outside the UK: Total,20,15,2,13,5,2,3
S01009343,Born outside the UK: Resident less than 2 years,0,0,0,0,0,0,0
S01009343,Born outside the UK: Resident 2 years or more and less than 5 years,5,4,0,4,1,0,1
S01009343,Born outside the UK: Resident 5 years or more and less than 10 years,6,5,0,5,1,0,1
S01009343,Born outside the UK: Resident 10 years or more,9,6,2,4,3,2,1
S01009344,All people in households,630,338,133,205,292,238,54
S01009344,Born in the UK,609,327,131,196,282,235,47
S01009344,Born outside the UK: Total,21,11,2,9,10,3,7
S01009344,Born outside the UK: Resident less than 2 years,0,0,0,0,0,0,0
S01009344,Born outside the UK: Resident 2 years or more and less than 5 years,1,0,0,0,1,0,1
S01009344,Born outside the UK: Resident 5 years or more and less than 10 years,7,1,1,0,6,1,5
S01009344,Born outside the UK: Resident 10 years or more,13,10,1,9,3,2,1
S01009345,All people in households,942,693,186,507,249,115,134
S01009345,Born in the UK,909,674,179,495,235,109,126
S01009345,Born outside the UK: Total,33,19,7,12,14,6,8
S01009345,Born outside the UK: Resident less than 2 years,1,1,1,0,0,0,0
S01009345,Born outside the UK: Resident 2 years or more and less than 5 years,7,0,0,0,7,3,4
S01009345,Born outside the UK: Resident 5 years or more and less than 10 years,6,5,2,3,1,0,1
S01009345,Born outside the UK: Resident 10 years or more,19,13,4,9,6,3,3
S01009346,All people in households,719,685,70,615,34,7,27
S01009346,Born in the UK,662,636,66,570,26,7,19
S01009346,Born outside the UK: Total,57,49,4,45,8,0,8
S01009346,Born outside the UK: Resident less than 2 years,5,4,0,4,1,0,1
S01009346,Born outside the UK: Resident 2 years or more and less than 5 years,5,5,0,5,0,0,0
S01009346,Born outside the UK: Resident 5 years or more and less than 10 years,15,13,1,12,2,0,2
S01009346,Born outside the UK: Resident 10 years or more,32,27,3,24,5,0,5
S01009347,All people in households,691,678,117,561,13,0,13
S01009347,Born in the UK,660,647,112,535,13,0,13
S01009347,Born outside the UK: Total,31,31,5,26,0,0,0
S01009347,Born outside the UK: Resident less than 2 years,0,0,0,0,0,0,0
S01009347,Born outside the UK: Resident 2 years or more and less than 5 years,3,3,1,2,0,0,0
S01009347,Born outside the UK: Resident 5 years or more and less than 10 years,5,5,0,5,0,0,0
S01009347,Born outside the UK: Resident 10 years or more,23,23,4,19,0,0,0
S01009348,All people in households,510,486,31,455,24,0,24
S01009348,Born in the UK,483,461,31,430,22,0,22
S01009348,Born outside the UK: Total,27,25,0,25,2,0,2
S01009348,Born outside the UK: Resident less than 2 years,0,0,0,0,0,0,0
S01009348,Born outside the UK: Resident 2 years or more and less than 5 years,6,6,0,6,0,0,0
S01009348,Born outside the UK: Resident 5 years or more and less than 10 years,4,4,0,4,0,0,0
S01009348,Born outside the UK: Resident 10 years or more,17,15,0,15,2,0,2
S01009349,All people in households,830,740,75,665,90,8,82
S01009349,Born in the UK,770,696,72,624,74,8,66
S01009349,Born outside the UK: Total,60,44,3,41,16,0,16
S01009349,Born outside the UK: Resident less than 2 years,6,1,0,1,5,0,5
S01009349,Born outside the UK: Resident 2 years or more and less than 5 years,7,2,0,2,5,0,5
S01009349,Born outside the UK: Resident 5 years or more and less than 10 years,13,8,1,7,5,0,5
S01009349,Born outside the UK: Resident 10 years or more,34,33,2,31,1,0,1
S01009350,All people in households,622,416,30,386,206,131,75
S01009350,Born in the UK,576,391,28,363,185,124,61
S01009350,Born outside the UK: Total,46,25,2,23,21,7,14
S01009350,Born outside the UK: Resident less than 2 years,2,0,0,0,2,0,2
S01009350,Born outside the UK: Resident 2 years or more and less than 5 years,6,2,0,2,4,1,3
S01009350,Born outside the UK: Resident 5 years or more and less than 10 years,12,4,0,4,8,5,3
S01009350,Born outside the UK: Resident 10 years or more,26,19,2,17,7,1,6
S01009351,All people in households,527,399,56,343,128,8,120
S01009351,Born in the UK,473,371,48,323,102,8,94
S01009351,Born outside the UK: Total,54,28,8,20,26,0,26
S01009351,Born outside the UK: Resident less than 2 years,3,0,0,0,3,0,3
S01009351,Born outside the UK: Resident 2 years or more and less than 5 years,15,2,1,1,13,0,13
S01009351,Born outside the UK: Resident 5 years or more and less than 10 years,14,13,3,10,1,0,1
S01009351,Born outside the UK: Resident 10 years or more,22,13,4,9,9,0,9
S01009352,All people in households,797,721,66,655,76,3,73
S01009352,Born in the UK,755,691,64,627,64,3,61
S01009352,Born outside the UK: Total,42,30,2,28,12,0,12
S01009352,Born outside the UK: Resident less than 2 years,2,0,0,0,2,0,2
S01009352,Born outside the UK: Resident 2 years or more and less than 5 years,10,4,0,4,6,0,6
S01009352,Born outside the UK: Resident 5 years or more and less than 10 years,9,6,0,6,3,0,3
S01009352,Born outside the UK: Resident 10 years or more,21,20,2,18,1,0,1
S01009353,All people in households,403,364,56,308,39,1,38
S01009353,Born in the UK,382,348,53,295,34,1,33
S01009353,Born outside the UK: Total,21,16,3,13,5,0,5
S01009353,Born outside the UK: Resident less than 2 years,2,2,0,2,0,0,0
S01009353,Born outside the UK: Resident 2 years or more and less than 5 years,0,0,0,0,0,0,0
S01009353,Born outside the UK: Resident 5 years or more and less than 10 years,3,1,1,0,2,0,2
S01009353,Born outside the UK: Resident 10 years or more,16,13,2,11,3,0,3
S01009354,All people in households,925,842,71,771,83,3,80
S01009354,Born in the UK,876,809,65,744,67,2,65
S01009354,Born outside the UK: Total,49,33,6,27,16,1,15
S01009354,Born outside the UK: Resident less than 2 years,4,2,0,2,2,0,2
S01009354,Born outside the UK: Resident 2 years or more and less than 5 years,8,3,0,3,5,0,5
S01009354,Born outside the UK: Resident 5 years or more and less than 10 years,11,7,2,5,4,1,3
S01009354,Born outside the UK: Resident 10 years or more,26,21,4,17,5,0,5
S01009355,All people in households,866,789,315,474,77,19,58
S01009355,Born in the UK,835,762,306,456,73,16,57
S01009355,Born outside the UK: Total,31,27,9,18,4,3,1
S01009355,Born outside the UK: Resident less than 2 years,1,1,1,0,0,0,0
S01009355,Born outside the UK: Resident 2 years or more and less than 5 years,2,2,0,2,0,0,0
S01009355,Born outside the UK: Resident 5 years or more and less than 10 years,2,1,0,1,1,1,0
S01009355,Born outside the UK: Resident 10 years or more,26,23,8,15,3,2,1
S01009356,All people in households,963,905,352,553,58,13,45
S01009356,Born in the UK,930,874,342,532,56,13,43
S01009356,Born outside the UK: Total,33,31,10,21,2,0,2
S01009356,Born outside the UK: Resident less than 2 years,1,1,1,0,0,0,0
S01009356,Born outside the UK: Resident 2 years or more and less than 5 years,0,0,0,0,0,0,0
S01009356,Born outside the UK: Resident 5 years or more and less than 10 years,7,5,0,5,2,0,2
S01009356,Born outside the UK: Resident 10 years or more,25,25,9,16,0,0,0
S01009357,All people in households,485,375,71,304,110,3,107
S01009357,Born in the UK,444,353,64,289,91,3,88
S01009357,Born outside the UK: Total,41,22,7,15,19,0,19
S01009357,Born outside the UK: Resident less than 2 years,4,0,0,0,4,0,4
S01009357,Born outside the UK: Resident 2 years or more and less than 5 years,7,1,0,1,6,0,6
S01009357,Born outside the UK: Resident 5 years or more and less than 10 years,5,4,0,4,1,0,1
S01009357,Born outside the UK: Resident 10 years or more,25,17,7,10,8,0,8
S01009358,All people in households,725,716,181,535,9,0,9
S01009358,Born in the UK,679,672,169,503,7,0,7
S01009358,Born outside the UK: Total,46,44,12,32,2,0,2
S01009358,Born outside the UK: Resident less than 2 years,2,2,2,0,0,0,0
S01009358,Born outside the UK: Resident 2 years or more and less than 5 years,6,6,1,5,0,0,0
S01009358,Born outside the UK: Resident 5 years or more and less than 10 years,5,3,0,3,2,0,2
S01009358,Born outside the UK: Resident 10 years or more,33,33,9,24,0,0,0
S01009359,All people in households,774,685,104,581,89,22,67
S01009359,Born in the UK,715,640,95,545,75,19,56
S01009359,Born outside the UK: Total,59,45,9,36,14,3,11
S01009359,Born outside the UK: Resident less than 2 years,1,0,0,0,1,0,1
S01009359,Born outside the UK: Resident 2 years or more and less than 5 years,10,5,1,4,5,0,5
S01009359,Born outside the UK: Resident 5 years or more and less than 10 years,13,9,0,9,4,3,1
S01009359,Born outside the UK: Resident 10 years or more,35,31,8,23,4,0,4
S01009360,All people in households,835,702,280,422,133,38,95
S01009360,Born in the UK,768,651,268,383,117,37,80
S01009360,Born outside the UK: Total,67,51,12,39,16,1,15
S01009360,Born outside the UK: Resident less than 2 years,3,1,0,1,2,0,2
S01009360,Born outside the UK: Resident 2 years or more and less than 5 years,13,5,0,5,8,0,8
S01009360,Born outside the UK: Resident 5 years or more and less than 10 years,19,14,1,13,5,0,5
S01009360,Born outside the UK: Resident 10 years or more,32,31,11,20,1,1,0
S01009361,All people in households,768,649,253,396,119,65,54
S01009361,Born in the UK,744,629,248,381,115,65,50
S01009361,Born outside the UK: Total,24,20,5,15,4,0,4
S01009361,Born outside the UK: Resident less than 2 years,1,0,0,0,1,0,1
S01009361,Born outside the UK: Resident 2 years or more and less than 5 years,0,0,0,0,0,0,0
S01009361,Born outside the UK: Resident 5 years or more and less than 10 years,5,5,0,5,0,0,0
S01009361,Born outside the UK: Resident 10 years or more,18,15,5,10,3,0,3
S01009362,All people in households,1015,940,354,586,75,11,64
S01009362,Born in the UK,988,919,352,567,69,10,59
S01009362,Born outside the UK: Total,27,21,2,19,6,1,5
S01009362,Born outside the UK: Resident less than 2 years,1,0,0,0,1,0,1
S01009362,Born outside the UK: Resident 2 years or more and less than 5 years,3,1,0,1,2,0,2
S01009362,Born outside the UK: Resident 5 years or more and less than 10 years,6,5,0,5,1,0,1
S01009362,Born outside the UK: Resident 10 years or more,17,15,2,13,2,1,1
S01009363,All people in households,833,600,230,370,233,167,66
S01009363,Born in the UK,805,581,227,354,224,160,64
S01009363,Born outside the UK: Total,28,19,3,16,9,7,2
S01009363,Born outside the UK: Resident less than 2 years,0,0,0,0,0,0,0
S01009363,Born outside the UK: Resident 2 years or more and less than 5 years,5,3,0,3,2,0,2
S01009363,Born outside the UK: Resident 5 years or more and less than 10 years,3,3,0,3,0,0,0
S01009363,Born outside the UK: Resident 10 years or more,20,13,3,10,7,7,0
S01009364,All people in households,860,699,134,565,161,80,81
S01009364,Born in the UK,826,675,133,542,151,75,76
S01009364,Born outside the UK: Total,34,24,1,23,10,5,5
S01009364,Born outside the UK: Resident less than 2 years,0,0,0,0,0,0,0
S01009364,Born outside the UK: Resident 2 years or more and less than 5 years,6,1,0,1,5,2,3
S01009364,Born outside the UK: Resident 5 years or more and less than 10 years,9,8,0,8,1,1,0
S01009364,Born outside the UK: Resident 10 years or more,19,15,1,14,4,2,2
S01009365,All people in households,565,445,174,271,120,62,58
S01009365,Born in the UK,548,434,170,264,114,61,53
S01009365,Born outside the UK: Total,17,11,4,7,6,1,5
S01009365,Born outside the UK: Resident less than 2 years,0,0,0,0,0,0,0
S01009365,Born outside the UK: Resident 2 years or more and less than 5 years,5,3,0,3,2,0,2
S01009365,Born outside the UK: Resident 5 years or more and less than 10 years,4,4,2,2,0,0,0
S01009365,Born outside the UK: Resident 10 years or more,8,4,2,2,4,1,3
S01009366,All people in households,758,536,198,338,222,143,79
S01009366,Born in the UK,716,509,190,319,207,137,70
S01009366,Born outside the UK: Total,42,27,8,19,15,6,9
S01009366,Born outside the UK: Resident less than 2 years,9,1,1,0,8,3,5
S01009366,Born outside the UK: Resident 2 years or more and less than 5 years,6,5,3,2,1,0,1
S01009366,Born outside the UK: Resident 5 years or more and less than 10 years,12,9,0,9,3,2,1
S01009366,Born outside the UK: Resident 10 years or more,15,12,4,8,3,1,2
S01009367,All people in households,628,392,135,257,236,155,81
S01009367,Born in the UK,595,381,132,249,214,154,60
S01009367,Born outside the UK: Total,33,11,3,8,22,1,21
S01009367,Born outside the UK: Resident less than 2 years,4,0,0,0,4,0,4
S01009367,Born outside the UK: Resident 2 years or more and less than 5 years,14,2,2,0,12,0,12
S01009367,Born outside the UK: Resident 5 years or more and less than 10 years,5,2,0,2,3,1,2
S01009367,Born outside the UK: Resident 10 years or more,10,7,1,6,3,0,3
S01009368,All people in households,581,310,90,220,271,237,34
S01009368,Born in the UK,564,302,88,214,262,233,29
S01009368,Born outside the UK: Total,17,8,2,6,9,4,5
S01009368,Born outside the UK: Resident less than 2 years,1,1,0,1,0,0,0
S01009368,Born outside the UK: Resident 2 years or more and less than 5 years,5,0,0,0,5,0,5
S01009368,Born outside the UK: Resident 5 years or more and less than 10 years,3,2,1,1,1,1,0
S01009368,Born outside the UK: Resident 10 years or more,8,5,1,4,3,3,0
S01009369,All people in households,598,424,133,291,174,116,58
S01009369,Born in the UK,572,406,126,280,166,114,52
S01009369,Born outside the UK: Total,26,18,7,11,8,2,6
S01009369,Born outside the UK: Resident less than 2 years,2,1,0,1,1,0,1
S01009369,Born outside the UK: Resident 2 years or more and less than 5 years,1,0,0,0,1,0,1
S01009369,Born outside the UK: Resident 5 years or more and less than 10 years,3,2,0,2,1,0,1
S01009369,Born outside the UK: Resident 10 years or more,20,15,7,8,5,2,3
S01009370,All people in households,828,628,252,376,200,147,53
S01009370,Born in the UK,793,602,245,357,191,146,45
S01009370,Born outside the UK: Total,35,26,7,19,9,1,8
S01009370,Born outside the UK: Resident less than 2 years,1,0,0,0,1,0,1
S01009370,Born outside the UK: Resident 2 years or more and less than 5 years,10,3,0,3,7,0,7
S01009370,Born outside the UK: Resident 5 years or more and less than 10 years,6,6,2,4,0,0,0
S01009370,Born outside the UK: Resident 10 years or more,18,17,5,12,1,1,0
S01009371,All people in households,526,380,115,265,146,84,62
S01009371,Born in the UK,510,369,111,258,141,83,58
S01009371,Born outside the UK: Total,16,11,4,7,5,1,4
S01009371,Born outside the UK: Resident less than 2 years,0,0,0,0,0,0,0
S01009371,Born outside the UK: Resident 2 years or more and less than 5 years,1,0,0,0,1,0,1
S01009371,Born outside the UK: Resident 5 years or more and less than 10 years,2,2,1,1,0,0,0
S01009371,Born outside the UK: Resident 10 years or more,13,9,3,6,4,1,3
S01009372,All people in households,521,349,99,250,172,122,50
S01009372,Born in the UK,508,339,97,242,169,121,48
S01009372,Born outside the UK: Total,13,10,2,8,3,1,2
S01009372,Born outside the UK: Resident less than 2 years,0,0,0,0,0,0,0
S01009372,Born outside the UK: Resident 2 years or more and less than 5 years,3,2,1,1,1,0,1
S01009372,Born outside the UK: Resident 5 years or more and less than 10 years,0,0,0,0,0,0,0
S01009372,Born outside the UK: Resident 10 years or more,10,8,1,7,2,1,1
S01009373,All people in households,799,451,122,329,348,259,89
S01009373,Born in the UK,774,431,119,312,343,259,84
S01009373,Born outside the UK: Total,25,20,3,17,5,0,5
S01009373,Born outside the UK: Resident less than 2 years,6,1,0,1,5,0,5
S01009373,Born outside the UK: Resident 2 years or more and less than 5 years,3,3,0,3,0,0,0
S01009373,Born outside the UK: Resident 5 years or more and less than 10 years,7,7,0,7,0,0,0
S01009373,Born outside the UK: Resident 10 years or more,9,9,3,6,0,0,0
S01009374,All people in households,846,532,210,322,314,261,53
S01009374,Born in the UK,815,516,206,310,299,252,47
S01009374,Born outside the UK: Total,31,16,4,12,15,9,6
S01009374,Born outside the UK: Resident less than 2 years,5,1,1,0,4,0,4
S01009374,Born outside the UK: Resident 2 years or more and less than 5 years,0,0,0,0,0,0,0
S01009374,Born outside the UK: Resident 5 years or more and less than 10 years,13,7,1,6,6,5,1
S01009374,Born outside the UK: Resident 10 years or more,13,8,2,6,5,4,1
S01009375,All people in households,797,498,156,342,299,239,60
S01009375,Born in the UK,781,487,155,332,294,238,56
S01009375,Born outside the UK: Total,16,11,1,10,5,1,4
S01009375,Born outside the UK: Resident less than 2 years,0,0,0,0,0,0,0
S01009375,Born outside the UK: Resident 2 years or more and less than 5 years,2,0,0,0,2,0,2
S01009375,Born outside the UK: Resident 5 years or more and less than 10 years,2,2,0,2,0,0,0
S01009375,Born outside the UK: Resident 10 years or more,12,9,1,8,3,1,2
S01009376,All people in households,577,356,109,247,221,184,37
S01009376,Born in the UK,561,343,106,237,218,182,36
S01009376,Born outside the UK: Total,16,13,3,10,3,2,1
S01009376,Born outside the UK: Resident less than 2 years,0,0,0,0,0,0,0
S01009376,Born outside the UK: Resident 2 years or more and less than 5 years,2,1,0,1,1,0,1
S01009376,Born outside the UK: Resident 5 years or more and less than 10 years,2,2,0,2,0,0,0
S01009376,Born outside the UK: Resident 10 years or more,12,10,3,7,2,2,0
S01009377,All people in households,971,629,73,556,342,99,243
S01009377,Born in the UK,890,577,68,509,313,99,214
S01009377,Born outside the UK: Total,81,52,5,47,29,0,29
S01009377,Born outside the UK: Resident less than 2 years,11,6,1,5,5,0,5
S01009377,Born outside the UK: Resident 2 years or more and less than 5 years,23,10,1,9,13,0,13
S01009377,Born outside the UK: Resident 5 years or more and less than 10 years,16,8,0,8,8,0,8
S01009377,Born outside the UK: Resident 10 years or more,31,28,3,25,3,0,3
S01009378,All people in households,994,493,80,413,501,413,88
S01009378,Born in the UK,961,473,78,395,488,404,84
S01009378,Born outside the UK: Total,33,20,2,18,13,9,4
S01009378,Born outside the UK: Resident less than 2 years,0,0,0,0,0,0,0
S01009378,Born outside the UK: Resident 2 years or more and less than 5 years,8,4,0,4,4,0,4
S01009378,Born outside the UK: Resident 5 years or more and less than 10 years,3,2,0,2,1,1,0
S01009378,Born outside the UK: Resident 10 years or more,22,14,2,12,8,8,0
S01009379,All people in households,981,726,57,669,255,181,74
S01009379,Born in the UK,948,706,53,653,242,176,66
S01009379,Born outside the UK: Total,33,20,4,16,13,5,8
S01009379,Born outside the UK: Resident less than 2 years,6,1,0,1,5,0,5
S01009379,Born outside the UK: Resident 2 years or more and less than 5 years,2,0,0,0,2,2,0
S01009379,Born outside the UK: Resident 5 years or more and less than 10 years,5,3,0,3,2,1,1
S01009379,Born outside the UK: Resident 10 years or more,20,16,4,12,4,2,2
S01009380,All people in households,554,389,67,322,165,21,144
S01009380,Born in the UK,508,373,64,309,135,19,116
S01009380,Born outside the UK: Total,46,16,3,13,30,2,28
S01009380,Born outside the UK: Resident less than 2 years,10,0,0,0,10,0,10
S01009380,Born outside the UK: Resident 2 years or more and less than 5 years,14,6,1,5,8,2,6
S01009380,Born outside the UK: Resident 5 years or more and less than 10 years,9,2,1,1,7,0,7
S01009380,Born outside the UK: Resident 10 years or more,13,8,1,7,5,0,5
S01009381,All people in households,632,470,134,336,162,59,103
S01009381,Born in the UK,596,443,129,314,153,59,94
S01009381,Born outside the UK: Total,36,27,5,22,9,0,9
S01009381,Born outside the UK: Resident less than 2 years,2,0,0,0,2,0,2
S01009381,Born outside the UK: Resident 2 years or more and less than 5 years,5,4,3,1,1,0,1
S01009381,Born outside the UK: Resident 5 years or more and less than 10 years,12,11,0,11,1,0,1
S01009381,Born outside the UK: Resident 10 years or more,17,12,2,10,5,0,5
S01009382,All people in households,782,461,145,316,321,248,73
S01009382,Born in the UK,760,452,142,310,308,240,68
S01009382,Born outside the UK: Total,22,9,3,6,13,8,5
S01009382,Born outside the UK: Resident less than 2 years,2,1,0,1,1,0,1
S01009382,Born outside the UK: Resident 2 years or more and less than 5 years,1,1,1,0,0,0,0
S01009382,Born outside the UK: Resident 5 years or more and less than 10 years,1,0,0,0,1,0,1
S01009382,Born outside the UK: Resident 10 years or more,18,7,2,5,11,8,3
S01009383,All people in households,811,434,131,303,377,217,160
S01009383,Born in the UK,774,416,128,288,358,213,145
S01009383,Born outside the UK: Total,37,18,3,15,19,4,15
S01009383,Born outside the UK: Resident less than 2 years,8,1,1,0,7,1,6
S01009383,Born outside the UK: Resident 2 years or more and less than 5 years,4,0,0,0,4,1,3
S01009383,Born outside the UK: Resident 5 years or more and less than 10 years,11,8,0,8,3,0,3
S01009383,Born outside the UK: Resident 10 years or more,14,9,2,7,5,2,3
S01009384,All people in households,560,474,208,266,86,33,53
S01009384,Born in the UK,518,434,193,241,84,33,51
S01009384,Born outside the UK: Total,42,40,15,25,2,0,2
S01009384,Born outside the UK: Resident less than 2 years,4,2,0,2,2,0,2
S01009384,Born outside the UK: Resident 2 years or more and less than 5 years,1,1,0,1,0,0,0
S01009384,Born outside the UK: Resident 5 years or more and less than 10 years,6,6,2,4,0,0,0
S01009384,Born outside the UK: Resident 10 years or more,31,31,13,18,0,0,0
S01009385,All people in households,512,403,151,252,109,68,41
S01009385,Born in the UK,489,388,148,240,101,65,36
S01009385,Born outside the UK: Total,23,15,3,12,8,3,5
S01009385,Born outside the UK: Resident less than 2 years,1,0,0,0,1,1,0
S01009385,Born outside the UK: Resident 2 years or more and less than 5 years,3,0,0,0,3,1,2
S01009385,Born outside the UK: Resident 5 years or more and less than 10 years,3,3,0,3,0,0,0
S01009385,Born outside the UK: Resident 10 years or more,16,12,3,9,4,1,3
S01009386,All people in households,670,467,182,285,203,165,38
S01009386,Born in the UK,652,456,178,278,196,158,38
S01009386,Born outside the UK: Total,18,11,4,7,7,7,0
S01009386,Born outside the UK: Resident less than 2 years,2,2,0,2,0,0,0
S01009386,Born outside the UK: Resident 2 years or more and less than 5 years,2,1,1,0,1,1,0
S01009386,Born outside the UK: Resident 5 years or more and less than 10 years,3,2,0,2,1,1,0
S01009386,Born outside the UK: Resident 10 years or more,11,6,3,3,5,5,0
S01009387,All people in households,604,329,109,220,275,225,50
S01009387,Born in the UK,568,311,102,209,257,215,42
S01009387,Born outside the UK: Total,36,18,7,11,18,10,8
S01009387,Born outside the UK: Resident less than 2 years,1,1,1,0,0,0,0
S01009387,Born outside the UK: Resident 2 years or more and less than 5 years,11,4,3,1,7,3,4
S01009387,Born outside the UK: Resident 5 years or more and less than 10 years,8,7,0,7,1,0,1
S01009387,Born outside the UK: Resident 10 years or more,16,6,3,3,10,7,3
S01009388,All people in households,929,266,73,193,663,544,119
S01009388,Born in the UK,865,241,72,169,624,536,88
S01009388,Born outside the UK: Total,64,25,1,24,39,8,31
S01009388,Born outside the UK: Resident less than 2 years,16,3,0,3,13,0,13
S01009388,Born outside the UK: Resident 2 years or more and less than 5 years,19,6,1,5,13,2,11
S01009388,Born outside the UK: Resident 5 years or more and less than 10 years,11,7,0,7,4,1,3
S01009388,Born outside the UK: Resident 10 years or more,18,9,0,9,9,5,4
S01009389,All people in households,902,648,294,354,254,106,148
S01009389,Born in the UK,863,632,286,346,231,105,126
S01009389,Born outside the UK: Total,39,16,8,8,23,1,22
S01009389,Born outside the UK: Resident less than 2 years,1,0,0,0,1,0,1
S01009389,Born outside the UK: Resident 2 years or more and less than 5 years,12,0,0,0,12,0,12
S01009389,Born outside the UK: Resident 5 years or more and less than 10 years,7,3,1,2,4,0,4
S01009389,Born outside the UK: Resident 10 years or more,19,13,7,6,6,1,5
S01009390,All people in households,777,739,127,612,38,4,34
S01009390,Born in the UK,726,693,123,570,33,4,29
S01009390,Born outside the UK: Total,51,46,4,42,5,0,5
S01009390,Born outside the UK: Resident less than 2 years,1,0,0,0,1,0,1
S01009390,Born outside the UK: Resident 2 years or more and less than 5 years,2,1,0,1,1,0,1
S01009390,Born outside the UK: Resident 5 years or more and less than 10 years,8,8,0,8,0,0,0
S01009390,Born outside the UK: Resident 10 years or more,40,37,4,33,3,0,3
S01009391,All people in households,695,628,79,549,67,0,67
S01009391,Born in the UK,650,592,74,518,58,0,58
S01009391,Born outside the UK: Total,45,36,5,31,9,0,9
S01009391,Born outside the UK: Resident less than 2 years,2,0,0,0,2,0,2
S01009391,Born outside the UK: Resident 2 years or more and less than 5 years,9,5,0,5,4,0,4
S01009391,Born outside the UK: Resident 5 years or more and less than 10 years,4,4,0,4,0,0,0
S01009391,Born outside the UK: Resident 10 years or more,30,27,5,22,3,0,3
S01009392,All people in households,581,542,76,466,39,0,39
S01009392,Born in the UK,538,509,68,441,29,0,29
S01009392,Born outside the UK: Total,43,33,8,25,10,0,10
S01009392,Born outside the UK: Resident less than 2 years,3,2,1,1,1,0,1
S01009392,Born outside the UK: Resident 2 years or more and less than 5 years,11,4,0,4,7,0,7
S01009392,Born outside the UK: Resident 5 years or more and less than 10 years,6,4,1,3,2,0,2
S01009392,Born outside the UK: Resident 10 years or more,23,23,6,17,0,0,0
S01009393,All people in households,686,638,218,420,48,10,38
S01009393,Born in the UK,661,613,215,398,48,10,38
S01009393,Born outside the UK: Total,25,25,3,22,0,0,0
S01009393,Born outside the UK: Resident less than 2 years,1,1,0,1,0,0,0
S01009393,Born outside the UK: Resident 2 years or more and less than 5 years,3,3,0,3,0,0,0
S01009393,Born outside the UK: Resident 5 years or more and less than 10 years,7,7,0,7,0,0,0
S01009393,Born outside the UK: Resident 10 years or more,14,14,3,11,0,0,0
S01009394,All people in households,891,649,232,417,242,10,232
S01009394,Born in the UK,817,608,221,387,209,7,202
S01009394,Born outside the UK: Total,74,41,11,30,33,3,30
S01009394,Born outside the UK: Resident less than 2 years,3,0,0,0,3,0,3
S01009394,Born outside the UK: Resident 2 years or more and less than 5 years,21,4,0,4,17,2,15
S01009394,Born outside the UK: Resident 5 years or more and less than 10 years,16,11,2,9,5,1,4
S01009394,Born outside the UK: Resident 10 years or more,34,26,9,17,8,0,8
S01009395,All people in households,677,655,310,345,22,4,18
S01009395,Born in the UK,650,630,297,333,20,3,17
S01009395,Born outside the UK: Total,27,25,13,12,2,1,1
S01009395,Born outside the UK: Resident less than 2 years,0,0,0,0,0,0,0
S01009395,Born outside the UK: Resident 2 years or more and less than 5 years,0,0,0,0,0,0,0
S01009395,Born outside the UK: Resident 5 years or more and less than 10 years,2,1,0,1,1,0,1
S01009395,Born outside the UK: Resident 10 years or more,25,24,13,11,1,1,0
S01009396,All people in households,736,683,349,334,53,11,42
S01009396,Born in the UK,696,649,333,316,47,9,38
S01009396,Born outside the UK: Total,40,34,16,18,6,2,4
S01009396,Born outside the UK: Resident less than 2 years,5,4,0,4,1,1,0
S01009396,Born outside the UK: Resident 2 years or more and less than 5 years,2,1,0,1,1,0,1
S01009396,Born outside the UK: Resident 5 years or more and less than 10 years,5,3,1,2,2,0,2
S01009396,Born outside the UK: Resident 10 years or more,28,26,15,11,2,1,1
S01009397,All people in households,703,627,238,389,76,3,73
S01009397,Born in the UK,671,599,232,367,72,3,69
S01009397,Born outside the UK: Total,32,28,6,22,4,0,4
S01009397,Born outside the UK: Resident less than 2 years,2,1,0,1,1,0,1
S01009397,Born outside the UK: Resident 2 years or more and less than 5 years,4,3,0,3,1,0,1
S01009397,Born outside the UK: Resident 5 years or more and less than 10 years,3,2,1,1,1,0,1
S01009397,Born outside the UK: Resident 10 years or more,23,22,5,17,1,0,1
S01009398,All people in households,688,573,157,416,115,6,109
S01009398,Born in the UK,654,551,151,400,103,6,97
S01009398,Born outside the UK: Total,34,22,6,16,12,0,12
S01009398,Born outside the UK: Resident less than 2 years,0,0,0,0,0,0,0
S01009398,Born outside the UK: Resident 2 years or more and less than 5 years,13,4,0,4,9,0,9
S01009398,Born outside the UK: Resident 5 years or more and less than 10 years,4,3,1,2,1,0,1
S01009398,Born outside the UK: Resident 10 years or more,17,15,5,10,2,0,2
S01009399,All people in households,705,607,253,354,98,32,66
S01009399,Born in the UK,679,589,247,342,90,30,60
S01009399,Born outside the UK: Total,26,18,6,12,8,2,6
S01009399,Born outside the UK: Resident less than 2 years,2,1,0,1,1,0,1
S01009399,Born outside the UK: Resident 2 years or more and less than 5 years,4,4,0,4,0,0,0
S01009399,Born outside the UK: Resident 5 years or more and less than 10 years,3,1,0,1,2,0,2
S01009399,Born outside the UK: Resident 10 years or more,17,12,6,6,5,2,3
S01009400,All people in households,519,444,153,291,75,38,37
S01009400,Born in the UK,495,423,146,277,72,38,34
S01009400,Born outside the UK: Total,24,21,7,14,3,0,3
S01009400,Born outside the UK: Resident less than 2 years,0,0,0,0,0,0,0
S01009400,Born outside the UK: Resident 2 years or more and less than 5 years,5,3,0,3,2,0,2
S01009400,Born outside the UK: Resident 5 years or more and less than 10 years,3,3,0,3,0,0,0
S01009400,Born outside the UK: Resident 10 years or more,16,15,7,8,1,0,1
S01009401,All people in households,681,634,318,316,47,14,33
S01009401,Born in the UK,640,594,305,289,46,14,32
S01009401,Born outside the UK: Total,41,40,13,27,1,0,1
S01009401,Born outside the UK: Resident less than 2 years,0,0,0,0,0,0,0
S01009401,Born outside the UK: Resident 2 years or more and less than 5 years,9,9,0,9,0,0,0
S01009401,Born outside the UK: Resident 5 years or more and less than 10 years,3,3,2,1,0,0,0
S01009401,Born outside the UK: Resident 10 years or more,29,28,11,17,1,0,1
S01009402,All people in households,944,891,350,541,53,6,47
S01009402,Born in the UK,902,853,337,516,49,6,43
S01009402,Born outside the UK: Total,42,38,13,25,4,0,4
S01009402,Born outside the UK: Resident less than 2 years,2,2,0,2,0,0,0
S01009402,Born outside the UK: Resident 2 years or more and less than 5 years,2,1,0,1,1,0,1
S01009402,Born outside the UK: Resident 5 years or more and less than 10 years,3,2,1,1,1,0,1
S01009402,Born outside the UK: Resident 10 years or more,35,33,12,21,2,0,2
S01009403,All people in households,539,471,112,359,68,42,26
S01009403,Born in the UK,514,448,107,341,66,40,26
S01009403,Born outside the UK: Total,25,23,5,18,2,2,0
S01009403,Born outside the UK: Resident less than 2 years,1,1,0,1,0,0,0
S01009403,Born outside the UK: Resident 2 years or more and less than 5 years,3,3,0,3,0,0,0
S01009403,Born outside the UK: Resident 5 years or more and less than 10 years,3,3,0,3,0,0,0
S01009403,Born outside the UK: Resident 10 years or more,18,16,5,11,2,2,0
S01009404,All people in households,546,292,96,196,254,197,57
S01009404,Born in the UK,514,277,91,186,237,189,48
S01009404,Born outside the UK: Total,32,15,5,10,17,8,9
S01009404,Born outside the UK: Resident less than 2 years,2,0,0,0,2,0,2
S01009404,Born outside the UK: Resident 2 years or more and less than 5 years,5,1,0,1,4,0,4
S01009404,Born outside the UK: Resident 5 years or more and less than 10 years,8,4,1,3,4,3,1
S01009404,Born outside the UK: Resident 10 years or more,17,10,4,6,7,5,2
S01009405,All people in households,401,358,164,194,43,19,24
S01009405,Born in the UK,389,348,158,190,41,18,23
S01009405,Born outside the UK: Total,12,10,6,4,2,1,1
S01009405,Born outside the UK: Resident less than 2 years,1,1,0,1,0,0,0
S01009405,Born outside the UK: Resident 2 years or more and less than 5 years,1,1,1,0,0,0,0
S01009405,Born outside the UK: Resident 5 years or more and less than 10 years,1,1,0,1,0,0,0
S01009405,Born outside the UK: Resident 10 years or more,9,7,5,2,2,1,1
S01009406,All people in households,904,643,228,415,261,160,101
S01009406,Born in the UK,874,622,224,398,252,160,92
S01009406,Born outside the UK: Total,30,21,4,17,9,0,9
S01009406,Born outside the UK: Resident less than 2 years,3,2,0,2,1,0,1
S01009406,Born outside the UK: Resident 2 years or more and less than 5 years,4,0,0,0,4,0,4
S01009406,Born outside the UK: Resident 5 years or more and less than 10 years,3,3,0,3,0,0,0
S01009406,Born outside the UK: Resident 10 years or more,20,16,4,12,4,0,4
S01009407,All people in households,502,391,124,267,111,78,33
S01009407,Born in the UK,486,379,123,256,107,75,32
S01009407,Born outside the UK: Total,16,12,1,11,4,3,1
S01009407,Born outside the UK: Resident less than 2 years,0,0,0,0,0,0,0
S01009407,Born outside the UK: Resident 2 years or more and less than 5 years,1,1,0,1,0,0,0
S01009407,Born outside the UK: Resident 5 years or more and less than 10 years,4,4,0,4,0,0,0
S01009407,Born outside the UK: Resident 10 years or more,11,7,1,6,4,3,1
S01009408,All people in households,739,599,161,438,140,62,78
S01009408,Born in the UK,719,586,157,429,133,59,74
S01009408,Born outside the UK: Total,20,13,4,9,7,3,4
S01009408,Born outside the UK: Resident less than 2 years,1,1,0,1,0,0,0
S01009408,Born outside the UK: Resident 2 years or more and less than 5 years,2,0,0,0,2,0,2
S01009408,Born outside the UK: Resident 5 years or more and less than 10 years,0,0,0,0,0,0,0
S01009408,Born outside the UK: Resident 10 years or more,17,12,4,8,5,3,2
S01009409,All people in households,665,455,179,276,210,161,49
S01009409,Born in the UK,648,446,176,270,202,156,46
S01009409,Born outside the UK: Total,17,9,3,6,8,5,3
S01009409,Born outside the UK: Resident less than 2 years,1,1,0,1,0,0,0
S01009409,Born outside the UK: Resident 2 years or more and less than 5 years,6,1,1,0,5,5,0
S01009409,Born outside the UK: Resident 5 years or more and less than 10 years,4,2,0,2,2,0,2
S01009409,Born outside the UK: Resident 10 years or more,6,5,2,3,1,0,1
S01009410,All people in households,877,401,123,278,476,406,70
S01009410,Born in the UK,868,394,122,272,474,405,69
S01009410,Born outside the UK: Total,9,7,1,6,2,1,1
S01009410,Born outside the UK: Resident less than 2 years,1,1,0,1,0,0,0
S01009410,Born outside the UK: Resident 2 years or more and less than 5 years,2,0,0,0,2,1,1
S01009410,Born outside the UK: Resident 5 years or more and less than 10 years,0,0,0,0,0,0,0
S01009410,Born outside the UK: Resident 10 years or more,6,6,1,5,0,0,0
S01009411,All people in households,875,501,169,332,374,311,63
S01009411,Born in the UK,862,489,161,328,373,310,63
S01009411,Born outside the UK: Total,13,12,8,4,1,1,0
S01009411,Born outside the UK: Resident less than 2 years,0,0,0,0,0,0,0
S01009411,Born outside the UK: Resident 2 years or more and less than 5 years,0,0,0,0,0,0,0
S01009411,Born outside the UK: Resident 5 years or more and less than 10 years,1,1,1,0,0,0,0
S01009411,Born outside the UK: Resident 10 years or more,12,11,7,4,1,1,0
S01009412,All people in households,848,482,164,318,366,335,31
S01009412,Born in the UK,835,474,159,315,361,330,31
S01009412,Born outside the UK: Total,13,8,5,3,5,5,0
S01009412,Born outside the UK: Resident less than 2 years,1,0,0,0,1,1,0
S01009412,Born outside the UK: Resident 2 years or more and less than 5 years,0,0,0,0,0,0,0
S01009412,Born outside the UK: Resident 5 years or more and less than 10 years,0,0,0,0,0,0,0
S01009412,Born outside the UK: Resident 10 years or more,12,8,5,3,4,4,0
S01009413,All people in households,988,709,242,467,279,203,76
S01009413,Born in the UK,957,692,237,455,265,197,68
S01009413,Born outside the UK: Total,31,17,5,12,14,6,8
S01009413,Born outside the UK: Resident less than 2 years,1,0,0,0,1,0,1
S01009413,Born outside the UK: Resident 2 years or more and less than 5 years,2,2,0,2,0,0,0
S01009413,Born outside the UK: Resident 5 years or more and less than 10 years,6,1,0,1,5,2,3
S01009413,Born outside the UK: Resident 10 years or more,22,14,5,9,8,4,4
S01009414,All people in households,682,507,166,341,175,137,38
S01009414,Born in the UK,672,500,166,334,172,135,37
S01009414,Born outside the UK: Total,10,7,0,7,3,2,1
S01009414,Born outside the UK: Resident less than 2 years,0,0,0,0,0,0,0
S01009414,Born outside the UK: Resident 2 years or more and less than 5 years,2,0,0,0,2,1,1
S01009414,Born outside the UK: Resident 5 years or more and less than 10 years,3,3,0,3,0,0,0
S01009414,Born outside the UK: Resident 10 years or more,5,4,0,4,1,1,0
S01009415,All people in households,791,494,155,339,297,152,145
S01009415,Born in the UK,759,485,151,334,274,149,125
S01009415,Born outside the UK: Total,32,9,4,5,23,3,20
S01009415,Born outside the UK: Resident less than 2 years,4,2,2,0,2,0,2
S01009415,Born outside the UK: Resident 2 years or more and less than 5 years,8,1,0,1,7,0,7
S01009415,Born outside the UK: Resident 5 years or more and less than 10 years,10,2,0,2,8,0,8
S01009415,Born outside the UK: Resident 10 years or more,10,4,2,2,6,3,3
S01009416,All people in households,528,462,148,314,66,47,19
S01009416,Born in the UK,513,450,145,305,63,47,16
S01009416,Born outside the UK: Total,15,12,3,9,3,0,3
S01009416,Born outside the UK: Resident less than 2 years,1,1,1,0,0,0,0
S01009416,Born outside the UK: Resident 2 years or more and less than 5 years,4,1,0,1,3,0,3
S01009416,Born outside the UK: Resident 5 years or more and less than 10 years,1,1,0,1,0,0,0
S01009416,Born outside the UK: Resident 10 years or more,9,9,2,7,0,0,0
S01009417,All people in households,304,233,47,186,71,30,41
S01009417,Born in the UK,293,222,42,180,71,30,41
S01009417,Born outside the UK: Total,11,11,5,6,0,0,0
S01009417,Born outside the UK: Resident less than 2 years,1,1,1,0,0,0,0
S01009417,Born outside the UK: Resident 2 years or more and less than 5 years,1,1,1,0,0,0,0
S01009417,Born outside the UK: Resident 5 years or more and less than 10 years,1,1,1,0,0,0,0
S01009417,Born outside the UK: Resident 10 years or more,8,8,2,6,0,0,0
S01009418,All people in households,1078,641,212,429,437,308,129
S01009418,Born in the UK,1040,630,208,422,410,307,103
S01009418,Born outside the UK: Total,38,11,4,7,27,1,26
S01009418,Born outside the UK: Resident less than 2 years,7,0,0,0,7,0,7
S01009418,Born outside the UK: Resident 2 years or more and less than 5 years,9,0,0,0,9,0,9
S01009418,Born outside the UK: Resident 5 years or more and less than 10 years,6,1,0,1,5,0,5
S01009418,Born outside the UK: Resident 10 years or more,16,10,4,6,6,1,5
S01009419,All people in households,574,333,87,246,241,214,27
S01009419,Born in the UK,562,325,85,240,237,212,25
S01009419,Born outside the UK: Total,12,8,2,6,4,2,2
S01009419,Born outside the UK: Resident less than 2 years,0,0,0,0,0,0,0
S01009419,Born outside the UK: Resident 2 years or more and less than 5 years,0,0,0,0,0,0,0
S01009419,Born outside the UK: Resident 5 years or more and less than 10 years,4,2,0,2,2,0,2
S01009419,Born outside the UK: Resident 10 years or more,8,6,2,4,2,2,0
S01009420,All people in households,632,204,63,141,428,400,28
S01009420,Born in the UK,622,200,61,139,422,395,27
S01009420,Born outside the UK: Total,10,4,2,2,6,5,1
S01009420,Born outside the UK: Resident less than 2 years,0,0,0,0,0,0,0
S01009420,Born outside the UK: Resident 2 years or more and less than 5 years,1,0,0,0,1,0,1
S01009420,Born outside the UK: Resident 5 years or more and less than 10 years,0,0,0,0,0,0,0
S01009420,Born outside the UK: Resident 10 years or more,9,4,2,2,5,5,0
S01009421,All people in households,722,341,141,200,381,358,23
S01009421,Born in the UK,701,332,133,199,369,347,22
S01009421,Born outside the UK: Total,21,9,8,1,12,11,1
S01009421,Born outside the UK: Resident less than 2 years,1,0,0,0,1,1,0
S01009421,Born outside the UK: Resident 2 years or more and less than 5 years,0,0,0,0,0,0,0
S01009421,Born outside the UK: Resident 5 years or more and less than 10 years,9,2,2,0,7,6,1
S01009421,Born outside the UK: Resident 10 years or more,11,7,6,1,4,4,0
S01009422,All people in households,810,568,205,363,242,190,52
S01009422,Born in the UK,791,560,202,358,231,183,48
S01009422,Born outside the UK: Total,19,8,3,5,11,7,4
S01009422,Born outside the UK: Resident less than 2 years,1,0,0,0,1,0,1
S01009422,Born outside the UK: Resident 2 years or more and less than 5 years,5,2,0,2,3,2,1
S01009422,Born outside the UK: Resident 5 years or more and less than 10 years,2,1,0,1,1,1,0
S01009422,Born outside the UK: Resident 10 years or more,11,5,3,2,6,4,2
S01009423,All people in households,932,841,113,728,91,32,59
S01009423,Born in the UK,882,814,109,705,68,26,42
S01009423,Born outside the UK: Total,50,27,4,23,23,6,17
S01009423,Born outside the UK: Resident less than 2 years,3,1,0,1,2,0,2
S01009423,Born outside the UK: Resident 2 years or more and less than 5 years,5,2,0,2,3,0,3
S01009423,Born outside the UK: Resident 5 years or more and less than 10 years,19,5,2,3,14,5,9
S01009423,Born outside the UK: Resident 10 years or more,23,19,2,17,4,1,3
S01009424,All people in households,551,412,124,288,139,99,40
S01009424,Born in the UK,536,401,122,279,135,96,39
S01009424,Born outside the UK: Total,15,11,2,9,4,3,1
S01009424,Born outside the UK: Resident less than 2 years,2,2,2,0,0,0,0
S01009424,Born outside the UK: Resident 2 years or more and less than 5 years,1,0,0,0,1,0,1
S01009424,Born outside the UK: Resident 5 years or more and less than 10 years,3,1,0,1,2,2,0
S01009424,Born outside the UK: Resident 10 years or more,9,8,0,8,1,1,0
S01009425,All people in households,739,535,239,296,204,147,57
S01009425,Born in the UK,710,517,232,285,193,141,52
S01009425,Born outside the UK: Total,29,18,7,11,11,6,5
S01009425,Born outside the UK: Resident less than 2 years,4,0,0,0,4,0,4
S01009425,Born outside the UK: Resident 2 years or more and less than 5 years,1,0,0,0,1,1,0
S01009425,Born outside the UK: Resident 5 years or more and less than 10 years,3,3,1,2,0,0,0
S01009425,Born outside the UK: Resident 10 years or more,21,15,6,9,6,5,1
S01009426,All people in households,776,333,112,221,443,368,75
S01009426,Born in the UK,748,324,110,214,424,362,62
S01009426,Born outside the UK: Total,28,9,2,7,19,6,13
S01009426,Born outside the UK: Resident less than 2 years,1,0,0,0,1,0,1
S01009426,Born outside the UK: Resident 2 years or more and less than 5 years,4,4,0,4,0,0,0
S01009426,Born outside the UK: Resident 5 years or more and less than 10 years,13,2,2,0,11,2,9
S01009426,Born outside the UK: Resident 10 years or more,10,3,0,3,7,4,3
S01009427,All people in households,608,310,108,202,298,253,45
S01009427,Born in the UK,592,302,106,196,290,247,43
S01009427,Born outside the UK: Total,16,8,2,6,8,6,2
S01009427,Born outside the UK: Resident less than 2 years,0,0,0,0,0,0,0
S01009427,Born outside the UK: Resident 2 years or more and less than 5 years,0,0,0,0,0,0,0
S01009427,Born outside the UK: Resident 5 years or more and less than 10 years,2,0,0,0,2,2,0
S01009427,Born outside the UK: Resident 10 years or more,14,8,2,6,6,4,2
S01009428,All people in households,588,350,109,241,238,203,35
S01009428,Born in the UK,574,339,104,235,235,201,34
S01009428,Born outside the UK: Total,14,11,5,6,3,2,1
S01009428,Born outside the UK: Resident less than 2 years,0,0,0,0,0,0,0
S01009428,Born outside the UK: Resident 2 years or more and less than 5 years,2,2,0,2,0,0,0
S01009428,Born outside the UK: Resident 5 years or more and less than 10 years,2,2,0,2,0,0,0
S01009428,Born outside the UK: Resident 10 years or more,10,7,5,2,3,2,1
S01009429,All people in households,704,327,142,185,377,323,54
S01009429,Born in the UK,693,324,141,183,369,316,53
S01009429,Born outside the UK: Total,11,3,1,2,8,7,1
S01009429,Born outside the UK: Resident less than 2 years,2,1,0,1,1,0,1
S01009429,Born outside the UK: Resident 2 years or more and less than 5 years,0,0,0,0,0,0,0
S01009429,Born outside the UK: Resident 5 years or more and less than 10 years,0,0,0,0,0,0,0
S01009429,Born outside the UK: Resident 10 years or more,9,2,1,1,7,7,0
S01009430,All people in households,737,387,142,245,350,267,83
S01009430,Born in the UK,722,378,140,238,344,261,83
S01009430,Born outside the UK: Total,15,9,2,7,6,6,0
S01009430,Born outside the UK: Resident less than 2 years,1,1,0,1,0,0,0
S01009430,Born outside the UK: Resident 2 years or more and less than 5 years,0,0,0,0,0,0,0
S01009430,Born outside the UK: Resident 5 years or more and less than 10 years,3,3,0,3,0,0,0
S01009430,Born outside the UK: Resident 10 years or more,11,5,2,3,6,6,0
S01009431,All people in households,672,399,204,195,273,188,85
S01009431,Born in the UK,655,391,201,190,264,180,84
S01009431,Born outside the UK: Total,17,8,3,5,9,8,1
S01009431,Born outside the UK: Resident less than 2 years,2,0,0,0,2,1,1
S01009431,Born outside the UK: Resident 2 years or more and less than 5 years,3,0,0,0,3,3,0
S01009431,Born outside the UK: Resident 5 years or more and less than 10 years,3,1,0,1,2,2,0
S01009431,Born outside the UK: Resident 10 years or more,9,7,3,4,2,2,0
S01009432,All people in households,809,320,100,220,489,449,40
S01009432,Born in the UK,798,314,98,216,484,444,40
S01009432,Born outside the UK: Total,11,6,2,4,5,5,0
S01009432,Born outside the UK: Resident less than 2 years,1,1,0,1,0,0,0
S01009432,Born outside the UK: Resident 2 years or more and less than 5 years,1,0,0,0,1,1,0
S01009432,Born outside the UK: Resident 5 years or more and less than 10 years,2,2,0,2,0,0,0
S01009432,Born outside the UK: Resident 10 years or more,7,3,2,1,4,4,0
S01009433,All people in households,824,376,101,275,448,396,52
S01009433,Born in the UK,807,368,100,268,439,393,46
S01009433,Born outside the UK: Total,17,8,1,7,9,3,6
S01009433,Born outside the UK: Resident less than 2 years,1,0,0,0,1,0,1
S01009433,Born outside the UK: Resident 2 years or more and less than 5 years,1,0,0,0,1,0,1
S01009433,Born outside the UK: Resident 5 years or more and less than 10 years,10,6,0,6,4,0,4
S01009433,Born outside the UK: Resident 10 years or more,5,2,1,1,3,3,0
S01009434,All people in households,543,287,109,178,256,231,25
S01009434,Born in the UK,532,281,108,173,251,228,23
S01009434,Born outside the UK: Total,11,6,1,5,5,3,2
S01009434,Born outside the UK: Resident less than 2 years,0,0,0,0,0,0,0
S01009434,Born outside the UK: Resident 2 years or more and less than 5 years,2,0,0,0,2,0,2
S01009434,Born outside the UK: Resident 5 years or more and less than 10 years,0,0,0,0,0,0,0
S01009434,Born outside the UK: Resident 10 years or more,9,6,1,5,3,3,0
S01009435,All people in households,774,229,83,146,545,513,32
S01009435,Born in the UK,762,228,83,145,534,506,28
S01009435,Born outside the UK: Total,12,1,0,1,11,7,4
S01009435,Born outside the UK: Resident less than 2 years,0,0,0,0,0,0,0
S01009435,Born outside the UK: Resident 2 years or more and less than 5 years,0,0,0,0,0,0,0
S01009435,Born outside the UK: Resident 5 years or more and less than 10 years,4,0,0,0,4,0,4
S01009435,Born outside the UK: Resident 10 years or more,8,1,0,1,7,7,0
S01009436,All people in households,701,377,114,263,324,270,54
S01009436,Born in the UK,683,367,113,254,316,266,50
S01009436,Born outside the UK: Total,18,10,1,9,8,4,4
S01009436,Born outside the UK: Resident less than 2 years,0,0,0,0,0,0,0
S01009436,Born outside the UK: Resident 2 years or more and less than 5 years,4,0,0,0,4,0,4
S01009436,Born outside the UK: Resident 5 years or more and less than 10 years,4,3,0,3,1,1,0
S01009436,Born outside the UK: Resident 10 years or more,10,7,1,6,3,3,0
S01009437,All people in households,678,456,121,335,222,184,38
S01009437,Born in the UK,666,449,121,328,217,181,36
S01009437,Born outside the UK: Total,12,7,0,7,5,3,2
S01009437,Born outside the UK: Resident less than 2 years,2,0,0,0,2,0,2
S01009437,Born outside the UK: Resident 2 years or more and less than 5 years,0,0,0,0,0,0,0
S01009437,Born outside the UK: Resident 5 years or more and less than 10 years,1,1,0,1,0,0,0
S01009437,Born outside the UK: Resident 10 years or more,9,6,0,6,3,3,0
S01009438,All people in households,872,437,156,281,435,401,34
S01009438,Born in the UK,842,426,155,271,416,392,24
S01009438,Born outside the UK: Total,30,11,1,10,19,9,10
S01009438,Born outside the UK: Resident less than 2 years,0,0,0,0,0,0,0
S01009438,Born outside the UK: Resident 2 years or more and less than 5 years,7,1,0,1,6,0,6
S01009438,Born outside the UK: Resident 5 years or more and less than 10 years,2,1,1,0,1,0,1
S01009438,Born outside the UK: Resident 10 years or more,21,9,0,9,12,9,3
S01009439,All people in households,923,426,133,293,497,461,36
S01009439,Born in the UK,902,414,127,287,488,452,36
S01009439,Born outside the UK: Total,21,12,6,6,9,9,0
S01009439,Born outside the UK: Resident less than 2 years,1,1,1,0,0,0,0
S01009439,Born outside the UK: Resident 2 years or more and less than 5 years,0,0,0,0,0,0,0
S01009439,Born outside the UK: Resident 5 years or more and less than 10 years,0,0,0,0,0,0,0
S01009439,Born outside the UK: Resident 10 years or more,20,11,5,6,9,9,0
S01009440,All people in households,638,307,115,192,331,285,46
S01009440,Born in the UK,623,301,110,191,322,280,42
S01009440,Born outside the UK: Total,15,6,5,1,9,5,4
S01009440,Born outside the UK: Resident less than 2 years,3,0,0,0,3,0,3
S01009440,Born outside the UK: Resident 2 years or more and less than 5 years,2,0,0,0,2,1,1
S01009440,Born outside the UK: Resident 5 years or more and less than 10 years,1,1,0,1,0,0,0
S01009440,Born outside the UK: Resident 10 years or more,9,5,5,0,4,4,0
S01009441,All people in households,836,240,86,154,596,535,61
S01009441,Born in the UK,820,235,85,150,585,528,57
S01009441,Born outside the UK: Total,16,5,1,4,11,7,4
S01009441,Born outside the UK: Resident less than 2 years,1,0,0,0,1,1,0
S01009441,Born outside the UK: Resident 2 years or more and less than 5 years,3,0,0,0,3,0,3
S01009441,Born outside the UK: Resident 5 years or more and less than 10 years,0,0,0,0,0,0,0
S01009441,Born outside the UK: Resident 10 years or more,12,5,1,4,7,6,1
S01009442,All people in households,563,422,128,294,141,34,107
S01009442,Born in the UK,549,415,125,290,134,34,100
S01009442,Born outside the UK: Total,14,7,3,4,7,0,7
S01009442,Born outside the UK: Resident less than 2 years,0,0,0,0,0,0,0
S01009442,Born outside the UK: Resident 2 years or more and less than 5 years,6,0,0,0,6,0,6
S01009442,Born outside the UK: Resident 5 years or more and less than 10 years,3,3,1,2,0,0,0
S01009442,Born outside the UK: Resident 10 years or more,5,4,2,2,1,0,1
S01009443,All people in households,666,500,177,323,166,88,78
S01009443,Born in the UK,642,485,174,311,157,84,73
S01009443,Born outside the UK: Total,24,15,3,12,9,4,5
S01009443,Born outside the UK: Resident less than 2 years,0,0,0,0,0,0,0
S01009443,Born outside the UK: Resident 2 years or more and less than 5 years,6,0,0,0,6,2,4
S01009443,Born outside the UK: Resident 5 years or more and less than 10 years,1,0,0,0,1,1,0
S01009443,Born outside the UK: Resident 10 years or more,17,15,3,12,2,1,1
S01009444,All people in households,846,746,215,531,100,46,54
S01009444,Born in the UK,813,718,207,511,95,44,51
S01009444,Born outside the UK: Total,33,28,8,20,5,2,3
S01009444,Born outside the UK: Resident less than 2 years,1,1,0,1,0,0,0
S01009444,Born outside the UK: Resident 2 years or more and less than 5 years,4,1,0,1,3,1,2
S01009444,Born outside the UK: Resident 5 years or more and less than 10 years,2,2,0,2,0,0,0
S01009444,Born outside the UK: Resident 10 years or more,26,24,8,16,2,1,1
S01009445,All people in households,778,528,173,355,250,221,29
S01009445,Born in the UK,762,517,169,348,245,217,28
S01009445,Born outside the UK: Total,16,11,4,7,5,4,1
S01009445,Born outside the UK: Resident less than 2 years,0,0,0,0,0,0,0
S01009445,Born outside the UK: Resident 2 years or more and less than 5 years,1,1,0,1,0,0,0
S01009445,Born outside the UK: Resident 5 years or more and less than 10 years,2,2,0,2,0,0,0
S01009445,Born outside the UK: Resident 10 years or more,13,8,4,4,5,4,1
S01009446,All people in households,878,410,145,265,468,376,92
S01009446,Born in the UK,846,401,144,257,445,366,79
S01009446,Born outside the UK: Total,32,9,1,8,23,10,13
S01009446,Born outside the UK: Resident less than 2 years,5,0,0,0,5,0,5
S01009446,Born outside the UK: Resident 2 years or more and less than 5 years,6,1,0,1,5,1,4
S01009446,Born outside the UK: Resident 5 years or more and less than 10 years,2,2,0,2,0,0,0
S01009446,Born outside the UK: Resident 10 years or more,19,6,1,5,13,9,4
S01009447,All people in households,486,296,113,183,190,148,42
S01009447,Born in the UK,474,289,111,178,185,144,41
S01009447,Born outside the UK: Total,12,7,2,5,5,4,1
S01009447,Born outside the UK: Resident less than 2 years,0,0,0,0,0,0,0
S01009447,Born outside the UK: Resident 2 years or more and less than 5 years,1,1,1,0,0,0,0
S01009447,Born outside the UK: Resident 5 years or more and less than 10 years,2,1,0,1,1,1,0
S01009447,Born outside the UK: Resident 10 years or more,9,5,1,4,4,3,1
S01009448,All people in households,808,587,174,413,221,169,52
S01009448,Born in the UK,793,577,170,407,216,165,51
S01009448,Born outside the UK: Total,15,10,4,6,5,4,1
S01009448,Born outside the UK: Resident less than 2 years,1,0,0,0,1,1,0
S01009448,Born outside the UK: Resident 2 years or more and less than 5 years,0,0,0,0,0,0,0
S01009448,Born outside the UK: Resident 5 years or more and less than 10 years,3,2,0,2,1,0,1
S01009448,Born outside the UK: Resident 10 years or more,11,8,4,4,3,3,0
S01009449,All people in households,528,340,141,199,188,148,40
S01009449,Born in the UK,524,338,140,198,186,147,39
S01009449,Born outside the UK: Total,4,2,1,1,2,1,1
S01009449,Born outside the UK: Resident less than 2 years,0,0,0,0,0,0,0
S01009449,Born outside the UK: Resident 2 years or more and less than 5 years,0,0,0,0,0,0,0
S01009449,Born outside the UK: Resident 5 years or more and less than 10 years,1,0,0,0,1,0,1
S01009449,Born outside the UK: Resident 10 years or more,3,2,1,1,1,1,0
S01009450,All people in households,596,203,68,135,393,338,55
S01009450,Born in the UK,584,200,67,133,384,332,52
S01009450,Born outside the UK: Total,12,3,1,2,9,6,3
S01009450,Born outside the UK: Resident less than 2 years,0,0,0,0,0,0,0
S01009450,Born outside the UK: Resident 2 years or more and less than 5 years,4,0,0,0,4,3,1
S01009450,Born outside the UK: Resident 5 years or more and less than 10 years,3,0,0,0,3,1,2
S01009450,Born outside the UK: Resident 10 years or more,5,3,1,2,2,2,0
S01009451,All people in households,1014,479,191,288,535,448,87
S01009451,Born in the UK,984,469,189,280,515,438,77
S01009451,Born outside the UK: Total,30,10,2,8,20,10,10
S01009451,Born outside the UK: Resident less than 2 years,2,1,0,1,1,0,1
S01009451,Born outside the UK: Resident 2 years or more and less than 5 years,10,1,1,0,9,4,5
S01009451,Born outside the UK: Resident 5 years or more and less than 10 years,6,4,0,4,2,2,0
S01009451,Born outside the UK: Resident 10 years or more,12,4,1,3,8,4,4
S01009452,All people in households,503,245,99,146,258,195,63
S01009452,Born in the UK,495,242,97,145,253,191,62
S01009452,Born outside the UK: Total,8,3,2,1,5,4,1
S01009452,Born outside the UK: Resident less than 2 years,1,0,0,0,1,0,1
S01009452,Born outside the UK: Resident 2 years or more and less than 5 years,1,1,1,0,0,0,0
S01009452,Born outside the UK: Resident 5 years or more and less than 10 years,0,0,0,0,0,0,0
S01009452,Born outside the UK: Resident 10 years or more,6,2,1,1,4,4,0
S01009453,All people in households,981,590,202,388,391,302,89
S01009453,Born in the UK,952,577,194,383,375,292,83
S01009453,Born outside the UK: Total,29,13,8,5,16,10,6
S01009453,Born outside the UK: Resident less than 2 years,1,0,0,0,1,0,1
S01009453,Born outside the UK: Resident 2 years or more and less than 5 years,7,0,0,0,7,6,1
S01009453,Born outside the UK: Resident 5 years or more and less than 10 years,1,0,0,0,1,1,0
S01009453,Born outside the UK: Resident 10 years or more,20,13,8,5,7,3,4
S01009454,All people in households,878,710,284,426,168,53,115
S01009454,Born in the UK,831,671,267,404,160,49,111
S01009454,Born outside the UK: Total,47,39,17,22,8,4,4
S01009454,Born outside the UK: Resident less than 2 years,4,4,0,4,0,0,0
S01009454,Born outside the UK: Resident 2 years or more and less than 5 years,3,1,0,1,2,2,0
S01009454,Born outside the UK: Resident 5 years or more and less than 10 years,9,6,3,3,3,1,2
S01009454,Born outside the UK: Resident 10 years or more,31,28,14,14,3,1,2
S01009455,All people in households,847,727,398,329,120,22,98
S01009455,Born in the UK,804,696,377,319,108,22,86
S01009455,Born outside the UK: Total,43,31,21,10,12,0,12
S01009455,Born outside the UK: Resident less than 2 years,2,1,1,0,1,0,1
S01009455,Born outside the UK: Resident 2 years or more and less than 5 years,3,1,0,1,2,0,2
S01009455,Born outside the UK: Resident 5 years or more and less than 10 years,8,2,1,1,6,0,6
S01009455,Born outside the UK: Resident 10 years or more,30,27,19,8,3,0,3
S01009456,All people in households,664,425,149,276,239,159,80
S01009456,Born in the UK,644,411,144,267,233,158,75
S01009456,Born outside the UK: Total,20,14,5,9,6,1,5
S01009456,Born outside the UK: Resident less than 2 years,0,0,0,0,0,0,0
S01009456,Born outside the UK: Resident 2 years or more and less than 5 years,0,0,0,0,0,0,0
S01009456,Born outside the UK: Resident 5 years or more and less than 10 years,7,3,0,3,4,0,4
S01009456,Born outside the UK: Resident 10 years or more,13,11,5,6,2,1,1
S01009457,All people in households,587,444,208,236,143,41,102
S01009457,Born in the UK,570,439,207,232,131,41,90
S01009457,Born outside the UK: Total,17,5,1,4,12,0,12
S01009457,Born outside the UK: Resident less than 2 years,0,0,0,0,0,0,0
S01009457,Born outside the UK: Resident 2 years or more and less than 5 years,7,0,0,0,7,0,7
S01009457,Born outside the UK: Resident 5 years or more and less than 10 years,4,0,0,0,4,0,4
S01009457,Born outside the UK: Resident 10 years or more,6,5,1,4,1,0,1
S01009458,All people in households,661,464,181,283,197,106,91
S01009458,Born in the UK,638,452,174,278,186,100,86
S01009458,Born outside the UK: Total,23,12,7,5,11,6,5
S01009458,Born outside the UK: Resident less than 2 years,0,0,0,0,0,0,0
S01009458,Born outside the UK: Resident 2 years or more and less than 5 years,4,0,0,0,4,1,3
S01009458,Born outside the UK: Resident 5 years or more and less than 10 years,0,0,0,0,0,0,0
S01009458,Born outside the UK: Resident 10 years or more,19,12,7,5,7,5,2
S01009459,All people in households,865,535,193,342,330,206,124
S01009459,Born in the UK,825,517,189,328,308,201,107
S01009459,Born outside the UK: Total,40,18,4,14,22,5,17
S01009459,Born outside the UK: Resident less than 2 years,6,2,0,2,4,0,4
S01009459,Born outside the UK: Resident 2 years or more and less than 5 years,6,0,0,0,6,0,6
S01009459,Born outside the UK: Resident 5 years or more and less than 10 years,5,3,0,3,2,0,2
S01009459,Born outside the UK: Resident 10 years or more,23,13,4,9,10,5,5
S01009460,All people in households,854,261,62,199,593,519,74
S01009460,Born in the UK,833,251,60,191,582,511,71
S01009460,Born outside the UK: Total,21,10,2,8,11,8,3
S01009460,Born outside the UK: Resident less than 2 years,3,0,0,0,3,0,3
S01009460,Born outside the UK: Resident 2 years or more and less than 5 years,2,0,0,0,2,2,0
S01009460,Born outside the UK: Resident 5 years or more and less than 10 years,8,6,0,6,2,2,0
S01009460,Born outside the UK: Resident 10 years or more,8,4,2,2,4,4,0
S01009461,All people in households,576,547,101,446,29,19,10
S01009461,Born in the UK,563,535,99,436,28,18,10
S01009461,Born outside the UK: Total,13,12,2,10,1,1,0
S01009461,Born outside the UK: Resident less than 2 years,2,2,0,2,0,0,0
S01009461,Born outside the UK: Resident 2 years or more and less than 5 years,2,2,0,2,0,0,0
S01009461,Born outside the UK: Resident 5 years or more and less than 10 years,1,1,0,1,0,0,0
S01009461,Born outside the UK: Resident 10 years or more,8,7,2,5,1,1,0
S01009462,All people in households,694,510,202,308,184,142,42
S01009462,Born in the UK,667,495,197,298,172,141,31
S01009462,Born outside the UK: Total,27,15,5,10,12,1,11
S01009462,Born outside the UK: Resident less than 2 years,1,0,0,0,1,0,1
S01009462,Born outside the UK: Resident 2 years or more and less than 5 years,11,2,1,1,9,0,9
S01009462,Born outside the UK: Resident 5 years or more and less than 10 years,3,2,0,2,1,0,1
S01009462,Born outside the UK: Resident 10 years or more,12,11,4,7,1,1,0
S01009463,All people in households,667,496,209,287,171,138,33
S01009463,Born in the UK,638,472,200,272,166,134,32
S01009463,Born outside the UK: Total,29,24,9,15,5,4,1
S01009463,Born outside the UK: Resident less than 2 years,3,3,1,2,0,0,0
S01009463,Born outside the UK: Resident 2 years or more and less than 5 years,1,1,1,0,0,0,0
S01009463,Born outside the UK: Resident 5 years or more and less than 10 years,9,5,1,4,4,3,1
S01009463,Born outside the UK: Resident 10 years or more,16,15,6,9,1,1,0
S01009464,All people in households,842,719,281,438,123,63,60
S01009464,Born in the UK,806,689,272,417,117,61,56
S01009464,Born outside the UK: Total,36,30,9,21,6,2,4
S01009464,Born outside the UK: Resident less than 2 years,6,2,0,2,4,2,2
S01009464,Born outside the UK: Resident 2 years or more and less than 5 years,3,3,0,3,0,0,0
S01009464,Born outside the UK: Resident 5 years or more and less than 10 years,10,9,0,9,1,0,1
S01009464,Born outside the UK: Resident 10 years or more,17,16,9,7,1,0,1
S01009465,All people in households,609,449,173,276,160,133,27
S01009465,Born in the UK,589,432,166,266,157,131,26
S01009465,Born outside the UK: Total,20,17,7,10,3,2,1
S01009465,Born outside the UK: Resident less than 2 years,0,0,0,0,0,0,0
S01009465,Born outside the UK: Resident 2 years or more and less than 5 years,2,1,0,1,1,1,0
S01009465,Born outside the UK: Resident 5 years or more and less than 10 years,5,5,1,4,0,0,0
S01009465,Born outside the UK: Resident 10 years or more,13,11,6,5,2,1,1
S01009466,All people in households,569,541,260,281,28,3,25
S01009466,Born in the UK,540,516,249,267,24,3,21
S01009466,Born outside the UK: Total,29,25,11,14,4,0,4
S01009466,Born outside the UK: Resident less than 2 years,2,1,1,0,1,0,1
S01009466,Born outside the UK: Resident 2 years or more and less than 5 years,5,4,3,1,1,0,1
S01009466,Born outside the UK: Resident 5 years or more and less than 10 years,4,3,1,2,1,0,1
S01009466,Born outside the UK: Resident 10 years or more,18,17,6,11,1,0,1
S01009467,All people in households,770,674,297,377,96,44,52
S01009467,Born in the UK,744,653,287,366,91,40,51
S01009467,Born outside the UK: Total,26,21,10,11,5,4,1
S01009467,Born outside the UK: Resident less than 2 years,0,0,0,0,0,0,0
S01009467,Born outside the UK: Resident 2 years or more and less than 5 years,2,1,1,0,1,0,1
S01009467,Born outside the UK: Resident 5 years or more and less than 10 years,5,5,0,5,0,0,0
S01009467,Born outside the UK: Resident 10 years or more,19,15,9,6,4,4,0
S01009468,All people in households,748,473,156,317,275,214,61
S01009468,Born in the UK,721,458,155,303,263,206,57
S01009468,Born outside the UK: Total,27,15,1,14,12,8,4
S01009468,Born outside the UK: Resident less than 2 years,2,1,0,1,1,1,0
S01009468,Born outside the UK: Resident 2 years or more and less than 5 years,2,0,0,0,2,2,0
S01009468,Born outside the UK: Resident 5 years or more and less than 10 years,7,3,0,3,4,2,2
S01009468,Born outside the UK: Resident 10 years or more,16,11,1,10,5,3,2
S01009469,All people in households,791,638,283,355,153,81,72
S01009469,Born in the UK,757,622,273,349,135,78,57
S01009469,Born outside the UK: Total,34,16,10,6,18,3,15
S01009469,Born outside the UK: Resident less than 2 years,5,0,0,0,5,0,5
S01009469,Born outside the UK: Resident 2 years or more and less than 5 years,1,0,0,0,1,0,1
S01009469,Born outside the UK: Resident 5 years or more and less than 10 years,10,1,1,0,9,2,7
S01009469,Born outside the UK: Resident 10 years or more,18,15,9,6,3,1,2
S01009470,All people in households,473,371,165,206,102,72,30
S01009470,Born in the UK,465,365,162,203,100,71,29
S01009470,Born outside the UK: Total,8,6,3,3,2,1,1
S01009470,Born outside the UK: Resident less than 2 years,0,0,0,0,0,0,0
S01009470,Born outside the UK: Resident 2 years or more and less than 5 years,1,1,0,1,0,0,0
S01009470,Born outside the UK: Resident 5 years or more and less than 10 years,1,0,0,0,1,0,1
S01009470,Born outside the UK: Resident 10 years or more,6,5,3,2,1,1,0
S01009471,All people in households,659,206,94,112,453,364,89
S01009471,Born in the UK,589,189,87,102,400,351,49
S01009471,Born outside the UK: Total,70,17,7,10,53,13,40
S01009471,Born outside the UK: Resident less than 2 years,19,3,0,3,16,0,16
S01009471,Born outside the UK: Resident 2 years or more and less than 5 years,24,4,1,3,20,3,17
S01009471,Born outside the UK: Resident 5 years or more and less than 10 years,12,2,1,1,10,3,7
S01009471,Born outside the UK: Resident 10 years or more,15,8,5,3,7,7,0
S01009472,All people in households,932,419,189,230,513,418,95
S01009472,Born in the UK,831,385,173,212,446,368,78
S01009472,Born outside the UK: Total,101,34,16,18,67,50,17
S01009472,Born outside the UK: Resident less than 2 years,4,3,0,3,1,0,1
S01009472,Born outside the UK: Resident 2 years or more and less than 5 years,28,1,1,0,27,18,9
S01009472,Born outside the UK: Resident 5 years or more and less than 10 years,15,5,0,5,10,8,2
S01009472,Born outside the UK: Resident 10 years or more,54,25,15,10,29,24,5
S01009473,All people in households,902,282,112,170,620,277,343
S01009473,Born in the UK,715,267,110,157,448,256,192
S01009473,Born outside the UK: Total,187,15,2,13,172,21,151
S01009473,Born outside the UK: Resident less than 2 years,32,1,0,1,31,0,31
S01009473,Born outside the UK: Resident 2 years or more and less than 5 years,103,2,0,2,101,6,95
S01009473,Born outside the UK: Resident 5 years or more and less than 10 years,30,2,0,2,28,6,22
S01009473,Born outside the UK: Resident 10 years or more,22,10,2,8,12,9,3
S01009474,All people in households,900,454,134,320,446,357,89
S01009474,Born in the UK,858,445,133,312,413,339,74
S01009474,Born outside the UK: Total,42,9,1,8,33,18,15
S01009474,Born outside the UK: Resident less than 2 years,6,0,0,0,6,1,5
S01009474,Born outside the UK: Resident 2 years or more and less than 5 years,12,0,0,0,12,5,7
S01009474,Born outside the UK: Resident 5 years or more and less than 10 years,11,0,0,0,11,8,3
S01009474,Born outside the UK: Resident 10 years or more,13,9,1,8,4,4,0
S01009475,All people in households,585,527,137,390,58,9,49
S01009475,Born in the UK,541,489,122,367,52,9,43
S01009475,Born outside the UK: Total,44,38,15,23,6,0,6
S01009475,Born outside the UK: Resident less than 2 years,4,4,2,2,0,0,0
S01009475,Born outside the UK: Resident 2 years or more and less than 5 years,10,6,2,4,4,0,4
S01009475,Born outside the UK: Resident 5 years or more and less than 10 years,7,7,1,6,0,0,0
S01009475,Born outside the UK: Resident 10 years or more,23,21,10,11,2,0,2
S01009476,All people in households,479,404,86,318,75,6,69
S01009476,Born in the UK,443,381,84,297,62,5,57
S01009476,Born outside the UK: Total,36,23,2,21,13,1,12
S01009476,Born outside the UK: Resident less than 2 years,3,1,1,0,2,0,2
S01009476,Born outside the UK: Resident 2 years or more and less than 5 years,12,5,0,5,7,0,7
S01009476,Born outside the UK: Resident 5 years or more and less than 10 years,3,2,0,2,1,0,1
S01009476,Born outside the UK: Resident 10 years or more,18,15,1,14,3,1,2
S01009477,All people in households,701,552,218,334,149,66,83
S01009477,Born in the UK,641,520,207,313,121,57,64
S01009477,Born outside the UK: Total,60,32,11,21,28,9,19
S01009477,Born outside the UK: Resident less than 2 years,6,1,0,1,5,1,4
S01009477,Born outside the UK: Resident 2 years or more and less than 5 years,24,8,0,8,16,4,12
S01009477,Born outside the UK: Resident 5 years or more and less than 10 years,5,3,1,2,2,1,1
S01009477,Born outside the UK: Resident 10 years or more,25,20,10,10,5,3,2
S01009478,All people in households,832,431,147,284,401,150,251
S01009478,Born in the UK,711,398,142,256,313,145,168
S01009478,Born outside the UK: Total,121,33,5,28,88,5,83
S01009478,Born outside the UK: Resident less than 2 years,24,1,1,0,23,0,23
S01009478,Born outside the UK: Resident 2 years or more and less than 5 years,40,3,0,3,37,0,37
S01009478,Born outside the UK: Resident 5 years or more and less than 10 years,30,11,0,11,19,0,19
S01009478,Born outside the UK: Resident 10 years or more,27,18,4,14,9,5,4
S01009479,All people in households,777,476,198,278,301,118,183
S01009479,Born in the UK,679,443,187,256,236,107,129
S01009479,Born outside the UK: Total,98,33,11,22,65,11,54
S01009479,Born outside the UK: Resident less than 2 years,25,4,4,0,21,0,21
S01009479,Born outside the UK: Resident 2 years or more and less than 5 years,26,5,0,5,21,4,17
S01009479,Born outside the UK: Resident 5 years or more and less than 10 years,16,7,0,7,9,2,7
S01009479,Born outside the UK: Resident 10 years or more,31,17,7,10,14,5,9
S01009480,All people in households,822,667,313,354,155,71,84
S01009480,Born in the UK,774,643,302,341,131,67,64
S01009480,Born outside the UK: Total,48,24,11,13,24,4,20
S01009480,Born outside the UK: Resident less than 2 years,4,0,0,0,4,0,4
S01009480,Born outside the UK: Resident 2 years or more and less than 5 years,13,2,2,0,11,0,11
S01009480,Born outside the UK: Resident 5 years or more and less than 10 years,3,3,2,1,0,0,0
S01009480,Born outside the UK: Resident 10 years or more,28,19,7,12,9,4,5
S01009481,All people in households,895,580,208,372,315,69,246
S01009481,Born in the UK,784,546,201,345,238,64,174
S01009481,Born outside the UK: Total,111,34,7,27,77,5,72
S01009481,Born outside the UK: Resident less than 2 years,20,2,0,2,18,0,18
S01009481,Born outside the UK: Resident 2 years or more and less than 5 years,38,4,0,4,34,3,31
S01009481,Born outside the UK: Resident 5 years or more and less than 10 years,24,6,0,6,18,2,16
S01009481,Born outside the UK: Resident 10 years or more,29,22,7,15,7,0,7
S01009482,All people in households,584,347,122,225,237,29,208
S01009482,Born in the UK,487,322,116,206,165,27,138
S01009482,Born outside the UK: Total,97,25,6,19,72,2,70
S01009482,Born outside the UK: Resident less than 2 years,24,1,0,1,23,0,23
S01009482,Born outside the UK: Resident 2 years or more and less than 5 years,36,1,0,1,35,1,34
S01009482,Born outside the UK: Resident 5 years or more and less than 10 years,21,9,0,9,12,1,11
S01009482,Born outside the UK: Resident 10 years or more,16,14,6,8,2,0,2
S01009483,All people in households,724,532,177,355,192,14,178
S01009483,Born in the UK,646,505,173,332,141,7,134
S01009483,Born outside the UK: Total,78,27,4,23,51,7,44
S01009483,Born outside the UK: Resident less than 2 years,14,6,0,6,8,0,8
S01009483,Born outside the UK: Resident 2 years or more and less than 5 years,22,4,1,3,18,0,18
S01009483,Born outside the UK: Resident 5 years or more and less than 10 years,24,9,2,7,15,5,10
S01009483,Born outside the UK: Resident 10 years or more,18,8,1,7,10,2,8
S01009484,All people in households,739,473,249,224,266,155,111
S01009484,Born in the UK,684,455,241,214,229,148,81
S01009484,Born outside the UK: Total,55,18,8,10,37,7,30
S01009484,Born outside the UK: Resident less than 2 years,9,2,2,0,7,0,7
S01009484,Born outside the UK: Resident 2 years or more and less than 5 years,18,0,0,0,18,3,15
S01009484,Born outside the UK: Resident 5 years or more and less than 10 years,7,4,0,4,3,0,3
S01009484,Born outside the UK: Resident 10 years or more,21,12,6,6,9,4,5
S01009485,All people in households,786,448,208,240,338,238,100
S01009485,Born in the UK,743,435,202,233,308,234,74
S01009485,Born outside the UK: Total,43,13,6,7,30,4,26
S01009485,Born outside the UK: Resident less than 2 years,4,0,0,0,4,0,4
S01009485,Born outside the UK: Resident 2 years or more and less than 5 years,20,0,0,0,20,1,19
S01009485,Born outside the UK: Resident 5 years or more and less than 10 years,4,2,0,2,2,1,1
S01009485,Born outside the UK: Resident 10 years or more,15,11,6,5,4,2,2
S01009486,All people in households,650,510,261,249,140,91,49
S01009486,Born in the UK,613,492,256,236,121,90,31
S01009486,Born outside the UK: Total,37,18,5,13,19,1,18
S01009486,Born outside the UK: Resident less than 2 years,8,3,1,2,5,0,5
S01009486,Born outside the UK: Resident 2 years or more and less than 5 years,10,2,0,2,8,0,8
S01009486,Born outside the UK: Resident 5 years or more and less than 10 years,2,1,0,1,1,0,1
S01009486,Born outside the UK: Resident 10 years or more,17,12,4,8,5,1,4
S01009487,All people in households,789,512,205,307,277,202,75
S01009487,Born in the UK,728,476,196,280,252,198,54
S01009487,Born outside the UK: Total,61,36,9,27,25,4,21
S01009487,Born outside the UK: Resident less than 2 years,9,2,0,2,7,1,6
S01009487,Born outside the UK: Resident 2 years or more and less than 5 years,22,11,0,11,11,0,11
S01009487,Born outside the UK: Resident 5 years or more and less than 10 years,13,10,0,10,3,0,3
S01009487,Born outside the UK: Resident 10 years or more,17,13,9,4,4,3,1
S01009488,All people in households,705,520,169,351,185,153,32
S01009488,Born in the UK,674,504,159,345,170,145,25
S01009488,Born outside the UK: Total,31,16,10,6,15,8,7
S01009488,Born outside the UK: Resident less than 2 years,4,3,3,0,1,1,0
S01009488,Born outside the UK: Resident 2 years or more and less than 5 years,13,1,1,0,12,5,7
S01009488,Born outside the UK: Resident 5 years or more and less than 10 years,3,3,1,2,0,0,0
S01009488,Born outside the UK: Resident 10 years or more,11,9,5,4,2,2,0
S01009489,All people in households,775,417,161,256,358,277,81
S01009489,Born in the UK,747,403,158,245,344,277,67
S01009489,Born outside the UK: Total,28,14,3,11,14,0,14
S01009489,Born outside the UK: Resident less than 2 years,0,0,0,0,0,0,0
S01009489,Born outside the UK: Resident 2 years or more and less than 5 years,1,0,0,0,1,0,1
S01009489,Born outside the UK: Resident 5 years or more and less than 10 years,8,1,0,1,7,0,7
S01009489,Born outside the UK: Resident 10 years or more,19,13,3,10,6,0,6
S01009490,All people in households,853,348,126,222,505,446,59
S01009490,Born in the UK,838,343,125,218,495,439,56
S01009490,Born outside the UK: Total,15,5,1,4,10,7,3
S01009490,Born outside the UK: Resident less than 2 years,2,0,0,0,2,0,2
S01009490,Born outside the UK: Resident 2 years or more and less than 5 years,1,0,0,0,1,1,0
S01009490,Born outside the UK: Resident 5 years or more and less than 10 years,0,0,0,0,0,0,0
S01009490,Born outside the UK: Resident 10 years or more,12,5,1,4,7,6,1
S01009491,All people in households,677,422,184,238,255,217,38
S01009491,Born in the UK,667,413,179,234,254,217,37
S01009491,Born outside the UK: Total,10,9,5,4,1,0,1
S01009491,Born outside the UK: Resident less than 2 years,0,0,0,0,0,0,0
S01009491,Born outside the UK: Resident 2 years or more and less than 5 years,2,1,0,1,1,0,1
S01009491,Born outside the UK: Resident 5 years or more and less than 10 years,1,1,0,1,0,0,0
S01009491,Born outside the UK: Resident 10 years or more,7,7,5,2,0,0,0
S01009492,All people in households,740,461,147,314,279,231,48
S01009492,Born in the UK,725,451,142,309,274,231,43
S01009492,Born outside the UK: Total,15,10,5,5,5,0,5
S01009492,Born outside the UK: Resident less than 2 years,0,0,0,0,0,0,0
S01009492,Born outside the UK: Resident 2 years or more and less than 5 years,4,0,0,0,4,0,4
S01009492,Born outside the UK: Resident 5 years or more and less than 10 years,2,2,1,1,0,0,0
S01009492,Born outside the UK: Resident 10 years or more,9,8,4,4,1,0,1
S01009493,All people in households,821,780,454,326,41,13,28
S01009493,Born in the UK,770,742,441,301,28,12,16
S01009493,Born outside the UK: Total,51,38,13,25,13,1,12
S01009493,Born outside the UK: Resident less than 2 years,4,3,0,3,1,0,1
S01009493,Born outside the UK: Resident 2 years or more and less than 5 years,7,3,0,3,4,0,4
S01009493,Born outside the UK: Resident 5 years or more and less than 10 years,5,5,0,5,0,0,0
S01009493,Born outside the UK: Resident 10 years or more,35,27,13,14,8,1,7
S01009494,All people in households,947,792,250,542,155,18,137
S01009494,Born in the UK,906,767,237,530,139,18,121
S01009494,Born outside the UK: Total,41,25,13,12,16,0,16
S01009494,Born outside the UK: Resident less than 2 years,2,0,0,0,2,0,2
S01009494,Born outside the UK: Resident 2 years or more and less than 5 years,8,1,0,1,7,0,7
S01009494,Born outside the UK: Resident 5 years or more and less than 10 years,8,6,3,3,2,0,2
S01009494,Born outside the UK: Resident 10 years or more,23,18,10,8,5,0,5
S01009495,All people in households,871,782,231,551,89,7,82
S01009495,Born in the UK,837,765,228,537,72,7,65
S01009495,Born outside the UK: Total,34,17,3,14,17,0,17
S01009495,Born outside the UK: Resident less than 2 years,3,0,0,0,3,0,3
S01009495,Born outside the UK: Resident 2 years or more and less than 5 years,12,0,0,0,12,0,12
S01009495,Born outside the UK: Resident 5 years or more and less than 10 years,1,0,0,0,1,0,1
S01009495,Born outside the UK: Resident 10 years or more,18,17,3,14,1,0,1
S01009496,All people in households,785,500,192,308,285,198,87
S01009496,Born in the UK,757,486,188,298,271,190,81
S01009496,Born outside the UK: Total,28,14,4,10,14,8,6
S01009496,Born outside the UK: Resident less than 2 years,1,0,0,0,1,0,1
S01009496,Born outside the UK: Resident 2 years or more and less than 5 years,10,2,0,2,8,4,4
S01009496,Born outside the UK: Resident 5 years or more and less than 10 years,4,3,1,2,1,0,1
S01009496,Born outside the UK: Resident 10 years or more,13,9,3,6,4,4,0
S01009497,All people in households,955,734,219,515,221,144,77
S01009497,Born in the UK,928,711,217,494,217,142,75
S01009497,Born outside the UK: Total,27,23,2,21,4,2,2
S01009497,Born outside the UK: Resident less than 2 years,2,2,0,2,0,0,0
S01009497,Born outside the UK: Resident 2 years or more and less than 5 years,3,3,0,3,0,0,0
S01009497,Born outside the UK: Resident 5 years or more and less than 10 years,4,4,0,4,0,0,0
S01009497,Born outside the UK: Resident 10 years or more,18,14,2,12,4,2,2
S01009498,All people in households,643,611,307,304,32,12,20
S01009498,Born in the UK,623,595,301,294,28,12,16
S01009498,Born outside the UK: Total,20,16,6,10,4,0,4
S01009498,Born outside the UK: Resident less than 2 years,2,1,1,0,1,0,1
S01009498,Born outside the UK: Resident 2 years or more and less than 5 years,0,0,0,0,0,0,0
S01009498,Born outside the UK: Resident 5 years or more and less than 10 years,0,0,0,0,0,0,0
S01009498,Born outside the UK: Resident 10 years or more,18,15,5,10,3,0,3
S01009499,All people in households,796,586,263,323,210,171,39
S01009499,Born in the UK,768,571,258,313,197,158,39
S01009499,Born outside the UK: Total,28,15,5,10,13,13,0
S01009499,Born outside the UK: Resident less than 2 years,3,0,0,0,3,3,0
S01009499,Born outside the UK: Resident 2 years or more and less than 5 years,5,3,0,3,2,2,0
S01009499,Born outside the UK: Resident 5 years or more and less than 10 years,8,4,0,4,4,4,0
S01009499,Born outside the UK: Resident 10 years or more,12,8,5,3,4,4,0
S01009500,All people in households,778,369,116,253,409,354,55
S01009500,Born in the UK,744,352,115,237,392,345,47
S01009500,Born outside the UK: Total,34,17,1,16,17,9,8
S01009500,Born outside the UK: Resident less than 2 years,3,0,0,0,3,1,2
S01009500,Born outside the UK: Resident 2 years or more and less than 5 years,17,8,0,8,9,4,5
S01009500,Born outside the UK: Resident 5 years or more and less than 10 years,7,6,1,5,1,0,1
S01009500,Born outside the UK: Resident 10 years or more,7,3,0,3,4,4,0
S01009501,All people in households,654,355,121,234,299,259,40
S01009501,Born in the UK,627,345,118,227,282,254,28
S01009501,Born outside the UK: Total,27,10,3,7,17,5,12
S01009501,Born outside the UK: Resident less than 2 years,9,0,0,0,9,0,9
S01009501,Born outside the UK: Resident 2 years or more and less than 5 years,6,3,0,3,3,0,3
S01009501,Born outside the UK: Resident 5 years or more and less than 10 years,1,1,0,1,0,0,0
S01009501,Born outside the UK: Resident 10 years or more,11,6,3,3,5,5,0
S01009502,All people in households,823,399,146,253,424,374,50
S01009502,Born in the UK,798,386,142,244,412,362,50
S01009502,Born outside the UK: Total,25,13,4,9,12,12,0
S01009502,Born outside the UK: Resident less than 2 years,1,1,0,1,0,0,0
S01009502,Born outside the UK: Resident 2 years or more and less than 5 years,6,2,0,2,4,4,0
S01009502,Born outside the UK: Resident 5 years or more and less than 10 years,4,4,0,4,0,0,0
S01009502,Born outside the UK: Resident 10 years or more,14,6,4,2,8,8,0
S01009503,All people in households,729,468,117,351,261,204,57
S01009503,Born in the UK,715,460,116,344,255,200,55
S01009503,Born outside the UK: Total,14,8,1,7,6,4,2
S01009503,Born outside the UK: Resident less than 2 years,0,0,0,0,0,0,0
S01009503,Born outside the UK: Resident 2 years or more and less than 5 years,3,2,0,2,1,0,1
S01009503,Born outside the UK: Resident 5 years or more and less than 10 years,2,1,0,1,1,0,1
S01009503,Born outside the UK: Resident 10 years or more,9,5,1,4,4,4,0
S01009504,All people in households,695,308,92,216,387,348,39
S01009504,Born in the UK,670,298,91,207,372,338,34
S01009504,Born outside the UK: Total,25,10,1,9,15,10,5
S01009504,Born outside the UK: Resident less than 2 years,0,0,0,0,0,0,0
S01009504,Born outside the UK: Resident 2 years or more and less than 5 years,4,1,0,1,3,2,1
S01009504,Born outside the UK: Resident 5 years or more and less than 10 years,8,3,0,3,5,2,3
S01009504,Born outside the UK: Resident 10 years or more,13,6,1,5,7,6,1
S01009505,All people in households,817,263,94,169,554,486,68
S01009505,Born in the UK,771,246,92,154,525,462,63
S01009505,Born outside the UK: Total,46,17,2,15,29,24,5
S01009505,Born outside the UK: Resident less than 2 years,2,1,0,1,1,1,0
S01009505,Born outside the UK: Resident 2 years or more and less than 5 years,20,7,0,7,13,11,2
S01009505,Born outside the UK: Resident 5 years or more and less than 10 years,9,4,0,4,5,5,0
S01009505,Born outside the UK: Resident 10 years or more,15,5,2,3,10,7,3
S01009506,All people in households,735,321,79,242,414,354,60
S01009506,Born in the UK,696,306,74,232,390,345,45
S01009506,Born outside the UK: Total,39,15,5,10,24,9,15
S01009506,Born outside the UK: Resident less than 2 years,1,0,0,0,1,1,0
S01009506,Born outside the UK: Resident 2 years or more and less than 5 years,14,1,0,1,13,3,10
S01009506,Born outside the UK: Resident 5 years or more and less than 10 years,11,4,2,2,7,2,5
S01009506,Born outside the UK: Resident 10 years or more,13,10,3,7,3,3,0
S01009507,All people in households,889,574,156,418,315,267,48
S01009507,Born in the UK,846,542,151,391,304,259,45
S01009507,Born outside the UK: Total,43,32,5,27,11,8,3
S01009507,Born outside the UK: Resident less than 2 years,6,3,0,3,3,1,2
S01009507,Born outside the UK: Resident 2 years or more and less than 5 years,6,0,0,0,6,5,1
S01009507,Born outside the UK: Resident 5 years or more and less than 10 years,13,13,2,11,0,0,0
S01009507,Born outside the UK: Resident 10 years or more,18,16,3,13,2,2,0
S01009508,All people in households,876,332,107,225,544,477,67
S01009508,Born in the UK,826,315,105,210,511,452,59
S01009508,Born outside the UK: Total,50,17,2,15,33,25,8
S01009508,Born outside the UK: Resident less than 2 years,6,0,0,0,6,3,3
S01009508,Born outside the UK: Resident 2 years or more and less than 5 years,19,4,0,4,15,10,5
S01009508,Born outside the UK: Resident 5 years or more and less than 10 years,10,4,0,4,6,6,0
S01009508,Born outside the UK: Resident 10 years or more,15,9,2,7,6,6,0
S01009509,All people in households,1006,523,168,355,483,394,89
S01009509,Born in the UK,934,497,164,333,437,377,60
S01009509,Born outside the UK: Total,72,26,4,22,46,17,29
S01009509,Born outside the UK: Resident less than 2 years,7,0,0,0,7,1,6
S01009509,Born outside the UK: Resident 2 years or more and less than 5 years,19,1,0,1,18,5,13
S01009509,Born outside the UK: Resident 5 years or more and less than 10 years,28,13,0,13,15,5,10
S01009509,Born outside the UK: Resident 10 years or more,18,12,4,8,6,6,0
S01009510,All people in households,700,661,308,353,39,23,16
S01009510,Born in the UK,673,638,298,340,35,23,12
S01009510,Born outside the UK: Total,27,23,10,13,4,0,4
S01009510,Born outside the UK: Resident less than 2 years,2,1,0,1,1,0,1
S01009510,Born outside the UK: Resident 2 years or more and less than 5 years,3,3,1,2,0,0,0
S01009510,Born outside the UK: Resident 5 years or more and less than 10 years,10,8,6,2,2,0,2
S01009510,Born outside the UK: Resident 10 years or more,12,11,3,8,1,0,1
S01009511,All people in households,597,547,268,279,50,18,32
S01009511,Born in the UK,566,526,260,266,40,16,24
S01009511,Born outside the UK: Total,31,21,8,13,10,2,8
S01009511,Born outside the UK: Resident less than 2 years,2,2,0,2,0,0,0
S01009511,Born outside the UK: Resident 2 years or more and less than 5 years,6,5,0,5,1,0,1
S01009511,Born outside the UK: Resident 5 years or more and less than 10 years,6,0,0,0,6,0,6
S01009511,Born outside the UK: Resident 10 years or more,17,14,8,6,3,2,1
S01009512,All people in households,771,723,278,445,48,9,39
S01009512,Born in the UK,741,699,262,437,42,8,34
S01009512,Born outside the UK: Total,30,24,16,8,6,1,5
S01009512,Born outside the UK: Resident less than 2 years,4,4,4,0,0,0,0
S01009512,Born outside the UK: Resident 2 years or more and less than 5 years,5,1,1,0,4,0,4
S01009512,Born outside the UK: Resident 5 years or more and less than 10 years,4,3,1,2,1,0,1
S01009512,Born outside the UK: Resident 10 years or more,17,16,10,6,1,1,0
S01009513,All people in households,575,541,225,316,34,6,28
S01009513,Born in the UK,563,532,223,309,31,5,26
S01009513,Born outside the UK: Total,12,9,2,7,3,1,2
S01009513,Born outside the UK: Resident less than 2 years,0,0,0,0,0,0,0
S01009513,Born outside the UK: Resident 2 years or more and less than 5 years,1,1,0,1,0,0,0
S01009513,Born outside the UK: Resident 5 years or more and less than 10 years,2,1,0,1,1,0,1
S01009513,Born outside the UK: Resident 10 years or more,9,7,2,5,2,1,1
S01009514,All people in households,706,665,269,396,41,11,30
S01009514,Born in the UK,674,639,261,378,35,11,24
S01009514,Born outside the UK: Total,32,26,8,18,6,0,6
S01009514,Born outside the UK: Resident less than 2 years,0,0,0,0,0,0,0
S01009514,Born outside the UK: Resident 2 years or more and less than 5 years,7,7,0,7,0,0,0
S01009514,Born outside the UK: Resident 5 years or more and less than 10 years,3,0,0,0,3,0,3
S01009514,Born outside the UK: Resident 10 years or more,22,19,8,11,3,0,3
S01009515,All people in households,738,432,170,262,306,272,34
S01009515,Born in the UK,713,422,167,255,291,262,29
S01009515,Born outside the UK: Total,25,10,3,7,15,10,5
S01009515,Born outside the UK: Resident less than 2 years,3,0,0,0,3,2,1
S01009515,Born outside the UK: Resident 2 years or more and less than 5 years,5,1,0,1,4,2,2
S01009515,Born outside the UK: Resident 5 years or more and less than 10 years,4,1,0,1,3,1,2
S01009515,Born outside the UK: Resident 10 years or more,13,8,3,5,5,5,0
S01009516,All people in households,839,577,230,347,262,184,78
S01009516,Born in the UK,816,557,225,332,259,182,77
S01009516,Born outside the UK: Total,23,20,5,15,3,2,1
S01009516,Born outside the UK: Resident less than 2 years,1,1,1,0,0,0,0
S01009516,Born outside the UK: Resident 2 years or more and less than 5 years,0,0,0,0,0,0,0
S01009516,Born outside the UK: Resident 5 years or more and less than 10 years,7,7,0,7,0,0,0
S01009516,Born outside the UK: Resident 10 years or more,15,12,4,8,3,2,1
S01009517,All people in households,982,842,120,722,140,37,103
S01009517,Born in the UK,899,781,107,674,118,33,85
S01009517,Born outside the UK: Total,83,61,13,48,22,4,18
S01009517,Born outside the UK: Resident less than 2 years,17,8,1,7,9,0,9
S01009517,Born outside the UK: Resident 2 years or more and less than 5 years,7,5,3,2,2,0,2
S01009517,Born outside the UK: Resident 5 years or more and less than 10 years,18,18,4,14,0,0,0
S01009517,Born outside the UK: Resident 10 years or more,41,30,5,25,11,4,7
S01009518,All people in households,936,817,82,735,119,28,91
S01009518,Born in the UK,878,773,78,695,105,26,79
S01009518,Born outside the UK: Total,58,44,4,40,14,2,12
S01009518,Born outside the UK: Resident less than 2 years,2,2,0,2,0,0,0
S01009518,Born outside the UK: Resident 2 years or more and less than 5 years,11,4,1,3,7,0,7
S01009518,Born outside the UK: Resident 5 years or more and less than 10 years,19,14,0,14,5,1,4
S01009518,Born outside the UK: Resident 10 years or more,26,24,3,21,2,1,1
S01009519,All people in households,487,376,152,224,111,84,27
S01009519,Born in the UK,459,358,148,210,101,81,20
S01009519,Born outside the UK: Total,28,18,4,14,10,3,7
S01009519,Born outside the UK: Resident less than 2 years,3,2,0,2,1,0,1
S01009519,Born outside the UK: Resident 2 years or more and less than 5 years,1,0,0,0,1,0,1
S01009519,Born outside the UK: Resident 5 years or more and less than 10 years,2,2,0,2,0,0,0
S01009519,Born outside the UK: Resident 10 years or more,22,14,4,10,8,3,5
S01009520,All people in households,837,688,183,505,149,77,72
S01009520,Born in the UK,777,648,167,481,129,72,57
S01009520,Born outside the UK: Total,60,40,16,24,20,5,15
S01009520,Born outside the UK: Resident less than 2 years,9,0,0,0,9,0,9
S01009520,Born outside the UK: Resident 2 years or more and less than 5 years,6,2,1,1,4,1,3
S01009520,Born outside the UK: Resident 5 years or more and less than 10 years,15,11,2,9,4,1,3
S01009520,Born outside the UK: Resident 10 years or more,30,27,13,14,3,3,0
S01009521,All people in households,873,443,236,207,430,378,52
S01009521,Born in the UK,827,414,231,183,413,367,46
S01009521,Born outside the UK: Total,46,29,5,24,17,11,6
S01009521,Born outside the UK: Resident less than 2 years,6,2,0,2,4,0,4
S01009521,Born outside the UK: Resident 2 years or more and less than 5 years,12,8,0,8,4,3,1
S01009521,Born outside the UK: Resident 5 years or more and less than 10 years,15,10,0,10,5,4,1
S01009521,Born outside the UK: Resident 10 years or more,13,9,5,4,4,4,0
S01009522,All people in households,1013,483,117,366,530,355,175
S01009522,Born in the UK,907,438,111,327,469,344,125
S01009522,Born outside the UK: Total,106,45,6,39,61,11,50
S01009522,Born outside the UK: Resident less than 2 years,5,0,0,0,5,1,4
S01009522,Born outside the UK: Resident 2 years or more and less than 5 years,35,1,0,1,34,7,27
S01009522,Born outside the UK: Resident 5 years or more and less than 10 years,45,25,0,25,20,3,17
S01009522,Born outside the UK: Resident 10 years or more,21,19,6,13,2,0,2
S01009523,All people in households,581,263,87,176,318,272,46
S01009523,Born in the UK,529,241,85,156,288,258,30
S01009523,Born outside the UK: Total,52,22,2,20,30,14,16
S01009523,Born outside the UK: Resident less than 2 years,6,2,0,2,4,0,4
S01009523,Born outside the UK: Resident 2 years or more and less than 5 years,20,6,0,6,14,6,8
S01009523,Born outside the UK: Resident 5 years or more and less than 10 years,16,6,0,6,10,6,4
S01009523,Born outside the UK: Resident 10 years or more,10,8,2,6,2,2,0
S01009524,All people in households,668,282,93,189,386,272,114
S01009524,Born in the UK,594,263,88,175,331,257,74
S01009524,Born outside the UK: Total,74,19,5,14,55,15,40
S01009524,Born outside the UK: Resident less than 2 years,21,3,0,3,18,4,14
S01009524,Born outside the UK: Resident 2 years or more and less than 5 years,21,4,2,2,17,2,15
S01009524,Born outside the UK: Resident 5 years or more and less than 10 years,17,4,0,4,13,5,8
S01009524,Born outside the UK: Resident 10 years or more,15,8,3,5,7,4,3
S01009525,All people in households,532,285,109,176,247,133,114
S01009525,Born in the UK,490,264,106,158,226,132,94
S01009525,Born outside the UK: Total,42,21,3,18,21,1,20
S01009525,Born outside the UK: Resident less than 2 years,7,2,0,2,5,0,5
S01009525,Born outside the UK: Resident 2 years or more and less than 5 years,9,0,0,0,9,0,9
S01009525,Born outside the UK: Resident 5 years or more and less than 10 years,8,6,0,6,2,0,2
S01009525,Born outside the UK: Resident 10 years or more,18,13,3,10,5,1,4
S01009526,All people in households,650,330,124,206,320,23,297
S01009526,Born in the UK,584,316,117,199,268,19,249
S01009526,Born outside the UK: Total,66,14,7,7,52,4,48
S01009526,Born outside the UK: Resident less than 2 years,13,1,0,1,12,0,12
S01009526,Born outside the UK: Resident 2 years or more and less than 5 years,28,0,0,0,28,1,27
S01009526,Born outside the UK: Resident 5 years or more and less than 10 years,11,3,2,1,8,1,7
S01009526,Born outside the UK: Resident 10 years or more,14,10,5,5,4,2,2
S01009527,All people in households,639,310,127,183,329,133,196
S01009527,Born in the UK,582,296,123,173,286,129,157
S01009527,Born outside the UK: Total,57,14,4,10,43,4,39
S01009527,Born outside the UK: Resident less than 2 years,10,0,0,0,10,1,9
S01009527,Born outside the UK: Resident 2 years or more and less than 5 years,18,4,0,4,14,0,14
S01009527,Born outside the UK: Resident 5 years or more and less than 10 years,14,3,0,3,11,0,11
S01009527,Born outside the UK: Resident 10 years or more,15,7,4,3,8,3,5
S01009528,All people in households,520,263,148,115,257,180,77
S01009528,Born in the UK,480,251,140,111,229,175,54
S01009528,Born outside the UK: Total,40,12,8,4,28,5,23
S01009528,Born outside the UK: Resident less than 2 years,7,1,1,0,6,0,6
S01009528,Born outside the UK: Resident 2 years or more and less than 5 years,13,0,0,0,13,3,10
S01009528,Born outside the UK: Resident 5 years or more and less than 10 years,6,2,0,2,4,0,4
S01009528,Born outside the UK: Resident 10 years or more,14,9,7,2,5,2,3
S01009529,All people in households,535,444,196,248,91,48,43
S01009529,Born in the UK,513,427,195,232,86,48,38
S01009529,Born outside the UK: Total,22,17,1,16,5,0,5
S01009529,Born outside the UK: Resident less than 2 years,0,0,0,0,0,0,0
S01009529,Born outside the UK: Resident 2 years or more and less than 5 years,3,0,0,0,3,0,3
S01009529,Born outside the UK: Resident 5 years or more and less than 10 years,6,5,0,5,1,0,1
S01009529,Born outside the UK: Resident 10 years or more,13,12,1,11,1,0,1
S01009530,All people in households,575,543,240,303,32,12,20
S01009530,Born in the UK,553,526,232,294,27,12,15
S01009530,Born outside the UK: Total,22,17,8,9,5,0,5
S01009530,Born outside the UK: Resident less than 2 years,5,4,4,0,1,0,1
S01009530,Born outside the UK: Resident 2 years or more and less than 5 years,5,1,0,1,4,0,4
S01009530,Born outside the UK: Resident 5 years or more and less than 10 years,3,3,0,3,0,0,0
S01009530,Born outside the UK: Resident 10 years or more,9,9,4,5,0,0,0
S01009531,All people in households,795,406,155,251,389,294,95
S01009531,Born in the UK,743,387,151,236,356,288,68
S01009531,Born outside the UK: Total,52,19,4,15,33,6,27
S01009531,Born outside the UK: Resident less than 2 years,13,1,1,0,12,4,8
S01009531,Born outside the UK: Resident 2 years or more and less than 5 years,13,3,2,1,10,0,10
S01009531,Born outside the UK: Resident 5 years or more and less than 10 years,11,6,0,6,5,0,5
S01009531,Born outside the UK: Resident 10 years or more,15,9,1,8,6,2,4
S01009532,All people in households,779,369,172,197,410,341,69
S01009532,Born in the UK,748,361,171,190,387,332,55
S01009532,Born outside the UK: Total,31,8,1,7,23,9,14
S01009532,Born outside the UK: Resident less than 2 years,5,0,0,0,5,1,4
S01009532,Born outside the UK: Resident 2 years or more and less than 5 years,12,3,0,3,9,4,5
S01009532,Born outside the UK: Resident 5 years or more and less than 10 years,8,2,0,2,6,1,5
S01009532,Born outside the UK: Resident 10 years or more,6,3,1,2,3,3,0
S01009533,All people in households,783,342,107,235,441,282,159
S01009533,Born in the UK,713,319,102,217,394,273,121
S01009533,Born outside the UK: Total,70,23,5,18,47,9,38
S01009533,Born outside the UK: Resident less than 2 years,11,0,0,0,11,0,11
S01009533,Born outside the UK: Resident 2 years or more and less than 5 years,26,3,0,3,23,3,20
S01009533,Born outside the UK: Resident 5 years or more and less than 10 years,14,6,0,6,8,3,5
S01009533,Born outside the UK: Resident 10 years or more,19,14,5,9,5,3,2
S01009534,All people in households,856,207,79,128,649,550,99
S01009534,Born in the UK,788,193,75,118,595,516,79
S01009534,Born outside the UK: Total,68,14,4,10,54,34,20
S01009534,Born outside the UK: Resident less than 2 years,3,2,0,2,1,0,1
S01009534,Born outside the UK: Resident 2 years or more and less than 5 years,23,2,0,2,21,14,7
S01009534,Born outside the UK: Resident 5 years or more and less than 10 years,15,1,0,1,14,6,8
S01009534,Born outside the UK: Resident 10 years or more,27,9,4,5,18,14,4
S01009535,All people in households,629,163,41,122,466,425,41
S01009535,Born in the UK,598,152,38,114,446,412,34
S01009535,Born outside the UK: Total,31,11,3,8,20,13,7
S01009535,Born outside the UK: Resident less than 2 years,3,0,0,0,3,0,3
S01009535,Born outside the UK: Resident 2 years or more and less than 5 years,8,0,0,0,8,4,4
S01009535,Born outside the UK: Resident 5 years or more and less than 10 years,5,4,0,4,1,1,0
S01009535,Born outside the UK: Resident 10 years or more,15,7,3,4,8,8,0
S01009536,All people in households,548,303,72,231,245,205,40
S01009536,Born in the UK,516,295,71,224,221,197,24
S01009536,Born outside the UK: Total,32,8,1,7,24,8,16
S01009536,Born outside the UK: Resident less than 2 years,4,0,0,0,4,0,4
S01009536,Born outside the UK: Resident 2 years or more and less than 5 years,12,1,0,1,11,3,8
S01009536,Born outside the UK: Resident 5 years or more and less than 10 years,3,1,0,1,2,0,2
S01009536,Born outside the UK: Resident 10 years or more,13,6,1,5,7,5,2
S01009537,All people in households,539,333,125,208,206,155,51
S01009537,Born in the UK,503,308,121,187,195,150,45
S01009537,Born outside the UK: Total,36,25,4,21,11,5,6
S01009537,Born outside the UK: Resident less than 2 years,5,5,0,5,0,0,0
S01009537,Born outside the UK: Resident 2 years or more and less than 5 years,2,0,0,0,2,1,1
S01009537,Born outside the UK: Resident 5 years or more and less than 10 years,5,5,1,4,0,0,0
S01009537,Born outside the UK: Resident 10 years or more,24,15,3,12,9,4,5
S01009538,All people in households,708,282,91,191,426,320,106
S01009538,Born in the UK,667,270,86,184,397,310,87
S01009538,Born outside the UK: Total,41,12,5,7,29,10,19
S01009538,Born outside the UK: Resident less than 2 years,2,0,0,0,2,0,2
S01009538,Born outside the UK: Resident 2 years or more and less than 5 years,6,0,0,0,6,1,5
S01009538,Born outside the UK: Resident 5 years or more and less than 10 years,10,1,0,1,9,4,5
S01009538,Born outside the UK: Resident 10 years or more,23,11,5,6,12,5,7
S01009539,All people in households,865,628,225,403,237,196,41
S01009539,Born in the UK,815,589,219,370,226,188,38
S01009539,Born outside the UK: Total,50,39,6,33,11,8,3
S01009539,Born outside the UK: Resident less than 2 years,5,4,0,4,1,1,0
S01009539,Born outside the UK: Resident 2 years or more and less than 5 years,20,14,0,14,6,4,2
S01009539,Born outside the UK: Resident 5 years or more and less than 10 years,6,5,0,5,1,0,1
S01009539,Born outside the UK: Resident 10 years or more,19,16,6,10,3,3,0
S01009540,All people in households,815,402,146,256,413,329,84
S01009540,Born in the UK,765,392,142,250,373,317,56
S01009540,Born outside the UK: Total,50,10,4,6,40,12,28
S01009540,Born outside the UK: Resident less than 2 years,15,0,0,0,15,2,13
S01009540,Born outside the UK: Resident 2 years or more and less than 5 years,20,3,3,0,17,6,11
S01009540,Born outside the UK: Resident 5 years or more and less than 10 years,10,5,1,4,5,1,4
S01009540,Born outside the UK: Resident 10 years or more,5,2,0,2,3,3,0
S01009541,All people in households,725,523,161,362,202,50,152
S01009541,Born in the UK,712,519,160,359,193,50,143
S01009541,Born outside the UK: Total,13,4,1,3,9,0,9
S01009541,Born outside the UK: Resident less than 2 years,3,0,0,0,3,0,3
S01009541,Born outside the UK: Resident 2 years or more and less than 5 years,0,0,0,0,0,0,0
S01009541,Born outside the UK: Resident 5 years or more and less than 10 years,3,1,0,1,2,0,2
S01009541,Born outside the UK: Resident 10 years or more,7,3,1,2,4,0,4
S01009542,All people in households,753,280,91,189,473,420,53
S01009542,Born in the UK,735,272,89,183,463,415,48
S01009542,Born outside the UK: Total,18,8,2,6,10,5,5
S01009542,Born outside the UK: Resident less than 2 years,2,2,1,1,0,0,0
S01009542,Born outside the UK: Resident 2 years or more and less than 5 years,3,0,0,0,3,0,3
S01009542,Born outside the UK: Resident 5 years or more and less than 10 years,3,1,0,1,2,2,0
S01009542,Born outside the UK: Resident 10 years or more,10,5,1,4,5,3,2
S01009543,All people in households,523,348,178,170,175,112,63
S01009543,Born in the UK,503,336,173,163,167,110,57
S01009543,Born outside the UK: Total,20,12,5,7,8,2,6
S01009543,Born outside the UK: Resident less than 2 years,3,2,1,1,1,0,1
S01009543,Born outside the UK: Resident 2 years or more and less than 5 years,6,2,1,1,4,0,4
S01009543,Born outside the UK: Resident 5 years or more and less than 10 years,2,1,0,1,1,0,1
S01009543,Born outside the UK: Resident 10 years or more,9,7,3,4,2,2,0
S01009544,All people in households,855,428,141,287,427,226,201
S01009544,Born in the UK,818,409,136,273,409,217,192
S01009544,Born outside the UK: Total,37,19,5,14,18,9,9
S01009544,Born outside the UK: Resident less than 2 years,1,1,0,1,0,0,0
S01009544,Born outside the UK: Resident 2 years or more and less than 5 years,6,4,0,4,2,0,2
S01009544,Born outside the UK: Resident 5 years or more and less than 10 years,9,3,0,3,6,1,5
S01009544,Born outside the UK: Resident 10 years or more,21,11,5,6,10,8,2
S01009545,All people in households,789,487,220,267,302,208,94
S01009545,Born in the UK,775,482,217,265,293,202,91
S01009545,Born outside the UK: Total,14,5,3,2,9,6,3
S01009545,Born outside the UK: Resident less than 2 years,0,0,0,0,0,0,0
S01009545,Born outside the UK: Resident 2 years or more and less than 5 years,0,0,0,0,0,0,0
S01009545,Born outside the UK: Resident 5 years or more and less than 10 years,6,0,0,0,6,5,1
S01009545,Born outside the UK: Resident 10 years or more,8,5,3,2,3,1,2
S01009546,All people in households,967,686,151,535,281,251,30
S01009546,Born in the UK,929,659,150,509,270,242,28
S01009546,Born outside the UK: Total,38,27,1,26,11,9,2
S01009546,Born outside the UK: Resident less than 2 years,0,0,0,0,0,0,0
S01009546,Born outside the UK: Resident 2 years or more and less than 5 years,14,10,0,10,4,4,0
S01009546,Born outside the UK: Resident 5 years or more and less than 10 years,9,8,0,8,1,0,1
S01009546,Born outside the UK: Resident 10 years or more,15,9,1,8,6,5,1
S01009547,All people in households,744,384,177,207,360,244,116
S01009547,Born in the UK,705,372,174,198,333,238,95
S01009547,Born outside the UK: Total,39,12,3,9,27,6,21
S01009547,Born outside the UK: Resident less than 2 years,3,0,0,0,3,2,1
S01009547,Born outside the UK: Resident 2 years or more and less than 5 years,13,1,1,0,12,0,12
S01009547,Born outside the UK: Resident 5 years or more and less than 10 years,10,3,0,3,7,2,5
S01009547,Born outside the UK: Resident 10 years or more,13,8,2,6,5,2,3
S01009548,All people in households,694,446,176,270,248,166,82
S01009548,Born in the UK,682,440,174,266,242,162,80
S01009548,Born outside the UK: Total,12,6,2,4,6,4,2
S01009548,Born outside the UK: Resident less than 2 years,3,2,0,2,1,1,0
S01009548,Born outside the UK: Resident 2 years or more and less than 5 years,1,0,0,0,1,1,0
S01009548,Born outside the UK: Resident 5 years or more and less than 10 years,0,0,0,0,0,0,0
S01009548,Born outside the UK: Resident 10 years or more,8,4,2,2,4,2,2
S01009549,All people in households,778,584,224,360,194,105,89
S01009549,Born in the UK,753,574,224,350,179,104,75
S01009549,Born outside the UK: Total,25,10,0,10,15,1,14
S01009549,Born outside the UK: Resident less than 2 years,2,0,0,0,2,0,2
S01009549,Born outside the UK: Resident 2 years or more and less than 5 years,5,0,0,0,5,0,5
S01009549,Born outside the UK: Resident 5 years or more and less than 10 years,4,1,0,1,3,1,2
S01009549,Born outside the UK: Resident 10 years or more,14,9,0,9,5,0,5
S01009550,All people in households,515,435,154,281,80,47,33
S01009550,Born in the UK,495,417,146,271,78,47,31
S01009550,Born outside the UK: Total,20,18,8,10,2,0,2
S01009550,Born outside the UK: Resident less than 2 years,0,0,0,0,0,0,0
S01009550,Born outside the UK: Resident 2 years or more and less than 5 years,0,0,0,0,0,0,0
S01009550,Born outside the UK: Resident 5 years or more and less than 10 years,2,0,0,0,2,0,2
S01009550,Born outside the UK: Resident 10 years or more,18,18,8,10,0,0,0
S01009551,All people in households,533,377,118,259,156,42,114
S01009551,Born in the UK,494,362,117,245,132,40,92
S01009551,Born outside the UK: Total,39,15,1,14,24,2,22
S01009551,Born outside the UK: Resident less than 2 years,7,0,0,0,7,0,7
S01009551,Born outside the UK: Resident 2 years or more and less than 5 years,6,2,0,2,4,0,4
S01009551,Born outside the UK: Resident 5 years or more and less than 10 years,9,0,0,0,9,2,7
S01009551,Born outside the UK: Resident 10 years or more,17,13,1,12,4,0,4
S01009552,All people in households,862,610,238,372,252,190,62
S01009552,Born in the UK,837,594,231,363,243,189,54
S01009552,Born outside the UK: Total,25,16,7,9,9,1,8
S01009552,Born outside the UK: Resident less than 2 years,0,0,0,0,0,0,0
S01009552,Born outside the UK: Resident 2 years or more and less than 5 years,2,0,0,0,2,0,2
S01009552,Born outside the UK: Resident 5 years or more and less than 10 years,4,2,1,1,2,0,2
S01009552,Born outside the UK: Resident 10 years or more,19,14,6,8,5,1,4
S01009553,All people in households,852,400,146,254,452,383,69
S01009553,Born in the UK,830,391,143,248,439,376,63
S01009553,Born outside the UK: Total,22,9,3,6,13,7,6
S01009553,Born outside the UK: Resident less than 2 years,3,1,0,1,2,0,2
S01009553,Born outside the UK: Resident 2 years or more and less than 5 years,2,2,1,1,0,0,0
S01009553,Born outside the UK: Resident 5 years or more and less than 10 years,1,0,0,0,1,0,1
S01009553,Born outside the UK: Resident 10 years or more,16,6,2,4,10,7,3
S01009554,All people in households,651,362,151,211,289,215,74
S01009554,Born in the UK,635,351,148,203,284,214,70
S01009554,Born outside the UK: Total,16,11,3,8,5,1,4
S01009554,Born outside the UK: Resident less than 2 years,0,0,0,0,0,0,0
S01009554,Born outside the UK: Resident 2 years or more and less than 5 years,0,0,0,0,0,0,0
S01009554,Born outside the UK: Resident 5 years or more and less than 10 years,0,0,0,0,0,0,0
S01009554,Born outside the UK: Resident 10 years or more,16,11,3,8,5,1,4
S01009555,All people in households,735,517,206,311,218,102,116
S01009555,Born in the UK,710,500,196,304,210,101,109
S01009555,Born outside the UK: Total,25,17,10,7,8,1,7
S01009555,Born outside the UK: Resident less than 2 years,0,0,0,0,0,0,0
S01009555,Born outside the UK: Resident 2 years or more and less than 5 years,4,4,0,4,0,0,0
S01009555,Born outside the UK: Resident 5 years or more and less than 10 years,0,0,0,0,0,0,0
S01009555,Born outside the UK: Resident 10 years or more,21,13,10,3,8,1,7
S01009556,All people in households,767,408,119,289,359,278,81
S01009556,Born in the UK,719,383,115,268,336,270,66
S01009556,Born outside the UK: Total,48,25,4,21,23,8,15
S01009556,Born outside the UK: Resident less than 2 years,14,1,0,1,13,2,11
S01009556,Born outside the UK: Resident 2 years or more and less than 5 years,13,10,1,9,3,2,1
S01009556,Born outside the UK: Resident 5 years or more and less than 10 years,4,3,0,3,1,0,1
S01009556,Born outside the UK: Resident 10 years or more,17,11,3,8,6,4,2
S01009557,All people in households,675,312,111,201,363,249,114
S01009557,Born in the UK,644,298,110,188,346,239,107
S01009557,Born outside the UK: Total,31,14,1,13,17,10,7
S01009557,Born outside the UK: Resident less than 2 years,4,0,0,0,4,1,3
S01009557,Born outside the UK: Resident 2 years or more and less than 5 years,8,5,0,5,3,0,3
S01009557,Born outside the UK: Resident 5 years or more and less than 10 years,3,3,0,3,0,0,0
S01009557,Born outside the UK: Resident 10 years or more,16,6,1,5,10,9,1
S01009558,All people in households,673,319,110,209,354,245,109
S01009558,Born in the UK,640,305,106,199,335,239,96
S01009558,Born outside the UK: Total,33,14,4,10,19,6,13
S01009558,Born outside the UK: Resident less than 2 years,5,0,0,0,5,1,4
S01009558,Born outside the UK: Resident 2 years or more and less than 5 years,9,0,0,0,9,2,7
S01009558,Born outside the UK: Resident 5 years or more and less than 10 years,6,4,0,4,2,0,2
S01009558,Born outside the UK: Resident 10 years or more,13,10,4,6,3,3,0
S01009559,All people in households,857,475,157,318,382,276,106
S01009559,Born in the UK,807,455,152,303,352,266,86
S01009559,Born outside the UK: Total,50,20,5,15,30,10,20
S01009559,Born outside the UK: Resident less than 2 years,6,2,2,0,4,0,4
S01009559,Born outside the UK: Resident 2 years or more and less than 5 years,14,0,0,0,14,4,10
S01009559,Born outside the UK: Resident 5 years or more and less than 10 years,10,4,0,4,6,1,5
S01009559,Born outside the UK: Resident 10 years or more,20,14,3,11,6,5,1
S01009560,All people in households,748,375,130,245,373,219,154
S01009560,Born in the UK,699,360,124,236,339,214,125
S01009560,Born outside the UK: Total,49,15,6,9,34,5,29
S01009560,Born outside the UK: Resident less than 2 years,7,0,0,0,7,0,7
S01009560,Born outside the UK: Resident 2 years or more and less than 5 years,17,0,0,0,17,2,15
S01009560,Born outside the UK: Resident 5 years or more and less than 10 years,4,1,0,1,3,0,3
S01009560,Born outside the UK: Resident 10 years or more,21,14,6,8,7,3,4
S01009561,All people in households,536,275,94,181,261,156,105
S01009561,Born in the UK,496,255,91,164,241,154,87
S01009561,Born outside the UK: Total,40,20,3,17,20,2,18
S01009561,Born outside the UK: Resident less than 2 years,11,4,0,4,7,0,7
S01009561,Born outside the UK: Resident 2 years or more and less than 5 years,3,0,0,0,3,0,3
S01009561,Born outside the UK: Resident 5 years or more and less than 10 years,6,2,0,2,4,0,4
S01009561,Born outside the UK: Resident 10 years or more,20,14,3,11,6,2,4
S01009562,All people in households,715,514,201,313,201,108,93
S01009562,Born in the UK,679,496,199,297,183,108,75
S01009562,Born outside the UK: Total,36,18,2,16,18,0,18
S01009562,Born outside the UK: Resident less than 2 years,5,1,0,1,4,0,4
S01009562,Born outside the UK: Resident 2 years or more and less than 5 years,10,0,0,0,10,0,10
S01009562,Born outside the UK: Resident 5 years or more and less than 10 years,9,7,0,7,2,0,2
S01009562,Born outside the UK: Resident 10 years or more,12,10,2,8,2,0,2
S01009563,All people in households,793,522,222,300,271,129,142
S01009563,Born in the UK,753,508,218,290,245,128,117
S01009563,Born outside the UK: Total,40,14,4,10,26,1,25
S01009563,Born outside the UK: Resident less than 2 years,9,0,0,0,9,0,9
S01009563,Born outside the UK: Resident 2 years or more and less than 5 years,10,0,0,0,10,0,10
S01009563,Born outside the UK: Resident 5 years or more and less than 10 years,4,1,1,0,3,0,3
S01009563,Born outside the UK: Resident 10 years or more,17,13,3,10,4,1,3
S01009564,All people in households,681,525,225,300,156,91,65
S01009564,Born in the UK,663,510,221,289,153,90,63
S01009564,Born outside the UK: Total,18,15,4,11,3,1,2
S01009564,Born outside the UK: Resident less than 2 years,0,0,0,0,0,0,0
S01009564,Born outside the UK: Resident 2 years or more and less than 5 years,1,1,0,1,0,0,0
S01009564,Born outside the UK: Resident 5 years or more and less than 10 years,3,3,1,2,0,0,0
S01009564,Born outside the UK: Resident 10 years or more,14,11,3,8,3,1,2
S01009565,All people in households,588,362,140,222,226,130,96
S01009565,Born in the UK,569,345,134,211,224,129,95
S01009565,Born outside the UK: Total,19,17,6,11,2,1,1
S01009565,Born outside the UK: Resident less than 2 years,1,1,0,1,0,0,0
S01009565,Born outside the UK: Resident 2 years or more and less than 5 years,1,1,0,1,0,0,0
S01009565,Born outside the UK: Resident 5 years or more and less than 10 years,3,3,2,1,0,0,0
S01009565,Born outside the UK: Resident 10 years or more,14,12,4,8,2,1,1
S01009566,All people in households,1070,787,203,584,283,158,125
S01009566,Born in the UK,1024,761,193,568,263,150,113
S01009566,Born outside the UK: Total,46,26,10,16,20,8,12
S01009566,Born outside the UK: Resident less than 2 years,2,1,0,1,1,0,1
S01009566,Born outside the UK: Resident 2 years or more and less than 5 years,11,0,0,0,11,3,8
S01009566,Born outside the UK: Resident 5 years or more and less than 10 years,8,5,0,5,3,1,2
S01009566,Born outside the UK: Resident 10 years or more,25,20,10,10,5,4,1
S01009567,All people in households,882,577,216,361,305,139,166
S01009567,Born in the UK,836,560,213,347,276,132,144
S01009567,Born outside the UK: Total,46,17,3,14,29,7,22
S01009567,Born outside the UK: Resident less than 2 years,11,1,0,1,10,0,10
S01009567,Born outside the UK: Resident 2 years or more and less than 5 years,8,0,0,0,8,0,8
S01009567,Born outside the UK: Resident 5 years or more and less than 10 years,8,4,0,4,4,4,0
S01009567,Born outside the UK: Resident 10 years or more,19,12,3,9,7,3,4
S01009568,All people in households,736,518,163,355,218,145,73
S01009568,Born in the UK,706,495,158,337,211,141,70
S01009568,Born outside the UK: Total,30,23,5,18,7,4,3
S01009568,Born outside the UK: Resident less than 2 years,0,0,0,0,0,0,0
S01009568,Born outside the UK: Resident 2 years or more and less than 5 years,2,1,0,1,1,1,0
S01009568,Born outside the UK: Resident 5 years or more and less than 10 years,7,6,0,6,1,0,1
S01009568,Born outside the UK: Resident 10 years or more,21,16,5,11,5,3,2
S01009569,All people in households,812,579,229,350,233,131,102
S01009569,Born in the UK,781,564,226,338,217,128,89
S01009569,Born outside the UK: Total,31,15,3,12,16,3,13
S01009569,Born outside the UK: Resident less than 2 years,1,1,0,1,0,0,0
S01009569,Born outside the UK: Resident 2 years or more and less than 5 years,11,3,0,3,8,2,6
S01009569,Born outside the UK: Resident 5 years or more and less than 10 years,5,2,0,2,3,0,3
S01009569,Born outside the UK: Resident 10 years or more,14,9,3,6,5,1,4
S01009570,All people in households,559,362,115,247,197,115,82
S01009570,Born in the UK,537,355,113,242,182,112,70
S01009570,Born outside the UK: Total,22,7,2,5,15,3,12
S01009570,Born outside the UK: Resident less than 2 years,0,0,0,0,0,0,0
S01009570,Born outside the UK: Resident 2 years or more and less than 5 years,7,0,0,0,7,0,7
S01009570,Born outside the UK: Resident 5 years or more and less than 10 years,5,0,0,0,5,0,5
S01009570,Born outside the UK: Resident 10 years or more,10,7,2,5,3,3,0
S01009571,All people in households,686,285,90,195,401,262,139
S01009571,Born in the UK,630,268,89,179,362,257,105
S01009571,Born outside the UK: Total,56,17,1,16,39,5,34
S01009571,Born outside the UK: Resident less than 2 years,9,0,0,0,9,0,9
S01009571,Born outside the UK: Resident 2 years or more and less than 5 years,33,8,0,8,25,1,24
S01009571,Born outside the UK: Resident 5 years or more and less than 10 years,7,5,0,5,2,1,1
S01009571,Born outside the UK: Resident 10 years or more,7,4,1,3,3,3,0
S01009572,All people in households,1030,471,155,316,559,375,184
S01009572,Born in the UK,945,448,149,299,497,363,134
S01009572,Born outside the UK: Total,85,23,6,17,62,12,50
S01009572,Born outside the UK: Resident less than 2 years,7,0,0,0,7,0,7
S01009572,Born outside the UK: Resident 2 years or more and less than 5 years,31,3,0,3,28,1,27
S01009572,Born outside the UK: Resident 5 years or more and less than 10 years,21,7,0,7,14,1,13
S01009572,Born outside the UK: Resident 10 years or more,26,13,6,7,13,10,3
S01009573,All people in households,743,360,133,227,383,268,115
S01009573,Born in the UK,685,338,130,208,347,262,85
S01009573,Born outside the UK: Total,58,22,3,19,36,6,30
S01009573,Born outside the UK: Resident less than 2 years,7,3,0,3,4,0,4
S01009573,Born outside the UK: Resident 2 years or more and less than 5 years,16,6,0,6,10,0,10
S01009573,Born outside the UK: Resident 5 years or more and less than 10 years,15,4,1,3,11,1,10
S01009573,Born outside the UK: Resident 10 years or more,20,9,2,7,11,5,6
S01009574,All people in households,970,618,238,380,352,201,151
S01009574,Born in the UK,910,592,229,363,318,195,123
S01009574,Born outside the UK: Total,60,26,9,17,34,6,28
S01009574,Born outside the UK: Resident less than 2 years,9,1,0,1,8,0,8
S01009574,Born outside the UK: Resident 2 years or more and less than 5 years,9,4,0,4,5,0,5
S01009574,Born outside the UK: Resident 5 years or more and less than 10 years,14,4,0,4,10,0,10
S01009574,Born outside the UK: Resident 10 years or more,28,17,9,8,11,6,5
S01009575,All people in households,523,349,106,243,174,128,46
S01009575,Born in the UK,512,342,105,237,170,126,44
S01009575,Born outside the UK: Total,11,7,1,6,4,2,2
S01009575,Born outside the UK: Resident less than 2 years,0,0,0,0,0,0,0
S01009575,Born outside the UK: Resident 2 years or more and less than 5 years,0,0,0,0,0,0,0
S01009575,Born outside the UK: Resident 5 years or more and less than 10 years,0,0,0,0,0,0,0
S01009575,Born outside the UK: Resident 10 years or more,11,7,1,6,4,2,2
S01009576,All people in households,516,468,218,250,48,5,43
S01009576,Born in the UK,492,450,210,240,42,5,37
S01009576,Born outside the UK: Total,24,18,8,10,6,0,6
S01009576,Born outside the UK: Resident less than 2 years,4,0,0,0,4,0,4
S01009576,Born outside the UK: Resident 2 years or more and less than 5 years,4,3,1,2,1,0,1
S01009576,Born outside the UK: Resident 5 years or more and less than 10 years,2,1,1,0,1,0,1
S01009576,Born outside the UK: Resident 10 years or more,14,14,6,8,0,0,0
S01009577,All people in households,660,557,191,366,103,70,33
S01009577,Born in the UK,618,522,176,346,96,66,30
S01009577,Born outside the UK: Total,42,35,15,20,7,4,3
S01009577,Born outside the UK: Resident less than 2 years,0,0,0,0,0,0,0
S01009577,Born outside the UK: Resident 2 years or more and less than 5 years,1,1,0,1,0,0,0
S01009577,Born outside the UK: Resident 5 years or more and less than 10 years,2,2,1,1,0,0,0
S01009577,Born outside the UK: Resident 10 years or more,39,32,14,18,7,4,3
S01009578,All people in households,771,541,148,393,230,114,116
S01009578,Born in the UK,745,525,142,383,220,110,110
S01009578,Born outside the UK: Total,26,16,6,10,10,4,6
S01009578,Born outside the UK: Resident less than 2 years,1,0,0,0,1,0,1
S01009578,Born outside the UK: Resident 2 years or more and less than 5 years,8,3,0,3,5,1,4
S01009578,Born outside the UK: Resident 5 years or more and less than 10 years,3,3,0,3,0,0,0
S01009578,Born outside the UK: Resident 10 years or more,14,10,6,4,4,3,1
S01009579,All people in households,1029,615,169,446,414,369,45
S01009579,Born in the UK,984,584,160,424,400,359,41
S01009579,Born outside the UK: Total,45,31,9,22,14,10,4
S01009579,Born outside the UK: Resident less than 2 years,2,2,0,2,0,0,0
S01009579,Born outside the UK: Resident 2 years or more and less than 5 years,2,0,0,0,2,0,2
S01009579,Born outside the UK: Resident 5 years or more and less than 10 years,13,9,1,8,4,3,1
S01009579,Born outside the UK: Resident 10 years or more,28,20,8,12,8,7,1
S01009580,All people in households,970,879,194,685,91,33,58
S01009580,Born in the UK,927,851,190,661,76,28,48
S01009580,Born outside the UK: Total,43,28,4,24,15,5,10
S01009580,Born outside the UK: Resident less than 2 years,6,0,0,0,6,1,5
S01009580,Born outside the UK: Resident 2 years or more and less than 5 years,5,1,0,1,4,0,4
S01009580,Born outside the UK: Resident 5 years or more and less than 10 years,5,3,0,3,2,1,1
S01009580,Born outside the UK: Resident 10 years or more,27,24,4,20,3,3,0
S01009581,All people in households,553,391,156,235,162,102,60
S01009581,Born in the UK,531,381,151,230,150,101,49
S01009581,Born outside the UK: Total,22,10,5,5,12,1,11
S01009581,Born outside the UK: Resident less than 2 years,2,1,0,1,1,1,0
S01009581,Born outside the UK: Resident 2 years or more and less than 5 years,11,0,0,0,11,0,11
S01009581,Born outside the UK: Resident 5 years or more and less than 10 years,1,1,0,1,0,0,0
S01009581,Born outside the UK: Resident 10 years or more,8,8,5,3,0,0,0
S01009582,All people in households,533,369,108,261,164,83,81
S01009582,Born in the UK,506,351,101,250,155,80,75
S01009582,Born outside the UK: Total,27,18,7,11,9,3,6
S01009582,Born outside the UK: Resident less than 2 years,1,0,0,0,1,0,1
S01009582,Born outside the UK: Resident 2 years or more and less than 5 years,4,0,0,0,4,0,4
S01009582,Born outside the UK: Resident 5 years or more and less than 10 years,7,6,3,3,1,0,1
S01009582,Born outside the UK: Resident 10 years or more,15,12,4,8,3,3,0
S01009583,All people in households,812,510,122,388,302,192,110
S01009583,Born in the UK,784,488,119,369,296,190,106
S01009583,Born outside the UK: Total,28,22,3,19,6,2,4
S01009583,Born outside the UK: Resident less than 2 years,1,0,0,0,1,0,1
S01009583,Born outside the UK: Resident 2 years or more and less than 5 years,3,1,0,1,2,0,2
S01009583,Born outside the UK: Resident 5 years or more and less than 10 years,11,11,0,11,0,0,0
S01009583,Born outside the UK: Resident 10 years or more,13,10,3,7,3,2,1
S01009584,All people in households,537,430,165,265,107,23,84
S01009584,Born in the UK,506,412,159,253,94,19,75
S01009584,Born outside the UK: Total,31,18,6,12,13,4,9
S01009584,Born outside the UK: Resident less than 2 years,5,2,0,2,3,3,0
S01009584,Born outside the UK: Resident 2 years or more and less than 5 years,6,2,0,2,4,1,3
S01009584,Born outside the UK: Resident 5 years or more and less than 10 years,4,1,0,1,3,0,3
S01009584,Born outside the UK: Resident 10 years or more,16,13,6,7,3,0,3
S01009585,All people in households,969,673,186,487,296,185,111
S01009585,Born in the UK,952,662,183,479,290,184,106
S01009585,Born outside the UK: Total,17,11,3,8,6,1,5
S01009585,Born outside the UK: Resident less than 2 years,2,1,0,1,1,0,1
S01009585,Born outside the UK: Resident 2 years or more and less than 5 years,2,0,0,0,2,0,2
S01009585,Born outside the UK: Resident 5 years or more and less than 10 years,0,0,0,0,0,0,0
S01009585,Born outside the UK: Resident 10 years or more,13,10,3,7,3,1,2
S01009586,All people in households,647,460,216,244,187,134,53
S01009586,Born in the UK,625,444,215,229,181,131,50
S01009586,Born outside the UK: Total,22,16,1,15,6,3,3
S01009586,Born outside the UK: Resident less than 2 years,0,0,0,0,0,0,0
S01009586,Born outside the UK: Resident 2 years or more and less than 5 years,0,0,0,0,0,0,0
S01009586,Born outside the UK: Resident 5 years or more and less than 10 years,8,5,0,5,3,0,3
S01009586,Born outside the UK: Resident 10 years or more,14,11,1,10,3,3,0
S01009587,All people in households,684,500,217,283,184,123,61
S01009587,Born in the UK,654,484,212,272,170,121,49
S01009587,Born outside the UK: Total,30,16,5,11,14,2,12
S01009587,Born outside the UK: Resident less than 2 years,1,0,0,0,1,0,1
S01009587,Born outside the UK: Resident 2 years or more and less than 5 years,2,0,0,0,2,0,2
S01009587,Born outside the UK: Resident 5 years or more and less than 10 years,5,0,0,0,5,0,5
S01009587,Born outside the UK: Resident 10 years or more,22,16,5,11,6,2,4
S01009588,All people in households,977,724,271,453,253,183,70
S01009588,Born in the UK,956,704,262,442,252,183,69
S01009588,Born outside the UK: Total,21,20,9,11,1,0,1
S01009588,Born outside the UK: Resident less than 2 years,0,0,0,0,0,0,0
S01009588,Born outside the UK: Resident 2 years or more and less than 5 years,1,0,0,0,1,0,1
S01009588,Born outside the UK: Resident 5 years or more and less than 10 years,1,1,0,1,0,0,0
S01009588,Born outside the UK: Resident 10 years or more,19,19,9,10,0,0,0
S01009589,All people in households,954,660,189,471,294,214,80
S01009589,Born in the UK,923,643,187,456,280,212,68
S01009589,Born outside the UK: Total,31,17,2,15,14,2,12
S01009589,Born outside the UK: Resident less than 2 years,1,0,0,0,1,0,1
S01009589,Born outside the UK: Resident 2 years or more and less than 5 years,13,5,0,5,8,0,8
S01009589,Born outside the UK: Resident 5 years or more and less than 10 years,8,5,0,5,3,0,3
S01009589,Born outside the UK: Resident 10 years or more,9,7,2,5,2,2,0
S01009590,All people in households,718,688,199,489,30,12,18
S01009590,Born in the UK,691,664,185,479,27,11,16
S01009590,Born outside the UK: Total,27,24,14,10,3,1,2
S01009590,Born outside the UK: Resident less than 2 years,2,2,2,0,0,0,0
S01009590,Born outside the UK: Resident 2 years or more and less than 5 years,1,0,0,0,1,1,0
S01009590,Born outside the UK: Resident 5 years or more and less than 10 years,3,2,1,1,1,0,1
S01009590,Born outside the UK: Resident 10 years or more,21,20,11,9,1,0,1
S01009591,All people in households,643,580,234,346,63,8,55
S01009591,Born in the UK,611,558,225,333,53,8,45
S01009591,Born outside the UK: Total,32,22,9,13,10,0,10
S01009591,Born outside the UK: Resident less than 2 years,0,0,0,0,0,0,0
S01009591,Born outside the UK: Resident 2 years or more and less than 5 years,13,5,0,5,8,0,8
S01009591,Born outside the UK: Resident 5 years or more and less than 10 years,1,0,0,0,1,0,1
S01009591,Born outside the UK: Resident 10 years or more,18,17,9,8,1,0,1
S01009592,All people in households,554,513,237,276,41,14,27
S01009592,Born in the UK,532,499,232,267,33,13,20
S01009592,Born outside the UK: Total,22,14,5,9,8,1,7
S01009592,Born outside the UK: Resident less than 2 years,4,0,0,0,4,0,4
S01009592,Born outside the UK: Resident 2 years or more and less than 5 years,1,1,0,1,0,0,0
S01009592,Born outside the UK: Resident 5 years or more and less than 10 years,1,1,0,1,0,0,0
S01009592,Born outside the UK: Resident 10 years or more,16,12,5,7,4,1,3
S01009593,All people in households,592,542,165,377,50,18,32
S01009593,Born in the UK,568,520,157,363,48,16,32
S01009593,Born outside the UK: Total,24,22,8,14,2,2,0
S01009593,Born outside the UK: Resident less than 2 years,3,3,2,1,0,0,0
S01009593,Born outside the UK: Resident 2 years or more and less than 5 years,2,2,0,2,0,0,0
S01009593,Born outside the UK: Resident 5 years or more and less than 10 years,4,2,0,2,2,2,0
S01009593,Born outside the UK: Resident 10 years or more,15,15,6,9,0,0,0
S01009594,All people in households,675,648,166,482,27,4,23
S01009594,Born in the UK,649,627,165,462,22,4,18
S01009594,Born outside the UK: Total,26,21,1,20,5,0,5
S01009594,Born outside the UK: Resident less than 2 years,1,1,0,1,0,0,0
S01009594,Born outside the UK: Resident 2 years or more and less than 5 years,2,1,0,1,1,0,1
S01009594,Born outside the UK: Resident 5 years or more and less than 10 years,6,4,0,4,2,0,2
S01009594,Born outside the UK: Resident 10 years or more,17,15,1,14,2,0,2
S01009595,All people in households,514,462,91,371,52,25,27
S01009595,Born in the UK,466,420,84,336,46,22,24
S01009595,Born outside the UK: Total,48,42,7,35,6,3,3
S01009595,Born outside the UK: Resident less than 2 years,5,5,2,3,0,0,0
S01009595,Born outside the UK: Resident 2 years or more and less than 5 years,9,9,4,5,0,0,0
S01009595,Born outside the UK: Resident 5 years or more and less than 10 years,6,3,0,3,3,2,1
S01009595,Born outside the UK: Resident 10 years or more,28,25,1,24,3,1,2
S01009596,All people in households,783,452,110,342,331,252,79
S01009596,Born in the UK,758,440,103,337,318,247,71
S01009596,Born outside the UK: Total,25,12,7,5,13,5,8
S01009596,Born outside the UK: Resident less than 2 years,0,0,0,0,0,0,0
S01009596,Born outside the UK: Resident 2 years or more and less than 5 years,5,0,0,0,5,0,5
S01009596,Born outside the UK: Resident 5 years or more and less than 10 years,3,0,0,0,3,0,3
S01009596,Born outside the UK: Resident 10 years or more,17,12,7,5,5,5,0
S01009597,All people in households,875,343,52,291,532,430,102
S01009597,Born in the UK,828,327,50,277,501,418,83
S01009597,Born outside the UK: Total,47,16,2,14,31,12,19
S01009597,Born outside the UK: Resident less than 2 years,4,0,0,0,4,0,4
S01009597,Born outside the UK: Resident 2 years or more and less than 5 years,9,1,0,1,8,2,6
S01009597,Born outside the UK: Resident 5 years or more and less than 10 years,14,7,0,7,7,3,4
S01009597,Born outside the UK: Resident 10 years or more,20,8,2,6,12,7,5
S01009598,All people in households,664,163,43,120,501,482,19
S01009598,Born in the UK,654,159,41,118,495,477,18
S01009598,Born outside the UK: Total,10,4,2,2,6,5,1
S01009598,Born outside the UK: Resident less than 2 years,0,0,0,0,0,0,0
S01009598,Born outside the UK: Resident 2 years or more and less than 5 years,0,0,0,0,0,0,0
S01009598,Born outside the UK: Resident 5 years or more and less than 10 years,0,0,0,0,0,0,0
S01009598,Born outside the UK: Resident 10 years or more,10,4,2,2,6,5,1
S01009599,All people in households,888,560,131,429,328,231,97
S01009599,Born in the UK,855,547,129,418,308,226,82
S01009599,Born outside the UK: Total,33,13,2,11,20,5,15
S01009599,Born outside the UK: Resident less than 2 years,5,0,0,0,5,0,5
S01009599,Born outside the UK: Resident 2 years or more and less than 5 years,8,1,0,1,7,0,7
S01009599,Born outside the UK: Resident 5 years or more and less than 10 years,3,2,0,2,1,0,1
S01009599,Born outside the UK: Resident 10 years or more,17,10,2,8,7,5,2
S01009600,All people in households,634,218,37,181,416,345,71
S01009600,Born in the UK,616,208,36,172,408,340,68
S01009600,Born outside the UK: Total,18,10,1,9,8,5,3
S01009600,Born outside the UK: Resident less than 2 years,0,0,0,0,0,0,0
S01009600,Born outside the UK: Resident 2 years or more and less than 5 years,3,0,0,0,3,0,3
S01009600,Born outside the UK: Resident 5 years or more and less than 10 years,1,1,1,0,0,0,0
S01009600,Born outside the UK: Resident 10 years or more,14,9,0,9,5,5,0
S01009601,All people in households,672,364,87,277,308,198,110
S01009601,Born in the UK,642,353,83,270,289,197,92
S01009601,Born outside the UK: Total,30,11,4,7,19,1,18
S01009601,Born outside the UK: Resident less than 2 years,5,0,0,0,5,0,5
S01009601,Born outside the UK: Resident 2 years or more and less than 5 years,6,2,2,0,4,0,4
S01009601,Born outside the UK: Resident 5 years or more and less than 10 years,4,0,0,0,4,0,4
S01009601,Born outside the UK: Resident 10 years or more,15,9,2,7,6,1,5
S01009602,All people in households,770,712,140,572,58,23,35
S01009602,Born in the UK,740,690,136,554,50,20,30
S01009602,Born outside the UK: Total,30,22,4,18,8,3,5
S01009602,Born outside the UK: Resident less than 2 years,1,1,1,0,0,0,0
S01009602,Born outside the UK: Resident 2 years or more and less than 5 years,7,5,1,4,2,0,2
S01009602,Born outside the UK: Resident 5 years or more and less than 10 years,4,3,0,3,1,0,1
S01009602,Born outside the UK: Resident 10 years or more,18,13,2,11,5,3,2
S01009603,All people in households,560,448,146,302,112,87,25
S01009603,Born in the UK,528,422,140,282,106,83,23
S01009603,Born outside the UK: Total,32,26,6,20,6,4,2
S01009603,Born outside the UK: Resident less than 2 years,1,0,0,0,1,0,1
S01009603,Born outside the UK: Resident 2 years or more and less than 5 years,3,2,0,2,1,0,1
S01009603,Born outside the UK: Resident 5 years or more and less than 10 years,2,2,0,2,0,0,0
S01009603,Born outside the UK: Resident 10 years or more,26,22,6,16,4,4,0
S01009604,All people in households,857,584,115,469,273,183,90
S01009604,Born in the UK,818,557,112,445,261,182,79
S01009604,Born outside the UK: Total,39,27,3,24,12,1,11
S01009604,Born outside the UK: Resident less than 2 years,3,3,2,1,0,0,0
S01009604,Born outside the UK: Resident 2 years or more and less than 5 years,11,6,0,6,5,0,5
S01009604,Born outside the UK: Resident 5 years or more and less than 10 years,9,5,0,5,4,0,4
S01009604,Born outside the UK: Resident 10 years or more,16,13,1,12,3,1,2
S01009605,All people in households,765,341,111,230,424,380,44
S01009605,Born in the UK,727,325,107,218,402,363,39
S01009605,Born outside the UK: Total,38,16,4,12,22,17,5
S01009605,Born outside the UK: Resident less than 2 years,3,0,0,0,3,1,2
S01009605,Born outside the UK: Resident 2 years or more and less than 5 years,11,3,1,2,8,5,3
S01009605,Born outside the UK: Resident 5 years or more and less than 10 years,1,0,0,0,1,1,0
S01009605,Born outside the UK: Resident 10 years or more,23,13,3,10,10,10,0
S01009606,All people in households,545,492,90,402,53,18,35
S01009606,Born in the UK,514,473,89,384,41,17,24
S01009606,Born outside the UK: Total,31,19,1,18,12,1,11
S01009606,Born outside the UK: Resident less than 2 years,4,0,0,0,4,0,4
S01009606,Born outside the UK: Resident 2 years or more and less than 5 years,7,1,0,1,6,0,6
S01009606,Born outside the UK: Resident 5 years or more and less than 10 years,3,2,0,2,1,0,1
S01009606,Born outside the UK: Resident 10 years or more,17,16,1,15,1,1,0
S01009607,All people in households,528,478,187,291,50,18,32
S01009607,Born in the UK,508,465,186,279,43,16,27
S01009607,Born outside the UK: Total,20,13,1,12,7,2,5
S01009607,Born outside the UK: Resident less than 2 years,3,0,0,0,3,1,2
S01009607,Born outside the UK: Resident 2 years or more and less than 5 years,5,3,0,3,2,0,2
S01009607,Born outside the UK: Resident 5 years or more and less than 10 years,1,1,0,1,0,0,0
S01009607,Born outside the UK: Resident 10 years or more,11,9,1,8,2,1,1
S01009608,All people in households,606,419,134,285,187,133,54
S01009608,Born in the UK,588,402,132,270,186,133,53
S01009608,Born outside the UK: Total,18,17,2,15,1,0,1
S01009608,Born outside the UK: Resident less than 2 years,3,2,0,2,1,0,1
S01009608,Born outside the UK: Resident 2 years or more and less than 5 years,1,1,0,1,0,0,0
S01009608,Born outside the UK: Resident 5 years or more and less than 10 years,1,1,0,1,0,0,0
S01009608,Born outside the UK: Resident 10 years or more,13,13,2,11,0,0,0
S01009609,All people in households,808,648,218,430,160,72,88
S01009609,Born in the UK,788,638,216,422,150,68,82
S01009609,Born outside the UK: Total,20,10,2,8,10,4,6
S01009609,Born outside the UK: Resident less than 2 years,2,0,0,0,2,2,0
S01009609,Born outside the UK: Resident 2 years or more and less than 5 years,3,1,0,1,2,0,2
S01009609,Born outside the UK: Resident 5 years or more and less than 10 years,4,1,0,1,3,1,2
S01009609,Born outside the UK: Resident 10 years or more,11,8,2,6,3,1,2
S01009610,All people in households,982,721,306,415,261,152,109
S01009610,Born in the UK,962,708,303,405,254,151,103
S01009610,Born outside the UK: Total,20,13,3,10,7,1,6
S01009610,Born outside the UK: Resident less than 2 years,1,0,0,0,1,0,1
S01009610,Born outside the UK: Resident 2 years or more and less than 5 years,2,1,0,1,1,0,1
S01009610,Born outside the UK: Resident 5 years or more and less than 10 years,5,4,0,4,1,0,1
S01009610,Born outside the UK: Resident 10 years or more,12,8,3,5,4,1,3
S01009611,All people in households,520,403,199,204,117,12,105
S01009611,Born in the UK,507,392,194,198,115,12,103
S01009611,Born outside the UK: Total,13,11,5,6,2,0,2
S01009611,Born outside the UK: Resident less than 2 years,1,1,0,1,0,0,0
S01009611,Born outside the UK: Resident 2 years or more and less than 5 years,0,0,0,0,0,0,0
S01009611,Born outside the UK: Resident 5 years or more and less than 10 years,1,1,1,0,0,0,0
S01009611,Born outside the UK: Resident 10 years or more,11,9,4,5,2,0,2
S01009612,All people in households,597,421,156,265,176,142,34
S01009612,Born in the UK,575,410,154,256,165,131,34
S01009612,Born outside the UK: Total,22,11,2,9,11,11,0
S01009612,Born outside the UK: Resident less than 2 years,0,0,0,0,0,0,0
S01009612,Born outside the UK: Resident 2 years or more and less than 5 years,6,0,0,0,6,6,0
S01009612,Born outside the UK: Resident 5 years or more and less than 10 years,4,4,0,4,0,0,0
S01009612,Born outside the UK: Resident 10 years or more,12,7,2,5,5,5,0
S01009613,All people in households,462,419,161,258,43,8,35
S01009613,Born in the UK,447,404,159,245,43,8,35
S01009613,Born outside the UK: Total,15,15,2,13,0,0,0
S01009613,Born outside the UK: Resident less than 2 years,1,1,1,0,0,0,0
S01009613,Born outside the UK: Resident 2 years or more and less than 5 years,1,1,0,1,0,0,0
S01009613,Born outside the UK: Resident 5 years or more and less than 10 years,1,1,0,1,0,0,0
S01009613,Born outside the UK: Resident 10 years or more,12,12,1,11,0,0,0
S01009614,All people in households,506,385,178,207,121,23,98
S01009614,Born in the UK,496,378,174,204,118,22,96
S01009614,Born outside the UK: Total,10,7,4,3,3,1,2
S01009614,Born outside the UK: Resident less than 2 years,2,1,1,0,1,0,1
S01009614,Born outside the UK: Resident 2 years or more and less than 5 years,0,0,0,0,0,0,0
S01009614,Born outside the UK: Resident 5 years or more and less than 10 years,1,1,1,0,0,0,0
S01009614,Born outside the UK: Resident 10 years or more,7,5,2,3,2,1,1
S01009615,All people in households,398,345,163,182,53,39,14
S01009615,Born in the UK,393,340,161,179,53,39,14
S01009615,Born outside the UK: Total,5,5,2,3,0,0,0
S01009615,Born outside the UK: Resident less than 2 years,0,0,0,0,0,0,0
S01009615,Born outside the UK: Resident 2 years or more and less than 5 years,0,0,0,0,0,0,0
S01009615,Born outside the UK: Resident 5 years or more and less than 10 years,0,0,0,0,0,0,0
S01009615,Born outside the UK: Resident 10 years or more,5,5,2,3,0,0,0
S01009616,All people in households,725,530,187,343,195,130,65
S01009616,Born in the UK,707,519,183,336,188,129,59
S01009616,Born outside the UK: Total,18,11,4,7,7,1,6
S01009616,Born outside the UK: Resident less than 2 years,0,0,0,0,0,0,0
S01009616,Born outside the UK: Resident 2 years or more and less than 5 years,3,0,0,0,3,0,3
S01009616,Born outside the UK: Resident 5 years or more and less than 10 years,3,0,0,0,3,1,2
S01009616,Born outside the UK: Resident 10 years or more,12,11,4,7,1,0,1
S01009617,All people in households,724,666,216,450,58,12,46
S01009617,Born in the UK,701,646,208,438,55,12,43
S01009617,Born outside the UK: Total,23,20,8,12,3,0,3
S01009617,Born outside the UK: Resident less than 2 years,0,0,0,0,0,0,0
S01009617,Born outside the UK: Resident 2 years or more and less than 5 years,2,1,0,1,1,0,1
S01009617,Born outside the UK: Resident 5 years or more and less than 10 years,5,4,0,4,1,0,1
S01009617,Born outside the UK: Resident 10 years or more,16,15,8,7,1,0,1
S01009618,All people in households,682,420,145,275,262,156,106
S01009618,Born in the UK,661,407,139,268,254,154,100
S01009618,Born outside the UK: Total,21,13,6,7,8,2,6
S01009618,Born outside the UK: Resident less than 2 years,2,0,0,0,2,0,2
S01009618,Born outside the UK: Resident 2 years or more and less than 5 years,4,1,1,0,3,0,3
S01009618,Born outside the UK: Resident 5 years or more and less than 10 years,2,1,0,1,1,0,1
S01009618,Born outside the UK: Resident 10 years or more,13,11,5,6,2,2,0
S01009619,All people in households,609,369,145,224,240,179,61
S01009619,Born in the UK,601,363,144,219,238,177,61
S01009619,Born outside the UK: Total,8,6,1,5,2,2,0
S01009619,Born outside the UK: Resident less than 2 years,1,1,1,0,0,0,0
S01009619,Born outside the UK: Resident 2 years or more and less than 5 years,0,0,0,0,0,0,0
S01009619,Born outside the UK: Resident 5 years or more and less than 10 years,0,0,0,0,0,0,0
S01009619,Born outside the UK: Resident 10 years or more,7,5,0,5,2,2,0
S01009620,All people in households,797,391,167,224,406,324,82
S01009620,Born in the UK,766,371,163,208,395,317,78
S01009620,Born outside the UK: Total,31,20,4,16,11,7,4
S01009620,Born outside the UK: Resident less than 2 years,6,4,0,4,2,1,1
S01009620,Born outside the UK: Resident 2 years or more and less than 5 years,4,2,0,2,2,1,1
S01009620,Born outside the UK: Resident 5 years or more and less than 10 years,6,2,0,2,4,2,2
S01009620,Born outside the UK: Resident 10 years or more,15,12,4,8,3,3,0
S01009621,All people in households,768,468,201,267,300,189,111
S01009621,Born in the UK,746,459,199,260,287,187,100
S01009621,Born outside the UK: Total,22,9,2,7,13,2,11
S01009621,Born outside the UK: Resident less than 2 years,4,4,0,4,0,0,0
S01009621,Born outside the UK: Resident 2 years or more and less than 5 years,2,2,0,2,0,0,0
S01009621,Born outside the UK: Resident 5 years or more and less than 10 years,6,0,0,0,6,0,6
S01009621,Born outside the UK: Resident 10 years or more,10,3,2,1,7,2,5
S01009622,All people in households,729,263,118,145,466,384,82
S01009622,Born in the UK,716,257,113,144,459,383,76
S01009622,Born outside the UK: Total,13,6,5,1,7,1,6
S01009622,Born outside the UK: Resident less than 2 years,0,0,0,0,0,0,0
S01009622,Born outside the UK: Resident 2 years or more and less than 5 years,1,1,1,0,0,0,0
S01009622,Born outside the UK: Resident 5 years or more and less than 10 years,4,0,0,0,4,0,4
S01009622,Born outside the UK: Resident 10 years or more,8,5,4,1,3,1,2
S01009623,All people in households,495,290,127,163,205,154,51
S01009623,Born in the UK,479,283,125,158,196,152,44
S01009623,Born outside the UK: Total,16,7,2,5,9,2,7
S01009623,Born outside the UK: Resident less than 2 years,8,1,0,1,7,0,7
S01009623,Born outside the UK: Resident 2 years or more and less than 5 years,0,0,0,0,0,0,0
S01009623,Born outside the UK: Resident 5 years or more and less than 10 years,3,3,1,2,0,0,0
S01009623,Born outside the UK: Resident 10 years or more,5,3,1,2,2,2,0
S01009624,All people in households,876,523,211,312,353,294,59
S01009624,Born in the UK,857,514,204,310,343,288,55
S01009624,Born outside the UK: Total,19,9,7,2,10,6,4
S01009624,Born outside the UK: Resident less than 2 years,0,0,0,0,0,0,0
S01009624,Born outside the UK: Resident 2 years or more and less than 5 years,2,1,0,1,1,0,1
S01009624,Born outside the UK: Resident 5 years or more and less than 10 years,4,1,0,1,3,0,3
S01009624,Born outside the UK: Resident 10 years or more,13,7,7,0,6,6,0
S01009625,All people in households,868,481,149,332,387,305,82
S01009625,Born in the UK,857,476,147,329,381,304,77
S01009625,Born outside the UK: Total,11,5,2,3,6,1,5
S01009625,Born outside the UK: Resident less than 2 years,0,0,0,0,0,0,0
S01009625,Born outside the UK: Resident 2 years or more and less than 5 years,2,0,0,0,2,0,2
S01009625,Born outside the UK: Resident 5 years or more and less than 10 years,3,0,0,0,3,0,3
S01009625,Born outside the UK: Resident 10 years or more,6,5,2,3,1,1,0
S01009626,All people in households,601,233,119,114,368,345,23
S01009626,Born in the UK,584,221,117,104,363,340,23
S01009626,Born outside the UK: Total,17,12,2,10,5,5,0
S01009626,Born outside the UK: Resident less than 2 years,2,0,0,0,2,2,0
S01009626,Born outside the UK: Resident 2 years or more and less than 5 years,5,5,0,5,0,0,0
S01009626,Born outside the UK: Resident 5 years or more and less than 10 years,0,0,0,0,0,0,0
S01009626,Born outside the UK: Resident 10 years or more,10,7,2,5,3,3,0
S01009627,All people in households,825,497,195,302,328,287,41
S01009627,Born in the UK,812,491,190,301,321,282,39
S01009627,Born outside the UK: Total,13,6,5,1,7,5,2
S01009627,Born outside the UK: Resident less than 2 years,1,1,1,0,0,0,0
S01009627,Born outside the UK: Resident 2 years or more and less than 5 years,1,0,0,0,1,0,1
S01009627,Born outside the UK: Resident 5 years or more and less than 10 years,1,0,0,0,1,1,0
S01009627,Born outside the UK: Resident 10 years or more,10,5,4,1,5,4,1
S01009628,All people in households,495,246,114,132,249,223,26
S01009628,Born in the UK,484,237,111,126,247,222,25
S01009628,Born outside the UK: Total,11,9,3,6,2,1,1
S01009628,Born outside the UK: Resident less than 2 years,0,0,0,0,0,0,0
S01009628,Born outside the UK: Resident 2 years or more and less than 5 years,2,2,0,2,0,0,0
S01009628,Born outside the UK: Resident 5 years or more and less than 10 years,0,0,0,0,0,0,0
S01009628,Born outside the UK: Resident 10 years or more,9,7,3,4,2,1,1
S01009629,All people in households,1082,649,219,430,433,325,108
S01009629,Born in the UK,1058,630,213,417,428,321,107
S01009629,Born outside the UK: Total,24,19,6,13,5,4,1
S01009629,Born outside the UK: Resident less than 2 years,1,1,1,0,0,0,0
S01009629,Born outside the UK: Resident 2 years or more and less than 5 years,0,0,0,0,0,0,0
S01009629,Born outside the UK: Resident 5 years or more and less than 10 years,4,1,0,1,3,3,0
S01009629,Born outside the UK: Resident 10 years or more,19,17,5,12,2,1,1
S01009630,All people in households,811,350,129,221,461,385,76
S01009630,Born in the UK,801,345,128,217,456,382,74
S01009630,Born outside the UK: Total,10,5,1,4,5,3,2
S01009630,Born outside the UK: Resident less than 2 years,4,1,0,1,3,1,2
S01009630,Born outside the UK: Resident 2 years or more and less than 5 years,0,0,0,0,0,0,0
S01009630,Born outside the UK: Resident 5 years or more and less than 10 years,1,0,0,0,1,1,0
S01009630,Born outside the UK: Resident 10 years or more,5,4,1,3,1,1,0
S01009631,All people in households,677,223,89,134,454,330,124
S01009631,Born in the UK,662,219,89,130,443,324,119
S01009631,Born outside the UK: Total,15,4,0,4,11,6,5
S01009631,Born outside the UK: Resident less than 2 years,2,0,0,0,2,0,2
S01009631,Born outside the UK: Resident 2 years or more and less than 5 years,3,0,0,0,3,3,0
S01009631,Born outside the UK: Resident 5 years or more and less than 10 years,3,2,0,2,1,1,0
S01009631,Born outside the UK: Resident 10 years or more,7,2,0,2,5,2,3
S01009632,All people in households,558,190,77,113,368,275,93
S01009632,Born in the UK,538,182,74,108,356,272,84
S01009632,Born outside the UK: Total,20,8,3,5,12,3,9
S01009632,Born outside the UK: Resident less than 2 years,3,0,0,0,3,0,3
S01009632,Born outside the UK: Resident 2 years or more and less than 5 years,3,0,0,0,3,0,3
S01009632,Born outside the UK: Resident 5 years or more and less than 10 years,1,1,0,1,0,0,0
S01009632,Born outside the UK: Resident 10 years or more,13,7,3,4,6,3,3
S01009633,All people in households,755,266,98,168,489,418,71
S01009633,Born in the UK,736,259,93,166,477,412,65
S01009633,Born outside the UK: Total,19,7,5,2,12,6,6
S01009633,Born outside the UK: Resident less than 2 years,8,0,0,0,8,3,5
S01009633,Born outside the UK: Resident 2 years or more and less than 5 years,2,0,0,0,2,2,0
S01009633,Born outside the UK: Resident 5 years or more and less than 10 years,0,0,0,0,0,0,0
S01009633,Born outside the UK: Resident 10 years or more,9,7,5,2,2,1,1
S01009634,All people in households,485,247,127,120,238,210,28
S01009634,Born in the UK,482,246,126,120,236,208,28
S01009634,Born outside the UK: Total,3,1,1,0,2,2,0
S01009634,Born outside the UK: Resident less than 2 years,0,0,0,0,0,0,0
S01009634,Born outside the UK: Resident 2 years or more and less than 5 years,1,0,0,0,1,1,0
S01009634,Born outside the UK: Resident 5 years or more and less than 10 years,0,0,0,0,0,0,0
S01009634,Born outside the UK: Resident 10 years or more,2,1,1,0,1,1,0
S01009635,All people in households,842,556,215,341,286,209,77
S01009635,Born in the UK,824,546,214,332,278,207,71
S01009635,Born outside the UK: Total,18,10,1,9,8,2,6
S01009635,Born outside the UK: Resident less than 2 years,4,1,0,1,3,0,3
S01009635,Born outside the UK: Resident 2 years or more and less than 5 years,1,0,0,0,1,0,1
S01009635,Born outside the UK: Resident 5 years or more and less than 10 years,1,0,0,0,1,0,1
S01009635,Born outside the UK: Resident 10 years or more,12,9,1,8,3,2,1
S01009636,All people in households,904,379,156,223,525,299,226
S01009636,Born in the UK,877,367,155,212,510,292,218
S01009636,Born outside the UK: Total,27,12,1,11,15,7,8
S01009636,Born outside the UK: Resident less than 2 years,8,0,0,0,8,1,7
S01009636,Born outside the UK: Resident 2 years or more and less than 5 years,1,1,0,1,0,0,0
S01009636,Born outside the UK: Resident 5 years or more and less than 10 years,1,1,0,1,0,0,0
S01009636,Born outside the UK: Resident 10 years or more,17,10,1,9,7,6,1
S01009637,All people in households,705,451,141,310,254,178,76
S01009637,Born in the UK,684,439,138,301,245,175,70
S01009637,Born outside the UK: Total,21,12,3,9,9,3,6
S01009637,Born outside the UK: Resident less than 2 years,1,1,0,1,0,0,0
S01009637,Born outside the UK: Resident 2 years or more and less than 5 years,3,0,0,0,3,0,3
S01009637,Born outside the UK: Resident 5 years or more and less than 10 years,3,2,0,2,1,0,1
S01009637,Born outside the UK: Resident 10 years or more,14,9,3,6,5,3,2
S01009638,All people in households,781,288,105,183,493,404,89
S01009638,Born in the UK,764,282,104,178,482,401,81
S01009638,Born outside the UK: Total,17,6,1,5,11,3,8
S01009638,Born outside the UK: Resident less than 2 years,7,0,0,0,7,1,6
S01009638,Born outside the UK: Resident 2 years or more and less than 5 years,0,0,0,0,0,0,0
S01009638,Born outside the UK: Resident 5 years or more and less than 10 years,1,0,0,0,1,0,1
S01009638,Born outside the UK: Resident 10 years or more,9,6,1,5,3,2,1
S01009639,All people in households,755,679,344,335,76,29,47
S01009639,Born in the UK,720,652,335,317,68,26,42
S01009639,Born outside the UK: Total,35,27,9,18,8,3,5
S01009639,Born outside the UK: Resident less than 2 years,3,2,0,2,1,0,1
S01009639,Born outside the UK: Resident 2 years or more and less than 5 years,3,3,3,0,0,0,0
S01009639,Born outside the UK: Resident 5 years or more and less than 10 years,3,2,0,2,1,0,1
S01009639,Born outside the UK: Resident 10 years or more,26,20,6,14,6,3,3
S01009640,All people in households,586,282,133,149,304,221,83
S01009640,Born in the UK,568,274,127,147,294,219,75
S01009640,Born outside the UK: Total,18,8,6,2,10,2,8
S01009640,Born outside the UK: Resident less than 2 years,2,0,0,0,2,0,2
S01009640,Born outside the UK: Resident 2 years or more and less than 5 years,2,0,0,0,2,0,2
S01009640,Born outside the UK: Resident 5 years or more and less than 10 years,3,0,0,0,3,2,1
S01009640,Born outside the UK: Resident 10 years or more,11,8,6,2,3,0,3
S01009641,All people in households,770,410,201,209,360,223,137
S01009641,Born in the UK,737,401,196,205,336,214,122
S01009641,Born outside the UK: Total,33,9,5,4,24,9,15
S01009641,Born outside the UK: Resident less than 2 years,2,0,0,0,2,0,2
S01009641,Born outside the UK: Resident 2 years or more and less than 5 years,10,1,0,1,9,3,6
S01009641,Born outside the UK: Resident 5 years or more and less than 10 years,7,1,0,1,6,2,4
S01009641,Born outside the UK: Resident 10 years or more,14,7,5,2,7,4,3
S01009642,All people in households,910,601,213,388,309,137,172
S01009642,Born in the UK,868,579,202,377,289,137,152
S01009642,Born outside the UK: Total,42,22,11,11,20,0,20
S01009642,Born outside the UK: Resident less than 2 years,7,3,0,3,4,0,4
S01009642,Born outside the UK: Resident 2 years or more and less than 5 years,7,0,0,0,7,0,7
S01009642,Born outside the UK: Resident 5 years or more and less than 10 years,4,0,0,0,4,0,4
S01009642,Born outside the UK: Resident 10 years or more,24,19,11,8,5,0,5
S01009643,All people in households,584,492,70,422,92,71,21
S01009643,Born in the UK,571,483,68,415,88,69,19
S01009643,Born outside the UK: Total,13,9,2,7,4,2,2
S01009643,Born outside the UK: Resident less than 2 years,1,0,0,0,1,0,1
S01009643,Born outside the UK: Resident 2 years or more and less than 5 years,1,1,0,1,0,0,0
S01009643,Born outside the UK: Resident 5 years or more and less than 10 years,1,1,0,1,0,0,0
S01009643,Born outside the UK: Resident 10 years or more,10,7,2,5,3,2,1
S01009644,All people in households,815,551,189,362,264,219,45
S01009644,Born in the UK,792,535,184,351,257,214,43
S01009644,Born outside the UK: Total,23,16,5,11,7,5,2
S01009644,Born outside the UK: Resident less than 2 years,2,1,1,0,1,1,0
S01009644,Born outside the UK: Resident 2 years or more and less than 5 years,2,0,0,0,2,0,2
S01009644,Born outside the UK: Resident 5 years or more and less than 10 years,6,6,1,5,0,0,0
S01009644,Born outside the UK: Resident 10 years or more,13,9,3,6,4,4,0
S01009645,All people in households,649,408,157,251,241,180,61
S01009645,Born in the UK,630,397,153,244,233,174,59
S01009645,Born outside the UK: Total,19,11,4,7,8,6,2
S01009645,Born outside the UK: Resident less than 2 years,0,0,0,0,0,0,0
S01009645,Born outside the UK: Resident 2 years or more and less than 5 years,2,2,1,1,0,0,0
S01009645,Born outside the UK: Resident 5 years or more and less than 10 years,6,5,1,4,1,1,0
S01009645,Born outside the UK: Resident 10 years or more,11,4,2,2,7,5,2
S01009646,All people in households,592,393,146,247,199,179,20
S01009646,Born in the UK,577,380,144,236,197,177,20
S01009646,Born outside the UK: Total,15,13,2,11,2,2,0
S01009646,Born outside the UK: Resident less than 2 years,0,0,0,0,0,0,0
S01009646,Born outside the UK: Resident 2 years or more and less than 5 years,3,3,0,3,0,0,0
S01009646,Born outside the UK: Resident 5 years or more and less than 10 years,1,1,0,1,0,0,0
S01009646,Born outside the UK: Resident 10 years or more,11,9,2,7,2,2,0
S01009647,All people in households,562,288,156,132,274,227,47
S01009647,Born in the UK,547,280,152,128,267,227,40
S01009647,Born outside the UK: Total,15,8,4,4,7,0,7
S01009647,Born outside the UK: Resident less than 2 years,1,0,0,0,1,0,1
S01009647,Born outside the UK: Resident 2 years or more and less than 5 years,3,2,1,1,1,0,1
S01009647,Born outside the UK: Resident 5 years or more and less than 10 years,5,2,0,2,3,0,3
S01009647,Born outside the UK: Resident 10 years or more,6,4,3,1,2,0,2
S01009648,All people in households,872,579,213,366,293,235,58
S01009648,Born in the UK,852,567,207,360,285,229,56
S01009648,Born outside the UK: Total,20,12,6,6,8,6,2
S01009648,Born outside the UK: Resident less than 2 years,1,1,1,0,0,0,0
S01009648,Born outside the UK: Resident 2 years or more and less than 5 years,2,0,0,0,2,2,0
S01009648,Born outside the UK: Resident 5 years or more and less than 10 years,1,0,0,0,1,1,0
S01009648,Born outside the UK: Resident 10 years or more,16,11,5,6,5,3,2
S01009649,All people in households,1037,684,236,448,353,312,41
S01009649,Born in the UK,1013,669,231,438,344,303,41
S01009649,Born outside the UK: Total,24,15,5,10,9,9,0
S01009649,Born outside the UK: Resident less than 2 years,3,3,0,3,0,0,0
S01009649,Born outside the UK: Resident 2 years or more and less than 5 years,2,2,0,2,0,0,0
S01009649,Born outside the UK: Resident 5 years or more and less than 10 years,0,0,0,0,0,0,0
S01009649,Born outside the UK: Resident 10 years or more,19,10,5,5,9,9,0
S01009650,All people in households,755,720,398,322,35,13,22
S01009650,Born in the UK,729,702,389,313,27,12,15
S01009650,Born outside the UK: Total,26,18,9,9,8,1,7
S01009650,Born outside the UK: Resident less than 2 years,1,0,0,0,1,1,0
S01009650,Born outside the UK: Resident 2 years or more and less than 5 years,8,3,1,2,5,0,5
S01009650,Born outside the UK: Resident 5 years or more and less than 10 years,1,0,0,0,1,0,1
S01009650,Born outside the UK: Resident 10 years or more,16,15,8,7,1,0,1
S01009651,All people in households,913,666,362,304,247,98,149
S01009651,Born in the UK,862,638,348,290,224,91,133
S01009651,Born outside the UK: Total,51,28,14,14,23,7,16
S01009651,Born outside the UK: Resident less than 2 years,5,1,1,0,4,0,4
S01009651,Born outside the UK: Resident 2 years or more and less than 5 years,17,3,0,3,14,6,8
S01009651,Born outside the UK: Resident 5 years or more and less than 10 years,4,2,1,1,2,0,2
S01009651,Born outside the UK: Resident 10 years or more,25,22,12,10,3,1,2
S01009652,All people in households,760,679,397,282,81,14,67
S01009652,Born in the UK,734,655,388,267,79,14,65
S01009652,Born outside the UK: Total,26,24,9,15,2,0,2
S01009652,Born outside the UK: Resident less than 2 years,0,0,0,0,0,0,0
S01009652,Born outside the UK: Resident 2 years or more and less than 5 years,3,3,0,3,0,0,0
S01009652,Born outside the UK: Resident 5 years or more and less than 10 years,1,1,1,0,0,0,0
S01009652,Born outside the UK: Resident 10 years or more,22,20,8,12,2,0,2
S01009653,All people in households,530,496,212,284,34,15,19
S01009653,Born in the UK,513,479,208,271,34,15,19
S01009653,Born outside the UK: Total,17,17,4,13,0,0,0
S01009653,Born outside the UK: Resident less than 2 years,2,2,1,1,0,0,0
S01009653,Born outside the UK: Resident 2 years or more and less than 5 years,3,3,0,3,0,0,0
S01009653,Born outside the UK: Resident 5 years or more and less than 10 years,0,0,0,0,0,0,0
S01009653,Born outside the UK: Resident 10 years or more,12,12,3,9,0,0,0
S01009654,All people in households,583,452,232,220,131,69,62
S01009654,Born in the UK,573,443,230,213,130,68,62
S01009654,Born outside the UK: Total,10,9,2,7,1,1,0
S01009654,Born outside the UK: Resident less than 2 years,0,0,0,0,0,0,0
S01009654,Born outside the UK: Resident 2 years or more and less than 5 years,2,2,0,2,0,0,0
S01009654,Born outside the UK: Resident 5 years or more and less than 10 years,0,0,0,0,0,0,0
S01009654,Born outside the UK: Resident 10 years or more,8,7,2,5,1,1,0
S01009655,All people in households,846,460,178,282,386,345,41
S01009655,Born in the UK,830,453,177,276,377,336,41
S01009655,Born outside the UK: Total,16,7,1,6,9,9,0
S01009655,Born outside the UK: Resident less than 2 years,0,0,0,0,0,0,0
S01009655,Born outside the UK: Resident 2 years or more and less than 5 years,4,0,0,0,4,4,0
S01009655,Born outside the UK: Resident 5 years or more and less than 10 years,1,1,0,1,0,0,0
S01009655,Born outside the UK: Resident 10 years or more,11,6,1,5,5,5,0
S01009656,All people in households,728,342,161,181,386,319,67
S01009656,Born in the UK,712,334,159,175,378,314,64
S01009656,Born outside the UK: Total,16,8,2,6,8,5,3
S01009656,Born outside the UK: Resident less than 2 years,1,0,0,0,1,0,1
S01009656,Born outside the UK: Resident 2 years or more and less than 5 years,6,1,0,1,5,3,2
S01009656,Born outside the UK: Resident 5 years or more and less than 10 years,0,0,0,0,0,0,0
S01009656,Born outside the UK: Resident 10 years or more,9,7,2,5,2,2,0
S01009657,All people in households,763,566,223,343,197,164,33
S01009657,Born in the UK,741,551,217,334,190,158,32
S01009657,Born outside the UK: Total,22,15,6,9,7,6,1
S01009657,Born outside the UK: Resident less than 2 years,3,0,0,0,3,2,1
S01009657,Born outside the UK: Resident 2 years or more and less than 5 years,0,0,0,0,0,0,0
S01009657,Born outside the UK: Resident 5 years or more and less than 10 years,2,1,0,1,1,1,0
S01009657,Born outside the UK: Resident 10 years or more,17,14,6,8,3,3,0
S01009658,All people in households,738,442,132,310,296,251,45
S01009658,Born in the UK,721,431,128,303,290,247,43
S01009658,Born outside the UK: Total,17,11,4,7,6,4,2
S01009658,Born outside the UK: Resident less than 2 years,0,0,0,0,0,0,0
S01009658,Born outside the UK: Resident 2 years or more and less than 5 years,1,1,0,1,0,0,0
S01009658,Born outside the UK: Resident 5 years or more and less than 10 years,6,4,1,3,2,0,2
S01009658,Born outside the UK: Resident 10 years or more,10,6,3,3,4,4,0
S01009659,All people in households,480,341,114,227,139,117,22
S01009659,Born in the UK,474,339,113,226,135,113,22
S01009659,Born outside the UK: Total,6,2,1,1,4,4,0
S01009659,Born outside the UK: Resident less than 2 years,0,0,0,0,0,0,0
S01009659,Born outside the UK: Resident 2 years or more and less than 5 years,1,1,0,1,0,0,0
S01009659,Born outside the UK: Resident 5 years or more and less than 10 years,0,0,0,0,0,0,0
S01009659,Born outside the UK: Resident 10 years or more,5,1,1,0,4,4,0
S01009660,All people in households,1085,670,201,469,415,363,52
S01009660,Born in the UK,1062,655,193,462,407,360,47
S01009660,Born outside the UK: Total,23,15,8,7,8,3,5
S01009660,Born outside the UK: Resident less than 2 years,2,0,0,0,2,0,2
S01009660,Born outside the UK: Resident 2 years or more and less than 5 years,2,0,0,0,2,0,2
S01009660,Born outside the UK: Resident 5 years or more and less than 10 years,3,3,0,3,0,0,0
S01009660,Born outside the UK: Resident 10 years or more,16,12,8,4,4,3,1
S01009661,All people in households,774,648,317,331,126,9,117
S01009661,Born in the UK,739,625,304,321,114,9,105
S01009661,Born outside the UK: Total,35,23,13,10,12,0,12
S01009661,Born outside the UK: Resident less than 2 years,2,2,0,2,0,0,0
S01009661,Born outside the UK: Resident 2 years or more and less than 5 years,6,2,1,1,4,0,4
S01009661,Born outside the UK: Resident 5 years or more and less than 10 years,10,5,3,2,5,0,5
S01009661,Born outside the UK: Resident 10 years or more,17,14,9,5,3,0,3
S01009662,All people in households,708,564,220,344,144,93,51
S01009662,Born in the UK,684,547,211,336,137,92,45
S01009662,Born outside the UK: Total,24,17,9,8,7,1,6
S01009662,Born outside the UK: Resident less than 2 years,2,1,0,1,1,0,1
S01009662,Born outside the UK: Resident 2 years or more and less than 5 years,1,0,0,0,1,0,1
S01009662,Born outside the UK: Resident 5 years or more and less than 10 years,2,2,1,1,0,0,0
S01009662,Born outside the UK: Resident 10 years or more,19,14,8,6,5,1,4
S01009663,All people in households,641,479,207,272,162,89,73
S01009663,Born in the UK,626,468,205,263,158,88,70
S01009663,Born outside the UK: Total,15,11,2,9,4,1,3
S01009663,Born outside the UK: Resident less than 2 years,0,0,0,0,0,0,0
S01009663,Born outside the UK: Resident 2 years or more and less than 5 years,2,2,0,2,0,0,0
S01009663,Born outside the UK: Resident 5 years or more and less than 10 years,2,0,0,0,2,0,2
S01009663,Born outside the UK: Resident 10 years or more,11,9,2,7,2,1,1
S01009664,All people in households,889,675,275,400,214,65,149
S01009664,Born in the UK,851,654,265,389,197,62,135
S01009664,Born outside the UK: Total,38,21,10,11,17,3,14
S01009664,Born outside the UK: Resident less than 2 years,2,0,0,0,2,1,1
S01009664,Born outside the UK: Resident 2 years or more and less than 5 years,5,2,2,0,3,0,3
S01009664,Born outside the UK: Resident 5 years or more and less than 10 years,5,1,0,1,4,0,4
S01009664,Born outside the UK: Resident 10 years or more,26,18,8,10,8,2,6
S01009665,All people in households,662,489,203,286,173,117,56
S01009665,Born in the UK,645,474,199,275,171,116,55
S01009665,Born outside the UK: Total,17,15,4,11,2,1,1
S01009665,Born outside the UK: Resident less than 2 years,1,1,0,1,0,0,0
S01009665,Born outside the UK: Resident 2 years or more and less than 5 years,1,0,0,0,1,0,1
S01009665,Born outside the UK: Resident 5 years or more and less than 10 years,1,1,0,1,0,0,0
S01009665,Born outside the UK: Resident 10 years or more,14,13,4,9,1,1,0
S01009666,All people in households,758,561,214,347,197,96,101
S01009666,Born in the UK,736,545,211,334,191,94,97
S01009666,Born outside the UK: Total,22,16,3,13,6,2,4
S01009666,Born outside the UK: Resident less than 2 years,1,1,0,1,0,0,0
S01009666,Born outside the UK: Resident 2 years or more and less than 5 years,3,2,1,1,1,0,1
S01009666,Born outside the UK: Resident 5 years or more and less than 10 years,2,1,0,1,1,0,1
S01009666,Born outside the UK: Resident 10 years or more,16,12,2,10,4,2,2
S01009667,All people in households,523,457,217,240,66,26,40
S01009667,Born in the UK,508,442,206,236,66,26,40
S01009667,Born outside the UK: Total,15,15,11,4,0,0,0
S01009667,Born outside the UK: Resident less than 2 years,0,0,0,0,0,0,0
S01009667,Born outside the UK: Resident 2 years or more and less than 5 years,0,0,0,0,0,0,0
S01009667,Born outside the UK: Resident 5 years or more and less than 10 years,2,2,0,2,0,0,0
S01009667,Born outside the UK: Resident 10 years or more,13,13,11,2,0,0,0
S01009668,All people in households,586,513,165,348,73,25,48
S01009668,Born in the UK,560,488,160,328,72,25,47
S01009668,Born outside the UK: Total,26,25,5,20,1,0,1
S01009668,Born outside the UK: Resident less than 2 years,0,0,0,0,0,0,0
S01009668,Born outside the UK: Resident 2 years or more and less than 5 years,3,3,0,3,0,0,0
S01009668,Born outside the UK: Resident 5 years or more and less than 10 years,4,4,0,4,0,0,0
S01009668,Born outside the UK: Resident 10 years or more,19,18,5,13,1,0,1
S01009669,All people in households,502,400,212,188,102,43,59
S01009669,Born in the UK,488,388,208,180,100,43,57
S01009669,Born outside the UK: Total,14,12,4,8,2,0,2
S01009669,Born outside the UK: Resident less than 2 years,0,0,0,0,0,0,0
S01009669,Born outside the UK: Resident 2 years or more and less than 5 years,0,0,0,0,0,0,0
S01009669,Born outside the UK: Resident 5 years or more and less than 10 years,3,2,0,2,1,0,1
S01009669,Born outside the UK: Resident 10 years or more,11,10,4,6,1,0,1
S01009670,All people in households,777,590,220,370,187,129,58
S01009670,Born in the UK,750,573,213,360,177,125,52
S01009670,Born outside the UK: Total,27,17,7,10,10,4,6
S01009670,Born outside the UK: Resident less than 2 years,1,0,0,0,1,1,0
S01009670,Born outside the UK: Resident 2 years or more and less than 5 years,1,0,0,0,1,0,1
S01009670,Born outside the UK: Resident 5 years or more and less than 10 years,3,0,0,0,3,0,3
S01009670,Born outside the UK: Resident 10 years or more,22,17,7,10,5,3,2
S01009671,All people in households,607,426,140,286,181,46,135
S01009671,Born in the UK,581,408,132,276,173,43,130
S01009671,Born outside the UK: Total,26,18,8,10,8,3,5
S01009671,Born outside the UK: Resident less than 2 years,1,0,0,0,1,0,1
S01009671,Born outside the UK: Resident 2 years or more and less than 5 years,4,3,2,1,1,1,0
S01009671,Born outside the UK: Resident 5 years or more and less than 10 years,4,3,0,3,1,1,0
S01009671,Born outside the UK: Resident 10 years or more,17,12,6,6,5,1,4
S01009672,All people in households,807,501,167,334,306,238,68
S01009672,Born in the UK,792,491,164,327,301,235,66
S01009672,Born outside the UK: Total,15,10,3,7,5,3,2
S01009672,Born outside the UK: Resident less than 2 years,1,0,0,0,1,0,1
S01009672,Born outside the UK: Resident 2 years or more and less than 5 years,1,0,0,0,1,1,0
S01009672,Born outside the UK: Resident 5 years or more and less than 10 years,1,0,0,0,1,0,1
S01009672,Born outside the UK: Resident 10 years or more,12,10,3,7,2,2,0
S01009673,All people in households,779,598,215,383,181,109,72
S01009673,Born in the UK,740,570,206,364,170,105,65
S01009673,Born outside the UK: Total,39,28,9,19,11,4,7
S01009673,Born outside the UK: Resident less than 2 years,0,0,0,0,0,0,0
S01009673,Born outside the UK: Resident 2 years or more and less than 5 years,9,8,0,8,1,0,1
S01009673,Born outside the UK: Resident 5 years or more and less than 10 years,5,1,0,1,4,2,2
S01009673,Born outside the UK: Resident 10 years or more,25,19,9,10,6,2,4
S01009674,All people in households,875,693,309,384,182,67,115
S01009674,Born in the UK,845,669,295,374,176,67,109
S01009674,Born outside the UK: Total,30,24,14,10,6,0,6
S01009674,Born outside the UK: Resident less than 2 years,0,0,0,0,0,0,0
S01009674,Born outside the UK: Resident 2 years or more and less than 5 years,2,0,0,0,2,0,2
S01009674,Born outside the UK: Resident 5 years or more and less than 10 years,1,0,0,0,1,0,1
S01009674,Born outside the UK: Resident 10 years or more,27,24,14,10,3,0,3
S01009675,All people in households,882,717,303,414,165,74,91
S01009675,Born in the UK,852,694,296,398,158,73,85
S01009675,Born outside the UK: Total,30,23,7,16,7,1,6
S01009675,Born outside the UK: Resident less than 2 years,0,0,0,0,0,0,0
S01009675,Born outside the UK: Resident 2 years or more and less than 5 years,1,0,0,0,1,0,1
S01009675,Born outside the UK: Resident 5 years or more and less than 10 years,2,2,0,2,0,0,0
S01009675,Born outside the UK: Resident 10 years or more,27,21,7,14,6,1,5
S01009676,All people in households,833,606,247,359,227,99,128
S01009676,Born in the UK,811,588,238,350,223,98,125
S01009676,Born outside the UK: Total,22,18,9,9,4,1,3
S01009676,Born outside the UK: Resident less than 2 years,1,1,0,1,0,0,0
S01009676,Born outside the UK: Resident 2 years or more and less than 5 years,1,1,0,1,0,0,0
S01009676,Born outside the UK: Resident 5 years or more and less than 10 years,4,4,0,4,0,0,0
S01009676,Born outside the UK: Resident 10 years or more,16,12,9,3,4,1,3
S01009677,All people in households,592,450,221,229,142,25,117
S01009677,Born in the UK,552,428,211,217,124,25,99
S01009677,Born outside the UK: Total,40,22,10,12,18,0,18
S01009677,Born outside the UK: Resident less than 2 years,5,0,0,0,5,0,5
S01009677,Born outside the UK: Resident 2 years or more and less than 5 years,6,0,0,0,6,0,6
S01009677,Born outside the UK: Resident 5 years or more and less than 10 years,1,0,0,0,1,0,1
S01009677,Born outside the UK: Resident 10 years or more,28,22,10,12,6,0,6
S01009678,All people in households,591,446,212,234,145,81,64
S01009678,Born in the UK,559,427,206,221,132,81,51
S01009678,Born outside the UK: Total,32,19,6,13,13,0,13
S01009678,Born outside the UK: Resident less than 2 years,9,0,0,0,9,0,9
S01009678,Born outside the UK: Resident 2 years or more and less than 5 years,1,0,0,0,1,0,1
S01009678,Born outside the UK: Resident 5 years or more and less than 10 years,3,2,0,2,1,0,1
S01009678,Born outside the UK: Resident 10 years or more,19,17,6,11,2,0,2
S01009679,All people in households,875,542,226,316,333,207,126
S01009679,Born in the UK,838,523,219,304,315,204,111
S01009679,Born outside the UK: Total,37,19,7,12,18,3,15
S01009679,Born outside the UK: Resident less than 2 years,4,0,0,0,4,0,4
S01009679,Born outside the UK: Resident 2 years or more and less than 5 years,6,1,0,1,5,0,5
S01009679,Born outside the UK: Resident 5 years or more and less than 10 years,3,2,1,1,1,0,1
S01009679,Born outside the UK: Resident 10 years or more,24,16,6,10,8,3,5
S01009680,All people in households,817,560,214,346,257,170,87
S01009680,Born in the UK,790,538,209,329,252,169,83
S01009680,Born outside the UK: Total,27,22,5,17,5,1,4
S01009680,Born outside the UK: Resident less than 2 years,0,0,0,0,0,0,0
S01009680,Born outside the UK: Resident 2 years or more and less than 5 years,1,0,0,0,1,0,1
S01009680,Born outside the UK: Resident 5 years or more and less than 10 years,8,7,0,7,1,0,1
S01009680,Born outside the UK: Resident 10 years or more,18,15,5,10,3,1,2
S01009681,All people in households,558,410,115,295,148,97,51
S01009681,Born in the UK,527,393,110,283,134,96,38
S01009681,Born outside the UK: Total,31,17,5,12,14,1,13
S01009681,Born outside the UK: Resident less than 2 years,3,0,0,0,3,0,3
S01009681,Born outside the UK: Resident 2 years or more and less than 5 years,3,0,0,0,3,0,3
S01009681,Born outside the UK: Resident 5 years or more and less than 10 years,5,4,3,1,1,0,1
S01009681,Born outside the UK: Resident 10 years or more,20,13,2,11,7,1,6
S01009682,All people in households,624,500,194,306,124,28,96
S01009682,Born in the UK,584,476,184,292,108,28,80
S01009682,Born outside the UK: Total,40,24,10,14,16,0,16
S01009682,Born outside the UK: Resident less than 2 years,1,0,0,0,1,0,1
S01009682,Born outside the UK: Resident 2 years or more and less than 5 years,17,6,3,3,11,0,11
S01009682,Born outside the UK: Resident 5 years or more and less than 10 years,6,4,0,4,2,0,2
S01009682,Born outside the UK: Resident 10 years or more,16,14,7,7,2,0,2
S01009683,All people in households,765,618,280,338,147,64,83
S01009683,Born in the UK,728,589,263,326,139,63,76
S01009683,Born outside the UK: Total,37,29,17,12,8,1,7
S01009683,Born outside the UK: Resident less than 2 years,5,0,0,0,5,0,5
S01009683,Born outside the UK: Resident 2 years or more and less than 5 years,0,0,0,0,0,0,0
S01009683,Born outside the UK: Resident 5 years or more and less than 10 years,5,5,3,2,0,0,0
S01009683,Born outside the UK: Resident 10 years or more,27,24,14,10,3,1,2
S01009684,All people in households,1085,858,309,549,227,51,176
S01009684,Born in the UK,1046,828,301,527,218,50,168
S01009684,Born outside the UK: Total,39,30,8,22,9,1,8
S01009684,Born outside the UK: Resident less than 2 years,3,3,0,3,0,0,0
S01009684,Born outside the UK: Resident 2 years or more and less than 5 years,3,1,0,1,2,0,2
S01009684,Born outside the UK: Resident 5 years or more and less than 10 years,4,4,0,4,0,0,0
S01009684,Born outside the UK: Resident 10 years or more,29,22,8,14,7,1,6
S01009685,All people in households,608,359,125,234,249,169,80
S01009685,Born in the UK,583,341,119,222,242,168,74
S01009685,Born outside the UK: Total,25,18,6,12,7,1,6
S01009685,Born outside the UK: Resident less than 2 years,5,0,0,0,5,1,4
S01009685,Born outside the UK: Resident 2 years or more and less than 5 years,2,2,0,2,0,0,0
S01009685,Born outside the UK: Resident 5 years or more and less than 10 years,2,2,2,0,0,0,0
S01009685,Born outside the UK: Resident 10 years or more,16,14,4,10,2,0,2
S01009686,All people in households,1123,578,167,411,545,279,266
S01009686,Born in the UK,1001,530,157,373,471,272,199
S01009686,Born outside the UK: Total,122,48,10,38,74,7,67
S01009686,Born outside the UK: Resident less than 2 years,29,5,2,3,24,5,19
S01009686,Born outside the UK: Resident 2 years or more and less than 5 years,37,8,0,8,29,0,29
S01009686,Born outside the UK: Resident 5 years or more and less than 10 years,18,3,0,3,15,0,15
S01009686,Born outside the UK: Resident 10 years or more,38,32,8,24,6,2,4
S01009687,All people in households,723,487,149,338,236,89,147
S01009687,Born in the UK,693,476,143,333,217,84,133
S01009687,Born outside the UK: Total,30,11,6,5,19,5,14
S01009687,Born outside the UK: Resident less than 2 years,3,0,0,0,3,0,3
S01009687,Born outside the UK: Resident 2 years or more and less than 5 years,5,0,0,0,5,0,5
S01009687,Born outside the UK: Resident 5 years or more and less than 10 years,4,2,2,0,2,0,2
S01009687,Born outside the UK: Resident 10 years or more,18,9,4,5,9,5,4
S01009688,All people in households,904,269,96,173,635,534,101
S01009688,Born in the UK,835,256,90,166,579,506,73
S01009688,Born outside the UK: Total,69,13,6,7,56,28,28
S01009688,Born outside the UK: Resident less than 2 years,11,0,0,0,11,2,9
S01009688,Born outside the UK: Resident 2 years or more and less than 5 years,15,1,0,1,14,0,14
S01009688,Born outside the UK: Resident 5 years or more and less than 10 years,10,0,0,0,10,9,1
S01009688,Born outside the UK: Resident 10 years or more,33,12,6,6,21,17,4
S01009689,All people in households,605,312,118,194,293,116,177
S01009689,Born in the UK,525,284,108,176,241,113,128
S01009689,Born outside the UK: Total,80,28,10,18,52,3,49
S01009689,Born outside the UK: Resident less than 2 years,13,3,1,2,10,0,10
S01009689,Born outside the UK: Resident 2 years or more and less than 5 years,23,2,1,1,21,0,21
S01009689,Born outside the UK: Resident 5 years or more and less than 10 years,16,6,0,6,10,0,10
S01009689,Born outside the UK: Resident 10 years or more,28,17,8,9,11,3,8
S01009690,All people in households,701,460,137,323,241,122,119
S01009690,Born in the UK,654,433,127,306,221,121,100
S01009690,Born outside the UK: Total,47,27,10,17,20,1,19
S01009690,Born outside the UK: Resident less than 2 years,3,1,0,1,2,0,2
S01009690,Born outside the UK: Resident 2 years or more and less than 5 years,6,0,0,0,6,0,6
S01009690,Born outside the UK: Resident 5 years or more and less than 10 years,12,3,0,3,9,0,9
S01009690,Born outside the UK: Resident 10 years or more,26,23,10,13,3,1,2
S01009691,All people in households,611,555,254,301,56,9,47
S01009691,Born in the UK,575,528,244,284,47,9,38
S01009691,Born outside the UK: Total,36,27,10,17,9,0,9
S01009691,Born outside the UK: Resident less than 2 years,2,1,1,0,1,0,1
S01009691,Born outside the UK: Resident 2 years or more and less than 5 years,7,1,0,1,6,0,6
S01009691,Born outside the UK: Resident 5 years or more and less than 10 years,5,3,0,3,2,0,2
S01009691,Born outside the UK: Resident 10 years or more,22,22,9,13,0,0,0
S01009692,All people in households,1034,865,469,396,169,66,103
S01009692,Born in the UK,983,832,453,379,151,65,86
S01009692,Born outside the UK: Total,51,33,16,17,18,1,17
S01009692,Born outside the UK: Resident less than 2 years,8,0,0,0,8,1,7
S01009692,Born outside the UK: Resident 2 years or more and less than 5 years,4,0,0,0,4,0,4
S01009692,Born outside the UK: Resident 5 years or more and less than 10 years,6,3,0,3,3,0,3
S01009692,Born outside the UK: Resident 10 years or more,33,30,16,14,3,0,3
S01009693,All people in households,632,549,255,294,83,29,54
S01009693,Born in the UK,609,530,244,286,79,27,52
S01009693,Born outside the UK: Total,23,19,11,8,4,2,2
S01009693,Born outside the UK: Resident less than 2 years,0,0,0,0,0,0,0
S01009693,Born outside the UK: Resident 2 years or more and less than 5 years,4,2,1,1,2,0,2
S01009693,Born outside the UK: Resident 5 years or more and less than 10 years,0,0,0,0,0,0,0
S01009693,Born outside the UK: Resident 10 years or more,19,17,10,7,2,2,0
S01009694,All people in households,962,844,437,407,118,26,92
S01009694,Born in the UK,899,799,423,376,100,24,76
S01009694,Born outside the UK: Total,63,45,14,31,18,2,16
S01009694,Born outside the UK: Resident less than 2 years,9,0,0,0,9,0,9
S01009694,Born outside the UK: Resident 2 years or more and less than 5 years,9,5,0,5,4,0,4
S01009694,Born outside the UK: Resident 5 years or more and less than 10 years,6,4,1,3,2,0,2
S01009694,Born outside the UK: Resident 10 years or more,39,36,13,23,3,2,1
S01009695,All people in households,623,497,247,250,126,36,90
S01009695,Born in the UK,584,466,233,233,118,36,82
S01009695,Born outside the UK: Total,39,31,14,17,8,0,8
S01009695,Born outside the UK: Resident less than 2 years,6,2,0,2,4,0,4
S01009695,Born outside the UK: Resident 2 years or more and less than 5 years,1,0,0,0,1,0,1
S01009695,Born outside the UK: Resident 5 years or more and less than 10 years,7,6,3,3,1,0,1
S01009695,Born outside the UK: Resident 10 years or more,25,23,11,12,2,0,2
S01009696,All people in households,945,748,325,423,197,66,131
S01009696,Born in the UK,899,718,312,406,181,64,117
S01009696,Born outside the UK: Total,46,30,13,17,16,2,14
S01009696,Born outside the UK: Resident less than 2 years,1,0,0,0,1,0,1
S01009696,Born outside the UK: Resident 2 years or more and less than 5 years,7,0,0,0,7,0,7
S01009696,Born outside the UK: Resident 5 years or more and less than 10 years,6,5,3,2,1,0,1
S01009696,Born outside the UK: Resident 10 years or more,32,25,10,15,7,2,5
S01009697,All people in households,702,552,250,302,150,55,95
S01009697,Born in the UK,629,510,234,276,119,52,67
S01009697,Born outside the UK: Total,73,42,16,26,31,3,28
S01009697,Born outside the UK: Resident less than 2 years,2,0,0,0,2,0,2
S01009697,Born outside the UK: Resident 2 years or more and less than 5 years,23,5,1,4,18,0,18
S01009697,Born outside the UK: Resident 5 years or more and less than 10 years,7,2,2,0,5,0,5
S01009697,Born outside the UK: Resident 10 years or more,41,35,13,22,6,3,3
S01009698,All people in households,564,411,224,187,153,9,144
S01009698,Born in the UK,509,387,213,174,122,6,116
S01009698,Born outside the UK: Total,55,24,11,13,31,3,28
S01009698,Born outside the UK: Resident less than 2 years,9,0,0,0,9,3,6
S01009698,Born outside the UK: Resident 2 years or more and less than 5 years,8,2,0,2,6,0,6
S01009698,Born outside the UK: Resident 5 years or more and less than 10 years,5,1,0,1,4,0,4
S01009698,Born outside the UK: Resident 10 years or more,33,21,11,10,12,0,12
S01009699,All people in households,468,348,234,114,120,50,70
S01009699,Born in the UK,448,333,221,112,115,48,67
S01009699,Born outside the UK: Total,20,15,13,2,5,2,3
S01009699,Born outside the UK: Resident less than 2 years,2,1,0,1,1,0,1
S01009699,Born outside the UK: Resident 2 years or more and less than 5 years,3,3,3,0,0,0,0
S01009699,Born outside the UK: Resident 5 years or more and less than 10 years,2,1,1,0,1,0,1
S01009699,Born outside the UK: Resident 10 years or more,13,10,9,1,3,2,1
S01009700,All people in households,649,399,193,206,250,89,161
S01009700,Born in the UK,606,382,184,198,224,87,137
S01009700,Born outside the UK: Total,43,17,9,8,26,2,24
S01009700,Born outside the UK: Resident less than 2 years,8,0,0,0,8,0,8
S01009700,Born outside the UK: Resident 2 years or more and less than 5 years,8,2,0,2,6,0,6
S01009700,Born outside the UK: Resident 5 years or more and less than 10 years,5,0,0,0,5,0,5
S01009700,Born outside the UK: Resident 10 years or more,22,15,9,6,7,2,5
S01009701,All people in households,426,306,222,84,120,74,46
S01009701,Born in the UK,403,297,218,79,106,70,36
S01009701,Born outside the UK: Total,23,9,4,5,14,4,10
S01009701,Born outside the UK: Resident less than 2 years,4,0,0,0,4,1,3
S01009701,Born outside the UK: Resident 2 years or more and less than 5 years,3,1,0,1,2,1,1
S01009701,Born outside the UK: Resident 5 years or more and less than 10 years,3,1,0,1,2,0,2
S01009701,Born outside the UK: Resident 10 years or more,13,7,4,3,6,2,4
S01009702,All people in households,631,436,221,215,195,67,128
S01009702,Born in the UK,607,424,217,207,183,62,121
S01009702,Born outside the UK: Total,24,12,4,8,12,5,7
S01009702,Born outside the UK: Resident less than 2 years,2,2,2,0,0,0,0
S01009702,Born outside the UK: Resident 2 years or more and less than 5 years,0,0,0,0,0,0,0
S01009702,Born outside the UK: Resident 5 years or more and less than 10 years,4,1,0,1,3,1,2
S01009702,Born outside the UK: Resident 10 years or more,18,9,2,7,9,4,5
S01009703,All people in households,569,385,197,188,184,148,36
S01009703,Born in the UK,543,367,188,179,176,145,31
S01009703,Born outside the UK: Total,26,18,9,9,8,3,5
S01009703,Born outside the UK: Resident less than 2 years,7,3,3,0,4,0,4
S01009703,Born outside the UK: Resident 2 years or more and less than 5 years,4,3,0,3,1,0,1
S01009703,Born outside the UK: Resident 5 years or more and less than 10 years,2,2,1,1,0,0,0
S01009703,Born outside the UK: Resident 10 years or more,13,10,5,5,3,3,0
S01009704,All people in households,917,719,403,316,198,103,95
S01009704,Born in the UK,877,691,387,304,186,102,84
S01009704,Born outside the UK: Total,40,28,16,12,12,1,11
S01009704,Born outside the UK: Resident less than 2 years,6,0,0,0,6,0,6
S01009704,Born outside the UK: Resident 2 years or more and less than 5 years,5,2,0,2,3,1,2
S01009704,Born outside the UK: Resident 5 years or more and less than 10 years,2,0,0,0,2,0,2
S01009704,Born outside the UK: Resident 10 years or more,27,26,16,10,1,0,1
S01009705,All people in households,732,440,204,236,292,225,67
S01009705,Born in the UK,698,425,198,227,273,210,63
S01009705,Born outside the UK: Total,34,15,6,9,19,15,4
S01009705,Born outside the UK: Resident less than 2 years,3,0,0,0,3,3,0
S01009705,Born outside the UK: Resident 2 years or more and less than 5 years,3,0,0,0,3,3,0
S01009705,Born outside the UK: Resident 5 years or more and less than 10 years,5,1,0,1,4,0,4
S01009705,Born outside the UK: Resident 10 years or more,23,14,6,8,9,9,0
S01009706,All people in households,625,404,186,218,221,123,98
S01009706,Born in the UK,583,382,179,203,201,122,79
S01009706,Born outside the UK: Total,42,22,7,15,20,1,19
S01009706,Born outside the UK: Resident less than 2 years,10,0,0,0,10,0,10
S01009706,Born outside the UK: Resident 2 years or more and less than 5 years,2,1,0,1,1,0,1
S01009706,Born outside the UK: Resident 5 years or more and less than 10 years,6,3,0,3,3,0,3
S01009706,Born outside the UK: Resident 10 years or more,24,18,7,11,6,1,5
S01009707,All people in households,477,377,152,225,100,5,95
S01009707,Born in the UK,446,364,150,214,82,5,77
S01009707,Born outside the UK: Total,31,13,2,11,18,0,18
S01009707,Born outside the UK: Resident less than 2 years,1,0,0,0,1,0,1
S01009707,Born outside the UK: Resident 2 years or more and less than 5 years,7,1,0,1,6,0,6
S01009707,Born outside the UK: Resident 5 years or more and less than 10 years,7,1,0,1,6,0,6
S01009707,Born outside the UK: Resident 10 years or more,16,11,2,9,5,0,5
S01009708,All people in households,573,436,210,226,137,87,50
S01009708,Born in the UK,549,423,206,217,126,85,41
S01009708,Born outside the UK: Total,24,13,4,9,11,2,9
S01009708,Born outside the UK: Resident less than 2 years,10,1,0,1,9,0,9
S01009708,Born outside the UK: Resident 2 years or more and less than 5 years,0,0,0,0,0,0,0
S01009708,Born outside the UK: Resident 5 years or more and less than 10 years,2,2,0,2,0,0,0
S01009708,Born outside the UK: Resident 10 years or more,12,10,4,6,2,2,0
S01009709,All people in households,794,582,287,295,212,105,107
S01009709,Born in the UK,749,560,279,281,189,101,88
S01009709,Born outside the UK: Total,45,22,8,14,23,4,19
S01009709,Born outside the UK: Resident less than 2 years,13,6,2,4,7,2,5
S01009709,Born outside the UK: Resident 2 years or more and less than 5 years,12,1,0,1,11,0,11
S01009709,Born outside the UK: Resident 5 years or more and less than 10 years,5,2,0,2,3,1,2
S01009709,Born outside the UK: Resident 10 years or more,15,13,6,7,2,1,1
S01009710,All people in households,567,423,133,290,144,78,66
S01009710,Born in the UK,541,411,133,278,130,76,54
S01009710,Born outside the UK: Total,26,12,0,12,14,2,12
S01009710,Born outside the UK: Resident less than 2 years,4,0,0,0,4,0,4
S01009710,Born outside the UK: Resident 2 years or more and less than 5 years,4,0,0,0,4,0,4
S01009710,Born outside the UK: Resident 5 years or more and less than 10 years,7,5,0,5,2,0,2
S01009710,Born outside the UK: Resident 10 years or more,11,7,0,7,4,2,2
S01009711,All people in households,760,489,198,291,271,195,76
S01009711,Born in the UK,707,467,187,280,240,186,54
S01009711,Born outside the UK: Total,53,22,11,11,31,9,22
S01009711,Born outside the UK: Resident less than 2 years,7,0,0,0,7,1,6
S01009711,Born outside the UK: Resident 2 years or more and less than 5 years,10,2,0,2,8,4,4
S01009711,Born outside the UK: Resident 5 years or more and less than 10 years,8,0,0,0,8,0,8
S01009711,Born outside the UK: Resident 10 years or more,28,20,11,9,8,4,4
S01009712,All people in households,593,428,228,200,165,45,120
S01009712,Born in the UK,548,405,214,191,143,44,99
S01009712,Born outside the UK: Total,45,23,14,9,22,1,21
S01009712,Born outside the UK: Resident less than 2 years,6,0,0,0,6,0,6
S01009712,Born outside the UK: Resident 2 years or more and less than 5 years,10,4,1,3,6,0,6
S01009712,Born outside the UK: Resident 5 years or more and less than 10 years,9,3,3,0,6,0,6
S01009712,Born outside the UK: Resident 10 years or more,20,16,10,6,4,1,3
S01009713,All people in households,887,626,358,268,261,127,134
S01009713,Born in the UK,821,594,337,257,227,122,105
S01009713,Born outside the UK: Total,66,32,21,11,34,5,29
S01009713,Born outside the UK: Resident less than 2 years,10,2,0,2,8,0,8
S01009713,Born outside the UK: Resident 2 years or more and less than 5 years,11,0,0,0,11,4,7
S01009713,Born outside the UK: Resident 5 years or more and less than 10 years,8,3,2,1,5,0,5
S01009713,Born outside the UK: Resident 10 years or more,37,27,19,8,10,1,9
S01009714,All people in households,915,722,405,317,193,88,105
S01009714,Born in the UK,836,670,386,284,166,80,86
S01009714,Born outside the UK: Total,79,52,19,33,27,8,19
S01009714,Born outside the UK: Resident less than 2 years,11,5,0,5,6,0,6
S01009714,Born outside the UK: Resident 2 years or more and less than 5 years,17,5,0,5,12,3,9
S01009714,Born outside the UK: Resident 5 years or more and less than 10 years,16,12,2,10,4,3,1
S01009714,Born outside the UK: Resident 10 years or more,35,30,17,13,5,2,3
S01009715,All people in households,638,391,239,152,247,59,188
S01009715,Born in the UK,576,363,228,135,213,59,154
S01009715,Born outside the UK: Total,62,28,11,17,34,0,34
S01009715,Born outside the UK: Resident less than 2 years,9,2,0,2,7,0,7
S01009715,Born outside the UK: Resident 2 years or more and less than 5 years,10,0,0,0,10,0,10
S01009715,Born outside the UK: Resident 5 years or more and less than 10 years,10,4,0,4,6,0,6
S01009715,Born outside the UK: Resident 10 years or more,33,22,11,11,11,0,11
S01009716,All people in households,726,500,285,215,226,53,173
S01009716,Born in the UK,620,475,274,201,145,51,94
S01009716,Born outside the UK: Total,106,25,11,14,81,2,79
S01009716,Born outside the UK: Resident less than 2 years,33,2,1,1,31,0,31
S01009716,Born outside the UK: Resident 2 years or more and less than 5 years,37,3,0,3,34,0,34
S01009716,Born outside the UK: Resident 5 years or more and less than 10 years,10,3,0,3,7,0,7
S01009716,Born outside the UK: Resident 10 years or more,26,17,10,7,9,2,7
S01009717,All people in households,701,255,129,126,446,226,220
S01009717,Born in the UK,563,234,117,117,329,213,116
S01009717,Born outside the UK: Total,138,21,12,9,117,13,104
S01009717,Born outside the UK: Resident less than 2 years,71,3,3,0,68,7,61
S01009717,Born outside the UK: Resident 2 years or more and less than 5 years,38,4,4,0,34,2,32
S01009717,Born outside the UK: Resident 5 years or more and less than 10 years,4,0,0,0,4,2,2
S01009717,Born outside the UK: Resident 10 years or more,25,14,5,9,11,2,9
S01009718,All people in households,731,349,179,170,382,241,141
S01009718,Born in the UK,625,324,168,156,301,229,72
S01009718,Born outside the UK: Total,106,25,11,14,81,12,69
S01009718,Born outside the UK: Resident less than 2 years,30,3,0,3,27,1,26
S01009718,Born outside the UK: Resident 2 years or more and less than 5 years,31,3,1,2,28,1,27
S01009718,Born outside the UK: Resident 5 years or more and less than 10 years,24,9,3,6,15,3,12
S01009718,Born outside the UK: Resident 10 years or more,21,10,7,3,11,7,4
S01009719,All people in households,745,393,190,203,352,233,119
S01009719,Born in the UK,690,374,183,191,316,227,89
S01009719,Born outside the UK: Total,55,19,7,12,36,6,30
S01009719,Born outside the UK: Resident less than 2 years,17,4,1,3,13,0,13
S01009719,Born outside the UK: Resident 2 years or more and less than 5 years,10,1,1,0,9,1,8
S01009719,Born outside the UK: Resident 5 years or more and less than 10 years,7,1,0,1,6,0,6
S01009719,Born outside the UK: Resident 10 years or more,21,13,5,8,8,5,3
S01009720,All people in households,797,371,174,197,426,204,222
S01009720,Born in the UK,669,352,165,187,317,200,117
S01009720,Born outside the UK: Total,128,19,9,10,109,4,105
S01009720,Born outside the UK: Resident less than 2 years,38,1,0,1,37,1,36
S01009720,Born outside the UK: Resident 2 years or more and less than 5 years,54,5,3,2,49,0,49
S01009720,Born outside the UK: Resident 5 years or more and less than 10 years,21,3,1,2,18,1,17
S01009720,Born outside the UK: Resident 10 years or more,15,10,5,5,5,2,3
S01009721,All people in households,580,102,51,51,478,3,475
S01009721,Born in the UK,302,69,34,35,233,2,231
S01009721,Born outside the UK: Total,278,33,17,16,245,1,244
S01009721,Born outside the UK: Resident less than 2 years,116,7,3,4,109,0,109
S01009721,Born outside the UK: Resident 2 years or more and less than 5 years,104,10,6,4,94,0,94
S01009721,Born outside the UK: Resident 5 years or more and less than 10 years,23,6,3,3,17,1,16
S01009721,Born outside the UK: Resident 10 years or more,35,10,5,5,25,0,25
S01009722,All people in households,831,217,148,69,614,58,556
S01009722,Born in the UK,549,188,131,57,361,48,313
S01009722,Born outside the UK: Total,282,29,17,12,253,10,243
S01009722,Born outside the UK: Resident less than 2 years,125,9,4,5,116,1,115
S01009722,Born outside the UK: Resident 2 years or more and less than 5 years,91,1,0,1,90,1,89
S01009722,Born outside the UK: Resident 5 years or more and less than 10 years,28,2,2,0,26,5,21
S01009722,Born outside the UK: Resident 10 years or more,38,17,11,6,21,3,18
S01009723,All people in households,638,123,75,48,515,70,445
S01009723,Born in the UK,425,105,65,40,320,62,258
S01009723,Born outside the UK: Total,213,18,10,8,195,8,187
S01009723,Born outside the UK: Resident less than 2 years,91,3,2,1,88,0,88
S01009723,Born outside the UK: Resident 2 years or more and less than 5 years,78,0,0,0,78,0,78
S01009723,Born outside the UK: Resident 5 years or more and less than 10 years,14,0,0,0,14,0,14
S01009723,Born outside the UK: Resident 10 years or more,30,15,8,7,15,8,7
S01009724,All people in households,959,229,111,118,730,302,428
S01009724,Born in the UK,720,205,101,104,515,287,228
S01009724,Born outside the UK: Total,239,24,10,14,215,15,200
S01009724,Born outside the UK: Resident less than 2 years,97,1,0,1,96,0,96
S01009724,Born outside the UK: Resident 2 years or more and less than 5 years,88,3,3,0,85,3,82
S01009724,Born outside the UK: Resident 5 years or more and less than 10 years,22,3,1,2,19,2,17
S01009724,Born outside the UK: Resident 10 years or more,32,17,6,11,15,10,5
S01009725,All people in households,680,173,110,63,507,35,472
S01009725,Born in the UK,508,149,101,48,359,29,330
S01009725,Born outside the UK: Total,172,24,9,15,148,6,142
S01009725,Born outside the UK: Resident less than 2 years,76,8,2,6,68,1,67
S01009725,Born outside the UK: Resident 2 years or more and less than 5 years,61,7,3,4,54,2,52
S01009725,Born outside the UK: Resident 5 years or more and less than 10 years,17,2,1,1,15,2,13
S01009725,Born outside the UK: Resident 10 years or more,18,7,3,4,11,1,10
S01009726,All people in households,557,140,75,65,417,23,394
S01009726,Born in the UK,364,115,60,55,249,19,230
S01009726,Born outside the UK: Total,193,25,15,10,168,4,164
S01009726,Born outside the UK: Resident less than 2 years,79,3,2,1,76,4,72
S01009726,Born outside the UK: Resident 2 years or more and less than 5 years,79,5,3,2,74,0,74
S01009726,Born outside the UK: Resident 5 years or more and less than 10 years,10,4,3,1,6,0,6
S01009726,Born outside the UK: Resident 10 years or more,25,13,7,6,12,0,12
S01009727,All people in households,853,524,253,271,329,142,187
S01009727,Born in the UK,754,492,236,256,262,134,128
S01009727,Born outside the UK: Total,99,32,17,15,67,8,59
S01009727,Born outside the UK: Resident less than 2 years,24,1,0,1,23,0,23
S01009727,Born outside the UK: Resident 2 years or more and less than 5 years,28,0,0,0,28,3,25
S01009727,Born outside the UK: Resident 5 years or more and less than 10 years,14,7,1,6,7,1,6
S01009727,Born outside the UK: Resident 10 years or more,33,24,16,8,9,4,5
S01009728,All people in households,727,624,312,312,103,22,81
S01009728,Born in the UK,635,580,292,288,55,21,34
S01009728,Born outside the UK: Total,92,44,20,24,48,1,47
S01009728,Born outside the UK: Resident less than 2 years,18,1,0,1,17,0,17
S01009728,Born outside the UK: Resident 2 years or more and less than 5 years,18,1,0,1,17,0,17
S01009728,Born outside the UK: Resident 5 years or more and less than 10 years,20,12,3,9,8,0,8
S01009728,Born outside the UK: Resident 10 years or more,36,30,17,13,6,1,5
S01009729,All people in households,620,555,334,221,65,7,58
S01009729,Born in the UK,551,515,316,199,36,6,30
S01009729,Born outside the UK: Total,69,40,18,22,29,1,28
S01009729,Born outside the UK: Resident less than 2 years,15,2,2,0,13,0,13
S01009729,Born outside the UK: Resident 2 years or more and less than 5 years,7,1,1,0,6,0,6
S01009729,Born outside the UK: Resident 5 years or more and less than 10 years,10,5,0,5,5,0,5
S01009729,Born outside the UK: Resident 10 years or more,37,32,15,17,5,1,4
S01009730,All people in households,522,316,161,155,206,81,125
S01009730,Born in the UK,438,289,143,146,149,79,70
S01009730,Born outside the UK: Total,84,27,18,9,57,2,55
S01009730,Born outside the UK: Resident less than 2 years,23,2,1,1,21,0,21
S01009730,Born outside the UK: Resident 2 years or more and less than 5 years,23,3,3,0,20,0,20
S01009730,Born outside the UK: Resident 5 years or more and less than 10 years,14,5,1,4,9,0,9
S01009730,Born outside the UK: Resident 10 years or more,24,17,13,4,7,2,5
S01009731,All people in households,585,468,314,154,117,5,112
S01009731,Born in the UK,506,426,285,141,80,5,75
S01009731,Born outside the UK: Total,79,42,29,13,37,0,37
S01009731,Born outside the UK: Resident less than 2 years,14,0,0,0,14,0,14
S01009731,Born outside the UK: Resident 2 years or more and less than 5 years,17,3,1,2,14,0,14
S01009731,Born outside the UK: Resident 5 years or more and less than 10 years,7,4,2,2,3,0,3
S01009731,Born outside the UK: Resident 10 years or more,41,35,26,9,6,0,6
S01009732,All people in households,798,370,255,115,428,45,383
S01009732,Born in the UK,604,327,231,96,277,44,233
S01009732,Born outside the UK: Total,194,43,24,19,151,1,150
S01009732,Born outside the UK: Resident less than 2 years,74,6,5,1,68,0,68
S01009732,Born outside the UK: Resident 2 years or more and less than 5 years,60,4,1,3,56,1,55
S01009732,Born outside the UK: Resident 5 years or more and less than 10 years,22,4,1,3,18,0,18
S01009732,Born outside the UK: Resident 10 years or more,38,29,17,12,9,0,9
S01009733,All people in households,485,411,245,166,74,10,64
S01009733,Born in the UK,447,395,235,160,52,9,43
S01009733,Born outside the UK: Total,38,16,10,6,22,1,21
S01009733,Born outside the UK: Resident less than 2 years,5,0,0,0,5,0,5
S01009733,Born outside the UK: Resident 2 years or more and less than 5 years,11,2,0,2,9,0,9
S01009733,Born outside the UK: Resident 5 years or more and less than 10 years,2,0,0,0,2,0,2
S01009733,Born outside the UK: Resident 10 years or more,20,14,10,4,6,1,5
S01009734,All people in households,875,640,307,333,235,40,195
S01009734,Born in the UK,770,590,288,302,180,38,142
S01009734,Born outside the UK: Total,105,50,19,31,55,2,53
S01009734,Born outside the UK: Resident less than 2 years,24,5,2,3,19,1,18
S01009734,Born outside the UK: Resident 2 years or more and less than 5 years,16,1,1,0,15,0,15
S01009734,Born outside the UK: Resident 5 years or more and less than 10 years,22,10,1,9,12,1,11
S01009734,Born outside the UK: Resident 10 years or more,43,34,15,19,9,0,9
S01009735,All people in households,741,638,382,256,103,5,98
S01009735,Born in the UK,630,580,344,236,50,5,45
S01009735,Born outside the UK: Total,111,58,38,20,53,0,53
S01009735,Born outside the UK: Resident less than 2 years,28,7,5,2,21,0,21
S01009735,Born outside the UK: Resident 2 years or more and less than 5 years,32,8,6,2,24,0,24
S01009735,Born outside the UK: Resident 5 years or more and less than 10 years,7,6,1,5,1,0,1
S01009735,Born outside the UK: Resident 10 years or more,44,37,26,11,7,0,7
S01009736,All people in households,710,209,161,48,501,41,460
S01009736,Born in the UK,482,176,140,36,306,37,269
S01009736,Born outside the UK: Total,228,33,21,12,195,4,191
S01009736,Born outside the UK: Resident less than 2 years,111,8,8,0,103,1,102
S01009736,Born outside the UK: Resident 2 years or more and less than 5 years,73,3,0,3,70,2,68
S01009736,Born outside the UK: Resident 5 years or more and less than 10 years,7,3,1,2,4,1,3
S01009736,Born outside the UK: Resident 10 years or more,37,19,12,7,18,0,18
S01009737,All people in households,782,277,133,144,505,171,334
S01009737,Born in the UK,750,265,125,140,485,167,318
S01009737,Born outside the UK: Total,32,12,8,4,20,4,16
S01009737,Born outside the UK: Resident less than 2 years,1,1,1,0,0,0,0
S01009737,Born outside the UK: Resident 2 years or more and less than 5 years,7,0,0,0,7,2,5
S01009737,Born outside the UK: Resident 5 years or more and less than 10 years,5,2,0,2,3,1,2
S01009737,Born outside the UK: Resident 10 years or more,19,9,7,2,10,1,9
S01009738,All people in households,420,263,65,198,157,38,119
S01009738,Born in the UK,393,248,61,187,145,36,109
S01009738,Born outside the UK: Total,27,15,4,11,12,2,10
S01009738,Born outside the UK: Resident less than 2 years,3,0,0,0,3,1,2
S01009738,Born outside the UK: Resident 2 years or more and less than 5 years,6,2,2,0,4,1,3
S01009738,Born outside the UK: Resident 5 years or more and less than 10 years,5,2,0,2,3,0,3
S01009738,Born outside the UK: Resident 10 years or more,13,11,2,9,2,0,2
S01009739,All people in households,761,310,65,245,451,117,334
S01009739,Born in the UK,704,285,61,224,419,111,308
S01009739,Born outside the UK: Total,57,25,4,21,32,6,26
S01009739,Born outside the UK: Resident less than 2 years,8,2,0,2,6,0,6
S01009739,Born outside the UK: Resident 2 years or more and less than 5 years,10,4,0,4,6,1,5
S01009739,Born outside the UK: Resident 5 years or more and less than 10 years,7,2,0,2,5,2,3
S01009739,Born outside the UK: Resident 10 years or more,32,17,4,13,15,3,12
S01009740,All people in households,541,294,136,158,247,151,96
S01009740,Born in the UK,498,277,125,152,221,133,88
S01009740,Born outside the UK: Total,43,17,11,6,26,18,8
S01009740,Born outside the UK: Resident less than 2 years,3,2,2,0,1,0,1
S01009740,Born outside the UK: Resident 2 years or more and less than 5 years,3,1,1,0,2,0,2
S01009740,Born outside the UK: Resident 5 years or more and less than 10 years,12,2,1,1,10,9,1
S01009740,Born outside the UK: Resident 10 years or more,25,12,7,5,13,9,4
S01009741,All people in households,583,73,30,43,510,74,436
S01009741,Born in the UK,544,70,30,40,474,73,401
S01009741,Born outside the UK: Total,39,3,0,3,36,1,35
S01009741,Born outside the UK: Resident less than 2 years,5,0,0,0,5,0,5
S01009741,Born outside the UK: Resident 2 years or more and less than 5 years,10,0,0,0,10,1,9
S01009741,Born outside the UK: Resident 5 years or more and less than 10 years,7,0,0,0,7,0,7
S01009741,Born outside the UK: Resident 10 years or more,17,3,0,3,14,0,14
S01009742,All people in households,495,348,203,145,147,10,137
S01009742,Born in the UK,469,327,193,134,142,10,132
S01009742,Born outside the UK: Total,26,21,10,11,5,0,5
S01009742,Born outside the UK: Resident less than 2 years,2,2,1,1,0,0,0
S01009742,Born outside the UK: Resident 2 years or more and less than 5 years,3,2,1,1,1,0,1
S01009742,Born outside the UK: Resident 5 years or more and less than 10 years,1,1,0,1,0,0,0
S01009742,Born outside the UK: Resident 10 years or more,20,16,8,8,4,0,4
S01009743,All people in households,946,779,359,420,167,51,116
S01009743,Born in the UK,897,747,342,405,150,51,99
S01009743,Born outside the UK: Total,49,32,17,15,17,0,17
S01009743,Born outside the UK: Resident less than 2 years,11,2,2,0,9,0,9
S01009743,Born outside the UK: Resident 2 years or more and less than 5 years,7,1,1,0,6,0,6
S01009743,Born outside the UK: Resident 5 years or more and less than 10 years,4,4,0,4,0,0,0
S01009743,Born outside the UK: Resident 10 years or more,27,25,14,11,2,0,2
S01009744,All people in households,698,592,251,341,106,16,90
S01009744,Born in the UK,669,569,247,322,100,16,84
S01009744,Born outside the UK: Total,29,23,4,19,6,0,6
S01009744,Born outside the UK: Resident less than 2 years,2,2,0,2,0,0,0
S01009744,Born outside the UK: Resident 2 years or more and less than 5 years,4,4,0,4,0,0,0
S01009744,Born outside the UK: Resident 5 years or more and less than 10 years,5,3,0,3,2,0,2
S01009744,Born outside the UK: Resident 10 years or more,18,14,4,10,4,0,4
S01009745,All people in households,1078,904,359,545,174,57,117
S01009745,Born in the UK,1024,862,352,510,162,53,109
S01009745,Born outside the UK: Total,54,42,7,35,12,4,8
S01009745,Born outside the UK: Resident less than 2 years,1,1,1,0,0,0,0
S01009745,Born outside the UK: Resident 2 years or more and less than 5 years,9,5,1,4,4,2,2
S01009745,Born outside the UK: Resident 5 years or more and less than 10 years,14,11,0,11,3,1,2
S01009745,Born outside the UK: Resident 10 years or more,30,25,5,20,5,1,4
S01009746,All people in households,557,374,191,183,183,16,167
S01009746,Born in the UK,528,353,181,172,175,16,159
S01009746,Born outside the UK: Total,29,21,10,11,8,0,8
S01009746,Born outside the UK: Resident less than 2 years,6,4,1,3,2,0,2
S01009746,Born outside the UK: Resident 2 years or more and less than 5 years,2,2,0,2,0,0,0
S01009746,Born outside the UK: Resident 5 years or more and less than 10 years,4,0,0,0,4,0,4
S01009746,Born outside the UK: Resident 10 years or more,17,15,9,6,2,0,2
S01009747,All people in households,656,412,152,260,244,94,150
S01009747,Born in the UK,608,385,140,245,223,92,131
S01009747,Born outside the UK: Total,48,27,12,15,21,2,19
S01009747,Born outside the UK: Resident less than 2 years,3,1,0,1,2,0,2
S01009747,Born outside the UK: Resident 2 years or more and less than 5 years,6,0,0,0,6,0,6
S01009747,Born outside the UK: Resident 5 years or more and less than 10 years,10,4,2,2,6,0,6
S01009747,Born outside the UK: Resident 10 years or more,29,22,10,12,7,2,5
S01009748,All people in households,703,589,227,362,114,57,57
S01009748,Born in the UK,648,546,212,334,102,57,45
S01009748,Born outside the UK: Total,55,43,15,28,12,0,12
S01009748,Born outside the UK: Resident less than 2 years,9,4,0,4,5,0,5
S01009748,Born outside the UK: Resident 2 years or more and less than 5 years,6,2,0,2,4,0,4
S01009748,Born outside the UK: Resident 5 years or more and less than 10 years,2,2,0,2,0,0,0
S01009748,Born outside the UK: Resident 10 years or more,38,35,15,20,3,0,3
S01009749,All people in households,954,787,340,447,167,97,70
S01009749,Born in the UK,908,752,330,422,156,94,62
S01009749,Born outside the UK: Total,46,35,10,25,11,3,8
S01009749,Born outside the UK: Resident less than 2 years,5,5,0,5,0,0,0
S01009749,Born outside the UK: Resident 2 years or more and less than 5 years,9,5,2,3,4,0,4
S01009749,Born outside the UK: Resident 5 years or more and less than 10 years,5,2,0,2,3,0,3
S01009749,Born outside the UK: Resident 10 years or more,27,23,8,15,4,3,1
S01009750,All people in households,679,451,154,297,228,142,86
S01009750,Born in the UK,641,429,147,282,212,140,72
S01009750,Born outside the UK: Total,38,22,7,15,16,2,14
S01009750,Born outside the UK: Resident less than 2 years,2,0,0,0,2,0,2
S01009750,Born outside the UK: Resident 2 years or more and less than 5 years,4,1,0,1,3,0,3
S01009750,Born outside the UK: Resident 5 years or more and less than 10 years,7,2,0,2,5,0,5
S01009750,Born outside the UK: Resident 10 years or more,25,19,7,12,6,2,4
S01009751,All people in households,778,469,153,316,309,226,83
S01009751,Born in the UK,747,449,150,299,298,222,76
S01009751,Born outside the UK: Total,31,20,3,17,11,4,7
S01009751,Born outside the UK: Resident less than 2 years,5,0,0,0,5,0,5
S01009751,Born outside the UK: Resident 2 years or more and less than 5 years,2,0,0,0,2,0,2
S01009751,Born outside the UK: Resident 5 years or more and less than 10 years,8,7,0,7,1,1,0
S01009751,Born outside the UK: Resident 10 years or more,16,13,3,10,3,3,0
S01009752,All people in households,596,534,252,282,62,17,45
S01009752,Born in the UK,549,497,235,262,52,17,35
S01009752,Born outside the UK: Total,47,37,17,20,10,0,10
S01009752,Born outside the UK: Resident less than 2 years,2,2,0,2,0,0,0
S01009752,Born outside the UK: Resident 2 years or more and less than 5 years,0,0,0,0,0,0,0
S01009752,Born outside the UK: Resident 5 years or more and less than 10 years,8,4,0,4,4,0,4
S01009752,Born outside the UK: Resident 10 years or more,37,31,17,14,6,0,6
S01009753,All people in households,694,537,219,318,157,80,77
S01009753,Born in the UK,636,497,207,290,139,78,61
S01009753,Born outside the UK: Total,58,40,12,28,18,2,16
S01009753,Born outside the UK: Resident less than 2 years,13,3,0,3,10,0,10
S01009753,Born outside the UK: Resident 2 years or more and less than 5 years,3,3,0,3,0,0,0
S01009753,Born outside the UK: Resident 5 years or more and less than 10 years,11,9,0,9,2,1,1
S01009753,Born outside the UK: Resident 10 years or more,31,25,12,13,6,1,5
S01009754,All people in households,804,616,287,329,188,110,78
S01009754,Born in the UK,753,581,275,306,172,105,67
S01009754,Born outside the UK: Total,51,35,12,23,16,5,11
S01009754,Born outside the UK: Resident less than 2 years,5,2,0,2,3,1,2
S01009754,Born outside the UK: Resident 2 years or more and less than 5 years,8,4,1,3,4,0,4
S01009754,Born outside the UK: Resident 5 years or more and less than 10 years,5,4,0,4,1,0,1
S01009754,Born outside the UK: Resident 10 years or more,33,25,11,14,8,4,4
S01009755,All people in households,660,556,214,342,104,41,63
S01009755,Born in the UK,613,517,198,319,96,40,56
S01009755,Born outside the UK: Total,47,39,16,23,8,1,7
S01009755,Born outside the UK: Resident less than 2 years,5,5,3,2,0,0,0
S01009755,Born outside the UK: Resident 2 years or more and less than 5 years,8,4,0,4,4,0,4
S01009755,Born outside the UK: Resident 5 years or more and less than 10 years,8,8,6,2,0,0,0
S01009755,Born outside the UK: Resident 10 years or more,26,22,7,15,4,1,3
S01009756,All people in households,740,626,260,366,114,55,59
S01009756,Born in the UK,697,594,241,353,103,53,50
S01009756,Born outside the UK: Total,43,32,19,13,11,2,9
S01009756,Born outside the UK: Resident less than 2 years,3,2,0,2,1,0,1
S01009756,Born outside the UK: Resident 2 years or more and less than 5 years,6,3,0,3,3,0,3
S01009756,Born outside the UK: Resident 5 years or more and less than 10 years,7,5,4,1,2,1,1
S01009756,Born outside the UK: Resident 10 years or more,27,22,15,7,5,1,4
S01009757,All people in households,665,581,264,317,84,46,38
S01009757,Born in the UK,617,542,244,298,75,42,33
S01009757,Born outside the UK: Total,48,39,20,19,9,4,5
S01009757,Born outside the UK: Resident less than 2 years,2,1,0,1,1,0,1
S01009757,Born outside the UK: Resident 2 years or more and less than 5 years,12,6,0,6,6,2,4
S01009757,Born outside the UK: Resident 5 years or more and less than 10 years,4,4,3,1,0,0,0
S01009757,Born outside the UK: Resident 10 years or more,30,28,17,11,2,2,0
S01009758,All people in households,547,467,114,353,80,24,56
S01009758,Born in the UK,521,447,110,337,74,22,52
S01009758,Born outside the UK: Total,26,20,4,16,6,2,4
S01009758,Born outside the UK: Resident less than 2 years,1,1,0,1,0,0,0
S01009758,Born outside the UK: Resident 2 years or more and less than 5 years,2,2,0,2,0,0,0
S01009758,Born outside the UK: Resident 5 years or more and less than 10 years,1,0,0,0,1,1,0
S01009758,Born outside the UK: Resident 10 years or more,22,17,4,13,5,1,4
S01009759,All people in households,927,93,21,72,834,815,19
S01009759,Born in the UK,654,75,18,57,579,562,17
S01009759,Born outside the UK: Total,273,18,3,15,255,253,2
S01009759,Born outside the UK: Resident less than 2 years,49,2,0,2,47,46,1
S01009759,Born outside the UK: Resident 2 years or more and less than 5 years,115,5,1,4,110,109,1
S01009759,Born outside the UK: Resident 5 years or more and less than 10 years,87,6,1,5,81,81,0
S01009759,Born outside the UK: Resident 10 years or more,22,5,1,4,17,17,0
S01009760,All people in households,893,285,119,166,608,540,68
S01009760,Born in the UK,755,278,117,161,477,422,55
S01009760,Born outside the UK: Total,138,7,2,5,131,118,13
S01009760,Born outside the UK: Resident less than 2 years,19,0,0,0,19,13,6
S01009760,Born outside the UK: Resident 2 years or more and less than 5 years,60,2,0,2,58,55,3
S01009760,Born outside the UK: Resident 5 years or more and less than 10 years,39,0,0,0,39,37,2
S01009760,Born outside the UK: Resident 10 years or more,20,5,2,3,15,13,2
S01009761,All people in households,910,763,222,541,147,63,84
S01009761,Born in the UK,847,711,204,507,136,58,78
S01009761,Born outside the UK: Total,63,52,18,34,11,5,6
S01009761,Born outside the UK: Resident less than 2 years,1,0,0,0,1,0,1
S01009761,Born outside the UK: Resident 2 years or more and less than 5 years,12,9,0,9,3,3,0
S01009761,Born outside the UK: Resident 5 years or more and less than 10 years,8,5,2,3,3,0,3
S01009761,Born outside the UK: Resident 10 years or more,42,38,16,22,4,2,2
S01009762,All people in households,921,113,16,97,808,780,28
S01009762,Born in the UK,719,95,16,79,624,600,24
S01009762,Born outside the UK: Total,202,18,0,18,184,180,4
S01009762,Born outside the UK: Resident less than 2 years,36,1,0,1,35,31,4
S01009762,Born outside the UK: Resident 2 years or more and less than 5 years,84,9,0,9,75,75,0
S01009762,Born outside the UK: Resident 5 years or more and less than 10 years,70,6,0,6,64,64,0
S01009762,Born outside the UK: Resident 10 years or more,12,2,0,2,10,10,0
S01009763,All people in households,772,716,172,544,56,21,35
S01009763,Born in the UK,697,666,156,510,31,8,23
S01009763,Born outside the UK: Total,75,50,16,34,25,13,12
S01009763,Born outside the UK: Resident less than 2 years,13,3,3,0,10,1,9
S01009763,Born outside the UK: Resident 2 years or more and less than 5 years,8,2,1,1,6,5,1
S01009763,Born outside the UK: Resident 5 years or more and less than 10 years,9,4,0,4,5,5,0
S01009763,Born outside the UK: Resident 10 years or more,45,41,12,29,4,2,2
S01009764,All people in households,674,328,30,298,346,298,48
S01009764,Born in the UK,625,292,26,266,333,289,44
S01009764,Born outside the UK: Total,49,36,4,32,13,9,4
S01009764,Born outside the UK: Resident less than 2 years,3,2,1,1,1,0,1
S01009764,Born outside the UK: Resident 2 years or more and less than 5 years,4,3,0,3,1,1,0
S01009764,Born outside the UK: Resident 5 years or more and less than 10 years,8,6,0,6,2,1,1
S01009764,Born outside the UK: Resident 10 years or more,34,25,3,22,9,7,2
S01009765,All people in households,970,671,81,590,299,216,83
S01009765,Born in the UK,872,593,74,519,279,213,66
S01009765,Born outside the UK: Total,98,78,7,71,20,3,17
S01009765,Born outside the UK: Resident less than 2 years,3,1,0,1,2,1,1
S01009765,Born outside the UK: Resident 2 years or more and less than 5 years,13,5,0,5,8,0,8
S01009765,Born outside the UK: Resident 5 years or more and less than 10 years,17,16,0,16,1,0,1
S01009765,Born outside the UK: Resident 10 years or more,65,56,7,49,9,2,7
S01009766,All people in households,563,493,82,411,70,18,52
S01009766,Born in the UK,534,479,81,398,55,17,38
S01009766,Born outside the UK: Total,29,14,1,13,15,1,14
S01009766,Born outside the UK: Resident less than 2 years,11,0,0,0,11,0,11
S01009766,Born outside the UK: Resident 2 years or more and less than 5 years,5,3,0,3,2,0,2
S01009766,Born outside the UK: Resident 5 years or more and less than 10 years,3,2,0,2,1,1,0
S01009766,Born outside the UK: Resident 10 years or more,10,9,1,8,1,0,1
S01009767,All people in households,509,198,46,152,311,292,19
S01009767,Born in the UK,491,188,45,143,303,288,15
S01009767,Born outside the UK: Total,18,10,1,9,8,4,4
S01009767,Born outside the UK: Resident less than 2 years,3,2,0,2,1,1,0
S01009767,Born outside the UK: Resident 2 years or more and less than 5 years,2,1,0,1,1,0,1
S01009767,Born outside the UK: Resident 5 years or more and less than 10 years,6,4,0,4,2,0,2
S01009767,Born outside the UK: Resident 10 years or more,7,3,1,2,4,3,1
S01009768,All people in households,610,272,13,259,338,278,60
S01009768,Born in the UK,568,252,13,239,316,269,47
S01009768,Born outside the UK: Total,42,20,0,20,22,9,13
S01009768,Born outside the UK: Resident less than 2 years,7,1,0,1,6,0,6
S01009768,Born outside the UK: Resident 2 years or more and less than 5 years,7,6,0,6,1,1,0
S01009768,Born outside the UK: Resident 5 years or more and less than 10 years,15,6,0,6,9,6,3
S01009768,Born outside the UK: Resident 10 years or more,13,7,0,7,6,2,4
S01009769,All people in households,606,474,44,430,132,39,93
S01009769,Born in the UK,545,436,43,393,109,23,86
S01009769,Born outside the UK: Total,61,38,1,37,23,16,7
S01009769,Born outside the UK: Resident less than 2 years,4,2,0,2,2,2,0
S01009769,Born outside the UK: Resident 2 years or more and less than 5 years,11,4,0,4,7,5,2
S01009769,Born outside the UK: Resident 5 years or more and less than 10 years,23,13,0,13,10,6,4
S01009769,Born outside the UK: Resident 10 years or more,23,19,1,18,4,3,1
S01009770,All people in households,711,615,100,515,96,10,86
S01009770,Born in the UK,594,529,87,442,65,9,56
S01009770,Born outside the UK: Total,117,86,13,73,31,1,30
S01009770,Born outside the UK: Resident less than 2 years,11,7,0,7,4,0,4
S01009770,Born outside the UK: Resident 2 years or more and less than 5 years,14,5,0,5,9,1,8
S01009770,Born outside the UK: Resident 5 years or more and less than 10 years,19,9,1,8,10,0,10
S01009770,Born outside the UK: Resident 10 years or more,73,65,12,53,8,0,8
S01009771,All people in households,888,815,157,658,73,15,58
S01009771,Born in the UK,735,680,131,549,55,11,44
S01009771,Born outside the UK: Total,153,135,26,109,18,4,14
S01009771,Born outside the UK: Resident less than 2 years,6,3,0,3,3,0,3
S01009771,Born outside the UK: Resident 2 years or more and less than 5 years,15,15,2,13,0,0,0
S01009771,Born outside the UK: Resident 5 years or more and less than 10 years,40,33,2,31,7,3,4
S01009771,Born outside the UK: Resident 10 years or more,92,84,22,62,8,1,7
S01009772,All people in households,635,575,108,467,60,6,54
S01009772,Born in the UK,598,542,103,439,56,5,51
S01009772,Born outside the UK: Total,37,33,5,28,4,1,3
S01009772,Born outside the UK: Resident less than 2 years,1,0,0,0,1,0,1
S01009772,Born outside the UK: Resident 2 years or more and less than 5 years,2,1,0,1,1,0,1
S01009772,Born outside the UK: Resident 5 years or more and less than 10 years,13,11,0,11,2,1,1
S01009772,Born outside the UK: Resident 10 years or more,21,21,5,16,0,0,0
S01009773,All people in households,629,551,55,496,78,15,63
S01009773,Born in the UK,478,438,42,396,40,6,34
S01009773,Born outside the UK: Total,151,113,13,100,38,9,29
S01009773,Born outside the UK: Resident less than 2 years,7,1,0,1,6,0,6
S01009773,Born outside the UK: Resident 2 years or more and less than 5 years,24,17,5,12,7,4,3
S01009773,Born outside the UK: Resident 5 years or more and less than 10 years,43,30,0,30,13,1,12
S01009773,Born outside the UK: Resident 10 years or more,77,65,8,57,12,4,8
S01009774,All people in households,563,529,46,483,34,14,20
S01009774,Born in the UK,460,434,35,399,26,12,14
S01009774,Born outside the UK: Total,103,95,11,84,8,2,6
S01009774,Born outside the UK: Resident less than 2 years,7,7,0,7,0,0,0
S01009774,Born outside the UK: Resident 2 years or more and less than 5 years,6,4,1,3,2,1,1
S01009774,Born outside the UK: Resident 5 years or more and less than 10 years,30,27,1,26,3,0,3
S01009774,Born outside the UK: Resident 10 years or more,60,57,9,48,3,1,2
S01009775,All people in households,797,281,85,196,516,438,78
S01009775,Born in the UK,756,277,84,193,479,429,50
S01009775,Born outside the UK: Total,41,4,1,3,37,9,28
S01009775,Born outside the UK: Resident less than 2 years,16,0,0,0,16,0,16
S01009775,Born outside the UK: Resident 2 years or more and less than 5 years,10,1,0,1,9,4,5
S01009775,Born outside the UK: Resident 5 years or more and less than 10 years,6,0,0,0,6,0,6
S01009775,Born outside the UK: Resident 10 years or more,9,3,1,2,6,5,1
S01009776,All people in households,659,91,43,48,568,550,18
S01009776,Born in the UK,644,87,41,46,557,542,15
S01009776,Born outside the UK: Total,15,4,2,2,11,8,3
S01009776,Born outside the UK: Resident less than 2 years,5,1,0,1,4,2,2
S01009776,Born outside the UK: Resident 2 years or more and less than 5 years,0,0,0,0,0,0,0
S01009776,Born outside the UK: Resident 5 years or more and less than 10 years,4,0,0,0,4,4,0
S01009776,Born outside the UK: Resident 10 years or more,6,3,2,1,3,2,1
S01009777,All people in households,482,205,19,186,277,115,162
S01009777,Born in the UK,443,196,19,177,247,109,138
S01009777,Born outside the UK: Total,39,9,0,9,30,6,24
S01009777,Born outside the UK: Resident less than 2 years,6,1,0,1,5,0,5
S01009777,Born outside the UK: Resident 2 years or more and less than 5 years,8,1,0,1,7,2,5
S01009777,Born outside the UK: Resident 5 years or more and less than 10 years,12,1,0,1,11,3,8
S01009777,Born outside the UK: Resident 10 years or more,13,6,0,6,7,1,6
S01009778,All people in households,822,248,102,146,574,526,48
S01009778,Born in the UK,781,234,99,135,547,512,35
S01009778,Born outside the UK: Total,41,14,3,11,27,14,13
S01009778,Born outside the UK: Resident less than 2 years,10,3,0,3,7,0,7
S01009778,Born outside the UK: Resident 2 years or more and less than 5 years,3,1,0,1,2,0,2
S01009778,Born outside the UK: Resident 5 years or more and less than 10 years,14,4,0,4,10,7,3
S01009778,Born outside the UK: Resident 10 years or more,14,6,3,3,8,7,1
S01009779,All people in households,551,126,38,88,425,394,31
S01009779,Born in the UK,525,120,37,83,405,391,14
S01009779,Born outside the UK: Total,26,6,1,5,20,3,17
S01009779,Born outside the UK: Resident less than 2 years,5,2,0,2,3,0,3
S01009779,Born outside the UK: Resident 2 years or more and less than 5 years,2,0,0,0,2,0,2
S01009779,Born outside the UK: Resident 5 years or more and less than 10 years,7,0,0,0,7,0,7
S01009779,Born outside the UK: Resident 10 years or more,12,4,1,3,8,3,5
S01009780,All people in households,608,40,17,23,568,542,26
S01009780,Born in the UK,544,38,17,21,506,489,17
S01009780,Born outside the UK: Total,64,2,0,2,62,53,9
S01009780,Born outside the UK: Resident less than 2 years,10,1,0,1,9,5,4
S01009780,Born outside the UK: Resident 2 years or more and less than 5 years,17,0,0,0,17,15,2
S01009780,Born outside the UK: Resident 5 years or more and less than 10 years,21,1,0,1,20,20,0
S01009780,Born outside the UK: Resident 10 years or more,16,0,0,0,16,13,3
S01009781,All people in households,548,159,60,99,389,377,12
S01009781,Born in the UK,534,155,60,95,379,367,12
S01009781,Born outside the UK: Total,14,4,0,4,10,10,0
S01009781,Born outside the UK: Resident less than 2 years,0,0,0,0,0,0,0
S01009781,Born outside the UK: Resident 2 years or more and less than 5 years,2,2,0,2,0,0,0
S01009781,Born outside the UK: Resident 5 years or more and less than 10 years,7,2,0,2,5,5,0
S01009781,Born outside the UK: Resident 10 years or more,5,0,0,0,5,5,0
S01009782,All people in households,556,331,21,310,225,176,49
S01009782,Born in the UK,504,302,19,283,202,164,38
S01009782,Born outside the UK: Total,52,29,2,27,23,12,11
S01009782,Born outside the UK: Resident less than 2 years,10,3,0,3,7,2,5
S01009782,Born outside the UK: Resident 2 years or more and less than 5 years,8,3,0,3,5,3,2
S01009782,Born outside the UK: Resident 5 years or more and less than 10 years,13,5,1,4,8,6,2
S01009782,Born outside the UK: Resident 10 years or more,21,18,1,17,3,1,2
S01009783,All people in households,741,272,26,246,469,432,37
S01009783,Born in the UK,713,262,25,237,451,416,35
S01009783,Born outside the UK: Total,28,10,1,9,18,16,2
S01009783,Born outside the UK: Resident less than 2 years,5,1,0,1,4,4,0
S01009783,Born outside the UK: Resident 2 years or more and less than 5 years,5,0,0,0,5,5,0
S01009783,Born outside the UK: Resident 5 years or more and less than 10 years,7,2,0,2,5,5,0
S01009783,Born outside the UK: Resident 10 years or more,11,7,1,6,4,2,2
S01009784,All people in households,749,108,33,75,641,614,27
S01009784,Born in the UK,722,98,31,67,624,606,18
S01009784,Born outside the UK: Total,27,10,2,8,17,8,9
S01009784,Born outside the UK: Resident less than 2 years,6,3,0,3,3,0,3
S01009784,Born outside the UK: Resident 2 years or more and less than 5 years,2,1,0,1,1,1,0
S01009784,Born outside the UK: Resident 5 years or more and less than 10 years,9,1,0,1,8,5,3
S01009784,Born outside the UK: Resident 10 years or more,10,5,2,3,5,2,3
S01009785,All people in households,801,249,109,140,552,534,18
S01009785,Born in the UK,764,239,106,133,525,510,15
S01009785,Born outside the UK: Total,37,10,3,7,27,24,3
S01009785,Born outside the UK: Resident less than 2 years,6,0,0,0,6,4,2
S01009785,Born outside the UK: Resident 2 years or more and less than 5 years,7,0,0,0,7,6,1
S01009785,Born outside the UK: Resident 5 years or more and less than 10 years,9,2,0,2,7,7,0
S01009785,Born outside the UK: Resident 10 years or more,15,8,3,5,7,7,0
S01009786,All people in households,925,306,111,195,619,568,51
S01009786,Born in the UK,876,298,107,191,578,533,45
S01009786,Born outside the UK: Total,49,8,4,4,41,35,6
S01009786,Born outside the UK: Resident less than 2 years,3,1,1,0,2,0,2
S01009786,Born outside the UK: Resident 2 years or more and less than 5 years,8,1,0,1,7,7,0
S01009786,Born outside the UK: Resident 5 years or more and less than 10 years,28,3,1,2,25,23,2
S01009786,Born outside the UK: Resident 10 years or more,10,3,2,1,7,5,2
S01009787,All people in households,867,339,130,209,528,485,43
S01009787,Born in the UK,848,335,128,207,513,473,40
S01009787,Born outside the UK: Total,19,4,2,2,15,12,3
S01009787,Born outside the UK: Resident less than 2 years,3,0,0,0,3,0,3
S01009787,Born outside the UK: Resident 2 years or more and less than 5 years,0,0,0,0,0,0,0
S01009787,Born outside the UK: Resident 5 years or more and less than 10 years,9,0,0,0,9,9,0
S01009787,Born outside the UK: Resident 10 years or more,7,4,2,2,3,3,0
S01009788,All people in households,832,561,223,338,271,205,66
S01009788,Born in the UK,815,554,219,335,261,200,61
S01009788,Born outside the UK: Total,17,7,4,3,10,5,5
S01009788,Born outside the UK: Resident less than 2 years,1,0,0,0,1,1,0
S01009788,Born outside the UK: Resident 2 years or more and less than 5 years,3,2,1,1,1,1,0
S01009788,Born outside the UK: Resident 5 years or more and less than 10 years,2,1,0,1,1,0,1
S01009788,Born outside the UK: Resident 10 years or more,11,4,3,1,7,3,4
S01009789,All people in households,896,533,196,337,363,300,63
S01009789,Born in the UK,852,516,184,332,336,284,52
S01009789,Born outside the UK: Total,44,17,12,5,27,16,11
S01009789,Born outside the UK: Resident less than 2 years,3,0,0,0,3,3,0
S01009789,Born outside the UK: Resident 2 years or more and less than 5 years,12,1,0,1,11,6,5
S01009789,Born outside the UK: Resident 5 years or more and less than 10 years,9,2,2,0,7,4,3
S01009789,Born outside the UK: Resident 10 years or more,20,14,10,4,6,3,3
S01009790,All people in households,629,430,131,299,199,153,46
S01009790,Born in the UK,604,417,126,291,187,143,44
S01009790,Born outside the UK: Total,25,13,5,8,12,10,2
S01009790,Born outside the UK: Resident less than 2 years,0,0,0,0,0,0,0
S01009790,Born outside the UK: Resident 2 years or more and less than 5 years,6,1,1,0,5,5,0
S01009790,Born outside the UK: Resident 5 years or more and less than 10 years,5,3,1,2,2,2,0
S01009790,Born outside the UK: Resident 10 years or more,14,9,3,6,5,3,2
S01009791,All people in households,661,296,98,198,365,295,70
S01009791,Born in the UK,631,290,97,193,341,283,58
S01009791,Born outside the UK: Total,30,6,1,5,24,12,12
S01009791,Born outside the UK: Resident less than 2 years,0,0,0,0,0,0,0
S01009791,Born outside the UK: Resident 2 years or more and less than 5 years,9,1,0,1,8,6,2
S01009791,Born outside the UK: Resident 5 years or more and less than 10 years,5,1,0,1,4,1,3
S01009791,Born outside the UK: Resident 10 years or more,16,4,1,3,12,5,7
S01009792,All people in households,958,820,75,745,138,29,109
S01009792,Born in the UK,832,744,70,674,88,18,70
S01009792,Born outside the UK: Total,126,76,5,71,50,11,39
S01009792,Born outside the UK: Resident less than 2 years,23,2,0,2,21,0,21
S01009792,Born outside the UK: Resident 2 years or more and less than 5 years,6,1,0,1,5,2,3
S01009792,Born outside the UK: Resident 5 years or more and less than 10 years,27,15,2,13,12,5,7
S01009792,Born outside the UK: Resident 10 years or more,70,58,3,55,12,4,8
S01009793,All people in households,885,747,293,454,138,46,92
S01009793,Born in the UK,838,713,282,431,125,44,81
S01009793,Born outside the UK: Total,47,34,11,23,13,2,11
S01009793,Born outside the UK: Resident less than 2 years,9,4,0,4,5,0,5
S01009793,Born outside the UK: Resident 2 years or more and less than 5 years,2,2,0,2,0,0,0
S01009793,Born outside the UK: Resident 5 years or more and less than 10 years,11,5,0,5,6,0,6
S01009793,Born outside the UK: Resident 10 years or more,25,23,11,12,2,2,0
S01009794,All people in households,516,486,64,422,30,5,25
S01009794,Born in the UK,492,468,61,407,24,5,19
S01009794,Born outside the UK: Total,24,18,3,15,6,0,6
S01009794,Born outside the UK: Resident less than 2 years,6,2,0,2,4,0,4
S01009794,Born outside the UK: Resident 2 years or more and less than 5 years,1,0,0,0,1,0,1
S01009794,Born outside the UK: Resident 5 years or more and less than 10 years,6,6,0,6,0,0,0
S01009794,Born outside the UK: Resident 10 years or more,11,10,3,7,1,0,1
S01009795,All people in households,842,769,155,614,73,20,53
S01009795,Born in the UK,803,741,145,596,62,15,47
S01009795,Born outside the UK: Total,39,28,10,18,11,5,6
S01009795,Born outside the UK: Resident less than 2 years,1,0,0,0,1,0,1
S01009795,Born outside the UK: Resident 2 years or more and less than 5 years,4,1,0,1,3,2,1
S01009795,Born outside the UK: Resident 5 years or more and less than 10 years,12,9,1,8,3,3,0
S01009795,Born outside the UK: Resident 10 years or more,22,18,9,9,4,0,4
S01009796,All people in households,768,714,195,519,54,16,38
S01009796,Born in the UK,699,657,187,470,42,8,34
S01009796,Born outside the UK: Total,69,57,8,49,12,8,4
S01009796,Born outside the UK: Resident less than 2 years,6,3,0,3,3,0,3
S01009796,Born outside the UK: Resident 2 years or more and less than 5 years,8,0,0,0,8,7,1
S01009796,Born outside the UK: Resident 5 years or more and less than 10 years,7,6,0,6,1,1,0
S01009796,Born outside the UK: Resident 10 years or more,48,48,8,40,0,0,0
S01009797,All people in households,776,695,171,524,81,16,65
S01009797,Born in the UK,701,637,155,482,64,12,52
S01009797,Born outside the UK: Total,75,58,16,42,17,4,13
S01009797,Born outside the UK: Resident less than 2 years,5,2,0,2,3,0,3
S01009797,Born outside the UK: Resident 2 years or more and less than 5 years,4,3,2,1,1,0,1
S01009797,Born outside the UK: Resident 5 years or more and less than 10 years,24,14,2,12,10,3,7
S01009797,Born outside the UK: Resident 10 years or more,42,39,12,27,3,1,2
S01009798,All people in households,722,674,134,540,48,8,40
S01009798,Born in the UK,694,649,122,527,45,8,37
S01009798,Born outside the UK: Total,28,25,12,13,3,0,3
S01009798,Born outside the UK: Resident less than 2 years,4,3,1,2,1,0,1
S01009798,Born outside the UK: Resident 2 years or more and less than 5 years,1,0,0,0,1,0,1
S01009798,Born outside the UK: Resident 5 years or more and less than 10 years,3,3,0,3,0,0,0
S01009798,Born outside the UK: Resident 10 years or more,20,19,11,8,1,0,1
S01009799,All people in households,834,220,89,131,614,587,27
S01009799,Born in the UK,797,205,88,117,592,565,27
S01009799,Born outside the UK: Total,37,15,1,14,22,22,0
S01009799,Born outside the UK: Resident less than 2 years,4,1,0,1,3,3,0
S01009799,Born outside the UK: Resident 2 years or more and less than 5 years,9,4,0,4,5,5,0
S01009799,Born outside the UK: Resident 5 years or more and less than 10 years,8,1,0,1,7,7,0
S01009799,Born outside the UK: Resident 10 years or more,16,9,1,8,7,7,0
S01009800,All people in households,1107,595,150,445,512,397,115
S01009800,Born in the UK,1059,565,144,421,494,382,112
S01009800,Born outside the UK: Total,48,30,6,24,18,15,3
S01009800,Born outside the UK: Resident less than 2 years,2,1,1,0,1,0,1
S01009800,Born outside the UK: Resident 2 years or more and less than 5 years,12,9,0,9,3,2,1
S01009800,Born outside the UK: Resident 5 years or more and less than 10 years,20,12,1,11,8,8,0
S01009800,Born outside the UK: Resident 10 years or more,14,8,4,4,6,5,1
S01009801,All people in households,894,418,136,282,476,436,40
S01009801,Born in the UK,855,404,133,271,451,422,29
S01009801,Born outside the UK: Total,39,14,3,11,25,14,11
S01009801,Born outside the UK: Resident less than 2 years,1,0,0,0,1,1,0
S01009801,Born outside the UK: Resident 2 years or more and less than 5 years,5,1,0,1,4,0,4
S01009801,Born outside the UK: Resident 5 years or more and less than 10 years,17,3,0,3,14,10,4
S01009801,Born outside the UK: Resident 10 years or more,16,10,3,7,6,3,3
S01009802,All people in households,1022,542,84,458,480,433,47
S01009802,Born in the UK,968,510,78,432,458,421,37
S01009802,Born outside the UK: Total,54,32,6,26,22,12,10
S01009802,Born outside the UK: Resident less than 2 years,2,2,1,1,0,0,0
S01009802,Born outside the UK: Resident 2 years or more and less than 5 years,12,2,0,2,10,8,2
S01009802,Born outside the UK: Resident 5 years or more and less than 10 years,25,15,1,14,10,2,8
S01009802,Born outside the UK: Resident 10 years or more,15,13,4,9,2,2,0
S01009803,All people in households,801,341,91,250,460,390,70
S01009803,Born in the UK,757,323,88,235,434,381,53
S01009803,Born outside the UK: Total,44,18,3,15,26,9,17
S01009803,Born outside the UK: Resident less than 2 years,11,1,0,1,10,3,7
S01009803,Born outside the UK: Resident 2 years or more and less than 5 years,7,6,0,6,1,0,1
S01009803,Born outside the UK: Resident 5 years or more and less than 10 years,6,4,0,4,2,0,2
S01009803,Born outside the UK: Resident 10 years or more,20,7,3,4,13,6,7
S01009804,All people in households,385,271,41,230,114,48,66
S01009804,Born in the UK,365,262,38,224,103,43,60
S01009804,Born outside the UK: Total,20,9,3,6,11,5,6
S01009804,Born outside the UK: Resident less than 2 years,2,0,0,0,2,0,2
S01009804,Born outside the UK: Resident 2 years or more and less than 5 years,2,1,1,0,1,1,0
S01009804,Born outside the UK: Resident 5 years or more and less than 10 years,9,5,1,4,4,1,3
S01009804,Born outside the UK: Resident 10 years or more,7,3,1,2,4,3,1
S01009805,All people in households,956,471,113,358,485,372,113
S01009805,Born in the UK,897,452,110,342,445,350,95
S01009805,Born outside the UK: Total,59,19,3,16,40,22,18
S01009805,Born outside the UK: Resident less than 2 years,6,0,0,0,6,2,4
S01009805,Born outside the UK: Resident 2 years or more and less than 5 years,16,3,0,3,13,6,7
S01009805,Born outside the UK: Resident 5 years or more and less than 10 years,22,5,0,5,17,12,5
S01009805,Born outside the UK: Resident 10 years or more,15,11,3,8,4,2,2
S01009806,All people in households,828,539,193,346,289,159,130
S01009806,Born in the UK,770,512,185,327,258,150,108
S01009806,Born outside the UK: Total,58,27,8,19,31,9,22
S01009806,Born outside the UK: Resident less than 2 years,11,7,1,6,4,0,4
S01009806,Born outside the UK: Resident 2 years or more and less than 5 years,9,1,0,1,8,1,7
S01009806,Born outside the UK: Resident 5 years or more and less than 10 years,15,6,0,6,9,4,5
S01009806,Born outside the UK: Resident 10 years or more,23,13,7,6,10,4,6
S01009807,All people in households,1008,590,175,415,418,270,148
S01009807,Born in the UK,914,565,168,397,349,217,132
S01009807,Born outside the UK: Total,94,25,7,18,69,53,16
S01009807,Born outside the UK: Resident less than 2 years,15,2,0,2,13,7,6
S01009807,Born outside the UK: Resident 2 years or more and less than 5 years,25,4,2,2,21,14,7
S01009807,Born outside the UK: Resident 5 years or more and less than 10 years,23,6,0,6,17,15,2
S01009807,Born outside the UK: Resident 10 years or more,31,13,5,8,18,17,1
S01009808,All people in households,889,339,84,255,550,457,93
S01009808,Born in the UK,669,318,81,237,351,269,82
S01009808,Born outside the UK: Total,220,21,3,18,199,188,11
S01009808,Born outside the UK: Resident less than 2 years,34,3,2,1,31,25,6
S01009808,Born outside the UK: Resident 2 years or more and less than 5 years,67,5,0,5,62,59,3
S01009808,Born outside the UK: Resident 5 years or more and less than 10 years,95,8,0,8,87,86,1
S01009808,Born outside the UK: Resident 10 years or more,24,5,1,4,19,18,1
S01009809,All people in households,685,424,146,278,261,128,133
S01009809,Born in the UK,653,412,145,267,241,115,126
S01009809,Born outside the UK: Total,32,12,1,11,20,13,7
S01009809,Born outside the UK: Resident less than 2 years,0,0,0,0,0,0,0
S01009809,Born outside the UK: Resident 2 years or more and less than 5 years,10,1,0,1,9,3,6
S01009809,Born outside the UK: Resident 5 years or more and less than 10 years,15,5,0,5,10,9,1
S01009809,Born outside the UK: Resident 10 years or more,7,6,1,5,1,1,0
S01009810,All people in households,855,306,97,209,549,471,78
S01009810,Born in the UK,800,286,95,191,514,450,64
S01009810,Born outside the UK: Total,55,20,2,18,35,21,14
S01009810,Born outside the UK: Resident less than 2 years,11,0,0,0,11,5,6
S01009810,Born outside the UK: Resident 2 years or more and less than 5 years,10,7,0,7,3,1,2
S01009810,Born outside the UK: Resident 5 years or more and less than 10 years,11,3,0,3,8,5,3
S01009810,Born outside the UK: Resident 10 years or more,23,10,2,8,13,10,3
S01009811,All people in households,1048,552,177,375,496,391,105
S01009811,Born in the UK,1020,540,175,365,480,380,100
S01009811,Born outside the UK: Total,28,12,2,10,16,11,5
S01009811,Born outside the UK: Resident less than 2 years,2,2,0,2,0,0,0
S01009811,Born outside the UK: Resident 2 years or more and less than 5 years,5,3,0,3,2,2,0
S01009811,Born outside the UK: Resident 5 years or more and less than 10 years,9,1,0,1,8,3,5
S01009811,Born outside the UK: Resident 10 years or more,12,6,2,4,6,6,0
S01009812,All people in households,744,477,148,329,267,190,77
S01009812,Born in the UK,721,469,147,322,252,186,66
S01009812,Born outside the UK: Total,23,8,1,7,15,4,11
S01009812,Born outside the UK: Resident less than 2 years,4,0,0,0,4,0,4
S01009812,Born outside the UK: Resident 2 years or more and less than 5 years,5,0,0,0,5,1,4
S01009812,Born outside the UK: Resident 5 years or more and less than 10 years,5,2,0,2,3,0,3
S01009812,Born outside the UK: Resident 10 years or more,9,6,1,5,3,3,0
S01009813,All people in households,769,82,25,57,687,631,56
S01009813,Born in the UK,586,68,23,45,518,488,30
S01009813,Born outside the UK: Total,183,14,2,12,169,143,26
S01009813,Born outside the UK: Resident less than 2 years,28,6,0,6,22,13,9
S01009813,Born outside the UK: Resident 2 years or more and less than 5 years,61,2,0,2,59,46,13
S01009813,Born outside the UK: Resident 5 years or more and less than 10 years,67,0,0,0,67,63,4
S01009813,Born outside the UK: Resident 10 years or more,27,6,2,4,21,21,0
S01009814,All people in households,840,659,226,433,181,130,51
S01009814,Born in the UK,789,630,217,413,159,117,42
S01009814,Born outside the UK: Total,51,29,9,20,22,13,9
S01009814,Born outside the UK: Resident less than 2 years,15,8,0,8,7,0,7
S01009814,Born outside the UK: Resident 2 years or more and less than 5 years,6,1,1,0,5,5,0
S01009814,Born outside the UK: Resident 5 years or more and less than 10 years,8,1,0,1,7,6,1
S01009814,Born outside the UK: Resident 10 years or more,22,19,8,11,3,2,1
S01009815,All people in households,710,512,176,336,198,71,127
S01009815,Born in the UK,693,497,173,324,196,71,125
S01009815,Born outside the UK: Total,17,15,3,12,2,0,2
S01009815,Born outside the UK: Resident less than 2 years,3,3,0,3,0,0,0
S01009815,Born outside the UK: Resident 2 years or more and less than 5 years,0,0,0,0,0,0,0
S01009815,Born outside the UK: Resident 5 years or more and less than 10 years,5,5,0,5,0,0,0
S01009815,Born outside the UK: Resident 10 years or more,9,7,3,4,2,0,2
S01009816,All people in households,705,574,135,439,131,28,103
S01009816,Born in the UK,673,554,129,425,119,27,92
S01009816,Born outside the UK: Total,32,20,6,14,12,1,11
S01009816,Born outside the UK: Resident less than 2 years,5,4,1,3,1,0,1
S01009816,Born outside the UK: Resident 2 years or more and less than 5 years,2,1,0,1,1,0,1
S01009816,Born outside the UK: Resident 5 years or more and less than 10 years,5,0,0,0,5,0,5
S01009816,Born outside the UK: Resident 10 years or more,20,15,5,10,5,1,4
S01009817,All people in households,690,479,165,314,211,173,38
S01009817,Born in the UK,675,468,160,308,207,170,37
S01009817,Born outside the UK: Total,15,11,5,6,4,3,1
S01009817,Born outside the UK: Resident less than 2 years,0,0,0,0,0,0,0
S01009817,Born outside the UK: Resident 2 years or more and less than 5 years,1,1,0,1,0,0,0
S01009817,Born outside the UK: Resident 5 years or more and less than 10 years,2,1,0,1,1,0,1
S01009817,Born outside the UK: Resident 10 years or more,12,9,5,4,3,3,0
S01009818,All people in households,926,867,464,403,59,22,37
S01009818,Born in the UK,891,845,459,386,46,17,29
S01009818,Born outside the UK: Total,35,22,5,17,13,5,8
S01009818,Born outside the UK: Resident less than 2 years,5,5,0,5,0,0,0
S01009818,Born outside the UK: Resident 2 years or more and less than 5 years,6,0,0,0,6,2,4
S01009818,Born outside the UK: Resident 5 years or more and less than 10 years,8,3,0,3,5,2,3
S01009818,Born outside the UK: Resident 10 years or more,16,14,5,9,2,1,1
S01009819,All people in households,619,479,195,284,140,90,50
S01009819,Born in the UK,602,463,191,272,139,89,50
S01009819,Born outside the UK: Total,17,16,4,12,1,1,0
S01009819,Born outside the UK: Resident less than 2 years,0,0,0,0,0,0,0
S01009819,Born outside the UK: Resident 2 years or more and less than 5 years,0,0,0,0,0,0,0
S01009819,Born outside the UK: Resident 5 years or more and less than 10 years,0,0,0,0,0,0,0
S01009819,Born outside the UK: Resident 10 years or more,17,16,4,12,1,1,0
S01009820,All people in households,958,712,260,452,246,176,70
S01009820,Born in the UK,922,700,254,446,222,165,57
S01009820,Born outside the UK: Total,36,12,6,6,24,11,13
S01009820,Born outside the UK: Resident less than 2 years,16,1,0,1,15,6,9
S01009820,Born outside the UK: Resident 2 years or more and less than 5 years,1,1,0,1,0,0,0
S01009820,Born outside the UK: Resident 5 years or more and less than 10 years,9,3,0,3,6,3,3
S01009820,Born outside the UK: Resident 10 years or more,10,7,6,1,3,2,1
S01009821,All people in households,662,586,191,395,76,34,42
S01009821,Born in the UK,628,556,175,381,72,33,39
S01009821,Born outside the UK: Total,34,30,16,14,4,1,3
S01009821,Born outside the UK: Resident less than 2 years,3,3,2,1,0,0,0
S01009821,Born outside the UK: Resident 2 years or more and less than 5 years,4,2,0,2,2,1,1
S01009821,Born outside the UK: Resident 5 years or more and less than 10 years,2,2,1,1,0,0,0
S01009821,Born outside the UK: Resident 10 years or more,25,23,13,10,2,0,2
S01009822,All people in households,479,351,68,283,128,81,47
S01009822,Born in the UK,444,325,68,257,119,78,41
S01009822,Born outside the UK: Total,35,26,0,26,9,3,6
S01009822,Born outside the UK: Resident less than 2 years,5,4,0,4,1,0,1
S01009822,Born outside the UK: Resident 2 years or more and less than 5 years,8,5,0,5,3,0,3
S01009822,Born outside the UK: Resident 5 years or more and less than 10 years,16,15,0,15,1,0,1
S01009822,Born outside the UK: Resident 10 years or more,6,2,0,2,4,3,1
S01009823,All people in households,680,386,123,263,294,195,99
S01009823,Born in the UK,642,368,119,249,274,193,81
S01009823,Born outside the UK: Total,38,18,4,14,20,2,18
S01009823,Born outside the UK: Resident less than 2 years,7,0,0,0,7,0,7
S01009823,Born outside the UK: Resident 2 years or more and less than 5 years,5,4,0,4,1,0,1
S01009823,Born outside the UK: Resident 5 years or more and less than 10 years,9,5,0,5,4,0,4
S01009823,Born outside the UK: Resident 10 years or more,17,9,4,5,8,2,6
S01009824,All people in households,893,590,108,482,303,241,62
S01009824,Born in the UK,828,541,102,439,287,233,54
S01009824,Born outside the UK: Total,65,49,6,43,16,8,8
S01009824,Born outside the UK: Resident less than 2 years,5,2,0,2,3,0,3
S01009824,Born outside the UK: Resident 2 years or more and less than 5 years,11,10,0,10,1,0,1
S01009824,Born outside the UK: Resident 5 years or more and less than 10 years,31,27,2,25,4,1,3
S01009824,Born outside the UK: Resident 10 years or more,18,10,4,6,8,7,1
S01009825,All people in households,1006,542,146,396,464,399,65
S01009825,Born in the UK,955,503,136,367,452,390,62
S01009825,Born outside the UK: Total,51,39,10,29,12,9,3
S01009825,Born outside the UK: Resident less than 2 years,6,5,3,2,1,0,1
S01009825,Born outside the UK: Resident 2 years or more and less than 5 years,9,7,0,7,2,1,1
S01009825,Born outside the UK: Resident 5 years or more and less than 10 years,17,16,1,15,1,1,0
S01009825,Born outside the UK: Resident 10 years or more,19,11,6,5,8,7,1
S01009826,All people in households,582,300,91,209,282,246,36
S01009826,Born in the UK,554,282,88,194,272,237,35
S01009826,Born outside the UK: Total,28,18,3,15,10,9,1
S01009826,Born outside the UK: Resident less than 2 years,0,0,0,0,0,0,0
S01009826,Born outside the UK: Resident 2 years or more and less than 5 years,8,3,0,3,5,5,0
S01009826,Born outside the UK: Resident 5 years or more and less than 10 years,7,4,0,4,3,2,1
S01009826,Born outside the UK: Resident 10 years or more,13,11,3,8,2,2,0
S01009827,All people in households,854,470,159,311,384,307,77
S01009827,Born in the UK,822,452,158,294,370,300,70
S01009827,Born outside the UK: Total,32,18,1,17,14,7,7
S01009827,Born outside the UK: Resident less than 2 years,4,0,0,0,4,1,3
S01009827,Born outside the UK: Resident 2 years or more and less than 5 years,5,3,0,3,2,2,0
S01009827,Born outside the UK: Resident 5 years or more and less than 10 years,4,3,0,3,1,1,0
S01009827,Born outside the UK: Resident 10 years or more,19,12,1,11,7,3,4
S01009828,All people in households,767,278,97,181,489,440,49
S01009828,Born in the UK,723,253,96,157,470,425,45
S01009828,Born outside the UK: Total,44,25,1,24,19,15,4
S01009828,Born outside the UK: Resident less than 2 years,10,6,0,6,4,2,2
S01009828,Born outside the UK: Resident 2 years or more and less than 5 years,7,6,0,6,1,0,1
S01009828,Born outside the UK: Resident 5 years or more and less than 10 years,10,4,0,4,6,5,1
S01009828,Born outside the UK: Resident 10 years or more,17,9,1,8,8,8,0
S01009829,All people in households,967,567,159,408,400,205,195
S01009829,Born in the UK,892,543,157,386,349,189,160
S01009829,Born outside the UK: Total,75,24,2,22,51,16,35
S01009829,Born outside the UK: Resident less than 2 years,21,2,0,2,19,4,15
S01009829,Born outside the UK: Resident 2 years or more and less than 5 years,20,4,0,4,16,5,11
S01009829,Born outside the UK: Resident 5 years or more and less than 10 years,14,6,0,6,8,3,5
S01009829,Born outside the UK: Resident 10 years or more,20,12,2,10,8,4,4
S01009830,All people in households,770,509,128,381,261,97,164
S01009830,Born in the UK,737,486,118,368,251,92,159
S01009830,Born outside the UK: Total,33,23,10,13,10,5,5
S01009830,Born outside the UK: Resident less than 2 years,2,0,0,0,2,0,2
S01009830,Born outside the UK: Resident 2 years or more and less than 5 years,8,5,2,3,3,3,0
S01009830,Born outside the UK: Resident 5 years or more and less than 10 years,10,9,1,8,1,0,1
S01009830,Born outside the UK: Resident 10 years or more,13,9,7,2,4,2,2
S01009831,All people in households,779,578,173,405,201,18,183
S01009831,Born in the UK,748,551,166,385,197,18,179
S01009831,Born outside the UK: Total,31,27,7,20,4,0,4
S01009831,Born outside the UK: Resident less than 2 years,7,4,2,2,3,0,3
S01009831,Born outside the UK: Resident 2 years or more and less than 5 years,3,3,1,2,0,0,0
S01009831,Born outside the UK: Resident 5 years or more and less than 10 years,9,9,1,8,0,0,0
S01009831,Born outside the UK: Resident 10 years or more,12,11,3,8,1,0,1
S01009832,All people in households,1003,740,284,456,263,87,176
S01009832,Born in the UK,933,701,272,429,232,81,151
S01009832,Born outside the UK: Total,70,39,12,27,31,6,25
S01009832,Born outside the UK: Resident less than 2 years,8,2,1,1,6,0,6
S01009832,Born outside the UK: Resident 2 years or more and less than 5 years,22,9,0,9,13,4,9
S01009832,Born outside the UK: Resident 5 years or more and less than 10 years,12,5,0,5,7,0,7
S01009832,Born outside the UK: Resident 10 years or more,28,23,11,12,5,2,3
S01009833,All people in households,525,390,69,321,135,58,77
S01009833,Born in the UK,488,380,67,313,108,55,53
S01009833,Born outside the UK: Total,37,10,2,8,27,3,24
S01009833,Born outside the UK: Resident less than 2 years,10,2,1,1,8,0,8
S01009833,Born outside the UK: Resident 2 years or more and less than 5 years,5,0,0,0,5,1,4
S01009833,Born outside the UK: Resident 5 years or more and less than 10 years,14,3,0,3,11,2,9
S01009833,Born outside the UK: Resident 10 years or more,8,5,1,4,3,0,3
S01009834,All people in households,841,391,29,362,450,392,58
S01009834,Born in the UK,787,366,28,338,421,377,44
S01009834,Born outside the UK: Total,54,25,1,24,29,15,14
S01009834,Born outside the UK: Resident less than 2 years,7,1,0,1,6,0,6
S01009834,Born outside the UK: Resident 2 years or more and less than 5 years,13,8,0,8,5,3,2
S01009834,Born outside the UK: Resident 5 years or more and less than 10 years,17,8,0,8,9,8,1
S01009834,Born outside the UK: Resident 10 years or more,17,8,1,7,9,4,5
S01009835,All people in households,526,178,50,128,348,323,25
S01009835,Born in the UK,513,175,50,125,338,316,22
S01009835,Born outside the UK: Total,13,3,0,3,10,7,3
S01009835,Born outside the UK: Resident less than 2 years,3,0,0,0,3,3,0
S01009835,Born outside the UK: Resident 2 years or more and less than 5 years,4,0,0,0,4,3,1
S01009835,Born outside the UK: Resident 5 years or more and less than 10 years,4,3,0,3,1,0,1
S01009835,Born outside the UK: Resident 10 years or more,2,0,0,0,2,1,1
S01009836,All people in households,951,725,201,524,226,144,82
S01009836,Born in the UK,910,691,194,497,219,141,78
S01009836,Born outside the UK: Total,41,34,7,27,7,3,4
S01009836,Born outside the UK: Resident less than 2 years,2,1,1,0,1,1,0
S01009836,Born outside the UK: Resident 2 years or more and less than 5 years,9,7,0,7,2,0,2
S01009836,Born outside the UK: Resident 5 years or more and less than 10 years,12,9,1,8,3,2,1
S01009836,Born outside the UK: Resident 10 years or more,18,17,5,12,1,0,1
S01009837,All people in households,652,312,101,211,340,306,34
S01009837,Born in the UK,629,302,98,204,327,297,30
S01009837,Born outside the UK: Total,23,10,3,7,13,9,4
S01009837,Born outside the UK: Resident less than 2 years,2,2,2,0,0,0,0
S01009837,Born outside the UK: Resident 2 years or more and less than 5 years,7,0,0,0,7,4,3
S01009837,Born outside the UK: Resident 5 years or more and less than 10 years,2,1,0,1,1,1,0
S01009837,Born outside the UK: Resident 10 years or more,12,7,1,6,5,4,1
S01009838,All people in households,757,366,132,234,391,287,104
S01009838,Born in the UK,693,345,125,220,348,266,82
S01009838,Born outside the UK: Total,64,21,7,14,43,21,22
S01009838,Born outside the UK: Resident less than 2 years,6,2,1,1,4,0,4
S01009838,Born outside the UK: Resident 2 years or more and less than 5 years,10,2,1,1,8,5,3
S01009838,Born outside the UK: Resident 5 years or more and less than 10 years,29,10,1,9,19,8,11
S01009838,Born outside the UK: Resident 10 years or more,19,7,4,3,12,8,4
S01009839,All people in households,974,168,50,118,806,693,113
S01009839,Born in the UK,884,148,46,102,736,641,95
S01009839,Born outside the UK: Total,90,20,4,16,70,52,18
S01009839,Born outside the UK: Resident less than 2 years,21,3,0,3,18,7,11
S01009839,Born outside the UK: Resident 2 years or more and less than 5 years,19,3,0,3,16,13,3
S01009839,Born outside the UK: Resident 5 years or more and less than 10 years,29,7,0,7,22,18,4
S01009839,Born outside the UK: Resident 10 years or more,21,7,4,3,14,14,0
S01009840,All people in households,965,595,198,397,370,323,47
S01009840,Born in the UK,945,583,194,389,362,319,43
S01009840,Born outside the UK: Total,20,12,4,8,8,4,4
S01009840,Born outside the UK: Resident less than 2 years,2,0,0,0,2,0,2
S01009840,Born outside the UK: Resident 2 years or more and less than 5 years,3,2,1,1,1,0,1
S01009840,Born outside the UK: Resident 5 years or more and less than 10 years,1,1,0,1,0,0,0
S01009840,Born outside the UK: Resident 10 years or more,14,9,3,6,5,4,1
S01009841,All people in households,759,103,41,62,656,600,56
S01009841,Born in the UK,544,81,37,44,463,426,37
S01009841,Born outside the UK: Total,215,22,4,18,193,174,19
S01009841,Born outside the UK: Resident less than 2 years,30,1,1,0,29,23,6
S01009841,Born outside the UK: Resident 2 years or more and less than 5 years,103,13,3,10,90,82,8
S01009841,Born outside the UK: Resident 5 years or more and less than 10 years,61,0,0,0,61,59,2
S01009841,Born outside the UK: Resident 10 years or more,21,8,0,8,13,10,3
S01009842,All people in households,662,162,47,115,500,438,62
S01009842,Born in the UK,498,139,42,97,359,309,50
S01009842,Born outside the UK: Total,164,23,5,18,141,129,12
S01009842,Born outside the UK: Resident less than 2 years,35,4,0,4,31,26,5
S01009842,Born outside the UK: Resident 2 years or more and less than 5 years,60,2,0,2,58,53,5
S01009842,Born outside the UK: Resident 5 years or more and less than 10 years,47,2,0,2,45,43,2
S01009842,Born outside the UK: Resident 10 years or more,22,15,5,10,7,7,0
S01009843,All people in households,640,151,27,124,489,459,30
S01009843,Born in the UK,560,123,21,102,437,412,25
S01009843,Born outside the UK: Total,80,28,6,22,52,47,5
S01009843,Born outside the UK: Resident less than 2 years,2,1,0,1,1,1,0
S01009843,Born outside the UK: Resident 2 years or more and less than 5 years,40,10,0,10,30,25,5
S01009843,Born outside the UK: Resident 5 years or more and less than 10 years,29,13,3,10,16,16,0
S01009843,Born outside the UK: Resident 10 years or more,9,4,3,1,5,5,0
S01009844,All people in households,573,23,10,13,550,524,26
S01009844,Born in the UK,440,19,8,11,421,408,13
S01009844,Born outside the UK: Total,133,4,2,2,129,116,13
S01009844,Born outside the UK: Resident less than 2 years,37,0,0,0,37,32,5
S01009844,Born outside the UK: Resident 2 years or more and less than 5 years,47,0,0,0,47,43,4
S01009844,Born outside the UK: Resident 5 years or more and less than 10 years,27,2,0,2,25,24,1
S01009844,Born outside the UK: Resident 10 years or more,22,2,2,0,20,17,3
S01009845,All people in households,744,49,7,42,695,604,91
S01009845,Born in the UK,479,45,7,38,434,391,43
S01009845,Born outside the UK: Total,265,4,0,4,261,213,48
S01009845,Born outside the UK: Resident less than 2 years,45,0,0,0,45,23,22
S01009845,Born outside the UK: Resident 2 years or more and less than 5 years,131,1,0,1,130,113,17
S01009845,Born outside the UK: Resident 5 years or more and less than 10 years,60,1,0,1,59,54,5
S01009845,Born outside the UK: Resident 10 years or more,29,2,0,2,27,23,4
S01009846,All people in households,862,285,78,207,577,485,92
S01009846,Born in the UK,718,268,75,193,450,384,66
S01009846,Born outside the UK: Total,144,17,3,14,127,101,26
S01009846,Born outside the UK: Resident less than 2 years,23,1,0,1,22,13,9
S01009846,Born outside the UK: Resident 2 years or more and less than 5 years,51,2,0,2,49,41,8
S01009846,Born outside the UK: Resident 5 years or more and less than 10 years,37,3,0,3,34,29,5
S01009846,Born outside the UK: Resident 10 years or more,33,11,3,8,22,18,4
S01009847,All people in households,582,125,31,94,457,397,60
S01009847,Born in the UK,494,113,30,83,381,351,30
S01009847,Born outside the UK: Total,88,12,1,11,76,46,30
S01009847,Born outside the UK: Resident less than 2 years,23,0,0,0,23,15,8
S01009847,Born outside the UK: Resident 2 years or more and less than 5 years,38,9,0,9,29,20,9
S01009847,Born outside the UK: Resident 5 years or more and less than 10 years,23,2,0,2,21,8,13
S01009847,Born outside the UK: Resident 10 years or more,4,1,1,0,3,3,0
S01009848,All people in households,866,456,169,287,410,330,80
S01009848,Born in the UK,815,436,166,270,379,311,68
S01009848,Born outside the UK: Total,51,20,3,17,31,19,12
S01009848,Born outside the UK: Resident less than 2 years,10,3,0,3,7,2,5
S01009848,Born outside the UK: Resident 2 years or more and less than 5 years,13,1,0,1,12,6,6
S01009848,Born outside the UK: Resident 5 years or more and less than 10 years,16,10,0,10,6,6,0
S01009848,Born outside the UK: Resident 10 years or more,12,6,3,3,6,5,1
S01009849,All people in households,734,411,171,240,323,212,111
S01009849,Born in the UK,698,396,168,228,302,207,95
S01009849,Born outside the UK: Total,36,15,3,12,21,5,16
S01009849,Born outside the UK: Resident less than 2 years,8,0,0,0,8,0,8
S01009849,Born outside the UK: Resident 2 years or more and less than 5 years,10,4,0,4,6,0,6
S01009849,Born outside the UK: Resident 5 years or more and less than 10 years,6,4,0,4,2,0,2
S01009849,Born outside the UK: Resident 10 years or more,12,7,3,4,5,5,0
S01009850,All people in households,879,591,196,395,288,178,110
S01009850,Born in the UK,839,572,190,382,267,172,95
S01009850,Born outside the UK: Total,40,19,6,13,21,6,15
S01009850,Born outside the UK: Resident less than 2 years,4,1,0,1,3,1,2
S01009850,Born outside the UK: Resident 2 years or more and less than 5 years,3,0,0,0,3,0,3
S01009850,Born outside the UK: Resident 5 years or more and less than 10 years,13,4,0,4,9,4,5
S01009850,Born outside the UK: Resident 10 years or more,20,14,6,8,6,1,5
S01009851,All people in households,824,451,179,272,373,304,69
S01009851,Born in the UK,797,434,175,259,363,302,61
S01009851,Born outside the UK: Total,27,17,4,13,10,2,8
S01009851,Born outside the UK: Resident less than 2 years,2,1,0,1,1,0,1
S01009851,Born outside the UK: Resident 2 years or more and less than 5 years,6,3,1,2,3,0,3
S01009851,Born outside the UK: Resident 5 years or more and less than 10 years,4,1,0,1,3,0,3
S01009851,Born outside the UK: Resident 10 years or more,15,12,3,9,3,2,1
S01009852,All people in households,599,414,127,287,185,123,62
S01009852,Born in the UK,562,394,121,273,168,121,47
S01009852,Born outside the UK: Total,37,20,6,14,17,2,15
S01009852,Born outside the UK: Resident less than 2 years,3,2,0,2,1,0,1
S01009852,Born outside the UK: Resident 2 years or more and less than 5 years,3,0,0,0,3,0,3
S01009852,Born outside the UK: Resident 5 years or more and less than 10 years,13,4,0,4,9,1,8
S01009852,Born outside the UK: Resident 10 years or more,18,14,6,8,4,1,3
S01009853,All people in households,876,583,194,389,293,191,102
S01009853,Born in the UK,839,558,186,372,281,186,95
S01009853,Born outside the UK: Total,37,25,8,17,12,5,7
S01009853,Born outside the UK: Resident less than 2 years,5,2,0,2,3,1,2
S01009853,Born outside the UK: Resident 2 years or more and less than 5 years,5,2,0,2,3,0,3
S01009853,Born outside the UK: Resident 5 years or more and less than 10 years,7,5,0,5,2,0,2
S01009853,Born outside the UK: Resident 10 years or more,20,16,8,8,4,4,0
S01009854,All people in households,896,458,64,394,438,316,122
S01009854,Born in the UK,843,433,61,372,410,307,103
S01009854,Born outside the UK: Total,53,25,3,22,28,9,19
S01009854,Born outside the UK: Resident less than 2 years,10,3,1,2,7,3,4
S01009854,Born outside the UK: Resident 2 years or more and less than 5 years,13,1,0,1,12,3,9
S01009854,Born outside the UK: Resident 5 years or more and less than 10 years,14,8,1,7,6,2,4
S01009854,Born outside the UK: Resident 10 years or more,16,13,1,12,3,1,2
S01009855,All people in households,572,422,109,313,150,115,35
S01009855,Born in the UK,544,405,103,302,139,110,29
S01009855,Born outside the UK: Total,28,17,6,11,11,5,6
S01009855,Born outside the UK: Resident less than 2 years,5,0,0,0,5,0,5
S01009855,Born outside the UK: Resident 2 years or more and less than 5 years,1,1,0,1,0,0,0
S01009855,Born outside the UK: Resident 5 years or more and less than 10 years,6,1,0,1,5,4,1
S01009855,Born outside the UK: Resident 10 years or more,16,15,6,9,1,1,0
S01009856,All people in households,635,458,211,247,177,99,78
S01009856,Born in the UK,583,434,203,231,149,94,55
S01009856,Born outside the UK: Total,52,24,8,16,28,5,23
S01009856,Born outside the UK: Resident less than 2 years,9,0,0,0,9,0,9
S01009856,Born outside the UK: Resident 2 years or more and less than 5 years,6,0,0,0,6,0,6
S01009856,Born outside the UK: Resident 5 years or more and less than 10 years,14,3,0,3,11,3,8
S01009856,Born outside the UK: Resident 10 years or more,23,21,8,13,2,2,0
S01009857,All people in households,907,627,189,438,280,215,65
S01009857,Born in the UK,864,605,184,421,259,198,61
S01009857,Born outside the UK: Total,43,22,5,17,21,17,4
S01009857,Born outside the UK: Resident less than 2 years,3,3,1,2,0,0,0
S01009857,Born outside the UK: Resident 2 years or more and less than 5 years,4,1,0,1,3,2,1
S01009857,Born outside the UK: Resident 5 years or more and less than 10 years,16,5,0,5,11,9,2
S01009857,Born outside the UK: Resident 10 years or more,20,13,4,9,7,6,1
S01009858,All people in households,746,547,166,381,199,147,52
S01009858,Born in the UK,708,524,159,365,184,138,46
S01009858,Born outside the UK: Total,38,23,7,16,15,9,6
S01009858,Born outside the UK: Resident less than 2 years,3,0,0,0,3,0,3
S01009858,Born outside the UK: Resident 2 years or more and less than 5 years,5,2,1,1,3,0,3
S01009858,Born outside the UK: Resident 5 years or more and less than 10 years,8,5,0,5,3,3,0
S01009858,Born outside the UK: Resident 10 years or more,22,16,6,10,6,6,0
S01009859,All people in households,1038,305,102,203,733,610,123
S01009859,Born in the UK,934,286,99,187,648,563,85
S01009859,Born outside the UK: Total,104,19,3,16,85,47,38
S01009859,Born outside the UK: Resident less than 2 years,18,3,0,3,15,2,13
S01009859,Born outside the UK: Resident 2 years or more and less than 5 years,27,4,0,4,23,12,11
S01009859,Born outside the UK: Resident 5 years or more and less than 10 years,26,2,0,2,24,16,8
S01009859,Born outside the UK: Resident 10 years or more,33,10,3,7,23,17,6
S01009860,All people in households,920,165,63,102,755,625,130
S01009860,Born in the UK,833,149,60,89,684,584,100
S01009860,Born outside the UK: Total,87,16,3,13,71,41,30
S01009860,Born outside the UK: Resident less than 2 years,22,2,1,1,20,5,15
S01009860,Born outside the UK: Resident 2 years or more and less than 5 years,16,2,0,2,14,8,6
S01009860,Born outside the UK: Resident 5 years or more and less than 10 years,23,5,0,5,18,11,7
S01009860,Born outside the UK: Resident 10 years or more,26,7,2,5,19,17,2
S01009861,All people in households,1024,211,51,160,813,599,214
S01009861,Born in the UK,850,184,43,141,666,508,158
S01009861,Born outside the UK: Total,174,27,8,19,147,91,56
S01009861,Born outside the UK: Resident less than 2 years,25,1,0,1,24,5,19
S01009861,Born outside the UK: Resident 2 years or more and less than 5 years,53,3,0,3,50,35,15
S01009861,Born outside the UK: Resident 5 years or more and less than 10 years,47,8,1,7,39,27,12
S01009861,Born outside the UK: Resident 10 years or more,49,15,7,8,34,24,10
S01009862,All people in households,1007,242,77,165,765,440,325
S01009862,Born in the UK,794,210,70,140,584,398,186
S01009862,Born outside the UK: Total,213,32,7,25,181,42,139
S01009862,Born outside the UK: Resident less than 2 years,46,4,2,2,42,6,36
S01009862,Born outside the UK: Resident 2 years or more and less than 5 years,53,6,1,5,47,9,38
S01009862,Born outside the UK: Resident 5 years or more and less than 10 years,67,3,0,3,64,16,48
S01009862,Born outside the UK: Resident 10 years or more,47,19,4,15,28,11,17
S01009863,All people in households,790,232,89,143,558,219,339
S01009863,Born in the UK,540,195,75,120,345,155,190
S01009863,Born outside the UK: Total,250,37,14,23,213,64,149
S01009863,Born outside the UK: Resident less than 2 years,52,4,1,3,48,15,33
S01009863,Born outside the UK: Resident 2 years or more and less than 5 years,86,5,1,4,81,18,63
S01009863,Born outside the UK: Resident 5 years or more and less than 10 years,60,12,5,7,48,18,30
S01009863,Born outside the UK: Resident 10 years or more,52,16,7,9,36,13,23
S01009864,All people in households,594,217,66,151,377,186,191
S01009864,Born in the UK,506,198,62,136,308,177,131
S01009864,Born outside the UK: Total,88,19,4,15,69,9,60
S01009864,Born outside the UK: Resident less than 2 years,29,0,0,0,29,3,26
S01009864,Born outside the UK: Resident 2 years or more and less than 5 years,18,2,2,0,16,0,16
S01009864,Born outside the UK: Resident 5 years or more and less than 10 years,19,7,2,5,12,4,8
S01009864,Born outside the UK: Resident 10 years or more,22,10,0,10,12,2,10
S01009865,All people in households,448,241,75,166,207,85,122
S01009865,Born in the UK,367,206,65,141,161,73,88
S01009865,Born outside the UK: Total,81,35,10,25,46,12,34
S01009865,Born outside the UK: Resident less than 2 years,20,5,2,3,15,7,8
S01009865,Born outside the UK: Resident 2 years or more and less than 5 years,21,3,0,3,18,1,17
S01009865,Born outside the UK: Resident 5 years or more and less than 10 years,9,1,0,1,8,3,5
S01009865,Born outside the UK: Resident 10 years or more,31,26,8,18,5,1,4
S01009866,All people in households,882,527,174,353,355,141,214
S01009866,Born in the UK,751,482,161,321,269,126,143
S01009866,Born outside the UK: Total,131,45,13,32,86,15,71
S01009866,Born outside the UK: Resident less than 2 years,10,2,0,2,8,1,7
S01009866,Born outside the UK: Resident 2 years or more and less than 5 years,41,4,0,4,37,1,36
S01009866,Born outside the UK: Resident 5 years or more and less than 10 years,28,5,0,5,23,5,18
S01009866,Born outside the UK: Resident 10 years or more,52,34,13,21,18,8,10
S01009867,All people in households,994,460,104,356,534,142,392
S01009867,Born in the UK,816,408,90,318,408,129,279
S01009867,Born outside the UK: Total,178,52,14,38,126,13,113
S01009867,Born outside the UK: Resident less than 2 years,46,6,0,6,40,2,38
S01009867,Born outside the UK: Resident 2 years or more and less than 5 years,33,7,2,5,26,0,26
S01009867,Born outside the UK: Resident 5 years or more and less than 10 years,49,13,2,11,36,7,29
S01009867,Born outside the UK: Resident 10 years or more,50,26,10,16,24,4,20
S01009868,All people in households,644,322,106,216,322,25,297
S01009868,Born in the UK,461,277,81,196,184,21,163
S01009868,Born outside the UK: Total,183,45,25,20,138,4,134
S01009868,Born outside the UK: Resident less than 2 years,47,2,0,2,45,0,45
S01009868,Born outside the UK: Resident 2 years or more and less than 5 years,58,6,4,2,52,0,52
S01009868,Born outside the UK: Resident 5 years or more and less than 10 years,42,13,3,10,29,2,27
S01009868,Born outside the UK: Resident 10 years or more,36,24,18,6,12,2,10
S01009869,All people in households,530,245,48,197,285,19,266
S01009869,Born in the UK,337,192,33,159,145,11,134
S01009869,Born outside the UK: Total,193,53,15,38,140,8,132
S01009869,Born outside the UK: Resident less than 2 years,52,5,1,4,47,5,42
S01009869,Born outside the UK: Resident 2 years or more and less than 5 years,54,9,2,7,45,1,44
S01009869,Born outside the UK: Resident 5 years or more and less than 10 years,31,7,0,7,24,1,23
S01009869,Born outside the UK: Resident 10 years or more,56,32,12,20,24,1,23
S01009870,All people in households,599,263,56,207,336,124,212
S01009870,Born in the UK,439,212,44,168,227,108,119
S01009870,Born outside the UK: Total,160,51,12,39,109,16,93
S01009870,Born outside the UK: Resident less than 2 years,38,6,1,5,32,3,29
S01009870,Born outside the UK: Resident 2 years or more and less than 5 years,25,3,1,2,22,2,20
S01009870,Born outside the UK: Resident 5 years or more and less than 10 years,31,6,0,6,25,1,24
S01009870,Born outside the UK: Resident 10 years or more,66,36,10,26,30,10,20
S01009871,All people in households,984,416,174,242,568,396,172
S01009871,Born in the UK,794,362,155,207,432,341,91
S01009871,Born outside the UK: Total,190,54,19,35,136,55,81
S01009871,Born outside the UK: Resident less than 2 years,36,0,0,0,36,7,29
S01009871,Born outside the UK: Resident 2 years or more and less than 5 years,45,7,1,6,38,15,23
S01009871,Born outside the UK: Resident 5 years or more and less than 10 years,44,11,1,10,33,14,19
S01009871,Born outside the UK: Resident 10 years or more,65,36,17,19,29,19,10
S01009872,All people in households,724,381,117,264,343,20,323
S01009872,Born in the UK,524,297,95,202,227,12,215
S01009872,Born outside the UK: Total,200,84,22,62,116,8,108
S01009872,Born outside the UK: Resident less than 2 years,51,11,3,8,40,1,39
S01009872,Born outside the UK: Resident 2 years or more and less than 5 years,29,6,2,4,23,1,22
S01009872,Born outside the UK: Resident 5 years or more and less than 10 years,41,13,1,12,28,3,25
S01009872,Born outside the UK: Resident 10 years or more,79,54,16,38,25,3,22
S01009873,All people in households,913,632,244,388,281,151,130
S01009873,Born in the UK,775,547,216,331,228,134,94
S01009873,Born outside the UK: Total,138,85,28,57,53,17,36
S01009873,Born outside the UK: Resident less than 2 years,12,5,3,2,7,1,6
S01009873,Born outside the UK: Resident 2 years or more and less than 5 years,21,5,2,3,16,4,12
S01009873,Born outside the UK: Resident 5 years or more and less than 10 years,19,7,0,7,12,4,8
S01009873,Born outside the UK: Resident 10 years or more,86,68,23,45,18,8,10
S01009874,All people in households,1044,597,286,311,447,363,84
S01009874,Born in the UK,923,534,256,278,389,331,58
S01009874,Born outside the UK: Total,121,63,30,33,58,32,26
S01009874,Born outside the UK: Resident less than 2 years,15,1,1,0,14,7,7
S01009874,Born outside the UK: Resident 2 years or more and less than 5 years,18,8,5,3,10,3,7
S01009874,Born outside the UK: Resident 5 years or more and less than 10 years,20,4,1,3,16,8,8
S01009874,Born outside the UK: Resident 10 years or more,68,50,23,27,18,14,4
S01009875,All people in households,707,143,29,114,564,298,266
S01009875,Born in the UK,448,74,17,57,374,212,162
S01009875,Born outside the UK: Total,259,69,12,57,190,86,104
S01009875,Born outside the UK: Resident less than 2 years,36,6,3,3,30,3,27
S01009875,Born outside the UK: Resident 2 years or more and less than 5 years,51,16,1,15,35,10,25
S01009875,Born outside the UK: Resident 5 years or more and less than 10 years,87,18,0,18,69,27,42
S01009875,Born outside the UK: Resident 10 years or more,85,29,8,21,56,46,10
S01009876,All people in households,729,119,41,78,610,512,98
S01009876,Born in the UK,469,88,35,53,381,334,47
S01009876,Born outside the UK: Total,260,31,6,25,229,178,51
S01009876,Born outside the UK: Resident less than 2 years,50,6,2,4,44,25,19
S01009876,Born outside the UK: Resident 2 years or more and less than 5 years,59,7,0,7,52,44,8
S01009876,Born outside the UK: Resident 5 years or more and less than 10 years,95,10,0,10,85,66,19
S01009876,Born outside the UK: Resident 10 years or more,56,8,4,4,48,43,5
S01009877,All people in households,876,703,318,385,173,52,121
S01009877,Born in the UK,702,577,265,312,125,41,84
S01009877,Born outside the UK: Total,174,126,53,73,48,11,37
S01009877,Born outside the UK: Resident less than 2 years,12,2,0,2,10,1,9
S01009877,Born outside the UK: Resident 2 years or more and less than 5 years,15,7,3,4,8,2,6
S01009877,Born outside the UK: Resident 5 years or more and less than 10 years,27,12,4,8,15,4,11
S01009877,Born outside the UK: Resident 10 years or more,120,105,46,59,15,4,11
S01009878,All people in households,705,400,147,253,305,114,191
S01009878,Born in the UK,435,276,103,173,159,77,82
S01009878,Born outside the UK: Total,270,124,44,80,146,37,109
S01009878,Born outside the UK: Resident less than 2 years,35,5,3,2,30,1,29
S01009878,Born outside the UK: Resident 2 years or more and less than 5 years,41,6,2,4,35,7,28
S01009878,Born outside the UK: Resident 5 years or more and less than 10 years,57,20,5,15,37,14,23
S01009878,Born outside the UK: Resident 10 years or more,137,93,34,59,44,15,29
S01009879,All people in households,892,794,312,482,98,22,76
S01009879,Born in the UK,758,697,277,420,61,18,43
S01009879,Born outside the UK: Total,134,97,35,62,37,4,33
S01009879,Born outside the UK: Resident less than 2 years,18,4,0,4,14,0,14
S01009879,Born outside the UK: Resident 2 years or more and less than 5 years,6,5,2,3,1,0,1
S01009879,Born outside the UK: Resident 5 years or more and less than 10 years,21,16,3,13,5,1,4
S01009879,Born outside the UK: Resident 10 years or more,89,72,30,42,17,3,14
S01009880,All people in households,788,613,240,373,175,25,150
S01009880,Born in the UK,561,431,164,267,130,15,115
S01009880,Born outside the UK: Total,227,182,76,106,45,10,35
S01009880,Born outside the UK: Resident less than 2 years,12,7,2,5,5,0,5
S01009880,Born outside the UK: Resident 2 years or more and less than 5 years,15,10,1,9,5,0,5
S01009880,Born outside the UK: Resident 5 years or more and less than 10 years,26,18,3,15,8,4,4
S01009880,Born outside the UK: Resident 10 years or more,174,147,70,77,27,6,21
S01009881,All people in households,528,296,115,181,232,38,194
S01009881,Born in the UK,325,204,73,131,121,21,100
S01009881,Born outside the UK: Total,203,92,42,50,111,17,94
S01009881,Born outside the UK: Resident less than 2 years,29,8,1,7,21,1,20
S01009881,Born outside the UK: Resident 2 years or more and less than 5 years,31,5,1,4,26,9,17
S01009881,Born outside the UK: Resident 5 years or more and less than 10 years,41,16,7,9,25,2,23
S01009881,Born outside the UK: Resident 10 years or more,102,63,33,30,39,5,34
S01009882,All people in households,1089,404,58,346,685,119,566
S01009882,Born in the UK,803,344,50,294,459,83,376
S01009882,Born outside the UK: Total,286,60,8,52,226,36,190
S01009882,Born outside the UK: Resident less than 2 years,69,7,0,7,62,0,62
S01009882,Born outside the UK: Resident 2 years or more and less than 5 years,72,10,1,9,62,14,48
S01009882,Born outside the UK: Resident 5 years or more and less than 10 years,86,20,2,18,66,12,54
S01009882,Born outside the UK: Resident 10 years or more,59,23,5,18,36,10,26
S01009883,All people in households,824,445,133,312,379,21,358
S01009883,Born in the UK,451,301,83,218,150,13,137
S01009883,Born outside the UK: Total,373,144,50,94,229,8,221
S01009883,Born outside the UK: Resident less than 2 years,76,12,5,7,64,4,60
S01009883,Born outside the UK: Resident 2 years or more and less than 5 years,80,8,1,7,72,0,72
S01009883,Born outside the UK: Resident 5 years or more and less than 10 years,70,19,0,19,51,2,49
S01009883,Born outside the UK: Resident 10 years or more,147,105,44,61,42,2,40
S01009884,All people in households,815,527,134,393,288,53,235
S01009884,Born in the UK,574,405,97,308,169,41,128
S01009884,Born outside the UK: Total,241,122,37,85,119,12,107
S01009884,Born outside the UK: Resident less than 2 years,27,7,4,3,20,3,17
S01009884,Born outside the UK: Resident 2 years or more and less than 5 years,46,8,1,7,38,1,37
S01009884,Born outside the UK: Resident 5 years or more and less than 10 years,45,11,3,8,34,3,31
S01009884,Born outside the UK: Resident 10 years or more,123,96,29,67,27,5,22
S01009885,All people in households,870,632,203,429,238,20,218
S01009885,Born in the UK,588,464,131,333,124,11,113
S01009885,Born outside the UK: Total,282,168,72,96,114,9,105
S01009885,Born outside the UK: Resident less than 2 years,35,7,4,3,28,0,28
S01009885,Born outside the UK: Resident 2 years or more and less than 5 years,20,3,1,2,17,0,17
S01009885,Born outside the UK: Resident 5 years or more and less than 10 years,53,26,6,20,27,3,24
S01009885,Born outside the UK: Resident 10 years or more,174,132,61,71,42,6,36
S01009886,All people in households,813,495,209,286,318,118,200
S01009886,Born in the UK,593,381,158,223,212,97,115
S01009886,Born outside the UK: Total,220,114,51,63,106,21,85
S01009886,Born outside the UK: Resident less than 2 years,28,5,3,2,23,5,18
S01009886,Born outside the UK: Resident 2 years or more and less than 5 years,23,2,0,2,21,3,18
S01009886,Born outside the UK: Resident 5 years or more and less than 10 years,34,6,2,4,28,3,25
S01009886,Born outside the UK: Resident 10 years or more,135,101,46,55,34,10,24
S01009887,All people in households,976,249,72,177,727,308,419
S01009887,Born in the UK,568,178,47,131,390,236,154
S01009887,Born outside the UK: Total,408,71,25,46,337,72,265
S01009887,Born outside the UK: Resident less than 2 years,113,8,1,7,105,7,98
S01009887,Born outside the UK: Resident 2 years or more and less than 5 years,120,16,0,16,104,21,83
S01009887,Born outside the UK: Resident 5 years or more and less than 10 years,74,16,2,14,58,22,36
S01009887,Born outside the UK: Resident 10 years or more,101,31,22,9,70,22,48
S01009888,All people in households,719,326,81,245,393,71,322
S01009888,Born in the UK,391,212,49,163,179,44,135
S01009888,Born outside the UK: Total,328,114,32,82,214,27,187
S01009888,Born outside the UK: Resident less than 2 years,67,6,0,6,61,0,61
S01009888,Born outside the UK: Resident 2 years or more and less than 5 years,72,10,2,8,62,10,52
S01009888,Born outside the UK: Resident 5 years or more and less than 10 years,66,19,0,19,47,7,40
S01009888,Born outside the UK: Resident 10 years or more,123,79,30,49,44,10,34
S01009889,All people in households,805,344,91,253,461,209,252
S01009889,Born in the UK,529,256,68,188,273,157,116
S01009889,Born outside the UK: Total,276,88,23,65,188,52,136
S01009889,Born outside the UK: Resident less than 2 years,45,6,0,6,39,5,34
S01009889,Born outside the UK: Resident 2 years or more and less than 5 years,72,8,0,8,64,16,48
S01009889,Born outside the UK: Resident 5 years or more and less than 10 years,49,13,1,12,36,11,25
S01009889,Born outside the UK: Resident 10 years or more,110,61,22,39,49,20,29
S01009890,All people in households,535,79,19,60,456,362,94
S01009890,Born in the UK,394,68,15,53,326,273,53
S01009890,Born outside the UK: Total,141,11,4,7,130,89,41
S01009890,Born outside the UK: Resident less than 2 years,21,1,0,1,20,6,14
S01009890,Born outside the UK: Resident 2 years or more and less than 5 years,51,3,0,3,48,35,13
S01009890,Born outside the UK: Resident 5 years or more and less than 10 years,29,2,0,2,27,22,5
S01009890,Born outside the UK: Resident 10 years or more,40,5,4,1,35,26,9
S01009891,All people in households,733,294,115,179,439,159,280
S01009891,Born in the UK,561,247,97,150,314,133,181
S01009891,Born outside the UK: Total,172,47,18,29,125,26,99
S01009891,Born outside the UK: Resident less than 2 years,33,0,0,0,33,7,26
S01009891,Born outside the UK: Resident 2 years or more and less than 5 years,60,19,5,14,41,3,38
S01009891,Born outside the UK: Resident 5 years or more and less than 10 years,33,11,0,11,22,6,16
S01009891,Born outside the UK: Resident 10 years or more,46,17,13,4,29,10,19
S01009892,All people in households,781,132,38,94,649,499,150
S01009892,Born in the UK,567,102,22,80,465,399,66
S01009892,Born outside the UK: Total,214,30,16,14,184,100,84
S01009892,Born outside the UK: Resident less than 2 years,49,6,6,0,43,7,36
S01009892,Born outside the UK: Resident 2 years or more and less than 5 years,61,1,0,1,60,28,32
S01009892,Born outside the UK: Resident 5 years or more and less than 10 years,52,12,6,6,40,30,10
S01009892,Born outside the UK: Resident 10 years or more,52,11,4,7,41,35,6
S01009893,All people in households,837,375,128,247,462,57,405
S01009893,Born in the UK,536,293,84,209,243,37,206
S01009893,Born outside the UK: Total,301,82,44,38,219,20,199
S01009893,Born outside the UK: Resident less than 2 years,55,3,2,1,52,2,50
S01009893,Born outside the UK: Resident 2 years or more and less than 5 years,102,8,0,8,94,8,86
S01009893,Born outside the UK: Resident 5 years or more and less than 10 years,53,11,4,7,42,5,37
S01009893,Born outside the UK: Resident 10 years or more,91,60,38,22,31,5,26
S01009894,All people in households,823,174,71,103,649,520,129
S01009894,Born in the UK,653,144,65,79,509,428,81
S01009894,Born outside the UK: Total,170,30,6,24,140,92,48
S01009894,Born outside the UK: Resident less than 2 years,27,3,0,3,24,8,16
S01009894,Born outside the UK: Resident 2 years or more and less than 5 years,45,3,0,3,42,25,17
S01009894,Born outside the UK: Resident 5 years or more and less than 10 years,41,9,2,7,32,20,12
S01009894,Born outside the UK: Resident 10 years or more,57,15,4,11,42,39,3
S01009895,All people in households,717,165,29,136,552,399,153
S01009895,Born in the UK,521,132,25,107,389,310,79
S01009895,Born outside the UK: Total,196,33,4,29,163,89,74
S01009895,Born outside the UK: Resident less than 2 years,35,3,0,3,32,8,24
S01009895,Born outside the UK: Resident 2 years or more and less than 5 years,32,4,0,4,28,9,19
S01009895,Born outside the UK: Resident 5 years or more and less than 10 years,56,6,0,6,50,33,17
S01009895,Born outside the UK: Resident 10 years or more,73,20,4,16,53,39,14
S01009896,All people in households,959,307,72,235,652,518,134
S01009896,Born in the UK,738,231,54,177,507,450,57
S01009896,Born outside the UK: Total,221,76,18,58,145,68,77
S01009896,Born outside the UK: Resident less than 2 years,34,10,1,9,24,8,16
S01009896,Born outside the UK: Resident 2 years or more and less than 5 years,67,18,1,17,49,17,32
S01009896,Born outside the UK: Resident 5 years or more and less than 10 years,43,10,1,9,33,16,17
S01009896,Born outside the UK: Resident 10 years or more,77,38,15,23,39,27,12
S01009897,All people in households,940,583,215,368,357,182,175
S01009897,Born in the UK,751,482,177,305,269,151,118
S01009897,Born outside the UK: Total,189,101,38,63,88,31,57
S01009897,Born outside the UK: Resident less than 2 years,35,6,3,3,29,4,25
S01009897,Born outside the UK: Resident 2 years or more and less than 5 years,25,8,0,8,17,7,10
S01009897,Born outside the UK: Resident 5 years or more and less than 10 years,35,14,1,13,21,7,14
S01009897,Born outside the UK: Resident 10 years or more,94,73,34,39,21,13,8
S01009898,All people in households,611,245,110,135,366,274,92
S01009898,Born in the UK,465,209,103,106,256,221,35
S01009898,Born outside the UK: Total,146,36,7,29,110,53,57
S01009898,Born outside the UK: Resident less than 2 years,37,5,0,5,32,7,25
S01009898,Born outside the UK: Resident 2 years or more and less than 5 years,18,3,0,3,15,2,13
S01009898,Born outside the UK: Resident 5 years or more and less than 10 years,34,7,0,7,27,10,17
S01009898,Born outside the UK: Resident 10 years or more,57,21,7,14,36,34,2
S01009899,All people in households,776,459,108,351,317,74,243
S01009899,Born in the UK,705,434,103,331,271,62,209
S01009899,Born outside the UK: Total,71,25,5,20,46,12,34
S01009899,Born outside the UK: Resident less than 2 years,4,0,0,0,4,0,4
S01009899,Born outside the UK: Resident 2 years or more and less than 5 years,21,3,1,2,18,0,18
S01009899,Born outside the UK: Resident 5 years or more and less than 10 years,18,7,0,7,11,4,7
S01009899,Born outside the UK: Resident 10 years or more,28,15,4,11,13,8,5
S01009900,All people in households,829,556,129,427,273,16,257
S01009900,Born in the UK,764,527,121,406,237,13,224
S01009900,Born outside the UK: Total,65,29,8,21,36,3,33
S01009900,Born outside the UK: Resident less than 2 years,12,3,2,1,9,2,7
S01009900,Born outside the UK: Resident 2 years or more and less than 5 years,9,4,1,3,5,0,5
S01009900,Born outside the UK: Resident 5 years or more and less than 10 years,21,5,0,5,16,0,16
S01009900,Born outside the UK: Resident 10 years or more,23,17,5,12,6,1,5
S01009901,All people in households,864,548,118,430,316,19,297
S01009901,Born in the UK,775,498,103,395,277,14,263
S01009901,Born outside the UK: Total,89,50,15,35,39,5,34
S01009901,Born outside the UK: Resident less than 2 years,7,2,0,2,5,2,3
S01009901,Born outside the UK: Resident 2 years or more and less than 5 years,13,1,1,0,12,2,10
S01009901,Born outside the UK: Resident 5 years or more and less than 10 years,18,8,0,8,10,1,9
S01009901,Born outside the UK: Resident 10 years or more,51,39,14,25,12,0,12
S01009902,All people in households,908,522,220,302,386,226,160
S01009902,Born in the UK,788,461,197,264,327,211,116
S01009902,Born outside the UK: Total,120,61,23,38,59,15,44
S01009902,Born outside the UK: Resident less than 2 years,16,4,2,2,12,5,7
S01009902,Born outside the UK: Resident 2 years or more and less than 5 years,17,1,0,1,16,0,16
S01009902,Born outside the UK: Resident 5 years or more and less than 10 years,20,9,0,9,11,3,8
S01009902,Born outside the UK: Resident 10 years or more,67,47,21,26,20,7,13
S01009903,All people in households,813,614,186,428,199,21,178
S01009903,Born in the UK,607,476,131,345,131,12,119
S01009903,Born outside the UK: Total,206,138,55,83,68,9,59
S01009903,Born outside the UK: Resident less than 2 years,16,5,2,3,11,0,11
S01009903,Born outside the UK: Resident 2 years or more and less than 5 years,35,9,4,5,26,0,26
S01009903,Born outside the UK: Resident 5 years or more and less than 10 years,32,16,1,15,16,2,14
S01009903,Born outside the UK: Resident 10 years or more,123,108,48,60,15,7,8
S01009904,All people in households,784,435,101,334,349,105,244
S01009904,Born in the UK,681,396,92,304,285,91,194
S01009904,Born outside the UK: Total,103,39,9,30,64,14,50
S01009904,Born outside the UK: Resident less than 2 years,11,5,2,3,6,1,5
S01009904,Born outside the UK: Resident 2 years or more and less than 5 years,18,2,0,2,16,1,15
S01009904,Born outside the UK: Resident 5 years or more and less than 10 years,22,4,0,4,18,0,18
S01009904,Born outside the UK: Resident 10 years or more,52,28,7,21,24,12,12
S01009905,All people in households,749,351,77,274,398,49,349
S01009905,Born in the UK,504,277,50,227,227,37,190
S01009905,Born outside the UK: Total,245,74,27,47,171,12,159
S01009905,Born outside the UK: Resident less than 2 years,88,7,1,6,81,1,80
S01009905,Born outside the UK: Resident 2 years or more and less than 5 years,64,13,5,8,51,5,46
S01009905,Born outside the UK: Resident 5 years or more and less than 10 years,39,20,4,16,19,2,17
S01009905,Born outside the UK: Resident 10 years or more,54,34,17,17,20,4,16
S01009906,All people in households,667,336,110,226,331,53,278
S01009906,Born in the UK,467,269,88,181,198,41,157
S01009906,Born outside the UK: Total,200,67,22,45,133,12,121
S01009906,Born outside the UK: Resident less than 2 years,51,5,0,5,46,1,45
S01009906,Born outside the UK: Resident 2 years or more and less than 5 years,42,5,0,5,37,1,36
S01009906,Born outside the UK: Resident 5 years or more and less than 10 years,57,19,3,16,38,9,29
S01009906,Born outside the UK: Resident 10 years or more,50,38,19,19,12,1,11
S01009907,All people in households,779,256,51,205,523,140,383
S01009907,Born in the UK,532,229,45,184,303,84,219
S01009907,Born outside the UK: Total,247,27,6,21,220,56,164
S01009907,Born outside the UK: Resident less than 2 years,73,3,1,2,70,7,63
S01009907,Born outside the UK: Resident 2 years or more and less than 5 years,74,9,0,9,65,21,44
S01009907,Born outside the UK: Resident 5 years or more and less than 10 years,50,4,0,4,46,17,29
S01009907,Born outside the UK: Resident 10 years or more,50,11,5,6,39,11,28
S01009908,All people in households,1027,694,179,515,333,47,286
S01009908,Born in the UK,868,623,151,472,245,33,212
S01009908,Born outside the UK: Total,159,71,28,43,88,14,74
S01009908,Born outside the UK: Resident less than 2 years,30,5,2,3,25,2,23
S01009908,Born outside the UK: Resident 2 years or more and less than 5 years,40,8,3,5,32,7,25
S01009908,Born outside the UK: Resident 5 years or more and less than 10 years,21,8,1,7,13,1,12
S01009908,Born outside the UK: Resident 10 years or more,68,50,22,28,18,4,14
S01009909,All people in households,821,460,111,349,361,27,334
S01009909,Born in the UK,679,411,97,314,268,17,251
S01009909,Born outside the UK: Total,142,49,14,35,93,10,83
S01009909,Born outside the UK: Resident less than 2 years,35,4,0,4,31,8,23
S01009909,Born outside the UK: Resident 2 years or more and less than 5 years,27,3,1,2,24,1,23
S01009909,Born outside the UK: Resident 5 years or more and less than 10 years,36,8,2,6,28,0,28
S01009909,Born outside the UK: Resident 10 years or more,44,34,11,23,10,1,9
S01009910,All people in households,532,279,60,219,253,7,246
S01009910,Born in the UK,405,231,48,183,174,4,170
S01009910,Born outside the UK: Total,127,48,12,36,79,3,76
S01009910,Born outside the UK: Resident less than 2 years,25,1,0,1,24,0,24
S01009910,Born outside the UK: Resident 2 years or more and less than 5 years,29,7,0,7,22,1,21
S01009910,Born outside the UK: Resident 5 years or more and less than 10 years,22,6,2,4,16,1,15
S01009910,Born outside the UK: Resident 10 years or more,51,34,10,24,17,1,16
S01009911,All people in households,945,784,299,485,161,27,134
S01009911,Born in the UK,845,721,261,460,124,17,107
S01009911,Born outside the UK: Total,100,63,38,25,37,10,27
S01009911,Born outside the UK: Resident less than 2 years,13,2,1,1,11,1,10
S01009911,Born outside the UK: Resident 2 years or more and less than 5 years,10,1,1,0,9,0,9
S01009911,Born outside the UK: Resident 5 years or more and less than 10 years,11,7,1,6,4,1,3
S01009911,Born outside the UK: Resident 10 years or more,66,53,35,18,13,8,5
S01009912,All people in households,873,743,297,446,130,50,80
S01009912,Born in the UK,721,629,245,384,92,32,60
S01009912,Born outside the UK: Total,152,114,52,62,38,18,20
S01009912,Born outside the UK: Resident less than 2 years,10,5,0,5,5,0,5
S01009912,Born outside the UK: Resident 2 years or more and less than 5 years,18,4,1,3,14,7,7
S01009912,Born outside the UK: Resident 5 years or more and less than 10 years,22,18,7,11,4,3,1
S01009912,Born outside the UK: Resident 10 years or more,102,87,44,43,15,8,7
S01009913,All people in households,719,599,281,318,120,15,105
S01009913,Born in the UK,557,457,220,237,100,15,85
S01009913,Born outside the UK: Total,162,142,61,81,20,0,20
S01009913,Born outside the UK: Resident less than 2 years,7,5,1,4,2,0,2
S01009913,Born outside the UK: Resident 2 years or more and less than 5 years,6,3,1,2,3,0,3
S01009913,Born outside the UK: Resident 5 years or more and less than 10 years,20,17,6,11,3,0,3
S01009913,Born outside the UK: Resident 10 years or more,129,117,53,64,12,0,12
S01009914,All people in households,978,872,409,463,106,14,92
S01009914,Born in the UK,859,772,364,408,87,14,73
S01009914,Born outside the UK: Total,119,100,45,55,19,0,19
S01009914,Born outside the UK: Resident less than 2 years,6,1,0,1,5,0,5
S01009914,Born outside the UK: Resident 2 years or more and less than 5 years,9,3,0,3,6,0,6
S01009914,Born outside the UK: Resident 5 years or more and less than 10 years,10,5,3,2,5,0,5
S01009914,Born outside the UK: Resident 10 years or more,94,91,42,49,3,0,3
S01009915,All people in households,861,758,311,447,103,13,90
S01009915,Born in the UK,754,666,271,395,88,11,77
S01009915,Born outside the UK: Total,107,92,40,52,15,2,13
S01009915,Born outside the UK: Resident less than 2 years,9,6,3,3,3,0,3
S01009915,Born outside the UK: Resident 2 years or more and less than 5 years,6,2,1,1,4,0,4
S01009915,Born outside the UK: Resident 5 years or more and less than 10 years,12,8,1,7,4,1,3
S01009915,Born outside the UK: Resident 10 years or more,80,76,35,41,4,1,3
S01009916,All people in households,985,866,356,510,119,22,97
S01009916,Born in the UK,745,673,281,392,72,18,54
S01009916,Born outside the UK: Total,240,193,75,118,47,4,43
S01009916,Born outside the UK: Resident less than 2 years,7,3,0,3,4,0,4
S01009916,Born outside the UK: Resident 2 years or more and less than 5 years,24,15,7,8,9,0,9
S01009916,Born outside the UK: Resident 5 years or more and less than 10 years,18,9,1,8,9,0,9
S01009916,Born outside the UK: Resident 10 years or more,191,166,67,99,25,4,21
S01009917,All people in households,709,579,242,337,130,12,118
S01009917,Born in the UK,626,525,218,307,101,9,92
S01009917,Born outside the UK: Total,83,54,24,30,29,3,26
S01009917,Born outside the UK: Resident less than 2 years,12,5,2,3,7,0,7
S01009917,Born outside the UK: Resident 2 years or more and less than 5 years,8,7,1,6,1,1,0
S01009917,Born outside the UK: Resident 5 years or more and less than 10 years,15,3,2,1,12,2,10
S01009917,Born outside the UK: Resident 10 years or more,48,39,19,20,9,0,9
S01009918,All people in households,709,631,226,405,78,21,57
S01009918,Born in the UK,645,589,217,372,56,20,36
S01009918,Born outside the UK: Total,64,42,9,33,22,1,21
S01009918,Born outside the UK: Resident less than 2 years,7,1,0,1,6,0,6
S01009918,Born outside the UK: Resident 2 years or more and less than 5 years,10,1,0,1,9,0,9
S01009918,Born outside the UK: Resident 5 years or more and less than 10 years,7,6,0,6,1,0,1
S01009918,Born outside the UK: Resident 10 years or more,40,34,9,25,6,1,5
S01009919,All people in households,1099,441,187,254,658,187,471
S01009919,Born in the UK,896,407,175,232,489,169,320
S01009919,Born outside the UK: Total,203,34,12,22,169,18,151
S01009919,Born outside the UK: Resident less than 2 years,43,3,1,2,40,0,40
S01009919,Born outside the UK: Resident 2 years or more and less than 5 years,71,2,0,2,69,7,62
S01009919,Born outside the UK: Resident 5 years or more and less than 10 years,47,3,0,3,44,6,38
S01009919,Born outside the UK: Resident 10 years or more,42,26,11,15,16,5,11
S01009920,All people in households,831,481,144,337,350,30,320
S01009920,Born in the UK,740,428,130,298,312,30,282
S01009920,Born outside the UK: Total,91,53,14,39,38,0,38
S01009920,Born outside the UK: Resident less than 2 years,14,4,0,4,10,0,10
S01009920,Born outside the UK: Resident 2 years or more and less than 5 years,15,5,0,5,10,0,10
S01009920,Born outside the UK: Resident 5 years or more and less than 10 years,16,9,1,8,7,0,7
S01009920,Born outside the UK: Resident 10 years or more,46,35,13,22,11,0,11
S01009921,All people in households,627,365,74,291,262,20,242
S01009921,Born in the UK,539,335,69,266,204,18,186
S01009921,Born outside the UK: Total,88,30,5,25,58,2,56
S01009921,Born outside the UK: Resident less than 2 years,18,3,2,1,15,0,15
S01009921,Born outside the UK: Resident 2 years or more and less than 5 years,20,3,0,3,17,1,16
S01009921,Born outside the UK: Resident 5 years or more and less than 10 years,24,9,1,8,15,0,15
S01009921,Born outside the UK: Resident 10 years or more,26,15,2,13,11,1,10
S01009922,All people in households,1016,576,203,373,440,7,433
S01009922,Born in the UK,904,539,190,349,365,4,361
S01009922,Born outside the UK: Total,112,37,13,24,75,3,72
S01009922,Born outside the UK: Resident less than 2 years,24,3,0,3,21,0,21
S01009922,Born outside the UK: Resident 2 years or more and less than 5 years,27,0,0,0,27,2,25
S01009922,Born outside the UK: Resident 5 years or more and less than 10 years,24,13,2,11,11,1,10
S01009922,Born outside the UK: Resident 10 years or more,37,21,11,10,16,0,16
S01009923,All people in households,855,527,164,363,328,35,293
S01009923,Born in the UK,761,485,152,333,276,28,248
S01009923,Born outside the UK: Total,94,42,12,30,52,7,45
S01009923,Born outside the UK: Resident less than 2 years,7,0,0,0,7,0,7
S01009923,Born outside the UK: Resident 2 years or more and less than 5 years,16,6,0,6,10,2,8
S01009923,Born outside the UK: Resident 5 years or more and less than 10 years,17,3,0,3,14,3,11
S01009923,Born outside the UK: Resident 10 years or more,54,33,12,21,21,2,19
S01009924,All people in households,1007,499,121,378,508,105,403
S01009924,Born in the UK,863,436,105,331,427,87,340
S01009924,Born outside the UK: Total,144,63,16,47,81,18,63
S01009924,Born outside the UK: Resident less than 2 years,25,5,2,3,20,2,18
S01009924,Born outside the UK: Resident 2 years or more and less than 5 years,31,5,0,5,26,10,16
S01009924,Born outside the UK: Resident 5 years or more and less than 10 years,25,8,2,6,17,2,15
S01009924,Born outside the UK: Resident 10 years or more,63,45,12,33,18,4,14
S01009925,All people in households,658,346,85,261,312,6,306
S01009925,Born in the UK,569,307,72,235,262,6,256
S01009925,Born outside the UK: Total,89,39,13,26,50,0,50
S01009925,Born outside the UK: Resident less than 2 years,21,2,2,0,19,0,19
S01009925,Born outside the UK: Resident 2 years or more and less than 5 years,14,4,0,4,10,0,10
S01009925,Born outside the UK: Resident 5 years or more and less than 10 years,18,7,3,4,11,0,11
S01009925,Born outside the UK: Resident 10 years or more,36,26,8,18,10,0,10
S01009926,All people in households,773,468,126,342,305,42,263
S01009926,Born in the UK,667,412,115,297,255,38,217
S01009926,Born outside the UK: Total,106,56,11,45,50,4,46
S01009926,Born outside the UK: Resident less than 2 years,11,1,0,1,10,1,9
S01009926,Born outside the UK: Resident 2 years or more and less than 5 years,22,5,0,5,17,1,16
S01009926,Born outside the UK: Resident 5 years or more and less than 10 years,22,9,0,9,13,1,12
S01009926,Born outside the UK: Resident 10 years or more,51,41,11,30,10,1,9
S01009927,All people in households,511,350,110,240,161,44,117
S01009927,Born in the UK,455,328,105,223,127,42,85
S01009927,Born outside the UK: Total,56,22,5,17,34,2,32
S01009927,Born outside the UK: Resident less than 2 years,9,3,0,3,6,0,6
S01009927,Born outside the UK: Resident 2 years or more and less than 5 years,16,5,0,5,11,0,11
S01009927,Born outside the UK: Resident 5 years or more and less than 10 years,10,3,2,1,7,0,7
S01009927,Born outside the UK: Resident 10 years or more,21,11,3,8,10,2,8
S01009928,All people in households,797,627,188,439,170,6,164
S01009928,Born in the UK,745,594,183,411,151,6,145
S01009928,Born outside the UK: Total,52,33,5,28,19,0,19
S01009928,Born outside the UK: Resident less than 2 years,5,2,2,0,3,0,3
S01009928,Born outside the UK: Resident 2 years or more and less than 5 years,7,0,0,0,7,0,7
S01009928,Born outside the UK: Resident 5 years or more and less than 10 years,10,5,0,5,5,0,5
S01009928,Born outside the UK: Resident 10 years or more,30,26,3,23,4,0,4
S01009929,All people in households,499,399,148,251,100,20,80
S01009929,Born in the UK,436,363,131,232,73,13,60
S01009929,Born outside the UK: Total,63,36,17,19,27,7,20
S01009929,Born outside the UK: Resident less than 2 years,3,2,1,1,1,0,1
S01009929,Born outside the UK: Resident 2 years or more and less than 5 years,10,1,0,1,9,0,9
S01009929,Born outside the UK: Resident 5 years or more and less than 10 years,19,8,1,7,11,5,6
S01009929,Born outside the UK: Resident 10 years or more,31,25,15,10,6,2,4
S01009930,All people in households,850,497,99,398,353,56,297
S01009930,Born in the UK,746,452,85,367,294,39,255
S01009930,Born outside the UK: Total,104,45,14,31,59,17,42
S01009930,Born outside the UK: Resident less than 2 years,12,2,0,2,10,0,10
S01009930,Born outside the UK: Resident 2 years or more and less than 5 years,15,4,2,2,11,2,9
S01009930,Born outside the UK: Resident 5 years or more and less than 10 years,21,7,1,6,14,5,9
S01009930,Born outside the UK: Resident 10 years or more,56,32,11,21,24,10,14
S01009931,All people in households,751,534,129,405,217,11,206
S01009931,Born in the UK,698,497,115,382,201,10,191
S01009931,Born outside the UK: Total,53,37,14,23,16,1,15
S01009931,Born outside the UK: Resident less than 2 years,5,0,0,0,5,0,5
S01009931,Born outside the UK: Resident 2 years or more and less than 5 years,9,8,5,3,1,0,1
S01009931,Born outside the UK: Resident 5 years or more and less than 10 years,10,6,0,6,4,1,3
S01009931,Born outside the UK: Resident 10 years or more,29,23,9,14,6,0,6
S01009932,All people in households,619,364,102,262,255,50,205
S01009932,Born in the UK,556,338,98,240,218,44,174
S01009932,Born outside the UK: Total,63,26,4,22,37,6,31
S01009932,Born outside the UK: Resident less than 2 years,4,1,0,1,3,2,1
S01009932,Born outside the UK: Resident 2 years or more and less than 5 years,16,4,2,2,12,1,11
S01009932,Born outside the UK: Resident 5 years or more and less than 10 years,23,8,0,8,15,3,12
S01009932,Born outside the UK: Resident 10 years or more,20,13,2,11,7,0,7
S01009933,All people in households,909,190,29,161,719,538,181
S01009933,Born in the UK,680,151,26,125,529,385,144
S01009933,Born outside the UK: Total,229,39,3,36,190,153,37
S01009933,Born outside the UK: Resident less than 2 years,24,9,0,9,15,8,7
S01009933,Born outside the UK: Resident 2 years or more and less than 5 years,82,12,1,11,70,64,6
S01009933,Born outside the UK: Resident 5 years or more and less than 10 years,73,3,0,3,70,52,18
S01009933,Born outside the UK: Resident 10 years or more,50,15,2,13,35,29,6
S01009934,All people in households,924,610,181,429,314,68,246
S01009934,Born in the UK,795,570,170,400,225,51,174
S01009934,Born outside the UK: Total,129,40,11,29,89,17,72
S01009934,Born outside the UK: Resident less than 2 years,21,4,2,2,17,0,17
S01009934,Born outside the UK: Resident 2 years or more and less than 5 years,26,7,1,6,19,4,15
S01009934,Born outside the UK: Resident 5 years or more and less than 10 years,48,7,3,4,41,9,32
S01009934,Born outside the UK: Resident 10 years or more,34,22,5,17,12,4,8
S01009935,All people in households,544,173,80,93,371,337,34
S01009935,Born in the UK,513,157,80,77,356,324,32
S01009935,Born outside the UK: Total,31,16,0,16,15,13,2
S01009935,Born outside the UK: Resident less than 2 years,4,2,0,2,2,2,0
S01009935,Born outside the UK: Resident 2 years or more and less than 5 years,9,6,0,6,3,3,0
S01009935,Born outside the UK: Resident 5 years or more and less than 10 years,9,2,0,2,7,6,1
S01009935,Born outside the UK: Resident 10 years or more,9,6,0,6,3,2,1
S01009936,All people in households,627,227,43,184,400,313,87
S01009936,Born in the UK,537,201,41,160,336,272,64
S01009936,Born outside the UK: Total,90,26,2,24,64,41,23
S01009936,Born outside the UK: Resident less than 2 years,12,3,1,2,9,4,5
S01009936,Born outside the UK: Resident 2 years or more and less than 5 years,12,1,0,1,11,4,7
S01009936,Born outside the UK: Resident 5 years or more and less than 10 years,32,3,0,3,29,21,8
S01009936,Born outside the UK: Resident 10 years or more,34,19,1,18,15,12,3
S01009937,All people in households,531,61,31,30,470,412,58
S01009937,Born in the UK,358,57,30,27,301,260,41
S01009937,Born outside the UK: Total,173,4,1,3,169,152,17
S01009937,Born outside the UK: Resident less than 2 years,37,0,0,0,37,25,12
S01009937,Born outside the UK: Resident 2 years or more and less than 5 years,35,2,0,2,33,33,0
S01009937,Born outside the UK: Resident 5 years or more and less than 10 years,67,1,0,1,66,62,4
S01009937,Born outside the UK: Resident 10 years or more,34,1,1,0,33,32,1
S01009938,All people in households,938,440,134,306,498,416,82
S01009938,Born in the UK,859,411,123,288,448,377,71
S01009938,Born outside the UK: Total,79,29,11,18,50,39,11
S01009938,Born outside the UK: Resident less than 2 years,3,0,0,0,3,2,1
S01009938,Born outside the UK: Resident 2 years or more and less than 5 years,15,1,0,1,14,8,6
S01009938,Born outside the UK: Resident 5 years or more and less than 10 years,18,4,0,4,14,12,2
S01009938,Born outside the UK: Resident 10 years or more,43,24,11,13,19,17,2
S01009939,All people in households,901,58,21,37,843,798,45
S01009939,Born in the UK,617,49,15,34,568,540,28
S01009939,Born outside the UK: Total,284,9,6,3,275,258,17
S01009939,Born outside the UK: Resident less than 2 years,70,0,0,0,70,59,11
S01009939,Born outside the UK: Resident 2 years or more and less than 5 years,89,5,5,0,84,82,2
S01009939,Born outside the UK: Resident 5 years or more and less than 10 years,87,3,0,3,84,80,4
S01009939,Born outside the UK: Resident 10 years or more,38,1,1,0,37,37,0
S01009940,All people in households,837,274,112,162,563,510,53
S01009940,Born in the UK,821,270,111,159,551,501,50
S01009940,Born outside the UK: Total,16,4,1,3,12,9,3
S01009940,Born outside the UK: Resident less than 2 years,2,0,0,0,2,0,2
S01009940,Born outside the UK: Resident 2 years or more and less than 5 years,4,0,0,0,4,4,0
S01009940,Born outside the UK: Resident 5 years or more and less than 10 years,4,1,0,1,3,2,1
S01009940,Born outside the UK: Resident 10 years or more,6,3,1,2,3,3,0
S01009941,All people in households,1033,871,144,727,162,47,115
S01009941,Born in the UK,832,729,106,623,103,26,77
S01009941,Born outside the UK: Total,201,142,38,104,59,21,38
S01009941,Born outside the UK: Resident less than 2 years,6,3,0,3,3,1,2
S01009941,Born outside the UK: Resident 2 years or more and less than 5 years,27,13,0,13,14,12,2
S01009941,Born outside the UK: Resident 5 years or more and less than 10 years,34,11,0,11,23,8,15
S01009941,Born outside the UK: Resident 10 years or more,134,115,38,77,19,0,19
S01009942,All people in households,1022,418,152,266,604,509,95
S01009942,Born in the UK,938,400,149,251,538,454,84
S01009942,Born outside the UK: Total,84,18,3,15,66,55,11
S01009942,Born outside the UK: Resident less than 2 years,11,0,0,0,11,10,1
S01009942,Born outside the UK: Resident 2 years or more and less than 5 years,19,2,0,2,17,15,2
S01009942,Born outside the UK: Resident 5 years or more and less than 10 years,26,2,0,2,24,17,7
S01009942,Born outside the UK: Resident 10 years or more,28,14,3,11,14,13,1
S01009943,All people in households,841,282,95,187,559,526,33
S01009943,Born in the UK,787,269,92,177,518,491,27
S01009943,Born outside the UK: Total,54,13,3,10,41,35,6
S01009943,Born outside the UK: Resident less than 2 years,3,1,0,1,2,0,2
S01009943,Born outside the UK: Resident 2 years or more and less than 5 years,19,2,0,2,17,14,3
S01009943,Born outside the UK: Resident 5 years or more and less than 10 years,19,5,0,5,14,14,0
S01009943,Born outside the UK: Resident 10 years or more,13,5,3,2,8,7,1
S01009944,All people in households,799,507,171,336,292,172,120
S01009944,Born in the UK,727,477,161,316,250,152,98
S01009944,Born outside the UK: Total,72,30,10,20,42,20,22
S01009944,Born outside the UK: Resident less than 2 years,7,1,0,1,6,1,5
S01009944,Born outside the UK: Resident 2 years or more and less than 5 years,11,1,1,0,10,2,8
S01009944,Born outside the UK: Resident 5 years or more and less than 10 years,19,4,0,4,15,14,1
S01009944,Born outside the UK: Resident 10 years or more,35,24,9,15,11,3,8
S01009945,All people in households,963,460,141,319,503,369,134
S01009945,Born in the UK,884,435,135,300,449,341,108
S01009945,Born outside the UK: Total,79,25,6,19,54,28,26
S01009945,Born outside the UK: Resident less than 2 years,21,5,1,4,16,9,7
S01009945,Born outside the UK: Resident 2 years or more and less than 5 years,4,1,0,1,3,2,1
S01009945,Born outside the UK: Resident 5 years or more and less than 10 years,26,5,0,5,21,9,12
S01009945,Born outside the UK: Resident 10 years or more,28,14,5,9,14,8,6
S01009946,All people in households,815,549,167,382,266,185,81
S01009946,Born in the UK,743,514,162,352,229,171,58
S01009946,Born outside the UK: Total,72,35,5,30,37,14,23
S01009946,Born outside the UK: Resident less than 2 years,14,4,2,2,10,1,9
S01009946,Born outside the UK: Resident 2 years or more and less than 5 years,13,9,0,9,4,1,3
S01009946,Born outside the UK: Resident 5 years or more and less than 10 years,14,5,1,4,9,7,2
S01009946,Born outside the UK: Resident 10 years or more,31,17,2,15,14,5,9
S01009947,All people in households,567,353,146,207,214,138,76
S01009947,Born in the UK,520,327,133,194,193,132,61
S01009947,Born outside the UK: Total,47,26,13,13,21,6,15
S01009947,Born outside the UK: Resident less than 2 years,7,2,2,0,5,0,5
S01009947,Born outside the UK: Resident 2 years or more and less than 5 years,2,2,0,2,0,0,0
S01009947,Born outside the UK: Resident 5 years or more and less than 10 years,14,6,3,3,8,0,8
S01009947,Born outside the UK: Resident 10 years or more,24,16,8,8,8,6,2
S01009948,All people in households,812,317,103,214,495,461,34
S01009948,Born in the UK,697,302,102,200,395,374,21
S01009948,Born outside the UK: Total,115,15,1,14,100,87,13
S01009948,Born outside the UK: Resident less than 2 years,20,1,0,1,19,14,5
S01009948,Born outside the UK: Resident 2 years or more and less than 5 years,9,0,0,0,9,7,2
S01009948,Born outside the UK: Resident 5 years or more and less than 10 years,58,3,0,3,55,50,5
S01009948,Born outside the UK: Resident 10 years or more,28,11,1,10,17,16,1
S01009949,All people in households,821,535,180,355,286,178,108
S01009949,Born in the UK,746,493,168,325,253,164,89
S01009949,Born outside the UK: Total,75,42,12,30,33,14,19
S01009949,Born outside the UK: Resident less than 2 years,9,1,1,0,8,1,7
S01009949,Born outside the UK: Resident 2 years or more and less than 5 years,12,8,1,7,4,3,1
S01009949,Born outside the UK: Resident 5 years or more and less than 10 years,22,10,0,10,12,4,8
S01009949,Born outside the UK: Resident 10 years or more,32,23,10,13,9,6,3
S01009950,All people in households,727,672,238,434,55,13,42
S01009950,Born in the UK,642,603,208,395,39,7,32
S01009950,Born outside the UK: Total,85,69,30,39,16,6,10
S01009950,Born outside the UK: Resident less than 2 years,12,5,0,5,7,1,6
S01009950,Born outside the UK: Resident 2 years or more and less than 5 years,2,1,0,1,1,0,1
S01009950,Born outside the UK: Resident 5 years or more and less than 10 years,17,12,3,9,5,3,2
S01009950,Born outside the UK: Resident 10 years or more,54,51,27,24,3,2,1
S01009951,All people in households,769,698,278,420,71,20,51
S01009951,Born in the UK,700,638,245,393,62,19,43
S01009951,Born outside the UK: Total,69,60,33,27,9,1,8
S01009951,Born outside the UK: Resident less than 2 years,5,3,0,3,2,1,1
S01009951,Born outside the UK: Resident 2 years or more and less than 5 years,4,4,4,0,0,0,0
S01009951,Born outside the UK: Resident 5 years or more and less than 10 years,4,4,1,3,0,0,0
S01009951,Born outside the UK: Resident 10 years or more,56,49,28,21,7,0,7
S01009952,All people in households,733,664,275,389,69,22,47
S01009952,Born in the UK,685,628,253,375,57,22,35
S01009952,Born outside the UK: Total,48,36,22,14,12,0,12
S01009952,Born outside the UK: Resident less than 2 years,8,3,2,1,5,0,5
S01009952,Born outside the UK: Resident 2 years or more and less than 5 years,3,2,0,2,1,0,1
S01009952,Born outside the UK: Resident 5 years or more and less than 10 years,7,2,1,1,5,0,5
S01009952,Born outside the UK: Resident 10 years or more,30,29,19,10,1,0,1
S01009953,All people in households,889,779,317,462,110,56,54
S01009953,Born in the UK,812,714,289,425,98,49,49
S01009953,Born outside the UK: Total,77,65,28,37,12,7,5
S01009953,Born outside the UK: Resident less than 2 years,2,1,0,1,1,0,1
S01009953,Born outside the UK: Resident 2 years or more and less than 5 years,11,5,1,4,6,4,2
S01009953,Born outside the UK: Resident 5 years or more and less than 10 years,10,6,1,5,4,2,2
S01009953,Born outside the UK: Resident 10 years or more,54,53,26,27,1,1,0
S01009954,All people in households,632,557,174,383,75,19,56
S01009954,Born in the UK,528,466,151,315,62,18,44
S01009954,Born outside the UK: Total,104,91,23,68,13,1,12
S01009954,Born outside the UK: Resident less than 2 years,7,5,1,4,2,0,2
S01009954,Born outside the UK: Resident 2 years or more and less than 5 years,16,13,0,13,3,1,2
S01009954,Born outside the UK: Resident 5 years or more and less than 10 years,14,10,2,8,4,0,4
S01009954,Born outside the UK: Resident 10 years or more,67,63,20,43,4,0,4
S01009955,All people in households,948,754,295,459,194,73,121
S01009955,Born in the UK,874,695,266,429,179,71,108
S01009955,Born outside the UK: Total,74,59,29,30,15,2,13
S01009955,Born outside the UK: Resident less than 2 years,4,2,1,1,2,0,2
S01009955,Born outside the UK: Resident 2 years or more and less than 5 years,2,1,0,1,1,0,1
S01009955,Born outside the UK: Resident 5 years or more and less than 10 years,7,3,1,2,4,0,4
S01009955,Born outside the UK: Resident 10 years or more,61,53,27,26,8,2,6
S01009956,All people in households,750,518,207,311,232,99,133
S01009956,Born in the UK,683,481,194,287,202,90,112
S01009956,Born outside the UK: Total,67,37,13,24,30,9,21
S01009956,Born outside the UK: Resident less than 2 years,3,0,0,0,3,0,3
S01009956,Born outside the UK: Resident 2 years or more and less than 5 years,16,5,0,5,11,1,10
S01009956,Born outside the UK: Resident 5 years or more and less than 10 years,11,6,1,5,5,3,2
S01009956,Born outside the UK: Resident 10 years or more,37,26,12,14,11,5,6
S01009957,All people in households,760,702,291,411,58,10,48
S01009957,Born in the UK,718,667,275,392,51,9,42
S01009957,Born outside the UK: Total,42,35,16,19,7,1,6
S01009957,Born outside the UK: Resident less than 2 years,0,0,0,0,0,0,0
S01009957,Born outside the UK: Resident 2 years or more and less than 5 years,4,1,0,1,3,0,3
S01009957,Born outside the UK: Resident 5 years or more and less than 10 years,3,1,0,1,2,1,1
S01009957,Born outside the UK: Resident 10 years or more,35,33,16,17,2,0,2
S01009958,All people in households,915,862,309,553,53,14,39
S01009958,Born in the UK,863,821,293,528,42,10,32
S01009958,Born outside the UK: Total,52,41,16,25,11,4,7
S01009958,Born outside the UK: Resident less than 2 years,0,0,0,0,0,0,0
S01009958,Born outside the UK: Resident 2 years or more and less than 5 years,7,1,1,0,6,2,4
S01009958,Born outside the UK: Resident 5 years or more and less than 10 years,7,5,1,4,2,1,1
S01009958,Born outside the UK: Resident 10 years or more,38,35,14,21,3,1,2
S01009959,All people in households,657,604,253,351,53,7,46
S01009959,Born in the UK,614,570,241,329,44,3,41
S01009959,Born outside the UK: Total,43,34,12,22,9,4,5
S01009959,Born outside the UK: Resident less than 2 years,7,3,1,2,4,2,2
S01009959,Born outside the UK: Resident 2 years or more and less than 5 years,1,1,0,1,0,0,0
S01009959,Born outside the UK: Resident 5 years or more and less than 10 years,5,2,0,2,3,0,3
S01009959,Born outside the UK: Resident 10 years or more,30,28,11,17,2,2,0
S01009960,All people in households,902,784,348,436,118,35,83
S01009960,Born in the UK,838,736,326,410,102,31,71
S01009960,Born outside the UK: Total,64,48,22,26,16,4,12
S01009960,Born outside the UK: Resident less than 2 years,2,0,0,0,2,0,2
S01009960,Born outside the UK: Resident 2 years or more and less than 5 years,8,3,1,2,5,1,4
S01009960,Born outside the UK: Resident 5 years or more and less than 10 years,10,3,0,3,7,3,4
S01009960,Born outside the UK: Resident 10 years or more,44,42,21,21,2,0,2
S01009961,All people in households,674,527,234,293,147,100,47
S01009961,Born in the UK,642,505,226,279,137,92,45
S01009961,Born outside the UK: Total,32,22,8,14,10,8,2
S01009961,Born outside the UK: Resident less than 2 years,1,1,0,1,0,0,0
S01009961,Born outside the UK: Resident 2 years or more and less than 5 years,3,1,0,1,2,1,1
S01009961,Born outside the UK: Resident 5 years or more and less than 10 years,6,1,0,1,5,5,0
S01009961,Born outside the UK: Resident 10 years or more,22,19,8,11,3,2,1
S01009962,All people in households,991,564,215,349,427,110,317
S01009962,Born in the UK,940,547,209,338,393,103,290
S01009962,Born outside the UK: Total,51,17,6,11,34,7,27
S01009962,Born outside the UK: Resident less than 2 years,7,1,0,1,6,2,4
S01009962,Born outside the UK: Resident 2 years or more and less than 5 years,11,0,0,0,11,3,8
S01009962,Born outside the UK: Resident 5 years or more and less than 10 years,9,3,1,2,6,1,5
S01009962,Born outside the UK: Resident 10 years or more,24,13,5,8,11,1,10
S01009963,All people in households,802,759,311,448,43,0,43
S01009963,Born in the UK,762,722,300,422,40,0,40
S01009963,Born outside the UK: Total,40,37,11,26,3,0,3
S01009963,Born outside the UK: Resident less than 2 years,9,8,1,7,1,0,1
S01009963,Born outside the UK: Resident 2 years or more and less than 5 years,2,2,0,2,0,0,0
S01009963,Born outside the UK: Resident 5 years or more and less than 10 years,2,0,0,0,2,0,2
S01009963,Born outside the UK: Resident 10 years or more,27,27,10,17,0,0,0
S01009964,All people in households,925,782,288,494,143,23,120
S01009964,Born in the UK,849,728,266,462,121,18,103
S01009964,Born outside the UK: Total,76,54,22,32,22,5,17
S01009964,Born outside the UK: Resident less than 2 years,7,1,0,1,6,0,6
S01009964,Born outside the UK: Resident 2 years or more and less than 5 years,5,1,0,1,4,0,4
S01009964,Born outside the UK: Resident 5 years or more and less than 10 years,18,9,0,9,9,4,5
S01009964,Born outside the UK: Resident 10 years or more,46,43,22,21,3,1,2
S01009965,All people in households,718,654,249,405,64,39,25
S01009965,Born in the UK,678,617,238,379,61,36,25
S01009965,Born outside the UK: Total,40,37,11,26,3,3,0
S01009965,Born outside the UK: Resident less than 2 years,0,0,0,0,0,0,0
S01009965,Born outside the UK: Resident 2 years or more and less than 5 years,5,5,0,5,0,0,0
S01009965,Born outside the UK: Resident 5 years or more and less than 10 years,1,0,0,0,1,1,0
S01009965,Born outside the UK: Resident 10 years or more,34,32,11,21,2,2,0
S01009966,All people in households,776,739,269,470,37,7,30
S01009966,Born in the UK,741,709,260,449,32,6,26
S01009966,Born outside the UK: Total,35,30,9,21,5,1,4
S01009966,Born outside the UK: Resident less than 2 years,4,4,2,2,0,0,0
S01009966,Born outside the UK: Resident 2 years or more and less than 5 years,2,1,0,1,1,1,0
S01009966,Born outside the UK: Resident 5 years or more and less than 10 years,6,5,0,5,1,0,1
S01009966,Born outside the UK: Resident 10 years or more,23,20,7,13,3,0,3
S01009967,All people in households,801,732,332,400,69,11,58
S01009967,Born in the UK,769,705,321,384,64,11,53
S01009967,Born outside the UK: Total,32,27,11,16,5,0,5
S01009967,Born outside the UK: Resident less than 2 years,4,1,0,1,3,0,3
S01009967,Born outside the UK: Resident 2 years or more and less than 5 years,1,0,0,0,1,0,1
S01009967,Born outside the UK: Resident 5 years or more and less than 10 years,1,0,0,0,1,0,1
S01009967,Born outside the UK: Resident 10 years or more,26,26,11,15,0,0,0
S01009968,All people in households,608,573,222,351,35,16,19
S01009968,Born in the UK,576,543,203,340,33,14,19
S01009968,Born outside the UK: Total,32,30,19,11,2,2,0
S01009968,Born outside the UK: Resident less than 2 years,1,1,1,0,0,0,0
S01009968,Born outside the UK: Resident 2 years or more and less than 5 years,1,1,1,0,0,0,0
S01009968,Born outside the UK: Resident 5 years or more and less than 10 years,3,1,0,1,2,2,0
S01009968,Born outside the UK: Resident 10 years or more,27,27,17,10,0,0,0
S01009969,All people in households,857,745,281,464,112,63,49
S01009969,Born in the UK,825,725,272,453,100,61,39
S01009969,Born outside the UK: Total,32,20,9,11,12,2,10
S01009969,Born outside the UK: Resident less than 2 years,4,0,0,0,4,0,4
S01009969,Born outside the UK: Resident 2 years or more and less than 5 years,5,0,0,0,5,1,4
S01009969,Born outside the UK: Resident 5 years or more and less than 10 years,1,1,0,1,0,0,0
S01009969,Born outside the UK: Resident 10 years or more,22,19,9,10,3,1,2
S01009970,All people in households,946,197,63,134,749,685,64
S01009970,Born in the UK,889,187,62,125,702,653,49
S01009970,Born outside the UK: Total,57,10,1,9,47,32,15
S01009970,Born outside the UK: Resident less than 2 years,11,0,0,0,11,1,10
S01009970,Born outside the UK: Resident 2 years or more and less than 5 years,15,2,0,2,13,10,3
S01009970,Born outside the UK: Resident 5 years or more and less than 10 years,12,4,0,4,8,8,0
S01009970,Born outside the UK: Resident 10 years or more,19,4,1,3,15,13,2
S01009971,All people in households,1093,397,80,317,696,641,55
S01009971,Born in the UK,1047,381,74,307,666,615,51
S01009971,Born outside the UK: Total,46,16,6,10,30,26,4
S01009971,Born outside the UK: Resident less than 2 years,3,1,0,1,2,2,0
S01009971,Born outside the UK: Resident 2 years or more and less than 5 years,14,1,0,1,13,13,0
S01009971,Born outside the UK: Resident 5 years or more and less than 10 years,11,6,0,6,5,4,1
S01009971,Born outside the UK: Resident 10 years or more,18,8,6,2,10,7,3
S01009972,All people in households,814,555,151,404,259,207,52
S01009972,Born in the UK,772,531,144,387,241,189,52
S01009972,Born outside the UK: Total,42,24,7,17,18,18,0
S01009972,Born outside the UK: Resident less than 2 years,4,0,0,0,4,4,0
S01009972,Born outside the UK: Resident 2 years or more and less than 5 years,8,3,0,3,5,5,0
S01009972,Born outside the UK: Resident 5 years or more and less than 10 years,14,6,0,6,8,8,0
S01009972,Born outside the UK: Resident 10 years or more,16,15,7,8,1,1,0
S01009973,All people in households,725,419,47,372,306,270,36
S01009973,Born in the UK,707,409,47,362,298,267,31
S01009973,Born outside the UK: Total,18,10,0,10,8,3,5
S01009973,Born outside the UK: Resident less than 2 years,0,0,0,0,0,0,0
S01009973,Born outside the UK: Resident 2 years or more and less than 5 years,4,0,0,0,4,0,4
S01009973,Born outside the UK: Resident 5 years or more and less than 10 years,2,1,0,1,1,0,1
S01009973,Born outside the UK: Resident 10 years or more,12,9,0,9,3,3,0
S01009974,All people in households,615,50,19,31,565,552,13
S01009974,Born in the UK,601,49,19,30,552,539,13
S01009974,Born outside the UK: Total,14,1,0,1,13,13,0
S01009974,Born outside the UK: Resident less than 2 years,0,0,0,0,0,0,0
S01009974,Born outside the UK: Resident 2 years or more and less than 5 years,2,0,0,0,2,2,0
S01009974,Born outside the UK: Resident 5 years or more and less than 10 years,5,0,0,0,5,5,0
S01009974,Born outside the UK: Resident 10 years or more,7,1,0,1,6,6,0
S01009975,All people in households,800,85,25,60,715,670,45
S01009975,Born in the UK,786,84,25,59,702,657,45
S01009975,Born outside the UK: Total,14,1,0,1,13,13,0
S01009975,Born outside the UK: Resident less than 2 years,0,0,0,0,0,0,0
S01009975,Born outside the UK: Resident 2 years or more and less than 5 years,7,0,0,0,7,7,0
S01009975,Born outside the UK: Resident 5 years or more and less than 10 years,0,0,0,0,0,0,0
S01009975,Born outside the UK: Resident 10 years or more,7,1,0,1,6,6,0
S01009976,All people in households,490,156,29,127,334,311,23
S01009976,Born in the UK,483,154,29,125,329,307,22
S01009976,Born outside the UK: Total,7,2,0,2,5,4,1
S01009976,Born outside the UK: Resident less than 2 years,2,2,0,2,0,0,0
S01009976,Born outside the UK: Resident 2 years or more and less than 5 years,0,0,0,0,0,0,0
S01009976,Born outside the UK: Resident 5 years or more and less than 10 years,3,0,0,0,3,2,1
S01009976,Born outside the UK: Resident 10 years or more,2,0,0,0,2,2,0
S01009977,All people in households,926,130,41,89,796,781,15
S01009977,Born in the UK,904,128,41,87,776,766,10
S01009977,Born outside the UK: Total,22,2,0,2,20,15,5
S01009977,Born outside the UK: Resident less than 2 years,2,0,0,0,2,1,1
S01009977,Born outside the UK: Resident 2 years or more and less than 5 years,11,2,0,2,9,6,3
S01009977,Born outside the UK: Resident 5 years or more and less than 10 years,3,0,0,0,3,3,0
S01009977,Born outside the UK: Resident 10 years or more,6,0,0,0,6,5,1
S01009978,All people in households,1019,249,36,213,770,724,46
S01009978,Born in the UK,957,236,34,202,721,676,45
S01009978,Born outside the UK: Total,62,13,2,11,49,48,1
S01009978,Born outside the UK: Resident less than 2 years,12,1,1,0,11,11,0
S01009978,Born outside the UK: Resident 2 years or more and less than 5 years,23,3,0,3,20,20,0
S01009978,Born outside the UK: Resident 5 years or more and less than 10 years,19,7,1,6,12,12,0
S01009978,Born outside the UK: Resident 10 years or more,8,2,0,2,6,5,1
S01009979,All people in households,481,74,24,50,407,396,11
S01009979,Born in the UK,470,68,21,47,402,392,10
S01009979,Born outside the UK: Total,11,6,3,3,5,4,1
S01009979,Born outside the UK: Resident less than 2 years,1,0,0,0,1,1,0
S01009979,Born outside the UK: Resident 2 years or more and less than 5 years,1,0,0,0,1,1,0
S01009979,Born outside the UK: Resident 5 years or more and less than 10 years,5,3,1,2,2,2,0
S01009979,Born outside the UK: Resident 10 years or more,4,3,2,1,1,0,1
S01009980,All people in households,567,95,27,68,472,437,35
S01009980,Born in the UK,550,91,26,65,459,430,29
S01009980,Born outside the UK: Total,17,4,1,3,13,7,6
S01009980,Born outside the UK: Resident less than 2 years,5,0,0,0,5,0,5
S01009980,Born outside the UK: Resident 2 years or more and less than 5 years,0,0,0,0,0,0,0
S01009980,Born outside the UK: Resident 5 years or more and less than 10 years,2,0,0,0,2,1,1
S01009980,Born outside the UK: Resident 10 years or more,10,4,1,3,6,6,0
S01009981,All people in households,694,117,15,102,577,548,29
S01009981,Born in the UK,677,106,15,91,571,543,28
S01009981,Born outside the UK: Total,17,11,0,11,6,5,1
S01009981,Born outside the UK: Resident less than 2 years,1,0,0,0,1,0,1
S01009981,Born outside the UK: Resident 2 years or more and less than 5 years,3,3,0,3,0,0,0
S01009981,Born outside the UK: Resident 5 years or more and less than 10 years,8,5,0,5,3,3,0
S01009981,Born outside the UK: Resident 10 years or more,5,3,0,3,2,2,0
S01009982,All people in households,1030,496,56,440,534,467,67
S01009982,Born in the UK,964,456,53,403,508,453,55
S01009982,Born outside the UK: Total,66,40,3,37,26,14,12
S01009982,Born outside the UK: Resident less than 2 years,7,0,0,0,7,3,4
S01009982,Born outside the UK: Resident 2 years or more and less than 5 years,11,1,1,0,10,5,5
S01009982,Born outside the UK: Resident 5 years or more and less than 10 years,20,13,0,13,7,6,1
S01009982,Born outside the UK: Resident 10 years or more,28,26,2,24,2,0,2
S01009983,All people in households,579,12,3,9,567,546,21
S01009983,Born in the UK,453,6,3,3,447,440,7
S01009983,Born outside the UK: Total,126,6,0,6,120,106,14
S01009983,Born outside the UK: Resident less than 2 years,31,1,0,1,30,27,3
S01009983,Born outside the UK: Resident 2 years or more and less than 5 years,39,1,0,1,38,28,10
S01009983,Born outside the UK: Resident 5 years or more and less than 10 years,39,2,0,2,37,37,0
S01009983,Born outside the UK: Resident 10 years or more,17,2,0,2,15,14,1
S01009984,All people in households,750,382,52,330,368,324,44
S01009984,Born in the UK,678,370,48,322,308,281,27
S01009984,Born outside the UK: Total,72,12,4,8,60,43,17
S01009984,Born outside the UK: Resident less than 2 years,12,0,0,0,12,7,5
S01009984,Born outside the UK: Resident 2 years or more and less than 5 years,25,0,0,0,25,20,5
S01009984,Born outside the UK: Resident 5 years or more and less than 10 years,25,7,4,3,18,14,4
S01009984,Born outside the UK: Resident 10 years or more,10,5,0,5,5,2,3
S01009985,All people in households,611,69,10,59,542,529,13
S01009985,Born in the UK,554,68,10,58,486,479,7
S01009985,Born outside the UK: Total,57,1,0,1,56,50,6
S01009985,Born outside the UK: Resident less than 2 years,8,0,0,0,8,5,3
S01009985,Born outside the UK: Resident 2 years or more and less than 5 years,12,0,0,0,12,10,2
S01009985,Born outside the UK: Resident 5 years or more and less than 10 years,21,0,0,0,21,20,1
S01009985,Born outside the UK: Resident 10 years or more,16,1,0,1,15,15,0
S01009986,All people in households,552,88,41,47,464,441,23
S01009986,Born in the UK,534,87,40,47,447,424,23
S01009986,Born outside the UK: Total,18,1,1,0,17,17,0
S01009986,Born outside the UK: Resident less than 2 years,12,0,0,0,12,12,0
S01009986,Born outside the UK: Resident 2 years or more and less than 5 years,0,0,0,0,0,0,0
S01009986,Born outside the UK: Resident 5 years or more and less than 10 years,0,0,0,0,0,0,0
S01009986,Born outside the UK: Resident 10 years or more,6,1,1,0,5,5,0
S01009987,All people in households,880,317,68,249,563,530,33
S01009987,Born in the UK,829,298,62,236,531,507,24
S01009987,Born outside the UK: Total,51,19,6,13,32,23,9
S01009987,Born outside the UK: Resident less than 2 years,6,0,0,0,6,4,2
S01009987,Born outside the UK: Resident 2 years or more and less than 5 years,11,5,0,5,6,1,5
S01009987,Born outside the UK: Resident 5 years or more and less than 10 years,8,3,0,3,5,4,1
S01009987,Born outside the UK: Resident 10 years or more,26,11,6,5,15,14,1
S01009988,All people in households,497,106,47,59,391,374,17
S01009988,Born in the UK,474,100,44,56,374,358,16
S01009988,Born outside the UK: Total,23,6,3,3,17,16,1
S01009988,Born outside the UK: Resident less than 2 years,0,0,0,0,0,0,0
S01009988,Born outside the UK: Resident 2 years or more and less than 5 years,6,1,0,1,5,5,0
S01009988,Born outside the UK: Resident 5 years or more and less than 10 years,7,3,1,2,4,4,0
S01009988,Born outside the UK: Resident 10 years or more,10,2,2,0,8,7,1
S01009989,All people in households,803,552,155,397,251,121,130
S01009989,Born in the UK,762,534,149,385,228,106,122
S01009989,Born outside the UK: Total,41,18,6,12,23,15,8
S01009989,Born outside the UK: Resident less than 2 years,3,0,0,0,3,0,3
S01009989,Born outside the UK: Resident 2 years or more and less than 5 years,3,1,1,0,2,1,1
S01009989,Born outside the UK: Resident 5 years or more and less than 10 years,10,5,0,5,5,5,0
S01009989,Born outside the UK: Resident 10 years or more,25,12,5,7,13,9,4
S01009990,All people in households,673,526,139,387,147,8,139
S01009990,Born in the UK,646,501,131,370,145,8,137
S01009990,Born outside the UK: Total,27,25,8,17,2,0,2
S01009990,Born outside the UK: Resident less than 2 years,1,1,0,1,0,0,0
S01009990,Born outside the UK: Resident 2 years or more and less than 5 years,2,2,0,2,0,0,0
S01009990,Born outside the UK: Resident 5 years or more and less than 10 years,7,7,0,7,0,0,0
S01009990,Born outside the UK: Resident 10 years or more,17,15,8,7,2,0,2
S01009991,All people in households,800,621,128,493,179,3,176
S01009991,Born in the UK,758,597,124,473,161,3,158
S01009991,Born outside the UK: Total,42,24,4,20,18,0,18
S01009991,Born outside the UK: Resident less than 2 years,7,2,0,2,5,0,5
S01009991,Born outside the UK: Resident 2 years or more and less than 5 years,1,0,0,0,1,0,1
S01009991,Born outside the UK: Resident 5 years or more and less than 10 years,11,6,0,6,5,0,5
S01009991,Born outside the UK: Resident 10 years or more,23,16,4,12,7,0,7
S01009992,All people in households,695,190,50,140,505,466,39
S01009992,Born in the UK,668,181,46,135,487,450,37
S01009992,Born outside the UK: Total,27,9,4,5,18,16,2
S01009992,Born outside the UK: Resident less than 2 years,5,2,2,0,3,3,0
S01009992,Born outside the UK: Resident 2 years or more and less than 5 years,2,0,0,0,2,0,2
S01009992,Born outside the UK: Resident 5 years or more and less than 10 years,4,2,1,1,2,2,0
S01009992,Born outside the UK: Resident 10 years or more,16,5,1,4,11,11,0
S01009993,All people in households,826,637,156,481,189,3,186
S01009993,Born in the UK,790,618,154,464,172,2,170
S01009993,Born outside the UK: Total,36,19,2,17,17,1,16
S01009993,Born outside the UK: Resident less than 2 years,5,1,0,1,4,0,4
S01009993,Born outside the UK: Resident 2 years or more and less than 5 years,11,7,0,7,4,0,4
S01009993,Born outside the UK: Resident 5 years or more and less than 10 years,4,2,0,2,2,0,2
S01009993,Born outside the UK: Resident 10 years or more,16,9,2,7,7,1,6
S01009994,All people in households,725,544,129,415,181,9,172
S01009994,Born in the UK,703,529,128,401,174,9,165
S01009994,Born outside the UK: Total,22,15,1,14,7,0,7
S01009994,Born outside the UK: Resident less than 2 years,3,0,0,0,3,0,3
S01009994,Born outside the UK: Resident 2 years or more and less than 5 years,13,9,0,9,4,0,4
S01009994,Born outside the UK: Resident 5 years or more and less than 10 years,1,1,0,1,0,0,0
S01009994,Born outside the UK: Resident 10 years or more,5,5,1,4,0,0,0
S01009995,All people in households,653,490,127,363,163,5,158
S01009995,Born in the UK,606,458,118,340,148,5,143
S01009995,Born outside the UK: Total,47,32,9,23,15,0,15
S01009995,Born outside the UK: Resident less than 2 years,8,5,0,5,3,0,3
S01009995,Born outside the UK: Resident 2 years or more and less than 5 years,13,5,0,5,8,0,8
S01009995,Born outside the UK: Resident 5 years or more and less than 10 years,13,10,0,10,3,0,3
S01009995,Born outside the UK: Resident 10 years or more,13,12,9,3,1,0,1
S01009996,All people in households,744,507,116,391,237,37,200
S01009996,Born in the UK,704,485,115,370,219,35,184
S01009996,Born outside the UK: Total,40,22,1,21,18,2,16
S01009996,Born outside the UK: Resident less than 2 years,12,3,0,3,9,0,9
S01009996,Born outside the UK: Resident 2 years or more and less than 5 years,10,5,0,5,5,0,5
S01009996,Born outside the UK: Resident 5 years or more and less than 10 years,11,8,0,8,3,2,1
S01009996,Born outside the UK: Resident 10 years or more,7,6,1,5,1,0,1
S01009997,All people in households,575,453,134,319,122,10,112
S01009997,Born in the UK,541,427,129,298,114,10,104
S01009997,Born outside the UK: Total,34,26,5,21,8,0,8
S01009997,Born outside the UK: Resident less than 2 years,6,3,2,1,3,0,3
S01009997,Born outside the UK: Resident 2 years or more and less than 5 years,3,0,0,0,3,0,3
S01009997,Born outside the UK: Resident 5 years or more and less than 10 years,11,11,0,11,0,0,0
S01009997,Born outside the UK: Resident 10 years or more,14,12,3,9,2,0,2
S01009998,All people in households,634,550,248,302,84,20,64
S01009998,Born in the UK,575,504,230,274,71,13,58
S01009998,Born outside the UK: Total,59,46,18,28,13,7,6
S01009998,Born outside the UK: Resident less than 2 years,5,3,1,2,2,0,2
S01009998,Born outside the UK: Resident 2 years or more and less than 5 years,5,2,0,2,3,1,2
S01009998,Born outside the UK: Resident 5 years or more and less than 10 years,9,4,0,4,5,4,1
S01009998,Born outside the UK: Resident 10 years or more,40,37,17,20,3,2,1
S01009999,All people in households,733,654,256,398,79,5,74
S01009999,Born in the UK,702,628,245,383,74,5,69
S01009999,Born outside the UK: Total,31,26,11,15,5,0,5
S01009999,Born outside the UK: Resident less than 2 years,0,0,0,0,0,0,0
S01009999,Born outside the UK: Resident 2 years or more and less than 5 years,3,1,0,1,2,0,2
S01009999,Born outside the UK: Resident 5 years or more and less than 10 years,6,4,0,4,2,0,2
S01009999,Born outside the UK: Resident 10 years or more,22,21,11,10,1,0,1
S01010000,All people in households,616,458,105,353,158,10,148
S01010000,Born in the UK,581,433,97,336,148,8,140
S01010000,Born outside the UK: Total,35,25,8,17,10,2,8
S01010000,Born outside the UK: Resident less than 2 years,2,2,1,1,0,0,0
S01010000,Born outside the UK: Resident 2 years or more and less than 5 years,7,3,1,2,4,0,4
S01010000,Born outside the UK: Resident 5 years or more and less than 10 years,9,6,2,4,3,1,2
S01010000,Born outside the UK: Resident 10 years or more,17,14,4,10,3,1,2
S01010001,All people in households,798,564,129,435,234,42,192
S01010001,Born in the UK,731,510,122,388,221,36,185
S01010001,Born outside the UK: Total,67,54,7,47,13,6,7
S01010001,Born outside the UK: Resident less than 2 years,7,5,0,5,2,0,2
S01010001,Born outside the UK: Resident 2 years or more and less than 5 years,14,10,0,10,4,0,4
S01010001,Born outside the UK: Resident 5 years or more and less than 10 years,14,14,0,14,0,0,0
S01010001,Born outside the UK: Resident 10 years or more,32,25,7,18,7,6,1
S01010002,All people in households,779,613,192,421,166,13,153
S01010002,Born in the UK,686,551,170,381,135,11,124
S01010002,Born outside the UK: Total,93,62,22,40,31,2,29
S01010002,Born outside the UK: Resident less than 2 years,13,6,2,4,7,0,7
S01010002,Born outside the UK: Resident 2 years or more and less than 5 years,20,11,1,10,9,0,9
S01010002,Born outside the UK: Resident 5 years or more and less than 10 years,9,0,0,0,9,1,8
S01010002,Born outside the UK: Resident 10 years or more,51,45,19,26,6,1,5
S01010003,All people in households,712,642,230,412,70,26,44
S01010003,Born in the UK,687,617,218,399,70,26,44
S01010003,Born outside the UK: Total,25,25,12,13,0,0,0
S01010003,Born outside the UK: Resident less than 2 years,0,0,0,0,0,0,0
S01010003,Born outside the UK: Resident 2 years or more and less than 5 years,1,1,0,1,0,0,0
S01010003,Born outside the UK: Resident 5 years or more and less than 10 years,3,3,1,2,0,0,0
S01010003,Born outside the UK: Resident 10 years or more,21,21,11,10,0,0,0
S01010004,All people in households,730,691,296,395,39,8,31
S01010004,Born in the UK,678,652,279,373,26,4,22
S01010004,Born outside the UK: Total,52,39,17,22,13,4,9
S01010004,Born outside the UK: Resident less than 2 years,5,3,1,2,2,1,1
S01010004,Born outside the UK: Resident 2 years or more and less than 5 years,1,1,0,1,0,0,0
S01010004,Born outside the UK: Resident 5 years or more and less than 10 years,9,3,0,3,6,3,3
S01010004,Born outside the UK: Resident 10 years or more,37,32,16,16,5,0,5
S01010005,All people in households,748,396,131,265,352,161,191
S01010005,Born in the UK,700,381,125,256,319,148,171
S01010005,Born outside the UK: Total,48,15,6,9,33,13,20
S01010005,Born outside the UK: Resident less than 2 years,10,1,0,1,9,2,7
S01010005,Born outside the UK: Resident 2 years or more and less than 5 years,6,1,0,1,5,1,4
S01010005,Born outside the UK: Resident 5 years or more and less than 10 years,8,1,0,1,7,3,4
S01010005,Born outside the UK: Resident 10 years or more,24,12,6,6,12,7,5
S01010006,All people in households,874,499,171,328,375,143,232
S01010006,Born in the UK,786,472,163,309,314,125,189
S01010006,Born outside the UK: Total,88,27,8,19,61,18,43
S01010006,Born outside the UK: Resident less than 2 years,19,0,0,0,19,7,12
S01010006,Born outside the UK: Resident 2 years or more and less than 5 years,12,0,0,0,12,1,11
S01010006,Born outside the UK: Resident 5 years or more and less than 10 years,17,0,0,0,17,5,12
S01010006,Born outside the UK: Resident 10 years or more,40,27,8,19,13,5,8
S01010007,All people in households,959,822,286,536,137,18,119
S01010007,Born in the UK,905,793,273,520,112,12,100
S01010007,Born outside the UK: Total,54,29,13,16,25,6,19
S01010007,Born outside the UK: Resident less than 2 years,9,0,0,0,9,0,9
S01010007,Born outside the UK: Resident 2 years or more and less than 5 years,3,0,0,0,3,3,0
S01010007,Born outside the UK: Resident 5 years or more and less than 10 years,5,1,0,1,4,1,3
S01010007,Born outside the UK: Resident 10 years or more,37,28,13,15,9,2,7
S01010008,All people in households,618,293,84,209,325,108,217
S01010008,Born in the UK,575,281,77,204,294,104,190
S01010008,Born outside the UK: Total,43,12,7,5,31,4,27
S01010008,Born outside the UK: Resident less than 2 years,9,1,0,1,8,1,7
S01010008,Born outside the UK: Resident 2 years or more and less than 5 years,4,1,0,1,3,1,2
S01010008,Born outside the UK: Resident 5 years or more and less than 10 years,9,0,0,0,9,1,8
S01010008,Born outside the UK: Resident 10 years or more,21,10,7,3,11,1,10
S01010009,All people in households,555,287,45,242,268,65,203
S01010009,Born in the UK,504,273,40,233,231,56,175
S01010009,Born outside the UK: Total,51,14,5,9,37,9,28
S01010009,Born outside the UK: Resident less than 2 years,8,0,0,0,8,0,8
S01010009,Born outside the UK: Resident 2 years or more and less than 5 years,11,2,1,1,9,0,9
S01010009,Born outside the UK: Resident 5 years or more and less than 10 years,12,1,1,0,11,7,4
S01010009,Born outside the UK: Resident 10 years or more,20,11,3,8,9,2,7
S01010010,All people in households,1043,922,305,617,121,18,103
S01010010,Born in the UK,978,873,295,578,105,17,88
S01010010,Born outside the UK: Total,65,49,10,39,16,1,15
S01010010,Born outside the UK: Resident less than 2 years,12,1,0,1,11,0,11
S01010010,Born outside the UK: Resident 2 years or more and less than 5 years,3,2,0,2,1,0,1
S01010010,Born outside the UK: Resident 5 years or more and less than 10 years,9,6,0,6,3,0,3
S01010010,Born outside the UK: Resident 10 years or more,41,40,10,30,1,1,0
S01010011,All people in households,730,332,103,229,398,231,167
S01010011,Born in the UK,679,314,96,218,365,221,144
S01010011,Born outside the UK: Total,51,18,7,11,33,10,23
S01010011,Born outside the UK: Resident less than 2 years,5,0,0,0,5,0,5
S01010011,Born outside the UK: Resident 2 years or more and less than 5 years,4,1,0,1,3,1,2
S01010011,Born outside the UK: Resident 5 years or more and less than 10 years,18,4,0,4,14,3,11
S01010011,Born outside the UK: Resident 10 years or more,24,13,7,6,11,6,5
S01010012,All people in households,843,728,288,440,115,19,96
S01010012,Born in the UK,764,662,258,404,102,11,91
S01010012,Born outside the UK: Total,79,66,30,36,13,8,5
S01010012,Born outside the UK: Resident less than 2 years,7,5,0,5,2,1,1
S01010012,Born outside the UK: Resident 2 years or more and less than 5 years,10,4,1,3,6,5,1
S01010012,Born outside the UK: Resident 5 years or more and less than 10 years,9,7,1,6,2,1,1
S01010012,Born outside the UK: Resident 10 years or more,53,50,28,22,3,1,2
S01010013,All people in households,781,462,113,349,319,51,268
S01010013,Born in the UK,733,443,109,334,290,46,244
S01010013,Born outside the UK: Total,48,19,4,15,29,5,24
S01010013,Born outside the UK: Resident less than 2 years,3,1,0,1,2,0,2
S01010013,Born outside the UK: Resident 2 years or more and less than 5 years,16,1,0,1,15,0,15
S01010013,Born outside the UK: Resident 5 years or more and less than 10 years,5,3,0,3,2,0,2
S01010013,Born outside the UK: Resident 10 years or more,24,14,4,10,10,5,5
S01010014,All people in households,1003,771,218,553,232,91,141
S01010014,Born in the UK,879,683,210,473,196,81,115
S01010014,Born outside the UK: Total,124,88,8,80,36,10,26
S01010014,Born outside the UK: Resident less than 2 years,7,2,0,2,5,0,5
S01010014,Born outside the UK: Resident 2 years or more and less than 5 years,20,8,2,6,12,0,12
S01010014,Born outside the UK: Resident 5 years or more and less than 10 years,30,25,0,25,5,1,4
S01010014,Born outside the UK: Resident 10 years or more,67,53,6,47,14,9,5
S01010015,All people in households,790,482,107,375,308,51,257
S01010015,Born in the UK,696,433,91,342,263,46,217
S01010015,Born outside the UK: Total,94,49,16,33,45,5,40
S01010015,Born outside the UK: Resident less than 2 years,20,2,0,2,18,1,17
S01010015,Born outside the UK: Resident 2 years or more and less than 5 years,16,10,5,5,6,0,6
S01010015,Born outside the UK: Resident 5 years or more and less than 10 years,18,9,0,9,9,2,7
S01010015,Born outside the UK: Resident 10 years or more,40,28,11,17,12,2,10
S01010016,All people in households,723,503,173,330,220,186,34
S01010016,Born in the UK,665,468,157,311,197,165,32
S01010016,Born outside the UK: Total,58,35,16,19,23,21,2
S01010016,Born outside the UK: Resident less than 2 years,3,1,0,1,2,2,0
S01010016,Born outside the UK: Resident 2 years or more and less than 5 years,16,7,0,7,9,8,1
S01010016,Born outside the UK: Resident 5 years or more and less than 10 years,6,2,0,2,4,3,1
S01010016,Born outside the UK: Resident 10 years or more,33,25,16,9,8,8,0
S01010017,All people in households,748,272,88,184,476,408,68
S01010017,Born in the UK,709,251,81,170,458,395,63
S01010017,Born outside the UK: Total,39,21,7,14,18,13,5
S01010017,Born outside the UK: Resident less than 2 years,0,0,0,0,0,0,0
S01010017,Born outside the UK: Resident 2 years or more and less than 5 years,10,2,0,2,8,5,3
S01010017,Born outside the UK: Resident 5 years or more and less than 10 years,14,9,0,9,5,3,2
S01010017,Born outside the UK: Resident 10 years or more,15,10,7,3,5,5,0
S01010018,All people in households,945,430,108,322,515,419,96
S01010018,Born in the UK,846,385,98,287,461,383,78
S01010018,Born outside the UK: Total,99,45,10,35,54,36,18
S01010018,Born outside the UK: Resident less than 2 years,12,4,0,4,8,4,4
S01010018,Born outside the UK: Resident 2 years or more and less than 5 years,25,10,1,9,15,6,9
S01010018,Born outside the UK: Resident 5 years or more and less than 10 years,17,9,0,9,8,4,4
S01010018,Born outside the UK: Resident 10 years or more,45,22,9,13,23,22,1
S01010019,All people in households,725,103,48,55,622,585,37
S01010019,Born in the UK,658,89,38,51,569,535,34
S01010019,Born outside the UK: Total,67,14,10,4,53,50,3
S01010019,Born outside the UK: Resident less than 2 years,3,1,0,1,2,2,0
S01010019,Born outside the UK: Resident 2 years or more and less than 5 years,21,1,1,0,20,18,2
S01010019,Born outside the UK: Resident 5 years or more and less than 10 years,16,2,0,2,14,14,0
S01010019,Born outside the UK: Resident 10 years or more,27,10,9,1,17,16,1
S01010020,All people in households,742,444,157,287,298,246,52
S01010020,Born in the UK,684,407,142,265,277,234,43
S01010020,Born outside the UK: Total,58,37,15,22,21,12,9
S01010020,Born outside the UK: Resident less than 2 years,8,3,0,3,5,3,2
S01010020,Born outside the UK: Resident 2 years or more and less than 5 years,3,1,0,1,2,1,1
S01010020,Born outside the UK: Resident 5 years or more and less than 10 years,6,5,0,5,1,1,0
S01010020,Born outside the UK: Resident 10 years or more,41,28,15,13,13,7,6
S01010021,All people in households,806,92,33,59,714,632,82
S01010021,Born in the UK,581,78,31,47,503,450,53
S01010021,Born outside the UK: Total,225,14,2,12,211,182,29
S01010021,Born outside the UK: Resident less than 2 years,29,0,0,0,29,23,6
S01010021,Born outside the UK: Resident 2 years or more and less than 5 years,54,1,0,1,53,50,3
S01010021,Born outside the UK: Resident 5 years or more and less than 10 years,99,3,0,3,96,78,18
S01010021,Born outside the UK: Resident 10 years or more,43,10,2,8,33,31,2
S01010022,All people in households,956,285,55,230,671,504,167
S01010022,Born in the UK,844,248,48,200,596,469,127
S01010022,Born outside the UK: Total,112,37,7,30,75,35,40
S01010022,Born outside the UK: Resident less than 2 years,29,6,2,4,23,5,18
S01010022,Born outside the UK: Resident 2 years or more and less than 5 years,20,7,1,6,13,5,8
S01010022,Born outside the UK: Resident 5 years or more and less than 10 years,36,15,1,14,21,12,9
S01010022,Born outside the UK: Resident 10 years or more,27,9,3,6,18,13,5
S01010023,All people in households,640,72,48,24,568,538,30
S01010023,Born in the UK,595,68,44,24,527,497,30
S01010023,Born outside the UK: Total,45,4,4,0,41,41,0
S01010023,Born outside the UK: Resident less than 2 years,1,0,0,0,1,1,0
S01010023,Born outside the UK: Resident 2 years or more and less than 5 years,4,0,0,0,4,4,0
S01010023,Born outside the UK: Resident 5 years or more and less than 10 years,16,0,0,0,16,16,0
S01010023,Born outside the UK: Resident 10 years or more,24,4,4,0,20,20,0
S01010024,All people in households,718,149,27,122,569,460,109
S01010024,Born in the UK,624,126,20,106,498,416,82
S01010024,Born outside the UK: Total,94,23,7,16,71,44,27
S01010024,Born outside the UK: Resident less than 2 years,15,6,3,3,9,3,6
S01010024,Born outside the UK: Resident 2 years or more and less than 5 years,14,4,3,1,10,2,8
S01010024,Born outside the UK: Resident 5 years or more and less than 10 years,30,6,0,6,24,16,8
S01010024,Born outside the UK: Resident 10 years or more,35,7,1,6,28,23,5
S01010025,All people in households,534,82,18,64,452,406,46
S01010025,Born in the UK,424,61,15,46,363,327,36
S01010025,Born outside the UK: Total,110,21,3,18,89,79,10
S01010025,Born outside the UK: Resident less than 2 years,12,3,0,3,9,5,4
S01010025,Born outside the UK: Resident 2 years or more and less than 5 years,33,5,1,4,28,24,4
S01010025,Born outside the UK: Resident 5 years or more and less than 10 years,46,6,0,6,40,40,0
S01010025,Born outside the UK: Resident 10 years or more,19,7,2,5,12,10,2
S01010026,All people in households,876,239,47,192,637,511,126
S01010026,Born in the UK,736,216,45,171,520,429,91
S01010026,Born outside the UK: Total,140,23,2,21,117,82,35
S01010026,Born outside the UK: Resident less than 2 years,17,2,0,2,15,5,10
S01010026,Born outside the UK: Resident 2 years or more and less than 5 years,40,4,1,3,36,28,8
S01010026,Born outside the UK: Resident 5 years or more and less than 10 years,51,9,0,9,42,30,12
S01010026,Born outside the UK: Resident 10 years or more,32,8,1,7,24,19,5
S01010027,All people in households,904,329,75,254,575,385,190
S01010027,Born in the UK,768,281,62,219,487,354,133
S01010027,Born outside the UK: Total,136,48,13,35,88,31,57
S01010027,Born outside the UK: Resident less than 2 years,42,12,5,7,30,2,28
S01010027,Born outside the UK: Resident 2 years or more and less than 5 years,27,11,5,6,16,2,14
S01010027,Born outside the UK: Resident 5 years or more and less than 10 years,31,9,0,9,22,10,12
S01010027,Born outside the UK: Resident 10 years or more,36,16,3,13,20,17,3
S01010028,All people in households,639,150,35,115,489,399,90
S01010028,Born in the UK,556,131,33,98,425,361,64
S01010028,Born outside the UK: Total,83,19,2,17,64,38,26
S01010028,Born outside the UK: Resident less than 2 years,16,1,0,1,15,3,12
S01010028,Born outside the UK: Resident 2 years or more and less than 5 years,14,5,0,5,9,1,8
S01010028,Born outside the UK: Resident 5 years or more and less than 10 years,36,7,2,5,29,23,6
S01010028,Born outside the UK: Resident 10 years or more,17,6,0,6,11,11,0
S01010029,All people in households,668,226,123,103,442,414,28
S01010029,Born in the UK,601,210,110,100,391,366,25
S01010029,Born outside the UK: Total,67,16,13,3,51,48,3
S01010029,Born outside the UK: Resident less than 2 years,5,0,0,0,5,5,0
S01010029,Born outside the UK: Resident 2 years or more and less than 5 years,7,2,0,2,5,5,0
S01010029,Born outside the UK: Resident 5 years or more and less than 10 years,22,1,0,1,21,20,1
S01010029,Born outside the UK: Resident 10 years or more,33,13,13,0,20,18,2
S01010030,All people in households,815,395,97,298,420,184,236
S01010030,Born in the UK,680,350,89,261,330,168,162
S01010030,Born outside the UK: Total,135,45,8,37,90,16,74
S01010030,Born outside the UK: Resident less than 2 years,41,4,0,4,37,0,37
S01010030,Born outside the UK: Resident 2 years or more and less than 5 years,27,4,0,4,23,1,22
S01010030,Born outside the UK: Resident 5 years or more and less than 10 years,19,5,0,5,14,8,6
S01010030,Born outside the UK: Resident 10 years or more,48,32,8,24,16,7,9
S01010031,All people in households,692,287,65,222,405,26,379
S01010031,Born in the UK,520,255,57,198,265,20,245
S01010031,Born outside the UK: Total,172,32,8,24,140,6,134
S01010031,Born outside the UK: Resident less than 2 years,66,5,1,4,61,3,58
S01010031,Born outside the UK: Resident 2 years or more and less than 5 years,36,4,1,3,32,1,31
S01010031,Born outside the UK: Resident 5 years or more and less than 10 years,33,7,0,7,26,1,25
S01010031,Born outside the UK: Resident 10 years or more,37,16,6,10,21,1,20
S01010032,All people in households,518,161,28,133,357,53,304
S01010032,Born in the UK,404,155,26,129,249,31,218
S01010032,Born outside the UK: Total,114,6,2,4,108,22,86
S01010032,Born outside the UK: Resident less than 2 years,55,0,0,0,55,12,43
S01010032,Born outside the UK: Resident 2 years or more and less than 5 years,30,1,0,1,29,4,25
S01010032,Born outside the UK: Resident 5 years or more and less than 10 years,19,2,1,1,17,4,13
S01010032,Born outside the UK: Resident 10 years or more,10,3,1,2,7,2,5
S01010033,All people in households,905,187,53,134,718,451,267
S01010033,Born in the UK,631,153,42,111,478,368,110
S01010033,Born outside the UK: Total,274,34,11,23,240,83,157
S01010033,Born outside the UK: Resident less than 2 years,75,3,1,2,72,4,68
S01010033,Born outside the UK: Resident 2 years or more and less than 5 years,79,5,2,3,74,13,61
S01010033,Born outside the UK: Resident 5 years or more and less than 10 years,62,6,1,5,56,32,24
S01010033,Born outside the UK: Resident 10 years or more,58,20,7,13,38,34,4
S01010034,All people in households,852,260,109,151,592,484,108
S01010034,Born in the UK,703,231,91,140,472,408,64
S01010034,Born outside the UK: Total,149,29,18,11,120,76,44
S01010034,Born outside the UK: Resident less than 2 years,34,1,0,1,33,6,27
S01010034,Born outside the UK: Resident 2 years or more and less than 5 years,25,0,0,0,25,20,5
S01010034,Born outside the UK: Resident 5 years or more and less than 10 years,40,4,1,3,36,28,8
S01010034,Born outside the UK: Resident 10 years or more,50,24,17,7,26,22,4
S01010035,All people in households,686,101,32,69,585,505,80
S01010035,Born in the UK,426,84,27,57,342,300,42
S01010035,Born outside the UK: Total,260,17,5,12,243,205,38
S01010035,Born outside the UK: Resident less than 2 years,44,2,0,2,42,29,13
S01010035,Born outside the UK: Resident 2 years or more and less than 5 years,59,2,1,1,57,48,9
S01010035,Born outside the UK: Resident 5 years or more and less than 10 years,91,4,1,3,87,75,12
S01010035,Born outside the UK: Resident 10 years or more,66,9,3,6,57,53,4
S01010036,All people in households,796,131,43,88,665,38,627
S01010036,Born in the UK,471,107,29,78,364,21,343
S01010036,Born outside the UK: Total,325,24,14,10,301,17,284
S01010036,Born outside the UK: Resident less than 2 years,163,11,7,4,152,9,143
S01010036,Born outside the UK: Resident 2 years or more and less than 5 years,92,6,6,0,86,0,86
S01010036,Born outside the UK: Resident 5 years or more and less than 10 years,46,3,1,2,43,6,37
S01010036,Born outside the UK: Resident 10 years or more,24,4,0,4,20,2,18
S01010037,All people in households,642,222,86,136,420,374,46
S01010037,Born in the UK,583,211,84,127,372,343,29
S01010037,Born outside the UK: Total,59,11,2,9,48,31,17
S01010037,Born outside the UK: Resident less than 2 years,13,2,0,2,11,2,9
S01010037,Born outside the UK: Resident 2 years or more and less than 5 years,20,1,0,1,19,15,4
S01010037,Born outside the UK: Resident 5 years or more and less than 10 years,12,2,1,1,10,6,4
S01010037,Born outside the UK: Resident 10 years or more,14,6,1,5,8,8,0
S01010038,All people in households,990,303,97,206,687,489,198
S01010038,Born in the UK,870,290,91,199,580,451,129
S01010038,Born outside the UK: Total,120,13,6,7,107,38,69
S01010038,Born outside the UK: Resident less than 2 years,30,4,4,0,26,2,24
S01010038,Born outside the UK: Resident 2 years or more and less than 5 years,47,1,0,1,46,13,33
S01010038,Born outside the UK: Resident 5 years or more and less than 10 years,33,2,0,2,31,22,9
S01010038,Born outside the UK: Resident 10 years or more,10,6,2,4,4,1,3
S01010039,All people in households,945,304,52,252,641,58,583
S01010039,Born in the UK,708,266,46,220,442,47,395
S01010039,Born outside the UK: Total,237,38,6,32,199,11,188
S01010039,Born outside the UK: Resident less than 2 years,89,3,1,2,86,0,86
S01010039,Born outside the UK: Resident 2 years or more and less than 5 years,62,5,0,5,57,2,55
S01010039,Born outside the UK: Resident 5 years or more and less than 10 years,44,11,0,11,33,6,27
S01010039,Born outside the UK: Resident 10 years or more,42,19,5,14,23,3,20
S01010040,All people in households,725,364,89,275,361,102,259
S01010040,Born in the UK,585,331,78,253,254,93,161
S01010040,Born outside the UK: Total,140,33,11,22,107,9,98
S01010040,Born outside the UK: Resident less than 2 years,24,1,0,1,23,1,22
S01010040,Born outside the UK: Resident 2 years or more and less than 5 years,39,1,0,1,38,0,38
S01010040,Born outside the UK: Resident 5 years or more and less than 10 years,48,9,1,8,39,7,32
S01010040,Born outside the UK: Resident 10 years or more,29,22,10,12,7,1,6
S01010041,All people in households,649,217,59,158,432,205,227
S01010041,Born in the UK,536,191,55,136,345,191,154
S01010041,Born outside the UK: Total,113,26,4,22,87,14,73
S01010041,Born outside the UK: Resident less than 2 years,31,0,0,0,31,1,30
S01010041,Born outside the UK: Resident 2 years or more and less than 5 years,31,6,0,6,25,6,19
S01010041,Born outside the UK: Resident 5 years or more and less than 10 years,24,9,0,9,15,0,15
S01010041,Born outside the UK: Resident 10 years or more,27,11,4,7,16,7,9
S01010042,All people in households,1095,316,52,264,779,153,626
S01010042,Born in the UK,810,284,47,237,526,137,389
S01010042,Born outside the UK: Total,285,32,5,27,253,16,237
S01010042,Born outside the UK: Resident less than 2 years,109,8,1,7,101,2,99
S01010042,Born outside the UK: Resident 2 years or more and less than 5 years,94,7,1,6,87,6,81
S01010042,Born outside the UK: Resident 5 years or more and less than 10 years,66,11,2,9,55,6,49
S01010042,Born outside the UK: Resident 10 years or more,16,6,1,5,10,2,8
S01010043,All people in households,770,238,63,175,532,358,174
S01010043,Born in the UK,655,208,58,150,447,342,105
S01010043,Born outside the UK: Total,115,30,5,25,85,16,69
S01010043,Born outside the UK: Resident less than 2 years,29,4,0,4,25,1,24
S01010043,Born outside the UK: Resident 2 years or more and less than 5 years,32,4,0,4,28,4,24
S01010043,Born outside the UK: Resident 5 years or more and less than 10 years,23,3,0,3,20,6,14
S01010043,Born outside the UK: Resident 10 years or more,31,19,5,14,12,5,7
S01010044,All people in households,1100,427,109,318,673,356,317
S01010044,Born in the UK,960,399,108,291,561,334,227
S01010044,Born outside the UK: Total,140,28,1,27,112,22,90
S01010044,Born outside the UK: Resident less than 2 years,24,2,0,2,22,0,22
S01010044,Born outside the UK: Resident 2 years or more and less than 5 years,51,14,0,14,37,5,32
S01010044,Born outside the UK: Resident 5 years or more and less than 10 years,45,6,0,6,39,12,27
S01010044,Born outside the UK: Resident 10 years or more,20,6,1,5,14,5,9
S01010045,All people in households,550,80,31,49,470,444,26
S01010045,Born in the UK,519,76,30,46,443,418,25
S01010045,Born outside the UK: Total,31,4,1,3,27,26,1
S01010045,Born outside the UK: Resident less than 2 years,4,0,0,0,4,4,0
S01010045,Born outside the UK: Resident 2 years or more and less than 5 years,9,0,0,0,9,8,1
S01010045,Born outside the UK: Resident 5 years or more and less than 10 years,14,3,0,3,11,11,0
S01010045,Born outside the UK: Resident 10 years or more,4,1,1,0,3,3,0
S01010046,All people in households,747,234,111,123,513,394,119
S01010046,Born in the UK,697,224,105,119,473,369,104
S01010046,Born outside the UK: Total,50,10,6,4,40,25,15
S01010046,Born outside the UK: Resident less than 2 years,8,0,0,0,8,4,4
S01010046,Born outside the UK: Resident 2 years or more and less than 5 years,14,1,1,0,13,4,9
S01010046,Born outside the UK: Resident 5 years or more and less than 10 years,18,2,0,2,16,14,2
S01010046,Born outside the UK: Resident 10 years or more,10,7,5,2,3,3,0
S01010047,All people in households,828,153,35,118,675,652,23
S01010047,Born in the UK,780,138,35,103,642,628,14
S01010047,Born outside the UK: Total,48,15,0,15,33,24,9
S01010047,Born outside the UK: Resident less than 2 years,5,2,0,2,3,1,2
S01010047,Born outside the UK: Resident 2 years or more and less than 5 years,25,7,0,7,18,12,6
S01010047,Born outside the UK: Resident 5 years or more and less than 10 years,14,4,0,4,10,10,0
S01010047,Born outside the UK: Resident 10 years or more,4,2,0,2,2,1,1
S01010048,All people in households,950,194,79,115,756,660,96
S01010048,Born in the UK,846,185,78,107,661,584,77
S01010048,Born outside the UK: Total,104,9,1,8,95,76,19
S01010048,Born outside the UK: Resident less than 2 years,7,1,0,1,6,3,3
S01010048,Born outside the UK: Resident 2 years or more and less than 5 years,55,0,0,0,55,45,10
S01010048,Born outside the UK: Resident 5 years or more and less than 10 years,29,5,0,5,24,21,3
S01010048,Born outside the UK: Resident 10 years or more,13,3,1,2,10,7,3
S01010049,All people in households,807,65,19,46,742,662,80
S01010049,Born in the UK,695,61,19,42,634,577,57
S01010049,Born outside the UK: Total,112,4,0,4,108,85,23
S01010049,Born outside the UK: Resident less than 2 years,16,0,0,0,16,8,8
S01010049,Born outside the UK: Resident 2 years or more and less than 5 years,68,3,0,3,65,54,11
S01010049,Born outside the UK: Resident 5 years or more and less than 10 years,24,0,0,0,24,20,4
S01010049,Born outside the UK: Resident 10 years or more,4,1,0,1,3,3,0
S01010050,All people in households,979,113,32,81,866,743,123
S01010050,Born in the UK,891,106,31,75,785,689,96
S01010050,Born outside the UK: Total,88,7,1,6,81,54,27
S01010050,Born outside the UK: Resident less than 2 years,15,0,0,0,15,4,11
S01010050,Born outside the UK: Resident 2 years or more and less than 5 years,42,1,0,1,41,30,11
S01010050,Born outside the UK: Resident 5 years or more and less than 10 years,15,1,0,1,14,12,2
S01010050,Born outside the UK: Resident 10 years or more,16,5,1,4,11,8,3
S01010051,All people in households,699,135,48,87,564,467,97
S01010051,Born in the UK,582,127,48,79,455,412,43
S01010051,Born outside the UK: Total,117,8,0,8,109,55,54
S01010051,Born outside the UK: Resident less than 2 years,42,3,0,3,39,6,33
S01010051,Born outside the UK: Resident 2 years or more and less than 5 years,33,3,0,3,30,16,14
S01010051,Born outside the UK: Resident 5 years or more and less than 10 years,35,2,0,2,33,27,6
S01010051,Born outside the UK: Resident 10 years or more,7,0,0,0,7,6,1
S01010052,All people in households,627,148,45,103,479,331,148
S01010052,Born in the UK,509,134,38,96,375,283,92
S01010052,Born outside the UK: Total,118,14,7,7,104,48,56
S01010052,Born outside the UK: Resident less than 2 years,30,6,6,0,24,12,12
S01010052,Born outside the UK: Resident 2 years or more and less than 5 years,39,4,0,4,35,17,18
S01010052,Born outside the UK: Resident 5 years or more and less than 10 years,37,0,0,0,37,17,20
S01010052,Born outside the UK: Resident 10 years or more,12,4,1,3,8,2,6
S01010053,All people in households,859,190,63,127,669,415,254
S01010053,Born in the UK,702,168,63,105,534,388,146
S01010053,Born outside the UK: Total,157,22,0,22,135,27,108
S01010053,Born outside the UK: Resident less than 2 years,29,2,0,2,27,0,27
S01010053,Born outside the UK: Resident 2 years or more and less than 5 years,70,9,0,9,61,10,51
S01010053,Born outside the UK: Resident 5 years or more and less than 10 years,39,2,0,2,37,10,27
S01010053,Born outside the UK: Resident 10 years or more,19,9,0,9,10,7,3
S01010054,All people in households,573,48,4,44,525,520,5
S01010054,Born in the UK,527,29,3,26,498,494,4
S01010054,Born outside the UK: Total,46,19,1,18,27,26,1
S01010054,Born outside the UK: Resident less than 2 years,6,2,0,2,4,4,0
S01010054,Born outside the UK: Resident 2 years or more and less than 5 years,15,8,0,8,7,6,1
S01010054,Born outside the UK: Resident 5 years or more and less than 10 years,18,8,0,8,10,10,0
S01010054,Born outside the UK: Resident 10 years or more,7,1,1,0,6,6,0
S01010055,All people in households,948,412,96,316,536,385,151
S01010055,Born in the UK,861,393,92,301,468,360,108
S01010055,Born outside the UK: Total,87,19,4,15,68,25,43
S01010055,Born outside the UK: Resident less than 2 years,20,3,0,3,17,3,14
S01010055,Born outside the UK: Resident 2 years or more and less than 5 years,20,3,0,3,17,3,14
S01010055,Born outside the UK: Resident 5 years or more and less than 10 years,29,7,1,6,22,14,8
S01010055,Born outside the UK: Resident 10 years or more,18,6,3,3,12,5,7
S01010056,All people in households,451,43,16,27,408,388,20
S01010056,Born in the UK,422,43,16,27,379,363,16
S01010056,Born outside the UK: Total,29,0,0,0,29,25,4
S01010056,Born outside the UK: Resident less than 2 years,5,0,0,0,5,3,2
S01010056,Born outside the UK: Resident 2 years or more and less than 5 years,14,0,0,0,14,13,1
S01010056,Born outside the UK: Resident 5 years or more and less than 10 years,6,0,0,0,6,5,1
S01010056,Born outside the UK: Resident 10 years or more,4,0,0,0,4,4,0
S01010057,All people in households,407,149,37,112,258,164,94
S01010057,Born in the UK,354,130,36,94,224,160,64
S01010057,Born outside the UK: Total,53,19,1,18,34,4,30
S01010057,Born outside the UK: Resident less than 2 years,19,3,0,3,16,2,14
S01010057,Born outside the UK: Resident 2 years or more and less than 5 years,16,4,0,4,12,0,12
S01010057,Born outside the UK: Resident 5 years or more and less than 10 years,15,10,0,10,5,2,3
S01010057,Born outside the UK: Resident 10 years or more,3,2,1,1,1,0,1
S01010058,All people in households,781,274,39,235,507,365,142
S01010058,Born in the UK,723,262,39,223,461,357,104
S01010058,Born outside the UK: Total,58,12,0,12,46,8,38
S01010058,Born outside the UK: Resident less than 2 years,13,2,0,2,11,1,10
S01010058,Born outside the UK: Resident 2 years or more and less than 5 years,17,5,0,5,12,1,11
S01010058,Born outside the UK: Resident 5 years or more and less than 10 years,13,2,0,2,11,4,7
S01010058,Born outside the UK: Resident 10 years or more,15,3,0,3,12,2,10
S01010059,All people in households,604,271,90,181,333,152,181
S01010059,Born in the UK,540,264,89,175,276,141,135
S01010059,Born outside the UK: Total,64,7,1,6,57,11,46
S01010059,Born outside the UK: Resident less than 2 years,13,2,0,2,11,1,10
S01010059,Born outside the UK: Resident 2 years or more and less than 5 years,32,1,0,1,31,3,28
S01010059,Born outside the UK: Resident 5 years or more and less than 10 years,10,2,0,2,8,2,6
S01010059,Born outside the UK: Resident 10 years or more,9,2,1,1,7,5,2
S01010060,All people in households,901,297,105,192,604,491,113
S01010060,Born in the UK,826,273,87,186,553,463,90
S01010060,Born outside the UK: Total,75,24,18,6,51,28,23
S01010060,Born outside the UK: Resident less than 2 years,10,0,0,0,10,0,10
S01010060,Born outside the UK: Resident 2 years or more and less than 5 years,29,7,7,0,22,16,6
S01010060,Born outside the UK: Resident 5 years or more and less than 10 years,11,1,0,1,10,6,4
S01010060,Born outside the UK: Resident 10 years or more,25,16,11,5,9,6,3
S01010061,All people in households,510,330,63,267,180,78,102
S01010061,Born in the UK,479,320,55,265,159,75,84
S01010061,Born outside the UK: Total,31,10,8,2,21,3,18
S01010061,Born outside the UK: Resident less than 2 years,13,0,0,0,13,0,13
S01010061,Born outside the UK: Resident 2 years or more and less than 5 years,4,0,0,0,4,1,3
S01010061,Born outside the UK: Resident 5 years or more and less than 10 years,1,1,1,0,0,0,0
S01010061,Born outside the UK: Resident 10 years or more,13,9,7,2,4,2,2
S01010062,All people in households,750,300,123,177,450,371,79
S01010062,Born in the UK,703,290,120,170,413,340,73
S01010062,Born outside the UK: Total,47,10,3,7,37,31,6
S01010062,Born outside the UK: Resident less than 2 years,6,0,0,0,6,5,1
S01010062,Born outside the UK: Resident 2 years or more and less than 5 years,25,4,3,1,21,18,3
S01010062,Born outside the UK: Resident 5 years or more and less than 10 years,8,4,0,4,4,2,2
S01010062,Born outside the UK: Resident 10 years or more,8,2,0,2,6,6,0
S01010063,All people in households,925,228,62,166,697,533,164
S01010063,Born in the UK,848,210,59,151,638,513,125
S01010063,Born outside the UK: Total,77,18,3,15,59,20,39
S01010063,Born outside the UK: Resident less than 2 years,27,1,0,1,26,6,20
S01010063,Born outside the UK: Resident 2 years or more and less than 5 years,28,8,2,6,20,7,13
S01010063,Born outside the UK: Resident 5 years or more and less than 10 years,10,3,0,3,7,3,4
S01010063,Born outside the UK: Resident 10 years or more,12,6,1,5,6,4,2
S01010064,All people in households,544,257,70,187,287,207,80
S01010064,Born in the UK,501,248,68,180,253,179,74
S01010064,Born outside the UK: Total,43,9,2,7,34,28,6
S01010064,Born outside the UK: Resident less than 2 years,6,0,0,0,6,4,2
S01010064,Born outside the UK: Resident 2 years or more and less than 5 years,15,0,0,0,15,14,1
S01010064,Born outside the UK: Resident 5 years or more and less than 10 years,16,4,0,4,12,9,3
S01010064,Born outside the UK: Resident 10 years or more,6,5,2,3,1,1,0
S01010065,All people in households,839,348,121,227,491,417,74
S01010065,Born in the UK,803,345,119,226,458,395,63
S01010065,Born outside the UK: Total,36,3,2,1,33,22,11
S01010065,Born outside the UK: Resident less than 2 years,3,0,0,0,3,2,1
S01010065,Born outside the UK: Resident 2 years or more and less than 5 years,16,0,0,0,16,8,8
S01010065,Born outside the UK: Resident 5 years or more and less than 10 years,10,0,0,0,10,8,2
S01010065,Born outside the UK: Resident 10 years or more,7,3,2,1,4,4,0
S01010066,All people in households,753,263,92,171,490,409,81
S01010066,Born in the UK,691,254,89,165,437,390,47
S01010066,Born outside the UK: Total,62,9,3,6,53,19,34
S01010066,Born outside the UK: Resident less than 2 years,14,0,0,0,14,6,8
S01010066,Born outside the UK: Resident 2 years or more and less than 5 years,21,0,0,0,21,6,15
S01010066,Born outside the UK: Resident 5 years or more and less than 10 years,8,2,1,1,6,1,5
S01010066,Born outside the UK: Resident 10 years or more,19,7,2,5,12,6,6
S01010067,All people in households,608,96,16,80,512,473,39
S01010067,Born in the UK,576,90,15,75,486,458,28
S01010067,Born outside the UK: Total,32,6,1,5,26,15,11
S01010067,Born outside the UK: Resident less than 2 years,7,0,0,0,7,6,1
S01010067,Born outside the UK: Resident 2 years or more and less than 5 years,9,0,0,0,9,2,7
S01010067,Born outside the UK: Resident 5 years or more and less than 10 years,4,1,0,1,3,1,2
S01010067,Born outside the UK: Resident 10 years or more,12,5,1,4,7,6,1
S01010068,All people in households,641,196,28,168,445,207,238
S01010068,Born in the UK,529,161,20,141,368,191,177
S01010068,Born outside the UK: Total,112,35,8,27,77,16,61
S01010068,Born outside the UK: Resident less than 2 years,30,1,0,1,29,2,27
S01010068,Born outside the UK: Resident 2 years or more and less than 5 years,40,14,7,7,26,5,21
S01010068,Born outside the UK: Resident 5 years or more and less than 10 years,26,15,0,15,11,4,7
S01010068,Born outside the UK: Resident 10 years or more,16,5,1,4,11,5,6
S01010069,All people in households,829,742,190,552,87,39,48
S01010069,Born in the UK,794,713,180,533,81,39,42
S01010069,Born outside the UK: Total,35,29,10,19,6,0,6
S01010069,Born outside the UK: Resident less than 2 years,2,0,0,0,2,0,2
S01010069,Born outside the UK: Resident 2 years or more and less than 5 years,4,2,0,2,2,0,2
S01010069,Born outside the UK: Resident 5 years or more and less than 10 years,4,2,1,1,2,0,2
S01010069,Born outside the UK: Resident 10 years or more,25,25,9,16,0,0,0
S01010070,All people in households,665,619,132,487,46,13,33
S01010070,Born in the UK,633,597,125,472,36,13,23
S01010070,Born outside the UK: Total,32,22,7,15,10,0,10
S01010070,Born outside the UK: Resident less than 2 years,11,2,0,2,9,0,9
S01010070,Born outside the UK: Resident 2 years or more and less than 5 years,1,1,0,1,0,0,0
S01010070,Born outside the UK: Resident 5 years or more and less than 10 years,4,4,1,3,0,0,0
S01010070,Born outside the UK: Resident 10 years or more,16,15,6,9,1,0,1
S01010071,All people in households,793,609,185,424,184,139,45
S01010071,Born in the UK,761,587,173,414,174,136,38
S01010071,Born outside the UK: Total,32,22,12,10,10,3,7
S01010071,Born outside the UK: Resident less than 2 years,11,5,0,5,6,0,6
S01010071,Born outside the UK: Resident 2 years or more and less than 5 years,0,0,0,0,0,0,0
S01010071,Born outside the UK: Resident 5 years or more and less than 10 years,2,0,0,0,2,1,1
S01010071,Born outside the UK: Resident 10 years or more,19,17,12,5,2,2,0
S01010072,All people in households,796,622,202,420,174,137,37
S01010072,Born in the UK,777,608,197,411,169,136,33
S01010072,Born outside the UK: Total,19,14,5,9,5,1,4
S01010072,Born outside the UK: Resident less than 2 years,2,0,0,0,2,0,2
S01010072,Born outside the UK: Resident 2 years or more and less than 5 years,2,1,1,0,1,0,1
S01010072,Born outside the UK: Resident 5 years or more and less than 10 years,7,5,1,4,2,1,1
S01010072,Born outside the UK: Resident 10 years or more,8,8,3,5,0,0,0
S01010073,All people in households,780,687,318,369,93,63,30
S01010073,Born in the UK,761,678,313,365,83,55,28
S01010073,Born outside the UK: Total,19,9,5,4,10,8,2
S01010073,Born outside the UK: Resident less than 2 years,6,0,0,0,6,6,0
S01010073,Born outside the UK: Resident 2 years or more and less than 5 years,0,0,0,0,0,0,0
S01010073,Born outside the UK: Resident 5 years or more and less than 10 years,3,2,1,1,1,1,0
S01010073,Born outside the UK: Resident 10 years or more,10,7,4,3,3,1,2
S01010074,All people in households,711,659,295,364,52,18,34
S01010074,Born in the UK,690,644,289,355,46,16,30
S01010074,Born outside the UK: Total,21,15,6,9,6,2,4
S01010074,Born outside the UK: Resident less than 2 years,7,3,1,2,4,0,4
S01010074,Born outside the UK: Resident 2 years or more and less than 5 years,0,0,0,0,0,0,0
S01010074,Born outside the UK: Resident 5 years or more and less than 10 years,2,1,0,1,1,1,0
S01010074,Born outside the UK: Resident 10 years or more,12,11,5,6,1,1,0
S01010075,All people in households,624,414,156,258,210,169,41
S01010075,Born in the UK,621,412,156,256,209,169,40
S01010075,Born outside the UK: Total,3,2,0,2,1,0,1
S01010075,Born outside the UK: Resident less than 2 years,0,0,0,0,0,0,0
S01010075,Born outside the UK: Resident 2 years or more and less than 5 years,0,0,0,0,0,0,0
S01010075,Born outside the UK: Resident 5 years or more and less than 10 years,1,0,0,0,1,0,1
S01010075,Born outside the UK: Resident 10 years or more,2,2,0,2,0,0,0
S01010076,All people in households,686,479,120,359,207,149,58
S01010076,Born in the UK,676,474,119,355,202,146,56
S01010076,Born outside the UK: Total,10,5,1,4,5,3,2
S01010076,Born outside the UK: Resident less than 2 years,2,1,1,0,1,1,0
S01010076,Born outside the UK: Resident 2 years or more and less than 5 years,1,0,0,0,1,1,0
S01010076,Born outside the UK: Resident 5 years or more and less than 10 years,2,0,0,0,2,1,1
S01010076,Born outside the UK: Resident 10 years or more,5,4,0,4,1,0,1
S01010077,All people in households,614,307,75,232,307,265,42
S01010077,Born in the UK,602,307,75,232,295,262,33
S01010077,Born outside the UK: Total,12,0,0,0,12,3,9
S01010077,Born outside the UK: Resident less than 2 years,5,0,0,0,5,0,5
S01010077,Born outside the UK: Resident 2 years or more and less than 5 years,2,0,0,0,2,0,2
S01010077,Born outside the UK: Resident 5 years or more and less than 10 years,3,0,0,0,3,2,1
S01010077,Born outside the UK: Resident 10 years or more,2,0,0,0,2,1,1
S01010078,All people in households,631,568,179,389,63,43,20
S01010078,Born in the UK,592,537,171,366,55,40,15
S01010078,Born outside the UK: Total,39,31,8,23,8,3,5
S01010078,Born outside the UK: Resident less than 2 years,3,2,0,2,1,1,0
S01010078,Born outside the UK: Resident 2 years or more and less than 5 years,5,1,0,1,4,2,2
S01010078,Born outside the UK: Resident 5 years or more and less than 10 years,1,1,0,1,0,0,0
S01010078,Born outside the UK: Resident 10 years or more,30,27,8,19,3,0,3
S01010079,All people in households,923,862,333,529,61,22,39
S01010079,Born in the UK,904,846,324,522,58,19,39
S01010079,Born outside the UK: Total,19,16,9,7,3,3,0
S01010079,Born outside the UK: Resident less than 2 years,1,1,1,0,0,0,0
S01010079,Born outside the UK: Resident 2 years or more and less than 5 years,1,1,1,0,0,0,0
S01010079,Born outside the UK: Resident 5 years or more and less than 10 years,5,3,2,1,2,2,0
S01010079,Born outside the UK: Resident 10 years or more,12,11,5,6,1,1,0
S01010080,All people in households,651,618,304,314,33,11,22
S01010080,Born in the UK,635,606,293,313,29,10,19
S01010080,Born outside the UK: Total,16,12,11,1,4,1,3
S01010080,Born outside the UK: Resident less than 2 years,3,1,1,0,2,0,2
S01010080,Born outside the UK: Resident 2 years or more and less than 5 years,2,1,0,1,1,1,0
S01010080,Born outside the UK: Resident 5 years or more and less than 10 years,1,0,0,0,1,0,1
S01010080,Born outside the UK: Resident 10 years or more,10,10,10,0,0,0,0
S01010081,All people in households,701,639,302,337,62,28,34
S01010081,Born in the UK,672,626,294,332,46,18,28
S01010081,Born outside the UK: Total,29,13,8,5,16,10,6
S01010081,Born outside the UK: Resident less than 2 years,6,1,1,0,5,1,4
S01010081,Born outside the UK: Resident 2 years or more and less than 5 years,5,0,0,0,5,5,0
S01010081,Born outside the UK: Resident 5 years or more and less than 10 years,2,0,0,0,2,2,0
S01010081,Born outside the UK: Resident 10 years or more,16,12,7,5,4,2,2
S01010082,All people in households,854,686,279,407,168,11,157
S01010082,Born in the UK,812,664,269,395,148,11,137
S01010082,Born outside the UK: Total,42,22,10,12,20,0,20
S01010082,Born outside the UK: Resident less than 2 years,5,1,0,1,4,0,4
S01010082,Born outside the UK: Resident 2 years or more and less than 5 years,9,5,3,2,4,0,4
S01010082,Born outside the UK: Resident 5 years or more and less than 10 years,12,2,1,1,10,0,10
S01010082,Born outside the UK: Resident 10 years or more,16,14,6,8,2,0,2
S01010083,All people in households,716,497,150,347,219,162,57
S01010083,Born in the UK,689,490,148,342,199,154,45
S01010083,Born outside the UK: Total,27,7,2,5,20,8,12
S01010083,Born outside the UK: Resident less than 2 years,4,1,0,1,3,0,3
S01010083,Born outside the UK: Resident 2 years or more and less than 5 years,1,0,0,0,1,0,1
S01010083,Born outside the UK: Resident 5 years or more and less than 10 years,10,1,0,1,9,3,6
S01010083,Born outside the UK: Resident 10 years or more,12,5,2,3,7,5,2
S01010084,All people in households,878,542,158,384,336,264,72
S01010084,Born in the UK,860,531,155,376,329,261,68
S01010084,Born outside the UK: Total,18,11,3,8,7,3,4
S01010084,Born outside the UK: Resident less than 2 years,2,1,0,1,1,0,1
S01010084,Born outside the UK: Resident 2 years or more and less than 5 years,4,2,0,2,2,0,2
S01010084,Born outside the UK: Resident 5 years or more and less than 10 years,3,2,0,2,1,0,1
S01010084,Born outside the UK: Resident 10 years or more,9,6,3,3,3,3,0
S01010085,All people in households,760,711,277,434,49,23,26
S01010085,Born in the UK,745,703,274,429,42,22,20
S01010085,Born outside the UK: Total,15,8,3,5,7,1,6
S01010085,Born outside the UK: Resident less than 2 years,1,0,0,0,1,0,1
S01010085,Born outside the UK: Resident 2 years or more and less than 5 years,4,3,0,3,1,0,1
S01010085,Born outside the UK: Resident 5 years or more and less than 10 years,0,0,0,0,0,0,0
S01010085,Born outside the UK: Resident 10 years or more,10,5,3,2,5,1,4
S01010086,All people in households,915,516,168,348,399,342,57
S01010086,Born in the UK,900,511,167,344,389,336,53
S01010086,Born outside the UK: Total,15,5,1,4,10,6,4
S01010086,Born outside the UK: Resident less than 2 years,1,0,0,0,1,0,1
S01010086,Born outside the UK: Resident 2 years or more and less than 5 years,0,0,0,0,0,0,0
S01010086,Born outside the UK: Resident 5 years or more and less than 10 years,5,4,0,4,1,0,1
S01010086,Born outside the UK: Resident 10 years or more,9,1,1,0,8,6,2
S01010087,All people in households,573,545,281,264,28,11,17
S01010087,Born in the UK,564,536,274,262,28,11,17
S01010087,Born outside the UK: Total,9,9,7,2,0,0,0
S01010087,Born outside the UK: Resident less than 2 years,0,0,0,0,0,0,0
S01010087,Born outside the UK: Resident 2 years or more and less than 5 years,0,0,0,0,0,0,0
S01010087,Born outside the UK: Resident 5 years or more and less than 10 years,0,0,0,0,0,0,0
S01010087,Born outside the UK: Resident 10 years or more,9,9,7,2,0,0,0
S01010088,All people in households,821,723,40,683,98,33,65
S01010088,Born in the UK,782,697,36,661,85,27,58
S01010088,Born outside the UK: Total,39,26,4,22,13,6,7
S01010088,Born outside the UK: Resident less than 2 years,3,1,0,1,2,1,1
S01010088,Born outside the UK: Resident 2 years or more and less than 5 years,5,2,0,2,3,3,0
S01010088,Born outside the UK: Resident 5 years or more and less than 10 years,8,3,0,3,5,2,3
S01010088,Born outside the UK: Resident 10 years or more,23,20,4,16,3,0,3
S01010089,All people in households,683,436,135,301,247,135,112
S01010089,Born in the UK,639,424,128,296,215,126,89
S01010089,Born outside the UK: Total,44,12,7,5,32,9,23
S01010089,Born outside the UK: Resident less than 2 years,13,1,0,1,12,2,10
S01010089,Born outside the UK: Resident 2 years or more and less than 5 years,6,0,0,0,6,3,3
S01010089,Born outside the UK: Resident 5 years or more and less than 10 years,6,2,1,1,4,0,4
S01010089,Born outside the UK: Resident 10 years or more,19,9,6,3,10,4,6
S01010090,All people in households,1054,824,200,624,230,84,146
S01010090,Born in the UK,1026,817,197,620,209,80,129
S01010090,Born outside the UK: Total,28,7,3,4,21,4,17
S01010090,Born outside the UK: Resident less than 2 years,5,0,0,0,5,2,3
S01010090,Born outside the UK: Resident 2 years or more and less than 5 years,3,0,0,0,3,0,3
S01010090,Born outside the UK: Resident 5 years or more and less than 10 years,7,1,0,1,6,0,6
S01010090,Born outside the UK: Resident 10 years or more,13,6,3,3,7,2,5
S01010091,All people in households,866,551,78,473,315,209,106
S01010091,Born in the UK,838,533,73,460,305,208,97
S01010091,Born outside the UK: Total,28,18,5,13,10,1,9
S01010091,Born outside the UK: Resident less than 2 years,4,0,0,0,4,0,4
S01010091,Born outside the UK: Resident 2 years or more and less than 5 years,6,2,1,1,4,1,3
S01010091,Born outside the UK: Resident 5 years or more and less than 10 years,3,3,0,3,0,0,0
S01010091,Born outside the UK: Resident 10 years or more,15,13,4,9,2,0,2
S01010092,All people in households,958,490,176,314,468,362,106
S01010092,Born in the UK,917,471,172,299,446,349,97
S01010092,Born outside the UK: Total,41,19,4,15,22,13,9
S01010092,Born outside the UK: Resident less than 2 years,11,2,2,0,9,8,1
S01010092,Born outside the UK: Resident 2 years or more and less than 5 years,11,2,0,2,9,1,8
S01010092,Born outside the UK: Resident 5 years or more and less than 10 years,9,9,0,9,0,0,0
S01010092,Born outside the UK: Resident 10 years or more,10,6,2,4,4,4,0
S01010093,All people in households,869,696,204,492,173,71,102
S01010093,Born in the UK,837,677,198,479,160,65,95
S01010093,Born outside the UK: Total,32,19,6,13,13,6,7
S01010093,Born outside the UK: Resident less than 2 years,1,0,0,0,1,0,1
S01010093,Born outside the UK: Resident 2 years or more and less than 5 years,2,1,0,1,1,0,1
S01010093,Born outside the UK: Resident 5 years or more and less than 10 years,11,4,1,3,7,4,3
S01010093,Born outside the UK: Resident 10 years or more,18,14,5,9,4,2,2
S01010094,All people in households,687,597,252,345,90,58,32
S01010094,Born in the UK,672,584,245,339,88,57,31
S01010094,Born outside the UK: Total,15,13,7,6,2,1,1
S01010094,Born outside the UK: Resident less than 2 years,2,0,0,0,2,1,1
S01010094,Born outside the UK: Resident 2 years or more and less than 5 years,0,0,0,0,0,0,0
S01010094,Born outside the UK: Resident 5 years or more and less than 10 years,1,1,0,1,0,0,0
S01010094,Born outside the UK: Resident 10 years or more,12,12,7,5,0,0,0
S01010095,All people in households,696,678,245,433,18,0,18
S01010095,Born in the UK,686,669,243,426,17,0,17
S01010095,Born outside the UK: Total,10,9,2,7,1,0,1
S01010095,Born outside the UK: Resident less than 2 years,1,0,0,0,1,0,1
S01010095,Born outside the UK: Resident 2 years or more and less than 5 years,1,1,0,1,0,0,0
S01010095,Born outside the UK: Resident 5 years or more and less than 10 years,1,1,0,1,0,0,0
S01010095,Born outside the UK: Resident 10 years or more,7,7,2,5,0,0,0
S01010096,All people in households,752,711,255,456,41,13,28
S01010096,Born in the UK,735,695,250,445,40,12,28
S01010096,Born outside the UK: Total,17,16,5,11,1,1,0
S01010096,Born outside the UK: Resident less than 2 years,0,0,0,0,0,0,0
S01010096,Born outside the UK: Resident 2 years or more and less than 5 years,3,2,1,1,1,1,0
S01010096,Born outside the UK: Resident 5 years or more and less than 10 years,2,2,0,2,0,0,0
S01010096,Born outside the UK: Resident 10 years or more,12,12,4,8,0,0,0
S01010097,All people in households,731,616,222,394,115,52,63
S01010097,Born in the UK,705,596,211,385,109,48,61
S01010097,Born outside the UK: Total,26,20,11,9,6,4,2
S01010097,Born outside the UK: Resident less than 2 years,1,0,0,0,1,0,1
S01010097,Born outside the UK: Resident 2 years or more and less than 5 years,0,0,0,0,0,0,0
S01010097,Born outside the UK: Resident 5 years or more and less than 10 years,10,9,6,3,1,0,1
S01010097,Born outside the UK: Resident 10 years or more,15,11,5,6,4,4,0
S01010098,All people in households,727,706,268,438,21,6,15
S01010098,Born in the UK,714,693,262,431,21,6,15
S01010098,Born outside the UK: Total,13,13,6,7,0,0,0
S01010098,Born outside the UK: Resident less than 2 years,4,4,0,4,0,0,0
S01010098,Born outside the UK: Resident 2 years or more and less than 5 years,1,1,0,1,0,0,0
S01010098,Born outside the UK: Resident 5 years or more and less than 10 years,1,1,0,1,0,0,0
S01010098,Born outside the UK: Resident 10 years or more,7,7,6,1,0,0,0
S01010099,All people in households,699,657,274,383,42,8,34
S01010099,Born in the UK,692,650,270,380,42,8,34
S01010099,Born outside the UK: Total,7,7,4,3,0,0,0
S01010099,Born outside the UK: Resident less than 2 years,0,0,0,0,0,0,0
S01010099,Born outside the UK: Resident 2 years or more and less than 5 years,0,0,0,0,0,0,0
S01010099,Born outside the UK: Resident 5 years or more and less than 10 years,1,1,1,0,0,0,0
S01010099,Born outside the UK: Resident 10 years or more,6,6,3,3,0,0,0
S01010100,All people in households,886,795,266,529,91,48,43
S01010100,Born in the UK,853,766,253,513,87,45,42
S01010100,Born outside the UK: Total,33,29,13,16,4,3,1
S01010100,Born outside the UK: Resident less than 2 years,0,0,0,0,0,0,0
S01010100,Born outside the UK: Resident 2 years or more and less than 5 years,1,1,1,0,0,0,0
S01010100,Born outside the UK: Resident 5 years or more and less than 10 years,4,1,0,1,3,2,1
S01010100,Born outside the UK: Resident 10 years or more,28,27,12,15,1,1,0
S01010101,All people in households,719,633,228,405,86,28,58
S01010101,Born in the UK,688,621,225,396,67,19,48
S01010101,Born outside the UK: Total,31,12,3,9,19,9,10
S01010101,Born outside the UK: Resident less than 2 years,8,3,0,3,5,2,3
S01010101,Born outside the UK: Resident 2 years or more and less than 5 years,7,0,0,0,7,3,4
S01010101,Born outside the UK: Resident 5 years or more and less than 10 years,4,0,0,0,4,2,2
S01010101,Born outside the UK: Resident 10 years or more,12,9,3,6,3,2,1
S01010102,All people in households,939,883,157,726,56,21,35
S01010102,Born in the UK,890,845,142,703,45,13,32
S01010102,Born outside the UK: Total,49,38,15,23,11,8,3
S01010102,Born outside the UK: Resident less than 2 years,3,0,0,0,3,1,2
S01010102,Born outside the UK: Resident 2 years or more and less than 5 years,4,1,0,1,3,2,1
S01010102,Born outside the UK: Resident 5 years or more and less than 10 years,11,7,5,2,4,4,0
S01010102,Born outside the UK: Resident 10 years or more,31,30,10,20,1,1,0
S01010103,All people in households,974,930,149,781,44,6,38
S01010103,Born in the UK,937,898,138,760,39,3,36
S01010103,Born outside the UK: Total,37,32,11,21,5,3,2
S01010103,Born outside the UK: Resident less than 2 years,0,0,0,0,0,0,0
S01010103,Born outside the UK: Resident 2 years or more and less than 5 years,6,5,0,5,1,1,0
S01010103,Born outside the UK: Resident 5 years or more and less than 10 years,5,4,1,3,1,1,0
S01010103,Born outside the UK: Resident 10 years or more,26,23,10,13,3,1,2
S01010104,All people in households,755,700,57,643,55,13,42
S01010104,Born in the UK,735,682,52,630,53,12,41
S01010104,Born outside the UK: Total,20,18,5,13,2,1,1
S01010104,Born outside the UK: Resident less than 2 years,3,2,2,0,1,1,0
S01010104,Born outside the UK: Resident 2 years or more and less than 5 years,0,0,0,0,0,0,0
S01010104,Born outside the UK: Resident 5 years or more and less than 10 years,0,0,0,0,0,0,0
S01010104,Born outside the UK: Resident 10 years or more,17,16,3,13,1,0,1
S01010105,All people in households,406,126,25,101,280,218,62
S01010105,Born in the UK,384,125,25,100,259,213,46
S01010105,Born outside the UK: Total,22,1,0,1,21,5,16
S01010105,Born outside the UK: Resident less than 2 years,5,0,0,0,5,0,5
S01010105,Born outside the UK: Resident 2 years or more and less than 5 years,3,0,0,0,3,1,2
S01010105,Born outside the UK: Resident 5 years or more and less than 10 years,12,0,0,0,12,3,9
S01010105,Born outside the UK: Resident 10 years or more,2,1,0,1,1,1,0
S01010106,All people in households,442,172,70,102,270,251,19
S01010106,Born in the UK,428,166,68,98,262,243,19
S01010106,Born outside the UK: Total,14,6,2,4,8,8,0
S01010106,Born outside the UK: Resident less than 2 years,6,3,0,3,3,3,0
S01010106,Born outside the UK: Resident 2 years or more and less than 5 years,5,0,0,0,5,5,0
S01010106,Born outside the UK: Resident 5 years or more and less than 10 years,0,0,0,0,0,0,0
S01010106,Born outside the UK: Resident 10 years or more,3,3,2,1,0,0,0
S01010107,All people in households,793,303,46,257,490,300,190
S01010107,Born in the UK,753,294,43,251,459,287,172
S01010107,Born outside the UK: Total,40,9,3,6,31,13,18
S01010107,Born outside the UK: Resident less than 2 years,7,1,0,1,6,2,4
S01010107,Born outside the UK: Resident 2 years or more and less than 5 years,9,0,0,0,9,3,6
S01010107,Born outside the UK: Resident 5 years or more and less than 10 years,12,5,0,5,7,5,2
S01010107,Born outside the UK: Resident 10 years or more,12,3,3,0,9,3,6
S01010108,All people in households,733,469,80,389,264,219,45
S01010108,Born in the UK,717,463,78,385,254,215,39
S01010108,Born outside the UK: Total,16,6,2,4,10,4,6
S01010108,Born outside the UK: Resident less than 2 years,4,0,0,0,4,0,4
S01010108,Born outside the UK: Resident 2 years or more and less than 5 years,3,0,0,0,3,3,0
S01010108,Born outside the UK: Resident 5 years or more and less than 10 years,5,3,0,3,2,1,1
S01010108,Born outside the UK: Resident 10 years or more,4,3,2,1,1,0,1
S01010109,All people in households,731,380,73,307,351,176,175
S01010109,Born in the UK,698,375,72,303,323,168,155
S01010109,Born outside the UK: Total,33,5,1,4,28,8,20
S01010109,Born outside the UK: Resident less than 2 years,6,0,0,0,6,1,5
S01010109,Born outside the UK: Resident 2 years or more and less than 5 years,10,0,0,0,10,3,7
S01010109,Born outside the UK: Resident 5 years or more and less than 10 years,7,0,0,0,7,2,5
S01010109,Born outside the UK: Resident 10 years or more,10,5,1,4,5,2,3
S01010110,All people in households,805,182,75,107,623,585,38
S01010110,Born in the UK,780,177,71,106,603,566,37
S01010110,Born outside the UK: Total,25,5,4,1,20,19,1
S01010110,Born outside the UK: Resident less than 2 years,7,3,2,1,4,4,0
S01010110,Born outside the UK: Resident 2 years or more and less than 5 years,12,1,1,0,11,11,0
S01010110,Born outside the UK: Resident 5 years or more and less than 10 years,4,0,0,0,4,4,0
S01010110,Born outside the UK: Resident 10 years or more,2,1,1,0,1,0,1
S01010111,All people in households,986,151,39,112,835,807,28
S01010111,Born in the UK,953,144,33,111,809,785,24
S01010111,Born outside the UK: Total,33,7,6,1,26,22,4
S01010111,Born outside the UK: Resident less than 2 years,3,0,0,0,3,0,3
S01010111,Born outside the UK: Resident 2 years or more and less than 5 years,13,0,0,0,13,12,1
S01010111,Born outside the UK: Resident 5 years or more and less than 10 years,5,1,1,0,4,4,0
S01010111,Born outside the UK: Resident 10 years or more,12,6,5,1,6,6,0
S01010112,All people in households,949,82,11,71,867,861,6
S01010112,Born in the UK,921,81,11,70,840,836,4
S01010112,Born outside the UK: Total,28,1,0,1,27,25,2
S01010112,Born outside the UK: Resident less than 2 years,3,1,0,1,2,2,0
S01010112,Born outside the UK: Resident 2 years or more and less than 5 years,15,0,0,0,15,13,2
S01010112,Born outside the UK: Resident 5 years or more and less than 10 years,5,0,0,0,5,5,0
S01010112,Born outside the UK: Resident 10 years or more,5,0,0,0,5,5,0
S01010113,All people in households,551,143,35,108,408,332,76
S01010113,Born in the UK,525,139,34,105,386,326,60
S01010113,Born outside the UK: Total,26,4,1,3,22,6,16
S01010113,Born outside the UK: Resident less than 2 years,8,0,0,0,8,1,7
S01010113,Born outside the UK: Resident 2 years or more and less than 5 years,7,3,0,3,4,4,0
S01010113,Born outside the UK: Resident 5 years or more and less than 10 years,10,0,0,0,10,1,9
S01010113,Born outside the UK: Resident 10 years or more,1,1,1,0,0,0,0
S01010114,All people in households,777,66,23,43,711,702,9
S01010114,Born in the UK,720,60,20,40,660,654,6
S01010114,Born outside the UK: Total,57,6,3,3,51,48,3
S01010114,Born outside the UK: Resident less than 2 years,11,2,0,2,9,7,2
S01010114,Born outside the UK: Resident 2 years or more and less than 5 years,36,2,2,0,34,33,1
S01010114,Born outside the UK: Resident 5 years or more and less than 10 years,2,0,0,0,2,2,0
S01010114,Born outside the UK: Resident 10 years or more,8,2,1,1,6,6,0
S01010115,All people in households,632,484,94,390,148,89,59
S01010115,Born in the UK,612,473,91,382,139,87,52
S01010115,Born outside the UK: Total,20,11,3,8,9,2,7
S01010115,Born outside the UK: Resident less than 2 years,8,2,0,2,6,0,6
S01010115,Born outside the UK: Resident 2 years or more and less than 5 years,0,0,0,0,0,0,0
S01010115,Born outside the UK: Resident 5 years or more and less than 10 years,4,3,0,3,1,0,1
S01010115,Born outside the UK: Resident 10 years or more,8,6,3,3,2,2,0
S01010116,All people in households,1020,744,75,669,276,117,159
S01010116,Born in the UK,928,690,72,618,238,110,128
S01010116,Born outside the UK: Total,92,54,3,51,38,7,31
S01010116,Born outside the UK: Resident less than 2 years,27,5,0,5,22,0,22
S01010116,Born outside the UK: Resident 2 years or more and less than 5 years,20,11,0,11,9,1,8
S01010116,Born outside the UK: Resident 5 years or more and less than 10 years,27,25,0,25,2,2,0
S01010116,Born outside the UK: Resident 10 years or more,18,13,3,10,5,4,1
S01010117,All people in households,653,509,48,461,144,90,54
S01010117,Born in the UK,596,473,42,431,123,79,44
S01010117,Born outside the UK: Total,57,36,6,30,21,11,10
S01010117,Born outside the UK: Resident less than 2 years,7,3,0,3,4,2,2
S01010117,Born outside the UK: Resident 2 years or more and less than 5 years,12,6,0,6,6,1,5
S01010117,Born outside the UK: Resident 5 years or more and less than 10 years,18,14,4,10,4,4,0
S01010117,Born outside the UK: Resident 10 years or more,20,13,2,11,7,4,3
S01010118,All people in households,678,48,25,23,630,610,20
S01010118,Born in the UK,653,46,25,21,607,591,16
S01010118,Born outside the UK: Total,25,2,0,2,23,19,4
S01010118,Born outside the UK: Resident less than 2 years,6,0,0,0,6,6,0
S01010118,Born outside the UK: Resident 2 years or more and less than 5 years,5,0,0,0,5,5,0
S01010118,Born outside the UK: Resident 5 years or more and less than 10 years,9,2,0,2,7,5,2
S01010118,Born outside the UK: Resident 10 years or more,5,0,0,0,5,3,2
S01010119,All people in households,543,81,1,80,462,441,21
S01010119,Born in the UK,519,73,1,72,446,435,11
S01010119,Born outside the UK: Total,24,8,0,8,16,6,10
S01010119,Born outside the UK: Resident less than 2 years,0,0,0,0,0,0,0
S01010119,Born outside the UK: Resident 2 years or more and less than 5 years,5,0,0,0,5,1,4
S01010119,Born outside the UK: Resident 5 years or more and less than 10 years,11,4,0,4,7,3,4
S01010119,Born outside the UK: Resident 10 years or more,8,4,0,4,4,2,2
S01010120,All people in households,1045,130,14,116,915,879,36
S01010120,Born in the UK,1005,126,13,113,879,846,33
S01010120,Born outside the UK: Total,40,4,1,3,36,33,3
S01010120,Born outside the UK: Resident less than 2 years,6,0,0,0,6,6,0
S01010120,Born outside the UK: Resident 2 years or more and less than 5 years,9,0,0,0,9,8,1
S01010120,Born outside the UK: Resident 5 years or more and less than 10 years,13,1,0,1,12,11,1
S01010120,Born outside the UK: Resident 10 years or more,12,3,1,2,9,8,1
S01010121,All people in households,675,59,10,49,616,601,15
S01010121,Born in the UK,657,57,9,48,600,587,13
S01010121,Born outside the UK: Total,18,2,1,1,16,14,2
S01010121,Born outside the UK: Resident less than 2 years,2,1,0,1,1,1,0
S01010121,Born outside the UK: Resident 2 years or more and less than 5 years,8,0,0,0,8,8,0
S01010121,Born outside the UK: Resident 5 years or more and less than 10 years,4,0,0,0,4,2,2
S01010121,Born outside the UK: Resident 10 years or more,4,1,1,0,3,3,0
S01010122,All people in households,425,41,26,15,384,373,11
S01010122,Born in the UK,411,39,24,15,372,366,6
S01010122,Born outside the UK: Total,14,2,2,0,12,7,5
S01010122,Born outside the UK: Resident less than 2 years,6,0,0,0,6,5,1
S01010122,Born outside the UK: Resident 2 years or more and less than 5 years,3,0,0,0,3,1,2
S01010122,Born outside the UK: Resident 5 years or more and less than 10 years,1,0,0,0,1,0,1
S01010122,Born outside the UK: Resident 10 years or more,4,2,2,0,2,1,1
S01010123,All people in households,733,100,23,77,633,609,24
S01010123,Born in the UK,662,92,22,70,570,551,19
S01010123,Born outside the UK: Total,71,8,1,7,63,58,5
S01010123,Born outside the UK: Resident less than 2 years,11,2,0,2,9,5,4
S01010123,Born outside the UK: Resident 2 years or more and less than 5 years,24,0,0,0,24,24,0
S01010123,Born outside the UK: Resident 5 years or more and less than 10 years,23,1,0,1,22,22,0
S01010123,Born outside the UK: Resident 10 years or more,13,5,1,4,8,7,1
S01010124,All people in households,646,440,61,379,206,68,138
S01010124,Born in the UK,610,431,59,372,179,61,118
S01010124,Born outside the UK: Total,36,9,2,7,27,7,20
S01010124,Born outside the UK: Resident less than 2 years,13,0,0,0,13,3,10
S01010124,Born outside the UK: Resident 2 years or more and less than 5 years,7,0,0,0,7,3,4
S01010124,Born outside the UK: Resident 5 years or more and less than 10 years,8,3,0,3,5,1,4
S01010124,Born outside the UK: Resident 10 years or more,8,6,2,4,2,0,2
S01010125,All people in households,548,208,42,166,340,308,32
S01010125,Born in the UK,500,188,42,146,312,297,15
S01010125,Born outside the UK: Total,48,20,0,20,28,11,17
S01010125,Born outside the UK: Resident less than 2 years,12,0,0,0,12,0,12
S01010125,Born outside the UK: Resident 2 years or more and less than 5 years,17,6,0,6,11,6,5
S01010125,Born outside the UK: Resident 5 years or more and less than 10 years,13,10,0,10,3,3,0
S01010125,Born outside the UK: Resident 10 years or more,6,4,0,4,2,2,0
S01010126,All people in households,730,491,73,418,239,202,37
S01010126,Born in the UK,713,486,72,414,227,199,28
S01010126,Born outside the UK: Total,17,5,1,4,12,3,9
S01010126,Born outside the UK: Resident less than 2 years,6,0,0,0,6,0,6
S01010126,Born outside the UK: Resident 2 years or more and less than 5 years,2,0,0,0,2,2,0
S01010126,Born outside the UK: Resident 5 years or more and less than 10 years,4,0,0,0,4,1,3
S01010126,Born outside the UK: Resident 10 years or more,5,5,1,4,0,0,0
S01010127,All people in households,620,248,87,161,372,354,18
S01010127,Born in the UK,616,247,87,160,369,351,18
S01010127,Born outside the UK: Total,4,1,0,1,3,3,0
S01010127,Born outside the UK: Resident less than 2 years,1,1,0,1,0,0,0
S01010127,Born outside the UK: Resident 2 years or more and less than 5 years,1,0,0,0,1,1,0
S01010127,Born outside the UK: Resident 5 years or more and less than 10 years,0,0,0,0,0,0,0
S01010127,Born outside the UK: Resident 10 years or more,2,0,0,0,2,2,0
S01010128,All people in households,492,44,3,41,448,439,9
S01010128,Born in the UK,456,41,3,38,415,406,9
S01010128,Born outside the UK: Total,36,3,0,3,33,33,0
S01010128,Born outside the UK: Resident less than 2 years,7,0,0,0,7,7,0
S01010128,Born outside the UK: Resident 2 years or more and less than 5 years,14,2,0,2,12,12,0
S01010128,Born outside the UK: Resident 5 years or more and less than 10 years,14,0,0,0,14,14,0
S01010128,Born outside the UK: Resident 10 years or more,1,1,0,1,0,0,0
S01010129,All people in households,719,105,22,83,614,569,45
S01010129,Born in the UK,682,92,18,74,590,547,43
S01010129,Born outside the UK: Total,37,13,4,9,24,22,2
S01010129,Born outside the UK: Resident less than 2 years,16,10,2,8,6,6,0
S01010129,Born outside the UK: Resident 2 years or more and less than 5 years,10,0,0,0,10,9,1
S01010129,Born outside the UK: Resident 5 years or more and less than 10 years,6,1,1,0,5,4,1
S01010129,Born outside the UK: Resident 10 years or more,5,2,1,1,3,3,0
S01010130,All people in households,416,100,18,82,316,304,12
S01010130,Born in the UK,410,97,18,79,313,303,10
S01010130,Born outside the UK: Total,6,3,0,3,3,1,2
S01010130,Born outside the UK: Resident less than 2 years,2,2,0,2,0,0,0
S01010130,Born outside the UK: Resident 2 years or more and less than 5 years,3,0,0,0,3,1,2
S01010130,Born outside the UK: Resident 5 years or more and less than 10 years,0,0,0,0,0,0,0
S01010130,Born outside the UK: Resident 10 years or more,1,1,0,1,0,0,0
S01010131,All people in households,908,865,308,557,43,9,34
S01010131,Born in the UK,872,833,289,544,39,9,30
S01010131,Born outside the UK: Total,36,32,19,13,4,0,4
S01010131,Born outside the UK: Resident less than 2 years,2,1,1,0,1,0,1
S01010131,Born outside the UK: Resident 2 years or more and less than 5 years,1,1,0,1,0,0,0
S01010131,Born outside the UK: Resident 5 years or more and less than 10 years,3,1,1,0,2,0,2
S01010131,Born outside the UK: Resident 10 years or more,30,29,17,12,1,0,1
S01010132,All people in households,969,355,171,184,614,509,105
S01010132,Born in the UK,916,347,167,180,569,469,100
S01010132,Born outside the UK: Total,53,8,4,4,45,40,5
S01010132,Born outside the UK: Resident less than 2 years,13,1,0,1,12,12,0
S01010132,Born outside the UK: Resident 2 years or more and less than 5 years,21,0,0,0,21,17,4
S01010132,Born outside the UK: Resident 5 years or more and less than 10 years,10,2,1,1,8,7,1
S01010132,Born outside the UK: Resident 10 years or more,9,5,3,2,4,4,0
S01010133,All people in households,713,272,110,162,441,397,44
S01010133,Born in the UK,682,259,108,151,423,387,36
S01010133,Born outside the UK: Total,31,13,2,11,18,10,8
S01010133,Born outside the UK: Resident less than 2 years,6,0,0,0,6,6,0
S01010133,Born outside the UK: Resident 2 years or more and less than 5 years,10,3,0,3,7,1,6
S01010133,Born outside the UK: Resident 5 years or more and less than 10 years,3,2,0,2,1,0,1
S01010133,Born outside the UK: Resident 10 years or more,12,8,2,6,4,3,1
S01010134,All people in households,995,523,203,320,472,361,111
S01010134,Born in the UK,969,517,200,317,452,355,97
S01010134,Born outside the UK: Total,26,6,3,3,20,6,14
S01010134,Born outside the UK: Resident less than 2 years,6,0,0,0,6,0,6
S01010134,Born outside the UK: Resident 2 years or more and less than 5 years,5,0,0,0,5,0,5
S01010134,Born outside the UK: Resident 5 years or more and less than 10 years,5,1,0,1,4,2,2
S01010134,Born outside the UK: Resident 10 years or more,10,5,3,2,5,4,1
S01010135,All people in households,768,405,190,215,363,299,64
S01010135,Born in the UK,749,399,187,212,350,297,53
S01010135,Born outside the UK: Total,19,6,3,3,13,2,11
S01010135,Born outside the UK: Resident less than 2 years,10,0,0,0,10,0,10
S01010135,Born outside the UK: Resident 2 years or more and less than 5 years,1,0,0,0,1,1,0
S01010135,Born outside the UK: Resident 5 years or more and less than 10 years,1,1,0,1,0,0,0
S01010135,Born outside the UK: Resident 10 years or more,7,5,3,2,2,1,1
S01010136,All people in households,809,601,199,402,208,105,103
S01010136,Born in the UK,793,593,197,396,200,100,100
S01010136,Born outside the UK: Total,16,8,2,6,8,5,3
S01010136,Born outside the UK: Resident less than 2 years,1,0,0,0,1,0,1
S01010136,Born outside the UK: Resident 2 years or more and less than 5 years,0,0,0,0,0,0,0
S01010136,Born outside the UK: Resident 5 years or more and less than 10 years,6,1,0,1,5,3,2
S01010136,Born outside the UK: Resident 10 years or more,9,7,2,5,2,2,0
S01010137,All people in households,967,548,222,326,419,262,157
S01010137,Born in the UK,946,544,221,323,402,252,150
S01010137,Born outside the UK: Total,21,4,1,3,17,10,7
S01010137,Born outside the UK: Resident less than 2 years,4,0,0,0,4,3,1
S01010137,Born outside the UK: Resident 2 years or more and less than 5 years,5,0,0,0,5,2,3
S01010137,Born outside the UK: Resident 5 years or more and less than 10 years,3,1,0,1,2,0,2
S01010137,Born outside the UK: Resident 10 years or more,9,3,1,2,6,5,1
S01010138,All people in households,941,204,105,99,737,701,36
S01010138,Born in the UK,872,197,102,95,675,646,29
S01010138,Born outside the UK: Total,69,7,3,4,62,55,7
S01010138,Born outside the UK: Resident less than 2 years,23,1,0,1,22,18,4
S01010138,Born outside the UK: Resident 2 years or more and less than 5 years,21,1,0,1,20,17,3
S01010138,Born outside the UK: Resident 5 years or more and less than 10 years,10,0,0,0,10,10,0
S01010138,Born outside the UK: Resident 10 years or more,15,5,3,2,10,10,0
S01010139,All people in households,1024,487,195,292,537,420,117
S01010139,Born in the UK,988,478,195,283,510,402,108
S01010139,Born outside the UK: Total,36,9,0,9,27,18,9
S01010139,Born outside the UK: Resident less than 2 years,9,3,0,3,6,4,2
S01010139,Born outside the UK: Resident 2 years or more and less than 5 years,8,0,0,0,8,5,3
S01010139,Born outside the UK: Resident 5 years or more and less than 10 years,10,1,0,1,9,6,3
S01010139,Born outside the UK: Resident 10 years or more,9,5,0,5,4,3,1
S01010140,All people in households,753,465,72,393,288,38,250
S01010140,Born in the UK,692,437,72,365,255,33,222
S01010140,Born outside the UK: Total,61,28,0,28,33,5,28
S01010140,Born outside the UK: Resident less than 2 years,15,2,0,2,13,2,11
S01010140,Born outside the UK: Resident 2 years or more and less than 5 years,20,7,0,7,13,1,12
S01010140,Born outside the UK: Resident 5 years or more and less than 10 years,13,13,0,13,0,0,0
S01010140,Born outside the UK: Resident 10 years or more,13,6,0,6,7,2,5
S01010141,All people in households,807,148,40,108,659,566,93
S01010141,Born in the UK,761,138,40,98,623,554,69
S01010141,Born outside the UK: Total,46,10,0,10,36,12,24
S01010141,Born outside the UK: Resident less than 2 years,14,1,0,1,13,2,11
S01010141,Born outside the UK: Resident 2 years or more and less than 5 years,14,2,0,2,12,5,7
S01010141,Born outside the UK: Resident 5 years or more and less than 10 years,12,6,0,6,6,3,3
S01010141,Born outside the UK: Resident 10 years or more,6,1,0,1,5,2,3
S01010142,All people in households,572,266,84,182,306,230,76
S01010142,Born in the UK,549,264,84,180,285,215,70
S01010142,Born outside the UK: Total,23,2,0,2,21,15,6
S01010142,Born outside the UK: Resident less than 2 years,7,0,0,0,7,5,2
S01010142,Born outside the UK: Resident 2 years or more and less than 5 years,7,0,0,0,7,7,0
S01010142,Born outside the UK: Resident 5 years or more and less than 10 years,6,1,0,1,5,2,3
S01010142,Born outside the UK: Resident 10 years or more,3,1,0,1,2,1,1
S01010143,All people in households,739,403,137,266,336,287,49
S01010143,Born in the UK,725,396,132,264,329,282,47
S01010143,Born outside the UK: Total,14,7,5,2,7,5,2
S01010143,Born outside the UK: Resident less than 2 years,2,0,0,0,2,2,0
S01010143,Born outside the UK: Resident 2 years or more and less than 5 years,4,1,1,0,3,1,2
S01010143,Born outside the UK: Resident 5 years or more and less than 10 years,0,0,0,0,0,0,0
S01010143,Born outside the UK: Resident 10 years or more,8,6,4,2,2,2,0
S01010144,All people in households,700,235,60,175,465,333,132
S01010144,Born in the UK,600,226,59,167,374,271,103
S01010144,Born outside the UK: Total,100,9,1,8,91,62,29
S01010144,Born outside the UK: Resident less than 2 years,25,1,1,0,24,10,14
S01010144,Born outside the UK: Resident 2 years or more and less than 5 years,47,3,0,3,44,35,9
S01010144,Born outside the UK: Resident 5 years or more and less than 10 years,19,1,0,1,18,15,3
S01010144,Born outside the UK: Resident 10 years or more,9,4,0,4,5,2,3
S01010145,All people in households,778,376,133,243,402,154,248
S01010145,Born in the UK,665,359,127,232,306,150,156
S01010145,Born outside the UK: Total,113,17,6,11,96,4,92
S01010145,Born outside the UK: Resident less than 2 years,27,0,0,0,27,2,25
S01010145,Born outside the UK: Resident 2 years or more and less than 5 years,53,6,0,6,47,0,47
S01010145,Born outside the UK: Resident 5 years or more and less than 10 years,18,2,1,1,16,0,16
S01010145,Born outside the UK: Resident 10 years or more,15,9,5,4,6,2,4
S01010146,All people in households,765,216,36,180,549,456,93
S01010146,Born in the UK,677,201,35,166,476,418,58
S01010146,Born outside the UK: Total,88,15,1,14,73,38,35
S01010146,Born outside the UK: Resident less than 2 years,30,0,0,0,30,5,25
S01010146,Born outside the UK: Resident 2 years or more and less than 5 years,30,5,1,4,25,17,8
S01010146,Born outside the UK: Resident 5 years or more and less than 10 years,15,8,0,8,7,6,1
S01010146,Born outside the UK: Resident 10 years or more,13,2,0,2,11,10,1
S01010147,All people in households,953,152,24,128,801,676,125
S01010147,Born in the UK,899,148,24,124,751,656,95
S01010147,Born outside the UK: Total,54,4,0,4,50,20,30
S01010147,Born outside the UK: Resident less than 2 years,18,0,0,0,18,2,16
S01010147,Born outside the UK: Resident 2 years or more and less than 5 years,23,2,0,2,21,12,9
S01010147,Born outside the UK: Resident 5 years or more and less than 10 years,5,2,0,2,3,2,1
S01010147,Born outside the UK: Resident 10 years or more,8,0,0,0,8,4,4
S01010148,All people in households,784,206,84,122,578,489,89
S01010148,Born in the UK,742,194,83,111,548,471,77
S01010148,Born outside the UK: Total,42,12,1,11,30,18,12
S01010148,Born outside the UK: Resident less than 2 years,5,0,0,0,5,5,0
S01010148,Born outside the UK: Resident 2 years or more and less than 5 years,15,0,0,0,15,6,9
S01010148,Born outside the UK: Resident 5 years or more and less than 10 years,10,8,0,8,2,1,1
S01010148,Born outside the UK: Resident 10 years or more,12,4,1,3,8,6,2
S01010149,All people in households,499,342,42,300,157,64,93
S01010149,Born in the UK,458,310,42,268,148,62,86
S01010149,Born outside the UK: Total,41,32,0,32,9,2,7
S01010149,Born outside the UK: Resident less than 2 years,7,1,0,1,6,0,6
S01010149,Born outside the UK: Resident 2 years or more and less than 5 years,16,16,0,16,0,0,0
S01010149,Born outside the UK: Resident 5 years or more and less than 10 years,6,3,0,3,3,2,1
S01010149,Born outside the UK: Resident 10 years or more,12,12,0,12,0,0,0
S01010150,All people in households,604,239,131,108,365,282,83
S01010150,Born in the UK,581,229,128,101,352,278,74
S01010150,Born outside the UK: Total,23,10,3,7,13,4,9
S01010150,Born outside the UK: Resident less than 2 years,3,1,0,1,2,0,2
S01010150,Born outside the UK: Resident 2 years or more and less than 5 years,4,1,0,1,3,0,3
S01010150,Born outside the UK: Resident 5 years or more and less than 10 years,10,4,1,3,6,2,4
S01010150,Born outside the UK: Resident 10 years or more,6,4,2,2,2,2,0
S01010151,All people in households,625,249,116,133,376,351,25
S01010151,Born in the UK,607,244,113,131,363,343,20
S01010151,Born outside the UK: Total,18,5,3,2,13,8,5
S01010151,Born outside the UK: Resident less than 2 years,5,0,0,0,5,3,2
S01010151,Born outside the UK: Resident 2 years or more and less than 5 years,5,2,2,0,3,3,0
S01010151,Born outside the UK: Resident 5 years or more and less than 10 years,2,0,0,0,2,0,2
S01010151,Born outside the UK: Resident 10 years or more,6,3,1,2,3,2,1
S01010152,All people in households,851,546,208,338,305,186,119
S01010152,Born in the UK,797,518,203,315,279,175,104
S01010152,Born outside the UK: Total,54,28,5,23,26,11,15
S01010152,Born outside the UK: Resident less than 2 years,3,0,0,0,3,2,1
S01010152,Born outside the UK: Resident 2 years or more and less than 5 years,34,17,3,14,17,6,11
S01010152,Born outside the UK: Resident 5 years or more and less than 10 years,5,2,0,2,3,3,0
S01010152,Born outside the UK: Resident 10 years or more,12,9,2,7,3,0,3
S01010153,All people in households,908,487,154,333,421,329,92
S01010153,Born in the UK,865,471,151,320,394,315,79
S01010153,Born outside the UK: Total,43,16,3,13,27,14,13
S01010153,Born outside the UK: Resident less than 2 years,10,0,0,0,10,6,4
S01010153,Born outside the UK: Resident 2 years or more and less than 5 years,7,1,0,1,6,2,4
S01010153,Born outside the UK: Resident 5 years or more and less than 10 years,14,9,0,9,5,1,4
S01010153,Born outside the UK: Resident 10 years or more,12,6,3,3,6,5,1
S01010154,All people in households,832,489,248,241,343,254,89
S01010154,Born in the UK,810,480,247,233,330,250,80
S01010154,Born outside the UK: Total,22,9,1,8,13,4,9
S01010154,Born outside the UK: Resident less than 2 years,4,0,0,0,4,0,4
S01010154,Born outside the UK: Resident 2 years or more and less than 5 years,3,1,0,1,2,0,2
S01010154,Born outside the UK: Resident 5 years or more and less than 10 years,10,7,0,7,3,3,0
S01010154,Born outside the UK: Resident 10 years or more,5,1,1,0,4,1,3
S01010155,All people in households,700,435,184,251,265,219,46
S01010155,Born in the UK,686,424,178,246,262,218,44
S01010155,Born outside the UK: Total,14,11,6,5,3,1,2
S01010155,Born outside the UK: Resident less than 2 years,2,2,1,1,0,0,0
S01010155,Born outside the UK: Resident 2 years or more and less than 5 years,3,3,3,0,0,0,0
S01010155,Born outside the UK: Resident 5 years or more and less than 10 years,2,2,0,2,0,0,0
S01010155,Born outside the UK: Resident 10 years or more,7,4,2,2,3,1,2
S01010156,All people in households,565,235,98,137,330,304,26
S01010156,Born in the UK,534,228,98,130,306,280,26
S01010156,Born outside the UK: Total,31,7,0,7,24,24,0
S01010156,Born outside the UK: Resident less than 2 years,3,0,0,0,3,3,0
S01010156,Born outside the UK: Resident 2 years or more and less than 5 years,16,3,0,3,13,13,0
S01010156,Born outside the UK: Resident 5 years or more and less than 10 years,4,3,0,3,1,1,0
S01010156,Born outside the UK: Resident 10 years or more,8,1,0,1,7,7,0
S01010157,All people in households,569,76,44,32,493,482,11
S01010157,Born in the UK,552,73,43,30,479,468,11
S01010157,Born outside the UK: Total,17,3,1,2,14,14,0
S01010157,Born outside the UK: Resident less than 2 years,0,0,0,0,0,0,0
S01010157,Born outside the UK: Resident 2 years or more and less than 5 years,8,0,0,0,8,8,0
S01010157,Born outside the UK: Resident 5 years or more and less than 10 years,5,0,0,0,5,5,0
S01010157,Born outside the UK: Resident 10 years or more,4,3,1,2,1,1,0
S01010158,All people in households,913,550,215,335,363,244,119
S01010158,Born in the UK,871,528,213,315,343,241,102
S01010158,Born outside the UK: Total,42,22,2,20,20,3,17
S01010158,Born outside the UK: Resident less than 2 years,13,2,0,2,11,0,11
S01010158,Born outside the UK: Resident 2 years or more and less than 5 years,6,4,0,4,2,0,2
S01010158,Born outside the UK: Resident 5 years or more and less than 10 years,14,10,0,10,4,0,4
S01010158,Born outside the UK: Resident 10 years or more,9,6,2,4,3,3,0
S01010159,All people in households,723,423,191,232,300,251,49
S01010159,Born in the UK,700,418,187,231,282,240,42
S01010159,Born outside the UK: Total,23,5,4,1,18,11,7
S01010159,Born outside the UK: Resident less than 2 years,4,0,0,0,4,2,2
S01010159,Born outside the UK: Resident 2 years or more and less than 5 years,3,1,1,0,2,0,2
S01010159,Born outside the UK: Resident 5 years or more and less than 10 years,6,0,0,0,6,4,2
S01010159,Born outside the UK: Resident 10 years or more,10,4,3,1,6,5,1
S01010160,All people in households,605,57,16,41,548,525,23
S01010160,Born in the UK,354,41,13,28,313,297,16
S01010160,Born outside the UK: Total,251,16,3,13,235,228,7
S01010160,Born outside the UK: Resident less than 2 years,52,3,0,3,49,45,4
S01010160,Born outside the UK: Resident 2 years or more and less than 5 years,106,6,3,3,100,100,0
S01010160,Born outside the UK: Resident 5 years or more and less than 10 years,74,6,0,6,68,66,2
S01010160,Born outside the UK: Resident 10 years or more,19,1,0,1,18,17,1
S01010161,All people in households,636,336,25,311,300,291,9
S01010161,Born in the UK,602,317,25,292,285,277,8
S01010161,Born outside the UK: Total,34,19,0,19,15,14,1
S01010161,Born outside the UK: Resident less than 2 years,5,4,0,4,1,1,0
S01010161,Born outside the UK: Resident 2 years or more and less than 5 years,9,1,0,1,8,8,0
S01010161,Born outside the UK: Resident 5 years or more and less than 10 years,12,10,0,10,2,2,0
S01010161,Born outside the UK: Resident 10 years or more,8,4,0,4,4,3,1
S01010162,All people in households,769,69,18,51,700,687,13
S01010162,Born in the UK,707,68,18,50,639,635,4
S01010162,Born outside the UK: Total,62,1,0,1,61,52,9
S01010162,Born outside the UK: Resident less than 2 years,13,0,0,0,13,9,4
S01010162,Born outside the UK: Resident 2 years or more and less than 5 years,26,0,0,0,26,21,5
S01010162,Born outside the UK: Resident 5 years or more and less than 10 years,19,1,0,1,18,18,0
S01010162,Born outside the UK: Resident 10 years or more,4,0,0,0,4,4,0
S01010163,All people in households,597,226,86,140,371,347,24
S01010163,Born in the UK,574,212,85,127,362,338,24
S01010163,Born outside the UK: Total,23,14,1,13,9,9,0
S01010163,Born outside the UK: Resident less than 2 years,0,0,0,0,0,0,0
S01010163,Born outside the UK: Resident 2 years or more and less than 5 years,11,7,0,7,4,4,0
S01010163,Born outside the UK: Resident 5 years or more and less than 10 years,7,5,0,5,2,2,0
S01010163,Born outside the UK: Resident 10 years or more,5,2,1,1,3,3,0
S01010164,All people in households,749,365,94,271,384,338,46
S01010164,Born in the UK,727,356,94,262,371,330,41
S01010164,Born outside the UK: Total,22,9,0,9,13,8,5
S01010164,Born outside the UK: Resident less than 2 years,4,0,0,0,4,1,3
S01010164,Born outside the UK: Resident 2 years or more and less than 5 years,3,2,0,2,1,0,1
S01010164,Born outside the UK: Resident 5 years or more and less than 10 years,1,0,0,0,1,1,0
S01010164,Born outside the UK: Resident 10 years or more,14,7,0,7,7,6,1
S01010165,All people in households,627,156,107,49,471,458,13
S01010165,Born in the UK,603,150,107,43,453,440,13
S01010165,Born outside the UK: Total,24,6,0,6,18,18,0
S01010165,Born outside the UK: Resident less than 2 years,5,3,0,3,2,2,0
S01010165,Born outside the UK: Resident 2 years or more and less than 5 years,7,0,0,0,7,7,0
S01010165,Born outside the UK: Resident 5 years or more and less than 10 years,6,0,0,0,6,6,0
S01010165,Born outside the UK: Resident 10 years or more,6,3,0,3,3,3,0
S01010166,All people in households,714,387,96,291,327,276,51
S01010166,Born in the UK,689,371,93,278,318,271,47
S01010166,Born outside the UK: Total,25,16,3,13,9,5,4
S01010166,Born outside the UK: Resident less than 2 years,0,0,0,0,0,0,0
S01010166,Born outside the UK: Resident 2 years or more and less than 5 years,6,1,0,1,5,3,2
S01010166,Born outside the UK: Resident 5 years or more and less than 10 years,9,7,0,7,2,0,2
S01010166,Born outside the UK: Resident 10 years or more,10,8,3,5,2,2,0
S01010167,All people in households,792,331,141,190,461,378,83
S01010167,Born in the UK,775,327,139,188,448,373,75
S01010167,Born outside the UK: Total,17,4,2,2,13,5,8
S01010167,Born outside the UK: Resident less than 2 years,0,0,0,0,0,0,0
S01010167,Born outside the UK: Resident 2 years or more and less than 5 years,10,0,0,0,10,3,7
S01010167,Born outside the UK: Resident 5 years or more and less than 10 years,2,0,0,0,2,1,1
S01010167,Born outside the UK: Resident 10 years or more,5,4,2,2,1,1,0
S01010168,All people in households,506,257,55,202,249,178,71
S01010168,Born in the UK,501,253,54,199,248,177,71
S01010168,Born outside the UK: Total,5,4,1,3,1,1,0
S01010168,Born outside the UK: Resident less than 2 years,1,0,0,0,1,1,0
S01010168,Born outside the UK: Resident 2 years or more and less than 5 years,1,1,0,1,0,0,0
S01010168,Born outside the UK: Resident 5 years or more and less than 10 years,0,0,0,0,0,0,0
S01010168,Born outside the UK: Resident 10 years or more,3,3,1,2,0,0,0
S01010169,All people in households,842,314,69,245,528,425,103
S01010169,Born in the UK,743,302,68,234,441,358,83
S01010169,Born outside the UK: Total,99,12,1,11,87,67,20
S01010169,Born outside the UK: Resident less than 2 years,43,0,0,0,43,32,11
S01010169,Born outside the UK: Resident 2 years or more and less than 5 years,18,2,0,2,16,12,4
S01010169,Born outside the UK: Resident 5 years or more and less than 10 years,19,7,0,7,12,10,2
S01010169,Born outside the UK: Resident 10 years or more,19,3,1,2,16,13,3
S01010170,All people in households,533,213,59,154,320,259,61
S01010170,Born in the UK,514,210,57,153,304,252,52
S01010170,Born outside the UK: Total,19,3,2,1,16,7,9
S01010170,Born outside the UK: Resident less than 2 years,8,2,2,0,6,4,2
S01010170,Born outside the UK: Resident 2 years or more and less than 5 years,4,0,0,0,4,1,3
S01010170,Born outside the UK: Resident 5 years or more and less than 10 years,4,0,0,0,4,1,3
S01010170,Born outside the UK: Resident 10 years or more,3,1,0,1,2,1,1
S01010171,All people in households,1038,165,47,118,873,817,56
S01010171,Born in the UK,1020,158,47,111,862,808,54
S01010171,Born outside the UK: Total,18,7,0,7,11,9,2
S01010171,Born outside the UK: Resident less than 2 years,3,1,0,1,2,0,2
S01010171,Born outside the UK: Resident 2 years or more and less than 5 years,5,4,0,4,1,1,0
S01010171,Born outside the UK: Resident 5 years or more and less than 10 years,4,2,0,2,2,2,0
S01010171,Born outside the UK: Resident 10 years or more,6,0,0,0,6,6,0
S01010172,All people in households,696,298,140,158,398,321,77
S01010172,Born in the UK,660,287,137,150,373,304,69
S01010172,Born outside the UK: Total,36,11,3,8,25,17,8
S01010172,Born outside the UK: Resident less than 2 years,2,0,0,0,2,0,2
S01010172,Born outside the UK: Resident 2 years or more and less than 5 years,12,2,0,2,10,6,4
S01010172,Born outside the UK: Resident 5 years or more and less than 10 years,8,3,0,3,5,5,0
S01010172,Born outside the UK: Resident 10 years or more,14,6,3,3,8,6,2
S01010173,All people in households,764,551,186,365,213,183,30
S01010173,Born in the UK,736,540,181,359,196,172,24
S01010173,Born outside the UK: Total,28,11,5,6,17,11,6
S01010173,Born outside the UK: Resident less than 2 years,9,8,3,5,1,0,1
S01010173,Born outside the UK: Resident 2 years or more and less than 5 years,8,0,0,0,8,5,3
S01010173,Born outside the UK: Resident 5 years or more and less than 10 years,7,0,0,0,7,5,2
S01010173,Born outside the UK: Resident 10 years or more,4,3,2,1,1,1,0
S01010174,All people in households,583,464,127,337,119,77,42
S01010174,Born in the UK,571,454,124,330,117,75,42
S01010174,Born outside the UK: Total,12,10,3,7,2,2,0
S01010174,Born outside the UK: Resident less than 2 years,1,1,1,0,0,0,0
S01010174,Born outside the UK: Resident 2 years or more and less than 5 years,2,2,0,2,0,0,0
S01010174,Born outside the UK: Resident 5 years or more and less than 10 years,6,4,1,3,2,2,0
S01010174,Born outside the UK: Resident 10 years or more,3,3,1,2,0,0,0
S01010175,All people in households,480,293,84,209,187,117,70
S01010175,Born in the UK,466,288,83,205,178,112,66
S01010175,Born outside the UK: Total,14,5,1,4,9,5,4
S01010175,Born outside the UK: Resident less than 2 years,2,0,0,0,2,1,1
S01010175,Born outside the UK: Resident 2 years or more and less than 5 years,0,0,0,0,0,0,0
S01010175,Born outside the UK: Resident 5 years or more and less than 10 years,4,1,0,1,3,3,0
S01010175,Born outside the UK: Resident 10 years or more,8,4,1,3,4,1,3
S01010176,All people in households,705,408,157,251,297,236,61
S01010176,Born in the UK,671,398,153,245,273,228,45
S01010176,Born outside the UK: Total,34,10,4,6,24,8,16
S01010176,Born outside the UK: Resident less than 2 years,7,1,0,1,6,0,6
S01010176,Born outside the UK: Resident 2 years or more and less than 5 years,11,0,0,0,11,3,8
S01010176,Born outside the UK: Resident 5 years or more and less than 10 years,8,2,0,2,6,4,2
S01010176,Born outside the UK: Resident 10 years or more,8,7,4,3,1,1,0
S01010177,All people in households,776,139,29,110,637,603,34
S01010177,Born in the UK,718,138,29,109,580,547,33
S01010177,Born outside the UK: Total,58,1,0,1,57,56,1
S01010177,Born outside the UK: Resident less than 2 years,17,0,0,0,17,17,0
S01010177,Born outside the UK: Resident 2 years or more and less than 5 years,19,0,0,0,19,19,0
S01010177,Born outside the UK: Resident 5 years or more and less than 10 years,19,0,0,0,19,18,1
S01010177,Born outside the UK: Resident 10 years or more,3,1,0,1,2,2,0
S01010178,All people in households,1033,122,28,94,911,862,49
S01010178,Born in the UK,937,102,28,74,835,791,44
S01010178,Born outside the UK: Total,96,20,0,20,76,71,5
S01010178,Born outside the UK: Resident less than 2 years,10,0,0,0,10,9,1
S01010178,Born outside the UK: Resident 2 years or more and less than 5 years,37,10,0,10,27,25,2
S01010178,Born outside the UK: Resident 5 years or more and less than 10 years,34,10,0,10,24,23,1
S01010178,Born outside the UK: Resident 10 years or more,15,0,0,0,15,14,1
S01010179,All people in households,837,276,92,184,561,513,48
S01010179,Born in the UK,799,261,90,171,538,506,32
S01010179,Born outside the UK: Total,38,15,2,13,23,7,16
S01010179,Born outside the UK: Resident less than 2 years,2,0,0,0,2,0,2
S01010179,Born outside the UK: Resident 2 years or more and less than 5 years,6,0,0,0,6,3,3
S01010179,Born outside the UK: Resident 5 years or more and less than 10 years,19,7,0,7,12,2,10
S01010179,Born outside the UK: Resident 10 years or more,11,8,2,6,3,2,1
S01010180,All people in households,560,299,37,262,261,186,75
S01010180,Born in the UK,467,253,33,220,214,167,47
S01010180,Born outside the UK: Total,93,46,4,42,47,19,28
S01010180,Born outside the UK: Resident less than 2 years,7,5,0,5,2,0,2
S01010180,Born outside the UK: Resident 2 years or more and less than 5 years,31,12,0,12,19,10,9
S01010180,Born outside the UK: Resident 5 years or more and less than 10 years,37,20,3,17,17,3,14
S01010180,Born outside the UK: Resident 10 years or more,18,9,1,8,9,6,3
S01010181,All people in households,631,228,81,147,403,371,32
S01010181,Born in the UK,618,226,80,146,392,360,32
S01010181,Born outside the UK: Total,13,2,1,1,11,11,0
S01010181,Born outside the UK: Resident less than 2 years,0,0,0,0,0,0,0
S01010181,Born outside the UK: Resident 2 years or more and less than 5 years,3,0,0,0,3,3,0
S01010181,Born outside the UK: Resident 5 years or more and less than 10 years,2,0,0,0,2,2,0
S01010181,Born outside the UK: Resident 10 years or more,8,2,1,1,6,6,0
S01010182,All people in households,667,577,170,407,90,32,58
S01010182,Born in the UK,623,542,162,380,81,26,55
S01010182,Born outside the UK: Total,44,35,8,27,9,6,3
S01010182,Born outside the UK: Resident less than 2 years,4,2,1,1,2,1,1
S01010182,Born outside the UK: Resident 2 years or more and less than 5 years,5,3,0,3,2,2,0
S01010182,Born outside the UK: Resident 5 years or more and less than 10 years,8,5,0,5,3,2,1
S01010182,Born outside the UK: Resident 10 years or more,27,25,7,18,2,1,1
S01010183,All people in households,463,211,91,120,252,228,24
S01010183,Born in the UK,458,209,91,118,249,226,23
S01010183,Born outside the UK: Total,5,2,0,2,3,2,1
S01010183,Born outside the UK: Resident less than 2 years,1,0,0,0,1,1,0
S01010183,Born outside the UK: Resident 2 years or more and less than 5 years,1,0,0,0,1,0,1
S01010183,Born outside the UK: Resident 5 years or more and less than 10 years,2,1,0,1,1,1,0
S01010183,Born outside the UK: Resident 10 years or more,1,1,0,1,0,0,0
S01010184,All people in households,624,228,117,111,396,360,36
S01010184,Born in the UK,605,221,114,107,384,354,30
S01010184,Born outside the UK: Total,19,7,3,4,12,6,6
S01010184,Born outside the UK: Resident less than 2 years,7,2,1,1,5,3,2
S01010184,Born outside the UK: Resident 2 years or more and less than 5 years,7,1,1,0,6,2,4
S01010184,Born outside the UK: Resident 5 years or more and less than 10 years,1,1,0,1,0,0,0
S01010184,Born outside the UK: Resident 10 years or more,4,3,1,2,1,1,0
S01010185,All people in households,633,240,84,156,393,371,22
S01010185,Born in the UK,594,239,83,156,355,337,18
S01010185,Born outside the UK: Total,39,1,1,0,38,34,4
S01010185,Born outside the UK: Resident less than 2 years,9,0,0,0,9,9,0
S01010185,Born outside the UK: Resident 2 years or more and less than 5 years,14,1,1,0,13,10,3
S01010185,Born outside the UK: Resident 5 years or more and less than 10 years,11,0,0,0,11,10,1
S01010185,Born outside the UK: Resident 10 years or more,5,0,0,0,5,5,0
S01010186,All people in households,647,583,159,424,64,10,54
S01010186,Born in the UK,570,516,138,378,54,7,47
S01010186,Born outside the UK: Total,77,67,21,46,10,3,7
S01010186,Born outside the UK: Resident less than 2 years,5,1,1,0,4,0,4
S01010186,Born outside the UK: Resident 2 years or more and less than 5 years,7,6,1,5,1,0,1
S01010186,Born outside the UK: Resident 5 years or more and less than 10 years,9,8,0,8,1,1,0
S01010186,Born outside the UK: Resident 10 years or more,56,52,19,33,4,2,2
S01010187,All people in households,635,563,153,410,72,18,54
S01010187,Born in the UK,620,554,152,402,66,18,48
S01010187,Born outside the UK: Total,15,9,1,8,6,0,6
S01010187,Born outside the UK: Resident less than 2 years,2,0,0,0,2,0,2
S01010187,Born outside the UK: Resident 2 years or more and less than 5 years,4,1,0,1,3,0,3
S01010187,Born outside the UK: Resident 5 years or more and less than 10 years,1,1,0,1,0,0,0
S01010187,Born outside the UK: Resident 10 years or more,8,7,1,6,1,0,1
S01010188,All people in households,681,595,135,460,86,19,67
S01010188,Born in the UK,646,571,127,444,75,19,56
S01010188,Born outside the UK: Total,35,24,8,16,11,0,11
S01010188,Born outside the UK: Resident less than 2 years,3,1,0,1,2,0,2
S01010188,Born outside the UK: Resident 2 years or more and less than 5 years,6,1,1,0,5,0,5
S01010188,Born outside the UK: Resident 5 years or more and less than 10 years,4,4,0,4,0,0,0
S01010188,Born outside the UK: Resident 10 years or more,22,18,7,11,4,0,4
S01010189,All people in households,976,910,111,799,66,12,54
S01010189,Born in the UK,909,867,101,766,42,11,31
S01010189,Born outside the UK: Total,67,43,10,33,24,1,23
S01010189,Born outside the UK: Resident less than 2 years,2,0,0,0,2,0,2
S01010189,Born outside the UK: Resident 2 years or more and less than 5 years,4,2,0,2,2,1,1
S01010189,Born outside the UK: Resident 5 years or more and less than 10 years,13,7,2,5,6,0,6
S01010189,Born outside the UK: Resident 10 years or more,48,34,8,26,14,0,14
S01010190,All people in households,740,675,100,575,65,24,41
S01010190,Born in the UK,637,589,85,504,48,20,28
S01010190,Born outside the UK: Total,103,86,15,71,17,4,13
S01010190,Born outside the UK: Resident less than 2 years,9,4,1,3,5,0,5
S01010190,Born outside the UK: Resident 2 years or more and less than 5 years,9,6,1,5,3,2,1
S01010190,Born outside the UK: Resident 5 years or more and less than 10 years,8,5,0,5,3,0,3
S01010190,Born outside the UK: Resident 10 years or more,77,71,13,58,6,2,4
S01010191,All people in households,736,657,69,588,79,19,60
S01010191,Born in the UK,694,616,60,556,78,19,59
S01010191,Born outside the UK: Total,42,41,9,32,1,0,1
S01010191,Born outside the UK: Resident less than 2 years,0,0,0,0,0,0,0
S01010191,Born outside the UK: Resident 2 years or more and less than 5 years,3,3,0,3,0,0,0
S01010191,Born outside the UK: Resident 5 years or more and less than 10 years,8,8,0,8,0,0,0
S01010191,Born outside the UK: Resident 10 years or more,31,30,9,21,1,0,1
S01010192,All people in households,869,795,106,689,74,21,53
S01010192,Born in the UK,750,702,77,625,48,11,37
S01010192,Born outside the UK: Total,119,93,29,64,26,10,16
S01010192,Born outside the UK: Resident less than 2 years,7,2,0,2,5,2,3
S01010192,Born outside the UK: Resident 2 years or more and less than 5 years,8,2,0,2,6,2,4
S01010192,Born outside the UK: Resident 5 years or more and less than 10 years,16,9,1,8,7,3,4
S01010192,Born outside the UK: Resident 10 years or more,88,80,28,52,8,3,5
S01010193,All people in households,739,637,157,480,102,26,76
S01010193,Born in the UK,696,610,152,458,86,19,67
S01010193,Born outside the UK: Total,43,27,5,22,16,7,9
S01010193,Born outside the UK: Resident less than 2 years,1,1,0,1,0,0,0
S01010193,Born outside the UK: Resident 2 years or more and less than 5 years,15,6,1,5,9,2,7
S01010193,Born outside the UK: Resident 5 years or more and less than 10 years,10,6,0,6,4,3,1
S01010193,Born outside the UK: Resident 10 years or more,17,14,4,10,3,2,1
S01010194,All people in households,628,465,146,319,163,149,14
S01010194,Born in the UK,614,460,143,317,154,142,12
S01010194,Born outside the UK: Total,14,5,3,2,9,7,2
S01010194,Born outside the UK: Resident less than 2 years,0,0,0,0,0,0,0
S01010194,Born outside the UK: Resident 2 years or more and less than 5 years,5,0,0,0,5,4,1
S01010194,Born outside the UK: Resident 5 years or more and less than 10 years,0,0,0,0,0,0,0
S01010194,Born outside the UK: Resident 10 years or more,9,5,3,2,4,3,1
S01010195,All people in households,531,361,88,273,170,118,52
S01010195,Born in the UK,513,351,86,265,162,114,48
S01010195,Born outside the UK: Total,18,10,2,8,8,4,4
S01010195,Born outside the UK: Resident less than 2 years,5,1,0,1,4,0,4
S01010195,Born outside the UK: Resident 2 years or more and less than 5 years,4,1,0,1,3,3,0
S01010195,Born outside the UK: Resident 5 years or more and less than 10 years,3,3,0,3,0,0,0
S01010195,Born outside the UK: Resident 10 years or more,6,5,2,3,1,1,0
S01010196,All people in households,690,290,127,163,400,370,30
S01010196,Born in the UK,677,286,125,161,391,362,29
S01010196,Born outside the UK: Total,13,4,2,2,9,8,1
S01010196,Born outside the UK: Resident less than 2 years,2,0,0,0,2,2,0
S01010196,Born outside the UK: Resident 2 years or more and less than 5 years,1,1,1,0,0,0,0
S01010196,Born outside the UK: Resident 5 years or more and less than 10 years,2,0,0,0,2,2,0
S01010196,Born outside the UK: Resident 10 years or more,8,3,1,2,5,4,1
S01010197,All people in households,660,229,99,130,431,399,32
S01010197,Born in the UK,645,228,98,130,417,387,30
S01010197,Born outside the UK: Total,15,1,1,0,14,12,2
S01010197,Born outside the UK: Resident less than 2 years,1,0,0,0,1,0,1
S01010197,Born outside the UK: Resident 2 years or more and less than 5 years,1,0,0,0,1,1,0
S01010197,Born outside the UK: Resident 5 years or more and less than 10 years,5,0,0,0,5,4,1
S01010197,Born outside the UK: Resident 10 years or more,8,1,1,0,7,7,0
S01010198,All people in households,949,498,196,302,451,384,67
S01010198,Born in the UK,904,474,190,284,430,370,60
S01010198,Born outside the UK: Total,45,24,6,18,21,14,7
S01010198,Born outside the UK: Resident less than 2 years,4,2,2,0,2,0,2
S01010198,Born outside the UK: Resident 2 years or more and less than 5 years,1,1,0,1,0,0,0
S01010198,Born outside the UK: Resident 5 years or more and less than 10 years,11,4,0,4,7,4,3
S01010198,Born outside the UK: Resident 10 years or more,29,17,4,13,12,10,2
S01010199,All people in households,521,180,70,110,341,323,18
S01010199,Born in the UK,494,173,65,108,321,303,18
S01010199,Born outside the UK: Total,27,7,5,2,20,20,0
S01010199,Born outside the UK: Resident less than 2 years,0,0,0,0,0,0,0
S01010199,Born outside the UK: Resident 2 years or more and less than 5 years,2,0,0,0,2,2,0
S01010199,Born outside the UK: Resident 5 years or more and less than 10 years,15,0,0,0,15,15,0
S01010199,Born outside the UK: Resident 10 years or more,10,7,5,2,3,3,0
S01010200,All people in households,690,460,159,301,230,207,23
S01010200,Born in the UK,679,455,157,298,224,204,20
S01010200,Born outside the UK: Total,11,5,2,3,6,3,3
S01010200,Born outside the UK: Resident less than 2 years,0,0,0,0,0,0,0
S01010200,Born outside the UK: Resident 2 years or more and less than 5 years,1,0,0,0,1,0,1
S01010200,Born outside the UK: Resident 5 years or more and less than 10 years,2,1,0,1,1,0,1
S01010200,Born outside the UK: Resident 10 years or more,8,4,2,2,4,3,1
S01010201,All people in households,643,507,154,353,136,95,41
S01010201,Born in the UK,632,496,151,345,136,95,41
S01010201,Born outside the UK: Total,11,11,3,8,0,0,0
S01010201,Born outside the UK: Resident less than 2 years,0,0,0,0,0,0,0
S01010201,Born outside the UK: Resident 2 years or more and less than 5 years,0,0,0,0,0,0,0
S01010201,Born outside the UK: Resident 5 years or more and less than 10 years,0,0,0,0,0,0,0
S01010201,Born outside the UK: Resident 10 years or more,11,11,3,8,0,0,0
S01010202,All people in households,783,54,36,18,729,699,30
S01010202,Born in the UK,679,47,31,16,632,614,18
S01010202,Born outside the UK: Total,104,7,5,2,97,85,12
S01010202,Born outside the UK: Resident less than 2 years,6,1,0,1,5,2,3
S01010202,Born outside the UK: Resident 2 years or more and less than 5 years,38,0,0,0,38,31,7
S01010202,Born outside the UK: Resident 5 years or more and less than 10 years,44,0,0,0,44,43,1
S01010202,Born outside the UK: Resident 10 years or more,16,6,5,1,10,9,1
S01010203,All people in households,671,540,54,486,131,25,106
S01010203,Born in the UK,613,503,51,452,110,19,91
S01010203,Born outside the UK: Total,58,37,3,34,21,6,15
S01010203,Born outside the UK: Resident less than 2 years,5,0,0,0,5,0,5
S01010203,Born outside the UK: Resident 2 years or more and less than 5 years,13,2,0,2,11,4,7
S01010203,Born outside the UK: Resident 5 years or more and less than 10 years,22,18,1,17,4,1,3
S01010203,Born outside the UK: Resident 10 years or more,18,17,2,15,1,1,0
S01010204,All people in households,800,205,83,122,595,538,57
S01010204,Born in the UK,755,199,81,118,556,506,50
S01010204,Born outside the UK: Total,45,6,2,4,39,32,7
S01010204,Born outside the UK: Resident less than 2 years,9,0,0,0,9,7,2
S01010204,Born outside the UK: Resident 2 years or more and less than 5 years,3,1,1,0,2,2,0
S01010204,Born outside the UK: Resident 5 years or more and less than 10 years,18,2,0,2,16,14,2
S01010204,Born outside the UK: Resident 10 years or more,15,3,1,2,12,9,3
S01010205,All people in households,658,309,114,195,349,287,62
S01010205,Born in the UK,598,299,110,189,299,249,50
S01010205,Born outside the UK: Total,60,10,4,6,50,38,12
S01010205,Born outside the UK: Resident less than 2 years,3,0,0,0,3,3,0
S01010205,Born outside the UK: Resident 2 years or more and less than 5 years,16,1,0,1,15,6,9
S01010205,Born outside the UK: Resident 5 years or more and less than 10 years,27,4,0,4,23,20,3
S01010205,Born outside the UK: Resident 10 years or more,14,5,4,1,9,9,0
S01010206,All people in households,497,18,5,13,479,257,222
S01010206,Born in the UK,196,8,3,5,188,115,73
S01010206,Born outside the UK: Total,301,10,2,8,291,142,149
S01010206,Born outside the UK: Resident less than 2 years,113,4,2,2,109,62,47
S01010206,Born outside the UK: Resident 2 years or more and less than 5 years,95,1,0,1,94,39,55
S01010206,Born outside the UK: Resident 5 years or more and less than 10 years,64,1,0,1,63,29,34
S01010206,Born outside the UK: Resident 10 years or more,29,4,0,4,25,12,13
S01010207,All people in households,778,87,51,36,691,441,250
S01010207,Born in the UK,363,77,48,29,286,213,73
S01010207,Born outside the UK: Total,415,10,3,7,405,228,177
S01010207,Born outside the UK: Resident less than 2 years,78,3,0,3,75,24,51
S01010207,Born outside the UK: Resident 2 years or more and less than 5 years,156,2,0,2,154,84,70
S01010207,Born outside the UK: Resident 5 years or more and less than 10 years,148,2,0,2,146,95,51
S01010207,Born outside the UK: Resident 10 years or more,33,3,3,0,30,25,5
S01010208,All people in households,903,440,61,379,463,269,194
S01010208,Born in the UK,815,412,57,355,403,244,159
S01010208,Born outside the UK: Total,88,28,4,24,60,25,35
S01010208,Born outside the UK: Resident less than 2 years,11,1,0,1,10,2,8
S01010208,Born outside the UK: Resident 2 years or more and less than 5 years,21,3,0,3,18,12,6
S01010208,Born outside the UK: Resident 5 years or more and less than 10 years,33,10,0,10,23,7,16
S01010208,Born outside the UK: Resident 10 years or more,23,14,4,10,9,4,5
S01010209,All people in households,880,361,110,251,519,439,80
S01010209,Born in the UK,811,330,101,229,481,408,73
S01010209,Born outside the UK: Total,69,31,9,22,38,31,7
S01010209,Born outside the UK: Resident less than 2 years,8,2,1,1,6,4,2
S01010209,Born outside the UK: Resident 2 years or more and less than 5 years,7,5,1,4,2,2,0
S01010209,Born outside the UK: Resident 5 years or more and less than 10 years,26,8,1,7,18,18,0
S01010209,Born outside the UK: Resident 10 years or more,28,16,6,10,12,7,5
S01010210,All people in households,885,607,248,359,278,194,84
S01010210,Born in the UK,856,596,241,355,260,181,79
S01010210,Born outside the UK: Total,29,11,7,4,18,13,5
S01010210,Born outside the UK: Resident less than 2 years,6,1,0,1,5,4,1
S01010210,Born outside the UK: Resident 2 years or more and less than 5 years,4,1,0,1,3,1,2
S01010210,Born outside the UK: Resident 5 years or more and less than 10 years,4,0,0,0,4,3,1
S01010210,Born outside the UK: Resident 10 years or more,15,9,7,2,6,5,1
S01010211,All people in households,858,300,121,179,558,488,70
S01010211,Born in the UK,822,288,121,167,534,479,55
S01010211,Born outside the UK: Total,36,12,0,12,24,9,15
S01010211,Born outside the UK: Resident less than 2 years,7,0,0,0,7,0,7
S01010211,Born outside the UK: Resident 2 years or more and less than 5 years,12,1,0,1,11,7,4
S01010211,Born outside the UK: Resident 5 years or more and less than 10 years,9,5,0,5,4,2,2
S01010211,Born outside the UK: Resident 10 years or more,8,6,0,6,2,0,2
S01010212,All people in households,1030,190,64,126,840,758,82
S01010212,Born in the UK,915,182,58,124,733,678,55
S01010212,Born outside the UK: Total,115,8,6,2,107,80,27
S01010212,Born outside the UK: Resident less than 2 years,19,1,0,1,18,8,10
S01010212,Born outside the UK: Resident 2 years or more and less than 5 years,26,1,0,1,25,21,4
S01010212,Born outside the UK: Resident 5 years or more and less than 10 years,48,2,2,0,46,36,10
S01010212,Born outside the UK: Resident 10 years or more,22,4,4,0,18,15,3
S01010213,All people in households,924,483,188,295,441,341,100
S01010213,Born in the UK,882,473,181,292,409,323,86
S01010213,Born outside the UK: Total,42,10,7,3,32,18,14
S01010213,Born outside the UK: Resident less than 2 years,6,0,0,0,6,6,0
S01010213,Born outside the UK: Resident 2 years or more and less than 5 years,8,1,0,1,7,3,4
S01010213,Born outside the UK: Resident 5 years or more and less than 10 years,10,1,1,0,9,2,7
S01010213,Born outside the UK: Resident 10 years or more,18,8,6,2,10,7,3
S01010214,All people in households,967,760,277,483,207,92,115
S01010214,Born in the UK,877,706,256,450,171,75,96
S01010214,Born outside the UK: Total,90,54,21,33,36,17,19
S01010214,Born outside the UK: Resident less than 2 years,5,2,0,2,3,1,2
S01010214,Born outside the UK: Resident 2 years or more and less than 5 years,12,3,2,1,9,0,9
S01010214,Born outside the UK: Resident 5 years or more and less than 10 years,22,8,0,8,14,9,5
S01010214,Born outside the UK: Resident 10 years or more,51,41,19,22,10,7,3
S01010215,All people in households,842,125,46,79,717,684,33
S01010215,Born in the UK,765,121,46,75,644,621,23
S01010215,Born outside the UK: Total,77,4,0,4,73,63,10
S01010215,Born outside the UK: Resident less than 2 years,10,0,0,0,10,8,2
S01010215,Born outside the UK: Resident 2 years or more and less than 5 years,21,1,0,1,20,14,6
S01010215,Born outside the UK: Resident 5 years or more and less than 10 years,25,2,0,2,23,21,2
S01010215,Born outside the UK: Resident 10 years or more,21,1,0,1,20,20,0
S01010216,All people in households,621,97,15,82,524,474,50
S01010216,Born in the UK,545,83,14,69,462,431,31
S01010216,Born outside the UK: Total,76,14,1,13,62,43,19
S01010216,Born outside the UK: Resident less than 2 years,11,0,0,0,11,7,4
S01010216,Born outside the UK: Resident 2 years or more and less than 5 years,17,2,0,2,15,6,9
S01010216,Born outside the UK: Resident 5 years or more and less than 10 years,32,7,0,7,25,19,6
S01010216,Born outside the UK: Resident 10 years or more,16,5,1,4,11,11,0
S01010217,All people in households,817,135,30,105,682,560,122
S01010217,Born in the UK,694,127,30,97,567,484,83
S01010217,Born outside the UK: Total,123,8,0,8,115,76,39
S01010217,Born outside the UK: Resident less than 2 years,15,0,0,0,15,4,11
S01010217,Born outside the UK: Resident 2 years or more and less than 5 years,42,0,0,0,42,26,16
S01010217,Born outside the UK: Resident 5 years or more and less than 10 years,48,5,0,5,43,32,11
S01010217,Born outside the UK: Resident 10 years or more,18,3,0,3,15,14,1
S01010218,All people in households,1018,349,79,270,669,559,110
S01010218,Born in the UK,876,310,62,248,566,481,85
S01010218,Born outside the UK: Total,142,39,17,22,103,78,25
S01010218,Born outside the UK: Resident less than 2 years,20,1,0,1,19,13,6
S01010218,Born outside the UK: Resident 2 years or more and less than 5 years,32,5,1,4,27,19,8
S01010218,Born outside the UK: Resident 5 years or more and less than 10 years,59,18,10,8,41,31,10
S01010218,Born outside the UK: Resident 10 years or more,31,15,6,9,16,15,1
S01010219,All people in households,503,43,24,19,460,426,34
S01010219,Born in the UK,266,34,18,16,232,219,13
S01010219,Born outside the UK: Total,237,9,6,3,228,207,21
S01010219,Born outside the UK: Resident less than 2 years,43,0,0,0,43,33,10
S01010219,Born outside the UK: Resident 2 years or more and less than 5 years,71,0,0,0,71,64,7
S01010219,Born outside the UK: Resident 5 years or more and less than 10 years,89,1,1,0,88,84,4
S01010219,Born outside the UK: Resident 10 years or more,34,8,5,3,26,26,0
S01010220,All people in households,476,274,58,216,202,30,172
S01010220,Born in the UK,364,240,49,191,124,17,107
S01010220,Born outside the UK: Total,112,34,9,25,78,13,65
S01010220,Born outside the UK: Resident less than 2 years,28,0,0,0,28,0,28
S01010220,Born outside the UK: Resident 2 years or more and less than 5 years,22,5,0,5,17,4,13
S01010220,Born outside the UK: Resident 5 years or more and less than 10 years,35,11,0,11,24,7,17
S01010220,Born outside the UK: Resident 10 years or more,27,18,9,9,9,2,7
S01010221,All people in households,465,42,20,22,423,387,36
S01010221,Born in the UK,431,42,20,22,389,365,24
S01010221,Born outside the UK: Total,34,0,0,0,34,22,12
S01010221,Born outside the UK: Resident less than 2 years,13,0,0,0,13,7,6
S01010221,Born outside the UK: Resident 2 years or more and less than 5 years,8,0,0,0,8,5,3
S01010221,Born outside the UK: Resident 5 years or more and less than 10 years,10,0,0,0,10,7,3
S01010221,Born outside the UK: Resident 10 years or more,3,0,0,0,3,3,0
S01010222,All people in households,492,140,37,103,352,244,108
S01010222,Born in the UK,443,132,32,100,311,227,84
S01010222,Born outside the UK: Total,49,8,5,3,41,17,24
S01010222,Born outside the UK: Resident less than 2 years,12,0,0,0,12,1,11
S01010222,Born outside the UK: Resident 2 years or more and less than 5 years,9,3,0,3,6,0,6
S01010222,Born outside the UK: Resident 5 years or more and less than 10 years,15,1,1,0,14,9,5
S01010222,Born outside the UK: Resident 10 years or more,13,4,4,0,9,7,2
S01010223,All people in households,552,178,46,132,374,290,84
S01010223,Born in the UK,492,168,42,126,324,257,67
S01010223,Born outside the UK: Total,60,10,4,6,50,33,17
S01010223,Born outside the UK: Resident less than 2 years,12,1,1,0,11,7,4
S01010223,Born outside the UK: Resident 2 years or more and less than 5 years,8,0,0,0,8,2,6
S01010223,Born outside the UK: Resident 5 years or more and less than 10 years,19,4,0,4,15,10,5
S01010223,Born outside the UK: Resident 10 years or more,21,5,3,2,16,14,2
S01010224,All people in households,989,104,12,92,885,844,41
S01010224,Born in the UK,861,93,11,82,768,748,20
S01010224,Born outside the UK: Total,128,11,1,10,117,96,21
S01010224,Born outside the UK: Resident less than 2 years,20,0,0,0,20,18,2
S01010224,Born outside the UK: Resident 2 years or more and less than 5 years,30,2,0,2,28,19,9
S01010224,Born outside the UK: Resident 5 years or more and less than 10 years,54,1,0,1,53,46,7
S01010224,Born outside the UK: Resident 10 years or more,24,8,1,7,16,13,3
S01010225,All people in households,812,283,54,229,529,459,70
S01010225,Born in the UK,664,262,51,211,402,343,59
S01010225,Born outside the UK: Total,148,21,3,18,127,116,11
S01010225,Born outside the UK: Resident less than 2 years,19,4,3,1,15,15,0
S01010225,Born outside the UK: Resident 2 years or more and less than 5 years,29,2,0,2,27,24,3
S01010225,Born outside the UK: Resident 5 years or more and less than 10 years,61,5,0,5,56,51,5
S01010225,Born outside the UK: Resident 10 years or more,39,10,0,10,29,26,3
S01010226,All people in households,816,74,39,35,742,714,28
S01010226,Born in the UK,384,44,18,26,340,333,7
S01010226,Born outside the UK: Total,432,30,21,9,402,381,21
S01010226,Born outside the UK: Resident less than 2 years,57,2,0,2,55,45,10
S01010226,Born outside the UK: Resident 2 years or more and less than 5 years,116,4,3,1,112,105,7
S01010226,Born outside the UK: Resident 5 years or more and less than 10 years,172,10,7,3,162,158,4
S01010226,Born outside the UK: Resident 10 years or more,87,14,11,3,73,73,0
S01010227,All people in households,692,39,19,20,653,609,44
S01010227,Born in the UK,342,28,11,17,314,297,17
S01010227,Born outside the UK: Total,350,11,8,3,339,312,27
S01010227,Born outside the UK: Resident less than 2 years,44,1,0,1,43,28,15
S01010227,Born outside the UK: Resident 2 years or more and less than 5 years,116,0,0,0,116,108,8
S01010227,Born outside the UK: Resident 5 years or more and less than 10 years,141,2,1,1,139,136,3
S01010227,Born outside the UK: Resident 10 years or more,49,8,7,1,41,40,1
S01010228,All people in households,642,210,102,108,432,399,33
S01010228,Born in the UK,619,205,99,106,414,383,31
S01010228,Born outside the UK: Total,23,5,3,2,18,16,2
S01010228,Born outside the UK: Resident less than 2 years,1,0,0,0,1,1,0
S01010228,Born outside the UK: Resident 2 years or more and less than 5 years,10,2,0,2,8,8,0
S01010228,Born outside the UK: Resident 5 years or more and less than 10 years,6,0,0,0,6,5,1
S01010228,Born outside the UK: Resident 10 years or more,6,3,3,0,3,2,1
S01010229,All people in households,1016,383,54,329,633,586,47
S01010229,Born in the UK,953,360,51,309,593,554,39
S01010229,Born outside the UK: Total,63,23,3,20,40,32,8
S01010229,Born outside the UK: Resident less than 2 years,6,0,0,0,6,5,1
S01010229,Born outside the UK: Resident 2 years or more and less than 5 years,7,0,0,0,7,6,1
S01010229,Born outside the UK: Resident 5 years or more and less than 10 years,27,10,0,10,17,12,5
S01010229,Born outside the UK: Resident 10 years or more,23,13,3,10,10,9,1
S01010230,All people in households,1005,71,24,47,934,893,41
S01010230,Born in the UK,589,60,20,40,529,517,12
S01010230,Born outside the UK: Total,416,11,4,7,405,376,29
S01010230,Born outside the UK: Resident less than 2 years,102,3,2,1,99,88,11
S01010230,Born outside the UK: Resident 2 years or more and less than 5 years,128,1,0,1,127,117,10
S01010230,Born outside the UK: Resident 5 years or more and less than 10 years,151,3,0,3,148,143,5
S01010230,Born outside the UK: Resident 10 years or more,35,4,2,2,31,28,3
S01010231,All people in households,1013,37,15,22,976,940,36
S01010231,Born in the UK,816,26,14,12,790,769,21
S01010231,Born outside the UK: Total,197,11,1,10,186,171,15
S01010231,Born outside the UK: Resident less than 2 years,24,2,0,2,22,15,7
S01010231,Born outside the UK: Resident 2 years or more and less than 5 years,46,3,1,2,43,39,4
S01010231,Born outside the UK: Resident 5 years or more and less than 10 years,89,1,0,1,88,84,4
S01010231,Born outside the UK: Resident 10 years or more,38,5,0,5,33,33,0
S01010232,All people in households,1074,196,22,174,878,831,47
S01010232,Born in the UK,791,166,13,153,625,603,22
S01010232,Born outside the UK: Total,283,30,9,21,253,228,25
S01010232,Born outside the UK: Resident less than 2 years,61,1,1,0,60,43,17
S01010232,Born outside the UK: Resident 2 years or more and less than 5 years,90,15,7,8,75,74,1
S01010232,Born outside the UK: Resident 5 years or more and less than 10 years,94,7,0,7,87,82,5
S01010232,Born outside the UK: Resident 10 years or more,38,7,1,6,31,29,2
S01010233,All people in households,970,145,74,71,825,779,46
S01010233,Born in the UK,696,131,66,65,565,534,31
S01010233,Born outside the UK: Total,274,14,8,6,260,245,15
S01010233,Born outside the UK: Resident less than 2 years,64,2,0,2,62,57,5
S01010233,Born outside the UK: Resident 2 years or more and less than 5 years,83,3,3,0,80,77,3
S01010233,Born outside the UK: Resident 5 years or more and less than 10 years,88,3,2,1,85,80,5
S01010233,Born outside the UK: Resident 10 years or more,39,6,3,3,33,31,2
S01010234,All people in households,940,459,188,271,481,113,368
S01010234,Born in the UK,772,425,175,250,347,105,242
S01010234,Born outside the UK: Total,168,34,13,21,134,8,126
S01010234,Born outside the UK: Resident less than 2 years,65,3,0,3,62,1,61
S01010234,Born outside the UK: Resident 2 years or more and less than 5 years,37,1,0,1,36,4,32
S01010234,Born outside the UK: Resident 5 years or more and less than 10 years,35,8,2,6,27,2,25
S01010234,Born outside the UK: Resident 10 years or more,31,22,11,11,9,1,8
S01010235,All people in households,782,318,45,273,464,11,453
S01010235,Born in the UK,613,279,41,238,334,5,329
S01010235,Born outside the UK: Total,169,39,4,35,130,6,124
S01010235,Born outside the UK: Resident less than 2 years,41,5,1,4,36,2,34
S01010235,Born outside the UK: Resident 2 years or more and less than 5 years,64,12,1,11,52,0,52
S01010235,Born outside the UK: Resident 5 years or more and less than 10 years,36,12,1,11,24,4,20
S01010235,Born outside the UK: Resident 10 years or more,28,10,1,9,18,0,18
S01010236,All people in households,725,430,141,289,295,61,234
S01010236,Born in the UK,618,395,129,266,223,48,175
S01010236,Born outside the UK: Total,107,35,12,23,72,13,59
S01010236,Born outside the UK: Resident less than 2 years,25,0,0,0,25,6,19
S01010236,Born outside the UK: Resident 2 years or more and less than 5 years,32,6,0,6,26,0,26
S01010236,Born outside the UK: Resident 5 years or more and less than 10 years,20,6,1,5,14,4,10
S01010236,Born outside the UK: Resident 10 years or more,30,23,11,12,7,3,4
S01010237,All people in households,644,351,113,238,293,107,186
S01010237,Born in the UK,571,330,109,221,241,99,142
S01010237,Born outside the UK: Total,73,21,4,17,52,8,44
S01010237,Born outside the UK: Resident less than 2 years,16,1,0,1,15,3,12
S01010237,Born outside the UK: Resident 2 years or more and less than 5 years,16,2,0,2,14,2,12
S01010237,Born outside the UK: Resident 5 years or more and less than 10 years,16,4,0,4,12,0,12
S01010237,Born outside the UK: Resident 10 years or more,25,14,4,10,11,3,8
S01010238,All people in households,826,391,139,252,435,116,319
S01010238,Born in the UK,696,358,127,231,338,109,229
S01010238,Born outside the UK: Total,130,33,12,21,97,7,90
S01010238,Born outside the UK: Resident less than 2 years,29,2,1,1,27,0,27
S01010238,Born outside the UK: Resident 2 years or more and less than 5 years,43,5,2,3,38,3,35
S01010238,Born outside the UK: Resident 5 years or more and less than 10 years,33,11,3,8,22,2,20
S01010238,Born outside the UK: Resident 10 years or more,25,15,6,9,10,2,8
S01010239,All people in households,790,239,90,149,551,396,155
S01010239,Born in the UK,682,219,85,134,463,377,86
S01010239,Born outside the UK: Total,108,20,5,15,88,19,69
S01010239,Born outside the UK: Resident less than 2 years,41,0,0,0,41,5,36
S01010239,Born outside the UK: Resident 2 years or more and less than 5 years,30,6,0,6,24,2,22
S01010239,Born outside the UK: Resident 5 years or more and less than 10 years,16,4,1,3,12,3,9
S01010239,Born outside the UK: Resident 10 years or more,21,10,4,6,11,9,2
S01010240,All people in households,691,265,91,174,426,244,182
S01010240,Born in the UK,615,249,81,168,366,233,133
S01010240,Born outside the UK: Total,76,16,10,6,60,11,49
S01010240,Born outside the UK: Resident less than 2 years,28,2,1,1,26,0,26
S01010240,Born outside the UK: Resident 2 years or more and less than 5 years,16,1,0,1,15,1,14
S01010240,Born outside the UK: Resident 5 years or more and less than 10 years,9,4,1,3,5,2,3
S01010240,Born outside the UK: Resident 10 years or more,23,9,8,1,14,8,6
S01010241,All people in households,980,423,160,263,557,265,292
S01010241,Born in the UK,869,403,151,252,466,252,214
S01010241,Born outside the UK: Total,111,20,9,11,91,13,78
S01010241,Born outside the UK: Resident less than 2 years,46,6,6,0,40,3,37
S01010241,Born outside the UK: Resident 2 years or more and less than 5 years,26,2,0,2,24,2,22
S01010241,Born outside the UK: Resident 5 years or more and less than 10 years,24,8,2,6,16,5,11
S01010241,Born outside the UK: Resident 10 years or more,15,4,1,3,11,3,8
S01010242,All people in households,793,179,53,126,614,424,190
S01010242,Born in the UK,685,173,53,120,512,379,133
S01010242,Born outside the UK: Total,108,6,0,6,102,45,57
S01010242,Born outside the UK: Resident less than 2 years,22,1,0,1,21,3,18
S01010242,Born outside the UK: Resident 2 years or more and less than 5 years,51,0,0,0,51,30,21
S01010242,Born outside the UK: Resident 5 years or more and less than 10 years,20,1,0,1,19,8,11
S01010242,Born outside the UK: Resident 10 years or more,15,4,0,4,11,4,7
S01010243,All people in households,1019,170,46,124,849,549,300
S01010243,Born in the UK,817,150,46,104,667,471,196
S01010243,Born outside the UK: Total,202,20,0,20,182,78,104
S01010243,Born outside the UK: Resident less than 2 years,52,0,0,0,52,10,42
S01010243,Born outside the UK: Resident 2 years or more and less than 5 years,84,9,0,9,75,28,47
S01010243,Born outside the UK: Resident 5 years or more and less than 10 years,51,8,0,8,43,33,10
S01010243,Born outside the UK: Resident 10 years or more,15,3,0,3,12,7,5
S01010244,All people in households,735,119,48,71,616,509,107
S01010244,Born in the UK,632,117,48,69,515,454,61
S01010244,Born outside the UK: Total,103,2,0,2,101,55,46
S01010244,Born outside the UK: Resident less than 2 years,32,0,0,0,32,4,28
S01010244,Born outside the UK: Resident 2 years or more and less than 5 years,31,0,0,0,31,20,11
S01010244,Born outside the UK: Resident 5 years or more and less than 10 years,25,1,0,1,24,19,5
S01010244,Born outside the UK: Resident 10 years or more,15,1,0,1,14,12,2
S01010245,All people in households,952,70,21,49,882,829,53
S01010245,Born in the UK,898,63,19,44,835,788,47
S01010245,Born outside the UK: Total,54,7,2,5,47,41,6
S01010245,Born outside the UK: Resident less than 2 years,7,1,1,0,6,5,1
S01010245,Born outside the UK: Resident 2 years or more and less than 5 years,21,0,0,0,21,17,4
S01010245,Born outside the UK: Resident 5 years or more and less than 10 years,14,1,1,0,13,13,0
S01010245,Born outside the UK: Resident 10 years or more,12,5,0,5,7,6,1
S01010246,All people in households,841,107,51,56,734,587,147
S01010246,Born in the UK,752,100,48,52,652,555,97
S01010246,Born outside the UK: Total,89,7,3,4,82,32,50
S01010246,Born outside the UK: Resident less than 2 years,19,2,2,0,17,0,17
S01010246,Born outside the UK: Resident 2 years or more and less than 5 years,30,0,0,0,30,10,20
S01010246,Born outside the UK: Resident 5 years or more and less than 10 years,19,0,0,0,19,13,6
S01010246,Born outside the UK: Resident 10 years or more,21,5,1,4,16,9,7
S01010247,All people in households,728,552,154,398,176,144,32
S01010247,Born in the UK,687,522,145,377,165,135,30
S01010247,Born outside the UK: Total,41,30,9,21,11,9,2
S01010247,Born outside the UK: Resident less than 2 years,3,0,0,0,3,1,2
S01010247,Born outside the UK: Resident 2 years or more and less than 5 years,4,3,0,3,1,1,0
S01010247,Born outside the UK: Resident 5 years or more and less than 10 years,10,8,2,6,2,2,0
S01010247,Born outside the UK: Resident 10 years or more,24,19,7,12,5,5,0
S01010248,All people in households,834,495,147,348,339,40,299
S01010248,Born in the UK,727,448,135,313,279,40,239
S01010248,Born outside the UK: Total,107,47,12,35,60,0,60
S01010248,Born outside the UK: Resident less than 2 years,32,5,2,3,27,0,27
S01010248,Born outside the UK: Resident 2 years or more and less than 5 years,21,4,2,2,17,0,17
S01010248,Born outside the UK: Resident 5 years or more and less than 10 years,25,14,0,14,11,0,11
S01010248,Born outside the UK: Resident 10 years or more,29,24,8,16,5,0,5
S01010249,All people in households,668,323,124,199,345,22,323
S01010249,Born in the UK,591,291,110,181,300,16,284
S01010249,Born outside the UK: Total,77,32,14,18,45,6,39
S01010249,Born outside the UK: Resident less than 2 years,19,4,4,0,15,0,15
S01010249,Born outside the UK: Resident 2 years or more and less than 5 years,22,9,0,9,13,3,10
S01010249,Born outside the UK: Resident 5 years or more and less than 10 years,20,10,5,5,10,3,7
S01010249,Born outside the UK: Resident 10 years or more,16,9,5,4,7,0,7
S01010250,All people in households,771,356,104,252,415,20,395
S01010250,Born in the UK,630,312,95,217,318,17,301
S01010250,Born outside the UK: Total,141,44,9,35,97,3,94
S01010250,Born outside the UK: Resident less than 2 years,45,5,2,3,40,1,39
S01010250,Born outside the UK: Resident 2 years or more and less than 5 years,31,7,2,5,24,0,24
S01010250,Born outside the UK: Resident 5 years or more and less than 10 years,36,15,0,15,21,0,21
S01010250,Born outside the UK: Resident 10 years or more,29,17,5,12,12,2,10
S01010251,All people in households,665,227,53,174,438,18,420
S01010251,Born in the UK,503,211,48,163,292,9,283
S01010251,Born outside the UK: Total,162,16,5,11,146,9,137
S01010251,Born outside the UK: Resident less than 2 years,29,0,0,0,29,4,25
S01010251,Born outside the UK: Resident 2 years or more and less than 5 years,52,1,0,1,51,1,50
S01010251,Born outside the UK: Resident 5 years or more and less than 10 years,61,6,0,6,55,3,52
S01010251,Born outside the UK: Resident 10 years or more,20,9,5,4,11,1,10
S01010252,All people in households,614,341,83,258,273,67,206
S01010252,Born in the UK,509,303,73,230,206,61,145
S01010252,Born outside the UK: Total,105,38,10,28,67,6,61
S01010252,Born outside the UK: Resident less than 2 years,33,4,0,4,29,1,28
S01010252,Born outside the UK: Resident 2 years or more and less than 5 years,20,5,0,5,15,1,14
S01010252,Born outside the UK: Resident 5 years or more and less than 10 years,21,4,0,4,17,1,16
S01010252,Born outside the UK: Resident 10 years or more,31,25,10,15,6,3,3
S01010253,All people in households,631,147,39,108,484,388,96
S01010253,Born in the UK,573,142,37,105,431,377,54
S01010253,Born outside the UK: Total,58,5,2,3,53,11,42
S01010253,Born outside the UK: Resident less than 2 years,21,2,1,1,19,2,17
S01010253,Born outside the UK: Resident 2 years or more and less than 5 years,19,0,0,0,19,3,16
S01010253,Born outside the UK: Resident 5 years or more and less than 10 years,12,0,0,0,12,3,9
S01010253,Born outside the UK: Resident 10 years or more,6,3,1,2,3,3,0
S01010254,All people in households,1054,331,63,268,723,554,169
S01010254,Born in the UK,951,309,61,248,642,529,113
S01010254,Born outside the UK: Total,103,22,2,20,81,25,56
S01010254,Born outside the UK: Resident less than 2 years,26,2,0,2,24,5,19
S01010254,Born outside the UK: Resident 2 years or more and less than 5 years,23,3,0,3,20,6,14
S01010254,Born outside the UK: Resident 5 years or more and less than 10 years,26,6,0,6,20,4,16
S01010254,Born outside the UK: Resident 10 years or more,28,11,2,9,17,10,7
S01010255,All people in households,718,101,35,66,617,513,104
S01010255,Born in the UK,575,86,26,60,489,428,61
S01010255,Born outside the UK: Total,143,15,9,6,128,85,43
S01010255,Born outside the UK: Resident less than 2 years,32,6,6,0,26,6,20
S01010255,Born outside the UK: Resident 2 years or more and less than 5 years,33,2,1,1,31,23,8
S01010255,Born outside the UK: Resident 5 years or more and less than 10 years,67,3,0,3,64,53,11
S01010255,Born outside the UK: Resident 10 years or more,11,4,2,2,7,3,4
S01010256,All people in households,859,106,46,60,753,688,65
S01010256,Born in the UK,820,99,45,54,721,672,49
S01010256,Born outside the UK: Total,39,7,1,6,32,16,16
S01010256,Born outside the UK: Resident less than 2 years,11,0,0,0,11,0,11
S01010256,Born outside the UK: Resident 2 years or more and less than 5 years,6,2,0,2,4,2,2
S01010256,Born outside the UK: Resident 5 years or more and less than 10 years,5,0,0,0,5,3,2
S01010256,Born outside the UK: Resident 10 years or more,17,5,1,4,12,11,1
S01010257,All people in households,773,93,35,58,680,208,472
S01010257,Born in the UK,514,86,30,56,428,175,253
S01010257,Born outside the UK: Total,259,7,5,2,252,33,219
S01010257,Born outside the UK: Resident less than 2 years,156,1,1,0,155,16,139
S01010257,Born outside the UK: Resident 2 years or more and less than 5 years,60,1,1,0,59,12,47
S01010257,Born outside the UK: Resident 5 years or more and less than 10 years,25,1,0,1,24,3,21
S01010257,Born outside the UK: Resident 10 years or more,18,4,3,1,14,2,12
S01010258,All people in households,728,193,45,148,535,32,503
S01010258,Born in the UK,444,154,32,122,290,10,280
S01010258,Born outside the UK: Total,284,39,13,26,245,22,223
S01010258,Born outside the UK: Resident less than 2 years,154,12,6,6,142,14,128
S01010258,Born outside the UK: Resident 2 years or more and less than 5 years,64,6,2,4,58,7,51
S01010258,Born outside the UK: Resident 5 years or more and less than 10 years,33,7,1,6,26,1,25
S01010258,Born outside the UK: Resident 10 years or more,33,14,4,10,19,0,19
S01010259,All people in households,766,106,63,43,660,541,119
S01010259,Born in the UK,571,91,53,38,480,444,36
S01010259,Born outside the UK: Total,195,15,10,5,180,97,83
S01010259,Born outside the UK: Resident less than 2 years,72,2,0,2,70,20,50
S01010259,Born outside the UK: Resident 2 years or more and less than 5 years,52,3,2,1,49,24,25
S01010259,Born outside the UK: Resident 5 years or more and less than 10 years,43,2,1,1,41,36,5
S01010259,Born outside the UK: Resident 10 years or more,28,8,7,1,20,17,3
S01010260,All people in households,1012,337,119,218,675,226,449
S01010260,Born in the UK,756,304,108,196,452,188,264
S01010260,Born outside the UK: Total,256,33,11,22,223,38,185
S01010260,Born outside the UK: Resident less than 2 years,98,2,0,2,96,5,91
S01010260,Born outside the UK: Resident 2 years or more and less than 5 years,68,5,2,3,63,6,57
S01010260,Born outside the UK: Resident 5 years or more and less than 10 years,31,8,0,8,23,8,15
S01010260,Born outside the UK: Resident 10 years or more,59,18,9,9,41,19,22
S01010261,All people in households,905,166,104,62,739,413,326
S01010261,Born in the UK,657,150,92,58,507,345,162
S01010261,Born outside the UK: Total,248,16,12,4,232,68,164
S01010261,Born outside the UK: Resident less than 2 years,100,4,4,0,96,6,90
S01010261,Born outside the UK: Resident 2 years or more and less than 5 years,62,0,0,0,62,11,51
S01010261,Born outside the UK: Resident 5 years or more and less than 10 years,41,2,2,0,39,27,12
S01010261,Born outside the UK: Resident 10 years or more,45,10,6,4,35,24,11
S01010262,All people in households,844,205,119,86,639,456,183
S01010262,Born in the UK,739,188,109,79,551,425,126
S01010262,Born outside the UK: Total,105,17,10,7,88,31,57
S01010262,Born outside the UK: Resident less than 2 years,39,9,4,5,30,7,23
S01010262,Born outside the UK: Resident 2 years or more and less than 5 years,18,1,0,1,17,4,13
S01010262,Born outside the UK: Resident 5 years or more and less than 10 years,16,2,2,0,14,3,11
S01010262,Born outside the UK: Resident 10 years or more,32,5,4,1,27,17,10
S01010263,All people in households,651,208,69,139,443,45,398
S01010263,Born in the UK,477,189,66,123,288,44,244
S01010263,Born outside the UK: Total,174,19,3,16,155,1,154
S01010263,Born outside the UK: Resident less than 2 years,76,4,1,3,72,0,72
S01010263,Born outside the UK: Resident 2 years or more and less than 5 years,44,2,0,2,42,0,42
S01010263,Born outside the UK: Resident 5 years or more and less than 10 years,29,4,0,4,25,0,25
S01010263,Born outside the UK: Resident 10 years or more,25,9,2,7,16,1,15
S01010264,All people in households,762,209,67,142,553,150,403
S01010264,Born in the UK,574,184,63,121,390,137,253
S01010264,Born outside the UK: Total,188,25,4,21,163,13,150
S01010264,Born outside the UK: Resident less than 2 years,89,7,1,6,82,2,80
S01010264,Born outside the UK: Resident 2 years or more and less than 5 years,37,4,1,3,33,5,28
S01010264,Born outside the UK: Resident 5 years or more and less than 10 years,33,9,1,8,24,2,22
S01010264,Born outside the UK: Resident 10 years or more,29,5,1,4,24,4,20
S01010265,All people in households,860,319,83,236,541,3,538
S01010265,Born in the UK,597,282,75,207,315,1,314
S01010265,Born outside the UK: Total,263,37,8,29,226,2,224
S01010265,Born outside the UK: Resident less than 2 years,133,5,1,4,128,1,127
S01010265,Born outside the UK: Resident 2 years or more and less than 5 years,61,8,2,6,53,1,52
S01010265,Born outside the UK: Resident 5 years or more and less than 10 years,34,10,2,8,24,0,24
S01010265,Born outside the UK: Resident 10 years or more,35,14,3,11,21,0,21
S01010266,All people in households,521,181,72,109,340,87,253
S01010266,Born in the UK,401,141,56,85,260,67,193
S01010266,Born outside the UK: Total,120,40,16,24,80,20,60
S01010266,Born outside the UK: Resident less than 2 years,32,2,2,0,30,2,28
S01010266,Born outside the UK: Resident 2 years or more and less than 5 years,21,4,0,4,17,5,12
S01010266,Born outside the UK: Resident 5 years or more and less than 10 years,16,4,0,4,12,1,11
S01010266,Born outside the UK: Resident 10 years or more,51,30,14,16,21,12,9
S01010267,All people in households,608,126,24,102,482,39,443
S01010267,Born in the UK,391,94,18,76,297,29,268
S01010267,Born outside the UK: Total,217,32,6,26,185,10,175
S01010267,Born outside the UK: Resident less than 2 years,105,7,4,3,98,4,94
S01010267,Born outside the UK: Resident 2 years or more and less than 5 years,57,10,0,10,47,0,47
S01010267,Born outside the UK: Resident 5 years or more and less than 10 years,36,9,1,8,27,2,25
S01010267,Born outside the UK: Resident 10 years or more,19,6,1,5,13,4,9
S01010268,All people in households,728,269,113,156,459,166,293
S01010268,Born in the UK,513,213,85,128,300,123,177
S01010268,Born outside the UK: Total,215,56,28,28,159,43,116
S01010268,Born outside the UK: Resident less than 2 years,76,5,2,3,71,3,68
S01010268,Born outside the UK: Resident 2 years or more and less than 5 years,48,6,4,2,42,10,32
S01010268,Born outside the UK: Resident 5 years or more and less than 10 years,23,7,3,4,16,4,12
S01010268,Born outside the UK: Resident 10 years or more,68,38,19,19,30,26,4
S01010269,All people in households,528,143,48,95,385,77,308
S01010269,Born in the UK,336,111,35,76,225,70,155
S01010269,Born outside the UK: Total,192,32,13,19,160,7,153
S01010269,Born outside the UK: Resident less than 2 years,88,1,0,1,87,0,87
S01010269,Born outside the UK: Resident 2 years or more and less than 5 years,35,4,1,3,31,1,30
S01010269,Born outside the UK: Resident 5 years or more and less than 10 years,40,15,7,8,25,1,24
S01010269,Born outside the UK: Resident 10 years or more,29,12,5,7,17,5,12
S01010270,All people in households,1100,207,108,99,893,596,297
S01010270,Born in the UK,905,188,103,85,717,523,194
S01010270,Born outside the UK: Total,195,19,5,14,176,73,103
S01010270,Born outside the UK: Resident less than 2 years,68,3,0,3,65,10,55
S01010270,Born outside the UK: Resident 2 years or more and less than 5 years,41,4,2,2,37,10,27
S01010270,Born outside the UK: Resident 5 years or more and less than 10 years,15,3,0,3,12,7,5
S01010270,Born outside the UK: Resident 10 years or more,71,9,3,6,62,46,16
S01010271,All people in households,723,183,65,118,540,96,444
S01010271,Born in the UK,501,143,47,96,358,64,294
S01010271,Born outside the UK: Total,222,40,18,22,182,32,150
S01010271,Born outside the UK: Resident less than 2 years,100,5,2,3,95,2,93
S01010271,Born outside the UK: Resident 2 years or more and less than 5 years,24,3,1,2,21,0,21
S01010271,Born outside the UK: Resident 5 years or more and less than 10 years,37,7,0,7,30,9,21
S01010271,Born outside the UK: Resident 10 years or more,61,25,15,10,36,21,15
S01010272,All people in households,1013,200,59,141,813,500,313
S01010272,Born in the UK,740,152,46,106,588,413,175
S01010272,Born outside the UK: Total,273,48,13,35,225,87,138
S01010272,Born outside the UK: Resident less than 2 years,108,14,2,12,94,11,83
S01010272,Born outside the UK: Resident 2 years or more and less than 5 years,45,7,0,7,38,11,27
S01010272,Born outside the UK: Resident 5 years or more and less than 10 years,59,13,2,11,46,25,21
S01010272,Born outside the UK: Resident 10 years or more,61,14,9,5,47,40,7
S01010273,All people in households,655,161,42,119,494,18,476
S01010273,Born in the UK,430,142,36,106,288,14,274
S01010273,Born outside the UK: Total,225,19,6,13,206,4,202
S01010273,Born outside the UK: Resident less than 2 years,127,6,1,5,121,0,121
S01010273,Born outside the UK: Resident 2 years or more and less than 5 years,44,2,1,1,42,0,42
S01010273,Born outside the UK: Resident 5 years or more and less than 10 years,19,3,0,3,16,3,13
S01010273,Born outside the UK: Resident 10 years or more,35,8,4,4,27,1,26
S01010274,All people in households,536,175,47,128,361,26,335
S01010274,Born in the UK,389,147,37,110,242,12,230
S01010274,Born outside the UK: Total,147,28,10,18,119,14,105
S01010274,Born outside the UK: Resident less than 2 years,70,6,4,2,64,7,57
S01010274,Born outside the UK: Resident 2 years or more and less than 5 years,30,5,0,5,25,4,21
S01010274,Born outside the UK: Resident 5 years or more and less than 10 years,22,4,2,2,18,1,17
S01010274,Born outside the UK: Resident 10 years or more,25,13,4,9,12,2,10
S01010275,All people in households,592,173,43,130,419,15,404
S01010275,Born in the UK,409,137,34,103,272,6,266
S01010275,Born outside the UK: Total,183,36,9,27,147,9,138
S01010275,Born outside the UK: Resident less than 2 years,84,6,2,4,78,2,76
S01010275,Born outside the UK: Resident 2 years or more and less than 5 years,38,8,0,8,30,1,29
S01010275,Born outside the UK: Resident 5 years or more and less than 10 years,37,14,6,8,23,5,18
S01010275,Born outside the UK: Resident 10 years or more,24,8,1,7,16,1,15
S01010276,All people in households,993,382,97,285,611,23,588
S01010276,Born in the UK,711,331,85,246,380,14,366
S01010276,Born outside the UK: Total,282,51,12,39,231,9,222
S01010276,Born outside the UK: Resident less than 2 years,116,10,0,10,106,3,103
S01010276,Born outside the UK: Resident 2 years or more and less than 5 years,64,6,0,6,58,1,57
S01010276,Born outside the UK: Resident 5 years or more and less than 10 years,53,15,3,12,38,5,33
S01010276,Born outside the UK: Resident 10 years or more,49,20,9,11,29,0,29
S01010277,All people in households,610,87,30,57,523,408,115
S01010277,Born in the UK,532,78,29,49,454,381,73
S01010277,Born outside the UK: Total,78,9,1,8,69,27,42
S01010277,Born outside the UK: Resident less than 2 years,25,2,1,1,23,0,23
S01010277,Born outside the UK: Resident 2 years or more and less than 5 years,11,0,0,0,11,1,10
S01010277,Born outside the UK: Resident 5 years or more and less than 10 years,17,3,0,3,14,8,6
S01010277,Born outside the UK: Resident 10 years or more,25,4,0,4,21,18,3
S01010278,All people in households,650,110,30,80,540,466,74
S01010278,Born in the UK,497,86,23,63,411,370,41
S01010278,Born outside the UK: Total,153,24,7,17,129,96,33
S01010278,Born outside the UK: Resident less than 2 years,20,1,0,1,19,5,14
S01010278,Born outside the UK: Resident 2 years or more and less than 5 years,23,6,2,4,17,12,5
S01010278,Born outside the UK: Resident 5 years or more and less than 10 years,50,8,1,7,42,32,10
S01010278,Born outside the UK: Resident 10 years or more,60,9,4,5,51,47,4
S01010279,All people in households,605,137,50,87,468,242,226
S01010279,Born in the UK,454,110,39,71,344,199,145
S01010279,Born outside the UK: Total,151,27,11,16,124,43,81
S01010279,Born outside the UK: Resident less than 2 years,40,1,0,1,39,1,38
S01010279,Born outside the UK: Resident 2 years or more and less than 5 years,39,5,2,3,34,11,23
S01010279,Born outside the UK: Resident 5 years or more and less than 10 years,42,8,1,7,34,20,14
S01010279,Born outside the UK: Resident 10 years or more,30,13,8,5,17,11,6
S01010280,All people in households,782,224,77,147,558,136,422
S01010280,Born in the UK,611,195,66,129,416,107,309
S01010280,Born outside the UK: Total,171,29,11,18,142,29,113
S01010280,Born outside the UK: Resident less than 2 years,62,8,6,2,54,3,51
S01010280,Born outside the UK: Resident 2 years or more and less than 5 years,42,1,0,1,41,6,35
S01010280,Born outside the UK: Resident 5 years or more and less than 10 years,26,4,0,4,22,6,16
S01010280,Born outside the UK: Resident 10 years or more,41,16,5,11,25,14,11
S01010281,All people in households,779,250,67,183,529,86,443
S01010281,Born in the UK,512,204,55,149,308,65,243
S01010281,Born outside the UK: Total,267,46,12,34,221,21,200
S01010281,Born outside the UK: Resident less than 2 years,131,6,2,4,125,4,121
S01010281,Born outside the UK: Resident 2 years or more and less than 5 years,47,8,2,6,39,1,38
S01010281,Born outside the UK: Resident 5 years or more and less than 10 years,58,16,2,14,42,13,29
S01010281,Born outside the UK: Resident 10 years or more,31,16,6,10,15,3,12
S01010282,All people in households,976,276,91,185,700,368,332
S01010282,Born in the UK,793,238,77,161,555,340,215
S01010282,Born outside the UK: Total,183,38,14,24,145,28,117
S01010282,Born outside the UK: Resident less than 2 years,64,5,3,2,59,0,59
S01010282,Born outside the UK: Resident 2 years or more and less than 5 years,42,6,1,5,36,3,33
S01010282,Born outside the UK: Resident 5 years or more and less than 10 years,34,11,3,8,23,6,17
S01010282,Born outside the UK: Resident 10 years or more,43,16,7,9,27,19,8
S01010283,All people in households,539,142,41,101,397,117,280
S01010283,Born in the UK,428,116,29,87,312,92,220
S01010283,Born outside the UK: Total,111,26,12,14,85,25,60
S01010283,Born outside the UK: Resident less than 2 years,24,2,1,1,22,3,19
S01010283,Born outside the UK: Resident 2 years or more and less than 5 years,32,5,3,2,27,5,22
S01010283,Born outside the UK: Resident 5 years or more and less than 10 years,24,10,4,6,14,4,10
S01010283,Born outside the UK: Resident 10 years or more,31,9,4,5,22,13,9
S01010284,All people in households,1002,341,77,264,661,148,513
S01010284,Born in the UK,760,305,76,229,455,125,330
S01010284,Born outside the UK: Total,242,36,1,35,206,23,183
S01010284,Born outside the UK: Resident less than 2 years,108,7,1,6,101,7,94
S01010284,Born outside the UK: Resident 2 years or more and less than 5 years,52,4,0,4,48,1,47
S01010284,Born outside the UK: Resident 5 years or more and less than 10 years,38,10,0,10,28,4,24
S01010284,Born outside the UK: Resident 10 years or more,44,15,0,15,29,11,18
S01010285,All people in households,838,216,49,167,622,235,387
S01010285,Born in the UK,634,171,37,134,463,191,272
S01010285,Born outside the UK: Total,204,45,12,33,159,44,115
S01010285,Born outside the UK: Resident less than 2 years,56,5,0,5,51,2,49
S01010285,Born outside the UK: Resident 2 years or more and less than 5 years,52,7,1,6,45,6,39
S01010285,Born outside the UK: Resident 5 years or more and less than 10 years,33,6,1,5,27,16,11
S01010285,Born outside the UK: Resident 10 years or more,63,27,10,17,36,20,16
S01010286,All people in households,736,249,46,203,487,131,356
S01010286,Born in the UK,531,198,30,168,333,101,232
S01010286,Born outside the UK: Total,205,51,16,35,154,30,124
S01010286,Born outside the UK: Resident less than 2 years,55,6,3,3,49,1,48
S01010286,Born outside the UK: Resident 2 years or more and less than 5 years,52,8,4,4,44,6,38
S01010286,Born outside the UK: Resident 5 years or more and less than 10 years,43,12,0,12,31,8,23
S01010286,Born outside the UK: Resident 10 years or more,55,25,9,16,30,15,15
S01010287,All people in households,874,302,100,202,572,46,526
S01010287,Born in the UK,678,262,84,178,416,36,380
S01010287,Born outside the UK: Total,196,40,16,24,156,10,146
S01010287,Born outside the UK: Resident less than 2 years,99,5,3,2,94,5,89
S01010287,Born outside the UK: Resident 2 years or more and less than 5 years,33,7,1,6,26,0,26
S01010287,Born outside the UK: Resident 5 years or more and less than 10 years,19,7,1,6,12,3,9
S01010287,Born outside the UK: Resident 10 years or more,45,21,11,10,24,2,22
S01010288,All people in households,810,302,90,212,508,54,454
S01010288,Born in the UK,616,262,73,189,354,42,312
S01010288,Born outside the UK: Total,194,40,17,23,154,12,142
S01010288,Born outside the UK: Resident less than 2 years,78,8,4,4,70,1,69
S01010288,Born outside the UK: Resident 2 years or more and less than 5 years,45,3,1,2,42,3,39
S01010288,Born outside the UK: Resident 5 years or more and less than 10 years,30,9,3,6,21,2,19
S01010288,Born outside the UK: Resident 10 years or more,41,20,9,11,21,6,15
S01010289,All people in households,717,483,114,369,234,24,210
S01010289,Born in the UK,595,443,111,332,152,11,141
S01010289,Born outside the UK: Total,122,40,3,37,82,13,69
S01010289,Born outside the UK: Resident less than 2 years,33,0,0,0,33,2,31
S01010289,Born outside the UK: Resident 2 years or more and less than 5 years,30,2,0,2,28,7,21
S01010289,Born outside the UK: Resident 5 years or more and less than 10 years,27,15,0,15,12,2,10
S01010289,Born outside the UK: Resident 10 years or more,32,23,3,20,9,2,7
S01010290,All people in households,546,161,56,105,385,126,259
S01010290,Born in the UK,408,141,46,95,267,92,175
S01010290,Born outside the UK: Total,138,20,10,10,118,34,84
S01010290,Born outside the UK: Resident less than 2 years,44,1,0,1,43,0,43
S01010290,Born outside the UK: Resident 2 years or more and less than 5 years,28,1,1,0,27,4,23
S01010290,Born outside the UK: Resident 5 years or more and less than 10 years,13,2,1,1,11,3,8
S01010290,Born outside the UK: Resident 10 years or more,53,16,8,8,37,27,10
S01010291,All people in households,1003,258,86,172,745,222,523
S01010291,Born in the UK,732,219,69,150,513,157,356
S01010291,Born outside the UK: Total,271,39,17,22,232,65,167
S01010291,Born outside the UK: Resident less than 2 years,96,3,2,1,93,5,88
S01010291,Born outside the UK: Resident 2 years or more and less than 5 years,51,2,1,1,49,10,39
S01010291,Born outside the UK: Resident 5 years or more and less than 10 years,24,3,1,2,21,6,15
S01010291,Born outside the UK: Resident 10 years or more,100,31,13,18,69,44,25
S01010292,All people in households,890,394,143,251,496,15,481
S01010292,Born in the UK,688,317,113,204,371,7,364
S01010292,Born outside the UK: Total,202,77,30,47,125,8,117
S01010292,Born outside the UK: Resident less than 2 years,54,8,2,6,46,0,46
S01010292,Born outside the UK: Resident 2 years or more and less than 5 years,31,3,1,2,28,0,28
S01010292,Born outside the UK: Resident 5 years or more and less than 10 years,35,6,3,3,29,4,25
S01010292,Born outside the UK: Resident 10 years or more,82,60,24,36,22,4,18
S01010293,All people in households,839,225,64,161,614,179,435
S01010293,Born in the UK,595,169,44,125,426,111,315
S01010293,Born outside the UK: Total,244,56,20,36,188,68,120
S01010293,Born outside the UK: Resident less than 2 years,56,7,0,7,49,2,47
S01010293,Born outside the UK: Resident 2 years or more and less than 5 years,49,5,0,5,44,1,43
S01010293,Born outside the UK: Resident 5 years or more and less than 10 years,39,10,3,7,29,7,22
S01010293,Born outside the UK: Resident 10 years or more,100,34,17,17,66,58,8
S01010294,All people in households,690,259,122,137,431,50,381
S01010294,Born in the UK,535,187,85,102,348,37,311
S01010294,Born outside the UK: Total,155,72,37,35,83,13,70
S01010294,Born outside the UK: Resident less than 2 years,36,7,3,4,29,0,29
S01010294,Born outside the UK: Resident 2 years or more and less than 5 years,16,2,1,1,14,1,13
S01010294,Born outside the UK: Resident 5 years or more and less than 10 years,25,4,1,3,21,5,16
S01010294,Born outside the UK: Resident 10 years or more,78,59,32,27,19,7,12
S01010295,All people in households,974,353,132,221,621,66,555
S01010295,Born in the UK,683,253,81,172,430,35,395
S01010295,Born outside the UK: Total,291,100,51,49,191,31,160
S01010295,Born outside the UK: Resident less than 2 years,103,16,8,8,87,0,87
S01010295,Born outside the UK: Resident 2 years or more and less than 5 years,54,9,5,4,45,5,40
S01010295,Born outside the UK: Resident 5 years or more and less than 10 years,24,5,1,4,19,12,7
S01010295,Born outside the UK: Resident 10 years or more,110,70,37,33,40,14,26
S01010296,All people in households,664,205,70,135,459,211,248
S01010296,Born in the UK,498,151,49,102,347,155,192
S01010296,Born outside the UK: Total,166,54,21,33,112,56,56
S01010296,Born outside the UK: Resident less than 2 years,35,5,0,5,30,5,25
S01010296,Born outside the UK: Resident 2 years or more and less than 5 years,17,2,1,1,15,2,13
S01010296,Born outside the UK: Resident 5 years or more and less than 10 years,18,5,0,5,13,5,8
S01010296,Born outside the UK: Resident 10 years or more,96,42,20,22,54,44,10
S01010297,All people in households,1066,320,143,177,746,478,268
S01010297,Born in the UK,837,257,108,149,580,393,187
S01010297,Born outside the UK: Total,229,63,35,28,166,85,81
S01010297,Born outside the UK: Resident less than 2 years,60,13,7,6,47,13,34
S01010297,Born outside the UK: Resident 2 years or more and less than 5 years,51,6,1,5,45,13,32
S01010297,Born outside the UK: Resident 5 years or more and less than 10 years,39,8,4,4,31,22,9
S01010297,Born outside the UK: Resident 10 years or more,79,36,23,13,43,37,6
S01010298,All people in households,843,228,76,152,615,374,241
S01010298,Born in the UK,705,184,58,126,521,327,194
S01010298,Born outside the UK: Total,138,44,18,26,94,47,47
S01010298,Born outside the UK: Resident less than 2 years,30,9,1,8,21,4,17
S01010298,Born outside the UK: Resident 2 years or more and less than 5 years,32,3,1,2,29,10,19
S01010298,Born outside the UK: Resident 5 years or more and less than 10 years,16,3,2,1,13,8,5
S01010298,Born outside the UK: Resident 10 years or more,60,29,14,15,31,25,6
S01010299,All people in households,536,135,62,73,401,339,62
S01010299,Born in the UK,429,98,45,53,331,283,48
S01010299,Born outside the UK: Total,107,37,17,20,70,56,14
S01010299,Born outside the UK: Resident less than 2 years,14,2,0,2,12,4,8
S01010299,Born outside the UK: Resident 2 years or more and less than 5 years,14,9,1,8,5,2,3
S01010299,Born outside the UK: Resident 5 years or more and less than 10 years,12,6,2,4,6,5,1
S01010299,Born outside the UK: Resident 10 years or more,67,20,14,6,47,45,2
S01010300,All people in households,889,220,81,139,669,320,349
S01010300,Born in the UK,679,193,63,130,486,290,196
S01010300,Born outside the UK: Total,210,27,18,9,183,30,153
S01010300,Born outside the UK: Resident less than 2 years,100,0,0,0,100,3,97
S01010300,Born outside the UK: Resident 2 years or more and less than 5 years,46,3,1,2,43,6,37
S01010300,Born outside the UK: Resident 5 years or more and less than 10 years,20,3,1,2,17,9,8
S01010300,Born outside the UK: Resident 10 years or more,44,21,16,5,23,12,11
S01010301,All people in households,516,180,44,136,336,46,290
S01010301,Born in the UK,337,134,33,101,203,29,174
S01010301,Born outside the UK: Total,179,46,11,35,133,17,116
S01010301,Born outside the UK: Resident less than 2 years,60,9,2,7,51,2,49
S01010301,Born outside the UK: Resident 2 years or more and less than 5 years,49,3,1,2,46,4,42
S01010301,Born outside the UK: Resident 5 years or more and less than 10 years,35,12,5,7,23,10,13
S01010301,Born outside the UK: Resident 10 years or more,35,22,3,19,13,1,12
S01010302,All people in households,658,113,56,57,545,469,76
S01010302,Born in the UK,494,91,48,43,403,367,36
S01010302,Born outside the UK: Total,164,22,8,14,142,102,40
S01010302,Born outside the UK: Resident less than 2 years,30,4,2,2,26,9,17
S01010302,Born outside the UK: Resident 2 years or more and less than 5 years,40,1,1,0,39,22,17
S01010302,Born outside the UK: Resident 5 years or more and less than 10 years,47,5,0,5,42,37,5
S01010302,Born outside the UK: Resident 10 years or more,47,12,5,7,35,34,1
S01010303,All people in households,579,76,31,45,503,460,43
S01010303,Born in the UK,362,54,29,25,308,282,26
S01010303,Born outside the UK: Total,217,22,2,20,195,178,17
S01010303,Born outside the UK: Resident less than 2 years,24,0,0,0,24,22,2
S01010303,Born outside the UK: Resident 2 years or more and less than 5 years,72,8,1,7,64,60,4
S01010303,Born outside the UK: Resident 5 years or more and less than 10 years,67,6,0,6,61,57,4
S01010303,Born outside the UK: Resident 10 years or more,54,8,1,7,46,39,7
S01010304,All people in households,542,156,41,115,386,277,109
S01010304,Born in the UK,443,128,35,93,315,249,66
S01010304,Born outside the UK: Total,99,28,6,22,71,28,43
S01010304,Born outside the UK: Resident less than 2 years,34,6,0,6,28,4,24
S01010304,Born outside the UK: Resident 2 years or more and less than 5 years,29,8,0,8,21,10,11
S01010304,Born outside the UK: Resident 5 years or more and less than 10 years,23,4,0,4,19,12,7
S01010304,Born outside the UK: Resident 10 years or more,13,10,6,4,3,2,1
S01010305,All people in households,797,274,79,195,523,333,190
S01010305,Born in the UK,673,242,64,178,431,304,127
S01010305,Born outside the UK: Total,124,32,15,17,92,29,63
S01010305,Born outside the UK: Resident less than 2 years,44,5,2,3,39,8,31
S01010305,Born outside the UK: Resident 2 years or more and less than 5 years,28,6,0,6,22,6,16
S01010305,Born outside the UK: Resident 5 years or more and less than 10 years,20,1,1,0,19,7,12
S01010305,Born outside the UK: Resident 10 years or more,32,20,12,8,12,8,4
S01010306,All people in households,752,282,84,198,470,162,308
S01010306,Born in the UK,573,241,64,177,332,144,188
S01010306,Born outside the UK: Total,179,41,20,21,138,18,120
S01010306,Born outside the UK: Resident less than 2 years,61,9,8,1,52,3,49
S01010306,Born outside the UK: Resident 2 years or more and less than 5 years,43,3,0,3,40,2,38
S01010306,Born outside the UK: Resident 5 years or more and less than 10 years,37,13,4,9,24,5,19
S01010306,Born outside the UK: Resident 10 years or more,38,16,8,8,22,8,14
S01010307,All people in households,821,421,127,294,400,66,334
S01010307,Born in the UK,693,374,112,262,319,50,269
S01010307,Born outside the UK: Total,128,47,15,32,81,16,65
S01010307,Born outside the UK: Resident less than 2 years,25,3,2,1,22,4,18
S01010307,Born outside the UK: Resident 2 years or more and less than 5 years,36,8,2,6,28,0,28
S01010307,Born outside the UK: Resident 5 years or more and less than 10 years,29,12,0,12,17,6,11
S01010307,Born outside the UK: Resident 10 years or more,38,24,11,13,14,6,8
S01010308,All people in households,959,434,120,314,525,104,421
S01010308,Born in the UK,747,378,108,270,369,91,278
S01010308,Born outside the UK: Total,212,56,12,44,156,13,143
S01010308,Born outside the UK: Resident less than 2 years,92,7,1,6,85,2,83
S01010308,Born outside the UK: Resident 2 years or more and less than 5 years,44,8,0,8,36,0,36
S01010308,Born outside the UK: Resident 5 years or more and less than 10 years,27,11,2,9,16,4,12
S01010308,Born outside the UK: Resident 10 years or more,49,30,9,21,19,7,12
S01010309,All people in households,419,148,60,88,271,237,34
S01010309,Born in the UK,378,139,59,80,239,220,19
S01010309,Born outside the UK: Total,41,9,1,8,32,17,15
S01010309,Born outside the UK: Resident less than 2 years,6,0,0,0,6,6,0
S01010309,Born outside the UK: Resident 2 years or more and less than 5 years,17,4,0,4,13,7,6
S01010309,Born outside the UK: Resident 5 years or more and less than 10 years,10,1,0,1,9,3,6
S01010309,Born outside the UK: Resident 10 years or more,8,4,1,3,4,1,3
S01010310,All people in households,706,141,16,125,565,392,173
S01010310,Born in the UK,540,126,14,112,414,320,94
S01010310,Born outside the UK: Total,166,15,2,13,151,72,79
S01010310,Born outside the UK: Resident less than 2 years,42,5,1,4,37,12,25
S01010310,Born outside the UK: Resident 2 years or more and less than 5 years,57,1,1,0,56,32,24
S01010310,Born outside the UK: Resident 5 years or more and less than 10 years,39,0,0,0,39,19,20
S01010310,Born outside the UK: Resident 10 years or more,28,9,0,9,19,9,10
S01010311,All people in households,714,125,41,84,589,537,52
S01010311,Born in the UK,637,116,41,75,521,476,45
S01010311,Born outside the UK: Total,77,9,0,9,68,61,7
S01010311,Born outside the UK: Resident less than 2 years,28,1,0,1,27,26,1
S01010311,Born outside the UK: Resident 2 years or more and less than 5 years,12,1,0,1,11,9,2
S01010311,Born outside the UK: Resident 5 years or more and less than 10 years,22,4,0,4,18,15,3
S01010311,Born outside the UK: Resident 10 years or more,15,3,0,3,12,11,1
S01010312,All people in households,857,11,3,8,846,836,10
S01010312,Born in the UK,791,6,3,3,785,780,5
S01010312,Born outside the UK: Total,66,5,0,5,61,56,5
S01010312,Born outside the UK: Resident less than 2 years,10,0,0,0,10,10,0
S01010312,Born outside the UK: Resident 2 years or more and less than 5 years,22,0,0,0,22,17,5
S01010312,Born outside the UK: Resident 5 years or more and less than 10 years,19,1,0,1,18,18,0
S01010312,Born outside the UK: Resident 10 years or more,15,4,0,4,11,11,0
S01010313,All people in households,636,57,24,33,579,544,35
S01010313,Born in the UK,589,57,24,33,532,506,26
S01010313,Born outside the UK: Total,47,0,0,0,47,38,9
S01010313,Born outside the UK: Resident less than 2 years,6,0,0,0,6,6,0
S01010313,Born outside the UK: Resident 2 years or more and less than 5 years,22,0,0,0,22,16,6
S01010313,Born outside the UK: Resident 5 years or more and less than 10 years,10,0,0,0,10,8,2
S01010313,Born outside the UK: Resident 10 years or more,9,0,0,0,9,8,1
S01010314,All people in households,955,196,19,177,759,678,81
S01010314,Born in the UK,837,184,19,165,653,606,47
S01010314,Born outside the UK: Total,118,12,0,12,106,72,34
S01010314,Born outside the UK: Resident less than 2 years,25,3,0,3,22,10,12
S01010314,Born outside the UK: Resident 2 years or more and less than 5 years,35,0,0,0,35,19,16
S01010314,Born outside the UK: Resident 5 years or more and less than 10 years,32,6,0,6,26,22,4
S01010314,Born outside the UK: Resident 10 years or more,26,3,0,3,23,21,2
S01010315,All people in households,911,434,79,355,477,275,202
S01010315,Born in the UK,786,375,67,308,411,246,165
S01010315,Born outside the UK: Total,125,59,12,47,66,29,37
S01010315,Born outside the UK: Resident less than 2 years,21,1,0,1,20,8,12
S01010315,Born outside the UK: Resident 2 years or more and less than 5 years,19,7,0,7,12,6,6
S01010315,Born outside the UK: Resident 5 years or more and less than 10 years,43,16,2,14,27,14,13
S01010315,Born outside the UK: Resident 10 years or more,42,35,10,25,7,1,6
S01010316,All people in households,512,49,14,35,463,387,76
S01010316,Born in the UK,433,47,14,33,386,333,53
S01010316,Born outside the UK: Total,79,2,0,2,77,54,23
S01010316,Born outside the UK: Resident less than 2 years,13,0,0,0,13,3,10
S01010316,Born outside the UK: Resident 2 years or more and less than 5 years,26,0,0,0,26,19,7
S01010316,Born outside the UK: Resident 5 years or more and less than 10 years,19,0,0,0,19,18,1
S01010316,Born outside the UK: Resident 10 years or more,21,2,0,2,19,14,5
S01010317,All people in households,725,338,96,242,387,59,328
S01010317,Born in the UK,609,301,82,219,308,53,255
S01010317,Born outside the UK: Total,116,37,14,23,79,6,73
S01010317,Born outside the UK: Resident less than 2 years,23,0,0,0,23,0,23
S01010317,Born outside the UK: Resident 2 years or more and less than 5 years,31,7,5,2,24,2,22
S01010317,Born outside the UK: Resident 5 years or more and less than 10 years,21,6,1,5,15,2,13
S01010317,Born outside the UK: Resident 10 years or more,41,24,8,16,17,2,15
S01010318,All people in households,505,57,15,42,448,337,111
S01010318,Born in the UK,425,49,14,35,376,294,82
S01010318,Born outside the UK: Total,80,8,1,7,72,43,29
S01010318,Born outside the UK: Resident less than 2 years,17,0,0,0,17,5,12
S01010318,Born outside the UK: Resident 2 years or more and less than 5 years,30,1,0,1,29,15,14
S01010318,Born outside the UK: Resident 5 years or more and less than 10 years,11,3,0,3,8,8,0
S01010318,Born outside the UK: Resident 10 years or more,22,4,1,3,18,15,3
S01010319,All people in households,711,361,81,280,350,149,201
S01010319,Born in the UK,578,312,76,236,266,129,137
S01010319,Born outside the UK: Total,133,49,5,44,84,20,64
S01010319,Born outside the UK: Resident less than 2 years,33,5,0,5,28,3,25
S01010319,Born outside the UK: Resident 2 years or more and less than 5 years,32,4,0,4,28,7,21
S01010319,Born outside the UK: Resident 5 years or more and less than 10 years,25,10,1,9,15,6,9
S01010319,Born outside the UK: Resident 10 years or more,43,30,4,26,13,4,9
S01010320,All people in households,670,162,30,132,508,298,210
S01010320,Born in the UK,527,146,27,119,381,235,146
S01010320,Born outside the UK: Total,143,16,3,13,127,63,64
S01010320,Born outside the UK: Resident less than 2 years,23,1,1,0,22,5,17
S01010320,Born outside the UK: Resident 2 years or more and less than 5 years,48,4,2,2,44,19,25
S01010320,Born outside the UK: Resident 5 years or more and less than 10 years,45,5,0,5,40,21,19
S01010320,Born outside the UK: Resident 10 years or more,27,6,0,6,21,18,3
S01010321,All people in households,695,233,59,174,462,254,208
S01010321,Born in the UK,602,218,58,160,384,241,143
S01010321,Born outside the UK: Total,93,15,1,14,78,13,65
S01010321,Born outside the UK: Resident less than 2 years,22,2,0,2,20,0,20
S01010321,Born outside the UK: Resident 2 years or more and less than 5 years,23,3,1,2,20,3,17
S01010321,Born outside the UK: Resident 5 years or more and less than 10 years,20,3,0,3,17,2,15
S01010321,Born outside the UK: Resident 10 years or more,28,7,0,7,21,8,13
S01010322,All people in households,1028,572,226,346,456,39,417
S01010322,Born in the UK,875,533,215,318,342,34,308
S01010322,Born outside the UK: Total,153,39,11,28,114,5,109
S01010322,Born outside the UK: Resident less than 2 years,46,3,0,3,43,0,43
S01010322,Born outside the UK: Resident 2 years or more and less than 5 years,42,4,0,4,38,0,38
S01010322,Born outside the UK: Resident 5 years or more and less than 10 years,26,9,0,9,17,3,14
S01010322,Born outside the UK: Resident 10 years or more,39,23,11,12,16,2,14
S01010323,All people in households,603,22,8,14,581,572,9
S01010323,Born in the UK,543,16,7,9,527,522,5
S01010323,Born outside the UK: Total,60,6,1,5,54,50,4
S01010323,Born outside the UK: Resident less than 2 years,13,4,0,4,9,8,1
S01010323,Born outside the UK: Resident 2 years or more and less than 5 years,24,1,1,0,23,21,2
S01010323,Born outside the UK: Resident 5 years or more and less than 10 years,19,1,0,1,18,17,1
S01010323,Born outside the UK: Resident 10 years or more,4,0,0,0,4,4,0
S01010324,All people in households,759,316,160,156,443,391,52
S01010324,Born in the UK,731,311,157,154,420,384,36
S01010324,Born outside the UK: Total,28,5,3,2,23,7,16
S01010324,Born outside the UK: Resident less than 2 years,14,0,0,0,14,1,13
S01010324,Born outside the UK: Resident 2 years or more and less than 5 years,2,0,0,0,2,1,1
S01010324,Born outside the UK: Resident 5 years or more and less than 10 years,3,0,0,0,3,2,1
S01010324,Born outside the UK: Resident 10 years or more,9,5,3,2,4,3,1
S01010325,All people in households,939,421,254,167,518,438,80
S01010325,Born in the UK,922,411,254,157,511,432,79
S01010325,Born outside the UK: Total,17,10,0,10,7,6,1
S01010325,Born outside the UK: Resident less than 2 years,0,0,0,0,0,0,0
S01010325,Born outside the UK: Resident 2 years or more and less than 5 years,4,4,0,4,0,0,0
S01010325,Born outside the UK: Resident 5 years or more and less than 10 years,4,4,0,4,0,0,0
S01010325,Born outside the UK: Resident 10 years or more,9,2,0,2,7,6,1
S01010326,All people in households,986,142,37,105,844,799,45
S01010326,Born in the UK,930,133,31,102,797,760,37
S01010326,Born outside the UK: Total,56,9,6,3,47,39,8
S01010326,Born outside the UK: Resident less than 2 years,14,1,0,1,13,7,6
S01010326,Born outside the UK: Resident 2 years or more and less than 5 years,19,2,2,0,17,17,0
S01010326,Born outside the UK: Resident 5 years or more and less than 10 years,14,1,0,1,13,11,2
S01010326,Born outside the UK: Resident 10 years or more,9,5,4,1,4,4,0
S01010327,All people in households,865,353,46,307,512,420,92
S01010327,Born in the UK,775,320,40,280,455,392,63
S01010327,Born outside the UK: Total,90,33,6,27,57,28,29
S01010327,Born outside the UK: Resident less than 2 years,19,2,0,2,17,8,9
S01010327,Born outside the UK: Resident 2 years or more and less than 5 years,20,3,1,2,17,9,8
S01010327,Born outside the UK: Resident 5 years or more and less than 10 years,22,10,1,9,12,3,9
S01010327,Born outside the UK: Resident 10 years or more,29,18,4,14,11,8,3
S01010328,All people in households,969,608,188,420,361,262,99
S01010328,Born in the UK,882,573,177,396,309,244,65
S01010328,Born outside the UK: Total,87,35,11,24,52,18,34
S01010328,Born outside the UK: Resident less than 2 years,13,1,0,1,12,1,11
S01010328,Born outside the UK: Resident 2 years or more and less than 5 years,22,7,0,7,15,6,9
S01010328,Born outside the UK: Resident 5 years or more and less than 10 years,27,11,3,8,16,6,10
S01010328,Born outside the UK: Resident 10 years or more,25,16,8,8,9,5,4
S01010329,All people in households,573,297,120,177,276,216,60
S01010329,Born in the UK,540,282,116,166,258,206,52
S01010329,Born outside the UK: Total,33,15,4,11,18,10,8
S01010329,Born outside the UK: Resident less than 2 years,5,2,0,2,3,2,1
S01010329,Born outside the UK: Resident 2 years or more and less than 5 years,6,3,0,3,3,2,1
S01010329,Born outside the UK: Resident 5 years or more and less than 10 years,6,2,0,2,4,0,4
S01010329,Born outside the UK: Resident 10 years or more,16,8,4,4,8,6,2
S01010330,All people in households,663,182,56,126,481,452,29
S01010330,Born in the UK,634,173,53,120,461,434,27
S01010330,Born outside the UK: Total,29,9,3,6,20,18,2
S01010330,Born outside the UK: Resident less than 2 years,4,0,0,0,4,2,2
S01010330,Born outside the UK: Resident 2 years or more and less than 5 years,2,1,0,1,1,1,0
S01010330,Born outside the UK: Resident 5 years or more and less than 10 years,8,2,0,2,6,6,0
S01010330,Born outside the UK: Resident 10 years or more,15,6,3,3,9,9,0
S01010331,All people in households,923,404,174,230,519,440,79
S01010331,Born in the UK,879,390,167,223,489,416,73
S01010331,Born outside the UK: Total,44,14,7,7,30,24,6
S01010331,Born outside the UK: Resident less than 2 years,4,0,0,0,4,3,1
S01010331,Born outside the UK: Resident 2 years or more and less than 5 years,4,0,0,0,4,4,0
S01010331,Born outside the UK: Resident 5 years or more and less than 10 years,14,2,1,1,12,10,2
S01010331,Born outside the UK: Resident 10 years or more,22,12,6,6,10,7,3
S01010332,All people in households,708,335,77,258,373,316,57
S01010332,Born in the UK,691,332,76,256,359,305,54
S01010332,Born outside the UK: Total,17,3,1,2,14,11,3
S01010332,Born outside the UK: Resident less than 2 years,3,0,0,0,3,1,2
S01010332,Born outside the UK: Resident 2 years or more and less than 5 years,0,0,0,0,0,0,0
S01010332,Born outside the UK: Resident 5 years or more and less than 10 years,0,0,0,0,0,0,0
S01010332,Born outside the UK: Resident 10 years or more,14,3,1,2,11,10,1
S01010333,All people in households,962,475,174,301,487,361,126
S01010333,Born in the UK,906,457,170,287,449,335,114
S01010333,Born outside the UK: Total,56,18,4,14,38,26,12
S01010333,Born outside the UK: Resident less than 2 years,12,3,0,3,9,5,4
S01010333,Born outside the UK: Resident 2 years or more and less than 5 years,11,1,0,1,10,4,6
S01010333,Born outside the UK: Resident 5 years or more and less than 10 years,12,4,0,4,8,6,2
S01010333,Born outside the UK: Resident 10 years or more,21,10,4,6,11,11,0
S01010334,All people in households,927,549,113,436,378,295,83
S01010334,Born in the UK,910,541,112,429,369,286,83
S01010334,Born outside the UK: Total,17,8,1,7,9,9,0
S01010334,Born outside the UK: Resident less than 2 years,0,0,0,0,0,0,0
S01010334,Born outside the UK: Resident 2 years or more and less than 5 years,5,3,0,3,2,2,0
S01010334,Born outside the UK: Resident 5 years or more and less than 10 years,3,1,0,1,2,2,0
S01010334,Born outside the UK: Resident 10 years or more,9,4,1,3,5,5,0
S01010335,All people in households,793,414,169,245,379,329,50
S01010335,Born in the UK,748,399,165,234,349,304,45
S01010335,Born outside the UK: Total,45,15,4,11,30,25,5
S01010335,Born outside the UK: Resident less than 2 years,6,1,0,1,5,2,3
S01010335,Born outside the UK: Resident 2 years or more and less than 5 years,6,4,1,3,2,0,2
S01010335,Born outside the UK: Resident 5 years or more and less than 10 years,16,4,0,4,12,12,0
S01010335,Born outside the UK: Resident 10 years or more,17,6,3,3,11,11,0
S01010336,All people in households,657,76,43,33,581,567,14
S01010336,Born in the UK,639,74,43,31,565,551,14
S01010336,Born outside the UK: Total,18,2,0,2,16,16,0
S01010336,Born outside the UK: Resident less than 2 years,1,0,0,0,1,1,0
S01010336,Born outside the UK: Resident 2 years or more and less than 5 years,3,0,0,0,3,3,0
S01010336,Born outside the UK: Resident 5 years or more and less than 10 years,2,0,0,0,2,2,0
S01010336,Born outside the UK: Resident 10 years or more,12,2,0,2,10,10,0
S01010337,All people in households,623,305,104,201,318,280,38
S01010337,Born in the UK,601,296,102,194,305,272,33
S01010337,Born outside the UK: Total,22,9,2,7,13,8,5
S01010337,Born outside the UK: Resident less than 2 years,4,1,0,1,3,0,3
S01010337,Born outside the UK: Resident 2 years or more and less than 5 years,9,3,0,3,6,5,1
S01010337,Born outside the UK: Resident 5 years or more and less than 10 years,2,0,0,0,2,1,1
S01010337,Born outside the UK: Resident 10 years or more,7,5,2,3,2,2,0
S01010338,All people in households,751,206,78,128,545,522,23
S01010338,Born in the UK,715,195,75,120,520,497,23
S01010338,Born outside the UK: Total,36,11,3,8,25,25,0
S01010338,Born outside the UK: Resident less than 2 years,5,2,2,0,3,3,0
S01010338,Born outside the UK: Resident 2 years or more and less than 5 years,16,5,0,5,11,11,0
S01010338,Born outside the UK: Resident 5 years or more and less than 10 years,7,1,0,1,6,6,0
S01010338,Born outside the UK: Resident 10 years or more,8,3,1,2,5,5,0
S01010339,All people in households,692,380,161,219,312,267,45
S01010339,Born in the UK,659,361,157,204,298,259,39
S01010339,Born outside the UK: Total,33,19,4,15,14,8,6
S01010339,Born outside the UK: Resident less than 2 years,3,3,0,3,0,0,0
S01010339,Born outside the UK: Resident 2 years or more and less than 5 years,12,4,0,4,8,7,1
S01010339,Born outside the UK: Resident 5 years or more and less than 10 years,8,2,0,2,6,1,5
S01010339,Born outside the UK: Resident 10 years or more,10,10,4,6,0,0,0
S01010340,All people in households,752,282,75,207,470,446,24
S01010340,Born in the UK,688,272,75,197,416,399,17
S01010340,Born outside the UK: Total,64,10,0,10,54,47,7
S01010340,Born outside the UK: Resident less than 2 years,6,0,0,0,6,4,2
S01010340,Born outside the UK: Resident 2 years or more and less than 5 years,19,0,0,0,19,18,1
S01010340,Born outside the UK: Resident 5 years or more and less than 10 years,35,8,0,8,27,23,4
S01010340,Born outside the UK: Resident 10 years or more,4,2,0,2,2,2,0
S01010341,All people in households,591,419,133,286,172,137,35
S01010341,Born in the UK,568,399,131,268,169,135,34
S01010341,Born outside the UK: Total,23,20,2,18,3,2,1
S01010341,Born outside the UK: Resident less than 2 years,1,0,0,0,1,1,0
S01010341,Born outside the UK: Resident 2 years or more and less than 5 years,5,5,0,5,0,0,0
S01010341,Born outside the UK: Resident 5 years or more and less than 10 years,3,2,0,2,1,1,0
S01010341,Born outside the UK: Resident 10 years or more,14,13,2,11,1,0,1
S01010342,All people in households,633,575,161,414,58,20,38
S01010342,Born in the UK,601,552,152,400,49,16,33
S01010342,Born outside the UK: Total,32,23,9,14,9,4,5
S01010342,Born outside the UK: Resident less than 2 years,5,3,0,3,2,0,2
S01010342,Born outside the UK: Resident 2 years or more and less than 5 years,4,1,0,1,3,2,1
S01010342,Born outside the UK: Resident 5 years or more and less than 10 years,6,5,1,4,1,1,0
S01010342,Born outside the UK: Resident 10 years or more,17,14,8,6,3,1,2
S01010343,All people in households,938,870,166,704,68,18,50
S01010343,Born in the UK,901,839,157,682,62,15,47
S01010343,Born outside the UK: Total,37,31,9,22,6,3,3
S01010343,Born outside the UK: Resident less than 2 years,4,4,0,4,0,0,0
S01010343,Born outside the UK: Resident 2 years or more and less than 5 years,2,2,2,0,0,0,0
S01010343,Born outside the UK: Resident 5 years or more and less than 10 years,5,2,0,2,3,1,2
S01010343,Born outside the UK: Resident 10 years or more,26,23,7,16,3,2,1
S01010344,All people in households,690,132,42,90,558,541,17
S01010344,Born in the UK,676,131,42,89,545,528,17
S01010344,Born outside the UK: Total,14,1,0,1,13,13,0
S01010344,Born outside the UK: Resident less than 2 years,5,0,0,0,5,5,0
S01010344,Born outside the UK: Resident 2 years or more and less than 5 years,0,0,0,0,0,0,0
S01010344,Born outside the UK: Resident 5 years or more and less than 10 years,3,0,0,0,3,3,0
S01010344,Born outside the UK: Resident 10 years or more,6,1,0,1,5,5,0
S01010345,All people in households,489,441,71,370,48,12,36
S01010345,Born in the UK,434,403,62,341,31,12,19
S01010345,Born outside the UK: Total,55,38,9,29,17,0,17
S01010345,Born outside the UK: Resident less than 2 years,5,3,1,2,2,0,2
S01010345,Born outside the UK: Resident 2 years or more and less than 5 years,6,5,0,5,1,0,1
S01010345,Born outside the UK: Resident 5 years or more and less than 10 years,20,9,3,6,11,0,11
S01010345,Born outside the UK: Resident 10 years or more,24,21,5,16,3,0,3
S01010346,All people in households,981,847,276,571,134,74,60
S01010346,Born in the UK,919,792,252,540,127,70,57
S01010346,Born outside the UK: Total,62,55,24,31,7,4,3
S01010346,Born outside the UK: Resident less than 2 years,2,1,0,1,1,1,0
S01010346,Born outside the UK: Resident 2 years or more and less than 5 years,3,1,0,1,2,0,2
S01010346,Born outside the UK: Resident 5 years or more and less than 10 years,5,2,1,1,3,3,0
S01010346,Born outside the UK: Resident 10 years or more,52,51,23,28,1,0,1
S01010347,All people in households,919,279,96,183,640,523,117
S01010347,Born in the UK,858,264,91,173,594,494,100
S01010347,Born outside the UK: Total,61,15,5,10,46,29,17
S01010347,Born outside the UK: Resident less than 2 years,17,6,5,1,11,7,4
S01010347,Born outside the UK: Resident 2 years or more and less than 5 years,16,0,0,0,16,7,9
S01010347,Born outside the UK: Resident 5 years or more and less than 10 years,17,2,0,2,15,11,4
S01010347,Born outside the UK: Resident 10 years or more,11,7,0,7,4,4,0
S01010348,All people in households,980,575,226,349,405,320,85
S01010348,Born in the UK,950,555,214,341,395,315,80
S01010348,Born outside the UK: Total,30,20,12,8,10,5,5
S01010348,Born outside the UK: Resident less than 2 years,0,0,0,0,0,0,0
S01010348,Born outside the UK: Resident 2 years or more and less than 5 years,5,1,1,0,4,0,4
S01010348,Born outside the UK: Resident 5 years or more and less than 10 years,6,4,3,1,2,2,0
S01010348,Born outside the UK: Resident 10 years or more,19,15,8,7,4,3,1
S01010349,All people in households,883,494,167,327,389,347,42
S01010349,Born in the UK,864,489,165,324,375,337,38
S01010349,Born outside the UK: Total,19,5,2,3,14,10,4
S01010349,Born outside the UK: Resident less than 2 years,4,1,1,0,3,1,2
S01010349,Born outside the UK: Resident 2 years or more and less than 5 years,4,0,0,0,4,4,0
S01010349,Born outside the UK: Resident 5 years or more and less than 10 years,1,0,0,0,1,1,0
S01010349,Born outside the UK: Resident 10 years or more,10,4,1,3,6,4,2
S01010350,All people in households,950,259,107,152,691,650,41
S01010350,Born in the UK,885,249,104,145,636,598,38
S01010350,Born outside the UK: Total,65,10,3,7,55,52,3
S01010350,Born outside the UK: Resident less than 2 years,7,0,0,0,7,6,1
S01010350,Born outside the UK: Resident 2 years or more and less than 5 years,14,0,0,0,14,14,0
S01010350,Born outside the UK: Resident 5 years or more and less than 10 years,31,6,0,6,25,24,1
S01010350,Born outside the UK: Resident 10 years or more,13,4,3,1,9,8,1
S01010351,All people in households,878,403,95,308,475,329,146
S01010351,Born in the UK,774,387,93,294,387,275,112
S01010351,Born outside the UK: Total,104,16,2,14,88,54,34
S01010351,Born outside the UK: Resident less than 2 years,22,1,0,1,21,4,17
S01010351,Born outside the UK: Resident 2 years or more and less than 5 years,24,1,0,1,23,18,5
S01010351,Born outside the UK: Resident 5 years or more and less than 10 years,36,1,0,1,35,29,6
S01010351,Born outside the UK: Resident 10 years or more,22,13,2,11,9,3,6
S01010352,All people in households,506,240,103,137,266,214,52
S01010352,Born in the UK,470,228,98,130,242,201,41
S01010352,Born outside the UK: Total,36,12,5,7,24,13,11
S01010352,Born outside the UK: Resident less than 2 years,7,3,3,0,4,4,0
S01010352,Born outside the UK: Resident 2 years or more and less than 5 years,15,4,0,4,11,5,6
S01010352,Born outside the UK: Resident 5 years or more and less than 10 years,5,1,0,1,4,1,3
S01010352,Born outside the UK: Resident 10 years or more,9,4,2,2,5,3,2
S01010353,All people in households,961,101,17,84,860,836,24
S01010353,Born in the UK,804,81,12,69,723,712,11
S01010353,Born outside the UK: Total,157,20,5,15,137,124,13
S01010353,Born outside the UK: Resident less than 2 years,32,1,0,1,31,27,4
S01010353,Born outside the UK: Resident 2 years or more and less than 5 years,52,7,2,5,45,41,4
S01010353,Born outside the UK: Resident 5 years or more and less than 10 years,48,7,1,6,41,39,2
S01010353,Born outside the UK: Resident 10 years or more,25,5,2,3,20,17,3
S01010354,All people in households,733,252,87,165,481,351,130
S01010354,Born in the UK,644,218,78,140,426,331,95
S01010354,Born outside the UK: Total,89,34,9,25,55,20,35
S01010354,Born outside the UK: Resident less than 2 years,23,0,0,0,23,5,18
S01010354,Born outside the UK: Resident 2 years or more and less than 5 years,19,3,2,1,16,2,14
S01010354,Born outside the UK: Resident 5 years or more and less than 10 years,22,12,1,11,10,8,2
S01010354,Born outside the UK: Resident 10 years or more,25,19,6,13,6,5,1
S01010355,All people in households,742,250,92,158,492,404,88
S01010355,Born in the UK,677,226,88,138,451,372,79
S01010355,Born outside the UK: Total,65,24,4,20,41,32,9
S01010355,Born outside the UK: Resident less than 2 years,9,1,0,1,8,2,6
S01010355,Born outside the UK: Resident 2 years or more and less than 5 years,14,4,0,4,10,10,0
S01010355,Born outside the UK: Resident 5 years or more and less than 10 years,18,9,0,9,9,9,0
S01010355,Born outside the UK: Resident 10 years or more,24,10,4,6,14,11,3
S01010356,All people in households,682,398,50,348,284,183,101
S01010356,Born in the UK,625,377,45,332,248,177,71
S01010356,Born outside the UK: Total,57,21,5,16,36,6,30
S01010356,Born outside the UK: Resident less than 2 years,8,1,0,1,7,0,7
S01010356,Born outside the UK: Resident 2 years or more and less than 5 years,24,3,1,2,21,1,20
S01010356,Born outside the UK: Resident 5 years or more and less than 10 years,11,5,0,5,6,3,3
S01010356,Born outside the UK: Resident 10 years or more,14,12,4,8,2,2,0
S01010357,All people in households,585,183,68,115,402,369,33
S01010357,Born in the UK,528,167,64,103,361,337,24
S01010357,Born outside the UK: Total,57,16,4,12,41,32,9
S01010357,Born outside the UK: Resident less than 2 years,9,0,0,0,9,2,7
S01010357,Born outside the UK: Resident 2 years or more and less than 5 years,9,3,0,3,6,5,1
S01010357,Born outside the UK: Resident 5 years or more and less than 10 years,15,5,1,4,10,10,0
S01010357,Born outside the UK: Resident 10 years or more,24,8,3,5,16,15,1
S01010358,All people in households,842,292,118,174,550,476,74
S01010358,Born in the UK,797,287,118,169,510,453,57
S01010358,Born outside the UK: Total,45,5,0,5,40,23,17
S01010358,Born outside the UK: Resident less than 2 years,14,0,0,0,14,7,7
S01010358,Born outside the UK: Resident 2 years or more and less than 5 years,8,0,0,0,8,4,4
S01010358,Born outside the UK: Resident 5 years or more and less than 10 years,13,5,0,5,8,4,4
S01010358,Born outside the UK: Resident 10 years or more,10,0,0,0,10,8,2
S01010359,All people in households,816,107,56,51,709,659,50
S01010359,Born in the UK,731,99,53,46,632,610,22
S01010359,Born outside the UK: Total,85,8,3,5,77,49,28
S01010359,Born outside the UK: Resident less than 2 years,14,1,1,0,13,2,11
S01010359,Born outside the UK: Resident 2 years or more and less than 5 years,27,1,1,0,26,14,12
S01010359,Born outside the UK: Resident 5 years or more and less than 10 years,25,4,1,3,21,19,2
S01010359,Born outside the UK: Resident 10 years or more,19,2,0,2,17,14,3
S01010360,All people in households,567,142,32,110,425,364,61
S01010360,Born in the UK,492,133,31,102,359,309,50
S01010360,Born outside the UK: Total,75,9,1,8,66,55,11
S01010360,Born outside the UK: Resident less than 2 years,14,0,0,0,14,10,4
S01010360,Born outside the UK: Resident 2 years or more and less than 5 years,27,0,0,0,27,24,3
S01010360,Born outside the UK: Resident 5 years or more and less than 10 years,24,6,0,6,18,15,3
S01010360,Born outside the UK: Resident 10 years or more,10,3,1,2,7,6,1
S01010361,All people in households,611,39,22,17,572,543,29
S01010361,Born in the UK,512,39,22,17,473,456,17
S01010361,Born outside the UK: Total,99,0,0,0,99,87,12
S01010361,Born outside the UK: Resident less than 2 years,16,0,0,0,16,9,7
S01010361,Born outside the UK: Resident 2 years or more and less than 5 years,38,0,0,0,38,36,2
S01010361,Born outside the UK: Resident 5 years or more and less than 10 years,32,0,0,0,32,32,0
S01010361,Born outside the UK: Resident 10 years or more,13,0,0,0,13,10,3
S01010362,All people in households,783,158,80,78,625,563,62
S01010362,Born in the UK,632,148,77,71,484,440,44
S01010362,Born outside the UK: Total,151,10,3,7,141,123,18
S01010362,Born outside the UK: Resident less than 2 years,30,1,0,1,29,24,5
S01010362,Born outside the UK: Resident 2 years or more and less than 5 years,50,0,0,0,50,43,7
S01010362,Born outside the UK: Resident 5 years or more and less than 10 years,35,2,0,2,33,29,4
S01010362,Born outside the UK: Resident 10 years or more,36,7,3,4,29,27,2
S01010363,All people in households,758,517,186,331,241,41,200
S01010363,Born in the UK,657,478,165,313,179,37,142
S01010363,Born outside the UK: Total,101,39,21,18,62,4,58
S01010363,Born outside the UK: Resident less than 2 years,24,3,0,3,21,1,20
S01010363,Born outside the UK: Resident 2 years or more and less than 5 years,23,1,0,1,22,0,22
S01010363,Born outside the UK: Resident 5 years or more and less than 10 years,16,8,5,3,8,0,8
S01010363,Born outside the UK: Resident 10 years or more,38,27,16,11,11,3,8
S01010364,All people in households,915,842,325,517,73,41,32
S01010364,Born in the UK,802,749,287,462,53,26,27
S01010364,Born outside the UK: Total,113,93,38,55,20,15,5
S01010364,Born outside the UK: Resident less than 2 years,1,0,0,0,1,1,0
S01010364,Born outside the UK: Resident 2 years or more and less than 5 years,1,1,0,1,0,0,0
S01010364,Born outside the UK: Resident 5 years or more and less than 10 years,18,3,0,3,15,13,2
S01010364,Born outside the UK: Resident 10 years or more,93,89,38,51,4,1,3
S01010365,All people in households,976,797,331,466,179,11,168
S01010365,Born in the UK,861,727,295,432,134,5,129
S01010365,Born outside the UK: Total,115,70,36,34,45,6,39
S01010365,Born outside the UK: Resident less than 2 years,19,4,0,4,15,1,14
S01010365,Born outside the UK: Resident 2 years or more and less than 5 years,15,3,0,3,12,0,12
S01010365,Born outside the UK: Resident 5 years or more and less than 10 years,20,8,2,6,12,5,7
S01010365,Born outside the UK: Resident 10 years or more,61,55,34,21,6,0,6
S01010366,All people in households,1025,818,318,500,207,32,175
S01010366,Born in the UK,868,745,299,446,123,13,110
S01010366,Born outside the UK: Total,157,73,19,54,84,19,65
S01010366,Born outside the UK: Resident less than 2 years,43,8,5,3,35,2,33
S01010366,Born outside the UK: Resident 2 years or more and less than 5 years,23,9,0,9,14,4,10
S01010366,Born outside the UK: Resident 5 years or more and less than 10 years,44,17,2,15,27,12,15
S01010366,Born outside the UK: Resident 10 years or more,47,39,12,27,8,1,7
S01010367,All people in households,1021,800,334,466,221,30,191
S01010367,Born in the UK,885,732,303,429,153,22,131
S01010367,Born outside the UK: Total,136,68,31,37,68,8,60
S01010367,Born outside the UK: Resident less than 2 years,24,2,0,2,22,0,22
S01010367,Born outside the UK: Resident 2 years or more and less than 5 years,22,1,1,0,21,5,16
S01010367,Born outside the UK: Resident 5 years or more and less than 10 years,25,7,2,5,18,3,15
S01010367,Born outside the UK: Resident 10 years or more,65,58,28,30,7,0,7
S01010368,All people in households,676,545,247,298,131,10,121
S01010368,Born in the UK,596,500,232,268,96,7,89
S01010368,Born outside the UK: Total,80,45,15,30,35,3,32
S01010368,Born outside the UK: Resident less than 2 years,14,3,1,2,11,1,10
S01010368,Born outside the UK: Resident 2 years or more and less than 5 years,9,3,0,3,6,2,4
S01010368,Born outside the UK: Resident 5 years or more and less than 10 years,13,2,1,1,11,0,11
S01010368,Born outside the UK: Resident 10 years or more,44,37,13,24,7,0,7
S01010369,All people in households,767,361,133,228,406,171,235
S01010369,Born in the UK,645,321,114,207,324,144,180
S01010369,Born outside the UK: Total,122,40,19,21,82,27,55
S01010369,Born outside the UK: Resident less than 2 years,23,1,1,0,22,5,17
S01010369,Born outside the UK: Resident 2 years or more and less than 5 years,24,6,0,6,18,4,14
S01010369,Born outside the UK: Resident 5 years or more and less than 10 years,20,3,1,2,17,6,11
S01010369,Born outside the UK: Resident 10 years or more,55,30,17,13,25,12,13
S01010370,All people in households,725,445,138,307,280,33,247
S01010370,Born in the UK,598,400,125,275,198,25,173
S01010370,Born outside the UK: Total,127,45,13,32,82,8,74
S01010370,Born outside the UK: Resident less than 2 years,24,4,0,4,20,0,20
S01010370,Born outside the UK: Resident 2 years or more and less than 5 years,35,2,0,2,33,6,27
S01010370,Born outside the UK: Resident 5 years or more and less than 10 years,17,5,1,4,12,1,11
S01010370,Born outside the UK: Resident 10 years or more,51,34,12,22,17,1,16
S01010371,All people in households,992,616,201,415,376,12,364
S01010371,Born in the UK,798,542,176,366,256,9,247
S01010371,Born outside the UK: Total,194,74,25,49,120,3,117
S01010371,Born outside the UK: Resident less than 2 years,52,9,4,5,43,0,43
S01010371,Born outside the UK: Resident 2 years or more and less than 5 years,54,15,2,13,39,2,37
S01010371,Born outside the UK: Resident 5 years or more and less than 10 years,27,13,2,11,14,1,13
S01010371,Born outside the UK: Resident 10 years or more,61,37,17,20,24,0,24
S01010372,All people in households,529,375,129,246,154,17,137
S01010372,Born in the UK,450,324,111,213,126,17,109
S01010372,Born outside the UK: Total,79,51,18,33,28,0,28
S01010372,Born outside the UK: Resident less than 2 years,12,3,2,1,9,0,9
S01010372,Born outside the UK: Resident 2 years or more and less than 5 years,10,2,1,1,8,0,8
S01010372,Born outside the UK: Resident 5 years or more and less than 10 years,8,4,1,3,4,0,4
S01010372,Born outside the UK: Resident 10 years or more,49,42,14,28,7,0,7
S01010373,All people in households,761,439,162,277,322,54,268
S01010373,Born in the UK,649,407,146,261,242,48,194
S01010373,Born outside the UK: Total,112,32,16,16,80,6,74
S01010373,Born outside the UK: Resident less than 2 years,39,6,5,1,33,1,32
S01010373,Born outside the UK: Resident 2 years or more and less than 5 years,30,5,1,4,25,3,22
S01010373,Born outside the UK: Resident 5 years or more and less than 10 years,10,1,0,1,9,1,8
S01010373,Born outside the UK: Resident 10 years or more,33,20,10,10,13,1,12
S01010374,All people in households,950,562,215,347,388,33,355
S01010374,Born in the UK,801,511,193,318,290,29,261
S01010374,Born outside the UK: Total,149,51,22,29,98,4,94
S01010374,Born outside the UK: Resident less than 2 years,57,7,4,3,50,1,49
S01010374,Born outside the UK: Resident 2 years or more and less than 5 years,27,10,4,6,17,0,17
S01010374,Born outside the UK: Resident 5 years or more and less than 10 years,25,6,2,4,19,0,19
S01010374,Born outside the UK: Resident 10 years or more,40,28,12,16,12,3,9
S01010375,All people in households,531,157,57,100,374,19,355
S01010375,Born in the UK,433,137,44,93,296,7,289
S01010375,Born outside the UK: Total,98,20,13,7,78,12,66
S01010375,Born outside the UK: Resident less than 2 years,36,1,0,1,35,0,35
S01010375,Born outside the UK: Resident 2 years or more and less than 5 years,23,5,3,2,18,0,18
S01010375,Born outside the UK: Resident 5 years or more and less than 10 years,17,3,3,0,14,9,5
S01010375,Born outside the UK: Resident 10 years or more,22,11,7,4,11,3,8
S01010376,All people in households,708,249,64,185,459,48,411
S01010376,Born in the UK,497,213,54,159,284,34,250
S01010376,Born outside the UK: Total,211,36,10,26,175,14,161
S01010376,Born outside the UK: Resident less than 2 years,130,4,1,3,126,8,118
S01010376,Born outside the UK: Resident 2 years or more and less than 5 years,30,3,2,1,27,2,25
S01010376,Born outside the UK: Resident 5 years or more and less than 10 years,15,5,0,5,10,1,9
S01010376,Born outside the UK: Resident 10 years or more,36,24,7,17,12,3,9
S01010377,All people in households,858,336,124,212,522,63,459
S01010377,Born in the UK,603,260,91,169,343,45,298
S01010377,Born outside the UK: Total,255,76,33,43,179,18,161
S01010377,Born outside the UK: Resident less than 2 years,95,11,2,9,84,11,73
S01010377,Born outside the UK: Resident 2 years or more and less than 5 years,69,9,2,7,60,1,59
S01010377,Born outside the UK: Resident 5 years or more and less than 10 years,34,14,6,8,20,4,16
S01010377,Born outside the UK: Resident 10 years or more,57,42,23,19,15,2,13
S01010378,All people in households,730,248,56,192,482,34,448
S01010378,Born in the UK,582,208,42,166,374,30,344
S01010378,Born outside the UK: Total,148,40,14,26,108,4,104
S01010378,Born outside the UK: Resident less than 2 years,67,7,3,4,60,0,60
S01010378,Born outside the UK: Resident 2 years or more and less than 5 years,28,8,5,3,20,0,20
S01010378,Born outside the UK: Resident 5 years or more and less than 10 years,19,8,1,7,11,3,8
S01010378,Born outside the UK: Resident 10 years or more,34,17,5,12,17,1,16
S01010379,All people in households,997,362,133,229,635,136,499
S01010379,Born in the UK,790,290,110,180,500,125,375
S01010379,Born outside the UK: Total,207,72,23,49,135,11,124
S01010379,Born outside the UK: Resident less than 2 years,89,17,7,10,72,9,63
S01010379,Born outside the UK: Resident 2 years or more and less than 5 years,42,11,6,5,31,1,30
S01010379,Born outside the UK: Resident 5 years or more and less than 10 years,30,13,1,12,17,0,17
S01010379,Born outside the UK: Resident 10 years or more,46,31,9,22,15,1,14
S01010380,All people in households,958,510,223,287,448,105,343
S01010380,Born in the UK,809,450,193,257,359,88,271
S01010380,Born outside the UK: Total,149,60,30,30,89,17,72
S01010380,Born outside the UK: Resident less than 2 years,37,9,4,5,28,2,26
S01010380,Born outside the UK: Resident 2 years or more and less than 5 years,33,3,2,1,30,9,21
S01010380,Born outside the UK: Resident 5 years or more and less than 10 years,29,8,4,4,21,2,19
S01010380,Born outside the UK: Resident 10 years or more,50,40,20,20,10,4,6
S01010381,All people in households,605,147,48,99,458,51,407
S01010381,Born in the UK,435,132,43,89,303,39,264
S01010381,Born outside the UK: Total,170,15,5,10,155,12,143
S01010381,Born outside the UK: Resident less than 2 years,60,2,0,2,58,5,53
S01010381,Born outside the UK: Resident 2 years or more and less than 5 years,61,3,1,2,58,1,57
S01010381,Born outside the UK: Resident 5 years or more and less than 10 years,30,7,2,5,23,1,22
S01010381,Born outside the UK: Resident 10 years or more,19,3,2,1,16,5,11
S01010382,All people in households,850,321,105,216,529,165,364
S01010382,Born in the UK,718,296,99,197,422,151,271
S01010382,Born outside the UK: Total,132,25,6,19,107,14,93
S01010382,Born outside the UK: Resident less than 2 years,33,4,2,2,29,2,27
S01010382,Born outside the UK: Resident 2 years or more and less than 5 years,43,2,0,2,41,5,36
S01010382,Born outside the UK: Resident 5 years or more and less than 10 years,34,10,1,9,24,4,20
S01010382,Born outside the UK: Resident 10 years or more,22,9,3,6,13,3,10
S01010383,All people in households,656,113,32,81,543,323,220
S01010383,Born in the UK,520,96,24,72,424,290,134
S01010383,Born outside the UK: Total,136,17,8,9,119,33,86
S01010383,Born outside the UK: Resident less than 2 years,55,1,0,1,54,6,48
S01010383,Born outside the UK: Resident 2 years or more and less than 5 years,23,2,2,0,21,5,16
S01010383,Born outside the UK: Resident 5 years or more and less than 10 years,17,2,0,2,15,3,12
S01010383,Born outside the UK: Resident 10 years or more,41,12,6,6,29,19,10
S01010384,All people in households,812,344,132,212,468,66,402
S01010384,Born in the UK,612,293,106,187,319,59,260
S01010384,Born outside the UK: Total,200,51,26,25,149,7,142
S01010384,Born outside the UK: Resident less than 2 years,78,10,2,8,68,2,66
S01010384,Born outside the UK: Resident 2 years or more and less than 5 years,31,3,0,3,28,2,26
S01010384,Born outside the UK: Resident 5 years or more and less than 10 years,43,14,10,4,29,2,27
S01010384,Born outside the UK: Resident 10 years or more,48,24,14,10,24,1,23
S01010385,All people in households,844,262,90,172,582,271,311
S01010385,Born in the UK,716,238,81,157,478,249,229
S01010385,Born outside the UK: Total,128,24,9,15,104,22,82
S01010385,Born outside the UK: Resident less than 2 years,44,1,0,1,43,5,38
S01010385,Born outside the UK: Resident 2 years or more and less than 5 years,37,5,0,5,32,4,28
S01010385,Born outside the UK: Resident 5 years or more and less than 10 years,11,4,1,3,7,0,7
S01010385,Born outside the UK: Resident 10 years or more,36,14,8,6,22,13,9
S01010386,All people in households,889,230,62,168,659,430,229
S01010386,Born in the UK,774,219,59,160,555,401,154
S01010386,Born outside the UK: Total,115,11,3,8,104,29,75
S01010386,Born outside the UK: Resident less than 2 years,36,1,0,1,35,4,31
S01010386,Born outside the UK: Resident 2 years or more and less than 5 years,26,2,0,2,24,2,22
S01010386,Born outside the UK: Resident 5 years or more and less than 10 years,21,1,0,1,20,7,13
S01010386,Born outside the UK: Resident 10 years or more,32,7,3,4,25,16,9
S01010387,All people in households,1040,287,73,214,753,236,517
S01010387,Born in the UK,831,257,68,189,574,225,349
S01010387,Born outside the UK: Total,209,30,5,25,179,11,168
S01010387,Born outside the UK: Resident less than 2 years,89,8,3,5,81,0,81
S01010387,Born outside the UK: Resident 2 years or more and less than 5 years,48,3,0,3,45,2,43
S01010387,Born outside the UK: Resident 5 years or more and less than 10 years,42,7,0,7,35,4,31
S01010387,Born outside the UK: Resident 10 years or more,30,12,2,10,18,5,13
S01010388,All people in households,1008,311,101,210,697,477,220
S01010388,Born in the UK,897,292,96,196,605,449,156
S01010388,Born outside the UK: Total,111,19,5,14,92,28,64
S01010388,Born outside the UK: Resident less than 2 years,29,5,1,4,24,2,22
S01010388,Born outside the UK: Resident 2 years or more and less than 5 years,27,1,0,1,26,4,22
S01010388,Born outside the UK: Resident 5 years or more and less than 10 years,23,3,0,3,20,9,11
S01010388,Born outside the UK: Resident 10 years or more,32,10,4,6,22,13,9
S01010389,All people in households,1022,377,71,306,645,82,563
S01010389,Born in the UK,758,335,53,282,423,74,349
S01010389,Born outside the UK: Total,264,42,18,24,222,8,214
S01010389,Born outside the UK: Resident less than 2 years,117,14,8,6,103,6,97
S01010389,Born outside the UK: Resident 2 years or more and less than 5 years,73,3,2,1,70,2,68
S01010389,Born outside the UK: Resident 5 years or more and less than 10 years,37,6,1,5,31,0,31
S01010389,Born outside the UK: Resident 10 years or more,37,19,7,12,18,0,18
S01010390,All people in households,1076,480,102,378,596,180,416
S01010390,Born in the UK,944,451,98,353,493,164,329
S01010390,Born outside the UK: Total,132,29,4,25,103,16,87
S01010390,Born outside the UK: Resident less than 2 years,35,7,1,6,28,1,27
S01010390,Born outside the UK: Resident 2 years or more and less than 5 years,30,4,0,4,26,1,25
S01010390,Born outside the UK: Resident 5 years or more and less than 10 years,42,11,0,11,31,7,24
S01010390,Born outside the UK: Resident 10 years or more,25,7,3,4,18,7,11
S01010391,All people in households,793,331,83,248,462,141,321
S01010391,Born in the UK,677,308,81,227,369,131,238
S01010391,Born outside the UK: Total,116,23,2,21,93,10,83
S01010391,Born outside the UK: Resident less than 2 years,44,5,0,5,39,0,39
S01010391,Born outside the UK: Resident 2 years or more and less than 5 years,30,3,0,3,27,4,23
S01010391,Born outside the UK: Resident 5 years or more and less than 10 years,21,3,1,2,18,4,14
S01010391,Born outside the UK: Resident 10 years or more,21,12,1,11,9,2,7
S01010392,All people in households,695,231,54,177,464,25,439
S01010392,Born in the UK,530,197,46,151,333,16,317
S01010392,Born outside the UK: Total,165,34,8,26,131,9,122
S01010392,Born outside the UK: Resident less than 2 years,63,7,2,5,56,6,50
S01010392,Born outside the UK: Resident 2 years or more and less than 5 years,35,8,3,5,27,1,26
S01010392,Born outside the UK: Resident 5 years or more and less than 10 years,26,6,2,4,20,2,18
S01010392,Born outside the UK: Resident 10 years or more,41,13,1,12,28,0,28
S01010393,All people in households,984,477,191,286,507,95,412
S01010393,Born in the UK,869,441,185,256,428,87,341
S01010393,Born outside the UK: Total,115,36,6,30,79,8,71
S01010393,Born outside the UK: Resident less than 2 years,27,5,1,4,22,3,19
S01010393,Born outside the UK: Resident 2 years or more and less than 5 years,38,7,0,7,31,2,29
S01010393,Born outside the UK: Resident 5 years or more and less than 10 years,19,4,0,4,15,2,13
S01010393,Born outside the UK: Resident 10 years or more,31,20,5,15,11,1,10
S01010394,All people in households,807,183,65,118,624,523,101
S01010394,Born in the UK,727,167,60,107,560,482,78
S01010394,Born outside the UK: Total,80,16,5,11,64,41,23
S01010394,Born outside the UK: Resident less than 2 years,24,2,0,2,22,5,17
S01010394,Born outside the UK: Resident 2 years or more and less than 5 years,14,3,0,3,11,8,3
S01010394,Born outside the UK: Resident 5 years or more and less than 10 years,6,2,1,1,4,1,3
S01010394,Born outside the UK: Resident 10 years or more,36,9,4,5,27,27,0
S01010395,All people in households,1006,476,146,330,530,222,308
S01010395,Born in the UK,869,428,127,301,441,216,225
S01010395,Born outside the UK: Total,137,48,19,29,89,6,83
S01010395,Born outside the UK: Resident less than 2 years,39,11,6,5,28,2,26
S01010395,Born outside the UK: Resident 2 years or more and less than 5 years,31,4,3,1,27,1,26
S01010395,Born outside the UK: Resident 5 years or more and less than 10 years,25,8,0,8,17,0,17
S01010395,Born outside the UK: Resident 10 years or more,42,25,10,15,17,3,14
S01010396,All people in households,1033,334,122,212,699,293,406
S01010396,Born in the UK,889,305,112,193,584,274,310
S01010396,Born outside the UK: Total,144,29,10,19,115,19,96
S01010396,Born outside the UK: Resident less than 2 years,51,1,1,0,50,1,49
S01010396,Born outside the UK: Resident 2 years or more and less than 5 years,27,5,1,4,22,0,22
S01010396,Born outside the UK: Resident 5 years or more and less than 10 years,26,4,0,4,22,4,18
S01010396,Born outside the UK: Resident 10 years or more,40,19,8,11,21,14,7
S01010397,All people in households,542,270,93,177,272,70,202
S01010397,Born in the UK,480,253,90,163,227,62,165
S01010397,Born outside the UK: Total,62,17,3,14,45,8,37
S01010397,Born outside the UK: Resident less than 2 years,10,0,0,0,10,1,9
S01010397,Born outside the UK: Resident 2 years or more and less than 5 years,18,0,0,0,18,2,16
S01010397,Born outside the UK: Resident 5 years or more and less than 10 years,11,2,0,2,9,2,7
S01010397,Born outside the UK: Resident 10 years or more,23,15,3,12,8,3,5
S01010398,All people in households,1052,631,227,404,421,15,406
S01010398,Born in the UK,900,572,211,361,328,12,316
S01010398,Born outside the UK: Total,152,59,16,43,93,3,90
S01010398,Born outside the UK: Resident less than 2 years,55,14,0,14,41,2,39
S01010398,Born outside the UK: Resident 2 years or more and less than 5 years,23,3,1,2,20,1,19
S01010398,Born outside the UK: Resident 5 years or more and less than 10 years,19,4,0,4,15,0,15
S01010398,Born outside the UK: Resident 10 years or more,55,38,15,23,17,0,17
S01010399,All people in households,1036,552,187,365,484,7,477
S01010399,Born in the UK,895,503,168,335,392,3,389
S01010399,Born outside the UK: Total,141,49,19,30,92,4,88
S01010399,Born outside the UK: Resident less than 2 years,33,5,2,3,28,2,26
S01010399,Born outside the UK: Resident 2 years or more and less than 5 years,38,9,3,6,29,0,29
S01010399,Born outside the UK: Resident 5 years or more and less than 10 years,28,12,5,7,16,2,14
S01010399,Born outside the UK: Resident 10 years or more,42,23,9,14,19,0,19
S01010400,All people in households,1101,813,342,471,288,37,251
S01010400,Born in the UK,975,755,314,441,220,34,186
S01010400,Born outside the UK: Total,126,58,28,30,68,3,65
S01010400,Born outside the UK: Resident less than 2 years,31,4,2,2,27,0,27
S01010400,Born outside the UK: Resident 2 years or more and less than 5 years,28,9,5,4,19,2,17
S01010400,Born outside the UK: Resident 5 years or more and less than 10 years,13,3,0,3,10,0,10
S01010400,Born outside the UK: Resident 10 years or more,54,42,21,21,12,1,11
S01010401,All people in households,717,374,172,202,343,86,257
S01010401,Born in the UK,615,340,154,186,275,82,193
S01010401,Born outside the UK: Total,102,34,18,16,68,4,64
S01010401,Born outside the UK: Resident less than 2 years,31,2,2,0,29,1,28
S01010401,Born outside the UK: Resident 2 years or more and less than 5 years,20,2,0,2,18,1,17
S01010401,Born outside the UK: Resident 5 years or more and less than 10 years,15,4,2,2,11,1,10
S01010401,Born outside the UK: Resident 10 years or more,36,26,14,12,10,1,9
S01010402,All people in households,1031,703,290,413,328,43,285
S01010402,Born in the UK,917,638,263,375,279,39,240
S01010402,Born outside the UK: Total,114,65,27,38,49,4,45
S01010402,Born outside the UK: Resident less than 2 years,33,12,5,7,21,0,21
S01010402,Born outside the UK: Resident 2 years or more and less than 5 years,17,4,2,2,13,1,12
S01010402,Born outside the UK: Resident 5 years or more and less than 10 years,10,6,2,4,4,0,4
S01010402,Born outside the UK: Resident 10 years or more,54,43,18,25,11,3,8
S01010403,All people in households,990,730,294,436,260,9,251
S01010403,Born in the UK,841,657,278,379,184,5,179
S01010403,Born outside the UK: Total,149,73,16,57,76,4,72
S01010403,Born outside the UK: Resident less than 2 years,38,4,2,2,34,0,34
S01010403,Born outside the UK: Resident 2 years or more and less than 5 years,34,16,5,11,18,1,17
S01010403,Born outside the UK: Resident 5 years or more and less than 10 years,31,16,2,14,15,0,15
S01010403,Born outside the UK: Resident 10 years or more,46,37,7,30,9,3,6
S01010404,All people in households,783,583,256,327,200,48,152
S01010404,Born in the UK,691,534,238,296,157,43,114
S01010404,Born outside the UK: Total,92,49,18,31,43,5,38
S01010404,Born outside the UK: Resident less than 2 years,16,4,2,2,12,0,12
S01010404,Born outside the UK: Resident 2 years or more and less than 5 years,9,1,0,1,8,0,8
S01010404,Born outside the UK: Resident 5 years or more and less than 10 years,14,5,0,5,9,3,6
S01010404,Born outside the UK: Resident 10 years or more,53,39,16,23,14,2,12
S01010405,All people in households,789,575,224,351,214,14,200
S01010405,Born in the UK,690,529,201,328,161,11,150
S01010405,Born outside the UK: Total,99,46,23,23,53,3,50
S01010405,Born outside the UK: Resident less than 2 years,15,2,1,1,13,1,12
S01010405,Born outside the UK: Resident 2 years or more and less than 5 years,18,1,0,1,17,1,16
S01010405,Born outside the UK: Resident 5 years or more and less than 10 years,12,2,1,1,10,0,10
S01010405,Born outside the UK: Resident 10 years or more,54,41,21,20,13,1,12
S01010406,All people in households,822,463,163,300,359,13,346
S01010406,Born in the UK,679,413,137,276,266,11,255
S01010406,Born outside the UK: Total,143,50,26,24,93,2,91
S01010406,Born outside the UK: Resident less than 2 years,30,1,1,0,29,0,29
S01010406,Born outside the UK: Resident 2 years or more and less than 5 years,37,8,6,2,29,0,29
S01010406,Born outside the UK: Resident 5 years or more and less than 10 years,28,9,2,7,19,0,19
S01010406,Born outside the UK: Resident 10 years or more,48,32,17,15,16,2,14
S01010407,All people in households,897,377,174,203,520,12,508
S01010407,Born in the UK,729,331,140,191,398,9,389
S01010407,Born outside the UK: Total,168,46,34,12,122,3,119
S01010407,Born outside the UK: Resident less than 2 years,73,10,9,1,63,0,63
S01010407,Born outside the UK: Resident 2 years or more and less than 5 years,44,9,8,1,35,0,35
S01010407,Born outside the UK: Resident 5 years or more and less than 10 years,12,2,2,0,10,0,10
S01010407,Born outside the UK: Resident 10 years or more,39,25,15,10,14,3,11
S01010408,All people in households,547,371,138,233,176,120,56
S01010408,Born in the UK,515,359,131,228,156,113,43
S01010408,Born outside the UK: Total,32,12,7,5,20,7,13
S01010408,Born outside the UK: Resident less than 2 years,8,2,0,2,6,1,5
S01010408,Born outside the UK: Resident 2 years or more and less than 5 years,4,0,0,0,4,0,4
S01010408,Born outside the UK: Resident 5 years or more and less than 10 years,4,2,0,2,2,2,0
S01010408,Born outside the UK: Resident 10 years or more,16,8,7,1,8,4,4
S01010409,All people in households,706,660,226,434,46,19,27
S01010409,Born in the UK,654,620,217,403,34,18,16
S01010409,Born outside the UK: Total,52,40,9,31,12,1,11
S01010409,Born outside the UK: Resident less than 2 years,4,0,0,0,4,1,3
S01010409,Born outside the UK: Resident 2 years or more and less than 5 years,5,2,2,0,3,0,3
S01010409,Born outside the UK: Resident 5 years or more and less than 10 years,7,5,0,5,2,0,2
S01010409,Born outside the UK: Resident 10 years or more,36,33,7,26,3,0,3
S01010410,All people in households,595,529,202,327,66,15,51
S01010410,Born in the UK,534,482,187,295,52,9,43
S01010410,Born outside the UK: Total,61,47,15,32,14,6,8
S01010410,Born outside the UK: Resident less than 2 years,23,17,7,10,6,0,6
S01010410,Born outside the UK: Resident 2 years or more and less than 5 years,2,1,1,0,1,0,1
S01010410,Born outside the UK: Resident 5 years or more and less than 10 years,13,7,0,7,6,6,0
S01010410,Born outside the UK: Resident 10 years or more,23,22,7,15,1,0,1
S01010411,All people in households,1104,1006,412,594,98,27,71
S01010411,Born in the UK,1041,962,391,571,79,18,61
S01010411,Born outside the UK: Total,63,44,21,23,19,9,10
S01010411,Born outside the UK: Resident less than 2 years,3,1,1,0,2,0,2
S01010411,Born outside the UK: Resident 2 years or more and less than 5 years,8,0,0,0,8,2,6
S01010411,Born outside the UK: Resident 5 years or more and less than 10 years,8,3,0,3,5,5,0
S01010411,Born outside the UK: Resident 10 years or more,44,40,20,20,4,2,2
S01010412,All people in households,759,448,186,262,311,15,296
S01010412,Born in the UK,633,404,173,231,229,3,226
S01010412,Born outside the UK: Total,126,44,13,31,82,12,70
S01010412,Born outside the UK: Resident less than 2 years,34,5,1,4,29,3,26
S01010412,Born outside the UK: Resident 2 years or more and less than 5 years,27,10,0,10,17,1,16
S01010412,Born outside the UK: Resident 5 years or more and less than 10 years,28,4,1,3,24,8,16
S01010412,Born outside the UK: Resident 10 years or more,37,25,11,14,12,0,12
S01010413,All people in households,714,604,327,277,110,18,92
S01010413,Born in the UK,628,562,297,265,66,10,56
S01010413,Born outside the UK: Total,86,42,30,12,44,8,36
S01010413,Born outside the UK: Resident less than 2 years,19,2,0,2,17,2,15
S01010413,Born outside the UK: Resident 2 years or more and less than 5 years,15,2,0,2,13,4,9
S01010413,Born outside the UK: Resident 5 years or more and less than 10 years,10,2,2,0,8,0,8
S01010413,Born outside the UK: Resident 10 years or more,42,36,28,8,6,2,4
S01010414,All people in households,1066,823,312,511,243,97,146
S01010414,Born in the UK,986,777,294,483,209,82,127
S01010414,Born outside the UK: Total,80,46,18,28,34,15,19
S01010414,Born outside the UK: Resident less than 2 years,11,4,3,1,7,4,3
S01010414,Born outside the UK: Resident 2 years or more and less than 5 years,9,4,1,3,5,4,1
S01010414,Born outside the UK: Resident 5 years or more and less than 10 years,14,5,3,2,9,3,6
S01010414,Born outside the UK: Resident 10 years or more,46,33,11,22,13,4,9
S01010415,All people in households,1004,497,190,307,507,406,101
S01010415,Born in the UK,931,453,169,284,478,388,90
S01010415,Born outside the UK: Total,73,44,21,23,29,18,11
S01010415,Born outside the UK: Resident less than 2 years,10,3,0,3,7,1,6
S01010415,Born outside the UK: Resident 2 years or more and less than 5 years,12,5,4,1,7,5,2
S01010415,Born outside the UK: Resident 5 years or more and less than 10 years,20,8,3,5,12,9,3
S01010415,Born outside the UK: Resident 10 years or more,31,28,14,14,3,3,0
S01010416,All people in households,684,543,252,291,141,22,119
S01010416,Born in the UK,613,496,231,265,117,19,98
S01010416,Born outside the UK: Total,71,47,21,26,24,3,21
S01010416,Born outside the UK: Resident less than 2 years,11,5,3,2,6,0,6
S01010416,Born outside the UK: Resident 2 years or more and less than 5 years,13,5,0,5,8,0,8
S01010416,Born outside the UK: Resident 5 years or more and less than 10 years,19,12,2,10,7,2,5
S01010416,Born outside the UK: Resident 10 years or more,28,25,16,9,3,1,2
S01010417,All people in households,580,463,155,308,117,18,99
S01010417,Born in the UK,532,433,149,284,99,11,88
S01010417,Born outside the UK: Total,48,30,6,24,18,7,11
S01010417,Born outside the UK: Resident less than 2 years,4,0,0,0,4,4,0
S01010417,Born outside the UK: Resident 2 years or more and less than 5 years,7,0,0,0,7,2,5
S01010417,Born outside the UK: Resident 5 years or more and less than 10 years,10,6,0,6,4,0,4
S01010417,Born outside the UK: Resident 10 years or more,27,24,6,18,3,1,2
S01010418,All people in households,1056,751,259,492,305,35,270
S01010418,Born in the UK,964,701,242,459,263,34,229
S01010418,Born outside the UK: Total,92,50,17,33,42,1,41
S01010418,Born outside the UK: Resident less than 2 years,14,9,2,7,5,0,5
S01010418,Born outside the UK: Resident 2 years or more and less than 5 years,19,6,1,5,13,0,13
S01010418,Born outside the UK: Resident 5 years or more and less than 10 years,15,3,2,1,12,0,12
S01010418,Born outside the UK: Resident 10 years or more,44,32,12,20,12,1,11
S01010419,All people in households,993,809,327,482,184,33,151
S01010419,Born in the UK,915,764,308,456,151,26,125
S01010419,Born outside the UK: Total,78,45,19,26,33,7,26
S01010419,Born outside the UK: Resident less than 2 years,16,5,1,4,11,1,10
S01010419,Born outside the UK: Resident 2 years or more and less than 5 years,13,3,1,2,10,5,5
S01010419,Born outside the UK: Resident 5 years or more and less than 10 years,13,6,0,6,7,1,6
S01010419,Born outside the UK: Resident 10 years or more,36,31,17,14,5,0,5
S01010420,All people in households,717,648,287,361,69,31,38
S01010420,Born in the UK,679,615,272,343,64,27,37
S01010420,Born outside the UK: Total,38,33,15,18,5,4,1
S01010420,Born outside the UK: Resident less than 2 years,0,0,0,0,0,0,0
S01010420,Born outside the UK: Resident 2 years or more and less than 5 years,2,1,0,1,1,0,1
S01010420,Born outside the UK: Resident 5 years or more and less than 10 years,2,1,0,1,1,1,0
S01010420,Born outside the UK: Resident 10 years or more,34,31,15,16,3,3,0
S01010421,All people in households,882,791,297,494,91,28,63
S01010421,Born in the UK,826,757,286,471,69,22,47
S01010421,Born outside the UK: Total,56,34,11,23,22,6,16
S01010421,Born outside the UK: Resident less than 2 years,5,4,1,3,1,0,1
S01010421,Born outside the UK: Resident 2 years or more and less than 5 years,9,2,2,0,7,2,5
S01010421,Born outside the UK: Resident 5 years or more and less than 10 years,10,2,0,2,8,2,6
S01010421,Born outside the UK: Resident 10 years or more,32,26,8,18,6,2,4
S01010422,All people in households,1085,886,356,530,199,122,77
S01010422,Born in the UK,1005,831,335,496,174,105,69
S01010422,Born outside the UK: Total,80,55,21,34,25,17,8
S01010422,Born outside the UK: Resident less than 2 years,2,1,1,0,1,0,1
S01010422,Born outside the UK: Resident 2 years or more and less than 5 years,8,0,0,0,8,5,3
S01010422,Born outside the UK: Resident 5 years or more and less than 10 years,19,11,1,10,8,4,4
S01010422,Born outside the UK: Resident 10 years or more,51,43,19,24,8,8,0
S01010423,All people in households,831,200,50,150,631,479,152
S01010423,Born in the UK,703,177,42,135,526,423,103
S01010423,Born outside the UK: Total,128,23,8,15,105,56,49
S01010423,Born outside the UK: Resident less than 2 years,25,7,3,4,18,5,13
S01010423,Born outside the UK: Resident 2 years or more and less than 5 years,31,6,1,5,25,10,15
S01010423,Born outside the UK: Resident 5 years or more and less than 10 years,48,4,0,4,44,25,19
S01010423,Born outside the UK: Resident 10 years or more,24,6,4,2,18,16,2
S01010424,All people in households,834,319,116,203,515,387,128
S01010424,Born in the UK,756,302,111,191,454,353,101
S01010424,Born outside the UK: Total,78,17,5,12,61,34,27
S01010424,Born outside the UK: Resident less than 2 years,18,1,0,1,17,4,13
S01010424,Born outside the UK: Resident 2 years or more and less than 5 years,17,3,1,2,14,10,4
S01010424,Born outside the UK: Resident 5 years or more and less than 10 years,27,7,1,6,20,13,7
S01010424,Born outside the UK: Resident 10 years or more,16,6,3,3,10,7,3
S01010425,All people in households,1032,244,47,197,788,641,147
S01010425,Born in the UK,930,229,44,185,701,595,106
S01010425,Born outside the UK: Total,102,15,3,12,87,46,41
S01010425,Born outside the UK: Resident less than 2 years,21,3,0,3,18,2,16
S01010425,Born outside the UK: Resident 2 years or more and less than 5 years,35,3,1,2,32,17,15
S01010425,Born outside the UK: Resident 5 years or more and less than 10 years,26,2,0,2,24,14,10
S01010425,Born outside the UK: Resident 10 years or more,20,7,2,5,13,13,0
S01010426,All people in households,708,294,89,205,414,313,101
S01010426,Born in the UK,620,271,79,192,349,269,80
S01010426,Born outside the UK: Total,88,23,10,13,65,44,21
S01010426,Born outside the UK: Resident less than 2 years,11,3,0,3,8,7,1
S01010426,Born outside the UK: Resident 2 years or more and less than 5 years,35,6,4,2,29,14,15
S01010426,Born outside the UK: Resident 5 years or more and less than 10 years,19,1,0,1,18,15,3
S01010426,Born outside the UK: Resident 10 years or more,23,13,6,7,10,8,2
S01010427,All people in households,1053,425,151,274,628,563,65
S01010427,Born in the UK,784,403,146,257,381,339,42
S01010427,Born outside the UK: Total,269,22,5,17,247,224,23
S01010427,Born outside the UK: Resident less than 2 years,39,2,0,2,37,33,4
S01010427,Born outside the UK: Resident 2 years or more and less than 5 years,76,1,0,1,75,72,3
S01010427,Born outside the UK: Resident 5 years or more and less than 10 years,112,3,0,3,109,93,16
S01010427,Born outside the UK: Resident 10 years or more,42,16,5,11,26,26,0
S01010428,All people in households,730,601,202,399,129,90,39
S01010428,Born in the UK,693,576,195,381,117,80,37
S01010428,Born outside the UK: Total,37,25,7,18,12,10,2
S01010428,Born outside the UK: Resident less than 2 years,0,0,0,0,0,0,0
S01010428,Born outside the UK: Resident 2 years or more and less than 5 years,0,0,0,0,0,0,0
S01010428,Born outside the UK: Resident 5 years or more and less than 10 years,10,2,0,2,8,8,0
S01010428,Born outside the UK: Resident 10 years or more,27,23,7,16,4,2,2
S01010429,All people in households,967,862,287,575,105,41,64
S01010429,Born in the UK,898,822,276,546,76,25,51
S01010429,Born outside the UK: Total,69,40,11,29,29,16,13
S01010429,Born outside the UK: Resident less than 2 years,8,3,0,3,5,3,2
S01010429,Born outside the UK: Resident 2 years or more and less than 5 years,16,4,0,4,12,6,6
S01010429,Born outside the UK: Resident 5 years or more and less than 10 years,9,5,0,5,4,3,1
S01010429,Born outside the UK: Resident 10 years or more,36,28,11,17,8,4,4
S01010430,All people in households,854,261,79,182,593,520,73
S01010430,Born in the UK,672,230,73,157,442,390,52
S01010430,Born outside the UK: Total,182,31,6,25,151,130,21
S01010430,Born outside the UK: Resident less than 2 years,32,4,1,3,28,18,10
S01010430,Born outside the UK: Resident 2 years or more and less than 5 years,72,7,1,6,65,57,8
S01010430,Born outside the UK: Resident 5 years or more and less than 10 years,52,11,0,11,41,39,2
S01010430,Born outside the UK: Resident 10 years or more,26,9,4,5,17,16,1
S01010431,All people in households,700,632,205,427,68,30,38
S01010431,Born in the UK,654,595,192,403,59,28,31
S01010431,Born outside the UK: Total,46,37,13,24,9,2,7
S01010431,Born outside the UK: Resident less than 2 years,2,2,0,2,0,0,0
S01010431,Born outside the UK: Resident 2 years or more and less than 5 years,2,2,0,2,0,0,0
S01010431,Born outside the UK: Resident 5 years or more and less than 10 years,7,4,0,4,3,2,1
S01010431,Born outside the UK: Resident 10 years or more,35,29,13,16,6,0,6
S01010432,All people in households,880,242,57,185,638,519,119
S01010432,Born in the UK,766,229,54,175,537,462,75
S01010432,Born outside the UK: Total,114,13,3,10,101,57,44
S01010432,Born outside the UK: Resident less than 2 years,24,3,0,3,21,4,17
S01010432,Born outside the UK: Resident 2 years or more and less than 5 years,24,0,0,0,24,12,12
S01010432,Born outside the UK: Resident 5 years or more and less than 10 years,41,2,1,1,39,30,9
S01010432,Born outside the UK: Resident 10 years or more,25,8,2,6,17,11,6
S01010433,All people in households,803,75,15,60,728,699,29
S01010433,Born in the UK,409,50,11,39,359,354,5
S01010433,Born outside the UK: Total,394,25,4,21,369,345,24
S01010433,Born outside the UK: Resident less than 2 years,75,1,1,0,74,68,6
S01010433,Born outside the UK: Resident 2 years or more and less than 5 years,100,3,0,3,97,86,11
S01010433,Born outside the UK: Resident 5 years or more and less than 10 years,132,11,1,10,121,114,7
S01010433,Born outside the UK: Resident 10 years or more,87,10,2,8,77,77,0
S01010434,All people in households,623,120,29,91,503,400,103
S01010434,Born in the UK,498,106,25,81,392,320,72
S01010434,Born outside the UK: Total,125,14,4,10,111,80,31
S01010434,Born outside the UK: Resident less than 2 years,27,3,1,2,24,8,16
S01010434,Born outside the UK: Resident 2 years or more and less than 5 years,34,1,0,1,33,24,9
S01010434,Born outside the UK: Resident 5 years or more and less than 10 years,45,7,1,6,38,32,6
S01010434,Born outside the UK: Resident 10 years or more,19,3,2,1,16,16,0
S01010435,All people in households,634,401,135,266,233,186,47
S01010435,Born in the UK,602,388,133,255,214,172,42
S01010435,Born outside the UK: Total,32,13,2,11,19,14,5
S01010435,Born outside the UK: Resident less than 2 years,8,0,0,0,8,8,0
S01010435,Born outside the UK: Resident 2 years or more and less than 5 years,2,2,0,2,0,0,0
S01010435,Born outside the UK: Resident 5 years or more and less than 10 years,4,3,0,3,1,1,0
S01010435,Born outside the UK: Resident 10 years or more,18,8,2,6,10,5,5
S01010436,All people in households,778,178,40,138,600,487,113
S01010436,Born in the UK,667,164,40,124,503,419,84
S01010436,Born outside the UK: Total,111,14,0,14,97,68,29
S01010436,Born outside the UK: Resident less than 2 years,15,1,0,1,14,9,5
S01010436,Born outside the UK: Resident 2 years or more and less than 5 years,39,1,0,1,38,25,13
S01010436,Born outside the UK: Resident 5 years or more and less than 10 years,34,8,0,8,26,20,6
S01010436,Born outside the UK: Resident 10 years or more,23,4,0,4,19,14,5
S01010437,All people in households,557,310,89,221,247,206,41
S01010437,Born in the UK,525,298,86,212,227,191,36
S01010437,Born outside the UK: Total,32,12,3,9,20,15,5
S01010437,Born outside the UK: Resident less than 2 years,6,0,0,0,6,6,0
S01010437,Born outside the UK: Resident 2 years or more and less than 5 years,7,1,0,1,6,3,3
S01010437,Born outside the UK: Resident 5 years or more and less than 10 years,8,4,0,4,4,3,1
S01010437,Born outside the UK: Resident 10 years or more,11,7,3,4,4,3,1
S01010438,All people in households,854,309,22,287,545,503,42
S01010438,Born in the UK,703,269,18,251,434,408,26
S01010438,Born outside the UK: Total,151,40,4,36,111,95,16
S01010438,Born outside the UK: Resident less than 2 years,12,3,0,3,9,5,4
S01010438,Born outside the UK: Resident 2 years or more and less than 5 years,47,12,0,12,35,25,10
S01010438,Born outside the UK: Resident 5 years or more and less than 10 years,65,21,4,17,44,42,2
S01010438,Born outside the UK: Resident 10 years or more,27,4,0,4,23,23,0
S01010439,All people in households,973,277,47,230,696,519,177
S01010439,Born in the UK,842,256,45,211,586,462,124
S01010439,Born outside the UK: Total,131,21,2,19,110,57,53
S01010439,Born outside the UK: Resident less than 2 years,24,0,0,0,24,3,21
S01010439,Born outside the UK: Resident 2 years or more and less than 5 years,52,6,0,6,46,27,19
S01010439,Born outside the UK: Resident 5 years or more and less than 10 years,33,7,0,7,26,15,11
S01010439,Born outside the UK: Resident 10 years or more,22,8,2,6,14,12,2
S01010440,All people in households,650,287,121,166,363,338,25
S01010440,Born in the UK,601,282,119,163,319,297,22
S01010440,Born outside the UK: Total,49,5,2,3,44,41,3
S01010440,Born outside the UK: Resident less than 2 years,5,0,0,0,5,5,0
S01010440,Born outside the UK: Resident 2 years or more and less than 5 years,2,0,0,0,2,2,0
S01010440,Born outside the UK: Resident 5 years or more and less than 10 years,20,0,0,0,20,18,2
S01010440,Born outside the UK: Resident 10 years or more,22,5,2,3,17,16,1
S01010441,All people in households,783,435,60,375,348,152,196
S01010441,Born in the UK,727,416,60,356,311,137,174
S01010441,Born outside the UK: Total,56,19,0,19,37,15,22
S01010441,Born outside the UK: Resident less than 2 years,10,0,0,0,10,1,9
S01010441,Born outside the UK: Resident 2 years or more and less than 5 years,16,4,0,4,12,6,6
S01010441,Born outside the UK: Resident 5 years or more and less than 10 years,15,4,0,4,11,6,5
S01010441,Born outside the UK: Resident 10 years or more,15,11,0,11,4,2,2
S01010442,All people in households,741,219,33,186,522,422,100
S01010442,Born in the UK,655,205,32,173,450,371,79
S01010442,Born outside the UK: Total,86,14,1,13,72,51,21
S01010442,Born outside the UK: Resident less than 2 years,19,3,0,3,16,9,7
S01010442,Born outside the UK: Resident 2 years or more and less than 5 years,17,0,0,0,17,7,10
S01010442,Born outside the UK: Resident 5 years or more and less than 10 years,26,4,0,4,22,20,2
S01010442,Born outside the UK: Resident 10 years or more,24,7,1,6,17,15,2
S01010443,All people in households,550,369,114,255,181,95,86
S01010443,Born in the UK,538,358,114,244,180,94,86
S01010443,Born outside the UK: Total,12,11,0,11,1,1,0
S01010443,Born outside the UK: Resident less than 2 years,0,0,0,0,0,0,0
S01010443,Born outside the UK: Resident 2 years or more and less than 5 years,3,3,0,3,0,0,0
S01010443,Born outside the UK: Resident 5 years or more and less than 10 years,5,5,0,5,0,0,0
S01010443,Born outside the UK: Resident 10 years or more,4,3,0,3,1,1,0
S01010444,All people in households,685,439,151,288,246,182,64
S01010444,Born in the UK,667,426,148,278,241,180,61
S01010444,Born outside the UK: Total,18,13,3,10,5,2,3
S01010444,Born outside the UK: Resident less than 2 years,2,0,0,0,2,1,1
S01010444,Born outside the UK: Resident 2 years or more and less than 5 years,0,0,0,0,0,0,0
S01010444,Born outside the UK: Resident 5 years or more and less than 10 years,10,8,0,8,2,0,2
S01010444,Born outside the UK: Resident 10 years or more,6,5,3,2,1,1,0
S01010445,All people in households,777,434,91,343,343,296,47
S01010445,Born in the UK,734,409,90,319,325,281,44
S01010445,Born outside the UK: Total,43,25,1,24,18,15,3
S01010445,Born outside the UK: Resident less than 2 years,5,1,0,1,4,4,0
S01010445,Born outside the UK: Resident 2 years or more and less than 5 years,10,6,0,6,4,2,2
S01010445,Born outside the UK: Resident 5 years or more and less than 10 years,14,11,0,11,3,2,1
S01010445,Born outside the UK: Resident 10 years or more,14,7,1,6,7,7,0
S01010446,All people in households,838,659,208,451,179,143,36
S01010446,Born in the UK,814,644,204,440,170,136,34
S01010446,Born outside the UK: Total,24,15,4,11,9,7,2
S01010446,Born outside the UK: Resident less than 2 years,0,0,0,0,0,0,0
S01010446,Born outside the UK: Resident 2 years or more and less than 5 years,7,0,0,0,7,5,2
S01010446,Born outside the UK: Resident 5 years or more and less than 10 years,2,1,0,1,1,1,0
S01010446,Born outside the UK: Resident 10 years or more,15,14,4,10,1,1,0
S01010447,All people in households,1028,416,86,330,612,521,91
S01010447,Born in the UK,933,399,77,322,534,465,69
S01010447,Born outside the UK: Total,95,17,9,8,78,56,22
S01010447,Born outside the UK: Resident less than 2 years,27,2,1,1,25,18,7
S01010447,Born outside the UK: Resident 2 years or more and less than 5 years,10,3,3,0,7,2,5
S01010447,Born outside the UK: Resident 5 years or more and less than 10 years,30,4,4,0,26,18,8
S01010447,Born outside the UK: Resident 10 years or more,28,8,1,7,20,18,2
S01010448,All people in households,859,679,187,492,180,124,56
S01010448,Born in the UK,822,653,186,467,169,116,53
S01010448,Born outside the UK: Total,37,26,1,25,11,8,3
S01010448,Born outside the UK: Resident less than 2 years,3,2,0,2,1,1,0
S01010448,Born outside the UK: Resident 2 years or more and less than 5 years,4,3,0,3,1,1,0
S01010448,Born outside the UK: Resident 5 years or more and less than 10 years,9,6,0,6,3,3,0
S01010448,Born outside the UK: Resident 10 years or more,21,15,1,14,6,3,3
S01010449,All people in households,779,483,190,293,296,193,103
S01010449,Born in the UK,738,470,188,282,268,179,89
S01010449,Born outside the UK: Total,41,13,2,11,28,14,14
S01010449,Born outside the UK: Resident less than 2 years,9,0,0,0,9,2,7
S01010449,Born outside the UK: Resident 2 years or more and less than 5 years,11,6,0,6,5,2,3
S01010449,Born outside the UK: Resident 5 years or more and less than 10 years,13,3,0,3,10,7,3
S01010449,Born outside the UK: Resident 10 years or more,8,4,2,2,4,3,1
S01010450,All people in households,783,489,154,335,294,230,64
S01010450,Born in the UK,753,476,151,325,277,218,59
S01010450,Born outside the UK: Total,30,13,3,10,17,12,5
S01010450,Born outside the UK: Resident less than 2 years,1,0,0,0,1,1,0
S01010450,Born outside the UK: Resident 2 years or more and less than 5 years,7,0,0,0,7,5,2
S01010450,Born outside the UK: Resident 5 years or more and less than 10 years,4,0,0,0,4,2,2
S01010450,Born outside the UK: Resident 10 years or more,18,13,3,10,5,4,1
S01010451,All people in households,829,331,113,218,498,454,44
S01010451,Born in the UK,702,308,107,201,394,359,35
S01010451,Born outside the UK: Total,127,23,6,17,104,95,9
S01010451,Born outside the UK: Resident less than 2 years,10,0,0,0,10,10,0
S01010451,Born outside the UK: Resident 2 years or more and less than 5 years,50,4,0,4,46,37,9
S01010451,Born outside the UK: Resident 5 years or more and less than 10 years,42,2,0,2,40,40,0
S01010451,Born outside the UK: Resident 10 years or more,25,17,6,11,8,8,0
S01010452,All people in households,813,516,198,318,297,201,96
S01010452,Born in the UK,779,503,190,313,276,188,88
S01010452,Born outside the UK: Total,34,13,8,5,21,13,8
S01010452,Born outside the UK: Resident less than 2 years,3,0,0,0,3,3,0
S01010452,Born outside the UK: Resident 2 years or more and less than 5 years,9,1,0,1,8,4,4
S01010452,Born outside the UK: Resident 5 years or more and less than 10 years,3,1,1,0,2,1,1
S01010452,Born outside the UK: Resident 10 years or more,19,11,7,4,8,5,3
S01010453,All people in households,664,197,51,146,467,431,36
S01010453,Born in the UK,533,185,49,136,348,318,30
S01010453,Born outside the UK: Total,131,12,2,10,119,113,6
S01010453,Born outside the UK: Resident less than 2 years,27,0,0,0,27,24,3
S01010453,Born outside the UK: Resident 2 years or more and less than 5 years,49,5,0,5,44,42,2
S01010453,Born outside the UK: Resident 5 years or more and less than 10 years,41,0,0,0,41,40,1
S01010453,Born outside the UK: Resident 10 years or more,14,7,2,5,7,7,0
S01010454,All people in households,789,563,179,384,226,160,66
S01010454,Born in the UK,771,550,176,374,221,155,66
S01010454,Born outside the UK: Total,18,13,3,10,5,5,0
S01010454,Born outside the UK: Resident less than 2 years,2,0,0,0,2,2,0
S01010454,Born outside the UK: Resident 2 years or more and less than 5 years,6,3,0,3,3,3,0
S01010454,Born outside the UK: Resident 5 years or more and less than 10 years,0,0,0,0,0,0,0
S01010454,Born outside the UK: Resident 10 years or more,10,10,3,7,0,0,0
S01010455,All people in households,942,243,100,143,699,642,57
S01010455,Born in the UK,852,226,94,132,626,576,50
S01010455,Born outside the UK: Total,90,17,6,11,73,66,7
S01010455,Born outside the UK: Resident less than 2 years,20,4,2,2,16,13,3
S01010455,Born outside the UK: Resident 2 years or more and less than 5 years,20,1,0,1,19,16,3
S01010455,Born outside the UK: Resident 5 years or more and less than 10 years,28,5,0,5,23,23,0
S01010455,Born outside the UK: Resident 10 years or more,22,7,4,3,15,14,1
S01010456,All people in households,565,354,132,222,211,157,54
S01010456,Born in the UK,543,344,129,215,199,145,54
S01010456,Born outside the UK: Total,22,10,3,7,12,12,0
S01010456,Born outside the UK: Resident less than 2 years,3,0,0,0,3,3,0
S01010456,Born outside the UK: Resident 2 years or more and less than 5 years,6,2,0,2,4,4,0
S01010456,Born outside the UK: Resident 5 years or more and less than 10 years,4,3,1,2,1,1,0
S01010456,Born outside the UK: Resident 10 years or more,9,5,2,3,4,4,0
S01010457,All people in households,642,333,108,225,309,288,21
S01010457,Born in the UK,556,329,108,221,227,213,14
S01010457,Born outside the UK: Total,86,4,0,4,82,75,7
S01010457,Born outside the UK: Resident less than 2 years,16,0,0,0,16,12,4
S01010457,Born outside the UK: Resident 2 years or more and less than 5 years,24,0,0,0,24,23,1
S01010457,Born outside the UK: Resident 5 years or more and less than 10 years,35,0,0,0,35,34,1
S01010457,Born outside the UK: Resident 10 years or more,11,4,0,4,7,6,1
S01010458,All people in households,771,402,165,237,369,325,44
S01010458,Born in the UK,700,383,151,232,317,276,41
S01010458,Born outside the UK: Total,71,19,14,5,52,49,3
S01010458,Born outside the UK: Resident less than 2 years,6,0,0,0,6,5,1
S01010458,Born outside the UK: Resident 2 years or more and less than 5 years,26,0,0,0,26,26,0
S01010458,Born outside the UK: Resident 5 years or more and less than 10 years,20,4,1,3,16,14,2
S01010458,Born outside the UK: Resident 10 years or more,19,15,13,2,4,4,0
S01010459,All people in households,539,386,124,262,153,98,55
S01010459,Born in the UK,502,367,123,244,135,88,47
S01010459,Born outside the UK: Total,37,19,1,18,18,10,8
S01010459,Born outside the UK: Resident less than 2 years,6,1,0,1,5,0,5
S01010459,Born outside the UK: Resident 2 years or more and less than 5 years,15,5,0,5,10,7,3
S01010459,Born outside the UK: Resident 5 years or more and less than 10 years,7,5,0,5,2,2,0
S01010459,Born outside the UK: Resident 10 years or more,9,8,1,7,1,1,0
S01010460,All people in households,741,587,174,413,154,41,113
S01010460,Born in the UK,636,524,153,371,112,36,76
S01010460,Born outside the UK: Total,105,63,21,42,42,5,37
S01010460,Born outside the UK: Resident less than 2 years,25,4,1,3,21,0,21
S01010460,Born outside the UK: Resident 2 years or more and less than 5 years,7,1,0,1,6,2,4
S01010460,Born outside the UK: Resident 5 years or more and less than 10 years,11,5,2,3,6,2,4
S01010460,Born outside the UK: Resident 10 years or more,62,53,18,35,9,1,8
S01010461,All people in households,732,370,135,235,362,279,83
S01010461,Born in the UK,656,360,129,231,296,230,66
S01010461,Born outside the UK: Total,76,10,6,4,66,49,17
S01010461,Born outside the UK: Resident less than 2 years,23,2,1,1,21,16,5
S01010461,Born outside the UK: Resident 2 years or more and less than 5 years,14,0,0,0,14,11,3
S01010461,Born outside the UK: Resident 5 years or more and less than 10 years,25,1,1,0,24,17,7
S01010461,Born outside the UK: Resident 10 years or more,14,7,4,3,7,5,2
S01010462,All people in households,899,31,12,19,868,830,38
S01010462,Born in the UK,529,23,10,13,506,483,23
S01010462,Born outside the UK: Total,370,8,2,6,362,347,15
S01010462,Born outside the UK: Resident less than 2 years,82,1,0,1,81,78,3
S01010462,Born outside the UK: Resident 2 years or more and less than 5 years,125,1,0,1,124,118,6
S01010462,Born outside the UK: Resident 5 years or more and less than 10 years,106,2,0,2,104,102,2
S01010462,Born outside the UK: Resident 10 years or more,57,4,2,2,53,49,4
S01010463,All people in households,796,597,196,401,199,147,52
S01010463,Born in the UK,749,569,187,382,180,142,38
S01010463,Born outside the UK: Total,47,28,9,19,19,5,14
S01010463,Born outside the UK: Resident less than 2 years,2,0,0,0,2,0,2
S01010463,Born outside the UK: Resident 2 years or more and less than 5 years,6,3,0,3,3,0,3
S01010463,Born outside the UK: Resident 5 years or more and less than 10 years,19,10,3,7,9,2,7
S01010463,Born outside the UK: Resident 10 years or more,20,15,6,9,5,3,2
S01010464,All people in households,524,382,117,265,142,112,30
S01010464,Born in the UK,500,377,114,263,123,101,22
S01010464,Born outside the UK: Total,24,5,3,2,19,11,8
S01010464,Born outside the UK: Resident less than 2 years,3,1,0,1,2,2,0
S01010464,Born outside the UK: Resident 2 years or more and less than 5 years,6,0,0,0,6,1,5
S01010464,Born outside the UK: Resident 5 years or more and less than 10 years,4,0,0,0,4,2,2
S01010464,Born outside the UK: Resident 10 years or more,11,4,3,1,7,6,1
S01010465,All people in households,947,774,184,590,173,45,128
S01010465,Born in the UK,872,733,176,557,139,29,110
S01010465,Born outside the UK: Total,75,41,8,33,34,16,18
S01010465,Born outside the UK: Resident less than 2 years,2,2,0,2,0,0,0
S01010465,Born outside the UK: Resident 2 years or more and less than 5 years,14,4,0,4,10,4,6
S01010465,Born outside the UK: Resident 5 years or more and less than 10 years,25,9,0,9,16,10,6
S01010465,Born outside the UK: Resident 10 years or more,34,26,8,18,8,2,6
S01010466,All people in households,879,650,171,479,229,17,212
S01010466,Born in the UK,738,594,158,436,144,8,136
S01010466,Born outside the UK: Total,141,56,13,43,85,9,76
S01010466,Born outside the UK: Resident less than 2 years,34,5,3,2,29,1,28
S01010466,Born outside the UK: Resident 2 years or more and less than 5 years,40,9,0,9,31,2,29
S01010466,Born outside the UK: Resident 5 years or more and less than 10 years,30,13,1,12,17,6,11
S01010466,Born outside the UK: Resident 10 years or more,37,29,9,20,8,0,8
S01010467,All people in households,837,626,336,290,211,22,189
S01010467,Born in the UK,741,583,316,267,158,19,139
S01010467,Born outside the UK: Total,96,43,20,23,53,3,50
S01010467,Born outside the UK: Resident less than 2 years,19,1,0,1,18,0,18
S01010467,Born outside the UK: Resident 2 years or more and less than 5 years,16,3,1,2,13,0,13
S01010467,Born outside the UK: Resident 5 years or more and less than 10 years,24,11,2,9,13,1,12
S01010467,Born outside the UK: Resident 10 years or more,37,28,17,11,9,2,7
S01010468,All people in households,949,722,275,447,227,3,224
S01010468,Born in the UK,796,634,232,402,162,3,159
S01010468,Born outside the UK: Total,153,88,43,45,65,0,65
S01010468,Born outside the UK: Resident less than 2 years,26,4,1,3,22,0,22
S01010468,Born outside the UK: Resident 2 years or more and less than 5 years,29,10,6,4,19,0,19
S01010468,Born outside the UK: Resident 5 years or more and less than 10 years,31,13,5,8,18,0,18
S01010468,Born outside the UK: Resident 10 years or more,67,61,31,30,6,0,6
S01010469,All people in households,559,223,71,152,336,158,178
S01010469,Born in the UK,486,214,67,147,272,142,130
S01010469,Born outside the UK: Total,73,9,4,5,64,16,48
S01010469,Born outside the UK: Resident less than 2 years,19,2,1,1,17,0,17
S01010469,Born outside the UK: Resident 2 years or more and less than 5 years,16,1,0,1,15,3,12
S01010469,Born outside the UK: Resident 5 years or more and less than 10 years,20,2,0,2,18,5,13
S01010469,Born outside the UK: Resident 10 years or more,18,4,3,1,14,8,6
S01010470,All people in households,718,473,148,325,245,179,66
S01010470,Born in the UK,691,454,143,311,237,175,62
S01010470,Born outside the UK: Total,27,19,5,14,8,4,4
S01010470,Born outside the UK: Resident less than 2 years,1,0,0,0,1,0,1
S01010470,Born outside the UK: Resident 2 years or more and less than 5 years,2,1,0,1,1,0,1
S01010470,Born outside the UK: Resident 5 years or more and less than 10 years,11,8,1,7,3,2,1
S01010470,Born outside the UK: Resident 10 years or more,13,10,4,6,3,2,1
S01010471,All people in households,666,351,106,245,315,222,93
S01010471,Born in the UK,619,336,104,232,283,218,65
S01010471,Born outside the UK: Total,47,15,2,13,32,4,28
S01010471,Born outside the UK: Resident less than 2 years,13,0,0,0,13,2,11
S01010471,Born outside the UK: Resident 2 years or more and less than 5 years,10,4,0,4,6,1,5
S01010471,Born outside the UK: Resident 5 years or more and less than 10 years,16,7,0,7,9,1,8
S01010471,Born outside the UK: Resident 10 years or more,8,4,2,2,4,0,4
S01010472,All people in households,514,307,52,255,207,71,136
S01010472,Born in the UK,431,272,50,222,159,63,96
S01010472,Born outside the UK: Total,83,35,2,33,48,8,40
S01010472,Born outside the UK: Resident less than 2 years,18,4,0,4,14,1,13
S01010472,Born outside the UK: Resident 2 years or more and less than 5 years,36,12,1,11,24,3,21
S01010472,Born outside the UK: Resident 5 years or more and less than 10 years,23,13,0,13,10,4,6
S01010472,Born outside the UK: Resident 10 years or more,6,6,1,5,0,0,0
S01010473,All people in households,756,491,164,327,265,85,180
S01010473,Born in the UK,680,460,150,310,220,76,144
S01010473,Born outside the UK: Total,76,31,14,17,45,9,36
S01010473,Born outside the UK: Resident less than 2 years,11,0,0,0,11,1,10
S01010473,Born outside the UK: Resident 2 years or more and less than 5 years,14,2,2,0,12,0,12
S01010473,Born outside the UK: Resident 5 years or more and less than 10 years,12,2,0,2,10,3,7
S01010473,Born outside the UK: Resident 10 years or more,39,27,12,15,12,5,7
S01010474,All people in households,820,372,98,274,448,168,280
S01010474,Born in the UK,669,343,92,251,326,151,175
S01010474,Born outside the UK: Total,151,29,6,23,122,17,105
S01010474,Born outside the UK: Resident less than 2 years,33,4,1,3,29,1,28
S01010474,Born outside the UK: Resident 2 years or more and less than 5 years,50,3,1,2,47,2,45
S01010474,Born outside the UK: Resident 5 years or more and less than 10 years,35,10,1,9,25,9,16
S01010474,Born outside the UK: Resident 10 years or more,33,12,3,9,21,5,16
S01010475,All people in households,677,503,130,373,174,14,160
S01010475,Born in the UK,588,467,121,346,121,8,113
S01010475,Born outside the UK: Total,89,36,9,27,53,6,47
S01010475,Born outside the UK: Resident less than 2 years,18,0,0,0,18,2,16
S01010475,Born outside the UK: Resident 2 years or more and less than 5 years,27,10,4,6,17,4,13
S01010475,Born outside the UK: Resident 5 years or more and less than 10 years,26,11,2,9,15,0,15
S01010475,Born outside the UK: Resident 10 years or more,18,15,3,12,3,0,3
S01010476,All people in households,1015,687,225,462,328,175,153
S01010476,Born in the UK,953,658,214,444,295,158,137
S01010476,Born outside the UK: Total,62,29,11,18,33,17,16
S01010476,Born outside the UK: Resident less than 2 years,10,2,1,1,8,4,4
S01010476,Born outside the UK: Resident 2 years or more and less than 5 years,14,5,0,5,9,4,5
S01010476,Born outside the UK: Resident 5 years or more and less than 10 years,13,6,0,6,7,5,2
S01010476,Born outside the UK: Resident 10 years or more,25,16,10,6,9,4,5
S01010477,All people in households,724,523,181,342,201,126,75
S01010477,Born in the UK,687,508,179,329,179,111,68
S01010477,Born outside the UK: Total,37,15,2,13,22,15,7
S01010477,Born outside the UK: Resident less than 2 years,1,1,0,1,0,0,0
S01010477,Born outside the UK: Resident 2 years or more and less than 5 years,10,0,0,0,10,7,3
S01010477,Born outside the UK: Resident 5 years or more and less than 10 years,12,6,0,6,6,5,1
S01010477,Born outside the UK: Resident 10 years or more,14,8,2,6,6,3,3
S01010478,All people in households,991,443,122,321,548,450,98
S01010478,Born in the UK,899,414,117,297,485,404,81
S01010478,Born outside the UK: Total,92,29,5,24,63,46,17
S01010478,Born outside the UK: Resident less than 2 years,6,0,0,0,6,1,5
S01010478,Born outside the UK: Resident 2 years or more and less than 5 years,24,10,3,7,14,9,5
S01010478,Born outside the UK: Resident 5 years or more and less than 10 years,34,11,0,11,23,19,4
S01010478,Born outside the UK: Resident 10 years or more,28,8,2,6,20,17,3
S01010479,All people in households,1022,597,170,427,425,329,96
S01010479,Born in the UK,972,573,166,407,399,308,91
S01010479,Born outside the UK: Total,50,24,4,20,26,21,5
S01010479,Born outside the UK: Resident less than 2 years,5,1,0,1,4,3,1
S01010479,Born outside the UK: Resident 2 years or more and less than 5 years,11,4,1,3,7,6,1
S01010479,Born outside the UK: Resident 5 years or more and less than 10 years,13,7,0,7,6,6,0
S01010479,Born outside the UK: Resident 10 years or more,21,12,3,9,9,6,3
S01010480,All people in households,616,455,138,317,161,120,41
S01010480,Born in the UK,600,444,137,307,156,117,39
S01010480,Born outside the UK: Total,16,11,1,10,5,3,2
S01010480,Born outside the UK: Resident less than 2 years,5,2,0,2,3,3,0
S01010480,Born outside the UK: Resident 2 years or more and less than 5 years,0,0,0,0,0,0,0
S01010480,Born outside the UK: Resident 5 years or more and less than 10 years,4,2,1,1,2,0,2
S01010480,Born outside the UK: Resident 10 years or more,7,7,0,7,0,0,0
S01010481,All people in households,667,192,53,139,475,419,56
S01010481,Born in the UK,643,187,51,136,456,405,51
S01010481,Born outside the UK: Total,24,5,2,3,19,14,5
S01010481,Born outside the UK: Resident less than 2 years,5,0,0,0,5,3,2
S01010481,Born outside the UK: Resident 2 years or more and less than 5 years,5,1,0,1,4,4,0
S01010481,Born outside the UK: Resident 5 years or more and less than 10 years,4,2,0,2,2,1,1
S01010481,Born outside the UK: Resident 10 years or more,10,2,2,0,8,6,2
S01010482,All people in households,794,540,152,388,254,201,53
S01010482,Born in the UK,750,517,145,372,233,185,48
S01010482,Born outside the UK: Total,44,23,7,16,21,16,5
S01010482,Born outside the UK: Resident less than 2 years,2,1,0,1,1,0,1
S01010482,Born outside the UK: Resident 2 years or more and less than 5 years,10,2,0,2,8,8,0
S01010482,Born outside the UK: Resident 5 years or more and less than 10 years,5,4,0,4,1,0,1
S01010482,Born outside the UK: Resident 10 years or more,27,16,7,9,11,8,3
S01010483,All people in households,1036,680,176,504,356,273,83
S01010483,Born in the UK,1001,661,171,490,340,267,73
S01010483,Born outside the UK: Total,35,19,5,14,16,6,10
S01010483,Born outside the UK: Resident less than 2 years,3,0,0,0,3,0,3
S01010483,Born outside the UK: Resident 2 years or more and less than 5 years,6,3,0,3,3,3,0
S01010483,Born outside the UK: Resident 5 years or more and less than 10 years,11,5,0,5,6,0,6
S01010483,Born outside the UK: Resident 10 years or more,15,11,5,6,4,3,1
S01010484,All people in households,550,289,87,202,261,220,41
S01010484,Born in the UK,529,273,83,190,256,216,40
S01010484,Born outside the UK: Total,21,16,4,12,5,4,1
S01010484,Born outside the UK: Resident less than 2 years,0,0,0,0,0,0,0
S01010484,Born outside the UK: Resident 2 years or more and less than 5 years,5,3,0,3,2,2,0
S01010484,Born outside the UK: Resident 5 years or more and less than 10 years,5,4,1,3,1,1,0
S01010484,Born outside the UK: Resident 10 years or more,11,9,3,6,2,1,1
S01010485,All people in households,986,739,224,515,247,193,54
S01010485,Born in the UK,934,705,212,493,229,182,47
S01010485,Born outside the UK: Total,52,34,12,22,18,11,7
S01010485,Born outside the UK: Resident less than 2 years,3,3,0,3,0,0,0
S01010485,Born outside the UK: Resident 2 years or more and less than 5 years,6,5,0,5,1,1,0
S01010485,Born outside the UK: Resident 5 years or more and less than 10 years,8,1,0,1,7,5,2
S01010485,Born outside the UK: Resident 10 years or more,35,25,12,13,10,5,5
S01010486,All people in households,930,887,307,580,43,26,17
S01010486,Born in the UK,889,855,297,558,34,19,15
S01010486,Born outside the UK: Total,41,32,10,22,9,7,2
S01010486,Born outside the UK: Resident less than 2 years,8,5,0,5,3,2,1
S01010486,Born outside the UK: Resident 2 years or more and less than 5 years,2,0,0,0,2,2,0
S01010486,Born outside the UK: Resident 5 years or more and less than 10 years,4,4,1,3,0,0,0
S01010486,Born outside the UK: Resident 10 years or more,27,23,9,14,4,3,1
S01010487,All people in households,1010,746,212,534,264,189,75
S01010487,Born in the UK,982,737,210,527,245,181,64
S01010487,Born outside the UK: Total,28,9,2,7,19,8,11
S01010487,Born outside the UK: Resident less than 2 years,10,0,0,0,10,2,8
S01010487,Born outside the UK: Resident 2 years or more and less than 5 years,3,2,0,2,1,0,1
S01010487,Born outside the UK: Resident 5 years or more and less than 10 years,5,1,0,1,4,3,1
S01010487,Born outside the UK: Resident 10 years or more,10,6,2,4,4,3,1
S01010488,All people in households,822,213,62,151,609,530,79
S01010488,Born in the UK,763,200,61,139,563,499,64
S01010488,Born outside the UK: Total,59,13,1,12,46,31,15
S01010488,Born outside the UK: Resident less than 2 years,15,1,0,1,14,12,2
S01010488,Born outside the UK: Resident 2 years or more and less than 5 years,13,2,0,2,11,1,10
S01010488,Born outside the UK: Resident 5 years or more and less than 10 years,25,9,0,9,16,14,2
S01010488,Born outside the UK: Resident 10 years or more,6,1,1,0,5,4,1
S01010489,All people in households,932,415,113,302,517,496,21
S01010489,Born in the UK,861,397,106,291,464,444,20
S01010489,Born outside the UK: Total,71,18,7,11,53,52,1
S01010489,Born outside the UK: Resident less than 2 years,11,0,0,0,11,11,0
S01010489,Born outside the UK: Resident 2 years or more and less than 5 years,15,3,0,3,12,11,1
S01010489,Born outside the UK: Resident 5 years or more and less than 10 years,17,4,0,4,13,13,0
S01010489,Born outside the UK: Resident 10 years or more,28,11,7,4,17,17,0
S01010490,All people in households,749,164,29,135,585,544,41
S01010490,Born in the UK,698,152,29,123,546,505,41
S01010490,Born outside the UK: Total,51,12,0,12,39,39,0
S01010490,Born outside the UK: Resident less than 2 years,4,4,0,4,0,0,0
S01010490,Born outside the UK: Resident 2 years or more and less than 5 years,8,1,0,1,7,7,0
S01010490,Born outside the UK: Resident 5 years or more and less than 10 years,25,2,0,2,23,23,0
S01010490,Born outside the UK: Resident 10 years or more,14,5,0,5,9,9,0
S01010491,All people in households,906,102,26,76,804,760,44
S01010491,Born in the UK,846,100,25,75,746,711,35
S01010491,Born outside the UK: Total,60,2,1,1,58,49,9
S01010491,Born outside the UK: Resident less than 2 years,20,0,0,0,20,14,6
S01010491,Born outside the UK: Resident 2 years or more and less than 5 years,14,0,0,0,14,13,1
S01010491,Born outside the UK: Resident 5 years or more and less than 10 years,13,0,0,0,13,12,1
S01010491,Born outside the UK: Resident 10 years or more,13,2,1,1,11,10,1
S01010492,All people in households,575,30,5,25,545,523,22
S01010492,Born in the UK,561,26,5,21,535,513,22
S01010492,Born outside the UK: Total,14,4,0,4,10,10,0
S01010492,Born outside the UK: Resident less than 2 years,1,0,0,0,1,1,0
S01010492,Born outside the UK: Resident 2 years or more and less than 5 years,2,1,0,1,1,1,0
S01010492,Born outside the UK: Resident 5 years or more and less than 10 years,1,1,0,1,0,0,0
S01010492,Born outside the UK: Resident 10 years or more,10,2,0,2,8,8,0
S01010493,All people in households,719,30,6,24,689,679,10
S01010493,Born in the UK,681,23,5,18,658,651,7
S01010493,Born outside the UK: Total,38,7,1,6,31,28,3
S01010493,Born outside the UK: Resident less than 2 years,9,0,0,0,9,9,0
S01010493,Born outside the UK: Resident 2 years or more and less than 5 years,15,4,0,4,11,11,0
S01010493,Born outside the UK: Resident 5 years or more and less than 10 years,8,2,0,2,6,4,2
S01010493,Born outside the UK: Resident 10 years or more,6,1,1,0,5,4,1
S01010494,All people in households,628,337,47,290,291,255,36
S01010494,Born in the UK,581,303,47,256,278,246,32
S01010494,Born outside the UK: Total,47,34,0,34,13,9,4
S01010494,Born outside the UK: Resident less than 2 years,5,1,0,1,4,1,3
S01010494,Born outside the UK: Resident 2 years or more and less than 5 years,3,2,0,2,1,1,0
S01010494,Born outside the UK: Resident 5 years or more and less than 10 years,27,23,0,23,4,3,1
S01010494,Born outside the UK: Resident 10 years or more,12,8,0,8,4,4,0
S01010495,All people in households,858,122,22,100,736,710,26
S01010495,Born in the UK,821,118,21,97,703,679,24
S01010495,Born outside the UK: Total,37,4,1,3,33,31,2
S01010495,Born outside the UK: Resident less than 2 years,3,0,0,0,3,2,1
S01010495,Born outside the UK: Resident 2 years or more and less than 5 years,19,1,1,0,18,17,1
S01010495,Born outside the UK: Resident 5 years or more and less than 10 years,8,0,0,0,8,8,0
S01010495,Born outside the UK: Resident 10 years or more,7,3,0,3,4,4,0
S01010496,All people in households,812,122,31,91,690,652,38
S01010496,Born in the UK,753,114,28,86,639,603,36
S01010496,Born outside the UK: Total,59,8,3,5,51,49,2
S01010496,Born outside the UK: Resident less than 2 years,4,1,1,0,3,3,0
S01010496,Born outside the UK: Resident 2 years or more and less than 5 years,19,0,0,0,19,17,2
S01010496,Born outside the UK: Resident 5 years or more and less than 10 years,22,4,0,4,18,18,0
S01010496,Born outside the UK: Resident 10 years or more,14,3,2,1,11,11,0
S01010497,All people in households,749,252,13,239,497,482,15
S01010497,Born in the UK,719,245,13,232,474,459,15
S01010497,Born outside the UK: Total,30,7,0,7,23,23,0
S01010497,Born outside the UK: Resident less than 2 years,8,0,0,0,8,8,0
S01010497,Born outside the UK: Resident 2 years or more and less than 5 years,8,2,0,2,6,6,0
S01010497,Born outside the UK: Resident 5 years or more and less than 10 years,8,1,0,1,7,7,0
S01010497,Born outside the UK: Resident 10 years or more,6,4,0,4,2,2,0
S01010498,All people in households,839,108,24,84,731,703,28
S01010498,Born in the UK,819,107,24,83,712,690,22
S01010498,Born outside the UK: Total,20,1,0,1,19,13,6
S01010498,Born outside the UK: Resident less than 2 years,6,0,0,0,6,1,5
S01010498,Born outside the UK: Resident 2 years or more and less than 5 years,3,0,0,0,3,3,0
S01010498,Born outside the UK: Resident 5 years or more and less than 10 years,3,0,0,0,3,3,0
S01010498,Born outside the UK: Resident 10 years or more,8,1,0,1,7,6,1
S01010499,All people in households,804,48,24,24,756,734,22
S01010499,Born in the UK,705,45,21,24,660,647,13
S01010499,Born outside the UK: Total,99,3,3,0,96,87,9
S01010499,Born outside the UK: Resident less than 2 years,24,0,0,0,24,24,0
S01010499,Born outside the UK: Resident 2 years or more and less than 5 years,26,0,0,0,26,24,2
S01010499,Born outside the UK: Resident 5 years or more and less than 10 years,24,0,0,0,24,24,0
S01010499,Born outside the UK: Resident 10 years or more,25,3,3,0,22,15,7
S01010500,All people in households,1078,232,24,208,846,806,40
S01010500,Born in the UK,1044,214,18,196,830,796,34
S01010500,Born outside the UK: Total,34,18,6,12,16,10,6
S01010500,Born outside the UK: Resident less than 2 years,1,1,0,1,0,0,0
S01010500,Born outside the UK: Resident 2 years or more and less than 5 years,10,5,5,0,5,1,4
S01010500,Born outside the UK: Resident 5 years or more and less than 10 years,1,1,0,1,0,0,0
S01010500,Born outside the UK: Resident 10 years or more,22,11,1,10,11,9,2
S01010501,All people in households,928,370,56,314,558,525,33
S01010501,Born in the UK,883,355,54,301,528,504,24
S01010501,Born outside the UK: Total,45,15,2,13,30,21,9
S01010501,Born outside the UK: Resident less than 2 years,10,6,0,6,4,1,3
S01010501,Born outside the UK: Resident 2 years or more and less than 5 years,14,1,0,1,13,9,4
S01010501,Born outside the UK: Resident 5 years or more and less than 10 years,6,4,0,4,2,1,1
S01010501,Born outside the UK: Resident 10 years or more,15,4,2,2,11,10,1
S01010502,All people in households,803,392,26,366,411,377,34
S01010502,Born in the UK,777,383,25,358,394,363,31
S01010502,Born outside the UK: Total,26,9,1,8,17,14,3
S01010502,Born outside the UK: Resident less than 2 years,0,0,0,0,0,0,0
S01010502,Born outside the UK: Resident 2 years or more and less than 5 years,10,5,0,5,5,4,1
S01010502,Born outside the UK: Resident 5 years or more and less than 10 years,10,3,0,3,7,7,0
S01010502,Born outside the UK: Resident 10 years or more,6,1,1,0,5,3,2
S01010503,All people in households,655,142,50,92,513,484,29
S01010503,Born in the UK,627,139,50,89,488,464,24
S01010503,Born outside the UK: Total,28,3,0,3,25,20,5
S01010503,Born outside the UK: Resident less than 2 years,6,0,0,0,6,4,2
S01010503,Born outside the UK: Resident 2 years or more and less than 5 years,4,0,0,0,4,4,0
S01010503,Born outside the UK: Resident 5 years or more and less than 10 years,12,2,0,2,10,8,2
S01010503,Born outside the UK: Resident 10 years or more,6,1,0,1,5,4,1
S01010504,All people in households,531,350,235,115,181,47,134
S01010504,Born in the UK,502,327,221,106,175,46,129
S01010504,Born outside the UK: Total,29,23,14,9,6,1,5
S01010504,Born outside the UK: Resident less than 2 years,1,0,0,0,1,0,1
S01010504,Born outside the UK: Resident 2 years or more and less than 5 years,4,2,1,1,2,0,2
S01010504,Born outside the UK: Resident 5 years or more and less than 10 years,1,0,0,0,1,1,0
S01010504,Born outside the UK: Resident 10 years or more,23,21,13,8,2,0,2
S01010505,All people in households,558,382,240,142,176,73,103
S01010505,Born in the UK,534,365,229,136,169,70,99
S01010505,Born outside the UK: Total,24,17,11,6,7,3,4
S01010505,Born outside the UK: Resident less than 2 years,3,0,0,0,3,3,0
S01010505,Born outside the UK: Resident 2 years or more and less than 5 years,1,1,0,1,0,0,0
S01010505,Born outside the UK: Resident 5 years or more and less than 10 years,2,1,1,0,1,0,1
S01010505,Born outside the UK: Resident 10 years or more,18,15,10,5,3,0,3
S01010506,All people in households,828,616,344,272,212,129,83
S01010506,Born in the UK,786,589,328,261,197,126,71
S01010506,Born outside the UK: Total,42,27,16,11,15,3,12
S01010506,Born outside the UK: Resident less than 2 years,0,0,0,0,0,0,0
S01010506,Born outside the UK: Resident 2 years or more and less than 5 years,4,1,0,1,3,0,3
S01010506,Born outside the UK: Resident 5 years or more and less than 10 years,11,6,3,3,5,0,5
S01010506,Born outside the UK: Resident 10 years or more,27,20,13,7,7,3,4
S01010507,All people in households,794,490,219,271,304,193,111
S01010507,Born in the UK,768,474,215,259,294,187,107
S01010507,Born outside the UK: Total,26,16,4,12,10,6,4
S01010507,Born outside the UK: Resident less than 2 years,0,0,0,0,0,0,0
S01010507,Born outside the UK: Resident 2 years or more and less than 5 years,4,3,2,1,1,1,0
S01010507,Born outside the UK: Resident 5 years or more and less than 10 years,9,4,0,4,5,1,4
S01010507,Born outside the UK: Resident 10 years or more,13,9,2,7,4,4,0
S01010508,All people in households,962,615,347,268,347,160,187
S01010508,Born in the UK,926,592,333,259,334,159,175
S01010508,Born outside the UK: Total,36,23,14,9,13,1,12
S01010508,Born outside the UK: Resident less than 2 years,6,0,0,0,6,0,6
S01010508,Born outside the UK: Resident 2 years or more and less than 5 years,5,3,1,2,2,0,2
S01010508,Born outside the UK: Resident 5 years or more and less than 10 years,6,5,3,2,1,0,1
S01010508,Born outside the UK: Resident 10 years or more,19,15,10,5,4,1,3
S01010509,All people in households,922,665,348,317,257,70,187
S01010509,Born in the UK,859,638,336,302,221,67,154
S01010509,Born outside the UK: Total,63,27,12,15,36,3,33
S01010509,Born outside the UK: Resident less than 2 years,7,0,0,0,7,0,7
S01010509,Born outside the UK: Resident 2 years or more and less than 5 years,5,0,0,0,5,0,5
S01010509,Born outside the UK: Resident 5 years or more and less than 10 years,11,2,2,0,9,0,9
S01010509,Born outside the UK: Resident 10 years or more,40,25,10,15,15,3,12
S01010510,All people in households,777,606,252,354,171,124,47
S01010510,Born in the UK,745,590,248,342,155,113,42
S01010510,Born outside the UK: Total,32,16,4,12,16,11,5
S01010510,Born outside the UK: Resident less than 2 years,6,5,3,2,1,1,0
S01010510,Born outside the UK: Resident 2 years or more and less than 5 years,7,2,0,2,5,2,3
S01010510,Born outside the UK: Resident 5 years or more and less than 10 years,7,5,0,5,2,2,0
S01010510,Born outside the UK: Resident 10 years or more,12,4,1,3,8,6,2
S01010511,All people in households,870,387,104,283,483,443,40
S01010511,Born in the UK,845,378,103,275,467,435,32
S01010511,Born outside the UK: Total,25,9,1,8,16,8,8
S01010511,Born outside the UK: Resident less than 2 years,5,0,0,0,5,0,5
S01010511,Born outside the UK: Resident 2 years or more and less than 5 years,5,0,0,0,5,3,2
S01010511,Born outside the UK: Resident 5 years or more and less than 10 years,5,3,0,3,2,1,1
S01010511,Born outside the UK: Resident 10 years or more,10,6,1,5,4,4,0
S01010512,All people in households,611,412,158,254,199,160,39
S01010512,Born in the UK,598,407,155,252,191,160,31
S01010512,Born outside the UK: Total,13,5,3,2,8,0,8
S01010512,Born outside the UK: Resident less than 2 years,4,1,0,1,3,0,3
S01010512,Born outside the UK: Resident 2 years or more and less than 5 years,3,0,0,0,3,0,3
S01010512,Born outside the UK: Resident 5 years or more and less than 10 years,2,0,0,0,2,0,2
S01010512,Born outside the UK: Resident 10 years or more,4,4,3,1,0,0,0
S01010513,All people in households,757,624,251,373,133,61,72
S01010513,Born in the UK,716,606,246,360,110,57,53
S01010513,Born outside the UK: Total,41,18,5,13,23,4,19
S01010513,Born outside the UK: Resident less than 2 years,5,0,0,0,5,0,5
S01010513,Born outside the UK: Resident 2 years or more and less than 5 years,11,3,0,3,8,2,6
S01010513,Born outside the UK: Resident 5 years or more and less than 10 years,5,1,0,1,4,0,4
S01010513,Born outside the UK: Resident 10 years or more,20,14,5,9,6,2,4
S01010514,All people in households,709,458,141,317,251,193,58
S01010514,Born in the UK,674,443,137,306,231,186,45
S01010514,Born outside the UK: Total,35,15,4,11,20,7,13
S01010514,Born outside the UK: Resident less than 2 years,2,0,0,0,2,0,2
S01010514,Born outside the UK: Resident 2 years or more and less than 5 years,15,3,2,1,12,5,7
S01010514,Born outside the UK: Resident 5 years or more and less than 10 years,7,3,0,3,4,0,4
S01010514,Born outside the UK: Resident 10 years or more,11,9,2,7,2,2,0
S01010515,All people in households,799,485,184,301,314,245,69
S01010515,Born in the UK,750,462,173,289,288,244,44
S01010515,Born outside the UK: Total,49,23,11,12,26,1,25
S01010515,Born outside the UK: Resident less than 2 years,9,0,0,0,9,0,9
S01010515,Born outside the UK: Resident 2 years or more and less than 5 years,12,0,0,0,12,0,12
S01010515,Born outside the UK: Resident 5 years or more and less than 10 years,11,8,4,4,3,0,3
S01010515,Born outside the UK: Resident 10 years or more,17,15,7,8,2,1,1
S01010516,All people in households,557,365,170,195,192,95,97
S01010516,Born in the UK,522,352,166,186,170,95,75
S01010516,Born outside the UK: Total,35,13,4,9,22,0,22
S01010516,Born outside the UK: Resident less than 2 years,5,0,0,0,5,0,5
S01010516,Born outside the UK: Resident 2 years or more and less than 5 years,7,0,0,0,7,0,7
S01010516,Born outside the UK: Resident 5 years or more and less than 10 years,7,1,0,1,6,0,6
S01010516,Born outside the UK: Resident 10 years or more,16,12,4,8,4,0,4
S01010517,All people in households,858,486,189,297,372,275,97
S01010517,Born in the UK,799,458,176,282,341,261,80
S01010517,Born outside the UK: Total,59,28,13,15,31,14,17
S01010517,Born outside the UK: Resident less than 2 years,11,2,0,2,9,0,9
S01010517,Born outside the UK: Resident 2 years or more and less than 5 years,11,1,1,0,10,6,4
S01010517,Born outside the UK: Resident 5 years or more and less than 10 years,21,10,4,6,11,7,4
S01010517,Born outside the UK: Resident 10 years or more,16,15,8,7,1,1,0
S01010518,All people in households,656,414,158,256,242,114,128
S01010518,Born in the UK,582,387,151,236,195,109,86
S01010518,Born outside the UK: Total,74,27,7,20,47,5,42
S01010518,Born outside the UK: Resident less than 2 years,20,2,1,1,18,2,16
S01010518,Born outside the UK: Resident 2 years or more and less than 5 years,22,4,0,4,18,0,18
S01010518,Born outside the UK: Resident 5 years or more and less than 10 years,11,5,2,3,6,1,5
S01010518,Born outside the UK: Resident 10 years or more,21,16,4,12,5,2,3
S01010519,All people in households,748,353,143,210,395,310,85
S01010519,Born in the UK,693,339,139,200,354,296,58
S01010519,Born outside the UK: Total,55,14,4,10,41,14,27
S01010519,Born outside the UK: Resident less than 2 years,18,1,0,1,17,0,17
S01010519,Born outside the UK: Resident 2 years or more and less than 5 years,10,0,0,0,10,1,9
S01010519,Born outside the UK: Resident 5 years or more and less than 10 years,10,4,0,4,6,5,1
S01010519,Born outside the UK: Resident 10 years or more,17,9,4,5,8,8,0
S01010520,All people in households,945,732,271,461,213,122,91
S01010520,Born in the UK,905,716,264,452,189,116,73
S01010520,Born outside the UK: Total,40,16,7,9,24,6,18
S01010520,Born outside the UK: Resident less than 2 years,4,1,1,0,3,0,3
S01010520,Born outside the UK: Resident 2 years or more and less than 5 years,4,0,0,0,4,1,3
S01010520,Born outside the UK: Resident 5 years or more and less than 10 years,11,2,1,1,9,2,7
S01010520,Born outside the UK: Resident 10 years or more,21,13,5,8,8,3,5
S01010521,All people in households,750,414,179,235,336,248,88
S01010521,Born in the UK,705,391,169,222,314,237,77
S01010521,Born outside the UK: Total,45,23,10,13,22,11,11
S01010521,Born outside the UK: Resident less than 2 years,9,2,0,2,7,1,6
S01010521,Born outside the UK: Resident 2 years or more and less than 5 years,8,4,4,0,4,2,2
S01010521,Born outside the UK: Resident 5 years or more and less than 10 years,11,4,0,4,7,5,2
S01010521,Born outside the UK: Resident 10 years or more,17,13,6,7,4,3,1
S01010522,All people in households,581,267,61,206,314,211,103
S01010522,Born in the UK,522,263,61,202,259,200,59
S01010522,Born outside the UK: Total,59,4,0,4,55,11,44
S01010522,Born outside the UK: Resident less than 2 years,19,0,0,0,19,4,15
S01010522,Born outside the UK: Resident 2 years or more and less than 5 years,21,0,0,0,21,0,21
S01010522,Born outside the UK: Resident 5 years or more and less than 10 years,11,3,0,3,8,4,4
S01010522,Born outside the UK: Resident 10 years or more,8,1,0,1,7,3,4
S01010523,All people in households,644,162,73,89,482,438,44
S01010523,Born in the UK,541,146,71,75,395,367,28
S01010523,Born outside the UK: Total,103,16,2,14,87,71,16
S01010523,Born outside the UK: Resident less than 2 years,20,2,0,2,18,11,7
S01010523,Born outside the UK: Resident 2 years or more and less than 5 years,35,5,0,5,30,22,8
S01010523,Born outside the UK: Resident 5 years or more and less than 10 years,34,4,0,4,30,29,1
S01010523,Born outside the UK: Resident 10 years or more,14,5,2,3,9,9,0
S01010524,All people in households,504,389,208,181,115,47,68
S01010524,Born in the UK,466,362,197,165,104,43,61
S01010524,Born outside the UK: Total,38,27,11,16,11,4,7
S01010524,Born outside the UK: Resident less than 2 years,5,1,0,1,4,2,2
S01010524,Born outside the UK: Resident 2 years or more and less than 5 years,7,2,0,2,5,0,5
S01010524,Born outside the UK: Resident 5 years or more and less than 10 years,5,5,1,4,0,0,0
S01010524,Born outside the UK: Resident 10 years or more,21,19,10,9,2,2,0
S01010525,All people in households,624,503,247,256,121,40,81
S01010525,Born in the UK,595,482,238,244,113,37,76
S01010525,Born outside the UK: Total,29,21,9,12,8,3,5
S01010525,Born outside the UK: Resident less than 2 years,4,1,0,1,3,0,3
S01010525,Born outside the UK: Resident 2 years or more and less than 5 years,2,1,1,0,1,0,1
S01010525,Born outside the UK: Resident 5 years or more and less than 10 years,3,1,1,0,2,1,1
S01010525,Born outside the UK: Resident 10 years or more,20,18,7,11,2,2,0
S01010526,All people in households,787,522,224,298,265,147,118
S01010526,Born in the UK,742,495,207,288,247,139,108
S01010526,Born outside the UK: Total,45,27,17,10,18,8,10
S01010526,Born outside the UK: Resident less than 2 years,4,3,2,1,1,0,1
S01010526,Born outside the UK: Resident 2 years or more and less than 5 years,8,3,3,0,5,1,4
S01010526,Born outside the UK: Resident 5 years or more and less than 10 years,13,6,2,4,7,5,2
S01010526,Born outside the UK: Resident 10 years or more,20,15,10,5,5,2,3
S01010527,All people in households,889,473,228,245,416,320,96
S01010527,Born in the UK,834,452,216,236,382,301,81
S01010527,Born outside the UK: Total,55,21,12,9,34,19,15
S01010527,Born outside the UK: Resident less than 2 years,8,0,0,0,8,5,3
S01010527,Born outside the UK: Resident 2 years or more and less than 5 years,9,2,1,1,7,3,4
S01010527,Born outside the UK: Resident 5 years or more and less than 10 years,11,1,0,1,10,6,4
S01010527,Born outside the UK: Resident 10 years or more,27,18,11,7,9,5,4
S01010528,All people in households,611,380,185,195,231,100,131
S01010528,Born in the UK,577,368,179,189,209,99,110
S01010528,Born outside the UK: Total,34,12,6,6,22,1,21
S01010528,Born outside the UK: Resident less than 2 years,6,0,0,0,6,0,6
S01010528,Born outside the UK: Resident 2 years or more and less than 5 years,4,0,0,0,4,0,4
S01010528,Born outside the UK: Resident 5 years or more and less than 10 years,7,1,0,1,6,0,6
S01010528,Born outside the UK: Resident 10 years or more,17,11,6,5,6,1,5
S01010529,All people in households,698,529,225,304,169,96,73
S01010529,Born in the UK,657,508,221,287,149,92,57
S01010529,Born outside the UK: Total,41,21,4,17,20,4,16
S01010529,Born outside the UK: Resident less than 2 years,3,3,0,3,0,0,0
S01010529,Born outside the UK: Resident 2 years or more and less than 5 years,11,0,0,0,11,0,11
S01010529,Born outside the UK: Resident 5 years or more and less than 10 years,7,5,0,5,2,0,2
S01010529,Born outside the UK: Resident 10 years or more,20,13,4,9,7,4,3
S01010530,All people in households,645,497,263,234,148,35,113
S01010530,Born in the UK,623,486,258,228,137,34,103
S01010530,Born outside the UK: Total,22,11,5,6,11,1,10
S01010530,Born outside the UK: Resident less than 2 years,4,2,0,2,2,0,2
S01010530,Born outside the UK: Resident 2 years or more and less than 5 years,3,1,0,1,2,0,2
S01010530,Born outside the UK: Resident 5 years or more and less than 10 years,5,1,0,1,4,1,3
S01010530,Born outside the UK: Resident 10 years or more,10,7,5,2,3,0,3
S01010531,All people in households,1067,792,405,387,275,126,149
S01010531,Born in the UK,1011,758,390,368,253,120,133
S01010531,Born outside the UK: Total,56,34,15,19,22,6,16
S01010531,Born outside the UK: Resident less than 2 years,4,2,1,1,2,0,2
S01010531,Born outside the UK: Resident 2 years or more and less than 5 years,11,4,1,3,7,0,7
S01010531,Born outside the UK: Resident 5 years or more and less than 10 years,7,3,0,3,4,4,0
S01010531,Born outside the UK: Resident 10 years or more,34,25,13,12,9,2,7
S01010532,All people in households,545,326,212,114,219,33,186
S01010532,Born in the UK,516,315,204,111,201,33,168
S01010532,Born outside the UK: Total,29,11,8,3,18,0,18
S01010532,Born outside the UK: Resident less than 2 years,2,0,0,0,2,0,2
S01010532,Born outside the UK: Resident 2 years or more and less than 5 years,2,1,1,0,1,0,1
S01010532,Born outside the UK: Resident 5 years or more and less than 10 years,5,0,0,0,5,0,5
S01010532,Born outside the UK: Resident 10 years or more,20,10,7,3,10,0,10
S01010533,All people in households,561,420,238,182,141,86,55
S01010533,Born in the UK,514,396,227,169,118,79,39
S01010533,Born outside the UK: Total,47,24,11,13,23,7,16
S01010533,Born outside the UK: Resident less than 2 years,14,5,4,1,9,0,9
S01010533,Born outside the UK: Resident 2 years or more and less than 5 years,10,1,0,1,9,5,4
S01010533,Born outside the UK: Resident 5 years or more and less than 10 years,3,2,0,2,1,0,1
S01010533,Born outside the UK: Resident 10 years or more,20,16,7,9,4,2,2
S01010534,All people in households,882,578,284,294,304,216,88
S01010534,Born in the UK,837,555,270,285,282,210,72
S01010534,Born outside the UK: Total,45,23,14,9,22,6,16
S01010534,Born outside the UK: Resident less than 2 years,6,2,1,1,4,0,4
S01010534,Born outside the UK: Resident 2 years or more and less than 5 years,7,3,3,0,4,3,1
S01010534,Born outside the UK: Resident 5 years or more and less than 10 years,11,3,2,1,8,2,6
S01010534,Born outside the UK: Resident 10 years or more,21,15,8,7,6,1,5
S01010535,All people in households,699,441,230,211,258,56,202
S01010535,Born in the UK,656,416,215,201,240,55,185
S01010535,Born outside the UK: Total,43,25,15,10,18,1,17
S01010535,Born outside the UK: Resident less than 2 years,7,0,0,0,7,0,7
S01010535,Born outside the UK: Resident 2 years or more and less than 5 years,1,0,0,0,1,0,1
S01010535,Born outside the UK: Resident 5 years or more and less than 10 years,3,3,0,3,0,0,0
S01010535,Born outside the UK: Resident 10 years or more,32,22,15,7,10,1,9
S01010536,All people in households,840,484,189,295,356,236,120
S01010536,Born in the UK,787,464,183,281,323,228,95
S01010536,Born outside the UK: Total,53,20,6,14,33,8,25
S01010536,Born outside the UK: Resident less than 2 years,6,1,1,0,5,0,5
S01010536,Born outside the UK: Resident 2 years or more and less than 5 years,15,4,0,4,11,0,11
S01010536,Born outside the UK: Resident 5 years or more and less than 10 years,13,3,1,2,10,2,8
S01010536,Born outside the UK: Resident 10 years or more,19,12,4,8,7,6,1
S01010537,All people in households,668,399,168,231,269,142,127
S01010537,Born in the UK,600,381,160,221,219,140,79
S01010537,Born outside the UK: Total,68,18,8,10,50,2,48
S01010537,Born outside the UK: Resident less than 2 years,17,0,0,0,17,0,17
S01010537,Born outside the UK: Resident 2 years or more and less than 5 years,23,1,0,1,22,0,22
S01010537,Born outside the UK: Resident 5 years or more and less than 10 years,8,1,1,0,7,1,6
S01010537,Born outside the UK: Resident 10 years or more,20,16,7,9,4,1,3
S01010538,All people in households,849,384,111,273,465,307,158
S01010538,Born in the UK,772,366,103,263,406,294,112
S01010538,Born outside the UK: Total,77,18,8,10,59,13,46
S01010538,Born outside the UK: Resident less than 2 years,12,2,2,0,10,0,10
S01010538,Born outside the UK: Resident 2 years or more and less than 5 years,20,3,2,1,17,1,16
S01010538,Born outside the UK: Resident 5 years or more and less than 10 years,30,6,1,5,24,9,15
S01010538,Born outside the UK: Resident 10 years or more,15,7,3,4,8,3,5
S01010539,All people in households,1005,626,274,352,379,119,260
S01010539,Born in the UK,918,598,260,338,320,108,212
S01010539,Born outside the UK: Total,87,28,14,14,59,11,48
S01010539,Born outside the UK: Resident less than 2 years,13,1,1,0,12,3,9
S01010539,Born outside the UK: Resident 2 years or more and less than 5 years,37,5,1,4,32,4,28
S01010539,Born outside the UK: Resident 5 years or more and less than 10 years,9,3,1,2,6,2,4
S01010539,Born outside the UK: Resident 10 years or more,28,19,11,8,9,2,7
S01010540,All people in households,626,466,267,199,160,37,123
S01010540,Born in the UK,593,449,257,192,144,34,110
S01010540,Born outside the UK: Total,33,17,10,7,16,3,13
S01010540,Born outside the UK: Resident less than 2 years,6,3,2,1,3,1,2
S01010540,Born outside the UK: Resident 2 years or more and less than 5 years,6,2,0,2,4,0,4
S01010540,Born outside the UK: Resident 5 years or more and less than 10 years,5,0,0,0,5,1,4
S01010540,Born outside the UK: Resident 10 years or more,16,12,8,4,4,1,3
S01010541,All people in households,819,587,287,300,232,74,158
S01010541,Born in the UK,768,561,277,284,207,66,141
S01010541,Born outside the UK: Total,51,26,10,16,25,8,17
S01010541,Born outside the UK: Resident less than 2 years,12,6,0,6,6,3,3
S01010541,Born outside the UK: Resident 2 years or more and less than 5 years,12,3,0,3,9,1,8
S01010541,Born outside the UK: Resident 5 years or more and less than 10 years,3,1,0,1,2,0,2
S01010541,Born outside the UK: Resident 10 years or more,24,16,10,6,8,4,4
S01010542,All people in households,880,621,329,292,259,109,150
S01010542,Born in the UK,831,590,308,282,241,105,136
S01010542,Born outside the UK: Total,49,31,21,10,18,4,14
S01010542,Born outside the UK: Resident less than 2 years,4,0,0,0,4,0,4
S01010542,Born outside the UK: Resident 2 years or more and less than 5 years,10,5,4,1,5,2,3
S01010542,Born outside the UK: Resident 5 years or more and less than 10 years,7,0,0,0,7,0,7
S01010542,Born outside the UK: Resident 10 years or more,28,26,17,9,2,2,0
S01010543,All people in households,600,437,192,245,163,27,136
S01010543,Born in the UK,565,424,185,239,141,18,123
S01010543,Born outside the UK: Total,35,13,7,6,22,9,13
S01010543,Born outside the UK: Resident less than 2 years,4,0,0,0,4,3,1
S01010543,Born outside the UK: Resident 2 years or more and less than 5 years,16,2,1,1,14,6,8
S01010543,Born outside the UK: Resident 5 years or more and less than 10 years,0,0,0,0,0,0,0
S01010543,Born outside the UK: Resident 10 years or more,15,11,6,5,4,0,4
S01010544,All people in households,864,588,270,318,276,172,104
S01010544,Born in the UK,822,570,261,309,252,166,86
S01010544,Born outside the UK: Total,42,18,9,9,24,6,18
S01010544,Born outside the UK: Resident less than 2 years,11,4,4,0,7,4,3
S01010544,Born outside the UK: Resident 2 years or more and less than 5 years,12,2,0,2,10,0,10
S01010544,Born outside the UK: Resident 5 years or more and less than 10 years,8,5,0,5,3,0,3
S01010544,Born outside the UK: Resident 10 years or more,11,7,5,2,4,2,2
S01010545,All people in households,727,523,227,296,204,94,110
S01010545,Born in the UK,669,497,214,283,172,88,84
S01010545,Born outside the UK: Total,58,26,13,13,32,6,26
S01010545,Born outside the UK: Resident less than 2 years,6,1,1,0,5,0,5
S01010545,Born outside the UK: Resident 2 years or more and less than 5 years,18,5,2,3,13,1,12
S01010545,Born outside the UK: Resident 5 years or more and less than 10 years,15,5,2,3,10,1,9
S01010545,Born outside the UK: Resident 10 years or more,19,15,8,7,4,4,0
S01010546,All people in households,733,489,241,248,244,100,144
S01010546,Born in the UK,643,460,224,236,183,89,94
S01010546,Born outside the UK: Total,90,29,17,12,61,11,50
S01010546,Born outside the UK: Resident less than 2 years,20,2,1,1,18,1,17
S01010546,Born outside the UK: Resident 2 years or more and less than 5 years,30,2,1,1,28,3,25
S01010546,Born outside the UK: Resident 5 years or more and less than 10 years,10,2,0,2,8,2,6
S01010546,Born outside the UK: Resident 10 years or more,30,23,15,8,7,5,2
S01010547,All people in households,754,523,302,221,231,58,173
S01010547,Born in the UK,721,499,290,209,222,57,165
S01010547,Born outside the UK: Total,33,24,12,12,9,1,8
S01010547,Born outside the UK: Resident less than 2 years,3,1,1,0,2,1,1
S01010547,Born outside the UK: Resident 2 years or more and less than 5 years,5,2,2,0,3,0,3
S01010547,Born outside the UK: Resident 5 years or more and less than 10 years,5,5,0,5,0,0,0
S01010547,Born outside the UK: Resident 10 years or more,20,16,9,7,4,0,4
S01010548,All people in households,677,508,290,218,169,11,158
S01010548,Born in the UK,642,481,275,206,161,9,152
S01010548,Born outside the UK: Total,35,27,15,12,8,2,6
S01010548,Born outside the UK: Resident less than 2 years,0,0,0,0,0,0,0
S01010548,Born outside the UK: Resident 2 years or more and less than 5 years,4,2,0,2,2,0,2
S01010548,Born outside the UK: Resident 5 years or more and less than 10 years,2,0,0,0,2,0,2
S01010548,Born outside the UK: Resident 10 years or more,29,25,15,10,4,2,2
S01010549,All people in households,941,754,236,518,187,46,141
S01010549,Born in the UK,887,715,227,488,172,44,128
S01010549,Born outside the UK: Total,54,39,9,30,15,2,13
S01010549,Born outside the UK: Resident less than 2 years,2,0,0,0,2,0,2
S01010549,Born outside the UK: Resident 2 years or more and less than 5 years,9,5,0,5,4,2,2
S01010549,Born outside the UK: Resident 5 years or more and less than 10 years,19,12,0,12,7,0,7
S01010549,Born outside the UK: Resident 10 years or more,24,22,9,13,2,0,2
S01010550,All people in households,535,375,172,203,160,108,52
S01010550,Born in the UK,505,358,163,195,147,99,48
S01010550,Born outside the UK: Total,30,17,9,8,13,9,4
S01010550,Born outside the UK: Resident less than 2 years,1,0,0,0,1,0,1
S01010550,Born outside the UK: Resident 2 years or more and less than 5 years,5,0,0,0,5,4,1
S01010550,Born outside the UK: Resident 5 years or more and less than 10 years,2,1,0,1,1,0,1
S01010550,Born outside the UK: Resident 10 years or more,22,16,9,7,6,5,1
S01010551,All people in households,685,501,192,309,184,76,108
S01010551,Born in the UK,649,484,185,299,165,73,92
S01010551,Born outside the UK: Total,36,17,7,10,19,3,16
S01010551,Born outside the UK: Resident less than 2 years,0,0,0,0,0,0,0
S01010551,Born outside the UK: Resident 2 years or more and less than 5 years,8,0,0,0,8,2,6
S01010551,Born outside the UK: Resident 5 years or more and less than 10 years,3,0,0,0,3,0,3
S01010551,Born outside the UK: Resident 10 years or more,25,17,7,10,8,1,7
S01010552,All people in households,783,517,209,308,266,68,198
S01010552,Born in the UK,739,495,195,300,244,66,178
S01010552,Born outside the UK: Total,44,22,14,8,22,2,20
S01010552,Born outside the UK: Resident less than 2 years,6,0,0,0,6,1,5
S01010552,Born outside the UK: Resident 2 years or more and less than 5 years,5,5,4,1,0,0,0
S01010552,Born outside the UK: Resident 5 years or more and less than 10 years,9,2,1,1,7,0,7
S01010552,Born outside the UK: Resident 10 years or more,24,15,9,6,9,1,8
S01010553,All people in households,621,381,201,180,240,14,226
S01010553,Born in the UK,579,361,190,171,218,5,213
S01010553,Born outside the UK: Total,42,20,11,9,22,9,13
S01010553,Born outside the UK: Resident less than 2 years,4,0,0,0,4,1,3
S01010553,Born outside the UK: Resident 2 years or more and less than 5 years,4,2,0,2,2,0,2
S01010553,Born outside the UK: Resident 5 years or more and less than 10 years,10,4,4,0,6,6,0
S01010553,Born outside the UK: Resident 10 years or more,24,14,7,7,10,2,8
S01010554,All people in households,776,510,200,310,266,54,212
S01010554,Born in the UK,692,482,193,289,210,46,164
S01010554,Born outside the UK: Total,84,28,7,21,56,8,48
S01010554,Born outside the UK: Resident less than 2 years,13,1,0,1,12,0,12
S01010554,Born outside the UK: Resident 2 years or more and less than 5 years,27,2,0,2,25,0,25
S01010554,Born outside the UK: Resident 5 years or more and less than 10 years,17,5,0,5,12,3,9
S01010554,Born outside the UK: Resident 10 years or more,27,20,7,13,7,5,2
S01010555,All people in households,924,577,214,363,347,93,254
S01010555,Born in the UK,846,537,196,341,309,90,219
S01010555,Born outside the UK: Total,78,40,18,22,38,3,35
S01010555,Born outside the UK: Resident less than 2 years,12,2,1,1,10,0,10
S01010555,Born outside the UK: Resident 2 years or more and less than 5 years,6,2,1,1,4,1,3
S01010555,Born outside the UK: Resident 5 years or more and less than 10 years,20,5,0,5,15,0,15
S01010555,Born outside the UK: Resident 10 years or more,40,31,16,15,9,2,7
S01010556,All people in households,926,431,124,307,495,443,52
S01010556,Born in the UK,897,415,122,293,482,435,47
S01010556,Born outside the UK: Total,29,16,2,14,13,8,5
S01010556,Born outside the UK: Resident less than 2 years,2,0,0,0,2,0,2
S01010556,Born outside the UK: Resident 2 years or more and less than 5 years,4,1,0,1,3,1,2
S01010556,Born outside the UK: Resident 5 years or more and less than 10 years,5,3,0,3,2,1,1
S01010556,Born outside the UK: Resident 10 years or more,18,12,2,10,6,6,0
S01010557,All people in households,641,424,187,237,217,179,38
S01010557,Born in the UK,627,413,184,229,214,176,38
S01010557,Born outside the UK: Total,14,11,3,8,3,3,0
S01010557,Born outside the UK: Resident less than 2 years,0,0,0,0,0,0,0
S01010557,Born outside the UK: Resident 2 years or more and less than 5 years,2,2,0,2,0,0,0
S01010557,Born outside the UK: Resident 5 years or more and less than 10 years,0,0,0,0,0,0,0
S01010557,Born outside the UK: Resident 10 years or more,12,9,3,6,3,3,0
S01010558,All people in households,800,575,306,269,225,165,60
S01010558,Born in the UK,772,555,299,256,217,161,56
S01010558,Born outside the UK: Total,28,20,7,13,8,4,4
S01010558,Born outside the UK: Resident less than 2 years,3,3,2,1,0,0,0
S01010558,Born outside the UK: Resident 2 years or more and less than 5 years,2,1,0,1,1,0,1
S01010558,Born outside the UK: Resident 5 years or more and less than 10 years,5,4,0,4,1,0,1
S01010558,Born outside the UK: Resident 10 years or more,18,12,5,7,6,4,2
S01010559,All people in households,728,617,355,262,111,57,54
S01010559,Born in the UK,688,579,338,241,109,56,53
S01010559,Born outside the UK: Total,40,38,17,21,2,1,1
S01010559,Born outside the UK: Resident less than 2 years,5,5,3,2,0,0,0
S01010559,Born outside the UK: Resident 2 years or more and less than 5 years,3,2,0,2,1,0,1
S01010559,Born outside the UK: Resident 5 years or more and less than 10 years,6,5,0,5,1,1,0
S01010559,Born outside the UK: Resident 10 years or more,26,26,14,12,0,0,0
S01010560,All people in households,663,582,298,284,81,22,59
S01010560,Born in the UK,637,565,293,272,72,22,50
S01010560,Born outside the UK: Total,26,17,5,12,9,0,9
S01010560,Born outside the UK: Resident less than 2 years,0,0,0,0,0,0,0
S01010560,Born outside the UK: Resident 2 years or more and less than 5 years,2,0,0,0,2,0,2
S01010560,Born outside the UK: Resident 5 years or more and less than 10 years,11,6,1,5,5,0,5
S01010560,Born outside the UK: Resident 10 years or more,13,11,4,7,2,0,2
S01010561,All people in households,697,593,332,261,104,24,80
S01010561,Born in the UK,662,568,314,254,94,21,73
S01010561,Born outside the UK: Total,35,25,18,7,10,3,7
S01010561,Born outside the UK: Resident less than 2 years,0,0,0,0,0,0,0
S01010561,Born outside the UK: Resident 2 years or more and less than 5 years,1,0,0,0,1,0,1
S01010561,Born outside the UK: Resident 5 years or more and less than 10 years,10,5,1,4,5,0,5
S01010561,Born outside the UK: Resident 10 years or more,24,20,17,3,4,3,1
S01010562,All people in households,731,637,285,352,94,40,54
S01010562,Born in the UK,699,613,273,340,86,37,49
S01010562,Born outside the UK: Total,32,24,12,12,8,3,5
S01010562,Born outside the UK: Resident less than 2 years,6,2,0,2,4,2,2
S01010562,Born outside the UK: Resident 2 years or more and less than 5 years,3,2,1,1,1,1,0
S01010562,Born outside the UK: Resident 5 years or more and less than 10 years,3,1,0,1,2,0,2
S01010562,Born outside the UK: Resident 10 years or more,20,19,11,8,1,0,1
S01010563,All people in households,519,334,108,226,185,136,49
S01010563,Born in the UK,506,328,104,224,178,134,44
S01010563,Born outside the UK: Total,13,6,4,2,7,2,5
S01010563,Born outside the UK: Resident less than 2 years,3,0,0,0,3,0,3
S01010563,Born outside the UK: Resident 2 years or more and less than 5 years,1,0,0,0,1,0,1
S01010563,Born outside the UK: Resident 5 years or more and less than 10 years,1,1,1,0,0,0,0
S01010563,Born outside the UK: Resident 10 years or more,8,5,3,2,3,2,1
S01010564,All people in households,500,212,84,128,288,258,30
S01010564,Born in the UK,493,209,82,127,284,255,29
S01010564,Born outside the UK: Total,7,3,2,1,4,3,1
S01010564,Born outside the UK: Resident less than 2 years,0,0,0,0,0,0,0
S01010564,Born outside the UK: Resident 2 years or more and less than 5 years,0,0,0,0,0,0,0
S01010564,Born outside the UK: Resident 5 years or more and less than 10 years,1,0,0,0,1,1,0
S01010564,Born outside the UK: Resident 10 years or more,6,3,2,1,3,2,1
S01010565,All people in households,654,472,186,286,182,141,41
S01010565,Born in the UK,640,464,183,281,176,136,40
S01010565,Born outside the UK: Total,14,8,3,5,6,5,1
S01010565,Born outside the UK: Resident less than 2 years,0,0,0,0,0,0,0
S01010565,Born outside the UK: Resident 2 years or more and less than 5 years,2,0,0,0,2,2,0
S01010565,Born outside the UK: Resident 5 years or more and less than 10 years,2,0,0,0,2,2,0
S01010565,Born outside the UK: Resident 10 years or more,10,8,3,5,2,1,1
S01010566,All people in households,1088,747,311,436,341,78,263
S01010566,Born in the UK,1040,718,298,420,322,77,245
S01010566,Born outside the UK: Total,48,29,13,16,19,1,18
S01010566,Born outside the UK: Resident less than 2 years,3,1,0,1,2,0,2
S01010566,Born outside the UK: Resident 2 years or more and less than 5 years,10,1,1,0,9,0,9
S01010566,Born outside the UK: Resident 5 years or more and less than 10 years,10,7,2,5,3,0,3
S01010566,Born outside the UK: Resident 10 years or more,25,20,10,10,5,1,4
S01010567,All people in households,983,895,346,549,88,5,83
S01010567,Born in the UK,947,866,323,543,81,4,77
S01010567,Born outside the UK: Total,36,29,23,6,7,1,6
S01010567,Born outside the UK: Resident less than 2 years,5,2,2,0,3,0,3
S01010567,Born outside the UK: Resident 2 years or more and less than 5 years,4,2,1,1,2,1,1
S01010567,Born outside the UK: Resident 5 years or more and less than 10 years,5,3,1,2,2,0,2
S01010567,Born outside the UK: Resident 10 years or more,22,22,19,3,0,0,0
S01010568,All people in households,977,722,241,481,255,156,99
S01010568,Born in the UK,934,694,226,468,240,152,88
S01010568,Born outside the UK: Total,43,28,15,13,15,4,11
S01010568,Born outside the UK: Resident less than 2 years,1,1,0,1,0,0,0
S01010568,Born outside the UK: Resident 2 years or more and less than 5 years,5,4,3,1,1,1,0
S01010568,Born outside the UK: Resident 5 years or more and less than 10 years,12,4,2,2,8,1,7
S01010568,Born outside the UK: Resident 10 years or more,25,19,10,9,6,2,4
S01010569,All people in households,712,513,243,270,199,18,181
S01010569,Born in the UK,670,478,230,248,192,18,174
S01010569,Born outside the UK: Total,42,35,13,22,7,0,7
S01010569,Born outside the UK: Resident less than 2 years,2,1,1,0,1,0,1
S01010569,Born outside the UK: Resident 2 years or more and less than 5 years,6,5,1,4,1,0,1
S01010569,Born outside the UK: Resident 5 years or more and less than 10 years,4,4,1,3,0,0,0
S01010569,Born outside the UK: Resident 10 years or more,30,25,10,15,5,0,5
S01010570,All people in households,1089,585,226,359,504,419,85
S01010570,Born in the UK,1044,562,218,344,482,409,73
S01010570,Born outside the UK: Total,45,23,8,15,22,10,12
S01010570,Born outside the UK: Resident less than 2 years,1,1,1,0,0,0,0
S01010570,Born outside the UK: Resident 2 years or more and less than 5 years,12,3,0,3,9,0,9
S01010570,Born outside the UK: Resident 5 years or more and less than 10 years,4,3,1,2,1,0,1
S01010570,Born outside the UK: Resident 10 years or more,28,16,6,10,12,10,2
S01010571,All people in households,776,633,192,441,143,22,121
S01010571,Born in the UK,717,600,182,418,117,21,96
S01010571,Born outside the UK: Total,59,33,10,23,26,1,25
S01010571,Born outside the UK: Resident less than 2 years,5,1,1,0,4,0,4
S01010571,Born outside the UK: Resident 2 years or more and less than 5 years,13,1,0,1,12,1,11
S01010571,Born outside the UK: Resident 5 years or more and less than 10 years,12,7,1,6,5,0,5
S01010571,Born outside the UK: Resident 10 years or more,29,24,8,16,5,0,5
S01010572,All people in households,765,444,89,355,321,158,163
S01010572,Born in the UK,708,426,87,339,282,153,129
S01010572,Born outside the UK: Total,57,18,2,16,39,5,34
S01010572,Born outside the UK: Resident less than 2 years,8,1,0,1,7,0,7
S01010572,Born outside the UK: Resident 2 years or more and less than 5 years,21,3,0,3,18,2,16
S01010572,Born outside the UK: Resident 5 years or more and less than 10 years,15,6,0,6,9,1,8
S01010572,Born outside the UK: Resident 10 years or more,13,8,2,6,5,2,3
S01010573,All people in households,534,385,101,284,149,122,27
S01010573,Born in the UK,513,368,97,271,145,121,24
S01010573,Born outside the UK: Total,21,17,4,13,4,1,3
S01010573,Born outside the UK: Resident less than 2 years,1,1,0,1,0,0,0
S01010573,Born outside the UK: Resident 2 years or more and less than 5 years,2,2,0,2,0,0,0
S01010573,Born outside the UK: Resident 5 years or more and less than 10 years,6,3,0,3,3,0,3
S01010573,Born outside the UK: Resident 10 years or more,12,11,4,7,1,1,0
S01010574,All people in households,609,559,166,393,50,11,39
S01010574,Born in the UK,577,533,159,374,44,9,35
S01010574,Born outside the UK: Total,32,26,7,19,6,2,4
S01010574,Born outside the UK: Resident less than 2 years,1,1,0,1,0,0,0
S01010574,Born outside the UK: Resident 2 years or more and less than 5 years,5,3,0,3,2,1,1
S01010574,Born outside the UK: Resident 5 years or more and less than 10 years,5,2,0,2,3,1,2
S01010574,Born outside the UK: Resident 10 years or more,21,20,7,13,1,0,1
S01010575,All people in households,686,612,305,307,74,26,48
S01010575,Born in the UK,664,594,297,297,70,26,44
S01010575,Born outside the UK: Total,22,18,8,10,4,0,4
S01010575,Born outside the UK: Resident less than 2 years,1,0,0,0,1,0,1
S01010575,Born outside the UK: Resident 2 years or more and less than 5 years,2,0,0,0,2,0,2
S01010575,Born outside the UK: Resident 5 years or more and less than 10 years,3,2,1,1,1,0,1
S01010575,Born outside the UK: Resident 10 years or more,16,16,7,9,0,0,0
S01010576,All people in households,822,754,345,409,68,29,39
S01010576,Born in the UK,786,725,328,397,61,29,32
S01010576,Born outside the UK: Total,36,29,17,12,7,0,7
S01010576,Born outside the UK: Resident less than 2 years,3,0,0,0,3,0,3
S01010576,Born outside the UK: Resident 2 years or more and less than 5 years,3,2,2,0,1,0,1
S01010576,Born outside the UK: Resident 5 years or more and less than 10 years,7,4,1,3,3,0,3
S01010576,Born outside the UK: Resident 10 years or more,23,23,14,9,0,0,0
S01010577,All people in households,901,476,144,332,425,383,42
S01010577,Born in the UK,854,447,138,309,407,378,29
S01010577,Born outside the UK: Total,47,29,6,23,18,5,13
S01010577,Born outside the UK: Resident less than 2 years,7,2,2,0,5,1,4
S01010577,Born outside the UK: Resident 2 years or more and less than 5 years,8,7,0,7,1,0,1
S01010577,Born outside the UK: Resident 5 years or more and less than 10 years,13,7,0,7,6,0,6
S01010577,Born outside the UK: Resident 10 years or more,19,13,4,9,6,4,2
S01010578,All people in households,576,426,75,351,150,114,36
S01010578,Born in the UK,547,410,72,338,137,110,27
S01010578,Born outside the UK: Total,29,16,3,13,13,4,9
S01010578,Born outside the UK: Resident less than 2 years,4,1,0,1,3,0,3
S01010578,Born outside the UK: Resident 2 years or more and less than 5 years,4,0,0,0,4,0,4
S01010578,Born outside the UK: Resident 5 years or more and less than 10 years,7,3,0,3,4,2,2
S01010578,Born outside the UK: Resident 10 years or more,14,12,3,9,2,2,0
S01010579,All people in households,736,669,252,417,67,13,54
S01010579,Born in the UK,700,641,240,401,59,11,48
S01010579,Born outside the UK: Total,36,28,12,16,8,2,6
S01010579,Born outside the UK: Resident less than 2 years,5,1,0,1,4,1,3
S01010579,Born outside the UK: Resident 2 years or more and less than 5 years,5,4,1,3,1,0,1
S01010579,Born outside the UK: Resident 5 years or more and less than 10 years,4,4,2,2,0,0,0
S01010579,Born outside the UK: Resident 10 years or more,22,19,9,10,3,1,2
S01010580,All people in households,513,259,76,183,254,51,203
S01010580,Born in the UK,438,238,72,166,200,47,153
S01010580,Born outside the UK: Total,75,21,4,17,54,4,50
S01010580,Born outside the UK: Resident less than 2 years,8,3,1,2,5,1,4
S01010580,Born outside the UK: Resident 2 years or more and less than 5 years,29,4,1,3,25,0,25
S01010580,Born outside the UK: Resident 5 years or more and less than 10 years,23,7,0,7,16,1,15
S01010580,Born outside the UK: Resident 10 years or more,15,7,2,5,8,2,6
S01010581,All people in households,522,401,82,319,121,25,96
S01010581,Born in the UK,471,380,74,306,91,23,68
S01010581,Born outside the UK: Total,51,21,8,13,30,2,28
S01010581,Born outside the UK: Resident less than 2 years,7,3,3,0,4,2,2
S01010581,Born outside the UK: Resident 2 years or more and less than 5 years,19,1,0,1,18,0,18
S01010581,Born outside the UK: Resident 5 years or more and less than 10 years,10,4,1,3,6,0,6
S01010581,Born outside the UK: Resident 10 years or more,15,13,4,9,2,0,2
S01010582,All people in households,451,376,145,231,75,8,67
S01010582,Born in the UK,410,355,135,220,55,7,48
S01010582,Born outside the UK: Total,41,21,10,11,20,1,19
S01010582,Born outside the UK: Resident less than 2 years,7,4,3,1,3,0,3
S01010582,Born outside the UK: Resident 2 years or more and less than 5 years,15,1,0,1,14,0,14
S01010582,Born outside the UK: Resident 5 years or more and less than 10 years,7,5,1,4,2,0,2
S01010582,Born outside the UK: Resident 10 years or more,12,11,6,5,1,1,0
S01010583,All people in households,986,844,266,578,142,9,133
S01010583,Born in the UK,935,817,254,563,118,9,109
S01010583,Born outside the UK: Total,51,27,12,15,24,0,24
S01010583,Born outside the UK: Resident less than 2 years,8,2,2,0,6,0,6
S01010583,Born outside the UK: Resident 2 years or more and less than 5 years,6,3,1,2,3,0,3
S01010583,Born outside the UK: Resident 5 years or more and less than 10 years,18,7,3,4,11,0,11
S01010583,Born outside the UK: Resident 10 years or more,19,15,6,9,4,0,4
S01010584,All people in households,819,610,152,458,209,138,71
S01010584,Born in the UK,766,584,148,436,182,126,56
S01010584,Born outside the UK: Total,53,26,4,22,27,12,15
S01010584,Born outside the UK: Resident less than 2 years,5,1,0,1,4,3,1
S01010584,Born outside the UK: Resident 2 years or more and less than 5 years,12,3,0,3,9,3,6
S01010584,Born outside the UK: Resident 5 years or more and less than 10 years,18,10,1,9,8,2,6
S01010584,Born outside the UK: Resident 10 years or more,18,12,3,9,6,4,2
S01010585,All people in households,844,666,60,606,178,44,134
S01010585,Born in the UK,807,650,59,591,157,42,115
S01010585,Born outside the UK: Total,37,16,1,15,21,2,19
S01010585,Born outside the UK: Resident less than 2 years,2,0,0,0,2,0,2
S01010585,Born outside the UK: Resident 2 years or more and less than 5 years,10,1,0,1,9,0,9
S01010585,Born outside the UK: Resident 5 years or more and less than 10 years,11,5,0,5,6,1,5
S01010585,Born outside the UK: Resident 10 years or more,14,10,1,9,4,1,3
S01010586,All people in households,783,720,230,490,63,11,52
S01010586,Born in the UK,742,700,225,475,42,10,32
S01010586,Born outside the UK: Total,41,20,5,15,21,1,20
S01010586,Born outside the UK: Resident less than 2 years,3,0,0,0,3,0,3
S01010586,Born outside the UK: Resident 2 years or more and less than 5 years,13,4,0,4,9,0,9
S01010586,Born outside the UK: Resident 5 years or more and less than 10 years,10,1,1,0,9,1,8
S01010586,Born outside the UK: Resident 10 years or more,15,15,4,11,0,0,0
S01010587,All people in households,687,610,262,348,77,19,58
S01010587,Born in the UK,646,584,253,331,62,19,43
S01010587,Born outside the UK: Total,41,26,9,17,15,0,15
S01010587,Born outside the UK: Resident less than 2 years,1,0,0,0,1,0,1
S01010587,Born outside the UK: Resident 2 years or more and less than 5 years,7,1,0,1,6,0,6
S01010587,Born outside the UK: Resident 5 years or more and less than 10 years,13,8,1,7,5,0,5
S01010587,Born outside the UK: Resident 10 years or more,20,17,8,9,3,0,3
S01010588,All people in households,649,546,209,337,103,44,59
S01010588,Born in the UK,611,525,205,320,86,40,46
S01010588,Born outside the UK: Total,38,21,4,17,17,4,13
S01010588,Born outside the UK: Resident less than 2 years,6,1,0,1,5,3,2
S01010588,Born outside the UK: Resident 2 years or more and less than 5 years,9,1,0,1,8,1,7
S01010588,Born outside the UK: Resident 5 years or more and less than 10 years,4,2,0,2,2,0,2
S01010588,Born outside the UK: Resident 10 years or more,19,17,4,13,2,0,2
S01010589,All people in households,620,375,79,296,245,152,93
S01010589,Born in the UK,580,361,77,284,219,145,74
S01010589,Born outside the UK: Total,40,14,2,12,26,7,19
S01010589,Born outside the UK: Resident less than 2 years,1,0,0,0,1,0,1
S01010589,Born outside the UK: Resident 2 years or more and less than 5 years,12,3,0,3,9,2,7
S01010589,Born outside the UK: Resident 5 years or more and less than 10 years,12,5,2,3,7,1,6
S01010589,Born outside the UK: Resident 10 years or more,15,6,0,6,9,4,5
S01010590,All people in households,889,806,220,586,83,10,73
S01010590,Born in the UK,848,773,212,561,75,10,65
S01010590,Born outside the UK: Total,41,33,8,25,8,0,8
S01010590,Born outside the UK: Resident less than 2 years,3,3,1,2,0,0,0
S01010590,Born outside the UK: Resident 2 years or more and less than 5 years,6,1,0,1,5,0,5
S01010590,Born outside the UK: Resident 5 years or more and less than 10 years,11,10,4,6,1,0,1
S01010590,Born outside the UK: Resident 10 years or more,21,19,3,16,2,0,2
S01010591,All people in households,767,556,57,499,211,115,96
S01010591,Born in the UK,711,520,55,465,191,109,82
S01010591,Born outside the UK: Total,56,36,2,34,20,6,14
S01010591,Born outside the UK: Resident less than 2 years,4,3,0,3,1,1,0
S01010591,Born outside the UK: Resident 2 years or more and less than 5 years,30,16,0,16,14,2,12
S01010591,Born outside the UK: Resident 5 years or more and less than 10 years,11,6,0,6,5,3,2
S01010591,Born outside the UK: Resident 10 years or more,11,11,2,9,0,0,0
S01010592,All people in households,509,351,119,232,158,15,143
S01010592,Born in the UK,474,337,115,222,137,15,122
S01010592,Born outside the UK: Total,35,14,4,10,21,0,21
S01010592,Born outside the UK: Resident less than 2 years,6,2,2,0,4,0,4
S01010592,Born outside the UK: Resident 2 years or more and less than 5 years,7,3,0,3,4,0,4
S01010592,Born outside the UK: Resident 5 years or more and less than 10 years,12,2,0,2,10,0,10
S01010592,Born outside the UK: Resident 10 years or more,10,7,2,5,3,0,3
S01010593,All people in households,651,569,191,378,82,11,71
S01010593,Born in the UK,604,537,185,352,67,9,58
S01010593,Born outside the UK: Total,47,32,6,26,15,2,13
S01010593,Born outside the UK: Resident less than 2 years,6,6,5,1,0,0,0
S01010593,Born outside the UK: Resident 2 years or more and less than 5 years,8,1,0,1,7,1,6
S01010593,Born outside the UK: Resident 5 years or more and less than 10 years,9,5,0,5,4,1,3
S01010593,Born outside the UK: Resident 10 years or more,24,20,1,19,4,0,4
S01010594,All people in households,668,444,107,337,224,55,169
S01010594,Born in the UK,588,401,100,301,187,54,133
S01010594,Born outside the UK: Total,80,43,7,36,37,1,36
S01010594,Born outside the UK: Resident less than 2 years,4,2,0,2,2,0,2
S01010594,Born outside the UK: Resident 2 years or more and less than 5 years,25,6,0,6,19,0,19
S01010594,Born outside the UK: Resident 5 years or more and less than 10 years,29,15,0,15,14,1,13
S01010594,Born outside the UK: Resident 10 years or more,22,20,7,13,2,0,2
S01010595,All people in households,837,541,61,480,296,99,197
S01010595,Born in the UK,765,513,52,461,252,89,163
S01010595,Born outside the UK: Total,72,28,9,19,44,10,34
S01010595,Born outside the UK: Resident less than 2 years,6,1,0,1,5,0,5
S01010595,Born outside the UK: Resident 2 years or more and less than 5 years,20,4,1,3,16,2,14
S01010595,Born outside the UK: Resident 5 years or more and less than 10 years,28,9,5,4,19,7,12
S01010595,Born outside the UK: Resident 10 years or more,18,14,3,11,4,1,3
S01010596,All people in households,834,620,195,425,214,13,201
S01010596,Born in the UK,792,591,189,402,201,11,190
S01010596,Born outside the UK: Total,42,29,6,23,13,2,11
S01010596,Born outside the UK: Resident less than 2 years,4,0,0,0,4,1,3
S01010596,Born outside the UK: Resident 2 years or more and less than 5 years,11,10,1,9,1,0,1
S01010596,Born outside the UK: Resident 5 years or more and less than 10 years,8,2,0,2,6,1,5
S01010596,Born outside the UK: Resident 10 years or more,19,17,5,12,2,0,2
S01010597,All people in households,644,477,57,420,167,80,87
S01010597,Born in the UK,602,444,51,393,158,76,82
S01010597,Born outside the UK: Total,42,33,6,27,9,4,5
S01010597,Born outside the UK: Resident less than 2 years,4,2,0,2,2,0,2
S01010597,Born outside the UK: Resident 2 years or more and less than 5 years,14,9,3,6,5,2,3
S01010597,Born outside the UK: Resident 5 years or more and less than 10 years,8,7,0,7,1,1,0
S01010597,Born outside the UK: Resident 10 years or more,16,15,3,12,1,1,0
S01010598,All people in households,1041,732,97,635,309,100,209
S01010598,Born in the UK,968,701,93,608,267,94,173
S01010598,Born outside the UK: Total,73,31,4,27,42,6,36
S01010598,Born outside the UK: Resident less than 2 years,5,3,0,3,2,0,2
S01010598,Born outside the UK: Resident 2 years or more and less than 5 years,22,3,0,3,19,1,18
S01010598,Born outside the UK: Resident 5 years or more and less than 10 years,23,7,0,7,16,4,12
S01010598,Born outside the UK: Resident 10 years or more,23,18,4,14,5,1,4
S01010599,All people in households,607,500,165,335,107,6,101
S01010599,Born in the UK,570,477,156,321,93,6,87
S01010599,Born outside the UK: Total,37,23,9,14,14,0,14
S01010599,Born outside the UK: Resident less than 2 years,8,5,0,5,3,0,3
S01010599,Born outside the UK: Resident 2 years or more and less than 5 years,11,2,2,0,9,0,9
S01010599,Born outside the UK: Resident 5 years or more and less than 10 years,2,1,1,0,1,0,1
S01010599,Born outside the UK: Resident 10 years or more,16,15,6,9,1,0,1
S01010600,All people in households,911,788,336,452,123,44,79
S01010600,Born in the UK,858,757,323,434,101,38,63
S01010600,Born outside the UK: Total,53,31,13,18,22,6,16
S01010600,Born outside the UK: Resident less than 2 years,9,3,1,2,6,1,5
S01010600,Born outside the UK: Resident 2 years or more and less than 5 years,12,2,1,1,10,0,10
S01010600,Born outside the UK: Resident 5 years or more and less than 10 years,3,2,0,2,1,1,0
S01010600,Born outside the UK: Resident 10 years or more,29,24,11,13,5,4,1
S01010601,All people in households,676,567,335,232,109,42,67
S01010601,Born in the UK,625,545,321,224,80,40,40
S01010601,Born outside the UK: Total,51,22,14,8,29,2,27
S01010601,Born outside the UK: Resident less than 2 years,3,2,2,0,1,0,1
S01010601,Born outside the UK: Resident 2 years or more and less than 5 years,14,1,0,1,13,2,11
S01010601,Born outside the UK: Resident 5 years or more and less than 10 years,10,1,1,0,9,0,9
S01010601,Born outside the UK: Resident 10 years or more,24,18,11,7,6,0,6
S01010602,All people in households,522,432,153,279,90,5,85
S01010602,Born in the UK,493,427,152,275,66,4,62
S01010602,Born outside the UK: Total,29,5,1,4,24,1,23
S01010602,Born outside the UK: Resident less than 2 years,11,0,0,0,11,0,11
S01010602,Born outside the UK: Resident 2 years or more and less than 5 years,6,1,1,0,5,0,5
S01010602,Born outside the UK: Resident 5 years or more and less than 10 years,2,0,0,0,2,0,2
S01010602,Born outside the UK: Resident 10 years or more,10,4,0,4,6,1,5
S01010603,All people in households,809,692,354,338,117,27,90
S01010603,Born in the UK,774,663,344,319,111,27,84
S01010603,Born outside the UK: Total,35,29,10,19,6,0,6
S01010603,Born outside the UK: Resident less than 2 years,1,1,1,0,0,0,0
S01010603,Born outside the UK: Resident 2 years or more and less than 5 years,2,1,1,0,1,0,1
S01010603,Born outside the UK: Resident 5 years or more and less than 10 years,4,0,0,0,4,0,4
S01010603,Born outside the UK: Resident 10 years or more,28,27,8,19,1,0,1
S01010604,All people in households,494,463,177,286,31,6,25
S01010604,Born in the UK,474,449,173,276,25,6,19
S01010604,Born outside the UK: Total,20,14,4,10,6,0,6
S01010604,Born outside the UK: Resident less than 2 years,5,1,0,1,4,0,4
S01010604,Born outside the UK: Resident 2 years or more and less than 5 years,1,1,0,1,0,0,0
S01010604,Born outside the UK: Resident 5 years or more and less than 10 years,2,0,0,0,2,0,2
S01010604,Born outside the UK: Resident 10 years or more,12,12,4,8,0,0,0
S01010605,All people in households,891,790,383,407,101,25,76
S01010605,Born in the UK,833,750,363,387,83,24,59
S01010605,Born outside the UK: Total,58,40,20,20,18,1,17
S01010605,Born outside the UK: Resident less than 2 years,5,0,0,0,5,0,5
S01010605,Born outside the UK: Resident 2 years or more and less than 5 years,11,5,2,3,6,0,6
S01010605,Born outside the UK: Resident 5 years or more and less than 10 years,8,5,1,4,3,1,2
S01010605,Born outside the UK: Resident 10 years or more,34,30,17,13,4,0,4
S01010606,All people in households,816,491,195,296,325,208,117
S01010606,Born in the UK,747,467,189,278,280,198,82
S01010606,Born outside the UK: Total,69,24,6,18,45,10,35
S01010606,Born outside the UK: Resident less than 2 years,10,1,0,1,9,0,9
S01010606,Born outside the UK: Resident 2 years or more and less than 5 years,23,4,0,4,19,3,16
S01010606,Born outside the UK: Resident 5 years or more and less than 10 years,11,2,0,2,9,3,6
S01010606,Born outside the UK: Resident 10 years or more,25,17,6,11,8,4,4
S01010607,All people in households,846,746,293,453,100,15,85
S01010607,Born in the UK,802,724,287,437,78,15,63
S01010607,Born outside the UK: Total,44,22,6,16,22,0,22
S01010607,Born outside the UK: Resident less than 2 years,3,1,0,1,2,0,2
S01010607,Born outside the UK: Resident 2 years or more and less than 5 years,14,1,0,1,13,0,13
S01010607,Born outside the UK: Resident 5 years or more and less than 10 years,8,1,0,1,7,0,7
S01010607,Born outside the UK: Resident 10 years or more,19,19,6,13,0,0,0
S01010608,All people in households,673,259,103,156,414,340,74
S01010608,Born in the UK,611,242,95,147,369,335,34
S01010608,Born outside the UK: Total,62,17,8,9,45,5,40
S01010608,Born outside the UK: Resident less than 2 years,4,0,0,0,4,0,4
S01010608,Born outside the UK: Resident 2 years or more and less than 5 years,22,2,0,2,20,0,20
S01010608,Born outside the UK: Resident 5 years or more and less than 10 years,23,10,5,5,13,0,13
S01010608,Born outside the UK: Resident 10 years or more,13,5,3,2,8,5,3
S01010609,All people in households,570,328,103,225,242,196,46
S01010609,Born in the UK,524,315,102,213,209,184,25
S01010609,Born outside the UK: Total,46,13,1,12,33,12,21
S01010609,Born outside the UK: Resident less than 2 years,4,2,0,2,2,0,2
S01010609,Born outside the UK: Resident 2 years or more and less than 5 years,18,0,0,0,18,8,10
S01010609,Born outside the UK: Resident 5 years or more and less than 10 years,11,2,0,2,9,0,9
S01010609,Born outside the UK: Resident 10 years or more,13,9,1,8,4,4,0
S01010610,All people in households,639,537,311,226,102,24,78
S01010610,Born in the UK,596,511,294,217,85,23,62
S01010610,Born outside the UK: Total,43,26,17,9,17,1,16
S01010610,Born outside the UK: Resident less than 2 years,4,1,1,0,3,0,3
S01010610,Born outside the UK: Resident 2 years or more and less than 5 years,5,3,1,2,2,0,2
S01010610,Born outside the UK: Resident 5 years or more and less than 10 years,9,0,0,0,9,1,8
S01010610,Born outside the UK: Resident 10 years or more,25,22,15,7,3,0,3
S01010611,All people in households,925,599,161,438,326,201,125
S01010611,Born in the UK,869,576,154,422,293,195,98
S01010611,Born outside the UK: Total,56,23,7,16,33,6,27
S01010611,Born outside the UK: Resident less than 2 years,11,4,0,4,7,0,7
S01010611,Born outside the UK: Resident 2 years or more and less than 5 years,13,3,0,3,10,0,10
S01010611,Born outside the UK: Resident 5 years or more and less than 10 years,11,2,0,2,9,2,7
S01010611,Born outside the UK: Resident 10 years or more,21,14,7,7,7,4,3
S01010612,All people in households,781,603,198,405,178,104,74
S01010612,Born in the UK,746,582,194,388,164,103,61
S01010612,Born outside the UK: Total,35,21,4,17,14,1,13
S01010612,Born outside the UK: Resident less than 2 years,6,1,0,1,5,0,5
S01010612,Born outside the UK: Resident 2 years or more and less than 5 years,7,1,0,1,6,0,6
S01010612,Born outside the UK: Resident 5 years or more and less than 10 years,6,5,0,5,1,0,1
S01010612,Born outside the UK: Resident 10 years or more,16,14,4,10,2,1,1
S01010613,All people in households,698,403,213,190,295,215,80
S01010613,Born in the UK,653,381,202,179,272,212,60
S01010613,Born outside the UK: Total,45,22,11,11,23,3,20
S01010613,Born outside the UK: Resident less than 2 years,4,1,0,1,3,0,3
S01010613,Born outside the UK: Resident 2 years or more and less than 5 years,14,4,2,2,10,1,9
S01010613,Born outside the UK: Resident 5 years or more and less than 10 years,10,2,0,2,8,0,8
S01010613,Born outside the UK: Resident 10 years or more,17,15,9,6,2,2,0
S01010614,All people in households,542,274,70,204,268,202,66
S01010614,Born in the UK,502,255,66,189,247,193,54
S01010614,Born outside the UK: Total,40,19,4,15,21,9,12
S01010614,Born outside the UK: Resident less than 2 years,1,0,0,0,1,1,0
S01010614,Born outside the UK: Resident 2 years or more and less than 5 years,11,6,0,6,5,1,4
S01010614,Born outside the UK: Resident 5 years or more and less than 10 years,12,5,0,5,7,0,7
S01010614,Born outside the UK: Resident 10 years or more,16,8,4,4,8,7,1
S01010615,All people in households,824,554,134,420,270,60,210
S01010615,Born in the UK,762,535,125,410,227,57,170
S01010615,Born outside the UK: Total,62,19,9,10,43,3,40
S01010615,Born outside the UK: Resident less than 2 years,6,3,1,2,3,1,2
S01010615,Born outside the UK: Resident 2 years or more and less than 5 years,20,1,0,1,19,0,19
S01010615,Born outside the UK: Resident 5 years or more and less than 10 years,19,7,3,4,12,1,11
S01010615,Born outside the UK: Resident 10 years or more,17,8,5,3,9,1,8
S01010616,All people in households,856,747,340,407,109,17,92
S01010616,Born in the UK,807,729,334,395,78,13,65
S01010616,Born outside the UK: Total,49,18,6,12,31,4,27
S01010616,Born outside the UK: Resident less than 2 years,7,1,1,0,6,0,6
S01010616,Born outside the UK: Resident 2 years or more and less than 5 years,10,2,0,2,8,0,8
S01010616,Born outside the UK: Resident 5 years or more and less than 10 years,11,0,0,0,11,3,8
S01010616,Born outside the UK: Resident 10 years or more,21,15,5,10,6,1,5
S01010617,All people in households,904,811,322,489,93,17,76
S01010617,Born in the UK,877,798,317,481,79,15,64
S01010617,Born outside the UK: Total,27,13,5,8,14,2,12
S01010617,Born outside the UK: Resident less than 2 years,1,0,0,0,1,0,1
S01010617,Born outside the UK: Resident 2 years or more and less than 5 years,5,0,0,0,5,0,5
S01010617,Born outside the UK: Resident 5 years or more and less than 10 years,8,2,0,2,6,1,5
S01010617,Born outside the UK: Resident 10 years or more,13,11,5,6,2,1,1
S01010618,All people in households,756,684,256,428,72,13,59
S01010618,Born in the UK,714,651,251,400,63,9,54
S01010618,Born outside the UK: Total,42,33,5,28,9,4,5
S01010618,Born outside the UK: Resident less than 2 years,3,1,1,0,2,2,0
S01010618,Born outside the UK: Resident 2 years or more and less than 5 years,10,8,3,5,2,1,1
S01010618,Born outside the UK: Resident 5 years or more and less than 10 years,12,9,0,9,3,0,3
S01010618,Born outside the UK: Resident 10 years or more,17,15,1,14,2,1,1
S01010619,All people in households,619,255,80,175,364,155,209
S01010619,Born in the UK,512,236,73,163,276,148,128
S01010619,Born outside the UK: Total,107,19,7,12,88,7,81
S01010619,Born outside the UK: Resident less than 2 years,10,1,0,1,9,0,9
S01010619,Born outside the UK: Resident 2 years or more and less than 5 years,55,5,3,2,50,1,49
S01010619,Born outside the UK: Resident 5 years or more and less than 10 years,29,8,3,5,21,3,18
S01010619,Born outside the UK: Resident 10 years or more,13,5,1,4,8,3,5
S01010620,All people in households,614,137,48,89,477,178,299
S01010620,Born in the UK,474,125,42,83,349,165,184
S01010620,Born outside the UK: Total,140,12,6,6,128,13,115
S01010620,Born outside the UK: Resident less than 2 years,41,0,0,0,41,0,41
S01010620,Born outside the UK: Resident 2 years or more and less than 5 years,48,2,0,2,46,4,42
S01010620,Born outside the UK: Resident 5 years or more and less than 10 years,32,1,1,0,31,4,27
S01010620,Born outside the UK: Resident 10 years or more,19,9,5,4,10,5,5
S01010621,All people in households,904,577,231,346,327,76,251
S01010621,Born in the UK,784,545,220,325,239,71,168
S01010621,Born outside the UK: Total,120,32,11,21,88,5,83
S01010621,Born outside the UK: Resident less than 2 years,18,4,2,2,14,0,14
S01010621,Born outside the UK: Resident 2 years or more and less than 5 years,42,5,0,5,37,3,34
S01010621,Born outside the UK: Resident 5 years or more and less than 10 years,34,3,1,2,31,0,31
S01010621,Born outside the UK: Resident 10 years or more,26,20,8,12,6,2,4
S01010622,All people in households,648,294,109,185,354,250,104
S01010622,Born in the UK,597,277,104,173,320,241,79
S01010622,Born outside the UK: Total,51,17,5,12,34,9,25
S01010622,Born outside the UK: Resident less than 2 years,2,1,0,1,1,0,1
S01010622,Born outside the UK: Resident 2 years or more and less than 5 years,15,2,2,0,13,0,13
S01010622,Born outside the UK: Resident 5 years or more and less than 10 years,17,6,0,6,11,7,4
S01010622,Born outside the UK: Resident 10 years or more,17,8,3,5,9,2,7
S01010623,All people in households,867,196,74,122,671,168,503
S01010623,Born in the UK,761,182,66,116,579,144,435
S01010623,Born outside the UK: Total,106,14,8,6,92,24,68
S01010623,Born outside the UK: Resident less than 2 years,16,0,0,0,16,2,14
S01010623,Born outside the UK: Resident 2 years or more and less than 5 years,30,2,0,2,28,10,18
S01010623,Born outside the UK: Resident 5 years or more and less than 10 years,29,2,0,2,27,5,22
S01010623,Born outside the UK: Resident 10 years or more,31,10,8,2,21,7,14
S01010624,All people in households,546,336,112,224,210,113,97
S01010624,Born in the UK,486,319,109,210,167,110,57
S01010624,Born outside the UK: Total,60,17,3,14,43,3,40
S01010624,Born outside the UK: Resident less than 2 years,3,1,1,0,2,0,2
S01010624,Born outside the UK: Resident 2 years or more and less than 5 years,21,3,0,3,18,1,17
S01010624,Born outside the UK: Resident 5 years or more and less than 10 years,17,2,0,2,15,1,14
S01010624,Born outside the UK: Resident 10 years or more,19,11,2,9,8,1,7
S01010625,All people in households,761,674,391,283,87,12,75
S01010625,Born in the UK,720,655,381,274,65,9,56
S01010625,Born outside the UK: Total,41,19,10,9,22,3,19
S01010625,Born outside the UK: Resident less than 2 years,0,0,0,0,0,0,0
S01010625,Born outside the UK: Resident 2 years or more and less than 5 years,8,1,0,1,7,0,7
S01010625,Born outside the UK: Resident 5 years or more and less than 10 years,9,1,1,0,8,2,6
S01010625,Born outside the UK: Resident 10 years or more,24,17,9,8,7,1,6
S01010626,All people in households,818,716,412,304,102,44,58
S01010626,Born in the UK,761,678,391,287,83,36,47
S01010626,Born outside the UK: Total,57,38,21,17,19,8,11
S01010626,Born outside the UK: Resident less than 2 years,5,2,1,1,3,3,0
S01010626,Born outside the UK: Resident 2 years or more and less than 5 years,10,2,0,2,8,0,8
S01010626,Born outside the UK: Resident 5 years or more and less than 10 years,11,8,4,4,3,1,2
S01010626,Born outside the UK: Resident 10 years or more,31,26,16,10,5,4,1
S01010627,All people in households,778,492,235,257,286,63,223
S01010627,Born in the UK,658,455,219,236,203,56,147
S01010627,Born outside the UK: Total,120,37,16,21,83,7,76
S01010627,Born outside the UK: Resident less than 2 years,27,7,6,1,20,0,20
S01010627,Born outside the UK: Resident 2 years or more and less than 5 years,38,4,1,3,34,1,33
S01010627,Born outside the UK: Resident 5 years or more and less than 10 years,36,11,1,10,25,5,20
S01010627,Born outside the UK: Resident 10 years or more,19,15,8,7,4,1,3
S01010628,All people in households,904,596,243,353,308,34,274
S01010628,Born in the UK,782,571,238,333,211,27,184
S01010628,Born outside the UK: Total,122,25,5,20,97,7,90
S01010628,Born outside the UK: Resident less than 2 years,13,1,0,1,12,0,12
S01010628,Born outside the UK: Resident 2 years or more and less than 5 years,51,1,0,1,50,4,46
S01010628,Born outside the UK: Resident 5 years or more and less than 10 years,29,4,0,4,25,2,23
S01010628,Born outside the UK: Resident 10 years or more,29,19,5,14,10,1,9
S01010629,All people in households,914,623,291,332,291,118,173
S01010629,Born in the UK,834,591,279,312,243,116,127
S01010629,Born outside the UK: Total,80,32,12,20,48,2,46
S01010629,Born outside the UK: Resident less than 2 years,9,2,1,1,7,0,7
S01010629,Born outside the UK: Resident 2 years or more and less than 5 years,27,7,0,7,20,0,20
S01010629,Born outside the UK: Resident 5 years or more and less than 10 years,15,1,1,0,14,0,14
S01010629,Born outside the UK: Resident 10 years or more,29,22,10,12,7,2,5
S01010630,All people in households,551,272,103,169,279,202,77
S01010630,Born in the UK,506,256,101,155,250,197,53
S01010630,Born outside the UK: Total,45,16,2,14,29,5,24
S01010630,Born outside the UK: Resident less than 2 years,8,1,0,1,7,0,7
S01010630,Born outside the UK: Resident 2 years or more and less than 5 years,11,2,0,2,9,0,9
S01010630,Born outside the UK: Resident 5 years or more and less than 10 years,9,2,0,2,7,2,5
S01010630,Born outside the UK: Resident 10 years or more,17,11,2,9,6,3,3
S01010631,All people in households,588,276,122,154,312,114,198
S01010631,Born in the UK,509,256,119,137,253,109,144
S01010631,Born outside the UK: Total,79,20,3,17,59,5,54
S01010631,Born outside the UK: Resident less than 2 years,8,1,0,1,7,0,7
S01010631,Born outside the UK: Resident 2 years or more and less than 5 years,23,1,0,1,22,2,20
S01010631,Born outside the UK: Resident 5 years or more and less than 10 years,22,7,0,7,15,0,15
S01010631,Born outside the UK: Resident 10 years or more,26,11,3,8,15,3,12
S01010632,All people in households,956,562,249,313,394,268,126
S01010632,Born in the UK,857,520,237,283,337,258,79
S01010632,Born outside the UK: Total,99,42,12,30,57,10,47
S01010632,Born outside the UK: Resident less than 2 years,9,0,0,0,9,0,9
S01010632,Born outside the UK: Resident 2 years or more and less than 5 years,42,11,0,11,31,3,28
S01010632,Born outside the UK: Resident 5 years or more and less than 10 years,25,12,0,12,13,4,9
S01010632,Born outside the UK: Resident 10 years or more,23,19,12,7,4,3,1
S01010633,All people in households,1035,476,181,295,559,483,76
S01010633,Born in the UK,971,451,176,275,520,469,51
S01010633,Born outside the UK: Total,64,25,5,20,39,14,25
S01010633,Born outside the UK: Resident less than 2 years,6,2,0,2,4,1,3
S01010633,Born outside the UK: Resident 2 years or more and less than 5 years,21,4,0,4,17,3,14
S01010633,Born outside the UK: Resident 5 years or more and less than 10 years,20,8,0,8,12,6,6
S01010633,Born outside the UK: Resident 10 years or more,17,11,5,6,6,4,2
S01010634,All people in households,665,383,165,218,282,212,70
S01010634,Born in the UK,615,365,162,203,250,203,47
S01010634,Born outside the UK: Total,50,18,3,15,32,9,23
S01010634,Born outside the UK: Resident less than 2 years,6,1,0,1,5,1,4
S01010634,Born outside the UK: Resident 2 years or more and less than 5 years,19,5,0,5,14,3,11
S01010634,Born outside the UK: Resident 5 years or more and less than 10 years,14,6,0,6,8,0,8
S01010634,Born outside the UK: Resident 10 years or more,11,6,3,3,5,5,0
S01010635,All people in households,803,437,167,270,366,284,82
S01010635,Born in the UK,738,411,161,250,327,274,53
S01010635,Born outside the UK: Total,65,26,6,20,39,10,29
S01010635,Born outside the UK: Resident less than 2 years,3,1,0,1,2,0,2
S01010635,Born outside the UK: Resident 2 years or more and less than 5 years,30,7,0,7,23,2,21
S01010635,Born outside the UK: Resident 5 years or more and less than 10 years,11,4,0,4,7,2,5
S01010635,Born outside the UK: Resident 10 years or more,21,14,6,8,7,6,1
S01010636,All people in households,808,604,231,373,204,66,138
S01010636,Born in the UK,744,584,224,360,160,66,94
S01010636,Born outside the UK: Total,64,20,7,13,44,0,44
S01010636,Born outside the UK: Resident less than 2 years,9,0,0,0,9,0,9
S01010636,Born outside the UK: Resident 2 years or more and less than 5 years,23,2,0,2,21,0,21
S01010636,Born outside the UK: Resident 5 years or more and less than 10 years,10,1,0,1,9,0,9
S01010636,Born outside the UK: Resident 10 years or more,22,17,7,10,5,0,5
S01010637,All people in households,519,190,83,107,329,153,176
S01010637,Born in the UK,445,182,80,102,263,150,113
S01010637,Born outside the UK: Total,74,8,3,5,66,3,63
S01010637,Born outside the UK: Resident less than 2 years,9,0,0,0,9,0,9
S01010637,Born outside the UK: Resident 2 years or more and less than 5 years,35,0,0,0,35,0,35
S01010637,Born outside the UK: Resident 5 years or more and less than 10 years,16,2,0,2,14,0,14
S01010637,Born outside the UK: Resident 10 years or more,14,6,3,3,8,3,5
S01010638,All people in households,785,476,235,241,309,169,140
S01010638,Born in the UK,698,446,231,215,252,160,92
S01010638,Born outside the UK: Total,87,30,4,26,57,9,48
S01010638,Born outside the UK: Resident less than 2 years,11,3,0,3,8,0,8
S01010638,Born outside the UK: Resident 2 years or more and less than 5 years,34,7,0,7,27,0,27
S01010638,Born outside the UK: Resident 5 years or more and less than 10 years,19,8,0,8,11,0,11
S01010638,Born outside the UK: Resident 10 years or more,23,12,4,8,11,9,2
S01010639,All people in households,1121,517,193,324,604,369,235
S01010639,Born in the UK,981,487,186,301,494,348,146
S01010639,Born outside the UK: Total,140,30,7,23,110,21,89
S01010639,Born outside the UK: Resident less than 2 years,21,3,0,3,18,5,13
S01010639,Born outside the UK: Resident 2 years or more and less than 5 years,78,12,3,9,66,7,59
S01010639,Born outside the UK: Resident 5 years or more and less than 10 years,31,8,0,8,23,7,16
S01010639,Born outside the UK: Resident 10 years or more,10,7,4,3,3,2,1
S01010640,All people in households,792,376,131,245,416,86,330
S01010640,Born in the UK,614,346,125,221,268,79,189
S01010640,Born outside the UK: Total,178,30,6,24,148,7,141
S01010640,Born outside the UK: Resident less than 2 years,42,6,0,6,36,1,35
S01010640,Born outside the UK: Resident 2 years or more and less than 5 years,59,2,0,2,57,1,56
S01010640,Born outside the UK: Resident 5 years or more and less than 10 years,39,3,1,2,36,0,36
S01010640,Born outside the UK: Resident 10 years or more,38,19,5,14,19,5,14
S01010641,All people in households,1015,295,92,203,720,556,164
S01010641,Born in the UK,886,257,85,172,629,519,110
S01010641,Born outside the UK: Total,129,38,7,31,91,37,54
S01010641,Born outside the UK: Resident less than 2 years,16,0,0,0,16,10,6
S01010641,Born outside the UK: Resident 2 years or more and less than 5 years,45,7,1,6,38,5,33
S01010641,Born outside the UK: Resident 5 years or more and less than 10 years,34,22,1,21,12,4,8
S01010641,Born outside the UK: Resident 10 years or more,34,9,5,4,25,18,7
S01010642,All people in households,978,325,104,221,653,584,69
S01010642,Born in the UK,897,306,99,207,591,548,43
S01010642,Born outside the UK: Total,81,19,5,14,62,36,26
S01010642,Born outside the UK: Resident less than 2 years,7,0,0,0,7,1,6
S01010642,Born outside the UK: Resident 2 years or more and less than 5 years,37,6,1,5,31,17,14
S01010642,Born outside the UK: Resident 5 years or more and less than 10 years,17,5,0,5,12,6,6
S01010642,Born outside the UK: Resident 10 years or more,20,8,4,4,12,12,0
S01010643,All people in households,741,172,56,116,569,559,10
S01010643,Born in the UK,671,154,51,103,517,509,8
S01010643,Born outside the UK: Total,70,18,5,13,52,50,2
S01010643,Born outside the UK: Resident less than 2 years,5,0,0,0,5,5,0
S01010643,Born outside the UK: Resident 2 years or more and less than 5 years,42,8,0,8,34,34,0
S01010643,Born outside the UK: Resident 5 years or more and less than 10 years,9,5,1,4,4,3,1
S01010643,Born outside the UK: Resident 10 years or more,14,5,4,1,9,8,1
S01010644,All people in households,665,137,53,84,528,505,23
S01010644,Born in the UK,627,121,49,72,506,487,19
S01010644,Born outside the UK: Total,38,16,4,12,22,18,4
S01010644,Born outside the UK: Resident less than 2 years,4,4,0,4,0,0,0
S01010644,Born outside the UK: Resident 2 years or more and less than 5 years,7,1,0,1,6,6,0
S01010644,Born outside the UK: Resident 5 years or more and less than 10 years,11,4,1,3,7,5,2
S01010644,Born outside the UK: Resident 10 years or more,16,7,3,4,9,7,2
S01010645,All people in households,534,418,144,274,116,10,106
S01010645,Born in the UK,487,401,144,257,86,10,76
S01010645,Born outside the UK: Total,47,17,0,17,30,0,30
S01010645,Born outside the UK: Resident less than 2 years,4,1,0,1,3,0,3
S01010645,Born outside the UK: Resident 2 years or more and less than 5 years,14,1,0,1,13,0,13
S01010645,Born outside the UK: Resident 5 years or more and less than 10 years,14,5,0,5,9,0,9
S01010645,Born outside the UK: Resident 10 years or more,15,10,0,10,5,0,5
S01010646,All people in households,669,562,260,302,107,19,88
S01010646,Born in the UK,618,540,255,285,78,19,59
S01010646,Born outside the UK: Total,51,22,5,17,29,0,29
S01010646,Born outside the UK: Resident less than 2 years,3,0,0,0,3,0,3
S01010646,Born outside the UK: Resident 2 years or more and less than 5 years,19,3,0,3,16,0,16
S01010646,Born outside the UK: Resident 5 years or more and less than 10 years,16,6,1,5,10,0,10
S01010646,Born outside the UK: Resident 10 years or more,13,13,4,9,0,0,0
S01010647,All people in households,616,531,217,314,85,20,65
S01010647,Born in the UK,586,515,212,303,71,19,52
S01010647,Born outside the UK: Total,30,16,5,11,14,1,13
S01010647,Born outside the UK: Resident less than 2 years,0,0,0,0,0,0,0
S01010647,Born outside the UK: Resident 2 years or more and less than 5 years,10,0,0,0,10,0,10
S01010647,Born outside the UK: Resident 5 years or more and less than 10 years,4,3,1,2,1,0,1
S01010647,Born outside the UK: Resident 10 years or more,16,13,4,9,3,1,2
S01010648,All people in households,651,488,170,318,163,93,70
S01010648,Born in the UK,610,467,167,300,143,89,54
S01010648,Born outside the UK: Total,41,21,3,18,20,4,16
S01010648,Born outside the UK: Resident less than 2 years,11,4,1,3,7,0,7
S01010648,Born outside the UK: Resident 2 years or more and less than 5 years,6,2,0,2,4,0,4
S01010648,Born outside the UK: Resident 5 years or more and less than 10 years,12,5,0,5,7,3,4
S01010648,Born outside the UK: Resident 10 years or more,12,10,2,8,2,1,1
S01010649,All people in households,556,475,232,243,81,11,70
S01010649,Born in the UK,517,461,226,235,56,8,48
S01010649,Born outside the UK: Total,39,14,6,8,25,3,22
S01010649,Born outside the UK: Resident less than 2 years,6,0,0,0,6,0,6
S01010649,Born outside the UK: Resident 2 years or more and less than 5 years,12,3,1,2,9,2,7
S01010649,Born outside the UK: Resident 5 years or more and less than 10 years,9,1,1,0,8,1,7
S01010649,Born outside the UK: Resident 10 years or more,12,10,4,6,2,0,2
S01010650,All people in households,452,278,56,222,174,64,110
S01010650,Born in the UK,424,265,54,211,159,63,96
S01010650,Born outside the UK: Total,28,13,2,11,15,1,14
S01010650,Born outside the UK: Resident less than 2 years,3,1,0,1,2,0,2
S01010650,Born outside the UK: Resident 2 years or more and less than 5 years,6,0,0,0,6,0,6
S01010650,Born outside the UK: Resident 5 years or more and less than 10 years,6,2,2,0,4,0,4
S01010650,Born outside the UK: Resident 10 years or more,13,10,0,10,3,1,2
S01010651,All people in households,665,431,130,301,234,174,60
S01010651,Born in the UK,626,410,124,286,216,169,47
S01010651,Born outside the UK: Total,39,21,6,15,18,5,13
S01010651,Born outside the UK: Resident less than 2 years,3,0,0,0,3,0,3
S01010651,Born outside the UK: Resident 2 years or more and less than 5 years,12,7,0,7,5,0,5
S01010651,Born outside the UK: Resident 5 years or more and less than 10 years,7,2,1,1,5,2,3
S01010651,Born outside the UK: Resident 10 years or more,17,12,5,7,5,3,2
S01010652,All people in households,718,551,180,371,167,79,88
S01010652,Born in the UK,665,521,171,350,144,73,71
S01010652,Born outside the UK: Total,53,30,9,21,23,6,17
S01010652,Born outside the UK: Resident less than 2 years,2,0,0,0,2,0,2
S01010652,Born outside the UK: Resident 2 years or more and less than 5 years,13,4,0,4,9,0,9
S01010652,Born outside the UK: Resident 5 years or more and less than 10 years,13,9,0,9,4,0,4
S01010652,Born outside the UK: Resident 10 years or more,25,17,9,8,8,6,2
S01010653,All people in households,584,506,211,295,78,17,61
S01010653,Born in the UK,560,493,208,285,67,17,50
S01010653,Born outside the UK: Total,24,13,3,10,11,0,11
S01010653,Born outside the UK: Resident less than 2 years,3,0,0,0,3,0,3
S01010653,Born outside the UK: Resident 2 years or more and less than 5 years,8,0,0,0,8,0,8
S01010653,Born outside the UK: Resident 5 years or more and less than 10 years,4,4,0,4,0,0,0
S01010653,Born outside the UK: Resident 10 years or more,9,9,3,6,0,0,0
S01010654,All people in households,763,548,150,398,215,149,66
S01010654,Born in the UK,706,514,148,366,192,144,48
S01010654,Born outside the UK: Total,57,34,2,32,23,5,18
S01010654,Born outside the UK: Resident less than 2 years,8,1,0,1,7,1,6
S01010654,Born outside the UK: Resident 2 years or more and less than 5 years,9,5,0,5,4,0,4
S01010654,Born outside the UK: Resident 5 years or more and less than 10 years,23,13,0,13,10,3,7
S01010654,Born outside the UK: Resident 10 years or more,17,15,2,13,2,1,1
S01010655,All people in households,909,699,306,393,210,51,159
S01010655,Born in the UK,857,663,295,368,194,45,149
S01010655,Born outside the UK: Total,52,36,11,25,16,6,10
S01010655,Born outside the UK: Resident less than 2 years,0,0,0,0,0,0,0
S01010655,Born outside the UK: Resident 2 years or more and less than 5 years,5,4,1,3,1,0,1
S01010655,Born outside the UK: Resident 5 years or more and less than 10 years,9,6,1,5,3,1,2
S01010655,Born outside the UK: Resident 10 years or more,38,26,9,17,12,5,7
S01010656,All people in households,475,364,149,215,111,82,29
S01010656,Born in the UK,448,343,141,202,105,80,25
S01010656,Born outside the UK: Total,27,21,8,13,6,2,4
S01010656,Born outside the UK: Resident less than 2 years,1,0,0,0,1,0,1
S01010656,Born outside the UK: Resident 2 years or more and less than 5 years,3,2,1,1,1,0,1
S01010656,Born outside the UK: Resident 5 years or more and less than 10 years,8,7,0,7,1,0,1
S01010656,Born outside the UK: Resident 10 years or more,15,12,7,5,3,2,1
S01010657,All people in households,639,563,290,273,76,14,62
S01010657,Born in the UK,615,547,279,268,68,14,54
S01010657,Born outside the UK: Total,24,16,11,5,8,0,8
S01010657,Born outside the UK: Resident less than 2 years,1,0,0,0,1,0,1
S01010657,Born outside the UK: Resident 2 years or more and less than 5 years,3,0,0,0,3,0,3
S01010657,Born outside the UK: Resident 5 years or more and less than 10 years,0,0,0,0,0,0,0
S01010657,Born outside the UK: Resident 10 years or more,20,16,11,5,4,0,4
S01010658,All people in households,732,616,329,287,116,15,101
S01010658,Born in the UK,701,597,317,280,104,15,89
S01010658,Born outside the UK: Total,31,19,12,7,12,0,12
S01010658,Born outside the UK: Resident less than 2 years,1,0,0,0,1,0,1
S01010658,Born outside the UK: Resident 2 years or more and less than 5 years,5,0,0,0,5,0,5
S01010658,Born outside the UK: Resident 5 years or more and less than 10 years,8,2,0,2,6,0,6
S01010658,Born outside the UK: Resident 10 years or more,17,17,12,5,0,0,0
S01010659,All people in households,648,522,284,238,126,12,114
S01010659,Born in the UK,613,496,269,227,117,12,105
S01010659,Born outside the UK: Total,35,26,15,11,9,0,9
S01010659,Born outside the UK: Resident less than 2 years,2,1,1,0,1,0,1
S01010659,Born outside the UK: Resident 2 years or more and less than 5 years,12,9,4,5,3,0,3
S01010659,Born outside the UK: Resident 5 years or more and less than 10 years,9,5,1,4,4,0,4
S01010659,Born outside the UK: Resident 10 years or more,12,11,9,2,1,0,1
S01010660,All people in households,606,427,181,246,179,105,74
S01010660,Born in the UK,583,413,175,238,170,104,66
S01010660,Born outside the UK: Total,23,14,6,8,9,1,8
S01010660,Born outside the UK: Resident less than 2 years,4,2,2,0,2,0,2
S01010660,Born outside the UK: Resident 2 years or more and less than 5 years,2,1,0,1,1,0,1
S01010660,Born outside the UK: Resident 5 years or more and less than 10 years,3,0,0,0,3,0,3
S01010660,Born outside the UK: Resident 10 years or more,14,11,4,7,3,1,2
S01010661,All people in households,568,347,159,188,221,133,88
S01010661,Born in the UK,544,337,153,184,207,132,75
S01010661,Born outside the UK: Total,24,10,6,4,14,1,13
S01010661,Born outside the UK: Resident less than 2 years,6,0,0,0,6,0,6
S01010661,Born outside the UK: Resident 2 years or more and less than 5 years,7,1,1,0,6,0,6
S01010661,Born outside the UK: Resident 5 years or more and less than 10 years,2,2,2,0,0,0,0
S01010661,Born outside the UK: Resident 10 years or more,9,7,3,4,2,1,1
S01010662,All people in households,758,625,214,411,133,71,62
S01010662,Born in the UK,734,610,207,403,124,67,57
S01010662,Born outside the UK: Total,24,15,7,8,9,4,5
S01010662,Born outside the UK: Resident less than 2 years,3,0,0,0,3,0,3
S01010662,Born outside the UK: Resident 2 years or more and less than 5 years,2,2,0,2,0,0,0
S01010662,Born outside the UK: Resident 5 years or more and less than 10 years,3,0,0,0,3,2,1
S01010662,Born outside the UK: Resident 10 years or more,16,13,7,6,3,2,1
S01010663,All people in households,953,799,374,425,154,33,121
S01010663,Born in the UK,915,769,355,414,146,33,113
S01010663,Born outside the UK: Total,38,30,19,11,8,0,8
S01010663,Born outside the UK: Resident less than 2 years,2,2,0,2,0,0,0
S01010663,Born outside the UK: Resident 2 years or more and less than 5 years,7,7,3,4,0,0,0
S01010663,Born outside the UK: Resident 5 years or more and less than 10 years,8,1,1,0,7,0,7
S01010663,Born outside the UK: Resident 10 years or more,21,20,15,5,1,0,1
S01010664,All people in households,819,723,382,341,96,12,84
S01010664,Born in the UK,773,687,365,322,86,11,75
S01010664,Born outside the UK: Total,46,36,17,19,10,1,9
S01010664,Born outside the UK: Resident less than 2 years,0,0,0,0,0,0,0
S01010664,Born outside the UK: Resident 2 years or more and less than 5 years,3,1,0,1,2,0,2
S01010664,Born outside the UK: Resident 5 years or more and less than 10 years,5,2,0,2,3,1,2
S01010664,Born outside the UK: Resident 10 years or more,38,33,17,16,5,0,5
S01010665,All people in households,952,717,355,362,235,55,180
S01010665,Born in the UK,899,679,331,348,220,52,168
S01010665,Born outside the UK: Total,53,38,24,14,15,3,12
S01010665,Born outside the UK: Resident less than 2 years,2,1,0,1,1,0,1
S01010665,Born outside the UK: Resident 2 years or more and less than 5 years,2,1,1,0,1,0,1
S01010665,Born outside the UK: Resident 5 years or more and less than 10 years,16,10,6,4,6,0,6
S01010665,Born outside the UK: Resident 10 years or more,33,26,17,9,7,3,4
S01010666,All people in households,941,661,274,387,280,135,145
S01010666,Born in the UK,910,634,262,372,276,132,144
S01010666,Born outside the UK: Total,31,27,12,15,4,3,1
S01010666,Born outside the UK: Resident less than 2 years,5,4,3,1,1,0,1
S01010666,Born outside the UK: Resident 2 years or more and less than 5 years,2,2,0,2,0,0,0
S01010666,Born outside the UK: Resident 5 years or more and less than 10 years,4,3,0,3,1,1,0
S01010666,Born outside the UK: Resident 10 years or more,20,18,9,9,2,2,0
S01010667,All people in households,695,555,283,272,140,33,107
S01010667,Born in the UK,649,527,268,259,122,32,90
S01010667,Born outside the UK: Total,46,28,15,13,18,1,17
S01010667,Born outside the UK: Resident less than 2 years,3,2,0,2,1,0,1
S01010667,Born outside the UK: Resident 2 years or more and less than 5 years,9,0,0,0,9,1,8
S01010667,Born outside the UK: Resident 5 years or more and less than 10 years,12,9,3,6,3,0,3
S01010667,Born outside the UK: Resident 10 years or more,22,17,12,5,5,0,5
S01010668,All people in households,1082,758,397,361,324,173,151
S01010668,Born in the UK,1021,721,378,343,300,166,134
S01010668,Born outside the UK: Total,61,37,19,18,24,7,17
S01010668,Born outside the UK: Resident less than 2 years,2,1,0,1,1,1,0
S01010668,Born outside the UK: Resident 2 years or more and less than 5 years,9,0,0,0,9,2,7
S01010668,Born outside the UK: Resident 5 years or more and less than 10 years,18,12,8,4,6,2,4
S01010668,Born outside the UK: Resident 10 years or more,32,24,11,13,8,2,6
S01010669,All people in households,602,457,244,213,145,52,93
S01010669,Born in the UK,588,447,235,212,141,52,89
S01010669,Born outside the UK: Total,14,10,9,1,4,0,4
S01010669,Born outside the UK: Resident less than 2 years,0,0,0,0,0,0,0
S01010669,Born outside the UK: Resident 2 years or more and less than 5 years,0,0,0,0,0,0,0
S01010669,Born outside the UK: Resident 5 years or more and less than 10 years,2,1,1,0,1,0,1
S01010669,Born outside the UK: Resident 10 years or more,12,9,8,1,3,0,3
S01010670,All people in households,683,533,259,274,150,71,79
S01010670,Born in the UK,660,518,251,267,142,69,73
S01010670,Born outside the UK: Total,23,15,8,7,8,2,6
S01010670,Born outside the UK: Resident less than 2 years,4,3,2,1,1,0,1
S01010670,Born outside the UK: Resident 2 years or more and less than 5 years,0,0,0,0,0,0,0
S01010670,Born outside the UK: Resident 5 years or more and less than 10 years,6,3,2,1,3,0,3
S01010670,Born outside the UK: Resident 10 years or more,13,9,4,5,4,2,2
S01010671,All people in households,723,571,317,254,152,98,54
S01010671,Born in the UK,694,552,306,246,142,91,51
S01010671,Born outside the UK: Total,29,19,11,8,10,7,3
S01010671,Born outside the UK: Resident less than 2 years,5,3,3,0,2,2,0
S01010671,Born outside the UK: Resident 2 years or more and less than 5 years,3,3,0,3,0,0,0
S01010671,Born outside the UK: Resident 5 years or more and less than 10 years,1,1,0,1,0,0,0
S01010671,Born outside the UK: Resident 10 years or more,20,12,8,4,8,5,3
S01010672,All people in households,648,348,163,185,300,240,60
S01010672,Born in the UK,628,340,161,179,288,236,52
S01010672,Born outside the UK: Total,20,8,2,6,12,4,8
S01010672,Born outside the UK: Resident less than 2 years,0,0,0,0,0,0,0
S01010672,Born outside the UK: Resident 2 years or more and less than 5 years,0,0,0,0,0,0,0
S01010672,Born outside the UK: Resident 5 years or more and less than 10 years,3,1,0,1,2,1,1
S01010672,Born outside the UK: Resident 10 years or more,17,7,2,5,10,3,7
S01010673,All people in households,880,582,317,265,298,207,91
S01010673,Born in the UK,826,549,299,250,277,196,81
S01010673,Born outside the UK: Total,54,33,18,15,21,11,10
S01010673,Born outside the UK: Resident less than 2 years,7,1,0,1,6,1,5
S01010673,Born outside the UK: Resident 2 years or more and less than 5 years,5,1,0,1,4,1,3
S01010673,Born outside the UK: Resident 5 years or more and less than 10 years,11,8,3,5,3,2,1
S01010673,Born outside the UK: Resident 10 years or more,31,23,15,8,8,7,1
S01010674,All people in households,951,679,314,365,272,145,127
S01010674,Born in the UK,908,655,304,351,253,139,114
S01010674,Born outside the UK: Total,43,24,10,14,19,6,13
S01010674,Born outside the UK: Resident less than 2 years,4,1,0,1,3,1,2
S01010674,Born outside the UK: Resident 2 years or more and less than 5 years,5,1,0,1,4,2,2
S01010674,Born outside the UK: Resident 5 years or more and less than 10 years,7,5,2,3,2,1,1
S01010674,Born outside the UK: Resident 10 years or more,27,17,8,9,10,2,8
S01010675,All people in households,627,521,307,214,106,50,56
S01010675,Born in the UK,602,505,296,209,97,49,48
S01010675,Born outside the UK: Total,25,16,11,5,9,1,8
S01010675,Born outside the UK: Resident less than 2 years,3,1,1,0,2,0,2
S01010675,Born outside the UK: Resident 2 years or more and less than 5 years,5,2,2,0,3,0,3
S01010675,Born outside the UK: Resident 5 years or more and less than 10 years,7,3,1,2,4,1,3
S01010675,Born outside the UK: Resident 10 years or more,10,10,7,3,0,0,0
S01010676,All people in households,846,592,334,258,254,127,127
S01010676,Born in the UK,795,560,317,243,235,127,108
S01010676,Born outside the UK: Total,51,32,17,15,19,0,19
S01010676,Born outside the UK: Resident less than 2 years,0,0,0,0,0,0,0
S01010676,Born outside the UK: Resident 2 years or more and less than 5 years,10,0,0,0,10,0,10
S01010676,Born outside the UK: Resident 5 years or more and less than 10 years,11,6,3,3,5,0,5
S01010676,Born outside the UK: Resident 10 years or more,30,26,14,12,4,0,4
S01010677,All people in households,499,408,239,169,91,31,60
S01010677,Born in the UK,474,390,225,165,84,30,54
S01010677,Born outside the UK: Total,25,18,14,4,7,1,6
S01010677,Born outside the UK: Resident less than 2 years,6,5,4,1,1,0,1
S01010677,Born outside the UK: Resident 2 years or more and less than 5 years,1,0,0,0,1,0,1
S01010677,Born outside the UK: Resident 5 years or more and less than 10 years,4,2,2,0,2,0,2
S01010677,Born outside the UK: Resident 10 years or more,14,11,8,3,3,1,2
S01010678,All people in households,610,510,249,261,100,44,56
S01010678,Born in the UK,590,495,242,253,95,44,51
S01010678,Born outside the UK: Total,20,15,7,8,5,0,5
S01010678,Born outside the UK: Resident less than 2 years,0,0,0,0,0,0,0
S01010678,Born outside the UK: Resident 2 years or more and less than 5 years,2,0,0,0,2,0,2
S01010678,Born outside the UK: Resident 5 years or more and less than 10 years,5,4,0,4,1,0,1
S01010678,Born outside the UK: Resident 10 years or more,13,11,7,4,2,0,2
S01010679,All people in households,552,382,208,174,170,110,60
S01010679,Born in the UK,527,362,200,162,165,108,57
S01010679,Born outside the UK: Total,25,20,8,12,5,2,3
S01010679,Born outside the UK: Resident less than 2 years,5,4,4,0,1,0,1
S01010679,Born outside the UK: Resident 2 years or more and less than 5 years,0,0,0,0,0,0,0
S01010679,Born outside the UK: Resident 5 years or more and less than 10 years,1,0,0,0,1,0,1
S01010679,Born outside the UK: Resident 10 years or more,19,16,4,12,3,2,1
S01010680,All people in households,621,329,136,193,292,240,52
S01010680,Born in the UK,589,318,134,184,271,222,49
S01010680,Born outside the UK: Total,32,11,2,9,21,18,3
S01010680,Born outside the UK: Resident less than 2 years,1,0,0,0,1,1,0
S01010680,Born outside the UK: Resident 2 years or more and less than 5 years,12,2,0,2,10,8,2
S01010680,Born outside the UK: Resident 5 years or more and less than 10 years,5,2,0,2,3,2,1
S01010680,Born outside the UK: Resident 10 years or more,14,7,2,5,7,7,0
S01010681,All people in households,1067,567,168,399,500,442,58
S01010681,Born in the UK,1031,555,166,389,476,432,44
S01010681,Born outside the UK: Total,36,12,2,10,24,10,14
S01010681,Born outside the UK: Resident less than 2 years,9,2,0,2,7,0,7
S01010681,Born outside the UK: Resident 2 years or more and less than 5 years,3,0,0,0,3,2,1
S01010681,Born outside the UK: Resident 5 years or more and less than 10 years,8,3,0,3,5,2,3
S01010681,Born outside the UK: Resident 10 years or more,16,7,2,5,9,6,3
S01010682,All people in households,963,796,388,408,167,58,109
S01010682,Born in the UK,939,784,380,404,155,52,103
S01010682,Born outside the UK: Total,24,12,8,4,12,6,6
S01010682,Born outside the UK: Resident less than 2 years,1,0,0,0,1,1,0
S01010682,Born outside the UK: Resident 2 years or more and less than 5 years,6,2,2,0,4,2,2
S01010682,Born outside the UK: Resident 5 years or more and less than 10 years,4,2,0,2,2,1,1
S01010682,Born outside the UK: Resident 10 years or more,13,8,6,2,5,2,3
S01010683,All people in households,956,774,443,331,182,106,76
S01010683,Born in the UK,931,758,432,326,173,102,71
S01010683,Born outside the UK: Total,25,16,11,5,9,4,5
S01010683,Born outside the UK: Resident less than 2 years,4,2,2,0,2,0,2
S01010683,Born outside the UK: Resident 2 years or more and less than 5 years,2,0,0,0,2,2,0
S01010683,Born outside the UK: Resident 5 years or more and less than 10 years,5,2,1,1,3,0,3
S01010683,Born outside the UK: Resident 10 years or more,14,12,8,4,2,2,0
S01010684,All people in households,756,610,395,215,146,58,88
S01010684,Born in the UK,722,585,377,208,137,54,83
S01010684,Born outside the UK: Total,34,25,18,7,9,4,5
S01010684,Born outside the UK: Resident less than 2 years,3,2,2,0,1,0,1
S01010684,Born outside the UK: Resident 2 years or more and less than 5 years,6,4,4,0,2,1,1
S01010684,Born outside the UK: Resident 5 years or more and less than 10 years,4,2,0,2,2,0,2
S01010684,Born outside the UK: Resident 10 years or more,21,17,12,5,4,3,1
S01010685,All people in households,609,493,316,177,116,58,58
S01010685,Born in the UK,577,466,302,164,111,55,56
S01010685,Born outside the UK: Total,32,27,14,13,5,3,2
S01010685,Born outside the UK: Resident less than 2 years,2,0,0,0,2,1,1
S01010685,Born outside the UK: Resident 2 years or more and less than 5 years,5,4,2,2,1,1,0
S01010685,Born outside the UK: Resident 5 years or more and less than 10 years,2,2,2,0,0,0,0
S01010685,Born outside the UK: Resident 10 years or more,23,21,10,11,2,1,1
S01010686,All people in households,690,515,287,228,175,74,101
S01010686,Born in the UK,656,490,273,217,166,71,95
S01010686,Born outside the UK: Total,34,25,14,11,9,3,6
S01010686,Born outside the UK: Resident less than 2 years,1,0,0,0,1,0,1
S01010686,Born outside the UK: Resident 2 years or more and less than 5 years,4,3,3,0,1,0,1
S01010686,Born outside the UK: Resident 5 years or more and less than 10 years,3,2,0,2,1,1,0
S01010686,Born outside the UK: Resident 10 years or more,26,20,11,9,6,2,4
S01010687,All people in households,805,614,339,275,191,110,81
S01010687,Born in the UK,777,595,329,266,182,106,76
S01010687,Born outside the UK: Total,28,19,10,9,9,4,5
S01010687,Born outside the UK: Resident less than 2 years,2,1,0,1,1,1,0
S01010687,Born outside the UK: Resident 2 years or more and less than 5 years,2,0,0,0,2,0,2
S01010687,Born outside the UK: Resident 5 years or more and less than 10 years,4,2,0,2,2,0,2
S01010687,Born outside the UK: Resident 10 years or more,20,16,10,6,4,3,1
S01010688,All people in households,692,516,344,172,176,79,97
S01010688,Born in the UK,661,494,330,164,167,78,89
S01010688,Born outside the UK: Total,31,22,14,8,9,1,8
S01010688,Born outside the UK: Resident less than 2 years,1,1,0,1,0,0,0
S01010688,Born outside the UK: Resident 2 years or more and less than 5 years,3,1,1,0,2,0,2
S01010688,Born outside the UK: Resident 5 years or more and less than 10 years,2,1,1,0,1,0,1
S01010688,Born outside the UK: Resident 10 years or more,25,19,12,7,6,1,5
S01010689,All people in households,754,554,396,158,200,66,134
S01010689,Born in the UK,709,518,374,144,191,63,128
S01010689,Born outside the UK: Total,45,36,22,14,9,3,6
S01010689,Born outside the UK: Resident less than 2 years,1,0,0,0,1,0,1
S01010689,Born outside the UK: Resident 2 years or more and less than 5 years,2,2,2,0,0,0,0
S01010689,Born outside the UK: Resident 5 years or more and less than 10 years,13,9,4,5,4,1,3
S01010689,Born outside the UK: Resident 10 years or more,29,25,16,9,4,2,2
S01010690,All people in households,651,416,207,209,235,121,114
S01010690,Born in the UK,600,392,191,201,208,115,93
S01010690,Born outside the UK: Total,51,24,16,8,27,6,21
S01010690,Born outside the UK: Resident less than 2 years,7,1,0,1,6,1,5
S01010690,Born outside the UK: Resident 2 years or more and less than 5 years,9,1,0,1,8,0,8
S01010690,Born outside the UK: Resident 5 years or more and less than 10 years,14,6,4,2,8,1,7
S01010690,Born outside the UK: Resident 10 years or more,21,16,12,4,5,4,1
S01010691,All people in households,743,562,356,206,181,17,164
S01010691,Born in the UK,695,539,342,197,156,16,140
S01010691,Born outside the UK: Total,48,23,14,9,25,1,24
S01010691,Born outside the UK: Resident less than 2 years,6,1,1,0,5,0,5
S01010691,Born outside the UK: Resident 2 years or more and less than 5 years,4,0,0,0,4,0,4
S01010691,Born outside the UK: Resident 5 years or more and less than 10 years,9,4,1,3,5,0,5
S01010691,Born outside the UK: Resident 10 years or more,29,18,12,6,11,1,10
S01010692,All people in households,711,464,155,309,247,178,69
S01010692,Born in the UK,656,440,146,294,216,165,51
S01010692,Born outside the UK: Total,55,24,9,15,31,13,18
S01010692,Born outside the UK: Resident less than 2 years,9,3,2,1,6,3,3
S01010692,Born outside the UK: Resident 2 years or more and less than 5 years,8,1,0,1,7,0,7
S01010692,Born outside the UK: Resident 5 years or more and less than 10 years,19,9,2,7,10,4,6
S01010692,Born outside the UK: Resident 10 years or more,19,11,5,6,8,6,2
S01010693,All people in households,472,383,236,147,89,28,61
S01010693,Born in the UK,444,364,221,143,80,24,56
S01010693,Born outside the UK: Total,28,19,15,4,9,4,5
S01010693,Born outside the UK: Resident less than 2 years,1,1,1,0,0,0,0
S01010693,Born outside the UK: Resident 2 years or more and less than 5 years,3,0,0,0,3,1,2
S01010693,Born outside the UK: Resident 5 years or more and less than 10 years,6,5,2,3,1,1,0
S01010693,Born outside the UK: Resident 10 years or more,18,13,12,1,5,2,3
S01010694,All people in households,554,421,278,143,133,70,63
S01010694,Born in the UK,532,410,272,138,122,65,57
S01010694,Born outside the UK: Total,22,11,6,5,11,5,6
S01010694,Born outside the UK: Resident less than 2 years,0,0,0,0,0,0,0
S01010694,Born outside the UK: Resident 2 years or more and less than 5 years,0,0,0,0,0,0,0
S01010694,Born outside the UK: Resident 5 years or more and less than 10 years,11,1,0,1,10,4,6
S01010694,Born outside the UK: Resident 10 years or more,11,10,6,4,1,1,0
S01010695,All people in households,707,577,322,255,130,7,123
S01010695,Born in the UK,682,557,309,248,125,7,118
S01010695,Born outside the UK: Total,25,20,13,7,5,0,5
S01010695,Born outside the UK: Resident less than 2 years,1,1,0,1,0,0,0
S01010695,Born outside the UK: Resident 2 years or more and less than 5 years,4,1,1,0,3,0,3
S01010695,Born outside the UK: Resident 5 years or more and less than 10 years,1,1,1,0,0,0,0
S01010695,Born outside the UK: Resident 10 years or more,19,17,11,6,2,0,2
S01010696,All people in households,970,745,290,455,225,133,92
S01010696,Born in the UK,928,719,280,439,209,129,80
S01010696,Born outside the UK: Total,42,26,10,16,16,4,12
S01010696,Born outside the UK: Resident less than 2 years,9,2,2,0,7,0,7
S01010696,Born outside the UK: Resident 2 years or more and less than 5 years,5,2,1,1,3,1,2
S01010696,Born outside the UK: Resident 5 years or more and less than 10 years,8,6,1,5,2,0,2
S01010696,Born outside the UK: Resident 10 years or more,20,16,6,10,4,3,1
S01010697,All people in households,1072,828,412,416,244,82,162
S01010697,Born in the UK,1038,800,398,402,238,78,160
S01010697,Born outside the UK: Total,34,28,14,14,6,4,2
S01010697,Born outside the UK: Resident less than 2 years,0,0,0,0,0,0,0
S01010697,Born outside the UK: Resident 2 years or more and less than 5 years,6,5,0,5,1,1,0
S01010697,Born outside the UK: Resident 5 years or more and less than 10 years,2,2,1,1,0,0,0
S01010697,Born outside the UK: Resident 10 years or more,26,21,13,8,5,3,2
S01010698,All people in households,757,467,247,220,290,112,178
S01010698,Born in the UK,714,450,236,214,264,108,156
S01010698,Born outside the UK: Total,43,17,11,6,26,4,22
S01010698,Born outside the UK: Resident less than 2 years,4,0,0,0,4,0,4
S01010698,Born outside the UK: Resident 2 years or more and less than 5 years,10,0,0,0,10,0,10
S01010698,Born outside the UK: Resident 5 years or more and less than 10 years,6,0,0,0,6,3,3
S01010698,Born outside the UK: Resident 10 years or more,23,17,11,6,6,1,5
S01010699,All people in households,605,438,194,244,167,33,134
S01010699,Born in the UK,570,418,182,236,152,32,120
S01010699,Born outside the UK: Total,35,20,12,8,15,1,14
S01010699,Born outside the UK: Resident less than 2 years,7,1,0,1,6,0,6
S01010699,Born outside the UK: Resident 2 years or more and less than 5 years,1,1,1,0,0,0,0
S01010699,Born outside the UK: Resident 5 years or more and less than 10 years,4,2,2,0,2,0,2
S01010699,Born outside the UK: Resident 10 years or more,23,16,9,7,7,1,6
S01010700,All people in households,611,500,224,276,111,41,70
S01010700,Born in the UK,586,484,212,272,102,36,66
S01010700,Born outside the UK: Total,25,16,12,4,9,5,4
S01010700,Born outside the UK: Resident less than 2 years,3,0,0,0,3,1,2
S01010700,Born outside the UK: Resident 2 years or more and less than 5 years,1,0,0,0,1,0,1
S01010700,Born outside the UK: Resident 5 years or more and less than 10 years,6,2,0,2,4,4,0
S01010700,Born outside the UK: Resident 10 years or more,15,14,12,2,1,0,1
S01010701,All people in households,1063,713,258,455,350,226,124
S01010701,Born in the UK,1028,688,249,439,340,223,117
S01010701,Born outside the UK: Total,35,25,9,16,10,3,7
S01010701,Born outside the UK: Resident less than 2 years,2,2,1,1,0,0,0
S01010701,Born outside the UK: Resident 2 years or more and less than 5 years,4,0,0,0,4,0,4
S01010701,Born outside the UK: Resident 5 years or more and less than 10 years,4,4,0,4,0,0,0
S01010701,Born outside the UK: Resident 10 years or more,25,19,8,11,6,3,3
S01010702,All people in households,957,833,408,425,124,15,109
S01010702,Born in the UK,896,791,388,403,105,13,92
S01010702,Born outside the UK: Total,61,42,20,22,19,2,17
S01010702,Born outside the UK: Resident less than 2 years,3,1,1,0,2,0,2
S01010702,Born outside the UK: Resident 2 years or more and less than 5 years,10,1,0,1,9,0,9
S01010702,Born outside the UK: Resident 5 years or more and less than 10 years,12,6,0,6,6,2,4
S01010702,Born outside the UK: Resident 10 years or more,36,34,19,15,2,0,2
S01010703,All people in households,824,680,379,301,144,21,123
S01010703,Born in the UK,790,657,367,290,133,21,112
S01010703,Born outside the UK: Total,34,23,12,11,11,0,11
S01010703,Born outside the UK: Resident less than 2 years,2,2,2,0,0,0,0
S01010703,Born outside the UK: Resident 2 years or more and less than 5 years,9,4,0,4,5,0,5
S01010703,Born outside the UK: Resident 5 years or more and less than 10 years,5,3,3,0,2,0,2
S01010703,Born outside the UK: Resident 10 years or more,18,14,7,7,4,0,4
S01010704,All people in households,658,454,169,285,204,165,39
S01010704,Born in the UK,627,436,163,273,191,161,30
S01010704,Born outside the UK: Total,31,18,6,12,13,4,9
S01010704,Born outside the UK: Resident less than 2 years,4,1,1,0,3,0,3
S01010704,Born outside the UK: Resident 2 years or more and less than 5 years,3,0,0,0,3,0,3
S01010704,Born outside the UK: Resident 5 years or more and less than 10 years,6,5,1,4,1,1,0
S01010704,Born outside the UK: Resident 10 years or more,18,12,4,8,6,3,3
S01010705,All people in households,1121,851,291,560,270,189,81
S01010705,Born in the UK,1084,827,283,544,257,184,73
S01010705,Born outside the UK: Total,37,24,8,16,13,5,8
S01010705,Born outside the UK: Resident less than 2 years,4,1,0,1,3,0,3
S01010705,Born outside the UK: Resident 2 years or more and less than 5 years,3,1,0,1,2,1,1
S01010705,Born outside the UK: Resident 5 years or more and less than 10 years,4,2,1,1,2,0,2
S01010705,Born outside the UK: Resident 10 years or more,26,20,7,13,6,4,2
S01010706,All people in households,671,407,134,273,264,213,51
S01010706,Born in the UK,641,394,131,263,247,200,47
S01010706,Born outside the UK: Total,30,13,3,10,17,13,4
S01010706,Born outside the UK: Resident less than 2 years,3,0,0,0,3,3,0
S01010706,Born outside the UK: Resident 2 years or more and less than 5 years,5,0,0,0,5,4,1
S01010706,Born outside the UK: Resident 5 years or more and less than 10 years,7,1,0,1,6,5,1
S01010706,Born outside the UK: Resident 10 years or more,15,12,3,9,3,1,2
S01010707,All people in households,676,544,318,226,132,8,124
S01010707,Born in the UK,648,526,309,217,122,8,114
S01010707,Born outside the UK: Total,28,18,9,9,10,0,10
S01010707,Born outside the UK: Resident less than 2 years,7,1,1,0,6,0,6
S01010707,Born outside the UK: Resident 2 years or more and less than 5 years,0,0,0,0,0,0,0
S01010707,Born outside the UK: Resident 5 years or more and less than 10 years,3,3,0,3,0,0,0
S01010707,Born outside the UK: Resident 10 years or more,18,14,8,6,4,0,4
S01010708,All people in households,546,429,155,274,117,79,38
S01010708,Born in the UK,527,419,152,267,108,75,33
S01010708,Born outside the UK: Total,19,10,3,7,9,4,5
S01010708,Born outside the UK: Resident less than 2 years,0,0,0,0,0,0,0
S01010708,Born outside the UK: Resident 2 years or more and less than 5 years,1,0,0,0,1,0,1
S01010708,Born outside the UK: Resident 5 years or more and less than 10 years,10,2,1,1,8,4,4
S01010708,Born outside the UK: Resident 10 years or more,8,8,2,6,0,0,0
S01010709,All people in households,745,640,220,420,105,60,45
S01010709,Born in the UK,729,629,216,413,100,55,45
S01010709,Born outside the UK: Total,16,11,4,7,5,5,0
S01010709,Born outside the UK: Resident less than 2 years,2,1,0,1,1,1,0
S01010709,Born outside the UK: Resident 2 years or more and less than 5 years,1,1,0,1,0,0,0
S01010709,Born outside the UK: Resident 5 years or more and less than 10 years,2,2,0,2,0,0,0
S01010709,Born outside the UK: Resident 10 years or more,11,7,4,3,4,4,0
S01010710,All people in households,766,377,175,202,389,372,17
S01010710,Born in the UK,752,372,172,200,380,364,16
S01010710,Born outside the UK: Total,14,5,3,2,9,8,1
S01010710,Born outside the UK: Resident less than 2 years,1,0,0,0,1,1,0
S01010710,Born outside the UK: Resident 2 years or more and less than 5 years,0,0,0,0,0,0,0
S01010710,Born outside the UK: Resident 5 years or more and less than 10 years,1,0,0,0,1,1,0
S01010710,Born outside the UK: Resident 10 years or more,12,5,3,2,7,6,1
S01010711,All people in households,778,689,299,390,89,57,32
S01010711,Born in the UK,758,679,296,383,79,53,26
S01010711,Born outside the UK: Total,20,10,3,7,10,4,6
S01010711,Born outside the UK: Resident less than 2 years,2,0,0,0,2,2,0
S01010711,Born outside the UK: Resident 2 years or more and less than 5 years,3,0,0,0,3,0,3
S01010711,Born outside the UK: Resident 5 years or more and less than 10 years,3,2,0,2,1,0,1
S01010711,Born outside the UK: Resident 10 years or more,12,8,3,5,4,2,2
S01010712,All people in households,723,407,156,251,316,262,54
S01010712,Born in the UK,689,395,154,241,294,255,39
S01010712,Born outside the UK: Total,34,12,2,10,22,7,15
S01010712,Born outside the UK: Resident less than 2 years,9,0,0,0,9,0,9
S01010712,Born outside the UK: Resident 2 years or more and less than 5 years,10,6,1,5,4,0,4
S01010712,Born outside the UK: Resident 5 years or more and less than 10 years,4,3,0,3,1,0,1
S01010712,Born outside the UK: Resident 10 years or more,11,3,1,2,8,7,1
S01010713,All people in households,799,504,174,330,295,197,98
S01010713,Born in the UK,738,483,169,314,255,189,66
S01010713,Born outside the UK: Total,61,21,5,16,40,8,32
S01010713,Born outside the UK: Resident less than 2 years,11,1,0,1,10,0,10
S01010713,Born outside the UK: Resident 2 years or more and less than 5 years,26,7,0,7,19,4,15
S01010713,Born outside the UK: Resident 5 years or more and less than 10 years,8,5,1,4,3,0,3
S01010713,Born outside the UK: Resident 10 years or more,16,8,4,4,8,4,4
S01010714,All people in households,748,349,156,193,399,315,84
S01010714,Born in the UK,694,332,148,184,362,310,52
S01010714,Born outside the UK: Total,54,17,8,9,37,5,32
S01010714,Born outside the UK: Resident less than 2 years,9,1,0,1,8,0,8
S01010714,Born outside the UK: Resident 2 years or more and less than 5 years,17,3,0,3,14,0,14
S01010714,Born outside the UK: Resident 5 years or more and less than 10 years,10,4,0,4,6,0,6
S01010714,Born outside the UK: Resident 10 years or more,18,9,8,1,9,5,4
S01010715,All people in households,701,456,186,270,245,175,70
S01010715,Born in the UK,662,441,184,257,221,168,53
S01010715,Born outside the UK: Total,39,15,2,13,24,7,17
S01010715,Born outside the UK: Resident less than 2 years,6,4,0,4,2,0,2
S01010715,Born outside the UK: Resident 2 years or more and less than 5 years,17,1,0,1,16,5,11
S01010715,Born outside the UK: Resident 5 years or more and less than 10 years,4,1,0,1,3,0,3
S01010715,Born outside the UK: Resident 10 years or more,12,9,2,7,3,2,1
S01010716,All people in households,834,470,181,289,364,139,225
S01010716,Born in the UK,711,433,165,268,278,130,148
S01010716,Born outside the UK: Total,123,37,16,21,86,9,77
S01010716,Born outside the UK: Resident less than 2 years,33,3,2,1,30,0,30
S01010716,Born outside the UK: Resident 2 years or more and less than 5 years,45,9,4,5,36,6,30
S01010716,Born outside the UK: Resident 5 years or more and less than 10 years,14,4,0,4,10,1,9
S01010716,Born outside the UK: Resident 10 years or more,31,21,10,11,10,2,8
S01010717,All people in households,621,572,284,288,49,10,39
S01010717,Born in the UK,595,554,278,276,41,9,32
S01010717,Born outside the UK: Total,26,18,6,12,8,1,7
S01010717,Born outside the UK: Resident less than 2 years,0,0,0,0,0,0,0
S01010717,Born outside the UK: Resident 2 years or more and less than 5 years,6,2,0,2,4,0,4
S01010717,Born outside the UK: Resident 5 years or more and less than 10 years,2,0,0,0,2,0,2
S01010717,Born outside the UK: Resident 10 years or more,18,16,6,10,2,1,1
S01010718,All people in households,945,727,296,431,218,137,81
S01010718,Born in the UK,897,704,286,418,193,128,65
S01010718,Born outside the UK: Total,48,23,10,13,25,9,16
S01010718,Born outside the UK: Resident less than 2 years,4,0,0,0,4,0,4
S01010718,Born outside the UK: Resident 2 years or more and less than 5 years,11,3,0,3,8,2,6
S01010718,Born outside the UK: Resident 5 years or more and less than 10 years,9,2,0,2,7,2,5
S01010718,Born outside the UK: Resident 10 years or more,24,18,10,8,6,5,1
S01010719,All people in households,634,468,208,260,166,96,70
S01010719,Born in the UK,599,441,188,253,158,95,63
S01010719,Born outside the UK: Total,35,27,20,7,8,1,7
S01010719,Born outside the UK: Resident less than 2 years,2,2,2,0,0,0,0
S01010719,Born outside the UK: Resident 2 years or more and less than 5 years,3,2,2,0,1,0,1
S01010719,Born outside the UK: Resident 5 years or more and less than 10 years,11,6,4,2,5,0,5
S01010719,Born outside the UK: Resident 10 years or more,19,17,12,5,2,1,1
S01010720,All people in households,731,608,340,268,123,72,51
S01010720,Born in the UK,709,589,327,262,120,72,48
S01010720,Born outside the UK: Total,22,19,13,6,3,0,3
S01010720,Born outside the UK: Resident less than 2 years,2,2,1,1,0,0,0
S01010720,Born outside the UK: Resident 2 years or more and less than 5 years,0,0,0,0,0,0,0
S01010720,Born outside the UK: Resident 5 years or more and less than 10 years,5,2,1,1,3,0,3
S01010720,Born outside the UK: Resident 10 years or more,15,15,11,4,0,0,0
S01010721,All people in households,630,534,292,242,96,12,84
S01010721,Born in the UK,595,505,274,231,90,12,78
S01010721,Born outside the UK: Total,35,29,18,11,6,0,6
S01010721,Born outside the UK: Resident less than 2 years,1,0,0,0,1,0,1
S01010721,Born outside the UK: Resident 2 years or more and less than 5 years,0,0,0,0,0,0,0
S01010721,Born outside the UK: Resident 5 years or more and less than 10 years,5,2,1,1,3,0,3
S01010721,Born outside the UK: Resident 10 years or more,29,27,17,10,2,0,2
S01010722,All people in households,867,631,289,342,236,157,79
S01010722,Born in the UK,833,607,286,321,226,153,73
S01010722,Born outside the UK: Total,34,24,3,21,10,4,6
S01010722,Born outside the UK: Resident less than 2 years,0,0,0,0,0,0,0
S01010722,Born outside the UK: Resident 2 years or more and less than 5 years,1,1,0,1,0,0,0
S01010722,Born outside the UK: Resident 5 years or more and less than 10 years,10,9,0,9,1,1,0
S01010722,Born outside the UK: Resident 10 years or more,23,14,3,11,9,3,6
S01010723,All people in households,901,744,334,410,157,24,133
S01010723,Born in the UK,843,701,314,387,142,24,118
S01010723,Born outside the UK: Total,58,43,20,23,15,0,15
S01010723,Born outside the UK: Resident less than 2 years,4,3,0,3,1,0,1
S01010723,Born outside the UK: Resident 2 years or more and less than 5 years,15,7,3,4,8,0,8
S01010723,Born outside the UK: Resident 5 years or more and less than 10 years,1,1,1,0,0,0,0
S01010723,Born outside the UK: Resident 10 years or more,38,32,16,16,6,0,6
S01010724,All people in households,887,636,277,359,251,107,144
S01010724,Born in the UK,847,609,266,343,238,105,133
S01010724,Born outside the UK: Total,40,27,11,16,13,2,11
S01010724,Born outside the UK: Resident less than 2 years,5,1,0,1,4,0,4
S01010724,Born outside the UK: Resident 2 years or more and less than 5 years,5,3,1,2,2,0,2
S01010724,Born outside the UK: Resident 5 years or more and less than 10 years,3,2,1,1,1,0,1
S01010724,Born outside the UK: Resident 10 years or more,27,21,9,12,6,2,4
S01010725,All people in households,691,590,318,272,101,2,99
S01010725,Born in the UK,657,565,308,257,92,2,90
S01010725,Born outside the UK: Total,34,25,10,15,9,0,9
S01010725,Born outside the UK: Resident less than 2 years,2,0,0,0,2,0,2
S01010725,Born outside the UK: Resident 2 years or more and less than 5 years,4,3,0,3,1,0,1
S01010725,Born outside the UK: Resident 5 years or more and less than 10 years,6,5,0,5,1,0,1
S01010725,Born outside the UK: Resident 10 years or more,22,17,10,7,5,0,5
S01010726,All people in households,921,754,399,355,167,102,65
S01010726,Born in the UK,893,732,391,341,161,101,60
S01010726,Born outside the UK: Total,28,22,8,14,6,1,5
S01010726,Born outside the UK: Resident less than 2 years,0,0,0,0,0,0,0
S01010726,Born outside the UK: Resident 2 years or more and less than 5 years,1,0,0,0,1,0,1
S01010726,Born outside the UK: Resident 5 years or more and less than 10 years,4,2,0,2,2,0,2
S01010726,Born outside the UK: Resident 10 years or more,23,20,8,12,3,1,2
S01010727,All people in households,645,556,293,263,89,27,62
S01010727,Born in the UK,632,547,289,258,85,27,58
S01010727,Born outside the UK: Total,13,9,4,5,4,0,4
S01010727,Born outside the UK: Resident less than 2 years,3,0,0,0,3,0,3
S01010727,Born outside the UK: Resident 2 years or more and less than 5 years,0,0,0,0,0,0,0
S01010727,Born outside the UK: Resident 5 years or more and less than 10 years,0,0,0,0,0,0,0
S01010727,Born outside the UK: Resident 10 years or more,10,9,4,5,1,0,1
S01010728,All people in households,521,463,207,256,58,8,50
S01010728,Born in the UK,494,443,197,246,51,8,43
S01010728,Born outside the UK: Total,27,20,10,10,7,0,7
S01010728,Born outside the UK: Resident less than 2 years,0,0,0,0,0,0,0
S01010728,Born outside the UK: Resident 2 years or more and less than 5 years,9,7,4,3,2,0,2
S01010728,Born outside the UK: Resident 5 years or more and less than 10 years,1,1,0,1,0,0,0
S01010728,Born outside the UK: Resident 10 years or more,17,12,6,6,5,0,5
S01010729,All people in households,723,630,312,318,93,17,76
S01010729,Born in the UK,702,612,304,308,90,17,73
S01010729,Born outside the UK: Total,21,18,8,10,3,0,3
S01010729,Born outside the UK: Resident less than 2 years,0,0,0,0,0,0,0
S01010729,Born outside the UK: Resident 2 years or more and less than 5 years,0,0,0,0,0,0,0
S01010729,Born outside the UK: Resident 5 years or more and less than 10 years,7,5,2,3,2,0,2
S01010729,Born outside the UK: Resident 10 years or more,14,13,6,7,1,0,1
S01010730,All people in households,845,729,365,364,116,17,99
S01010730,Born in the UK,802,694,352,342,108,17,91
S01010730,Born outside the UK: Total,43,35,13,22,8,0,8
S01010730,Born outside the UK: Resident less than 2 years,5,2,1,1,3,0,3
S01010730,Born outside the UK: Resident 2 years or more and less than 5 years,2,0,0,0,2,0,2
S01010730,Born outside the UK: Resident 5 years or more and less than 10 years,8,5,1,4,3,0,3
S01010730,Born outside the UK: Resident 10 years or more,28,28,11,17,0,0,0
S01010731,All people in households,891,598,279,319,293,176,117
S01010731,Born in the UK,837,569,266,303,268,173,95
S01010731,Born outside the UK: Total,54,29,13,16,25,3,22
S01010731,Born outside the UK: Resident less than 2 years,3,1,0,1,2,0,2
S01010731,Born outside the UK: Resident 2 years or more and less than 5 years,8,0,0,0,8,0,8
S01010731,Born outside the UK: Resident 5 years or more and less than 10 years,15,6,3,3,9,1,8
S01010731,Born outside the UK: Resident 10 years or more,28,22,10,12,6,2,4
S01010732,All people in households,840,425,145,280,415,371,44
S01010732,Born in the UK,788,396,142,254,392,365,27
S01010732,Born outside the UK: Total,52,29,3,26,23,6,17
S01010732,Born outside the UK: Resident less than 2 years,15,3,0,3,12,0,12
S01010732,Born outside the UK: Resident 2 years or more and less than 5 years,13,7,0,7,6,4,2
S01010732,Born outside the UK: Resident 5 years or more and less than 10 years,3,2,0,2,1,1,0
S01010732,Born outside the UK: Resident 10 years or more,21,17,3,14,4,1,3
S01010733,All people in households,580,203,58,145,377,347,30
S01010733,Born in the UK,556,197,58,139,359,338,21
S01010733,Born outside the UK: Total,24,6,0,6,18,9,9
S01010733,Born outside the UK: Resident less than 2 years,0,0,0,0,0,0,0
S01010733,Born outside the UK: Resident 2 years or more and less than 5 years,7,0,0,0,7,4,3
S01010733,Born outside the UK: Resident 5 years or more and less than 10 years,5,3,0,3,2,0,2
S01010733,Born outside the UK: Resident 10 years or more,12,3,0,3,9,5,4
S01010734,All people in households,894,385,110,275,509,471,38
S01010734,Born in the UK,860,373,108,265,487,453,34
S01010734,Born outside the UK: Total,34,12,2,10,22,18,4
S01010734,Born outside the UK: Resident less than 2 years,5,2,0,2,3,1,2
S01010734,Born outside the UK: Resident 2 years or more and less than 5 years,9,2,0,2,7,6,1
S01010734,Born outside the UK: Resident 5 years or more and less than 10 years,9,3,0,3,6,5,1
S01010734,Born outside the UK: Resident 10 years or more,11,5,2,3,6,6,0
S01010735,All people in households,644,160,37,123,484,468,16
S01010735,Born in the UK,559,152,37,115,407,399,8
S01010735,Born outside the UK: Total,85,8,0,8,77,69,8
S01010735,Born outside the UK: Resident less than 2 years,12,0,0,0,12,6,6
S01010735,Born outside the UK: Resident 2 years or more and less than 5 years,26,1,0,1,25,24,1
S01010735,Born outside the UK: Resident 5 years or more and less than 10 years,36,1,0,1,35,34,1
S01010735,Born outside the UK: Resident 10 years or more,11,6,0,6,5,5,0
S01010736,All people in households,500,450,211,239,50,17,33
S01010736,Born in the UK,484,438,202,236,46,13,33
S01010736,Born outside the UK: Total,16,12,9,3,4,4,0
S01010736,Born outside the UK: Resident less than 2 years,3,3,3,0,0,0,0
S01010736,Born outside the UK: Resident 2 years or more and less than 5 years,4,0,0,0,4,4,0
S01010736,Born outside the UK: Resident 5 years or more and less than 10 years,0,0,0,0,0,0,0
S01010736,Born outside the UK: Resident 10 years or more,9,9,6,3,0,0,0
S01010737,All people in households,1012,673,289,384,339,225,114
S01010737,Born in the UK,952,640,271,369,312,218,94
S01010737,Born outside the UK: Total,60,33,18,15,27,7,20
S01010737,Born outside the UK: Resident less than 2 years,6,1,1,0,5,1,4
S01010737,Born outside the UK: Resident 2 years or more and less than 5 years,13,2,0,2,11,2,9
S01010737,Born outside the UK: Resident 5 years or more and less than 10 years,12,8,0,8,4,1,3
S01010737,Born outside the UK: Resident 10 years or more,29,22,17,5,7,3,4
S01010738,All people in households,548,323,171,152,225,198,27
S01010738,Born in the UK,534,316,167,149,218,193,25
S01010738,Born outside the UK: Total,14,7,4,3,7,5,2
S01010738,Born outside the UK: Resident less than 2 years,3,0,0,0,3,3,0
S01010738,Born outside the UK: Resident 2 years or more and less than 5 years,2,1,0,1,1,0,1
S01010738,Born outside the UK: Resident 5 years or more and less than 10 years,2,1,0,1,1,0,1
S01010738,Born outside the UK: Resident 10 years or more,7,5,4,1,2,2,0
S01010739,All people in households,870,533,164,369,337,229,108
S01010739,Born in the UK,813,519,158,361,294,212,82
S01010739,Born outside the UK: Total,57,14,6,8,43,17,26
S01010739,Born outside the UK: Resident less than 2 years,8,0,0,0,8,3,5
S01010739,Born outside the UK: Resident 2 years or more and less than 5 years,8,0,0,0,8,4,4
S01010739,Born outside the UK: Resident 5 years or more and less than 10 years,22,2,2,0,20,7,13
S01010739,Born outside the UK: Resident 10 years or more,19,12,4,8,7,3,4
S01010740,All people in households,507,116,47,69,391,375,16
S01010740,Born in the UK,497,114,45,69,383,370,13
S01010740,Born outside the UK: Total,10,2,2,0,8,5,3
S01010740,Born outside the UK: Resident less than 2 years,0,0,0,0,0,0,0
S01010740,Born outside the UK: Resident 2 years or more and less than 5 years,3,0,0,0,3,0,3
S01010740,Born outside the UK: Resident 5 years or more and less than 10 years,1,0,0,0,1,1,0
S01010740,Born outside the UK: Resident 10 years or more,6,2,2,0,4,4,0
S01010741,All people in households,573,437,237,200,136,107,29
S01010741,Born in the UK,549,421,228,193,128,102,26
S01010741,Born outside the UK: Total,24,16,9,7,8,5,3
S01010741,Born outside the UK: Resident less than 2 years,0,0,0,0,0,0,0
S01010741,Born outside the UK: Resident 2 years or more and less than 5 years,4,2,0,2,2,0,2
S01010741,Born outside the UK: Resident 5 years or more and less than 10 years,4,2,2,0,2,2,0
S01010741,Born outside the UK: Resident 10 years or more,16,12,7,5,4,3,1
S01010742,All people in households,730,463,172,291,267,206,61
S01010742,Born in the UK,696,443,166,277,253,202,51
S01010742,Born outside the UK: Total,34,20,6,14,14,4,10
S01010742,Born outside the UK: Resident less than 2 years,2,0,0,0,2,0,2
S01010742,Born outside the UK: Resident 2 years or more and less than 5 years,11,5,0,5,6,3,3
S01010742,Born outside the UK: Resident 5 years or more and less than 10 years,9,8,1,7,1,0,1
S01010742,Born outside the UK: Resident 10 years or more,12,7,5,2,5,1,4
S01010743,All people in households,761,288,94,194,473,450,23
S01010743,Born in the UK,732,281,92,189,451,440,11
S01010743,Born outside the UK: Total,29,7,2,5,22,10,12
S01010743,Born outside the UK: Resident less than 2 years,4,0,0,0,4,0,4
S01010743,Born outside the UK: Resident 2 years or more and less than 5 years,8,1,0,1,7,1,6
S01010743,Born outside the UK: Resident 5 years or more and less than 10 years,12,2,0,2,10,8,2
S01010743,Born outside the UK: Resident 10 years or more,5,4,2,2,1,1,0
S01010744,All people in households,1041,750,365,385,291,221,70
S01010744,Born in the UK,1014,733,356,377,281,218,63
S01010744,Born outside the UK: Total,27,17,9,8,10,3,7
S01010744,Born outside the UK: Resident less than 2 years,0,0,0,0,0,0,0
S01010744,Born outside the UK: Resident 2 years or more and less than 5 years,6,2,0,2,4,2,2
S01010744,Born outside the UK: Resident 5 years or more and less than 10 years,6,2,1,1,4,1,3
S01010744,Born outside the UK: Resident 10 years or more,15,13,8,5,2,0,2
S01010745,All people in households,612,382,182,200,230,133,97
S01010745,Born in the UK,574,366,173,193,208,129,79
S01010745,Born outside the UK: Total,38,16,9,7,22,4,18
S01010745,Born outside the UK: Resident less than 2 years,13,6,4,2,7,1,6
S01010745,Born outside the UK: Resident 2 years or more and less than 5 years,3,0,0,0,3,0,3
S01010745,Born outside the UK: Resident 5 years or more and less than 10 years,8,2,0,2,6,0,6
S01010745,Born outside the UK: Resident 10 years or more,14,8,5,3,6,3,3
S01010746,All people in households,1016,726,309,417,290,113,177
S01010746,Born in the UK,971,697,290,407,274,112,162
S01010746,Born outside the UK: Total,45,29,19,10,16,1,15
S01010746,Born outside the UK: Resident less than 2 years,7,0,0,0,7,0,7
S01010746,Born outside the UK: Resident 2 years or more and less than 5 years,3,1,0,1,2,0,2
S01010746,Born outside the UK: Resident 5 years or more and less than 10 years,6,4,3,1,2,0,2
S01010746,Born outside the UK: Resident 10 years or more,29,24,16,8,5,1,4
S01010747,All people in households,827,490,196,294,337,272,65
S01010747,Born in the UK,783,468,185,283,315,256,59
S01010747,Born outside the UK: Total,44,22,11,11,22,16,6
S01010747,Born outside the UK: Resident less than 2 years,5,0,0,0,5,5,0
S01010747,Born outside the UK: Resident 2 years or more and less than 5 years,13,4,0,4,9,4,5
S01010747,Born outside the UK: Resident 5 years or more and less than 10 years,5,2,0,2,3,3,0
S01010747,Born outside the UK: Resident 10 years or more,21,16,11,5,5,4,1
S01010748,All people in households,631,472,238,234,159,56,103
S01010748,Born in the UK,606,455,228,227,151,56,95
S01010748,Born outside the UK: Total,25,17,10,7,8,0,8
S01010748,Born outside the UK: Resident less than 2 years,0,0,0,0,0,0,0
S01010748,Born outside the UK: Resident 2 years or more and less than 5 years,4,2,0,2,2,0,2
S01010748,Born outside the UK: Resident 5 years or more and less than 10 years,3,0,0,0,3,0,3
S01010748,Born outside the UK: Resident 10 years or more,18,15,10,5,3,0,3
S01010749,All people in households,614,471,256,215,143,34,109
S01010749,Born in the UK,599,463,251,212,136,34,102
S01010749,Born outside the UK: Total,15,8,5,3,7,0,7
S01010749,Born outside the UK: Resident less than 2 years,1,0,0,0,1,0,1
S01010749,Born outside the UK: Resident 2 years or more and less than 5 years,1,0,0,0,1,0,1
S01010749,Born outside the UK: Resident 5 years or more and less than 10 years,4,0,0,0,4,0,4
S01010749,Born outside the UK: Resident 10 years or more,9,8,5,3,1,0,1
S01010750,All people in households,624,485,320,165,139,24,115
S01010750,Born in the UK,599,471,311,160,128,23,105
S01010750,Born outside the UK: Total,25,14,9,5,11,1,10
S01010750,Born outside the UK: Resident less than 2 years,5,1,1,0,4,0,4
S01010750,Born outside the UK: Resident 2 years or more and less than 5 years,3,2,1,1,1,0,1
S01010750,Born outside the UK: Resident 5 years or more and less than 10 years,6,2,1,1,4,1,3
S01010750,Born outside the UK: Resident 10 years or more,11,9,6,3,2,0,2
S01010751,All people in households,745,285,135,150,460,379,81
S01010751,Born in the UK,706,275,133,142,431,354,77
S01010751,Born outside the UK: Total,39,10,2,8,29,25,4
S01010751,Born outside the UK: Resident less than 2 years,7,4,0,4,3,0,3
S01010751,Born outside the UK: Resident 2 years or more and less than 5 years,9,0,0,0,9,9,0
S01010751,Born outside the UK: Resident 5 years or more and less than 10 years,12,0,0,0,12,12,0
S01010751,Born outside the UK: Resident 10 years or more,11,6,2,4,5,4,1
S01010752,All people in households,756,367,141,226,389,244,145
S01010752,Born in the UK,714,356,138,218,358,238,120
S01010752,Born outside the UK: Total,42,11,3,8,31,6,25
S01010752,Born outside the UK: Resident less than 2 years,8,0,0,0,8,1,7
S01010752,Born outside the UK: Resident 2 years or more and less than 5 years,12,2,0,2,10,0,10
S01010752,Born outside the UK: Resident 5 years or more and less than 10 years,10,3,0,3,7,1,6
S01010752,Born outside the UK: Resident 10 years or more,12,6,3,3,6,4,2
S01010753,All people in households,1047,627,240,387,420,372,48
S01010753,Born in the UK,1018,614,235,379,404,360,44
S01010753,Born outside the UK: Total,29,13,5,8,16,12,4
S01010753,Born outside the UK: Resident less than 2 years,0,0,0,0,0,0,0
S01010753,Born outside the UK: Resident 2 years or more and less than 5 years,13,1,1,0,12,9,3
S01010753,Born outside the UK: Resident 5 years or more and less than 10 years,3,2,0,2,1,1,0
S01010753,Born outside the UK: Resident 10 years or more,13,10,4,6,3,2,1
S01010754,All people in households,695,440,196,244,255,174,81
S01010754,Born in the UK,647,418,187,231,229,169,60
S01010754,Born outside the UK: Total,48,22,9,13,26,5,21
S01010754,Born outside the UK: Resident less than 2 years,6,0,0,0,6,0,6
S01010754,Born outside the UK: Resident 2 years or more and less than 5 years,14,1,0,1,13,0,13
S01010754,Born outside the UK: Resident 5 years or more and less than 10 years,7,5,1,4,2,1,1
S01010754,Born outside the UK: Resident 10 years or more,21,16,8,8,5,4,1
S01010755,All people in households,626,394,164,230,232,149,83
S01010755,Born in the UK,602,380,155,225,222,145,77
S01010755,Born outside the UK: Total,24,14,9,5,10,4,6
S01010755,Born outside the UK: Resident less than 2 years,1,1,1,0,0,0,0
S01010755,Born outside the UK: Resident 2 years or more and less than 5 years,5,1,0,1,4,0,4
S01010755,Born outside the UK: Resident 5 years or more and less than 10 years,2,1,0,1,1,0,1
S01010755,Born outside the UK: Resident 10 years or more,16,11,8,3,5,4,1
S01010756,All people in households,659,546,258,288,113,36,77
S01010756,Born in the UK,634,531,250,281,103,35,68
S01010756,Born outside the UK: Total,25,15,8,7,10,1,9
S01010756,Born outside the UK: Resident less than 2 years,3,0,0,0,3,0,3
S01010756,Born outside the UK: Resident 2 years or more and less than 5 years,6,1,0,1,5,0,5
S01010756,Born outside the UK: Resident 5 years or more and less than 10 years,0,0,0,0,0,0,0
S01010756,Born outside the UK: Resident 10 years or more,16,14,8,6,2,1,1
S01010757,All people in households,743,530,324,206,213,69,144
S01010757,Born in the UK,711,509,308,201,202,66,136
S01010757,Born outside the UK: Total,32,21,16,5,11,3,8
S01010757,Born outside the UK: Resident less than 2 years,1,0,0,0,1,0,1
S01010757,Born outside the UK: Resident 2 years or more and less than 5 years,1,1,0,1,0,0,0
S01010757,Born outside the UK: Resident 5 years or more and less than 10 years,3,1,1,0,2,1,1
S01010757,Born outside the UK: Resident 10 years or more,27,19,15,4,8,2,6
S01010758,All people in households,677,513,318,195,164,55,109
S01010758,Born in the UK,639,494,308,186,145,55,90
S01010758,Born outside the UK: Total,38,19,10,9,19,0,19
S01010758,Born outside the UK: Resident less than 2 years,13,3,2,1,10,0,10
S01010758,Born outside the UK: Resident 2 years or more and less than 5 years,11,5,0,5,6,0,6
S01010758,Born outside the UK: Resident 5 years or more and less than 10 years,6,3,2,1,3,0,3
S01010758,Born outside the UK: Resident 10 years or more,8,8,6,2,0,0,0
S01010759,All people in households,606,413,164,249,193,145,48
S01010759,Born in the UK,570,386,144,242,184,138,46
S01010759,Born outside the UK: Total,36,27,20,7,9,7,2
S01010759,Born outside the UK: Resident less than 2 years,10,9,9,0,1,1,0
S01010759,Born outside the UK: Resident 2 years or more and less than 5 years,7,4,4,0,3,3,0
S01010759,Born outside the UK: Resident 5 years or more and less than 10 years,10,8,2,6,2,1,1
S01010759,Born outside the UK: Resident 10 years or more,9,6,5,1,3,2,1
S01010760,All people in households,566,399,249,150,167,110,57
S01010760,Born in the UK,538,383,240,143,155,104,51
S01010760,Born outside the UK: Total,28,16,9,7,12,6,6
S01010760,Born outside the UK: Resident less than 2 years,3,1,1,0,2,0,2
S01010760,Born outside the UK: Resident 2 years or more and less than 5 years,4,0,0,0,4,3,1
S01010760,Born outside the UK: Resident 5 years or more and less than 10 years,6,3,1,2,3,1,2
S01010760,Born outside the UK: Resident 10 years or more,15,12,7,5,3,2,1
S01010761,All people in households,527,393,222,171,134,9,125
S01010761,Born in the UK,505,379,215,164,126,9,117
S01010761,Born outside the UK: Total,22,14,7,7,8,0,8
S01010761,Born outside the UK: Resident less than 2 years,1,0,0,0,1,0,1
S01010761,Born outside the UK: Resident 2 years or more and less than 5 years,4,2,0,2,2,0,2
S01010761,Born outside the UK: Resident 5 years or more and less than 10 years,2,1,1,0,1,0,1
S01010761,Born outside the UK: Resident 10 years or more,15,11,6,5,4,0,4
S01010762,All people in households,598,461,246,215,137,55,82
S01010762,Born in the UK,580,450,241,209,130,55,75
S01010762,Born outside the UK: Total,18,11,5,6,7,0,7
S01010762,Born outside the UK: Resident less than 2 years,2,0,0,0,2,0,2
S01010762,Born outside the UK: Resident 2 years or more and less than 5 years,0,0,0,0,0,0,0
S01010762,Born outside the UK: Resident 5 years or more and less than 10 years,2,0,0,0,2,0,2
S01010762,Born outside the UK: Resident 10 years or more,14,11,5,6,3,0,3
S01010763,All people in households,681,454,282,172,227,164,63
S01010763,Born in the UK,654,438,276,162,216,161,55
S01010763,Born outside the UK: Total,27,16,6,10,11,3,8
S01010763,Born outside the UK: Resident less than 2 years,4,0,0,0,4,1,3
S01010763,Born outside the UK: Resident 2 years or more and less than 5 years,0,0,0,0,0,0,0
S01010763,Born outside the UK: Resident 5 years or more and less than 10 years,3,0,0,0,3,0,3
S01010763,Born outside the UK: Resident 10 years or more,20,16,6,10,4,2,2
S01010764,All people in households,576,436,277,159,140,41,99
S01010764,Born in the UK,551,419,267,152,132,41,91
S01010764,Born outside the UK: Total,25,17,10,7,8,0,8
S01010764,Born outside the UK: Resident less than 2 years,3,1,0,1,2,0,2
S01010764,Born outside the UK: Resident 2 years or more and less than 5 years,1,0,0,0,1,0,1
S01010764,Born outside the UK: Resident 5 years or more and less than 10 years,2,2,2,0,0,0,0
S01010764,Born outside the UK: Resident 10 years or more,19,14,8,6,5,0,5
S01010765,All people in households,1005,689,434,255,316,166,150
S01010765,Born in the UK,977,676,427,249,301,161,140
S01010765,Born outside the UK: Total,28,13,7,6,15,5,10
S01010765,Born outside the UK: Resident less than 2 years,7,2,2,0,5,1,4
S01010765,Born outside the UK: Resident 2 years or more and less than 5 years,3,0,0,0,3,1,2
S01010765,Born outside the UK: Resident 5 years or more and less than 10 years,6,4,2,2,2,2,0
S01010765,Born outside the UK: Resident 10 years or more,12,7,3,4,5,1,4
S01010766,All people in households,779,529,277,252,250,146,104
S01010766,Born in the UK,753,517,271,246,236,141,95
S01010766,Born outside the UK: Total,26,12,6,6,14,5,9
S01010766,Born outside the UK: Resident less than 2 years,1,0,0,0,1,0,1
S01010766,Born outside the UK: Resident 2 years or more and less than 5 years,2,0,0,0,2,0,2
S01010766,Born outside the UK: Resident 5 years or more and less than 10 years,3,0,0,0,3,2,1
S01010766,Born outside the UK: Resident 10 years or more,20,12,6,6,8,3,5
S01010767,All people in households,706,412,239,173,294,243,51
S01010767,Born in the UK,685,401,234,167,284,233,51
S01010767,Born outside the UK: Total,21,11,5,6,10,10,0
S01010767,Born outside the UK: Resident less than 2 years,0,0,0,0,0,0,0
S01010767,Born outside the UK: Resident 2 years or more and less than 5 years,8,3,0,3,5,5,0
S01010767,Born outside the UK: Resident 5 years or more and less than 10 years,4,0,0,0,4,4,0
S01010767,Born outside the UK: Resident 10 years or more,9,8,5,3,1,1,0
S01010768,All people in households,576,376,236,140,200,151,49
S01010768,Born in the UK,561,367,231,136,194,150,44
S01010768,Born outside the UK: Total,15,9,5,4,6,1,5
S01010768,Born outside the UK: Resident less than 2 years,0,0,0,0,0,0,0
S01010768,Born outside the UK: Resident 2 years or more and less than 5 years,2,0,0,0,2,0,2
S01010768,Born outside the UK: Resident 5 years or more and less than 10 years,5,2,0,2,3,0,3
S01010768,Born outside the UK: Resident 10 years or more,8,7,5,2,1,1,0
S01010769,All people in households,483,388,266,122,95,9,86
S01010769,Born in the UK,467,383,263,120,84,9,75
S01010769,Born outside the UK: Total,16,5,3,2,11,0,11
S01010769,Born outside the UK: Resident less than 2 years,1,0,0,0,1,0,1
S01010769,Born outside the UK: Resident 2 years or more and less than 5 years,5,0,0,0,5,0,5
S01010769,Born outside the UK: Resident 5 years or more and less than 10 years,3,0,0,0,3,0,3
S01010769,Born outside the UK: Resident 10 years or more,7,5,3,2,2,0,2
S01010770,All people in households,862,555,237,318,307,184,123
S01010770,Born in the UK,831,540,227,313,291,179,112
S01010770,Born outside the UK: Total,31,15,10,5,16,5,11
S01010770,Born outside the UK: Resident less than 2 years,7,1,1,0,6,1,5
S01010770,Born outside the UK: Resident 2 years or more and less than 5 years,7,4,2,2,3,1,2
S01010770,Born outside the UK: Resident 5 years or more and less than 10 years,3,0,0,0,3,1,2
S01010770,Born outside the UK: Resident 10 years or more,14,10,7,3,4,2,2
S01010771,All people in households,864,561,366,195,303,188,115
S01010771,Born in the UK,827,540,354,186,287,180,107
S01010771,Born outside the UK: Total,37,21,12,9,16,8,8
S01010771,Born outside the UK: Resident less than 2 years,2,0,0,0,2,0,2
S01010771,Born outside the UK: Resident 2 years or more and less than 5 years,8,1,1,0,7,7,0
S01010771,Born outside the UK: Resident 5 years or more and less than 10 years,7,4,0,4,3,1,2
S01010771,Born outside the UK: Resident 10 years or more,20,16,11,5,4,0,4
S01010772,All people in households,737,542,380,162,195,85,110
S01010772,Born in the UK,715,528,367,161,187,85,102
S01010772,Born outside the UK: Total,22,14,13,1,8,0,8
S01010772,Born outside the UK: Resident less than 2 years,4,1,1,0,3,0,3
S01010772,Born outside the UK: Resident 2 years or more and less than 5 years,1,0,0,0,1,0,1
S01010772,Born outside the UK: Resident 5 years or more and less than 10 years,0,0,0,0,0,0,0
S01010772,Born outside the UK: Resident 10 years or more,17,13,12,1,4,0,4
S01010773,All people in households,785,653,368,285,132,67,65
S01010773,Born in the UK,759,638,361,277,121,62,59
S01010773,Born outside the UK: Total,26,15,7,8,11,5,6
S01010773,Born outside the UK: Resident less than 2 years,2,2,0,2,0,0,0
S01010773,Born outside the UK: Resident 2 years or more and less than 5 years,4,0,0,0,4,2,2
S01010773,Born outside the UK: Resident 5 years or more and less than 10 years,2,0,0,0,2,1,1
S01010773,Born outside the UK: Resident 10 years or more,18,13,7,6,5,2,3
S01010774,All people in households,721,497,258,239,224,144,80
S01010774,Born in the UK,702,481,253,228,221,143,78
S01010774,Born outside the UK: Total,19,16,5,11,3,1,2
S01010774,Born outside the UK: Resident less than 2 years,0,0,0,0,0,0,0
S01010774,Born outside the UK: Resident 2 years or more and less than 5 years,2,2,0,2,0,0,0
S01010774,Born outside the UK: Resident 5 years or more and less than 10 years,6,5,1,4,1,0,1
S01010774,Born outside the UK: Resident 10 years or more,11,9,4,5,2,1,1
S01010775,All people in households,643,567,271,296,76,27,49
S01010775,Born in the UK,625,554,266,288,71,25,46
S01010775,Born outside the UK: Total,18,13,5,8,5,2,3
S01010775,Born outside the UK: Resident less than 2 years,2,2,2,0,0,0,0
S01010775,Born outside the UK: Resident 2 years or more and less than 5 years,3,2,0,2,1,1,0
S01010775,Born outside the UK: Resident 5 years or more and less than 10 years,1,0,0,0,1,0,1
S01010775,Born outside the UK: Resident 10 years or more,12,9,3,6,3,1,2
S01010776,All people in households,540,379,170,209,161,116,45
S01010776,Born in the UK,519,374,167,207,145,109,36
S01010776,Born outside the UK: Total,21,5,3,2,16,7,9
S01010776,Born outside the UK: Resident less than 2 years,6,2,1,1,4,1,3
S01010776,Born outside the UK: Resident 2 years or more and less than 5 years,2,0,0,0,2,0,2
S01010776,Born outside the UK: Resident 5 years or more and less than 10 years,4,1,1,0,3,0,3
S01010776,Born outside the UK: Resident 10 years or more,9,2,1,1,7,6,1
S01010777,All people in households,494,268,117,151,226,184,42
S01010777,Born in the UK,471,260,113,147,211,172,39
S01010777,Born outside the UK: Total,23,8,4,4,15,12,3
S01010777,Born outside the UK: Resident less than 2 years,5,0,0,0,5,4,1
S01010777,Born outside the UK: Resident 2 years or more and less than 5 years,1,0,0,0,1,1,0
S01010777,Born outside the UK: Resident 5 years or more and less than 10 years,5,1,1,0,4,4,0
S01010777,Born outside the UK: Resident 10 years or more,12,7,3,4,5,3,2
S01010778,All people in households,491,178,69,109,313,292,21
S01010778,Born in the UK,485,175,66,109,310,289,21
S01010778,Born outside the UK: Total,6,3,3,0,3,3,0
S01010778,Born outside the UK: Resident less than 2 years,0,0,0,0,0,0,0
S01010778,Born outside the UK: Resident 2 years or more and less than 5 years,0,0,0,0,0,0,0
S01010778,Born outside the UK: Resident 5 years or more and less than 10 years,3,3,3,0,0,0,0
S01010778,Born outside the UK: Resident 10 years or more,3,0,0,0,3,3,0
S01010779,All people in households,769,375,185,190,394,336,58
S01010779,Born in the UK,742,365,179,186,377,335,42
S01010779,Born outside the UK: Total,27,10,6,4,17,1,16
S01010779,Born outside the UK: Resident less than 2 years,0,0,0,0,0,0,0
S01010779,Born outside the UK: Resident 2 years or more and less than 5 years,9,0,0,0,9,0,9
S01010779,Born outside the UK: Resident 5 years or more and less than 10 years,5,0,0,0,5,1,4
S01010779,Born outside the UK: Resident 10 years or more,13,10,6,4,3,0,3
S01010780,All people in households,561,425,208,217,136,105,31
S01010780,Born in the UK,542,414,202,212,128,100,28
S01010780,Born outside the UK: Total,19,11,6,5,8,5,3
S01010780,Born outside the UK: Resident less than 2 years,2,1,0,1,1,0,1
S01010780,Born outside the UK: Resident 2 years or more and less than 5 years,9,2,2,0,7,5,2
S01010780,Born outside the UK: Resident 5 years or more and less than 10 years,1,1,0,1,0,0,0
S01010780,Born outside the UK: Resident 10 years or more,7,7,4,3,0,0,0
S01010781,All people in households,777,610,264,346,167,88,79
S01010781,Born in the UK,750,588,253,335,162,86,76
S01010781,Born outside the UK: Total,27,22,11,11,5,2,3
S01010781,Born outside the UK: Resident less than 2 years,5,4,2,2,1,1,0
S01010781,Born outside the UK: Resident 2 years or more and less than 5 years,2,1,0,1,1,0,1
S01010781,Born outside the UK: Resident 5 years or more and less than 10 years,2,2,1,1,0,0,0
S01010781,Born outside the UK: Resident 10 years or more,18,15,8,7,3,1,2
S01010782,All people in households,590,395,167,228,195,140,55
S01010782,Born in the UK,573,389,164,225,184,134,50
S01010782,Born outside the UK: Total,17,6,3,3,11,6,5
S01010782,Born outside the UK: Resident less than 2 years,0,0,0,0,0,0,0
S01010782,Born outside the UK: Resident 2 years or more and less than 5 years,4,0,0,0,4,2,2
S01010782,Born outside the UK: Resident 5 years or more and less than 10 years,7,1,0,1,6,3,3
S01010782,Born outside the UK: Resident 10 years or more,6,5,3,2,1,1,0
S01010783,All people in households,550,335,148,187,215,154,61
S01010783,Born in the UK,532,332,147,185,200,149,51
S01010783,Born outside the UK: Total,18,3,1,2,15,5,10
S01010783,Born outside the UK: Resident less than 2 years,3,0,0,0,3,0,3
S01010783,Born outside the UK: Resident 2 years or more and less than 5 years,4,0,0,0,4,1,3
S01010783,Born outside the UK: Resident 5 years or more and less than 10 years,7,0,0,0,7,3,4
S01010783,Born outside the UK: Resident 10 years or more,4,3,1,2,1,1,0
S01010784,All people in households,743,369,122,247,374,323,51
S01010784,Born in the UK,726,365,120,245,361,322,39
S01010784,Born outside the UK: Total,17,4,2,2,13,1,12
S01010784,Born outside the UK: Resident less than 2 years,1,0,0,0,1,0,1
S01010784,Born outside the UK: Resident 2 years or more and less than 5 years,6,1,1,0,5,0,5
S01010784,Born outside the UK: Resident 5 years or more and less than 10 years,3,1,1,0,2,0,2
S01010784,Born outside the UK: Resident 10 years or more,7,2,0,2,5,1,4
S01010785,All people in households,683,589,293,296,94,67,27
S01010785,Born in the UK,665,577,289,288,88,65,23
S01010785,Born outside the UK: Total,18,12,4,8,6,2,4
S01010785,Born outside the UK: Resident less than 2 years,1,0,0,0,1,0,1
S01010785,Born outside the UK: Resident 2 years or more and less than 5 years,1,1,0,1,0,0,0
S01010785,Born outside the UK: Resident 5 years or more and less than 10 years,4,1,1,0,3,2,1
S01010785,Born outside the UK: Resident 10 years or more,12,10,3,7,2,0,2
S01010786,All people in households,654,563,180,383,91,62,29
S01010786,Born in the UK,644,553,177,376,91,62,29
S01010786,Born outside the UK: Total,10,10,3,7,0,0,0
S01010786,Born outside the UK: Resident less than 2 years,1,1,0,1,0,0,0
S01010786,Born outside the UK: Resident 2 years or more and less than 5 years,0,0,0,0,0,0,0
S01010786,Born outside the UK: Resident 5 years or more and less than 10 years,2,2,0,2,0,0,0
S01010786,Born outside the UK: Resident 10 years or more,7,7,3,4,0,0,0
S01010787,All people in households,913,690,350,340,223,126,97
S01010787,Born in the UK,898,680,345,335,218,123,95
S01010787,Born outside the UK: Total,15,10,5,5,5,3,2
S01010787,Born outside the UK: Resident less than 2 years,0,0,0,0,0,0,0
S01010787,Born outside the UK: Resident 2 years or more and less than 5 years,2,1,0,1,1,0,1
S01010787,Born outside the UK: Resident 5 years or more and less than 10 years,1,1,1,0,0,0,0
S01010787,Born outside the UK: Resident 10 years or more,12,8,4,4,4,3,1
S01010788,All people in households,622,477,229,248,145,64,81
S01010788,Born in the UK,602,470,225,245,132,61,71
S01010788,Born outside the UK: Total,20,7,4,3,13,3,10
S01010788,Born outside the UK: Resident less than 2 years,1,0,0,0,1,0,1
S01010788,Born outside the UK: Resident 2 years or more and less than 5 years,8,1,0,1,7,0,7
S01010788,Born outside the UK: Resident 5 years or more and less than 10 years,4,2,0,2,2,1,1
S01010788,Born outside the UK: Resident 10 years or more,7,4,4,0,3,2,1
S01010789,All people in households,729,571,276,295,158,113,45
S01010789,Born in the UK,716,568,276,292,148,107,41
S01010789,Born outside the UK: Total,13,3,0,3,10,6,4
S01010789,Born outside the UK: Resident less than 2 years,0,0,0,0,0,0,0
S01010789,Born outside the UK: Resident 2 years or more and less than 5 years,0,0,0,0,0,0,0
S01010789,Born outside the UK: Resident 5 years or more and less than 10 years,9,0,0,0,9,5,4
S01010789,Born outside the UK: Resident 10 years or more,4,3,0,3,1,1,0
S01010790,All people in households,668,565,357,208,103,42,61
S01010790,Born in the UK,661,558,352,206,103,42,61
S01010790,Born outside the UK: Total,7,7,5,2,0,0,0
S01010790,Born outside the UK: Resident less than 2 years,0,0,0,0,0,0,0
S01010790,Born outside the UK: Resident 2 years or more and less than 5 years,0,0,0,0,0,0,0
S01010790,Born outside the UK: Resident 5 years or more and less than 10 years,2,2,1,1,0,0,0
S01010790,Born outside the UK: Resident 10 years or more,5,5,4,1,0,0,0
S01010791,All people in households,835,723,417,306,112,48,64
S01010791,Born in the UK,794,693,397,296,101,46,55
S01010791,Born outside the UK: Total,41,30,20,10,11,2,9
S01010791,Born outside the UK: Resident less than 2 years,6,6,5,1,0,0,0
S01010791,Born outside the UK: Resident 2 years or more and less than 5 years,6,1,0,1,5,1,4
S01010791,Born outside the UK: Resident 5 years or more and less than 10 years,10,4,2,2,6,1,5
S01010791,Born outside the UK: Resident 10 years or more,19,19,13,6,0,0,0
S01010792,All people in households,620,367,162,205,253,221,32
S01010792,Born in the UK,609,364,161,203,245,217,28
S01010792,Born outside the UK: Total,11,3,1,2,8,4,4
S01010792,Born outside the UK: Resident less than 2 years,2,0,0,0,2,0,2
S01010792,Born outside the UK: Resident 2 years or more and less than 5 years,1,0,0,0,1,0,1
S01010792,Born outside the UK: Resident 5 years or more and less than 10 years,0,0,0,0,0,0,0
S01010792,Born outside the UK: Resident 10 years or more,8,3,1,2,5,4,1
S01010793,All people in households,649,541,273,268,108,39,69
S01010793,Born in the UK,629,529,267,262,100,39,61
S01010793,Born outside the UK: Total,20,12,6,6,8,0,8
S01010793,Born outside the UK: Resident less than 2 years,0,0,0,0,0,0,0
S01010793,Born outside the UK: Resident 2 years or more and less than 5 years,2,0,0,0,2,0,2
S01010793,Born outside the UK: Resident 5 years or more and less than 10 years,4,1,1,0,3,0,3
S01010793,Born outside the UK: Resident 10 years or more,14,11,5,6,3,0,3
S01010794,All people in households,550,420,170,250,130,46,84
S01010794,Born in the UK,536,417,168,249,119,44,75
S01010794,Born outside the UK: Total,14,3,2,1,11,2,9
S01010794,Born outside the UK: Resident less than 2 years,2,0,0,0,2,0,2
S01010794,Born outside the UK: Resident 2 years or more and less than 5 years,0,0,0,0,0,0,0
S01010794,Born outside the UK: Resident 5 years or more and less than 10 years,5,0,0,0,5,2,3
S01010794,Born outside the UK: Resident 10 years or more,7,3,2,1,4,0,4
S01010795,All people in households,982,791,400,391,191,95,96
S01010795,Born in the UK,964,779,395,384,185,94,91
S01010795,Born outside the UK: Total,18,12,5,7,6,1,5
S01010795,Born outside the UK: Resident less than 2 years,4,1,1,0,3,0,3
S01010795,Born outside the UK: Resident 2 years or more and less than 5 years,0,0,0,0,0,0,0
S01010795,Born outside the UK: Resident 5 years or more and less than 10 years,2,0,0,0,2,0,2
S01010795,Born outside the UK: Resident 10 years or more,12,11,4,7,1,1,0
S01010796,All people in households,829,700,394,306,129,32,97
S01010796,Born in the UK,817,693,389,304,124,32,92
S01010796,Born outside the UK: Total,12,7,5,2,5,0,5
S01010796,Born outside the UK: Resident less than 2 years,2,0,0,0,2,0,2
S01010796,Born outside the UK: Resident 2 years or more and less than 5 years,2,0,0,0,2,0,2
S01010796,Born outside the UK: Resident 5 years or more and less than 10 years,0,0,0,0,0,0,0
S01010796,Born outside the UK: Resident 10 years or more,8,7,5,2,1,0,1
S01010797,All people in households,762,643,309,334,119,48,71
S01010797,Born in the UK,740,625,305,320,115,45,70
S01010797,Born outside the UK: Total,22,18,4,14,4,3,1
S01010797,Born outside the UK: Resident less than 2 years,0,0,0,0,0,0,0
S01010797,Born outside the UK: Resident 2 years or more and less than 5 years,2,2,0,2,0,0,0
S01010797,Born outside the UK: Resident 5 years or more and less than 10 years,5,5,0,5,0,0,0
S01010797,Born outside the UK: Resident 10 years or more,15,11,4,7,4,3,1
S01010798,All people in households,667,556,322,234,111,48,63
S01010798,Born in the UK,646,545,318,227,101,44,57
S01010798,Born outside the UK: Total,21,11,4,7,10,4,6
S01010798,Born outside the UK: Resident less than 2 years,1,0,0,0,1,0,1
S01010798,Born outside the UK: Resident 2 years or more and less than 5 years,6,1,0,1,5,2,3
S01010798,Born outside the UK: Resident 5 years or more and less than 10 years,5,3,0,3,2,2,0
S01010798,Born outside the UK: Resident 10 years or more,9,7,4,3,2,0,2
S01010799,All people in households,891,556,296,260,335,199,136
S01010799,Born in the UK,870,544,293,251,326,197,129
S01010799,Born outside the UK: Total,21,12,3,9,9,2,7
S01010799,Born outside the UK: Resident less than 2 years,2,1,0,1,1,0,1
S01010799,Born outside the UK: Resident 2 years or more and less than 5 years,6,4,0,4,2,0,2
S01010799,Born outside the UK: Resident 5 years or more and less than 10 years,8,4,3,1,4,1,3
S01010799,Born outside the UK: Resident 10 years or more,5,3,0,3,2,1,1
S01010800,All people in households,731,443,197,246,288,246,42
S01010800,Born in the UK,718,438,196,242,280,243,37
S01010800,Born outside the UK: Total,13,5,1,4,8,3,5
S01010800,Born outside the UK: Resident less than 2 years,0,0,0,0,0,0,0
S01010800,Born outside the UK: Resident 2 years or more and less than 5 years,5,0,0,0,5,2,3
S01010800,Born outside the UK: Resident 5 years or more and less than 10 years,2,0,0,0,2,0,2
S01010800,Born outside the UK: Resident 10 years or more,6,5,1,4,1,1,0
S01010801,All people in households,708,482,240,242,226,189,37
S01010801,Born in the UK,691,472,236,236,219,188,31
S01010801,Born outside the UK: Total,17,10,4,6,7,1,6
S01010801,Born outside the UK: Resident less than 2 years,3,0,0,0,3,1,2
S01010801,Born outside the UK: Resident 2 years or more and less than 5 years,3,0,0,0,3,0,3
S01010801,Born outside the UK: Resident 5 years or more and less than 10 years,3,2,0,2,1,0,1
S01010801,Born outside the UK: Resident 10 years or more,8,8,4,4,0,0,0
S01010802,All people in households,565,375,151,224,190,143,47
S01010802,Born in the UK,547,366,150,216,181,134,47
S01010802,Born outside the UK: Total,18,9,1,8,9,9,0
S01010802,Born outside the UK: Resident less than 2 years,7,2,1,1,5,5,0
S01010802,Born outside the UK: Resident 2 years or more and less than 5 years,2,1,0,1,1,1,0
S01010802,Born outside the UK: Resident 5 years or more and less than 10 years,4,2,0,2,2,2,0
S01010802,Born outside the UK: Resident 10 years or more,5,4,0,4,1,1,0
S01010803,All people in households,589,282,129,153,307,246,61
S01010803,Born in the UK,572,279,129,150,293,240,53
S01010803,Born outside the UK: Total,17,3,0,3,14,6,8
S01010803,Born outside the UK: Resident less than 2 years,0,0,0,0,0,0,0
S01010803,Born outside the UK: Resident 2 years or more and less than 5 years,5,0,0,0,5,0,5
S01010803,Born outside the UK: Resident 5 years or more and less than 10 years,4,0,0,0,4,4,0
S01010803,Born outside the UK: Resident 10 years or more,8,3,0,3,5,2,3
S01010804,All people in households,588,400,220,180,188,129,59
S01010804,Born in the UK,569,387,212,175,182,128,54
S01010804,Born outside the UK: Total,19,13,8,5,6,1,5
S01010804,Born outside the UK: Resident less than 2 years,3,0,0,0,3,0,3
S01010804,Born outside the UK: Resident 2 years or more and less than 5 years,2,2,1,1,0,0,0
S01010804,Born outside the UK: Resident 5 years or more and less than 10 years,1,0,0,0,1,0,1
S01010804,Born outside the UK: Resident 10 years or more,13,11,7,4,2,1,1
S01010805,All people in households,853,620,320,300,233,177,56
S01010805,Born in the UK,825,603,309,294,222,172,50
S01010805,Born outside the UK: Total,28,17,11,6,11,5,6
S01010805,Born outside the UK: Resident less than 2 years,2,0,0,0,2,0,2
S01010805,Born outside the UK: Resident 2 years or more and less than 5 years,7,1,1,0,6,3,3
S01010805,Born outside the UK: Resident 5 years or more and less than 10 years,2,2,0,2,0,0,0
S01010805,Born outside the UK: Resident 10 years or more,17,14,10,4,3,2,1
S01010806,All people in households,916,466,219,247,450,396,54
S01010806,Born in the UK,889,454,212,242,435,388,47
S01010806,Born outside the UK: Total,27,12,7,5,15,8,7
S01010806,Born outside the UK: Resident less than 2 years,1,1,0,1,0,0,0
S01010806,Born outside the UK: Resident 2 years or more and less than 5 years,10,0,0,0,10,5,5
S01010806,Born outside the UK: Resident 5 years or more and less than 10 years,1,1,1,0,0,0,0
S01010806,Born outside the UK: Resident 10 years or more,15,10,6,4,5,3,2
S01010807,All people in households,570,353,172,181,217,185,32
S01010807,Born in the UK,554,343,167,176,211,179,32
S01010807,Born outside the UK: Total,16,10,5,5,6,6,0
S01010807,Born outside the UK: Resident less than 2 years,1,0,0,0,1,1,0
S01010807,Born outside the UK: Resident 2 years or more and less than 5 years,1,0,0,0,1,1,0
S01010807,Born outside the UK: Resident 5 years or more and less than 10 years,3,2,2,0,1,1,0
S01010807,Born outside the UK: Resident 10 years or more,11,8,3,5,3,3,0
S01010808,All people in households,553,363,171,192,190,162,28
S01010808,Born in the UK,539,353,168,185,186,160,26
S01010808,Born outside the UK: Total,14,10,3,7,4,2,2
S01010808,Born outside the UK: Resident less than 2 years,6,4,0,4,2,1,1
S01010808,Born outside the UK: Resident 2 years or more and less than 5 years,5,3,0,3,2,1,1
S01010808,Born outside the UK: Resident 5 years or more and less than 10 years,1,1,1,0,0,0,0
S01010808,Born outside the UK: Resident 10 years or more,2,2,2,0,0,0,0
S01010809,All people in households,724,593,274,319,131,65,66
S01010809,Born in the UK,707,585,270,315,122,64,58
S01010809,Born outside the UK: Total,17,8,4,4,9,1,8
S01010809,Born outside the UK: Resident less than 2 years,1,0,0,0,1,0,1
S01010809,Born outside the UK: Resident 2 years or more and less than 5 years,3,0,0,0,3,0,3
S01010809,Born outside the UK: Resident 5 years or more and less than 10 years,5,2,2,0,3,0,3
S01010809,Born outside the UK: Resident 10 years or more,8,6,2,4,2,1,1
S01010810,All people in households,480,363,253,110,117,72,45
S01010810,Born in the UK,465,353,249,104,112,71,41
S01010810,Born outside the UK: Total,15,10,4,6,5,1,4
S01010810,Born outside the UK: Resident less than 2 years,0,0,0,0,0,0,0
S01010810,Born outside the UK: Resident 2 years or more and less than 5 years,2,0,0,0,2,0,2
S01010810,Born outside the UK: Resident 5 years or more and less than 10 years,6,6,1,5,0,0,0
S01010810,Born outside the UK: Resident 10 years or more,7,4,3,1,3,1,2
S01010811,All people in households,847,578,383,195,269,99,170
S01010811,Born in the UK,817,558,370,188,259,97,162
S01010811,Born outside the UK: Total,30,20,13,7,10,2,8
S01010811,Born outside the UK: Resident less than 2 years,2,1,0,1,1,0,1
S01010811,Born outside the UK: Resident 2 years or more and less than 5 years,5,2,0,2,3,0,3
S01010811,Born outside the UK: Resident 5 years or more and less than 10 years,3,2,1,1,1,0,1
S01010811,Born outside the UK: Resident 10 years or more,20,15,12,3,5,2,3
S01010812,All people in households,515,381,242,139,134,69,65
S01010812,Born in the UK,493,360,228,132,133,68,65
S01010812,Born outside the UK: Total,22,21,14,7,1,1,0
S01010812,Born outside the UK: Resident less than 2 years,4,4,3,1,0,0,0
S01010812,Born outside the UK: Resident 2 years or more and less than 5 years,5,5,1,4,0,0,0
S01010812,Born outside the UK: Resident 5 years or more and less than 10 years,2,2,1,1,0,0,0
S01010812,Born outside the UK: Resident 10 years or more,11,10,9,1,1,1,0
S01010813,All people in households,534,346,198,148,188,122,66
S01010813,Born in the UK,512,332,194,138,180,116,64
S01010813,Born outside the UK: Total,22,14,4,10,8,6,2
S01010813,Born outside the UK: Resident less than 2 years,0,0,0,0,0,0,0
S01010813,Born outside the UK: Resident 2 years or more and less than 5 years,1,1,0,1,0,0,0
S01010813,Born outside the UK: Resident 5 years or more and less than 10 years,6,4,0,4,2,2,0
S01010813,Born outside the UK: Resident 10 years or more,15,9,4,5,6,4,2
S01010814,All people in households,620,485,296,189,135,60,75
S01010814,Born in the UK,575,445,269,176,130,59,71
S01010814,Born outside the UK: Total,45,40,27,13,5,1,4
S01010814,Born outside the UK: Resident less than 2 years,6,2,2,0,4,0,4
S01010814,Born outside the UK: Resident 2 years or more and less than 5 years,5,5,3,2,0,0,0
S01010814,Born outside the UK: Resident 5 years or more and less than 10 years,2,2,0,2,0,0,0
S01010814,Born outside the UK: Resident 10 years or more,32,31,22,9,1,1,0
S01010815,All people in households,442,269,190,79,173,77,96
S01010815,Born in the UK,421,257,180,77,164,72,92
S01010815,Born outside the UK: Total,21,12,10,2,9,5,4
S01010815,Born outside the UK: Resident less than 2 years,0,0,0,0,0,0,0
S01010815,Born outside the UK: Resident 2 years or more and less than 5 years,3,0,0,0,3,3,0
S01010815,Born outside the UK: Resident 5 years or more and less than 10 years,2,0,0,0,2,0,2
S01010815,Born outside the UK: Resident 10 years or more,16,12,10,2,4,2,2
S01010816,All people in households,634,539,255,284,95,35,60
S01010816,Born in the UK,610,520,244,276,90,32,58
S01010816,Born outside the UK: Total,24,19,11,8,5,3,2
S01010816,Born outside the UK: Resident less than 2 years,4,4,4,0,0,0,0
S01010816,Born outside the UK: Resident 2 years or more and less than 5 years,2,2,0,2,0,0,0
S01010816,Born outside the UK: Resident 5 years or more and less than 10 years,3,2,0,2,1,0,1
S01010816,Born outside the UK: Resident 10 years or more,15,11,7,4,4,3,1
S01010817,All people in households,905,789,335,454,116,19,97
S01010817,Born in the UK,867,760,322,438,107,18,89
S01010817,Born outside the UK: Total,38,29,13,16,9,1,8
S01010817,Born outside the UK: Resident less than 2 years,1,1,0,1,0,0,0
S01010817,Born outside the UK: Resident 2 years or more and less than 5 years,1,1,0,1,0,0,0
S01010817,Born outside the UK: Resident 5 years or more and less than 10 years,4,2,0,2,2,0,2
S01010817,Born outside the UK: Resident 10 years or more,32,25,13,12,7,1,6
S01010818,All people in households,1014,861,351,510,153,28,125
S01010818,Born in the UK,957,814,333,481,143,27,116
S01010818,Born outside the UK: Total,57,47,18,29,10,1,9
S01010818,Born outside the UK: Resident less than 2 years,7,5,0,5,2,0,2
S01010818,Born outside the UK: Resident 2 years or more and less than 5 years,10,6,0,6,4,0,4
S01010818,Born outside the UK: Resident 5 years or more and less than 10 years,8,6,2,4,2,1,1
S01010818,Born outside the UK: Resident 10 years or more,32,30,16,14,2,0,2
S01010819,All people in households,805,663,276,387,142,69,73
S01010819,Born in the UK,771,634,261,373,137,68,69
S01010819,Born outside the UK: Total,34,29,15,14,5,1,4
S01010819,Born outside the UK: Resident less than 2 years,1,1,1,0,0,0,0
S01010819,Born outside the UK: Resident 2 years or more and less than 5 years,2,2,0,2,0,0,0
S01010819,Born outside the UK: Resident 5 years or more and less than 10 years,8,6,0,6,2,1,1
S01010819,Born outside the UK: Resident 10 years or more,23,20,14,6,3,0,3
S01010820,All people in households,526,456,203,253,70,1,69
S01010820,Born in the UK,501,437,193,244,64,1,63
S01010820,Born outside the UK: Total,25,19,10,9,6,0,6
S01010820,Born outside the UK: Resident less than 2 years,0,0,0,0,0,0,0
S01010820,Born outside the UK: Resident 2 years or more and less than 5 years,2,1,1,0,1,0,1
S01010820,Born outside the UK: Resident 5 years or more and less than 10 years,3,0,0,0,3,0,3
S01010820,Born outside the UK: Resident 10 years or more,20,18,9,9,2,0,2
S01010821,All people in households,597,522,250,272,75,22,53
S01010821,Born in the UK,555,485,230,255,70,22,48
S01010821,Born outside the UK: Total,42,37,20,17,5,0,5
S01010821,Born outside the UK: Resident less than 2 years,2,2,1,1,0,0,0
S01010821,Born outside the UK: Resident 2 years or more and less than 5 years,2,0,0,0,2,0,2
S01010821,Born outside the UK: Resident 5 years or more and less than 10 years,9,6,0,6,3,0,3
S01010821,Born outside the UK: Resident 10 years or more,29,29,19,10,0,0,0
S01010822,All people in households,663,546,201,345,117,11,106
S01010822,Born in the UK,620,519,192,327,101,11,90
S01010822,Born outside the UK: Total,43,27,9,18,16,0,16
S01010822,Born outside the UK: Resident less than 2 years,6,0,0,0,6,0,6
S01010822,Born outside the UK: Resident 2 years or more and less than 5 years,2,0,0,0,2,0,2
S01010822,Born outside the UK: Resident 5 years or more and less than 10 years,4,1,0,1,3,0,3
S01010822,Born outside the UK: Resident 10 years or more,31,26,9,17,5,0,5
S01010823,All people in households,435,342,43,299,93,54,39
S01010823,Born in the UK,426,334,41,293,92,54,38
S01010823,Born outside the UK: Total,9,8,2,6,1,0,1
S01010823,Born outside the UK: Resident less than 2 years,0,0,0,0,0,0,0
S01010823,Born outside the UK: Resident 2 years or more and less than 5 years,1,0,0,0,1,0,1
S01010823,Born outside the UK: Resident 5 years or more and less than 10 years,0,0,0,0,0,0,0
S01010823,Born outside the UK: Resident 10 years or more,8,8,2,6,0,0,0
S01010824,All people in households,758,699,85,614,59,28,31
S01010824,Born in the UK,744,688,82,606,56,25,31
S01010824,Born outside the UK: Total,14,11,3,8,3,3,0
S01010824,Born outside the UK: Resident less than 2 years,1,1,0,1,0,0,0
S01010824,Born outside the UK: Resident 2 years or more and less than 5 years,4,2,0,2,2,2,0
S01010824,Born outside the UK: Resident 5 years or more and less than 10 years,0,0,0,0,0,0,0
S01010824,Born outside the UK: Resident 10 years or more,9,8,3,5,1,1,0
S01010825,All people in households,355,328,58,270,27,1,26
S01010825,Born in the UK,345,318,57,261,27,1,26
S01010825,Born outside the UK: Total,10,10,1,9,0,0,0
S01010825,Born outside the UK: Resident less than 2 years,0,0,0,0,0,0,0
S01010825,Born outside the UK: Resident 2 years or more and less than 5 years,0,0,0,0,0,0,0
S01010825,Born outside the UK: Resident 5 years or more and less than 10 years,7,7,0,7,0,0,0
S01010825,Born outside the UK: Resident 10 years or more,3,3,1,2,0,0,0
S01010826,All people in households,755,640,246,394,115,14,101
S01010826,Born in the UK,719,619,243,376,100,14,86
S01010826,Born outside the UK: Total,36,21,3,18,15,0,15
S01010826,Born outside the UK: Resident less than 2 years,7,0,0,0,7,0,7
S01010826,Born outside the UK: Resident 2 years or more and less than 5 years,2,1,1,0,1,0,1
S01010826,Born outside the UK: Resident 5 years or more and less than 10 years,3,1,0,1,2,0,2
S01010826,Born outside the UK: Resident 10 years or more,24,19,2,17,5,0,5
S01010827,All people in households,598,580,165,415,18,5,13
S01010827,Born in the UK,586,570,162,408,16,5,11
S01010827,Born outside the UK: Total,12,10,3,7,2,0,2
S01010827,Born outside the UK: Resident less than 2 years,1,1,0,1,0,0,0
S01010827,Born outside the UK: Resident 2 years or more and less than 5 years,0,0,0,0,0,0,0
S01010827,Born outside the UK: Resident 5 years or more and less than 10 years,4,3,0,3,1,0,1
S01010827,Born outside the UK: Resident 10 years or more,7,6,3,3,1,0,1
S01010828,All people in households,1239,1178,282,896,61,38,23
S01010828,Born in the UK,1193,1135,271,864,58,38,20
S01010828,Born outside the UK: Total,46,43,11,32,3,0,3
S01010828,Born outside the UK: Resident less than 2 years,6,6,1,5,0,0,0
S01010828,Born outside the UK: Resident 2 years or more and less than 5 years,1,1,1,0,0,0,0
S01010828,Born outside the UK: Resident 5 years or more and less than 10 years,10,9,2,7,1,0,1
S01010828,Born outside the UK: Resident 10 years or more,29,27,7,20,2,0,2
S01010829,All people in households,900,722,310,412,178,57,121
S01010829,Born in the UK,869,700,303,397,169,57,112
S01010829,Born outside the UK: Total,31,22,7,15,9,0,9
S01010829,Born outside the UK: Resident less than 2 years,3,3,1,2,0,0,0
S01010829,Born outside the UK: Resident 2 years or more and less than 5 years,5,1,1,0,4,0,4
S01010829,Born outside the UK: Resident 5 years or more and less than 10 years,3,1,0,1,2,0,2
S01010829,Born outside the UK: Resident 10 years or more,20,17,5,12,3,0,3
S01010830,All people in households,556,463,139,324,93,33,60
S01010830,Born in the UK,546,456,138,318,90,32,58
S01010830,Born outside the UK: Total,10,7,1,6,3,1,2
S01010830,Born outside the UK: Resident less than 2 years,1,1,0,1,0,0,0
S01010830,Born outside the UK: Resident 2 years or more and less than 5 years,0,0,0,0,0,0,0
S01010830,Born outside the UK: Resident 5 years or more and less than 10 years,0,0,0,0,0,0,0
S01010830,Born outside the UK: Resident 10 years or more,9,6,1,5,3,1,2
S01010831,All people in households,598,563,49,514,35,16,19
S01010831,Born in the UK,581,548,47,501,33,16,17
S01010831,Born outside the UK: Total,17,15,2,13,2,0,2
S01010831,Born outside the UK: Resident less than 2 years,1,1,1,0,0,0,0
S01010831,Born outside the UK: Resident 2 years or more and less than 5 years,4,4,1,3,0,0,0
S01010831,Born outside the UK: Resident 5 years or more and less than 10 years,3,2,0,2,1,0,1
S01010831,Born outside the UK: Resident 10 years or more,9,8,0,8,1,0,1
S01010832,All people in households,730,631,152,479,99,23,76
S01010832,Born in the UK,719,622,149,473,97,23,74
S01010832,Born outside the UK: Total,11,9,3,6,2,0,2
S01010832,Born outside the UK: Resident less than 2 years,0,0,0,0,0,0,0
S01010832,Born outside the UK: Resident 2 years or more and less than 5 years,0,0,0,0,0,0,0
S01010832,Born outside the UK: Resident 5 years or more and less than 10 years,1,1,0,1,0,0,0
S01010832,Born outside the UK: Resident 10 years or more,10,8,3,5,2,0,2
S01010833,All people in households,902,877,263,614,25,4,21
S01010833,Born in the UK,872,847,251,596,25,4,21
S01010833,Born outside the UK: Total,30,30,12,18,0,0,0
S01010833,Born outside the UK: Resident less than 2 years,0,0,0,0,0,0,0
S01010833,Born outside the UK: Resident 2 years or more and less than 5 years,3,3,0,3,0,0,0
S01010833,Born outside the UK: Resident 5 years or more and less than 10 years,5,5,0,5,0,0,0
S01010833,Born outside the UK: Resident 10 years or more,22,22,12,10,0,0,0
S01010834,All people in households,916,856,418,438,60,9,51
S01010834,Born in the UK,885,833,410,423,52,8,44
S01010834,Born outside the UK: Total,31,23,8,15,8,1,7
S01010834,Born outside the UK: Resident less than 2 years,3,0,0,0,3,0,3
S01010834,Born outside the UK: Resident 2 years or more and less than 5 years,1,0,0,0,1,0,1
S01010834,Born outside the UK: Resident 5 years or more and less than 10 years,5,4,0,4,1,0,1
S01010834,Born outside the UK: Resident 10 years or more,22,19,8,11,3,1,2
S01010835,All people in households,645,629,322,307,16,0,16
S01010835,Born in the UK,619,604,309,295,15,0,15
S01010835,Born outside the UK: Total,26,25,13,12,1,0,1
S01010835,Born outside the UK: Resident less than 2 years,0,0,0,0,0,0,0
S01010835,Born outside the UK: Resident 2 years or more and less than 5 years,0,0,0,0,0,0,0
S01010835,Born outside the UK: Resident 5 years or more and less than 10 years,1,1,0,1,0,0,0
S01010835,Born outside the UK: Resident 10 years or more,25,24,13,11,1,0,1
S01010836,All people in households,771,662,288,374,109,12,97
S01010836,Born in the UK,747,645,281,364,102,12,90
S01010836,Born outside the UK: Total,24,17,7,10,7,0,7
S01010836,Born outside the UK: Resident less than 2 years,0,0,0,0,0,0,0
S01010836,Born outside the UK: Resident 2 years or more and less than 5 years,5,1,0,1,4,0,4
S01010836,Born outside the UK: Resident 5 years or more and less than 10 years,1,0,0,0,1,0,1
S01010836,Born outside the UK: Resident 10 years or more,18,16,7,9,2,0,2
S01010837,All people in households,660,581,249,332,79,46,33
S01010837,Born in the UK,655,577,248,329,78,46,32
S01010837,Born outside the UK: Total,5,4,1,3,1,0,1
S01010837,Born outside the UK: Resident less than 2 years,0,0,0,0,0,0,0
S01010837,Born outside the UK: Resident 2 years or more and less than 5 years,0,0,0,0,0,0,0
S01010837,Born outside the UK: Resident 5 years or more and less than 10 years,1,0,0,0,1,0,1
S01010837,Born outside the UK: Resident 10 years or more,4,4,1,3,0,0,0
S01010838,All people in households,842,703,223,480,139,96,43
S01010838,Born in the UK,830,692,219,473,138,96,42
S01010838,Born outside the UK: Total,12,11,4,7,1,0,1
S01010838,Born outside the UK: Resident less than 2 years,0,0,0,0,0,0,0
S01010838,Born outside the UK: Resident 2 years or more and less than 5 years,1,1,0,1,0,0,0
S01010838,Born outside the UK: Resident 5 years or more and less than 10 years,0,0,0,0,0,0,0
S01010838,Born outside the UK: Resident 10 years or more,11,10,4,6,1,0,1
S01010839,All people in households,729,625,225,400,104,69,35
S01010839,Born in the UK,712,610,221,389,102,69,33
S01010839,Born outside the UK: Total,17,15,4,11,2,0,2
S01010839,Born outside the UK: Resident less than 2 years,0,0,0,0,0,0,0
S01010839,Born outside the UK: Resident 2 years or more and less than 5 years,4,2,0,2,2,0,2
S01010839,Born outside the UK: Resident 5 years or more and less than 10 years,2,2,0,2,0,0,0
S01010839,Born outside the UK: Resident 10 years or more,11,11,4,7,0,0,0
S01010840,All people in households,490,379,160,219,111,19,92
S01010840,Born in the UK,469,367,156,211,102,16,86
S01010840,Born outside the UK: Total,21,12,4,8,9,3,6
S01010840,Born outside the UK: Resident less than 2 years,0,0,0,0,0,0,0
S01010840,Born outside the UK: Resident 2 years or more and less than 5 years,3,2,0,2,1,0,1
S01010840,Born outside the UK: Resident 5 years or more and less than 10 years,4,1,0,1,3,2,1
S01010840,Born outside the UK: Resident 10 years or more,14,9,4,5,5,1,4
S01010841,All people in households,748,581,230,351,167,21,146
S01010841,Born in the UK,714,559,222,337,155,20,135
S01010841,Born outside the UK: Total,34,22,8,14,12,1,11
S01010841,Born outside the UK: Resident less than 2 years,3,0,0,0,3,0,3
S01010841,Born outside the UK: Resident 2 years or more and less than 5 years,3,1,0,1,2,0,2
S01010841,Born outside the UK: Resident 5 years or more and less than 10 years,9,6,0,6,3,0,3
S01010841,Born outside the UK: Resident 10 years or more,19,15,8,7,4,1,3
S01010842,All people in households,899,417,181,236,482,222,260
S01010842,Born in the UK,858,396,176,220,462,218,244
S01010842,Born outside the UK: Total,41,21,5,16,20,4,16
S01010842,Born outside the UK: Resident less than 2 years,7,1,0,1,6,0,6
S01010842,Born outside the UK: Resident 2 years or more and less than 5 years,7,2,0,2,5,0,5
S01010842,Born outside the UK: Resident 5 years or more and less than 10 years,8,5,1,4,3,0,3
S01010842,Born outside the UK: Resident 10 years or more,19,13,4,9,6,4,2
S01010843,All people in households,643,365,158,207,278,134,144
S01010843,Born in the UK,625,358,153,205,267,131,136
S01010843,Born outside the UK: Total,18,7,5,2,11,3,8
S01010843,Born outside the UK: Resident less than 2 years,3,0,0,0,3,0,3
S01010843,Born outside the UK: Resident 2 years or more and less than 5 years,2,2,1,1,0,0,0
S01010843,Born outside the UK: Resident 5 years or more and less than 10 years,3,0,0,0,3,0,3
S01010843,Born outside the UK: Resident 10 years or more,10,5,4,1,5,3,2
S01010844,All people in households,668,636,282,354,32,14,18
S01010844,Born in the UK,654,625,278,347,29,13,16
S01010844,Born outside the UK: Total,14,11,4,7,3,1,2
S01010844,Born outside the UK: Resident less than 2 years,0,0,0,0,0,0,0
S01010844,Born outside the UK: Resident 2 years or more and less than 5 years,1,1,1,0,0,0,0
S01010844,Born outside the UK: Resident 5 years or more and less than 10 years,1,1,0,1,0,0,0
S01010844,Born outside the UK: Resident 10 years or more,12,9,3,6,3,1,2
S01010845,All people in households,619,544,242,302,75,44,31
S01010845,Born in the UK,605,531,235,296,74,44,30
S01010845,Born outside the UK: Total,14,13,7,6,1,0,1
S01010845,Born outside the UK: Resident less than 2 years,0,0,0,0,0,0,0
S01010845,Born outside the UK: Resident 2 years or more and less than 5 years,1,1,1,0,0,0,0
S01010845,Born outside the UK: Resident 5 years or more and less than 10 years,2,2,2,0,0,0,0
S01010845,Born outside the UK: Resident 10 years or more,11,10,4,6,1,0,1
S01010846,All people in households,765,575,151,424,190,147,43
S01010846,Born in the UK,750,562,146,416,188,145,43
S01010846,Born outside the UK: Total,15,13,5,8,2,2,0
S01010846,Born outside the UK: Resident less than 2 years,0,0,0,0,0,0,0
S01010846,Born outside the UK: Resident 2 years or more and less than 5 years,1,1,0,1,0,0,0
S01010846,Born outside the UK: Resident 5 years or more and less than 10 years,3,3,0,3,0,0,0
S01010846,Born outside the UK: Resident 10 years or more,11,9,5,4,2,2,0
S01010847,All people in households,649,600,137,463,49,21,28
S01010847,Born in the UK,629,585,132,453,44,21,23
S01010847,Born outside the UK: Total,20,15,5,10,5,0,5
S01010847,Born outside the UK: Resident less than 2 years,0,0,0,0,0,0,0
S01010847,Born outside the UK: Resident 2 years or more and less than 5 years,5,0,0,0,5,0,5
S01010847,Born outside the UK: Resident 5 years or more and less than 10 years,2,2,0,2,0,0,0
S01010847,Born outside the UK: Resident 10 years or more,13,13,5,8,0,0,0
S01010848,All people in households,665,336,105,231,329,276,53
S01010848,Born in the UK,658,332,102,230,326,273,53
S01010848,Born outside the UK: Total,7,4,3,1,3,3,0
S01010848,Born outside the UK: Resident less than 2 years,0,0,0,0,0,0,0
S01010848,Born outside the UK: Resident 2 years or more and less than 5 years,1,0,0,0,1,1,0
S01010848,Born outside the UK: Resident 5 years or more and less than 10 years,0,0,0,0,0,0,0
S01010848,Born outside the UK: Resident 10 years or more,6,4,3,1,2,2,0
S01010849,All people in households,951,499,153,346,452,394,58
S01010849,Born in the UK,924,491,151,340,433,386,47
S01010849,Born outside the UK: Total,27,8,2,6,19,8,11
S01010849,Born outside the UK: Resident less than 2 years,2,1,0,1,1,1,0
S01010849,Born outside the UK: Resident 2 years or more and less than 5 years,11,0,0,0,11,6,5
S01010849,Born outside the UK: Resident 5 years or more and less than 10 years,6,0,0,0,6,0,6
S01010849,Born outside the UK: Resident 10 years or more,8,7,2,5,1,1,0
S01010850,All people in households,801,406,112,294,395,349,46
S01010850,Born in the UK,791,399,112,287,392,346,46
S01010850,Born outside the UK: Total,10,7,0,7,3,3,0
S01010850,Born outside the UK: Resident less than 2 years,0,0,0,0,0,0,0
S01010850,Born outside the UK: Resident 2 years or more and less than 5 years,0,0,0,0,0,0,0
S01010850,Born outside the UK: Resident 5 years or more and less than 10 years,0,0,0,0,0,0,0
S01010850,Born outside the UK: Resident 10 years or more,10,7,0,7,3,3,0
S01010851,All people in households,814,430,106,324,384,302,82
S01010851,Born in the UK,794,416,102,314,378,297,81
S01010851,Born outside the UK: Total,20,14,4,10,6,5,1
S01010851,Born outside the UK: Resident less than 2 years,0,0,0,0,0,0,0
S01010851,Born outside the UK: Resident 2 years or more and less than 5 years,0,0,0,0,0,0,0
S01010851,Born outside the UK: Resident 5 years or more and less than 10 years,4,3,0,3,1,0,1
S01010851,Born outside the UK: Resident 10 years or more,16,11,4,7,5,5,0
S01010852,All people in households,722,558,155,403,164,139,25
S01010852,Born in the UK,710,549,149,400,161,136,25
S01010852,Born outside the UK: Total,12,9,6,3,3,3,0
S01010852,Born outside the UK: Resident less than 2 years,0,0,0,0,0,0,0
S01010852,Born outside the UK: Resident 2 years or more and less than 5 years,0,0,0,0,0,0,0
S01010852,Born outside the UK: Resident 5 years or more and less than 10 years,1,1,0,1,0,0,0
S01010852,Born outside the UK: Resident 10 years or more,11,8,6,2,3,3,0
S01010853,All people in households,882,688,209,479,194,149,45
S01010853,Born in the UK,868,676,207,469,192,147,45
S01010853,Born outside the UK: Total,14,12,2,10,2,2,0
S01010853,Born outside the UK: Resident less than 2 years,1,1,0,1,0,0,0
S01010853,Born outside the UK: Resident 2 years or more and less than 5 years,1,1,0,1,0,0,0
S01010853,Born outside the UK: Resident 5 years or more and less than 10 years,0,0,0,0,0,0,0
S01010853,Born outside the UK: Resident 10 years or more,12,10,2,8,2,2,0
S01010854,All people in households,923,441,111,330,482,436,46
S01010854,Born in the UK,899,434,110,324,465,421,44
S01010854,Born outside the UK: Total,24,7,1,6,17,15,2
S01010854,Born outside the UK: Resident less than 2 years,4,0,0,0,4,4,0
S01010854,Born outside the UK: Resident 2 years or more and less than 5 years,4,0,0,0,4,4,0
S01010854,Born outside the UK: Resident 5 years or more and less than 10 years,3,1,0,1,2,2,0
S01010854,Born outside the UK: Resident 10 years or more,13,6,1,5,7,5,2
S01010855,All people in households,560,372,113,259,188,139,49
S01010855,Born in the UK,551,371,112,259,180,138,42
S01010855,Born outside the UK: Total,9,1,1,0,8,1,7
S01010855,Born outside the UK: Resident less than 2 years,0,0,0,0,0,0,0
S01010855,Born outside the UK: Resident 2 years or more and less than 5 years,4,0,0,0,4,0,4
S01010855,Born outside the UK: Resident 5 years or more and less than 10 years,1,0,0,0,1,0,1
S01010855,Born outside the UK: Resident 10 years or more,4,1,1,0,3,1,2
S01010856,All people in households,869,539,202,337,330,278,52
S01010856,Born in the UK,852,526,194,332,326,276,50
S01010856,Born outside the UK: Total,17,13,8,5,4,2,2
S01010856,Born outside the UK: Resident less than 2 years,0,0,0,0,0,0,0
S01010856,Born outside the UK: Resident 2 years or more and less than 5 years,4,3,0,3,1,0,1
S01010856,Born outside the UK: Resident 5 years or more and less than 10 years,2,0,0,0,2,1,1
S01010856,Born outside the UK: Resident 10 years or more,11,10,8,2,1,1,0
S01010857,All people in households,842,633,103,530,209,180,29
S01010857,Born in the UK,828,623,100,523,205,177,28
S01010857,Born outside the UK: Total,14,10,3,7,4,3,1
S01010857,Born outside the UK: Resident less than 2 years,0,0,0,0,0,0,0
S01010857,Born outside the UK: Resident 2 years or more and less than 5 years,0,0,0,0,0,0,0
S01010857,Born outside the UK: Resident 5 years or more and less than 10 years,0,0,0,0,0,0,0
S01010857,Born outside the UK: Resident 10 years or more,14,10,3,7,4,3,1
S01010858,All people in households,725,475,149,326,250,210,40
S01010858,Born in the UK,706,463,146,317,243,208,35
S01010858,Born outside the UK: Total,19,12,3,9,7,2,5
S01010858,Born outside the UK: Resident less than 2 years,6,4,0,4,2,0,2
S01010858,Born outside the UK: Resident 2 years or more and less than 5 years,1,0,0,0,1,0,1
S01010858,Born outside the UK: Resident 5 years or more and less than 10 years,5,2,0,2,3,1,2
S01010858,Born outside the UK: Resident 10 years or more,7,6,3,3,1,1,0
S01010859,All people in households,734,448,90,358,286,248,38
S01010859,Born in the UK,725,442,90,352,283,246,37
S01010859,Born outside the UK: Total,9,6,0,6,3,2,1
S01010859,Born outside the UK: Resident less than 2 years,2,2,0,2,0,0,0
S01010859,Born outside the UK: Resident 2 years or more and less than 5 years,0,0,0,0,0,0,0
S01010859,Born outside the UK: Resident 5 years or more and less than 10 years,2,0,0,0,2,2,0
S01010859,Born outside the UK: Resident 10 years or more,5,4,0,4,1,0,1
S01010860,All people in households,626,447,143,304,179,143,36
S01010860,Born in the UK,609,440,139,301,169,137,32
S01010860,Born outside the UK: Total,17,7,4,3,10,6,4
S01010860,Born outside the UK: Resident less than 2 years,1,1,1,0,0,0,0
S01010860,Born outside the UK: Resident 2 years or more and less than 5 years,2,0,0,0,2,0,2
S01010860,Born outside the UK: Resident 5 years or more and less than 10 years,5,4,1,3,1,0,1
S01010860,Born outside the UK: Resident 10 years or more,9,2,2,0,7,6,1
S01010861,All people in households,649,322,101,221,327,249,78
S01010861,Born in the UK,630,317,100,217,313,242,71
S01010861,Born outside the UK: Total,19,5,1,4,14,7,7
S01010861,Born outside the UK: Resident less than 2 years,2,0,0,0,2,0,2
S01010861,Born outside the UK: Resident 2 years or more and less than 5 years,1,0,0,0,1,0,1
S01010861,Born outside the UK: Resident 5 years or more and less than 10 years,5,1,0,1,4,2,2
S01010861,Born outside the UK: Resident 10 years or more,11,4,1,3,7,5,2
S01010862,All people in households,540,113,25,88,427,391,36
S01010862,Born in the UK,535,111,24,87,424,388,36
S01010862,Born outside the UK: Total,5,2,1,1,3,3,0
S01010862,Born outside the UK: Resident less than 2 years,0,0,0,0,0,0,0
S01010862,Born outside the UK: Resident 2 years or more and less than 5 years,0,0,0,0,0,0,0
S01010862,Born outside the UK: Resident 5 years or more and less than 10 years,1,0,0,0,1,1,0
S01010862,Born outside the UK: Resident 10 years or more,4,2,1,1,2,2,0
S01010863,All people in households,747,625,260,365,122,45,77
S01010863,Born in the UK,724,607,251,356,117,45,72
S01010863,Born outside the UK: Total,23,18,9,9,5,0,5
S01010863,Born outside the UK: Resident less than 2 years,0,0,0,0,0,0,0
S01010863,Born outside the UK: Resident 2 years or more and less than 5 years,2,0,0,0,2,0,2
S01010863,Born outside the UK: Resident 5 years or more and less than 10 years,5,4,3,1,1,0,1
S01010863,Born outside the UK: Resident 10 years or more,16,14,6,8,2,0,2
S01010864,All people in households,560,523,262,261,37,3,34
S01010864,Born in the UK,544,507,254,253,37,3,34
S01010864,Born outside the UK: Total,16,16,8,8,0,0,0
S01010864,Born outside the UK: Resident less than 2 years,0,0,0,0,0,0,0
S01010864,Born outside the UK: Resident 2 years or more and less than 5 years,0,0,0,0,0,0,0
S01010864,Born outside the UK: Resident 5 years or more and less than 10 years,1,1,0,1,0,0,0
S01010864,Born outside the UK: Resident 10 years or more,15,15,8,7,0,0,0
S01010865,All people in households,699,630,356,274,69,22,47
S01010865,Born in the UK,664,600,339,261,64,21,43
S01010865,Born outside the UK: Total,35,30,17,13,5,1,4
S01010865,Born outside the UK: Resident less than 2 years,5,2,0,2,3,0,3
S01010865,Born outside the UK: Resident 2 years or more and less than 5 years,1,1,0,1,0,0,0
S01010865,Born outside the UK: Resident 5 years or more and less than 10 years,2,2,0,2,0,0,0
S01010865,Born outside the UK: Resident 10 years or more,27,25,17,8,2,1,1
S01010866,All people in households,657,556,257,299,101,48,53
S01010866,Born in the UK,632,535,244,291,97,47,50
S01010866,Born outside the UK: Total,25,21,13,8,4,1,3
S01010866,Born outside the UK: Resident less than 2 years,0,0,0,0,0,0,0
S01010866,Born outside the UK: Resident 2 years or more and less than 5 years,1,0,0,0,1,0,1
S01010866,Born outside the UK: Resident 5 years or more and less than 10 years,1,1,0,1,0,0,0
S01010866,Born outside the UK: Resident 10 years or more,23,20,13,7,3,1,2
S01010867,All people in households,632,527,231,296,105,58,47
S01010867,Born in the UK,606,510,223,287,96,53,43
S01010867,Born outside the UK: Total,26,17,8,9,9,5,4
S01010867,Born outside the UK: Resident less than 2 years,1,1,0,1,0,0,0
S01010867,Born outside the UK: Resident 2 years or more and less than 5 years,2,2,0,2,0,0,0
S01010867,Born outside the UK: Resident 5 years or more and less than 10 years,3,1,1,0,2,0,2
S01010867,Born outside the UK: Resident 10 years or more,20,13,7,6,7,5,2
S01010868,All people in households,702,605,274,331,97,64,33
S01010868,Born in the UK,675,581,263,318,94,63,31
S01010868,Born outside the UK: Total,27,24,11,13,3,1,2
S01010868,Born outside the UK: Resident less than 2 years,3,3,2,1,0,0,0
S01010868,Born outside the UK: Resident 2 years or more and less than 5 years,4,3,1,2,1,1,0
S01010868,Born outside the UK: Resident 5 years or more and less than 10 years,2,2,0,2,0,0,0
S01010868,Born outside the UK: Resident 10 years or more,18,16,8,8,2,0,2
S01010869,All people in households,756,707,311,396,49,9,40
S01010869,Born in the UK,723,679,299,380,44,8,36
S01010869,Born outside the UK: Total,33,28,12,16,5,1,4
S01010869,Born outside the UK: Resident less than 2 years,0,0,0,0,0,0,0
S01010869,Born outside the UK: Resident 2 years or more and less than 5 years,4,1,1,0,3,0,3
S01010869,Born outside the UK: Resident 5 years or more and less than 10 years,2,0,0,0,2,1,1
S01010869,Born outside the UK: Resident 10 years or more,27,27,11,16,0,0,0
S01010870,All people in households,771,564,249,315,207,45,162
S01010870,Born in the UK,729,538,240,298,191,45,146
S01010870,Born outside the UK: Total,42,26,9,17,16,0,16
S01010870,Born outside the UK: Resident less than 2 years,9,3,1,2,6,0,6
S01010870,Born outside the UK: Resident 2 years or more and less than 5 years,3,2,2,0,1,0,1
S01010870,Born outside the UK: Resident 5 years or more and less than 10 years,6,1,0,1,5,0,5
S01010870,Born outside the UK: Resident 10 years or more,24,20,6,14,4,0,4
S01010871,All people in households,853,628,216,412,225,21,204
S01010871,Born in the UK,806,600,205,395,206,20,186
S01010871,Born outside the UK: Total,47,28,11,17,19,1,18
S01010871,Born outside the UK: Resident less than 2 years,6,1,0,1,5,0,5
S01010871,Born outside the UK: Resident 2 years or more and less than 5 years,11,4,0,4,7,0,7
S01010871,Born outside the UK: Resident 5 years or more and less than 10 years,7,3,1,2,4,0,4
S01010871,Born outside the UK: Resident 10 years or more,23,20,10,10,3,1,2
S01010872,All people in households,715,481,124,357,234,74,160
S01010872,Born in the UK,678,463,117,346,215,70,145
S01010872,Born outside the UK: Total,37,18,7,11,19,4,15
S01010872,Born outside the UK: Resident less than 2 years,8,2,1,1,6,2,4
S01010872,Born outside the UK: Resident 2 years or more and less than 5 years,6,3,0,3,3,0,3
S01010872,Born outside the UK: Resident 5 years or more and less than 10 years,8,1,0,1,7,0,7
S01010872,Born outside the UK: Resident 10 years or more,15,12,6,6,3,2,1
S01010873,All people in households,547,132,54,78,415,311,104
S01010873,Born in the UK,521,123,53,70,398,302,96
S01010873,Born outside the UK: Total,26,9,1,8,17,9,8
S01010873,Born outside the UK: Resident less than 2 years,3,1,0,1,2,0,2
S01010873,Born outside the UK: Resident 2 years or more and less than 5 years,4,2,0,2,2,0,2
S01010873,Born outside the UK: Resident 5 years or more and less than 10 years,5,1,0,1,4,0,4
S01010873,Born outside the UK: Resident 10 years or more,14,5,1,4,9,9,0
S01010874,All people in households,771,643,203,440,128,15,113
S01010874,Born in the UK,744,628,196,432,116,15,101
S01010874,Born outside the UK: Total,27,15,7,8,12,0,12
S01010874,Born outside the UK: Resident less than 2 years,6,1,1,0,5,0,5
S01010874,Born outside the UK: Resident 2 years or more and less than 5 years,4,0,0,0,4,0,4
S01010874,Born outside the UK: Resident 5 years or more and less than 10 years,2,0,0,0,2,0,2
S01010874,Born outside the UK: Resident 10 years or more,15,14,6,8,1,0,1
S01010875,All people in households,517,342,101,241,175,52,123
S01010875,Born in the UK,481,330,98,232,151,48,103
S01010875,Born outside the UK: Total,36,12,3,9,24,4,20
S01010875,Born outside the UK: Resident less than 2 years,13,2,1,1,11,4,7
S01010875,Born outside the UK: Resident 2 years or more and less than 5 years,11,1,0,1,10,0,10
S01010875,Born outside the UK: Resident 5 years or more and less than 10 years,2,1,0,1,1,0,1
S01010875,Born outside the UK: Resident 10 years or more,10,8,2,6,2,0,2
S01010876,All people in households,740,286,117,169,454,277,177
S01010876,Born in the UK,711,275,114,161,436,273,163
S01010876,Born outside the UK: Total,29,11,3,8,18,4,14
S01010876,Born outside the UK: Resident less than 2 years,5,1,1,0,4,1,3
S01010876,Born outside the UK: Resident 2 years or more and less than 5 years,8,1,1,0,7,2,5
S01010876,Born outside the UK: Resident 5 years or more and less than 10 years,10,6,0,6,4,0,4
S01010876,Born outside the UK: Resident 10 years or more,6,3,1,2,3,1,2
S01010877,All people in households,958,580,226,354,378,246,132
S01010877,Born in the UK,928,560,222,338,368,245,123
S01010877,Born outside the UK: Total,30,20,4,16,10,1,9
S01010877,Born outside the UK: Resident less than 2 years,1,0,0,0,1,0,1
S01010877,Born outside the UK: Resident 2 years or more and less than 5 years,7,3,0,3,4,0,4
S01010877,Born outside the UK: Resident 5 years or more and less than 10 years,6,3,0,3,3,1,2
S01010877,Born outside the UK: Resident 10 years or more,16,14,4,10,2,0,2
S01010878,All people in households,977,674,284,390,303,157,146
S01010878,Born in the UK,959,664,278,386,295,153,142
S01010878,Born outside the UK: Total,18,10,6,4,8,4,4
S01010878,Born outside the UK: Resident less than 2 years,0,0,0,0,0,0,0
S01010878,Born outside the UK: Resident 2 years or more and less than 5 years,1,0,0,0,1,0,1
S01010878,Born outside the UK: Resident 5 years or more and less than 10 years,6,0,0,0,6,3,3
S01010878,Born outside the UK: Resident 10 years or more,11,10,6,4,1,1,0
S01010879,All people in households,829,654,223,431,175,122,53
S01010879,Born in the UK,817,644,219,425,173,122,51
S01010879,Born outside the UK: Total,12,10,4,6,2,0,2
S01010879,Born outside the UK: Resident less than 2 years,0,0,0,0,0,0,0
S01010879,Born outside the UK: Resident 2 years or more and less than 5 years,2,0,0,0,2,0,2
S01010879,Born outside the UK: Resident 5 years or more and less than 10 years,2,2,0,2,0,0,0
S01010879,Born outside the UK: Resident 10 years or more,8,8,4,4,0,0,0
S01010880,All people in households,549,284,124,160,265,230,35
S01010880,Born in the UK,533,276,121,155,257,222,35
S01010880,Born outside the UK: Total,16,8,3,5,8,8,0
S01010880,Born outside the UK: Resident less than 2 years,0,0,0,0,0,0,0
S01010880,Born outside the UK: Resident 2 years or more and less than 5 years,4,0,0,0,4,4,0
S01010880,Born outside the UK: Resident 5 years or more and less than 10 years,2,0,0,0,2,2,0
S01010880,Born outside the UK: Resident 10 years or more,10,8,3,5,2,2,0
S01010881,All people in households,621,545,222,323,76,53,23
S01010881,Born in the UK,615,539,221,318,76,53,23
S01010881,Born outside the UK: Total,6,6,1,5,0,0,0
S01010881,Born outside the UK: Resident less than 2 years,1,1,0,1,0,0,0
S01010881,Born outside the UK: Resident 2 years or more and less than 5 years,0,0,0,0,0,0,0
S01010881,Born outside the UK: Resident 5 years or more and less than 10 years,1,1,0,1,0,0,0
S01010881,Born outside the UK: Resident 10 years or more,4,4,1,3,0,0,0
S01010882,All people in households,557,473,121,352,84,66,18
S01010882,Born in the UK,546,464,118,346,82,64,18
S01010882,Born outside the UK: Total,11,9,3,6,2,2,0
S01010882,Born outside the UK: Resident less than 2 years,0,0,0,0,0,0,0
S01010882,Born outside the UK: Resident 2 years or more and less than 5 years,0,0,0,0,0,0,0
S01010882,Born outside the UK: Resident 5 years or more and less than 10 years,1,1,0,1,0,0,0
S01010882,Born outside the UK: Resident 10 years or more,10,8,3,5,2,2,0
S01010883,All people in households,839,722,185,537,117,102,15
S01010883,Born in the UK,807,697,174,523,110,98,12
S01010883,Born outside the UK: Total,32,25,11,14,7,4,3
S01010883,Born outside the UK: Resident less than 2 years,0,0,0,0,0,0,0
S01010883,Born outside the UK: Resident 2 years or more and less than 5 years,2,0,0,0,2,0,2
S01010883,Born outside the UK: Resident 5 years or more and less than 10 years,1,0,0,0,1,0,1
S01010883,Born outside the UK: Resident 10 years or more,29,25,11,14,4,4,0
S01010884,All people in households,723,281,125,156,442,381,61
S01010884,Born in the UK,718,278,124,154,440,380,60
S01010884,Born outside the UK: Total,5,3,1,2,2,1,1
S01010884,Born outside the UK: Resident less than 2 years,0,0,0,0,0,0,0
S01010884,Born outside the UK: Resident 2 years or more and less than 5 years,0,0,0,0,0,0,0
S01010884,Born outside the UK: Resident 5 years or more and less than 10 years,0,0,0,0,0,0,0
S01010884,Born outside the UK: Resident 10 years or more,5,3,1,2,2,1,1
S01010885,All people in households,946,325,90,235,621,509,112
S01010885,Born in the UK,909,314,88,226,595,501,94
S01010885,Born outside the UK: Total,37,11,2,9,26,8,18
S01010885,Born outside the UK: Resident less than 2 years,5,0,0,0,5,0,5
S01010885,Born outside the UK: Resident 2 years or more and less than 5 years,10,3,0,3,7,0,7
S01010885,Born outside the UK: Resident 5 years or more and less than 10 years,5,2,1,1,3,0,3
S01010885,Born outside the UK: Resident 10 years or more,17,6,1,5,11,8,3
S01010886,All people in households,448,237,77,160,211,118,93
S01010886,Born in the UK,440,234,76,158,206,118,88
S01010886,Born outside the UK: Total,8,3,1,2,5,0,5
S01010886,Born outside the UK: Resident less than 2 years,2,0,0,0,2,0,2
S01010886,Born outside the UK: Resident 2 years or more and less than 5 years,0,0,0,0,0,0,0
S01010886,Born outside the UK: Resident 5 years or more and less than 10 years,4,1,1,0,3,0,3
S01010886,Born outside the UK: Resident 10 years or more,2,2,0,2,0,0,0
S01010887,All people in households,821,309,105,204,512,447,65
S01010887,Born in the UK,809,305,104,201,504,444,60
S01010887,Born outside the UK: Total,12,4,1,3,8,3,5
S01010887,Born outside the UK: Resident less than 2 years,0,0,0,0,0,0,0
S01010887,Born outside the UK: Resident 2 years or more and less than 5 years,1,1,0,1,0,0,0
S01010887,Born outside the UK: Resident 5 years or more and less than 10 years,5,1,0,1,4,0,4
S01010887,Born outside the UK: Resident 10 years or more,6,2,1,1,4,3,1
S01010888,All people in households,768,428,198,230,340,226,114
S01010888,Born in the UK,741,417,196,221,324,221,103
S01010888,Born outside the UK: Total,27,11,2,9,16,5,11
S01010888,Born outside the UK: Resident less than 2 years,2,0,0,0,2,0,2
S01010888,Born outside the UK: Resident 2 years or more and less than 5 years,4,1,0,1,3,0,3
S01010888,Born outside the UK: Resident 5 years or more and less than 10 years,5,1,0,1,4,3,1
S01010888,Born outside the UK: Resident 10 years or more,16,9,2,7,7,2,5
S01010889,All people in households,524,166,39,127,358,283,75
S01010889,Born in the UK,508,161,37,124,347,277,70
S01010889,Born outside the UK: Total,16,5,2,3,11,6,5
S01010889,Born outside the UK: Resident less than 2 years,2,0,0,0,2,0,2
S01010889,Born outside the UK: Resident 2 years or more and less than 5 years,2,0,0,0,2,0,2
S01010889,Born outside the UK: Resident 5 years or more and less than 10 years,1,0,0,0,1,0,1
S01010889,Born outside the UK: Resident 10 years or more,11,5,2,3,6,6,0
S01010890,All people in households,769,341,161,180,428,305,123
S01010890,Born in the UK,754,336,157,179,418,301,117
S01010890,Born outside the UK: Total,15,5,4,1,10,4,6
S01010890,Born outside the UK: Resident less than 2 years,6,0,0,0,6,1,5
S01010890,Born outside the UK: Resident 2 years or more and less than 5 years,1,1,1,0,0,0,0
S01010890,Born outside the UK: Resident 5 years or more and less than 10 years,1,0,0,0,1,1,0
S01010890,Born outside the UK: Resident 10 years or more,7,4,3,1,3,2,1
S01010891,All people in households,397,83,34,49,314,203,111
S01010891,Born in the UK,375,80,33,47,295,196,99
S01010891,Born outside the UK: Total,22,3,1,2,19,7,12
S01010891,Born outside the UK: Resident less than 2 years,5,0,0,0,5,2,3
S01010891,Born outside the UK: Resident 2 years or more and less than 5 years,2,1,0,1,1,0,1
S01010891,Born outside the UK: Resident 5 years or more and less than 10 years,2,0,0,0,2,0,2
S01010891,Born outside the UK: Resident 10 years or more,13,2,1,1,11,5,6
S01010892,All people in households,819,350,128,222,469,338,131
S01010892,Born in the UK,795,344,124,220,451,331,120
S01010892,Born outside the UK: Total,24,6,4,2,18,7,11
S01010892,Born outside the UK: Resident less than 2 years,3,0,0,0,3,1,2
S01010892,Born outside the UK: Resident 2 years or more and less than 5 years,8,1,1,0,7,1,6
S01010892,Born outside the UK: Resident 5 years or more and less than 10 years,3,1,1,0,2,1,1
S01010892,Born outside the UK: Resident 10 years or more,10,4,2,2,6,4,2
S01010893,All people in households,511,158,64,94,353,292,61
S01010893,Born in the UK,501,158,64,94,343,284,59
S01010893,Born outside the UK: Total,10,0,0,0,10,8,2
S01010893,Born outside the UK: Resident less than 2 years,3,0,0,0,3,3,0
S01010893,Born outside the UK: Resident 2 years or more and less than 5 years,1,0,0,0,1,0,1
S01010893,Born outside the UK: Resident 5 years or more and less than 10 years,3,0,0,0,3,2,1
S01010893,Born outside the UK: Resident 10 years or more,3,0,0,0,3,3,0
S01010894,All people in households,596,298,57,241,298,203,95
S01010894,Born in the UK,576,290,54,236,286,197,89
S01010894,Born outside the UK: Total,20,8,3,5,12,6,6
S01010894,Born outside the UK: Resident less than 2 years,3,0,0,0,3,3,0
S01010894,Born outside the UK: Resident 2 years or more and less than 5 years,5,1,0,1,4,0,4
S01010894,Born outside the UK: Resident 5 years or more and less than 10 years,5,2,0,2,3,2,1
S01010894,Born outside the UK: Resident 10 years or more,7,5,3,2,2,1,1
S01010895,All people in households,411,203,106,97,208,184,24
S01010895,Born in the UK,407,202,105,97,205,181,24
S01010895,Born outside the UK: Total,4,1,1,0,3,3,0
S01010895,Born outside the UK: Resident less than 2 years,0,0,0,0,0,0,0
S01010895,Born outside the UK: Resident 2 years or more and less than 5 years,0,0,0,0,0,0,0
S01010895,Born outside the UK: Resident 5 years or more and less than 10 years,0,0,0,0,0,0,0
S01010895,Born outside the UK: Resident 10 years or more,4,1,1,0,3,3,0
S01010896,All people in households,667,338,143,195,329,277,52
S01010896,Born in the UK,662,336,142,194,326,275,51
S01010896,Born outside the UK: Total,5,2,1,1,3,2,1
S01010896,Born outside the UK: Resident less than 2 years,0,0,0,0,0,0,0
S01010896,Born outside the UK: Resident 2 years or more and less than 5 years,0,0,0,0,0,0,0
S01010896,Born outside the UK: Resident 5 years or more and less than 10 years,1,0,0,0,1,0,1
S01010896,Born outside the UK: Resident 10 years or more,4,2,1,1,2,2,0
S01010897,All people in households,836,242,99,143,594,579,15
S01010897,Born in the UK,830,241,98,143,589,574,15
S01010897,Born outside the UK: Total,6,1,1,0,5,5,0
S01010897,Born outside the UK: Resident less than 2 years,0,0,0,0,0,0,0
S01010897,Born outside the UK: Resident 2 years or more and less than 5 years,2,0,0,0,2,2,0
S01010897,Born outside the UK: Resident 5 years or more and less than 10 years,0,0,0,0,0,0,0
S01010897,Born outside the UK: Resident 10 years or more,4,1,1,0,3,3,0
S01010898,All people in households,596,285,81,204,311,289,22
S01010898,Born in the UK,591,280,78,202,311,289,22
S01010898,Born outside the UK: Total,5,5,3,2,0,0,0
S01010898,Born outside the UK: Resident less than 2 years,1,1,0,1,0,0,0
S01010898,Born outside the UK: Resident 2 years or more and less than 5 years,0,0,0,0,0,0,0
S01010898,Born outside the UK: Resident 5 years or more and less than 10 years,0,0,0,0,0,0,0
S01010898,Born outside the UK: Resident 10 years or more,4,4,3,1,0,0,0
S01010899,All people in households,584,469,109,360,115,73,42
S01010899,Born in the UK,577,466,109,357,111,72,39
S01010899,Born outside the UK: Total,7,3,0,3,4,1,3
S01010899,Born outside the UK: Resident less than 2 years,0,0,0,0,0,0,0
S01010899,Born outside the UK: Resident 2 years or more and less than 5 years,3,1,0,1,2,0,2
S01010899,Born outside the UK: Resident 5 years or more and less than 10 years,0,0,0,0,0,0,0
S01010899,Born outside the UK: Resident 10 years or more,4,2,0,2,2,1,1
S01010900,All people in households,688,350,91,259,338,174,164
S01010900,Born in the UK,680,345,90,255,335,174,161
S01010900,Born outside the UK: Total,8,5,1,4,3,0,3
S01010900,Born outside the UK: Resident less than 2 years,0,0,0,0,0,0,0
S01010900,Born outside the UK: Resident 2 years or more and less than 5 years,0,0,0,0,0,0,0
S01010900,Born outside the UK: Resident 5 years or more and less than 10 years,1,0,0,0,1,0,1
S01010900,Born outside the UK: Resident 10 years or more,7,5,1,4,2,0,2
S01010901,All people in households,465,141,65,76,324,307,17
S01010901,Born in the UK,457,135,63,72,322,305,17
S01010901,Born outside the UK: Total,8,6,2,4,2,2,0
S01010901,Born outside the UK: Resident less than 2 years,0,0,0,0,0,0,0
S01010901,Born outside the UK: Resident 2 years or more and less than 5 years,1,1,0,1,0,0,0
S01010901,Born outside the UK: Resident 5 years or more and less than 10 years,0,0,0,0,0,0,0
S01010901,Born outside the UK: Resident 10 years or more,7,5,2,3,2,2,0
S01010902,All people in households,957,625,223,402,332,291,41
S01010902,Born in the UK,941,612,217,395,329,288,41
S01010902,Born outside the UK: Total,16,13,6,7,3,3,0
S01010902,Born outside the UK: Resident less than 2 years,1,1,0,1,0,0,0
S01010902,Born outside the UK: Resident 2 years or more and less than 5 years,4,4,3,1,0,0,0
S01010902,Born outside the UK: Resident 5 years or more and less than 10 years,2,1,1,0,1,1,0
S01010902,Born outside the UK: Resident 10 years or more,9,7,2,5,2,2,0
S01010903,All people in households,793,220,83,137,573,538,35
S01010903,Born in the UK,784,216,82,134,568,533,35
S01010903,Born outside the UK: Total,9,4,1,3,5,5,0
S01010903,Born outside the UK: Resident less than 2 years,0,0,0,0,0,0,0
S01010903,Born outside the UK: Resident 2 years or more and less than 5 years,0,0,0,0,0,0,0
S01010903,Born outside the UK: Resident 5 years or more and less than 10 years,0,0,0,0,0,0,0
S01010903,Born outside the UK: Resident 10 years or more,9,4,1,3,5,5,0
S01010904,All people in households,528,230,22,208,298,268,30
S01010904,Born in the UK,520,225,22,203,295,266,29
S01010904,Born outside the UK: Total,8,5,0,5,3,2,1
S01010904,Born outside the UK: Resident less than 2 years,0,0,0,0,0,0,0
S01010904,Born outside the UK: Resident 2 years or more and less than 5 years,0,0,0,0,0,0,0
S01010904,Born outside the UK: Resident 5 years or more and less than 10 years,2,1,0,1,1,1,0
S01010904,Born outside the UK: Resident 10 years or more,6,4,0,4,2,1,1
S01010905,All people in households,635,287,58,229,348,251,97
S01010905,Born in the UK,613,270,53,217,343,249,94
S01010905,Born outside the UK: Total,22,17,5,12,5,2,3
S01010905,Born outside the UK: Resident less than 2 years,0,0,0,0,0,0,0
S01010905,Born outside the UK: Resident 2 years or more and less than 5 years,3,1,0,1,2,0,2
S01010905,Born outside the UK: Resident 5 years or more and less than 10 years,8,7,0,7,1,0,1
S01010905,Born outside the UK: Resident 10 years or more,11,9,5,4,2,2,0
S01010906,All people in households,956,487,79,408,469,413,56
S01010906,Born in the UK,946,481,78,403,465,410,55
S01010906,Born outside the UK: Total,10,6,1,5,4,3,1
S01010906,Born outside the UK: Resident less than 2 years,0,0,0,0,0,0,0
S01010906,Born outside the UK: Resident 2 years or more and less than 5 years,1,1,1,0,0,0,0
S01010906,Born outside the UK: Resident 5 years or more and less than 10 years,4,2,0,2,2,1,1
S01010906,Born outside the UK: Resident 10 years or more,5,3,0,3,2,2,0
S01010907,All people in households,526,471,49,422,55,11,44
S01010907,Born in the UK,513,459,46,413,54,10,44
S01010907,Born outside the UK: Total,13,12,3,9,1,1,0
S01010907,Born outside the UK: Resident less than 2 years,1,1,1,0,0,0,0
S01010907,Born outside the UK: Resident 2 years or more and less than 5 years,0,0,0,0,0,0,0
S01010907,Born outside the UK: Resident 5 years or more and less than 10 years,3,2,0,2,1,1,0
S01010907,Born outside the UK: Resident 10 years or more,9,9,2,7,0,0,0
S01010908,All people in households,610,390,124,266,220,182,38
S01010908,Born in the UK,604,385,123,262,219,181,38
S01010908,Born outside the UK: Total,6,5,1,4,1,1,0
S01010908,Born outside the UK: Resident less than 2 years,0,0,0,0,0,0,0
S01010908,Born outside the UK: Resident 2 years or more and less than 5 years,0,0,0,0,0,0,0
S01010908,Born outside the UK: Resident 5 years or more and less than 10 years,1,1,0,1,0,0,0
S01010908,Born outside the UK: Resident 10 years or more,5,4,1,3,1,1,0
S01010909,All people in households,668,605,239,366,63,29,34
S01010909,Born in the UK,650,590,233,357,60,28,32
S01010909,Born outside the UK: Total,18,15,6,9,3,1,2
S01010909,Born outside the UK: Resident less than 2 years,2,2,1,1,0,0,0
S01010909,Born outside the UK: Resident 2 years or more and less than 5 years,0,0,0,0,0,0,0
S01010909,Born outside the UK: Resident 5 years or more and less than 10 years,0,0,0,0,0,0,0
S01010909,Born outside the UK: Resident 10 years or more,16,13,5,8,3,1,2
S01010910,All people in households,500,175,61,114,325,207,118
S01010910,Born in the UK,491,174,61,113,317,202,115
S01010910,Born outside the UK: Total,9,1,0,1,8,5,3
S01010910,Born outside the UK: Resident less than 2 years,0,0,0,0,0,0,0
S01010910,Born outside the UK: Resident 2 years or more and less than 5 years,0,0,0,0,0,0,0
S01010910,Born outside the UK: Resident 5 years or more and less than 10 years,2,1,0,1,1,0,1
S01010910,Born outside the UK: Resident 10 years or more,7,0,0,0,7,5,2
S01010911,All people in households,541,249,104,145,292,197,95
S01010911,Born in the UK,536,244,103,141,292,197,95
S01010911,Born outside the UK: Total,5,5,1,4,0,0,0
S01010911,Born outside the UK: Resident less than 2 years,0,0,0,0,0,0,0
S01010911,Born outside the UK: Resident 2 years or more and less than 5 years,0,0,0,0,0,0,0
S01010911,Born outside the UK: Resident 5 years or more and less than 10 years,0,0,0,0,0,0,0
S01010911,Born outside the UK: Resident 10 years or more,5,5,1,4,0,0,0
S01010912,All people in households,674,225,78,147,449,335,114
S01010912,Born in the UK,653,215,72,143,438,331,107
S01010912,Born outside the UK: Total,21,10,6,4,11,4,7
S01010912,Born outside the UK: Resident less than 2 years,3,0,0,0,3,0,3
S01010912,Born outside the UK: Resident 2 years or more and less than 5 years,0,0,0,0,0,0,0
S01010912,Born outside the UK: Resident 5 years or more and less than 10 years,1,0,0,0,1,0,1
S01010912,Born outside the UK: Resident 10 years or more,17,10,6,4,7,4,3
S01010913,All people in households,642,506,163,343,136,36,100
S01010913,Born in the UK,623,493,158,335,130,33,97
S01010913,Born outside the UK: Total,19,13,5,8,6,3,3
S01010913,Born outside the UK: Resident less than 2 years,2,1,1,0,1,0,1
S01010913,Born outside the UK: Resident 2 years or more and less than 5 years,1,0,0,0,1,0,1
S01010913,Born outside the UK: Resident 5 years or more and less than 10 years,6,4,0,4,2,2,0
S01010913,Born outside the UK: Resident 10 years or more,10,8,4,4,2,1,1
S01010914,All people in households,660,602,164,438,58,34,24
S01010914,Born in the UK,651,593,163,430,58,34,24
S01010914,Born outside the UK: Total,9,9,1,8,0,0,0
S01010914,Born outside the UK: Resident less than 2 years,0,0,0,0,0,0,0
S01010914,Born outside the UK: Resident 2 years or more and less than 5 years,1,1,0,1,0,0,0
S01010914,Born outside the UK: Resident 5 years or more and less than 10 years,1,1,0,1,0,0,0
S01010914,Born outside the UK: Resident 10 years or more,7,7,1,6,0,0,0
S01010915,All people in households,736,599,162,437,137,57,80
S01010915,Born in the UK,719,585,160,425,134,57,77
S01010915,Born outside the UK: Total,17,14,2,12,3,0,3
S01010915,Born outside the UK: Resident less than 2 years,1,1,0,1,0,0,0
S01010915,Born outside the UK: Resident 2 years or more and less than 5 years,0,0,0,0,0,0,0
S01010915,Born outside the UK: Resident 5 years or more and less than 10 years,4,4,0,4,0,0,0
S01010915,Born outside the UK: Resident 10 years or more,12,9,2,7,3,0,3
S01010916,All people in households,576,250,109,141,326,160,166
S01010916,Born in the UK,562,241,106,135,321,160,161
S01010916,Born outside the UK: Total,14,9,3,6,5,0,5
S01010916,Born outside the UK: Resident less than 2 years,0,0,0,0,0,0,0
S01010916,Born outside the UK: Resident 2 years or more and less than 5 years,3,1,0,1,2,0,2
S01010916,Born outside the UK: Resident 5 years or more and less than 10 years,5,3,0,3,2,0,2
S01010916,Born outside the UK: Resident 10 years or more,6,5,3,2,1,0,1
S01010917,All people in households,712,505,194,311,207,128,79
S01010917,Born in the UK,700,497,189,308,203,127,76
S01010917,Born outside the UK: Total,12,8,5,3,4,1,3
S01010917,Born outside the UK: Resident less than 2 years,0,0,0,0,0,0,0
S01010917,Born outside the UK: Resident 2 years or more and less than 5 years,3,0,0,0,3,0,3
S01010917,Born outside the UK: Resident 5 years or more and less than 10 years,1,1,0,1,0,0,0
S01010917,Born outside the UK: Resident 10 years or more,8,7,5,2,1,1,0
S01010918,All people in households,728,497,167,330,231,182,49
S01010918,Born in the UK,718,490,164,326,228,179,49
S01010918,Born outside the UK: Total,10,7,3,4,3,3,0
S01010918,Born outside the UK: Resident less than 2 years,0,0,0,0,0,0,0
S01010918,Born outside the UK: Resident 2 years or more and less than 5 years,0,0,0,0,0,0,0
S01010918,Born outside the UK: Resident 5 years or more and less than 10 years,1,1,1,0,0,0,0
S01010918,Born outside the UK: Resident 10 years or more,9,6,2,4,3,3,0
S01010919,All people in households,789,503,176,327,286,238,48
S01010919,Born in the UK,780,495,172,323,285,238,47
S01010919,Born outside the UK: Total,9,8,4,4,1,0,1
S01010919,Born outside the UK: Resident less than 2 years,0,0,0,0,0,0,0
S01010919,Born outside the UK: Resident 2 years or more and less than 5 years,0,0,0,0,0,0,0
S01010919,Born outside the UK: Resident 5 years or more and less than 10 years,1,0,0,0,1,0,1
S01010919,Born outside the UK: Resident 10 years or more,8,8,4,4,0,0,0
S01010920,All people in households,591,147,33,114,444,398,46
S01010920,Born in the UK,576,138,31,107,438,393,45
S01010920,Born outside the UK: Total,15,9,2,7,6,5,1
S01010920,Born outside the UK: Resident less than 2 years,0,0,0,0,0,0,0
S01010920,Born outside the UK: Resident 2 years or more and less than 5 years,0,0,0,0,0,0,0
S01010920,Born outside the UK: Resident 5 years or more and less than 10 years,1,0,0,0,1,1,0
S01010920,Born outside the UK: Resident 10 years or more,14,9,2,7,5,4,1
S01010921,All people in households,630,349,87,262,281,228,53
S01010921,Born in the UK,626,347,87,260,279,226,53
S01010921,Born outside the UK: Total,4,2,0,2,2,2,0
S01010921,Born outside the UK: Resident less than 2 years,0,0,0,0,0,0,0
S01010921,Born outside the UK: Resident 2 years or more and less than 5 years,0,0,0,0,0,0,0
S01010921,Born outside the UK: Resident 5 years or more and less than 10 years,0,0,0,0,0,0,0
S01010921,Born outside the UK: Resident 10 years or more,4,2,0,2,2,2,0
S01010922,All people in households,821,407,143,264,414,367,47
S01010922,Born in the UK,815,403,142,261,412,365,47
S01010922,Born outside the UK: Total,6,4,1,3,2,2,0
S01010922,Born outside the UK: Resident less than 2 years,0,0,0,0,0,0,0
S01010922,Born outside the UK: Resident 2 years or more and less than 5 years,0,0,0,0,0,0,0
S01010922,Born outside the UK: Resident 5 years or more and less than 10 years,1,1,0,1,0,0,0
S01010922,Born outside the UK: Resident 10 years or more,5,3,1,2,2,2,0
S01010923,All people in households,879,578,177,401,301,253,48
S01010923,Born in the UK,870,569,176,393,301,253,48
S01010923,Born outside the UK: Total,9,9,1,8,0,0,0
S01010923,Born outside the UK: Resident less than 2 years,0,0,0,0,0,0,0
S01010923,Born outside the UK: Resident 2 years or more and less than 5 years,1,1,0,1,0,0,0
S01010923,Born outside the UK: Resident 5 years or more and less than 10 years,0,0,0,0,0,0,0
S01010923,Born outside the UK: Resident 10 years or more,8,8,1,7,0,0,0
S01010924,All people in households,607,422,109,313,185,143,42
S01010924,Born in the UK,602,418,109,309,184,143,41
S01010924,Born outside the UK: Total,5,4,0,4,1,0,1
S01010924,Born outside the UK: Resident less than 2 years,0,0,0,0,0,0,0
S01010924,Born outside the UK: Resident 2 years or more and less than 5 years,0,0,0,0,0,0,0
S01010924,Born outside the UK: Resident 5 years or more and less than 10 years,0,0,0,0,0,0,0
S01010924,Born outside the UK: Resident 10 years or more,5,4,0,4,1,0,1
S01010925,All people in households,858,436,150,286,422,371,51
S01010925,Born in the UK,853,434,150,284,419,369,50
S01010925,Born outside the UK: Total,5,2,0,2,3,2,1
S01010925,Born outside the UK: Resident less than 2 years,1,0,0,0,1,1,0
S01010925,Born outside the UK: Resident 2 years or more and less than 5 years,0,0,0,0,0,0,0
S01010925,Born outside the UK: Resident 5 years or more and less than 10 years,1,1,0,1,0,0,0
S01010925,Born outside the UK: Resident 10 years or more,3,1,0,1,2,1,1
S01010926,All people in households,785,436,168,268,349,285,64
S01010926,Born in the UK,777,430,165,265,347,283,64
S01010926,Born outside the UK: Total,8,6,3,3,2,2,0
S01010926,Born outside the UK: Resident less than 2 years,1,1,0,1,0,0,0
S01010926,Born outside the UK: Resident 2 years or more and less than 5 years,0,0,0,0,0,0,0
S01010926,Born outside the UK: Resident 5 years or more and less than 10 years,0,0,0,0,0,0,0
S01010926,Born outside the UK: Resident 10 years or more,7,5,3,2,2,2,0
S01010927,All people in households,577,392,117,275,185,150,35
S01010927,Born in the UK,569,387,117,270,182,149,33
S01010927,Born outside the UK: Total,8,5,0,5,3,1,2
S01010927,Born outside the UK: Resident less than 2 years,0,0,0,0,0,0,0
S01010927,Born outside the UK: Resident 2 years or more and less than 5 years,1,1,0,1,0,0,0
S01010927,Born outside the UK: Resident 5 years or more and less than 10 years,4,2,0,2,2,1,1
S01010927,Born outside the UK: Resident 10 years or more,3,2,0,2,1,0,1
S01010928,All people in households,739,367,110,257,372,275,97
S01010928,Born in the UK,735,363,109,254,372,275,97
S01010928,Born outside the UK: Total,4,4,1,3,0,0,0
S01010928,Born outside the UK: Resident less than 2 years,0,0,0,0,0,0,0
S01010928,Born outside the UK: Resident 2 years or more and less than 5 years,0,0,0,0,0,0,0
S01010928,Born outside the UK: Resident 5 years or more and less than 10 years,1,1,1,0,0,0,0
S01010928,Born outside the UK: Resident 10 years or more,3,3,0,3,0,0,0
S01010929,All people in households,660,305,99,206,355,314,41
S01010929,Born in the UK,648,302,98,204,346,307,39
S01010929,Born outside the UK: Total,12,3,1,2,9,7,2
S01010929,Born outside the UK: Resident less than 2 years,2,0,0,0,2,0,2
S01010929,Born outside the UK: Resident 2 years or more and less than 5 years,1,1,0,1,0,0,0
S01010929,Born outside the UK: Resident 5 years or more and less than 10 years,4,0,0,0,4,4,0
S01010929,Born outside the UK: Resident 10 years or more,5,2,1,1,3,3,0
S01010930,All people in households,887,696,211,485,191,19,172
S01010930,Born in the UK,831,657,206,451,174,19,155
S01010930,Born outside the UK: Total,56,39,5,34,17,0,17
S01010930,Born outside the UK: Resident less than 2 years,8,4,0,4,4,0,4
S01010930,Born outside the UK: Resident 2 years or more and less than 5 years,8,3,0,3,5,0,5
S01010930,Born outside the UK: Resident 5 years or more and less than 10 years,10,6,0,6,4,0,4
S01010930,Born outside the UK: Resident 10 years or more,30,26,5,21,4,0,4
S01010931,All people in households,428,216,112,104,212,42,170
S01010931,Born in the UK,410,206,109,97,204,42,162
S01010931,Born outside the UK: Total,18,10,3,7,8,0,8
S01010931,Born outside the UK: Resident less than 2 years,0,0,0,0,0,0,0
S01010931,Born outside the UK: Resident 2 years or more and less than 5 years,1,0,0,0,1,0,1
S01010931,Born outside the UK: Resident 5 years or more and less than 10 years,6,2,0,2,4,0,4
S01010931,Born outside the UK: Resident 10 years or more,11,8,3,5,3,0,3
S01010932,All people in households,548,270,88,182,278,238,40
S01010932,Born in the UK,526,255,82,173,271,231,40
S01010932,Born outside the UK: Total,22,15,6,9,7,7,0
S01010932,Born outside the UK: Resident less than 2 years,0,0,0,0,0,0,0
S01010932,Born outside the UK: Resident 2 years or more and less than 5 years,4,1,1,0,3,3,0
S01010932,Born outside the UK: Resident 5 years or more and less than 10 years,3,1,0,1,2,2,0
S01010932,Born outside the UK: Resident 10 years or more,15,13,5,8,2,2,0
S01010933,All people in households,753,640,181,459,113,52,61
S01010933,Born in the UK,711,607,174,433,104,47,57
S01010933,Born outside the UK: Total,42,33,7,26,9,5,4
S01010933,Born outside the UK: Resident less than 2 years,1,1,0,1,0,0,0
S01010933,Born outside the UK: Resident 2 years or more and less than 5 years,6,6,1,5,0,0,0
S01010933,Born outside the UK: Resident 5 years or more and less than 10 years,8,3,0,3,5,4,1
S01010933,Born outside the UK: Resident 10 years or more,27,23,6,17,4,1,3
S01010934,All people in households,1031,901,320,581,130,19,111
S01010934,Born in the UK,995,875,309,566,120,19,101
S01010934,Born outside the UK: Total,36,26,11,15,10,0,10
S01010934,Born outside the UK: Resident less than 2 years,3,2,2,0,1,0,1
S01010934,Born outside the UK: Resident 2 years or more and less than 5 years,4,1,1,0,3,0,3
S01010934,Born outside the UK: Resident 5 years or more and less than 10 years,4,2,0,2,2,0,2
S01010934,Born outside the UK: Resident 10 years or more,25,21,8,13,4,0,4
S01010935,All people in households,655,538,302,236,117,84,33
S01010935,Born in the UK,628,516,286,230,112,82,30
S01010935,Born outside the UK: Total,27,22,16,6,5,2,3
S01010935,Born outside the UK: Resident less than 2 years,2,2,2,0,0,0,0
S01010935,Born outside the UK: Resident 2 years or more and less than 5 years,3,1,1,0,2,0,2
S01010935,Born outside the UK: Resident 5 years or more and less than 10 years,6,4,4,0,2,1,1
S01010935,Born outside the UK: Resident 10 years or more,16,15,9,6,1,1,0
S01010936,All people in households,675,425,169,256,250,172,78
S01010936,Born in the UK,647,408,164,244,239,166,73
S01010936,Born outside the UK: Total,28,17,5,12,11,6,5
S01010936,Born outside the UK: Resident less than 2 years,1,0,0,0,1,0,1
S01010936,Born outside the UK: Resident 2 years or more and less than 5 years,3,1,1,0,2,0,2
S01010936,Born outside the UK: Resident 5 years or more and less than 10 years,6,4,0,4,2,2,0
S01010936,Born outside the UK: Resident 10 years or more,18,12,4,8,6,4,2
S01010937,All people in households,728,590,206,384,138,97,41
S01010937,Born in the UK,714,585,202,383,129,94,35
S01010937,Born outside the UK: Total,14,5,4,1,9,3,6
S01010937,Born outside the UK: Resident less than 2 years,2,0,0,0,2,0,2
S01010937,Born outside the UK: Resident 2 years or more and less than 5 years,0,0,0,0,0,0,0
S01010937,Born outside the UK: Resident 5 years or more and less than 10 years,2,0,0,0,2,2,0
S01010937,Born outside the UK: Resident 10 years or more,10,5,4,1,5,1,4
S01010938,All people in households,809,325,115,210,484,409,75
S01010938,Born in the UK,788,315,112,203,473,403,70
S01010938,Born outside the UK: Total,21,10,3,7,11,6,5
S01010938,Born outside the UK: Resident less than 2 years,0,0,0,0,0,0,0
S01010938,Born outside the UK: Resident 2 years or more and less than 5 years,5,2,0,2,3,0,3
S01010938,Born outside the UK: Resident 5 years or more and less than 10 years,3,3,0,3,0,0,0
S01010938,Born outside the UK: Resident 10 years or more,13,5,3,2,8,6,2
S01010939,All people in households,514,422,151,271,92,67,25
S01010939,Born in the UK,491,400,145,255,91,67,24
S01010939,Born outside the UK: Total,23,22,6,16,1,0,1
S01010939,Born outside the UK: Resident less than 2 years,4,4,0,4,0,0,0
S01010939,Born outside the UK: Resident 2 years or more and less than 5 years,5,5,0,5,0,0,0
S01010939,Born outside the UK: Resident 5 years or more and less than 10 years,1,0,0,0,1,0,1
S01010939,Born outside the UK: Resident 10 years or more,13,13,6,7,0,0,0
S01010940,All people in households,683,666,283,383,17,1,16
S01010940,Born in the UK,665,652,273,379,13,0,13
S01010940,Born outside the UK: Total,18,14,10,4,4,1,3
S01010940,Born outside the UK: Resident less than 2 years,0,0,0,0,0,0,0
S01010940,Born outside the UK: Resident 2 years or more and less than 5 years,0,0,0,0,0,0,0
S01010940,Born outside the UK: Resident 5 years or more and less than 10 years,4,1,0,1,3,0,3
S01010940,Born outside the UK: Resident 10 years or more,14,13,10,3,1,1,0
S01010941,All people in households,860,830,315,515,30,9,21
S01010941,Born in the UK,832,803,301,502,29,9,20
S01010941,Born outside the UK: Total,28,27,14,13,1,0,1
S01010941,Born outside the UK: Resident less than 2 years,1,1,0,1,0,0,0
S01010941,Born outside the UK: Resident 2 years or more and less than 5 years,1,0,0,0,1,0,1
S01010941,Born outside the UK: Resident 5 years or more and less than 10 years,2,2,1,1,0,0,0
S01010941,Born outside the UK: Resident 10 years or more,24,24,13,11,0,0,0
S01010942,All people in households,646,628,282,346,18,3,15
S01010942,Born in the UK,625,611,276,335,14,2,12
S01010942,Born outside the UK: Total,21,17,6,11,4,1,3
S01010942,Born outside the UK: Resident less than 2 years,1,1,0,1,0,0,0
S01010942,Born outside the UK: Resident 2 years or more and less than 5 years,0,0,0,0,0,0,0
S01010942,Born outside the UK: Resident 5 years or more and less than 10 years,3,0,0,0,3,0,3
S01010942,Born outside the UK: Resident 10 years or more,17,16,6,10,1,1,0
S01010943,All people in households,623,361,97,264,262,215,47
S01010943,Born in the UK,593,347,94,253,246,210,36
S01010943,Born outside the UK: Total,30,14,3,11,16,5,11
S01010943,Born outside the UK: Resident less than 2 years,5,0,0,0,5,0,5
S01010943,Born outside the UK: Resident 2 years or more and less than 5 years,4,3,0,3,1,0,1
S01010943,Born outside the UK: Resident 5 years or more and less than 10 years,6,0,0,0,6,2,4
S01010943,Born outside the UK: Resident 10 years or more,15,11,3,8,4,3,1
S01010944,All people in households,588,252,83,169,336,270,66
S01010944,Born in the UK,565,236,78,158,329,266,63
S01010944,Born outside the UK: Total,23,16,5,11,7,4,3
S01010944,Born outside the UK: Resident less than 2 years,1,1,0,1,0,0,0
S01010944,Born outside the UK: Resident 2 years or more and less than 5 years,3,1,1,0,2,1,1
S01010944,Born outside the UK: Resident 5 years or more and less than 10 years,4,1,0,1,3,1,2
S01010944,Born outside the UK: Resident 10 years or more,15,13,4,9,2,2,0
S01010945,All people in households,540,366,117,249,174,150,24
S01010945,Born in the UK,523,355,113,242,168,148,20
S01010945,Born outside the UK: Total,17,11,4,7,6,2,4
S01010945,Born outside the UK: Resident less than 2 years,0,0,0,0,0,0,0
S01010945,Born outside the UK: Resident 2 years or more and less than 5 years,6,3,1,2,3,0,3
S01010945,Born outside the UK: Resident 5 years or more and less than 10 years,3,2,1,1,1,0,1
S01010945,Born outside the UK: Resident 10 years or more,8,6,2,4,2,2,0
S01010946,All people in households,811,478,120,358,333,286,47
S01010946,Born in the UK,801,472,118,354,329,284,45
S01010946,Born outside the UK: Total,10,6,2,4,4,2,2
S01010946,Born outside the UK: Resident less than 2 years,0,0,0,0,0,0,0
S01010946,Born outside the UK: Resident 2 years or more and less than 5 years,0,0,0,0,0,0,0
S01010946,Born outside the UK: Resident 5 years or more and less than 10 years,2,1,0,1,1,0,1
S01010946,Born outside the UK: Resident 10 years or more,8,5,2,3,3,2,1
S01010947,All people in households,536,290,101,189,246,194,52
S01010947,Born in the UK,514,281,96,185,233,188,45
S01010947,Born outside the UK: Total,22,9,5,4,13,6,7
S01010947,Born outside the UK: Resident less than 2 years,6,0,0,0,6,0,6
S01010947,Born outside the UK: Resident 2 years or more and less than 5 years,0,0,0,0,0,0,0
S01010947,Born outside the UK: Resident 5 years or more and less than 10 years,1,1,0,1,0,0,0
S01010947,Born outside the UK: Resident 10 years or more,15,8,5,3,7,6,1
S01010948,All people in households,673,434,115,319,239,209,30
S01010948,Born in the UK,653,418,112,306,235,208,27
S01010948,Born outside the UK: Total,20,16,3,13,4,1,3
S01010948,Born outside the UK: Resident less than 2 years,3,3,0,3,0,0,0
S01010948,Born outside the UK: Resident 2 years or more and less than 5 years,2,0,0,0,2,0,2
S01010948,Born outside the UK: Resident 5 years or more and less than 10 years,5,4,0,4,1,0,1
S01010948,Born outside the UK: Resident 10 years or more,10,9,3,6,1,1,0
S01010949,All people in households,927,883,302,581,44,17,27
S01010949,Born in the UK,904,865,294,571,39,17,22
S01010949,Born outside the UK: Total,23,18,8,10,5,0,5
S01010949,Born outside the UK: Resident less than 2 years,1,1,1,0,0,0,0
S01010949,Born outside the UK: Resident 2 years or more and less than 5 years,1,1,1,0,0,0,0
S01010949,Born outside the UK: Resident 5 years or more and less than 10 years,2,2,0,2,0,0,0
S01010949,Born outside the UK: Resident 10 years or more,19,14,6,8,5,0,5
S01010950,All people in households,846,593,252,341,253,208,45
S01010950,Born in the UK,822,574,243,331,248,207,41
S01010950,Born outside the UK: Total,24,19,9,10,5,1,4
S01010950,Born outside the UK: Resident less than 2 years,3,2,1,1,1,0,1
S01010950,Born outside the UK: Resident 2 years or more and less than 5 years,4,4,0,4,0,0,0
S01010950,Born outside the UK: Resident 5 years or more and less than 10 years,2,1,0,1,1,0,1
S01010950,Born outside the UK: Resident 10 years or more,15,12,8,4,3,1,2
S01010951,All people in households,626,477,139,338,149,107,42
S01010951,Born in the UK,589,443,132,311,146,106,40
S01010951,Born outside the UK: Total,37,34,7,27,3,1,2
S01010951,Born outside the UK: Resident less than 2 years,0,0,0,0,0,0,0
S01010951,Born outside the UK: Resident 2 years or more and less than 5 years,4,2,0,2,2,0,2
S01010951,Born outside the UK: Resident 5 years or more and less than 10 years,3,3,1,2,0,0,0
S01010951,Born outside the UK: Resident 10 years or more,30,29,6,23,1,1,0
S01010952,All people in households,540,414,66,348,126,87,39
S01010952,Born in the UK,516,397,65,332,119,84,35
S01010952,Born outside the UK: Total,24,17,1,16,7,3,4
S01010952,Born outside the UK: Resident less than 2 years,2,2,0,2,0,0,0
S01010952,Born outside the UK: Resident 2 years or more and less than 5 years,3,2,1,1,1,0,1
S01010952,Born outside the UK: Resident 5 years or more and less than 10 years,3,1,0,1,2,0,2
S01010952,Born outside the UK: Resident 10 years or more,16,12,0,12,4,3,1
S01010953,All people in households,561,451,139,312,110,84,26
S01010953,Born in the UK,548,440,136,304,108,82,26
S01010953,Born outside the UK: Total,13,11,3,8,2,2,0
S01010953,Born outside the UK: Resident less than 2 years,0,0,0,0,0,0,0
S01010953,Born outside the UK: Resident 2 years or more and less than 5 years,0,0,0,0,0,0,0
S01010953,Born outside the UK: Resident 5 years or more and less than 10 years,0,0,0,0,0,0,0
S01010953,Born outside the UK: Resident 10 years or more,13,11,3,8,2,2,0
S01010954,All people in households,512,456,176,280,56,24,32
S01010954,Born in the UK,501,448,171,277,53,24,29
S01010954,Born outside the UK: Total,11,8,5,3,3,0,3
S01010954,Born outside the UK: Resident less than 2 years,0,0,0,0,0,0,0
S01010954,Born outside the UK: Resident 2 years or more and less than 5 years,2,0,0,0,2,0,2
S01010954,Born outside the UK: Resident 5 years or more and less than 10 years,5,4,3,1,1,0,1
S01010954,Born outside the UK: Resident 10 years or more,4,4,2,2,0,0,0
S01010955,All people in households,1023,487,213,274,536,146,390
S01010955,Born in the UK,906,462,202,260,444,131,313
S01010955,Born outside the UK: Total,117,25,11,14,92,15,77
S01010955,Born outside the UK: Resident less than 2 years,12,1,0,1,11,2,9
S01010955,Born outside the UK: Resident 2 years or more and less than 5 years,29,2,0,2,27,7,20
S01010955,Born outside the UK: Resident 5 years or more and less than 10 years,29,3,1,2,26,1,25
S01010955,Born outside the UK: Resident 10 years or more,47,19,10,9,28,5,23
S01010956,All people in households,691,460,170,290,231,66,165
S01010956,Born in the UK,653,442,165,277,211,62,149
S01010956,Born outside the UK: Total,38,18,5,13,20,4,16
S01010956,Born outside the UK: Resident less than 2 years,3,1,0,1,2,1,1
S01010956,Born outside the UK: Resident 2 years or more and less than 5 years,9,0,0,0,9,2,7
S01010956,Born outside the UK: Resident 5 years or more and less than 10 years,3,3,0,3,0,0,0
S01010956,Born outside the UK: Resident 10 years or more,23,14,5,9,9,1,8
S01010957,All people in households,581,535,227,308,46,19,27
S01010957,Born in the UK,548,515,218,297,33,15,18
S01010957,Born outside the UK: Total,33,20,9,11,13,4,9
S01010957,Born outside the UK: Resident less than 2 years,4,0,0,0,4,0,4
S01010957,Born outside the UK: Resident 2 years or more and less than 5 years,3,3,0,3,0,0,0
S01010957,Born outside the UK: Resident 5 years or more and less than 10 years,13,4,0,4,9,4,5
S01010957,Born outside the UK: Resident 10 years or more,13,13,9,4,0,0,0
S01010958,All people in households,482,363,171,192,119,86,33
S01010958,Born in the UK,469,356,168,188,113,85,28
S01010958,Born outside the UK: Total,13,7,3,4,6,1,5
S01010958,Born outside the UK: Resident less than 2 years,1,0,0,0,1,0,1
S01010958,Born outside the UK: Resident 2 years or more and less than 5 years,0,0,0,0,0,0,0
S01010958,Born outside the UK: Resident 5 years or more and less than 10 years,2,0,0,0,2,0,2
S01010958,Born outside the UK: Resident 10 years or more,10,7,3,4,3,1,2
S01010959,All people in households,579,383,151,232,196,124,72
S01010959,Born in the UK,544,358,143,215,186,121,65
S01010959,Born outside the UK: Total,35,25,8,17,10,3,7
S01010959,Born outside the UK: Resident less than 2 years,2,0,0,0,2,0,2
S01010959,Born outside the UK: Resident 2 years or more and less than 5 years,2,1,1,0,1,0,1
S01010959,Born outside the UK: Resident 5 years or more and less than 10 years,6,4,0,4,2,1,1
S01010959,Born outside the UK: Resident 10 years or more,25,20,7,13,5,2,3
S01010960,All people in households,1093,663,209,454,430,308,122
S01010960,Born in the UK,1036,634,206,428,402,303,99
S01010960,Born outside the UK: Total,57,29,3,26,28,5,23
S01010960,Born outside the UK: Resident less than 2 years,6,0,0,0,6,0,6
S01010960,Born outside the UK: Resident 2 years or more and less than 5 years,15,1,0,1,14,0,14
S01010960,Born outside the UK: Resident 5 years or more and less than 10 years,21,17,0,17,4,3,1
S01010960,Born outside the UK: Resident 10 years or more,15,11,3,8,4,2,2
S01010961,All people in households,566,333,129,204,233,204,29
S01010961,Born in the UK,543,319,127,192,224,203,21
S01010961,Born outside the UK: Total,23,14,2,12,9,1,8
S01010961,Born outside the UK: Resident less than 2 years,2,0,0,0,2,0,2
S01010961,Born outside the UK: Resident 2 years or more and less than 5 years,2,0,0,0,2,0,2
S01010961,Born outside the UK: Resident 5 years or more and less than 10 years,2,0,0,0,2,0,2
S01010961,Born outside the UK: Resident 10 years or more,17,14,2,12,3,1,2
S01010962,All people in households,530,502,401,101,28,6,22
S01010962,Born in the UK,508,481,386,95,27,5,22
S01010962,Born outside the UK: Total,22,21,15,6,1,1,0
S01010962,Born outside the UK: Resident less than 2 years,2,2,2,0,0,0,0
S01010962,Born outside the UK: Resident 2 years or more and less than 5 years,2,2,2,0,0,0,0
S01010962,Born outside the UK: Resident 5 years or more and less than 10 years,0,0,0,0,0,0,0
S01010962,Born outside the UK: Resident 10 years or more,18,17,11,6,1,1,0
S01010963,All people in households,949,767,223,544,182,112,70
S01010963,Born in the UK,907,734,211,523,173,107,66
S01010963,Born outside the UK: Total,42,33,12,21,9,5,4
S01010963,Born outside the UK: Resident less than 2 years,0,0,0,0,0,0,0
S01010963,Born outside the UK: Resident 2 years or more and less than 5 years,8,8,6,2,0,0,0
S01010963,Born outside the UK: Resident 5 years or more and less than 10 years,10,5,0,5,5,3,2
S01010963,Born outside the UK: Resident 10 years or more,24,20,6,14,4,2,2
S01010964,All people in households,523,433,177,256,90,66,24
S01010964,Born in the UK,516,427,177,250,89,65,24
S01010964,Born outside the UK: Total,7,6,0,6,1,1,0
S01010964,Born outside the UK: Resident less than 2 years,0,0,0,0,0,0,0
S01010964,Born outside the UK: Resident 2 years or more and less than 5 years,0,0,0,0,0,0,0
S01010964,Born outside the UK: Resident 5 years or more and less than 10 years,0,0,0,0,0,0,0
S01010964,Born outside the UK: Resident 10 years or more,7,6,0,6,1,1,0
S01010965,All people in households,517,224,85,139,293,248,45
S01010965,Born in the UK,490,204,81,123,286,242,44
S01010965,Born outside the UK: Total,27,20,4,16,7,6,1
S01010965,Born outside the UK: Resident less than 2 years,1,1,0,1,0,0,0
S01010965,Born outside the UK: Resident 2 years or more and less than 5 years,4,4,0,4,0,0,0
S01010965,Born outside the UK: Resident 5 years or more and less than 10 years,7,7,4,3,0,0,0
S01010965,Born outside the UK: Resident 10 years or more,15,8,0,8,7,6,1
S01010966,All people in households,684,463,149,314,221,164,57
S01010966,Born in the UK,658,447,147,300,211,160,51
S01010966,Born outside the UK: Total,26,16,2,14,10,4,6
S01010966,Born outside the UK: Resident less than 2 years,4,2,0,2,2,0,2
S01010966,Born outside the UK: Resident 2 years or more and less than 5 years,0,0,0,0,0,0,0
S01010966,Born outside the UK: Resident 5 years or more and less than 10 years,8,5,1,4,3,0,3
S01010966,Born outside the UK: Resident 10 years or more,14,9,1,8,5,4,1
S01010967,All people in households,697,344,120,224,353,302,51
S01010967,Born in the UK,680,336,118,218,344,297,47
S01010967,Born outside the UK: Total,17,8,2,6,9,5,4
S01010967,Born outside the UK: Resident less than 2 years,1,1,0,1,0,0,0
S01010967,Born outside the UK: Resident 2 years or more and less than 5 years,1,1,0,1,0,0,0
S01010967,Born outside the UK: Resident 5 years or more and less than 10 years,5,2,0,2,3,0,3
S01010967,Born outside the UK: Resident 10 years or more,10,4,2,2,6,5,1
S01010968,All people in households,715,564,258,306,151,74,77
S01010968,Born in the UK,687,549,253,296,138,72,66
S01010968,Born outside the UK: Total,28,15,5,10,13,2,11
S01010968,Born outside the UK: Resident less than 2 years,2,1,0,1,1,0,1
S01010968,Born outside the UK: Resident 2 years or more and less than 5 years,7,1,1,0,6,2,4
S01010968,Born outside the UK: Resident 5 years or more and less than 10 years,3,1,0,1,2,0,2
S01010968,Born outside the UK: Resident 10 years or more,16,12,4,8,4,0,4
S01010969,All people in households,538,459,229,230,79,46,33
S01010969,Born in the UK,505,439,224,215,66,43,23
S01010969,Born outside the UK: Total,33,20,5,15,13,3,10
S01010969,Born outside the UK: Resident less than 2 years,4,0,0,0,4,0,4
S01010969,Born outside the UK: Resident 2 years or more and less than 5 years,6,2,0,2,4,0,4
S01010969,Born outside the UK: Resident 5 years or more and less than 10 years,4,2,0,2,2,1,1
S01010969,Born outside the UK: Resident 10 years or more,19,16,5,11,3,2,1
S01010970,All people in households,955,681,255,426,274,180,94
S01010970,Born in the UK,915,653,247,406,262,178,84
S01010970,Born outside the UK: Total,40,28,8,20,12,2,10
S01010970,Born outside the UK: Resident less than 2 years,1,0,0,0,1,0,1
S01010970,Born outside the UK: Resident 2 years or more and less than 5 years,5,3,0,3,2,0,2
S01010970,Born outside the UK: Resident 5 years or more and less than 10 years,16,14,2,12,2,0,2
S01010970,Born outside the UK: Resident 10 years or more,18,11,6,5,7,2,5
S01010971,All people in households,1056,848,280,568,208,109,99
S01010971,Born in the UK,1024,819,269,550,205,107,98
S01010971,Born outside the UK: Total,32,29,11,18,3,2,1
S01010971,Born outside the UK: Resident less than 2 years,1,1,0,1,0,0,0
S01010971,Born outside the UK: Resident 2 years or more and less than 5 years,3,2,2,0,1,1,0
S01010971,Born outside the UK: Resident 5 years or more and less than 10 years,4,4,0,4,0,0,0
S01010971,Born outside the UK: Resident 10 years or more,24,22,9,13,2,1,1
S01010972,All people in households,846,365,120,245,481,436,45
S01010972,Born in the UK,814,348,116,232,466,424,42
S01010972,Born outside the UK: Total,32,17,4,13,15,12,3
S01010972,Born outside the UK: Resident less than 2 years,5,2,0,2,3,3,0
S01010972,Born outside the UK: Resident 2 years or more and less than 5 years,4,2,1,1,2,1,1
S01010972,Born outside the UK: Resident 5 years or more and less than 10 years,9,8,0,8,1,1,0
S01010972,Born outside the UK: Resident 10 years or more,14,5,3,2,9,7,2
S01010973,All people in households,490,396,186,210,94,65,29
S01010973,Born in the UK,481,388,180,208,93,64,29
S01010973,Born outside the UK: Total,9,8,6,2,1,1,0
S01010973,Born outside the UK: Resident less than 2 years,0,0,0,0,0,0,0
S01010973,Born outside the UK: Resident 2 years or more and less than 5 years,0,0,0,0,0,0,0
S01010973,Born outside the UK: Resident 5 years or more and less than 10 years,2,2,0,2,0,0,0
S01010973,Born outside the UK: Resident 10 years or more,7,6,6,0,1,1,0
S01010974,All people in households,696,388,126,262,308,292,16
S01010974,Born in the UK,680,377,120,257,303,287,16
S01010974,Born outside the UK: Total,16,11,6,5,5,5,0
S01010974,Born outside the UK: Resident less than 2 years,5,3,3,0,2,2,0
S01010974,Born outside the UK: Resident 2 years or more and less than 5 years,2,2,0,2,0,0,0
S01010974,Born outside the UK: Resident 5 years or more and less than 10 years,1,1,0,1,0,0,0
S01010974,Born outside the UK: Resident 10 years or more,8,5,3,2,3,3,0
S01010975,All people in households,490,200,51,149,290,250,40
S01010975,Born in the UK,475,189,46,143,286,246,40
S01010975,Born outside the UK: Total,15,11,5,6,4,4,0
S01010975,Born outside the UK: Resident less than 2 years,0,0,0,0,0,0,0
S01010975,Born outside the UK: Resident 2 years or more and less than 5 years,0,0,0,0,0,0,0
S01010975,Born outside the UK: Resident 5 years or more and less than 10 years,4,3,0,3,1,1,0
S01010975,Born outside the UK: Resident 10 years or more,11,8,5,3,3,3,0
S01010976,All people in households,498,322,92,230,176,149,27
S01010976,Born in the UK,486,315,92,223,171,148,23
S01010976,Born outside the UK: Total,12,7,0,7,5,1,4
S01010976,Born outside the UK: Resident less than 2 years,0,0,0,0,0,0,0
S01010976,Born outside the UK: Resident 2 years or more and less than 5 years,2,0,0,0,2,0,2
S01010976,Born outside the UK: Resident 5 years or more and less than 10 years,1,1,0,1,0,0,0
S01010976,Born outside the UK: Resident 10 years or more,9,6,0,6,3,1,2
S01010977,All people in households,721,520,127,393,201,157,44
S01010977,Born in the UK,707,508,123,385,199,157,42
S01010977,Born outside the UK: Total,14,12,4,8,2,0,2
S01010977,Born outside the UK: Resident less than 2 years,0,0,0,0,0,0,0
S01010977,Born outside the UK: Resident 2 years or more and less than 5 years,0,0,0,0,0,0,0
S01010977,Born outside the UK: Resident 5 years or more and less than 10 years,3,1,0,1,2,0,2
S01010977,Born outside the UK: Resident 10 years or more,11,11,4,7,0,0,0
S01010978,All people in households,739,343,98,245,396,307,89
S01010978,Born in the UK,705,325,94,231,380,298,82
S01010978,Born outside the UK: Total,34,18,4,14,16,9,7
S01010978,Born outside the UK: Resident less than 2 years,5,1,0,1,4,0,4
S01010978,Born outside the UK: Resident 2 years or more and less than 5 years,3,3,0,3,0,0,0
S01010978,Born outside the UK: Resident 5 years or more and less than 10 years,3,3,0,3,0,0,0
S01010978,Born outside the UK: Resident 10 years or more,23,11,4,7,12,9,3
S01010979,All people in households,825,462,132,330,363,305,58
S01010979,Born in the UK,778,436,122,314,342,294,48
S01010979,Born outside the UK: Total,47,26,10,16,21,11,10
S01010979,Born outside the UK: Resident less than 2 years,5,1,1,0,4,0,4
S01010979,Born outside the UK: Resident 2 years or more and less than 5 years,4,0,0,0,4,4,0
S01010979,Born outside the UK: Resident 5 years or more and less than 10 years,10,8,1,7,2,1,1
S01010979,Born outside the UK: Resident 10 years or more,28,17,8,9,11,6,5
S01010980,All people in households,727,473,161,312,254,188,66
S01010980,Born in the UK,705,457,157,300,248,184,64
S01010980,Born outside the UK: Total,22,16,4,12,6,4,2
S01010980,Born outside the UK: Resident less than 2 years,0,0,0,0,0,0,0
S01010980,Born outside the UK: Resident 2 years or more and less than 5 years,0,0,0,0,0,0,0
S01010980,Born outside the UK: Resident 5 years or more and less than 10 years,3,2,0,2,1,0,1
S01010980,Born outside the UK: Resident 10 years or more,19,14,4,10,5,4,1
S01010981,All people in households,739,441,168,273,298,228,70
S01010981,Born in the UK,715,424,168,256,291,226,65
S01010981,Born outside the UK: Total,24,17,0,17,7,2,5
S01010981,Born outside the UK: Resident less than 2 years,3,0,0,0,3,0,3
S01010981,Born outside the UK: Resident 2 years or more and less than 5 years,6,3,0,3,3,1,2
S01010981,Born outside the UK: Resident 5 years or more and less than 10 years,4,4,0,4,0,0,0
S01010981,Born outside the UK: Resident 10 years or more,11,10,0,10,1,1,0
S01010982,All people in households,1048,877,370,507,171,73,98
S01010982,Born in the UK,989,836,353,483,153,67,86
S01010982,Born outside the UK: Total,59,41,17,24,18,6,12
S01010982,Born outside the UK: Resident less than 2 years,8,5,1,4,3,1,2
S01010982,Born outside the UK: Resident 2 years or more and less than 5 years,8,3,0,3,5,0,5
S01010982,Born outside the UK: Resident 5 years or more and less than 10 years,9,6,2,4,3,0,3
S01010982,Born outside the UK: Resident 10 years or more,34,27,14,13,7,5,2
S01010983,All people in households,780,560,230,330,220,145,75
S01010983,Born in the UK,757,545,226,319,212,143,69
S01010983,Born outside the UK: Total,23,15,4,11,8,2,6
S01010983,Born outside the UK: Resident less than 2 years,3,0,0,0,3,0,3
S01010983,Born outside the UK: Resident 2 years or more and less than 5 years,3,0,0,0,3,0,3
S01010983,Born outside the UK: Resident 5 years or more and less than 10 years,4,4,0,4,0,0,0
S01010983,Born outside the UK: Resident 10 years or more,13,11,4,7,2,2,0
S01010984,All people in households,663,561,290,271,102,82,20
S01010984,Born in the UK,650,551,285,266,99,81,18
S01010984,Born outside the UK: Total,13,10,5,5,3,1,2
S01010984,Born outside the UK: Resident less than 2 years,0,0,0,0,0,0,0
S01010984,Born outside the UK: Resident 2 years or more and less than 5 years,0,0,0,0,0,0,0
S01010984,Born outside the UK: Resident 5 years or more and less than 10 years,1,1,0,1,0,0,0
S01010984,Born outside the UK: Resident 10 years or more,12,9,5,4,3,1,2
S01010985,All people in households,638,422,123,299,216,160,56
S01010985,Born in the UK,608,412,119,293,196,150,46
S01010985,Born outside the UK: Total,30,10,4,6,20,10,10
S01010985,Born outside the UK: Resident less than 2 years,4,0,0,0,4,2,2
S01010985,Born outside the UK: Resident 2 years or more and less than 5 years,10,2,2,0,8,2,6
S01010985,Born outside the UK: Resident 5 years or more and less than 10 years,1,0,0,0,1,0,1
S01010985,Born outside the UK: Resident 10 years or more,15,8,2,6,7,6,1
S01010986,All people in households,537,517,80,437,20,3,17
S01010986,Born in the UK,510,493,80,413,17,2,15
S01010986,Born outside the UK: Total,27,24,0,24,3,1,2
S01010986,Born outside the UK: Resident less than 2 years,2,2,0,2,0,0,0
S01010986,Born outside the UK: Resident 2 years or more and less than 5 years,3,3,0,3,0,0,0
S01010986,Born outside the UK: Resident 5 years or more and less than 10 years,8,8,0,8,0,0,0
S01010986,Born outside the UK: Resident 10 years or more,14,11,0,11,3,1,2
S01010987,All people in households,658,631,124,507,27,9,18
S01010987,Born in the UK,637,614,123,491,23,8,15
S01010987,Born outside the UK: Total,21,17,1,16,4,1,3
S01010987,Born outside the UK: Resident less than 2 years,0,0,0,0,0,0,0
S01010987,Born outside the UK: Resident 2 years or more and less than 5 years,3,2,0,2,1,0,1
S01010987,Born outside the UK: Resident 5 years or more and less than 10 years,7,5,0,5,2,0,2
S01010987,Born outside the UK: Resident 10 years or more,11,10,1,9,1,1,0
S01010988,All people in households,627,605,101,504,22,12,10
S01010988,Born in the UK,612,590,99,491,22,12,10
S01010988,Born outside the UK: Total,15,15,2,13,0,0,0
S01010988,Born outside the UK: Resident less than 2 years,1,1,0,1,0,0,0
S01010988,Born outside the UK: Resident 2 years or more and less than 5 years,0,0,0,0,0,0,0
S01010988,Born outside the UK: Resident 5 years or more and less than 10 years,0,0,0,0,0,0,0
S01010988,Born outside the UK: Resident 10 years or more,14,14,2,12,0,0,0
S01010989,All people in households,917,846,57,789,71,14,57
S01010989,Born in the UK,883,813,52,761,70,14,56
S01010989,Born outside the UK: Total,34,33,5,28,1,0,1
S01010989,Born outside the UK: Resident less than 2 years,2,1,0,1,1,0,1
S01010989,Born outside the UK: Resident 2 years or more and less than 5 years,5,5,0,5,0,0,0
S01010989,Born outside the UK: Resident 5 years or more and less than 10 years,5,5,0,5,0,0,0
S01010989,Born outside the UK: Resident 10 years or more,22,22,5,17,0,0,0
S01010990,All people in households,798,553,179,374,245,149,96
S01010990,Born in the UK,754,536,173,363,218,142,76
S01010990,Born outside the UK: Total,44,17,6,11,27,7,20
S01010990,Born outside the UK: Resident less than 2 years,1,0,0,0,1,0,1
S01010990,Born outside the UK: Resident 2 years or more and less than 5 years,10,1,0,1,9,0,9
S01010990,Born outside the UK: Resident 5 years or more and less than 10 years,8,3,1,2,5,1,4
S01010990,Born outside the UK: Resident 10 years or more,25,13,5,8,12,6,6
S01010991,All people in households,523,420,134,286,103,60,43
S01010991,Born in the UK,498,396,133,263,102,60,42
S01010991,Born outside the UK: Total,25,24,1,23,1,0,1
S01010991,Born outside the UK: Resident less than 2 years,1,1,0,1,0,0,0
S01010991,Born outside the UK: Resident 2 years or more and less than 5 years,2,1,0,1,1,0,1
S01010991,Born outside the UK: Resident 5 years or more and less than 10 years,9,9,0,9,0,0,0
S01010991,Born outside the UK: Resident 10 years or more,13,13,1,12,0,0,0
S01010992,All people in households,583,544,66,478,39,13,26
S01010992,Born in the UK,538,507,63,444,31,12,19
S01010992,Born outside the UK: Total,45,37,3,34,8,1,7
S01010992,Born outside the UK: Resident less than 2 years,4,0,0,0,4,0,4
S01010992,Born outside the UK: Resident 2 years or more and less than 5 years,2,2,0,2,0,0,0
S01010992,Born outside the UK: Resident 5 years or more and less than 10 years,9,9,0,9,0,0,0
S01010992,Born outside the UK: Resident 10 years or more,30,26,3,23,4,1,3
S01010993,All people in households,632,534,143,391,98,76,22
S01010993,Born in the UK,612,516,139,377,96,74,22
S01010993,Born outside the UK: Total,20,18,4,14,2,2,0
S01010993,Born outside the UK: Resident less than 2 years,0,0,0,0,0,0,0
S01010993,Born outside the UK: Resident 2 years or more and less than 5 years,0,0,0,0,0,0,0
S01010993,Born outside the UK: Resident 5 years or more and less than 10 years,3,2,0,2,1,1,0
S01010993,Born outside the UK: Resident 10 years or more,17,16,4,12,1,1,0
S01010994,All people in households,992,900,315,585,92,23,69
S01010994,Born in the UK,950,867,304,563,83,23,60
S01010994,Born outside the UK: Total,42,33,11,22,9,0,9
S01010994,Born outside the UK: Resident less than 2 years,5,2,2,0,3,0,3
S01010994,Born outside the UK: Resident 2 years or more and less than 5 years,4,1,0,1,3,0,3
S01010994,Born outside the UK: Resident 5 years or more and less than 10 years,8,5,1,4,3,0,3
S01010994,Born outside the UK: Resident 10 years or more,25,25,8,17,0,0,0
S01010995,All people in households,719,665,279,386,54,23,31
S01010995,Born in the UK,704,655,274,381,49,19,30
S01010995,Born outside the UK: Total,15,10,5,5,5,4,1
S01010995,Born outside the UK: Resident less than 2 years,5,1,0,1,4,4,0
S01010995,Born outside the UK: Resident 2 years or more and less than 5 years,0,0,0,0,0,0,0
S01010995,Born outside the UK: Resident 5 years or more and less than 10 years,1,1,0,1,0,0,0
S01010995,Born outside the UK: Resident 10 years or more,9,8,5,3,1,0,1
S01010996,All people in households,553,502,156,346,51,15,36
S01010996,Born in the UK,527,488,150,338,39,10,29
S01010996,Born outside the UK: Total,26,14,6,8,12,5,7
S01010996,Born outside the UK: Resident less than 2 years,1,0,0,0,1,0,1
S01010996,Born outside the UK: Resident 2 years or more and less than 5 years,4,0,0,0,4,4,0
S01010996,Born outside the UK: Resident 5 years or more and less than 10 years,4,0,0,0,4,1,3
S01010996,Born outside the UK: Resident 10 years or more,17,14,6,8,3,0,3
S01010997,All people in households,637,591,321,270,46,22,24
S01010997,Born in the UK,616,571,306,265,45,22,23
S01010997,Born outside the UK: Total,21,20,15,5,1,0,1
S01010997,Born outside the UK: Resident less than 2 years,0,0,0,0,0,0,0
S01010997,Born outside the UK: Resident 2 years or more and less than 5 years,0,0,0,0,0,0,0
S01010997,Born outside the UK: Resident 5 years or more and less than 10 years,3,2,1,1,1,0,1
S01010997,Born outside the UK: Resident 10 years or more,18,18,14,4,0,0,0
S01010998,All people in households,578,534,208,326,44,7,37
S01010998,Born in the UK,551,509,198,311,42,6,36
S01010998,Born outside the UK: Total,27,25,10,15,2,1,1
S01010998,Born outside the UK: Resident less than 2 years,1,1,1,0,0,0,0
S01010998,Born outside the UK: Resident 2 years or more and less than 5 years,0,0,0,0,0,0,0
S01010998,Born outside the UK: Resident 5 years or more and less than 10 years,2,1,0,1,1,1,0
S01010998,Born outside the UK: Resident 10 years or more,24,23,9,14,1,0,1
S01010999,All people in households,886,702,318,384,184,96,88
S01010999,Born in the UK,831,675,307,368,156,92,64
S01010999,Born outside the UK: Total,55,27,11,16,28,4,24
S01010999,Born outside the UK: Resident less than 2 years,16,0,0,0,16,1,15
S01010999,Born outside the UK: Resident 2 years or more and less than 5 years,6,2,0,2,4,0,4
S01010999,Born outside the UK: Resident 5 years or more and less than 10 years,12,6,0,6,6,2,4
S01010999,Born outside the UK: Resident 10 years or more,21,19,11,8,2,1,1
S01011000,All people in households,842,595,236,359,247,144,103
S01011000,Born in the UK,809,569,227,342,240,143,97
S01011000,Born outside the UK: Total,33,26,9,17,7,1,6
S01011000,Born outside the UK: Resident less than 2 years,0,0,0,0,0,0,0
S01011000,Born outside the UK: Resident 2 years or more and less than 5 years,4,3,0,3,1,0,1
S01011000,Born outside the UK: Resident 5 years or more and less than 10 years,1,0,0,0,1,0,1
S01011000,Born outside the UK: Resident 10 years or more,28,23,9,14,5,1,4
S01011001,All people in households,643,433,133,300,210,174,36
S01011001,Born in the UK,628,426,132,294,202,172,30
S01011001,Born outside the UK: Total,15,7,1,6,8,2,6
S01011001,Born outside the UK: Resident less than 2 years,4,0,0,0,4,1,3
S01011001,Born outside the UK: Resident 2 years or more and less than 5 years,3,2,0,2,1,0,1
S01011001,Born outside the UK: Resident 5 years or more and less than 10 years,3,1,0,1,2,0,2
S01011001,Born outside the UK: Resident 10 years or more,5,4,1,3,1,1,0
S01011002,All people in households,707,406,140,266,301,247,54
S01011002,Born in the UK,682,391,139,252,291,244,47
S01011002,Born outside the UK: Total,25,15,1,14,10,3,7
S01011002,Born outside the UK: Resident less than 2 years,2,2,0,2,0,0,0
S01011002,Born outside the UK: Resident 2 years or more and less than 5 years,6,2,0,2,4,0,4
S01011002,Born outside the UK: Resident 5 years or more and less than 10 years,3,3,0,3,0,0,0
S01011002,Born outside the UK: Resident 10 years or more,14,8,1,7,6,3,3
S01011003,All people in households,688,417,132,285,271,231,40
S01011003,Born in the UK,672,411,130,281,261,226,35
S01011003,Born outside the UK: Total,16,6,2,4,10,5,5
S01011003,Born outside the UK: Resident less than 2 years,2,1,0,1,1,1,0
S01011003,Born outside the UK: Resident 2 years or more and less than 5 years,0,0,0,0,0,0,0
S01011003,Born outside the UK: Resident 5 years or more and less than 10 years,3,1,0,1,2,1,1
S01011003,Born outside the UK: Resident 10 years or more,11,4,2,2,7,3,4
S01011004,All people in households,624,524,124,400,100,75,25
S01011004,Born in the UK,590,496,113,383,94,72,22
S01011004,Born outside the UK: Total,34,28,11,17,6,3,3
S01011004,Born outside the UK: Resident less than 2 years,2,1,0,1,1,0,1
S01011004,Born outside the UK: Resident 2 years or more and less than 5 years,3,1,0,1,2,0,2
S01011004,Born outside the UK: Resident 5 years or more and less than 10 years,10,10,4,6,0,0,0
S01011004,Born outside the UK: Resident 10 years or more,19,16,7,9,3,3,0
S01011005,All people in households,660,344,129,215,316,233,83
S01011005,Born in the UK,638,339,126,213,299,229,70
S01011005,Born outside the UK: Total,22,5,3,2,17,4,13
S01011005,Born outside the UK: Resident less than 2 years,2,0,0,0,2,0,2
S01011005,Born outside the UK: Resident 2 years or more and less than 5 years,6,0,0,0,6,1,5
S01011005,Born outside the UK: Resident 5 years or more and less than 10 years,3,0,0,0,3,0,3
S01011005,Born outside the UK: Resident 10 years or more,11,5,3,2,6,3,3
S01011006,All people in households,1002,682,164,518,320,228,92
S01011006,Born in the UK,954,647,158,489,307,225,82
S01011006,Born outside the UK: Total,48,35,6,29,13,3,10
S01011006,Born outside the UK: Resident less than 2 years,3,1,0,1,2,0,2
S01011006,Born outside the UK: Resident 2 years or more and less than 5 years,5,0,0,0,5,0,5
S01011006,Born outside the UK: Resident 5 years or more and less than 10 years,17,16,0,16,1,0,1
S01011006,Born outside the UK: Resident 10 years or more,23,18,6,12,5,3,2
S01011007,All people in households,684,320,99,221,364,315,49
S01011007,Born in the UK,655,302,97,205,353,312,41
S01011007,Born outside the UK: Total,29,18,2,16,11,3,8
S01011007,Born outside the UK: Resident less than 2 years,3,0,0,0,3,0,3
S01011007,Born outside the UK: Resident 2 years or more and less than 5 years,5,2,2,0,3,0,3
S01011007,Born outside the UK: Resident 5 years or more and less than 10 years,8,7,0,7,1,0,1
S01011007,Born outside the UK: Resident 10 years or more,13,9,0,9,4,3,1
S01011008,All people in households,783,462,171,291,321,292,29
S01011008,Born in the UK,765,453,171,282,312,284,28
S01011008,Born outside the UK: Total,18,9,0,9,9,8,1
S01011008,Born outside the UK: Resident less than 2 years,0,0,0,0,0,0,0
S01011008,Born outside the UK: Resident 2 years or more and less than 5 years,1,0,0,0,1,0,1
S01011008,Born outside the UK: Resident 5 years or more and less than 10 years,6,3,0,3,3,3,0
S01011008,Born outside the UK: Resident 10 years or more,11,6,0,6,5,5,0
S01011009,All people in households,508,260,58,202,248,226,22
S01011009,Born in the UK,481,248,54,194,233,216,17
S01011009,Born outside the UK: Total,27,12,4,8,15,10,5
S01011009,Born outside the UK: Resident less than 2 years,3,0,0,0,3,0,3
S01011009,Born outside the UK: Resident 2 years or more and less than 5 years,6,0,0,0,6,4,2
S01011009,Born outside the UK: Resident 5 years or more and less than 10 years,0,0,0,0,0,0,0
S01011009,Born outside the UK: Resident 10 years or more,18,12,4,8,6,6,0
S01011010,All people in households,558,249,103,146,309,175,134
S01011010,Born in the UK,502,227,98,129,275,165,110
S01011010,Born outside the UK: Total,56,22,5,17,34,10,24
S01011010,Born outside the UK: Resident less than 2 years,5,0,0,0,5,1,4
S01011010,Born outside the UK: Resident 2 years or more and less than 5 years,13,3,0,3,10,2,8
S01011010,Born outside the UK: Resident 5 years or more and less than 10 years,19,6,0,6,13,4,9
S01011010,Born outside the UK: Resident 10 years or more,19,13,5,8,6,3,3
S01011011,All people in households,753,260,85,175,493,405,88
S01011011,Born in the UK,709,243,82,161,466,390,76
S01011011,Born outside the UK: Total,44,17,3,14,27,15,12
S01011011,Born outside the UK: Resident less than 2 years,7,0,0,0,7,0,7
S01011011,Born outside the UK: Resident 2 years or more and less than 5 years,7,1,0,1,6,3,3
S01011011,Born outside the UK: Resident 5 years or more and less than 10 years,7,3,0,3,4,3,1
S01011011,Born outside the UK: Resident 10 years or more,23,13,3,10,10,9,1
S01011012,All people in households,722,184,60,124,538,511,27
S01011012,Born in the UK,679,160,57,103,519,495,24
S01011012,Born outside the UK: Total,43,24,3,21,19,16,3
S01011012,Born outside the UK: Resident less than 2 years,7,2,0,2,5,4,1
S01011012,Born outside the UK: Resident 2 years or more and less than 5 years,13,6,0,6,7,7,0
S01011012,Born outside the UK: Resident 5 years or more and less than 10 years,9,8,0,8,1,1,0
S01011012,Born outside the UK: Resident 10 years or more,14,8,3,5,6,4,2
S01011013,All people in households,802,478,171,307,324,275,49
S01011013,Born in the UK,781,466,169,297,315,267,48
S01011013,Born outside the UK: Total,21,12,2,10,9,8,1
S01011013,Born outside the UK: Resident less than 2 years,1,0,0,0,1,0,1
S01011013,Born outside the UK: Resident 2 years or more and less than 5 years,4,4,0,4,0,0,0
S01011013,Born outside the UK: Resident 5 years or more and less than 10 years,5,2,0,2,3,3,0
S01011013,Born outside the UK: Resident 10 years or more,11,6,2,4,5,5,0
S01011014,All people in households,811,581,201,380,230,181,49
S01011014,Born in the UK,780,559,195,364,221,178,43
S01011014,Born outside the UK: Total,31,22,6,16,9,3,6
S01011014,Born outside the UK: Resident less than 2 years,3,3,0,3,0,0,0
S01011014,Born outside the UK: Resident 2 years or more and less than 5 years,6,4,3,1,2,0,2
S01011014,Born outside the UK: Resident 5 years or more and less than 10 years,10,6,0,6,4,2,2
S01011014,Born outside the UK: Resident 10 years or more,12,9,3,6,3,1,2
S01011015,All people in households,443,277,113,164,166,152,14
S01011015,Born in the UK,434,276,113,163,158,144,14
S01011015,Born outside the UK: Total,9,1,0,1,8,8,0
S01011015,Born outside the UK: Resident less than 2 years,0,0,0,0,0,0,0
S01011015,Born outside the UK: Resident 2 years or more and less than 5 years,0,0,0,0,0,0,0
S01011015,Born outside the UK: Resident 5 years or more and less than 10 years,3,0,0,0,3,3,0
S01011015,Born outside the UK: Resident 10 years or more,6,1,0,1,5,5,0
S01011016,All people in households,846,705,71,634,141,102,39
S01011016,Born in the UK,782,659,64,595,123,92,31
S01011016,Born outside the UK: Total,64,46,7,39,18,10,8
S01011016,Born outside the UK: Resident less than 2 years,9,6,0,6,3,1,2
S01011016,Born outside the UK: Resident 2 years or more and less than 5 years,11,3,1,2,8,2,6
S01011016,Born outside the UK: Resident 5 years or more and less than 10 years,19,16,0,16,3,3,0
S01011016,Born outside the UK: Resident 10 years or more,25,21,6,15,4,4,0
S01011017,All people in households,822,601,287,314,221,66,155
S01011017,Born in the UK,779,574,279,295,205,64,141
S01011017,Born outside the UK: Total,43,27,8,19,16,2,14
S01011017,Born outside the UK: Resident less than 2 years,1,0,0,0,1,0,1
S01011017,Born outside the UK: Resident 2 years or more and less than 5 years,2,1,1,0,1,0,1
S01011017,Born outside the UK: Resident 5 years or more and less than 10 years,12,3,0,3,9,0,9
S01011017,Born outside the UK: Resident 10 years or more,28,23,7,16,5,2,3
S01011018,All people in households,860,501,166,335,359,276,83
S01011018,Born in the UK,838,486,163,323,352,272,80
S01011018,Born outside the UK: Total,22,15,3,12,7,4,3
S01011018,Born outside the UK: Resident less than 2 years,0,0,0,0,0,0,0
S01011018,Born outside the UK: Resident 2 years or more and less than 5 years,3,1,1,0,2,0,2
S01011018,Born outside the UK: Resident 5 years or more and less than 10 years,1,1,0,1,0,0,0
S01011018,Born outside the UK: Resident 10 years or more,18,13,2,11,5,4,1
S01011019,All people in households,1031,593,242,351,438,234,204
S01011019,Born in the UK,971,568,232,336,403,224,179
S01011019,Born outside the UK: Total,60,25,10,15,35,10,25
S01011019,Born outside the UK: Resident less than 2 years,9,0,0,0,9,0,9
S01011019,Born outside the UK: Resident 2 years or more and less than 5 years,3,1,0,1,2,1,1
S01011019,Born outside the UK: Resident 5 years or more and less than 10 years,15,3,0,3,12,3,9
S01011019,Born outside the UK: Resident 10 years or more,33,21,10,11,12,6,6
S01011020,All people in households,471,395,114,281,76,33,43
S01011020,Born in the UK,451,381,111,270,70,30,40
S01011020,Born outside the UK: Total,20,14,3,11,6,3,3
S01011020,Born outside the UK: Resident less than 2 years,0,0,0,0,0,0,0
S01011020,Born outside the UK: Resident 2 years or more and less than 5 years,4,0,0,0,4,2,2
S01011020,Born outside the UK: Resident 5 years or more and less than 10 years,3,2,0,2,1,1,0
S01011020,Born outside the UK: Resident 10 years or more,13,12,3,9,1,0,1
S01011021,All people in households,882,518,191,327,364,308,56
S01011021,Born in the UK,842,488,182,306,354,300,54
S01011021,Born outside the UK: Total,40,30,9,21,10,8,2
S01011021,Born outside the UK: Resident less than 2 years,3,2,1,1,1,1,0
S01011021,Born outside the UK: Resident 2 years or more and less than 5 years,4,4,0,4,0,0,0
S01011021,Born outside the UK: Resident 5 years or more and less than 10 years,15,10,0,10,5,4,1
S01011021,Born outside the UK: Resident 10 years or more,18,14,8,6,4,3,1
S01011022,All people in households,581,266,82,184,315,292,23
S01011022,Born in the UK,545,245,79,166,300,277,23
S01011022,Born outside the UK: Total,36,21,3,18,15,15,0
S01011022,Born outside the UK: Resident less than 2 years,2,2,0,2,0,0,0
S01011022,Born outside the UK: Resident 2 years or more and less than 5 years,14,6,0,6,8,8,0
S01011022,Born outside the UK: Resident 5 years or more and less than 10 years,12,10,2,8,2,2,0
S01011022,Born outside the UK: Resident 10 years or more,8,3,1,2,5,5,0
S01011023,All people in households,812,567,156,411,245,185,60
S01011023,Born in the UK,793,555,153,402,238,182,56
S01011023,Born outside the UK: Total,19,12,3,9,7,3,4
S01011023,Born outside the UK: Resident less than 2 years,4,0,0,0,4,0,4
S01011023,Born outside the UK: Resident 2 years or more and less than 5 years,3,3,0,3,0,0,0
S01011023,Born outside the UK: Resident 5 years or more and less than 10 years,2,2,0,2,0,0,0
S01011023,Born outside the UK: Resident 10 years or more,10,7,3,4,3,3,0
S01011024,All people in households,782,313,86,227,469,420,49
S01011024,Born in the UK,733,284,80,204,449,410,39
S01011024,Born outside the UK: Total,49,29,6,23,20,10,10
S01011024,Born outside the UK: Resident less than 2 years,4,3,0,3,1,1,0
S01011024,Born outside the UK: Resident 2 years or more and less than 5 years,21,10,2,8,11,3,8
S01011024,Born outside the UK: Resident 5 years or more and less than 10 years,11,8,2,6,3,2,1
S01011024,Born outside the UK: Resident 10 years or more,13,8,2,6,5,4,1
S01011025,All people in households,680,264,56,208,416,384,32
S01011025,Born in the UK,647,250,55,195,397,368,29
S01011025,Born outside the UK: Total,33,14,1,13,19,16,3
S01011025,Born outside the UK: Resident less than 2 years,0,0,0,0,0,0,0
S01011025,Born outside the UK: Resident 2 years or more and less than 5 years,5,1,0,1,4,3,1
S01011025,Born outside the UK: Resident 5 years or more and less than 10 years,14,5,0,5,9,8,1
S01011025,Born outside the UK: Resident 10 years or more,14,8,1,7,6,5,1
S01011026,All people in households,540,231,61,170,309,295,14
S01011026,Born in the UK,529,224,61,163,305,291,14
S01011026,Born outside the UK: Total,11,7,0,7,4,4,0
S01011026,Born outside the UK: Resident less than 2 years,0,0,0,0,0,0,0
S01011026,Born outside the UK: Resident 2 years or more and less than 5 years,0,0,0,0,0,0,0
S01011026,Born outside the UK: Resident 5 years or more and less than 10 years,7,6,0,6,1,1,0
S01011026,Born outside the UK: Resident 10 years or more,4,1,0,1,3,3,0
S01011027,All people in households,928,330,81,249,598,554,44
S01011027,Born in the UK,870,302,76,226,568,527,41
S01011027,Born outside the UK: Total,58,28,5,23,30,27,3
S01011027,Born outside the UK: Resident less than 2 years,3,1,0,1,2,2,0
S01011027,Born outside the UK: Resident 2 years or more and less than 5 years,19,5,0,5,14,14,0
S01011027,Born outside the UK: Resident 5 years or more and less than 10 years,11,7,0,7,4,3,1
S01011027,Born outside the UK: Resident 10 years or more,25,15,5,10,10,8,2
S01011028,All people in households,987,382,144,238,605,573,32
S01011028,Born in the UK,967,372,140,232,595,565,30
S01011028,Born outside the UK: Total,20,10,4,6,10,8,2
S01011028,Born outside the UK: Resident less than 2 years,4,1,1,0,3,3,0
S01011028,Born outside the UK: Resident 2 years or more and less than 5 years,1,0,0,0,1,0,1
S01011028,Born outside the UK: Resident 5 years or more and less than 10 years,7,4,2,2,3,3,0
S01011028,Born outside the UK: Resident 10 years or more,8,5,1,4,3,2,1
S01011029,All people in households,615,365,94,271,250,221,29
S01011029,Born in the UK,583,351,91,260,232,210,22
S01011029,Born outside the UK: Total,32,14,3,11,18,11,7
S01011029,Born outside the UK: Resident less than 2 years,2,0,0,0,2,2,0
S01011029,Born outside the UK: Resident 2 years or more and less than 5 years,13,3,0,3,10,4,6
S01011029,Born outside the UK: Resident 5 years or more and less than 10 years,7,5,0,5,2,1,1
S01011029,Born outside the UK: Resident 10 years or more,10,6,3,3,4,4,0
S01011030,All people in households,969,807,197,610,162,115,47
S01011030,Born in the UK,930,779,193,586,151,107,44
S01011030,Born outside the UK: Total,39,28,4,24,11,8,3
S01011030,Born outside the UK: Resident less than 2 years,1,1,0,1,0,0,0
S01011030,Born outside the UK: Resident 2 years or more and less than 5 years,6,5,0,5,1,1,0
S01011030,Born outside the UK: Resident 5 years or more and less than 10 years,8,7,0,7,1,1,0
S01011030,Born outside the UK: Resident 10 years or more,24,15,4,11,9,6,3
S01011031,All people in households,734,325,129,196,409,369,40
S01011031,Born in the UK,726,322,129,193,404,366,38
S01011031,Born outside the UK: Total,8,3,0,3,5,3,2
S01011031,Born outside the UK: Resident less than 2 years,0,0,0,0,0,0,0
S01011031,Born outside the UK: Resident 2 years or more and less than 5 years,0,0,0,0,0,0,0
S01011031,Born outside the UK: Resident 5 years or more and less than 10 years,2,0,0,0,2,0,2
S01011031,Born outside the UK: Resident 10 years or more,6,3,0,3,3,3,0
S01011032,All people in households,778,432,171,261,346,259,87
S01011032,Born in the UK,765,424,169,255,341,257,84
S01011032,Born outside the UK: Total,13,8,2,6,5,2,3
S01011032,Born outside the UK: Resident less than 2 years,0,0,0,0,0,0,0
S01011032,Born outside the UK: Resident 2 years or more and less than 5 years,1,1,0,1,0,0,0
S01011032,Born outside the UK: Resident 5 years or more and less than 10 years,0,0,0,0,0,0,0
S01011032,Born outside the UK: Resident 10 years or more,12,7,2,5,5,2,3
S01011033,All people in households,633,493,142,351,140,113,27
S01011033,Born in the UK,616,481,140,341,135,112,23
S01011033,Born outside the UK: Total,17,12,2,10,5,1,4
S01011033,Born outside the UK: Resident less than 2 years,4,1,0,1,3,1,2
S01011033,Born outside the UK: Resident 2 years or more and less than 5 years,0,0,0,0,0,0,0
S01011033,Born outside the UK: Resident 5 years or more and less than 10 years,2,2,0,2,0,0,0
S01011033,Born outside the UK: Resident 10 years or more,11,9,2,7,2,0,2
S01011034,All people in households,664,394,120,274,270,205,65
S01011034,Born in the UK,636,381,119,262,255,201,54
S01011034,Born outside the UK: Total,28,13,1,12,15,4,11
S01011034,Born outside the UK: Resident less than 2 years,2,1,0,1,1,0,1
S01011034,Born outside the UK: Resident 2 years or more and less than 5 years,8,0,0,0,8,0,8
S01011034,Born outside the UK: Resident 5 years or more and less than 10 years,0,0,0,0,0,0,0
S01011034,Born outside the UK: Resident 10 years or more,18,12,1,11,6,4,2
S01011035,All people in households,662,306,53,253,356,323,33
S01011035,Born in the UK,638,295,53,242,343,313,30
S01011035,Born outside the UK: Total,24,11,0,11,13,10,3
S01011035,Born outside the UK: Resident less than 2 years,5,1,0,1,4,4,0
S01011035,Born outside the UK: Resident 2 years or more and less than 5 years,4,1,0,1,3,2,1
S01011035,Born outside the UK: Resident 5 years or more and less than 10 years,6,3,0,3,3,2,1
S01011035,Born outside the UK: Resident 10 years or more,9,6,0,6,3,2,1
S01011036,All people in households,646,444,140,304,202,154,48
S01011036,Born in the UK,627,434,140,294,193,149,44
S01011036,Born outside the UK: Total,19,10,0,10,9,5,4
S01011036,Born outside the UK: Resident less than 2 years,4,4,0,4,0,0,0
S01011036,Born outside the UK: Resident 2 years or more and less than 5 years,2,0,0,0,2,0,2
S01011036,Born outside the UK: Resident 5 years or more and less than 10 years,3,2,0,2,1,1,0
S01011036,Born outside the UK: Resident 10 years or more,10,4,0,4,6,4,2
S01011037,All people in households,963,445,122,323,518,439,79
S01011037,Born in the UK,937,427,120,307,510,433,77
S01011037,Born outside the UK: Total,26,18,2,16,8,6,2
S01011037,Born outside the UK: Resident less than 2 years,2,2,0,2,0,0,0
S01011037,Born outside the UK: Resident 2 years or more and less than 5 years,5,1,0,1,4,3,1
S01011037,Born outside the UK: Resident 5 years or more and less than 10 years,6,5,0,5,1,1,0
S01011037,Born outside the UK: Resident 10 years or more,13,10,2,8,3,2,1
S01011038,All people in households,885,272,85,187,613,585,28
S01011038,Born in the UK,862,266,83,183,596,568,28
S01011038,Born outside the UK: Total,23,6,2,4,17,17,0
S01011038,Born outside the UK: Resident less than 2 years,5,0,0,0,5,5,0
S01011038,Born outside the UK: Resident 2 years or more and less than 5 years,1,0,0,0,1,1,0
S01011038,Born outside the UK: Resident 5 years or more and less than 10 years,6,0,0,0,6,6,0
S01011038,Born outside the UK: Resident 10 years or more,11,6,2,4,5,5,0
S01011039,All people in households,782,455,103,352,327,225,102
S01011039,Born in the UK,744,434,99,335,310,222,88
S01011039,Born outside the UK: Total,38,21,4,17,17,3,14
S01011039,Born outside the UK: Resident less than 2 years,5,1,0,1,4,0,4
S01011039,Born outside the UK: Resident 2 years or more and less than 5 years,10,4,0,4,6,0,6
S01011039,Born outside the UK: Resident 5 years or more and less than 10 years,5,4,0,4,1,0,1
S01011039,Born outside the UK: Resident 10 years or more,18,12,4,8,6,3,3
S01011040,All people in households,752,374,150,224,378,338,40
S01011040,Born in the UK,734,365,146,219,369,330,39
S01011040,Born outside the UK: Total,18,9,4,5,9,8,1
S01011040,Born outside the UK: Resident less than 2 years,0,0,0,0,0,0,0
S01011040,Born outside the UK: Resident 2 years or more and less than 5 years,4,0,0,0,4,4,0
S01011040,Born outside the UK: Resident 5 years or more and less than 10 years,3,2,0,2,1,1,0
S01011040,Born outside the UK: Resident 10 years or more,11,7,4,3,4,3,1
S01011041,All people in households,789,270,89,181,519,493,26
S01011041,Born in the UK,767,266,88,178,501,475,26
S01011041,Born outside the UK: Total,22,4,1,3,18,18,0
S01011041,Born outside the UK: Resident less than 2 years,0,0,0,0,0,0,0
S01011041,Born outside the UK: Resident 2 years or more and less than 5 years,5,1,0,1,4,4,0
S01011041,Born outside the UK: Resident 5 years or more and less than 10 years,9,1,1,0,8,8,0
S01011041,Born outside the UK: Resident 10 years or more,8,2,0,2,6,6,0
S01011042,All people in households,813,652,131,521,161,96,65
S01011042,Born in the UK,789,639,126,513,150,89,61
S01011042,Born outside the UK: Total,24,13,5,8,11,7,4
S01011042,Born outside the UK: Resident less than 2 years,2,0,0,0,2,2,0
S01011042,Born outside the UK: Resident 2 years or more and less than 5 years,2,0,0,0,2,1,1
S01011042,Born outside the UK: Resident 5 years or more and less than 10 years,1,0,0,0,1,0,1
S01011042,Born outside the UK: Resident 10 years or more,19,13,5,8,6,4,2
S01011043,All people in households,707,415,142,273,292,265,27
S01011043,Born in the UK,682,402,137,265,280,255,25
S01011043,Born outside the UK: Total,25,13,5,8,12,10,2
S01011043,Born outside the UK: Resident less than 2 years,1,0,0,0,1,1,0
S01011043,Born outside the UK: Resident 2 years or more and less than 5 years,1,0,0,0,1,0,1
S01011043,Born outside the UK: Resident 5 years or more and less than 10 years,9,2,0,2,7,6,1
S01011043,Born outside the UK: Resident 10 years or more,14,11,5,6,3,3,0
S01011044,All people in households,694,376,105,271,318,276,42
S01011044,Born in the UK,668,362,103,259,306,265,41
S01011044,Born outside the UK: Total,26,14,2,12,12,11,1
S01011044,Born outside the UK: Resident less than 2 years,6,2,0,2,4,3,1
S01011044,Born outside the UK: Resident 2 years or more and less than 5 years,2,1,0,1,1,1,0
S01011044,Born outside the UK: Resident 5 years or more and less than 10 years,2,1,0,1,1,1,0
S01011044,Born outside the UK: Resident 10 years or more,16,10,2,8,6,6,0
S01011045,All people in households,815,447,255,192,368,119,249
S01011045,Born in the UK,778,427,245,182,351,119,232
S01011045,Born outside the UK: Total,37,20,10,10,17,0,17
S01011045,Born outside the UK: Resident less than 2 years,0,0,0,0,0,0,0
S01011045,Born outside the UK: Resident 2 years or more and less than 5 years,10,1,0,1,9,0,9
S01011045,Born outside the UK: Resident 5 years or more and less than 10 years,5,3,1,2,2,0,2
S01011045,Born outside the UK: Resident 10 years or more,22,16,9,7,6,0,6
S01011046,All people in households,854,568,300,268,286,48,238
S01011046,Born in the UK,829,549,291,258,280,48,232
S01011046,Born outside the UK: Total,25,19,9,10,6,0,6
S01011046,Born outside the UK: Resident less than 2 years,2,0,0,0,2,0,2
S01011046,Born outside the UK: Resident 2 years or more and less than 5 years,0,0,0,0,0,0,0
S01011046,Born outside the UK: Resident 5 years or more and less than 10 years,4,3,0,3,1,0,1
S01011046,Born outside the UK: Resident 10 years or more,19,16,9,7,3,0,3
S01011047,All people in households,988,734,389,345,254,62,192
S01011047,Born in the UK,941,708,372,336,233,57,176
S01011047,Born outside the UK: Total,47,26,17,9,21,5,16
S01011047,Born outside the UK: Resident less than 2 years,3,1,1,0,2,0,2
S01011047,Born outside the UK: Resident 2 years or more and less than 5 years,11,2,2,0,9,0,9
S01011047,Born outside the UK: Resident 5 years or more and less than 10 years,7,5,0,5,2,1,1
S01011047,Born outside the UK: Resident 10 years or more,26,18,14,4,8,4,4
S01011048,All people in households,975,680,309,371,295,206,89
S01011048,Born in the UK,937,665,302,363,272,200,72
S01011048,Born outside the UK: Total,38,15,7,8,23,6,17
S01011048,Born outside the UK: Resident less than 2 years,5,2,2,0,3,0,3
S01011048,Born outside the UK: Resident 2 years or more and less than 5 years,10,2,1,1,8,0,8
S01011048,Born outside the UK: Resident 5 years or more and less than 10 years,7,1,1,0,6,3,3
S01011048,Born outside the UK: Resident 10 years or more,16,10,3,7,6,3,3
S01011049,All people in households,680,481,218,263,199,132,67
S01011049,Born in the UK,656,473,215,258,183,126,57
S01011049,Born outside the UK: Total,24,8,3,5,16,6,10
S01011049,Born outside the UK: Resident less than 2 years,3,0,0,0,3,2,1
S01011049,Born outside the UK: Resident 2 years or more and less than 5 years,4,1,1,0,3,2,1
S01011049,Born outside the UK: Resident 5 years or more and less than 10 years,4,0,0,0,4,0,4
S01011049,Born outside the UK: Resident 10 years or more,13,7,2,5,6,2,4
S01011050,All people in households,800,596,255,341,204,39,165
S01011050,Born in the UK,773,574,247,327,199,38,161
S01011050,Born outside the UK: Total,27,22,8,14,5,1,4
S01011050,Born outside the UK: Resident less than 2 years,2,1,0,1,1,0,1
S01011050,Born outside the UK: Resident 2 years or more and less than 5 years,0,0,0,0,0,0,0
S01011050,Born outside the UK: Resident 5 years or more and less than 10 years,1,1,0,1,0,0,0
S01011050,Born outside the UK: Resident 10 years or more,24,20,8,12,4,1,3
S01011051,All people in households,937,666,341,325,271,125,146
S01011051,Born in the UK,897,649,334,315,248,119,129
S01011051,Born outside the UK: Total,40,17,7,10,23,6,17
S01011051,Born outside the UK: Resident less than 2 years,5,0,0,0,5,1,4
S01011051,Born outside the UK: Resident 2 years or more and less than 5 years,8,1,1,0,7,0,7
S01011051,Born outside the UK: Resident 5 years or more and less than 10 years,6,1,0,1,5,2,3
S01011051,Born outside the UK: Resident 10 years or more,21,15,6,9,6,3,3
S01011052,All people in households,812,581,329,252,231,107,124
S01011052,Born in the UK,749,569,322,247,180,104,76
S01011052,Born outside the UK: Total,63,12,7,5,51,3,48
S01011052,Born outside the UK: Resident less than 2 years,14,0,0,0,14,0,14
S01011052,Born outside the UK: Resident 2 years or more and less than 5 years,25,3,3,0,22,0,22
S01011052,Born outside the UK: Resident 5 years or more and less than 10 years,8,1,0,1,7,0,7
S01011052,Born outside the UK: Resident 10 years or more,16,8,4,4,8,3,5
S01011053,All people in households,656,399,178,221,257,201,56
S01011053,Born in the UK,616,390,175,215,226,191,35
S01011053,Born outside the UK: Total,40,9,3,6,31,10,21
S01011053,Born outside the UK: Resident less than 2 years,6,0,0,0,6,0,6
S01011053,Born outside the UK: Resident 2 years or more and less than 5 years,11,2,0,2,9,2,7
S01011053,Born outside the UK: Resident 5 years or more and less than 10 years,10,3,0,3,7,0,7
S01011053,Born outside the UK: Resident 10 years or more,13,4,3,1,9,8,1
S01011054,All people in households,536,383,158,225,153,98,55
S01011054,Born in the UK,510,370,150,220,140,95,45
S01011054,Born outside the UK: Total,26,13,8,5,13,3,10
S01011054,Born outside the UK: Resident less than 2 years,5,0,0,0,5,2,3
S01011054,Born outside the UK: Resident 2 years or more and less than 5 years,3,2,1,1,1,0,1
S01011054,Born outside the UK: Resident 5 years or more and less than 10 years,5,0,0,0,5,1,4
S01011054,Born outside the UK: Resident 10 years or more,13,11,7,4,2,0,2
S01011055,All people in households,566,340,170,170,226,48,178
S01011055,Born in the UK,546,329,165,164,217,47,170
S01011055,Born outside the UK: Total,20,11,5,6,9,1,8
S01011055,Born outside the UK: Resident less than 2 years,4,2,1,1,2,0,2
S01011055,Born outside the UK: Resident 2 years or more and less than 5 years,2,1,1,0,1,0,1
S01011055,Born outside the UK: Resident 5 years or more and less than 10 years,1,0,0,0,1,0,1
S01011055,Born outside the UK: Resident 10 years or more,13,8,3,5,5,1,4
S01011056,All people in households,699,598,366,232,101,40,61
S01011056,Born in the UK,678,582,358,224,96,40,56
S01011056,Born outside the UK: Total,21,16,8,8,5,0,5
S01011056,Born outside the UK: Resident less than 2 years,0,0,0,0,0,0,0
S01011056,Born outside the UK: Resident 2 years or more and less than 5 years,4,1,0,1,3,0,3
S01011056,Born outside the UK: Resident 5 years or more and less than 10 years,0,0,0,0,0,0,0
S01011056,Born outside the UK: Resident 10 years or more,17,15,8,7,2,0,2
S01011057,All people in households,579,457,251,206,122,65,57
S01011057,Born in the UK,569,448,247,201,121,65,56
S01011057,Born outside the UK: Total,10,9,4,5,1,0,1
S01011057,Born outside the UK: Resident less than 2 years,0,0,0,0,0,0,0
S01011057,Born outside the UK: Resident 2 years or more and less than 5 years,1,1,0,1,0,0,0
S01011057,Born outside the UK: Resident 5 years or more and less than 10 years,1,0,0,0,1,0,1
S01011057,Born outside the UK: Resident 10 years or more,8,8,4,4,0,0,0
S01011058,All people in households,638,543,301,242,95,15,80
S01011058,Born in the UK,611,519,294,225,92,15,77
S01011058,Born outside the UK: Total,27,24,7,17,3,0,3
S01011058,Born outside the UK: Resident less than 2 years,1,1,0,1,0,0,0
S01011058,Born outside the UK: Resident 2 years or more and less than 5 years,3,3,1,2,0,0,0
S01011058,Born outside the UK: Resident 5 years or more and less than 10 years,2,2,1,1,0,0,0
S01011058,Born outside the UK: Resident 10 years or more,21,18,5,13,3,0,3
S01011059,All people in households,635,479,249,230,156,41,115
S01011059,Born in the UK,606,461,241,220,145,41,104
S01011059,Born outside the UK: Total,29,18,8,10,11,0,11
S01011059,Born outside the UK: Resident less than 2 years,5,0,0,0,5,0,5
S01011059,Born outside the UK: Resident 2 years or more and less than 5 years,4,1,0,1,3,0,3
S01011059,Born outside the UK: Resident 5 years or more and less than 10 years,0,0,0,0,0,0,0
S01011059,Born outside the UK: Resident 10 years or more,20,17,8,9,3,0,3
S01011060,All people in households,833,668,373,295,165,104,61
S01011060,Born in the UK,810,654,368,286,156,102,54
S01011060,Born outside the UK: Total,23,14,5,9,9,2,7
S01011060,Born outside the UK: Resident less than 2 years,0,0,0,0,0,0,0
S01011060,Born outside the UK: Resident 2 years or more and less than 5 years,4,1,0,1,3,0,3
S01011060,Born outside the UK: Resident 5 years or more and less than 10 years,3,2,1,1,1,0,1
S01011060,Born outside the UK: Resident 10 years or more,16,11,4,7,5,2,3
S01011061,All people in households,843,457,193,264,386,308,78
S01011061,Born in the UK,827,451,189,262,376,301,75
S01011061,Born outside the UK: Total,16,6,4,2,10,7,3
S01011061,Born outside the UK: Resident less than 2 years,0,0,0,0,0,0,0
S01011061,Born outside the UK: Resident 2 years or more and less than 5 years,1,0,0,0,1,0,1
S01011061,Born outside the UK: Resident 5 years or more and less than 10 years,4,1,1,0,3,2,1
S01011061,Born outside the UK: Resident 10 years or more,11,5,3,2,6,5,1
S01011062,All people in households,916,663,310,353,253,145,108
S01011062,Born in the UK,900,657,306,351,243,143,100
S01011062,Born outside the UK: Total,16,6,4,2,10,2,8
S01011062,Born outside the UK: Resident less than 2 years,1,0,0,0,1,0,1
S01011062,Born outside the UK: Resident 2 years or more and less than 5 years,3,0,0,0,3,0,3
S01011062,Born outside the UK: Resident 5 years or more and less than 10 years,3,0,0,0,3,1,2
S01011062,Born outside the UK: Resident 10 years or more,9,6,4,2,3,1,2
S01011063,All people in households,1036,598,303,295,438,388,50
S01011063,Born in the UK,1015,584,295,289,431,385,46
S01011063,Born outside the UK: Total,21,14,8,6,7,3,4
S01011063,Born outside the UK: Resident less than 2 years,2,1,1,0,1,1,0
S01011063,Born outside the UK: Resident 2 years or more and less than 5 years,6,2,0,2,4,0,4
S01011063,Born outside the UK: Resident 5 years or more and less than 10 years,1,0,0,0,1,1,0
S01011063,Born outside the UK: Resident 10 years or more,12,11,7,4,1,1,0
S01011064,All people in households,1025,758,390,368,267,164,103
S01011064,Born in the UK,1003,745,384,361,258,161,97
S01011064,Born outside the UK: Total,22,13,6,7,9,3,6
S01011064,Born outside the UK: Resident less than 2 years,1,0,0,0,1,0,1
S01011064,Born outside the UK: Resident 2 years or more and less than 5 years,2,0,0,0,2,1,1
S01011064,Born outside the UK: Resident 5 years or more and less than 10 years,5,4,0,4,1,0,1
S01011064,Born outside the UK: Resident 10 years or more,14,9,6,3,5,2,3
S01011065,All people in households,706,441,208,233,265,133,132
S01011065,Born in the UK,684,430,199,231,254,129,125
S01011065,Born outside the UK: Total,22,11,9,2,11,4,7
S01011065,Born outside the UK: Resident less than 2 years,4,3,2,1,1,0,1
S01011065,Born outside the UK: Resident 2 years or more and less than 5 years,0,0,0,0,0,0,0
S01011065,Born outside the UK: Resident 5 years or more and less than 10 years,5,1,1,0,4,0,4
S01011065,Born outside the UK: Resident 10 years or more,13,7,6,1,6,4,2
S01011066,All people in households,504,364,217,147,140,88,52
S01011066,Born in the UK,484,357,214,143,127,84,43
S01011066,Born outside the UK: Total,20,7,3,4,13,4,9
S01011066,Born outside the UK: Resident less than 2 years,0,0,0,0,0,0,0
S01011066,Born outside the UK: Resident 2 years or more and less than 5 years,3,0,0,0,3,3,0
S01011066,Born outside the UK: Resident 5 years or more and less than 10 years,8,3,1,2,5,1,4
S01011066,Born outside the UK: Resident 10 years or more,9,4,2,2,5,0,5
S01011067,All people in households,575,431,221,210,144,93,51
S01011067,Born in the UK,553,413,210,203,140,92,48
S01011067,Born outside the UK: Total,22,18,11,7,4,1,3
S01011067,Born outside the UK: Resident less than 2 years,1,1,1,0,0,0,0
S01011067,Born outside the UK: Resident 2 years or more and less than 5 years,0,0,0,0,0,0,0
S01011067,Born outside the UK: Resident 5 years or more and less than 10 years,7,5,0,5,2,0,2
S01011067,Born outside the UK: Resident 10 years or more,14,12,10,2,2,1,1
S01011068,All people in households,535,343,139,204,192,150,42
S01011068,Born in the UK,526,341,139,202,185,148,37
S01011068,Born outside the UK: Total,9,2,0,2,7,2,5
S01011068,Born outside the UK: Resident less than 2 years,1,1,0,1,0,0,0
S01011068,Born outside the UK: Resident 2 years or more and less than 5 years,2,0,0,0,2,0,2
S01011068,Born outside the UK: Resident 5 years or more and less than 10 years,2,0,0,0,2,0,2
S01011068,Born outside the UK: Resident 10 years or more,4,1,0,1,3,2,1
S01011069,All people in households,578,403,205,198,175,135,40
S01011069,Born in the UK,565,392,201,191,173,134,39
S01011069,Born outside the UK: Total,13,11,4,7,2,1,1
S01011069,Born outside the UK: Resident less than 2 years,0,0,0,0,0,0,0
S01011069,Born outside the UK: Resident 2 years or more and less than 5 years,2,2,0,2,0,0,0
S01011069,Born outside the UK: Resident 5 years or more and less than 10 years,2,2,0,2,0,0,0
S01011069,Born outside the UK: Resident 10 years or more,9,7,4,3,2,1,1
S01011070,All people in households,625,490,198,292,135,94,41
S01011070,Born in the UK,618,484,196,288,134,94,40
S01011070,Born outside the UK: Total,7,6,2,4,1,0,1
S01011070,Born outside the UK: Resident less than 2 years,1,1,0,1,0,0,0
S01011070,Born outside the UK: Resident 2 years or more and less than 5 years,1,1,0,1,0,0,0
S01011070,Born outside the UK: Resident 5 years or more and less than 10 years,0,0,0,0,0,0,0
S01011070,Born outside the UK: Resident 10 years or more,5,4,2,2,1,0,1
S01011071,All people in households,843,722,395,327,121,70,51
S01011071,Born in the UK,818,705,391,314,113,64,49
S01011071,Born outside the UK: Total,25,17,4,13,8,6,2
S01011071,Born outside the UK: Resident less than 2 years,1,1,0,1,0,0,0
S01011071,Born outside the UK: Resident 2 years or more and less than 5 years,5,0,0,0,5,5,0
S01011071,Born outside the UK: Resident 5 years or more and less than 10 years,9,8,1,7,1,1,0
S01011071,Born outside the UK: Resident 10 years or more,10,8,3,5,2,0,2
S01011072,All people in households,1000,752,355,397,248,178,70
S01011072,Born in the UK,982,742,350,392,240,175,65
S01011072,Born outside the UK: Total,18,10,5,5,8,3,5
S01011072,Born outside the UK: Resident less than 2 years,2,0,0,0,2,0,2
S01011072,Born outside the UK: Resident 2 years or more and less than 5 years,2,1,1,0,1,1,0
S01011072,Born outside the UK: Resident 5 years or more and less than 10 years,3,1,1,0,2,2,0
S01011072,Born outside the UK: Resident 10 years or more,11,8,3,5,3,0,3
S01011073,All people in households,682,603,268,335,79,23,56
S01011073,Born in the UK,656,584,259,325,72,21,51
S01011073,Born outside the UK: Total,26,19,9,10,7,2,5
S01011073,Born outside the UK: Resident less than 2 years,3,0,0,0,3,1,2
S01011073,Born outside the UK: Resident 2 years or more and less than 5 years,4,4,0,4,0,0,0
S01011073,Born outside the UK: Resident 5 years or more and less than 10 years,4,2,1,1,2,0,2
S01011073,Born outside the UK: Resident 10 years or more,15,13,8,5,2,1,1
S01011074,All people in households,607,474,201,273,133,91,42
S01011074,Born in the UK,589,465,198,267,124,90,34
S01011074,Born outside the UK: Total,18,9,3,6,9,1,8
S01011074,Born outside the UK: Resident less than 2 years,4,1,1,0,3,0,3
S01011074,Born outside the UK: Resident 2 years or more and less than 5 years,4,1,0,1,3,0,3
S01011074,Born outside the UK: Resident 5 years or more and less than 10 years,2,1,0,1,1,0,1
S01011074,Born outside the UK: Resident 10 years or more,8,6,2,4,2,1,1
S01011075,All people in households,714,359,146,213,355,309,46
S01011075,Born in the UK,696,355,144,211,341,300,41
S01011075,Born outside the UK: Total,18,4,2,2,14,9,5
S01011075,Born outside the UK: Resident less than 2 years,1,0,0,0,1,1,0
S01011075,Born outside the UK: Resident 2 years or more and less than 5 years,4,0,0,0,4,1,3
S01011075,Born outside the UK: Resident 5 years or more and less than 10 years,2,1,1,0,1,1,0
S01011075,Born outside the UK: Resident 10 years or more,11,3,1,2,8,6,2
S01011076,All people in households,740,473,242,231,267,210,57
S01011076,Born in the UK,709,462,236,226,247,205,42
S01011076,Born outside the UK: Total,31,11,6,5,20,5,15
S01011076,Born outside the UK: Resident less than 2 years,8,0,0,0,8,0,8
S01011076,Born outside the UK: Resident 2 years or more and less than 5 years,6,1,1,0,5,0,5
S01011076,Born outside the UK: Resident 5 years or more and less than 10 years,4,2,0,2,2,1,1
S01011076,Born outside the UK: Resident 10 years or more,13,8,5,3,5,4,1
S01011077,All people in households,777,280,127,153,497,480,17
S01011077,Born in the UK,761,270,122,148,491,475,16
S01011077,Born outside the UK: Total,16,10,5,5,6,5,1
S01011077,Born outside the UK: Resident less than 2 years,1,0,0,0,1,1,0
S01011077,Born outside the UK: Resident 2 years or more and less than 5 years,6,5,2,3,1,0,1
S01011077,Born outside the UK: Resident 5 years or more and less than 10 years,3,1,0,1,2,2,0
S01011077,Born outside the UK: Resident 10 years or more,6,4,3,1,2,2,0
S01011078,All people in households,1104,914,409,505,190,128,62
S01011078,Born in the UK,1085,904,406,498,181,126,55
S01011078,Born outside the UK: Total,19,10,3,7,9,2,7
S01011078,Born outside the UK: Resident less than 2 years,4,1,0,1,3,0,3
S01011078,Born outside the UK: Resident 2 years or more and less than 5 years,2,0,0,0,2,0,2
S01011078,Born outside the UK: Resident 5 years or more and less than 10 years,3,0,0,0,3,1,2
S01011078,Born outside the UK: Resident 10 years or more,10,9,3,6,1,1,0
S01011079,All people in households,1046,866,364,502,180,43,137
S01011079,Born in the UK,974,840,351,489,134,38,96
S01011079,Born outside the UK: Total,72,26,13,13,46,5,41
S01011079,Born outside the UK: Resident less than 2 years,11,2,2,0,9,0,9
S01011079,Born outside the UK: Resident 2 years or more and less than 5 years,24,5,2,3,19,2,17
S01011079,Born outside the UK: Resident 5 years or more and less than 10 years,17,4,0,4,13,2,11
S01011079,Born outside the UK: Resident 10 years or more,20,15,9,6,5,1,4
S01011080,All people in households,967,730,365,365,237,144,93
S01011080,Born in the UK,932,717,357,360,215,141,74
S01011080,Born outside the UK: Total,35,13,8,5,22,3,19
S01011080,Born outside the UK: Resident less than 2 years,1,0,0,0,1,0,1
S01011080,Born outside the UK: Resident 2 years or more and less than 5 years,9,0,0,0,9,0,9
S01011080,Born outside the UK: Resident 5 years or more and less than 10 years,9,1,1,0,8,0,8
S01011080,Born outside the UK: Resident 10 years or more,16,12,7,5,4,3,1
S01011081,All people in households,824,576,266,310,248,215,33
S01011081,Born in the UK,809,567,261,306,242,214,28
S01011081,Born outside the UK: Total,15,9,5,4,6,1,5
S01011081,Born outside the UK: Resident less than 2 years,1,0,0,0,1,0,1
S01011081,Born outside the UK: Resident 2 years or more and less than 5 years,2,0,0,0,2,0,2
S01011081,Born outside the UK: Resident 5 years or more and less than 10 years,4,1,0,1,3,1,2
S01011081,Born outside the UK: Resident 10 years or more,8,8,5,3,0,0,0
S01011082,All people in households,495,261,100,161,234,216,18
S01011082,Born in the UK,487,258,99,159,229,215,14
S01011082,Born outside the UK: Total,8,3,1,2,5,1,4
S01011082,Born outside the UK: Resident less than 2 years,2,0,0,0,2,0,2
S01011082,Born outside the UK: Resident 2 years or more and less than 5 years,2,0,0,0,2,0,2
S01011082,Born outside the UK: Resident 5 years or more and less than 10 years,2,2,0,2,0,0,0
S01011082,Born outside the UK: Resident 10 years or more,2,1,1,0,1,1,0
S01011083,All people in households,787,608,259,349,179,112,67
S01011083,Born in the UK,751,588,252,336,163,110,53
S01011083,Born outside the UK: Total,36,20,7,13,16,2,14
S01011083,Born outside the UK: Resident less than 2 years,5,0,0,0,5,0,5
S01011083,Born outside the UK: Resident 2 years or more and less than 5 years,4,3,3,0,1,0,1
S01011083,Born outside the UK: Resident 5 years or more and less than 10 years,11,4,1,3,7,0,7
S01011083,Born outside the UK: Resident 10 years or more,16,13,3,10,3,2,1
S01011084,All people in households,774,641,313,328,133,39,94
S01011084,Born in the UK,750,623,299,324,127,38,89
S01011084,Born outside the UK: Total,24,18,14,4,6,1,5
S01011084,Born outside the UK: Resident less than 2 years,3,1,1,0,2,0,2
S01011084,Born outside the UK: Resident 2 years or more and less than 5 years,4,4,4,0,0,0,0
S01011084,Born outside the UK: Resident 5 years or more and less than 10 years,1,1,0,1,0,0,0
S01011084,Born outside the UK: Resident 10 years or more,16,12,9,3,4,1,3
S01011085,All people in households,888,721,364,357,167,80,87
S01011085,Born in the UK,863,701,358,343,162,79,83
S01011085,Born outside the UK: Total,25,20,6,14,5,1,4
S01011085,Born outside the UK: Resident less than 2 years,0,0,0,0,0,0,0
S01011085,Born outside the UK: Resident 2 years or more and less than 5 years,5,1,0,1,4,0,4
S01011085,Born outside the UK: Resident 5 years or more and less than 10 years,3,3,1,2,0,0,0
S01011085,Born outside the UK: Resident 10 years or more,17,16,5,11,1,1,0
S01011086,All people in households,641,509,278,231,132,64,68
S01011086,Born in the UK,626,499,274,225,127,63,64
S01011086,Born outside the UK: Total,15,10,4,6,5,1,4
S01011086,Born outside the UK: Resident less than 2 years,0,0,0,0,0,0,0
S01011086,Born outside the UK: Resident 2 years or more and less than 5 years,3,1,0,1,2,0,2
S01011086,Born outside the UK: Resident 5 years or more and less than 10 years,0,0,0,0,0,0,0
S01011086,Born outside the UK: Resident 10 years or more,12,9,4,5,3,1,2
S01011087,All people in households,584,424,168,256,160,130,30
S01011087,Born in the UK,563,405,162,243,158,129,29
S01011087,Born outside the UK: Total,21,19,6,13,2,1,1
S01011087,Born outside the UK: Resident less than 2 years,0,0,0,0,0,0,0
S01011087,Born outside the UK: Resident 2 years or more and less than 5 years,7,7,0,7,0,0,0
S01011087,Born outside the UK: Resident 5 years or more and less than 10 years,3,3,0,3,0,0,0
S01011087,Born outside the UK: Resident 10 years or more,11,9,6,3,2,1,1
S01011088,All people in households,981,734,319,415,247,111,136
S01011088,Born in the UK,939,705,312,393,234,109,125
S01011088,Born outside the UK: Total,42,29,7,22,13,2,11
S01011088,Born outside the UK: Resident less than 2 years,3,3,0,3,0,0,0
S01011088,Born outside the UK: Resident 2 years or more and less than 5 years,4,1,0,1,3,0,3
S01011088,Born outside the UK: Resident 5 years or more and less than 10 years,14,8,0,8,6,0,6
S01011088,Born outside the UK: Resident 10 years or more,21,17,7,10,4,2,2
S01011089,All people in households,650,337,179,158,313,272,41
S01011089,Born in the UK,633,330,178,152,303,268,35
S01011089,Born outside the UK: Total,17,7,1,6,10,4,6
S01011089,Born outside the UK: Resident less than 2 years,1,0,0,0,1,0,1
S01011089,Born outside the UK: Resident 2 years or more and less than 5 years,5,0,0,0,5,0,5
S01011089,Born outside the UK: Resident 5 years or more and less than 10 years,0,0,0,0,0,0,0
S01011089,Born outside the UK: Resident 10 years or more,11,7,1,6,4,4,0
S01011090,All people in households,715,566,301,265,149,11,138
S01011090,Born in the UK,679,542,284,258,137,10,127
S01011090,Born outside the UK: Total,36,24,17,7,12,1,11
S01011090,Born outside the UK: Resident less than 2 years,3,1,1,0,2,0,2
S01011090,Born outside the UK: Resident 2 years or more and less than 5 years,10,3,0,3,7,0,7
S01011090,Born outside the UK: Resident 5 years or more and less than 10 years,4,2,2,0,2,1,1
S01011090,Born outside the UK: Resident 10 years or more,19,18,14,4,1,0,1
S01011091,All people in households,621,483,226,257,138,8,130
S01011091,Born in the UK,593,461,213,248,132,8,124
S01011091,Born outside the UK: Total,28,22,13,9,6,0,6
S01011091,Born outside the UK: Resident less than 2 years,0,0,0,0,0,0,0
S01011091,Born outside the UK: Resident 2 years or more and less than 5 years,1,1,1,0,0,0,0
S01011091,Born outside the UK: Resident 5 years or more and less than 10 years,3,1,0,1,2,0,2
S01011091,Born outside the UK: Resident 10 years or more,24,20,12,8,4,0,4
S01011092,All people in households,465,143,29,114,322,278,44
S01011092,Born in the UK,434,124,25,99,310,270,40
S01011092,Born outside the UK: Total,31,19,4,15,12,8,4
S01011092,Born outside the UK: Resident less than 2 years,4,2,0,2,2,0,2
S01011092,Born outside the UK: Resident 2 years or more and less than 5 years,6,4,0,4,2,0,2
S01011092,Born outside the UK: Resident 5 years or more and less than 10 years,10,7,2,5,3,3,0
S01011092,Born outside the UK: Resident 10 years or more,11,6,2,4,5,5,0
S01011093,All people in households,612,545,206,339,67,18,49
S01011093,Born in the UK,597,535,202,333,62,14,48
S01011093,Born outside the UK: Total,15,10,4,6,5,4,1
S01011093,Born outside the UK: Resident less than 2 years,0,0,0,0,0,0,0
S01011093,Born outside the UK: Resident 2 years or more and less than 5 years,3,2,1,1,1,1,0
S01011093,Born outside the UK: Resident 5 years or more and less than 10 years,0,0,0,0,0,0,0
S01011093,Born outside the UK: Resident 10 years or more,12,8,3,5,4,3,1
S01011094,All people in households,486,391,150,241,95,8,87
S01011094,Born in the UK,455,377,146,231,78,6,72
S01011094,Born outside the UK: Total,31,14,4,10,17,2,15
S01011094,Born outside the UK: Resident less than 2 years,8,1,1,0,7,0,7
S01011094,Born outside the UK: Resident 2 years or more and less than 5 years,3,0,0,0,3,0,3
S01011094,Born outside the UK: Resident 5 years or more and less than 10 years,4,3,0,3,1,1,0
S01011094,Born outside the UK: Resident 10 years or more,16,10,3,7,6,1,5
S01011095,All people in households,783,623,305,318,160,19,141
S01011095,Born in the UK,742,598,297,301,144,19,125
S01011095,Born outside the UK: Total,41,25,8,17,16,0,16
S01011095,Born outside the UK: Resident less than 2 years,2,0,0,0,2,0,2
S01011095,Born outside the UK: Resident 2 years or more and less than 5 years,10,1,0,1,9,0,9
S01011095,Born outside the UK: Resident 5 years or more and less than 10 years,5,4,0,4,1,0,1
S01011095,Born outside the UK: Resident 10 years or more,24,20,8,12,4,0,4
S01011096,All people in households,557,383,114,269,174,22,152
S01011096,Born in the UK,515,361,109,252,154,21,133
S01011096,Born outside the UK: Total,42,22,5,17,20,1,19
S01011096,Born outside the UK: Resident less than 2 years,3,0,0,0,3,0,3
S01011096,Born outside the UK: Resident 2 years or more and less than 5 years,9,1,0,1,8,0,8
S01011096,Born outside the UK: Resident 5 years or more and less than 10 years,7,6,2,4,1,0,1
S01011096,Born outside the UK: Resident 10 years or more,23,15,3,12,8,1,7
S01011097,All people in households,715,529,218,311,186,29,157
S01011097,Born in the UK,683,512,211,301,171,29,142
S01011097,Born outside the UK: Total,32,17,7,10,15,0,15
S01011097,Born outside the UK: Resident less than 2 years,1,0,0,0,1,0,1
S01011097,Born outside the UK: Resident 2 years or more and less than 5 years,5,0,0,0,5,0,5
S01011097,Born outside the UK: Resident 5 years or more and less than 10 years,4,2,0,2,2,0,2
S01011097,Born outside the UK: Resident 10 years or more,22,15,7,8,7,0,7
S01011098,All people in households,749,565,202,363,184,98,86
S01011098,Born in the UK,707,542,191,351,165,95,70
S01011098,Born outside the UK: Total,42,23,11,12,19,3,16
S01011098,Born outside the UK: Resident less than 2 years,2,1,1,0,1,0,1
S01011098,Born outside the UK: Resident 2 years or more and less than 5 years,9,0,0,0,9,2,7
S01011098,Born outside the UK: Resident 5 years or more and less than 10 years,12,4,1,3,8,1,7
S01011098,Born outside the UK: Resident 10 years or more,19,18,9,9,1,0,1
S01011099,All people in households,819,349,135,214,470,418,52
S01011099,Born in the UK,792,341,133,208,451,407,44
S01011099,Born outside the UK: Total,27,8,2,6,19,11,8
S01011099,Born outside the UK: Resident less than 2 years,1,0,0,0,1,0,1
S01011099,Born outside the UK: Resident 2 years or more and less than 5 years,5,2,1,1,3,1,2
S01011099,Born outside the UK: Resident 5 years or more and less than 10 years,4,0,0,0,4,3,1
S01011099,Born outside the UK: Resident 10 years or more,17,6,1,5,11,7,4
S01011100,All people in households,458,351,175,176,107,88,19
S01011100,Born in the UK,446,340,168,172,106,88,18
S01011100,Born outside the UK: Total,12,11,7,4,1,0,1
S01011100,Born outside the UK: Resident less than 2 years,0,0,0,0,0,0,0
S01011100,Born outside the UK: Resident 2 years or more and less than 5 years,1,1,0,1,0,0,0
S01011100,Born outside the UK: Resident 5 years or more and less than 10 years,0,0,0,0,0,0,0
S01011100,Born outside the UK: Resident 10 years or more,11,10,7,3,1,0,1
S01011101,All people in households,626,270,90,180,356,325,31
S01011101,Born in the UK,595,259,85,174,336,308,28
S01011101,Born outside the UK: Total,31,11,5,6,20,17,3
S01011101,Born outside the UK: Resident less than 2 years,5,0,0,0,5,5,0
S01011101,Born outside the UK: Resident 2 years or more and less than 5 years,5,0,0,0,5,3,2
S01011101,Born outside the UK: Resident 5 years or more and less than 10 years,6,2,0,2,4,4,0
S01011101,Born outside the UK: Resident 10 years or more,15,9,5,4,6,5,1
S01011102,All people in households,642,232,108,124,410,299,111
S01011102,Born in the UK,569,216,106,110,353,287,66
S01011102,Born outside the UK: Total,73,16,2,14,57,12,45
S01011102,Born outside the UK: Resident less than 2 years,11,1,0,1,10,1,9
S01011102,Born outside the UK: Resident 2 years or more and less than 5 years,34,5,0,5,29,4,25
S01011102,Born outside the UK: Resident 5 years or more and less than 10 years,14,3,0,3,11,2,9
S01011102,Born outside the UK: Resident 10 years or more,14,7,2,5,7,5,2
S01011103,All people in households,568,232,94,138,336,170,166
S01011103,Born in the UK,498,220,92,128,278,162,116
S01011103,Born outside the UK: Total,70,12,2,10,58,8,50
S01011103,Born outside the UK: Resident less than 2 years,9,2,0,2,7,0,7
S01011103,Born outside the UK: Resident 2 years or more and less than 5 years,34,1,0,1,33,4,29
S01011103,Born outside the UK: Resident 5 years or more and less than 10 years,16,2,1,1,14,3,11
S01011103,Born outside the UK: Resident 10 years or more,11,7,1,6,4,1,3
S01011104,All people in households,583,394,164,230,189,99,90
S01011104,Born in the UK,521,369,159,210,152,94,58
S01011104,Born outside the UK: Total,62,25,5,20,37,5,32
S01011104,Born outside the UK: Resident less than 2 years,8,1,0,1,7,0,7
S01011104,Born outside the UK: Resident 2 years or more and less than 5 years,11,2,0,2,9,0,9
S01011104,Born outside the UK: Resident 5 years or more and less than 10 years,15,1,0,1,14,1,13
S01011104,Born outside the UK: Resident 10 years or more,28,21,5,16,7,4,3
S01011105,All people in households,796,443,214,229,353,195,158
S01011105,Born in the UK,710,424,203,221,286,183,103
S01011105,Born outside the UK: Total,86,19,11,8,67,12,55
S01011105,Born outside the UK: Resident less than 2 years,23,0,0,0,23,5,18
S01011105,Born outside the UK: Resident 2 years or more and less than 5 years,24,5,2,3,19,0,19
S01011105,Born outside the UK: Resident 5 years or more and less than 10 years,20,4,2,2,16,3,13
S01011105,Born outside the UK: Resident 10 years or more,19,10,7,3,9,4,5
S01011106,All people in households,988,229,66,163,759,355,404
S01011106,Born in the UK,912,216,64,152,696,327,369
S01011106,Born outside the UK: Total,76,13,2,11,63,28,35
S01011106,Born outside the UK: Resident less than 2 years,3,1,0,1,2,0,2
S01011106,Born outside the UK: Resident 2 years or more and less than 5 years,24,3,1,2,21,7,14
S01011106,Born outside the UK: Resident 5 years or more and less than 10 years,15,1,0,1,14,10,4
S01011106,Born outside the UK: Resident 10 years or more,34,8,1,7,26,11,15
S01011107,All people in households,935,493,49,444,442,248,194
S01011107,Born in the UK,840,474,46,428,366,237,129
S01011107,Born outside the UK: Total,95,19,3,16,76,11,65
S01011107,Born outside the UK: Resident less than 2 years,16,6,0,6,10,1,9
S01011107,Born outside the UK: Resident 2 years or more and less than 5 years,40,3,1,2,37,2,35
S01011107,Born outside the UK: Resident 5 years or more and less than 10 years,24,3,2,1,21,3,18
S01011107,Born outside the UK: Resident 10 years or more,15,7,0,7,8,5,3
S01011108,All people in households,543,355,71,284,188,156,32
S01011108,Born in the UK,506,328,68,260,178,153,25
S01011108,Born outside the UK: Total,37,27,3,24,10,3,7
S01011108,Born outside the UK: Resident less than 2 years,4,4,0,4,0,0,0
S01011108,Born outside the UK: Resident 2 years or more and less than 5 years,8,3,1,2,5,0,5
S01011108,Born outside the UK: Resident 5 years or more and less than 10 years,4,2,0,2,2,0,2
S01011108,Born outside the UK: Resident 10 years or more,21,18,2,16,3,3,0
S01011109,All people in households,807,640,257,383,167,67,100
S01011109,Born in the UK,748,620,247,373,128,62,66
S01011109,Born outside the UK: Total,59,20,10,10,39,5,34
S01011109,Born outside the UK: Resident less than 2 years,5,3,1,2,2,0,2
S01011109,Born outside the UK: Resident 2 years or more and less than 5 years,22,1,0,1,21,0,21
S01011109,Born outside the UK: Resident 5 years or more and less than 10 years,15,4,1,3,11,3,8
S01011109,Born outside the UK: Resident 10 years or more,17,12,8,4,5,2,3
S01011110,All people in households,702,468,159,309,234,182,52
S01011110,Born in the UK,657,444,155,289,213,179,34
S01011110,Born outside the UK: Total,45,24,4,20,21,3,18
S01011110,Born outside the UK: Resident less than 2 years,8,1,1,0,7,1,6
S01011110,Born outside the UK: Resident 2 years or more and less than 5 years,11,5,0,5,6,0,6
S01011110,Born outside the UK: Resident 5 years or more and less than 10 years,10,7,0,7,3,0,3
S01011110,Born outside the UK: Resident 10 years or more,16,11,3,8,5,2,3
S01011111,All people in households,880,438,152,286,442,365,77
S01011111,Born in the UK,827,417,147,270,410,353,57
S01011111,Born outside the UK: Total,53,21,5,16,32,12,20
S01011111,Born outside the UK: Resident less than 2 years,4,1,0,1,3,0,3
S01011111,Born outside the UK: Resident 2 years or more and less than 5 years,18,5,1,4,13,2,11
S01011111,Born outside the UK: Resident 5 years or more and less than 10 years,14,7,1,6,7,2,5
S01011111,Born outside the UK: Resident 10 years or more,17,8,3,5,9,8,1
S01011112,All people in households,874,706,128,578,168,75,93
S01011112,Born in the UK,822,676,123,553,146,73,73
S01011112,Born outside the UK: Total,52,30,5,25,22,2,20
S01011112,Born outside the UK: Resident less than 2 years,6,3,1,2,3,0,3
S01011112,Born outside the UK: Resident 2 years or more and less than 5 years,13,2,0,2,11,0,11
S01011112,Born outside the UK: Resident 5 years or more and less than 10 years,16,11,1,10,5,0,5
S01011112,Born outside the UK: Resident 10 years or more,17,14,3,11,3,2,1
S01011113,All people in households,925,680,326,354,245,179,66
S01011113,Born in the UK,898,663,321,342,235,176,59
S01011113,Born outside the UK: Total,27,17,5,12,10,3,7
S01011113,Born outside the UK: Resident less than 2 years,1,0,0,0,1,0,1
S01011113,Born outside the UK: Resident 2 years or more and less than 5 years,2,1,0,1,1,0,1
S01011113,Born outside the UK: Resident 5 years or more and less than 10 years,6,1,0,1,5,1,4
S01011113,Born outside the UK: Resident 10 years or more,18,15,5,10,3,2,1
S01011114,All people in households,713,602,256,346,111,76,35
S01011114,Born in the UK,675,589,248,341,86,68,18
S01011114,Born outside the UK: Total,38,13,8,5,25,8,17
S01011114,Born outside the UK: Resident less than 2 years,2,0,0,0,2,1,1
S01011114,Born outside the UK: Resident 2 years or more and less than 5 years,12,0,0,0,12,4,8
S01011114,Born outside the UK: Resident 5 years or more and less than 10 years,9,2,0,2,7,2,5
S01011114,Born outside the UK: Resident 10 years or more,15,11,8,3,4,1,3
S01011115,All people in households,902,513,177,336,389,321,68
S01011115,Born in the UK,858,495,172,323,363,316,47
S01011115,Born outside the UK: Total,44,18,5,13,26,5,21
S01011115,Born outside the UK: Resident less than 2 years,6,1,0,1,5,0,5
S01011115,Born outside the UK: Resident 2 years or more and less than 5 years,15,1,0,1,14,2,12
S01011115,Born outside the UK: Resident 5 years or more and less than 10 years,8,4,1,3,4,0,4
S01011115,Born outside the UK: Resident 10 years or more,15,12,4,8,3,3,0
S01011116,All people in households,661,494,219,275,167,79,88
S01011116,Born in the UK,610,472,213,259,138,75,63
S01011116,Born outside the UK: Total,51,22,6,16,29,4,25
S01011116,Born outside the UK: Resident less than 2 years,9,0,0,0,9,0,9
S01011116,Born outside the UK: Resident 2 years or more and less than 5 years,12,2,0,2,10,0,10
S01011116,Born outside the UK: Resident 5 years or more and less than 10 years,8,0,0,0,8,4,4
S01011116,Born outside the UK: Resident 10 years or more,22,20,6,14,2,0,2
S01011117,All people in households,730,558,284,274,172,17,155
S01011117,Born in the UK,668,528,267,261,140,16,124
S01011117,Born outside the UK: Total,62,30,17,13,32,1,31
S01011117,Born outside the UK: Resident less than 2 years,7,2,2,0,5,0,5
S01011117,Born outside the UK: Resident 2 years or more and less than 5 years,21,5,0,5,16,0,16
S01011117,Born outside the UK: Resident 5 years or more and less than 10 years,13,5,1,4,8,0,8
S01011117,Born outside the UK: Resident 10 years or more,21,18,14,4,3,1,2
S01011118,All people in households,880,674,315,359,206,47,159
S01011118,Born in the UK,811,649,310,339,162,46,116
S01011118,Born outside the UK: Total,69,25,5,20,44,1,43
S01011118,Born outside the UK: Resident less than 2 years,16,1,0,1,15,0,15
S01011118,Born outside the UK: Resident 2 years or more and less than 5 years,13,0,0,0,13,0,13
S01011118,Born outside the UK: Resident 5 years or more and less than 10 years,8,0,0,0,8,0,8
S01011118,Born outside the UK: Resident 10 years or more,32,24,5,19,8,1,7
S01011119,All people in households,928,741,347,394,187,60,127
S01011119,Born in the UK,841,709,333,376,132,57,75
S01011119,Born outside the UK: Total,87,32,14,18,55,3,52
S01011119,Born outside the UK: Resident less than 2 years,22,2,1,1,20,0,20
S01011119,Born outside the UK: Resident 2 years or more and less than 5 years,24,3,0,3,21,2,19
S01011119,Born outside the UK: Resident 5 years or more and less than 10 years,10,4,1,3,6,0,6
S01011119,Born outside the UK: Resident 10 years or more,31,23,12,11,8,1,7
S01011120,All people in households,669,637,373,264,32,6,26
S01011120,Born in the UK,647,620,367,253,27,6,21
S01011120,Born outside the UK: Total,22,17,6,11,5,0,5
S01011120,Born outside the UK: Resident less than 2 years,0,0,0,0,0,0,0
S01011120,Born outside the UK: Resident 2 years or more and less than 5 years,0,0,0,0,0,0,0
S01011120,Born outside the UK: Resident 5 years or more and less than 10 years,2,0,0,0,2,0,2
S01011120,Born outside the UK: Resident 10 years or more,20,17,6,11,3,0,3
S01011121,All people in households,520,220,86,134,300,118,182
S01011121,Born in the UK,451,204,80,124,247,112,135
S01011121,Born outside the UK: Total,69,16,6,10,53,6,47
S01011121,Born outside the UK: Resident less than 2 years,16,2,2,0,14,3,11
S01011121,Born outside the UK: Resident 2 years or more and less than 5 years,17,6,0,6,11,0,11
S01011121,Born outside the UK: Resident 5 years or more and less than 10 years,17,1,0,1,16,0,16
S01011121,Born outside the UK: Resident 10 years or more,19,7,4,3,12,3,9
S01011122,All people in households,647,429,176,253,218,105,113
S01011122,Born in the UK,592,413,172,241,179,94,85
S01011122,Born outside the UK: Total,55,16,4,12,39,11,28
S01011122,Born outside the UK: Resident less than 2 years,15,2,1,1,13,1,12
S01011122,Born outside the UK: Resident 2 years or more and less than 5 years,8,0,0,0,8,1,7
S01011122,Born outside the UK: Resident 5 years or more and less than 10 years,12,3,0,3,9,2,7
S01011122,Born outside the UK: Resident 10 years or more,20,11,3,8,9,7,2
S01011123,All people in households,1121,773,276,497,348,269,79
S01011123,Born in the UK,1067,744,269,475,323,257,66
S01011123,Born outside the UK: Total,54,29,7,22,25,12,13
S01011123,Born outside the UK: Resident less than 2 years,5,0,0,0,5,1,4
S01011123,Born outside the UK: Resident 2 years or more and less than 5 years,21,7,0,7,14,9,5
S01011123,Born outside the UK: Resident 5 years or more and less than 10 years,4,3,0,3,1,0,1
S01011123,Born outside the UK: Resident 10 years or more,24,19,7,12,5,2,3
S01011124,All people in households,661,433,117,316,228,110,118
S01011124,Born in the UK,611,418,114,304,193,106,87
S01011124,Born outside the UK: Total,50,15,3,12,35,4,31
S01011124,Born outside the UK: Resident less than 2 years,5,0,0,0,5,0,5
S01011124,Born outside the UK: Resident 2 years or more and less than 5 years,12,3,1,2,9,0,9
S01011124,Born outside the UK: Resident 5 years or more and less than 10 years,16,2,0,2,14,3,11
S01011124,Born outside the UK: Resident 10 years or more,17,10,2,8,7,1,6
S01011125,All people in households,492,171,40,131,321,277,44
S01011125,Born in the UK,471,166,39,127,305,274,31
S01011125,Born outside the UK: Total,21,5,1,4,16,3,13
S01011125,Born outside the UK: Resident less than 2 years,5,0,0,0,5,0,5
S01011125,Born outside the UK: Resident 2 years or more and less than 5 years,5,0,0,0,5,0,5
S01011125,Born outside the UK: Resident 5 years or more and less than 10 years,3,0,0,0,3,0,3
S01011125,Born outside the UK: Resident 10 years or more,8,5,1,4,3,3,0
S01011126,All people in households,502,210,83,127,292,151,141
S01011126,Born in the UK,475,199,80,119,276,147,129
S01011126,Born outside the UK: Total,27,11,3,8,16,4,12
S01011126,Born outside the UK: Resident less than 2 years,0,0,0,0,0,0,0
S01011126,Born outside the UK: Resident 2 years or more and less than 5 years,4,1,1,0,3,1,2
S01011126,Born outside the UK: Resident 5 years or more and less than 10 years,8,4,1,3,4,0,4
S01011126,Born outside the UK: Resident 10 years or more,15,6,1,5,9,3,6
S01011127,All people in households,536,42,1,41,494,50,444
S01011127,Born in the UK,511,38,1,37,473,46,427
S01011127,Born outside the UK: Total,25,4,0,4,21,4,17
S01011127,Born outside the UK: Resident less than 2 years,5,0,0,0,5,2,3
S01011127,Born outside the UK: Resident 2 years or more and less than 5 years,4,0,0,0,4,1,3
S01011127,Born outside the UK: Resident 5 years or more and less than 10 years,2,0,0,0,2,0,2
S01011127,Born outside the UK: Resident 10 years or more,14,4,0,4,10,1,9
S01011128,All people in households,709,435,152,283,274,137,137
S01011128,Born in the UK,666,420,147,273,246,134,112
S01011128,Born outside the UK: Total,43,15,5,10,28,3,25
S01011128,Born outside the UK: Resident less than 2 years,9,2,0,2,7,0,7
S01011128,Born outside the UK: Resident 2 years or more and less than 5 years,9,0,0,0,9,0,9
S01011128,Born outside the UK: Resident 5 years or more and less than 10 years,10,4,1,3,6,0,6
S01011128,Born outside the UK: Resident 10 years or more,15,9,4,5,6,3,3
S01011129,All people in households,973,655,236,419,318,36,282
S01011129,Born in the UK,917,634,227,407,283,25,258
S01011129,Born outside the UK: Total,56,21,9,12,35,11,24
S01011129,Born outside the UK: Resident less than 2 years,9,2,1,1,7,5,2
S01011129,Born outside the UK: Resident 2 years or more and less than 5 years,9,0,0,0,9,3,6
S01011129,Born outside the UK: Resident 5 years or more and less than 10 years,8,2,0,2,6,0,6
S01011129,Born outside the UK: Resident 10 years or more,30,17,8,9,13,3,10
S01011130,All people in households,597,364,153,211,233,147,86
S01011130,Born in the UK,550,355,150,205,195,142,53
S01011130,Born outside the UK: Total,47,9,3,6,38,5,33
S01011130,Born outside the UK: Resident less than 2 years,13,1,0,1,12,0,12
S01011130,Born outside the UK: Resident 2 years or more and less than 5 years,15,0,0,0,15,0,15
S01011130,Born outside the UK: Resident 5 years or more and less than 10 years,5,0,0,0,5,0,5
S01011130,Born outside the UK: Resident 10 years or more,14,8,3,5,6,5,1
S01011131,All people in households,637,456,178,278,181,31,150
S01011131,Born in the UK,603,436,172,264,167,31,136
S01011131,Born outside the UK: Total,34,20,6,14,14,0,14
S01011131,Born outside the UK: Resident less than 2 years,6,1,0,1,5,0,5
S01011131,Born outside the UK: Resident 2 years or more and less than 5 years,2,1,0,1,1,0,1
S01011131,Born outside the UK: Resident 5 years or more and less than 10 years,4,3,1,2,1,0,1
S01011131,Born outside the UK: Resident 10 years or more,22,15,5,10,7,0,7
S01011132,All people in households,898,770,309,461,128,14,114
S01011132,Born in the UK,835,724,289,435,111,14,97
S01011132,Born outside the UK: Total,63,46,20,26,17,0,17
S01011132,Born outside the UK: Resident less than 2 years,4,2,0,2,2,0,2
S01011132,Born outside the UK: Resident 2 years or more and less than 5 years,17,9,1,8,8,0,8
S01011132,Born outside the UK: Resident 5 years or more and less than 10 years,7,7,6,1,0,0,0
S01011132,Born outside the UK: Resident 10 years or more,35,28,13,15,7,0,7
S01011133,All people in households,445,312,117,195,133,99,34
S01011133,Born in the UK,425,299,113,186,126,97,29
S01011133,Born outside the UK: Total,20,13,4,9,7,2,5
S01011133,Born outside the UK: Resident less than 2 years,0,0,0,0,0,0,0
S01011133,Born outside the UK: Resident 2 years or more and less than 5 years,2,2,0,2,0,0,0
S01011133,Born outside the UK: Resident 5 years or more and less than 10 years,6,2,0,2,4,1,3
S01011133,Born outside the UK: Resident 10 years or more,12,9,4,5,3,1,2
S01011134,All people in households,744,511,251,260,233,97,136
S01011134,Born in the UK,706,494,242,252,212,94,118
S01011134,Born outside the UK: Total,38,17,9,8,21,3,18
S01011134,Born outside the UK: Resident less than 2 years,5,0,0,0,5,0,5
S01011134,Born outside the UK: Resident 2 years or more and less than 5 years,5,1,0,1,4,0,4
S01011134,Born outside the UK: Resident 5 years or more and less than 10 years,6,0,0,0,6,2,4
S01011134,Born outside the UK: Resident 10 years or more,22,16,9,7,6,1,5
S01011135,All people in households,740,474,210,264,266,197,69
S01011135,Born in the UK,714,459,205,254,255,192,63
S01011135,Born outside the UK: Total,26,15,5,10,11,5,6
S01011135,Born outside the UK: Resident less than 2 years,0,0,0,0,0,0,0
S01011135,Born outside the UK: Resident 2 years or more and less than 5 years,7,4,4,0,3,3,0
S01011135,Born outside the UK: Resident 5 years or more and less than 10 years,5,4,0,4,1,1,0
S01011135,Born outside the UK: Resident 10 years or more,14,7,1,6,7,1,6
S01011136,All people in households,644,450,202,248,194,102,92
S01011136,Born in the UK,616,436,199,237,180,98,82
S01011136,Born outside the UK: Total,28,14,3,11,14,4,10
S01011136,Born outside the UK: Resident less than 2 years,2,0,0,0,2,2,0
S01011136,Born outside the UK: Resident 2 years or more and less than 5 years,8,1,0,1,7,0,7
S01011136,Born outside the UK: Resident 5 years or more and less than 10 years,3,2,0,2,1,0,1
S01011136,Born outside the UK: Resident 10 years or more,15,11,3,8,4,2,2
S01011137,All people in households,502,270,111,159,232,178,54
S01011137,Born in the UK,483,260,109,151,223,176,47
S01011137,Born outside the UK: Total,19,10,2,8,9,2,7
S01011137,Born outside the UK: Resident less than 2 years,0,0,0,0,0,0,0
S01011137,Born outside the UK: Resident 2 years or more and less than 5 years,1,0,0,0,1,0,1
S01011137,Born outside the UK: Resident 5 years or more and less than 10 years,7,1,0,1,6,0,6
S01011137,Born outside the UK: Resident 10 years or more,11,9,2,7,2,2,0
S01011138,All people in households,635,245,67,178,390,234,156
S01011138,Born in the UK,608,234,66,168,374,230,144
S01011138,Born outside the UK: Total,27,11,1,10,16,4,12
S01011138,Born outside the UK: Resident less than 2 years,5,1,0,1,4,0,4
S01011138,Born outside the UK: Resident 2 years or more and less than 5 years,2,0,0,0,2,0,2
S01011138,Born outside the UK: Resident 5 years or more and less than 10 years,1,0,0,0,1,0,1
S01011138,Born outside the UK: Resident 10 years or more,19,10,1,9,9,4,5
S01011139,All people in households,764,380,117,263,384,27,357
S01011139,Born in the UK,728,362,108,254,366,27,339
S01011139,Born outside the UK: Total,36,18,9,9,18,0,18
S01011139,Born outside the UK: Resident less than 2 years,6,3,3,0,3,0,3
S01011139,Born outside the UK: Resident 2 years or more and less than 5 years,2,0,0,0,2,0,2
S01011139,Born outside the UK: Resident 5 years or more and less than 10 years,4,2,2,0,2,0,2
S01011139,Born outside the UK: Resident 10 years or more,24,13,4,9,11,0,11
S01011140,All people in households,537,328,72,256,209,155,54
S01011140,Born in the UK,515,313,65,248,202,149,53
S01011140,Born outside the UK: Total,22,15,7,8,7,6,1
S01011140,Born outside the UK: Resident less than 2 years,3,1,0,1,2,2,0
S01011140,Born outside the UK: Resident 2 years or more and less than 5 years,0,0,0,0,0,0,0
S01011140,Born outside the UK: Resident 5 years or more and less than 10 years,1,1,0,1,0,0,0
S01011140,Born outside the UK: Resident 10 years or more,18,13,7,6,5,4,1
S01011141,All people in households,558,274,79,195,284,247,37
S01011141,Born in the UK,542,269,77,192,273,243,30
S01011141,Born outside the UK: Total,16,5,2,3,11,4,7
S01011141,Born outside the UK: Resident less than 2 years,1,0,0,0,1,1,0
S01011141,Born outside the UK: Resident 2 years or more and less than 5 years,3,0,0,0,3,0,3
S01011141,Born outside the UK: Resident 5 years or more and less than 10 years,2,0,0,0,2,0,2
S01011141,Born outside the UK: Resident 10 years or more,10,5,2,3,5,3,2
S01011142,All people in households,839,611,239,372,228,18,210
S01011142,Born in the UK,795,589,232,357,206,18,188
S01011142,Born outside the UK: Total,44,22,7,15,22,0,22
S01011142,Born outside the UK: Resident less than 2 years,1,0,0,0,1,0,1
S01011142,Born outside the UK: Resident 2 years or more and less than 5 years,8,0,0,0,8,0,8
S01011142,Born outside the UK: Resident 5 years or more and less than 10 years,7,3,1,2,4,0,4
S01011142,Born outside the UK: Resident 10 years or more,28,19,6,13,9,0,9
S01011143,All people in households,950,831,347,484,119,27,92
S01011143,Born in the UK,909,805,332,473,104,25,79
S01011143,Born outside the UK: Total,41,26,15,11,15,2,13
S01011143,Born outside the UK: Resident less than 2 years,6,2,2,0,4,0,4
S01011143,Born outside the UK: Resident 2 years or more and less than 5 years,3,0,0,0,3,0,3
S01011143,Born outside the UK: Resident 5 years or more and less than 10 years,6,1,0,1,5,0,5
S01011143,Born outside the UK: Resident 10 years or more,26,23,13,10,3,2,1
S01011144,All people in households,769,597,211,386,172,79,93
S01011144,Born in the UK,745,583,207,376,162,76,86
S01011144,Born outside the UK: Total,24,14,4,10,10,3,7
S01011144,Born outside the UK: Resident less than 2 years,2,1,0,1,1,0,1
S01011144,Born outside the UK: Resident 2 years or more and less than 5 years,1,1,1,0,0,0,0
S01011144,Born outside the UK: Resident 5 years or more and less than 10 years,2,1,0,1,1,0,1
S01011144,Born outside the UK: Resident 10 years or more,19,11,3,8,8,3,5
S01011145,All people in households,653,530,277,253,123,17,106
S01011145,Born in the UK,616,499,262,237,117,17,100
S01011145,Born outside the UK: Total,37,31,15,16,6,0,6
S01011145,Born outside the UK: Resident less than 2 years,2,0,0,0,2,0,2
S01011145,Born outside the UK: Resident 2 years or more and less than 5 years,2,2,0,2,0,0,0
S01011145,Born outside the UK: Resident 5 years or more and less than 10 years,4,4,2,2,0,0,0
S01011145,Born outside the UK: Resident 10 years or more,29,25,13,12,4,0,4
S01011146,All people in households,759,494,198,296,265,218,47
S01011146,Born in the UK,743,479,192,287,264,218,46
S01011146,Born outside the UK: Total,16,15,6,9,1,0,1
S01011146,Born outside the UK: Resident less than 2 years,1,1,0,1,0,0,0
S01011146,Born outside the UK: Resident 2 years or more and less than 5 years,0,0,0,0,0,0,0
S01011146,Born outside the UK: Resident 5 years or more and less than 10 years,1,0,0,0,1,0,1
S01011146,Born outside the UK: Resident 10 years or more,14,14,6,8,0,0,0
S01011147,All people in households,995,782,319,463,213,109,104
S01011147,Born in the UK,948,744,306,438,204,106,98
S01011147,Born outside the UK: Total,47,38,13,25,9,3,6
S01011147,Born outside the UK: Resident less than 2 years,7,4,3,1,3,0,3
S01011147,Born outside the UK: Resident 2 years or more and less than 5 years,4,4,1,3,0,0,0
S01011147,Born outside the UK: Resident 5 years or more and less than 10 years,4,3,1,2,1,0,1
S01011147,Born outside the UK: Resident 10 years or more,32,27,8,19,5,3,2
S01011148,All people in households,763,478,262,216,285,60,225
S01011148,Born in the UK,719,455,248,207,264,59,205
S01011148,Born outside the UK: Total,44,23,14,9,21,1,20
S01011148,Born outside the UK: Resident less than 2 years,8,3,3,0,5,0,5
S01011148,Born outside the UK: Resident 2 years or more and less than 5 years,8,2,1,1,6,0,6
S01011148,Born outside the UK: Resident 5 years or more and less than 10 years,4,3,3,0,1,0,1
S01011148,Born outside the UK: Resident 10 years or more,24,15,7,8,9,1,8
S01011149,All people in households,679,296,155,141,383,26,357
S01011149,Born in the UK,590,268,137,131,322,26,296
S01011149,Born outside the UK: Total,89,28,18,10,61,0,61
S01011149,Born outside the UK: Resident less than 2 years,10,0,0,0,10,0,10
S01011149,Born outside the UK: Resident 2 years or more and less than 5 years,18,6,2,4,12,0,12
S01011149,Born outside the UK: Resident 5 years or more and less than 10 years,14,5,4,1,9,0,9
S01011149,Born outside the UK: Resident 10 years or more,47,17,12,5,30,0,30
S01011150,All people in households,474,306,36,270,168,58,110
S01011150,Born in the UK,440,282,34,248,158,53,105
S01011150,Born outside the UK: Total,34,24,2,22,10,5,5
S01011150,Born outside the UK: Resident less than 2 years,4,2,0,2,2,1,1
S01011150,Born outside the UK: Resident 2 years or more and less than 5 years,7,5,0,5,2,2,0
S01011150,Born outside the UK: Resident 5 years or more and less than 10 years,5,3,1,2,2,0,2
S01011150,Born outside the UK: Resident 10 years or more,18,14,1,13,4,2,2
S01011151,All people in households,578,237,77,160,341,53,288
S01011151,Born in the UK,534,223,74,149,311,48,263
S01011151,Born outside the UK: Total,44,14,3,11,30,5,25
S01011151,Born outside the UK: Resident less than 2 years,3,0,0,0,3,1,2
S01011151,Born outside the UK: Resident 2 years or more and less than 5 years,10,2,0,2,8,2,6
S01011151,Born outside the UK: Resident 5 years or more and less than 10 years,5,0,0,0,5,0,5
S01011151,Born outside the UK: Resident 10 years or more,26,12,3,9,14,2,12
S01011152,All people in households,695,447,281,166,248,59,189
S01011152,Born in the UK,606,404,252,152,202,56,146
S01011152,Born outside the UK: Total,89,43,29,14,46,3,43
S01011152,Born outside the UK: Resident less than 2 years,4,1,1,0,3,0,3
S01011152,Born outside the UK: Resident 2 years or more and less than 5 years,17,3,2,1,14,0,14
S01011152,Born outside the UK: Resident 5 years or more and less than 10 years,11,2,0,2,9,0,9
S01011152,Born outside the UK: Resident 10 years or more,57,37,26,11,20,3,17
S01011153,All people in households,848,523,271,252,325,141,184
S01011153,Born in the UK,784,498,259,239,286,132,154
S01011153,Born outside the UK: Total,64,25,12,13,39,9,30
S01011153,Born outside the UK: Resident less than 2 years,17,1,1,0,16,2,14
S01011153,Born outside the UK: Resident 2 years or more and less than 5 years,6,1,1,0,5,0,5
S01011153,Born outside the UK: Resident 5 years or more and less than 10 years,6,1,1,0,5,2,3
S01011153,Born outside the UK: Resident 10 years or more,35,22,9,13,13,5,8
S01011154,All people in households,559,307,152,155,252,161,91
S01011154,Born in the UK,523,284,140,144,239,154,85
S01011154,Born outside the UK: Total,36,23,12,11,13,7,6
S01011154,Born outside the UK: Resident less than 2 years,5,4,3,1,1,0,1
S01011154,Born outside the UK: Resident 2 years or more and less than 5 years,6,4,2,2,2,0,2
S01011154,Born outside the UK: Resident 5 years or more and less than 10 years,5,3,1,2,2,1,1
S01011154,Born outside the UK: Resident 10 years or more,20,12,6,6,8,6,2
S01011155,All people in households,643,400,189,211,243,170,73
S01011155,Born in the UK,610,379,178,201,231,167,64
S01011155,Born outside the UK: Total,33,21,11,10,12,3,9
S01011155,Born outside the UK: Resident less than 2 years,3,0,0,0,3,0,3
S01011155,Born outside the UK: Resident 2 years or more and less than 5 years,5,2,1,1,3,0,3
S01011155,Born outside the UK: Resident 5 years or more and less than 10 years,8,6,2,4,2,1,1
S01011155,Born outside the UK: Resident 10 years or more,17,13,8,5,4,2,2
S01011156,All people in households,565,504,186,318,61,9,52
S01011156,Born in the UK,538,486,181,305,52,9,43
S01011156,Born outside the UK: Total,27,18,5,13,9,0,9
S01011156,Born outside the UK: Resident less than 2 years,2,1,1,0,1,0,1
S01011156,Born outside the UK: Resident 2 years or more and less than 5 years,5,0,0,0,5,0,5
S01011156,Born outside the UK: Resident 5 years or more and less than 10 years,3,1,0,1,2,0,2
S01011156,Born outside the UK: Resident 10 years or more,17,16,4,12,1,0,1
S01011157,All people in households,575,524,269,255,51,27,24
S01011157,Born in the UK,552,505,260,245,47,24,23
S01011157,Born outside the UK: Total,23,19,9,10,4,3,1
S01011157,Born outside the UK: Resident less than 2 years,0,0,0,0,0,0,0
S01011157,Born outside the UK: Resident 2 years or more and less than 5 years,4,3,3,0,1,1,0
S01011157,Born outside the UK: Resident 5 years or more and less than 10 years,4,3,0,3,1,1,0
S01011157,Born outside the UK: Resident 10 years or more,15,13,6,7,2,1,1
S01011158,All people in households,505,463,314,149,42,9,33
S01011158,Born in the UK,474,438,295,143,36,9,27
S01011158,Born outside the UK: Total,31,25,19,6,6,0,6
S01011158,Born outside the UK: Resident less than 2 years,4,2,2,0,2,0,2
S01011158,Born outside the UK: Resident 2 years or more and less than 5 years,1,1,0,1,0,0,0
S01011158,Born outside the UK: Resident 5 years or more and less than 10 years,4,3,2,1,1,0,1
S01011158,Born outside the UK: Resident 10 years or more,22,19,15,4,3,0,3
S01011159,All people in households,545,307,157,150,238,182,56
S01011159,Born in the UK,513,287,146,141,226,175,51
S01011159,Born outside the UK: Total,32,20,11,9,12,7,5
S01011159,Born outside the UK: Resident less than 2 years,4,4,4,0,0,0,0
S01011159,Born outside the UK: Resident 2 years or more and less than 5 years,3,0,0,0,3,0,3
S01011159,Born outside the UK: Resident 5 years or more and less than 10 years,1,1,0,1,0,0,0
S01011159,Born outside the UK: Resident 10 years or more,24,15,7,8,9,7,2
S01011160,All people in households,909,564,252,312,345,167,178
S01011160,Born in the UK,845,543,244,299,302,160,142
S01011160,Born outside the UK: Total,64,21,8,13,43,7,36
S01011160,Born outside the UK: Resident less than 2 years,4,0,0,0,4,0,4
S01011160,Born outside the UK: Resident 2 years or more and less than 5 years,18,1,0,1,17,0,17
S01011160,Born outside the UK: Resident 5 years or more and less than 10 years,13,0,0,0,13,2,11
S01011160,Born outside the UK: Resident 10 years or more,29,20,8,12,9,5,4
S01011161,All people in households,636,355,131,224,281,168,113
S01011161,Born in the UK,595,340,129,211,255,163,92
S01011161,Born outside the UK: Total,41,15,2,13,26,5,21
S01011161,Born outside the UK: Resident less than 2 years,0,0,0,0,0,0,0
S01011161,Born outside the UK: Resident 2 years or more and less than 5 years,5,1,0,1,4,1,3
S01011161,Born outside the UK: Resident 5 years or more and less than 10 years,19,3,0,3,16,3,13
S01011161,Born outside the UK: Resident 10 years or more,17,11,2,9,6,1,5
S01011162,All people in households,497,260,93,167,237,167,70
S01011162,Born in the UK,480,248,87,161,232,164,68
S01011162,Born outside the UK: Total,17,12,6,6,5,3,2
S01011162,Born outside the UK: Resident less than 2 years,4,4,4,0,0,0,0
S01011162,Born outside the UK: Resident 2 years or more and less than 5 years,1,0,0,0,1,0,1
S01011162,Born outside the UK: Resident 5 years or more and less than 10 years,2,0,0,0,2,2,0
S01011162,Born outside the UK: Resident 10 years or more,10,8,2,6,2,1,1
S01011163,All people in households,786,436,151,285,350,284,66
S01011163,Born in the UK,758,418,146,272,340,278,62
S01011163,Born outside the UK: Total,28,18,5,13,10,6,4
S01011163,Born outside the UK: Resident less than 2 years,3,2,1,1,1,0,1
S01011163,Born outside the UK: Resident 2 years or more and less than 5 years,0,0,0,0,0,0,0
S01011163,Born outside the UK: Resident 5 years or more and less than 10 years,6,5,0,5,1,0,1
S01011163,Born outside the UK: Resident 10 years or more,19,11,4,7,8,6,2
S01011164,All people in households,718,484,166,318,234,174,60
S01011164,Born in the UK,685,462,155,307,223,167,56
S01011164,Born outside the UK: Total,33,22,11,11,11,7,4
S01011164,Born outside the UK: Resident less than 2 years,1,0,0,0,1,0,1
S01011164,Born outside the UK: Resident 2 years or more and less than 5 years,10,5,3,2,5,3,2
S01011164,Born outside the UK: Resident 5 years or more and less than 10 years,3,3,0,3,0,0,0
S01011164,Born outside the UK: Resident 10 years or more,19,14,8,6,5,4,1
S01011165,All people in households,748,334,117,217,414,356,58
S01011165,Born in the UK,712,317,112,205,395,344,51
S01011165,Born outside the UK: Total,36,17,5,12,19,12,7
S01011165,Born outside the UK: Resident less than 2 years,6,5,0,5,1,0,1
S01011165,Born outside the UK: Resident 2 years or more and less than 5 years,5,0,0,0,5,3,2
S01011165,Born outside the UK: Resident 5 years or more and less than 10 years,6,3,0,3,3,1,2
S01011165,Born outside the UK: Resident 10 years or more,19,9,5,4,10,8,2
S01011166,All people in households,513,434,235,199,79,41,38
S01011166,Born in the UK,490,419,232,187,71,39,32
S01011166,Born outside the UK: Total,23,15,3,12,8,2,6
S01011166,Born outside the UK: Resident less than 2 years,4,1,0,1,3,0,3
S01011166,Born outside the UK: Resident 2 years or more and less than 5 years,3,0,0,0,3,0,3
S01011166,Born outside the UK: Resident 5 years or more and less than 10 years,0,0,0,0,0,0,0
S01011166,Born outside the UK: Resident 10 years or more,16,14,3,11,2,2,0
S01011167,All people in households,640,535,307,228,105,22,83
S01011167,Born in the UK,602,504,285,219,98,22,76
S01011167,Born outside the UK: Total,38,31,22,9,7,0,7
S01011167,Born outside the UK: Resident less than 2 years,2,1,0,1,1,0,1
S01011167,Born outside the UK: Resident 2 years or more and less than 5 years,0,0,0,0,0,0,0
S01011167,Born outside the UK: Resident 5 years or more and less than 10 years,7,5,4,1,2,0,2
S01011167,Born outside the UK: Resident 10 years or more,29,25,18,7,4,0,4
S01011168,All people in households,845,493,221,272,352,27,325
S01011168,Born in the UK,794,463,203,260,331,27,304
S01011168,Born outside the UK: Total,51,30,18,12,21,0,21
S01011168,Born outside the UK: Resident less than 2 years,4,1,0,1,3,0,3
S01011168,Born outside the UK: Resident 2 years or more and less than 5 years,6,5,3,2,1,0,1
S01011168,Born outside the UK: Resident 5 years or more and less than 10 years,4,1,1,0,3,0,3
S01011168,Born outside the UK: Resident 10 years or more,37,23,14,9,14,0,14
S01011169,All people in households,963,753,148,605,210,94,116
S01011169,Born in the UK,919,722,141,581,197,90,107
S01011169,Born outside the UK: Total,44,31,7,24,13,4,9
S01011169,Born outside the UK: Resident less than 2 years,3,1,0,1,2,0,2
S01011169,Born outside the UK: Resident 2 years or more and less than 5 years,5,4,2,2,1,0,1
S01011169,Born outside the UK: Resident 5 years or more and less than 10 years,7,6,1,5,1,1,0
S01011169,Born outside the UK: Resident 10 years or more,29,20,4,16,9,3,6
S01011170,All people in households,910,619,321,298,291,55,236
S01011170,Born in the UK,852,587,306,281,265,54,211
S01011170,Born outside the UK: Total,58,32,15,17,26,1,25
S01011170,Born outside the UK: Resident less than 2 years,2,1,0,1,1,0,1
S01011170,Born outside the UK: Resident 2 years or more and less than 5 years,11,4,0,4,7,1,6
S01011170,Born outside the UK: Resident 5 years or more and less than 10 years,7,2,0,2,5,0,5
S01011170,Born outside the UK: Resident 10 years or more,38,25,15,10,13,0,13
S01011171,All people in households,876,699,452,247,177,68,109
S01011171,Born in the UK,836,670,435,235,166,68,98
S01011171,Born outside the UK: Total,40,29,17,12,11,0,11
S01011171,Born outside the UK: Resident less than 2 years,7,3,2,1,4,0,4
S01011171,Born outside the UK: Resident 2 years or more and less than 5 years,10,6,1,5,4,0,4
S01011171,Born outside the UK: Resident 5 years or more and less than 10 years,2,0,0,0,2,0,2
S01011171,Born outside the UK: Resident 10 years or more,21,20,14,6,1,0,1
S01011172,All people in households,721,557,363,194,164,80,84
S01011172,Born in the UK,708,549,359,190,159,80,79
S01011172,Born outside the UK: Total,13,8,4,4,5,0,5
S01011172,Born outside the UK: Resident less than 2 years,0,0,0,0,0,0,0
S01011172,Born outside the UK: Resident 2 years or more and less than 5 years,3,1,0,1,2,0,2
S01011172,Born outside the UK: Resident 5 years or more and less than 10 years,5,2,1,1,3,0,3
S01011172,Born outside the UK: Resident 10 years or more,5,5,3,2,0,0,0
S01011173,All people in households,516,417,231,186,99,31,68
S01011173,Born in the UK,490,401,219,182,89,30,59
S01011173,Born outside the UK: Total,26,16,12,4,10,1,9
S01011173,Born outside the UK: Resident less than 2 years,4,1,1,0,3,0,3
S01011173,Born outside the UK: Resident 2 years or more and less than 5 years,4,0,0,0,4,0,4
S01011173,Born outside the UK: Resident 5 years or more and less than 10 years,2,0,0,0,2,0,2
S01011173,Born outside the UK: Resident 10 years or more,16,15,11,4,1,1,0
S01011174,All people in households,434,302,214,88,132,29,103
S01011174,Born in the UK,415,290,205,85,125,29,96
S01011174,Born outside the UK: Total,19,12,9,3,7,0,7
S01011174,Born outside the UK: Resident less than 2 years,5,0,0,0,5,0,5
S01011174,Born outside the UK: Resident 2 years or more and less than 5 years,0,0,0,0,0,0,0
S01011174,Born outside the UK: Resident 5 years or more and less than 10 years,2,0,0,0,2,0,2
S01011174,Born outside the UK: Resident 10 years or more,12,12,9,3,0,0,0
S01011175,All people in households,532,332,158,174,200,141,59
S01011175,Born in the UK,520,328,155,173,192,138,54
S01011175,Born outside the UK: Total,12,4,3,1,8,3,5
S01011175,Born outside the UK: Resident less than 2 years,0,0,0,0,0,0,0
S01011175,Born outside the UK: Resident 2 years or more and less than 5 years,0,0,0,0,0,0,0
S01011175,Born outside the UK: Resident 5 years or more and less than 10 years,3,0,0,0,3,0,3
S01011175,Born outside the UK: Resident 10 years or more,9,4,3,1,5,3,2
S01011176,All people in households,531,441,307,134,90,19,71
S01011176,Born in the UK,511,429,302,127,82,18,64
S01011176,Born outside the UK: Total,20,12,5,7,8,1,7
S01011176,Born outside the UK: Resident less than 2 years,2,0,0,0,2,0,2
S01011176,Born outside the UK: Resident 2 years or more and less than 5 years,6,3,0,3,3,0,3
S01011176,Born outside the UK: Resident 5 years or more and less than 10 years,0,0,0,0,0,0,0
S01011176,Born outside the UK: Resident 10 years or more,12,9,5,4,3,1,2
S01011177,All people in households,838,576,359,217,262,128,134
S01011177,Born in the UK,783,550,342,208,233,126,107
S01011177,Born outside the UK: Total,55,26,17,9,29,2,27
S01011177,Born outside the UK: Resident less than 2 years,7,2,2,0,5,0,5
S01011177,Born outside the UK: Resident 2 years or more and less than 5 years,7,0,0,0,7,0,7
S01011177,Born outside the UK: Resident 5 years or more and less than 10 years,11,2,0,2,9,1,8
S01011177,Born outside the UK: Resident 10 years or more,30,22,15,7,8,1,7
S01011178,All people in households,514,326,112,214,188,42,146
S01011178,Born in the UK,497,317,107,210,180,42,138
S01011178,Born outside the UK: Total,17,9,5,4,8,0,8
S01011178,Born outside the UK: Resident less than 2 years,5,0,0,0,5,0,5
S01011178,Born outside the UK: Resident 2 years or more and less than 5 years,0,0,0,0,0,0,0
S01011178,Born outside the UK: Resident 5 years or more and less than 10 years,1,1,1,0,0,0,0
S01011178,Born outside the UK: Resident 10 years or more,11,8,4,4,3,0,3
S01011179,All people in households,589,372,136,236,217,180,37
S01011179,Born in the UK,579,364,136,228,215,180,35
S01011179,Born outside the UK: Total,10,8,0,8,2,0,2
S01011179,Born outside the UK: Resident less than 2 years,0,0,0,0,0,0,0
S01011179,Born outside the UK: Resident 2 years or more and less than 5 years,0,0,0,0,0,0,0
S01011179,Born outside the UK: Resident 5 years or more and less than 10 years,5,4,0,4,1,0,1
S01011179,Born outside the UK: Resident 10 years or more,5,4,0,4,1,0,1
S01011180,All people in households,670,290,88,202,380,337,43
S01011180,Born in the UK,659,285,85,200,374,335,39
S01011180,Born outside the UK: Total,11,5,3,2,6,2,4
S01011180,Born outside the UK: Resident less than 2 years,0,0,0,0,0,0,0
S01011180,Born outside the UK: Resident 2 years or more and less than 5 years,4,0,0,0,4,0,4
S01011180,Born outside the UK: Resident 5 years or more and less than 10 years,2,2,1,1,0,0,0
S01011180,Born outside the UK: Resident 10 years or more,5,3,2,1,2,2,0
S01011181,All people in households,453,397,206,191,56,15,41
S01011181,Born in the UK,436,383,200,183,53,13,40
S01011181,Born outside the UK: Total,17,14,6,8,3,2,1
S01011181,Born outside the UK: Resident less than 2 years,0,0,0,0,0,0,0
S01011181,Born outside the UK: Resident 2 years or more and less than 5 years,0,0,0,0,0,0,0
S01011181,Born outside the UK: Resident 5 years or more and less than 10 years,3,3,1,2,0,0,0
S01011181,Born outside the UK: Resident 10 years or more,14,11,5,6,3,2,1
S01011182,All people in households,395,358,171,187,37,5,32
S01011182,Born in the UK,391,354,169,185,37,5,32
S01011182,Born outside the UK: Total,4,4,2,2,0,0,0
S01011182,Born outside the UK: Resident less than 2 years,0,0,0,0,0,0,0
S01011182,Born outside the UK: Resident 2 years or more and less than 5 years,0,0,0,0,0,0,0
S01011182,Born outside the UK: Resident 5 years or more and less than 10 years,0,0,0,0,0,0,0
S01011182,Born outside the UK: Resident 10 years or more,4,4,2,2,0,0,0
S01011183,All people in households,571,435,148,287,136,110,26
S01011183,Born in the UK,549,416,144,272,133,107,26
S01011183,Born outside the UK: Total,22,19,4,15,3,3,0
S01011183,Born outside the UK: Resident less than 2 years,2,2,0,2,0,0,0
S01011183,Born outside the UK: Resident 2 years or more and less than 5 years,1,1,0,1,0,0,0
S01011183,Born outside the UK: Resident 5 years or more and less than 10 years,9,6,1,5,3,3,0
S01011183,Born outside the UK: Resident 10 years or more,10,10,3,7,0,0,0
S01011184,All people in households,820,803,249,554,17,9,8
S01011184,Born in the UK,793,776,238,538,17,9,8
S01011184,Born outside the UK: Total,27,27,11,16,0,0,0
S01011184,Born outside the UK: Resident less than 2 years,2,2,1,1,0,0,0
S01011184,Born outside the UK: Resident 2 years or more and less than 5 years,0,0,0,0,0,0,0
S01011184,Born outside the UK: Resident 5 years or more and less than 10 years,3,3,0,3,0,0,0
S01011184,Born outside the UK: Resident 10 years or more,22,22,10,12,0,0,0
S01011185,All people in households,680,605,243,362,75,39,36
S01011185,Born in the UK,660,593,234,359,67,37,30
S01011185,Born outside the UK: Total,20,12,9,3,8,2,6
S01011185,Born outside the UK: Resident less than 2 years,4,0,0,0,4,0,4
S01011185,Born outside the UK: Resident 2 years or more and less than 5 years,0,0,0,0,0,0,0
S01011185,Born outside the UK: Resident 5 years or more and less than 10 years,3,0,0,0,3,1,2
S01011185,Born outside the UK: Resident 10 years or more,13,12,9,3,1,1,0
S01011186,All people in households,913,622,245,377,291,222,69
S01011186,Born in the UK,897,612,243,369,285,218,67
S01011186,Born outside the UK: Total,16,10,2,8,6,4,2
S01011186,Born outside the UK: Resident less than 2 years,2,0,0,0,2,0,2
S01011186,Born outside the UK: Resident 2 years or more and less than 5 years,0,0,0,0,0,0,0
S01011186,Born outside the UK: Resident 5 years or more and less than 10 years,2,1,0,1,1,1,0
S01011186,Born outside the UK: Resident 10 years or more,12,9,2,7,3,3,0
S01011187,All people in households,665,590,270,320,75,47,28
S01011187,Born in the UK,656,583,266,317,73,45,28
S01011187,Born outside the UK: Total,9,7,4,3,2,2,0
S01011187,Born outside the UK: Resident less than 2 years,0,0,0,0,0,0,0
S01011187,Born outside the UK: Resident 2 years or more and less than 5 years,0,0,0,0,0,0,0
S01011187,Born outside the UK: Resident 5 years or more and less than 10 years,0,0,0,0,0,0,0
S01011187,Born outside the UK: Resident 10 years or more,9,7,4,3,2,2,0
S01011188,All people in households,951,660,211,449,291,210,81
S01011188,Born in the UK,937,652,209,443,285,209,76
S01011188,Born outside the UK: Total,14,8,2,6,6,1,5
S01011188,Born outside the UK: Resident less than 2 years,4,2,0,2,2,0,2
S01011188,Born outside the UK: Resident 2 years or more and less than 5 years,1,0,0,0,1,0,1
S01011188,Born outside the UK: Resident 5 years or more and less than 10 years,2,1,0,1,1,0,1
S01011188,Born outside the UK: Resident 10 years or more,7,5,2,3,2,1,1
S01011189,All people in households,767,572,166,406,195,81,114
S01011189,Born in the UK,751,563,164,399,188,79,109
S01011189,Born outside the UK: Total,16,9,2,7,7,2,5
S01011189,Born outside the UK: Resident less than 2 years,2,2,1,1,0,0,0
S01011189,Born outside the UK: Resident 2 years or more and less than 5 years,1,0,0,0,1,0,1
S01011189,Born outside the UK: Resident 5 years or more and less than 10 years,2,0,0,0,2,2,0
S01011189,Born outside the UK: Resident 10 years or more,11,7,1,6,4,0,4
S01011190,All people in households,633,356,82,274,277,227,50
S01011190,Born in the UK,626,352,82,270,274,226,48
S01011190,Born outside the UK: Total,7,4,0,4,3,1,2
S01011190,Born outside the UK: Resident less than 2 years,0,0,0,0,0,0,0
S01011190,Born outside the UK: Resident 2 years or more and less than 5 years,0,0,0,0,0,0,0
S01011190,Born outside the UK: Resident 5 years or more and less than 10 years,2,0,0,0,2,0,2
S01011190,Born outside the UK: Resident 10 years or more,5,4,0,4,1,1,0
S01011191,All people in households,546,353,107,246,193,158,35
S01011191,Born in the UK,530,344,103,241,186,152,34
S01011191,Born outside the UK: Total,16,9,4,5,7,6,1
S01011191,Born outside the UK: Resident less than 2 years,3,0,0,0,3,2,1
S01011191,Born outside the UK: Resident 2 years or more and less than 5 years,6,4,0,4,2,2,0
S01011191,Born outside the UK: Resident 5 years or more and less than 10 years,2,0,0,0,2,2,0
S01011191,Born outside the UK: Resident 10 years or more,5,5,4,1,0,0,0
S01011192,All people in households,697,428,93,335,269,197,72
S01011192,Born in the UK,685,422,91,331,263,191,72
S01011192,Born outside the UK: Total,12,6,2,4,6,6,0
S01011192,Born outside the UK: Resident less than 2 years,0,0,0,0,0,0,0
S01011192,Born outside the UK: Resident 2 years or more and less than 5 years,1,1,0,1,0,0,0
S01011192,Born outside the UK: Resident 5 years or more and less than 10 years,2,1,0,1,1,1,0
S01011192,Born outside the UK: Resident 10 years or more,9,4,2,2,5,5,0
S01011193,All people in households,703,342,58,284,361,256,105
S01011193,Born in the UK,684,331,56,275,353,254,99
S01011193,Born outside the UK: Total,19,11,2,9,8,2,6
S01011193,Born outside the UK: Resident less than 2 years,4,0,0,0,4,0,4
S01011193,Born outside the UK: Resident 2 years or more and less than 5 years,3,3,0,3,0,0,0
S01011193,Born outside the UK: Resident 5 years or more and less than 10 years,4,2,1,1,2,0,2
S01011193,Born outside the UK: Resident 10 years or more,8,6,1,5,2,2,0
S01011194,All people in households,727,328,78,250,399,320,79
S01011194,Born in the UK,705,315,76,239,390,315,75
S01011194,Born outside the UK: Total,22,13,2,11,9,5,4
S01011194,Born outside the UK: Resident less than 2 years,2,1,1,0,1,1,0
S01011194,Born outside the UK: Resident 2 years or more and less than 5 years,4,4,0,4,0,0,0
S01011194,Born outside the UK: Resident 5 years or more and less than 10 years,2,0,0,0,2,1,1
S01011194,Born outside the UK: Resident 10 years or more,14,8,1,7,6,3,3
S01011195,All people in households,781,433,83,350,348,247,101
S01011195,Born in the UK,764,430,82,348,334,237,97
S01011195,Born outside the UK: Total,17,3,1,2,14,10,4
S01011195,Born outside the UK: Resident less than 2 years,0,0,0,0,0,0,0
S01011195,Born outside the UK: Resident 2 years or more and less than 5 years,2,0,0,0,2,2,0
S01011195,Born outside the UK: Resident 5 years or more and less than 10 years,3,0,0,0,3,0,3
S01011195,Born outside the UK: Resident 10 years or more,12,3,1,2,9,8,1
S01011196,All people in households,903,433,101,332,470,393,77
S01011196,Born in the UK,889,422,99,323,467,393,74
S01011196,Born outside the UK: Total,14,11,2,9,3,0,3
S01011196,Born outside the UK: Resident less than 2 years,0,0,0,0,0,0,0
S01011196,Born outside the UK: Resident 2 years or more and less than 5 years,0,0,0,0,0,0,0
S01011196,Born outside the UK: Resident 5 years or more and less than 10 years,2,2,0,2,0,0,0
S01011196,Born outside the UK: Resident 10 years or more,12,9,2,7,3,0,3
S01011197,All people in households,871,422,102,320,449,344,105
S01011197,Born in the UK,857,412,101,311,445,341,104
S01011197,Born outside the UK: Total,14,10,1,9,4,3,1
S01011197,Born outside the UK: Resident less than 2 years,0,0,0,0,0,0,0
S01011197,Born outside the UK: Resident 2 years or more and less than 5 years,0,0,0,0,0,0,0
S01011197,Born outside the UK: Resident 5 years or more and less than 10 years,3,3,0,3,0,0,0
S01011197,Born outside the UK: Resident 10 years or more,11,7,1,6,4,3,1
S01011198,All people in households,624,315,85,230,309,231,78
S01011198,Born in the UK,616,314,85,229,302,230,72
S01011198,Born outside the UK: Total,8,1,0,1,7,1,6
S01011198,Born outside the UK: Resident less than 2 years,5,0,0,0,5,0,5
S01011198,Born outside the UK: Resident 2 years or more and less than 5 years,0,0,0,0,0,0,0
S01011198,Born outside the UK: Resident 5 years or more and less than 10 years,0,0,0,0,0,0,0
S01011198,Born outside the UK: Resident 10 years or more,3,1,0,1,2,1,1
S01011199,All people in households,781,469,108,361,312,230,82
S01011199,Born in the UK,767,458,106,352,309,229,80
S01011199,Born outside the UK: Total,14,11,2,9,3,1,2
S01011199,Born outside the UK: Resident less than 2 years,0,0,0,0,0,0,0
S01011199,Born outside the UK: Resident 2 years or more and less than 5 years,0,0,0,0,0,0,0
S01011199,Born outside the UK: Resident 5 years or more and less than 10 years,1,1,0,1,0,0,0
S01011199,Born outside the UK: Resident 10 years or more,13,10,2,8,3,1,2
S01011200,All people in households,740,539,164,375,201,140,61
S01011200,Born in the UK,732,534,162,372,198,139,59
S01011200,Born outside the UK: Total,8,5,2,3,3,1,2
S01011200,Born outside the UK: Resident less than 2 years,2,0,0,0,2,0,2
S01011200,Born outside the UK: Resident 2 years or more and less than 5 years,0,0,0,0,0,0,0
S01011200,Born outside the UK: Resident 5 years or more and less than 10 years,1,1,1,0,0,0,0
S01011200,Born outside the UK: Resident 10 years or more,5,4,1,3,1,1,0
S01011201,All people in households,586,462,140,322,124,107,17
S01011201,Born in the UK,581,458,139,319,123,106,17
S01011201,Born outside the UK: Total,5,4,1,3,1,1,0
S01011201,Born outside the UK: Resident less than 2 years,0,0,0,0,0,0,0
S01011201,Born outside the UK: Resident 2 years or more and less than 5 years,0,0,0,0,0,0,0
S01011201,Born outside the UK: Resident 5 years or more and less than 10 years,0,0,0,0,0,0,0
S01011201,Born outside the UK: Resident 10 years or more,5,4,1,3,1,1,0
S01011202,All people in households,844,539,112,427,305,240,65
S01011202,Born in the UK,827,527,107,420,300,237,63
S01011202,Born outside the UK: Total,17,12,5,7,5,3,2
S01011202,Born outside the UK: Resident less than 2 years,0,0,0,0,0,0,0
S01011202,Born outside the UK: Resident 2 years or more and less than 5 years,3,2,0,2,1,0,1
S01011202,Born outside the UK: Resident 5 years or more and less than 10 years,1,1,0,1,0,0,0
S01011202,Born outside the UK: Resident 10 years or more,13,9,5,4,4,3,1
S01011203,All people in households,806,589,157,432,217,161,56
S01011203,Born in the UK,795,586,157,429,209,156,53
S01011203,Born outside the UK: Total,11,3,0,3,8,5,3
S01011203,Born outside the UK: Resident less than 2 years,2,0,0,0,2,0,2
S01011203,Born outside the UK: Resident 2 years or more and less than 5 years,0,0,0,0,0,0,0
S01011203,Born outside the UK: Resident 5 years or more and less than 10 years,0,0,0,0,0,0,0
S01011203,Born outside the UK: Resident 10 years or more,9,3,0,3,6,5,1
S01011204,All people in households,555,489,191,298,66,24,42
S01011204,Born in the UK,534,472,180,292,62,21,41
S01011204,Born outside the UK: Total,21,17,11,6,4,3,1
S01011204,Born outside the UK: Resident less than 2 years,0,0,0,0,0,0,0
S01011204,Born outside the UK: Resident 2 years or more and less than 5 years,3,1,0,1,2,2,0
S01011204,Born outside the UK: Resident 5 years or more and less than 10 years,2,0,0,0,2,1,1
S01011204,Born outside the UK: Resident 10 years or more,16,16,11,5,0,0,0
S01011205,All people in households,716,579,68,511,137,101,36
S01011205,Born in the UK,689,563,66,497,126,98,28
S01011205,Born outside the UK: Total,27,16,2,14,11,3,8
S01011205,Born outside the UK: Resident less than 2 years,3,1,0,1,2,0,2
S01011205,Born outside the UK: Resident 2 years or more and less than 5 years,1,1,0,1,0,0,0
S01011205,Born outside the UK: Resident 5 years or more and less than 10 years,3,0,0,0,3,1,2
S01011205,Born outside the UK: Resident 10 years or more,20,14,2,12,6,2,4
S01011206,All people in households,734,609,115,494,125,65,60
S01011206,Born in the UK,702,587,99,488,115,64,51
S01011206,Born outside the UK: Total,32,22,16,6,10,1,9
S01011206,Born outside the UK: Resident less than 2 years,1,0,0,0,1,0,1
S01011206,Born outside the UK: Resident 2 years or more and less than 5 years,2,2,2,0,0,0,0
S01011206,Born outside the UK: Resident 5 years or more and less than 10 years,6,0,0,0,6,0,6
S01011206,Born outside the UK: Resident 10 years or more,23,20,14,6,3,1,2
S01011207,All people in households,757,488,92,396,269,249,20
S01011207,Born in the UK,741,478,87,391,263,245,18
S01011207,Born outside the UK: Total,16,10,5,5,6,4,2
S01011207,Born outside the UK: Resident less than 2 years,0,0,0,0,0,0,0
S01011207,Born outside the UK: Resident 2 years or more and less than 5 years,1,0,0,0,1,0,1
S01011207,Born outside the UK: Resident 5 years or more and less than 10 years,1,0,0,0,1,0,1
S01011207,Born outside the UK: Resident 10 years or more,14,10,5,5,4,4,0
S01011208,All people in households,907,839,145,694,68,34,34
S01011208,Born in the UK,889,824,140,684,65,33,32
S01011208,Born outside the UK: Total,18,15,5,10,3,1,2
S01011208,Born outside the UK: Resident less than 2 years,0,0,0,0,0,0,0
S01011208,Born outside the UK: Resident 2 years or more and less than 5 years,0,0,0,0,0,0,0
S01011208,Born outside the UK: Resident 5 years or more and less than 10 years,2,1,0,1,1,0,1
S01011208,Born outside the UK: Resident 10 years or more,16,14,5,9,2,1,1
S01011209,All people in households,633,333,96,237,300,271,29
S01011209,Born in the UK,625,329,96,233,296,268,28
S01011209,Born outside the UK: Total,8,4,0,4,4,3,1
S01011209,Born outside the UK: Resident less than 2 years,2,2,0,2,0,0,0
S01011209,Born outside the UK: Resident 2 years or more and less than 5 years,0,0,0,0,0,0,0
S01011209,Born outside the UK: Resident 5 years or more and less than 10 years,0,0,0,0,0,0,0
S01011209,Born outside the UK: Resident 10 years or more,6,2,0,2,4,3,1
S01011210,All people in households,733,599,184,415,134,120,14
S01011210,Born in the UK,696,567,173,394,129,119,10
S01011210,Born outside the UK: Total,37,32,11,21,5,1,4
S01011210,Born outside the UK: Resident less than 2 years,1,1,0,1,0,0,0
S01011210,Born outside the UK: Resident 2 years or more and less than 5 years,3,0,0,0,3,0,3
S01011210,Born outside the UK: Resident 5 years or more and less than 10 years,6,6,0,6,0,0,0
S01011210,Born outside the UK: Resident 10 years or more,27,25,11,14,2,1,1
S01011211,All people in households,702,580,96,484,122,88,34
S01011211,Born in the UK,692,571,93,478,121,88,33
S01011211,Born outside the UK: Total,10,9,3,6,1,0,1
S01011211,Born outside the UK: Resident less than 2 years,1,0,0,0,1,0,1
S01011211,Born outside the UK: Resident 2 years or more and less than 5 years,0,0,0,0,0,0,0
S01011211,Born outside the UK: Resident 5 years or more and less than 10 years,0,0,0,0,0,0,0
S01011211,Born outside the UK: Resident 10 years or more,9,9,3,6,0,0,0
S01011212,All people in households,548,305,69,236,243,179,64
S01011212,Born in the UK,543,300,69,231,243,179,64
S01011212,Born outside the UK: Total,5,5,0,5,0,0,0
S01011212,Born outside the UK: Resident less than 2 years,1,1,0,1,0,0,0
S01011212,Born outside the UK: Resident 2 years or more and less than 5 years,2,2,0,2,0,0,0
S01011212,Born outside the UK: Resident 5 years or more and less than 10 years,0,0,0,0,0,0,0
S01011212,Born outside the UK: Resident 10 years or more,2,2,0,2,0,0,0
S01011213,All people in households,1048,590,173,417,458,319,139
S01011213,Born in the UK,1027,577,171,406,450,316,134
S01011213,Born outside the UK: Total,21,13,2,11,8,3,5
S01011213,Born outside the UK: Resident less than 2 years,3,3,0,3,0,0,0
S01011213,Born outside the UK: Resident 2 years or more and less than 5 years,0,0,0,0,0,0,0
S01011213,Born outside the UK: Resident 5 years or more and less than 10 years,2,1,0,1,1,1,0
S01011213,Born outside the UK: Resident 10 years or more,16,9,2,7,7,2,5
S01011214,All people in households,852,460,171,289,392,258,134
S01011214,Born in the UK,839,454,170,284,385,256,129
S01011214,Born outside the UK: Total,13,6,1,5,7,2,5
S01011214,Born outside the UK: Resident less than 2 years,1,0,0,0,1,0,1
S01011214,Born outside the UK: Resident 2 years or more and less than 5 years,2,0,0,0,2,0,2
S01011214,Born outside the UK: Resident 5 years or more and less than 10 years,0,0,0,0,0,0,0
S01011214,Born outside the UK: Resident 10 years or more,10,6,1,5,4,2,2
S01011215,All people in households,596,223,70,153,373,320,53
S01011215,Born in the UK,588,220,70,150,368,316,52
S01011215,Born outside the UK: Total,8,3,0,3,5,4,1
S01011215,Born outside the UK: Resident less than 2 years,3,1,0,1,2,2,0
S01011215,Born outside the UK: Resident 2 years or more and less than 5 years,0,0,0,0,0,0,0
S01011215,Born outside the UK: Resident 5 years or more and less than 10 years,0,0,0,0,0,0,0
S01011215,Born outside the UK: Resident 10 years or more,5,2,0,2,3,2,1
S01011216,All people in households,482,224,78,146,258,208,50
S01011216,Born in the UK,473,219,77,142,254,205,49
S01011216,Born outside the UK: Total,9,5,1,4,4,3,1
S01011216,Born outside the UK: Resident less than 2 years,0,0,0,0,0,0,0
S01011216,Born outside the UK: Resident 2 years or more and less than 5 years,0,0,0,0,0,0,0
S01011216,Born outside the UK: Resident 5 years or more and less than 10 years,0,0,0,0,0,0,0
S01011216,Born outside the UK: Resident 10 years or more,9,5,1,4,4,3,1
S01011217,All people in households,799,359,126,233,440,334,106
S01011217,Born in the UK,782,351,119,232,431,332,99
S01011217,Born outside the UK: Total,17,8,7,1,9,2,7
S01011217,Born outside the UK: Resident less than 2 years,0,0,0,0,0,0,0
S01011217,Born outside the UK: Resident 2 years or more and less than 5 years,6,0,0,0,6,0,6
S01011217,Born outside the UK: Resident 5 years or more and less than 10 years,1,0,0,0,1,0,1
S01011217,Born outside the UK: Resident 10 years or more,10,8,7,1,2,2,0
S01011218,All people in households,696,196,43,153,500,420,80
S01011218,Born in the UK,687,191,43,148,496,417,79
S01011218,Born outside the UK: Total,9,5,0,5,4,3,1
S01011218,Born outside the UK: Resident less than 2 years,2,1,0,1,1,0,1
S01011218,Born outside the UK: Resident 2 years or more and less than 5 years,0,0,0,0,0,0,0
S01011218,Born outside the UK: Resident 5 years or more and less than 10 years,1,1,0,1,0,0,0
S01011218,Born outside the UK: Resident 10 years or more,6,3,0,3,3,3,0
S01011219,All people in households,782,407,139,268,375,308,67
S01011219,Born in the UK,773,402,137,265,371,304,67
S01011219,Born outside the UK: Total,9,5,2,3,4,4,0
S01011219,Born outside the UK: Resident less than 2 years,1,1,0,1,0,0,0
S01011219,Born outside the UK: Resident 2 years or more and less than 5 years,1,1,0,1,0,0,0
S01011219,Born outside the UK: Resident 5 years or more and less than 10 years,0,0,0,0,0,0,0
S01011219,Born outside the UK: Resident 10 years or more,7,3,2,1,4,4,0
S01011220,All people in households,889,549,168,381,340,277,63
S01011220,Born in the UK,876,543,166,377,333,276,57
S01011220,Born outside the UK: Total,13,6,2,4,7,1,6
S01011220,Born outside the UK: Resident less than 2 years,0,0,0,0,0,0,0
S01011220,Born outside the UK: Resident 2 years or more and less than 5 years,3,2,0,2,1,0,1
S01011220,Born outside the UK: Resident 5 years or more and less than 10 years,3,0,0,0,3,0,3
S01011220,Born outside the UK: Resident 10 years or more,7,4,2,2,3,1,2
S01011221,All people in households,947,594,189,405,353,252,101
S01011221,Born in the UK,928,585,188,397,343,249,94
S01011221,Born outside the UK: Total,19,9,1,8,10,3,7
S01011221,Born outside the UK: Resident less than 2 years,1,1,1,0,0,0,0
S01011221,Born outside the UK: Resident 2 years or more and less than 5 years,4,1,0,1,3,0,3
S01011221,Born outside the UK: Resident 5 years or more and less than 10 years,4,2,0,2,2,1,1
S01011221,Born outside the UK: Resident 10 years or more,10,5,0,5,5,2,3
S01011222,All people in households,662,378,120,258,284,248,36
S01011222,Born in the UK,643,371,118,253,272,245,27
S01011222,Born outside the UK: Total,19,7,2,5,12,3,9
S01011222,Born outside the UK: Resident less than 2 years,1,0,0,0,1,0,1
S01011222,Born outside the UK: Resident 2 years or more and less than 5 years,6,1,0,1,5,0,5
S01011222,Born outside the UK: Resident 5 years or more and less than 10 years,0,0,0,0,0,0,0
S01011222,Born outside the UK: Resident 10 years or more,12,6,2,4,6,3,3
S01011223,All people in households,796,535,144,391,261,191,70
S01011223,Born in the UK,780,524,140,384,256,190,66
S01011223,Born outside the UK: Total,16,11,4,7,5,1,4
S01011223,Born outside the UK: Resident less than 2 years,0,0,0,0,0,0,0
S01011223,Born outside the UK: Resident 2 years or more and less than 5 years,5,2,1,1,3,0,3
S01011223,Born outside the UK: Resident 5 years or more and less than 10 years,2,1,1,0,1,0,1
S01011223,Born outside the UK: Resident 10 years or more,9,8,2,6,1,1,0
S01011224,All people in households,681,401,163,238,280,233,47
S01011224,Born in the UK,653,382,159,223,271,230,41
S01011224,Born outside the UK: Total,28,19,4,15,9,3,6
S01011224,Born outside the UK: Resident less than 2 years,4,3,2,1,1,1,0
S01011224,Born outside the UK: Resident 2 years or more and less than 5 years,2,0,0,0,2,0,2
S01011224,Born outside the UK: Resident 5 years or more and less than 10 years,2,1,0,1,1,0,1
S01011224,Born outside the UK: Resident 10 years or more,20,15,2,13,5,2,3
S01011225,All people in households,697,248,102,146,449,352,97
S01011225,Born in the UK,680,240,98,142,440,350,90
S01011225,Born outside the UK: Total,17,8,4,4,9,2,7
S01011225,Born outside the UK: Resident less than 2 years,2,0,0,0,2,0,2
S01011225,Born outside the UK: Resident 2 years or more and less than 5 years,5,3,0,3,2,0,2
S01011225,Born outside the UK: Resident 5 years or more and less than 10 years,2,1,1,0,1,0,1
S01011225,Born outside the UK: Resident 10 years or more,8,4,3,1,4,2,2
S01011226,All people in households,971,813,371,442,158,92,66
S01011226,Born in the UK,955,804,365,439,151,91,60
S01011226,Born outside the UK: Total,16,9,6,3,7,1,6
S01011226,Born outside the UK: Resident less than 2 years,2,0,0,0,2,0,2
S01011226,Born outside the UK: Resident 2 years or more and less than 5 years,3,0,0,0,3,0,3
S01011226,Born outside the UK: Resident 5 years or more and less than 10 years,1,0,0,0,1,0,1
S01011226,Born outside the UK: Resident 10 years or more,10,9,6,3,1,1,0
S01011227,All people in households,709,404,154,250,305,169,136
S01011227,Born in the UK,683,387,151,236,296,166,130
S01011227,Born outside the UK: Total,26,17,3,14,9,3,6
S01011227,Born outside the UK: Resident less than 2 years,0,0,0,0,0,0,0
S01011227,Born outside the UK: Resident 2 years or more and less than 5 years,1,1,0,1,0,0,0
S01011227,Born outside the UK: Resident 5 years or more and less than 10 years,4,3,0,3,1,0,1
S01011227,Born outside the UK: Resident 10 years or more,21,13,3,10,8,3,5
S01011228,All people in households,768,411,159,252,357,229,128
S01011228,Born in the UK,751,404,157,247,347,223,124
S01011228,Born outside the UK: Total,17,7,2,5,10,6,4
S01011228,Born outside the UK: Resident less than 2 years,2,1,0,1,1,1,0
S01011228,Born outside the UK: Resident 2 years or more and less than 5 years,7,1,1,0,6,2,4
S01011228,Born outside the UK: Resident 5 years or more and less than 10 years,3,2,0,2,1,1,0
S01011228,Born outside the UK: Resident 10 years or more,5,3,1,2,2,2,0
S01011229,All people in households,510,213,89,124,297,231,66
S01011229,Born in the UK,499,211,89,122,288,226,62
S01011229,Born outside the UK: Total,11,2,0,2,9,5,4
S01011229,Born outside the UK: Resident less than 2 years,0,0,0,0,0,0,0
S01011229,Born outside the UK: Resident 2 years or more and less than 5 years,1,0,0,0,1,0,1
S01011229,Born outside the UK: Resident 5 years or more and less than 10 years,2,0,0,0,2,0,2
S01011229,Born outside the UK: Resident 10 years or more,8,2,0,2,6,5,1
S01011230,All people in households,886,182,64,118,704,668,36
S01011230,Born in the UK,867,179,62,117,688,654,34
S01011230,Born outside the UK: Total,19,3,2,1,16,14,2
S01011230,Born outside the UK: Resident less than 2 years,4,0,0,0,4,3,1
S01011230,Born outside the UK: Resident 2 years or more and less than 5 years,2,1,0,1,1,1,0
S01011230,Born outside the UK: Resident 5 years or more and less than 10 years,3,0,0,0,3,2,1
S01011230,Born outside the UK: Resident 10 years or more,10,2,2,0,8,8,0
S01011231,All people in households,604,245,99,146,359,319,40
S01011231,Born in the UK,589,242,97,145,347,308,39
S01011231,Born outside the UK: Total,15,3,2,1,12,11,1
S01011231,Born outside the UK: Resident less than 2 years,0,0,0,0,0,0,0
S01011231,Born outside the UK: Resident 2 years or more and less than 5 years,1,0,0,0,1,0,1
S01011231,Born outside the UK: Resident 5 years or more and less than 10 years,2,1,0,1,1,1,0
S01011231,Born outside the UK: Resident 10 years or more,12,2,2,0,10,10,0
S01011232,All people in households,874,297,121,176,577,473,104
S01011232,Born in the UK,854,285,113,172,569,468,101
S01011232,Born outside the UK: Total,20,12,8,4,8,5,3
S01011232,Born outside the UK: Resident less than 2 years,1,0,0,0,1,0,1
S01011232,Born outside the UK: Resident 2 years or more and less than 5 years,0,0,0,0,0,0,0
S01011232,Born outside the UK: Resident 5 years or more and less than 10 years,2,1,0,1,1,0,1
S01011232,Born outside the UK: Resident 10 years or more,17,11,8,3,6,5,1
S01011233,All people in households,365,208,90,118,157,106,51
S01011233,Born in the UK,356,200,87,113,156,106,50
S01011233,Born outside the UK: Total,9,8,3,5,1,0,1
S01011233,Born outside the UK: Resident less than 2 years,1,1,1,0,0,0,0
S01011233,Born outside the UK: Resident 2 years or more and less than 5 years,0,0,0,0,0,0,0
S01011233,Born outside the UK: Resident 5 years or more and less than 10 years,1,1,0,1,0,0,0
S01011233,Born outside the UK: Resident 10 years or more,7,6,2,4,1,0,1
S01011234,All people in households,1031,441,128,313,590,522,68
S01011234,Born in the UK,1010,423,120,303,587,519,68
S01011234,Born outside the UK: Total,21,18,8,10,3,3,0
S01011234,Born outside the UK: Resident less than 2 years,0,0,0,0,0,0,0
S01011234,Born outside the UK: Resident 2 years or more and less than 5 years,1,1,1,0,0,0,0
S01011234,Born outside the UK: Resident 5 years or more and less than 10 years,7,4,0,4,3,3,0
S01011234,Born outside the UK: Resident 10 years or more,13,13,7,6,0,0,0
S01011235,All people in households,384,172,61,111,212,179,33
S01011235,Born in the UK,379,172,61,111,207,175,32
S01011235,Born outside the UK: Total,5,0,0,0,5,4,1
S01011235,Born outside the UK: Resident less than 2 years,0,0,0,0,0,0,0
S01011235,Born outside the UK: Resident 2 years or more and less than 5 years,1,0,0,0,1,1,0
S01011235,Born outside the UK: Resident 5 years or more and less than 10 years,1,0,0,0,1,0,1
S01011235,Born outside the UK: Resident 10 years or more,3,0,0,0,3,3,0
S01011236,All people in households,542,339,145,194,203,146,57
S01011236,Born in the UK,532,332,142,190,200,146,54
S01011236,Born outside the UK: Total,10,7,3,4,3,0,3
S01011236,Born outside the UK: Resident less than 2 years,1,1,0,1,0,0,0
S01011236,Born outside the UK: Resident 2 years or more and less than 5 years,3,0,0,0,3,0,3
S01011236,Born outside the UK: Resident 5 years or more and less than 10 years,0,0,0,0,0,0,0
S01011236,Born outside the UK: Resident 10 years or more,6,6,3,3,0,0,0
S01011237,All people in households,763,378,116,262,385,333,52
S01011237,Born in the UK,749,366,115,251,383,332,51
S01011237,Born outside the UK: Total,14,12,1,11,2,1,1
S01011237,Born outside the UK: Resident less than 2 years,0,0,0,0,0,0,0
S01011237,Born outside the UK: Resident 2 years or more and less than 5 years,2,2,0,2,0,0,0
S01011237,Born outside the UK: Resident 5 years or more and less than 10 years,2,1,0,1,1,1,0
S01011237,Born outside the UK: Resident 10 years or more,10,9,1,8,1,0,1
S01011238,All people in households,644,217,78,139,427,349,78
S01011238,Born in the UK,619,208,74,134,411,342,69
S01011238,Born outside the UK: Total,25,9,4,5,16,7,9
S01011238,Born outside the UK: Resident less than 2 years,11,1,0,1,10,1,9
S01011238,Born outside the UK: Resident 2 years or more and less than 5 years,3,2,0,2,1,1,0
S01011238,Born outside the UK: Resident 5 years or more and less than 10 years,2,2,0,2,0,0,0
S01011238,Born outside the UK: Resident 10 years or more,9,4,4,0,5,5,0
S01011239,All people in households,689,340,162,178,349,233,116
S01011239,Born in the UK,673,332,160,172,341,225,116
S01011239,Born outside the UK: Total,16,8,2,6,8,8,0
S01011239,Born outside the UK: Resident less than 2 years,0,0,0,0,0,0,0
S01011239,Born outside the UK: Resident 2 years or more and less than 5 years,1,1,0,1,0,0,0
S01011239,Born outside the UK: Resident 5 years or more and less than 10 years,0,0,0,0,0,0,0
S01011239,Born outside the UK: Resident 10 years or more,15,7,2,5,8,8,0
S01011240,All people in households,684,269,101,168,415,244,171
S01011240,Born in the UK,660,267,100,167,393,234,159
S01011240,Born outside the UK: Total,24,2,1,1,22,10,12
S01011240,Born outside the UK: Resident less than 2 years,2,0,0,0,2,1,1
S01011240,Born outside the UK: Resident 2 years or more and less than 5 years,9,0,0,0,9,3,6
S01011240,Born outside the UK: Resident 5 years or more and less than 10 years,6,0,0,0,6,2,4
S01011240,Born outside the UK: Resident 10 years or more,7,2,1,1,5,4,1
S01011241,All people in households,997,667,266,401,330,146,184
S01011241,Born in the UK,973,658,259,399,315,141,174
S01011241,Born outside the UK: Total,24,9,7,2,15,5,10
S01011241,Born outside the UK: Resident less than 2 years,1,0,0,0,1,1,0
S01011241,Born outside the UK: Resident 2 years or more and less than 5 years,5,0,0,0,5,0,5
S01011241,Born outside the UK: Resident 5 years or more and less than 10 years,3,0,0,0,3,1,2
S01011241,Born outside the UK: Resident 10 years or more,15,9,7,2,6,3,3
S01011242,All people in households,737,486,199,287,251,169,82
S01011242,Born in the UK,714,472,193,279,242,162,80
S01011242,Born outside the UK: Total,23,14,6,8,9,7,2
S01011242,Born outside the UK: Resident less than 2 years,0,0,0,0,0,0,0
S01011242,Born outside the UK: Resident 2 years or more and less than 5 years,4,2,0,2,2,0,2
S01011242,Born outside the UK: Resident 5 years or more and less than 10 years,3,0,0,0,3,3,0
S01011242,Born outside the UK: Resident 10 years or more,16,12,6,6,4,4,0
S01011243,All people in households,862,245,80,165,617,437,180
S01011243,Born in the UK,836,231,72,159,605,431,174
S01011243,Born outside the UK: Total,26,14,8,6,12,6,6
S01011243,Born outside the UK: Resident less than 2 years,2,2,0,2,0,0,0
S01011243,Born outside the UK: Resident 2 years or more and less than 5 years,6,4,4,0,2,1,1
S01011243,Born outside the UK: Resident 5 years or more and less than 10 years,3,1,0,1,2,0,2
S01011243,Born outside the UK: Resident 10 years or more,15,7,4,3,8,5,3
S01011244,All people in households,666,241,80,161,425,294,131
S01011244,Born in the UK,652,233,77,156,419,290,129
S01011244,Born outside the UK: Total,14,8,3,5,6,4,2
S01011244,Born outside the UK: Resident less than 2 years,0,0,0,0,0,0,0
S01011244,Born outside the UK: Resident 2 years or more and less than 5 years,1,1,0,1,0,0,0
S01011244,Born outside the UK: Resident 5 years or more and less than 10 years,5,2,0,2,3,2,1
S01011244,Born outside the UK: Resident 10 years or more,8,5,3,2,3,2,1
S01011245,All people in households,846,391,157,234,455,405,50
S01011245,Born in the UK,826,380,152,228,446,398,48
S01011245,Born outside the UK: Total,20,11,5,6,9,7,2
S01011245,Born outside the UK: Resident less than 2 years,0,0,0,0,0,0,0
S01011245,Born outside the UK: Resident 2 years or more and less than 5 years,4,1,1,0,3,3,0
S01011245,Born outside the UK: Resident 5 years or more and less than 10 years,1,1,1,0,0,0,0
S01011245,Born outside the UK: Resident 10 years or more,15,9,3,6,6,4,2
S01011246,All people in households,842,625,271,354,217,79,138
S01011246,Born in the UK,822,614,266,348,208,77,131
S01011246,Born outside the UK: Total,20,11,5,6,9,2,7
S01011246,Born outside the UK: Resident less than 2 years,1,0,0,0,1,1,0
S01011246,Born outside the UK: Resident 2 years or more and less than 5 years,0,0,0,0,0,0,0
S01011246,Born outside the UK: Resident 5 years or more and less than 10 years,2,1,0,1,1,0,1
S01011246,Born outside the UK: Resident 10 years or more,17,10,5,5,7,1,6
S01011247,All people in households,790,689,315,374,101,44,57
S01011247,Born in the UK,772,673,309,364,99,43,56
S01011247,Born outside the UK: Total,18,16,6,10,2,1,1
S01011247,Born outside the UK: Resident less than 2 years,2,1,0,1,1,0,1
S01011247,Born outside the UK: Resident 2 years or more and less than 5 years,1,1,0,1,0,0,0
S01011247,Born outside the UK: Resident 5 years or more and less than 10 years,1,1,0,1,0,0,0
S01011247,Born outside the UK: Resident 10 years or more,14,13,6,7,1,1,0
S01011248,All people in households,739,604,200,404,135,88,47
S01011248,Born in the UK,720,588,194,394,132,86,46
S01011248,Born outside the UK: Total,19,16,6,10,3,2,1
S01011248,Born outside the UK: Resident less than 2 years,0,0,0,0,0,0,0
S01011248,Born outside the UK: Resident 2 years or more and less than 5 years,0,0,0,0,0,0,0
S01011248,Born outside the UK: Resident 5 years or more and less than 10 years,1,0,0,0,1,1,0
S01011248,Born outside the UK: Resident 10 years or more,18,16,6,10,2,1,1
S01011249,All people in households,723,644,221,423,79,31,48
S01011249,Born in the UK,709,637,216,421,72,31,41
S01011249,Born outside the UK: Total,14,7,5,2,7,0,7
S01011249,Born outside the UK: Resident less than 2 years,0,0,0,0,0,0,0
S01011249,Born outside the UK: Resident 2 years or more and less than 5 years,6,0,0,0,6,0,6
S01011249,Born outside the UK: Resident 5 years or more and less than 10 years,1,0,0,0,1,0,1
S01011249,Born outside the UK: Resident 10 years or more,7,7,5,2,0,0,0
S01011250,All people in households,1083,521,110,411,562,492,70
S01011250,Born in the UK,1062,511,107,404,551,486,65
S01011250,Born outside the UK: Total,21,10,3,7,11,6,5
S01011250,Born outside the UK: Resident less than 2 years,2,0,0,0,2,1,1
S01011250,Born outside the UK: Resident 2 years or more and less than 5 years,2,0,0,0,2,2,0
S01011250,Born outside the UK: Resident 5 years or more and less than 10 years,4,1,1,0,3,1,2
S01011250,Born outside the UK: Resident 10 years or more,13,9,2,7,4,2,2
S01011251,All people in households,871,456,150,306,415,327,88
S01011251,Born in the UK,861,449,149,300,412,325,87
S01011251,Born outside the UK: Total,10,7,1,6,3,2,1
S01011251,Born outside the UK: Resident less than 2 years,0,0,0,0,0,0,0
S01011251,Born outside the UK: Resident 2 years or more and less than 5 years,2,2,0,2,0,0,0
S01011251,Born outside the UK: Resident 5 years or more and less than 10 years,4,3,0,3,1,0,1
S01011251,Born outside the UK: Resident 10 years or more,4,2,1,1,2,2,0
S01011252,All people in households,825,311,76,235,514,451,63
S01011252,Born in the UK,807,303,75,228,504,443,61
S01011252,Born outside the UK: Total,18,8,1,7,10,8,2
S01011252,Born outside the UK: Resident less than 2 years,0,0,0,0,0,0,0
S01011252,Born outside the UK: Resident 2 years or more and less than 5 years,0,0,0,0,0,0,0
S01011252,Born outside the UK: Resident 5 years or more and less than 10 years,3,0,0,0,3,3,0
S01011252,Born outside the UK: Resident 10 years or more,15,8,1,7,7,5,2
S01011253,All people in households,855,329,77,252,526,474,52
S01011253,Born in the UK,838,324,76,248,514,465,49
S01011253,Born outside the UK: Total,17,5,1,4,12,9,3
S01011253,Born outside the UK: Resident less than 2 years,1,0,0,0,1,0,1
S01011253,Born outside the UK: Resident 2 years or more and less than 5 years,0,0,0,0,0,0,0
S01011253,Born outside the UK: Resident 5 years or more and less than 10 years,3,1,0,1,2,2,0
S01011253,Born outside the UK: Resident 10 years or more,13,4,1,3,9,7,2
S01011254,All people in households,955,908,289,619,47,17,30
S01011254,Born in the UK,941,896,284,612,45,15,30
S01011254,Born outside the UK: Total,14,12,5,7,2,2,0
S01011254,Born outside the UK: Resident less than 2 years,0,0,0,0,0,0,0
S01011254,Born outside the UK: Resident 2 years or more and less than 5 years,2,0,0,0,2,2,0
S01011254,Born outside the UK: Resident 5 years or more and less than 10 years,0,0,0,0,0,0,0
S01011254,Born outside the UK: Resident 10 years or more,12,12,5,7,0,0,0
S01011255,All people in households,780,747,117,630,33,16,17
S01011255,Born in the UK,767,736,113,623,31,15,16
S01011255,Born outside the UK: Total,13,11,4,7,2,1,1
S01011255,Born outside the UK: Resident less than 2 years,0,0,0,0,0,0,0
S01011255,Born outside the UK: Resident 2 years or more and less than 5 years,0,0,0,0,0,0,0
S01011255,Born outside the UK: Resident 5 years or more and less than 10 years,4,4,3,1,0,0,0
S01011255,Born outside the UK: Resident 10 years or more,9,7,1,6,2,1,1
S01011256,All people in households,497,441,53,388,56,22,34
S01011256,Born in the UK,482,437,52,385,45,20,25
S01011256,Born outside the UK: Total,15,4,1,3,11,2,9
S01011256,Born outside the UK: Resident less than 2 years,6,0,0,0,6,0,6
S01011256,Born outside the UK: Resident 2 years or more and less than 5 years,0,0,0,0,0,0,0
S01011256,Born outside the UK: Resident 5 years or more and less than 10 years,3,0,0,0,3,0,3
S01011256,Born outside the UK: Resident 10 years or more,6,4,1,3,2,2,0
S01011257,All people in households,408,377,239,138,31,14,17
S01011257,Born in the UK,399,371,235,136,28,14,14
S01011257,Born outside the UK: Total,9,6,4,2,3,0,3
S01011257,Born outside the UK: Resident less than 2 years,0,0,0,0,0,0,0
S01011257,Born outside the UK: Resident 2 years or more and less than 5 years,3,0,0,0,3,0,3
S01011257,Born outside the UK: Resident 5 years or more and less than 10 years,0,0,0,0,0,0,0
S01011257,Born outside the UK: Resident 10 years or more,6,6,4,2,0,0,0
S01011258,All people in households,565,488,162,326,77,57,20
S01011258,Born in the UK,552,478,158,320,74,55,19
S01011258,Born outside the UK: Total,13,10,4,6,3,2,1
S01011258,Born outside the UK: Resident less than 2 years,1,1,1,0,0,0,0
S01011258,Born outside the UK: Resident 2 years or more and less than 5 years,1,1,0,1,0,0,0
S01011258,Born outside the UK: Resident 5 years or more and less than 10 years,2,1,1,0,1,1,0
S01011258,Born outside the UK: Resident 10 years or more,9,7,2,5,2,1,1
S01011259,All people in households,763,512,225,287,251,179,72
S01011259,Born in the UK,751,507,223,284,244,176,68
S01011259,Born outside the UK: Total,12,5,2,3,7,3,4
S01011259,Born outside the UK: Resident less than 2 years,1,1,0,1,0,0,0
S01011259,Born outside the UK: Resident 2 years or more and less than 5 years,4,0,0,0,4,2,2
S01011259,Born outside the UK: Resident 5 years or more and less than 10 years,2,1,0,1,1,0,1
S01011259,Born outside the UK: Resident 10 years or more,5,3,2,1,2,1,1
S01011260,All people in households,718,630,299,331,88,53,35
S01011260,Born in the UK,703,616,291,325,87,52,35
S01011260,Born outside the UK: Total,15,14,8,6,1,1,0
S01011260,Born outside the UK: Resident less than 2 years,2,2,1,1,0,0,0
S01011260,Born outside the UK: Resident 2 years or more and less than 5 years,1,0,0,0,1,1,0
S01011260,Born outside the UK: Resident 5 years or more and less than 10 years,0,0,0,0,0,0,0
S01011260,Born outside the UK: Resident 10 years or more,12,12,7,5,0,0,0
S01011261,All people in households,809,346,119,227,463,416,47
S01011261,Born in the UK,797,340,118,222,457,413,44
S01011261,Born outside the UK: Total,12,6,1,5,6,3,3
S01011261,Born outside the UK: Resident less than 2 years,0,0,0,0,0,0,0
S01011261,Born outside the UK: Resident 2 years or more and less than 5 years,1,1,0,1,0,0,0
S01011261,Born outside the UK: Resident 5 years or more and less than 10 years,0,0,0,0,0,0,0
S01011261,Born outside the UK: Resident 10 years or more,11,5,1,4,6,3,3
S01011262,All people in households,495,308,120,188,187,140,47
S01011262,Born in the UK,482,302,118,184,180,140,40
S01011262,Born outside the UK: Total,13,6,2,4,7,0,7
S01011262,Born outside the UK: Resident less than 2 years,5,1,0,1,4,0,4
S01011262,Born outside the UK: Resident 2 years or more and less than 5 years,4,2,0,2,2,0,2
S01011262,Born outside the UK: Resident 5 years or more and less than 10 years,1,1,1,0,0,0,0
S01011262,Born outside the UK: Resident 10 years or more,3,2,1,1,1,0,1
S01011263,All people in households,1063,709,133,576,354,250,104
S01011263,Born in the UK,1048,697,131,566,351,248,103
S01011263,Born outside the UK: Total,15,12,2,10,3,2,1
S01011263,Born outside the UK: Resident less than 2 years,1,1,1,0,0,0,0
S01011263,Born outside the UK: Resident 2 years or more and less than 5 years,0,0,0,0,0,0,0
S01011263,Born outside the UK: Resident 5 years or more and less than 10 years,0,0,0,0,0,0,0
S01011263,Born outside the UK: Resident 10 years or more,14,11,1,10,3,2,1
S01011264,All people in households,688,325,81,244,363,282,81
S01011264,Born in the UK,675,317,78,239,358,277,81
S01011264,Born outside the UK: Total,13,8,3,5,5,5,0
S01011264,Born outside the UK: Resident less than 2 years,0,0,0,0,0,0,0
S01011264,Born outside the UK: Resident 2 years or more and less than 5 years,0,0,0,0,0,0,0
S01011264,Born outside the UK: Resident 5 years or more and less than 10 years,5,4,3,1,1,1,0
S01011264,Born outside the UK: Resident 10 years or more,8,4,0,4,4,4,0
S01011265,All people in households,1077,354,84,270,723,639,84
S01011265,Born in the UK,1052,348,84,264,704,626,78
S01011265,Born outside the UK: Total,25,6,0,6,19,13,6
S01011265,Born outside the UK: Resident less than 2 years,5,1,0,1,4,0,4
S01011265,Born outside the UK: Resident 2 years or more and less than 5 years,7,0,0,0,7,7,0
S01011265,Born outside the UK: Resident 5 years or more and less than 10 years,4,3,0,3,1,0,1
S01011265,Born outside the UK: Resident 10 years or more,9,2,0,2,7,6,1
S01011266,All people in households,908,637,204,433,271,213,58
S01011266,Born in the UK,890,628,201,427,262,211,51
S01011266,Born outside the UK: Total,18,9,3,6,9,2,7
S01011266,Born outside the UK: Resident less than 2 years,0,0,0,0,0,0,0
S01011266,Born outside the UK: Resident 2 years or more and less than 5 years,6,0,0,0,6,0,6
S01011266,Born outside the UK: Resident 5 years or more and less than 10 years,0,0,0,0,0,0,0
S01011266,Born outside the UK: Resident 10 years or more,12,9,3,6,3,2,1
S01011267,All people in households,585,467,235,232,118,76,42
S01011267,Born in the UK,568,460,233,227,108,75,33
S01011267,Born outside the UK: Total,17,7,2,5,10,1,9
S01011267,Born outside the UK: Resident less than 2 years,5,0,0,0,5,0,5
S01011267,Born outside the UK: Resident 2 years or more and less than 5 years,3,0,0,0,3,0,3
S01011267,Born outside the UK: Resident 5 years or more and less than 10 years,2,2,0,2,0,0,0
S01011267,Born outside the UK: Resident 10 years or more,7,5,2,3,2,1,1
S01011268,All people in households,375,267,148,119,108,56,52
S01011268,Born in the UK,361,265,147,118,96,55,41
S01011268,Born outside the UK: Total,14,2,1,1,12,1,11
S01011268,Born outside the UK: Resident less than 2 years,5,0,0,0,5,0,5
S01011268,Born outside the UK: Resident 2 years or more and less than 5 years,3,0,0,0,3,0,3
S01011268,Born outside the UK: Resident 5 years or more and less than 10 years,2,0,0,0,2,0,2
S01011268,Born outside the UK: Resident 10 years or more,4,2,1,1,2,1,1
S01011269,All people in households,514,297,125,172,217,166,51
S01011269,Born in the UK,499,290,119,171,209,162,47
S01011269,Born outside the UK: Total,15,7,6,1,8,4,4
S01011269,Born outside the UK: Resident less than 2 years,3,1,1,0,2,0,2
S01011269,Born outside the UK: Resident 2 years or more and less than 5 years,0,0,0,0,0,0,0
S01011269,Born outside the UK: Resident 5 years or more and less than 10 years,2,0,0,0,2,2,0
S01011269,Born outside the UK: Resident 10 years or more,10,6,5,1,4,2,2
S01011270,All people in households,680,277,112,165,403,276,127
S01011270,Born in the UK,660,272,109,163,388,274,114
S01011270,Born outside the UK: Total,20,5,3,2,15,2,13
S01011270,Born outside the UK: Resident less than 2 years,3,0,0,0,3,0,3
S01011270,Born outside the UK: Resident 2 years or more and less than 5 years,6,0,0,0,6,0,6
S01011270,Born outside the UK: Resident 5 years or more and less than 10 years,2,0,0,0,2,0,2
S01011270,Born outside the UK: Resident 10 years or more,9,5,3,2,4,2,2
S01011271,All people in households,760,461,196,265,299,230,69
S01011271,Born in the UK,744,455,195,260,289,227,62
S01011271,Born outside the UK: Total,16,6,1,5,10,3,7
S01011271,Born outside the UK: Resident less than 2 years,6,0,0,0,6,0,6
S01011271,Born outside the UK: Resident 2 years or more and less than 5 years,1,0,0,0,1,0,1
S01011271,Born outside the UK: Resident 5 years or more and less than 10 years,2,2,0,2,0,0,0
S01011271,Born outside the UK: Resident 10 years or more,7,4,1,3,3,3,0
S01011272,All people in households,728,370,128,242,358,270,88
S01011272,Born in the UK,712,365,127,238,347,268,79
S01011272,Born outside the UK: Total,16,5,1,4,11,2,9
S01011272,Born outside the UK: Resident less than 2 years,5,0,0,0,5,0,5
S01011272,Born outside the UK: Resident 2 years or more and less than 5 years,5,1,0,1,4,0,4
S01011272,Born outside the UK: Resident 5 years or more and less than 10 years,0,0,0,0,0,0,0
S01011272,Born outside the UK: Resident 10 years or more,6,4,1,3,2,2,0
S01011273,All people in households,901,473,118,355,428,377,51
S01011273,Born in the UK,885,468,115,353,417,370,47
S01011273,Born outside the UK: Total,16,5,3,2,11,7,4
S01011273,Born outside the UK: Resident less than 2 years,1,0,0,0,1,1,0
S01011273,Born outside the UK: Resident 2 years or more and less than 5 years,0,0,0,0,0,0,0
S01011273,Born outside the UK: Resident 5 years or more and less than 10 years,7,0,0,0,7,3,4
S01011273,Born outside the UK: Resident 10 years or more,8,5,3,2,3,3,0
S01011274,All people in households,888,447,112,335,441,278,163
S01011274,Born in the UK,860,432,105,327,428,274,154
S01011274,Born outside the UK: Total,28,15,7,8,13,4,9
S01011274,Born outside the UK: Resident less than 2 years,3,2,1,1,1,1,0
S01011274,Born outside the UK: Resident 2 years or more and less than 5 years,4,3,0,3,1,0,1
S01011274,Born outside the UK: Resident 5 years or more and less than 10 years,5,2,1,1,3,1,2
S01011274,Born outside the UK: Resident 10 years or more,16,8,5,3,8,2,6
S01011275,All people in households,711,223,71,152,488,449,39
S01011275,Born in the UK,698,222,71,151,476,440,36
S01011275,Born outside the UK: Total,13,1,0,1,12,9,3
S01011275,Born outside the UK: Resident less than 2 years,3,0,0,0,3,0,3
S01011275,Born outside the UK: Resident 2 years or more and less than 5 years,4,0,0,0,4,4,0
S01011275,Born outside the UK: Resident 5 years or more and less than 10 years,2,0,0,0,2,2,0
S01011275,Born outside the UK: Resident 10 years or more,4,1,0,1,3,3,0
S01011276,All people in households,978,564,172,392,414,346,68
S01011276,Born in the UK,960,554,171,383,406,339,67
S01011276,Born outside the UK: Total,18,10,1,9,8,7,1
S01011276,Born outside the UK: Resident less than 2 years,1,0,0,0,1,1,0
S01011276,Born outside the UK: Resident 2 years or more and less than 5 years,3,3,0,3,0,0,0
S01011276,Born outside the UK: Resident 5 years or more and less than 10 years,5,0,0,0,5,5,0
S01011276,Born outside the UK: Resident 10 years or more,9,7,1,6,2,1,1
S01011277,All people in households,654,595,193,402,59,16,43
S01011277,Born in the UK,643,587,192,395,56,16,40
S01011277,Born outside the UK: Total,11,8,1,7,3,0,3
S01011277,Born outside the UK: Resident less than 2 years,0,0,0,0,0,0,0
S01011277,Born outside the UK: Resident 2 years or more and less than 5 years,2,0,0,0,2,0,2
S01011277,Born outside the UK: Resident 5 years or more and less than 10 years,3,2,0,2,1,0,1
S01011277,Born outside the UK: Resident 10 years or more,6,6,1,5,0,0,0
S01011278,All people in households,494,422,104,318,72,15,57
S01011278,Born in the UK,481,412,102,310,69,12,57
S01011278,Born outside the UK: Total,13,10,2,8,3,3,0
S01011278,Born outside the UK: Resident less than 2 years,0,0,0,0,0,0,0
S01011278,Born outside the UK: Resident 2 years or more and less than 5 years,0,0,0,0,0,0,0
S01011278,Born outside the UK: Resident 5 years or more and less than 10 years,0,0,0,0,0,0,0
S01011278,Born outside the UK: Resident 10 years or more,13,10,2,8,3,3,0
S01011279,All people in households,651,560,188,372,91,27,64
S01011279,Born in the UK,637,547,182,365,90,27,63
S01011279,Born outside the UK: Total,14,13,6,7,1,0,1
S01011279,Born outside the UK: Resident less than 2 years,0,0,0,0,0,0,0
S01011279,Born outside the UK: Resident 2 years or more and less than 5 years,3,3,0,3,0,0,0
S01011279,Born outside the UK: Resident 5 years or more and less than 10 years,0,0,0,0,0,0,0
S01011279,Born outside the UK: Resident 10 years or more,11,10,6,4,1,0,1
S01011280,All people in households,590,546,257,289,44,33,11
S01011280,Born in the UK,578,537,251,286,41,33,8
S01011280,Born outside the UK: Total,12,9,6,3,3,0,3
S01011280,Born outside the UK: Resident less than 2 years,0,0,0,0,0,0,0
S01011280,Born outside the UK: Resident 2 years or more and less than 5 years,2,0,0,0,2,0,2
S01011280,Born outside the UK: Resident 5 years or more and less than 10 years,0,0,0,0,0,0,0
S01011280,Born outside the UK: Resident 10 years or more,10,9,6,3,1,0,1
S01011281,All people in households,645,577,132,445,68,24,44
S01011281,Born in the UK,628,567,127,440,61,22,39
S01011281,Born outside the UK: Total,17,10,5,5,7,2,5
S01011281,Born outside the UK: Resident less than 2 years,3,2,0,2,1,1,0
S01011281,Born outside the UK: Resident 2 years or more and less than 5 years,0,0,0,0,0,0,0
S01011281,Born outside the UK: Resident 5 years or more and less than 10 years,3,0,0,0,3,0,3
S01011281,Born outside the UK: Resident 10 years or more,11,8,5,3,3,1,2
S01011282,All people in households,918,782,151,631,136,103,33
S01011282,Born in the UK,889,759,142,617,130,99,31
S01011282,Born outside the UK: Total,29,23,9,14,6,4,2
S01011282,Born outside the UK: Resident less than 2 years,0,0,0,0,0,0,0
S01011282,Born outside the UK: Resident 2 years or more and less than 5 years,6,0,0,0,6,4,2
S01011282,Born outside the UK: Resident 5 years or more and less than 10 years,7,7,0,7,0,0,0
S01011282,Born outside the UK: Resident 10 years or more,16,16,9,7,0,0,0
S01011283,All people in households,737,699,78,621,38,12,26
S01011283,Born in the UK,702,672,73,599,30,9,21
S01011283,Born outside the UK: Total,35,27,5,22,8,3,5
S01011283,Born outside the UK: Resident less than 2 years,0,0,0,0,0,0,0
S01011283,Born outside the UK: Resident 2 years or more and less than 5 years,4,1,0,1,3,0,3
S01011283,Born outside the UK: Resident 5 years or more and less than 10 years,4,4,0,4,0,0,0
S01011283,Born outside the UK: Resident 10 years or more,27,22,5,17,5,3,2
S01011284,All people in households,615,574,55,519,41,13,28
S01011284,Born in the UK,598,559,52,507,39,13,26
S01011284,Born outside the UK: Total,17,15,3,12,2,0,2
S01011284,Born outside the UK: Resident less than 2 years,0,0,0,0,0,0,0
S01011284,Born outside the UK: Resident 2 years or more and less than 5 years,2,2,0,2,0,0,0
S01011284,Born outside the UK: Resident 5 years or more and less than 10 years,3,1,0,1,2,0,2
S01011284,Born outside the UK: Resident 10 years or more,12,12,3,9,0,0,0
S01011285,All people in households,729,308,88,220,421,365,56
S01011285,Born in the UK,716,299,86,213,417,362,55
S01011285,Born outside the UK: Total,13,9,2,7,4,3,1
S01011285,Born outside the UK: Resident less than 2 years,0,0,0,0,0,0,0
S01011285,Born outside the UK: Resident 2 years or more and less than 5 years,0,0,0,0,0,0,0
S01011285,Born outside the UK: Resident 5 years or more and less than 10 years,2,2,1,1,0,0,0
S01011285,Born outside the UK: Resident 10 years or more,11,7,1,6,4,3,1
S01011286,All people in households,720,320,94,226,400,360,40
S01011286,Born in the UK,702,305,89,216,397,358,39
S01011286,Born outside the UK: Total,18,15,5,10,3,2,1
S01011286,Born outside the UK: Resident less than 2 years,2,2,2,0,0,0,0
S01011286,Born outside the UK: Resident 2 years or more and less than 5 years,0,0,0,0,0,0,0
S01011286,Born outside the UK: Resident 5 years or more and less than 10 years,1,1,0,1,0,0,0
S01011286,Born outside the UK: Resident 10 years or more,15,12,3,9,3,2,1
S01011287,All people in households,807,404,133,271,403,346,57
S01011287,Born in the UK,793,399,132,267,394,338,56
S01011287,Born outside the UK: Total,14,5,1,4,9,8,1
S01011287,Born outside the UK: Resident less than 2 years,0,0,0,0,0,0,0
S01011287,Born outside the UK: Resident 2 years or more and less than 5 years,0,0,0,0,0,0,0
S01011287,Born outside the UK: Resident 5 years or more and less than 10 years,1,0,0,0,1,0,1
S01011287,Born outside the UK: Resident 10 years or more,13,5,1,4,8,8,0
S01011288,All people in households,757,447,130,317,310,244,66
S01011288,Born in the UK,742,437,125,312,305,243,62
S01011288,Born outside the UK: Total,15,10,5,5,5,1,4
S01011288,Born outside the UK: Resident less than 2 years,0,0,0,0,0,0,0
S01011288,Born outside the UK: Resident 2 years or more and less than 5 years,1,0,0,0,1,1,0
S01011288,Born outside the UK: Resident 5 years or more and less than 10 years,4,3,2,1,1,0,1
S01011288,Born outside the UK: Resident 10 years or more,10,7,3,4,3,0,3
S01011289,All people in households,934,527,191,336,407,341,66
S01011289,Born in the UK,916,513,189,324,403,338,65
S01011289,Born outside the UK: Total,18,14,2,12,4,3,1
S01011289,Born outside the UK: Resident less than 2 years,2,1,0,1,1,0,1
S01011289,Born outside the UK: Resident 2 years or more and less than 5 years,0,0,0,0,0,0,0
S01011289,Born outside the UK: Resident 5 years or more and less than 10 years,3,3,0,3,0,0,0
S01011289,Born outside the UK: Resident 10 years or more,13,10,2,8,3,3,0
S01011290,All people in households,1054,582,222,360,472,386,86
S01011290,Born in the UK,1038,571,221,350,467,385,82
S01011290,Born outside the UK: Total,16,11,1,10,5,1,4
S01011290,Born outside the UK: Resident less than 2 years,2,0,0,0,2,0,2
S01011290,Born outside the UK: Resident 2 years or more and less than 5 years,4,2,0,2,2,0,2
S01011290,Born outside the UK: Resident 5 years or more and less than 10 years,1,0,0,0,1,1,0
S01011290,Born outside the UK: Resident 10 years or more,9,9,1,8,0,0,0
S01011291,All people in households,815,462,183,279,353,306,47
S01011291,Born in the UK,794,444,177,267,350,306,44
S01011291,Born outside the UK: Total,21,18,6,12,3,0,3
S01011291,Born outside the UK: Resident less than 2 years,0,0,0,0,0,0,0
S01011291,Born outside the UK: Resident 2 years or more and less than 5 years,1,0,0,0,1,0,1
S01011291,Born outside the UK: Resident 5 years or more and less than 10 years,5,4,0,4,1,0,1
S01011291,Born outside the UK: Resident 10 years or more,15,14,6,8,1,0,1
S01011292,All people in households,692,271,66,205,421,391,30
S01011292,Born in the UK,685,270,65,205,415,387,28
S01011292,Born outside the UK: Total,7,1,1,0,6,4,2
S01011292,Born outside the UK: Resident less than 2 years,0,0,0,0,0,0,0
S01011292,Born outside the UK: Resident 2 years or more and less than 5 years,2,0,0,0,2,0,2
S01011292,Born outside the UK: Resident 5 years or more and less than 10 years,1,0,0,0,1,1,0
S01011292,Born outside the UK: Resident 10 years or more,4,1,1,0,3,3,0
S01011293,All people in households,736,376,112,264,360,318,42
S01011293,Born in the UK,724,372,110,262,352,312,40
S01011293,Born outside the UK: Total,12,4,2,2,8,6,2
S01011293,Born outside the UK: Resident less than 2 years,0,0,0,0,0,0,0
S01011293,Born outside the UK: Resident 2 years or more and less than 5 years,0,0,0,0,0,0,0
S01011293,Born outside the UK: Resident 5 years or more and less than 10 years,0,0,0,0,0,0,0
S01011293,Born outside the UK: Resident 10 years or more,12,4,2,2,8,6,2
S01011294,All people in households,833,364,151,213,469,371,98
S01011294,Born in the UK,814,359,148,211,455,361,94
S01011294,Born outside the UK: Total,19,5,3,2,14,10,4
S01011294,Born outside the UK: Resident less than 2 years,0,0,0,0,0,0,0
S01011294,Born outside the UK: Resident 2 years or more and less than 5 years,1,0,0,0,1,0,1
S01011294,Born outside the UK: Resident 5 years or more and less than 10 years,2,1,0,1,1,0,1
S01011294,Born outside the UK: Resident 10 years or more,16,4,3,1,12,10,2
S01011295,All people in households,946,766,326,440,180,112,68
S01011295,Born in the UK,931,755,323,432,176,109,67
S01011295,Born outside the UK: Total,15,11,3,8,4,3,1
S01011295,Born outside the UK: Resident less than 2 years,1,0,0,0,1,0,1
S01011295,Born outside the UK: Resident 2 years or more and less than 5 years,0,0,0,0,0,0,0
S01011295,Born outside the UK: Resident 5 years or more and less than 10 years,2,1,0,1,1,1,0
S01011295,Born outside the UK: Resident 10 years or more,12,10,3,7,2,2,0
S01011296,All people in households,556,381,175,206,175,148,27
S01011296,Born in the UK,552,380,174,206,172,147,25
S01011296,Born outside the UK: Total,4,1,1,0,3,1,2
S01011296,Born outside the UK: Resident less than 2 years,0,0,0,0,0,0,0
S01011296,Born outside the UK: Resident 2 years or more and less than 5 years,0,0,0,0,0,0,0
S01011296,Born outside the UK: Resident 5 years or more and less than 10 years,0,0,0,0,0,0,0
S01011296,Born outside the UK: Resident 10 years or more,4,1,1,0,3,1,2
S01011297,All people in households,839,412,123,289,427,375,52
S01011297,Born in the UK,826,406,122,284,420,369,51
S01011297,Born outside the UK: Total,13,6,1,5,7,6,1
S01011297,Born outside the UK: Resident less than 2 years,0,0,0,0,0,0,0
S01011297,Born outside the UK: Resident 2 years or more and less than 5 years,2,1,0,1,1,1,0
S01011297,Born outside the UK: Resident 5 years or more and less than 10 years,4,4,1,3,0,0,0
S01011297,Born outside the UK: Resident 10 years or more,7,1,0,1,6,5,1
S01011298,All people in households,642,251,63,188,391,349,42
S01011298,Born in the UK,630,243,58,185,387,347,40
S01011298,Born outside the UK: Total,12,8,5,3,4,2,2
S01011298,Born outside the UK: Resident less than 2 years,0,0,0,0,0,0,0
S01011298,Born outside the UK: Resident 2 years or more and less than 5 years,0,0,0,0,0,0,0
S01011298,Born outside the UK: Resident 5 years or more and less than 10 years,2,2,2,0,0,0,0
S01011298,Born outside the UK: Resident 10 years or more,10,6,3,3,4,2,2
S01011299,All people in households,489,412,214,198,77,6,71
S01011299,Born in the UK,481,405,210,195,76,6,70
S01011299,Born outside the UK: Total,8,7,4,3,1,0,1
S01011299,Born outside the UK: Resident less than 2 years,1,1,0,1,0,0,0
S01011299,Born outside the UK: Resident 2 years or more and less than 5 years,1,1,1,0,0,0,0
S01011299,Born outside the UK: Resident 5 years or more and less than 10 years,2,1,0,1,1,0,1
S01011299,Born outside the UK: Resident 10 years or more,4,4,3,1,0,0,0
S01011300,All people in households,944,465,181,284,479,440,39
S01011300,Born in the UK,930,459,180,279,471,433,38
S01011300,Born outside the UK: Total,14,6,1,5,8,7,1
S01011300,Born outside the UK: Resident less than 2 years,1,1,0,1,0,0,0
S01011300,Born outside the UK: Resident 2 years or more and less than 5 years,1,0,0,0,1,0,1
S01011300,Born outside the UK: Resident 5 years or more and less than 10 years,3,2,0,2,1,1,0
S01011300,Born outside the UK: Resident 10 years or more,9,3,1,2,6,6,0
S01011301,All people in households,705,621,248,373,84,18,66
S01011301,Born in the UK,695,611,246,365,84,18,66
S01011301,Born outside the UK: Total,10,10,2,8,0,0,0
S01011301,Born outside the UK: Resident less than 2 years,0,0,0,0,0,0,0
S01011301,Born outside the UK: Resident 2 years or more and less than 5 years,3,3,0,3,0,0,0
S01011301,Born outside the UK: Resident 5 years or more and less than 10 years,1,1,0,1,0,0,0
S01011301,Born outside the UK: Resident 10 years or more,6,6,2,4,0,0,0
S01011302,All people in households,856,450,202,248,406,322,84
S01011302,Born in the UK,838,436,195,241,402,321,81
S01011302,Born outside the UK: Total,18,14,7,7,4,1,3
S01011302,Born outside the UK: Resident less than 2 years,1,0,0,0,1,0,1
S01011302,Born outside the UK: Resident 2 years or more and less than 5 years,0,0,0,0,0,0,0
S01011302,Born outside the UK: Resident 5 years or more and less than 10 years,4,3,0,3,1,0,1
S01011302,Born outside the UK: Resident 10 years or more,13,11,7,4,2,1,1
S01011303,All people in households,1004,885,306,579,119,24,95
S01011303,Born in the UK,980,864,303,561,116,24,92
S01011303,Born outside the UK: Total,24,21,3,18,3,0,3
S01011303,Born outside the UK: Resident less than 2 years,1,1,0,1,0,0,0
S01011303,Born outside the UK: Resident 2 years or more and less than 5 years,1,1,1,0,0,0,0
S01011303,Born outside the UK: Resident 5 years or more and less than 10 years,8,6,0,6,2,0,2
S01011303,Born outside the UK: Resident 10 years or more,14,13,2,11,1,0,1
S01011304,All people in households,708,331,107,224,377,344,33
S01011304,Born in the UK,694,322,104,218,372,340,32
S01011304,Born outside the UK: Total,14,9,3,6,5,4,1
S01011304,Born outside the UK: Resident less than 2 years,0,0,0,0,0,0,0
S01011304,Born outside the UK: Resident 2 years or more and less than 5 years,0,0,0,0,0,0,0
S01011304,Born outside the UK: Resident 5 years or more and less than 10 years,1,0,0,0,1,0,1
S01011304,Born outside the UK: Resident 10 years or more,13,9,3,6,4,4,0
S01011305,All people in households,829,507,112,395,322,272,50
S01011305,Born in the UK,811,496,107,389,315,268,47
S01011305,Born outside the UK: Total,18,11,5,6,7,4,3
S01011305,Born outside the UK: Resident less than 2 years,2,1,0,1,1,0,1
S01011305,Born outside the UK: Resident 2 years or more and less than 5 years,1,0,0,0,1,1,0
S01011305,Born outside the UK: Resident 5 years or more and less than 10 years,6,4,3,1,2,0,2
S01011305,Born outside the UK: Resident 10 years or more,9,6,2,4,3,3,0
S01011306,All people in households,590,324,172,152,266,204,62
S01011306,Born in the UK,578,315,172,143,263,204,59
S01011306,Born outside the UK: Total,12,9,0,9,3,0,3
S01011306,Born outside the UK: Resident less than 2 years,1,0,0,0,1,0,1
S01011306,Born outside the UK: Resident 2 years or more and less than 5 years,0,0,0,0,0,0,0
S01011306,Born outside the UK: Resident 5 years or more and less than 10 years,1,1,0,1,0,0,0
S01011306,Born outside the UK: Resident 10 years or more,10,8,0,8,2,0,2
S01011307,All people in households,470,381,202,179,89,9,80
S01011307,Born in the UK,451,372,199,173,79,9,70
S01011307,Born outside the UK: Total,19,9,3,6,10,0,10
S01011307,Born outside the UK: Resident less than 2 years,3,0,0,0,3,0,3
S01011307,Born outside the UK: Resident 2 years or more and less than 5 years,7,0,0,0,7,0,7
S01011307,Born outside the UK: Resident 5 years or more and less than 10 years,1,1,0,1,0,0,0
S01011307,Born outside the UK: Resident 10 years or more,8,8,3,5,0,0,0
S01011308,All people in households,432,346,182,164,86,6,80
S01011308,Born in the UK,417,335,173,162,82,5,77
S01011308,Born outside the UK: Total,15,11,9,2,4,1,3
S01011308,Born outside the UK: Resident less than 2 years,0,0,0,0,0,0,0
S01011308,Born outside the UK: Resident 2 years or more and less than 5 years,1,1,0,1,0,0,0
S01011308,Born outside the UK: Resident 5 years or more and less than 10 years,2,1,1,0,1,0,1
S01011308,Born outside the UK: Resident 10 years or more,12,9,8,1,3,1,2
S01011309,All people in households,712,682,345,337,30,8,22
S01011309,Born in the UK,688,662,334,328,26,7,19
S01011309,Born outside the UK: Total,24,20,11,9,4,1,3
S01011309,Born outside the UK: Resident less than 2 years,0,0,0,0,0,0,0
S01011309,Born outside the UK: Resident 2 years or more and less than 5 years,2,1,0,1,1,0,1
S01011309,Born outside the UK: Resident 5 years or more and less than 10 years,3,3,0,3,0,0,0
S01011309,Born outside the UK: Resident 10 years or more,19,16,11,5,3,1,2
S01011310,All people in households,706,521,248,273,185,81,104
S01011310,Born in the UK,679,503,238,265,176,80,96
S01011310,Born outside the UK: Total,27,18,10,8,9,1,8
S01011310,Born outside the UK: Resident less than 2 years,0,0,0,0,0,0,0
S01011310,Born outside the UK: Resident 2 years or more and less than 5 years,2,0,0,0,2,0,2
S01011310,Born outside the UK: Resident 5 years or more and less than 10 years,5,2,1,1,3,0,3
S01011310,Born outside the UK: Resident 10 years or more,20,16,9,7,4,1,3
S01011311,All people in households,666,612,328,284,54,14,40
S01011311,Born in the UK,628,582,314,268,46,13,33
S01011311,Born outside the UK: Total,38,30,14,16,8,1,7
S01011311,Born outside the UK: Resident less than 2 years,5,5,1,4,0,0,0
S01011311,Born outside the UK: Resident 2 years or more and less than 5 years,5,1,0,1,4,0,4
S01011311,Born outside the UK: Resident 5 years or more and less than 10 years,3,2,0,2,1,0,1
S01011311,Born outside the UK: Resident 10 years or more,25,22,13,9,3,1,2
S01011312,All people in households,1103,1034,567,467,69,16,53
S01011312,Born in the UK,1066,1002,545,457,64,15,49
S01011312,Born outside the UK: Total,37,32,22,10,5,1,4
S01011312,Born outside the UK: Resident less than 2 years,7,4,4,0,3,0,3
S01011312,Born outside the UK: Resident 2 years or more and less than 5 years,2,1,1,0,1,0,1
S01011312,Born outside the UK: Resident 5 years or more and less than 10 years,1,1,0,1,0,0,0
S01011312,Born outside the UK: Resident 10 years or more,27,26,17,9,1,1,0
S01011313,All people in households,735,595,227,368,140,56,84
S01011313,Born in the UK,710,577,221,356,133,56,77
S01011313,Born outside the UK: Total,25,18,6,12,7,0,7
S01011313,Born outside the UK: Resident less than 2 years,5,0,0,0,5,0,5
S01011313,Born outside the UK: Resident 2 years or more and less than 5 years,4,2,0,2,2,0,2
S01011313,Born outside the UK: Resident 5 years or more and less than 10 years,1,1,1,0,0,0,0
S01011313,Born outside the UK: Resident 10 years or more,15,15,5,10,0,0,0
S01011314,All people in households,1097,903,324,579,194,64,130
S01011314,Born in the UK,1056,872,314,558,184,61,123
S01011314,Born outside the UK: Total,41,31,10,21,10,3,7
S01011314,Born outside the UK: Resident less than 2 years,3,0,0,0,3,0,3
S01011314,Born outside the UK: Resident 2 years or more and less than 5 years,3,3,0,3,0,0,0
S01011314,Born outside the UK: Resident 5 years or more and less than 10 years,11,10,4,6,1,1,0
S01011314,Born outside the UK: Resident 10 years or more,24,18,6,12,6,2,4
S01011315,All people in households,410,244,62,182,166,128,38
S01011315,Born in the UK,394,234,58,176,160,127,33
S01011315,Born outside the UK: Total,16,10,4,6,6,1,5
S01011315,Born outside the UK: Resident less than 2 years,1,1,0,1,0,0,0
S01011315,Born outside the UK: Resident 2 years or more and less than 5 years,1,0,0,0,1,0,1
S01011315,Born outside the UK: Resident 5 years or more and less than 10 years,5,3,0,3,2,0,2
S01011315,Born outside the UK: Resident 10 years or more,9,6,4,2,3,1,2
S01011316,All people in households,748,438,160,278,310,262,48
S01011316,Born in the UK,729,423,155,268,306,258,48
S01011316,Born outside the UK: Total,19,15,5,10,4,4,0
S01011316,Born outside the UK: Resident less than 2 years,3,3,0,3,0,0,0
S01011316,Born outside the UK: Resident 2 years or more and less than 5 years,0,0,0,0,0,0,0
S01011316,Born outside the UK: Resident 5 years or more and less than 10 years,7,6,2,4,1,1,0
S01011316,Born outside the UK: Resident 10 years or more,9,6,3,3,3,3,0
S01011317,All people in households,752,693,384,309,59,4,55
S01011317,Born in the UK,739,682,376,306,57,3,54
S01011317,Born outside the UK: Total,13,11,8,3,2,1,1
S01011317,Born outside the UK: Resident less than 2 years,1,0,0,0,1,1,0
S01011317,Born outside the UK: Resident 2 years or more and less than 5 years,0,0,0,0,0,0,0
S01011317,Born outside the UK: Resident 5 years or more and less than 10 years,0,0,0,0,0,0,0
S01011317,Born outside the UK: Resident 10 years or more,12,11,8,3,1,0,1
S01011318,All people in households,919,752,423,329,167,18,149
S01011318,Born in the UK,880,727,407,320,153,18,135
S01011318,Born outside the UK: Total,39,25,16,9,14,0,14
S01011318,Born outside the UK: Resident less than 2 years,5,1,1,0,4,0,4
S01011318,Born outside the UK: Resident 2 years or more and less than 5 years,5,2,2,0,3,0,3
S01011318,Born outside the UK: Resident 5 years or more and less than 10 years,4,4,0,4,0,0,0
S01011318,Born outside the UK: Resident 10 years or more,25,18,13,5,7,0,7
S01011319,All people in households,856,795,433,362,61,4,57
S01011319,Born in the UK,830,770,422,348,60,4,56
S01011319,Born outside the UK: Total,26,25,11,14,1,0,1
S01011319,Born outside the UK: Resident less than 2 years,1,1,0,1,0,0,0
S01011319,Born outside the UK: Resident 2 years or more and less than 5 years,1,1,0,1,0,0,0
S01011319,Born outside the UK: Resident 5 years or more and less than 10 years,3,3,0,3,0,0,0
S01011319,Born outside the UK: Resident 10 years or more,21,20,11,9,1,0,1
S01011320,All people in households,522,412,201,211,110,59,51
S01011320,Born in the UK,510,404,196,208,106,58,48
S01011320,Born outside the UK: Total,12,8,5,3,4,1,3
S01011320,Born outside the UK: Resident less than 2 years,0,0,0,0,0,0,0
S01011320,Born outside the UK: Resident 2 years or more and less than 5 years,1,1,0,1,0,0,0
S01011320,Born outside the UK: Resident 5 years or more and less than 10 years,2,1,0,1,1,0,1
S01011320,Born outside the UK: Resident 10 years or more,9,6,5,1,3,1,2
S01011321,All people in households,596,496,135,361,100,59,41
S01011321,Born in the UK,568,474,129,345,94,59,35
S01011321,Born outside the UK: Total,28,22,6,16,6,0,6
S01011321,Born outside the UK: Resident less than 2 years,0,0,0,0,0,0,0
S01011321,Born outside the UK: Resident 2 years or more and less than 5 years,5,5,0,5,0,0,0
S01011321,Born outside the UK: Resident 5 years or more and less than 10 years,7,2,0,2,5,0,5
S01011321,Born outside the UK: Resident 10 years or more,16,15,6,9,1,0,1
S01011322,All people in households,634,511,144,367,123,85,38
S01011322,Born in the UK,613,495,136,359,118,80,38
S01011322,Born outside the UK: Total,21,16,8,8,5,5,0
S01011322,Born outside the UK: Resident less than 2 years,2,1,1,0,1,1,0
S01011322,Born outside the UK: Resident 2 years or more and less than 5 years,0,0,0,0,0,0,0
S01011322,Born outside the UK: Resident 5 years or more and less than 10 years,4,4,0,4,0,0,0
S01011322,Born outside the UK: Resident 10 years or more,15,11,7,4,4,4,0
S01011323,All people in households,917,593,153,440,324,226,98
S01011323,Born in the UK,892,577,149,428,315,226,89
S01011323,Born outside the UK: Total,25,16,4,12,9,0,9
S01011323,Born outside the UK: Resident less than 2 years,7,0,0,0,7,0,7
S01011323,Born outside the UK: Resident 2 years or more and less than 5 years,1,1,0,1,0,0,0
S01011323,Born outside the UK: Resident 5 years or more and less than 10 years,10,8,1,7,2,0,2
S01011323,Born outside the UK: Resident 10 years or more,7,7,3,4,0,0,0
S01011324,All people in households,449,370,160,210,79,49,30
S01011324,Born in the UK,415,342,149,193,73,49,24
S01011324,Born outside the UK: Total,34,28,11,17,6,0,6
S01011324,Born outside the UK: Resident less than 2 years,0,0,0,0,0,0,0
S01011324,Born outside the UK: Resident 2 years or more and less than 5 years,4,1,0,1,3,0,3
S01011324,Born outside the UK: Resident 5 years or more and less than 10 years,4,3,0,3,1,0,1
S01011324,Born outside the UK: Resident 10 years or more,26,24,11,13,2,0,2
S01011325,All people in households,737,424,192,232,313,122,191
S01011325,Born in the UK,702,411,187,224,291,117,174
S01011325,Born outside the UK: Total,35,13,5,8,22,5,17
S01011325,Born outside the UK: Resident less than 2 years,3,1,1,0,2,0,2
S01011325,Born outside the UK: Resident 2 years or more and less than 5 years,6,1,1,0,5,0,5
S01011325,Born outside the UK: Resident 5 years or more and less than 10 years,8,2,0,2,6,2,4
S01011325,Born outside the UK: Resident 10 years or more,18,9,3,6,9,3,6
S01011326,All people in households,747,419,221,198,328,71,257
S01011326,Born in the UK,705,391,213,178,314,68,246
S01011326,Born outside the UK: Total,42,28,8,20,14,3,11
S01011326,Born outside the UK: Resident less than 2 years,5,2,0,2,3,0,3
S01011326,Born outside the UK: Resident 2 years or more and less than 5 years,9,4,1,3,5,0,5
S01011326,Born outside the UK: Resident 5 years or more and less than 10 years,7,5,0,5,2,0,2
S01011326,Born outside the UK: Resident 10 years or more,21,17,7,10,4,3,1
S01011327,All people in households,648,453,288,165,195,81,114
S01011327,Born in the UK,629,441,281,160,188,77,111
S01011327,Born outside the UK: Total,19,12,7,5,7,4,3
S01011327,Born outside the UK: Resident less than 2 years,2,1,1,0,1,0,1
S01011327,Born outside the UK: Resident 2 years or more and less than 5 years,2,1,0,1,1,1,0
S01011327,Born outside the UK: Resident 5 years or more and less than 10 years,4,2,0,2,2,0,2
S01011327,Born outside the UK: Resident 10 years or more,11,8,6,2,3,3,0
S01011328,All people in households,697,524,291,233,173,88,85
S01011328,Born in the UK,678,512,283,229,166,84,82
S01011328,Born outside the UK: Total,19,12,8,4,7,4,3
S01011328,Born outside the UK: Resident less than 2 years,3,0,0,0,3,2,1
S01011328,Born outside the UK: Resident 2 years or more and less than 5 years,0,0,0,0,0,0,0
S01011328,Born outside the UK: Resident 5 years or more and less than 10 years,2,1,0,1,1,1,0
S01011328,Born outside the UK: Resident 10 years or more,14,11,8,3,3,1,2
S01011329,All people in households,914,698,349,349,216,67,149
S01011329,Born in the UK,869,666,334,332,203,64,139
S01011329,Born outside the UK: Total,45,32,15,17,13,3,10
S01011329,Born outside the UK: Resident less than 2 years,5,3,0,3,2,0,2
S01011329,Born outside the UK: Resident 2 years or more and less than 5 years,3,2,0,2,1,0,1
S01011329,Born outside the UK: Resident 5 years or more and less than 10 years,7,4,1,3,3,0,3
S01011329,Born outside the UK: Resident 10 years or more,30,23,14,9,7,3,4
S01011330,All people in households,754,696,321,375,58,25,33
S01011330,Born in the UK,732,678,312,366,54,24,30
S01011330,Born outside the UK: Total,22,18,9,9,4,1,3
S01011330,Born outside the UK: Resident less than 2 years,0,0,0,0,0,0,0
S01011330,Born outside the UK: Resident 2 years or more and less than 5 years,5,2,0,2,3,0,3
S01011330,Born outside the UK: Resident 5 years or more and less than 10 years,0,0,0,0,0,0,0
S01011330,Born outside the UK: Resident 10 years or more,17,16,9,7,1,1,0
S01011331,All people in households,745,717,354,363,28,6,22
S01011331,Born in the UK,727,700,347,353,27,6,21
S01011331,Born outside the UK: Total,18,17,7,10,1,0,1
S01011331,Born outside the UK: Resident less than 2 years,0,0,0,0,0,0,0
S01011331,Born outside the UK: Resident 2 years or more and less than 5 years,0,0,0,0,0,0,0
S01011331,Born outside the UK: Resident 5 years or more and less than 10 years,1,0,0,0,1,0,1
S01011331,Born outside the UK: Resident 10 years or more,17,17,7,10,0,0,0
S01011332,All people in households,863,803,407,396,60,7,53
S01011332,Born in the UK,840,785,399,386,55,7,48
S01011332,Born outside the UK: Total,23,18,8,10,5,0,5
S01011332,Born outside the UK: Resident less than 2 years,3,3,0,3,0,0,0
S01011332,Born outside the UK: Resident 2 years or more and less than 5 years,1,0,0,0,1,0,1
S01011332,Born outside the UK: Resident 5 years or more and less than 10 years,0,0,0,0,0,0,0
S01011332,Born outside the UK: Resident 10 years or more,19,15,8,7,4,0,4
S01011333,All people in households,733,662,421,241,71,10,61
S01011333,Born in the UK,705,639,409,230,66,9,57
S01011333,Born outside the UK: Total,28,23,12,11,5,1,4
S01011333,Born outside the UK: Resident less than 2 years,0,0,0,0,0,0,0
S01011333,Born outside the UK: Resident 2 years or more and less than 5 years,0,0,0,0,0,0,0
S01011333,Born outside the UK: Resident 5 years or more and less than 10 years,4,0,0,0,4,1,3
S01011333,Born outside the UK: Resident 10 years or more,24,23,12,11,1,0,1
S01011334,All people in households,706,563,297,266,143,50,93
S01011334,Born in the UK,688,548,289,259,140,48,92
S01011334,Born outside the UK: Total,18,15,8,7,3,2,1
S01011334,Born outside the UK: Resident less than 2 years,1,1,0,1,0,0,0
S01011334,Born outside the UK: Resident 2 years or more and less than 5 years,0,0,0,0,0,0,0
S01011334,Born outside the UK: Resident 5 years or more and less than 10 years,1,0,0,0,1,1,0
S01011334,Born outside the UK: Resident 10 years or more,16,14,8,6,2,1,1
S01011335,All people in households,934,823,437,386,111,13,98
S01011335,Born in the UK,891,784,421,363,107,12,95
S01011335,Born outside the UK: Total,43,39,16,23,4,1,3
S01011335,Born outside the UK: Resident less than 2 years,1,1,0,1,0,0,0
S01011335,Born outside the UK: Resident 2 years or more and less than 5 years,2,2,0,2,0,0,0
S01011335,Born outside the UK: Resident 5 years or more and less than 10 years,6,4,0,4,2,1,1
S01011335,Born outside the UK: Resident 10 years or more,34,32,16,16,2,0,2
S01011336,All people in households,617,445,140,305,172,96,76
S01011336,Born in the UK,597,431,139,292,166,94,72
S01011336,Born outside the UK: Total,20,14,1,13,6,2,4
S01011336,Born outside the UK: Resident less than 2 years,1,0,0,0,1,0,1
S01011336,Born outside the UK: Resident 2 years or more and less than 5 years,1,0,0,0,1,0,1
S01011336,Born outside the UK: Resident 5 years or more and less than 10 years,3,2,0,2,1,1,0
S01011336,Born outside the UK: Resident 10 years or more,15,12,1,11,3,1,2
S01011337,All people in households,682,622,283,339,60,23,37
S01011337,Born in the UK,653,600,272,328,53,21,32
S01011337,Born outside the UK: Total,29,22,11,11,7,2,5
S01011337,Born outside the UK: Resident less than 2 years,1,0,0,0,1,0,1
S01011337,Born outside the UK: Resident 2 years or more and less than 5 years,0,0,0,0,0,0,0
S01011337,Born outside the UK: Resident 5 years or more and less than 10 years,4,0,0,0,4,1,3
S01011337,Born outside the UK: Resident 10 years or more,24,22,11,11,2,1,1
S01011338,All people in households,660,448,127,321,212,166,46
S01011338,Born in the UK,650,440,123,317,210,165,45
S01011338,Born outside the UK: Total,10,8,4,4,2,1,1
S01011338,Born outside the UK: Resident less than 2 years,0,0,0,0,0,0,0
S01011338,Born outside the UK: Resident 2 years or more and less than 5 years,2,2,2,0,0,0,0
S01011338,Born outside the UK: Resident 5 years or more and less than 10 years,1,1,0,1,0,0,0
S01011338,Born outside the UK: Resident 10 years or more,7,5,2,3,2,1,1
S01011339,All people in households,560,316,107,209,244,224,20
S01011339,Born in the UK,546,303,105,198,243,223,20
S01011339,Born outside the UK: Total,14,13,2,11,1,1,0
S01011339,Born outside the UK: Resident less than 2 years,1,1,0,1,0,0,0
S01011339,Born outside the UK: Resident 2 years or more and less than 5 years,0,0,0,0,0,0,0
S01011339,Born outside the UK: Resident 5 years or more and less than 10 years,9,8,0,8,1,1,0
S01011339,Born outside the UK: Resident 10 years or more,4,4,2,2,0,0,0
S01011340,All people in households,694,306,126,180,388,362,26
S01011340,Born in the UK,683,299,124,175,384,359,25
S01011340,Born outside the UK: Total,11,7,2,5,4,3,1
S01011340,Born outside the UK: Resident less than 2 years,0,0,0,0,0,0,0
S01011340,Born outside the UK: Resident 2 years or more and less than 5 years,1,0,0,0,1,1,0
S01011340,Born outside the UK: Resident 5 years or more and less than 10 years,0,0,0,0,0,0,0
S01011340,Born outside the UK: Resident 10 years or more,10,7,2,5,3,2,1
S01011341,All people in households,721,405,126,279,316,221,95
S01011341,Born in the UK,700,397,125,272,303,219,84
S01011341,Born outside the UK: Total,21,8,1,7,13,2,11
S01011341,Born outside the UK: Resident less than 2 years,0,0,0,0,0,0,0
S01011341,Born outside the UK: Resident 2 years or more and less than 5 years,8,0,0,0,8,0,8
S01011341,Born outside the UK: Resident 5 years or more and less than 10 years,3,2,0,2,1,0,1
S01011341,Born outside the UK: Resident 10 years or more,10,6,1,5,4,2,2
S01011342,All people in households,702,531,168,363,171,63,108
S01011342,Born in the UK,690,526,167,359,164,60,104
S01011342,Born outside the UK: Total,12,5,1,4,7,3,4
S01011342,Born outside the UK: Resident less than 2 years,1,0,0,0,1,0,1
S01011342,Born outside the UK: Resident 2 years or more and less than 5 years,1,0,0,0,1,0,1
S01011342,Born outside the UK: Resident 5 years or more and less than 10 years,3,0,0,0,3,2,1
S01011342,Born outside the UK: Resident 10 years or more,7,5,1,4,2,1,1
S01011343,All people in households,826,453,148,305,373,322,51
S01011343,Born in the UK,812,446,146,300,366,316,50
S01011343,Born outside the UK: Total,14,7,2,5,7,6,1
S01011343,Born outside the UK: Resident less than 2 years,1,0,0,0,1,1,0
S01011343,Born outside the UK: Resident 2 years or more and less than 5 years,0,0,0,0,0,0,0
S01011343,Born outside the UK: Resident 5 years or more and less than 10 years,1,0,0,0,1,1,0
S01011343,Born outside the UK: Resident 10 years or more,12,7,2,5,5,4,1
S01011344,All people in households,883,399,122,277,484,456,28
S01011344,Born in the UK,869,392,121,271,477,450,27
S01011344,Born outside the UK: Total,14,7,1,6,7,6,1
S01011344,Born outside the UK: Resident less than 2 years,2,1,0,1,1,0,1
S01011344,Born outside the UK: Resident 2 years or more and less than 5 years,2,2,0,2,0,0,0
S01011344,Born outside the UK: Resident 5 years or more and less than 10 years,2,1,0,1,1,1,0
S01011344,Born outside the UK: Resident 10 years or more,8,3,1,2,5,5,0
S01011345,All people in households,794,289,77,212,505,476,29
S01011345,Born in the UK,779,284,74,210,495,467,28
S01011345,Born outside the UK: Total,15,5,3,2,10,9,1
S01011345,Born outside the UK: Resident less than 2 years,1,0,0,0,1,1,0
S01011345,Born outside the UK: Resident 2 years or more and less than 5 years,2,0,0,0,2,1,1
S01011345,Born outside the UK: Resident 5 years or more and less than 10 years,0,0,0,0,0,0,0
S01011345,Born outside the UK: Resident 10 years or more,12,5,3,2,7,7,0
S01011346,All people in households,678,446,141,305,232,182,50
S01011346,Born in the UK,669,441,138,303,228,179,49
S01011346,Born outside the UK: Total,9,5,3,2,4,3,1
S01011346,Born outside the UK: Resident less than 2 years,0,0,0,0,0,0,0
S01011346,Born outside the UK: Resident 2 years or more and less than 5 years,2,1,1,0,1,0,1
S01011346,Born outside the UK: Resident 5 years or more and less than 10 years,1,1,0,1,0,0,0
S01011346,Born outside the UK: Resident 10 years or more,6,3,2,1,3,3,0
S01011347,All people in households,1043,737,330,407,306,233,73
S01011347,Born in the UK,1022,728,322,406,294,231,63
S01011347,Born outside the UK: Total,21,9,8,1,12,2,10
S01011347,Born outside the UK: Resident less than 2 years,5,0,0,0,5,0,5
S01011347,Born outside the UK: Resident 2 years or more and less than 5 years,3,0,0,0,3,0,3
S01011347,Born outside the UK: Resident 5 years or more and less than 10 years,0,0,0,0,0,0,0
S01011347,Born outside the UK: Resident 10 years or more,13,9,8,1,4,2,2
S01011348,All people in households,921,464,153,311,457,412,45
S01011348,Born in the UK,905,457,149,308,448,409,39
S01011348,Born outside the UK: Total,16,7,4,3,9,3,6
S01011348,Born outside the UK: Resident less than 2 years,3,1,1,0,2,1,1
S01011348,Born outside the UK: Resident 2 years or more and less than 5 years,4,0,0,0,4,0,4
S01011348,Born outside the UK: Resident 5 years or more and less than 10 years,3,2,1,1,1,0,1
S01011348,Born outside the UK: Resident 10 years or more,6,4,2,2,2,2,0
S01011349,All people in households,923,859,226,633,64,19,45
S01011349,Born in the UK,906,845,218,627,61,17,44
S01011349,Born outside the UK: Total,17,14,8,6,3,2,1
S01011349,Born outside the UK: Resident less than 2 years,0,0,0,0,0,0,0
S01011349,Born outside the UK: Resident 2 years or more and less than 5 years,0,0,0,0,0,0,0
S01011349,Born outside the UK: Resident 5 years or more and less than 10 years,3,2,0,2,1,0,1
S01011349,Born outside the UK: Resident 10 years or more,14,12,8,4,2,2,0
S01011350,All people in households,658,610,272,338,48,25,23
S01011350,Born in the UK,643,596,268,328,47,24,23
S01011350,Born outside the UK: Total,15,14,4,10,1,1,0
S01011350,Born outside the UK: Resident less than 2 years,2,2,0,2,0,0,0
S01011350,Born outside the UK: Resident 2 years or more and less than 5 years,1,1,0,1,0,0,0
S01011350,Born outside the UK: Resident 5 years or more and less than 10 years,2,2,0,2,0,0,0
S01011350,Born outside the UK: Resident 10 years or more,10,9,4,5,1,1,0
S01011351,All people in households,696,318,100,218,378,328,50
S01011351,Born in the UK,680,307,98,209,373,325,48
S01011351,Born outside the UK: Total,16,11,2,9,5,3,2
S01011351,Born outside the UK: Resident less than 2 years,3,2,0,2,1,0,1
S01011351,Born outside the UK: Resident 2 years or more and less than 5 years,2,2,0,2,0,0,0
S01011351,Born outside the UK: Resident 5 years or more and less than 10 years,2,1,0,1,1,1,0
S01011351,Born outside the UK: Resident 10 years or more,9,6,2,4,3,2,1
S01011352,All people in households,635,431,137,294,204,129,75
S01011352,Born in the UK,623,426,137,289,197,126,71
S01011352,Born outside the UK: Total,12,5,0,5,7,3,4
S01011352,Born outside the UK: Resident less than 2 years,0,0,0,0,0,0,0
S01011352,Born outside the UK: Resident 2 years or more and less than 5 years,0,0,0,0,0,0,0
S01011352,Born outside the UK: Resident 5 years or more and less than 10 years,3,2,0,2,1,0,1
S01011352,Born outside the UK: Resident 10 years or more,9,3,0,3,6,3,3
S01011353,All people in households,610,406,149,257,204,179,25
S01011353,Born in the UK,600,400,147,253,200,175,25
S01011353,Born outside the UK: Total,10,6,2,4,4,4,0
S01011353,Born outside the UK: Resident less than 2 years,0,0,0,0,0,0,0
S01011353,Born outside the UK: Resident 2 years or more and less than 5 years,1,1,0,1,0,0,0
S01011353,Born outside the UK: Resident 5 years or more and less than 10 years,2,2,0,2,0,0,0
S01011353,Born outside the UK: Resident 10 years or more,7,3,2,1,4,4,0
S01011354,All people in households,730,596,230,366,134,107,27
S01011354,Born in the UK,711,578,224,354,133,107,26
S01011354,Born outside the UK: Total,19,18,6,12,1,0,1
S01011354,Born outside the UK: Resident less than 2 years,0,0,0,0,0,0,0
S01011354,Born outside the UK: Resident 2 years or more and less than 5 years,2,1,0,1,1,0,1
S01011354,Born outside the UK: Resident 5 years or more and less than 10 years,2,2,0,2,0,0,0
S01011354,Born outside the UK: Resident 10 years or more,15,15,6,9,0,0,0
S01011355,All people in households,927,623,236,387,304,253,51
S01011355,Born in the UK,912,613,234,379,299,251,48
S01011355,Born outside the UK: Total,15,10,2,8,5,2,3
S01011355,Born outside the UK: Resident less than 2 years,3,0,0,0,3,0,3
S01011355,Born outside the UK: Resident 2 years or more and less than 5 years,2,2,0,2,0,0,0
S01011355,Born outside the UK: Resident 5 years or more and less than 10 years,1,1,0,1,0,0,0
S01011355,Born outside the UK: Resident 10 years or more,9,7,2,5,2,2,0
S01011356,All people in households,962,838,345,493,124,62,62
S01011356,Born in the UK,937,820,339,481,117,62,55
S01011356,Born outside the UK: Total,25,18,6,12,7,0,7
S01011356,Born outside the UK: Resident less than 2 years,5,3,3,0,2,0,2
S01011356,Born outside the UK: Resident 2 years or more and less than 5 years,3,0,0,0,3,0,3
S01011356,Born outside the UK: Resident 5 years or more and less than 10 years,5,5,0,5,0,0,0
S01011356,Born outside the UK: Resident 10 years or more,12,10,3,7,2,0,2
S01011357,All people in households,852,642,246,396,210,173,37
S01011357,Born in the UK,842,638,244,394,204,171,33
S01011357,Born outside the UK: Total,10,4,2,2,6,2,4
S01011357,Born outside the UK: Resident less than 2 years,0,0,0,0,0,0,0
S01011357,Born outside the UK: Resident 2 years or more and less than 5 years,2,0,0,0,2,0,2
S01011357,Born outside the UK: Resident 5 years or more and less than 10 years,2,0,0,0,2,1,1
S01011357,Born outside the UK: Resident 10 years or more,6,4,2,2,2,1,1
S01011358,All people in households,547,496,60,436,51,9,42
S01011358,Born in the UK,537,489,60,429,48,9,39
S01011358,Born outside the UK: Total,10,7,0,7,3,0,3
S01011358,Born outside the UK: Resident less than 2 years,0,0,0,0,0,0,0
S01011358,Born outside the UK: Resident 2 years or more and less than 5 years,0,0,0,0,0,0,0
S01011358,Born outside the UK: Resident 5 years or more and less than 10 years,3,1,0,1,2,0,2
S01011358,Born outside the UK: Resident 10 years or more,7,6,0,6,1,0,1
S01011359,All people in households,737,487,205,282,250,193,57
S01011359,Born in the UK,725,480,203,277,245,192,53
S01011359,Born outside the UK: Total,12,7,2,5,5,1,4
S01011359,Born outside the UK: Resident less than 2 years,1,1,0,1,0,0,0
S01011359,Born outside the UK: Resident 2 years or more and less than 5 years,2,0,0,0,2,0,2
S01011359,Born outside the UK: Resident 5 years or more and less than 10 years,4,3,0,3,1,0,1
S01011359,Born outside the UK: Resident 10 years or more,5,3,2,1,2,1,1
S01011360,All people in households,756,170,39,131,586,563,23
S01011360,Born in the UK,646,151,36,115,495,479,16
S01011360,Born outside the UK: Total,110,19,3,16,91,84,7
S01011360,Born outside the UK: Resident less than 2 years,19,5,0,5,14,14,0
S01011360,Born outside the UK: Resident 2 years or more and less than 5 years,60,9,1,8,51,45,6
S01011360,Born outside the UK: Resident 5 years or more and less than 10 years,23,2,1,1,21,21,0
S01011360,Born outside the UK: Resident 10 years or more,8,3,1,2,5,4,1
S01011361,All people in households,537,44,12,32,493,492,1
S01011361,Born in the UK,452,23,5,18,429,429,0
S01011361,Born outside the UK: Total,85,21,7,14,64,63,1
S01011361,Born outside the UK: Resident less than 2 years,24,6,5,1,18,18,0
S01011361,Born outside the UK: Resident 2 years or more and less than 5 years,45,8,1,7,37,36,1
S01011361,Born outside the UK: Resident 5 years or more and less than 10 years,8,4,0,4,4,4,0
S01011361,Born outside the UK: Resident 10 years or more,8,3,1,2,5,5,0
S01011362,All people in households,555,516,111,405,39,28,11
S01011362,Born in the UK,522,489,106,383,33,24,9
S01011362,Born outside the UK: Total,33,27,5,22,6,4,2
S01011362,Born outside the UK: Resident less than 2 years,2,2,0,2,0,0,0
S01011362,Born outside the UK: Resident 2 years or more and less than 5 years,13,8,0,8,5,4,1
S01011362,Born outside the UK: Resident 5 years or more and less than 10 years,6,5,0,5,1,0,1
S01011362,Born outside the UK: Resident 10 years or more,12,12,5,7,0,0,0
S01011363,All people in households,870,553,218,335,317,249,68
S01011363,Born in the UK,853,543,216,327,310,242,68
S01011363,Born outside the UK: Total,17,10,2,8,7,7,0
S01011363,Born outside the UK: Resident less than 2 years,1,1,1,0,0,0,0
S01011363,Born outside the UK: Resident 2 years or more and less than 5 years,2,1,0,1,1,1,0
S01011363,Born outside the UK: Resident 5 years or more and less than 10 years,5,1,0,1,4,4,0
S01011363,Born outside the UK: Resident 10 years or more,9,7,1,6,2,2,0
S01011364,All people in households,659,527,122,405,132,90,42
S01011364,Born in the UK,649,522,121,401,127,86,41
S01011364,Born outside the UK: Total,10,5,1,4,5,4,1
S01011364,Born outside the UK: Resident less than 2 years,0,0,0,0,0,0,0
S01011364,Born outside the UK: Resident 2 years or more and less than 5 years,5,2,0,2,3,3,0
S01011364,Born outside the UK: Resident 5 years or more and less than 10 years,1,0,0,0,1,1,0
S01011364,Born outside the UK: Resident 10 years or more,4,3,1,2,1,0,1
S01011365,All people in households,648,588,66,522,60,33,27
S01011365,Born in the UK,636,578,62,516,58,32,26
S01011365,Born outside the UK: Total,12,10,4,6,2,1,1
S01011365,Born outside the UK: Resident less than 2 years,0,0,0,0,0,0,0
S01011365,Born outside the UK: Resident 2 years or more and less than 5 years,2,1,0,1,1,1,0
S01011365,Born outside the UK: Resident 5 years or more and less than 10 years,2,2,0,2,0,0,0
S01011365,Born outside the UK: Resident 10 years or more,8,7,4,3,1,0,1
S01011366,All people in households,433,296,107,189,137,110,27
S01011366,Born in the UK,428,294,106,188,134,110,24
S01011366,Born outside the UK: Total,5,2,1,1,3,0,3
S01011366,Born outside the UK: Resident less than 2 years,1,0,0,0,1,0,1
S01011366,Born outside the UK: Resident 2 years or more and less than 5 years,2,1,0,1,1,0,1
S01011366,Born outside the UK: Resident 5 years or more and less than 10 years,1,0,0,0,1,0,1
S01011366,Born outside the UK: Resident 10 years or more,1,1,1,0,0,0,0
S01011367,All people in households,840,487,160,327,353,308,45
S01011367,Born in the UK,827,479,160,319,348,304,44
S01011367,Born outside the UK: Total,13,8,0,8,5,4,1
S01011367,Born outside the UK: Resident less than 2 years,0,0,0,0,0,0,0
S01011367,Born outside the UK: Resident 2 years or more and less than 5 years,5,3,0,3,2,2,0
S01011367,Born outside the UK: Resident 5 years or more and less than 10 years,1,0,0,0,1,0,1
S01011367,Born outside the UK: Resident 10 years or more,7,5,0,5,2,2,0
S01011368,All people in households,843,707,79,628,136,19,117
S01011368,Born in the UK,803,681,73,608,122,16,106
S01011368,Born outside the UK: Total,40,26,6,20,14,3,11
S01011368,Born outside the UK: Resident less than 2 years,6,3,2,1,3,2,1
S01011368,Born outside the UK: Resident 2 years or more and less than 5 years,6,1,0,1,5,0,5
S01011368,Born outside the UK: Resident 5 years or more and less than 10 years,11,6,0,6,5,1,4
S01011368,Born outside the UK: Resident 10 years or more,17,16,4,12,1,0,1
S01011369,All people in households,811,520,171,349,291,276,15
S01011369,Born in the UK,774,497,169,328,277,262,15
S01011369,Born outside the UK: Total,37,23,2,21,14,14,0
S01011369,Born outside the UK: Resident less than 2 years,3,1,0,1,2,2,0
S01011369,Born outside the UK: Resident 2 years or more and less than 5 years,15,6,0,6,9,9,0
S01011369,Born outside the UK: Resident 5 years or more and less than 10 years,11,8,0,8,3,3,0
S01011369,Born outside the UK: Resident 10 years or more,8,8,2,6,0,0,0
S01011370,All people in households,811,605,71,534,206,138,68
S01011370,Born in the UK,778,584,68,516,194,133,61
S01011370,Born outside the UK: Total,33,21,3,18,12,5,7
S01011370,Born outside the UK: Resident less than 2 years,5,0,0,0,5,0,5
S01011370,Born outside the UK: Resident 2 years or more and less than 5 years,6,2,0,2,4,3,1
S01011370,Born outside the UK: Resident 5 years or more and less than 10 years,7,4,0,4,3,2,1
S01011370,Born outside the UK: Resident 10 years or more,15,15,3,12,0,0,0
S01011371,All people in households,925,269,55,214,656,632,24
S01011371,Born in the UK,881,254,53,201,627,604,23
S01011371,Born outside the UK: Total,44,15,2,13,29,28,1
S01011371,Born outside the UK: Resident less than 2 years,7,4,0,4,3,2,1
S01011371,Born outside the UK: Resident 2 years or more and less than 5 years,9,1,0,1,8,8,0
S01011371,Born outside the UK: Resident 5 years or more and less than 10 years,10,2,0,2,8,8,0
S01011371,Born outside the UK: Resident 10 years or more,18,8,2,6,10,10,0
S01011372,All people in households,667,82,32,50,585,570,15
S01011372,Born in the UK,613,77,32,45,536,530,6
S01011372,Born outside the UK: Total,54,5,0,5,49,40,9
S01011372,Born outside the UK: Resident less than 2 years,11,0,0,0,11,8,3
S01011372,Born outside the UK: Resident 2 years or more and less than 5 years,26,0,0,0,26,24,2
S01011372,Born outside the UK: Resident 5 years or more and less than 10 years,9,4,0,4,5,2,3
S01011372,Born outside the UK: Resident 10 years or more,8,1,0,1,7,6,1
S01011373,All people in households,674,191,53,138,483,457,26
S01011373,Born in the UK,649,185,52,133,464,440,24
S01011373,Born outside the UK: Total,25,6,1,5,19,17,2
S01011373,Born outside the UK: Resident less than 2 years,6,0,0,0,6,4,2
S01011373,Born outside the UK: Resident 2 years or more and less than 5 years,6,1,0,1,5,5,0
S01011373,Born outside the UK: Resident 5 years or more and less than 10 years,0,0,0,0,0,0,0
S01011373,Born outside the UK: Resident 10 years or more,13,5,1,4,8,8,0
S01011374,All people in households,694,519,44,475,175,111,64
S01011374,Born in the UK,674,507,44,463,167,106,61
S01011374,Born outside the UK: Total,20,12,0,12,8,5,3
S01011374,Born outside the UK: Resident less than 2 years,1,0,0,0,1,1,0
S01011374,Born outside the UK: Resident 2 years or more and less than 5 years,3,0,0,0,3,3,0
S01011374,Born outside the UK: Resident 5 years or more and less than 10 years,4,4,0,4,0,0,0
S01011374,Born outside the UK: Resident 10 years or more,12,8,0,8,4,1,3
S01011375,All people in households,645,412,149,263,233,221,12
S01011375,Born in the UK,624,400,148,252,224,215,9
S01011375,Born outside the UK: Total,21,12,1,11,9,6,3
S01011375,Born outside the UK: Resident less than 2 years,1,1,0,1,0,0,0
S01011375,Born outside the UK: Resident 2 years or more and less than 5 years,2,1,0,1,1,0,1
S01011375,Born outside the UK: Resident 5 years or more and less than 10 years,4,1,0,1,3,1,2
S01011375,Born outside the UK: Resident 10 years or more,14,9,1,8,5,5,0
S01011376,All people in households,475,40,15,25,435,427,8
S01011376,Born in the UK,463,38,15,23,425,417,8
S01011376,Born outside the UK: Total,12,2,0,2,10,10,0
S01011376,Born outside the UK: Resident less than 2 years,0,0,0,0,0,0,0
S01011376,Born outside the UK: Resident 2 years or more and less than 5 years,1,0,0,0,1,1,0
S01011376,Born outside the UK: Resident 5 years or more and less than 10 years,2,1,0,1,1,1,0
S01011376,Born outside the UK: Resident 10 years or more,9,1,0,1,8,8,0
S01011377,All people in households,594,531,218,313,63,40,23
S01011377,Born in the UK,580,526,216,310,54,35,19
S01011377,Born outside the UK: Total,14,5,2,3,9,5,4
S01011377,Born outside the UK: Resident less than 2 years,1,0,0,0,1,1,0
S01011377,Born outside the UK: Resident 2 years or more and less than 5 years,1,0,0,0,1,1,0
S01011377,Born outside the UK: Resident 5 years or more and less than 10 years,4,0,0,0,4,0,4
S01011377,Born outside the UK: Resident 10 years or more,8,5,2,3,3,3,0
S01011378,All people in households,793,630,250,380,163,124,39
S01011378,Born in the UK,781,624,250,374,157,121,36
S01011378,Born outside the UK: Total,12,6,0,6,6,3,3
S01011378,Born outside the UK: Resident less than 2 years,1,1,0,1,0,0,0
S01011378,Born outside the UK: Resident 2 years or more and less than 5 years,0,0,0,0,0,0,0
S01011378,Born outside the UK: Resident 5 years or more and less than 10 years,2,1,0,1,1,0,1
S01011378,Born outside the UK: Resident 10 years or more,9,4,0,4,5,3,2
S01011379,All people in households,902,824,226,598,78,28,50
S01011379,Born in the UK,881,809,223,586,72,27,45
S01011379,Born outside the UK: Total,21,15,3,12,6,1,5
S01011379,Born outside the UK: Resident less than 2 years,0,0,0,0,0,0,0
S01011379,Born outside the UK: Resident 2 years or more and less than 5 years,2,0,0,0,2,0,2
S01011379,Born outside the UK: Resident 5 years or more and less than 10 years,8,5,0,5,3,0,3
S01011379,Born outside the UK: Resident 10 years or more,11,10,3,7,1,1,0
S01011380,All people in households,665,392,134,258,273,197,76
S01011380,Born in the UK,627,382,131,251,245,185,60
S01011380,Born outside the UK: Total,38,10,3,7,28,12,16
S01011380,Born outside the UK: Resident less than 2 years,6,0,0,0,6,2,4
S01011380,Born outside the UK: Resident 2 years or more and less than 5 years,13,0,0,0,13,4,9
S01011380,Born outside the UK: Resident 5 years or more and less than 10 years,5,1,0,1,4,2,2
S01011380,Born outside the UK: Resident 10 years or more,14,9,3,6,5,4,1
S01011381,All people in households,617,462,157,305,155,86,69
S01011381,Born in the UK,589,450,152,298,139,79,60
S01011381,Born outside the UK: Total,28,12,5,7,16,7,9
S01011381,Born outside the UK: Resident less than 2 years,1,0,0,0,1,0,1
S01011381,Born outside the UK: Resident 2 years or more and less than 5 years,12,2,0,2,10,2,8
S01011381,Born outside the UK: Resident 5 years or more and less than 10 years,1,0,0,0,1,1,0
S01011381,Born outside the UK: Resident 10 years or more,14,10,5,5,4,4,0
S01011382,All people in households,531,197,41,156,334,202,132
S01011382,Born in the UK,500,188,38,150,312,193,119
S01011382,Born outside the UK: Total,31,9,3,6,22,9,13
S01011382,Born outside the UK: Resident less than 2 years,7,1,0,1,6,0,6
S01011382,Born outside the UK: Resident 2 years or more and less than 5 years,14,4,3,1,10,6,4
S01011382,Born outside the UK: Resident 5 years or more and less than 10 years,10,4,0,4,6,3,3
S01011382,Born outside the UK: Resident 10 years or more,0,0,0,0,0,0,0
S01011383,All people in households,686,199,64,135,487,444,43
S01011383,Born in the UK,678,199,64,135,479,436,43
S01011383,Born outside the UK: Total,8,0,0,0,8,8,0
S01011383,Born outside the UK: Resident less than 2 years,1,0,0,0,1,1,0
S01011383,Born outside the UK: Resident 2 years or more and less than 5 years,1,0,0,0,1,1,0
S01011383,Born outside the UK: Resident 5 years or more and less than 10 years,2,0,0,0,2,2,0
S01011383,Born outside the UK: Resident 10 years or more,4,0,0,0,4,4,0
S01011384,All people in households,734,142,38,104,592,578,14
S01011384,Born in the UK,724,137,38,99,587,573,14
S01011384,Born outside the UK: Total,10,5,0,5,5,5,0
S01011384,Born outside the UK: Resident less than 2 years,0,0,0,0,0,0,0
S01011384,Born outside the UK: Resident 2 years or more and less than 5 years,5,0,0,0,5,5,0
S01011384,Born outside the UK: Resident 5 years or more and less than 10 years,5,5,0,5,0,0,0
S01011384,Born outside the UK: Resident 10 years or more,0,0,0,0,0,0,0
S01011385,All people in households,957,369,130,239,588,544,44
S01011385,Born in the UK,945,365,130,235,580,538,42
S01011385,Born outside the UK: Total,12,4,0,4,8,6,2
S01011385,Born outside the UK: Resident less than 2 years,3,1,0,1,2,0,2
S01011385,Born outside the UK: Resident 2 years or more and less than 5 years,1,0,0,0,1,1,0
S01011385,Born outside the UK: Resident 5 years or more and less than 10 years,1,0,0,0,1,1,0
S01011385,Born outside the UK: Resident 10 years or more,7,3,0,3,4,4,0
S01011386,All people in households,588,161,33,128,427,396,31
S01011386,Born in the UK,584,158,32,126,426,396,30
S01011386,Born outside the UK: Total,4,3,1,2,1,0,1
S01011386,Born outside the UK: Resident less than 2 years,0,0,0,0,0,0,0
S01011386,Born outside the UK: Resident 2 years or more and less than 5 years,0,0,0,0,0,0,0
S01011386,Born outside the UK: Resident 5 years or more and less than 10 years,0,0,0,0,0,0,0
S01011386,Born outside the UK: Resident 10 years or more,4,3,1,2,1,0,1
S01011387,All people in households,810,309,54,255,501,418,83
S01011387,Born in the UK,781,298,53,245,483,413,70
S01011387,Born outside the UK: Total,29,11,1,10,18,5,13
S01011387,Born outside the UK: Resident less than 2 years,3,0,0,0,3,0,3
S01011387,Born outside the UK: Resident 2 years or more and less than 5 years,7,2,0,2,5,0,5
S01011387,Born outside the UK: Resident 5 years or more and less than 10 years,9,4,0,4,5,1,4
S01011387,Born outside the UK: Resident 10 years or more,10,5,1,4,5,4,1
S01011388,All people in households,1083,833,92,741,250,152,98
S01011388,Born in the UK,1050,817,91,726,233,142,91
S01011388,Born outside the UK: Total,33,16,1,15,17,10,7
S01011388,Born outside the UK: Resident less than 2 years,2,0,0,0,2,0,2
S01011388,Born outside the UK: Resident 2 years or more and less than 5 years,7,2,0,2,5,3,2
S01011388,Born outside the UK: Resident 5 years or more and less than 10 years,10,9,0,9,1,1,0
S01011388,Born outside the UK: Resident 10 years or more,14,5,1,4,9,6,3
S01011389,All people in households,761,326,73,253,435,288,147
S01011389,Born in the UK,743,321,73,248,422,286,136
S01011389,Born outside the UK: Total,18,5,0,5,13,2,11
S01011389,Born outside the UK: Resident less than 2 years,2,1,0,1,1,0,1
S01011389,Born outside the UK: Resident 2 years or more and less than 5 years,5,0,0,0,5,0,5
S01011389,Born outside the UK: Resident 5 years or more and less than 10 years,3,0,0,0,3,0,3
S01011389,Born outside the UK: Resident 10 years or more,8,4,0,4,4,2,2
S01011390,All people in households,815,408,149,259,407,379,28
S01011390,Born in the UK,808,402,148,254,406,378,28
S01011390,Born outside the UK: Total,7,6,1,5,1,1,0
S01011390,Born outside the UK: Resident less than 2 years,0,0,0,0,0,0,0
S01011390,Born outside the UK: Resident 2 years or more and less than 5 years,0,0,0,0,0,0,0
S01011390,Born outside the UK: Resident 5 years or more and less than 10 years,3,3,0,3,0,0,0
S01011390,Born outside the UK: Resident 10 years or more,4,3,1,2,1,1,0
S01011391,All people in households,645,306,83,223,339,311,28
S01011391,Born in the UK,635,300,81,219,335,308,27
S01011391,Born outside the UK: Total,10,6,2,4,4,3,1
S01011391,Born outside the UK: Resident less than 2 years,1,0,0,0,1,0,1
S01011391,Born outside the UK: Resident 2 years or more and less than 5 years,2,1,0,1,1,1,0
S01011391,Born outside the UK: Resident 5 years or more and less than 10 years,2,2,0,2,0,0,0
S01011391,Born outside the UK: Resident 10 years or more,5,3,2,1,2,2,0
S01011392,All people in households,680,284,69,215,396,368,28
S01011392,Born in the UK,664,278,68,210,386,364,22
S01011392,Born outside the UK: Total,16,6,1,5,10,4,6
S01011392,Born outside the UK: Resident less than 2 years,6,0,0,0,6,0,6
S01011392,Born outside the UK: Resident 2 years or more and less than 5 years,3,3,0,3,0,0,0
S01011392,Born outside the UK: Resident 5 years or more and less than 10 years,1,0,0,0,1,1,0
S01011392,Born outside the UK: Resident 10 years or more,6,3,1,2,3,3,0
S01011393,All people in households,823,558,194,364,265,225,40
S01011393,Born in the UK,810,550,189,361,260,223,37
S01011393,Born outside the UK: Total,13,8,5,3,5,2,3
S01011393,Born outside the UK: Resident less than 2 years,0,0,0,0,0,0,0
S01011393,Born outside the UK: Resident 2 years or more and less than 5 years,2,0,0,0,2,0,2
S01011393,Born outside the UK: Resident 5 years or more and less than 10 years,4,2,2,0,2,2,0
S01011393,Born outside the UK: Resident 10 years or more,7,6,3,3,1,0,1
S01011394,All people in households,613,541,39,502,72,53,19
S01011394,Born in the UK,601,532,39,493,69,52,17
S01011394,Born outside the UK: Total,12,9,0,9,3,1,2
S01011394,Born outside the UK: Resident less than 2 years,0,0,0,0,0,0,0
S01011394,Born outside the UK: Resident 2 years or more and less than 5 years,2,0,0,0,2,0,2
S01011394,Born outside the UK: Resident 5 years or more and less than 10 years,0,0,0,0,0,0,0
S01011394,Born outside the UK: Resident 10 years or more,10,9,0,9,1,1,0
S01011395,All people in households,737,336,120,216,401,315,86
S01011395,Born in the UK,723,331,117,214,392,310,82
S01011395,Born outside the UK: Total,14,5,3,2,9,5,4
S01011395,Born outside the UK: Resident less than 2 years,2,1,1,0,1,0,1
S01011395,Born outside the UK: Resident 2 years or more and less than 5 years,3,1,1,0,2,1,1
S01011395,Born outside the UK: Resident 5 years or more and less than 10 years,3,0,0,0,3,2,1
S01011395,Born outside the UK: Resident 10 years or more,6,3,1,2,3,2,1
S01011396,All people in households,762,396,141,255,366,308,58
S01011396,Born in the UK,744,393,140,253,351,298,53
S01011396,Born outside the UK: Total,18,3,1,2,15,10,5
S01011396,Born outside the UK: Resident less than 2 years,3,0,0,0,3,1,2
S01011396,Born outside the UK: Resident 2 years or more and less than 5 years,11,1,1,0,10,7,3
S01011396,Born outside the UK: Resident 5 years or more and less than 10 years,2,1,0,1,1,1,0
S01011396,Born outside the UK: Resident 10 years or more,2,1,0,1,1,1,0
S01011397,All people in households,736,379,111,268,357,309,48
S01011397,Born in the UK,712,369,107,262,343,298,45
S01011397,Born outside the UK: Total,24,10,4,6,14,11,3
S01011397,Born outside the UK: Resident less than 2 years,1,0,0,0,1,0,1
S01011397,Born outside the UK: Resident 2 years or more and less than 5 years,8,0,0,0,8,7,1
S01011397,Born outside the UK: Resident 5 years or more and less than 10 years,2,1,1,0,1,0,1
S01011397,Born outside the UK: Resident 10 years or more,13,9,3,6,4,4,0
S01011398,All people in households,775,336,88,248,439,392,47
S01011398,Born in the UK,762,330,86,244,432,388,44
S01011398,Born outside the UK: Total,13,6,2,4,7,4,3
S01011398,Born outside the UK: Resident less than 2 years,0,0,0,0,0,0,0
S01011398,Born outside the UK: Resident 2 years or more and less than 5 years,2,0,0,0,2,0,2
S01011398,Born outside the UK: Resident 5 years or more and less than 10 years,7,3,0,3,4,4,0
S01011398,Born outside the UK: Resident 10 years or more,4,3,2,1,1,0,1
S01011399,All people in households,508,218,59,159,290,267,23
S01011399,Born in the UK,503,218,59,159,285,263,22
S01011399,Born outside the UK: Total,5,0,0,0,5,4,1
S01011399,Born outside the UK: Resident less than 2 years,0,0,0,0,0,0,0
S01011399,Born outside the UK: Resident 2 years or more and less than 5 years,4,0,0,0,4,3,1
S01011399,Born outside the UK: Resident 5 years or more and less than 10 years,0,0,0,0,0,0,0
S01011399,Born outside the UK: Resident 10 years or more,1,0,0,0,1,1,0
S01011400,All people in households,668,403,121,282,265,140,125
S01011400,Born in the UK,645,395,119,276,250,135,115
S01011400,Born outside the UK: Total,23,8,2,6,15,5,10
S01011400,Born outside the UK: Resident less than 2 years,0,0,0,0,0,0,0
S01011400,Born outside the UK: Resident 2 years or more and less than 5 years,8,0,0,0,8,2,6
S01011400,Born outside the UK: Resident 5 years or more and less than 10 years,5,2,0,2,3,0,3
S01011400,Born outside the UK: Resident 10 years or more,10,6,2,4,4,3,1
S01011401,All people in households,614,445,121,324,169,139,30
S01011401,Born in the UK,608,440,119,321,168,138,30
S01011401,Born outside the UK: Total,6,5,2,3,1,1,0
S01011401,Born outside the UK: Resident less than 2 years,2,2,1,1,0,0,0
S01011401,Born outside the UK: Resident 2 years or more and less than 5 years,0,0,0,0,0,0,0
S01011401,Born outside the UK: Resident 5 years or more and less than 10 years,0,0,0,0,0,0,0
S01011401,Born outside the UK: Resident 10 years or more,4,3,1,2,1,1,0
S01011402,All people in households,954,725,359,366,229,162,67
S01011402,Born in the UK,916,700,347,353,216,159,57
S01011402,Born outside the UK: Total,38,25,12,13,13,3,10
S01011402,Born outside the UK: Resident less than 2 years,4,2,0,2,2,0,2
S01011402,Born outside the UK: Resident 2 years or more and less than 5 years,6,0,0,0,6,1,5
S01011402,Born outside the UK: Resident 5 years or more and less than 10 years,3,1,0,1,2,0,2
S01011402,Born outside the UK: Resident 10 years or more,25,22,12,10,3,2,1
S01011403,All people in households,534,357,81,276,177,130,47
S01011403,Born in the UK,503,341,79,262,162,119,43
S01011403,Born outside the UK: Total,31,16,2,14,15,11,4
S01011403,Born outside the UK: Resident less than 2 years,4,1,0,1,3,1,2
S01011403,Born outside the UK: Resident 2 years or more and less than 5 years,3,2,0,2,1,1,0
S01011403,Born outside the UK: Resident 5 years or more and less than 10 years,11,5,0,5,6,6,0
S01011403,Born outside the UK: Resident 10 years or more,13,8,2,6,5,3,2
S01011404,All people in households,924,537,177,360,387,324,63
S01011404,Born in the UK,902,526,173,353,376,320,56
S01011404,Born outside the UK: Total,22,11,4,7,11,4,7
S01011404,Born outside the UK: Resident less than 2 years,1,0,0,0,1,0,1
S01011404,Born outside the UK: Resident 2 years or more and less than 5 years,6,1,0,1,5,0,5
S01011404,Born outside the UK: Resident 5 years or more and less than 10 years,2,1,0,1,1,1,0
S01011404,Born outside the UK: Resident 10 years or more,13,9,4,5,4,3,1
S01011405,All people in households,635,453,194,259,182,151,31
S01011405,Born in the UK,619,443,191,252,176,147,29
S01011405,Born outside the UK: Total,16,10,3,7,6,4,2
S01011405,Born outside the UK: Resident less than 2 years,1,0,0,0,1,0,1
S01011405,Born outside the UK: Resident 2 years or more and less than 5 years,4,0,0,0,4,3,1
S01011405,Born outside the UK: Resident 5 years or more and less than 10 years,3,2,0,2,1,1,0
S01011405,Born outside the UK: Resident 10 years or more,8,8,3,5,0,0,0
S01011406,All people in households,643,420,161,259,223,183,40
S01011406,Born in the UK,631,415,159,256,216,180,36
S01011406,Born outside the UK: Total,12,5,2,3,7,3,4
S01011406,Born outside the UK: Resident less than 2 years,3,1,1,0,2,0,2
S01011406,Born outside the UK: Resident 2 years or more and less than 5 years,1,0,0,0,1,0,1
S01011406,Born outside the UK: Resident 5 years or more and less than 10 years,1,0,0,0,1,0,1
S01011406,Born outside the UK: Resident 10 years or more,7,4,1,3,3,3,0
S01011407,All people in households,1105,830,323,507,275,208,67
S01011407,Born in the UK,1076,812,318,494,264,199,65
S01011407,Born outside the UK: Total,29,18,5,13,11,9,2
S01011407,Born outside the UK: Resident less than 2 years,1,0,0,0,1,1,0
S01011407,Born outside the UK: Resident 2 years or more and less than 5 years,8,2,0,2,6,5,1
S01011407,Born outside the UK: Resident 5 years or more and less than 10 years,3,2,0,2,1,1,0
S01011407,Born outside the UK: Resident 10 years or more,17,14,5,9,3,2,1
S01011408,All people in households,827,512,152,360,315,268,47
S01011408,Born in the UK,816,506,149,357,310,267,43
S01011408,Born outside the UK: Total,11,6,3,3,5,1,4
S01011408,Born outside the UK: Resident less than 2 years,4,0,0,0,4,0,4
S01011408,Born outside the UK: Resident 2 years or more and less than 5 years,1,1,1,0,0,0,0
S01011408,Born outside the UK: Resident 5 years or more and less than 10 years,0,0,0,0,0,0,0
S01011408,Born outside the UK: Resident 10 years or more,6,5,2,3,1,1,0
S01011409,All people in households,839,351,71,280,488,458,30
S01011409,Born in the UK,819,336,65,271,483,453,30
S01011409,Born outside the UK: Total,20,15,6,9,5,5,0
S01011409,Born outside the UK: Resident less than 2 years,2,0,0,0,2,2,0
S01011409,Born outside the UK: Resident 2 years or more and less than 5 years,1,1,0,1,0,0,0
S01011409,Born outside the UK: Resident 5 years or more and less than 10 years,2,2,0,2,0,0,0
S01011409,Born outside the UK: Resident 10 years or more,15,12,6,6,3,3,0
S01011410,All people in households,628,402,163,239,226,210,16
S01011410,Born in the UK,620,396,159,237,224,209,15
S01011410,Born outside the UK: Total,8,6,4,2,2,1,1
S01011410,Born outside the UK: Resident less than 2 years,0,0,0,0,0,0,0
S01011410,Born outside the UK: Resident 2 years or more and less than 5 years,3,2,0,2,1,0,1
S01011410,Born outside the UK: Resident 5 years or more and less than 10 years,0,0,0,0,0,0,0
S01011410,Born outside the UK: Resident 10 years or more,5,4,4,0,1,1,0
S01011411,All people in households,678,466,128,338,212,188,24
S01011411,Born in the UK,669,460,127,333,209,186,23
S01011411,Born outside the UK: Total,9,6,1,5,3,2,1
S01011411,Born outside the UK: Resident less than 2 years,0,0,0,0,0,0,0
S01011411,Born outside the UK: Resident 2 years or more and less than 5 years,1,0,0,0,1,1,0
S01011411,Born outside the UK: Resident 5 years or more and less than 10 years,4,4,0,4,0,0,0
S01011411,Born outside the UK: Resident 10 years or more,4,2,1,1,2,1,1
S01011412,All people in households,860,812,364,448,48,44,4
S01011412,Born in the UK,847,800,357,443,47,44,3
S01011412,Born outside the UK: Total,13,12,7,5,1,0,1
S01011412,Born outside the UK: Resident less than 2 years,0,0,0,0,0,0,0
S01011412,Born outside the UK: Resident 2 years or more and less than 5 years,0,0,0,0,0,0,0
S01011412,Born outside the UK: Resident 5 years or more and less than 10 years,0,0,0,0,0,0,0
S01011412,Born outside the UK: Resident 10 years or more,13,12,7,5,1,0,1
S01011413,All people in households,560,509,98,411,51,15,36
S01011413,Born in the UK,540,494,93,401,46,15,31
S01011413,Born outside the UK: Total,20,15,5,10,5,0,5
S01011413,Born outside the UK: Resident less than 2 years,3,3,0,3,0,0,0
S01011413,Born outside the UK: Resident 2 years or more and less than 5 years,1,0,0,0,1,0,1
S01011413,Born outside the UK: Resident 5 years or more and less than 10 years,6,3,0,3,3,0,3
S01011413,Born outside the UK: Resident 10 years or more,10,9,5,4,1,0,1
S01011414,All people in households,827,479,156,323,348,282,66
S01011414,Born in the UK,797,463,150,313,334,274,60
S01011414,Born outside the UK: Total,30,16,6,10,14,8,6
S01011414,Born outside the UK: Resident less than 2 years,4,0,0,0,4,4,0
S01011414,Born outside the UK: Resident 2 years or more and less than 5 years,5,0,0,0,5,2,3
S01011414,Born outside the UK: Resident 5 years or more and less than 10 years,4,3,0,3,1,0,1
S01011414,Born outside the UK: Resident 10 years or more,17,13,6,7,4,2,2
S01011415,All people in households,866,696,182,514,170,136,34
S01011415,Born in the UK,857,688,180,508,169,136,33
S01011415,Born outside the UK: Total,9,8,2,6,1,0,1
S01011415,Born outside the UK: Resident less than 2 years,0,0,0,0,0,0,0
S01011415,Born outside the UK: Resident 2 years or more and less than 5 years,1,1,0,1,0,0,0
S01011415,Born outside the UK: Resident 5 years or more and less than 10 years,0,0,0,0,0,0,0
S01011415,Born outside the UK: Resident 10 years or more,8,7,2,5,1,0,1
S01011416,All people in households,626,584,214,370,42,16,26
S01011416,Born in the UK,612,571,205,366,41,16,25
S01011416,Born outside the UK: Total,14,13,9,4,1,0,1
S01011416,Born outside the UK: Resident less than 2 years,0,0,0,0,0,0,0
S01011416,Born outside the UK: Resident 2 years or more and less than 5 years,1,0,0,0,1,0,1
S01011416,Born outside the UK: Resident 5 years or more and less than 10 years,1,1,1,0,0,0,0
S01011416,Born outside the UK: Resident 10 years or more,12,12,8,4,0,0,0
S01011417,All people in households,818,578,239,339,240,156,84
S01011417,Born in the UK,797,559,226,333,238,154,84
S01011417,Born outside the UK: Total,21,19,13,6,2,2,0
S01011417,Born outside the UK: Resident less than 2 years,0,0,0,0,0,0,0
S01011417,Born outside the UK: Resident 2 years or more and less than 5 years,0,0,0,0,0,0,0
S01011417,Born outside the UK: Resident 5 years or more and less than 10 years,4,4,2,2,0,0,0
S01011417,Born outside the UK: Resident 10 years or more,17,15,11,4,2,2,0
S01011418,All people in households,552,283,92,191,269,248,21
S01011418,Born in the UK,541,280,92,188,261,240,21
S01011418,Born outside the UK: Total,11,3,0,3,8,8,0
S01011418,Born outside the UK: Resident less than 2 years,0,0,0,0,0,0,0
S01011418,Born outside the UK: Resident 2 years or more and less than 5 years,6,0,0,0,6,6,0
S01011418,Born outside the UK: Resident 5 years or more and less than 10 years,2,1,0,1,1,1,0
S01011418,Born outside the UK: Resident 10 years or more,3,2,0,2,1,1,0
S01011419,All people in households,558,364,111,253,194,167,27
S01011419,Born in the UK,549,358,108,250,191,167,24
S01011419,Born outside the UK: Total,9,6,3,3,3,0,3
S01011419,Born outside the UK: Resident less than 2 years,0,0,0,0,0,0,0
S01011419,Born outside the UK: Resident 2 years or more and less than 5 years,0,0,0,0,0,0,0
S01011419,Born outside the UK: Resident 5 years or more and less than 10 years,1,0,0,0,1,0,1
S01011419,Born outside the UK: Resident 10 years or more,8,6,3,3,2,0,2
S01011420,All people in households,491,170,74,96,321,263,58
S01011420,Born in the UK,479,163,69,94,316,260,56
S01011420,Born outside the UK: Total,12,7,5,2,5,3,2
S01011420,Born outside the UK: Resident less than 2 years,0,0,0,0,0,0,0
S01011420,Born outside the UK: Resident 2 years or more and less than 5 years,1,0,0,0,1,0,1
S01011420,Born outside the UK: Resident 5 years or more and less than 10 years,0,0,0,0,0,0,0
S01011420,Born outside the UK: Resident 10 years or more,11,7,5,2,4,3,1
S01011421,All people in households,615,501,47,454,114,27,87
S01011421,Born in the UK,601,489,46,443,112,26,86
S01011421,Born outside the UK: Total,14,12,1,11,2,1,1
S01011421,Born outside the UK: Resident less than 2 years,1,1,0,1,0,0,0
S01011421,Born outside the UK: Resident 2 years or more and less than 5 years,2,2,0,2,0,0,0
S01011421,Born outside the UK: Resident 5 years or more and less than 10 years,4,4,0,4,0,0,0
S01011421,Born outside the UK: Resident 10 years or more,7,5,1,4,2,1,1
S01011422,All people in households,660,389,120,269,271,225,46
S01011422,Born in the UK,644,380,120,260,264,221,43
S01011422,Born outside the UK: Total,16,9,0,9,7,4,3
S01011422,Born outside the UK: Resident less than 2 years,0,0,0,0,0,0,0
S01011422,Born outside the UK: Resident 2 years or more and less than 5 years,5,1,0,1,4,3,1
S01011422,Born outside the UK: Resident 5 years or more and less than 10 years,6,4,0,4,2,0,2
S01011422,Born outside the UK: Resident 10 years or more,5,4,0,4,1,1,0
S01011423,All people in households,570,239,64,175,331,281,50
S01011423,Born in the UK,555,232,60,172,323,280,43
S01011423,Born outside the UK: Total,15,7,4,3,8,1,7
S01011423,Born outside the UK: Resident less than 2 years,0,0,0,0,0,0,0
S01011423,Born outside the UK: Resident 2 years or more and less than 5 years,9,3,3,0,6,0,6
S01011423,Born outside the UK: Resident 5 years or more and less than 10 years,2,1,0,1,1,0,1
S01011423,Born outside the UK: Resident 10 years or more,4,3,1,2,1,1,0
S01011424,All people in households,560,389,103,286,171,142,29
S01011424,Born in the UK,553,384,102,282,169,140,29
S01011424,Born outside the UK: Total,7,5,1,4,2,2,0
S01011424,Born outside the UK: Resident less than 2 years,0,0,0,0,0,0,0
S01011424,Born outside the UK: Resident 2 years or more and less than 5 years,1,1,0,1,0,0,0
S01011424,Born outside the UK: Resident 5 years or more and less than 10 years,0,0,0,0,0,0,0
S01011424,Born outside the UK: Resident 10 years or more,6,4,1,3,2,2,0
S01011425,All people in households,901,415,159,256,486,427,59
S01011425,Born in the UK,880,407,159,248,473,419,54
S01011425,Born outside the UK: Total,21,8,0,8,13,8,5
S01011425,Born outside the UK: Resident less than 2 years,3,1,0,1,2,1,1
S01011425,Born outside the UK: Resident 2 years or more and less than 5 years,1,0,0,0,1,0,1
S01011425,Born outside the UK: Resident 5 years or more and less than 10 years,8,1,0,1,7,5,2
S01011425,Born outside the UK: Resident 10 years or more,9,6,0,6,3,2,1
S01011426,All people in households,993,883,233,650,110,44,66
S01011426,Born in the UK,975,874,231,643,101,41,60
S01011426,Born outside the UK: Total,18,9,2,7,9,3,6
S01011426,Born outside the UK: Resident less than 2 years,6,0,0,0,6,1,5
S01011426,Born outside the UK: Resident 2 years or more and less than 5 years,3,0,0,0,3,2,1
S01011426,Born outside the UK: Resident 5 years or more and less than 10 years,2,2,0,2,0,0,0
S01011426,Born outside the UK: Resident 10 years or more,7,7,2,5,0,0,0
S01011427,All people in households,679,399,122,277,280,244,36
S01011427,Born in the UK,669,397,121,276,272,239,33
S01011427,Born outside the UK: Total,10,2,1,1,8,5,3
S01011427,Born outside the UK: Resident less than 2 years,1,0,0,0,1,0,1
S01011427,Born outside the UK: Resident 2 years or more and less than 5 years,3,0,0,0,3,3,0
S01011427,Born outside the UK: Resident 5 years or more and less than 10 years,2,0,0,0,2,1,1
S01011427,Born outside the UK: Resident 10 years or more,4,2,1,1,2,1,1
S01011428,All people in households,506,329,133,196,177,167,10
S01011428,Born in the UK,503,328,133,195,175,166,9
S01011428,Born outside the UK: Total,3,1,0,1,2,1,1
S01011428,Born outside the UK: Resident less than 2 years,0,0,0,0,0,0,0
S01011428,Born outside the UK: Resident 2 years or more and less than 5 years,0,0,0,0,0,0,0
S01011428,Born outside the UK: Resident 5 years or more and less than 10 years,1,0,0,0,1,0,1
S01011428,Born outside the UK: Resident 10 years or more,2,1,0,1,1,1,0
S01011429,All people in households,626,576,158,418,50,21,29
S01011429,Born in the UK,599,553,149,404,46,19,27
S01011429,Born outside the UK: Total,27,23,9,14,4,2,2
S01011429,Born outside the UK: Resident less than 2 years,0,0,0,0,0,0,0
S01011429,Born outside the UK: Resident 2 years or more and less than 5 years,4,4,2,2,0,0,0
S01011429,Born outside the UK: Resident 5 years or more and less than 10 years,5,5,1,4,0,0,0
S01011429,Born outside the UK: Resident 10 years or more,18,14,6,8,4,2,2
S01011430,All people in households,880,704,179,525,176,94,82
S01011430,Born in the UK,858,687,177,510,171,90,81
S01011430,Born outside the UK: Total,22,17,2,15,5,4,1
S01011430,Born outside the UK: Resident less than 2 years,0,0,0,0,0,0,0
S01011430,Born outside the UK: Resident 2 years or more and less than 5 years,1,0,0,0,1,0,1
S01011430,Born outside the UK: Resident 5 years or more and less than 10 years,7,6,1,5,1,1,0
S01011430,Born outside the UK: Resident 10 years or more,14,11,1,10,3,3,0
S01011431,All people in households,1063,586,197,389,477,419,58
S01011431,Born in the UK,1050,580,195,385,470,413,57
S01011431,Born outside the UK: Total,13,6,2,4,7,6,1
S01011431,Born outside the UK: Resident less than 2 years,0,0,0,0,0,0,0
S01011431,Born outside the UK: Resident 2 years or more and less than 5 years,2,0,0,0,2,2,0
S01011431,Born outside the UK: Resident 5 years or more and less than 10 years,3,2,0,2,1,0,1
S01011431,Born outside the UK: Resident 10 years or more,8,4,2,2,4,4,0
S01011432,All people in households,1025,649,215,434,376,341,35
S01011432,Born in the UK,1016,646,214,432,370,335,35
S01011432,Born outside the UK: Total,9,3,1,2,6,6,0
S01011432,Born outside the UK: Resident less than 2 years,1,0,0,0,1,1,0
S01011432,Born outside the UK: Resident 2 years or more and less than 5 years,2,0,0,0,2,2,0
S01011432,Born outside the UK: Resident 5 years or more and less than 10 years,3,2,0,2,1,1,0
S01011432,Born outside the UK: Resident 10 years or more,3,1,1,0,2,2,0
S01011433,All people in households,909,258,65,193,651,606,45
S01011433,Born in the UK,880,254,65,189,626,588,38
S01011433,Born outside the UK: Total,29,4,0,4,25,18,7
S01011433,Born outside the UK: Resident less than 2 years,6,2,0,2,4,4,0
S01011433,Born outside the UK: Resident 2 years or more and less than 5 years,13,0,0,0,13,8,5
S01011433,Born outside the UK: Resident 5 years or more and less than 10 years,5,0,0,0,5,4,1
S01011433,Born outside the UK: Resident 10 years or more,5,2,0,2,3,2,1
S01011434,All people in households,562,387,156,231,175,151,24
S01011434,Born in the UK,558,384,154,230,174,150,24
S01011434,Born outside the UK: Total,4,3,2,1,1,1,0
S01011434,Born outside the UK: Resident less than 2 years,1,1,1,0,0,0,0
S01011434,Born outside the UK: Resident 2 years or more and less than 5 years,0,0,0,0,0,0,0
S01011434,Born outside the UK: Resident 5 years or more and less than 10 years,1,0,0,0,1,1,0
S01011434,Born outside the UK: Resident 10 years or more,2,2,1,1,0,0,0
S01011435,All people in households,927,822,225,597,105,40,65
S01011435,Born in the UK,912,812,222,590,100,38,62
S01011435,Born outside the UK: Total,15,10,3,7,5,2,3
S01011435,Born outside the UK: Resident less than 2 years,2,1,0,1,1,0,1
S01011435,Born outside the UK: Resident 2 years or more and less than 5 years,3,0,0,0,3,1,2
S01011435,Born outside the UK: Resident 5 years or more and less than 10 years,3,2,0,2,1,1,0
S01011435,Born outside the UK: Resident 10 years or more,7,7,3,4,0,0,0
S01011436,All people in households,718,301,86,215,417,350,67
S01011436,Born in the UK,693,298,86,212,395,332,63
S01011436,Born outside the UK: Total,25,3,0,3,22,18,4
S01011436,Born outside the UK: Resident less than 2 years,5,0,0,0,5,2,3
S01011436,Born outside the UK: Resident 2 years or more and less than 5 years,12,0,0,0,12,12,0
S01011436,Born outside the UK: Resident 5 years or more and less than 10 years,3,0,0,0,3,3,0
S01011436,Born outside the UK: Resident 10 years or more,5,3,0,3,2,1,1
S01011437,All people in households,731,385,112,273,346,293,53
S01011437,Born in the UK,709,380,112,268,329,276,53
S01011437,Born outside the UK: Total,22,5,0,5,17,17,0
S01011437,Born outside the UK: Resident less than 2 years,3,0,0,0,3,3,0
S01011437,Born outside the UK: Resident 2 years or more and less than 5 years,12,2,0,2,10,10,0
S01011437,Born outside the UK: Resident 5 years or more and less than 10 years,4,0,0,0,4,4,0
S01011437,Born outside the UK: Resident 10 years or more,3,3,0,3,0,0,0
S01011438,All people in households,544,141,26,115,403,383,20
S01011438,Born in the UK,519,141,26,115,378,363,15
S01011438,Born outside the UK: Total,25,0,0,0,25,20,5
S01011438,Born outside the UK: Resident less than 2 years,0,0,0,0,0,0,0
S01011438,Born outside the UK: Resident 2 years or more and less than 5 years,14,0,0,0,14,10,4
S01011438,Born outside the UK: Resident 5 years or more and less than 10 years,6,0,0,0,6,5,1
S01011438,Born outside the UK: Resident 10 years or more,5,0,0,0,5,5,0
S01011439,All people in households,889,503,193,310,386,334,52
S01011439,Born in the UK,880,496,193,303,384,332,52
S01011439,Born outside the UK: Total,9,7,0,7,2,2,0
S01011439,Born outside the UK: Resident less than 2 years,0,0,0,0,0,0,0
S01011439,Born outside the UK: Resident 2 years or more and less than 5 years,0,0,0,0,0,0,0
S01011439,Born outside the UK: Resident 5 years or more and less than 10 years,3,3,0,3,0,0,0
S01011439,Born outside the UK: Resident 10 years or more,6,4,0,4,2,2,0
S01011440,All people in households,597,322,92,230,275,243,32
S01011440,Born in the UK,586,314,90,224,272,241,31
S01011440,Born outside the UK: Total,11,8,2,6,3,2,1
S01011440,Born outside the UK: Resident less than 2 years,1,0,0,0,1,1,0
S01011440,Born outside the UK: Resident 2 years or more and less than 5 years,3,2,0,2,1,1,0
S01011440,Born outside the UK: Resident 5 years or more and less than 10 years,3,3,0,3,0,0,0
S01011440,Born outside the UK: Resident 10 years or more,4,3,2,1,1,0,1
S01011441,All people in households,763,385,157,228,378,331,47
S01011441,Born in the UK,747,379,156,223,368,326,42
S01011441,Born outside the UK: Total,16,6,1,5,10,5,5
S01011441,Born outside the UK: Resident less than 2 years,3,0,0,0,3,0,3
S01011441,Born outside the UK: Resident 2 years or more and less than 5 years,5,2,0,2,3,1,2
S01011441,Born outside the UK: Resident 5 years or more and less than 10 years,5,2,1,1,3,3,0
S01011441,Born outside the UK: Resident 10 years or more,3,2,0,2,1,1,0
S01011442,All people in households,683,395,129,266,288,226,62
S01011442,Born in the UK,671,387,127,260,284,225,59
S01011442,Born outside the UK: Total,12,8,2,6,4,1,3
S01011442,Born outside the UK: Resident less than 2 years,2,0,0,0,2,0,2
S01011442,Born outside the UK: Resident 2 years or more and less than 5 years,1,1,0,1,0,0,0
S01011442,Born outside the UK: Resident 5 years or more and less than 10 years,1,1,0,1,0,0,0
S01011442,Born outside the UK: Resident 10 years or more,8,6,2,4,2,1,1
S01011443,All people in households,622,358,133,225,264,241,23
S01011443,Born in the UK,617,355,130,225,262,239,23
S01011443,Born outside the UK: Total,5,3,3,0,2,2,0
S01011443,Born outside the UK: Resident less than 2 years,0,0,0,0,0,0,0
S01011443,Born outside the UK: Resident 2 years or more and less than 5 years,0,0,0,0,0,0,0
S01011443,Born outside the UK: Resident 5 years or more and less than 10 years,0,0,0,0,0,0,0
S01011443,Born outside the UK: Resident 10 years or more,5,3,3,0,2,2,0
S01011444,All people in households,764,367,115,252,397,378,19
S01011444,Born in the UK,752,362,113,249,390,375,15
S01011444,Born outside the UK: Total,12,5,2,3,7,3,4
S01011444,Born outside the UK: Resident less than 2 years,0,0,0,0,0,0,0
S01011444,Born outside the UK: Resident 2 years or more and less than 5 years,5,2,0,2,3,1,2
S01011444,Born outside the UK: Resident 5 years or more and less than 10 years,2,0,0,0,2,1,1
S01011444,Born outside the UK: Resident 10 years or more,5,3,2,1,2,1,1
S01011445,All people in households,548,396,100,296,152,113,39
S01011445,Born in the UK,536,388,97,291,148,109,39
S01011445,Born outside the UK: Total,12,8,3,5,4,4,0
S01011445,Born outside the UK: Resident less than 2 years,1,0,0,0,1,1,0
S01011445,Born outside the UK: Resident 2 years or more and less than 5 years,4,3,0,3,1,1,0
S01011445,Born outside the UK: Resident 5 years or more and less than 10 years,3,3,2,1,0,0,0
S01011445,Born outside the UK: Resident 10 years or more,4,2,1,1,2,2,0
S01011446,All people in households,522,374,156,218,148,113,35
S01011446,Born in the UK,513,368,156,212,145,112,33
S01011446,Born outside the UK: Total,9,6,0,6,3,1,2
S01011446,Born outside the UK: Resident less than 2 years,3,0,0,0,3,1,2
S01011446,Born outside the UK: Resident 2 years or more and less than 5 years,0,0,0,0,0,0,0
S01011446,Born outside the UK: Resident 5 years or more and less than 10 years,2,2,0,2,0,0,0
S01011446,Born outside the UK: Resident 10 years or more,4,4,0,4,0,0,0
S01011447,All people in households,924,475,106,369,449,402,47
S01011447,Born in the UK,907,466,104,362,441,398,43
S01011447,Born outside the UK: Total,17,9,2,7,8,4,4
S01011447,Born outside the UK: Resident less than 2 years,0,0,0,0,0,0,0
S01011447,Born outside the UK: Resident 2 years or more and less than 5 years,6,2,0,2,4,0,4
S01011447,Born outside the UK: Resident 5 years or more and less than 10 years,2,1,0,1,1,1,0
S01011447,Born outside the UK: Resident 10 years or more,9,6,2,4,3,3,0
S01011448,All people in households,884,689,236,453,195,113,82
S01011448,Born in the UK,874,681,234,447,193,113,80
S01011448,Born outside the UK: Total,10,8,2,6,2,0,2
S01011448,Born outside the UK: Resident less than 2 years,0,0,0,0,0,0,0
S01011448,Born outside the UK: Resident 2 years or more and less than 5 years,1,0,0,0,1,0,1
S01011448,Born outside the UK: Resident 5 years or more and less than 10 years,0,0,0,0,0,0,0
S01011448,Born outside the UK: Resident 10 years or more,9,8,2,6,1,0,1
S01011449,All people in households,530,247,95,152,283,220,63
S01011449,Born in the UK,517,243,94,149,274,216,58
S01011449,Born outside the UK: Total,13,4,1,3,9,4,5
S01011449,Born outside the UK: Resident less than 2 years,3,0,0,0,3,0,3
S01011449,Born outside the UK: Resident 2 years or more and less than 5 years,3,0,0,0,3,1,2
S01011449,Born outside the UK: Resident 5 years or more and less than 10 years,0,0,0,0,0,0,0
S01011449,Born outside the UK: Resident 10 years or more,7,4,1,3,3,3,0
S01011450,All people in households,652,559,137,422,93,63,30
S01011450,Born in the UK,615,525,127,398,90,62,28
S01011450,Born outside the UK: Total,37,34,10,24,3,1,2
S01011450,Born outside the UK: Resident less than 2 years,2,2,1,1,0,0,0
S01011450,Born outside the UK: Resident 2 years or more and less than 5 years,8,8,0,8,0,0,0
S01011450,Born outside the UK: Resident 5 years or more and less than 10 years,4,4,1,3,0,0,0
S01011450,Born outside the UK: Resident 10 years or more,23,20,8,12,3,1,2
S01011451,All people in households,727,609,148,461,118,65,53
S01011451,Born in the UK,675,565,135,430,110,61,49
S01011451,Born outside the UK: Total,52,44,13,31,8,4,4
S01011451,Born outside the UK: Resident less than 2 years,0,0,0,0,0,0,0
S01011451,Born outside the UK: Resident 2 years or more and less than 5 years,6,2,1,1,4,2,2
S01011451,Born outside the UK: Resident 5 years or more and less than 10 years,8,5,0,5,3,1,2
S01011451,Born outside the UK: Resident 10 years or more,38,37,12,25,1,1,0
S01011452,All people in households,947,755,251,504,192,132,60
S01011452,Born in the UK,921,733,244,489,188,132,56
S01011452,Born outside the UK: Total,26,22,7,15,4,0,4
S01011452,Born outside the UK: Resident less than 2 years,1,1,1,0,0,0,0
S01011452,Born outside the UK: Resident 2 years or more and less than 5 years,3,1,0,1,2,0,2
S01011452,Born outside the UK: Resident 5 years or more and less than 10 years,2,1,1,0,1,0,1
S01011452,Born outside the UK: Resident 10 years or more,20,19,5,14,1,0,1
S01011453,All people in households,728,519,195,324,209,150,59
S01011453,Born in the UK,696,505,192,313,191,146,45
S01011453,Born outside the UK: Total,32,14,3,11,18,4,14
S01011453,Born outside the UK: Resident less than 2 years,0,0,0,0,0,0,0
S01011453,Born outside the UK: Resident 2 years or more and less than 5 years,0,0,0,0,0,0,0
S01011453,Born outside the UK: Resident 5 years or more and less than 10 years,20,5,0,5,15,4,11
S01011453,Born outside the UK: Resident 10 years or more,12,9,3,6,3,0,3
S01011454,All people in households,802,419,107,312,383,330,53
S01011454,Born in the UK,787,412,103,309,375,325,50
S01011454,Born outside the UK: Total,15,7,4,3,8,5,3
S01011454,Born outside the UK: Resident less than 2 years,4,4,4,0,0,0,0
S01011454,Born outside the UK: Resident 2 years or more and less than 5 years,5,0,0,0,5,3,2
S01011454,Born outside the UK: Resident 5 years or more and less than 10 years,0,0,0,0,0,0,0
S01011454,Born outside the UK: Resident 10 years or more,6,3,0,3,3,2,1
S01011455,All people in households,746,382,123,259,364,325,39
S01011455,Born in the UK,728,371,120,251,357,320,37
S01011455,Born outside the UK: Total,18,11,3,8,7,5,2
S01011455,Born outside the UK: Resident less than 2 years,1,0,0,0,1,1,0
S01011455,Born outside the UK: Resident 2 years or more and less than 5 years,3,0,0,0,3,3,0
S01011455,Born outside the UK: Resident 5 years or more and less than 10 years,2,2,0,2,0,0,0
S01011455,Born outside the UK: Resident 10 years or more,12,9,3,6,3,1,2
S01011456,All people in households,814,465,123,342,349,324,25
S01011456,Born in the UK,791,448,116,332,343,318,25
S01011456,Born outside the UK: Total,23,17,7,10,6,6,0
S01011456,Born outside the UK: Resident less than 2 years,0,0,0,0,0,0,0
S01011456,Born outside the UK: Resident 2 years or more and less than 5 years,0,0,0,0,0,0,0
S01011456,Born outside the UK: Resident 5 years or more and less than 10 years,1,0,0,0,1,1,0
S01011456,Born outside the UK: Resident 10 years or more,22,17,7,10,5,5,0
S01011457,All people in households,917,395,118,277,522,481,41
S01011457,Born in the UK,902,391,115,276,511,476,35
S01011457,Born outside the UK: Total,15,4,3,1,11,5,6
S01011457,Born outside the UK: Resident less than 2 years,4,0,0,0,4,0,4
S01011457,Born outside the UK: Resident 2 years or more and less than 5 years,2,0,0,0,2,0,2
S01011457,Born outside the UK: Resident 5 years or more and less than 10 years,1,1,0,1,0,0,0
S01011457,Born outside the UK: Resident 10 years or more,8,3,3,0,5,5,0
S01011458,All people in households,1114,963,132,831,151,110,41
S01011458,Born in the UK,1063,920,117,803,143,110,33
S01011458,Born outside the UK: Total,51,43,15,28,8,0,8
S01011458,Born outside the UK: Resident less than 2 years,5,5,1,4,0,0,0
S01011458,Born outside the UK: Resident 2 years or more and less than 5 years,8,6,4,2,2,0,2
S01011458,Born outside the UK: Resident 5 years or more and less than 10 years,14,9,2,7,5,0,5
S01011458,Born outside the UK: Resident 10 years or more,24,23,8,15,1,0,1
S01011459,All people in households,1053,756,92,664,297,207,90
S01011459,Born in the UK,1028,737,91,646,291,204,87
S01011459,Born outside the UK: Total,25,19,1,18,6,3,3
S01011459,Born outside the UK: Resident less than 2 years,6,6,0,6,0,0,0
S01011459,Born outside the UK: Resident 2 years or more and less than 5 years,3,2,0,2,1,0,1
S01011459,Born outside the UK: Resident 5 years or more and less than 10 years,5,3,0,3,2,0,2
S01011459,Born outside the UK: Resident 10 years or more,11,8,1,7,3,3,0
S01011460,All people in households,756,438,53,385,318,293,25
S01011460,Born in the UK,730,425,51,374,305,286,19
S01011460,Born outside the UK: Total,26,13,2,11,13,7,6
S01011460,Born outside the UK: Resident less than 2 years,6,0,0,0,6,0,6
S01011460,Born outside the UK: Resident 2 years or more and less than 5 years,4,0,0,0,4,4,0
S01011460,Born outside the UK: Resident 5 years or more and less than 10 years,2,0,0,0,2,2,0
S01011460,Born outside the UK: Resident 10 years or more,14,13,2,11,1,1,0
S01011461,All people in households,722,360,60,300,362,258,104
S01011461,Born in the UK,695,352,60,292,343,252,91
S01011461,Born outside the UK: Total,27,8,0,8,19,6,13
S01011461,Born outside the UK: Resident less than 2 years,13,0,0,0,13,2,11
S01011461,Born outside the UK: Resident 2 years or more and less than 5 years,1,0,0,0,1,0,1
S01011461,Born outside the UK: Resident 5 years or more and less than 10 years,3,1,0,1,2,1,1
S01011461,Born outside the UK: Resident 10 years or more,10,7,0,7,3,3,0
S01011462,All people in households,897,703,204,499,194,137,57
S01011462,Born in the UK,876,691,202,489,185,134,51
S01011462,Born outside the UK: Total,21,12,2,10,9,3,6
S01011462,Born outside the UK: Resident less than 2 years,4,0,0,0,4,0,4
S01011462,Born outside the UK: Resident 2 years or more and less than 5 years,2,2,0,2,0,0,0
S01011462,Born outside the UK: Resident 5 years or more and less than 10 years,3,2,0,2,1,1,0
S01011462,Born outside the UK: Resident 10 years or more,12,8,2,6,4,2,2
S01011463,All people in households,670,508,146,362,162,110,52
S01011463,Born in the UK,652,500,142,358,152,108,44
S01011463,Born outside the UK: Total,18,8,4,4,10,2,8
S01011463,Born outside the UK: Resident less than 2 years,0,0,0,0,0,0,0
S01011463,Born outside the UK: Resident 2 years or more and less than 5 years,8,0,0,0,8,2,6
S01011463,Born outside the UK: Resident 5 years or more and less than 10 years,2,1,0,1,1,0,1
S01011463,Born outside the UK: Resident 10 years or more,8,7,4,3,1,0,1
S01011464,All people in households,571,486,44,442,85,46,39
S01011464,Born in the UK,548,467,38,429,81,45,36
S01011464,Born outside the UK: Total,23,19,6,13,4,1,3
S01011464,Born outside the UK: Resident less than 2 years,0,0,0,0,0,0,0
S01011464,Born outside the UK: Resident 2 years or more and less than 5 years,7,5,2,3,2,0,2
S01011464,Born outside the UK: Resident 5 years or more and less than 10 years,1,1,0,1,0,0,0
S01011464,Born outside the UK: Resident 10 years or more,15,13,4,9,2,1,1
S01011465,All people in households,547,213,64,149,334,312,22
S01011465,Born in the UK,527,203,61,142,324,302,22
S01011465,Born outside the UK: Total,20,10,3,7,10,10,0
S01011465,Born outside the UK: Resident less than 2 years,2,0,0,0,2,2,0
S01011465,Born outside the UK: Resident 2 years or more and less than 5 years,2,0,0,0,2,2,0
S01011465,Born outside the UK: Resident 5 years or more and less than 10 years,4,2,2,0,2,2,0
S01011465,Born outside the UK: Resident 10 years or more,12,8,1,7,4,4,0
S01011466,All people in households,592,266,84,182,326,277,49
S01011466,Born in the UK,558,260,82,178,298,250,48
S01011466,Born outside the UK: Total,34,6,2,4,28,27,1
S01011466,Born outside the UK: Resident less than 2 years,4,0,0,0,4,3,1
S01011466,Born outside the UK: Resident 2 years or more and less than 5 years,21,1,0,1,20,20,0
S01011466,Born outside the UK: Resident 5 years or more and less than 10 years,4,1,0,1,3,3,0
S01011466,Born outside the UK: Resident 10 years or more,5,4,2,2,1,1,0
S01011467,All people in households,539,356,77,279,183,141,42
S01011467,Born in the UK,501,333,72,261,168,134,34
S01011467,Born outside the UK: Total,38,23,5,18,15,7,8
S01011467,Born outside the UK: Resident less than 2 years,4,1,0,1,3,0,3
S01011467,Born outside the UK: Resident 2 years or more and less than 5 years,7,2,0,2,5,4,1
S01011467,Born outside the UK: Resident 5 years or more and less than 10 years,16,12,5,7,4,1,3
S01011467,Born outside the UK: Resident 10 years or more,11,8,0,8,3,2,1
S01011468,All people in households,915,799,72,727,116,22,94
S01011468,Born in the UK,861,761,69,692,100,20,80
S01011468,Born outside the UK: Total,54,38,3,35,16,2,14
S01011468,Born outside the UK: Resident less than 2 years,3,2,1,1,1,0,1
S01011468,Born outside the UK: Resident 2 years or more and less than 5 years,17,11,0,11,6,1,5
S01011468,Born outside the UK: Resident 5 years or more and less than 10 years,7,5,2,3,2,0,2
S01011468,Born outside the UK: Resident 10 years or more,27,20,0,20,7,1,6
S01011469,All people in households,859,320,39,281,539,441,98
S01011469,Born in the UK,761,298,30,268,463,388,75
S01011469,Born outside the UK: Total,98,22,9,13,76,53,23
S01011469,Born outside the UK: Resident less than 2 years,30,6,6,0,24,10,14
S01011469,Born outside the UK: Resident 2 years or more and less than 5 years,39,5,1,4,34,29,5
S01011469,Born outside the UK: Resident 5 years or more and less than 10 years,15,4,0,4,11,10,1
S01011469,Born outside the UK: Resident 10 years or more,14,7,2,5,7,4,3
S01011470,All people in households,1099,650,189,461,449,369,80
S01011470,Born in the UK,1049,629,186,443,420,353,67
S01011470,Born outside the UK: Total,50,21,3,18,29,16,13
S01011470,Born outside the UK: Resident less than 2 years,8,0,0,0,8,4,4
S01011470,Born outside the UK: Resident 2 years or more and less than 5 years,11,3,0,3,8,4,4
S01011470,Born outside the UK: Resident 5 years or more and less than 10 years,9,1,0,1,8,3,5
S01011470,Born outside the UK: Resident 10 years or more,22,17,3,14,5,5,0
S01011471,All people in households,869,578,236,342,291,227,64
S01011471,Born in the UK,837,568,231,337,269,219,50
S01011471,Born outside the UK: Total,32,10,5,5,22,8,14
S01011471,Born outside the UK: Resident less than 2 years,3,0,0,0,3,0,3
S01011471,Born outside the UK: Resident 2 years or more and less than 5 years,15,4,4,0,11,2,9
S01011471,Born outside the UK: Resident 5 years or more and less than 10 years,7,1,0,1,6,4,2
S01011471,Born outside the UK: Resident 10 years or more,7,5,1,4,2,2,0
S01011472,All people in households,880,295,98,197,585,531,54
S01011472,Born in the UK,828,288,93,195,540,498,42
S01011472,Born outside the UK: Total,52,7,5,2,45,33,12
S01011472,Born outside the UK: Resident less than 2 years,6,0,0,0,6,5,1
S01011472,Born outside the UK: Resident 2 years or more and less than 5 years,24,3,3,0,21,11,10
S01011472,Born outside the UK: Resident 5 years or more and less than 10 years,17,2,1,1,15,14,1
S01011472,Born outside the UK: Resident 10 years or more,5,2,1,1,3,3,0
S01011473,All people in households,662,169,64,105,493,441,52
S01011473,Born in the UK,644,165,62,103,479,432,47
S01011473,Born outside the UK: Total,18,4,2,2,14,9,5
S01011473,Born outside the UK: Resident less than 2 years,5,0,0,0,5,0,5
S01011473,Born outside the UK: Resident 2 years or more and less than 5 years,1,0,0,0,1,1,0
S01011473,Born outside the UK: Resident 5 years or more and less than 10 years,3,1,0,1,2,2,0
S01011473,Born outside the UK: Resident 10 years or more,9,3,2,1,6,6,0
S01011474,All people in households,798,223,75,148,575,445,130
S01011474,Born in the UK,772,215,70,145,557,439,118
S01011474,Born outside the UK: Total,26,8,5,3,18,6,12
S01011474,Born outside the UK: Resident less than 2 years,2,0,0,0,2,0,2
S01011474,Born outside the UK: Resident 2 years or more and less than 5 years,12,1,1,0,11,2,9
S01011474,Born outside the UK: Resident 5 years or more and less than 10 years,2,2,1,1,0,0,0
S01011474,Born outside the UK: Resident 10 years or more,10,5,3,2,5,4,1
S01011475,All people in households,605,85,27,58,520,487,33
S01011475,Born in the UK,565,85,27,58,480,451,29
S01011475,Born outside the UK: Total,40,0,0,0,40,36,4
S01011475,Born outside the UK: Resident less than 2 years,5,0,0,0,5,4,1
S01011475,Born outside the UK: Resident 2 years or more and less than 5 years,27,0,0,0,27,24,3
S01011475,Born outside the UK: Resident 5 years or more and less than 10 years,2,0,0,0,2,2,0
S01011475,Born outside the UK: Resident 10 years or more,6,0,0,0,6,6,0
S01011476,All people in households,487,448,185,263,39,15,24
S01011476,Born in the UK,481,445,185,260,36,15,21
S01011476,Born outside the UK: Total,6,3,0,3,3,0,3
S01011476,Born outside the UK: Resident less than 2 years,0,0,0,0,0,0,0
S01011476,Born outside the UK: Resident 2 years or more and less than 5 years,3,2,0,2,1,0,1
S01011476,Born outside the UK: Resident 5 years or more and less than 10 years,2,0,0,0,2,0,2
S01011476,Born outside the UK: Resident 10 years or more,1,1,0,1,0,0,0
S01011477,All people in households,851,813,350,463,38,22,16
S01011477,Born in the UK,831,795,348,447,36,22,14
S01011477,Born outside the UK: Total,20,18,2,16,2,0,2
S01011477,Born outside the UK: Resident less than 2 years,0,0,0,0,0,0,0
S01011477,Born outside the UK: Resident 2 years or more and less than 5 years,4,4,0,4,0,0,0
S01011477,Born outside the UK: Resident 5 years or more and less than 10 years,0,0,0,0,0,0,0
S01011477,Born outside the UK: Resident 10 years or more,16,14,2,12,2,0,2
S01011478,All people in households,1060,933,291,642,127,34,93
S01011478,Born in the UK,1009,895,280,615,114,30,84
S01011478,Born outside the UK: Total,51,38,11,27,13,4,9
S01011478,Born outside the UK: Resident less than 2 years,4,1,0,1,3,2,1
S01011478,Born outside the UK: Resident 2 years or more and less than 5 years,5,0,0,0,5,1,4
S01011478,Born outside the UK: Resident 5 years or more and less than 10 years,12,11,1,10,1,0,1
S01011478,Born outside the UK: Resident 10 years or more,30,26,10,16,4,1,3
S01011479,All people in households,783,672,305,367,111,28,83
S01011479,Born in the UK,759,655,296,359,104,26,78
S01011479,Born outside the UK: Total,24,17,9,8,7,2,5
S01011479,Born outside the UK: Resident less than 2 years,0,0,0,0,0,0,0
S01011479,Born outside the UK: Resident 2 years or more and less than 5 years,6,4,0,4,2,0,2
S01011479,Born outside the UK: Resident 5 years or more and less than 10 years,2,2,1,1,0,0,0
S01011479,Born outside the UK: Resident 10 years or more,16,11,8,3,5,2,3
S01011480,All people in households,1019,870,327,543,149,30,119
S01011480,Born in the UK,998,856,323,533,142,28,114
S01011480,Born outside the UK: Total,21,14,4,10,7,2,5
S01011480,Born outside the UK: Resident less than 2 years,3,0,0,0,3,0,3
S01011480,Born outside the UK: Resident 2 years or more and less than 5 years,1,1,1,0,0,0,0
S01011480,Born outside the UK: Resident 5 years or more and less than 10 years,3,2,0,2,1,1,0
S01011480,Born outside the UK: Resident 10 years or more,14,11,3,8,3,1,2
S01011481,All people in households,812,667,118,549,145,103,42
S01011481,Born in the UK,784,649,111,538,135,96,39
S01011481,Born outside the UK: Total,28,18,7,11,10,7,3
S01011481,Born outside the UK: Resident less than 2 years,1,0,0,0,1,0,1
S01011481,Born outside the UK: Resident 2 years or more and less than 5 years,7,1,0,1,6,4,2
S01011481,Born outside the UK: Resident 5 years or more and less than 10 years,12,10,1,9,2,2,0
S01011481,Born outside the UK: Resident 10 years or more,8,7,6,1,1,1,0
S01011482,All people in households,895,464,183,281,431,339,92
S01011482,Born in the UK,864,450,182,268,414,328,86
S01011482,Born outside the UK: Total,31,14,1,13,17,11,6
S01011482,Born outside the UK: Resident less than 2 years,4,1,0,1,3,0,3
S01011482,Born outside the UK: Resident 2 years or more and less than 5 years,6,1,0,1,5,4,1
S01011482,Born outside the UK: Resident 5 years or more and less than 10 years,11,5,0,5,6,6,0
S01011482,Born outside the UK: Resident 10 years or more,10,7,1,6,3,1,2
S01011483,All people in households,531,494,174,320,37,10,27
S01011483,Born in the UK,507,478,168,310,29,10,19
S01011483,Born outside the UK: Total,24,16,6,10,8,0,8
S01011483,Born outside the UK: Resident less than 2 years,2,0,0,0,2,0,2
S01011483,Born outside the UK: Resident 2 years or more and less than 5 years,7,1,1,0,6,0,6
S01011483,Born outside the UK: Resident 5 years or more and less than 10 years,2,2,0,2,0,0,0
S01011483,Born outside the UK: Resident 10 years or more,13,13,5,8,0,0,0
S01011484,All people in households,865,402,106,296,463,434,29
S01011484,Born in the UK,841,394,102,292,447,421,26
S01011484,Born outside the UK: Total,24,8,4,4,16,13,3
S01011484,Born outside the UK: Resident less than 2 years,3,0,0,0,3,2,1
S01011484,Born outside the UK: Resident 2 years or more and less than 5 years,6,0,0,0,6,4,2
S01011484,Born outside the UK: Resident 5 years or more and less than 10 years,5,2,1,1,3,3,0
S01011484,Born outside the UK: Resident 10 years or more,10,6,3,3,4,4,0
S01011485,All people in households,965,396,108,288,569,481,88
S01011485,Born in the UK,938,375,107,268,563,479,84
S01011485,Born outside the UK: Total,27,21,1,20,6,2,4
S01011485,Born outside the UK: Resident less than 2 years,1,0,0,0,1,0,1
S01011485,Born outside the UK: Resident 2 years or more and less than 5 years,5,5,0,5,0,0,0
S01011485,Born outside the UK: Resident 5 years or more and less than 10 years,14,12,0,12,2,0,2
S01011485,Born outside the UK: Resident 10 years or more,7,4,1,3,3,2,1
S01011486,All people in households,562,175,72,103,387,366,21
S01011486,Born in the UK,551,170,71,99,381,366,15
S01011486,Born outside the UK: Total,11,5,1,4,6,0,6
S01011486,Born outside the UK: Resident less than 2 years,3,0,0,0,3,0,3
S01011486,Born outside the UK: Resident 2 years or more and less than 5 years,6,3,0,3,3,0,3
S01011486,Born outside the UK: Resident 5 years or more and less than 10 years,1,1,0,1,0,0,0
S01011486,Born outside the UK: Resident 10 years or more,1,1,1,0,0,0,0
S01011487,All people in households,1090,448,93,355,642,576,66
S01011487,Born in the UK,1050,430,93,337,620,566,54
S01011487,Born outside the UK: Total,40,18,0,18,22,10,12
S01011487,Born outside the UK: Resident less than 2 years,1,0,0,0,1,0,1
S01011487,Born outside the UK: Resident 2 years or more and less than 5 years,10,2,0,2,8,2,6
S01011487,Born outside the UK: Resident 5 years or more and less than 10 years,12,7,0,7,5,3,2
S01011487,Born outside the UK: Resident 10 years or more,17,9,0,9,8,5,3
S01011488,All people in households,697,299,101,198,398,359,39
S01011488,Born in the UK,673,290,100,190,383,349,34
S01011488,Born outside the UK: Total,24,9,1,8,15,10,5
S01011488,Born outside the UK: Resident less than 2 years,3,2,1,1,1,0,1
S01011488,Born outside the UK: Resident 2 years or more and less than 5 years,11,0,0,0,11,8,3
S01011488,Born outside the UK: Resident 5 years or more and less than 10 years,5,4,0,4,1,1,0
S01011488,Born outside the UK: Resident 10 years or more,5,3,0,3,2,1,1
S01011489,All people in households,750,584,39,545,166,141,25
S01011489,Born in the UK,740,580,39,541,160,139,21
S01011489,Born outside the UK: Total,10,4,0,4,6,2,4
S01011489,Born outside the UK: Resident less than 2 years,0,0,0,0,0,0,0
S01011489,Born outside the UK: Resident 2 years or more and less than 5 years,0,0,0,0,0,0,0
S01011489,Born outside the UK: Resident 5 years or more and less than 10 years,2,0,0,0,2,0,2
S01011489,Born outside the UK: Resident 10 years or more,8,4,0,4,4,2,2
S01011490,All people in households,956,565,126,439,391,300,91
S01011490,Born in the UK,896,541,120,421,355,285,70
S01011490,Born outside the UK: Total,60,24,6,18,36,15,21
S01011490,Born outside the UK: Resident less than 2 years,7,1,0,1,6,0,6
S01011490,Born outside the UK: Resident 2 years or more and less than 5 years,21,3,0,3,18,6,12
S01011490,Born outside the UK: Resident 5 years or more and less than 10 years,23,12,0,12,11,8,3
S01011490,Born outside the UK: Resident 10 years or more,9,8,6,2,1,1,0
S01011491,All people in households,514,188,55,133,326,303,23
S01011491,Born in the UK,472,184,54,130,288,270,18
S01011491,Born outside the UK: Total,42,4,1,3,38,33,5
S01011491,Born outside the UK: Resident less than 2 years,5,0,0,0,5,4,1
S01011491,Born outside the UK: Resident 2 years or more and less than 5 years,28,2,0,2,26,22,4
S01011491,Born outside the UK: Resident 5 years or more and less than 10 years,6,1,1,0,5,5,0
S01011491,Born outside the UK: Resident 10 years or more,3,1,0,1,2,2,0
S01011492,All people in households,760,208,40,168,552,244,308
S01011492,Born in the UK,588,177,32,145,411,204,207
S01011492,Born outside the UK: Total,172,31,8,23,141,40,101
S01011492,Born outside the UK: Resident less than 2 years,44,0,0,0,44,7,37
S01011492,Born outside the UK: Resident 2 years or more and less than 5 years,68,12,3,9,56,22,34
S01011492,Born outside the UK: Resident 5 years or more and less than 10 years,46,11,1,10,35,8,27
S01011492,Born outside the UK: Resident 10 years or more,14,8,4,4,6,3,3
S01011493,All people in households,545,530,61,469,15,8,7
S01011493,Born in the UK,523,516,59,457,7,5,2
S01011493,Born outside the UK: Total,22,14,2,12,8,3,5
S01011493,Born outside the UK: Resident less than 2 years,4,0,0,0,4,0,4
S01011493,Born outside the UK: Resident 2 years or more and less than 5 years,0,0,0,0,0,0,0
S01011493,Born outside the UK: Resident 5 years or more and less than 10 years,7,3,0,3,4,3,1
S01011493,Born outside the UK: Resident 10 years or more,11,11,2,9,0,0,0
S01011494,All people in households,729,433,107,326,296,265,31
S01011494,Born in the UK,708,423,106,317,285,259,26
S01011494,Born outside the UK: Total,21,10,1,9,11,6,5
S01011494,Born outside the UK: Resident less than 2 years,5,0,0,0,5,0,5
S01011494,Born outside the UK: Resident 2 years or more and less than 5 years,4,0,0,0,4,4,0
S01011494,Born outside the UK: Resident 5 years or more and less than 10 years,4,4,0,4,0,0,0
S01011494,Born outside the UK: Resident 10 years or more,8,6,1,5,2,2,0
S01011495,All people in households,812,340,113,227,472,417,55
S01011495,Born in the UK,767,330,112,218,437,408,29
S01011495,Born outside the UK: Total,45,10,1,9,35,9,26
S01011495,Born outside the UK: Resident less than 2 years,11,0,0,0,11,0,11
S01011495,Born outside the UK: Resident 2 years or more and less than 5 years,14,0,0,0,14,0,14
S01011495,Born outside the UK: Resident 5 years or more and less than 10 years,9,4,0,4,5,4,1
S01011495,Born outside the UK: Resident 10 years or more,11,6,1,5,5,5,0
S01011496,All people in households,649,116,28,88,533,513,20
S01011496,Born in the UK,545,107,27,80,438,420,18
S01011496,Born outside the UK: Total,104,9,1,8,95,93,2
S01011496,Born outside the UK: Resident less than 2 years,13,0,0,0,13,13,0
S01011496,Born outside the UK: Resident 2 years or more and less than 5 years,70,4,0,4,66,66,0
S01011496,Born outside the UK: Resident 5 years or more and less than 10 years,14,0,0,0,14,12,2
S01011496,Born outside the UK: Resident 10 years or more,7,5,1,4,2,2,0
S01011497,All people in households,617,518,114,404,99,30,69
S01011497,Born in the UK,586,498,109,389,88,30,58
S01011497,Born outside the UK: Total,31,20,5,15,11,0,11
S01011497,Born outside the UK: Resident less than 2 years,3,2,0,2,1,0,1
S01011497,Born outside the UK: Resident 2 years or more and less than 5 years,8,0,0,0,8,0,8
S01011497,Born outside the UK: Resident 5 years or more and less than 10 years,4,2,0,2,2,0,2
S01011497,Born outside the UK: Resident 10 years or more,16,16,5,11,0,0,0
S01011498,All people in households,672,623,119,504,49,26,23
S01011498,Born in the UK,648,607,111,496,41,24,17
S01011498,Born outside the UK: Total,24,16,8,8,8,2,6
S01011498,Born outside the UK: Resident less than 2 years,4,2,0,2,2,0,2
S01011498,Born outside the UK: Resident 2 years or more and less than 5 years,5,1,1,0,4,0,4
S01011498,Born outside the UK: Resident 5 years or more and less than 10 years,2,2,0,2,0,0,0
S01011498,Born outside the UK: Resident 10 years or more,13,11,7,4,2,2,0
S01011499,All people in households,806,598,144,454,208,149,59
S01011499,Born in the UK,785,586,142,444,199,145,54
S01011499,Born outside the UK: Total,21,12,2,10,9,4,5
S01011499,Born outside the UK: Resident less than 2 years,3,1,0,1,2,0,2
S01011499,Born outside the UK: Resident 2 years or more and less than 5 years,1,1,0,1,0,0,0
S01011499,Born outside the UK: Resident 5 years or more and less than 10 years,5,2,0,2,3,2,1
S01011499,Born outside the UK: Resident 10 years or more,12,8,2,6,4,2,2
S01011500,All people in households,512,375,135,240,137,107,30
S01011500,Born in the UK,504,371,134,237,133,106,27
S01011500,Born outside the UK: Total,8,4,1,3,4,1,3
S01011500,Born outside the UK: Resident less than 2 years,2,0,0,0,2,0,2
S01011500,Born outside the UK: Resident 2 years or more and less than 5 years,0,0,0,0,0,0,0
S01011500,Born outside the UK: Resident 5 years or more and less than 10 years,1,1,0,1,0,0,0
S01011500,Born outside the UK: Resident 10 years or more,5,3,1,2,2,1,1
S01011501,All people in households,673,241,69,172,432,384,48
S01011501,Born in the UK,656,239,68,171,417,383,34
S01011501,Born outside the UK: Total,17,2,1,1,15,1,14
S01011501,Born outside the UK: Resident less than 2 years,13,0,0,0,13,0,13
S01011501,Born outside the UK: Resident 2 years or more and less than 5 years,0,0,0,0,0,0,0
S01011501,Born outside the UK: Resident 5 years or more and less than 10 years,2,1,1,0,1,1,0
S01011501,Born outside the UK: Resident 10 years or more,2,1,0,1,1,0,1
S01011502,All people in households,755,469,123,346,286,267,19
S01011502,Born in the UK,740,461,120,341,279,263,16
S01011502,Born outside the UK: Total,15,8,3,5,7,4,3
S01011502,Born outside the UK: Resident less than 2 years,0,0,0,0,0,0,0
S01011502,Born outside the UK: Resident 2 years or more and less than 5 years,6,1,0,1,5,3,2
S01011502,Born outside the UK: Resident 5 years or more and less than 10 years,2,1,0,1,1,1,0
S01011502,Born outside the UK: Resident 10 years or more,7,6,3,3,1,0,1
S01011503,All people in households,641,446,137,309,195,161,34
S01011503,Born in the UK,634,441,136,305,193,160,33
S01011503,Born outside the UK: Total,7,5,1,4,2,1,1
S01011503,Born outside the UK: Resident less than 2 years,1,1,0,1,0,0,0
S01011503,Born outside the UK: Resident 2 years or more and less than 5 years,0,0,0,0,0,0,0
S01011503,Born outside the UK: Resident 5 years or more and less than 10 years,0,0,0,0,0,0,0
S01011503,Born outside the UK: Resident 10 years or more,6,4,1,3,2,1,1
S01011504,All people in households,578,440,168,272,138,107,31
S01011504,Born in the UK,558,422,165,257,136,105,31
S01011504,Born outside the UK: Total,20,18,3,15,2,2,0
S01011504,Born outside the UK: Resident less than 2 years,0,0,0,0,0,0,0
S01011504,Born outside the UK: Resident 2 years or more and less than 5 years,0,0,0,0,0,0,0
S01011504,Born outside the UK: Resident 5 years or more and less than 10 years,1,1,0,1,0,0,0
S01011504,Born outside the UK: Resident 10 years or more,19,17,3,14,2,2,0
S01011505,All people in households,698,328,65,263,370,285,85
S01011505,Born in the UK,674,317,61,256,357,282,75
S01011505,Born outside the UK: Total,24,11,4,7,13,3,10
S01011505,Born outside the UK: Resident less than 2 years,1,1,0,1,0,0,0
S01011505,Born outside the UK: Resident 2 years or more and less than 5 years,9,1,0,1,8,1,7
S01011505,Born outside the UK: Resident 5 years or more and less than 10 years,4,2,1,1,2,0,2
S01011505,Born outside the UK: Resident 10 years or more,10,7,3,4,3,2,1
S01011506,All people in households,503,371,138,233,132,116,16
S01011506,Born in the UK,495,363,134,229,132,116,16
S01011506,Born outside the UK: Total,8,8,4,4,0,0,0
S01011506,Born outside the UK: Resident less than 2 years,0,0,0,0,0,0,0
S01011506,Born outside the UK: Resident 2 years or more and less than 5 years,0,0,0,0,0,0,0
S01011506,Born outside the UK: Resident 5 years or more and less than 10 years,1,1,0,1,0,0,0
S01011506,Born outside the UK: Resident 10 years or more,7,7,4,3,0,0,0
S01011507,All people in households,612,378,131,247,234,207,27
S01011507,Born in the UK,594,365,125,240,229,206,23
S01011507,Born outside the UK: Total,18,13,6,7,5,1,4
S01011507,Born outside the UK: Resident less than 2 years,3,0,0,0,3,0,3
S01011507,Born outside the UK: Resident 2 years or more and less than 5 years,5,4,0,4,1,0,1
S01011507,Born outside the UK: Resident 5 years or more and less than 10 years,1,1,0,1,0,0,0
S01011507,Born outside the UK: Resident 10 years or more,9,8,6,2,1,1,0
S01011508,All people in households,962,626,135,491,336,215,121
S01011508,Born in the UK,915,602,134,468,313,212,101
S01011508,Born outside the UK: Total,47,24,1,23,23,3,20
S01011508,Born outside the UK: Resident less than 2 years,2,1,0,1,1,0,1
S01011508,Born outside the UK: Resident 2 years or more and less than 5 years,16,1,0,1,15,2,13
S01011508,Born outside the UK: Resident 5 years or more and less than 10 years,8,4,0,4,4,0,4
S01011508,Born outside the UK: Resident 10 years or more,21,18,1,17,3,1,2
S01011509,All people in households,610,470,144,326,140,114,26
S01011509,Born in the UK,601,463,143,320,138,112,26
S01011509,Born outside the UK: Total,9,7,1,6,2,2,0
S01011509,Born outside the UK: Resident less than 2 years,0,0,0,0,0,0,0
S01011509,Born outside the UK: Resident 2 years or more and less than 5 years,1,1,0,1,0,0,0
S01011509,Born outside the UK: Resident 5 years or more and less than 10 years,2,2,1,1,0,0,0
S01011509,Born outside the UK: Resident 10 years or more,6,4,0,4,2,2,0
S01011510,All people in households,1122,549,154,395,573,480,93
S01011510,Born in the UK,1101,536,151,385,565,478,87
S01011510,Born outside the UK: Total,21,13,3,10,8,2,6
S01011510,Born outside the UK: Resident less than 2 years,1,0,0,0,1,0,1
S01011510,Born outside the UK: Resident 2 years or more and less than 5 years,5,0,0,0,5,2,3
S01011510,Born outside the UK: Resident 5 years or more and less than 10 years,5,5,0,5,0,0,0
S01011510,Born outside the UK: Resident 10 years or more,10,8,3,5,2,0,2
S01011511,All people in households,524,237,75,162,287,275,12
S01011511,Born in the UK,510,224,73,151,286,275,11
S01011511,Born outside the UK: Total,14,13,2,11,1,0,1
S01011511,Born outside the UK: Resident less than 2 years,0,0,0,0,0,0,0
S01011511,Born outside the UK: Resident 2 years or more and less than 5 years,4,4,0,4,0,0,0
S01011511,Born outside the UK: Resident 5 years or more and less than 10 years,4,4,0,4,0,0,0
S01011511,Born outside the UK: Resident 10 years or more,6,5,2,3,1,0,1
S01011512,All people in households,951,234,42,192,717,685,32
S01011512,Born in the UK,937,227,42,185,710,680,30
S01011512,Born outside the UK: Total,14,7,0,7,7,5,2
S01011512,Born outside the UK: Resident less than 2 years,0,0,0,0,0,0,0
S01011512,Born outside the UK: Resident 2 years or more and less than 5 years,1,0,0,0,1,1,0
S01011512,Born outside the UK: Resident 5 years or more and less than 10 years,5,5,0,5,0,0,0
S01011512,Born outside the UK: Resident 10 years or more,8,2,0,2,6,4,2
S01011513,All people in households,774,319,101,218,455,420,35
S01011513,Born in the UK,737,308,101,207,429,411,18
S01011513,Born outside the UK: Total,37,11,0,11,26,9,17
S01011513,Born outside the UK: Resident less than 2 years,2,0,0,0,2,1,1
S01011513,Born outside the UK: Resident 2 years or more and less than 5 years,15,2,0,2,13,2,11
S01011513,Born outside the UK: Resident 5 years or more and less than 10 years,7,1,0,1,6,1,5
S01011513,Born outside the UK: Resident 10 years or more,13,8,0,8,5,5,0
S01011514,All people in households,954,422,115,307,532,512,20
S01011514,Born in the UK,935,410,110,300,525,505,20
S01011514,Born outside the UK: Total,19,12,5,7,7,7,0
S01011514,Born outside the UK: Resident less than 2 years,1,0,0,0,1,1,0
S01011514,Born outside the UK: Resident 2 years or more and less than 5 years,3,3,0,3,0,0,0
S01011514,Born outside the UK: Resident 5 years or more and less than 10 years,3,1,0,1,2,2,0
S01011514,Born outside the UK: Resident 10 years or more,12,8,5,3,4,4,0
S01011515,All people in households,522,412,99,313,110,26,84
S01011515,Born in the UK,509,402,95,307,107,26,81
S01011515,Born outside the UK: Total,13,10,4,6,3,0,3
S01011515,Born outside the UK: Resident less than 2 years,2,2,2,0,0,0,0
S01011515,Born outside the UK: Resident 2 years or more and less than 5 years,3,0,0,0,3,0,3
S01011515,Born outside the UK: Resident 5 years or more and less than 10 years,0,0,0,0,0,0,0
S01011515,Born outside the UK: Resident 10 years or more,8,8,2,6,0,0,0
S01011516,All people in households,887,786,183,603,101,29,72
S01011516,Born in the UK,855,760,178,582,95,27,68
S01011516,Born outside the UK: Total,32,26,5,21,6,2,4
S01011516,Born outside the UK: Resident less than 2 years,2,1,0,1,1,0,1
S01011516,Born outside the UK: Resident 2 years or more and less than 5 years,6,4,1,3,2,2,0
S01011516,Born outside the UK: Resident 5 years or more and less than 10 years,10,8,1,7,2,0,2
S01011516,Born outside the UK: Resident 10 years or more,14,13,3,10,1,0,1
S01011517,All people in households,565,396,125,271,169,140,29
S01011517,Born in the UK,546,382,121,261,164,139,25
S01011517,Born outside the UK: Total,19,14,4,10,5,1,4
S01011517,Born outside the UK: Resident less than 2 years,1,0,0,0,1,0,1
S01011517,Born outside the UK: Resident 2 years or more and less than 5 years,6,3,1,2,3,0,3
S01011517,Born outside the UK: Resident 5 years or more and less than 10 years,1,1,0,1,0,0,0
S01011517,Born outside the UK: Resident 10 years or more,11,10,3,7,1,1,0
S01011518,All people in households,661,344,93,251,317,286,31
S01011518,Born in the UK,653,338,92,246,315,284,31
S01011518,Born outside the UK: Total,8,6,1,5,2,2,0
S01011518,Born outside the UK: Resident less than 2 years,1,1,0,1,0,0,0
S01011518,Born outside the UK: Resident 2 years or more and less than 5 years,2,2,0,2,0,0,0
S01011518,Born outside the UK: Resident 5 years or more and less than 10 years,1,1,0,1,0,0,0
S01011518,Born outside the UK: Resident 10 years or more,4,2,1,1,2,2,0
S01011519,All people in households,781,443,151,292,338,305,33
S01011519,Born in the UK,772,436,150,286,336,304,32
S01011519,Born outside the UK: Total,9,7,1,6,2,1,1
S01011519,Born outside the UK: Resident less than 2 years,0,0,0,0,0,0,0
S01011519,Born outside the UK: Resident 2 years or more and less than 5 years,1,1,1,0,0,0,0
S01011519,Born outside the UK: Resident 5 years or more and less than 10 years,6,5,0,5,1,0,1
S01011519,Born outside the UK: Resident 10 years or more,2,1,0,1,1,1,0
S01011520,All people in households,596,203,37,166,393,376,17
S01011520,Born in the UK,591,200,37,163,391,374,17
S01011520,Born outside the UK: Total,5,3,0,3,2,2,0
S01011520,Born outside the UK: Resident less than 2 years,1,1,0,1,0,0,0
S01011520,Born outside the UK: Resident 2 years or more and less than 5 years,0,0,0,0,0,0,0
S01011520,Born outside the UK: Resident 5 years or more and less than 10 years,0,0,0,0,0,0,0
S01011520,Born outside the UK: Resident 10 years or more,4,2,0,2,2,2,0
S01011521,All people in households,967,426,129,297,541,435,106
S01011521,Born in the UK,937,411,122,289,526,432,94
S01011521,Born outside the UK: Total,30,15,7,8,15,3,12
S01011521,Born outside the UK: Resident less than 2 years,2,2,2,0,0,0,0
S01011521,Born outside the UK: Resident 2 years or more and less than 5 years,11,3,0,3,8,0,8
S01011521,Born outside the UK: Resident 5 years or more and less than 10 years,7,5,2,3,2,0,2
S01011521,Born outside the UK: Resident 10 years or more,10,5,3,2,5,3,2
S01011522,All people in households,891,431,97,334,460,371,89
S01011522,Born in the UK,842,414,90,324,428,358,70
S01011522,Born outside the UK: Total,49,17,7,10,32,13,19
S01011522,Born outside the UK: Resident less than 2 years,1,0,0,0,1,0,1
S01011522,Born outside the UK: Resident 2 years or more and less than 5 years,11,0,0,0,11,5,6
S01011522,Born outside the UK: Resident 5 years or more and less than 10 years,17,6,2,4,11,3,8
S01011522,Born outside the UK: Resident 10 years or more,20,11,5,6,9,5,4
S01011523,All people in households,741,387,84,303,354,233,121
S01011523,Born in the UK,721,375,80,295,346,233,113
S01011523,Born outside the UK: Total,20,12,4,8,8,0,8
S01011523,Born outside the UK: Resident less than 2 years,1,1,1,0,0,0,0
S01011523,Born outside the UK: Resident 2 years or more and less than 5 years,8,0,0,0,8,0,8
S01011523,Born outside the UK: Resident 5 years or more and less than 10 years,6,6,0,6,0,0,0
S01011523,Born outside the UK: Resident 10 years or more,5,5,3,2,0,0,0
S01011524,All people in households,890,735,180,555,155,109,46
S01011524,Born in the UK,873,725,178,547,148,107,41
S01011524,Born outside the UK: Total,17,10,2,8,7,2,5
S01011524,Born outside the UK: Resident less than 2 years,0,0,0,0,0,0,0
S01011524,Born outside the UK: Resident 2 years or more and less than 5 years,8,2,0,2,6,2,4
S01011524,Born outside the UK: Resident 5 years or more and less than 10 years,1,1,0,1,0,0,0
S01011524,Born outside the UK: Resident 10 years or more,8,7,2,5,1,0,1
S01011525,All people in households,873,704,112,592,169,125,44
S01011525,Born in the UK,860,695,109,586,165,124,41
S01011525,Born outside the UK: Total,13,9,3,6,4,1,3
S01011525,Born outside the UK: Resident less than 2 years,0,0,0,0,0,0,0
S01011525,Born outside the UK: Resident 2 years or more and less than 5 years,7,4,1,3,3,0,3
S01011525,Born outside the UK: Resident 5 years or more and less than 10 years,2,2,0,2,0,0,0
S01011525,Born outside the UK: Resident 10 years or more,4,3,2,1,1,1,0
S01011526,All people in households,1018,723,177,546,295,206,89
S01011526,Born in the UK,983,692,165,527,291,206,85
S01011526,Born outside the UK: Total,35,31,12,19,4,0,4
S01011526,Born outside the UK: Resident less than 2 years,1,0,0,0,1,0,1
S01011526,Born outside the UK: Resident 2 years or more and less than 5 years,2,1,0,1,1,0,1
S01011526,Born outside the UK: Resident 5 years or more and less than 10 years,5,3,0,3,2,0,2
S01011526,Born outside the UK: Resident 10 years or more,27,27,12,15,0,0,0
S01011527,All people in households,704,575,217,358,129,88,41
S01011527,Born in the UK,689,563,211,352,126,87,39
S01011527,Born outside the UK: Total,15,12,6,6,3,1,2
S01011527,Born outside the UK: Resident less than 2 years,2,0,0,0,2,0,2
S01011527,Born outside the UK: Resident 2 years or more and less than 5 years,0,0,0,0,0,0,0
S01011527,Born outside the UK: Resident 5 years or more and less than 10 years,2,1,0,1,1,1,0
S01011527,Born outside the UK: Resident 10 years or more,11,11,6,5,0,0,0
S01011528,All people in households,974,488,203,285,486,409,77
S01011528,Born in the UK,948,476,198,278,472,404,68
S01011528,Born outside the UK: Total,26,12,5,7,14,5,9
S01011528,Born outside the UK: Resident less than 2 years,1,0,0,0,1,0,1
S01011528,Born outside the UK: Resident 2 years or more and less than 5 years,6,0,0,0,6,0,6
S01011528,Born outside the UK: Resident 5 years or more and less than 10 years,9,3,0,3,6,5,1
S01011528,Born outside the UK: Resident 10 years or more,10,9,5,4,1,0,1
S01011529,All people in households,529,190,56,134,339,304,35
S01011529,Born in the UK,518,185,56,129,333,302,31
S01011529,Born outside the UK: Total,11,5,0,5,6,2,4
S01011529,Born outside the UK: Resident less than 2 years,0,0,0,0,0,0,0
S01011529,Born outside the UK: Resident 2 years or more and less than 5 years,3,0,0,0,3,0,3
S01011529,Born outside the UK: Resident 5 years or more and less than 10 years,3,1,0,1,2,1,1
S01011529,Born outside the UK: Resident 10 years or more,5,4,0,4,1,1,0
S01011530,All people in households,947,510,141,369,437,397,40
S01011530,Born in the UK,937,505,140,365,432,394,38
S01011530,Born outside the UK: Total,10,5,1,4,5,3,2
S01011530,Born outside the UK: Resident less than 2 years,1,1,0,1,0,0,0
S01011530,Born outside the UK: Resident 2 years or more and less than 5 years,0,0,0,0,0,0,0
S01011530,Born outside the UK: Resident 5 years or more and less than 10 years,1,0,0,0,1,1,0
S01011530,Born outside the UK: Resident 10 years or more,8,4,1,3,4,2,2
S01011531,All people in households,1100,836,214,622,264,159,105
S01011531,Born in the UK,1052,809,210,599,243,151,92
S01011531,Born outside the UK: Total,48,27,4,23,21,8,13
S01011531,Born outside the UK: Resident less than 2 years,1,1,0,1,0,0,0
S01011531,Born outside the UK: Resident 2 years or more and less than 5 years,13,5,0,5,8,4,4
S01011531,Born outside the UK: Resident 5 years or more and less than 10 years,9,7,0,7,2,1,1
S01011531,Born outside the UK: Resident 10 years or more,25,14,4,10,11,3,8
S01011532,All people in households,652,562,76,486,90,45,45
S01011532,Born in the UK,641,552,76,476,89,44,45
S01011532,Born outside the UK: Total,11,10,0,10,1,1,0
S01011532,Born outside the UK: Resident less than 2 years,1,1,0,1,0,0,0
S01011532,Born outside the UK: Resident 2 years or more and less than 5 years,0,0,0,0,0,0,0
S01011532,Born outside the UK: Resident 5 years or more and less than 10 years,2,2,0,2,0,0,0
S01011532,Born outside the UK: Resident 10 years or more,8,7,0,7,1,1,0
S01011533,All people in households,626,257,98,159,369,343,26
S01011533,Born in the UK,615,252,94,158,363,340,23
S01011533,Born outside the UK: Total,11,5,4,1,6,3,3
S01011533,Born outside the UK: Resident less than 2 years,0,0,0,0,0,0,0
S01011533,Born outside the UK: Resident 2 years or more and less than 5 years,2,0,0,0,2,0,2
S01011533,Born outside the UK: Resident 5 years or more and less than 10 years,2,0,0,0,2,2,0
S01011533,Born outside the UK: Resident 10 years or more,7,5,4,1,2,1,1
S01011534,All people in households,766,432,116,316,334,289,45
S01011534,Born in the UK,752,421,114,307,331,286,45
S01011534,Born outside the UK: Total,14,11,2,9,3,3,0
S01011534,Born outside the UK: Resident less than 2 years,0,0,0,0,0,0,0
S01011534,Born outside the UK: Resident 2 years or more and less than 5 years,0,0,0,0,0,0,0
S01011534,Born outside the UK: Resident 5 years or more and less than 10 years,0,0,0,0,0,0,0
S01011534,Born outside the UK: Resident 10 years or more,14,11,2,9,3,3,0
S01011535,All people in households,862,233,90,143,629,606,23
S01011535,Born in the UK,842,225,87,138,617,600,17
S01011535,Born outside the UK: Total,20,8,3,5,12,6,6
S01011535,Born outside the UK: Resident less than 2 years,4,0,0,0,4,0,4
S01011535,Born outside the UK: Resident 2 years or more and less than 5 years,2,0,0,0,2,1,1
S01011535,Born outside the UK: Resident 5 years or more and less than 10 years,2,1,0,1,1,0,1
S01011535,Born outside the UK: Resident 10 years or more,12,7,3,4,5,5,0
S01011536,All people in households,674,627,202,425,47,20,27
S01011536,Born in the UK,646,600,193,407,46,20,26
S01011536,Born outside the UK: Total,28,27,9,18,1,0,1
S01011536,Born outside the UK: Resident less than 2 years,0,0,0,0,0,0,0
S01011536,Born outside the UK: Resident 2 years or more and less than 5 years,1,1,0,1,0,0,0
S01011536,Born outside the UK: Resident 5 years or more and less than 10 years,1,1,0,1,0,0,0
S01011536,Born outside the UK: Resident 10 years or more,26,25,9,16,1,0,1
S01011537,All people in households,530,474,87,387,56,6,50
S01011537,Born in the UK,511,459,81,378,52,6,46
S01011537,Born outside the UK: Total,19,15,6,9,4,0,4
S01011537,Born outside the UK: Resident less than 2 years,1,0,0,0,1,0,1
S01011537,Born outside the UK: Resident 2 years or more and less than 5 years,3,3,2,1,0,0,0
S01011537,Born outside the UK: Resident 5 years or more and less than 10 years,3,3,0,3,0,0,0
S01011537,Born outside the UK: Resident 10 years or more,12,9,4,5,3,0,3
S01011538,All people in households,655,603,219,384,52,10,42
S01011538,Born in the UK,635,584,211,373,51,10,41
S01011538,Born outside the UK: Total,20,19,8,11,1,0,1
S01011538,Born outside the UK: Resident less than 2 years,1,1,1,0,0,0,0
S01011538,Born outside the UK: Resident 2 years or more and less than 5 years,1,1,1,0,0,0,0
S01011538,Born outside the UK: Resident 5 years or more and less than 10 years,3,3,1,2,0,0,0
S01011538,Born outside the UK: Resident 10 years or more,15,14,5,9,1,0,1
S01011539,All people in households,738,418,124,294,320,292,28
S01011539,Born in the UK,731,412,122,290,319,292,27
S01011539,Born outside the UK: Total,7,6,2,4,1,0,1
S01011539,Born outside the UK: Resident less than 2 years,0,0,0,0,0,0,0
S01011539,Born outside the UK: Resident 2 years or more and less than 5 years,0,0,0,0,0,0,0
S01011539,Born outside the UK: Resident 5 years or more and less than 10 years,1,1,0,1,0,0,0
S01011539,Born outside the UK: Resident 10 years or more,6,5,2,3,1,0,1
S01011540,All people in households,1052,703,155,548,349,296,53
S01011540,Born in the UK,1044,696,153,543,348,295,53
S01011540,Born outside the UK: Total,8,7,2,5,1,1,0
S01011540,Born outside the UK: Resident less than 2 years,1,1,0,1,0,0,0
S01011540,Born outside the UK: Resident 2 years or more and less than 5 years,4,3,2,1,1,1,0
S01011540,Born outside the UK: Resident 5 years or more and less than 10 years,0,0,0,0,0,0,0
S01011540,Born outside the UK: Resident 10 years or more,3,3,0,3,0,0,0
S01011541,All people in households,937,366,92,274,571,538,33
S01011541,Born in the UK,925,362,92,270,563,530,33
S01011541,Born outside the UK: Total,12,4,0,4,8,8,0
S01011541,Born outside the UK: Resident less than 2 years,0,0,0,0,0,0,0
S01011541,Born outside the UK: Resident 2 years or more and less than 5 years,3,0,0,0,3,3,0
S01011541,Born outside the UK: Resident 5 years or more and less than 10 years,1,0,0,0,1,1,0
S01011541,Born outside the UK: Resident 10 years or more,8,4,0,4,4,4,0
S01011542,All people in households,929,517,140,377,412,383,29
S01011542,Born in the UK,916,507,134,373,409,381,28
S01011542,Born outside the UK: Total,13,10,6,4,3,2,1
S01011542,Born outside the UK: Resident less than 2 years,0,0,0,0,0,0,0
S01011542,Born outside the UK: Resident 2 years or more and less than 5 years,1,0,0,0,1,0,1
S01011542,Born outside the UK: Resident 5 years or more and less than 10 years,1,1,0,1,0,0,0
S01011542,Born outside the UK: Resident 10 years or more,11,9,6,3,2,2,0
S01011543,All people in households,810,320,44,276,490,469,21
S01011543,Born in the UK,802,316,44,272,486,465,21
S01011543,Born outside the UK: Total,8,4,0,4,4,4,0
S01011543,Born outside the UK: Resident less than 2 years,0,0,0,0,0,0,0
S01011543,Born outside the UK: Resident 2 years or more and less than 5 years,0,0,0,0,0,0,0
S01011543,Born outside the UK: Resident 5 years or more and less than 10 years,0,0,0,0,0,0,0
S01011543,Born outside the UK: Resident 10 years or more,8,4,0,4,4,4,0
S01011544,All people in households,673,370,67,303,303,288,15
S01011544,Born in the UK,669,367,67,300,302,287,15
S01011544,Born outside the UK: Total,4,3,0,3,1,1,0
S01011544,Born outside the UK: Resident less than 2 years,0,0,0,0,0,0,0
S01011544,Born outside the UK: Resident 2 years or more and less than 5 years,0,0,0,0,0,0,0
S01011544,Born outside the UK: Resident 5 years or more and less than 10 years,0,0,0,0,0,0,0
S01011544,Born outside the UK: Resident 10 years or more,4,3,0,3,1,1,0
S01011545,All people in households,572,350,98,252,222,207,15
S01011545,Born in the UK,565,347,98,249,218,204,14
S01011545,Born outside the UK: Total,7,3,0,3,4,3,1
S01011545,Born outside the UK: Resident less than 2 years,1,0,0,0,1,0,1
S01011545,Born outside the UK: Resident 2 years or more and less than 5 years,1,1,0,1,0,0,0
S01011545,Born outside the UK: Resident 5 years or more and less than 10 years,0,0,0,0,0,0,0
S01011545,Born outside the UK: Resident 10 years or more,5,2,0,2,3,3,0
S01011546,All people in households,747,726,77,649,21,10,11
S01011546,Born in the UK,724,706,73,633,18,7,11
S01011546,Born outside the UK: Total,23,20,4,16,3,3,0
S01011546,Born outside the UK: Resident less than 2 years,1,1,0,1,0,0,0
S01011546,Born outside the UK: Resident 2 years or more and less than 5 years,4,3,0,3,1,1,0
S01011546,Born outside the UK: Resident 5 years or more and less than 10 years,2,1,1,0,1,1,0
S01011546,Born outside the UK: Resident 10 years or more,16,15,3,12,1,1,0
S01011547,All people in households,609,551,65,486,58,14,44
S01011547,Born in the UK,600,542,63,479,58,14,44
S01011547,Born outside the UK: Total,9,9,2,7,0,0,0
S01011547,Born outside the UK: Resident less than 2 years,1,1,0,1,0,0,0
S01011547,Born outside the UK: Resident 2 years or more and less than 5 years,0,0,0,0,0,0,0
S01011547,Born outside the UK: Resident 5 years or more and less than 10 years,0,0,0,0,0,0,0
S01011547,Born outside the UK: Resident 10 years or more,8,8,2,6,0,0,0
S01011548,All people in households,746,582,190,392,164,116,48
S01011548,Born in the UK,732,573,184,389,159,113,46
S01011548,Born outside the UK: Total,14,9,6,3,5,3,2
S01011548,Born outside the UK: Resident less than 2 years,1,0,0,0,1,0,1
S01011548,Born outside the UK: Resident 2 years or more and less than 5 years,0,0,0,0,0,0,0
S01011548,Born outside the UK: Resident 5 years or more and less than 10 years,2,0,0,0,2,2,0
S01011548,Born outside the UK: Resident 10 years or more,11,9,6,3,2,1,1
S01011549,All people in households,801,714,301,413,87,69,18
S01011549,Born in the UK,792,710,299,411,82,69,13
S01011549,Born outside the UK: Total,9,4,2,2,5,0,5
S01011549,Born outside the UK: Resident less than 2 years,0,0,0,0,0,0,0
S01011549,Born outside the UK: Resident 2 years or more and less than 5 years,2,0,0,0,2,0,2
S01011549,Born outside the UK: Resident 5 years or more and less than 10 years,4,2,0,2,2,0,2
S01011549,Born outside the UK: Resident 10 years or more,3,2,2,0,1,0,1
S01011550,All people in households,714,686,298,388,28,19,9
S01011550,Born in the UK,693,667,288,379,26,17,9
S01011550,Born outside the UK: Total,21,19,10,9,2,2,0
S01011550,Born outside the UK: Resident less than 2 years,0,0,0,0,0,0,0
S01011550,Born outside the UK: Resident 2 years or more and less than 5 years,1,1,0,1,0,0,0
S01011550,Born outside the UK: Resident 5 years or more and less than 10 years,0,0,0,0,0,0,0
S01011550,Born outside the UK: Resident 10 years or more,20,18,10,8,2,2,0
S01011551,All people in households,548,424,137,287,124,91,33
S01011551,Born in the UK,535,412,131,281,123,90,33
S01011551,Born outside the UK: Total,13,12,6,6,1,1,0
S01011551,Born outside the UK: Resident less than 2 years,0,0,0,0,0,0,0
S01011551,Born outside the UK: Resident 2 years or more and less than 5 years,0,0,0,0,0,0,0
S01011551,Born outside the UK: Resident 5 years or more and less than 10 years,5,5,1,4,0,0,0
S01011551,Born outside the UK: Resident 10 years or more,8,7,5,2,1,1,0
S01011552,All people in households,703,646,205,441,57,28,29
S01011552,Born in the UK,684,628,201,427,56,28,28
S01011552,Born outside the UK: Total,19,18,4,14,1,0,1
S01011552,Born outside the UK: Resident less than 2 years,0,0,0,0,0,0,0
S01011552,Born outside the UK: Resident 2 years or more and less than 5 years,4,4,0,4,0,0,0
S01011552,Born outside the UK: Resident 5 years or more and less than 10 years,3,2,0,2,1,0,1
S01011552,Born outside the UK: Resident 10 years or more,12,12,4,8,0,0,0
S01011553,All people in households,857,770,83,687,87,25,62
S01011553,Born in the UK,807,732,77,655,75,25,50
S01011553,Born outside the UK: Total,50,38,6,32,12,0,12
S01011553,Born outside the UK: Resident less than 2 years,3,0,0,0,3,0,3
S01011553,Born outside the UK: Resident 2 years or more and less than 5 years,5,4,1,3,1,0,1
S01011553,Born outside the UK: Resident 5 years or more and less than 10 years,13,8,1,7,5,0,5
S01011553,Born outside the UK: Resident 10 years or more,29,26,4,22,3,0,3
S01011554,All people in households,855,637,205,432,218,184,34
S01011554,Born in the UK,844,626,202,424,218,184,34
S01011554,Born outside the UK: Total,11,11,3,8,0,0,0
S01011554,Born outside the UK: Resident less than 2 years,0,0,0,0,0,0,0
S01011554,Born outside the UK: Resident 2 years or more and less than 5 years,0,0,0,0,0,0,0
S01011554,Born outside the UK: Resident 5 years or more and less than 10 years,1,1,0,1,0,0,0
S01011554,Born outside the UK: Resident 10 years or more,10,10,3,7,0,0,0
S01011555,All people in households,552,305,62,243,247,215,32
S01011555,Born in the UK,543,299,61,238,244,212,32
S01011555,Born outside the UK: Total,9,6,1,5,3,3,0
S01011555,Born outside the UK: Resident less than 2 years,2,0,0,0,2,2,0
S01011555,Born outside the UK: Resident 2 years or more and less than 5 years,4,4,0,4,0,0,0
S01011555,Born outside the UK: Resident 5 years or more and less than 10 years,0,0,0,0,0,0,0
S01011555,Born outside the UK: Resident 10 years or more,3,2,1,1,1,1,0
S01011556,All people in households,507,266,85,181,241,208,33
S01011556,Born in the UK,505,264,84,180,241,208,33
S01011556,Born outside the UK: Total,2,2,1,1,0,0,0
S01011556,Born outside the UK: Resident less than 2 years,0,0,0,0,0,0,0
S01011556,Born outside the UK: Resident 2 years or more and less than 5 years,0,0,0,0,0,0,0
S01011556,Born outside the UK: Resident 5 years or more and less than 10 years,0,0,0,0,0,0,0
S01011556,Born outside the UK: Resident 10 years or more,2,2,1,1,0,0,0
S01011557,All people in households,750,461,110,351,289,246,43
S01011557,Born in the UK,741,454,110,344,287,244,43
S01011557,Born outside the UK: Total,9,7,0,7,2,2,0
S01011557,Born outside the UK: Resident less than 2 years,0,0,0,0,0,0,0
S01011557,Born outside the UK: Resident 2 years or more and less than 5 years,3,3,0,3,0,0,0
S01011557,Born outside the UK: Resident 5 years or more and less than 10 years,1,1,0,1,0,0,0
S01011557,Born outside the UK: Resident 10 years or more,5,3,0,3,2,2,0
S01011558,All people in households,577,277,58,219,300,279,21
S01011558,Born in the UK,566,273,58,215,293,272,21
S01011558,Born outside the UK: Total,11,4,0,4,7,7,0
S01011558,Born outside the UK: Resident less than 2 years,0,0,0,0,0,0,0
S01011558,Born outside the UK: Resident 2 years or more and less than 5 years,6,0,0,0,6,6,0
S01011558,Born outside the UK: Resident 5 years or more and less than 10 years,0,0,0,0,0,0,0
S01011558,Born outside the UK: Resident 10 years or more,5,4,0,4,1,1,0
S01011559,All people in households,620,330,79,251,290,261,29
S01011559,Born in the UK,611,325,77,248,286,261,25
S01011559,Born outside the UK: Total,9,5,2,3,4,0,4
S01011559,Born outside the UK: Resident less than 2 years,0,0,0,0,0,0,0
S01011559,Born outside the UK: Resident 2 years or more and less than 5 years,4,0,0,0,4,0,4
S01011559,Born outside the UK: Resident 5 years or more and less than 10 years,3,3,1,2,0,0,0
S01011559,Born outside the UK: Resident 10 years or more,2,2,1,1,0,0,0
S01011560,All people in households,757,444,79,365,313,291,22
S01011560,Born in the UK,736,431,79,352,305,286,19
S01011560,Born outside the UK: Total,21,13,0,13,8,5,3
S01011560,Born outside the UK: Resident less than 2 years,1,0,0,0,1,1,0
S01011560,Born outside the UK: Resident 2 years or more and less than 5 years,9,4,0,4,5,3,2
S01011560,Born outside the UK: Resident 5 years or more and less than 10 years,5,4,0,4,1,0,1
S01011560,Born outside the UK: Resident 10 years or more,6,5,0,5,1,1,0
S01011561,All people in households,834,451,110,341,383,343,40
S01011561,Born in the UK,822,447,110,337,375,339,36
S01011561,Born outside the UK: Total,12,4,0,4,8,4,4
S01011561,Born outside the UK: Resident less than 2 years,5,0,0,0,5,1,4
S01011561,Born outside the UK: Resident 2 years or more and less than 5 years,2,0,0,0,2,2,0
S01011561,Born outside the UK: Resident 5 years or more and less than 10 years,0,0,0,0,0,0,0
S01011561,Born outside the UK: Resident 10 years or more,5,4,0,4,1,1,0
S01011562,All people in households,647,186,29,157,461,427,34
S01011562,Born in the UK,639,184,29,155,455,421,34
S01011562,Born outside the UK: Total,8,2,0,2,6,6,0
S01011562,Born outside the UK: Resident less than 2 years,2,0,0,0,2,2,0
S01011562,Born outside the UK: Resident 2 years or more and less than 5 years,0,0,0,0,0,0,0
S01011562,Born outside the UK: Resident 5 years or more and less than 10 years,0,0,0,0,0,0,0
S01011562,Born outside the UK: Resident 10 years or more,6,2,0,2,4,4,0
S01011563,All people in households,762,268,77,191,494,459,35
S01011563,Born in the UK,747,256,76,180,491,457,34
S01011563,Born outside the UK: Total,15,12,1,11,3,2,1
S01011563,Born outside the UK: Resident less than 2 years,1,0,0,0,1,1,0
S01011563,Born outside the UK: Resident 2 years or more and less than 5 years,5,4,0,4,1,0,1
S01011563,Born outside the UK: Resident 5 years or more and less than 10 years,3,3,0,3,0,0,0
S01011563,Born outside the UK: Resident 10 years or more,6,5,1,4,1,1,0
S01011564,All people in households,966,683,152,531,283,222,61
S01011564,Born in the UK,949,671,152,519,278,218,60
S01011564,Born outside the UK: Total,17,12,0,12,5,4,1
S01011564,Born outside the UK: Resident less than 2 years,3,0,0,0,3,2,1
S01011564,Born outside the UK: Resident 2 years or more and less than 5 years,5,5,0,5,0,0,0
S01011564,Born outside the UK: Resident 5 years or more and less than 10 years,5,4,0,4,1,1,0
S01011564,Born outside the UK: Resident 10 years or more,4,3,0,3,1,1,0
S01011565,All people in households,952,537,82,455,415,341,74
S01011565,Born in the UK,938,526,80,446,412,338,74
S01011565,Born outside the UK: Total,14,11,2,9,3,3,0
S01011565,Born outside the UK: Resident less than 2 years,0,0,0,0,0,0,0
S01011565,Born outside the UK: Resident 2 years or more and less than 5 years,6,4,0,4,2,2,0
S01011565,Born outside the UK: Resident 5 years or more and less than 10 years,3,2,0,2,1,1,0
S01011565,Born outside the UK: Resident 10 years or more,5,5,2,3,0,0,0
S01011566,All people in households,917,398,104,294,519,460,59
S01011566,Born in the UK,896,390,103,287,506,450,56
S01011566,Born outside the UK: Total,21,8,1,7,13,10,3
S01011566,Born outside the UK: Resident less than 2 years,0,0,0,0,0,0,0
S01011566,Born outside the UK: Resident 2 years or more and less than 5 years,8,2,0,2,6,4,2
S01011566,Born outside the UK: Resident 5 years or more and less than 10 years,6,3,1,2,3,2,1
S01011566,Born outside the UK: Resident 10 years or more,7,3,0,3,4,4,0
S01011567,All people in households,965,579,209,370,386,349,37
S01011567,Born in the UK,960,574,209,365,386,349,37
S01011567,Born outside the UK: Total,5,5,0,5,0,0,0
S01011567,Born outside the UK: Resident less than 2 years,0,0,0,0,0,0,0
S01011567,Born outside the UK: Resident 2 years or more and less than 5 years,2,2,0,2,0,0,0
S01011567,Born outside the UK: Resident 5 years or more and less than 10 years,2,2,0,2,0,0,0
S01011567,Born outside the UK: Resident 10 years or more,1,1,0,1,0,0,0
S01011568,All people in households,847,672,143,529,175,123,52
S01011568,Born in the UK,831,660,139,521,171,119,52
S01011568,Born outside the UK: Total,16,12,4,8,4,4,0
S01011568,Born outside the UK: Resident less than 2 years,0,0,0,0,0,0,0
S01011568,Born outside the UK: Resident 2 years or more and less than 5 years,6,6,4,2,0,0,0
S01011568,Born outside the UK: Resident 5 years or more and less than 10 years,5,3,0,3,2,2,0
S01011568,Born outside the UK: Resident 10 years or more,5,3,0,3,2,2,0
S01011569,All people in households,958,703,214,489,255,205,50
S01011569,Born in the UK,931,686,207,479,245,201,44
S01011569,Born outside the UK: Total,27,17,7,10,10,4,6
S01011569,Born outside the UK: Resident less than 2 years,3,1,0,1,2,0,2
S01011569,Born outside the UK: Resident 2 years or more and less than 5 years,11,7,1,6,4,0,4
S01011569,Born outside the UK: Resident 5 years or more and less than 10 years,3,3,0,3,0,0,0
S01011569,Born outside the UK: Resident 10 years or more,10,6,6,0,4,4,0
S01011570,All people in households,690,398,132,266,292,203,89
S01011570,Born in the UK,659,393,129,264,266,190,76
S01011570,Born outside the UK: Total,31,5,3,2,26,13,13
S01011570,Born outside the UK: Resident less than 2 years,6,0,0,0,6,6,0
S01011570,Born outside the UK: Resident 2 years or more and less than 5 years,10,1,1,0,9,3,6
S01011570,Born outside the UK: Resident 5 years or more and less than 10 years,9,1,0,1,8,2,6
S01011570,Born outside the UK: Resident 10 years or more,6,3,2,1,3,2,1
S01011571,All people in households,649,205,40,165,444,386,58
S01011571,Born in the UK,616,202,40,162,414,365,49
S01011571,Born outside the UK: Total,33,3,0,3,30,21,9
S01011571,Born outside the UK: Resident less than 2 years,3,0,0,0,3,2,1
S01011571,Born outside the UK: Resident 2 years or more and less than 5 years,16,0,0,0,16,12,4
S01011571,Born outside the UK: Resident 5 years or more and less than 10 years,6,1,0,1,5,2,3
S01011571,Born outside the UK: Resident 10 years or more,8,2,0,2,6,5,1
S01011572,All people in households,588,270,90,180,318,234,84
S01011572,Born in the UK,561,260,86,174,301,228,73
S01011572,Born outside the UK: Total,27,10,4,6,17,6,11
S01011572,Born outside the UK: Resident less than 2 years,1,1,1,0,0,0,0
S01011572,Born outside the UK: Resident 2 years or more and less than 5 years,13,0,0,0,13,5,8
S01011572,Born outside the UK: Resident 5 years or more and less than 10 years,3,0,0,0,3,1,2
S01011572,Born outside the UK: Resident 10 years or more,10,9,3,6,1,0,1
S01011573,All people in households,1084,831,89,742,253,196,57
S01011573,Born in the UK,1067,819,89,730,248,195,53
S01011573,Born outside the UK: Total,17,12,0,12,5,1,4
S01011573,Born outside the UK: Resident less than 2 years,0,0,0,0,0,0,0
S01011573,Born outside the UK: Resident 2 years or more and less than 5 years,3,2,0,2,1,0,1
S01011573,Born outside the UK: Resident 5 years or more and less than 10 years,7,3,0,3,4,1,3
S01011573,Born outside the UK: Resident 10 years or more,7,7,0,7,0,0,0
S01011574,All people in households,795,628,95,533,167,114,53
S01011574,Born in the UK,787,623,93,530,164,114,50
S01011574,Born outside the UK: Total,8,5,2,3,3,0,3
S01011574,Born outside the UK: Resident less than 2 years,0,0,0,0,0,0,0
S01011574,Born outside the UK: Resident 2 years or more and less than 5 years,2,0,0,0,2,0,2
S01011574,Born outside the UK: Resident 5 years or more and less than 10 years,2,1,0,1,1,0,1
S01011574,Born outside the UK: Resident 10 years or more,4,4,2,2,0,0,0
S01011575,All people in households,533,336,65,271,197,130,67
S01011575,Born in the UK,526,331,65,266,195,130,65
S01011575,Born outside the UK: Total,7,5,0,5,2,0,2
S01011575,Born outside the UK: Resident less than 2 years,0,0,0,0,0,0,0
S01011575,Born outside the UK: Resident 2 years or more and less than 5 years,2,0,0,0,2,0,2
S01011575,Born outside the UK: Resident 5 years or more and less than 10 years,4,4,0,4,0,0,0
S01011575,Born outside the UK: Resident 10 years or more,1,1,0,1,0,0,0
S01011576,All people in households,779,191,65,126,588,565,23
S01011576,Born in the UK,767,188,64,124,579,557,22
S01011576,Born outside the UK: Total,12,3,1,2,9,8,1
S01011576,Born outside the UK: Resident less than 2 years,0,0,0,0,0,0,0
S01011576,Born outside the UK: Resident 2 years or more and less than 5 years,4,0,0,0,4,3,1
S01011576,Born outside the UK: Resident 5 years or more and less than 10 years,5,2,0,2,3,3,0
S01011576,Born outside the UK: Resident 10 years or more,3,1,1,0,2,2,0
S01011577,All people in households,702,438,98,340,264,160,104
S01011577,Born in the UK,659,425,93,332,234,153,81
S01011577,Born outside the UK: Total,43,13,5,8,30,7,23
S01011577,Born outside the UK: Resident less than 2 years,11,3,1,2,8,0,8
S01011577,Born outside the UK: Resident 2 years or more and less than 5 years,10,1,0,1,9,3,6
S01011577,Born outside the UK: Resident 5 years or more and less than 10 years,6,1,0,1,5,1,4
S01011577,Born outside the UK: Resident 10 years or more,16,8,4,4,8,3,5
S01011578,All people in households,826,425,75,350,401,371,30
S01011578,Born in the UK,801,418,71,347,383,353,30
S01011578,Born outside the UK: Total,25,7,4,3,18,18,0
S01011578,Born outside the UK: Resident less than 2 years,0,0,0,0,0,0,0
S01011578,Born outside the UK: Resident 2 years or more and less than 5 years,15,0,0,0,15,15,0
S01011578,Born outside the UK: Resident 5 years or more and less than 10 years,3,1,0,1,2,2,0
S01011578,Born outside the UK: Resident 10 years or more,7,6,4,2,1,1,0
S01011579,All people in households,1089,1014,369,645,75,23,52
S01011579,Born in the UK,1072,1001,366,635,71,22,49
S01011579,Born outside the UK: Total,17,13,3,10,4,1,3
S01011579,Born outside the UK: Resident less than 2 years,1,0,0,0,1,0,1
S01011579,Born outside the UK: Resident 2 years or more and less than 5 years,0,0,0,0,0,0,0
S01011579,Born outside the UK: Resident 5 years or more and less than 10 years,1,0,0,0,1,0,1
S01011579,Born outside the UK: Resident 10 years or more,15,13,3,10,2,1,1
S01011580,All people in households,766,451,89,362,315,260,55
S01011580,Born in the UK,731,430,79,351,301,250,51
S01011580,Born outside the UK: Total,35,21,10,11,14,10,4
S01011580,Born outside the UK: Resident less than 2 years,4,1,0,1,3,0,3
S01011580,Born outside the UK: Resident 2 years or more and less than 5 years,6,1,0,1,5,4,1
S01011580,Born outside the UK: Resident 5 years or more and less than 10 years,9,5,4,1,4,4,0
S01011580,Born outside the UK: Resident 10 years or more,16,14,6,8,2,2,0
S01011581,All people in households,789,290,88,202,499,436,63
S01011581,Born in the UK,754,280,87,193,474,429,45
S01011581,Born outside the UK: Total,35,10,1,9,25,7,18
S01011581,Born outside the UK: Resident less than 2 years,10,2,0,2,8,0,8
S01011581,Born outside the UK: Resident 2 years or more and less than 5 years,15,3,0,3,12,3,9
S01011581,Born outside the UK: Resident 5 years or more and less than 10 years,1,0,0,0,1,0,1
S01011581,Born outside the UK: Resident 10 years or more,9,5,1,4,4,4,0
S01011582,All people in households,1072,955,362,593,117,19,98
S01011582,Born in the UK,1055,941,355,586,114,19,95
S01011582,Born outside the UK: Total,17,14,7,7,3,0,3
S01011582,Born outside the UK: Resident less than 2 years,3,2,0,2,1,0,1
S01011582,Born outside the UK: Resident 2 years or more and less than 5 years,2,1,0,1,1,0,1
S01011582,Born outside the UK: Resident 5 years or more and less than 10 years,2,2,2,0,0,0,0
S01011582,Born outside the UK: Resident 10 years or more,10,9,5,4,1,0,1
S01011583,All people in households,672,371,109,262,301,203,98
S01011583,Born in the UK,653,364,107,257,289,202,87
S01011583,Born outside the UK: Total,19,7,2,5,12,1,11
S01011583,Born outside the UK: Resident less than 2 years,2,0,0,0,2,0,2
S01011583,Born outside the UK: Resident 2 years or more and less than 5 years,9,1,0,1,8,0,8
S01011583,Born outside the UK: Resident 5 years or more and less than 10 years,1,0,0,0,1,0,1
S01011583,Born outside the UK: Resident 10 years or more,7,6,2,4,1,1,0
S01011584,All people in households,708,458,111,347,250,204,46
S01011584,Born in the UK,692,454,110,344,238,199,39
S01011584,Born outside the UK: Total,16,4,1,3,12,5,7
S01011584,Born outside the UK: Resident less than 2 years,2,0,0,0,2,0,2
S01011584,Born outside the UK: Resident 2 years or more and less than 5 years,1,0,0,0,1,0,1
S01011584,Born outside the UK: Resident 5 years or more and less than 10 years,0,0,0,0,0,0,0
S01011584,Born outside the UK: Resident 10 years or more,13,4,1,3,9,5,4
S01011585,All people in households,719,453,149,304,266,183,83
S01011585,Born in the UK,702,447,147,300,255,183,72
S01011585,Born outside the UK: Total,17,6,2,4,11,0,11
S01011585,Born outside the UK: Resident less than 2 years,0,0,0,0,0,0,0
S01011585,Born outside the UK: Resident 2 years or more and less than 5 years,11,2,0,2,9,0,9
S01011585,Born outside the UK: Resident 5 years or more and less than 10 years,3,1,0,1,2,0,2
S01011585,Born outside the UK: Resident 10 years or more,3,3,2,1,0,0,0
S01011586,All people in households,556,285,87,198,271,201,70
S01011586,Born in the UK,535,278,86,192,257,200,57
S01011586,Born outside the UK: Total,21,7,1,6,14,1,13
S01011586,Born outside the UK: Resident less than 2 years,0,0,0,0,0,0,0
S01011586,Born outside the UK: Resident 2 years or more and less than 5 years,9,0,0,0,9,0,9
S01011586,Born outside the UK: Resident 5 years or more and less than 10 years,2,0,0,0,2,1,1
S01011586,Born outside the UK: Resident 10 years or more,10,7,1,6,3,0,3
S01011587,All people in households,575,260,64,196,315,274,41
S01011587,Born in the UK,561,254,64,190,307,270,37
S01011587,Born outside the UK: Total,14,6,0,6,8,4,4
S01011587,Born outside the UK: Resident less than 2 years,5,0,0,0,5,1,4
S01011587,Born outside the UK: Resident 2 years or more and less than 5 years,3,0,0,0,3,3,0
S01011587,Born outside the UK: Resident 5 years or more and less than 10 years,0,0,0,0,0,0,0
S01011587,Born outside the UK: Resident 10 years or more,6,6,0,6,0,0,0
S01011588,All people in households,792,426,143,283,366,314,52
S01011588,Born in the UK,784,421,142,279,363,311,52
S01011588,Born outside the UK: Total,8,5,1,4,3,3,0
S01011588,Born outside the UK: Resident less than 2 years,0,0,0,0,0,0,0
S01011588,Born outside the UK: Resident 2 years or more and less than 5 years,4,3,0,3,1,1,0
S01011588,Born outside the UK: Resident 5 years or more and less than 10 years,1,0,0,0,1,1,0
S01011588,Born outside the UK: Resident 10 years or more,3,2,1,1,1,1,0
S01011589,All people in households,868,645,215,430,223,196,27
S01011589,Born in the UK,853,631,214,417,222,195,27
S01011589,Born outside the UK: Total,15,14,1,13,1,1,0
S01011589,Born outside the UK: Resident less than 2 years,0,0,0,0,0,0,0
S01011589,Born outside the UK: Resident 2 years or more and less than 5 years,1,1,0,1,0,0,0
S01011589,Born outside the UK: Resident 5 years or more and less than 10 years,2,2,1,1,0,0,0
S01011589,Born outside the UK: Resident 10 years or more,12,11,0,11,1,1,0
S01011590,All people in households,689,379,101,278,310,287,23
S01011590,Born in the UK,677,373,97,276,304,281,23
S01011590,Born outside the UK: Total,12,6,4,2,6,6,0
S01011590,Born outside the UK: Resident less than 2 years,1,0,0,0,1,1,0
S01011590,Born outside the UK: Resident 2 years or more and less than 5 years,4,0,0,0,4,4,0
S01011590,Born outside the UK: Resident 5 years or more and less than 10 years,3,2,1,1,1,1,0
S01011590,Born outside the UK: Resident 10 years or more,4,4,3,1,0,0,0
S01011591,All people in households,597,301,57,244,296,264,32
S01011591,Born in the UK,582,297,55,242,285,255,30
S01011591,Born outside the UK: Total,15,4,2,2,11,9,2
S01011591,Born outside the UK: Resident less than 2 years,1,1,0,1,0,0,0
S01011591,Born outside the UK: Resident 2 years or more and less than 5 years,8,0,0,0,8,6,2
S01011591,Born outside the UK: Resident 5 years or more and less than 10 years,1,0,0,0,1,1,0
S01011591,Born outside the UK: Resident 10 years or more,5,3,2,1,2,2,0
S01011592,All people in households,705,220,50,170,485,391,94
S01011592,Born in the UK,705,220,50,170,485,391,94
S01011592,Born outside the UK: Total,0,0,0,0,0,0,0
S01011592,Born outside the UK: Resident less than 2 years,0,0,0,0,0,0,0
S01011592,Born outside the UK: Resident 2 years or more and less than 5 years,0,0,0,0,0,0,0
S01011592,Born outside the UK: Resident 5 years or more and less than 10 years,0,0,0,0,0,0,0
S01011592,Born outside the UK: Resident 10 years or more,0,0,0,0,0,0,0
S01011593,All people in households,717,511,138,373,206,169,37
S01011593,Born in the UK,705,503,137,366,202,165,37
S01011593,Born outside the UK: Total,12,8,1,7,4,4,0
S01011593,Born outside the UK: Resident less than 2 years,0,0,0,0,0,0,0
S01011593,Born outside the UK: Resident 2 years or more and less than 5 years,0,0,0,0,0,0,0
S01011593,Born outside the UK: Resident 5 years or more and less than 10 years,1,1,0,1,0,0,0
S01011593,Born outside the UK: Resident 10 years or more,11,7,1,6,4,4,0
S01011594,All people in households,438,284,108,176,154,112,42
S01011594,Born in the UK,429,279,104,175,150,110,40
S01011594,Born outside the UK: Total,9,5,4,1,4,2,2
S01011594,Born outside the UK: Resident less than 2 years,2,0,0,0,2,1,1
S01011594,Born outside the UK: Resident 2 years or more and less than 5 years,0,0,0,0,0,0,0
S01011594,Born outside the UK: Resident 5 years or more and less than 10 years,1,1,1,0,0,0,0
S01011594,Born outside the UK: Resident 10 years or more,6,4,3,1,2,1,1
S01011595,All people in households,596,483,159,324,113,9,104
S01011595,Born in the UK,583,474,156,318,109,8,101
S01011595,Born outside the UK: Total,13,9,3,6,4,1,3
S01011595,Born outside the UK: Resident less than 2 years,0,0,0,0,0,0,0
S01011595,Born outside the UK: Resident 2 years or more and less than 5 years,2,2,0,2,0,0,0
S01011595,Born outside the UK: Resident 5 years or more and less than 10 years,2,2,0,2,0,0,0
S01011595,Born outside the UK: Resident 10 years or more,9,5,3,2,4,1,3
S01011596,All people in households,980,653,233,420,327,124,203
S01011596,Born in the UK,925,634,226,408,291,116,175
S01011596,Born outside the UK: Total,55,19,7,12,36,8,28
S01011596,Born outside the UK: Resident less than 2 years,7,1,0,1,6,2,4
S01011596,Born outside the UK: Resident 2 years or more and less than 5 years,25,2,1,1,23,4,19
S01011596,Born outside the UK: Resident 5 years or more and less than 10 years,9,5,0,5,4,0,4
S01011596,Born outside the UK: Resident 10 years or more,14,11,6,5,3,2,1
S01011597,All people in households,525,413,84,329,112,21,91
S01011597,Born in the UK,508,406,83,323,102,20,82
S01011597,Born outside the UK: Total,17,7,1,6,10,1,9
S01011597,Born outside the UK: Resident less than 2 years,4,2,0,2,2,0,2
S01011597,Born outside the UK: Resident 2 years or more and less than 5 years,7,1,0,1,6,0,6
S01011597,Born outside the UK: Resident 5 years or more and less than 10 years,2,0,0,0,2,1,1
S01011597,Born outside the UK: Resident 10 years or more,4,4,1,3,0,0,0
S01011598,All people in households,785,57,14,43,728,717,11
S01011598,Born in the UK,705,37,7,30,668,657,11
S01011598,Born outside the UK: Total,80,20,7,13,60,60,0
S01011598,Born outside the UK: Resident less than 2 years,21,3,1,2,18,18,0
S01011598,Born outside the UK: Resident 2 years or more and less than 5 years,36,7,4,3,29,29,0
S01011598,Born outside the UK: Resident 5 years or more and less than 10 years,16,7,1,6,9,9,0
S01011598,Born outside the UK: Resident 10 years or more,7,3,1,2,4,4,0
S01011599,All people in households,823,556,172,384,267,172,95
S01011599,Born in the UK,795,544,171,373,251,169,82
S01011599,Born outside the UK: Total,28,12,1,11,16,3,13
S01011599,Born outside the UK: Resident less than 2 years,3,0,0,0,3,0,3
S01011599,Born outside the UK: Resident 2 years or more and less than 5 years,9,0,0,0,9,2,7
S01011599,Born outside the UK: Resident 5 years or more and less than 10 years,1,0,0,0,1,0,1
S01011599,Born outside the UK: Resident 10 years or more,15,12,1,11,3,1,2
S01011600,All people in households,737,425,168,257,312,189,123
S01011600,Born in the UK,705,420,167,253,285,183,102
S01011600,Born outside the UK: Total,32,5,1,4,27,6,21
S01011600,Born outside the UK: Resident less than 2 years,9,0,0,0,9,1,8
S01011600,Born outside the UK: Resident 2 years or more and less than 5 years,10,0,0,0,10,3,7
S01011600,Born outside the UK: Resident 5 years or more and less than 10 years,9,2,0,2,7,1,6
S01011600,Born outside the UK: Resident 10 years or more,4,3,1,2,1,1,0
S01011601,All people in households,848,752,131,621,96,23,73
S01011601,Born in the UK,826,733,123,610,93,23,70
S01011601,Born outside the UK: Total,22,19,8,11,3,0,3
S01011601,Born outside the UK: Resident less than 2 years,4,1,0,1,3,0,3
S01011601,Born outside the UK: Resident 2 years or more and less than 5 years,4,4,3,1,0,0,0
S01011601,Born outside the UK: Resident 5 years or more and less than 10 years,4,4,0,4,0,0,0
S01011601,Born outside the UK: Resident 10 years or more,10,10,5,5,0,0,0
S01011602,All people in households,614,310,127,183,304,281,23
S01011602,Born in the UK,574,306,126,180,268,246,22
S01011602,Born outside the UK: Total,40,4,1,3,36,35,1
S01011602,Born outside the UK: Resident less than 2 years,0,0,0,0,0,0,0
S01011602,Born outside the UK: Resident 2 years or more and less than 5 years,26,0,0,0,26,25,1
S01011602,Born outside the UK: Resident 5 years or more and less than 10 years,12,2,0,2,10,10,0
S01011602,Born outside the UK: Resident 10 years or more,2,2,1,1,0,0,0
S01011603,All people in households,791,349,115,234,442,380,62
S01011603,Born in the UK,774,340,112,228,434,372,62
S01011603,Born outside the UK: Total,17,9,3,6,8,8,0
S01011603,Born outside the UK: Resident less than 2 years,0,0,0,0,0,0,0
S01011603,Born outside the UK: Resident 2 years or more and less than 5 years,4,1,0,1,3,3,0
S01011603,Born outside the UK: Resident 5 years or more and less than 10 years,6,3,0,3,3,3,0
S01011603,Born outside the UK: Resident 10 years or more,7,5,3,2,2,2,0
S01011604,All people in households,690,353,87,266,337,320,17
S01011604,Born in the UK,637,337,86,251,300,284,16
S01011604,Born outside the UK: Total,53,16,1,15,37,36,1
S01011604,Born outside the UK: Resident less than 2 years,3,0,0,0,3,3,0
S01011604,Born outside the UK: Resident 2 years or more and less than 5 years,38,11,0,11,27,27,0
S01011604,Born outside the UK: Resident 5 years or more and less than 10 years,6,1,0,1,5,5,0
S01011604,Born outside the UK: Resident 10 years or more,6,4,1,3,2,1,1
S01011605,All people in households,844,616,194,422,228,172,56
S01011605,Born in the UK,823,600,188,412,223,168,55
S01011605,Born outside the UK: Total,21,16,6,10,5,4,1
S01011605,Born outside the UK: Resident less than 2 years,0,0,0,0,0,0,0
S01011605,Born outside the UK: Resident 2 years or more and less than 5 years,4,2,1,1,2,1,1
S01011605,Born outside the UK: Resident 5 years or more and less than 10 years,6,5,0,5,1,1,0
S01011605,Born outside the UK: Resident 10 years or more,11,9,5,4,2,2,0
S01011606,All people in households,1001,925,94,831,76,44,32
S01011606,Born in the UK,971,902,93,809,69,37,32
S01011606,Born outside the UK: Total,30,23,1,22,7,7,0
S01011606,Born outside the UK: Resident less than 2 years,2,0,0,0,2,2,0
S01011606,Born outside the UK: Resident 2 years or more and less than 5 years,4,4,0,4,0,0,0
S01011606,Born outside the UK: Resident 5 years or more and less than 10 years,7,7,1,6,0,0,0
S01011606,Born outside the UK: Resident 10 years or more,17,12,0,12,5,5,0
S01011607,All people in households,569,530,162,368,39,8,31
S01011607,Born in the UK,554,521,159,362,33,8,25
S01011607,Born outside the UK: Total,15,9,3,6,6,0,6
S01011607,Born outside the UK: Resident less than 2 years,1,1,1,0,0,0,0
S01011607,Born outside the UK: Resident 2 years or more and less than 5 years,2,0,0,0,2,0,2
S01011607,Born outside the UK: Resident 5 years or more and less than 10 years,5,2,0,2,3,0,3
S01011607,Born outside the UK: Resident 10 years or more,7,6,2,4,1,0,1
S01011608,All people in households,945,825,167,658,120,32,88
S01011608,Born in the UK,916,808,160,648,108,30,78
S01011608,Born outside the UK: Total,29,17,7,10,12,2,10
S01011608,Born outside the UK: Resident less than 2 years,0,0,0,0,0,0,0
S01011608,Born outside the UK: Resident 2 years or more and less than 5 years,7,2,0,2,5,0,5
S01011608,Born outside the UK: Resident 5 years or more and less than 10 years,8,2,1,1,6,2,4
S01011608,Born outside the UK: Resident 10 years or more,14,13,6,7,1,0,1
S01011609,All people in households,970,250,81,169,720,647,73
S01011609,Born in the UK,881,243,77,166,638,584,54
S01011609,Born outside the UK: Total,89,7,4,3,82,63,19
S01011609,Born outside the UK: Resident less than 2 years,8,0,0,0,8,5,3
S01011609,Born outside the UK: Resident 2 years or more and less than 5 years,57,3,1,2,54,43,11
S01011609,Born outside the UK: Resident 5 years or more and less than 10 years,17,1,1,0,16,11,5
S01011609,Born outside the UK: Resident 10 years or more,7,3,2,1,4,4,0
S01011610,All people in households,833,324,63,261,509,447,62
S01011610,Born in the UK,784,313,59,254,471,417,54
S01011610,Born outside the UK: Total,49,11,4,7,38,30,8
S01011610,Born outside the UK: Resident less than 2 years,9,0,0,0,9,9,0
S01011610,Born outside the UK: Resident 2 years or more and less than 5 years,23,1,0,1,22,18,4
S01011610,Born outside the UK: Resident 5 years or more and less than 10 years,4,4,2,2,0,0,0
S01011610,Born outside the UK: Resident 10 years or more,13,6,2,4,7,3,4
S01011611,All people in households,626,527,141,386,99,52,47
S01011611,Born in the UK,614,520,140,380,94,49,45
S01011611,Born outside the UK: Total,12,7,1,6,5,3,2
S01011611,Born outside the UK: Resident less than 2 years,2,1,0,1,1,0,1
S01011611,Born outside the UK: Resident 2 years or more and less than 5 years,5,3,0,3,2,2,0
S01011611,Born outside the UK: Resident 5 years or more and less than 10 years,3,2,0,2,1,1,0
S01011611,Born outside the UK: Resident 10 years or more,2,1,1,0,1,0,1
S01011612,All people in households,628,574,47,527,54,11,43
S01011612,Born in the UK,614,560,45,515,54,11,43
S01011612,Born outside the UK: Total,14,14,2,12,0,0,0
S01011612,Born outside the UK: Resident less than 2 years,0,0,0,0,0,0,0
S01011612,Born outside the UK: Resident 2 years or more and less than 5 years,1,1,1,0,0,0,0
S01011612,Born outside the UK: Resident 5 years or more and less than 10 years,1,1,0,1,0,0,0
S01011612,Born outside the UK: Resident 10 years or more,12,12,1,11,0,0,0
S01011613,All people in households,940,848,341,507,92,28,64
S01011613,Born in the UK,917,832,338,494,85,27,58
S01011613,Born outside the UK: Total,23,16,3,13,7,1,6
S01011613,Born outside the UK: Resident less than 2 years,3,2,0,2,1,1,0
S01011613,Born outside the UK: Resident 2 years or more and less than 5 years,5,2,0,2,3,0,3
S01011613,Born outside the UK: Resident 5 years or more and less than 10 years,3,2,0,2,1,0,1
S01011613,Born outside the UK: Resident 10 years or more,12,10,3,7,2,0,2
S01011614,All people in households,447,368,118,250,79,61,18
S01011614,Born in the UK,437,360,118,242,77,61,16
S01011614,Born outside the UK: Total,10,8,0,8,2,0,2
S01011614,Born outside the UK: Resident less than 2 years,3,3,0,3,0,0,0
S01011614,Born outside the UK: Resident 2 years or more and less than 5 years,0,0,0,0,0,0,0
S01011614,Born outside the UK: Resident 5 years or more and less than 10 years,5,4,0,4,1,0,1
S01011614,Born outside the UK: Resident 10 years or more,2,1,0,1,1,0,1
S01011615,All people in households,728,409,123,286,319,262,57
S01011615,Born in the UK,718,403,122,281,315,259,56
S01011615,Born outside the UK: Total,10,6,1,5,4,3,1
S01011615,Born outside the UK: Resident less than 2 years,1,1,0,1,0,0,0
S01011615,Born outside the UK: Resident 2 years or more and less than 5 years,2,0,0,0,2,2,0
S01011615,Born outside the UK: Resident 5 years or more and less than 10 years,0,0,0,0,0,0,0
S01011615,Born outside the UK: Resident 10 years or more,7,5,1,4,2,1,1
S01011616,All people in households,423,185,74,111,238,186,52
S01011616,Born in the UK,416,184,74,110,232,181,51
S01011616,Born outside the UK: Total,7,1,0,1,6,5,1
S01011616,Born outside the UK: Resident less than 2 years,1,0,0,0,1,1,0
S01011616,Born outside the UK: Resident 2 years or more and less than 5 years,0,0,0,0,0,0,0
S01011616,Born outside the UK: Resident 5 years or more and less than 10 years,3,0,0,0,3,2,1
S01011616,Born outside the UK: Resident 10 years or more,3,1,0,1,2,2,0
S01011617,All people in households,840,537,163,374,303,265,38
S01011617,Born in the UK,833,532,163,369,301,264,37
S01011617,Born outside the UK: Total,7,5,0,5,2,1,1
S01011617,Born outside the UK: Resident less than 2 years,0,0,0,0,0,0,0
S01011617,Born outside the UK: Resident 2 years or more and less than 5 years,7,5,0,5,2,1,1
S01011617,Born outside the UK: Resident 5 years or more and less than 10 years,0,0,0,0,0,0,0
S01011617,Born outside the UK: Resident 10 years or more,0,0,0,0,0,0,0
S01011618,All people in households,654,397,120,277,257,179,78
S01011618,Born in the UK,637,389,117,272,248,177,71
S01011618,Born outside the UK: Total,17,8,3,5,9,2,7
S01011618,Born outside the UK: Resident less than 2 years,0,0,0,0,0,0,0
S01011618,Born outside the UK: Resident 2 years or more and less than 5 years,6,2,0,2,4,0,4
S01011618,Born outside the UK: Resident 5 years or more and less than 10 years,3,0,0,0,3,0,3
S01011618,Born outside the UK: Resident 10 years or more,8,6,3,3,2,2,0
S01011619,All people in households,1050,949,152,797,101,42,59
S01011619,Born in the UK,1006,914,150,764,92,38,54
S01011619,Born outside the UK: Total,44,35,2,33,9,4,5
S01011619,Born outside the UK: Resident less than 2 years,3,3,0,3,0,0,0
S01011619,Born outside the UK: Resident 2 years or more and less than 5 years,12,8,0,8,4,4,0
S01011619,Born outside the UK: Resident 5 years or more and less than 10 years,11,8,0,8,3,0,3
S01011619,Born outside the UK: Resident 10 years or more,18,16,2,14,2,0,2
S01011620,All people in households,1097,1016,107,909,81,35,46
S01011620,Born in the UK,1056,982,97,885,74,29,45
S01011620,Born outside the UK: Total,41,34,10,24,7,6,1
S01011620,Born outside the UK: Resident less than 2 years,0,0,0,0,0,0,0
S01011620,Born outside the UK: Resident 2 years or more and less than 5 years,8,4,1,3,4,4,0
S01011620,Born outside the UK: Resident 5 years or more and less than 10 years,6,4,1,3,2,2,0
S01011620,Born outside the UK: Resident 10 years or more,27,26,8,18,1,0,1
S01011621,All people in households,781,634,167,467,147,90,57
S01011621,Born in the UK,761,616,163,453,145,90,55
S01011621,Born outside the UK: Total,20,18,4,14,2,0,2
S01011621,Born outside the UK: Resident less than 2 years,2,0,0,0,2,0,2
S01011621,Born outside the UK: Resident 2 years or more and less than 5 years,0,0,0,0,0,0,0
S01011621,Born outside the UK: Resident 5 years or more and less than 10 years,4,4,3,1,0,0,0
S01011621,Born outside the UK: Resident 10 years or more,14,14,1,13,0,0,0
S01011622,All people in households,649,583,81,502,66,18,48
S01011622,Born in the UK,629,566,80,486,63,18,45
S01011622,Born outside the UK: Total,20,17,1,16,3,0,3
S01011622,Born outside the UK: Resident less than 2 years,0,0,0,0,0,0,0
S01011622,Born outside the UK: Resident 2 years or more and less than 5 years,1,1,0,1,0,0,0
S01011622,Born outside the UK: Resident 5 years or more and less than 10 years,9,8,0,8,1,0,1
S01011622,Born outside the UK: Resident 10 years or more,10,8,1,7,2,0,2
S01011623,All people in households,703,425,133,292,278,217,61
S01011623,Born in the UK,677,409,128,281,268,213,55
S01011623,Born outside the UK: Total,26,16,5,11,10,4,6
S01011623,Born outside the UK: Resident less than 2 years,3,2,0,2,1,0,1
S01011623,Born outside the UK: Resident 2 years or more and less than 5 years,4,3,0,3,1,0,1
S01011623,Born outside the UK: Resident 5 years or more and less than 10 years,5,1,0,1,4,1,3
S01011623,Born outside the UK: Resident 10 years or more,14,10,5,5,4,3,1
S01011624,All people in households,722,570,82,488,152,94,58
S01011624,Born in the UK,705,563,82,481,142,94,48
S01011624,Born outside the UK: Total,17,7,0,7,10,0,10
S01011624,Born outside the UK: Resident less than 2 years,2,0,0,0,2,0,2
S01011624,Born outside the UK: Resident 2 years or more and less than 5 years,2,0,0,0,2,0,2
S01011624,Born outside the UK: Resident 5 years or more and less than 10 years,3,1,0,1,2,0,2
S01011624,Born outside the UK: Resident 10 years or more,10,6,0,6,4,0,4
S01011625,All people in households,548,314,78,236,234,213,21
S01011625,Born in the UK,538,312,78,234,226,208,18
S01011625,Born outside the UK: Total,10,2,0,2,8,5,3
S01011625,Born outside the UK: Resident less than 2 years,1,0,0,0,1,0,1
S01011625,Born outside the UK: Resident 2 years or more and less than 5 years,2,0,0,0,2,2,0
S01011625,Born outside the UK: Resident 5 years or more and less than 10 years,2,0,0,0,2,0,2
S01011625,Born outside the UK: Resident 10 years or more,5,2,0,2,3,3,0
S01011626,All people in households,811,741,115,626,70,26,44
S01011626,Born in the UK,793,730,114,616,63,21,42
S01011626,Born outside the UK: Total,18,11,1,10,7,5,2
S01011626,Born outside the UK: Resident less than 2 years,0,0,0,0,0,0,0
S01011626,Born outside the UK: Resident 2 years or more and less than 5 years,2,0,0,0,2,0,2
S01011626,Born outside the UK: Resident 5 years or more and less than 10 years,2,1,0,1,1,1,0
S01011626,Born outside the UK: Resident 10 years or more,14,10,1,9,4,4,0
S01011627,All people in households,733,648,110,538,85,32,53
S01011627,Born in the UK,713,634,108,526,79,31,48
S01011627,Born outside the UK: Total,20,14,2,12,6,1,5
S01011627,Born outside the UK: Resident less than 2 years,1,0,0,0,1,0,1
S01011627,Born outside the UK: Resident 2 years or more and less than 5 years,1,1,0,1,0,0,0
S01011627,Born outside the UK: Resident 5 years or more and less than 10 years,7,3,0,3,4,1,3
S01011627,Born outside the UK: Resident 10 years or more,11,10,2,8,1,0,1
S01011628,All people in households,1063,959,284,675,104,51,53
S01011628,Born in the UK,1040,949,280,669,91,43,48
S01011628,Born outside the UK: Total,23,10,4,6,13,8,5
S01011628,Born outside the UK: Resident less than 2 years,2,1,0,1,1,0,1
S01011628,Born outside the UK: Resident 2 years or more and less than 5 years,3,1,0,1,2,0,2
S01011628,Born outside the UK: Resident 5 years or more and less than 10 years,6,0,0,0,6,6,0
S01011628,Born outside the UK: Resident 10 years or more,12,8,4,4,4,2,2
S01011629,All people in households,629,406,137,269,223,187,36
S01011629,Born in the UK,614,400,136,264,214,182,32
S01011629,Born outside the UK: Total,15,6,1,5,9,5,4
S01011629,Born outside the UK: Resident less than 2 years,0,0,0,0,0,0,0
S01011629,Born outside the UK: Resident 2 years or more and less than 5 years,9,0,0,0,9,5,4
S01011629,Born outside the UK: Resident 5 years or more and less than 10 years,1,1,0,1,0,0,0
S01011629,Born outside the UK: Resident 10 years or more,5,5,1,4,0,0,0
S01011630,All people in households,639,424,137,287,215,179,36
S01011630,Born in the UK,634,420,136,284,214,178,36
S01011630,Born outside the UK: Total,5,4,1,3,1,1,0
S01011630,Born outside the UK: Resident less than 2 years,2,2,0,2,0,0,0
S01011630,Born outside the UK: Resident 2 years or more and less than 5 years,0,0,0,0,0,0,0
S01011630,Born outside the UK: Resident 5 years or more and less than 10 years,1,1,0,1,0,0,0
S01011630,Born outside the UK: Resident 10 years or more,2,1,1,0,1,1,0
S01011631,All people in households,628,179,30,149,449,430,19
S01011631,Born in the UK,613,176,30,146,437,418,19
S01011631,Born outside the UK: Total,15,3,0,3,12,12,0
S01011631,Born outside the UK: Resident less than 2 years,0,0,0,0,0,0,0
S01011631,Born outside the UK: Resident 2 years or more and less than 5 years,7,1,0,1,6,6,0
S01011631,Born outside the UK: Resident 5 years or more and less than 10 years,1,0,0,0,1,1,0
S01011631,Born outside the UK: Resident 10 years or more,7,2,0,2,5,5,0
S01011632,All people in households,754,363,99,264,391,348,43
S01011632,Born in the UK,725,357,98,259,368,328,40
S01011632,Born outside the UK: Total,29,6,1,5,23,20,3
S01011632,Born outside the UK: Resident less than 2 years,3,0,0,0,3,3,0
S01011632,Born outside the UK: Resident 2 years or more and less than 5 years,14,0,0,0,14,13,1
S01011632,Born outside the UK: Resident 5 years or more and less than 10 years,3,1,0,1,2,0,2
S01011632,Born outside the UK: Resident 10 years or more,9,5,1,4,4,4,0
S01011633,All people in households,736,351,111,240,385,341,44
S01011633,Born in the UK,707,337,109,228,370,330,40
S01011633,Born outside the UK: Total,29,14,2,12,15,11,4
S01011633,Born outside the UK: Resident less than 2 years,1,0,0,0,1,1,0
S01011633,Born outside the UK: Resident 2 years or more and less than 5 years,11,2,1,1,9,6,3
S01011633,Born outside the UK: Resident 5 years or more and less than 10 years,6,5,0,5,1,0,1
S01011633,Born outside the UK: Resident 10 years or more,11,7,1,6,4,4,0
S01011634,All people in households,565,212,41,171,353,302,51
S01011634,Born in the UK,540,201,41,160,339,297,42
S01011634,Born outside the UK: Total,25,11,0,11,14,5,9
S01011634,Born outside the UK: Resident less than 2 years,1,0,0,0,1,0,1
S01011634,Born outside the UK: Resident 2 years or more and less than 5 years,16,7,0,7,9,4,5
S01011634,Born outside the UK: Resident 5 years or more and less than 10 years,8,4,0,4,4,1,3
S01011634,Born outside the UK: Resident 10 years or more,0,0,0,0,0,0,0
S01011635,All people in households,683,237,43,194,446,377,69
S01011635,Born in the UK,651,230,43,187,421,367,54
S01011635,Born outside the UK: Total,32,7,0,7,25,10,15
S01011635,Born outside the UK: Resident less than 2 years,8,0,0,0,8,0,8
S01011635,Born outside the UK: Resident 2 years or more and less than 5 years,12,5,0,5,7,3,4
S01011635,Born outside the UK: Resident 5 years or more and less than 10 years,5,1,0,1,4,4,0
S01011635,Born outside the UK: Resident 10 years or more,7,1,0,1,6,3,3
S01011636,All people in households,720,359,93,266,361,310,51
S01011636,Born in the UK,700,348,90,258,352,310,42
S01011636,Born outside the UK: Total,20,11,3,8,9,0,9
S01011636,Born outside the UK: Resident less than 2 years,5,0,0,0,5,0,5
S01011636,Born outside the UK: Resident 2 years or more and less than 5 years,8,6,1,5,2,0,2
S01011636,Born outside the UK: Resident 5 years or more and less than 10 years,1,0,0,0,1,0,1
S01011636,Born outside the UK: Resident 10 years or more,6,5,2,3,1,0,1
S01011637,All people in households,686,389,144,245,297,237,60
S01011637,Born in the UK,675,385,143,242,290,236,54
S01011637,Born outside the UK: Total,11,4,1,3,7,1,6
S01011637,Born outside the UK: Resident less than 2 years,1,0,0,0,1,1,0
S01011637,Born outside the UK: Resident 2 years or more and less than 5 years,4,1,0,1,3,0,3
S01011637,Born outside the UK: Resident 5 years or more and less than 10 years,1,1,0,1,0,0,0
S01011637,Born outside the UK: Resident 10 years or more,5,2,1,1,3,0,3
S01011638,All people in households,483,300,110,190,183,121,62
S01011638,Born in the UK,467,293,110,183,174,120,54
S01011638,Born outside the UK: Total,16,7,0,7,9,1,8
S01011638,Born outside the UK: Resident less than 2 years,1,0,0,0,1,0,1
S01011638,Born outside the UK: Resident 2 years or more and less than 5 years,6,1,0,1,5,0,5
S01011638,Born outside the UK: Resident 5 years or more and less than 10 years,3,1,0,1,2,0,2
S01011638,Born outside the UK: Resident 10 years or more,6,5,0,5,1,1,0
S01011639,All people in households,590,297,109,188,293,245,48
S01011639,Born in the UK,575,290,105,185,285,245,40
S01011639,Born outside the UK: Total,15,7,4,3,8,0,8
S01011639,Born outside the UK: Resident less than 2 years,0,0,0,0,0,0,0
S01011639,Born outside the UK: Resident 2 years or more and less than 5 years,0,0,0,0,0,0,0
S01011639,Born outside the UK: Resident 5 years or more and less than 10 years,7,0,0,0,7,0,7
S01011639,Born outside the UK: Resident 10 years or more,8,7,4,3,1,0,1
S01011640,All people in households,674,381,116,265,293,260,33
S01011640,Born in the UK,655,367,109,258,288,256,32
S01011640,Born outside the UK: Total,19,14,7,7,5,4,1
S01011640,Born outside the UK: Resident less than 2 years,0,0,0,0,0,0,0
S01011640,Born outside the UK: Resident 2 years or more and less than 5 years,6,3,0,3,3,2,1
S01011640,Born outside the UK: Resident 5 years or more and less than 10 years,3,3,0,3,0,0,0
S01011640,Born outside the UK: Resident 10 years or more,10,8,7,1,2,2,0
S01011641,All people in households,476,458,155,303,18,9,9
S01011641,Born in the UK,467,450,153,297,17,9,8
S01011641,Born outside the UK: Total,9,8,2,6,1,0,1
S01011641,Born outside the UK: Resident less than 2 years,0,0,0,0,0,0,0
S01011641,Born outside the UK: Resident 2 years or more and less than 5 years,0,0,0,0,0,0,0
S01011641,Born outside the UK: Resident 5 years or more and less than 10 years,1,1,0,1,0,0,0
S01011641,Born outside the UK: Resident 10 years or more,8,7,2,5,1,0,1
S01011642,All people in households,790,593,221,372,197,177,20
S01011642,Born in the UK,749,577,219,358,172,158,14
S01011642,Born outside the UK: Total,41,16,2,14,25,19,6
S01011642,Born outside the UK: Resident less than 2 years,13,0,0,0,13,8,5
S01011642,Born outside the UK: Resident 2 years or more and less than 5 years,8,1,0,1,7,7,0
S01011642,Born outside the UK: Resident 5 years or more and less than 10 years,6,3,0,3,3,3,0
S01011642,Born outside the UK: Resident 10 years or more,14,12,2,10,2,1,1
S01011643,All people in households,586,455,93,362,131,63,68
S01011643,Born in the UK,564,452,92,360,112,56,56
S01011643,Born outside the UK: Total,22,3,1,2,19,7,12
S01011643,Born outside the UK: Resident less than 2 years,1,0,0,0,1,0,1
S01011643,Born outside the UK: Resident 2 years or more and less than 5 years,9,0,0,0,9,3,6
S01011643,Born outside the UK: Resident 5 years or more and less than 10 years,3,0,0,0,3,3,0
S01011643,Born outside the UK: Resident 10 years or more,9,3,1,2,6,1,5
S01011644,All people in households,717,542,184,358,175,117,58
S01011644,Born in the UK,700,530,177,353,170,114,56
S01011644,Born outside the UK: Total,17,12,7,5,5,3,2
S01011644,Born outside the UK: Resident less than 2 years,3,2,2,0,1,1,0
S01011644,Born outside the UK: Resident 2 years or more and less than 5 years,2,0,0,0,2,0,2
S01011644,Born outside the UK: Resident 5 years or more and less than 10 years,0,0,0,0,0,0,0
S01011644,Born outside the UK: Resident 10 years or more,12,10,5,5,2,2,0
S01011645,All people in households,537,356,152,204,181,135,46
S01011645,Born in the UK,530,353,150,203,177,135,42
S01011645,Born outside the UK: Total,7,3,2,1,4,0,4
S01011645,Born outside the UK: Resident less than 2 years,0,0,0,0,0,0,0
S01011645,Born outside the UK: Resident 2 years or more and less than 5 years,4,0,0,0,4,0,4
S01011645,Born outside the UK: Resident 5 years or more and less than 10 years,0,0,0,0,0,0,0
S01011645,Born outside the UK: Resident 10 years or more,3,3,2,1,0,0,0
S01011646,All people in households,696,668,279,389,28,6,22
S01011646,Born in the UK,682,656,274,382,26,6,20
S01011646,Born outside the UK: Total,14,12,5,7,2,0,2
S01011646,Born outside the UK: Resident less than 2 years,2,2,1,1,0,0,0
S01011646,Born outside the UK: Resident 2 years or more and less than 5 years,3,3,0,3,0,0,0
S01011646,Born outside the UK: Resident 5 years or more and less than 10 years,1,1,0,1,0,0,0
S01011646,Born outside the UK: Resident 10 years or more,8,6,4,2,2,0,2
S01011647,All people in households,878,798,182,616,80,16,64
S01011647,Born in the UK,861,789,180,609,72,15,57
S01011647,Born outside the UK: Total,17,9,2,7,8,1,7
S01011647,Born outside the UK: Resident less than 2 years,1,0,0,0,1,0,1
S01011647,Born outside the UK: Resident 2 years or more and less than 5 years,1,0,0,0,1,0,1
S01011647,Born outside the UK: Resident 5 years or more and less than 10 years,6,1,0,1,5,0,5
S01011647,Born outside the UK: Resident 10 years or more,9,8,2,6,1,1,0
S01011648,All people in households,694,463,80,383,231,194,37
S01011648,Born in the UK,656,443,74,369,213,179,34
S01011648,Born outside the UK: Total,38,20,6,14,18,15,3
S01011648,Born outside the UK: Resident less than 2 years,2,1,0,1,1,1,0
S01011648,Born outside the UK: Resident 2 years or more and less than 5 years,10,2,0,2,8,7,1
S01011648,Born outside the UK: Resident 5 years or more and less than 10 years,12,5,2,3,7,5,2
S01011648,Born outside the UK: Resident 10 years or more,14,12,4,8,2,2,0
S01011649,All people in households,502,258,61,197,244,192,52
S01011649,Born in the UK,475,252,58,194,223,181,42
S01011649,Born outside the UK: Total,27,6,3,3,21,11,10
S01011649,Born outside the UK: Resident less than 2 years,3,0,0,0,3,1,2
S01011649,Born outside the UK: Resident 2 years or more and less than 5 years,12,1,1,0,11,6,5
S01011649,Born outside the UK: Resident 5 years or more and less than 10 years,7,2,1,1,5,2,3
S01011649,Born outside the UK: Resident 10 years or more,5,3,1,2,2,2,0
S01011650,All people in households,721,526,213,313,195,142,53
S01011650,Born in the UK,693,519,208,311,174,126,48
S01011650,Born outside the UK: Total,28,7,5,2,21,16,5
S01011650,Born outside the UK: Resident less than 2 years,2,0,0,0,2,1,1
S01011650,Born outside the UK: Resident 2 years or more and less than 5 years,13,0,0,0,13,13,0
S01011650,Born outside the UK: Resident 5 years or more and less than 10 years,7,2,0,2,5,1,4
S01011650,Born outside the UK: Resident 10 years or more,6,5,5,0,1,1,0
S01011651,All people in households,926,629,219,410,297,146,151
S01011651,Born in the UK,891,616,216,400,275,141,134
S01011651,Born outside the UK: Total,35,13,3,10,22,5,17
S01011651,Born outside the UK: Resident less than 2 years,10,1,0,1,9,3,6
S01011651,Born outside the UK: Resident 2 years or more and less than 5 years,11,2,1,1,9,0,9
S01011651,Born outside the UK: Resident 5 years or more and less than 10 years,9,8,0,8,1,0,1
S01011651,Born outside the UK: Resident 10 years or more,5,2,2,0,3,2,1
S01011652,All people in households,747,638,217,421,109,40,69
S01011652,Born in the UK,702,618,202,416,84,35,49
S01011652,Born outside the UK: Total,45,20,15,5,25,5,20
S01011652,Born outside the UK: Resident less than 2 years,8,3,2,1,5,1,4
S01011652,Born outside the UK: Resident 2 years or more and less than 5 years,12,4,3,1,8,3,5
S01011652,Born outside the UK: Resident 5 years or more and less than 10 years,5,1,0,1,4,1,3
S01011652,Born outside the UK: Resident 10 years or more,20,12,10,2,8,0,8
S01011653,All people in households,899,530,130,400,369,303,66
S01011653,Born in the UK,884,524,126,398,360,297,63
S01011653,Born outside the UK: Total,15,6,4,2,9,6,3
S01011653,Born outside the UK: Resident less than 2 years,2,0,0,0,2,0,2
S01011653,Born outside the UK: Resident 2 years or more and less than 5 years,3,0,0,0,3,3,0
S01011653,Born outside the UK: Resident 5 years or more and less than 10 years,4,1,1,0,3,2,1
S01011653,Born outside the UK: Resident 10 years or more,6,5,3,2,1,1,0
S01011654,All people in households,983,455,143,312,528,354,174
S01011654,Born in the UK,930,437,138,299,493,341,152
S01011654,Born outside the UK: Total,53,18,5,13,35,13,22
S01011654,Born outside the UK: Resident less than 2 years,19,0,0,0,19,4,15
S01011654,Born outside the UK: Resident 2 years or more and less than 5 years,18,3,2,1,15,8,7
S01011654,Born outside the UK: Resident 5 years or more and less than 10 years,2,2,0,2,0,0,0
S01011654,Born outside the UK: Resident 10 years or more,14,13,3,10,1,1,0
S01011655,All people in households,846,319,118,201,527,399,128
S01011655,Born in the UK,821,311,116,195,510,395,115
S01011655,Born outside the UK: Total,25,8,2,6,17,4,13
S01011655,Born outside the UK: Resident less than 2 years,1,0,0,0,1,0,1
S01011655,Born outside the UK: Resident 2 years or more and less than 5 years,14,0,0,0,14,4,10
S01011655,Born outside the UK: Resident 5 years or more and less than 10 years,5,4,0,4,1,0,1
S01011655,Born outside the UK: Resident 10 years or more,5,4,2,2,1,0,1
S01011656,All people in households,608,196,68,128,412,370,42
S01011656,Born in the UK,586,187,63,124,399,357,42
S01011656,Born outside the UK: Total,22,9,5,4,13,13,0
S01011656,Born outside the UK: Resident less than 2 years,0,0,0,0,0,0,0
S01011656,Born outside the UK: Resident 2 years or more and less than 5 years,6,1,1,0,5,5,0
S01011656,Born outside the UK: Resident 5 years or more and less than 10 years,5,2,0,2,3,3,0
S01011656,Born outside the UK: Resident 10 years or more,11,6,4,2,5,5,0
S01011657,All people in households,514,194,41,153,320,240,80
S01011657,Born in the UK,484,183,39,144,301,231,70
S01011657,Born outside the UK: Total,30,11,2,9,19,9,10
S01011657,Born outside the UK: Resident less than 2 years,3,2,0,2,1,0,1
S01011657,Born outside the UK: Resident 2 years or more and less than 5 years,17,4,0,4,13,6,7
S01011657,Born outside the UK: Resident 5 years or more and less than 10 years,4,0,0,0,4,2,2
S01011657,Born outside the UK: Resident 10 years or more,6,5,2,3,1,1,0
S01011658,All people in households,655,410,117,293,245,189,56
S01011658,Born in the UK,642,405,115,290,237,185,52
S01011658,Born outside the UK: Total,13,5,2,3,8,4,4
S01011658,Born outside the UK: Resident less than 2 years,3,1,0,1,2,2,0
S01011658,Born outside the UK: Resident 2 years or more and less than 5 years,2,0,0,0,2,1,1
S01011658,Born outside the UK: Resident 5 years or more and less than 10 years,4,2,0,2,2,0,2
S01011658,Born outside the UK: Resident 10 years or more,4,2,2,0,2,1,1
S01011659,All people in households,787,387,145,242,400,353,47
S01011659,Born in the UK,764,377,144,233,387,343,44
S01011659,Born outside the UK: Total,23,10,1,9,13,10,3
S01011659,Born outside the UK: Resident less than 2 years,1,1,0,1,0,0,0
S01011659,Born outside the UK: Resident 2 years or more and less than 5 years,14,6,1,5,8,6,2
S01011659,Born outside the UK: Resident 5 years or more and less than 10 years,2,1,0,1,1,1,0
S01011659,Born outside the UK: Resident 10 years or more,6,2,0,2,4,3,1
S01011660,All people in households,906,743,269,474,163,112,51
S01011660,Born in the UK,878,730,263,467,148,108,40
S01011660,Born outside the UK: Total,28,13,6,7,15,4,11
S01011660,Born outside the UK: Resident less than 2 years,5,1,0,1,4,1,3
S01011660,Born outside the UK: Resident 2 years or more and less than 5 years,6,3,1,2,3,0,3
S01011660,Born outside the UK: Resident 5 years or more and less than 10 years,8,2,0,2,6,2,4
S01011660,Born outside the UK: Resident 10 years or more,9,7,5,2,2,1,1
S01011661,All people in households,516,367,128,239,149,112,37
S01011661,Born in the UK,509,364,128,236,145,110,35
S01011661,Born outside the UK: Total,7,3,0,3,4,2,2
S01011661,Born outside the UK: Resident less than 2 years,0,0,0,0,0,0,0
S01011661,Born outside the UK: Resident 2 years or more and less than 5 years,4,3,0,3,1,0,1
S01011661,Born outside the UK: Resident 5 years or more and less than 10 years,0,0,0,0,0,0,0
S01011661,Born outside the UK: Resident 10 years or more,3,0,0,0,3,2,1
S01011662,All people in households,642,590,102,488,52,10,42
S01011662,Born in the UK,636,584,101,483,52,10,42
S01011662,Born outside the UK: Total,6,6,1,5,0,0,0
S01011662,Born outside the UK: Resident less than 2 years,0,0,0,0,0,0,0
S01011662,Born outside the UK: Resident 2 years or more and less than 5 years,0,0,0,0,0,0,0
S01011662,Born outside the UK: Resident 5 years or more and less than 10 years,0,0,0,0,0,0,0
S01011662,Born outside the UK: Resident 10 years or more,6,6,1,5,0,0,0
S01011663,All people in households,961,360,57,303,601,500,101
S01011663,Born in the UK,891,355,57,298,536,461,75
S01011663,Born outside the UK: Total,70,5,0,5,65,39,26
S01011663,Born outside the UK: Resident less than 2 years,16,0,0,0,16,9,7
S01011663,Born outside the UK: Resident 2 years or more and less than 5 years,26,2,0,2,24,11,13
S01011663,Born outside the UK: Resident 5 years or more and less than 10 years,20,2,0,2,18,12,6
S01011663,Born outside the UK: Resident 10 years or more,8,1,0,1,7,7,0
S01011664,All people in households,1044,550,123,427,494,449,45
S01011664,Born in the UK,1012,536,121,415,476,443,33
S01011664,Born outside the UK: Total,32,14,2,12,18,6,12
S01011664,Born outside the UK: Resident less than 2 years,3,0,0,0,3,0,3
S01011664,Born outside the UK: Resident 2 years or more and less than 5 years,15,6,0,6,9,0,9
S01011664,Born outside the UK: Resident 5 years or more and less than 10 years,4,2,0,2,2,2,0
S01011664,Born outside the UK: Resident 10 years or more,10,6,2,4,4,4,0
S01011665,All people in households,850,352,80,272,498,405,93
S01011665,Born in the UK,820,343,79,264,477,391,86
S01011665,Born outside the UK: Total,30,9,1,8,21,14,7
S01011665,Born outside the UK: Resident less than 2 years,6,2,0,2,4,4,0
S01011665,Born outside the UK: Resident 2 years or more and less than 5 years,12,0,0,0,12,7,5
S01011665,Born outside the UK: Resident 5 years or more and less than 10 years,4,1,0,1,3,2,1
S01011665,Born outside the UK: Resident 10 years or more,8,6,1,5,2,1,1
S01011666,All people in households,853,355,140,215,498,449,49
S01011666,Born in the UK,841,354,140,214,487,446,41
S01011666,Born outside the UK: Total,12,1,0,1,11,3,8
S01011666,Born outside the UK: Resident less than 2 years,4,0,0,0,4,1,3
S01011666,Born outside the UK: Resident 2 years or more and less than 5 years,5,0,0,0,5,0,5
S01011666,Born outside the UK: Resident 5 years or more and less than 10 years,0,0,0,0,0,0,0
S01011666,Born outside the UK: Resident 10 years or more,3,1,0,1,2,2,0
S01011667,All people in households,723,394,126,268,329,253,76
S01011667,Born in the UK,681,369,121,248,312,241,71
S01011667,Born outside the UK: Total,42,25,5,20,17,12,5
S01011667,Born outside the UK: Resident less than 2 years,13,7,1,6,6,4,2
S01011667,Born outside the UK: Resident 2 years or more and less than 5 years,10,7,0,7,3,3,0
S01011667,Born outside the UK: Resident 5 years or more and less than 10 years,9,5,0,5,4,2,2
S01011667,Born outside the UK: Resident 10 years or more,10,6,4,2,4,3,1
S01011668,All people in households,1042,390,93,297,652,565,87
S01011668,Born in the UK,1020,382,91,291,638,554,84
S01011668,Born outside the UK: Total,22,8,2,6,14,11,3
S01011668,Born outside the UK: Resident less than 2 years,4,1,1,0,3,2,1
S01011668,Born outside the UK: Resident 2 years or more and less than 5 years,11,2,0,2,9,7,2
S01011668,Born outside the UK: Resident 5 years or more and less than 10 years,0,0,0,0,0,0,0
S01011668,Born outside the UK: Resident 10 years or more,7,5,1,4,2,2,0
S01011669,All people in households,628,492,206,286,136,68,68
S01011669,Born in the UK,604,474,197,277,130,68,62
S01011669,Born outside the UK: Total,24,18,9,9,6,0,6
S01011669,Born outside the UK: Resident less than 2 years,0,0,0,0,0,0,0
S01011669,Born outside the UK: Resident 2 years or more and less than 5 years,0,0,0,0,0,0,0
S01011669,Born outside the UK: Resident 5 years or more and less than 10 years,7,1,0,1,6,0,6
S01011669,Born outside the UK: Resident 10 years or more,17,17,9,8,0,0,0
S01011670,All people in households,536,258,54,204,278,230,48
S01011670,Born in the UK,525,257,53,204,268,220,48
S01011670,Born outside the UK: Total,11,1,1,0,10,10,0
S01011670,Born outside the UK: Resident less than 2 years,1,1,1,0,0,0,0
S01011670,Born outside the UK: Resident 2 years or more and less than 5 years,5,0,0,0,5,5,0
S01011670,Born outside the UK: Resident 5 years or more and less than 10 years,1,0,0,0,1,1,0
S01011670,Born outside the UK: Resident 10 years or more,4,0,0,0,4,4,0
S01011671,All people in households,659,501,197,304,158,93,65
S01011671,Born in the UK,642,491,195,296,151,93,58
S01011671,Born outside the UK: Total,17,10,2,8,7,0,7
S01011671,Born outside the UK: Resident less than 2 years,4,3,1,2,1,0,1
S01011671,Born outside the UK: Resident 2 years or more and less than 5 years,6,0,0,0,6,0,6
S01011671,Born outside the UK: Resident 5 years or more and less than 10 years,5,5,0,5,0,0,0
S01011671,Born outside the UK: Resident 10 years or more,2,2,1,1,0,0,0
S01011672,All people in households,591,334,139,195,257,201,56
S01011672,Born in the UK,561,319,134,185,242,192,50
S01011672,Born outside the UK: Total,30,15,5,10,15,9,6
S01011672,Born outside the UK: Resident less than 2 years,4,1,1,0,3,0,3
S01011672,Born outside the UK: Resident 2 years or more and less than 5 years,3,1,0,1,2,1,1
S01011672,Born outside the UK: Resident 5 years or more and less than 10 years,7,2,0,2,5,4,1
S01011672,Born outside the UK: Resident 10 years or more,16,11,4,7,5,4,1
S01011673,All people in households,661,366,119,247,295,240,55
S01011673,Born in the UK,639,356,112,244,283,234,49
S01011673,Born outside the UK: Total,22,10,7,3,12,6,6
S01011673,Born outside the UK: Resident less than 2 years,7,5,5,0,2,0,2
S01011673,Born outside the UK: Resident 2 years or more and less than 5 years,8,1,0,1,7,3,4
S01011673,Born outside the UK: Resident 5 years or more and less than 10 years,2,0,0,0,2,2,0
S01011673,Born outside the UK: Resident 10 years or more,5,4,2,2,1,1,0
S01011674,All people in households,1002,735,177,558,267,202,65
S01011674,Born in the UK,981,718,173,545,263,201,62
S01011674,Born outside the UK: Total,21,17,4,13,4,1,3
S01011674,Born outside the UK: Resident less than 2 years,0,0,0,0,0,0,0
S01011674,Born outside the UK: Resident 2 years or more and less than 5 years,3,3,0,3,0,0,0
S01011674,Born outside the UK: Resident 5 years or more and less than 10 years,5,4,0,4,1,0,1
S01011674,Born outside the UK: Resident 10 years or more,13,10,4,6,3,1,2
S01011675,All people in households,896,555,152,403,341,289,52
S01011675,Born in the UK,885,549,149,400,336,285,51
S01011675,Born outside the UK: Total,11,6,3,3,5,4,1
S01011675,Born outside the UK: Resident less than 2 years,0,0,0,0,0,0,0
S01011675,Born outside the UK: Resident 2 years or more and less than 5 years,1,0,0,0,1,1,0
S01011675,Born outside the UK: Resident 5 years or more and less than 10 years,3,1,1,0,2,2,0
S01011675,Born outside the UK: Resident 10 years or more,7,5,2,3,2,1,1
S01011676,All people in households,699,367,96,271,332,296,36
S01011676,Born in the UK,685,364,95,269,321,286,35
S01011676,Born outside the UK: Total,14,3,1,2,11,10,1
S01011676,Born outside the UK: Resident less than 2 years,1,0,0,0,1,1,0
S01011676,Born outside the UK: Resident 2 years or more and less than 5 years,1,0,0,0,1,1,0
S01011676,Born outside the UK: Resident 5 years or more and less than 10 years,5,0,0,0,5,4,1
S01011676,Born outside the UK: Resident 10 years or more,7,3,1,2,4,4,0
S01011677,All people in households,622,410,46,364,212,75,137
S01011677,Born in the UK,611,405,45,360,206,74,132
S01011677,Born outside the UK: Total,11,5,1,4,6,1,5
S01011677,Born outside the UK: Resident less than 2 years,2,1,1,0,1,0,1
S01011677,Born outside the UK: Resident 2 years or more and less than 5 years,1,0,0,0,1,0,1
S01011677,Born outside the UK: Resident 5 years or more and less than 10 years,4,2,0,2,2,0,2
S01011677,Born outside the UK: Resident 10 years or more,4,2,0,2,2,1,1
S01011678,All people in households,464,224,108,116,240,212,28
S01011678,Born in the UK,455,221,108,113,234,210,24
S01011678,Born outside the UK: Total,9,3,0,3,6,2,4
S01011678,Born outside the UK: Resident less than 2 years,0,0,0,0,0,0,0
S01011678,Born outside the UK: Resident 2 years or more and less than 5 years,3,0,0,0,3,0,3
S01011678,Born outside the UK: Resident 5 years or more and less than 10 years,5,3,0,3,2,2,0
S01011678,Born outside the UK: Resident 10 years or more,1,0,0,0,1,0,1
S01011679,All people in households,563,494,72,422,69,20,49
S01011679,Born in the UK,537,471,71,400,66,19,47
S01011679,Born outside the UK: Total,26,23,1,22,3,1,2
S01011679,Born outside the UK: Resident less than 2 years,0,0,0,0,0,0,0
S01011679,Born outside the UK: Resident 2 years or more and less than 5 years,7,5,0,5,2,1,1
S01011679,Born outside the UK: Resident 5 years or more and less than 10 years,14,13,0,13,1,0,1
S01011679,Born outside the UK: Resident 10 years or more,5,5,1,4,0,0,0
S01011680,All people in households,1100,476,173,303,624,590,34
S01011680,Born in the UK,1089,472,171,301,617,586,31
S01011680,Born outside the UK: Total,11,4,2,2,7,4,3
S01011680,Born outside the UK: Resident less than 2 years,2,1,1,0,1,0,1
S01011680,Born outside the UK: Resident 2 years or more and less than 5 years,4,0,0,0,4,2,2
S01011680,Born outside the UK: Resident 5 years or more and less than 10 years,2,1,1,0,1,1,0
S01011680,Born outside the UK: Resident 10 years or more,3,2,0,2,1,1,0
S01011681,All people in households,847,515,138,377,332,293,39
S01011681,Born in the UK,834,508,134,374,326,287,39
S01011681,Born outside the UK: Total,13,7,4,3,6,6,0
S01011681,Born outside the UK: Resident less than 2 years,2,1,0,1,1,1,0
S01011681,Born outside the UK: Resident 2 years or more and less than 5 years,7,2,1,1,5,5,0
S01011681,Born outside the UK: Resident 5 years or more and less than 10 years,0,0,0,0,0,0,0
S01011681,Born outside the UK: Resident 10 years or more,4,4,3,1,0,0,0
S01011682,All people in households,435,390,154,236,45,8,37
S01011682,Born in the UK,429,385,152,233,44,8,36
S01011682,Born outside the UK: Total,6,5,2,3,1,0,1
S01011682,Born outside the UK: Resident less than 2 years,1,1,0,1,0,0,0
S01011682,Born outside the UK: Resident 2 years or more and less than 5 years,1,1,0,1,0,0,0
S01011682,Born outside the UK: Resident 5 years or more and less than 10 years,1,0,0,0,1,0,1
S01011682,Born outside the UK: Resident 10 years or more,3,3,2,1,0,0,0
S01011683,All people in households,745,502,169,333,243,179,64
S01011683,Born in the UK,727,490,168,322,237,174,63
S01011683,Born outside the UK: Total,18,12,1,11,6,5,1
S01011683,Born outside the UK: Resident less than 2 years,2,2,0,2,0,0,0
S01011683,Born outside the UK: Resident 2 years or more and less than 5 years,8,3,0,3,5,5,0
S01011683,Born outside the UK: Resident 5 years or more and less than 10 years,4,3,0,3,1,0,1
S01011683,Born outside the UK: Resident 10 years or more,4,4,1,3,0,0,0
S01011684,All people in households,543,424,141,283,119,92,27
S01011684,Born in the UK,532,416,140,276,116,89,27
S01011684,Born outside the UK: Total,11,8,1,7,3,3,0
S01011684,Born outside the UK: Resident less than 2 years,0,0,0,0,0,0,0
S01011684,Born outside the UK: Resident 2 years or more and less than 5 years,2,0,0,0,2,2,0
S01011684,Born outside the UK: Resident 5 years or more and less than 10 years,3,2,0,2,1,1,0
S01011684,Born outside the UK: Resident 10 years or more,6,6,1,5,0,0,0
S01011685,All people in households,802,722,117,605,80,35,45
S01011685,Born in the UK,787,711,117,594,76,34,42
S01011685,Born outside the UK: Total,15,11,0,11,4,1,3
S01011685,Born outside the UK: Resident less than 2 years,0,0,0,0,0,0,0
S01011685,Born outside the UK: Resident 2 years or more and less than 5 years,1,0,0,0,1,1,0
S01011685,Born outside the UK: Resident 5 years or more and less than 10 years,4,1,0,1,3,0,3
S01011685,Born outside the UK: Resident 10 years or more,10,10,0,10,0,0,0
S01011686,All people in households,828,754,264,490,74,20,54
S01011686,Born in the UK,803,739,260,479,64,18,46
S01011686,Born outside the UK: Total,25,15,4,11,10,2,8
S01011686,Born outside the UK: Resident less than 2 years,3,2,0,2,1,1,0
S01011686,Born outside the UK: Resident 2 years or more and less than 5 years,6,3,0,3,3,0,3
S01011686,Born outside the UK: Resident 5 years or more and less than 10 years,3,2,0,2,1,0,1
S01011686,Born outside the UK: Resident 10 years or more,13,8,4,4,5,1,4
S01011687,All people in households,864,522,132,390,342,291,51
S01011687,Born in the UK,859,520,131,389,339,289,50
S01011687,Born outside the UK: Total,5,2,1,1,3,2,1
S01011687,Born outside the UK: Resident less than 2 years,1,0,0,0,1,1,0
S01011687,Born outside the UK: Resident 2 years or more and less than 5 years,0,0,0,0,0,0,0
S01011687,Born outside the UK: Resident 5 years or more and less than 10 years,1,0,0,0,1,0,1
S01011687,Born outside the UK: Resident 10 years or more,3,2,1,1,1,1,0
S01011688,All people in households,820,632,138,494,188,137,51
S01011688,Born in the UK,793,610,137,473,183,137,46
S01011688,Born outside the UK: Total,27,22,1,21,5,0,5
S01011688,Born outside the UK: Resident less than 2 years,2,1,1,0,1,0,1
S01011688,Born outside the UK: Resident 2 years or more and less than 5 years,11,8,0,8,3,0,3
S01011688,Born outside the UK: Resident 5 years or more and less than 10 years,0,0,0,0,0,0,0
S01011688,Born outside the UK: Resident 10 years or more,14,13,0,13,1,0,1
S01011689,All people in households,667,618,178,440,49,31,18
S01011689,Born in the UK,642,601,171,430,41,26,15
S01011689,Born outside the UK: Total,25,17,7,10,8,5,3
S01011689,Born outside the UK: Resident less than 2 years,1,1,0,1,0,0,0
S01011689,Born outside the UK: Resident 2 years or more and less than 5 years,7,1,1,0,6,4,2
S01011689,Born outside the UK: Resident 5 years or more and less than 10 years,1,1,1,0,0,0,0
S01011689,Born outside the UK: Resident 10 years or more,16,14,5,9,2,1,1
S01011690,All people in households,983,794,138,656,189,149,40
S01011690,Born in the UK,963,777,133,644,186,146,40
S01011690,Born outside the UK: Total,20,17,5,12,3,3,0
S01011690,Born outside the UK: Resident less than 2 years,0,0,0,0,0,0,0
S01011690,Born outside the UK: Resident 2 years or more and less than 5 years,1,1,0,1,0,0,0
S01011690,Born outside the UK: Resident 5 years or more and less than 10 years,3,3,0,3,0,0,0
S01011690,Born outside the UK: Resident 10 years or more,16,13,5,8,3,3,0
S01011691,All people in households,624,492,85,407,132,59,73
S01011691,Born in the UK,602,474,80,394,128,58,70
S01011691,Born outside the UK: Total,22,18,5,13,4,1,3
S01011691,Born outside the UK: Resident less than 2 years,0,0,0,0,0,0,0
S01011691,Born outside the UK: Resident 2 years or more and less than 5 years,0,0,0,0,0,0,0
S01011691,Born outside the UK: Resident 5 years or more and less than 10 years,7,4,1,3,3,1,2
S01011691,Born outside the UK: Resident 10 years or more,15,14,4,10,1,0,1
S01011692,All people in households,1074,550,162,388,524,472,52
S01011692,Born in the UK,1057,536,155,381,521,472,49
S01011692,Born outside the UK: Total,17,14,7,7,3,0,3
S01011692,Born outside the UK: Resident less than 2 years,1,1,0,1,0,0,0
S01011692,Born outside the UK: Resident 2 years or more and less than 5 years,4,4,4,0,0,0,0
S01011692,Born outside the UK: Resident 5 years or more and less than 10 years,3,1,0,1,2,0,2
S01011692,Born outside the UK: Resident 10 years or more,9,8,3,5,1,0,1
S01011693,All people in households,807,633,167,466,174,78,96
S01011693,Born in the UK,775,609,161,448,166,75,91
S01011693,Born outside the UK: Total,32,24,6,18,8,3,5
S01011693,Born outside the UK: Resident less than 2 years,7,6,3,3,1,0,1
S01011693,Born outside the UK: Resident 2 years or more and less than 5 years,2,1,0,1,1,0,1
S01011693,Born outside the UK: Resident 5 years or more and less than 10 years,4,3,0,3,1,1,0
S01011693,Born outside the UK: Resident 10 years or more,19,14,3,11,5,2,3
S01011694,All people in households,535,456,49,407,79,44,35
S01011694,Born in the UK,526,451,49,402,75,43,32
S01011694,Born outside the UK: Total,9,5,0,5,4,1,3
S01011694,Born outside the UK: Resident less than 2 years,4,1,0,1,3,0,3
S01011694,Born outside the UK: Resident 2 years or more and less than 5 years,0,0,0,0,0,0,0
S01011694,Born outside the UK: Resident 5 years or more and less than 10 years,1,1,0,1,0,0,0
S01011694,Born outside the UK: Resident 10 years or more,4,3,0,3,1,1,0
S01011695,All people in households,931,838,140,698,93,35,58
S01011695,Born in the UK,920,832,139,693,88,34,54
S01011695,Born outside the UK: Total,11,6,1,5,5,1,4
S01011695,Born outside the UK: Resident less than 2 years,1,0,0,0,1,0,1
S01011695,Born outside the UK: Resident 2 years or more and less than 5 years,3,1,1,0,2,0,2
S01011695,Born outside the UK: Resident 5 years or more and less than 10 years,1,1,0,1,0,0,0
S01011695,Born outside the UK: Resident 10 years or more,6,4,0,4,2,1,1
S01011696,All people in households,1068,1007,149,858,61,15,46
S01011696,Born in the UK,1003,950,133,817,53,11,42
S01011696,Born outside the UK: Total,65,57,16,41,8,4,4
S01011696,Born outside the UK: Resident less than 2 years,0,0,0,0,0,0,0
S01011696,Born outside the UK: Resident 2 years or more and less than 5 years,10,9,6,3,1,0,1
S01011696,Born outside the UK: Resident 5 years or more and less than 10 years,7,4,2,2,3,2,1
S01011696,Born outside the UK: Resident 10 years or more,48,44,8,36,4,2,2
S01011697,All people in households,1029,818,153,665,211,146,65
S01011697,Born in the UK,994,790,141,649,204,140,64
S01011697,Born outside the UK: Total,35,28,12,16,7,6,1
S01011697,Born outside the UK: Resident less than 2 years,0,0,0,0,0,0,0
S01011697,Born outside the UK: Resident 2 years or more and less than 5 years,6,0,0,0,6,5,1
S01011697,Born outside the UK: Resident 5 years or more and less than 10 years,3,3,0,3,0,0,0
S01011697,Born outside the UK: Resident 10 years or more,26,25,12,13,1,1,0
S01011698,All people in households,643,475,143,332,168,148,20
S01011698,Born in the UK,628,464,139,325,164,145,19
S01011698,Born outside the UK: Total,15,11,4,7,4,3,1
S01011698,Born outside the UK: Resident less than 2 years,0,0,0,0,0,0,0
S01011698,Born outside the UK: Resident 2 years or more and less than 5 years,3,2,1,1,1,0,1
S01011698,Born outside the UK: Resident 5 years or more and less than 10 years,1,1,1,0,0,0,0
S01011698,Born outside the UK: Resident 10 years or more,11,8,2,6,3,3,0
S01011699,All people in households,911,823,289,534,88,29,59
S01011699,Born in the UK,884,803,280,523,81,28,53
S01011699,Born outside the UK: Total,27,20,9,11,7,1,6
S01011699,Born outside the UK: Resident less than 2 years,1,0,0,0,1,0,1
S01011699,Born outside the UK: Resident 2 years or more and less than 5 years,2,2,2,0,0,0,0
S01011699,Born outside the UK: Resident 5 years or more and less than 10 years,9,6,2,4,3,0,3
S01011699,Born outside the UK: Resident 10 years or more,15,12,5,7,3,1,2
S01011700,All people in households,759,607,246,361,152,118,34
S01011700,Born in the UK,734,588,241,347,146,113,33
S01011700,Born outside the UK: Total,25,19,5,14,6,5,1
S01011700,Born outside the UK: Resident less than 2 years,2,1,1,0,1,0,1
S01011700,Born outside the UK: Resident 2 years or more and less than 5 years,3,2,0,2,1,1,0
S01011700,Born outside the UK: Resident 5 years or more and less than 10 years,0,0,0,0,0,0,0
S01011700,Born outside the UK: Resident 10 years or more,20,16,4,12,4,4,0
S01011701,All people in households,1016,868,323,545,148,67,81
S01011701,Born in the UK,977,835,314,521,142,62,80
S01011701,Born outside the UK: Total,39,33,9,24,6,5,1
S01011701,Born outside the UK: Resident less than 2 years,0,0,0,0,0,0,0
S01011701,Born outside the UK: Resident 2 years or more and less than 5 years,4,1,1,0,3,3,0
S01011701,Born outside the UK: Resident 5 years or more and less than 10 years,11,11,1,10,0,0,0
S01011701,Born outside the UK: Resident 10 years or more,24,21,7,14,3,2,1
S01011702,All people in households,733,560,226,334,173,134,39
S01011702,Born in the UK,711,546,217,329,165,133,32
S01011702,Born outside the UK: Total,22,14,9,5,8,1,7
S01011702,Born outside the UK: Resident less than 2 years,1,0,0,0,1,0,1
S01011702,Born outside the UK: Resident 2 years or more and less than 5 years,7,0,0,0,7,1,6
S01011702,Born outside the UK: Resident 5 years or more and less than 10 years,3,3,3,0,0,0,0
S01011702,Born outside the UK: Resident 10 years or more,11,11,6,5,0,0,0
S01011703,All people in households,631,543,217,326,88,36,52
S01011703,Born in the UK,596,518,200,318,78,29,49
S01011703,Born outside the UK: Total,35,25,17,8,10,7,3
S01011703,Born outside the UK: Resident less than 2 years,2,2,0,2,0,0,0
S01011703,Born outside the UK: Resident 2 years or more and less than 5 years,8,0,0,0,8,5,3
S01011703,Born outside the UK: Resident 5 years or more and less than 10 years,3,1,1,0,2,2,0
S01011703,Born outside the UK: Resident 10 years or more,22,22,16,6,0,0,0
S01011704,All people in households,747,685,138,547,62,30,32
S01011704,Born in the UK,720,661,137,524,59,30,29
S01011704,Born outside the UK: Total,27,24,1,23,3,0,3
S01011704,Born outside the UK: Resident less than 2 years,3,1,0,1,2,0,2
S01011704,Born outside the UK: Resident 2 years or more and less than 5 years,4,3,0,3,1,0,1
S01011704,Born outside the UK: Resident 5 years or more and less than 10 years,6,6,0,6,0,0,0
S01011704,Born outside the UK: Resident 10 years or more,14,14,1,13,0,0,0
S01011705,All people in households,759,476,84,392,283,243,40
S01011705,Born in the UK,744,464,78,386,280,241,39
S01011705,Born outside the UK: Total,15,12,6,6,3,2,1
S01011705,Born outside the UK: Resident less than 2 years,0,0,0,0,0,0,0
S01011705,Born outside the UK: Resident 2 years or more and less than 5 years,0,0,0,0,0,0,0
S01011705,Born outside the UK: Resident 5 years or more and less than 10 years,3,2,0,2,1,1,0
S01011705,Born outside the UK: Resident 10 years or more,12,10,6,4,2,1,1
S01011706,All people in households,987,768,304,464,219,144,75
S01011706,Born in the UK,956,745,293,452,211,142,69
S01011706,Born outside the UK: Total,31,23,11,12,8,2,6
S01011706,Born outside the UK: Resident less than 2 years,3,1,0,1,2,0,2
S01011706,Born outside the UK: Resident 2 years or more and less than 5 years,5,4,1,3,1,0,1
S01011706,Born outside the UK: Resident 5 years or more and less than 10 years,4,3,1,2,1,0,1
S01011706,Born outside the UK: Resident 10 years or more,19,15,9,6,4,2,2
S01011707,All people in households,713,651,250,401,62,44,18
S01011707,Born in the UK,694,643,248,395,51,33,18
S01011707,Born outside the UK: Total,19,8,2,6,11,11,0
S01011707,Born outside the UK: Resident less than 2 years,1,0,0,0,1,1,0
S01011707,Born outside the UK: Resident 2 years or more and less than 5 years,7,0,0,0,7,7,0
S01011707,Born outside the UK: Resident 5 years or more and less than 10 years,2,0,0,0,2,2,0
S01011707,Born outside the UK: Resident 10 years or more,9,8,2,6,1,1,0
S01011708,All people in households,919,623,242,381,296,223,73
S01011708,Born in the UK,886,605,238,367,281,215,66
S01011708,Born outside the UK: Total,33,18,4,14,15,8,7
S01011708,Born outside the UK: Resident less than 2 years,3,0,0,0,3,1,2
S01011708,Born outside the UK: Resident 2 years or more and less than 5 years,4,0,0,0,4,0,4
S01011708,Born outside the UK: Resident 5 years or more and less than 10 years,10,7,0,7,3,2,1
S01011708,Born outside the UK: Resident 10 years or more,16,11,4,7,5,5,0
S01011709,All people in households,954,749,214,535,205,175,30
S01011709,Born in the UK,920,723,206,517,197,169,28
S01011709,Born outside the UK: Total,34,26,8,18,8,6,2
S01011709,Born outside the UK: Resident less than 2 years,1,0,0,0,1,1,0
S01011709,Born outside the UK: Resident 2 years or more and less than 5 years,2,1,0,1,1,1,0
S01011709,Born outside the UK: Resident 5 years or more and less than 10 years,5,4,0,4,1,1,0
S01011709,Born outside the UK: Resident 10 years or more,26,21,8,13,5,3,2
S01011710,All people in households,647,218,53,165,429,408,21
S01011710,Born in the UK,639,215,53,162,424,404,20
S01011710,Born outside the UK: Total,8,3,0,3,5,4,1
S01011710,Born outside the UK: Resident less than 2 years,0,0,0,0,0,0,0
S01011710,Born outside the UK: Resident 2 years or more and less than 5 years,1,0,0,0,1,0,1
S01011710,Born outside the UK: Resident 5 years or more and less than 10 years,0,0,0,0,0,0,0
S01011710,Born outside the UK: Resident 10 years or more,7,3,0,3,4,4,0
S01011711,All people in households,683,264,74,190,419,368,51
S01011711,Born in the UK,677,262,74,188,415,364,51
S01011711,Born outside the UK: Total,6,2,0,2,4,4,0
S01011711,Born outside the UK: Resident less than 2 years,0,0,0,0,0,0,0
S01011711,Born outside the UK: Resident 2 years or more and less than 5 years,0,0,0,0,0,0,0
S01011711,Born outside the UK: Resident 5 years or more and less than 10 years,0,0,0,0,0,0,0
S01011711,Born outside the UK: Resident 10 years or more,6,2,0,2,4,4,0
S01011712,All people in households,530,309,90,219,221,177,44
S01011712,Born in the UK,518,303,88,215,215,176,39
S01011712,Born outside the UK: Total,12,6,2,4,6,1,5
S01011712,Born outside the UK: Resident less than 2 years,0,0,0,0,0,0,0
S01011712,Born outside the UK: Resident 2 years or more and less than 5 years,2,0,0,0,2,0,2
S01011712,Born outside the UK: Resident 5 years or more and less than 10 years,3,2,0,2,1,0,1
S01011712,Born outside the UK: Resident 10 years or more,7,4,2,2,3,1,2
S01011713,All people in households,851,697,261,436,154,119,35
S01011713,Born in the UK,830,686,256,430,144,113,31
S01011713,Born outside the UK: Total,21,11,5,6,10,6,4
S01011713,Born outside the UK: Resident less than 2 years,0,0,0,0,0,0,0
S01011713,Born outside the UK: Resident 2 years or more and less than 5 years,5,2,0,2,3,0,3
S01011713,Born outside the UK: Resident 5 years or more and less than 10 years,2,2,0,2,0,0,0
S01011713,Born outside the UK: Resident 10 years or more,14,7,5,2,7,6,1
S01011714,All people in households,566,548,52,496,18,14,4
S01011714,Born in the UK,556,539,51,488,17,14,3
S01011714,Born outside the UK: Total,10,9,1,8,1,0,1
S01011714,Born outside the UK: Resident less than 2 years,0,0,0,0,0,0,0
S01011714,Born outside the UK: Resident 2 years or more and less than 5 years,0,0,0,0,0,0,0
S01011714,Born outside the UK: Resident 5 years or more and less than 10 years,2,1,1,0,1,0,1
S01011714,Born outside the UK: Resident 10 years or more,8,8,0,8,0,0,0
S01011715,All people in households,633,340,86,254,293,222,71
S01011715,Born in the UK,629,337,86,251,292,221,71
S01011715,Born outside the UK: Total,4,3,0,3,1,1,0
S01011715,Born outside the UK: Resident less than 2 years,0,0,0,0,0,0,0
S01011715,Born outside the UK: Resident 2 years or more and less than 5 years,0,0,0,0,0,0,0
S01011715,Born outside the UK: Resident 5 years or more and less than 10 years,0,0,0,0,0,0,0
S01011715,Born outside the UK: Resident 10 years or more,4,3,0,3,1,1,0
S01011716,All people in households,917,818,135,683,99,37,62
S01011716,Born in the UK,896,806,130,676,90,37,53
S01011716,Born outside the UK: Total,21,12,5,7,9,0,9
S01011716,Born outside the UK: Resident less than 2 years,0,0,0,0,0,0,0
S01011716,Born outside the UK: Resident 2 years or more and less than 5 years,8,1,0,1,7,0,7
S01011716,Born outside the UK: Resident 5 years or more and less than 10 years,3,3,2,1,0,0,0
S01011716,Born outside the UK: Resident 10 years or more,10,8,3,5,2,0,2
S01011717,All people in households,710,675,289,386,35,13,22
S01011717,Born in the UK,697,664,284,380,33,12,21
S01011717,Born outside the UK: Total,13,11,5,6,2,1,1
S01011717,Born outside the UK: Resident less than 2 years,0,0,0,0,0,0,0
S01011717,Born outside the UK: Resident 2 years or more and less than 5 years,0,0,0,0,0,0,0
S01011717,Born outside the UK: Resident 5 years or more and less than 10 years,2,2,0,2,0,0,0
S01011717,Born outside the UK: Resident 10 years or more,11,9,5,4,2,1,1
S01011718,All people in households,800,725,75,650,75,23,52
S01011718,Born in the UK,782,713,74,639,69,22,47
S01011718,Born outside the UK: Total,18,12,1,11,6,1,5
S01011718,Born outside the UK: Resident less than 2 years,4,0,0,0,4,0,4
S01011718,Born outside the UK: Resident 2 years or more and less than 5 years,0,0,0,0,0,0,0
S01011718,Born outside the UK: Resident 5 years or more and less than 10 years,2,1,0,1,1,0,1
S01011718,Born outside the UK: Resident 10 years or more,12,11,1,10,1,1,0
S01011719,All people in households,634,593,94,499,41,6,35
S01011719,Born in the UK,605,578,93,485,27,6,21
S01011719,Born outside the UK: Total,29,15,1,14,14,0,14
S01011719,Born outside the UK: Resident less than 2 years,10,2,0,2,8,0,8
S01011719,Born outside the UK: Resident 2 years or more and less than 5 years,5,3,0,3,2,0,2
S01011719,Born outside the UK: Resident 5 years or more and less than 10 years,10,7,0,7,3,0,3
S01011719,Born outside the UK: Resident 10 years or more,4,3,1,2,1,0,1
S01011720,All people in households,529,484,214,270,45,13,32
S01011720,Born in the UK,512,471,206,265,41,13,28
S01011720,Born outside the UK: Total,17,13,8,5,4,0,4
S01011720,Born outside the UK: Resident less than 2 years,0,0,0,0,0,0,0
S01011720,Born outside the UK: Resident 2 years or more and less than 5 years,0,0,0,0,0,0,0
S01011720,Born outside the UK: Resident 5 years or more and less than 10 years,1,0,0,0,1,0,1
S01011720,Born outside the UK: Resident 10 years or more,16,13,8,5,3,0,3
S01011721,All people in households,716,600,175,425,116,90,26
S01011721,Born in the UK,709,597,175,422,112,87,25
S01011721,Born outside the UK: Total,7,3,0,3,4,3,1
S01011721,Born outside the UK: Resident less than 2 years,0,0,0,0,0,0,0
S01011721,Born outside the UK: Resident 2 years or more and less than 5 years,0,0,0,0,0,0,0
S01011721,Born outside the UK: Resident 5 years or more and less than 10 years,0,0,0,0,0,0,0
S01011721,Born outside the UK: Resident 10 years or more,7,3,0,3,4,3,1
S01011722,All people in households,721,535,199,336,186,111,75
S01011722,Born in the UK,712,527,197,330,185,111,74
S01011722,Born outside the UK: Total,9,8,2,6,1,0,1
S01011722,Born outside the UK: Resident less than 2 years,0,0,0,0,0,0,0
S01011722,Born outside the UK: Resident 2 years or more and less than 5 years,0,0,0,0,0,0,0
S01011722,Born outside the UK: Resident 5 years or more and less than 10 years,0,0,0,0,0,0,0
S01011722,Born outside the UK: Resident 10 years or more,9,8,2,6,1,0,1
S01011723,All people in households,941,739,201,538,202,123,79
S01011723,Born in the UK,929,730,199,531,199,123,76
S01011723,Born outside the UK: Total,12,9,2,7,3,0,3
S01011723,Born outside the UK: Resident less than 2 years,0,0,0,0,0,0,0
S01011723,Born outside the UK: Resident 2 years or more and less than 5 years,2,0,0,0,2,0,2
S01011723,Born outside the UK: Resident 5 years or more and less than 10 years,1,0,0,0,1,0,1
S01011723,Born outside the UK: Resident 10 years or more,9,9,2,7,0,0,0
S01011724,All people in households,733,491,63,428,242,189,53
S01011724,Born in the UK,709,471,62,409,238,185,53
S01011724,Born outside the UK: Total,24,20,1,19,4,4,0
S01011724,Born outside the UK: Resident less than 2 years,0,0,0,0,0,0,0
S01011724,Born outside the UK: Resident 2 years or more and less than 5 years,0,0,0,0,0,0,0
S01011724,Born outside the UK: Resident 5 years or more and less than 10 years,10,7,0,7,3,3,0
S01011724,Born outside the UK: Resident 10 years or more,14,13,1,12,1,1,0
S01011725,All people in households,634,597,38,559,37,7,30
S01011725,Born in the UK,613,580,36,544,33,6,27
S01011725,Born outside the UK: Total,21,17,2,15,4,1,3
S01011725,Born outside the UK: Resident less than 2 years,2,0,0,0,2,0,2
S01011725,Born outside the UK: Resident 2 years or more and less than 5 years,3,2,0,2,1,0,1
S01011725,Born outside the UK: Resident 5 years or more and less than 10 years,0,0,0,0,0,0,0
S01011725,Born outside the UK: Resident 10 years or more,16,15,2,13,1,1,0
S01011726,All people in households,552,535,66,469,17,6,11
S01011726,Born in the UK,542,525,64,461,17,6,11
S01011726,Born outside the UK: Total,10,10,2,8,0,0,0
S01011726,Born outside the UK: Resident less than 2 years,0,0,0,0,0,0,0
S01011726,Born outside the UK: Resident 2 years or more and less than 5 years,0,0,0,0,0,0,0
S01011726,Born outside the UK: Resident 5 years or more and less than 10 years,0,0,0,0,0,0,0
S01011726,Born outside the UK: Resident 10 years or more,10,10,2,8,0,0,0
S01011727,All people in households,774,708,88,620,66,11,55
S01011727,Born in the UK,749,689,86,603,60,11,49
S01011727,Born outside the UK: Total,25,19,2,17,6,0,6
S01011727,Born outside the UK: Resident less than 2 years,1,1,0,1,0,0,0
S01011727,Born outside the UK: Resident 2 years or more and less than 5 years,5,2,1,1,3,0,3
S01011727,Born outside the UK: Resident 5 years or more and less than 10 years,2,2,0,2,0,0,0
S01011727,Born outside the UK: Resident 10 years or more,17,14,1,13,3,0,3
S01011728,All people in households,929,695,211,484,234,134,100
S01011728,Born in the UK,913,683,206,477,230,132,98
S01011728,Born outside the UK: Total,16,12,5,7,4,2,2
S01011728,Born outside the UK: Resident less than 2 years,0,0,0,0,0,0,0
S01011728,Born outside the UK: Resident 2 years or more and less than 5 years,2,0,0,0,2,0,2
S01011728,Born outside the UK: Resident 5 years or more and less than 10 years,0,0,0,0,0,0,0
S01011728,Born outside the UK: Resident 10 years or more,14,12,5,7,2,2,0
S01011729,All people in households,710,391,98,293,319,267,52
S01011729,Born in the UK,695,380,95,285,315,266,49
S01011729,Born outside the UK: Total,15,11,3,8,4,1,3
S01011729,Born outside the UK: Resident less than 2 years,2,2,0,2,0,0,0
S01011729,Born outside the UK: Resident 2 years or more and less than 5 years,3,2,0,2,1,1,0
S01011729,Born outside the UK: Resident 5 years or more and less than 10 years,2,0,0,0,2,0,2
S01011729,Born outside the UK: Resident 10 years or more,8,7,3,4,1,0,1
S01011730,All people in households,844,762,331,431,82,45,37
S01011730,Born in the UK,831,751,324,427,80,44,36
S01011730,Born outside the UK: Total,13,11,7,4,2,1,1
S01011730,Born outside the UK: Resident less than 2 years,2,2,2,0,0,0,0
S01011730,Born outside the UK: Resident 2 years or more and less than 5 years,1,1,0,1,0,0,0
S01011730,Born outside the UK: Resident 5 years or more and less than 10 years,1,0,0,0,1,1,0
S01011730,Born outside the UK: Resident 10 years or more,9,8,5,3,1,0,1
S01011731,All people in households,824,680,248,432,144,99,45
S01011731,Born in the UK,806,670,245,425,136,97,39
S01011731,Born outside the UK: Total,18,10,3,7,8,2,6
S01011731,Born outside the UK: Resident less than 2 years,0,0,0,0,0,0,0
S01011731,Born outside the UK: Resident 2 years or more and less than 5 years,2,0,0,0,2,0,2
S01011731,Born outside the UK: Resident 5 years or more and less than 10 years,1,1,0,1,0,0,0
S01011731,Born outside the UK: Resident 10 years or more,15,9,3,6,6,2,4
S01011732,All people in households,785,756,290,466,29,15,14
S01011732,Born in the UK,766,740,287,453,26,15,11
S01011732,Born outside the UK: Total,19,16,3,13,3,0,3
S01011732,Born outside the UK: Resident less than 2 years,2,0,0,0,2,0,2
S01011732,Born outside the UK: Resident 2 years or more and less than 5 years,3,2,0,2,1,0,1
S01011732,Born outside the UK: Resident 5 years or more and less than 10 years,2,2,0,2,0,0,0
S01011732,Born outside the UK: Resident 10 years or more,12,12,3,9,0,0,0
S01011733,All people in households,851,703,244,459,148,100,48
S01011733,Born in the UK,842,695,241,454,147,100,47
S01011733,Born outside the UK: Total,9,8,3,5,1,0,1
S01011733,Born outside the UK: Resident less than 2 years,1,1,1,0,0,0,0
S01011733,Born outside the UK: Resident 2 years or more and less than 5 years,0,0,0,0,0,0,0
S01011733,Born outside the UK: Resident 5 years or more and less than 10 years,0,0,0,0,0,0,0
S01011733,Born outside the UK: Resident 10 years or more,8,7,2,5,1,0,1
S01011734,All people in households,751,616,219,397,135,86,49
S01011734,Born in the UK,734,603,215,388,131,86,45
S01011734,Born outside the UK: Total,17,13,4,9,4,0,4
S01011734,Born outside the UK: Resident less than 2 years,2,0,0,0,2,0,2
S01011734,Born outside the UK: Resident 2 years or more and less than 5 years,5,4,0,4,1,0,1
S01011734,Born outside the UK: Resident 5 years or more and less than 10 years,1,1,0,1,0,0,0
S01011734,Born outside the UK: Resident 10 years or more,9,8,4,4,1,0,1
S01011735,All people in households,736,698,277,421,38,16,22
S01011735,Born in the UK,710,677,273,404,33,16,17
S01011735,Born outside the UK: Total,26,21,4,17,5,0,5
S01011735,Born outside the UK: Resident less than 2 years,0,0,0,0,0,0,0
S01011735,Born outside the UK: Resident 2 years or more and less than 5 years,8,8,0,8,0,0,0
S01011735,Born outside the UK: Resident 5 years or more and less than 10 years,6,2,0,2,4,0,4
S01011735,Born outside the UK: Resident 10 years or more,12,11,4,7,1,0,1
S01011736,All people in households,770,562,162,400,208,66,142
S01011736,Born in the UK,742,537,157,380,205,66,139
S01011736,Born outside the UK: Total,28,25,5,20,3,0,3
S01011736,Born outside the UK: Resident less than 2 years,1,1,0,1,0,0,0
S01011736,Born outside the UK: Resident 2 years or more and less than 5 years,7,7,0,7,0,0,0
S01011736,Born outside the UK: Resident 5 years or more and less than 10 years,13,13,4,9,0,0,0
S01011736,Born outside the UK: Resident 10 years or more,7,4,1,3,3,0,3
S01011737,All people in households,727,464,144,320,263,97,166
S01011737,Born in the UK,662,446,136,310,216,89,127
S01011737,Born outside the UK: Total,65,18,8,10,47,8,39
S01011737,Born outside the UK: Resident less than 2 years,17,0,0,0,17,0,17
S01011737,Born outside the UK: Resident 2 years or more and less than 5 years,19,0,0,0,19,7,12
S01011737,Born outside the UK: Resident 5 years or more and less than 10 years,14,7,1,6,7,0,7
S01011737,Born outside the UK: Resident 10 years or more,15,11,7,4,4,1,3
S01011738,All people in households,1016,625,189,436,391,199,192
S01011738,Born in the UK,935,603,186,417,332,195,137
S01011738,Born outside the UK: Total,81,22,3,19,59,4,55
S01011738,Born outside the UK: Resident less than 2 years,20,1,0,1,19,0,19
S01011738,Born outside the UK: Resident 2 years or more and less than 5 years,26,0,0,0,26,1,25
S01011738,Born outside the UK: Resident 5 years or more and less than 10 years,12,4,0,4,8,0,8
S01011738,Born outside the UK: Resident 10 years or more,23,17,3,14,6,3,3
S01011739,All people in households,502,376,136,240,126,92,34
S01011739,Born in the UK,485,364,134,230,121,90,31
S01011739,Born outside the UK: Total,17,12,2,10,5,2,3
S01011739,Born outside the UK: Resident less than 2 years,0,0,0,0,0,0,0
S01011739,Born outside the UK: Resident 2 years or more and less than 5 years,7,5,0,5,2,1,1
S01011739,Born outside the UK: Resident 5 years or more and less than 10 years,0,0,0,0,0,0,0
S01011739,Born outside the UK: Resident 10 years or more,10,7,2,5,3,1,2
S01011740,All people in households,783,362,110,252,421,343,78
S01011740,Born in the UK,736,348,104,244,388,335,53
S01011740,Born outside the UK: Total,47,14,6,8,33,8,25
S01011740,Born outside the UK: Resident less than 2 years,9,2,0,2,7,0,7
S01011740,Born outside the UK: Resident 2 years or more and less than 5 years,9,2,0,2,7,4,3
S01011740,Born outside the UK: Resident 5 years or more and less than 10 years,2,2,1,1,0,0,0
S01011740,Born outside the UK: Resident 10 years or more,27,8,5,3,19,4,15
S01011741,All people in households,657,424,150,274,233,171,62
S01011741,Born in the UK,633,409,149,260,224,169,55
S01011741,Born outside the UK: Total,24,15,1,14,9,2,7
S01011741,Born outside the UK: Resident less than 2 years,3,1,0,1,2,0,2
S01011741,Born outside the UK: Resident 2 years or more and less than 5 years,9,5,0,5,4,0,4
S01011741,Born outside the UK: Resident 5 years or more and less than 10 years,6,6,0,6,0,0,0
S01011741,Born outside the UK: Resident 10 years or more,6,3,1,2,3,2,1
S01011742,All people in households,758,545,172,373,213,157,56
S01011742,Born in the UK,738,526,170,356,212,156,56
S01011742,Born outside the UK: Total,20,19,2,17,1,1,0
S01011742,Born outside the UK: Resident less than 2 years,0,0,0,0,0,0,0
S01011742,Born outside the UK: Resident 2 years or more and less than 5 years,1,1,0,1,0,0,0
S01011742,Born outside the UK: Resident 5 years or more and less than 10 years,6,6,0,6,0,0,0
S01011742,Born outside the UK: Resident 10 years or more,13,12,2,10,1,1,0
S01011743,All people in households,797,537,202,335,260,144,116
S01011743,Born in the UK,787,531,200,331,256,142,114
S01011743,Born outside the UK: Total,10,6,2,4,4,2,2
S01011743,Born outside the UK: Resident less than 2 years,1,0,0,0,1,0,1
S01011743,Born outside the UK: Resident 2 years or more and less than 5 years,1,1,0,1,0,0,0
S01011743,Born outside the UK: Resident 5 years or more and less than 10 years,0,0,0,0,0,0,0
S01011743,Born outside the UK: Resident 10 years or more,8,5,2,3,3,2,1
S01011744,All people in households,849,475,199,276,374,224,150
S01011744,Born in the UK,819,459,191,268,360,218,142
S01011744,Born outside the UK: Total,30,16,8,8,14,6,8
S01011744,Born outside the UK: Resident less than 2 years,3,0,0,0,3,0,3
S01011744,Born outside the UK: Resident 2 years or more and less than 5 years,5,2,1,1,3,1,2
S01011744,Born outside the UK: Resident 5 years or more and less than 10 years,4,1,1,0,3,1,2
S01011744,Born outside the UK: Resident 10 years or more,18,13,6,7,5,4,1
S01011745,All people in households,711,403,161,242,308,248,60
S01011745,Born in the UK,678,389,156,233,289,241,48
S01011745,Born outside the UK: Total,33,14,5,9,19,7,12
S01011745,Born outside the UK: Resident less than 2 years,3,0,0,0,3,0,3
S01011745,Born outside the UK: Resident 2 years or more and less than 5 years,8,2,0,2,6,1,5
S01011745,Born outside the UK: Resident 5 years or more and less than 10 years,6,1,0,1,5,1,4
S01011745,Born outside the UK: Resident 10 years or more,16,11,5,6,5,5,0
S01011746,All people in households,539,285,84,201,254,158,96
S01011746,Born in the UK,516,279,82,197,237,156,81
S01011746,Born outside the UK: Total,23,6,2,4,17,2,15
S01011746,Born outside the UK: Resident less than 2 years,9,0,0,0,9,0,9
S01011746,Born outside the UK: Resident 2 years or more and less than 5 years,5,0,0,0,5,0,5
S01011746,Born outside the UK: Resident 5 years or more and less than 10 years,3,2,1,1,1,0,1
S01011746,Born outside the UK: Resident 10 years or more,6,4,1,3,2,2,0
S01011747,All people in households,992,458,136,322,534,357,177
S01011747,Born in the UK,910,429,132,297,481,351,130
S01011747,Born outside the UK: Total,82,29,4,25,53,6,47
S01011747,Born outside the UK: Resident less than 2 years,18,2,0,2,16,0,16
S01011747,Born outside the UK: Resident 2 years or more and less than 5 years,32,10,0,10,22,2,20
S01011747,Born outside the UK: Resident 5 years or more and less than 10 years,18,7,0,7,11,1,10
S01011747,Born outside the UK: Resident 10 years or more,14,10,4,6,4,3,1
S01011748,All people in households,878,453,100,353,425,224,201
S01011748,Born in the UK,830,440,96,344,390,222,168
S01011748,Born outside the UK: Total,48,13,4,9,35,2,33
S01011748,Born outside the UK: Resident less than 2 years,13,1,0,1,12,0,12
S01011748,Born outside the UK: Resident 2 years or more and less than 5 years,10,0,0,0,10,0,10
S01011748,Born outside the UK: Resident 5 years or more and less than 10 years,9,1,0,1,8,0,8
S01011748,Born outside the UK: Resident 10 years or more,16,11,4,7,5,2,3
S01011749,All people in households,769,222,45,177,547,330,217
S01011749,Born in the UK,715,212,44,168,503,311,192
S01011749,Born outside the UK: Total,54,10,1,9,44,19,25
S01011749,Born outside the UK: Resident less than 2 years,9,0,0,0,9,2,7
S01011749,Born outside the UK: Resident 2 years or more and less than 5 years,20,1,0,1,19,9,10
S01011749,Born outside the UK: Resident 5 years or more and less than 10 years,10,0,0,0,10,2,8
S01011749,Born outside the UK: Resident 10 years or more,15,9,1,8,6,6,0
S01011750,All people in households,876,576,198,378,300,178,122
S01011750,Born in the UK,845,567,196,371,278,178,100
S01011750,Born outside the UK: Total,31,9,2,7,22,0,22
S01011750,Born outside the UK: Resident less than 2 years,6,0,0,0,6,0,6
S01011750,Born outside the UK: Resident 2 years or more and less than 5 years,16,4,0,4,12,0,12
S01011750,Born outside the UK: Resident 5 years or more and less than 10 years,4,2,0,2,2,0,2
S01011750,Born outside the UK: Resident 10 years or more,5,3,2,1,2,0,2
S01011751,All people in households,972,407,90,317,565,333,232
S01011751,Born in the UK,894,377,84,293,517,317,200
S01011751,Born outside the UK: Total,78,30,6,24,48,16,32
S01011751,Born outside the UK: Resident less than 2 years,4,0,0,0,4,0,4
S01011751,Born outside the UK: Resident 2 years or more and less than 5 years,36,12,2,10,24,1,23
S01011751,Born outside the UK: Resident 5 years or more and less than 10 years,12,4,1,3,8,4,4
S01011751,Born outside the UK: Resident 10 years or more,26,14,3,11,12,11,1
S01011752,All people in households,921,625,157,468,296,150,146
S01011752,Born in the UK,882,608,155,453,274,148,126
S01011752,Born outside the UK: Total,39,17,2,15,22,2,20
S01011752,Born outside the UK: Resident less than 2 years,2,1,0,1,1,0,1
S01011752,Born outside the UK: Resident 2 years or more and less than 5 years,12,1,0,1,11,0,11
S01011752,Born outside the UK: Resident 5 years or more and less than 10 years,8,3,1,2,5,0,5
S01011752,Born outside the UK: Resident 10 years or more,17,12,1,11,5,2,3
S01011753,All people in households,777,670,238,432,107,25,82
S01011753,Born in the UK,746,647,230,417,99,24,75
S01011753,Born outside the UK: Total,31,23,8,15,8,1,7
S01011753,Born outside the UK: Resident less than 2 years,0,0,0,0,0,0,0
S01011753,Born outside the UK: Resident 2 years or more and less than 5 years,7,4,0,4,3,0,3
S01011753,Born outside the UK: Resident 5 years or more and less than 10 years,8,3,0,3,5,1,4
S01011753,Born outside the UK: Resident 10 years or more,16,16,8,8,0,0,0
S01011754,All people in households,764,573,169,404,191,119,72
S01011754,Born in the UK,739,560,163,397,179,116,63
S01011754,Born outside the UK: Total,25,13,6,7,12,3,9
S01011754,Born outside the UK: Resident less than 2 years,1,0,0,0,1,0,1
S01011754,Born outside the UK: Resident 2 years or more and less than 5 years,3,1,0,1,2,0,2
S01011754,Born outside the UK: Resident 5 years or more and less than 10 years,6,0,0,0,6,0,6
S01011754,Born outside the UK: Resident 10 years or more,15,12,6,6,3,3,0
S01011755,All people in households,939,608,158,450,331,177,154
S01011755,Born in the UK,916,598,157,441,318,171,147
S01011755,Born outside the UK: Total,23,10,1,9,13,6,7
S01011755,Born outside the UK: Resident less than 2 years,3,2,0,2,1,0,1
S01011755,Born outside the UK: Resident 2 years or more and less than 5 years,9,0,0,0,9,4,5
S01011755,Born outside the UK: Resident 5 years or more and less than 10 years,3,2,0,2,1,0,1
S01011755,Born outside the UK: Resident 10 years or more,8,6,1,5,2,2,0
S01011756,All people in households,990,706,165,541,284,145,139
S01011756,Born in the UK,965,690,163,527,275,138,137
S01011756,Born outside the UK: Total,25,16,2,14,9,7,2
S01011756,Born outside the UK: Resident less than 2 years,1,0,0,0,1,1,0
S01011756,Born outside the UK: Resident 2 years or more and less than 5 years,3,1,0,1,2,2,0
S01011756,Born outside the UK: Resident 5 years or more and less than 10 years,3,1,0,1,2,0,2
S01011756,Born outside the UK: Resident 10 years or more,18,14,2,12,4,4,0
S01011757,All people in households,730,487,143,344,243,168,75
S01011757,Born in the UK,716,483,141,342,233,164,69
S01011757,Born outside the UK: Total,14,4,2,2,10,4,6
S01011757,Born outside the UK: Resident less than 2 years,0,0,0,0,0,0,0
S01011757,Born outside the UK: Resident 2 years or more and less than 5 years,7,0,0,0,7,2,5
S01011757,Born outside the UK: Resident 5 years or more and less than 10 years,0,0,0,0,0,0,0
S01011757,Born outside the UK: Resident 10 years or more,7,4,2,2,3,2,1
S01011758,All people in households,624,486,98,388,138,83,55
S01011758,Born in the UK,615,479,97,382,136,81,55
S01011758,Born outside the UK: Total,9,7,1,6,2,2,0
S01011758,Born outside the UK: Resident less than 2 years,0,0,0,0,0,0,0
S01011758,Born outside the UK: Resident 2 years or more and less than 5 years,0,0,0,0,0,0,0
S01011758,Born outside the UK: Resident 5 years or more and less than 10 years,2,2,0,2,0,0,0
S01011758,Born outside the UK: Resident 10 years or more,7,5,1,4,2,2,0
S01011759,All people in households,836,677,228,449,159,96,63
S01011759,Born in the UK,827,672,226,446,155,92,63
S01011759,Born outside the UK: Total,9,5,2,3,4,4,0
S01011759,Born outside the UK: Resident less than 2 years,0,0,0,0,0,0,0
S01011759,Born outside the UK: Resident 2 years or more and less than 5 years,0,0,0,0,0,0,0
S01011759,Born outside the UK: Resident 5 years or more and less than 10 years,3,0,0,0,3,3,0
S01011759,Born outside the UK: Resident 10 years or more,6,5,2,3,1,1,0
S01011760,All people in households,884,650,197,453,234,143,91
S01011760,Born in the UK,855,627,188,439,228,143,85
S01011760,Born outside the UK: Total,29,23,9,14,6,0,6
S01011760,Born outside the UK: Resident less than 2 years,8,8,0,8,0,0,0
S01011760,Born outside the UK: Resident 2 years or more and less than 5 years,8,2,1,1,6,0,6
S01011760,Born outside the UK: Resident 5 years or more and less than 10 years,1,1,0,1,0,0,0
S01011760,Born outside the UK: Resident 10 years or more,12,12,8,4,0,0,0
S01011761,All people in households,720,445,68,377,275,193,82
S01011761,Born in the UK,704,433,61,372,271,190,81
S01011761,Born outside the UK: Total,16,12,7,5,4,3,1
S01011761,Born outside the UK: Resident less than 2 years,1,1,1,0,0,0,0
S01011761,Born outside the UK: Resident 2 years or more and less than 5 years,2,0,0,0,2,1,1
S01011761,Born outside the UK: Resident 5 years or more and less than 10 years,1,1,0,1,0,0,0
S01011761,Born outside the UK: Resident 10 years or more,12,10,6,4,2,2,0
S01011762,All people in households,656,378,98,280,278,157,121
S01011762,Born in the UK,645,371,97,274,274,156,118
S01011762,Born outside the UK: Total,11,7,1,6,4,1,3
S01011762,Born outside the UK: Resident less than 2 years,0,0,0,0,0,0,0
S01011762,Born outside the UK: Resident 2 years or more and less than 5 years,2,0,0,0,2,0,2
S01011762,Born outside the UK: Resident 5 years or more and less than 10 years,2,1,0,1,1,1,0
S01011762,Born outside the UK: Resident 10 years or more,7,6,1,5,1,0,1
S01011763,All people in households,773,610,141,469,163,132,31
S01011763,Born in the UK,767,607,141,466,160,130,30
S01011763,Born outside the UK: Total,6,3,0,3,3,2,1
S01011763,Born outside the UK: Resident less than 2 years,0,0,0,0,0,0,0
S01011763,Born outside the UK: Resident 2 years or more and less than 5 years,1,0,0,0,1,0,1
S01011763,Born outside the UK: Resident 5 years or more and less than 10 years,0,0,0,0,0,0,0
S01011763,Born outside the UK: Resident 10 years or more,5,3,0,3,2,2,0
S01011764,All people in households,403,342,98,244,61,45,16
S01011764,Born in the UK,385,330,94,236,55,40,15
S01011764,Born outside the UK: Total,18,12,4,8,6,5,1
S01011764,Born outside the UK: Resident less than 2 years,0,0,0,0,0,0,0
S01011764,Born outside the UK: Resident 2 years or more and less than 5 years,1,1,0,1,0,0,0
S01011764,Born outside the UK: Resident 5 years or more and less than 10 years,5,0,0,0,5,5,0
S01011764,Born outside the UK: Resident 10 years or more,12,11,4,7,1,0,1
S01011765,All people in households,974,891,186,705,83,21,62
S01011765,Born in the UK,956,876,182,694,80,21,59
S01011765,Born outside the UK: Total,18,15,4,11,3,0,3
S01011765,Born outside the UK: Resident less than 2 years,4,3,0,3,1,0,1
S01011765,Born outside the UK: Resident 2 years or more and less than 5 years,1,0,0,0,1,0,1
S01011765,Born outside the UK: Resident 5 years or more and less than 10 years,2,2,0,2,0,0,0
S01011765,Born outside the UK: Resident 10 years or more,11,10,4,6,1,0,1
S01011766,All people in households,513,457,131,326,56,33,23
S01011766,Born in the UK,489,441,126,315,48,31,17
S01011766,Born outside the UK: Total,24,16,5,11,8,2,6
S01011766,Born outside the UK: Resident less than 2 years,4,0,0,0,4,0,4
S01011766,Born outside the UK: Resident 2 years or more and less than 5 years,2,0,0,0,2,0,2
S01011766,Born outside the UK: Resident 5 years or more and less than 10 years,2,2,0,2,0,0,0
S01011766,Born outside the UK: Resident 10 years or more,16,14,5,9,2,2,0
S01011767,All people in households,848,526,186,340,322,212,110
S01011767,Born in the UK,832,514,183,331,318,208,110
S01011767,Born outside the UK: Total,16,12,3,9,4,4,0
S01011767,Born outside the UK: Resident less than 2 years,2,0,0,0,2,2,0
S01011767,Born outside the UK: Resident 2 years or more and less than 5 years,4,3,0,3,1,1,0
S01011767,Born outside the UK: Resident 5 years or more and less than 10 years,1,1,0,1,0,0,0
S01011767,Born outside the UK: Resident 10 years or more,9,8,3,5,1,1,0
S01011768,All people in households,694,348,84,264,346,255,91
S01011768,Born in the UK,663,330,82,248,333,249,84
S01011768,Born outside the UK: Total,31,18,2,16,13,6,7
S01011768,Born outside the UK: Resident less than 2 years,0,0,0,0,0,0,0
S01011768,Born outside the UK: Resident 2 years or more and less than 5 years,8,3,0,3,5,1,4
S01011768,Born outside the UK: Resident 5 years or more and less than 10 years,6,3,0,3,3,1,2
S01011768,Born outside the UK: Resident 10 years or more,17,12,2,10,5,4,1
S01011769,All people in households,607,425,179,246,182,98,84
S01011769,Born in the UK,589,417,178,239,172,96,76
S01011769,Born outside the UK: Total,18,8,1,7,10,2,8
S01011769,Born outside the UK: Resident less than 2 years,0,0,0,0,0,0,0
S01011769,Born outside the UK: Resident 2 years or more and less than 5 years,7,0,0,0,7,0,7
S01011769,Born outside the UK: Resident 5 years or more and less than 10 years,6,5,0,5,1,0,1
S01011769,Born outside the UK: Resident 10 years or more,5,3,1,2,2,2,0
S01011770,All people in households,808,525,184,341,283,181,102
S01011770,Born in the UK,782,508,171,337,274,177,97
S01011770,Born outside the UK: Total,26,17,13,4,9,4,5
S01011770,Born outside the UK: Resident less than 2 years,0,0,0,0,0,0,0
S01011770,Born outside the UK: Resident 2 years or more and less than 5 years,2,0,0,0,2,2,0
S01011770,Born outside the UK: Resident 5 years or more and less than 10 years,5,4,2,2,1,0,1
S01011770,Born outside the UK: Resident 10 years or more,19,13,11,2,6,2,4
S01011771,All people in households,667,625,111,514,42,17,25
S01011771,Born in the UK,647,610,104,506,37,12,25
S01011771,Born outside the UK: Total,20,15,7,8,5,5,0
S01011771,Born outside the UK: Resident less than 2 years,1,1,1,0,0,0,0
S01011771,Born outside the UK: Resident 2 years or more and less than 5 years,1,0,0,0,1,1,0
S01011771,Born outside the UK: Resident 5 years or more and less than 10 years,3,3,2,1,0,0,0
S01011771,Born outside the UK: Resident 10 years or more,15,11,4,7,4,4,0
S01011772,All people in households,1102,1049,292,757,53,32,21
S01011772,Born in the UK,1044,997,277,720,47,28,19
S01011772,Born outside the UK: Total,58,52,15,37,6,4,2
S01011772,Born outside the UK: Resident less than 2 years,2,2,0,2,0,0,0
S01011772,Born outside the UK: Resident 2 years or more and less than 5 years,2,1,1,0,1,1,0
S01011772,Born outside the UK: Resident 5 years or more and less than 10 years,3,2,0,2,1,1,0
S01011772,Born outside the UK: Resident 10 years or more,51,47,14,33,4,2,2
S01011773,All people in households,596,571,58,513,25,10,15
S01011773,Born in the UK,577,554,52,502,23,9,14
S01011773,Born outside the UK: Total,19,17,6,11,2,1,1
S01011773,Born outside the UK: Resident less than 2 years,1,1,0,1,0,0,0
S01011773,Born outside the UK: Resident 2 years or more and less than 5 years,1,1,1,0,0,0,0
S01011773,Born outside the UK: Resident 5 years or more and less than 10 years,2,2,0,2,0,0,0
S01011773,Born outside the UK: Resident 10 years or more,15,13,5,8,2,1,1
S01011774,All people in households,941,664,71,593,277,224,53
S01011774,Born in the UK,912,642,68,574,270,221,49
S01011774,Born outside the UK: Total,29,22,3,19,7,3,4
S01011774,Born outside the UK: Resident less than 2 years,1,0,0,0,1,1,0
S01011774,Born outside the UK: Resident 2 years or more and less than 5 years,6,4,0,4,2,1,1
S01011774,Born outside the UK: Resident 5 years or more and less than 10 years,3,2,0,2,1,0,1
S01011774,Born outside the UK: Resident 10 years or more,19,16,3,13,3,1,2
S01011775,All people in households,667,635,93,542,32,9,23
S01011775,Born in the UK,647,618,87,531,29,6,23
S01011775,Born outside the UK: Total,20,17,6,11,3,3,0
S01011775,Born outside the UK: Resident less than 2 years,0,0,0,0,0,0,0
S01011775,Born outside the UK: Resident 2 years or more and less than 5 years,2,2,0,2,0,0,0
S01011775,Born outside the UK: Resident 5 years or more and less than 10 years,2,2,0,2,0,0,0
S01011775,Born outside the UK: Resident 10 years or more,16,13,6,7,3,3,0
S01011776,All people in households,1097,1023,122,901,74,21,53
S01011776,Born in the UK,1047,984,113,871,63,17,46
S01011776,Born outside the UK: Total,50,39,9,30,11,4,7
S01011776,Born outside the UK: Resident less than 2 years,6,2,1,1,4,1,3
S01011776,Born outside the UK: Resident 2 years or more and less than 5 years,2,2,0,2,0,0,0
S01011776,Born outside the UK: Resident 5 years or more and less than 10 years,11,8,1,7,3,2,1
S01011776,Born outside the UK: Resident 10 years or more,31,27,7,20,4,1,3
S01011777,All people in households,645,546,85,461,99,55,44
S01011777,Born in the UK,629,531,82,449,98,54,44
S01011777,Born outside the UK: Total,16,15,3,12,1,1,0
S01011777,Born outside the UK: Resident less than 2 years,0,0,0,0,0,0,0
S01011777,Born outside the UK: Resident 2 years or more and less than 5 years,1,1,0,1,0,0,0
S01011777,Born outside the UK: Resident 5 years or more and less than 10 years,4,4,0,4,0,0,0
S01011777,Born outside the UK: Resident 10 years or more,11,10,3,7,1,1,0
S01011778,All people in households,634,496,52,444,138,50,88
S01011778,Born in the UK,622,486,49,437,136,49,87
S01011778,Born outside the UK: Total,12,10,3,7,2,1,1
S01011778,Born outside the UK: Resident less than 2 years,1,1,0,1,0,0,0
S01011778,Born outside the UK: Resident 2 years or more and less than 5 years,0,0,0,0,0,0,0
S01011778,Born outside the UK: Resident 5 years or more and less than 10 years,3,2,0,2,1,1,0
S01011778,Born outside the UK: Resident 10 years or more,8,7,3,4,1,0,1
S01011779,All people in households,793,752,203,549,41,9,32
S01011779,Born in the UK,776,741,201,540,35,8,27
S01011779,Born outside the UK: Total,17,11,2,9,6,1,5
S01011779,Born outside the UK: Resident less than 2 years,1,1,1,0,0,0,0
S01011779,Born outside the UK: Resident 2 years or more and less than 5 years,2,0,0,0,2,0,2
S01011779,Born outside the UK: Resident 5 years or more and less than 10 years,4,2,0,2,2,0,2
S01011779,Born outside the UK: Resident 10 years or more,10,8,1,7,2,1,1
S01011780,All people in households,939,900,229,671,39,8,31
S01011780,Born in the UK,911,874,215,659,37,6,31
S01011780,Born outside the UK: Total,28,26,14,12,2,2,0
S01011780,Born outside the UK: Resident less than 2 years,3,3,0,3,0,0,0
S01011780,Born outside the UK: Resident 2 years or more and less than 5 years,2,2,0,2,0,0,0
S01011780,Born outside the UK: Resident 5 years or more and less than 10 years,2,2,1,1,0,0,0
S01011780,Born outside the UK: Resident 10 years or more,21,19,13,6,2,2,0
S01011781,All people in households,584,570,120,450,14,9,5
S01011781,Born in the UK,576,563,117,446,13,8,5
S01011781,Born outside the UK: Total,8,7,3,4,1,1,0
S01011781,Born outside the UK: Resident less than 2 years,1,1,1,0,0,0,0
S01011781,Born outside the UK: Resident 2 years or more and less than 5 years,2,2,1,1,0,0,0
S01011781,Born outside the UK: Resident 5 years or more and less than 10 years,1,1,1,0,0,0,0
S01011781,Born outside the UK: Resident 10 years or more,4,3,0,3,1,1,0
S01011782,All people in households,683,657,196,461,26,16,10
S01011782,Born in the UK,664,641,189,452,23,15,8
S01011782,Born outside the UK: Total,19,16,7,9,3,1,2
S01011782,Born outside the UK: Resident less than 2 years,2,2,0,2,0,0,0
S01011782,Born outside the UK: Resident 2 years or more and less than 5 years,1,1,1,0,0,0,0
S01011782,Born outside the UK: Resident 5 years or more and less than 10 years,1,1,0,1,0,0,0
S01011782,Born outside the UK: Resident 10 years or more,15,12,6,6,3,1,2
S01011783,All people in households,575,547,179,368,28,11,17
S01011783,Born in the UK,556,529,171,358,27,10,17
S01011783,Born outside the UK: Total,19,18,8,10,1,1,0
S01011783,Born outside the UK: Resident less than 2 years,0,0,0,0,0,0,0
S01011783,Born outside the UK: Resident 2 years or more and less than 5 years,0,0,0,0,0,0,0
S01011783,Born outside the UK: Resident 5 years or more and less than 10 years,3,2,0,2,1,1,0
S01011783,Born outside the UK: Resident 10 years or more,16,16,8,8,0,0,0
S01011784,All people in households,793,408,101,307,385,323,62
S01011784,Born in the UK,781,398,97,301,383,321,62
S01011784,Born outside the UK: Total,12,10,4,6,2,2,0
S01011784,Born outside the UK: Resident less than 2 years,0,0,0,0,0,0,0
S01011784,Born outside the UK: Resident 2 years or more and less than 5 years,1,1,0,1,0,0,0
S01011784,Born outside the UK: Resident 5 years or more and less than 10 years,0,0,0,0,0,0,0
S01011784,Born outside the UK: Resident 10 years or more,11,9,4,5,2,2,0
S01011785,All people in households,873,613,146,467,260,179,81
S01011785,Born in the UK,848,603,142,461,245,175,70
S01011785,Born outside the UK: Total,25,10,4,6,15,4,11
S01011785,Born outside the UK: Resident less than 2 years,1,0,0,0,1,0,1
S01011785,Born outside the UK: Resident 2 years or more and less than 5 years,0,0,0,0,0,0,0
S01011785,Born outside the UK: Resident 5 years or more and less than 10 years,5,0,0,0,5,0,5
S01011785,Born outside the UK: Resident 10 years or more,19,10,4,6,9,4,5
S01011786,All people in households,431,391,38,353,40,12,28
S01011786,Born in the UK,419,379,34,345,40,12,28
S01011786,Born outside the UK: Total,12,12,4,8,0,0,0
S01011786,Born outside the UK: Resident less than 2 years,1,1,1,0,0,0,0
S01011786,Born outside the UK: Resident 2 years or more and less than 5 years,0,0,0,0,0,0,0
S01011786,Born outside the UK: Resident 5 years or more and less than 10 years,1,1,0,1,0,0,0
S01011786,Born outside the UK: Resident 10 years or more,10,10,3,7,0,0,0
S01011787,All people in households,1026,516,171,345,510,469,41
S01011787,Born in the UK,1009,506,170,336,503,462,41
S01011787,Born outside the UK: Total,17,10,1,9,7,7,0
S01011787,Born outside the UK: Resident less than 2 years,1,0,0,0,1,1,0
S01011787,Born outside the UK: Resident 2 years or more and less than 5 years,5,2,0,2,3,3,0
S01011787,Born outside the UK: Resident 5 years or more and less than 10 years,1,1,0,1,0,0,0
S01011787,Born outside the UK: Resident 10 years or more,10,7,1,6,3,3,0
S01011788,All people in households,697,653,178,475,44,16,28
S01011788,Born in the UK,652,616,170,446,36,14,22
S01011788,Born outside the UK: Total,45,37,8,29,8,2,6
S01011788,Born outside the UK: Resident less than 2 years,1,1,0,1,0,0,0
S01011788,Born outside the UK: Resident 2 years or more and less than 5 years,5,1,0,1,4,0,4
S01011788,Born outside the UK: Resident 5 years or more and less than 10 years,3,3,1,2,0,0,0
S01011788,Born outside the UK: Resident 10 years or more,36,32,7,25,4,2,2
S01011789,All people in households,660,535,243,292,125,83,42
S01011789,Born in the UK,643,520,239,281,123,81,42
S01011789,Born outside the UK: Total,17,15,4,11,2,2,0
S01011789,Born outside the UK: Resident less than 2 years,0,0,0,0,0,0,0
S01011789,Born outside the UK: Resident 2 years or more and less than 5 years,1,1,1,0,0,0,0
S01011789,Born outside the UK: Resident 5 years or more and less than 10 years,6,6,0,6,0,0,0
S01011789,Born outside the UK: Resident 10 years or more,10,8,3,5,2,2,0
S01011790,All people in households,998,628,217,411,370,335,35
S01011790,Born in the UK,974,612,213,399,362,329,33
S01011790,Born outside the UK: Total,24,16,4,12,8,6,2
S01011790,Born outside the UK: Resident less than 2 years,0,0,0,0,0,0,0
S01011790,Born outside the UK: Resident 2 years or more and less than 5 years,3,0,0,0,3,2,1
S01011790,Born outside the UK: Resident 5 years or more and less than 10 years,6,5,0,5,1,1,0
S01011790,Born outside the UK: Resident 10 years or more,15,11,4,7,4,3,1
S01011791,All people in households,735,402,122,280,333,256,77
S01011791,Born in the UK,718,396,118,278,322,252,70
S01011791,Born outside the UK: Total,17,6,4,2,11,4,7
S01011791,Born outside the UK: Resident less than 2 years,0,0,0,0,0,0,0
S01011791,Born outside the UK: Resident 2 years or more and less than 5 years,4,0,0,0,4,0,4
S01011791,Born outside the UK: Resident 5 years or more and less than 10 years,0,0,0,0,0,0,0
S01011791,Born outside the UK: Resident 10 years or more,13,6,4,2,7,4,3
S01011792,All people in households,888,527,218,309,361,266,95
S01011792,Born in the UK,864,516,211,305,348,259,89
S01011792,Born outside the UK: Total,24,11,7,4,13,7,6
S01011792,Born outside the UK: Resident less than 2 years,3,1,1,0,2,0,2
S01011792,Born outside the UK: Resident 2 years or more and less than 5 years,8,2,1,1,6,4,2
S01011792,Born outside the UK: Resident 5 years or more and less than 10 years,2,2,2,0,0,0,0
S01011792,Born outside the UK: Resident 10 years or more,11,6,3,3,5,3,2
S01011793,All people in households,660,506,209,297,154,84,70
S01011793,Born in the UK,651,499,205,294,152,84,68
S01011793,Born outside the UK: Total,9,7,4,3,2,0,2
S01011793,Born outside the UK: Resident less than 2 years,1,0,0,0,1,0,1
S01011793,Born outside the UK: Resident 2 years or more and less than 5 years,1,0,0,0,1,0,1
S01011793,Born outside the UK: Resident 5 years or more and less than 10 years,0,0,0,0,0,0,0
S01011793,Born outside the UK: Resident 10 years or more,7,7,4,3,0,0,0
S01011794,All people in households,884,517,172,345,367,279,88
S01011794,Born in the UK,867,505,166,339,362,276,86
S01011794,Born outside the UK: Total,17,12,6,6,5,3,2
S01011794,Born outside the UK: Resident less than 2 years,0,0,0,0,0,0,0
S01011794,Born outside the UK: Resident 2 years or more and less than 5 years,1,1,0,1,0,0,0
S01011794,Born outside the UK: Resident 5 years or more and less than 10 years,1,1,1,0,0,0,0
S01011794,Born outside the UK: Resident 10 years or more,15,10,5,5,5,3,2
S01011795,All people in households,627,316,122,194,311,226,85
S01011795,Born in the UK,613,312,121,191,301,218,83
S01011795,Born outside the UK: Total,14,4,1,3,10,8,2
S01011795,Born outside the UK: Resident less than 2 years,0,0,0,0,0,0,0
S01011795,Born outside the UK: Resident 2 years or more and less than 5 years,4,0,0,0,4,3,1
S01011795,Born outside the UK: Resident 5 years or more and less than 10 years,2,1,1,0,1,1,0
S01011795,Born outside the UK: Resident 10 years or more,8,3,0,3,5,4,1
S01011796,All people in households,774,331,84,247,443,377,66
S01011796,Born in the UK,761,327,81,246,434,375,59
S01011796,Born outside the UK: Total,13,4,3,1,9,2,7
S01011796,Born outside the UK: Resident less than 2 years,2,0,0,0,2,0,2
S01011796,Born outside the UK: Resident 2 years or more and less than 5 years,6,0,0,0,6,1,5
S01011796,Born outside the UK: Resident 5 years or more and less than 10 years,0,0,0,0,0,0,0
S01011796,Born outside the UK: Resident 10 years or more,5,4,3,1,1,1,0
S01011797,All people in households,1012,968,334,634,44,15,29
S01011797,Born in the UK,989,948,328,620,41,15,26
S01011797,Born outside the UK: Total,23,20,6,14,3,0,3
S01011797,Born outside the UK: Resident less than 2 years,1,1,0,1,0,0,0
S01011797,Born outside the UK: Resident 2 years or more and less than 5 years,1,1,0,1,0,0,0
S01011797,Born outside the UK: Resident 5 years or more and less than 10 years,1,1,0,1,0,0,0
S01011797,Born outside the UK: Resident 10 years or more,20,17,6,11,3,0,3
S01011798,All people in households,550,332,75,257,218,161,57
S01011798,Born in the UK,540,324,74,250,216,159,57
S01011798,Born outside the UK: Total,10,8,1,7,2,2,0
S01011798,Born outside the UK: Resident less than 2 years,1,1,1,0,0,0,0
S01011798,Born outside the UK: Resident 2 years or more and less than 5 years,1,0,0,0,1,1,0
S01011798,Born outside the UK: Resident 5 years or more and less than 10 years,1,1,0,1,0,0,0
S01011798,Born outside the UK: Resident 10 years or more,7,6,0,6,1,1,0
S01011799,All people in households,918,763,298,465,155,131,24
S01011799,Born in the UK,910,756,295,461,154,130,24
S01011799,Born outside the UK: Total,8,7,3,4,1,1,0
S01011799,Born outside the UK: Resident less than 2 years,0,0,0,0,0,0,0
S01011799,Born outside the UK: Resident 2 years or more and less than 5 years,0,0,0,0,0,0,0
S01011799,Born outside the UK: Resident 5 years or more and less than 10 years,1,1,0,1,0,0,0
S01011799,Born outside the UK: Resident 10 years or more,7,6,3,3,1,1,0
S01011800,All people in households,519,340,114,226,179,138,41
S01011800,Born in the UK,512,336,114,222,176,137,39
S01011800,Born outside the UK: Total,7,4,0,4,3,1,2
S01011800,Born outside the UK: Resident less than 2 years,1,1,0,1,0,0,0
S01011800,Born outside the UK: Resident 2 years or more and less than 5 years,0,0,0,0,0,0,0
S01011800,Born outside the UK: Resident 5 years or more and less than 10 years,1,1,0,1,0,0,0
S01011800,Born outside the UK: Resident 10 years or more,5,2,0,2,3,1,2
S01011801,All people in households,608,324,83,241,284,245,39
S01011801,Born in the UK,589,313,78,235,276,238,38
S01011801,Born outside the UK: Total,19,11,5,6,8,7,1
S01011801,Born outside the UK: Resident less than 2 years,1,0,0,0,1,0,1
S01011801,Born outside the UK: Resident 2 years or more and less than 5 years,5,3,0,3,2,2,0
S01011801,Born outside the UK: Resident 5 years or more and less than 10 years,1,1,0,1,0,0,0
S01011801,Born outside the UK: Resident 10 years or more,12,7,5,2,5,5,0
S01011802,All people in households,731,447,154,293,284,239,45
S01011802,Born in the UK,721,440,152,288,281,236,45
S01011802,Born outside the UK: Total,10,7,2,5,3,3,0
S01011802,Born outside the UK: Resident less than 2 years,0,0,0,0,0,0,0
S01011802,Born outside the UK: Resident 2 years or more and less than 5 years,0,0,0,0,0,0,0
S01011802,Born outside the UK: Resident 5 years or more and less than 10 years,0,0,0,0,0,0,0
S01011802,Born outside the UK: Resident 10 years or more,10,7,2,5,3,3,0
S01011803,All people in households,593,371,108,263,222,174,48
S01011803,Born in the UK,585,365,107,258,220,173,47
S01011803,Born outside the UK: Total,8,6,1,5,2,1,1
S01011803,Born outside the UK: Resident less than 2 years,1,0,0,0,1,1,0
S01011803,Born outside the UK: Resident 2 years or more and less than 5 years,0,0,0,0,0,0,0
S01011803,Born outside the UK: Resident 5 years or more and less than 10 years,4,3,1,2,1,0,1
S01011803,Born outside the UK: Resident 10 years or more,3,3,0,3,0,0,0
S01011804,All people in households,724,395,191,204,329,240,89
S01011804,Born in the UK,700,387,187,200,313,237,76
S01011804,Born outside the UK: Total,24,8,4,4,16,3,13
S01011804,Born outside the UK: Resident less than 2 years,7,0,0,0,7,0,7
S01011804,Born outside the UK: Resident 2 years or more and less than 5 years,4,2,0,2,2,0,2
S01011804,Born outside the UK: Resident 5 years or more and less than 10 years,2,2,0,2,0,0,0
S01011804,Born outside the UK: Resident 10 years or more,11,4,4,0,7,3,4
S01011805,All people in households,534,333,207,126,201,78,123
S01011805,Born in the UK,494,315,193,122,179,76,103
S01011805,Born outside the UK: Total,40,18,14,4,22,2,20
S01011805,Born outside the UK: Resident less than 2 years,7,0,0,0,7,1,6
S01011805,Born outside the UK: Resident 2 years or more and less than 5 years,10,0,0,0,10,0,10
S01011805,Born outside the UK: Resident 5 years or more and less than 10 years,8,6,4,2,2,0,2
S01011805,Born outside the UK: Resident 10 years or more,15,12,10,2,3,1,2
S01011806,All people in households,768,594,314,280,174,111,63
S01011806,Born in the UK,741,578,306,272,163,106,57
S01011806,Born outside the UK: Total,27,16,8,8,11,5,6
S01011806,Born outside the UK: Resident less than 2 years,3,0,0,0,3,0,3
S01011806,Born outside the UK: Resident 2 years or more and less than 5 years,4,2,0,2,2,1,1
S01011806,Born outside the UK: Resident 5 years or more and less than 10 years,3,3,0,3,0,0,0
S01011806,Born outside the UK: Resident 10 years or more,17,11,8,3,6,4,2
S01011807,All people in households,1063,879,518,361,184,49,135
S01011807,Born in the UK,1028,854,506,348,174,49,125
S01011807,Born outside the UK: Total,35,25,12,13,10,0,10
S01011807,Born outside the UK: Resident less than 2 years,1,1,0,1,0,0,0
S01011807,Born outside the UK: Resident 2 years or more and less than 5 years,5,2,0,2,3,0,3
S01011807,Born outside the UK: Resident 5 years or more and less than 10 years,9,4,0,4,5,0,5
S01011807,Born outside the UK: Resident 10 years or more,20,18,12,6,2,0,2
S01011808,All people in households,623,450,232,218,173,97,76
S01011808,Born in the UK,608,442,230,212,166,94,72
S01011808,Born outside the UK: Total,15,8,2,6,7,3,4
S01011808,Born outside the UK: Resident less than 2 years,2,0,0,0,2,0,2
S01011808,Born outside the UK: Resident 2 years or more and less than 5 years,6,3,0,3,3,1,2
S01011808,Born outside the UK: Resident 5 years or more and less than 10 years,1,0,0,0,1,1,0
S01011808,Born outside the UK: Resident 10 years or more,6,5,2,3,1,1,0
S01011809,All people in households,715,587,333,254,128,35,93
S01011809,Born in the UK,689,570,321,249,119,34,85
S01011809,Born outside the UK: Total,26,17,12,5,9,1,8
S01011809,Born outside the UK: Resident less than 2 years,1,1,1,0,0,0,0
S01011809,Born outside the UK: Resident 2 years or more and less than 5 years,2,0,0,0,2,0,2
S01011809,Born outside the UK: Resident 5 years or more and less than 10 years,3,2,0,2,1,0,1
S01011809,Born outside the UK: Resident 10 years or more,20,14,11,3,6,1,5
S01011810,All people in households,940,790,466,324,150,66,84
S01011810,Born in the UK,918,772,454,318,146,65,81
S01011810,Born outside the UK: Total,22,18,12,6,4,1,3
S01011810,Born outside the UK: Resident less than 2 years,2,1,1,0,1,1,0
S01011810,Born outside the UK: Resident 2 years or more and less than 5 years,2,2,2,0,0,0,0
S01011810,Born outside the UK: Resident 5 years or more and less than 10 years,4,3,1,2,1,0,1
S01011810,Born outside the UK: Resident 10 years or more,14,12,8,4,2,0,2
S01011811,All people in households,1052,902,511,391,150,18,132
S01011811,Born in the UK,1013,875,499,376,138,16,122
S01011811,Born outside the UK: Total,39,27,12,15,12,2,10
S01011811,Born outside the UK: Resident less than 2 years,9,3,0,3,6,0,6
S01011811,Born outside the UK: Resident 2 years or more and less than 5 years,4,4,2,2,0,0,0
S01011811,Born outside the UK: Resident 5 years or more and less than 10 years,6,3,0,3,3,2,1
S01011811,Born outside the UK: Resident 10 years or more,20,17,10,7,3,0,3
S01011812,All people in households,669,589,299,290,80,13,67
S01011812,Born in the UK,653,574,290,284,79,13,66
S01011812,Born outside the UK: Total,16,15,9,6,1,0,1
S01011812,Born outside the UK: Resident less than 2 years,3,3,0,3,0,0,0
S01011812,Born outside the UK: Resident 2 years or more and less than 5 years,0,0,0,0,0,0,0
S01011812,Born outside the UK: Resident 5 years or more and less than 10 years,0,0,0,0,0,0,0
S01011812,Born outside the UK: Resident 10 years or more,13,12,9,3,1,0,1
S01011813,All people in households,748,627,324,303,121,61,60
S01011813,Born in the UK,732,618,318,300,114,59,55
S01011813,Born outside the UK: Total,16,9,6,3,7,2,5
S01011813,Born outside the UK: Resident less than 2 years,0,0,0,0,0,0,0
S01011813,Born outside the UK: Resident 2 years or more and less than 5 years,3,0,0,0,3,0,3
S01011813,Born outside the UK: Resident 5 years or more and less than 10 years,2,1,0,1,1,0,1
S01011813,Born outside the UK: Resident 10 years or more,11,8,6,2,3,2,1
S01011814,All people in households,721,650,340,310,71,21,50
S01011814,Born in the UK,699,630,328,302,69,21,48
S01011814,Born outside the UK: Total,22,20,12,8,2,0,2
S01011814,Born outside the UK: Resident less than 2 years,5,3,3,0,2,0,2
S01011814,Born outside the UK: Resident 2 years or more and less than 5 years,0,0,0,0,0,0,0
S01011814,Born outside the UK: Resident 5 years or more and less than 10 years,3,3,2,1,0,0,0
S01011814,Born outside the UK: Resident 10 years or more,14,14,7,7,0,0,0
S01011815,All people in households,814,669,279,390,145,82,63
S01011815,Born in the UK,787,650,274,376,137,79,58
S01011815,Born outside the UK: Total,27,19,5,14,8,3,5
S01011815,Born outside the UK: Resident less than 2 years,4,4,3,1,0,0,0
S01011815,Born outside the UK: Resident 2 years or more and less than 5 years,1,0,0,0,1,0,1
S01011815,Born outside the UK: Resident 5 years or more and less than 10 years,9,5,0,5,4,1,3
S01011815,Born outside the UK: Resident 10 years or more,13,10,2,8,3,2,1
S01011816,All people in households,628,552,287,265,76,13,63
S01011816,Born in the UK,619,545,282,263,74,13,61
S01011816,Born outside the UK: Total,9,7,5,2,2,0,2
S01011816,Born outside the UK: Resident less than 2 years,0,0,0,0,0,0,0
S01011816,Born outside the UK: Resident 2 years or more and less than 5 years,2,2,0,2,0,0,0
S01011816,Born outside the UK: Resident 5 years or more and less than 10 years,1,1,1,0,0,0,0
S01011816,Born outside the UK: Resident 10 years or more,6,4,4,0,2,0,2
S01011817,All people in households,724,635,336,299,89,10,79
S01011817,Born in the UK,712,624,335,289,88,10,78
S01011817,Born outside the UK: Total,12,11,1,10,1,0,1
S01011817,Born outside the UK: Resident less than 2 years,0,0,0,0,0,0,0
S01011817,Born outside the UK: Resident 2 years or more and less than 5 years,1,0,0,0,1,0,1
S01011817,Born outside the UK: Resident 5 years or more and less than 10 years,5,5,0,5,0,0,0
S01011817,Born outside the UK: Resident 10 years or more,6,6,1,5,0,0,0
S01011818,All people in households,1091,828,370,458,263,184,79
S01011818,Born in the UK,1067,807,360,447,260,181,79
S01011818,Born outside the UK: Total,24,21,10,11,3,3,0
S01011818,Born outside the UK: Resident less than 2 years,5,5,1,4,0,0,0
S01011818,Born outside the UK: Resident 2 years or more and less than 5 years,3,3,0,3,0,0,0
S01011818,Born outside the UK: Resident 5 years or more and less than 10 years,2,1,0,1,1,1,0
S01011818,Born outside the UK: Resident 10 years or more,14,12,9,3,2,2,0
S01011819,All people in households,835,560,228,332,275,160,115
S01011819,Born in the UK,809,548,222,326,261,156,105
S01011819,Born outside the UK: Total,26,12,6,6,14,4,10
S01011819,Born outside the UK: Resident less than 2 years,6,0,0,0,6,1,5
S01011819,Born outside the UK: Resident 2 years or more and less than 5 years,7,1,0,1,6,2,4
S01011819,Born outside the UK: Resident 5 years or more and less than 10 years,2,1,0,1,1,0,1
S01011819,Born outside the UK: Resident 10 years or more,11,10,6,4,1,1,0
S01011820,All people in households,720,512,182,330,208,117,91
S01011820,Born in the UK,699,496,179,317,203,116,87
S01011820,Born outside the UK: Total,21,16,3,13,5,1,4
S01011820,Born outside the UK: Resident less than 2 years,1,0,0,0,1,0,1
S01011820,Born outside the UK: Resident 2 years or more and less than 5 years,11,9,1,8,2,0,2
S01011820,Born outside the UK: Resident 5 years or more and less than 10 years,1,1,0,1,0,0,0
S01011820,Born outside the UK: Resident 10 years or more,8,6,2,4,2,1,1
S01011821,All people in households,430,179,64,115,251,174,77
S01011821,Born in the UK,421,177,64,113,244,170,74
S01011821,Born outside the UK: Total,9,2,0,2,7,4,3
S01011821,Born outside the UK: Resident less than 2 years,1,0,0,0,1,0,1
S01011821,Born outside the UK: Resident 2 years or more and less than 5 years,2,1,0,1,1,0,1
S01011821,Born outside the UK: Resident 5 years or more and less than 10 years,1,0,0,0,1,0,1
S01011821,Born outside the UK: Resident 10 years or more,5,1,0,1,4,4,0
S01011822,All people in households,712,316,181,135,396,173,223
S01011822,Born in the UK,682,306,175,131,376,173,203
S01011822,Born outside the UK: Total,30,10,6,4,20,0,20
S01011822,Born outside the UK: Resident less than 2 years,4,1,0,1,3,0,3
S01011822,Born outside the UK: Resident 2 years or more and less than 5 years,10,1,1,0,9,0,9
S01011822,Born outside the UK: Resident 5 years or more and less than 10 years,8,0,0,0,8,0,8
S01011822,Born outside the UK: Resident 10 years or more,8,8,5,3,0,0,0
S01011823,All people in households,608,404,185,219,204,143,61
S01011823,Born in the UK,582,385,171,214,197,140,57
S01011823,Born outside the UK: Total,26,19,14,5,7,3,4
S01011823,Born outside the UK: Resident less than 2 years,3,3,3,0,0,0,0
S01011823,Born outside the UK: Resident 2 years or more and less than 5 years,5,2,0,2,3,1,2
S01011823,Born outside the UK: Resident 5 years or more and less than 10 years,3,2,1,1,1,1,0
S01011823,Born outside the UK: Resident 10 years or more,15,12,10,2,3,1,2
S01011824,All people in households,703,390,152,238,313,221,92
S01011824,Born in the UK,687,386,150,236,301,217,84
S01011824,Born outside the UK: Total,16,4,2,2,12,4,8
S01011824,Born outside the UK: Resident less than 2 years,0,0,0,0,0,0,0
S01011824,Born outside the UK: Resident 2 years or more and less than 5 years,6,2,2,0,4,0,4
S01011824,Born outside the UK: Resident 5 years or more and less than 10 years,2,0,0,0,2,0,2
S01011824,Born outside the UK: Resident 10 years or more,8,2,0,2,6,4,2
S01011825,All people in households,535,366,173,193,169,67,102
S01011825,Born in the UK,522,359,170,189,163,65,98
S01011825,Born outside the UK: Total,13,7,3,4,6,2,4
S01011825,Born outside the UK: Resident less than 2 years,3,1,0,1,2,0,2
S01011825,Born outside the UK: Resident 2 years or more and less than 5 years,0,0,0,0,0,0,0
S01011825,Born outside the UK: Resident 5 years or more and less than 10 years,4,2,0,2,2,0,2
S01011825,Born outside the UK: Resident 10 years or more,6,4,3,1,2,2,0
S01011826,All people in households,652,416,196,220,236,120,116
S01011826,Born in the UK,615,406,188,218,209,114,95
S01011826,Born outside the UK: Total,37,10,8,2,27,6,21
S01011826,Born outside the UK: Resident less than 2 years,10,4,3,1,6,0,6
S01011826,Born outside the UK: Resident 2 years or more and less than 5 years,7,0,0,0,7,2,5
S01011826,Born outside the UK: Resident 5 years or more and less than 10 years,6,0,0,0,6,1,5
S01011826,Born outside the UK: Resident 10 years or more,14,6,5,1,8,3,5
S01011827,All people in households,527,369,301,68,158,91,67
S01011827,Born in the UK,503,351,289,62,152,89,63
S01011827,Born outside the UK: Total,24,18,12,6,6,2,4
S01011827,Born outside the UK: Resident less than 2 years,1,1,1,0,0,0,0
S01011827,Born outside the UK: Resident 2 years or more and less than 5 years,4,0,0,0,4,0,4
S01011827,Born outside the UK: Resident 5 years or more and less than 10 years,3,2,1,1,1,1,0
S01011827,Born outside the UK: Resident 10 years or more,16,15,10,5,1,1,0
S01011828,All people in households,904,766,478,288,138,35,103
S01011828,Born in the UK,881,744,468,276,137,35,102
S01011828,Born outside the UK: Total,23,22,10,12,1,0,1
S01011828,Born outside the UK: Resident less than 2 years,3,3,2,1,0,0,0
S01011828,Born outside the UK: Resident 2 years or more and less than 5 years,3,3,1,2,0,0,0
S01011828,Born outside the UK: Resident 5 years or more and less than 10 years,5,5,0,5,0,0,0
S01011828,Born outside the UK: Resident 10 years or more,12,11,7,4,1,0,1
S01011829,All people in households,409,339,174,165,70,31,39
S01011829,Born in the UK,395,329,168,161,66,30,36
S01011829,Born outside the UK: Total,14,10,6,4,4,1,3
S01011829,Born outside the UK: Resident less than 2 years,2,2,0,2,0,0,0
S01011829,Born outside the UK: Resident 2 years or more and less than 5 years,1,1,1,0,0,0,0
S01011829,Born outside the UK: Resident 5 years or more and less than 10 years,2,0,0,0,2,0,2
S01011829,Born outside the UK: Resident 10 years or more,9,7,5,2,2,1,1
S01011830,All people in households,572,452,297,155,120,67,53
S01011830,Born in the UK,538,432,286,146,106,65,41
S01011830,Born outside the UK: Total,34,20,11,9,14,2,12
S01011830,Born outside the UK: Resident less than 2 years,7,0,0,0,7,0,7
S01011830,Born outside the UK: Resident 2 years or more and less than 5 years,0,0,0,0,0,0,0
S01011830,Born outside the UK: Resident 5 years or more and less than 10 years,4,2,0,2,2,0,2
S01011830,Born outside the UK: Resident 10 years or more,23,18,11,7,5,2,3
S01011831,All people in households,896,721,531,190,175,52,123
S01011831,Born in the UK,868,706,520,186,162,48,114
S01011831,Born outside the UK: Total,28,15,11,4,13,4,9
S01011831,Born outside the UK: Resident less than 2 years,1,0,0,0,1,0,1
S01011831,Born outside the UK: Resident 2 years or more and less than 5 years,3,0,0,0,3,2,1
S01011831,Born outside the UK: Resident 5 years or more and less than 10 years,3,0,0,0,3,2,1
S01011831,Born outside the UK: Resident 10 years or more,21,15,11,4,6,0,6
S01011832,All people in households,834,590,443,147,244,91,153
S01011832,Born in the UK,799,564,422,142,235,91,144
S01011832,Born outside the UK: Total,35,26,21,5,9,0,9
S01011832,Born outside the UK: Resident less than 2 years,2,2,2,0,0,0,0
S01011832,Born outside the UK: Resident 2 years or more and less than 5 years,9,2,1,1,7,0,7
S01011832,Born outside the UK: Resident 5 years or more and less than 10 years,11,10,8,2,1,0,1
S01011832,Born outside the UK: Resident 10 years or more,13,12,10,2,1,0,1
S01011833,All people in households,959,849,352,497,110,26,84
S01011833,Born in the UK,929,825,346,479,104,26,78
S01011833,Born outside the UK: Total,30,24,6,18,6,0,6
S01011833,Born outside the UK: Resident less than 2 years,1,1,0,1,0,0,0
S01011833,Born outside the UK: Resident 2 years or more and less than 5 years,8,3,0,3,5,0,5
S01011833,Born outside the UK: Resident 5 years or more and less than 10 years,2,1,0,1,1,0,1
S01011833,Born outside the UK: Resident 10 years or more,19,19,6,13,0,0,0
S01011834,All people in households,496,445,144,301,51,19,32
S01011834,Born in the UK,477,428,140,288,49,18,31
S01011834,Born outside the UK: Total,19,17,4,13,2,1,1
S01011834,Born outside the UK: Resident less than 2 years,1,0,0,0,1,0,1
S01011834,Born outside the UK: Resident 2 years or more and less than 5 years,1,1,0,1,0,0,0
S01011834,Born outside the UK: Resident 5 years or more and less than 10 years,7,7,3,4,0,0,0
S01011834,Born outside the UK: Resident 10 years or more,10,9,1,8,1,1,0
S01011835,All people in households,685,607,256,351,78,12,66
S01011835,Born in the UK,659,584,243,341,75,12,63
S01011835,Born outside the UK: Total,26,23,13,10,3,0,3
S01011835,Born outside the UK: Resident less than 2 years,0,0,0,0,0,0,0
S01011835,Born outside the UK: Resident 2 years or more and less than 5 years,0,0,0,0,0,0,0
S01011835,Born outside the UK: Resident 5 years or more and less than 10 years,2,1,1,0,1,0,1
S01011835,Born outside the UK: Resident 10 years or more,24,22,12,10,2,0,2
S01011836,All people in households,756,686,358,328,70,41,29
S01011836,Born in the UK,728,660,342,318,68,40,28
S01011836,Born outside the UK: Total,28,26,16,10,2,1,1
S01011836,Born outside the UK: Resident less than 2 years,1,1,0,1,0,0,0
S01011836,Born outside the UK: Resident 2 years or more and less than 5 years,2,2,1,1,0,0,0
S01011836,Born outside the UK: Resident 5 years or more and less than 10 years,3,3,2,1,0,0,0
S01011836,Born outside the UK: Resident 10 years or more,22,20,13,7,2,1,1
S01011837,All people in households,620,533,224,309,87,15,72
S01011837,Born in the UK,595,513,215,298,82,14,68
S01011837,Born outside the UK: Total,25,20,9,11,5,1,4
S01011837,Born outside the UK: Resident less than 2 years,1,1,1,0,0,0,0
S01011837,Born outside the UK: Resident 2 years or more and less than 5 years,3,1,0,1,2,0,2
S01011837,Born outside the UK: Resident 5 years or more and less than 10 years,2,0,0,0,2,0,2
S01011837,Born outside the UK: Resident 10 years or more,19,18,8,10,1,1,0
S01011838,All people in households,805,754,339,415,51,12,39
S01011838,Born in the UK,767,728,331,397,39,10,29
S01011838,Born outside the UK: Total,38,26,8,18,12,2,10
S01011838,Born outside the UK: Resident less than 2 years,4,1,0,1,3,0,3
S01011838,Born outside the UK: Resident 2 years or more and less than 5 years,6,1,0,1,5,0,5
S01011838,Born outside the UK: Resident 5 years or more and less than 10 years,4,2,0,2,2,0,2
S01011838,Born outside the UK: Resident 10 years or more,24,22,8,14,2,2,0
S01011839,All people in households,962,836,353,483,126,20,106
S01011839,Born in the UK,917,802,340,462,115,20,95
S01011839,Born outside the UK: Total,45,34,13,21,11,0,11
S01011839,Born outside the UK: Resident less than 2 years,8,2,1,1,6,0,6
S01011839,Born outside the UK: Resident 2 years or more and less than 5 years,1,0,0,0,1,0,1
S01011839,Born outside the UK: Resident 5 years or more and less than 10 years,9,6,1,5,3,0,3
S01011839,Born outside the UK: Resident 10 years or more,27,26,11,15,1,0,1
S01011840,All people in households,1001,786,301,485,215,121,94
S01011840,Born in the UK,948,753,288,465,195,112,83
S01011840,Born outside the UK: Total,53,33,13,20,20,9,11
S01011840,Born outside the UK: Resident less than 2 years,2,0,0,0,2,2,0
S01011840,Born outside the UK: Resident 2 years or more and less than 5 years,10,0,0,0,10,4,6
S01011840,Born outside the UK: Resident 5 years or more and less than 10 years,9,5,0,5,4,1,3
S01011840,Born outside the UK: Resident 10 years or more,32,28,13,15,4,2,2
S01011841,All people in households,950,656,230,426,294,182,112
S01011841,Born in the UK,905,637,221,416,268,177,91
S01011841,Born outside the UK: Total,45,19,9,10,26,5,21
S01011841,Born outside the UK: Resident less than 2 years,1,0,0,0,1,0,1
S01011841,Born outside the UK: Resident 2 years or more and less than 5 years,9,0,0,0,9,0,9
S01011841,Born outside the UK: Resident 5 years or more and less than 10 years,11,1,1,0,10,0,10
S01011841,Born outside the UK: Resident 10 years or more,24,18,8,10,6,5,1
S01011842,All people in households,965,627,225,402,338,249,89
S01011842,Born in the UK,929,601,218,383,328,244,84
S01011842,Born outside the UK: Total,36,26,7,19,10,5,5
S01011842,Born outside the UK: Resident less than 2 years,3,3,0,3,0,0,0
S01011842,Born outside the UK: Resident 2 years or more and less than 5 years,1,0,0,0,1,0,1
S01011842,Born outside the UK: Resident 5 years or more and less than 10 years,1,1,0,1,0,0,0
S01011842,Born outside the UK: Resident 10 years or more,31,22,7,15,9,5,4
S01011843,All people in households,980,829,445,384,151,52,99
S01011843,Born in the UK,924,791,425,366,133,48,85
S01011843,Born outside the UK: Total,56,38,20,18,18,4,14
S01011843,Born outside the UK: Resident less than 2 years,7,2,0,2,5,0,5
S01011843,Born outside the UK: Resident 2 years or more and less than 5 years,7,2,0,2,5,3,2
S01011843,Born outside the UK: Resident 5 years or more and less than 10 years,4,2,1,1,2,1,1
S01011843,Born outside the UK: Resident 10 years or more,38,32,19,13,6,0,6
S01011844,All people in households,753,647,269,378,106,30,76
S01011844,Born in the UK,722,619,263,356,103,28,75
S01011844,Born outside the UK: Total,31,28,6,22,3,2,1
S01011844,Born outside the UK: Resident less than 2 years,1,0,0,0,1,0,1
S01011844,Born outside the UK: Resident 2 years or more and less than 5 years,1,1,0,1,0,0,0
S01011844,Born outside the UK: Resident 5 years or more and less than 10 years,9,7,0,7,2,2,0
S01011844,Born outside the UK: Resident 10 years or more,20,20,6,14,0,0,0
S01011845,All people in households,857,592,213,379,265,157,108
S01011845,Born in the UK,829,577,209,368,252,152,100
S01011845,Born outside the UK: Total,28,15,4,11,13,5,8
S01011845,Born outside the UK: Resident less than 2 years,1,0,0,0,1,0,1
S01011845,Born outside the UK: Resident 2 years or more and less than 5 years,4,0,0,0,4,0,4
S01011845,Born outside the UK: Resident 5 years or more and less than 10 years,5,2,1,1,3,1,2
S01011845,Born outside the UK: Resident 10 years or more,18,13,3,10,5,4,1
S01011846,All people in households,869,674,329,345,195,76,119
S01011846,Born in the UK,827,642,310,332,185,75,110
S01011846,Born outside the UK: Total,42,32,19,13,10,1,9
S01011846,Born outside the UK: Resident less than 2 years,1,0,0,0,1,0,1
S01011846,Born outside the UK: Resident 2 years or more and less than 5 years,5,0,0,0,5,0,5
S01011846,Born outside the UK: Resident 5 years or more and less than 10 years,3,1,0,1,2,0,2
S01011846,Born outside the UK: Resident 10 years or more,33,31,19,12,2,1,1
S01011847,All people in households,429,382,165,217,47,4,43
S01011847,Born in the UK,402,370,160,210,32,3,29
S01011847,Born outside the UK: Total,27,12,5,7,15,1,14
S01011847,Born outside the UK: Resident less than 2 years,2,0,0,0,2,0,2
S01011847,Born outside the UK: Resident 2 years or more and less than 5 years,8,0,0,0,8,0,8
S01011847,Born outside the UK: Resident 5 years or more and less than 10 years,3,2,0,2,1,0,1
S01011847,Born outside the UK: Resident 10 years or more,14,10,5,5,4,1,3
S01011848,All people in households,727,541,264,277,186,67,119
S01011848,Born in the UK,686,515,255,260,171,66,105
S01011848,Born outside the UK: Total,41,26,9,17,15,1,14
S01011848,Born outside the UK: Resident less than 2 years,9,2,0,2,7,0,7
S01011848,Born outside the UK: Resident 2 years or more and less than 5 years,2,0,0,0,2,0,2
S01011848,Born outside the UK: Resident 5 years or more and less than 10 years,2,1,0,1,1,0,1
S01011848,Born outside the UK: Resident 10 years or more,28,23,9,14,5,1,4
S01011849,All people in households,813,594,208,386,219,90,129
S01011849,Born in the UK,773,571,197,374,202,85,117
S01011849,Born outside the UK: Total,40,23,11,12,17,5,12
S01011849,Born outside the UK: Resident less than 2 years,1,1,0,1,0,0,0
S01011849,Born outside the UK: Resident 2 years or more and less than 5 years,9,0,0,0,9,3,6
S01011849,Born outside the UK: Resident 5 years or more and less than 10 years,11,7,3,4,4,0,4
S01011849,Born outside the UK: Resident 10 years or more,19,15,8,7,4,2,2
S01011850,All people in households,672,479,246,233,193,9,184
S01011850,Born in the UK,631,458,233,225,173,9,164
S01011850,Born outside the UK: Total,41,21,13,8,20,0,20
S01011850,Born outside the UK: Resident less than 2 years,5,2,2,0,3,0,3
S01011850,Born outside the UK: Resident 2 years or more and less than 5 years,8,3,1,2,5,0,5
S01011850,Born outside the UK: Resident 5 years or more and less than 10 years,7,1,0,1,6,0,6
S01011850,Born outside the UK: Resident 10 years or more,21,15,10,5,6,0,6
S01011851,All people in households,870,537,230,307,333,142,191
S01011851,Born in the UK,834,521,224,297,313,136,177
S01011851,Born outside the UK: Total,36,16,6,10,20,6,14
S01011851,Born outside the UK: Resident less than 2 years,2,0,0,0,2,0,2
S01011851,Born outside the UK: Resident 2 years or more and less than 5 years,6,0,0,0,6,0,6
S01011851,Born outside the UK: Resident 5 years or more and less than 10 years,6,0,0,0,6,4,2
S01011851,Born outside the UK: Resident 10 years or more,22,16,6,10,6,2,4
S01011852,All people in households,976,612,209,403,364,205,159
S01011852,Born in the UK,906,596,204,392,310,194,116
S01011852,Born outside the UK: Total,70,16,5,11,54,11,43
S01011852,Born outside the UK: Resident less than 2 years,12,0,0,0,12,2,10
S01011852,Born outside the UK: Resident 2 years or more and less than 5 years,28,0,0,0,28,3,25
S01011852,Born outside the UK: Resident 5 years or more and less than 10 years,11,4,2,2,7,4,3
S01011852,Born outside the UK: Resident 10 years or more,19,12,3,9,7,2,5
S01011853,All people in households,708,524,205,319,184,43,141
S01011853,Born in the UK,680,513,203,310,167,43,124
S01011853,Born outside the UK: Total,28,11,2,9,17,0,17
S01011853,Born outside the UK: Resident less than 2 years,2,0,0,0,2,0,2
S01011853,Born outside the UK: Resident 2 years or more and less than 5 years,6,1,0,1,5,0,5
S01011853,Born outside the UK: Resident 5 years or more and less than 10 years,8,2,0,2,6,0,6
S01011853,Born outside the UK: Resident 10 years or more,12,8,2,6,4,0,4
S01011854,All people in households,745,531,307,224,214,94,120
S01011854,Born in the UK,699,511,302,209,188,90,98
S01011854,Born outside the UK: Total,46,20,5,15,26,4,22
S01011854,Born outside the UK: Resident less than 2 years,8,2,0,2,6,0,6
S01011854,Born outside the UK: Resident 2 years or more and less than 5 years,14,4,0,4,10,2,8
S01011854,Born outside the UK: Resident 5 years or more and less than 10 years,6,0,0,0,6,1,5
S01011854,Born outside the UK: Resident 10 years or more,18,14,5,9,4,1,3
S01011855,All people in households,848,538,170,368,310,243,67
S01011855,Born in the UK,795,511,160,351,284,238,46
S01011855,Born outside the UK: Total,53,27,10,17,26,5,21
S01011855,Born outside the UK: Resident less than 2 years,19,4,1,3,15,0,15
S01011855,Born outside the UK: Resident 2 years or more and less than 5 years,5,1,1,0,4,0,4
S01011855,Born outside the UK: Resident 5 years or more and less than 10 years,10,6,0,6,4,2,2
S01011855,Born outside the UK: Resident 10 years or more,19,16,8,8,3,3,0
S01011856,All people in households,691,640,328,312,51,7,44
S01011856,Born in the UK,661,617,317,300,44,7,37
S01011856,Born outside the UK: Total,30,23,11,12,7,0,7
S01011856,Born outside the UK: Resident less than 2 years,2,0,0,0,2,0,2
S01011856,Born outside the UK: Resident 2 years or more and less than 5 years,1,0,0,0,1,0,1
S01011856,Born outside the UK: Resident 5 years or more and less than 10 years,5,4,1,3,1,0,1
S01011856,Born outside the UK: Resident 10 years or more,22,19,10,9,3,0,3
S01011857,All people in households,689,421,217,204,268,79,189
S01011857,Born in the UK,664,403,209,194,261,79,182
S01011857,Born outside the UK: Total,25,18,8,10,7,0,7
S01011857,Born outside the UK: Resident less than 2 years,2,1,0,1,1,0,1
S01011857,Born outside the UK: Resident 2 years or more and less than 5 years,4,4,0,4,0,0,0
S01011857,Born outside the UK: Resident 5 years or more and less than 10 years,4,0,0,0,4,0,4
S01011857,Born outside the UK: Resident 10 years or more,15,13,8,5,2,0,2
S01011858,All people in households,859,683,415,268,176,73,103
S01011858,Born in the UK,816,651,396,255,165,70,95
S01011858,Born outside the UK: Total,43,32,19,13,11,3,8
S01011858,Born outside the UK: Resident less than 2 years,3,2,0,2,1,0,1
S01011858,Born outside the UK: Resident 2 years or more and less than 5 years,4,0,0,0,4,0,4
S01011858,Born outside the UK: Resident 5 years or more and less than 10 years,4,3,1,2,1,0,1
S01011858,Born outside the UK: Resident 10 years or more,32,27,18,9,5,3,2
S01011859,All people in households,839,536,318,218,303,225,78
S01011859,Born in the UK,804,505,296,209,299,222,77
S01011859,Born outside the UK: Total,35,31,22,9,4,3,1
S01011859,Born outside the UK: Resident less than 2 years,3,3,3,0,0,0,0
S01011859,Born outside the UK: Resident 2 years or more and less than 5 years,3,3,2,1,0,0,0
S01011859,Born outside the UK: Resident 5 years or more and less than 10 years,6,6,1,5,0,0,0
S01011859,Born outside the UK: Resident 10 years or more,23,19,16,3,4,3,1
S01011860,All people in households,506,237,139,98,269,9,260
S01011860,Born in the UK,476,226,133,93,250,9,241
S01011860,Born outside the UK: Total,30,11,6,5,19,0,19
S01011860,Born outside the UK: Resident less than 2 years,3,0,0,0,3,0,3
S01011860,Born outside the UK: Resident 2 years or more and less than 5 years,3,3,0,3,0,0,0
S01011860,Born outside the UK: Resident 5 years or more and less than 10 years,7,1,1,0,6,0,6
S01011860,Born outside the UK: Resident 10 years or more,17,7,5,2,10,0,10
S01011861,All people in households,732,494,294,200,238,20,218
S01011861,Born in the UK,681,461,275,186,220,19,201
S01011861,Born outside the UK: Total,51,33,19,14,18,1,17
S01011861,Born outside the UK: Resident less than 2 years,1,1,1,0,0,0,0
S01011861,Born outside the UK: Resident 2 years or more and less than 5 years,5,1,1,0,4,0,4
S01011861,Born outside the UK: Resident 5 years or more and less than 10 years,5,0,0,0,5,0,5
S01011861,Born outside the UK: Resident 10 years or more,40,31,17,14,9,1,8
S01011862,All people in households,947,817,465,352,130,42,88
S01011862,Born in the UK,879,771,438,333,108,35,73
S01011862,Born outside the UK: Total,68,46,27,19,22,7,15
S01011862,Born outside the UK: Resident less than 2 years,11,2,1,1,9,1,8
S01011862,Born outside the UK: Resident 2 years or more and less than 5 years,3,1,1,0,2,0,2
S01011862,Born outside the UK: Resident 5 years or more and less than 10 years,9,2,0,2,7,5,2
S01011862,Born outside the UK: Resident 10 years or more,45,41,25,16,4,1,3
S01011863,All people in households,734,557,272,285,177,77,100
S01011863,Born in the UK,684,523,251,272,161,74,87
S01011863,Born outside the UK: Total,50,34,21,13,16,3,13
S01011863,Born outside the UK: Resident less than 2 years,6,2,0,2,4,0,4
S01011863,Born outside the UK: Resident 2 years or more and less than 5 years,6,1,1,0,5,0,5
S01011863,Born outside the UK: Resident 5 years or more and less than 10 years,7,6,5,1,1,0,1
S01011863,Born outside the UK: Resident 10 years or more,31,25,15,10,6,3,3
S01011864,All people in households,716,675,348,327,41,9,32
S01011864,Born in the UK,682,648,339,309,34,8,26
S01011864,Born outside the UK: Total,34,27,9,18,7,1,6
S01011864,Born outside the UK: Resident less than 2 years,2,1,0,1,1,0,1
S01011864,Born outside the UK: Resident 2 years or more and less than 5 years,2,0,0,0,2,0,2
S01011864,Born outside the UK: Resident 5 years or more and less than 10 years,5,4,0,4,1,1,0
S01011864,Born outside the UK: Resident 10 years or more,25,22,9,13,3,0,3
S01011865,All people in households,601,449,209,240,152,71,81
S01011865,Born in the UK,570,427,201,226,143,71,72
S01011865,Born outside the UK: Total,31,22,8,14,9,0,9
S01011865,Born outside the UK: Resident less than 2 years,4,3,0,3,1,0,1
S01011865,Born outside the UK: Resident 2 years or more and less than 5 years,4,1,1,0,3,0,3
S01011865,Born outside the UK: Resident 5 years or more and less than 10 years,6,4,0,4,2,0,2
S01011865,Born outside the UK: Resident 10 years or more,17,14,7,7,3,0,3
S01011866,All people in households,817,586,274,312,231,159,72
S01011866,Born in the UK,755,558,265,293,197,134,63
S01011866,Born outside the UK: Total,62,28,9,19,34,25,9
S01011866,Born outside the UK: Resident less than 2 years,6,0,0,0,6,6,0
S01011866,Born outside the UK: Resident 2 years or more and less than 5 years,17,7,0,7,10,6,4
S01011866,Born outside the UK: Resident 5 years or more and less than 10 years,24,12,6,6,12,9,3
S01011866,Born outside the UK: Resident 10 years or more,15,9,3,6,6,4,2
S01011867,All people in households,961,525,123,402,436,359,77
S01011867,Born in the UK,888,497,115,382,391,326,65
S01011867,Born outside the UK: Total,73,28,8,20,45,33,12
S01011867,Born outside the UK: Resident less than 2 years,8,1,0,1,7,4,3
S01011867,Born outside the UK: Resident 2 years or more and less than 5 years,16,1,0,1,15,11,4
S01011867,Born outside the UK: Resident 5 years or more and less than 10 years,26,16,3,13,10,7,3
S01011867,Born outside the UK: Resident 10 years or more,23,10,5,5,13,11,2
S01011868,All people in households,869,604,283,321,265,128,137
S01011868,Born in the UK,792,569,266,303,223,113,110
S01011868,Born outside the UK: Total,77,35,17,18,42,15,27
S01011868,Born outside the UK: Resident less than 2 years,14,4,4,0,10,0,10
S01011868,Born outside the UK: Resident 2 years or more and less than 5 years,18,2,0,2,16,5,11
S01011868,Born outside the UK: Resident 5 years or more and less than 10 years,16,9,1,8,7,5,2
S01011868,Born outside the UK: Resident 10 years or more,29,20,12,8,9,5,4
S01011869,All people in households,758,471,224,247,287,56,231
S01011869,Born in the UK,670,433,201,232,237,56,181
S01011869,Born outside the UK: Total,88,38,23,15,50,0,50
S01011869,Born outside the UK: Resident less than 2 years,15,4,3,1,11,0,11
S01011869,Born outside the UK: Resident 2 years or more and less than 5 years,25,2,0,2,23,0,23
S01011869,Born outside the UK: Resident 5 years or more and less than 10 years,20,10,7,3,10,0,10
S01011869,Born outside the UK: Resident 10 years or more,28,22,13,9,6,0,6
S01011870,All people in households,692,429,208,221,263,182,81
S01011870,Born in the UK,652,410,201,209,242,178,64
S01011870,Born outside the UK: Total,40,19,7,12,21,4,17
S01011870,Born outside the UK: Resident less than 2 years,7,2,0,2,5,0,5
S01011870,Born outside the UK: Resident 2 years or more and less than 5 years,10,2,1,1,8,1,7
S01011870,Born outside the UK: Resident 5 years or more and less than 10 years,4,1,0,1,3,0,3
S01011870,Born outside the UK: Resident 10 years or more,19,14,6,8,5,3,2
S01011871,All people in households,1087,675,297,378,412,138,274
S01011871,Born in the UK,1012,641,284,357,371,128,243
S01011871,Born outside the UK: Total,75,34,13,21,41,10,31
S01011871,Born outside the UK: Resident less than 2 years,12,3,1,2,9,0,9
S01011871,Born outside the UK: Resident 2 years or more and less than 5 years,23,8,5,3,15,5,10
S01011871,Born outside the UK: Resident 5 years or more and less than 10 years,8,4,0,4,4,2,2
S01011871,Born outside the UK: Resident 10 years or more,32,19,7,12,13,3,10
S01011872,All people in households,914,704,321,383,210,16,194
S01011872,Born in the UK,870,674,311,363,196,15,181
S01011872,Born outside the UK: Total,44,30,10,20,14,1,13
S01011872,Born outside the UK: Resident less than 2 years,0,0,0,0,0,0,0
S01011872,Born outside the UK: Resident 2 years or more and less than 5 years,3,0,0,0,3,0,3
S01011872,Born outside the UK: Resident 5 years or more and less than 10 years,18,10,0,10,8,0,8
S01011872,Born outside the UK: Resident 10 years or more,23,20,10,10,3,1,2
S01011873,All people in households,812,540,222,318,272,11,261
S01011873,Born in the UK,774,525,218,307,249,11,238
S01011873,Born outside the UK: Total,38,15,4,11,23,0,23
S01011873,Born outside the UK: Resident less than 2 years,6,3,1,2,3,0,3
S01011873,Born outside the UK: Resident 2 years or more and less than 5 years,6,1,0,1,5,0,5
S01011873,Born outside the UK: Resident 5 years or more and less than 10 years,4,2,1,1,2,0,2
S01011873,Born outside the UK: Resident 10 years or more,22,9,2,7,13,0,13
S01011874,All people in households,657,542,178,364,115,63,52
S01011874,Born in the UK,641,531,177,354,110,61,49
S01011874,Born outside the UK: Total,16,11,1,10,5,2,3
S01011874,Born outside the UK: Resident less than 2 years,0,0,0,0,0,0,0
S01011874,Born outside the UK: Resident 2 years or more and less than 5 years,1,1,0,1,0,0,0
S01011874,Born outside the UK: Resident 5 years or more and less than 10 years,4,1,0,1,3,2,1
S01011874,Born outside the UK: Resident 10 years or more,11,9,1,8,2,0,2
S01011875,All people in households,672,468,199,269,204,114,90
S01011875,Born in the UK,653,462,197,265,191,109,82
S01011875,Born outside the UK: Total,19,6,2,4,13,5,8
S01011875,Born outside the UK: Resident less than 2 years,1,0,0,0,1,0,1
S01011875,Born outside the UK: Resident 2 years or more and less than 5 years,5,2,0,2,3,0,3
S01011875,Born outside the UK: Resident 5 years or more and less than 10 years,8,2,0,2,6,4,2
S01011875,Born outside the UK: Resident 10 years or more,5,2,2,0,3,1,2
S01011876,All people in households,939,633,318,315,306,62,244
S01011876,Born in the UK,888,608,309,299,280,61,219
S01011876,Born outside the UK: Total,51,25,9,16,26,1,25
S01011876,Born outside the UK: Resident less than 2 years,5,2,1,1,3,0,3
S01011876,Born outside the UK: Resident 2 years or more and less than 5 years,7,3,1,2,4,0,4
S01011876,Born outside the UK: Resident 5 years or more and less than 10 years,7,3,1,2,4,0,4
S01011876,Born outside the UK: Resident 10 years or more,32,17,6,11,15,1,14
S01011877,All people in households,546,399,205,194,147,41,106
S01011877,Born in the UK,520,382,194,188,138,41,97
S01011877,Born outside the UK: Total,26,17,11,6,9,0,9
S01011877,Born outside the UK: Resident less than 2 years,0,0,0,0,0,0,0
S01011877,Born outside the UK: Resident 2 years or more and less than 5 years,4,2,0,2,2,0,2
S01011877,Born outside the UK: Resident 5 years or more and less than 10 years,5,0,0,0,5,0,5
S01011877,Born outside the UK: Resident 10 years or more,17,15,11,4,2,0,2
S01011878,All people in households,947,605,319,286,342,45,297
S01011878,Born in the UK,914,581,304,277,333,39,294
S01011878,Born outside the UK: Total,33,24,15,9,9,6,3
S01011878,Born outside the UK: Resident less than 2 years,3,3,3,0,0,0,0
S01011878,Born outside the UK: Resident 2 years or more and less than 5 years,0,0,0,0,0,0,0
S01011878,Born outside the UK: Resident 5 years or more and less than 10 years,9,5,4,1,4,4,0
S01011878,Born outside the UK: Resident 10 years or more,21,16,8,8,5,2,3
S01011879,All people in households,547,505,223,282,42,10,32
S01011879,Born in the UK,525,484,215,269,41,10,31
S01011879,Born outside the UK: Total,22,21,8,13,1,0,1
S01011879,Born outside the UK: Resident less than 2 years,0,0,0,0,0,0,0
S01011879,Born outside the UK: Resident 2 years or more and less than 5 years,0,0,0,0,0,0,0
S01011879,Born outside the UK: Resident 5 years or more and less than 10 years,3,3,0,3,0,0,0
S01011879,Born outside the UK: Resident 10 years or more,19,18,8,10,1,0,1
S01011880,All people in households,593,473,223,250,120,42,78
S01011880,Born in the UK,568,460,218,242,108,42,66
S01011880,Born outside the UK: Total,25,13,5,8,12,0,12
S01011880,Born outside the UK: Resident less than 2 years,4,0,0,0,4,0,4
S01011880,Born outside the UK: Resident 2 years or more and less than 5 years,4,0,0,0,4,0,4
S01011880,Born outside the UK: Resident 5 years or more and less than 10 years,0,0,0,0,0,0,0
S01011880,Born outside the UK: Resident 10 years or more,17,13,5,8,4,0,4
S01011881,All people in households,817,553,191,362,264,130,134
S01011881,Born in the UK,799,539,184,355,260,129,131
S01011881,Born outside the UK: Total,18,14,7,7,4,1,3
S01011881,Born outside the UK: Resident less than 2 years,1,0,0,0,1,0,1
S01011881,Born outside the UK: Resident 2 years or more and less than 5 years,2,1,0,1,1,0,1
S01011881,Born outside the UK: Resident 5 years or more and less than 10 years,2,2,0,2,0,0,0
S01011881,Born outside the UK: Resident 10 years or more,13,11,7,4,2,1,1
S01011882,All people in households,941,655,255,400,286,233,53
S01011882,Born in the UK,928,647,252,395,281,230,51
S01011882,Born outside the UK: Total,13,8,3,5,5,3,2
S01011882,Born outside the UK: Resident less than 2 years,1,0,0,0,1,0,1
S01011882,Born outside the UK: Resident 2 years or more and less than 5 years,0,0,0,0,0,0,0
S01011882,Born outside the UK: Resident 5 years or more and less than 10 years,1,1,0,1,0,0,0
S01011882,Born outside the UK: Resident 10 years or more,11,7,3,4,4,3,1
S01011883,All people in households,1026,829,321,508,197,82,115
S01011883,Born in the UK,974,794,304,490,180,79,101
S01011883,Born outside the UK: Total,52,35,17,18,17,3,14
S01011883,Born outside the UK: Resident less than 2 years,7,5,4,1,2,0,2
S01011883,Born outside the UK: Resident 2 years or more and less than 5 years,3,1,0,1,2,0,2
S01011883,Born outside the UK: Resident 5 years or more and less than 10 years,5,3,0,3,2,0,2
S01011883,Born outside the UK: Resident 10 years or more,37,26,13,13,11,3,8
S01011884,All people in households,412,311,157,154,101,6,95
S01011884,Born in the UK,392,293,148,145,99,6,93
S01011884,Born outside the UK: Total,20,18,9,9,2,0,2
S01011884,Born outside the UK: Resident less than 2 years,0,0,0,0,0,0,0
S01011884,Born outside the UK: Resident 2 years or more and less than 5 years,2,2,2,0,0,0,0
S01011884,Born outside the UK: Resident 5 years or more and less than 10 years,0,0,0,0,0,0,0
S01011884,Born outside the UK: Resident 10 years or more,18,16,7,9,2,0,2
S01011885,All people in households,689,608,192,416,81,18,63
S01011885,Born in the UK,654,578,180,398,76,18,58
S01011885,Born outside the UK: Total,35,30,12,18,5,0,5
S01011885,Born outside the UK: Resident less than 2 years,2,1,1,0,1,0,1
S01011885,Born outside the UK: Resident 2 years or more and less than 5 years,3,1,1,0,2,0,2
S01011885,Born outside the UK: Resident 5 years or more and less than 10 years,10,10,1,9,0,0,0
S01011885,Born outside the UK: Resident 10 years or more,20,18,9,9,2,0,2
S01011886,All people in households,875,700,270,430,175,112,63
S01011886,Born in the UK,828,664,256,408,164,109,55
S01011886,Born outside the UK: Total,47,36,14,22,11,3,8
S01011886,Born outside the UK: Resident less than 2 years,4,0,0,0,4,0,4
S01011886,Born outside the UK: Resident 2 years or more and less than 5 years,9,6,0,6,3,0,3
S01011886,Born outside the UK: Resident 5 years or more and less than 10 years,9,8,0,8,1,1,0
S01011886,Born outside the UK: Resident 10 years or more,25,22,14,8,3,2,1
S01011887,All people in households,594,440,170,270,154,107,47
S01011887,Born in the UK,579,427,166,261,152,106,46
S01011887,Born outside the UK: Total,15,13,4,9,2,1,1
S01011887,Born outside the UK: Resident less than 2 years,0,0,0,0,0,0,0
S01011887,Born outside the UK: Resident 2 years or more and less than 5 years,3,3,2,1,0,0,0
S01011887,Born outside the UK: Resident 5 years or more and less than 10 years,4,4,0,4,0,0,0
S01011887,Born outside the UK: Resident 10 years or more,8,6,2,4,2,1,1
S01011888,All people in households,871,524,168,356,347,282,65
S01011888,Born in the UK,803,488,153,335,315,270,45
S01011888,Born outside the UK: Total,68,36,15,21,32,12,20
S01011888,Born outside the UK: Resident less than 2 years,7,1,0,1,6,0,6
S01011888,Born outside the UK: Resident 2 years or more and less than 5 years,12,2,2,0,10,0,10
S01011888,Born outside the UK: Resident 5 years or more and less than 10 years,13,8,1,7,5,3,2
S01011888,Born outside the UK: Resident 10 years or more,36,25,12,13,11,9,2
S01011889,All people in households,892,728,314,414,164,84,80
S01011889,Born in the UK,849,699,302,397,150,81,69
S01011889,Born outside the UK: Total,43,29,12,17,14,3,11
S01011889,Born outside the UK: Resident less than 2 years,2,0,0,0,2,0,2
S01011889,Born outside the UK: Resident 2 years or more and less than 5 years,9,6,1,5,3,0,3
S01011889,Born outside the UK: Resident 5 years or more and less than 10 years,6,3,1,2,3,0,3
S01011889,Born outside the UK: Resident 10 years or more,26,20,10,10,6,3,3
S01011890,All people in households,708,577,224,353,131,41,90
S01011890,Born in the UK,666,545,208,337,121,41,80
S01011890,Born outside the UK: Total,42,32,16,16,10,0,10
S01011890,Born outside the UK: Resident less than 2 years,2,1,1,0,1,0,1
S01011890,Born outside the UK: Resident 2 years or more and less than 5 years,9,4,0,4,5,0,5
S01011890,Born outside the UK: Resident 5 years or more and less than 10 years,5,4,1,3,1,0,1
S01011890,Born outside the UK: Resident 10 years or more,26,23,14,9,3,0,3
S01011891,All people in households,741,353,122,231,388,237,151
S01011891,Born in the UK,696,347,120,227,349,219,130
S01011891,Born outside the UK: Total,45,6,2,4,39,18,21
S01011891,Born outside the UK: Resident less than 2 years,7,0,0,0,7,0,7
S01011891,Born outside the UK: Resident 2 years or more and less than 5 years,11,0,0,0,11,6,5
S01011891,Born outside the UK: Resident 5 years or more and less than 10 years,10,0,0,0,10,5,5
S01011891,Born outside the UK: Resident 10 years or more,17,6,2,4,11,7,4
S01011892,All people in households,981,699,198,501,282,11,271
S01011892,Born in the UK,904,664,190,474,240,11,229
S01011892,Born outside the UK: Total,77,35,8,27,42,0,42
S01011892,Born outside the UK: Resident less than 2 years,11,2,1,1,9,0,9
S01011892,Born outside the UK: Resident 2 years or more and less than 5 years,14,1,0,1,13,0,13
S01011892,Born outside the UK: Resident 5 years or more and less than 10 years,23,10,0,10,13,0,13
S01011892,Born outside the UK: Resident 10 years or more,29,22,7,15,7,0,7
S01011893,All people in households,929,558,241,317,371,124,247
S01011893,Born in the UK,874,543,231,312,331,116,215
S01011893,Born outside the UK: Total,55,15,10,5,40,8,32
S01011893,Born outside the UK: Resident less than 2 years,13,0,0,0,13,1,12
S01011893,Born outside the UK: Resident 2 years or more and less than 5 years,16,2,2,0,14,0,14
S01011893,Born outside the UK: Resident 5 years or more and less than 10 years,6,0,0,0,6,1,5
S01011893,Born outside the UK: Resident 10 years or more,20,13,8,5,7,6,1
S01011894,All people in households,635,406,171,235,229,113,116
S01011894,Born in the UK,583,386,160,226,197,111,86
S01011894,Born outside the UK: Total,52,20,11,9,32,2,30
S01011894,Born outside the UK: Resident less than 2 years,14,4,1,3,10,0,10
S01011894,Born outside the UK: Resident 2 years or more and less than 5 years,14,0,0,0,14,1,13
S01011894,Born outside the UK: Resident 5 years or more and less than 10 years,4,0,0,0,4,0,4
S01011894,Born outside the UK: Resident 10 years or more,20,16,10,6,4,1,3
S01011895,All people in households,632,564,312,252,68,8,60
S01011895,Born in the UK,610,548,301,247,62,7,55
S01011895,Born outside the UK: Total,22,16,11,5,6,1,5
S01011895,Born outside the UK: Resident less than 2 years,0,0,0,0,0,0,0
S01011895,Born outside the UK: Resident 2 years or more and less than 5 years,2,0,0,0,2,0,2
S01011895,Born outside the UK: Resident 5 years or more and less than 10 years,0,0,0,0,0,0,0
S01011895,Born outside the UK: Resident 10 years or more,20,16,11,5,4,1,3
S01011896,All people in households,866,698,310,388,168,55,113
S01011896,Born in the UK,840,686,305,381,154,55,99
S01011896,Born outside the UK: Total,26,12,5,7,14,0,14
S01011896,Born outside the UK: Resident less than 2 years,3,0,0,0,3,0,3
S01011896,Born outside the UK: Resident 2 years or more and less than 5 years,5,2,0,2,3,0,3
S01011896,Born outside the UK: Resident 5 years or more and less than 10 years,5,0,0,0,5,0,5
S01011896,Born outside the UK: Resident 10 years or more,13,10,5,5,3,0,3
S01011897,All people in households,1027,852,379,473,175,79,96
S01011897,Born in the UK,989,826,368,458,163,77,86
S01011897,Born outside the UK: Total,38,26,11,15,12,2,10
S01011897,Born outside the UK: Resident less than 2 years,1,1,0,1,0,0,0
S01011897,Born outside the UK: Resident 2 years or more and less than 5 years,0,0,0,0,0,0,0
S01011897,Born outside the UK: Resident 5 years or more and less than 10 years,7,2,0,2,5,0,5
S01011897,Born outside the UK: Resident 10 years or more,30,23,11,12,7,2,5
S01011898,All people in households,675,619,210,409,56,0,56
S01011898,Born in the UK,649,597,203,394,52,0,52
S01011898,Born outside the UK: Total,26,22,7,15,4,0,4
S01011898,Born outside the UK: Resident less than 2 years,1,0,0,0,1,0,1
S01011898,Born outside the UK: Resident 2 years or more and less than 5 years,4,3,1,2,1,0,1
S01011898,Born outside the UK: Resident 5 years or more and less than 10 years,2,2,0,2,0,0,0
S01011898,Born outside the UK: Resident 10 years or more,19,17,6,11,2,0,2
S01011899,All people in households,779,716,356,360,63,2,61
S01011899,Born in the UK,745,701,352,349,44,1,43
S01011899,Born outside the UK: Total,34,15,4,11,19,1,18
S01011899,Born outside the UK: Resident less than 2 years,6,1,1,0,5,0,5
S01011899,Born outside the UK: Resident 2 years or more and less than 5 years,6,0,0,0,6,0,6
S01011899,Born outside the UK: Resident 5 years or more and less than 10 years,3,0,0,0,3,0,3
S01011899,Born outside the UK: Resident 10 years or more,19,14,3,11,5,1,4
S01011900,All people in households,735,708,282,426,27,2,25
S01011900,Born in the UK,692,667,268,399,25,2,23
S01011900,Born outside the UK: Total,43,41,14,27,2,0,2
S01011900,Born outside the UK: Resident less than 2 years,7,6,0,6,1,0,1
S01011900,Born outside the UK: Resident 2 years or more and less than 5 years,0,0,0,0,0,0,0
S01011900,Born outside the UK: Resident 5 years or more and less than 10 years,9,9,0,9,0,0,0
S01011900,Born outside the UK: Resident 10 years or more,27,26,14,12,1,0,1
S01011901,All people in households,899,746,312,434,153,29,124
S01011901,Born in the UK,857,713,300,413,144,29,115
S01011901,Born outside the UK: Total,42,33,12,21,9,0,9
S01011901,Born outside the UK: Resident less than 2 years,3,2,0,2,1,0,1
S01011901,Born outside the UK: Resident 2 years or more and less than 5 years,12,4,2,2,8,0,8
S01011901,Born outside the UK: Resident 5 years or more and less than 10 years,6,6,0,6,0,0,0
S01011901,Born outside the UK: Resident 10 years or more,21,21,10,11,0,0,0
S01011902,All people in households,1056,974,449,525,82,28,54
S01011902,Born in the UK,1001,935,434,501,66,27,39
S01011902,Born outside the UK: Total,55,39,15,24,16,1,15
S01011902,Born outside the UK: Resident less than 2 years,4,2,1,1,2,0,2
S01011902,Born outside the UK: Resident 2 years or more and less than 5 years,10,1,0,1,9,0,9
S01011902,Born outside the UK: Resident 5 years or more and less than 10 years,13,9,0,9,4,0,4
S01011902,Born outside the UK: Resident 10 years or more,28,27,14,13,1,1,0
S01011903,All people in households,798,754,385,369,44,4,40
S01011903,Born in the UK,768,724,366,358,44,4,40
S01011903,Born outside the UK: Total,30,30,19,11,0,0,0
S01011903,Born outside the UK: Resident less than 2 years,1,1,1,0,0,0,0
S01011903,Born outside the UK: Resident 2 years or more and less than 5 years,1,1,0,1,0,0,0
S01011903,Born outside the UK: Resident 5 years or more and less than 10 years,6,6,0,6,0,0,0
S01011903,Born outside the UK: Resident 10 years or more,22,22,18,4,0,0,0
S01011904,All people in households,744,693,293,400,51,8,43
S01011904,Born in the UK,707,665,281,384,42,6,36
S01011904,Born outside the UK: Total,37,28,12,16,9,2,7
S01011904,Born outside the UK: Resident less than 2 years,6,5,2,3,1,0,1
S01011904,Born outside the UK: Resident 2 years or more and less than 5 years,5,2,0,2,3,0,3
S01011904,Born outside the UK: Resident 5 years or more and less than 10 years,2,1,0,1,1,0,1
S01011904,Born outside the UK: Resident 10 years or more,24,20,10,10,4,2,2
S01011905,All people in households,775,725,263,462,50,8,42
S01011905,Born in the UK,736,699,252,447,37,8,29
S01011905,Born outside the UK: Total,39,26,11,15,13,0,13
S01011905,Born outside the UK: Resident less than 2 years,4,0,0,0,4,0,4
S01011905,Born outside the UK: Resident 2 years or more and less than 5 years,2,0,0,0,2,0,2
S01011905,Born outside the UK: Resident 5 years or more and less than 10 years,7,3,0,3,4,0,4
S01011905,Born outside the UK: Resident 10 years or more,26,23,11,12,3,0,3
S01011906,All people in households,425,385,156,229,40,5,35
S01011906,Born in the UK,403,372,151,221,31,5,26
S01011906,Born outside the UK: Total,22,13,5,8,9,0,9
S01011906,Born outside the UK: Resident less than 2 years,3,0,0,0,3,0,3
S01011906,Born outside the UK: Resident 2 years or more and less than 5 years,4,1,0,1,3,0,3
S01011906,Born outside the UK: Resident 5 years or more and less than 10 years,3,2,1,1,1,0,1
S01011906,Born outside the UK: Resident 10 years or more,12,10,4,6,2,0,2
S01011907,All people in households,745,611,188,423,134,42,92
S01011907,Born in the UK,705,575,181,394,130,41,89
S01011907,Born outside the UK: Total,40,36,7,29,4,1,3
S01011907,Born outside the UK: Resident less than 2 years,1,0,0,0,1,0,1
S01011907,Born outside the UK: Resident 2 years or more and less than 5 years,1,0,0,0,1,0,1
S01011907,Born outside the UK: Resident 5 years or more and less than 10 years,5,5,0,5,0,0,0
S01011907,Born outside the UK: Resident 10 years or more,33,31,7,24,2,1,1
S01011908,All people in households,376,313,86,227,63,14,49
S01011908,Born in the UK,360,302,76,226,58,13,45
S01011908,Born outside the UK: Total,16,11,10,1,5,1,4
S01011908,Born outside the UK: Resident less than 2 years,1,1,1,0,0,0,0
S01011908,Born outside the UK: Resident 2 years or more and less than 5 years,4,0,0,0,4,0,4
S01011908,Born outside the UK: Resident 5 years or more and less than 10 years,1,1,1,0,0,0,0
S01011908,Born outside the UK: Resident 10 years or more,10,9,8,1,1,1,0
S01011909,All people in households,1036,877,71,806,159,33,126
S01011909,Born in the UK,982,854,67,787,128,28,100
S01011909,Born outside the UK: Total,54,23,4,19,31,5,26
S01011909,Born outside the UK: Resident less than 2 years,21,0,0,0,21,0,21
S01011909,Born outside the UK: Resident 2 years or more and less than 5 years,8,5,0,5,3,1,2
S01011909,Born outside the UK: Resident 5 years or more and less than 10 years,10,7,0,7,3,1,2
S01011909,Born outside the UK: Resident 10 years or more,15,11,4,7,4,3,1
S01011910,All people in households,910,318,98,220,592,527,65
S01011910,Born in the UK,851,299,96,203,552,506,46
S01011910,Born outside the UK: Total,59,19,2,17,40,21,19
S01011910,Born outside the UK: Resident less than 2 years,11,5,2,3,6,3,3
S01011910,Born outside the UK: Resident 2 years or more and less than 5 years,13,6,0,6,7,2,5
S01011910,Born outside the UK: Resident 5 years or more and less than 10 years,12,1,0,1,11,3,8
S01011910,Born outside the UK: Resident 10 years or more,23,7,0,7,16,13,3
S01011911,All people in households,641,425,143,282,216,183,33
S01011911,Born in the UK,609,405,135,270,204,175,29
S01011911,Born outside the UK: Total,32,20,8,12,12,8,4
S01011911,Born outside the UK: Resident less than 2 years,0,0,0,0,0,0,0
S01011911,Born outside the UK: Resident 2 years or more and less than 5 years,9,5,0,5,4,0,4
S01011911,Born outside the UK: Resident 5 years or more and less than 10 years,7,3,0,3,4,4,0
S01011911,Born outside the UK: Resident 10 years or more,16,12,8,4,4,4,0
S01011912,All people in households,727,383,107,276,344,276,68
S01011912,Born in the UK,675,351,100,251,324,271,53
S01011912,Born outside the UK: Total,52,32,7,25,20,5,15
S01011912,Born outside the UK: Resident less than 2 years,3,1,0,1,2,0,2
S01011912,Born outside the UK: Resident 2 years or more and less than 5 years,16,5,0,5,11,0,11
S01011912,Born outside the UK: Resident 5 years or more and less than 10 years,16,13,0,13,3,2,1
S01011912,Born outside the UK: Resident 10 years or more,17,13,7,6,4,3,1
S01011913,All people in households,739,330,86,244,409,376,33
S01011913,Born in the UK,709,320,86,234,389,359,30
S01011913,Born outside the UK: Total,30,10,0,10,20,17,3
S01011913,Born outside the UK: Resident less than 2 years,4,0,0,0,4,4,0
S01011913,Born outside the UK: Resident 2 years or more and less than 5 years,7,3,0,3,4,3,1
S01011913,Born outside the UK: Resident 5 years or more and less than 10 years,9,5,0,5,4,2,2
S01011913,Born outside the UK: Resident 10 years or more,10,2,0,2,8,8,0
S01011914,All people in households,865,298,60,238,567,494,73
S01011914,Born in the UK,800,266,54,212,534,475,59
S01011914,Born outside the UK: Total,65,32,6,26,33,19,14
S01011914,Born outside the UK: Resident less than 2 years,6,3,1,2,3,3,0
S01011914,Born outside the UK: Resident 2 years or more and less than 5 years,17,4,0,4,13,4,9
S01011914,Born outside the UK: Resident 5 years or more and less than 10 years,23,13,0,13,10,6,4
S01011914,Born outside the UK: Resident 10 years or more,19,12,5,7,7,6,1
S01011915,All people in households,811,460,141,319,351,296,55
S01011915,Born in the UK,761,440,139,301,321,290,31
S01011915,Born outside the UK: Total,50,20,2,18,30,6,24
S01011915,Born outside the UK: Resident less than 2 years,5,2,0,2,3,0,3
S01011915,Born outside the UK: Resident 2 years or more and less than 5 years,17,2,0,2,15,0,15
S01011915,Born outside the UK: Resident 5 years or more and less than 10 years,12,6,1,5,6,1,5
S01011915,Born outside the UK: Resident 10 years or more,16,10,1,9,6,5,1
S01011916,All people in households,592,263,86,177,329,272,57
S01011916,Born in the UK,555,257,83,174,298,261,37
S01011916,Born outside the UK: Total,37,6,3,3,31,11,20
S01011916,Born outside the UK: Resident less than 2 years,1,1,0,1,0,0,0
S01011916,Born outside the UK: Resident 2 years or more and less than 5 years,13,0,0,0,13,6,7
S01011916,Born outside the UK: Resident 5 years or more and less than 10 years,13,0,0,0,13,3,10
S01011916,Born outside the UK: Resident 10 years or more,10,5,3,2,5,2,3
S01011917,All people in households,510,332,127,205,178,136,42
S01011917,Born in the UK,478,315,125,190,163,135,28
S01011917,Born outside the UK: Total,32,17,2,15,15,1,14
S01011917,Born outside the UK: Resident less than 2 years,7,1,0,1,6,0,6
S01011917,Born outside the UK: Resident 2 years or more and less than 5 years,4,0,0,0,4,0,4
S01011917,Born outside the UK: Resident 5 years or more and less than 10 years,9,6,0,6,3,0,3
S01011917,Born outside the UK: Resident 10 years or more,12,10,2,8,2,1,1
S01011918,All people in households,786,186,63,123,600,545,55
S01011918,Born in the UK,694,174,56,118,520,479,41
S01011918,Born outside the UK: Total,92,12,7,5,80,66,14
S01011918,Born outside the UK: Resident less than 2 years,5,1,0,1,4,4,0
S01011918,Born outside the UK: Resident 2 years or more and less than 5 years,48,5,5,0,43,37,6
S01011918,Born outside the UK: Resident 5 years or more and less than 10 years,21,4,1,3,17,11,6
S01011918,Born outside the UK: Resident 10 years or more,18,2,1,1,16,14,2
S01011919,All people in households,809,371,114,257,438,317,121
S01011919,Born in the UK,718,340,107,233,378,297,81
S01011919,Born outside the UK: Total,91,31,7,24,60,20,40
S01011919,Born outside the UK: Resident less than 2 years,22,5,2,3,17,0,17
S01011919,Born outside the UK: Resident 2 years or more and less than 5 years,24,7,0,7,17,4,13
S01011919,Born outside the UK: Resident 5 years or more and less than 10 years,18,8,0,8,10,3,7
S01011919,Born outside the UK: Resident 10 years or more,27,11,5,6,16,13,3
S01011920,All people in households,622,367,120,247,255,206,49
S01011920,Born in the UK,568,335,113,222,233,195,38
S01011920,Born outside the UK: Total,54,32,7,25,22,11,11
S01011920,Born outside the UK: Resident less than 2 years,9,5,2,3,4,1,3
S01011920,Born outside the UK: Resident 2 years or more and less than 5 years,17,9,0,9,8,4,4
S01011920,Born outside the UK: Resident 5 years or more and less than 10 years,6,1,0,1,5,3,2
S01011920,Born outside the UK: Resident 10 years or more,22,17,5,12,5,3,2
S01011921,All people in households,594,257,83,174,337,290,47
S01011921,Born in the UK,554,246,79,167,308,275,33
S01011921,Born outside the UK: Total,40,11,4,7,29,15,14
S01011921,Born outside the UK: Resident less than 2 years,9,0,0,0,9,0,9
S01011921,Born outside the UK: Resident 2 years or more and less than 5 years,11,3,0,3,8,5,3
S01011921,Born outside the UK: Resident 5 years or more and less than 10 years,7,2,0,2,5,3,2
S01011921,Born outside the UK: Resident 10 years or more,13,6,4,2,7,7,0
S01011922,All people in households,768,365,97,268,403,342,61
S01011922,Born in the UK,719,340,95,245,379,329,50
S01011922,Born outside the UK: Total,49,25,2,23,24,13,11
S01011922,Born outside the UK: Resident less than 2 years,10,4,0,4,6,0,6
S01011922,Born outside the UK: Resident 2 years or more and less than 5 years,9,2,0,2,7,5,2
S01011922,Born outside the UK: Resident 5 years or more and less than 10 years,10,8,0,8,2,0,2
S01011922,Born outside the UK: Resident 10 years or more,20,11,2,9,9,8,1
S01011923,All people in households,880,324,82,242,556,485,71
S01011923,Born in the UK,793,303,80,223,490,447,43
S01011923,Born outside the UK: Total,87,21,2,19,66,38,28
S01011923,Born outside the UK: Resident less than 2 years,6,1,0,1,5,1,4
S01011923,Born outside the UK: Resident 2 years or more and less than 5 years,39,5,0,5,34,12,22
S01011923,Born outside the UK: Resident 5 years or more and less than 10 years,20,5,0,5,15,13,2
S01011923,Born outside the UK: Resident 10 years or more,22,10,2,8,12,12,0
S01011924,All people in households,454,258,84,174,196,153,43
S01011924,Born in the UK,414,235,83,152,179,147,32
S01011924,Born outside the UK: Total,40,23,1,22,17,6,11
S01011924,Born outside the UK: Resident less than 2 years,4,0,0,0,4,0,4
S01011924,Born outside the UK: Resident 2 years or more and less than 5 years,15,9,0,9,6,2,4
S01011924,Born outside the UK: Resident 5 years or more and less than 10 years,13,9,0,9,4,1,3
S01011924,Born outside the UK: Resident 10 years or more,8,5,1,4,3,3,0
S01011925,All people in households,758,674,81,593,84,51,33
S01011925,Born in the UK,704,634,70,564,70,50,20
S01011925,Born outside the UK: Total,54,40,11,29,14,1,13
S01011925,Born outside the UK: Resident less than 2 years,11,3,0,3,8,0,8
S01011925,Born outside the UK: Resident 2 years or more and less than 5 years,4,1,0,1,3,0,3
S01011925,Born outside the UK: Resident 5 years or more and less than 10 years,16,14,5,9,2,0,2
S01011925,Born outside the UK: Resident 10 years or more,23,22,6,16,1,1,0
S01011926,All people in households,656,405,113,292,251,170,81
S01011926,Born in the UK,612,393,108,285,219,166,53
S01011926,Born outside the UK: Total,44,12,5,7,32,4,28
S01011926,Born outside the UK: Resident less than 2 years,11,0,0,0,11,0,11
S01011926,Born outside the UK: Resident 2 years or more and less than 5 years,12,2,0,2,10,0,10
S01011926,Born outside the UK: Resident 5 years or more and less than 10 years,7,2,0,2,5,0,5
S01011926,Born outside the UK: Resident 10 years or more,14,8,5,3,6,4,2
S01011927,All people in households,613,358,98,260,255,206,49
S01011927,Born in the UK,588,337,95,242,251,204,47
S01011927,Born outside the UK: Total,25,21,3,18,4,2,2
S01011927,Born outside the UK: Resident less than 2 years,2,1,0,1,1,0,1
S01011927,Born outside the UK: Resident 2 years or more and less than 5 years,10,10,1,9,0,0,0
S01011927,Born outside the UK: Resident 5 years or more and less than 10 years,2,2,0,2,0,0,0
S01011927,Born outside the UK: Resident 10 years or more,11,8,2,6,3,2,1
S01011928,All people in households,702,410,154,256,292,203,89
S01011928,Born in the UK,675,399,149,250,276,201,75
S01011928,Born outside the UK: Total,27,11,5,6,16,2,14
S01011928,Born outside the UK: Resident less than 2 years,3,1,0,1,2,0,2
S01011928,Born outside the UK: Resident 2 years or more and less than 5 years,8,2,0,2,6,0,6
S01011928,Born outside the UK: Resident 5 years or more and less than 10 years,5,0,0,0,5,0,5
S01011928,Born outside the UK: Resident 10 years or more,11,8,5,3,3,2,1
S01011929,All people in households,692,432,130,302,260,208,52
S01011929,Born in the UK,651,424,129,295,227,201,26
S01011929,Born outside the UK: Total,41,8,1,7,33,7,26
S01011929,Born outside the UK: Resident less than 2 years,6,0,0,0,6,0,6
S01011929,Born outside the UK: Resident 2 years or more and less than 5 years,14,0,0,0,14,1,13
S01011929,Born outside the UK: Resident 5 years or more and less than 10 years,10,0,0,0,10,3,7
S01011929,Born outside the UK: Resident 10 years or more,11,8,1,7,3,3,0
S01011930,All people in households,638,340,114,226,298,199,99
S01011930,Born in the UK,587,325,113,212,262,194,68
S01011930,Born outside the UK: Total,51,15,1,14,36,5,31
S01011930,Born outside the UK: Resident less than 2 years,7,1,0,1,6,1,5
S01011930,Born outside the UK: Resident 2 years or more and less than 5 years,31,8,0,8,23,1,22
S01011930,Born outside the UK: Resident 5 years or more and less than 10 years,2,2,0,2,0,0,0
S01011930,Born outside the UK: Resident 10 years or more,11,4,1,3,7,3,4
S01011931,All people in households,625,154,31,123,471,400,71
S01011931,Born in the UK,583,140,26,114,443,390,53
S01011931,Born outside the UK: Total,42,14,5,9,28,10,18
S01011931,Born outside the UK: Resident less than 2 years,2,1,0,1,1,0,1
S01011931,Born outside the UK: Resident 2 years or more and less than 5 years,8,0,0,0,8,1,7
S01011931,Born outside the UK: Resident 5 years or more and less than 10 years,6,0,0,0,6,3,3
S01011931,Born outside the UK: Resident 10 years or more,26,13,5,8,13,6,7
S01011932,All people in households,621,324,50,274,297,138,159
S01011932,Born in the UK,504,288,45,243,216,126,90
S01011932,Born outside the UK: Total,117,36,5,31,81,12,69
S01011932,Born outside the UK: Resident less than 2 years,21,3,1,2,18,1,17
S01011932,Born outside the UK: Resident 2 years or more and less than 5 years,41,10,0,10,31,3,28
S01011932,Born outside the UK: Resident 5 years or more and less than 10 years,43,16,0,16,27,7,20
S01011932,Born outside the UK: Resident 10 years or more,12,7,4,3,5,1,4
S01011933,All people in households,631,278,96,182,353,175,178
S01011933,Born in the UK,529,262,88,174,267,163,104
S01011933,Born outside the UK: Total,102,16,8,8,86,12,74
S01011933,Born outside the UK: Resident less than 2 years,25,0,0,0,25,2,23
S01011933,Born outside the UK: Resident 2 years or more and less than 5 years,42,2,0,2,40,3,37
S01011933,Born outside the UK: Resident 5 years or more and less than 10 years,9,0,0,0,9,1,8
S01011933,Born outside the UK: Resident 10 years or more,26,14,8,6,12,6,6
S01011934,All people in households,1091,642,300,342,449,103,346
S01011934,Born in the UK,847,604,284,320,243,88,155
S01011934,Born outside the UK: Total,244,38,16,22,206,15,191
S01011934,Born outside the UK: Resident less than 2 years,79,2,0,2,77,5,72
S01011934,Born outside the UK: Resident 2 years or more and less than 5 years,96,4,1,3,92,1,91
S01011934,Born outside the UK: Resident 5 years or more and less than 10 years,32,8,0,8,24,3,21
S01011934,Born outside the UK: Resident 10 years or more,37,24,15,9,13,6,7
S01011935,All people in households,793,284,133,151,509,130,379
S01011935,Born in the UK,555,257,127,130,298,125,173
S01011935,Born outside the UK: Total,238,27,6,21,211,5,206
S01011935,Born outside the UK: Resident less than 2 years,61,8,2,6,53,0,53
S01011935,Born outside the UK: Resident 2 years or more and less than 5 years,116,5,0,5,111,1,110
S01011935,Born outside the UK: Resident 5 years or more and less than 10 years,34,4,0,4,30,0,30
S01011935,Born outside the UK: Resident 10 years or more,27,10,4,6,17,4,13
S01011936,All people in households,679,349,143,206,330,99,231
S01011936,Born in the UK,577,321,130,191,256,91,165
S01011936,Born outside the UK: Total,102,28,13,15,74,8,66
S01011936,Born outside the UK: Resident less than 2 years,37,5,0,5,32,0,32
S01011936,Born outside the UK: Resident 2 years or more and less than 5 years,27,3,0,3,24,3,21
S01011936,Born outside the UK: Resident 5 years or more and less than 10 years,15,3,1,2,12,4,8
S01011936,Born outside the UK: Resident 10 years or more,23,17,12,5,6,1,5
S01011937,All people in households,667,207,50,157,460,193,267
S01011937,Born in the UK,545,193,48,145,352,183,169
S01011937,Born outside the UK: Total,122,14,2,12,108,10,98
S01011937,Born outside the UK: Resident less than 2 years,62,2,0,2,60,0,60
S01011937,Born outside the UK: Resident 2 years or more and less than 5 years,22,2,0,2,20,1,19
S01011937,Born outside the UK: Resident 5 years or more and less than 10 years,17,4,1,3,13,2,11
S01011937,Born outside the UK: Resident 10 years or more,21,6,1,5,15,7,8
S01011938,All people in households,670,342,148,194,328,92,236
S01011938,Born in the UK,569,320,138,182,249,89,160
S01011938,Born outside the UK: Total,101,22,10,12,79,3,76
S01011938,Born outside the UK: Resident less than 2 years,25,1,1,0,24,0,24
S01011938,Born outside the UK: Resident 2 years or more and less than 5 years,27,1,0,1,26,0,26
S01011938,Born outside the UK: Resident 5 years or more and less than 10 years,21,3,1,2,18,1,17
S01011938,Born outside the UK: Resident 10 years or more,28,17,8,9,11,2,9
S01011939,All people in households,710,253,84,169,457,202,255
S01011939,Born in the UK,602,224,77,147,378,188,190
S01011939,Born outside the UK: Total,108,29,7,22,79,14,65
S01011939,Born outside the UK: Resident less than 2 years,35,0,0,0,35,4,31
S01011939,Born outside the UK: Resident 2 years or more and less than 5 years,28,0,0,0,28,4,24
S01011939,Born outside the UK: Resident 5 years or more and less than 10 years,24,14,3,11,10,2,8
S01011939,Born outside the UK: Resident 10 years or more,21,15,4,11,6,4,2
S01011940,All people in households,441,93,29,64,348,128,220
S01011940,Born in the UK,320,80,27,53,240,124,116
S01011940,Born outside the UK: Total,121,13,2,11,108,4,104
S01011940,Born outside the UK: Resident less than 2 years,37,0,0,0,37,0,37
S01011940,Born outside the UK: Resident 2 years or more and less than 5 years,43,1,0,1,42,2,40
S01011940,Born outside the UK: Resident 5 years or more and less than 10 years,27,5,0,5,22,0,22
S01011940,Born outside the UK: Resident 10 years or more,14,7,2,5,7,2,5
S01011941,All people in households,682,174,54,120,508,74,434
S01011941,Born in the UK,495,159,50,109,336,63,273
S01011941,Born outside the UK: Total,187,15,4,11,172,11,161
S01011941,Born outside the UK: Resident less than 2 years,45,2,1,1,43,0,43
S01011941,Born outside the UK: Resident 2 years or more and less than 5 years,62,3,0,3,59,4,55
S01011941,Born outside the UK: Resident 5 years or more and less than 10 years,57,4,0,4,53,1,52
S01011941,Born outside the UK: Resident 10 years or more,23,6,3,3,17,6,11
S01011942,All people in households,849,265,135,130,584,229,355
S01011942,Born in the UK,677,236,120,116,441,207,234
S01011942,Born outside the UK: Total,172,29,15,14,143,22,121
S01011942,Born outside the UK: Resident less than 2 years,48,3,2,1,45,5,40
S01011942,Born outside the UK: Resident 2 years or more and less than 5 years,56,5,4,1,51,2,49
S01011942,Born outside the UK: Resident 5 years or more and less than 10 years,34,2,0,2,32,10,22
S01011942,Born outside the UK: Resident 10 years or more,34,19,9,10,15,5,10
S01011943,All people in households,1112,278,95,183,834,396,438
S01011943,Born in the UK,890,246,90,156,644,367,277
S01011943,Born outside the UK: Total,222,32,5,27,190,29,161
S01011943,Born outside the UK: Resident less than 2 years,62,6,0,6,56,1,55
S01011943,Born outside the UK: Resident 2 years or more and less than 5 years,77,6,0,6,71,10,61
S01011943,Born outside the UK: Resident 5 years or more and less than 10 years,42,5,0,5,37,8,29
S01011943,Born outside the UK: Resident 10 years or more,41,15,5,10,26,10,16
S01011944,All people in households,444,372,222,150,72,10,62
S01011944,Born in the UK,413,356,214,142,57,2,55
S01011944,Born outside the UK: Total,31,16,8,8,15,8,7
S01011944,Born outside the UK: Resident less than 2 years,7,1,0,1,6,5,1
S01011944,Born outside the UK: Resident 2 years or more and less than 5 years,9,2,0,2,7,2,5
S01011944,Born outside the UK: Resident 5 years or more and less than 10 years,1,0,0,0,1,1,0
S01011944,Born outside the UK: Resident 10 years or more,14,13,8,5,1,0,1
S01011945,All people in households,767,725,409,316,42,13,29
S01011945,Born in the UK,740,703,395,308,37,10,27
S01011945,Born outside the UK: Total,27,22,14,8,5,3,2
S01011945,Born outside the UK: Resident less than 2 years,0,0,0,0,0,0,0
S01011945,Born outside the UK: Resident 2 years or more and less than 5 years,2,1,1,0,1,0,1
S01011945,Born outside the UK: Resident 5 years or more and less than 10 years,1,1,1,0,0,0,0
S01011945,Born outside the UK: Resident 10 years or more,24,20,12,8,4,3,1
S01011946,All people in households,789,502,247,255,287,211,76
S01011946,Born in the UK,744,483,238,245,261,209,52
S01011946,Born outside the UK: Total,45,19,9,10,26,2,24
S01011946,Born outside the UK: Resident less than 2 years,4,0,0,0,4,0,4
S01011946,Born outside the UK: Resident 2 years or more and less than 5 years,15,0,0,0,15,0,15
S01011946,Born outside the UK: Resident 5 years or more and less than 10 years,8,3,0,3,5,0,5
S01011946,Born outside the UK: Resident 10 years or more,18,16,9,7,2,2,0
S01011947,All people in households,490,82,29,53,408,89,319
S01011947,Born in the UK,468,73,28,45,395,87,308
S01011947,Born outside the UK: Total,22,9,1,8,13,2,11
S01011947,Born outside the UK: Resident less than 2 years,3,0,0,0,3,0,3
S01011947,Born outside the UK: Resident 2 years or more and less than 5 years,1,1,0,1,0,0,0
S01011947,Born outside the UK: Resident 5 years or more and less than 10 years,2,1,0,1,1,0,1
S01011947,Born outside the UK: Resident 10 years or more,16,7,1,6,9,2,7
S01011948,All people in households,1042,710,376,334,332,187,145
S01011948,Born in the UK,985,680,359,321,305,172,133
S01011948,Born outside the UK: Total,57,30,17,13,27,15,12
S01011948,Born outside the UK: Resident less than 2 years,6,0,0,0,6,2,4
S01011948,Born outside the UK: Resident 2 years or more and less than 5 years,9,0,0,0,9,5,4
S01011948,Born outside the UK: Resident 5 years or more and less than 10 years,5,4,0,4,1,0,1
S01011948,Born outside the UK: Resident 10 years or more,37,26,17,9,11,8,3
S01011949,All people in households,825,760,504,256,65,17,48
S01011949,Born in the UK,802,739,492,247,63,16,47
S01011949,Born outside the UK: Total,23,21,12,9,2,1,1
S01011949,Born outside the UK: Resident less than 2 years,2,2,1,1,0,0,0
S01011949,Born outside the UK: Resident 2 years or more and less than 5 years,0,0,0,0,0,0,0
S01011949,Born outside the UK: Resident 5 years or more and less than 10 years,2,2,0,2,0,0,0
S01011949,Born outside the UK: Resident 10 years or more,19,17,11,6,2,1,1
S01011950,All people in households,738,549,297,252,189,130,59
S01011950,Born in the UK,707,527,281,246,180,125,55
S01011950,Born outside the UK: Total,31,22,16,6,9,5,4
S01011950,Born outside the UK: Resident less than 2 years,3,1,1,0,2,1,1
S01011950,Born outside the UK: Resident 2 years or more and less than 5 years,0,0,0,0,0,0,0
S01011950,Born outside the UK: Resident 5 years or more and less than 10 years,3,1,1,0,2,1,1
S01011950,Born outside the UK: Resident 10 years or more,25,20,14,6,5,3,2
S01011951,All people in households,678,514,214,300,164,65,99
S01011951,Born in the UK,656,504,211,293,152,58,94
S01011951,Born outside the UK: Total,22,10,3,7,12,7,5
S01011951,Born outside the UK: Resident less than 2 years,0,0,0,0,0,0,0
S01011951,Born outside the UK: Resident 2 years or more and less than 5 years,3,1,0,1,2,2,0
S01011951,Born outside the UK: Resident 5 years or more and less than 10 years,6,1,0,1,5,4,1
S01011951,Born outside the UK: Resident 10 years or more,13,8,3,5,5,1,4
S01011952,All people in households,498,469,176,293,29,1,28
S01011952,Born in the UK,484,457,172,285,27,1,26
S01011952,Born outside the UK: Total,14,12,4,8,2,0,2
S01011952,Born outside the UK: Resident less than 2 years,1,1,0,1,0,0,0
S01011952,Born outside the UK: Resident 2 years or more and less than 5 years,0,0,0,0,0,0,0
S01011952,Born outside the UK: Resident 5 years or more and less than 10 years,1,1,1,0,0,0,0
S01011952,Born outside the UK: Resident 10 years or more,12,10,3,7,2,0,2
S01011953,All people in households,754,653,280,373,101,10,91
S01011953,Born in the UK,724,625,264,361,99,10,89
S01011953,Born outside the UK: Total,30,28,16,12,2,0,2
S01011953,Born outside the UK: Resident less than 2 years,4,4,4,0,0,0,0
S01011953,Born outside the UK: Resident 2 years or more and less than 5 years,2,1,0,1,1,0,1
S01011953,Born outside the UK: Resident 5 years or more and less than 10 years,0,0,0,0,0,0,0
S01011953,Born outside the UK: Resident 10 years or more,24,23,12,11,1,0,1
S01011954,All people in households,492,318,100,218,174,130,44
S01011954,Born in the UK,473,315,98,217,158,121,37
S01011954,Born outside the UK: Total,19,3,2,1,16,9,7
S01011954,Born outside the UK: Resident less than 2 years,5,0,0,0,5,1,4
S01011954,Born outside the UK: Resident 2 years or more and less than 5 years,5,1,1,0,4,3,1
S01011954,Born outside the UK: Resident 5 years or more and less than 10 years,0,0,0,0,0,0,0
S01011954,Born outside the UK: Resident 10 years or more,9,2,1,1,7,5,2
S01011955,All people in households,959,672,299,373,287,161,126
S01011955,Born in the UK,927,655,290,365,272,159,113
S01011955,Born outside the UK: Total,32,17,9,8,15,2,13
S01011955,Born outside the UK: Resident less than 2 years,0,0,0,0,0,0,0
S01011955,Born outside the UK: Resident 2 years or more and less than 5 years,3,1,0,1,2,0,2
S01011955,Born outside the UK: Resident 5 years or more and less than 10 years,11,4,1,3,7,0,7
S01011955,Born outside the UK: Resident 10 years or more,18,12,8,4,6,2,4
S01011956,All people in households,1033,910,299,611,123,46,77
S01011956,Born in the UK,984,876,286,590,108,44,64
S01011956,Born outside the UK: Total,49,34,13,21,15,2,13
S01011956,Born outside the UK: Resident less than 2 years,2,2,2,0,0,0,0
S01011956,Born outside the UK: Resident 2 years or more and less than 5 years,12,8,5,3,4,0,4
S01011956,Born outside the UK: Resident 5 years or more and less than 10 years,7,2,1,1,5,0,5
S01011956,Born outside the UK: Resident 10 years or more,28,22,5,17,6,2,4
S01011957,All people in households,742,435,193,242,307,59,248
S01011957,Born in the UK,689,415,187,228,274,57,217
S01011957,Born outside the UK: Total,53,20,6,14,33,2,31
S01011957,Born outside the UK: Resident less than 2 years,13,1,0,1,12,0,12
S01011957,Born outside the UK: Resident 2 years or more and less than 5 years,8,0,0,0,8,0,8
S01011957,Born outside the UK: Resident 5 years or more and less than 10 years,4,1,1,0,3,0,3
S01011957,Born outside the UK: Resident 10 years or more,28,18,5,13,10,2,8
S01011958,All people in households,1060,686,367,319,374,70,304
S01011958,Born in the UK,1027,673,357,316,354,68,286
S01011958,Born outside the UK: Total,33,13,10,3,20,2,18
S01011958,Born outside the UK: Resident less than 2 years,1,1,1,0,0,0,0
S01011958,Born outside the UK: Resident 2 years or more and less than 5 years,6,0,0,0,6,2,4
S01011958,Born outside the UK: Resident 5 years or more and less than 10 years,5,0,0,0,5,0,5
S01011958,Born outside the UK: Resident 10 years or more,21,12,9,3,9,0,9
S01011959,All people in households,854,626,296,330,228,48,180
S01011959,Born in the UK,818,602,283,319,216,46,170
S01011959,Born outside the UK: Total,36,24,13,11,12,2,10
S01011959,Born outside the UK: Resident less than 2 years,1,1,1,0,0,0,0
S01011959,Born outside the UK: Resident 2 years or more and less than 5 years,8,5,0,5,3,0,3
S01011959,Born outside the UK: Resident 5 years or more and less than 10 years,7,5,2,3,2,0,2
S01011959,Born outside the UK: Resident 10 years or more,20,13,10,3,7,2,5
S01011960,All people in households,798,623,201,422,175,9,166
S01011960,Born in the UK,749,599,195,404,150,9,141
S01011960,Born outside the UK: Total,49,24,6,18,25,0,25
S01011960,Born outside the UK: Resident less than 2 years,11,4,3,1,7,0,7
S01011960,Born outside the UK: Resident 2 years or more and less than 5 years,8,2,0,2,6,0,6
S01011960,Born outside the UK: Resident 5 years or more and less than 10 years,6,2,0,2,4,0,4
S01011960,Born outside the UK: Resident 10 years or more,24,16,3,13,8,0,8
S01011961,All people in households,734,557,157,400,177,106,71
S01011961,Born in the UK,705,535,153,382,170,103,67
S01011961,Born outside the UK: Total,29,22,4,18,7,3,4
S01011961,Born outside the UK: Resident less than 2 years,4,4,0,4,0,0,0
S01011961,Born outside the UK: Resident 2 years or more and less than 5 years,2,0,0,0,2,0,2
S01011961,Born outside the UK: Resident 5 years or more and less than 10 years,2,0,0,0,2,0,2
S01011961,Born outside the UK: Resident 10 years or more,21,18,4,14,3,3,0
S01011962,All people in households,688,599,203,396,89,6,83
S01011962,Born in the UK,656,578,196,382,78,6,72
S01011962,Born outside the UK: Total,32,21,7,14,11,0,11
S01011962,Born outside the UK: Resident less than 2 years,2,0,0,0,2,0,2
S01011962,Born outside the UK: Resident 2 years or more and less than 5 years,11,7,0,7,4,0,4
S01011962,Born outside the UK: Resident 5 years or more and less than 10 years,4,2,0,2,2,0,2
S01011962,Born outside the UK: Resident 10 years or more,15,12,7,5,3,0,3
S01011963,All people in households,522,419,100,319,103,89,14
S01011963,Born in the UK,499,404,96,308,95,85,10
S01011963,Born outside the UK: Total,23,15,4,11,8,4,4
S01011963,Born outside the UK: Resident less than 2 years,2,1,0,1,1,0,1
S01011963,Born outside the UK: Resident 2 years or more and less than 5 years,2,1,0,1,1,0,1
S01011963,Born outside the UK: Resident 5 years or more and less than 10 years,8,4,1,3,4,3,1
S01011963,Born outside the UK: Resident 10 years or more,11,9,3,6,2,1,1
S01011964,All people in households,980,735,297,438,245,46,199
S01011964,Born in the UK,926,712,289,423,214,46,168
S01011964,Born outside the UK: Total,54,23,8,15,31,0,31
S01011964,Born outside the UK: Resident less than 2 years,8,0,0,0,8,0,8
S01011964,Born outside the UK: Resident 2 years or more and less than 5 years,13,0,0,0,13,0,13
S01011964,Born outside the UK: Resident 5 years or more and less than 10 years,10,5,0,5,5,0,5
S01011964,Born outside the UK: Resident 10 years or more,23,18,8,10,5,0,5
S01011965,All people in households,797,647,310,337,150,95,55
S01011965,Born in the UK,774,633,304,329,141,95,46
S01011965,Born outside the UK: Total,23,14,6,8,9,0,9
S01011965,Born outside the UK: Resident less than 2 years,3,0,0,0,3,0,3
S01011965,Born outside the UK: Resident 2 years or more and less than 5 years,8,3,3,0,5,0,5
S01011965,Born outside the UK: Resident 5 years or more and less than 10 years,1,0,0,0,1,0,1
S01011965,Born outside the UK: Resident 10 years or more,11,11,3,8,0,0,0
S01011966,All people in households,840,708,286,422,132,60,72
S01011966,Born in the UK,789,674,278,396,115,60,55
S01011966,Born outside the UK: Total,51,34,8,26,17,0,17
S01011966,Born outside the UK: Resident less than 2 years,8,5,0,5,3,0,3
S01011966,Born outside the UK: Resident 2 years or more and less than 5 years,9,2,0,2,7,0,7
S01011966,Born outside the UK: Resident 5 years or more and less than 10 years,7,4,0,4,3,0,3
S01011966,Born outside the UK: Resident 10 years or more,27,23,8,15,4,0,4
S01011967,All people in households,997,745,335,410,252,56,196
S01011967,Born in the UK,950,725,327,398,225,55,170
S01011967,Born outside the UK: Total,47,20,8,12,27,1,26
S01011967,Born outside the UK: Resident less than 2 years,4,0,0,0,4,0,4
S01011967,Born outside the UK: Resident 2 years or more and less than 5 years,12,1,0,1,11,0,11
S01011967,Born outside the UK: Resident 5 years or more and less than 10 years,8,3,0,3,5,0,5
S01011967,Born outside the UK: Resident 10 years or more,23,16,8,8,7,1,6
S01011968,All people in households,996,725,297,428,271,80,191
S01011968,Born in the UK,930,687,285,402,243,77,166
S01011968,Born outside the UK: Total,66,38,12,26,28,3,25
S01011968,Born outside the UK: Resident less than 2 years,10,0,0,0,10,2,8
S01011968,Born outside the UK: Resident 2 years or more and less than 5 years,5,1,1,0,4,0,4
S01011968,Born outside the UK: Resident 5 years or more and less than 10 years,17,8,0,8,9,0,9
S01011968,Born outside the UK: Resident 10 years or more,34,29,11,18,5,1,4
S01011969,All people in households,1045,690,298,392,355,236,119
S01011969,Born in the UK,1012,673,293,380,339,229,110
S01011969,Born outside the UK: Total,33,17,5,12,16,7,9
S01011969,Born outside the UK: Resident less than 2 years,5,1,0,1,4,0,4
S01011969,Born outside the UK: Resident 2 years or more and less than 5 years,3,1,0,1,2,0,2
S01011969,Born outside the UK: Resident 5 years or more and less than 10 years,8,1,0,1,7,5,2
S01011969,Born outside the UK: Resident 10 years or more,17,14,5,9,3,2,1
S01011970,All people in households,990,476,172,304,514,389,125
S01011970,Born in the UK,889,451,166,285,438,355,83
S01011970,Born outside the UK: Total,101,25,6,19,76,34,42
S01011970,Born outside the UK: Resident less than 2 years,24,8,0,8,16,6,10
S01011970,Born outside the UK: Resident 2 years or more and less than 5 years,34,1,0,1,33,11,22
S01011970,Born outside the UK: Resident 5 years or more and less than 10 years,30,6,1,5,24,16,8
S01011970,Born outside the UK: Resident 10 years or more,13,10,5,5,3,1,2
S01011971,All people in households,576,483,195,288,93,24,69
S01011971,Born in the UK,549,470,189,281,79,18,61
S01011971,Born outside the UK: Total,27,13,6,7,14,6,8
S01011971,Born outside the UK: Resident less than 2 years,0,0,0,0,0,0,0
S01011971,Born outside the UK: Resident 2 years or more and less than 5 years,5,0,0,0,5,3,2
S01011971,Born outside the UK: Resident 5 years or more and less than 10 years,3,1,0,1,2,0,2
S01011971,Born outside the UK: Resident 10 years or more,19,12,6,6,7,3,4
S01011972,All people in households,1115,713,373,340,402,50,352
S01011972,Born in the UK,1067,691,364,327,376,50,326
S01011972,Born outside the UK: Total,48,22,9,13,26,0,26
S01011972,Born outside the UK: Resident less than 2 years,7,2,1,1,5,0,5
S01011972,Born outside the UK: Resident 2 years or more and less than 5 years,8,3,1,2,5,0,5
S01011972,Born outside the UK: Resident 5 years or more and less than 10 years,5,1,0,1,4,0,4
S01011972,Born outside the UK: Resident 10 years or more,28,16,7,9,12,0,12
S01011973,All people in households,621,459,201,258,162,82,80
S01011973,Born in the UK,598,443,195,248,155,79,76
S01011973,Born outside the UK: Total,23,16,6,10,7,3,4
S01011973,Born outside the UK: Resident less than 2 years,1,0,0,0,1,0,1
S01011973,Born outside the UK: Resident 2 years or more and less than 5 years,2,1,0,1,1,0,1
S01011973,Born outside the UK: Resident 5 years or more and less than 10 years,6,3,0,3,3,2,1
S01011973,Born outside the UK: Resident 10 years or more,14,12,6,6,2,1,1
S01011974,All people in households,738,628,263,365,110,23,87
S01011974,Born in the UK,696,593,239,354,103,21,82
S01011974,Born outside the UK: Total,42,35,24,11,7,2,5
S01011974,Born outside the UK: Resident less than 2 years,3,3,0,3,0,0,0
S01011974,Born outside the UK: Resident 2 years or more and less than 5 years,5,2,1,1,3,0,3
S01011974,Born outside the UK: Resident 5 years or more and less than 10 years,3,2,2,0,1,0,1
S01011974,Born outside the UK: Resident 10 years or more,31,28,21,7,3,2,1
S01011975,All people in households,452,326,149,177,126,41,85
S01011975,Born in the UK,435,314,140,174,121,40,81
S01011975,Born outside the UK: Total,17,12,9,3,5,1,4
S01011975,Born outside the UK: Resident less than 2 years,1,0,0,0,1,0,1
S01011975,Born outside the UK: Resident 2 years or more and less than 5 years,1,0,0,0,1,0,1
S01011975,Born outside the UK: Resident 5 years or more and less than 10 years,1,1,1,0,0,0,0
S01011975,Born outside the UK: Resident 10 years or more,14,11,8,3,3,1,2
S01011976,All people in households,779,575,255,320,204,78,126
S01011976,Born in the UK,747,553,244,309,194,77,117
S01011976,Born outside the UK: Total,32,22,11,11,10,1,9
S01011976,Born outside the UK: Resident less than 2 years,2,2,0,2,0,0,0
S01011976,Born outside the UK: Resident 2 years or more and less than 5 years,2,1,0,1,1,1,0
S01011976,Born outside the UK: Resident 5 years or more and less than 10 years,6,0,0,0,6,0,6
S01011976,Born outside the UK: Resident 10 years or more,22,19,11,8,3,0,3
S01011977,All people in households,1111,683,324,359,428,248,180
S01011977,Born in the UK,1055,653,314,339,402,238,164
S01011977,Born outside the UK: Total,56,30,10,20,26,10,16
S01011977,Born outside the UK: Resident less than 2 years,9,4,2,2,5,0,5
S01011977,Born outside the UK: Resident 2 years or more and less than 5 years,6,1,0,1,5,3,2
S01011977,Born outside the UK: Resident 5 years or more and less than 10 years,7,3,0,3,4,2,2
S01011977,Born outside the UK: Resident 10 years or more,34,22,8,14,12,5,7
S01011978,All people in households,693,445,222,223,248,172,76
S01011978,Born in the UK,667,431,210,221,236,169,67
S01011978,Born outside the UK: Total,26,14,12,2,12,3,9
S01011978,Born outside the UK: Resident less than 2 years,1,1,1,0,0,0,0
S01011978,Born outside the UK: Resident 2 years or more and less than 5 years,5,0,0,0,5,1,4
S01011978,Born outside the UK: Resident 5 years or more and less than 10 years,4,0,0,0,4,0,4
S01011978,Born outside the UK: Resident 10 years or more,16,13,11,2,3,2,1
S01011979,All people in households,947,770,312,458,177,43,134
S01011979,Born in the UK,907,737,303,434,170,43,127
S01011979,Born outside the UK: Total,40,33,9,24,7,0,7
S01011979,Born outside the UK: Resident less than 2 years,4,1,0,1,3,0,3
S01011979,Born outside the UK: Resident 2 years or more and less than 5 years,3,2,0,2,1,0,1
S01011979,Born outside the UK: Resident 5 years or more and less than 10 years,5,5,1,4,0,0,0
S01011979,Born outside the UK: Resident 10 years or more,28,25,8,17,3,0,3
S01011980,All people in households,401,270,173,97,131,11,120
S01011980,Born in the UK,385,259,168,91,126,11,115
S01011980,Born outside the UK: Total,16,11,5,6,5,0,5
S01011980,Born outside the UK: Resident less than 2 years,3,0,0,0,3,0,3
S01011980,Born outside the UK: Resident 2 years or more and less than 5 years,0,0,0,0,0,0,0
S01011980,Born outside the UK: Resident 5 years or more and less than 10 years,0,0,0,0,0,0,0
S01011980,Born outside the UK: Resident 10 years or more,13,11,5,6,2,0,2
S01011981,All people in households,890,482,263,219,408,56,352
S01011981,Born in the UK,829,455,249,206,374,53,321
S01011981,Born outside the UK: Total,61,27,14,13,34,3,31
S01011981,Born outside the UK: Resident less than 2 years,5,3,1,2,2,0,2
S01011981,Born outside the UK: Resident 2 years or more and less than 5 years,6,2,2,0,4,0,4
S01011981,Born outside the UK: Resident 5 years or more and less than 10 years,12,2,2,0,10,1,9
S01011981,Born outside the UK: Resident 10 years or more,38,20,9,11,18,2,16
S01011982,All people in households,940,506,274,232,434,25,409
S01011982,Born in the UK,882,477,262,215,405,20,385
S01011982,Born outside the UK: Total,58,29,12,17,29,5,24
S01011982,Born outside the UK: Resident less than 2 years,9,2,2,0,7,0,7
S01011982,Born outside the UK: Resident 2 years or more and less than 5 years,6,1,1,0,5,1,4
S01011982,Born outside the UK: Resident 5 years or more and less than 10 years,12,3,1,2,9,4,5
S01011982,Born outside the UK: Resident 10 years or more,31,23,8,15,8,0,8
S01011983,All people in households,695,429,269,160,266,93,173
S01011983,Born in the UK,647,408,261,147,239,86,153
S01011983,Born outside the UK: Total,48,21,8,13,27,7,20
S01011983,Born outside the UK: Resident less than 2 years,8,0,0,0,8,0,8
S01011983,Born outside the UK: Resident 2 years or more and less than 5 years,9,3,0,3,6,3,3
S01011983,Born outside the UK: Resident 5 years or more and less than 10 years,8,4,0,4,4,2,2
S01011983,Born outside the UK: Resident 10 years or more,23,14,8,6,9,2,7
S01011984,All people in households,676,277,111,166,399,349,50
S01011984,Born in the UK,603,250,105,145,353,316,37
S01011984,Born outside the UK: Total,73,27,6,21,46,33,13
S01011984,Born outside the UK: Resident less than 2 years,19,9,1,8,10,6,4
S01011984,Born outside the UK: Resident 2 years or more and less than 5 years,12,0,0,0,12,7,5
S01011984,Born outside the UK: Resident 5 years or more and less than 10 years,27,9,0,9,18,15,3
S01011984,Born outside the UK: Resident 10 years or more,15,9,5,4,6,5,1
S01011985,All people in households,662,528,230,298,134,31,103
S01011985,Born in the UK,620,509,217,292,111,27,84
S01011985,Born outside the UK: Total,42,19,13,6,23,4,19
S01011985,Born outside the UK: Resident less than 2 years,6,0,0,0,6,0,6
S01011985,Born outside the UK: Resident 2 years or more and less than 5 years,6,0,0,0,6,0,6
S01011985,Born outside the UK: Resident 5 years or more and less than 10 years,14,5,3,2,9,4,5
S01011985,Born outside the UK: Resident 10 years or more,16,14,10,4,2,0,2
S01011986,All people in households,664,246,84,162,418,351,67
S01011986,Born in the UK,608,216,75,141,392,328,64
S01011986,Born outside the UK: Total,56,30,9,21,26,23,3
S01011986,Born outside the UK: Resident less than 2 years,7,3,0,3,4,1,3
S01011986,Born outside the UK: Resident 2 years or more and less than 5 years,19,9,1,8,10,10,0
S01011986,Born outside the UK: Resident 5 years or more and less than 10 years,18,6,1,5,12,12,0
S01011986,Born outside the UK: Resident 10 years or more,12,12,7,5,0,0,0
S01011987,All people in households,948,612,241,371,336,255,81
S01011987,Born in the UK,905,589,231,358,316,245,71
S01011987,Born outside the UK: Total,43,23,10,13,20,10,10
S01011987,Born outside the UK: Resident less than 2 years,6,3,2,1,3,0,3
S01011987,Born outside the UK: Resident 2 years or more and less than 5 years,5,0,0,0,5,3,2
S01011987,Born outside the UK: Resident 5 years or more and less than 10 years,9,2,0,2,7,4,3
S01011987,Born outside the UK: Resident 10 years or more,23,18,8,10,5,3,2
S01011988,All people in households,620,566,295,271,54,15,39
S01011988,Born in the UK,597,548,290,258,49,14,35
S01011988,Born outside the UK: Total,23,18,5,13,5,1,4
S01011988,Born outside the UK: Resident less than 2 years,3,0,0,0,3,0,3
S01011988,Born outside the UK: Resident 2 years or more and less than 5 years,3,3,0,3,0,0,0
S01011988,Born outside the UK: Resident 5 years or more and less than 10 years,2,2,0,2,0,0,0
S01011988,Born outside the UK: Resident 10 years or more,15,13,5,8,2,1,1
S01011989,All people in households,866,712,277,435,154,80,74
S01011989,Born in the UK,838,691,273,418,147,79,68
S01011989,Born outside the UK: Total,28,21,4,17,7,1,6
S01011989,Born outside the UK: Resident less than 2 years,1,0,0,0,1,0,1
S01011989,Born outside the UK: Resident 2 years or more and less than 5 years,4,3,0,3,1,0,1
S01011989,Born outside the UK: Resident 5 years or more and less than 10 years,8,5,1,4,3,0,3
S01011989,Born outside the UK: Resident 10 years or more,15,13,3,10,2,1,1
S01011990,All people in households,750,651,384,267,99,27,72
S01011990,Born in the UK,712,625,369,256,87,23,64
S01011990,Born outside the UK: Total,38,26,15,11,12,4,8
S01011990,Born outside the UK: Resident less than 2 years,5,0,0,0,5,0,5
S01011990,Born outside the UK: Resident 2 years or more and less than 5 years,2,1,0,1,1,0,1
S01011990,Born outside the UK: Resident 5 years or more and less than 10 years,8,4,0,4,4,4,0
S01011990,Born outside the UK: Resident 10 years or more,23,21,15,6,2,0,2
S01011991,All people in households,703,530,221,309,173,118,55
S01011991,Born in the UK,682,511,214,297,171,118,53
S01011991,Born outside the UK: Total,21,19,7,12,2,0,2
S01011991,Born outside the UK: Resident less than 2 years,2,2,1,1,0,0,0
S01011991,Born outside the UK: Resident 2 years or more and less than 5 years,3,1,1,0,2,0,2
S01011991,Born outside the UK: Resident 5 years or more and less than 10 years,4,4,0,4,0,0,0
S01011991,Born outside the UK: Resident 10 years or more,12,12,5,7,0,0,0
S01011992,All people in households,962,798,433,365,164,17,147
S01011992,Born in the UK,901,754,409,345,147,17,130
S01011992,Born outside the UK: Total,61,44,24,20,17,0,17
S01011992,Born outside the UK: Resident less than 2 years,7,1,0,1,6,0,6
S01011992,Born outside the UK: Resident 2 years or more and less than 5 years,4,3,0,3,1,0,1
S01011992,Born outside the UK: Resident 5 years or more and less than 10 years,6,5,0,5,1,0,1
S01011992,Born outside the UK: Resident 10 years or more,44,35,24,11,9,0,9
S01011993,All people in households,838,349,133,216,489,238,251
S01011993,Born in the UK,728,320,125,195,408,231,177
S01011993,Born outside the UK: Total,110,29,8,21,81,7,74
S01011993,Born outside the UK: Resident less than 2 years,32,1,1,0,31,2,29
S01011993,Born outside the UK: Resident 2 years or more and less than 5 years,36,7,1,6,29,1,28
S01011993,Born outside the UK: Resident 5 years or more and less than 10 years,25,12,2,10,13,0,13
S01011993,Born outside the UK: Resident 10 years or more,17,9,4,5,8,4,4
S01011994,All people in households,676,635,425,210,41,11,30
S01011994,Born in the UK,635,600,396,204,35,11,24
S01011994,Born outside the UK: Total,41,35,29,6,6,0,6
S01011994,Born outside the UK: Resident less than 2 years,5,3,3,0,2,0,2
S01011994,Born outside the UK: Resident 2 years or more and less than 5 years,0,0,0,0,0,0,0
S01011994,Born outside the UK: Resident 5 years or more and less than 10 years,7,4,3,1,3,0,3
S01011994,Born outside the UK: Resident 10 years or more,29,28,23,5,1,0,1
S01011995,All people in households,806,611,278,333,195,19,176
S01011995,Born in the UK,775,590,266,324,185,18,167
S01011995,Born outside the UK: Total,31,21,12,9,10,1,9
S01011995,Born outside the UK: Resident less than 2 years,3,3,1,2,0,0,0
S01011995,Born outside the UK: Resident 2 years or more and less than 5 years,2,1,1,0,1,0,1
S01011995,Born outside the UK: Resident 5 years or more and less than 10 years,7,1,0,1,6,1,5
S01011995,Born outside the UK: Resident 10 years or more,19,16,10,6,3,0,3
S01011996,All people in households,555,330,134,196,225,162,63
S01011996,Born in the UK,523,311,125,186,212,155,57
S01011996,Born outside the UK: Total,32,19,9,10,13,7,6
S01011996,Born outside the UK: Resident less than 2 years,4,0,0,0,4,0,4
S01011996,Born outside the UK: Resident 2 years or more and less than 5 years,3,3,2,1,0,0,0
S01011996,Born outside the UK: Resident 5 years or more and less than 10 years,4,3,1,2,1,0,1
S01011996,Born outside the UK: Resident 10 years or more,21,13,6,7,8,7,1
S01011997,All people in households,886,574,220,354,312,199,113
S01011997,Born in the UK,856,559,218,341,297,195,102
S01011997,Born outside the UK: Total,30,15,2,13,15,4,11
S01011997,Born outside the UK: Resident less than 2 years,0,0,0,0,0,0,0
S01011997,Born outside the UK: Resident 2 years or more and less than 5 years,5,1,0,1,4,0,4
S01011997,Born outside the UK: Resident 5 years or more and less than 10 years,7,0,0,0,7,0,7
S01011997,Born outside the UK: Resident 10 years or more,18,14,2,12,4,4,0
S01011998,All people in households,545,477,194,283,68,19,49
S01011998,Born in the UK,523,462,188,274,61,19,42
S01011998,Born outside the UK: Total,22,15,6,9,7,0,7
S01011998,Born outside the UK: Resident less than 2 years,1,1,0,1,0,0,0
S01011998,Born outside the UK: Resident 2 years or more and less than 5 years,8,3,0,3,5,0,5
S01011998,Born outside the UK: Resident 5 years or more and less than 10 years,1,1,0,1,0,0,0
S01011998,Born outside the UK: Resident 10 years or more,12,10,6,4,2,0,2
S01011999,All people in households,621,342,136,206,279,37,242
S01011999,Born in the UK,594,328,131,197,266,36,230
S01011999,Born outside the UK: Total,27,14,5,9,13,1,12
S01011999,Born outside the UK: Resident less than 2 years,2,0,0,0,2,0,2
S01011999,Born outside the UK: Resident 2 years or more and less than 5 years,1,0,0,0,1,0,1
S01011999,Born outside the UK: Resident 5 years or more and less than 10 years,3,2,1,1,1,0,1
S01011999,Born outside the UK: Resident 10 years or more,21,12,4,8,9,1,8
S01012000,All people in households,454,380,152,228,74,19,55
S01012000,Born in the UK,443,371,148,223,72,17,55
S01012000,Born outside the UK: Total,11,9,4,5,2,2,0
S01012000,Born outside the UK: Resident less than 2 years,0,0,0,0,0,0,0
S01012000,Born outside the UK: Resident 2 years or more and less than 5 years,1,0,0,0,1,1,0
S01012000,Born outside the UK: Resident 5 years or more and less than 10 years,1,0,0,0,1,1,0
S01012000,Born outside the UK: Resident 10 years or more,9,9,4,5,0,0,0
S01012001,All people in households,635,462,166,296,173,111,62
S01012001,Born in the UK,613,450,160,290,163,108,55
S01012001,Born outside the UK: Total,22,12,6,6,10,3,7
S01012001,Born outside the UK: Resident less than 2 years,1,1,0,1,0,0,0
S01012001,Born outside the UK: Resident 2 years or more and less than 5 years,8,1,1,0,7,1,6
S01012001,Born outside the UK: Resident 5 years or more and less than 10 years,1,1,0,1,0,0,0
S01012001,Born outside the UK: Resident 10 years or more,12,9,5,4,3,2,1
S01012002,All people in households,539,410,177,233,129,97,32
S01012002,Born in the UK,526,400,172,228,126,94,32
S01012002,Born outside the UK: Total,13,10,5,5,3,3,0
S01012002,Born outside the UK: Resident less than 2 years,0,0,0,0,0,0,0
S01012002,Born outside the UK: Resident 2 years or more and less than 5 years,0,0,0,0,0,0,0
S01012002,Born outside the UK: Resident 5 years or more and less than 10 years,1,1,0,1,0,0,0
S01012002,Born outside the UK: Resident 10 years or more,12,9,5,4,3,3,0
S01012003,All people in households,533,385,188,197,148,60,88
S01012003,Born in the UK,523,376,184,192,147,60,87
S01012003,Born outside the UK: Total,10,9,4,5,1,0,1
S01012003,Born outside the UK: Resident less than 2 years,0,0,0,0,0,0,0
S01012003,Born outside the UK: Resident 2 years or more and less than 5 years,0,0,0,0,0,0,0
S01012003,Born outside the UK: Resident 5 years or more and less than 10 years,1,1,0,1,0,0,0
S01012003,Born outside the UK: Resident 10 years or more,9,8,4,4,1,0,1
S01012004,All people in households,846,669,321,348,177,105,72
S01012004,Born in the UK,816,654,314,340,162,105,57
S01012004,Born outside the UK: Total,30,15,7,8,15,0,15
S01012004,Born outside the UK: Resident less than 2 years,7,1,0,1,6,0,6
S01012004,Born outside the UK: Resident 2 years or more and less than 5 years,5,0,0,0,5,0,5
S01012004,Born outside the UK: Resident 5 years or more and less than 10 years,5,3,0,3,2,0,2
S01012004,Born outside the UK: Resident 10 years or more,13,11,7,4,2,0,2
S01012005,All people in households,877,771,260,511,106,73,33
S01012005,Born in the UK,843,750,255,495,93,70,23
S01012005,Born outside the UK: Total,34,21,5,16,13,3,10
S01012005,Born outside the UK: Resident less than 2 years,5,1,0,1,4,0,4
S01012005,Born outside the UK: Resident 2 years or more and less than 5 years,4,0,0,0,4,0,4
S01012005,Born outside the UK: Resident 5 years or more and less than 10 years,4,0,0,0,4,3,1
S01012005,Born outside the UK: Resident 10 years or more,21,20,5,15,1,0,1
S01012006,All people in households,624,358,170,188,266,19,247
S01012006,Born in the UK,576,336,159,177,240,18,222
S01012006,Born outside the UK: Total,48,22,11,11,26,1,25
S01012006,Born outside the UK: Resident less than 2 years,7,3,2,1,4,0,4
S01012006,Born outside the UK: Resident 2 years or more and less than 5 years,4,0,0,0,4,0,4
S01012006,Born outside the UK: Resident 5 years or more and less than 10 years,6,1,0,1,5,0,5
S01012006,Born outside the UK: Resident 10 years or more,31,18,9,9,13,1,12
S01012007,All people in households,790,543,286,257,247,98,149
S01012007,Born in the UK,707,495,260,235,212,94,118
S01012007,Born outside the UK: Total,83,48,26,22,35,4,31
S01012007,Born outside the UK: Resident less than 2 years,11,6,1,5,5,0,5
S01012007,Born outside the UK: Resident 2 years or more and less than 5 years,24,7,3,4,17,1,16
S01012007,Born outside the UK: Resident 5 years or more and less than 10 years,8,5,0,5,3,0,3
S01012007,Born outside the UK: Resident 10 years or more,40,30,22,8,10,3,7
S01012008,All people in households,901,543,270,273,358,152,206
S01012008,Born in the UK,834,511,255,256,323,143,180
S01012008,Born outside the UK: Total,67,32,15,17,35,9,26
S01012008,Born outside the UK: Resident less than 2 years,4,0,0,0,4,0,4
S01012008,Born outside the UK: Resident 2 years or more and less than 5 years,5,0,0,0,5,0,5
S01012008,Born outside the UK: Resident 5 years or more and less than 10 years,18,8,1,7,10,5,5
S01012008,Born outside the UK: Resident 10 years or more,40,24,14,10,16,4,12
S01012009,All people in households,642,344,182,162,298,115,183
S01012009,Born in the UK,595,314,167,147,281,115,166
S01012009,Born outside the UK: Total,47,30,15,15,17,0,17
S01012009,Born outside the UK: Resident less than 2 years,15,10,6,4,5,0,5
S01012009,Born outside the UK: Resident 2 years or more and less than 5 years,6,1,1,0,5,0,5
S01012009,Born outside the UK: Resident 5 years or more and less than 10 years,7,4,0,4,3,0,3
S01012009,Born outside the UK: Resident 10 years or more,19,15,8,7,4,0,4
S01012010,All people in households,1079,787,445,342,292,87,205
S01012010,Born in the UK,950,738,428,310,212,85,127
S01012010,Born outside the UK: Total,129,49,17,32,80,2,78
S01012010,Born outside the UK: Resident less than 2 years,24,5,0,5,19,0,19
S01012010,Born outside the UK: Resident 2 years or more and less than 5 years,44,7,1,6,37,0,37
S01012010,Born outside the UK: Resident 5 years or more and less than 10 years,22,5,3,2,17,0,17
S01012010,Born outside the UK: Resident 10 years or more,39,32,13,19,7,2,5
S01012011,All people in households,1068,609,344,265,459,302,157
S01012011,Born in the UK,961,573,326,247,388,287,101
S01012011,Born outside the UK: Total,107,36,18,18,71,15,56
S01012011,Born outside the UK: Resident less than 2 years,24,5,0,5,19,1,18
S01012011,Born outside the UK: Resident 2 years or more and less than 5 years,30,4,1,3,26,2,24
S01012011,Born outside the UK: Resident 5 years or more and less than 10 years,12,0,0,0,12,3,9
S01012011,Born outside the UK: Resident 10 years or more,41,27,17,10,14,9,5
S01012012,All people in households,626,425,227,198,201,98,103
S01012012,Born in the UK,599,411,218,193,188,97,91
S01012012,Born outside the UK: Total,27,14,9,5,13,1,12
S01012012,Born outside the UK: Resident less than 2 years,5,2,2,0,3,0,3
S01012012,Born outside the UK: Resident 2 years or more and less than 5 years,9,0,0,0,9,1,8
S01012012,Born outside the UK: Resident 5 years or more and less than 10 years,2,2,1,1,0,0,0
S01012012,Born outside the UK: Resident 10 years or more,11,10,6,4,1,0,1
S01012013,All people in households,738,443,259,184,295,67,228
S01012013,Born in the UK,681,410,239,171,271,66,205
S01012013,Born outside the UK: Total,57,33,20,13,24,1,23
S01012013,Born outside the UK: Resident less than 2 years,6,0,0,0,6,0,6
S01012013,Born outside the UK: Resident 2 years or more and less than 5 years,7,1,0,1,6,0,6
S01012013,Born outside the UK: Resident 5 years or more and less than 10 years,10,2,0,2,8,0,8
S01012013,Born outside the UK: Resident 10 years or more,34,30,20,10,4,1,3
S01012014,All people in households,813,464,202,262,349,197,152
S01012014,Born in the UK,720,439,192,247,281,189,92
S01012014,Born outside the UK: Total,93,25,10,15,68,8,60
S01012014,Born outside the UK: Resident less than 2 years,15,1,0,1,14,0,14
S01012014,Born outside the UK: Resident 2 years or more and less than 5 years,36,4,0,4,32,3,29
S01012014,Born outside the UK: Resident 5 years or more and less than 10 years,14,2,0,2,12,0,12
S01012014,Born outside the UK: Resident 10 years or more,28,18,10,8,10,5,5
S01012015,All people in households,980,626,304,322,354,223,131
S01012015,Born in the UK,918,608,296,312,310,212,98
S01012015,Born outside the UK: Total,62,18,8,10,44,11,33
S01012015,Born outside the UK: Resident less than 2 years,18,3,1,2,15,2,13
S01012015,Born outside the UK: Resident 2 years or more and less than 5 years,13,2,1,1,11,2,9
S01012015,Born outside the UK: Resident 5 years or more and less than 10 years,12,2,0,2,10,3,7
S01012015,Born outside the UK: Resident 10 years or more,19,11,6,5,8,4,4
S01012016,All people in households,780,493,261,232,287,97,190
S01012016,Born in the UK,735,468,247,221,267,92,175
S01012016,Born outside the UK: Total,45,25,14,11,20,5,15
S01012016,Born outside the UK: Resident less than 2 years,3,0,0,0,3,0,3
S01012016,Born outside the UK: Resident 2 years or more and less than 5 years,9,2,0,2,7,3,4
S01012016,Born outside the UK: Resident 5 years or more and less than 10 years,5,2,0,2,3,1,2
S01012016,Born outside the UK: Resident 10 years or more,28,21,14,7,7,1,6
S01012017,All people in households,495,324,203,121,171,29,142
S01012017,Born in the UK,455,297,184,113,158,26,132
S01012017,Born outside the UK: Total,40,27,19,8,13,3,10
S01012017,Born outside the UK: Resident less than 2 years,4,1,0,1,3,0,3
S01012017,Born outside the UK: Resident 2 years or more and less than 5 years,8,6,3,3,2,0,2
S01012017,Born outside the UK: Resident 5 years or more and less than 10 years,1,1,1,0,0,0,0
S01012017,Born outside the UK: Resident 10 years or more,27,19,15,4,8,3,5
S01012018,All people in households,843,535,269,266,308,76,232
S01012018,Born in the UK,791,508,253,255,283,73,210
S01012018,Born outside the UK: Total,52,27,16,11,25,3,22
S01012018,Born outside the UK: Resident less than 2 years,7,1,0,1,6,0,6
S01012018,Born outside the UK: Resident 2 years or more and less than 5 years,8,0,0,0,8,0,8
S01012018,Born outside the UK: Resident 5 years or more and less than 10 years,4,1,0,1,3,0,3
S01012018,Born outside the UK: Resident 10 years or more,33,25,16,9,8,3,5
S01012019,All people in households,846,718,214,504,128,39,89
S01012019,Born in the UK,820,699,206,493,121,38,83
S01012019,Born outside the UK: Total,26,19,8,11,7,1,6
S01012019,Born outside the UK: Resident less than 2 years,5,2,1,1,3,0,3
S01012019,Born outside the UK: Resident 2 years or more and less than 5 years,0,0,0,0,0,0,0
S01012019,Born outside the UK: Resident 5 years or more and less than 10 years,3,2,0,2,1,0,1
S01012019,Born outside the UK: Resident 10 years or more,18,15,7,8,3,1,2
S01012020,All people in households,698,473,168,305,225,169,56
S01012020,Born in the UK,669,449,160,289,220,167,53
S01012020,Born outside the UK: Total,29,24,8,16,5,2,3
S01012020,Born outside the UK: Resident less than 2 years,0,0,0,0,0,0,0
S01012020,Born outside the UK: Resident 2 years or more and less than 5 years,6,4,1,3,2,0,2
S01012020,Born outside the UK: Resident 5 years or more and less than 10 years,0,0,0,0,0,0,0
S01012020,Born outside the UK: Resident 10 years or more,23,20,7,13,3,2,1
S01012021,All people in households,565,466,178,288,99,92,7
S01012021,Born in the UK,556,457,173,284,99,92,7
S01012021,Born outside the UK: Total,9,9,5,4,0,0,0
S01012021,Born outside the UK: Resident less than 2 years,0,0,0,0,0,0,0
S01012021,Born outside the UK: Resident 2 years or more and less than 5 years,2,2,1,1,0,0,0
S01012021,Born outside the UK: Resident 5 years or more and less than 10 years,1,1,1,0,0,0,0
S01012021,Born outside the UK: Resident 10 years or more,6,6,3,3,0,0,0
S01012022,All people in households,660,529,166,363,131,91,40
S01012022,Born in the UK,649,518,161,357,131,91,40
S01012022,Born outside the UK: Total,11,11,5,6,0,0,0
S01012022,Born outside the UK: Resident less than 2 years,1,1,1,0,0,0,0
S01012022,Born outside the UK: Resident 2 years or more and less than 5 years,5,5,1,4,0,0,0
S01012022,Born outside the UK: Resident 5 years or more and less than 10 years,3,3,2,1,0,0,0
S01012022,Born outside the UK: Resident 10 years or more,2,2,1,1,0,0,0
S01012023,All people in households,531,477,208,269,54,16,38
S01012023,Born in the UK,509,457,200,257,52,16,36
S01012023,Born outside the UK: Total,22,20,8,12,2,0,2
S01012023,Born outside the UK: Resident less than 2 years,0,0,0,0,0,0,0
S01012023,Born outside the UK: Resident 2 years or more and less than 5 years,0,0,0,0,0,0,0
S01012023,Born outside the UK: Resident 5 years or more and less than 10 years,2,2,0,2,0,0,0
S01012023,Born outside the UK: Resident 10 years or more,20,18,8,10,2,0,2
S01012024,All people in households,868,756,200,556,112,70,42
S01012024,Born in the UK,844,735,194,541,109,69,40
S01012024,Born outside the UK: Total,24,21,6,15,3,1,2
S01012024,Born outside the UK: Resident less than 2 years,0,0,0,0,0,0,0
S01012024,Born outside the UK: Resident 2 years or more and less than 5 years,5,5,0,5,0,0,0
S01012024,Born outside the UK: Resident 5 years or more and less than 10 years,3,3,3,0,0,0,0
S01012024,Born outside the UK: Resident 10 years or more,16,13,3,10,3,1,2
S01012025,All people in households,687,559,146,413,128,100,28
S01012025,Born in the UK,678,551,142,409,127,99,28
S01012025,Born outside the UK: Total,9,8,4,4,1,1,0
S01012025,Born outside the UK: Resident less than 2 years,0,0,0,0,0,0,0
S01012025,Born outside the UK: Resident 2 years or more and less than 5 years,0,0,0,0,0,0,0
S01012025,Born outside the UK: Resident 5 years or more and less than 10 years,0,0,0,0,0,0,0
S01012025,Born outside the UK: Resident 10 years or more,9,8,4,4,1,1,0
S01012026,All people in households,648,606,80,526,42,17,25
S01012026,Born in the UK,622,583,75,508,39,17,22
S01012026,Born outside the UK: Total,26,23,5,18,3,0,3
S01012026,Born outside the UK: Resident less than 2 years,2,0,0,0,2,0,2
S01012026,Born outside the UK: Resident 2 years or more and less than 5 years,0,0,0,0,0,0,0
S01012026,Born outside the UK: Resident 5 years or more and less than 10 years,5,4,0,4,1,0,1
S01012026,Born outside the UK: Resident 10 years or more,19,19,5,14,0,0,0
S01012027,All people in households,823,731,202,529,92,42,50
S01012027,Born in the UK,775,696,193,503,79,33,46
S01012027,Born outside the UK: Total,48,35,9,26,13,9,4
S01012027,Born outside the UK: Resident less than 2 years,9,3,0,3,6,5,1
S01012027,Born outside the UK: Resident 2 years or more and less than 5 years,14,10,0,10,4,2,2
S01012027,Born outside the UK: Resident 5 years or more and less than 10 years,9,6,0,6,3,2,1
S01012027,Born outside the UK: Resident 10 years or more,16,16,9,7,0,0,0
S01012028,All people in households,932,877,358,519,55,12,43
S01012028,Born in the UK,899,851,347,504,48,12,36
S01012028,Born outside the UK: Total,33,26,11,15,7,0,7
S01012028,Born outside the UK: Resident less than 2 years,2,0,0,0,2,0,2
S01012028,Born outside the UK: Resident 2 years or more and less than 5 years,4,1,0,1,3,0,3
S01012028,Born outside the UK: Resident 5 years or more and less than 10 years,2,0,0,0,2,0,2
S01012028,Born outside the UK: Resident 10 years or more,25,25,11,14,0,0,0
S01012029,All people in households,967,751,259,492,216,52,164
S01012029,Born in the UK,942,733,252,481,209,51,158
S01012029,Born outside the UK: Total,25,18,7,11,7,1,6
S01012029,Born outside the UK: Resident less than 2 years,4,2,0,2,2,0,2
S01012029,Born outside the UK: Resident 2 years or more and less than 5 years,2,1,0,1,1,0,1
S01012029,Born outside the UK: Resident 5 years or more and less than 10 years,1,1,0,1,0,0,0
S01012029,Born outside the UK: Resident 10 years or more,18,14,7,7,4,1,3
S01012030,All people in households,641,467,209,258,174,26,148
S01012030,Born in the UK,621,455,204,251,166,22,144
S01012030,Born outside the UK: Total,20,12,5,7,8,4,4
S01012030,Born outside the UK: Resident less than 2 years,0,0,0,0,0,0,0
S01012030,Born outside the UK: Resident 2 years or more and less than 5 years,8,1,1,0,7,4,3
S01012030,Born outside the UK: Resident 5 years or more and less than 10 years,0,0,0,0,0,0,0
S01012030,Born outside the UK: Resident 10 years or more,12,11,4,7,1,0,1
S01012031,All people in households,553,505,252,253,48,19,29
S01012031,Born in the UK,532,494,247,247,38,16,22
S01012031,Born outside the UK: Total,21,11,5,6,10,3,7
S01012031,Born outside the UK: Resident less than 2 years,2,0,0,0,2,0,2
S01012031,Born outside the UK: Resident 2 years or more and less than 5 years,5,0,0,0,5,2,3
S01012031,Born outside the UK: Resident 5 years or more and less than 10 years,3,3,1,2,0,0,0
S01012031,Born outside the UK: Resident 10 years or more,11,8,4,4,3,1,2
S01012032,All people in households,347,299,161,138,48,3,45
S01012032,Born in the UK,336,289,158,131,47,3,44
S01012032,Born outside the UK: Total,11,10,3,7,1,0,1
S01012032,Born outside the UK: Resident less than 2 years,0,0,0,0,0,0,0
S01012032,Born outside the UK: Resident 2 years or more and less than 5 years,0,0,0,0,0,0,0
S01012032,Born outside the UK: Resident 5 years or more and less than 10 years,1,0,0,0,1,0,1
S01012032,Born outside the UK: Resident 10 years or more,10,10,3,7,0,0,0
S01012033,All people in households,800,659,273,386,141,93,48
S01012033,Born in the UK,787,650,268,382,137,90,47
S01012033,Born outside the UK: Total,13,9,5,4,4,3,1
S01012033,Born outside the UK: Resident less than 2 years,1,1,0,1,0,0,0
S01012033,Born outside the UK: Resident 2 years or more and less than 5 years,0,0,0,0,0,0,0
S01012033,Born outside the UK: Resident 5 years or more and less than 10 years,1,1,1,0,0,0,0
S01012033,Born outside the UK: Resident 10 years or more,11,7,4,3,4,3,1
S01012034,All people in households,825,603,209,394,222,131,91
S01012034,Born in the UK,802,583,202,381,219,128,91
S01012034,Born outside the UK: Total,23,20,7,13,3,3,0
S01012034,Born outside the UK: Resident less than 2 years,1,1,0,1,0,0,0
S01012034,Born outside the UK: Resident 2 years or more and less than 5 years,0,0,0,0,0,0,0
S01012034,Born outside the UK: Resident 5 years or more and less than 10 years,6,6,0,6,0,0,0
S01012034,Born outside the UK: Resident 10 years or more,16,13,7,6,3,3,0
S01012035,All people in households,919,750,296,454,169,114,55
S01012035,Born in the UK,902,738,293,445,164,111,53
S01012035,Born outside the UK: Total,17,12,3,9,5,3,2
S01012035,Born outside the UK: Resident less than 2 years,1,1,0,1,0,0,0
S01012035,Born outside the UK: Resident 2 years or more and less than 5 years,2,0,0,0,2,0,2
S01012035,Born outside the UK: Resident 5 years or more and less than 10 years,2,2,0,2,0,0,0
S01012035,Born outside the UK: Resident 10 years or more,12,9,3,6,3,3,0
S01012036,All people in households,846,786,373,413,60,11,49
S01012036,Born in the UK,822,767,364,403,55,7,48
S01012036,Born outside the UK: Total,24,19,9,10,5,4,1
S01012036,Born outside the UK: Resident less than 2 years,1,0,0,0,1,1,0
S01012036,Born outside the UK: Resident 2 years or more and less than 5 years,0,0,0,0,0,0,0
S01012036,Born outside the UK: Resident 5 years or more and less than 10 years,4,1,0,1,3,2,1
S01012036,Born outside the UK: Resident 10 years or more,19,18,9,9,1,1,0
S01012037,All people in households,989,544,134,410,445,354,91
S01012037,Born in the UK,974,533,131,402,441,353,88
S01012037,Born outside the UK: Total,15,11,3,8,4,1,3
S01012037,Born outside the UK: Resident less than 2 years,1,0,0,0,1,0,1
S01012037,Born outside the UK: Resident 2 years or more and less than 5 years,2,2,1,1,0,0,0
S01012037,Born outside the UK: Resident 5 years or more and less than 10 years,5,4,0,4,1,0,1
S01012037,Born outside the UK: Resident 10 years or more,7,5,2,3,2,1,1
S01012038,All people in households,932,222,58,164,710,687,23
S01012038,Born in the UK,909,209,51,158,700,679,21
S01012038,Born outside the UK: Total,23,13,7,6,10,8,2
S01012038,Born outside the UK: Resident less than 2 years,5,2,2,0,3,1,2
S01012038,Born outside the UK: Resident 2 years or more and less than 5 years,3,1,0,1,2,2,0
S01012038,Born outside the UK: Resident 5 years or more and less than 10 years,3,1,0,1,2,2,0
S01012038,Born outside the UK: Resident 10 years or more,12,9,5,4,3,3,0
S01012039,All people in households,956,627,204,423,329,290,39
S01012039,Born in the UK,927,609,194,415,318,279,39
S01012039,Born outside the UK: Total,29,18,10,8,11,11,0
S01012039,Born outside the UK: Resident less than 2 years,11,8,8,0,3,3,0
S01012039,Born outside the UK: Resident 2 years or more and less than 5 years,4,0,0,0,4,4,0
S01012039,Born outside the UK: Resident 5 years or more and less than 10 years,3,3,1,2,0,0,0
S01012039,Born outside the UK: Resident 10 years or more,11,7,1,6,4,4,0
S01012040,All people in households,691,567,138,429,124,79,45
S01012040,Born in the UK,658,544,126,418,114,75,39
S01012040,Born outside the UK: Total,33,23,12,11,10,4,6
S01012040,Born outside the UK: Resident less than 2 years,6,4,4,0,2,0,2
S01012040,Born outside the UK: Resident 2 years or more and less than 5 years,0,0,0,0,0,0,0
S01012040,Born outside the UK: Resident 5 years or more and less than 10 years,5,3,1,2,2,1,1
S01012040,Born outside the UK: Resident 10 years or more,22,16,7,9,6,3,3
S01012041,All people in households,914,633,220,413,281,194,87
S01012041,Born in the UK,893,620,214,406,273,188,85
S01012041,Born outside the UK: Total,21,13,6,7,8,6,2
S01012041,Born outside the UK: Resident less than 2 years,1,1,0,1,0,0,0
S01012041,Born outside the UK: Resident 2 years or more and less than 5 years,6,2,1,1,4,3,1
S01012041,Born outside the UK: Resident 5 years or more and less than 10 years,2,1,0,1,1,0,1
S01012041,Born outside the UK: Resident 10 years or more,12,9,5,4,3,3,0
S01012042,All people in households,917,633,168,465,284,218,66
S01012042,Born in the UK,900,621,165,456,279,216,63
S01012042,Born outside the UK: Total,17,12,3,9,5,2,3
S01012042,Born outside the UK: Resident less than 2 years,1,1,0,1,0,0,0
S01012042,Born outside the UK: Resident 2 years or more and less than 5 years,2,1,0,1,1,0,1
S01012042,Born outside the UK: Resident 5 years or more and less than 10 years,2,2,0,2,0,0,0
S01012042,Born outside the UK: Resident 10 years or more,12,8,3,5,4,2,2
S01012043,All people in households,926,410,113,297,516,409,107
S01012043,Born in the UK,892,393,106,287,499,394,105
S01012043,Born outside the UK: Total,34,17,7,10,17,15,2
S01012043,Born outside the UK: Resident less than 2 years,4,2,2,0,2,0,2
S01012043,Born outside the UK: Resident 2 years or more and less than 5 years,9,1,1,0,8,8,0
S01012043,Born outside the UK: Resident 5 years or more and less than 10 years,3,1,0,1,2,2,0
S01012043,Born outside the UK: Resident 10 years or more,18,13,4,9,5,5,0
S01012044,All people in households,892,422,142,280,470,417,53
S01012044,Born in the UK,873,410,134,276,463,411,52
S01012044,Born outside the UK: Total,19,12,8,4,7,6,1
S01012044,Born outside the UK: Resident less than 2 years,6,5,4,1,1,0,1
S01012044,Born outside the UK: Resident 2 years or more and less than 5 years,3,1,0,1,2,2,0
S01012044,Born outside the UK: Resident 5 years or more and less than 10 years,1,0,0,0,1,1,0
S01012044,Born outside the UK: Resident 10 years or more,9,6,4,2,3,3,0
S01012045,All people in households,1060,523,149,374,537,328,209
S01012045,Born in the UK,1021,494,137,357,527,321,206
S01012045,Born outside the UK: Total,39,29,12,17,10,7,3
S01012045,Born outside the UK: Resident less than 2 years,9,8,6,2,1,1,0
S01012045,Born outside the UK: Resident 2 years or more and less than 5 years,3,2,0,2,1,0,1
S01012045,Born outside the UK: Resident 5 years or more and less than 10 years,6,3,0,3,3,1,2
S01012045,Born outside the UK: Resident 10 years or more,21,16,6,10,5,5,0
S01012046,All people in households,686,294,91,203,392,338,54
S01012046,Born in the UK,670,288,87,201,382,333,49
S01012046,Born outside the UK: Total,16,6,4,2,10,5,5
S01012046,Born outside the UK: Resident less than 2 years,5,4,4,0,1,0,1
S01012046,Born outside the UK: Resident 2 years or more and less than 5 years,1,0,0,0,1,0,1
S01012046,Born outside the UK: Resident 5 years or more and less than 10 years,3,0,0,0,3,2,1
S01012046,Born outside the UK: Resident 10 years or more,7,2,0,2,5,3,2
S01012047,All people in households,932,436,152,284,496,413,83
S01012047,Born in the UK,900,415,148,267,485,407,78
S01012047,Born outside the UK: Total,32,21,4,17,11,6,5
S01012047,Born outside the UK: Resident less than 2 years,5,2,2,0,3,0,3
S01012047,Born outside the UK: Resident 2 years or more and less than 5 years,7,4,0,4,3,2,1
S01012047,Born outside the UK: Resident 5 years or more and less than 10 years,8,8,0,8,0,0,0
S01012047,Born outside the UK: Resident 10 years or more,12,7,2,5,5,4,1
S01012048,All people in households,740,269,76,193,471,363,108
S01012048,Born in the UK,716,262,75,187,454,357,97
S01012048,Born outside the UK: Total,24,7,1,6,17,6,11
S01012048,Born outside the UK: Resident less than 2 years,1,1,0,1,0,0,0
S01012048,Born outside the UK: Resident 2 years or more and less than 5 years,8,1,0,1,7,1,6
S01012048,Born outside the UK: Resident 5 years or more and less than 10 years,3,1,0,1,2,1,1
S01012048,Born outside the UK: Resident 10 years or more,12,4,1,3,8,4,4
S01012049,All people in households,660,480,147,333,180,120,60
S01012049,Born in the UK,646,470,144,326,176,119,57
S01012049,Born outside the UK: Total,14,10,3,7,4,1,3
S01012049,Born outside the UK: Resident less than 2 years,1,1,0,1,0,0,0
S01012049,Born outside the UK: Resident 2 years or more and less than 5 years,2,0,0,0,2,0,2
S01012049,Born outside the UK: Resident 5 years or more and less than 10 years,6,6,1,5,0,0,0
S01012049,Born outside the UK: Resident 10 years or more,5,3,2,1,2,1,1
S01012050,All people in households,1019,783,113,670,236,173,63
S01012050,Born in the UK,999,768,113,655,231,172,59
S01012050,Born outside the UK: Total,20,15,0,15,5,1,4
S01012050,Born outside the UK: Resident less than 2 years,0,0,0,0,0,0,0
S01012050,Born outside the UK: Resident 2 years or more and less than 5 years,1,1,0,1,0,0,0
S01012050,Born outside the UK: Resident 5 years or more and less than 10 years,6,2,0,2,4,0,4
S01012050,Born outside the UK: Resident 10 years or more,13,12,0,12,1,1,0
S01012051,All people in households,497,360,127,233,137,94,43
S01012051,Born in the UK,481,345,125,220,136,93,43
S01012051,Born outside the UK: Total,16,15,2,13,1,1,0
S01012051,Born outside the UK: Resident less than 2 years,1,1,0,1,0,0,0
S01012051,Born outside the UK: Resident 2 years or more and less than 5 years,0,0,0,0,0,0,0
S01012051,Born outside the UK: Resident 5 years or more and less than 10 years,1,1,0,1,0,0,0
S01012051,Born outside the UK: Resident 10 years or more,14,13,2,11,1,1,0
S01012052,All people in households,866,611,204,407,255,168,87
S01012052,Born in the UK,840,596,198,398,244,157,87
S01012052,Born outside the UK: Total,26,15,6,9,11,11,0
S01012052,Born outside the UK: Resident less than 2 years,0,0,0,0,0,0,0
S01012052,Born outside the UK: Resident 2 years or more and less than 5 years,6,0,0,0,6,6,0
S01012052,Born outside the UK: Resident 5 years or more and less than 10 years,7,6,0,6,1,1,0
S01012052,Born outside the UK: Resident 10 years or more,13,9,6,3,4,4,0
S01012053,All people in households,903,452,149,303,451,405,46
S01012053,Born in the UK,890,442,145,297,448,402,46
S01012053,Born outside the UK: Total,13,10,4,6,3,3,0
S01012053,Born outside the UK: Resident less than 2 years,0,0,0,0,0,0,0
S01012053,Born outside the UK: Resident 2 years or more and less than 5 years,0,0,0,0,0,0,0
S01012053,Born outside the UK: Resident 5 years or more and less than 10 years,0,0,0,0,0,0,0
S01012053,Born outside the UK: Resident 10 years or more,13,10,4,6,3,3,0
S01012054,All people in households,829,255,68,187,574,463,111
S01012054,Born in the UK,766,246,68,178,520,412,108
S01012054,Born outside the UK: Total,63,9,0,9,54,51,3
S01012054,Born outside the UK: Resident less than 2 years,13,1,0,1,12,12,0
S01012054,Born outside the UK: Resident 2 years or more and less than 5 years,29,1,0,1,28,27,1
S01012054,Born outside the UK: Resident 5 years or more and less than 10 years,8,0,0,0,8,8,0
S01012054,Born outside the UK: Resident 10 years or more,13,7,0,7,6,4,2
S01012055,All people in households,877,468,150,318,409,299,110
S01012055,Born in the UK,856,457,146,311,399,292,107
S01012055,Born outside the UK: Total,21,11,4,7,10,7,3
S01012055,Born outside the UK: Resident less than 2 years,1,0,0,0,1,1,0
S01012055,Born outside the UK: Resident 2 years or more and less than 5 years,2,1,0,1,1,0,1
S01012055,Born outside the UK: Resident 5 years or more and less than 10 years,2,2,0,2,0,0,0
S01012055,Born outside the UK: Resident 10 years or more,16,8,4,4,8,6,2
S01012056,All people in households,776,626,208,418,150,136,14
S01012056,Born in the UK,757,607,191,416,150,136,14
S01012056,Born outside the UK: Total,19,19,17,2,0,0,0
S01012056,Born outside the UK: Resident less than 2 years,10,10,10,0,0,0,0
S01012056,Born outside the UK: Resident 2 years or more and less than 5 years,0,0,0,0,0,0,0
S01012056,Born outside the UK: Resident 5 years or more and less than 10 years,2,2,1,1,0,0,0
S01012056,Born outside the UK: Resident 10 years or more,7,7,6,1,0,0,0
S01012057,All people in households,743,699,300,399,44,12,32
S01012057,Born in the UK,722,680,296,384,42,11,31
S01012057,Born outside the UK: Total,21,19,4,15,2,1,1
S01012057,Born outside the UK: Resident less than 2 years,2,2,0,2,0,0,0
S01012057,Born outside the UK: Resident 2 years or more and less than 5 years,1,1,0,1,0,0,0
S01012057,Born outside the UK: Resident 5 years or more and less than 10 years,4,2,1,1,2,1,1
S01012057,Born outside the UK: Resident 10 years or more,14,14,3,11,0,0,0
S01012058,All people in households,728,613,295,318,115,57,58
S01012058,Born in the UK,707,597,286,311,110,53,57
S01012058,Born outside the UK: Total,21,16,9,7,5,4,1
S01012058,Born outside the UK: Resident less than 2 years,0,0,0,0,0,0,0
S01012058,Born outside the UK: Resident 2 years or more and less than 5 years,1,0,0,0,1,1,0
S01012058,Born outside the UK: Resident 5 years or more and less than 10 years,2,1,0,1,1,1,0
S01012058,Born outside the UK: Resident 10 years or more,18,15,9,6,3,2,1
S01012059,All people in households,870,535,163,372,335,244,91
S01012059,Born in the UK,849,528,161,367,321,230,91
S01012059,Born outside the UK: Total,21,7,2,5,14,14,0
S01012059,Born outside the UK: Resident less than 2 years,0,0,0,0,0,0,0
S01012059,Born outside the UK: Resident 2 years or more and less than 5 years,5,0,0,0,5,5,0
S01012059,Born outside the UK: Resident 5 years or more and less than 10 years,5,1,0,1,4,4,0
S01012059,Born outside the UK: Resident 10 years or more,11,6,2,4,5,5,0
S01012060,All people in households,857,516,164,352,341,269,72
S01012060,Born in the UK,840,507,161,346,333,261,72
S01012060,Born outside the UK: Total,17,9,3,6,8,8,0
S01012060,Born outside the UK: Resident less than 2 years,1,1,1,0,0,0,0
S01012060,Born outside the UK: Resident 2 years or more and less than 5 years,5,1,0,1,4,4,0
S01012060,Born outside the UK: Resident 5 years or more and less than 10 years,0,0,0,0,0,0,0
S01012060,Born outside the UK: Resident 10 years or more,11,7,2,5,4,4,0
S01012061,All people in households,963,800,276,524,163,59,104
S01012061,Born in the UK,933,776,268,508,157,56,101
S01012061,Born outside the UK: Total,30,24,8,16,6,3,3
S01012061,Born outside the UK: Resident less than 2 years,1,1,0,1,0,0,0
S01012061,Born outside the UK: Resident 2 years or more and less than 5 years,0,0,0,0,0,0,0
S01012061,Born outside the UK: Resident 5 years or more and less than 10 years,3,1,0,1,2,2,0
S01012061,Born outside the UK: Resident 10 years or more,26,22,8,14,4,1,3
S01012062,All people in households,846,763,170,593,83,18,65
S01012062,Born in the UK,808,735,168,567,73,18,55
S01012062,Born outside the UK: Total,38,28,2,26,10,0,10
S01012062,Born outside the UK: Resident less than 2 years,5,1,0,1,4,0,4
S01012062,Born outside the UK: Resident 2 years or more and less than 5 years,4,1,0,1,3,0,3
S01012062,Born outside the UK: Resident 5 years or more and less than 10 years,10,7,0,7,3,0,3
S01012062,Born outside the UK: Resident 10 years or more,19,19,2,17,0,0,0
S01012063,All people in households,547,444,76,368,103,20,83
S01012063,Born in the UK,522,429,74,355,93,17,76
S01012063,Born outside the UK: Total,25,15,2,13,10,3,7
S01012063,Born outside the UK: Resident less than 2 years,4,1,1,0,3,0,3
S01012063,Born outside the UK: Resident 2 years or more and less than 5 years,6,1,0,1,5,1,4
S01012063,Born outside the UK: Resident 5 years or more and less than 10 years,2,1,0,1,1,1,0
S01012063,Born outside the UK: Resident 10 years or more,13,12,1,11,1,1,0
S01012064,All people in households,653,159,18,141,494,441,53
S01012064,Born in the UK,609,146,17,129,463,417,46
S01012064,Born outside the UK: Total,44,13,1,12,31,24,7
S01012064,Born outside the UK: Resident less than 2 years,7,0,0,0,7,2,5
S01012064,Born outside the UK: Resident 2 years or more and less than 5 years,10,4,0,4,6,6,0
S01012064,Born outside the UK: Resident 5 years or more and less than 10 years,18,3,0,3,15,15,0
S01012064,Born outside the UK: Resident 10 years or more,9,6,1,5,3,1,2
S01012065,All people in households,624,60,16,44,564,557,7
S01012065,Born in the UK,589,49,10,39,540,533,7
S01012065,Born outside the UK: Total,35,11,6,5,24,24,0
S01012065,Born outside the UK: Resident less than 2 years,1,0,0,0,1,1,0
S01012065,Born outside the UK: Resident 2 years or more and less than 5 years,11,2,2,0,9,9,0
S01012065,Born outside the UK: Resident 5 years or more and less than 10 years,17,6,3,3,11,11,0
S01012065,Born outside the UK: Resident 10 years or more,6,3,1,2,3,3,0
S01012066,All people in households,852,421,55,366,431,360,71
S01012066,Born in the UK,784,388,49,339,396,330,66
S01012066,Born outside the UK: Total,68,33,6,27,35,30,5
S01012066,Born outside the UK: Resident less than 2 years,3,1,0,1,2,2,0
S01012066,Born outside the UK: Resident 2 years or more and less than 5 years,25,5,2,3,20,16,4
S01012066,Born outside the UK: Resident 5 years or more and less than 10 years,21,13,0,13,8,8,0
S01012066,Born outside the UK: Resident 10 years or more,19,14,4,10,5,4,1
S01012067,All people in households,534,88,23,65,446,434,12
S01012067,Born in the UK,518,82,20,62,436,425,11
S01012067,Born outside the UK: Total,16,6,3,3,10,9,1
S01012067,Born outside the UK: Resident less than 2 years,0,0,0,0,0,0,0
S01012067,Born outside the UK: Resident 2 years or more and less than 5 years,4,1,0,1,3,3,0
S01012067,Born outside the UK: Resident 5 years or more and less than 10 years,2,1,0,1,1,1,0
S01012067,Born outside the UK: Resident 10 years or more,10,4,3,1,6,5,1
S01012068,All people in households,538,39,6,33,499,480,19
S01012068,Born in the UK,514,32,6,26,482,463,19
S01012068,Born outside the UK: Total,24,7,0,7,17,17,0
S01012068,Born outside the UK: Resident less than 2 years,2,0,0,0,2,2,0
S01012068,Born outside the UK: Resident 2 years or more and less than 5 years,8,1,0,1,7,7,0
S01012068,Born outside the UK: Resident 5 years or more and less than 10 years,8,2,0,2,6,6,0
S01012068,Born outside the UK: Resident 10 years or more,6,4,0,4,2,2,0
S01012069,All people in households,479,136,35,101,343,306,37
S01012069,Born in the UK,461,132,31,101,329,297,32
S01012069,Born outside the UK: Total,18,4,4,0,14,9,5
S01012069,Born outside the UK: Resident less than 2 years,3,2,2,0,1,1,0
S01012069,Born outside the UK: Resident 2 years or more and less than 5 years,6,0,0,0,6,5,1
S01012069,Born outside the UK: Resident 5 years or more and less than 10 years,5,1,1,0,4,3,1
S01012069,Born outside the UK: Resident 10 years or more,4,1,1,0,3,0,3
S01012070,All people in households,710,162,62,100,548,448,100
S01012070,Born in the UK,635,151,58,93,484,397,87
S01012070,Born outside the UK: Total,75,11,4,7,64,51,13
S01012070,Born outside the UK: Resident less than 2 years,14,1,1,0,13,5,8
S01012070,Born outside the UK: Resident 2 years or more and less than 5 years,37,2,1,1,35,31,4
S01012070,Born outside the UK: Resident 5 years or more and less than 10 years,14,1,0,1,13,13,0
S01012070,Born outside the UK: Resident 10 years or more,10,7,2,5,3,2,1
S01012071,All people in households,1057,281,84,197,776,414,362
S01012071,Born in the UK,928,259,77,182,669,389,280
S01012071,Born outside the UK: Total,129,22,7,15,107,25,82
S01012071,Born outside the UK: Resident less than 2 years,27,2,0,2,25,4,21
S01012071,Born outside the UK: Resident 2 years or more and less than 5 years,54,4,3,1,50,11,39
S01012071,Born outside the UK: Resident 5 years or more and less than 10 years,19,4,0,4,15,5,10
S01012071,Born outside the UK: Resident 10 years or more,29,12,4,8,17,5,12
S01012072,All people in households,1107,365,110,255,742,444,298
S01012072,Born in the UK,1021,356,108,248,665,434,231
S01012072,Born outside the UK: Total,86,9,2,7,77,10,67
S01012072,Born outside the UK: Resident less than 2 years,29,2,1,1,27,1,26
S01012072,Born outside the UK: Resident 2 years or more and less than 5 years,32,1,0,1,31,5,26
S01012072,Born outside the UK: Resident 5 years or more and less than 10 years,11,0,0,0,11,0,11
S01012072,Born outside the UK: Resident 10 years or more,14,6,1,5,8,4,4
S01012073,All people in households,695,510,88,422,185,77,108
S01012073,Born in the UK,635,490,84,406,145,63,82
S01012073,Born outside the UK: Total,60,20,4,16,40,14,26
S01012073,Born outside the UK: Resident less than 2 years,12,2,0,2,10,0,10
S01012073,Born outside the UK: Resident 2 years or more and less than 5 years,26,6,1,5,20,10,10
S01012073,Born outside the UK: Resident 5 years or more and less than 10 years,10,5,0,5,5,4,1
S01012073,Born outside the UK: Resident 10 years or more,12,7,3,4,5,0,5
S01012074,All people in households,715,573,127,446,142,16,126
S01012074,Born in the UK,674,556,121,435,118,10,108
S01012074,Born outside the UK: Total,41,17,6,11,24,6,18
S01012074,Born outside the UK: Resident less than 2 years,6,0,0,0,6,1,5
S01012074,Born outside the UK: Resident 2 years or more and less than 5 years,15,3,3,0,12,4,8
S01012074,Born outside the UK: Resident 5 years or more and less than 10 years,3,2,0,2,1,0,1
S01012074,Born outside the UK: Resident 10 years or more,17,12,3,9,5,1,4
S01012075,All people in households,724,701,98,603,23,16,7
S01012075,Born in the UK,715,692,96,596,23,16,7
S01012075,Born outside the UK: Total,9,9,2,7,0,0,0
S01012075,Born outside the UK: Resident less than 2 years,0,0,0,0,0,0,0
S01012075,Born outside the UK: Resident 2 years or more and less than 5 years,0,0,0,0,0,0,0
S01012075,Born outside the UK: Resident 5 years or more and less than 10 years,0,0,0,0,0,0,0
S01012075,Born outside the UK: Resident 10 years or more,9,9,2,7,0,0,0
S01012076,All people in households,722,518,131,387,204,118,86
S01012076,Born in the UK,710,511,129,382,199,115,84
S01012076,Born outside the UK: Total,12,7,2,5,5,3,2
S01012076,Born outside the UK: Resident less than 2 years,0,0,0,0,0,0,0
S01012076,Born outside the UK: Resident 2 years or more and less than 5 years,0,0,0,0,0,0,0
S01012076,Born outside the UK: Resident 5 years or more and less than 10 years,4,2,0,2,2,0,2
S01012076,Born outside the UK: Resident 10 years or more,8,5,2,3,3,3,0
S01012077,All people in households,751,373,65,308,378,280,98
S01012077,Born in the UK,720,365,65,300,355,269,86
S01012077,Born outside the UK: Total,31,8,0,8,23,11,12
S01012077,Born outside the UK: Resident less than 2 years,2,0,0,0,2,0,2
S01012077,Born outside the UK: Resident 2 years or more and less than 5 years,5,0,0,0,5,0,5
S01012077,Born outside the UK: Resident 5 years or more and less than 10 years,11,1,0,1,10,5,5
S01012077,Born outside the UK: Resident 10 years or more,13,7,0,7,6,6,0
S01012078,All people in households,871,670,105,565,201,160,41
S01012078,Born in the UK,837,648,101,547,189,153,36
S01012078,Born outside the UK: Total,34,22,4,18,12,7,5
S01012078,Born outside the UK: Resident less than 2 years,0,0,0,0,0,0,0
S01012078,Born outside the UK: Resident 2 years or more and less than 5 years,12,3,0,3,9,6,3
S01012078,Born outside the UK: Resident 5 years or more and less than 10 years,8,6,1,5,2,0,2
S01012078,Born outside the UK: Resident 10 years or more,14,13,3,10,1,1,0
S01012079,All people in households,917,517,173,344,400,344,56
S01012079,Born in the UK,892,508,169,339,384,331,53
S01012079,Born outside the UK: Total,25,9,4,5,16,13,3
S01012079,Born outside the UK: Resident less than 2 years,0,0,0,0,0,0,0
S01012079,Born outside the UK: Resident 2 years or more and less than 5 years,7,1,1,0,6,5,1
S01012079,Born outside the UK: Resident 5 years or more and less than 10 years,5,2,0,2,3,1,2
S01012079,Born outside the UK: Resident 10 years or more,13,6,3,3,7,7,0
S01012080,All people in households,809,228,26,202,581,555,26
S01012080,Born in the UK,748,217,23,194,531,513,18
S01012080,Born outside the UK: Total,61,11,3,8,50,42,8
S01012080,Born outside the UK: Resident less than 2 years,7,0,0,0,7,7,0
S01012080,Born outside the UK: Resident 2 years or more and less than 5 years,19,0,0,0,19,12,7
S01012080,Born outside the UK: Resident 5 years or more and less than 10 years,16,1,0,1,15,14,1
S01012080,Born outside the UK: Resident 10 years or more,19,10,3,7,9,9,0
S01012081,All people in households,737,285,62,223,452,412,40
S01012081,Born in the UK,715,281,60,221,434,396,38
S01012081,Born outside the UK: Total,22,4,2,2,18,16,2
S01012081,Born outside the UK: Resident less than 2 years,0,0,0,0,0,0,0
S01012081,Born outside the UK: Resident 2 years or more and less than 5 years,6,0,0,0,6,6,0
S01012081,Born outside the UK: Resident 5 years or more and less than 10 years,5,1,0,1,4,3,1
S01012081,Born outside the UK: Resident 10 years or more,11,3,2,1,8,7,1
S01012082,All people in households,620,295,66,229,325,275,50
S01012082,Born in the UK,601,283,65,218,318,268,50
S01012082,Born outside the UK: Total,19,12,1,11,7,7,0
S01012082,Born outside the UK: Resident less than 2 years,2,0,0,0,2,2,0
S01012082,Born outside the UK: Resident 2 years or more and less than 5 years,1,0,0,0,1,1,0
S01012082,Born outside the UK: Resident 5 years or more and less than 10 years,7,7,0,7,0,0,0
S01012082,Born outside the UK: Resident 10 years or more,9,5,1,4,4,4,0
S01012083,All people in households,690,311,98,213,379,358,21
S01012083,Born in the UK,680,306,96,210,374,353,21
S01012083,Born outside the UK: Total,10,5,2,3,5,5,0
S01012083,Born outside the UK: Resident less than 2 years,0,0,0,0,0,0,0
S01012083,Born outside the UK: Resident 2 years or more and less than 5 years,0,0,0,0,0,0,0
S01012083,Born outside the UK: Resident 5 years or more and less than 10 years,1,0,0,0,1,1,0
S01012083,Born outside the UK: Resident 10 years or more,9,5,2,3,4,4,0
S01012084,All people in households,577,518,154,364,59,34,25
S01012084,Born in the UK,560,512,151,361,48,32,16
S01012084,Born outside the UK: Total,17,6,3,3,11,2,9
S01012084,Born outside the UK: Resident less than 2 years,4,0,0,0,4,0,4
S01012084,Born outside the UK: Resident 2 years or more and less than 5 years,6,0,0,0,6,2,4
S01012084,Born outside the UK: Resident 5 years or more and less than 10 years,0,0,0,0,0,0,0
S01012084,Born outside the UK: Resident 10 years or more,7,6,3,3,1,0,1
S01012085,All people in households,677,561,205,356,116,86,30
S01012085,Born in the UK,666,554,202,352,112,83,29
S01012085,Born outside the UK: Total,11,7,3,4,4,3,1
S01012085,Born outside the UK: Resident less than 2 years,0,0,0,0,0,0,0
S01012085,Born outside the UK: Resident 2 years or more and less than 5 years,0,0,0,0,0,0,0
S01012085,Born outside the UK: Resident 5 years or more and less than 10 years,3,0,0,0,3,2,1
S01012085,Born outside the UK: Resident 10 years or more,8,7,3,4,1,1,0
S01012086,All people in households,918,524,165,359,394,327,67
S01012086,Born in the UK,894,510,162,348,384,325,59
S01012086,Born outside the UK: Total,24,14,3,11,10,2,8
S01012086,Born outside the UK: Resident less than 2 years,1,0,0,0,1,1,0
S01012086,Born outside the UK: Resident 2 years or more and less than 5 years,5,2,0,2,3,0,3
S01012086,Born outside the UK: Resident 5 years or more and less than 10 years,3,3,0,3,0,0,0
S01012086,Born outside the UK: Resident 10 years or more,15,9,3,6,6,1,5
S01012087,All people in households,720,540,175,365,180,135,45
S01012087,Born in the UK,710,532,171,361,178,133,45
S01012087,Born outside the UK: Total,10,8,4,4,2,2,0
S01012087,Born outside the UK: Resident less than 2 years,0,0,0,0,0,0,0
S01012087,Born outside the UK: Resident 2 years or more and less than 5 years,0,0,0,0,0,0,0
S01012087,Born outside the UK: Resident 5 years or more and less than 10 years,0,0,0,0,0,0,0
S01012087,Born outside the UK: Resident 10 years or more,10,8,4,4,2,2,0
S01012088,All people in households,740,589,118,471,151,114,37
S01012088,Born in the UK,719,575,115,460,144,109,35
S01012088,Born outside the UK: Total,21,14,3,11,7,5,2
S01012088,Born outside the UK: Resident less than 2 years,1,0,0,0,1,1,0
S01012088,Born outside the UK: Resident 2 years or more and less than 5 years,2,1,1,0,1,0,1
S01012088,Born outside the UK: Resident 5 years or more and less than 10 years,4,2,2,0,2,2,0
S01012088,Born outside the UK: Resident 10 years or more,14,11,0,11,3,2,1
S01012089,All people in households,842,797,245,552,45,6,39
S01012089,Born in the UK,825,781,243,538,44,6,38
S01012089,Born outside the UK: Total,17,16,2,14,1,0,1
S01012089,Born outside the UK: Resident less than 2 years,0,0,0,0,0,0,0
S01012089,Born outside the UK: Resident 2 years or more and less than 5 years,1,1,0,1,0,0,0
S01012089,Born outside the UK: Resident 5 years or more and less than 10 years,1,0,0,0,1,0,1
S01012089,Born outside the UK: Resident 10 years or more,15,15,2,13,0,0,0
S01012090,All people in households,884,838,373,465,46,11,35
S01012090,Born in the UK,859,816,361,455,43,9,34
S01012090,Born outside the UK: Total,25,22,12,10,3,2,1
S01012090,Born outside the UK: Resident less than 2 years,2,2,2,0,0,0,0
S01012090,Born outside the UK: Resident 2 years or more and less than 5 years,0,0,0,0,0,0,0
S01012090,Born outside the UK: Resident 5 years or more and less than 10 years,2,2,0,2,0,0,0
S01012090,Born outside the UK: Resident 10 years or more,21,18,10,8,3,2,1
S01012091,All people in households,537,498,185,313,39,14,25
S01012091,Born in the UK,521,486,180,306,35,10,25
S01012091,Born outside the UK: Total,16,12,5,7,4,4,0
S01012091,Born outside the UK: Resident less than 2 years,3,0,0,0,3,3,0
S01012091,Born outside the UK: Resident 2 years or more and less than 5 years,0,0,0,0,0,0,0
S01012091,Born outside the UK: Resident 5 years or more and less than 10 years,1,1,0,1,0,0,0
S01012091,Born outside the UK: Resident 10 years or more,12,11,5,6,1,1,0
S01012092,All people in households,506,470,168,302,36,11,25
S01012092,Born in the UK,483,462,164,298,21,4,17
S01012092,Born outside the UK: Total,23,8,4,4,15,7,8
S01012092,Born outside the UK: Resident less than 2 years,0,0,0,0,0,0,0
S01012092,Born outside the UK: Resident 2 years or more and less than 5 years,10,0,0,0,10,4,6
S01012092,Born outside the UK: Resident 5 years or more and less than 10 years,2,0,0,0,2,1,1
S01012092,Born outside the UK: Resident 10 years or more,11,8,4,4,3,2,1
S01012093,All people in households,535,459,201,258,76,13,63
S01012093,Born in the UK,519,446,199,247,73,12,61
S01012093,Born outside the UK: Total,16,13,2,11,3,1,2
S01012093,Born outside the UK: Resident less than 2 years,1,0,0,0,1,1,0
S01012093,Born outside the UK: Resident 2 years or more and less than 5 years,2,1,0,1,1,0,1
S01012093,Born outside the UK: Resident 5 years or more and less than 10 years,4,4,0,4,0,0,0
S01012093,Born outside the UK: Resident 10 years or more,9,8,2,6,1,0,1
S01012094,All people in households,751,715,291,424,36,11,25
S01012094,Born in the UK,728,698,278,420,30,6,24
S01012094,Born outside the UK: Total,23,17,13,4,6,5,1
S01012094,Born outside the UK: Resident less than 2 years,2,2,1,1,0,0,0
S01012094,Born outside the UK: Resident 2 years or more and less than 5 years,0,0,0,0,0,0,0
S01012094,Born outside the UK: Resident 5 years or more and less than 10 years,1,1,0,1,0,0,0
S01012094,Born outside the UK: Resident 10 years or more,20,14,12,2,6,5,1
S01012095,All people in households,1061,774,172,602,287,254,33
S01012095,Born in the UK,1045,763,167,596,282,249,33
S01012095,Born outside the UK: Total,16,11,5,6,5,5,0
S01012095,Born outside the UK: Resident less than 2 years,0,0,0,0,0,0,0
S01012095,Born outside the UK: Resident 2 years or more and less than 5 years,1,0,0,0,1,1,0
S01012095,Born outside the UK: Resident 5 years or more and less than 10 years,6,3,1,2,3,3,0
S01012095,Born outside the UK: Resident 10 years or more,9,8,4,4,1,1,0
S01012096,All people in households,871,599,197,402,272,228,44
S01012096,Born in the UK,851,583,192,391,268,225,43
S01012096,Born outside the UK: Total,20,16,5,11,4,3,1
S01012096,Born outside the UK: Resident less than 2 years,0,0,0,0,0,0,0
S01012096,Born outside the UK: Resident 2 years or more and less than 5 years,0,0,0,0,0,0,0
S01012096,Born outside the UK: Resident 5 years or more and less than 10 years,2,2,0,2,0,0,0
S01012096,Born outside the UK: Resident 10 years or more,18,14,5,9,4,3,1
S01012097,All people in households,695,457,116,341,238,197,41
S01012097,Born in the UK,679,443,110,333,236,196,40
S01012097,Born outside the UK: Total,16,14,6,8,2,1,1
S01012097,Born outside the UK: Resident less than 2 years,1,1,0,1,0,0,0
S01012097,Born outside the UK: Resident 2 years or more and less than 5 years,1,1,0,1,0,0,0
S01012097,Born outside the UK: Resident 5 years or more and less than 10 years,4,2,0,2,2,1,1
S01012097,Born outside the UK: Resident 10 years or more,10,10,6,4,0,0,0
S01012098,All people in households,628,428,96,332,200,165,35
S01012098,Born in the UK,610,418,94,324,192,160,32
S01012098,Born outside the UK: Total,18,10,2,8,8,5,3
S01012098,Born outside the UK: Resident less than 2 years,0,0,0,0,0,0,0
S01012098,Born outside the UK: Resident 2 years or more and less than 5 years,6,3,0,3,3,3,0
S01012098,Born outside the UK: Resident 5 years or more and less than 10 years,4,3,0,3,1,1,0
S01012098,Born outside the UK: Resident 10 years or more,8,4,2,2,4,1,3
S01012099,All people in households,787,400,88,312,387,324,63
S01012099,Born in the UK,749,384,84,300,365,315,50
S01012099,Born outside the UK: Total,38,16,4,12,22,9,13
S01012099,Born outside the UK: Resident less than 2 years,7,1,0,1,6,0,6
S01012099,Born outside the UK: Resident 2 years or more and less than 5 years,9,3,0,3,6,2,4
S01012099,Born outside the UK: Resident 5 years or more and less than 10 years,7,3,0,3,4,3,1
S01012099,Born outside the UK: Resident 10 years or more,15,9,4,5,6,4,2
S01012100,All people in households,1089,669,212,457,420,379,41
S01012100,Born in the UK,1052,646,207,439,406,366,40
S01012100,Born outside the UK: Total,37,23,5,18,14,13,1
S01012100,Born outside the UK: Resident less than 2 years,2,2,0,2,0,0,0
S01012100,Born outside the UK: Resident 2 years or more and less than 5 years,5,4,0,4,1,1,0
S01012100,Born outside the UK: Resident 5 years or more and less than 10 years,5,4,1,3,1,1,0
S01012100,Born outside the UK: Resident 10 years or more,25,13,4,9,12,11,1
S01012101,All people in households,785,722,280,442,63,38,25
S01012101,Born in the UK,765,703,272,431,62,37,25
S01012101,Born outside the UK: Total,20,19,8,11,1,1,0
S01012101,Born outside the UK: Resident less than 2 years,2,1,0,1,1,1,0
S01012101,Born outside the UK: Resident 2 years or more and less than 5 years,0,0,0,0,0,0,0
S01012101,Born outside the UK: Resident 5 years or more and less than 10 years,0,0,0,0,0,0,0
S01012101,Born outside the UK: Resident 10 years or more,18,18,8,10,0,0,0
S01012102,All people in households,670,302,81,221,368,324,44
S01012102,Born in the UK,650,290,78,212,360,316,44
S01012102,Born outside the UK: Total,20,12,3,9,8,8,0
S01012102,Born outside the UK: Resident less than 2 years,0,0,0,0,0,0,0
S01012102,Born outside the UK: Resident 2 years or more and less than 5 years,2,1,0,1,1,1,0
S01012102,Born outside the UK: Resident 5 years or more and less than 10 years,11,7,2,5,4,4,0
S01012102,Born outside the UK: Resident 10 years or more,7,4,1,3,3,3,0
S01012103,All people in households,925,738,163,575,187,103,84
S01012103,Born in the UK,884,714,162,552,170,102,68
S01012103,Born outside the UK: Total,41,24,1,23,17,1,16
S01012103,Born outside the UK: Resident less than 2 years,5,1,0,1,4,0,4
S01012103,Born outside the UK: Resident 2 years or more and less than 5 years,12,4,0,4,8,0,8
S01012103,Born outside the UK: Resident 5 years or more and less than 10 years,10,6,0,6,4,1,3
S01012103,Born outside the UK: Resident 10 years or more,14,13,1,12,1,0,1
S01012104,All people in households,924,728,125,603,196,60,136
S01012104,Born in the UK,881,706,122,584,175,57,118
S01012104,Born outside the UK: Total,43,22,3,19,21,3,18
S01012104,Born outside the UK: Resident less than 2 years,4,0,0,0,4,0,4
S01012104,Born outside the UK: Resident 2 years or more and less than 5 years,7,2,0,2,5,1,4
S01012104,Born outside the UK: Resident 5 years or more and less than 10 years,12,7,1,6,5,1,4
S01012104,Born outside the UK: Resident 10 years or more,20,13,2,11,7,1,6
S01012105,All people in households,1115,939,292,647,176,66,110
S01012105,Born in the UK,1056,912,285,627,144,61,83
S01012105,Born outside the UK: Total,59,27,7,20,32,5,27
S01012105,Born outside the UK: Resident less than 2 years,11,0,0,0,11,1,10
S01012105,Born outside the UK: Resident 2 years or more and less than 5 years,9,0,0,0,9,4,5
S01012105,Born outside the UK: Resident 5 years or more and less than 10 years,13,6,0,6,7,0,7
S01012105,Born outside the UK: Resident 10 years or more,26,21,7,14,5,0,5
S01012106,All people in households,1101,912,220,692,189,30,159
S01012106,Born in the UK,1044,875,210,665,169,26,143
S01012106,Born outside the UK: Total,57,37,10,27,20,4,16
S01012106,Born outside the UK: Resident less than 2 years,4,0,0,0,4,0,4
S01012106,Born outside the UK: Resident 2 years or more and less than 5 years,11,6,0,6,5,0,5
S01012106,Born outside the UK: Resident 5 years or more and less than 10 years,10,8,1,7,2,0,2
S01012106,Born outside the UK: Resident 10 years or more,32,23,9,14,9,4,5
S01012107,All people in households,646,565,259,306,81,48,33
S01012107,Born in the UK,616,541,243,298,75,46,29
S01012107,Born outside the UK: Total,30,24,16,8,6,2,4
S01012107,Born outside the UK: Resident less than 2 years,1,1,0,1,0,0,0
S01012107,Born outside the UK: Resident 2 years or more and less than 5 years,5,0,0,0,5,1,4
S01012107,Born outside the UK: Resident 5 years or more and less than 10 years,4,4,4,0,0,0,0
S01012107,Born outside the UK: Resident 10 years or more,20,19,12,7,1,1,0
S01012108,All people in households,908,398,160,238,510,441,69
S01012108,Born in the UK,872,386,154,232,486,425,61
S01012108,Born outside the UK: Total,36,12,6,6,24,16,8
S01012108,Born outside the UK: Resident less than 2 years,4,1,1,0,3,1,2
S01012108,Born outside the UK: Resident 2 years or more and less than 5 years,5,2,0,2,3,2,1
S01012108,Born outside the UK: Resident 5 years or more and less than 10 years,10,4,2,2,6,2,4
S01012108,Born outside the UK: Resident 10 years or more,17,5,3,2,12,11,1
S01012109,All people in households,922,317,99,218,605,340,265
S01012109,Born in the UK,825,295,96,199,530,303,227
S01012109,Born outside the UK: Total,97,22,3,19,75,37,38
S01012109,Born outside the UK: Resident less than 2 years,9,1,0,1,8,1,7
S01012109,Born outside the UK: Resident 2 years or more and less than 5 years,42,3,1,2,39,23,16
S01012109,Born outside the UK: Resident 5 years or more and less than 10 years,24,5,0,5,19,9,10
S01012109,Born outside the UK: Resident 10 years or more,22,13,2,11,9,4,5
S01012110,All people in households,700,411,160,251,289,170,119
S01012110,Born in the UK,675,401,157,244,274,170,104
S01012110,Born outside the UK: Total,25,10,3,7,15,0,15
S01012110,Born outside the UK: Resident less than 2 years,2,0,0,0,2,0,2
S01012110,Born outside the UK: Resident 2 years or more and less than 5 years,10,2,0,2,8,0,8
S01012110,Born outside the UK: Resident 5 years or more and less than 10 years,2,1,0,1,1,0,1
S01012110,Born outside the UK: Resident 10 years or more,11,7,3,4,4,0,4
S01012111,All people in households,558,244,62,182,314,257,57
S01012111,Born in the UK,516,232,53,179,284,237,47
S01012111,Born outside the UK: Total,42,12,9,3,30,20,10
S01012111,Born outside the UK: Resident less than 2 years,11,9,9,0,2,0,2
S01012111,Born outside the UK: Resident 2 years or more and less than 5 years,10,0,0,0,10,6,4
S01012111,Born outside the UK: Resident 5 years or more and less than 10 years,14,0,0,0,14,12,2
S01012111,Born outside the UK: Resident 10 years or more,7,3,0,3,4,2,2
S01012112,All people in households,731,527,228,299,204,142,62
S01012112,Born in the UK,708,513,223,290,195,137,58
S01012112,Born outside the UK: Total,23,14,5,9,9,5,4
S01012112,Born outside the UK: Resident less than 2 years,0,0,0,0,0,0,0
S01012112,Born outside the UK: Resident 2 years or more and less than 5 years,5,0,0,0,5,1,4
S01012112,Born outside the UK: Resident 5 years or more and less than 10 years,6,5,0,5,1,1,0
S01012112,Born outside the UK: Resident 10 years or more,12,9,5,4,3,3,0
S01012113,All people in households,990,759,244,515,231,173,58
S01012113,Born in the UK,961,735,234,501,226,172,54
S01012113,Born outside the UK: Total,29,24,10,14,5,1,4
S01012113,Born outside the UK: Resident less than 2 years,3,1,0,1,2,0,2
S01012113,Born outside the UK: Resident 2 years or more and less than 5 years,1,1,0,1,0,0,0
S01012113,Born outside the UK: Resident 5 years or more and less than 10 years,5,4,1,3,1,0,1
S01012113,Born outside the UK: Resident 10 years or more,20,18,9,9,2,1,1
S01012114,All people in households,820,728,282,446,92,13,79
S01012114,Born in the UK,801,714,275,439,87,12,75
S01012114,Born outside the UK: Total,19,14,7,7,5,1,4
S01012114,Born outside the UK: Resident less than 2 years,2,0,0,0,2,0,2
S01012114,Born outside the UK: Resident 2 years or more and less than 5 years,1,0,0,0,1,1,0
S01012114,Born outside the UK: Resident 5 years or more and less than 10 years,1,0,0,0,1,0,1
S01012114,Born outside the UK: Resident 10 years or more,15,14,7,7,1,0,1
S01012115,All people in households,517,376,115,261,141,96,45
S01012115,Born in the UK,503,368,112,256,135,93,42
S01012115,Born outside the UK: Total,14,8,3,5,6,3,3
S01012115,Born outside the UK: Resident less than 2 years,1,0,0,0,1,0,1
S01012115,Born outside the UK: Resident 2 years or more and less than 5 years,2,0,0,0,2,0,2
S01012115,Born outside the UK: Resident 5 years or more and less than 10 years,4,4,0,4,0,0,0
S01012115,Born outside the UK: Resident 10 years or more,7,4,3,1,3,3,0
S01012116,All people in households,591,478,148,330,113,92,21
S01012116,Born in the UK,568,463,145,318,105,85,20
S01012116,Born outside the UK: Total,23,15,3,12,8,7,1
S01012116,Born outside the UK: Resident less than 2 years,1,0,0,0,1,1,0
S01012116,Born outside the UK: Resident 2 years or more and less than 5 years,1,0,0,0,1,1,0
S01012116,Born outside the UK: Resident 5 years or more and less than 10 years,5,4,0,4,1,1,0
S01012116,Born outside the UK: Resident 10 years or more,16,11,3,8,5,4,1
S01012117,All people in households,807,755,69,686,52,22,30
S01012117,Born in the UK,785,745,66,679,40,13,27
S01012117,Born outside the UK: Total,22,10,3,7,12,9,3
S01012117,Born outside the UK: Resident less than 2 years,2,0,0,0,2,0,2
S01012117,Born outside the UK: Resident 2 years or more and less than 5 years,5,2,0,2,3,3,0
S01012117,Born outside the UK: Resident 5 years or more and less than 10 years,5,0,0,0,5,5,0
S01012117,Born outside the UK: Resident 10 years or more,10,8,3,5,2,1,1
S01012118,All people in households,661,612,121,491,49,17,32
S01012118,Born in the UK,636,592,117,475,44,17,27
S01012118,Born outside the UK: Total,25,20,4,16,5,0,5
S01012118,Born outside the UK: Resident less than 2 years,1,1,0,1,0,0,0
S01012118,Born outside the UK: Resident 2 years or more and less than 5 years,8,4,2,2,4,0,4
S01012118,Born outside the UK: Resident 5 years or more and less than 10 years,5,4,0,4,1,0,1
S01012118,Born outside the UK: Resident 10 years or more,11,11,2,9,0,0,0
S01012119,All people in households,900,858,361,497,42,21,21
S01012119,Born in the UK,875,834,347,487,41,20,21
S01012119,Born outside the UK: Total,25,24,14,10,1,1,0
S01012119,Born outside the UK: Resident less than 2 years,1,1,0,1,0,0,0
S01012119,Born outside the UK: Resident 2 years or more and less than 5 years,0,0,0,0,0,0,0
S01012119,Born outside the UK: Resident 5 years or more and less than 10 years,1,1,0,1,0,0,0
S01012119,Born outside the UK: Resident 10 years or more,23,22,14,8,1,1,0
S01012120,All people in households,583,333,124,209,250,203,47
S01012120,Born in the UK,557,319,117,202,238,191,47
S01012120,Born outside the UK: Total,26,14,7,7,12,12,0
S01012120,Born outside the UK: Resident less than 2 years,0,0,0,0,0,0,0
S01012120,Born outside the UK: Resident 2 years or more and less than 5 years,12,3,1,2,9,9,0
S01012120,Born outside the UK: Resident 5 years or more and less than 10 years,1,0,0,0,1,1,0
S01012120,Born outside the UK: Resident 10 years or more,13,11,6,5,2,2,0
S01012121,All people in households,903,520,157,363,383,329,54
S01012121,Born in the UK,868,503,154,349,365,317,48
S01012121,Born outside the UK: Total,35,17,3,14,18,12,6
S01012121,Born outside the UK: Resident less than 2 years,3,2,0,2,1,0,1
S01012121,Born outside the UK: Resident 2 years or more and less than 5 years,7,4,0,4,3,1,2
S01012121,Born outside the UK: Resident 5 years or more and less than 10 years,8,1,0,1,7,4,3
S01012121,Born outside the UK: Resident 10 years or more,17,10,3,7,7,7,0
S01012122,All people in households,764,567,176,391,197,169,28
S01012122,Born in the UK,753,557,172,385,196,168,28
S01012122,Born outside the UK: Total,11,10,4,6,1,1,0
S01012122,Born outside the UK: Resident less than 2 years,0,0,0,0,0,0,0
S01012122,Born outside the UK: Resident 2 years or more and less than 5 years,0,0,0,0,0,0,0
S01012122,Born outside the UK: Resident 5 years or more and less than 10 years,0,0,0,0,0,0,0
S01012122,Born outside the UK: Resident 10 years or more,11,10,4,6,1,1,0
S01012123,All people in households,510,380,128,252,130,57,73
S01012123,Born in the UK,472,354,119,235,118,56,62
S01012123,Born outside the UK: Total,38,26,9,17,12,1,11
S01012123,Born outside the UK: Resident less than 2 years,3,0,0,0,3,0,3
S01012123,Born outside the UK: Resident 2 years or more and less than 5 years,3,1,1,0,2,0,2
S01012123,Born outside the UK: Resident 5 years or more and less than 10 years,10,7,0,7,3,0,3
S01012123,Born outside the UK: Resident 10 years or more,22,18,8,10,4,1,3
S01012124,All people in households,503,395,126,269,108,22,86
S01012124,Born in the UK,473,386,122,264,87,18,69
S01012124,Born outside the UK: Total,30,9,4,5,21,4,17
S01012124,Born outside the UK: Resident less than 2 years,2,0,0,0,2,1,1
S01012124,Born outside the UK: Resident 2 years or more and less than 5 years,4,1,0,1,3,1,2
S01012124,Born outside the UK: Resident 5 years or more and less than 10 years,8,1,1,0,7,1,6
S01012124,Born outside the UK: Resident 10 years or more,16,7,3,4,9,1,8
S01012125,All people in households,782,218,60,158,564,437,127
S01012125,Born in the UK,737,207,56,151,530,417,113
S01012125,Born outside the UK: Total,45,11,4,7,34,20,14
S01012125,Born outside the UK: Resident less than 2 years,0,0,0,0,0,0,0
S01012125,Born outside the UK: Resident 2 years or more and less than 5 years,13,2,0,2,11,2,9
S01012125,Born outside the UK: Resident 5 years or more and less than 10 years,10,1,0,1,9,7,2
S01012125,Born outside the UK: Resident 10 years or more,22,8,4,4,14,11,3
S01012126,All people in households,753,567,92,475,186,35,151
S01012126,Born in the UK,696,536,87,449,160,35,125
S01012126,Born outside the UK: Total,57,31,5,26,26,0,26
S01012126,Born outside the UK: Resident less than 2 years,7,0,0,0,7,0,7
S01012126,Born outside the UK: Resident 2 years or more and less than 5 years,12,2,0,2,10,0,10
S01012126,Born outside the UK: Resident 5 years or more and less than 10 years,18,11,1,10,7,0,7
S01012126,Born outside the UK: Resident 10 years or more,20,18,4,14,2,0,2
S01012127,All people in households,849,316,92,224,533,189,344
S01012127,Born in the UK,706,290,86,204,416,180,236
S01012127,Born outside the UK: Total,143,26,6,20,117,9,108
S01012127,Born outside the UK: Resident less than 2 years,59,1,0,1,58,0,58
S01012127,Born outside the UK: Resident 2 years or more and less than 5 years,30,5,0,5,25,4,21
S01012127,Born outside the UK: Resident 5 years or more and less than 10 years,31,8,0,8,23,2,21
S01012127,Born outside the UK: Resident 10 years or more,23,12,6,6,11,3,8
S01012128,All people in households,510,196,29,167,314,95,219
S01012128,Born in the UK,453,174,28,146,279,92,187
S01012128,Born outside the UK: Total,57,22,1,21,35,3,32
S01012128,Born outside the UK: Resident less than 2 years,5,1,0,1,4,0,4
S01012128,Born outside the UK: Resident 2 years or more and less than 5 years,20,5,0,5,15,0,15
S01012128,Born outside the UK: Resident 5 years or more and less than 10 years,10,5,1,4,5,1,4
S01012128,Born outside the UK: Resident 10 years or more,22,11,0,11,11,2,9
S01012129,All people in households,669,347,116,231,322,161,161
S01012129,Born in the UK,630,335,112,223,295,154,141
S01012129,Born outside the UK: Total,39,12,4,8,27,7,20
S01012129,Born outside the UK: Resident less than 2 years,7,2,2,0,5,0,5
S01012129,Born outside the UK: Resident 2 years or more and less than 5 years,8,0,0,0,8,1,7
S01012129,Born outside the UK: Resident 5 years or more and less than 10 years,10,5,1,4,5,1,4
S01012129,Born outside the UK: Resident 10 years or more,14,5,1,4,9,5,4
S01012130,All people in households,1002,484,172,312,518,355,163
S01012130,Born in the UK,951,463,164,299,488,344,144
S01012130,Born outside the UK: Total,51,21,8,13,30,11,19
S01012130,Born outside the UK: Resident less than 2 years,6,0,0,0,6,0,6
S01012130,Born outside the UK: Resident 2 years or more and less than 5 years,13,2,1,1,11,0,11
S01012130,Born outside the UK: Resident 5 years or more and less than 10 years,8,5,1,4,3,1,2
S01012130,Born outside the UK: Resident 10 years or more,24,14,6,8,10,10,0
S01012131,All people in households,962,395,135,260,567,302,265
S01012131,Born in the UK,880,378,130,248,502,285,217
S01012131,Born outside the UK: Total,82,17,5,12,65,17,48
S01012131,Born outside the UK: Resident less than 2 years,21,0,0,0,21,0,21
S01012131,Born outside the UK: Resident 2 years or more and less than 5 years,23,4,0,4,19,6,13
S01012131,Born outside the UK: Resident 5 years or more and less than 10 years,17,2,1,1,15,5,10
S01012131,Born outside the UK: Resident 10 years or more,21,11,4,7,10,6,4
S01012132,All people in households,684,250,100,150,434,162,272
S01012132,Born in the UK,557,236,94,142,321,135,186
S01012132,Born outside the UK: Total,127,14,6,8,113,27,86
S01012132,Born outside the UK: Resident less than 2 years,53,3,0,3,50,5,45
S01012132,Born outside the UK: Resident 2 years or more and less than 5 years,26,1,0,1,25,4,21
S01012132,Born outside the UK: Resident 5 years or more and less than 10 years,25,0,0,0,25,15,10
S01012132,Born outside the UK: Resident 10 years or more,23,10,6,4,13,3,10
S01012133,All people in households,750,434,92,342,316,131,185
S01012133,Born in the UK,673,407,84,323,266,115,151
S01012133,Born outside the UK: Total,77,27,8,19,50,16,34
S01012133,Born outside the UK: Resident less than 2 years,15,3,0,3,12,5,7
S01012133,Born outside the UK: Resident 2 years or more and less than 5 years,24,4,1,3,20,9,11
S01012133,Born outside the UK: Resident 5 years or more and less than 10 years,21,7,2,5,14,2,12
S01012133,Born outside the UK: Resident 10 years or more,17,13,5,8,4,0,4
S01012134,All people in households,1090,807,329,478,283,90,193
S01012134,Born in the UK,1028,768,309,459,260,84,176
S01012134,Born outside the UK: Total,62,39,20,19,23,6,17
S01012134,Born outside the UK: Resident less than 2 years,11,11,8,3,0,0,0
S01012134,Born outside the UK: Resident 2 years or more and less than 5 years,7,3,1,2,4,0,4
S01012134,Born outside the UK: Resident 5 years or more and less than 10 years,16,5,3,2,11,5,6
S01012134,Born outside the UK: Resident 10 years or more,28,20,8,12,8,1,7
S01012135,All people in households,878,177,53,124,701,574,127
S01012135,Born in the UK,821,159,50,109,662,559,103
S01012135,Born outside the UK: Total,57,18,3,15,39,15,24
S01012135,Born outside the UK: Resident less than 2 years,16,2,2,0,14,3,11
S01012135,Born outside the UK: Resident 2 years or more and less than 5 years,10,2,0,2,8,2,6
S01012135,Born outside the UK: Resident 5 years or more and less than 10 years,14,7,0,7,7,4,3
S01012135,Born outside the UK: Resident 10 years or more,17,7,1,6,10,6,4
S01012136,All people in households,835,192,29,163,643,357,286
S01012136,Born in the UK,698,173,25,148,525,349,176
S01012136,Born outside the UK: Total,137,19,4,15,118,8,110
S01012136,Born outside the UK: Resident less than 2 years,42,1,0,1,41,1,40
S01012136,Born outside the UK: Resident 2 years or more and less than 5 years,53,4,0,4,49,3,46
S01012136,Born outside the UK: Resident 5 years or more and less than 10 years,17,5,0,5,12,1,11
S01012136,Born outside the UK: Resident 10 years or more,25,9,4,5,16,3,13
S01012137,All people in households,671,281,141,140,390,271,119
S01012137,Born in the UK,629,270,137,133,359,262,97
S01012137,Born outside the UK: Total,42,11,4,7,31,9,22
S01012137,Born outside the UK: Resident less than 2 years,11,0,0,0,11,1,10
S01012137,Born outside the UK: Resident 2 years or more and less than 5 years,5,1,0,1,4,2,2
S01012137,Born outside the UK: Resident 5 years or more and less than 10 years,10,1,0,1,9,1,8
S01012137,Born outside the UK: Resident 10 years or more,16,9,4,5,7,5,2
S01012138,All people in households,904,720,273,447,184,89,95
S01012138,Born in the UK,856,678,247,431,178,89,89
S01012138,Born outside the UK: Total,48,42,26,16,6,0,6
S01012138,Born outside the UK: Resident less than 2 years,20,20,17,3,0,0,0
S01012138,Born outside the UK: Resident 2 years or more and less than 5 years,3,0,0,0,3,0,3
S01012138,Born outside the UK: Resident 5 years or more and less than 10 years,4,2,1,1,2,0,2
S01012138,Born outside the UK: Resident 10 years or more,21,20,8,12,1,0,1
S01012139,All people in households,940,736,256,480,204,121,83
S01012139,Born in the UK,908,717,245,472,191,118,73
S01012139,Born outside the UK: Total,32,19,11,8,13,3,10
S01012139,Born outside the UK: Resident less than 2 years,12,6,4,2,6,0,6
S01012139,Born outside the UK: Resident 2 years or more and less than 5 years,3,0,0,0,3,0,3
S01012139,Born outside the UK: Resident 5 years or more and less than 10 years,2,0,0,0,2,2,0
S01012139,Born outside the UK: Resident 10 years or more,15,13,7,6,2,1,1
S01012140,All people in households,519,493,219,274,26,10,16
S01012140,Born in the UK,500,477,206,271,23,10,13
S01012140,Born outside the UK: Total,19,16,13,3,3,0,3
S01012140,Born outside the UK: Resident less than 2 years,2,2,2,0,0,0,0
S01012140,Born outside the UK: Resident 2 years or more and less than 5 years,2,0,0,0,2,0,2
S01012140,Born outside the UK: Resident 5 years or more and less than 10 years,1,1,0,1,0,0,0
S01012140,Born outside the UK: Resident 10 years or more,14,13,11,2,1,0,1
S01012141,All people in households,1014,945,378,567,69,26,43
S01012141,Born in the UK,982,921,372,549,61,26,35
S01012141,Born outside the UK: Total,32,24,6,18,8,0,8
S01012141,Born outside the UK: Resident less than 2 years,4,2,0,2,2,0,2
S01012141,Born outside the UK: Resident 2 years or more and less than 5 years,7,4,0,4,3,0,3
S01012141,Born outside the UK: Resident 5 years or more and less than 10 years,4,3,0,3,1,0,1
S01012141,Born outside the UK: Resident 10 years or more,17,15,6,9,2,0,2
S01012142,All people in households,952,914,415,499,38,11,27
S01012142,Born in the UK,929,899,414,485,30,5,25
S01012142,Born outside the UK: Total,23,15,1,14,8,6,2
S01012142,Born outside the UK: Resident less than 2 years,0,0,0,0,0,0,0
S01012142,Born outside the UK: Resident 2 years or more and less than 5 years,2,1,0,1,1,0,1
S01012142,Born outside the UK: Resident 5 years or more and less than 10 years,7,2,1,1,5,5,0
S01012142,Born outside the UK: Resident 10 years or more,14,12,0,12,2,1,1
S01012143,All people in households,869,838,428,410,31,20,11
S01012143,Born in the UK,840,811,408,403,29,18,11
S01012143,Born outside the UK: Total,29,27,20,7,2,2,0
S01012143,Born outside the UK: Resident less than 2 years,0,0,0,0,0,0,0
S01012143,Born outside the UK: Resident 2 years or more and less than 5 years,0,0,0,0,0,0,0
S01012143,Born outside the UK: Resident 5 years or more and less than 10 years,3,1,0,1,2,2,0
S01012143,Born outside the UK: Resident 10 years or more,26,26,20,6,0,0,0
S01012144,All people in households,1046,943,383,560,103,38,65
S01012144,Born in the UK,1014,912,368,544,102,38,64
S01012144,Born outside the UK: Total,32,31,15,16,1,0,1
S01012144,Born outside the UK: Resident less than 2 years,4,4,4,0,0,0,0
S01012144,Born outside the UK: Resident 2 years or more and less than 5 years,0,0,0,0,0,0,0
S01012144,Born outside the UK: Resident 5 years or more and less than 10 years,1,1,1,0,0,0,0
S01012144,Born outside the UK: Resident 10 years or more,27,26,10,16,1,0,1
S01012145,All people in households,1019,965,365,600,54,20,34
S01012145,Born in the UK,974,926,344,582,48,17,31
S01012145,Born outside the UK: Total,45,39,21,18,6,3,3
S01012145,Born outside the UK: Resident less than 2 years,1,0,0,0,1,0,1
S01012145,Born outside the UK: Resident 2 years or more and less than 5 years,1,1,1,0,0,0,0
S01012145,Born outside the UK: Resident 5 years or more and less than 10 years,3,3,2,1,0,0,0
S01012145,Born outside the UK: Resident 10 years or more,40,35,18,17,5,3,2
S01012146,All people in households,979,353,125,228,626,417,209
S01012146,Born in the UK,913,339,121,218,574,407,167
S01012146,Born outside the UK: Total,66,14,4,10,52,10,42
S01012146,Born outside the UK: Resident less than 2 years,8,0,0,0,8,1,7
S01012146,Born outside the UK: Resident 2 years or more and less than 5 years,33,2,0,2,31,2,29
S01012146,Born outside the UK: Resident 5 years or more and less than 10 years,3,0,0,0,3,0,3
S01012146,Born outside the UK: Resident 10 years or more,22,12,4,8,10,7,3
S01012147,All people in households,753,329,115,214,424,340,84
S01012147,Born in the UK,711,305,111,194,406,332,74
S01012147,Born outside the UK: Total,42,24,4,20,18,8,10
S01012147,Born outside the UK: Resident less than 2 years,4,1,0,1,3,0,3
S01012147,Born outside the UK: Resident 2 years or more and less than 5 years,10,4,0,4,6,2,4
S01012147,Born outside the UK: Resident 5 years or more and less than 10 years,7,6,0,6,1,0,1
S01012147,Born outside the UK: Resident 10 years or more,21,13,4,9,8,6,2
S01012148,All people in households,756,307,98,209,449,362,87
S01012148,Born in the UK,739,295,95,200,444,359,85
S01012148,Born outside the UK: Total,17,12,3,9,5,3,2
S01012148,Born outside the UK: Resident less than 2 years,0,0,0,0,0,0,0
S01012148,Born outside the UK: Resident 2 years or more and less than 5 years,6,3,0,3,3,2,1
S01012148,Born outside the UK: Resident 5 years or more and less than 10 years,4,2,0,2,2,1,1
S01012148,Born outside the UK: Resident 10 years or more,7,7,3,4,0,0,0
S01012149,All people in households,800,544,132,412,256,159,97
S01012149,Born in the UK,743,506,122,384,237,146,91
S01012149,Born outside the UK: Total,57,38,10,28,19,13,6
S01012149,Born outside the UK: Resident less than 2 years,2,0,0,0,2,0,2
S01012149,Born outside the UK: Resident 2 years or more and less than 5 years,14,5,1,4,9,7,2
S01012149,Born outside the UK: Resident 5 years or more and less than 10 years,10,7,0,7,3,2,1
S01012149,Born outside the UK: Resident 10 years or more,31,26,9,17,5,4,1
S01012150,All people in households,778,446,128,318,332,295,37
S01012150,Born in the UK,749,431,124,307,318,287,31
S01012150,Born outside the UK: Total,29,15,4,11,14,8,6
S01012150,Born outside the UK: Resident less than 2 years,0,0,0,0,0,0,0
S01012150,Born outside the UK: Resident 2 years or more and less than 5 years,0,0,0,0,0,0,0
S01012150,Born outside the UK: Resident 5 years or more and less than 10 years,17,7,0,7,10,5,5
S01012150,Born outside the UK: Resident 10 years or more,12,8,4,4,4,3,1
S01012151,All people in households,760,430,135,295,330,287,43
S01012151,Born in the UK,738,419,131,288,319,276,43
S01012151,Born outside the UK: Total,22,11,4,7,11,11,0
S01012151,Born outside the UK: Resident less than 2 years,2,1,1,0,1,1,0
S01012151,Born outside the UK: Resident 2 years or more and less than 5 years,3,0,0,0,3,3,0
S01012151,Born outside the UK: Resident 5 years or more and less than 10 years,6,4,0,4,2,2,0
S01012151,Born outside the UK: Resident 10 years or more,11,6,3,3,5,5,0
S01012152,All people in households,744,267,84,183,477,441,36
S01012152,Born in the UK,701,259,83,176,442,407,35
S01012152,Born outside the UK: Total,43,8,1,7,35,34,1
S01012152,Born outside the UK: Resident less than 2 years,3,0,0,0,3,3,0
S01012152,Born outside the UK: Resident 2 years or more and less than 5 years,13,0,0,0,13,13,0
S01012152,Born outside the UK: Resident 5 years or more and less than 10 years,7,1,0,1,6,6,0
S01012152,Born outside the UK: Resident 10 years or more,20,7,1,6,13,12,1
S01012153,All people in households,538,133,43,90,405,294,111
S01012153,Born in the UK,499,129,41,88,370,279,91
S01012153,Born outside the UK: Total,39,4,2,2,35,15,20
S01012153,Born outside the UK: Resident less than 2 years,4,0,0,0,4,0,4
S01012153,Born outside the UK: Resident 2 years or more and less than 5 years,15,1,0,1,14,4,10
S01012153,Born outside the UK: Resident 5 years or more and less than 10 years,8,1,0,1,7,4,3
S01012153,Born outside the UK: Resident 10 years or more,12,2,2,0,10,7,3
S01012154,All people in households,777,240,72,168,537,379,158
S01012154,Born in the UK,679,224,67,157,455,350,105
S01012154,Born outside the UK: Total,98,16,5,11,82,29,53
S01012154,Born outside the UK: Resident less than 2 years,30,2,0,2,28,5,23
S01012154,Born outside the UK: Resident 2 years or more and less than 5 years,37,4,0,4,33,11,22
S01012154,Born outside the UK: Resident 5 years or more and less than 10 years,20,2,0,2,18,11,7
S01012154,Born outside the UK: Resident 10 years or more,11,8,5,3,3,2,1
S01012155,All people in households,546,217,77,140,329,221,108
S01012155,Born in the UK,511,204,70,134,307,214,93
S01012155,Born outside the UK: Total,35,13,7,6,22,7,15
S01012155,Born outside the UK: Resident less than 2 years,6,0,0,0,6,0,6
S01012155,Born outside the UK: Resident 2 years or more and less than 5 years,11,1,1,0,10,4,6
S01012155,Born outside the UK: Resident 5 years or more and less than 10 years,9,5,2,3,4,2,2
S01012155,Born outside the UK: Resident 10 years or more,9,7,4,3,2,1,1
S01012156,All people in households,605,249,84,165,356,305,51
S01012156,Born in the UK,586,245,83,162,341,292,49
S01012156,Born outside the UK: Total,19,4,1,3,15,13,2
S01012156,Born outside the UK: Resident less than 2 years,0,0,0,0,0,0,0
S01012156,Born outside the UK: Resident 2 years or more and less than 5 years,4,0,0,0,4,3,1
S01012156,Born outside the UK: Resident 5 years or more and less than 10 years,4,0,0,0,4,3,1
S01012156,Born outside the UK: Resident 10 years or more,11,4,1,3,7,7,0
S01012157,All people in households,989,555,120,435,434,288,146
S01012157,Born in the UK,920,526,118,408,394,283,111
S01012157,Born outside the UK: Total,69,29,2,27,40,5,35
S01012157,Born outside the UK: Resident less than 2 years,7,1,0,1,6,0,6
S01012157,Born outside the UK: Resident 2 years or more and less than 5 years,25,3,0,3,22,1,21
S01012157,Born outside the UK: Resident 5 years or more and less than 10 years,14,8,1,7,6,1,5
S01012157,Born outside the UK: Resident 10 years or more,23,17,1,16,6,3,3
S01012158,All people in households,1068,837,161,676,231,82,149
S01012158,Born in the UK,997,791,148,643,206,71,135
S01012158,Born outside the UK: Total,71,46,13,33,25,11,14
S01012158,Born outside the UK: Resident less than 2 years,10,2,0,2,8,5,3
S01012158,Born outside the UK: Resident 2 years or more and less than 5 years,13,7,0,7,6,4,2
S01012158,Born outside the UK: Resident 5 years or more and less than 10 years,11,10,1,9,1,0,1
S01012158,Born outside the UK: Resident 10 years or more,37,27,12,15,10,2,8
S01012159,All people in households,503,485,228,257,18,6,12
S01012159,Born in the UK,490,480,226,254,10,4,6
S01012159,Born outside the UK: Total,13,5,2,3,8,2,6
S01012159,Born outside the UK: Resident less than 2 years,2,0,0,0,2,0,2
S01012159,Born outside the UK: Resident 2 years or more and less than 5 years,0,0,0,0,0,0,0
S01012159,Born outside the UK: Resident 5 years or more and less than 10 years,3,0,0,0,3,0,3
S01012159,Born outside the UK: Resident 10 years or more,8,5,2,3,3,2,1
S01012160,All people in households,662,628,266,362,34,3,31
S01012160,Born in the UK,641,614,260,354,27,2,25
S01012160,Born outside the UK: Total,21,14,6,8,7,1,6
S01012160,Born outside the UK: Resident less than 2 years,6,0,0,0,6,0,6
S01012160,Born outside the UK: Resident 2 years or more and less than 5 years,1,0,0,0,1,1,0
S01012160,Born outside the UK: Resident 5 years or more and less than 10 years,1,1,0,1,0,0,0
S01012160,Born outside the UK: Resident 10 years or more,13,13,6,7,0,0,0
S01012161,All people in households,457,172,34,138,285,203,82
S01012161,Born in the UK,426,163,31,132,263,192,71
S01012161,Born outside the UK: Total,31,9,3,6,22,11,11
S01012161,Born outside the UK: Resident less than 2 years,5,0,0,0,5,2,3
S01012161,Born outside the UK: Resident 2 years or more and less than 5 years,12,1,0,1,11,5,6
S01012161,Born outside the UK: Resident 5 years or more and less than 10 years,2,0,0,0,2,0,2
S01012161,Born outside the UK: Resident 10 years or more,12,8,3,5,4,4,0
S01012162,All people in households,870,413,64,349,457,353,104
S01012162,Born in the UK,801,388,60,328,413,327,86
S01012162,Born outside the UK: Total,69,25,4,21,44,26,18
S01012162,Born outside the UK: Resident less than 2 years,14,1,0,1,13,2,11
S01012162,Born outside the UK: Resident 2 years or more and less than 5 years,15,2,0,2,13,9,4
S01012162,Born outside the UK: Resident 5 years or more and less than 10 years,19,11,1,10,8,6,2
S01012162,Born outside the UK: Resident 10 years or more,21,11,3,8,10,9,1
S01012163,All people in households,761,358,73,285,403,240,163
S01012163,Born in the UK,691,337,66,271,354,231,123
S01012163,Born outside the UK: Total,70,21,7,14,49,9,40
S01012163,Born outside the UK: Resident less than 2 years,8,4,4,0,4,0,4
S01012163,Born outside the UK: Resident 2 years or more and less than 5 years,32,0,0,0,32,6,26
S01012163,Born outside the UK: Resident 5 years or more and less than 10 years,11,7,0,7,4,1,3
S01012163,Born outside the UK: Resident 10 years or more,19,10,3,7,9,2,7
S01012164,All people in households,1098,999,84,915,99,21,78
S01012164,Born in the UK,1026,950,80,870,76,14,62
S01012164,Born outside the UK: Total,72,49,4,45,23,7,16
S01012164,Born outside the UK: Resident less than 2 years,4,0,0,0,4,1,3
S01012164,Born outside the UK: Resident 2 years or more and less than 5 years,14,10,3,7,4,0,4
S01012164,Born outside the UK: Resident 5 years or more and less than 10 years,23,14,0,14,9,4,5
S01012164,Born outside the UK: Resident 10 years or more,31,25,1,24,6,2,4
S01012165,All people in households,921,385,124,261,536,451,85
S01012165,Born in the UK,872,371,117,254,501,427,74
S01012165,Born outside the UK: Total,49,14,7,7,35,24,11
S01012165,Born outside the UK: Resident less than 2 years,6,1,1,0,5,3,2
S01012165,Born outside the UK: Resident 2 years or more and less than 5 years,21,1,1,0,20,15,5
S01012165,Born outside the UK: Resident 5 years or more and less than 10 years,6,2,0,2,4,0,4
S01012165,Born outside the UK: Resident 10 years or more,16,10,5,5,6,6,0
S01012166,All people in households,604,350,96,254,254,158,96
S01012166,Born in the UK,585,346,95,251,239,155,84
S01012166,Born outside the UK: Total,19,4,1,3,15,3,12
S01012166,Born outside the UK: Resident less than 2 years,2,0,0,0,2,0,2
S01012166,Born outside the UK: Resident 2 years or more and less than 5 years,6,0,0,0,6,0,6
S01012166,Born outside the UK: Resident 5 years or more and less than 10 years,3,0,0,0,3,1,2
S01012166,Born outside the UK: Resident 10 years or more,8,4,1,3,4,2,2
S01012167,All people in households,781,518,148,370,263,184,79
S01012167,Born in the UK,756,506,147,359,250,180,70
S01012167,Born outside the UK: Total,25,12,1,11,13,4,9
S01012167,Born outside the UK: Resident less than 2 years,1,0,0,0,1,0,1
S01012167,Born outside the UK: Resident 2 years or more and less than 5 years,6,0,0,0,6,2,4
S01012167,Born outside the UK: Resident 5 years or more and less than 10 years,4,3,0,3,1,0,1
S01012167,Born outside the UK: Resident 10 years or more,14,9,1,8,5,2,3
S01012168,All people in households,848,780,321,459,68,42,26
S01012168,Born in the UK,825,760,311,449,65,42,23
S01012168,Born outside the UK: Total,23,20,10,10,3,0,3
S01012168,Born outside the UK: Resident less than 2 years,3,3,2,1,0,0,0
S01012168,Born outside the UK: Resident 2 years or more and less than 5 years,1,1,0,1,0,0,0
S01012168,Born outside the UK: Resident 5 years or more and less than 10 years,4,2,0,2,2,0,2
S01012168,Born outside the UK: Resident 10 years or more,15,14,8,6,1,0,1
S01012169,All people in households,851,640,230,410,211,158,53
S01012169,Born in the UK,828,627,226,401,201,153,48
S01012169,Born outside the UK: Total,23,13,4,9,10,5,5
S01012169,Born outside the UK: Resident less than 2 years,3,2,1,1,1,1,0
S01012169,Born outside the UK: Resident 2 years or more and less than 5 years,0,0,0,0,0,0,0
S01012169,Born outside the UK: Resident 5 years or more and less than 10 years,3,3,0,3,0,0,0
S01012169,Born outside the UK: Resident 10 years or more,17,8,3,5,9,4,5
S01012170,All people in households,975,688,254,434,287,217,70
S01012170,Born in the UK,958,677,252,425,281,213,68
S01012170,Born outside the UK: Total,17,11,2,9,6,4,2
S01012170,Born outside the UK: Resident less than 2 years,1,0,0,0,1,0,1
S01012170,Born outside the UK: Resident 2 years or more and less than 5 years,1,1,0,1,0,0,0
S01012170,Born outside the UK: Resident 5 years or more and less than 10 years,0,0,0,0,0,0,0
S01012170,Born outside the UK: Resident 10 years or more,15,10,2,8,5,4,1
S01012171,All people in households,1000,776,237,539,224,152,72
S01012171,Born in the UK,983,761,234,527,222,150,72
S01012171,Born outside the UK: Total,17,15,3,12,2,2,0
S01012171,Born outside the UK: Resident less than 2 years,0,0,0,0,0,0,0
S01012171,Born outside the UK: Resident 2 years or more and less than 5 years,4,2,1,1,2,2,0
S01012171,Born outside the UK: Resident 5 years or more and less than 10 years,2,2,0,2,0,0,0
S01012171,Born outside the UK: Resident 10 years or more,11,11,2,9,0,0,0
S01012172,All people in households,744,511,207,304,233,130,103
S01012172,Born in the UK,720,496,202,294,224,126,98
S01012172,Born outside the UK: Total,24,15,5,10,9,4,5
S01012172,Born outside the UK: Resident less than 2 years,3,2,0,2,1,0,1
S01012172,Born outside the UK: Resident 2 years or more and less than 5 years,3,2,0,2,1,1,0
S01012172,Born outside the UK: Resident 5 years or more and less than 10 years,5,2,0,2,3,1,2
S01012172,Born outside the UK: Resident 10 years or more,13,9,5,4,4,2,2
S01012173,All people in households,647,630,304,326,17,8,9
S01012173,Born in the UK,622,608,294,314,14,5,9
S01012173,Born outside the UK: Total,25,22,10,12,3,3,0
S01012173,Born outside the UK: Resident less than 2 years,1,1,0,1,0,0,0
S01012173,Born outside the UK: Resident 2 years or more and less than 5 years,5,2,0,2,3,3,0
S01012173,Born outside the UK: Resident 5 years or more and less than 10 years,1,1,0,1,0,0,0
S01012173,Born outside the UK: Resident 10 years or more,18,18,10,8,0,0,0
S01012174,All people in households,894,831,162,669,63,16,47
S01012174,Born in the UK,851,793,149,644,58,12,46
S01012174,Born outside the UK: Total,43,38,13,25,5,4,1
S01012174,Born outside the UK: Resident less than 2 years,4,4,0,4,0,0,0
S01012174,Born outside the UK: Resident 2 years or more and less than 5 years,2,2,0,2,0,0,0
S01012174,Born outside the UK: Resident 5 years or more and less than 10 years,7,6,0,6,1,0,1
S01012174,Born outside the UK: Resident 10 years or more,30,26,13,13,4,4,0
S01012175,All people in households,818,755,239,516,63,12,51
S01012175,Born in the UK,761,706,222,484,55,9,46
S01012175,Born outside the UK: Total,57,49,17,32,8,3,5
S01012175,Born outside the UK: Resident less than 2 years,4,4,3,1,0,0,0
S01012175,Born outside the UK: Resident 2 years or more and less than 5 years,9,9,0,9,0,0,0
S01012175,Born outside the UK: Resident 5 years or more and less than 10 years,13,8,1,7,5,2,3
S01012175,Born outside the UK: Resident 10 years or more,31,28,13,15,3,1,2
S01012176,All people in households,841,777,255,522,64,6,58
S01012176,Born in the UK,804,742,244,498,62,5,57
S01012176,Born outside the UK: Total,37,35,11,24,2,1,1
S01012176,Born outside the UK: Resident less than 2 years,3,3,0,3,0,0,0
S01012176,Born outside the UK: Resident 2 years or more and less than 5 years,3,2,0,2,1,1,0
S01012176,Born outside the UK: Resident 5 years or more and less than 10 years,3,3,0,3,0,0,0
S01012176,Born outside the UK: Resident 10 years or more,28,27,11,16,1,0,1
S01012177,All people in households,617,572,254,318,45,8,37
S01012177,Born in the UK,591,548,242,306,43,8,35
S01012177,Born outside the UK: Total,26,24,12,12,2,0,2
S01012177,Born outside the UK: Resident less than 2 years,2,2,0,2,0,0,0
S01012177,Born outside the UK: Resident 2 years or more and less than 5 years,4,4,1,3,0,0,0
S01012177,Born outside the UK: Resident 5 years or more and less than 10 years,3,3,0,3,0,0,0
S01012177,Born outside the UK: Resident 10 years or more,17,15,11,4,2,0,2
S01012178,All people in households,519,498,233,265,21,6,15
S01012178,Born in the UK,503,487,228,259,16,3,13
S01012178,Born outside the UK: Total,16,11,5,6,5,3,2
S01012178,Born outside the UK: Resident less than 2 years,0,0,0,0,0,0,0
S01012178,Born outside the UK: Resident 2 years or more and less than 5 years,0,0,0,0,0,0,0
S01012178,Born outside the UK: Resident 5 years or more and less than 10 years,0,0,0,0,0,0,0
S01012178,Born outside the UK: Resident 10 years or more,16,11,5,6,5,3,2
S01012179,All people in households,604,437,180,257,167,97,70
S01012179,Born in the UK,581,418,177,241,163,96,67
S01012179,Born outside the UK: Total,23,19,3,16,4,1,3
S01012179,Born outside the UK: Resident less than 2 years,0,0,0,0,0,0,0
S01012179,Born outside the UK: Resident 2 years or more and less than 5 years,6,6,0,6,0,0,0
S01012179,Born outside the UK: Resident 5 years or more and less than 10 years,4,3,0,3,1,1,0
S01012179,Born outside the UK: Resident 10 years or more,13,10,3,7,3,0,3
S01012180,All people in households,573,450,213,237,123,87,36
S01012180,Born in the UK,563,442,211,231,121,86,35
S01012180,Born outside the UK: Total,10,8,2,6,2,1,1
S01012180,Born outside the UK: Resident less than 2 years,1,1,0,1,0,0,0
S01012180,Born outside the UK: Resident 2 years or more and less than 5 years,0,0,0,0,0,0,0
S01012180,Born outside the UK: Resident 5 years or more and less than 10 years,1,1,0,1,0,0,0
S01012180,Born outside the UK: Resident 10 years or more,8,6,2,4,2,1,1
S01012181,All people in households,757,567,196,371,190,113,77
S01012181,Born in the UK,707,532,182,350,175,108,67
S01012181,Born outside the UK: Total,50,35,14,21,15,5,10
S01012181,Born outside the UK: Resident less than 2 years,7,5,2,3,2,0,2
S01012181,Born outside the UK: Resident 2 years or more and less than 5 years,7,3,0,3,4,0,4
S01012181,Born outside the UK: Resident 5 years or more and less than 10 years,9,6,1,5,3,0,3
S01012181,Born outside the UK: Resident 10 years or more,27,21,11,10,6,5,1
S01012182,All people in households,1049,883,158,725,166,34,132
S01012182,Born in the UK,984,836,151,685,148,33,115
S01012182,Born outside the UK: Total,65,47,7,40,18,1,17
S01012182,Born outside the UK: Resident less than 2 years,6,2,0,2,4,0,4
S01012182,Born outside the UK: Resident 2 years or more and less than 5 years,11,6,0,6,5,1,4
S01012182,Born outside the UK: Resident 5 years or more and less than 10 years,11,10,0,10,1,0,1
S01012182,Born outside the UK: Resident 10 years or more,37,29,7,22,8,0,8
S01012183,All people in households,720,436,118,318,284,175,109
S01012183,Born in the UK,683,411,116,295,272,169,103
S01012183,Born outside the UK: Total,37,25,2,23,12,6,6
S01012183,Born outside the UK: Resident less than 2 years,7,6,1,5,1,0,1
S01012183,Born outside the UK: Resident 2 years or more and less than 5 years,8,5,0,5,3,0,3
S01012183,Born outside the UK: Resident 5 years or more and less than 10 years,9,5,0,5,4,2,2
S01012183,Born outside the UK: Resident 10 years or more,13,9,1,8,4,4,0
S01012184,All people in households,502,303,47,256,199,13,186
S01012184,Born in the UK,456,283,46,237,173,13,160
S01012184,Born outside the UK: Total,46,20,1,19,26,0,26
S01012184,Born outside the UK: Resident less than 2 years,7,2,0,2,5,0,5
S01012184,Born outside the UK: Resident 2 years or more and less than 5 years,9,3,0,3,6,0,6
S01012184,Born outside the UK: Resident 5 years or more and less than 10 years,12,7,0,7,5,0,5
S01012184,Born outside the UK: Resident 10 years or more,18,8,1,7,10,0,10
S01012185,All people in households,704,288,76,212,416,192,224
S01012185,Born in the UK,640,274,68,206,366,186,180
S01012185,Born outside the UK: Total,64,14,8,6,50,6,44
S01012185,Born outside the UK: Resident less than 2 years,8,0,0,0,8,0,8
S01012185,Born outside the UK: Resident 2 years or more and less than 5 years,14,1,0,1,13,3,10
S01012185,Born outside the UK: Resident 5 years or more and less than 10 years,6,1,1,0,5,0,5
S01012185,Born outside the UK: Resident 10 years or more,36,12,7,5,24,3,21
S01012186,All people in households,694,490,190,300,204,153,51
S01012186,Born in the UK,680,478,183,295,202,151,51
S01012186,Born outside the UK: Total,14,12,7,5,2,2,0
S01012186,Born outside the UK: Resident less than 2 years,1,1,0,1,0,0,0
S01012186,Born outside the UK: Resident 2 years or more and less than 5 years,0,0,0,0,0,0,0
S01012186,Born outside the UK: Resident 5 years or more and less than 10 years,0,0,0,0,0,0,0
S01012186,Born outside the UK: Resident 10 years or more,13,11,7,4,2,2,0
S01012187,All people in households,669,361,129,232,308,214,94
S01012187,Born in the UK,644,350,127,223,294,208,86
S01012187,Born outside the UK: Total,25,11,2,9,14,6,8
S01012187,Born outside the UK: Resident less than 2 years,3,1,1,0,2,0,2
S01012187,Born outside the UK: Resident 2 years or more and less than 5 years,4,1,0,1,3,0,3
S01012187,Born outside the UK: Resident 5 years or more and less than 10 years,4,2,1,1,2,1,1
S01012187,Born outside the UK: Resident 10 years or more,14,7,0,7,7,5,2
S01012188,All people in households,523,448,219,229,75,44,31
S01012188,Born in the UK,514,444,218,226,70,43,27
S01012188,Born outside the UK: Total,9,4,1,3,5,1,4
S01012188,Born outside the UK: Resident less than 2 years,0,0,0,0,0,0,0
S01012188,Born outside the UK: Resident 2 years or more and less than 5 years,4,0,0,0,4,0,4
S01012188,Born outside the UK: Resident 5 years or more and less than 10 years,1,1,0,1,0,0,0
S01012188,Born outside the UK: Resident 10 years or more,4,3,1,2,1,1,0
S01012189,All people in households,581,493,125,368,88,56,32
S01012189,Born in the UK,568,480,122,358,88,56,32
S01012189,Born outside the UK: Total,13,13,3,10,0,0,0
S01012189,Born outside the UK: Resident less than 2 years,0,0,0,0,0,0,0
S01012189,Born outside the UK: Resident 2 years or more and less than 5 years,1,1,0,1,0,0,0
S01012189,Born outside the UK: Resident 5 years or more and less than 10 years,2,2,0,2,0,0,0
S01012189,Born outside the UK: Resident 10 years or more,10,10,3,7,0,0,0
S01012190,All people in households,556,526,70,456,30,5,25
S01012190,Born in the UK,547,518,69,449,29,5,24
S01012190,Born outside the UK: Total,9,8,1,7,1,0,1
S01012190,Born outside the UK: Resident less than 2 years,0,0,0,0,0,0,0
S01012190,Born outside the UK: Resident 2 years or more and less than 5 years,0,0,0,0,0,0,0
S01012190,Born outside the UK: Resident 5 years or more and less than 10 years,0,0,0,0,0,0,0
S01012190,Born outside the UK: Resident 10 years or more,9,8,1,7,1,0,1
S01012191,All people in households,872,827,245,582,45,13,32
S01012191,Born in the UK,855,813,239,574,42,13,29
S01012191,Born outside the UK: Total,17,14,6,8,3,0,3
S01012191,Born outside the UK: Resident less than 2 years,0,0,0,0,0,0,0
S01012191,Born outside the UK: Resident 2 years or more and less than 5 years,2,0,0,0,2,0,2
S01012191,Born outside the UK: Resident 5 years or more and less than 10 years,2,1,0,1,1,0,1
S01012191,Born outside the UK: Resident 10 years or more,13,13,6,7,0,0,0
S01012192,All people in households,505,475,168,307,30,19,11
S01012192,Born in the UK,479,453,160,293,26,19,7
S01012192,Born outside the UK: Total,26,22,8,14,4,0,4
S01012192,Born outside the UK: Resident less than 2 years,5,1,0,1,4,0,4
S01012192,Born outside the UK: Resident 2 years or more and less than 5 years,2,2,0,2,0,0,0
S01012192,Born outside the UK: Resident 5 years or more and less than 10 years,1,1,0,1,0,0,0
S01012192,Born outside the UK: Resident 10 years or more,18,18,8,10,0,0,0
S01012193,All people in households,562,548,84,464,14,10,4
S01012193,Born in the UK,550,537,79,458,13,9,4
S01012193,Born outside the UK: Total,12,11,5,6,1,1,0
S01012193,Born outside the UK: Resident less than 2 years,1,0,0,0,1,1,0
S01012193,Born outside the UK: Resident 2 years or more and less than 5 years,0,0,0,0,0,0,0
S01012193,Born outside the UK: Resident 5 years or more and less than 10 years,1,1,0,1,0,0,0
S01012193,Born outside the UK: Resident 10 years or more,10,10,5,5,0,0,0
S01012194,All people in households,561,555,84,471,6,3,3
S01012194,Born in the UK,551,546,82,464,5,3,2
S01012194,Born outside the UK: Total,10,9,2,7,1,0,1
S01012194,Born outside the UK: Resident less than 2 years,0,0,0,0,0,0,0
S01012194,Born outside the UK: Resident 2 years or more and less than 5 years,0,0,0,0,0,0,0
S01012194,Born outside the UK: Resident 5 years or more and less than 10 years,1,1,0,1,0,0,0
S01012194,Born outside the UK: Resident 10 years or more,9,8,2,6,1,0,1
S01012195,All people in households,1118,1034,216,818,84,58,26
S01012195,Born in the UK,1094,1012,209,803,82,57,25
S01012195,Born outside the UK: Total,24,22,7,15,2,1,1
S01012195,Born outside the UK: Resident less than 2 years,0,0,0,0,0,0,0
S01012195,Born outside the UK: Resident 2 years or more and less than 5 years,1,1,0,1,0,0,0
S01012195,Born outside the UK: Resident 5 years or more and less than 10 years,5,5,1,4,0,0,0
S01012195,Born outside the UK: Resident 10 years or more,18,16,6,10,2,1,1
S01012196,All people in households,573,515,89,426,58,28,30
S01012196,Born in the UK,544,487,79,408,57,27,30
S01012196,Born outside the UK: Total,29,28,10,18,1,1,0
S01012196,Born outside the UK: Resident less than 2 years,2,2,0,2,0,0,0
S01012196,Born outside the UK: Resident 2 years or more and less than 5 years,1,0,0,0,1,1,0
S01012196,Born outside the UK: Resident 5 years or more and less than 10 years,2,2,1,1,0,0,0
S01012196,Born outside the UK: Resident 10 years or more,24,24,9,15,0,0,0
S01012197,All people in households,726,557,129,428,169,144,25
S01012197,Born in the UK,718,550,124,426,168,143,25
S01012197,Born outside the UK: Total,8,7,5,2,1,1,0
S01012197,Born outside the UK: Resident less than 2 years,0,0,0,0,0,0,0
S01012197,Born outside the UK: Resident 2 years or more and less than 5 years,0,0,0,0,0,0,0
S01012197,Born outside the UK: Resident 5 years or more and less than 10 years,2,2,0,2,0,0,0
S01012197,Born outside the UK: Resident 10 years or more,6,5,5,0,1,1,0
S01012198,All people in households,859,632,149,483,227,197,30
S01012198,Born in the UK,841,620,146,474,221,196,25
S01012198,Born outside the UK: Total,18,12,3,9,6,1,5
S01012198,Born outside the UK: Resident less than 2 years,0,0,0,0,0,0,0
S01012198,Born outside the UK: Resident 2 years or more and less than 5 years,3,0,0,0,3,0,3
S01012198,Born outside the UK: Resident 5 years or more and less than 10 years,2,0,0,0,2,1,1
S01012198,Born outside the UK: Resident 10 years or more,13,12,3,9,1,0,1
S01012199,All people in households,730,553,159,394,177,106,71
S01012199,Born in the UK,719,545,158,387,174,106,68
S01012199,Born outside the UK: Total,11,8,1,7,3,0,3
S01012199,Born outside the UK: Resident less than 2 years,0,0,0,0,0,0,0
S01012199,Born outside the UK: Resident 2 years or more and less than 5 years,0,0,0,0,0,0,0
S01012199,Born outside the UK: Resident 5 years or more and less than 10 years,3,1,0,1,2,0,2
S01012199,Born outside the UK: Resident 10 years or more,8,7,1,6,1,0,1
S01012200,All people in households,647,505,146,359,142,101,41
S01012200,Born in the UK,634,494,140,354,140,99,41
S01012200,Born outside the UK: Total,13,11,6,5,2,2,0
S01012200,Born outside the UK: Resident less than 2 years,0,0,0,0,0,0,0
S01012200,Born outside the UK: Resident 2 years or more and less than 5 years,2,2,1,1,0,0,0
S01012200,Born outside the UK: Resident 5 years or more and less than 10 years,0,0,0,0,0,0,0
S01012200,Born outside the UK: Resident 10 years or more,11,9,5,4,2,2,0
S01012201,All people in households,770,583,155,428,187,144,43
S01012201,Born in the UK,754,573,155,418,181,139,42
S01012201,Born outside the UK: Total,16,10,0,10,6,5,1
S01012201,Born outside the UK: Resident less than 2 years,2,2,0,2,0,0,0
S01012201,Born outside the UK: Resident 2 years or more and less than 5 years,0,0,0,0,0,0,0
S01012201,Born outside the UK: Resident 5 years or more and less than 10 years,4,1,0,1,3,3,0
S01012201,Born outside the UK: Resident 10 years or more,10,7,0,7,3,2,1
S01012202,All people in households,598,506,137,369,92,53,39
S01012202,Born in the UK,577,490,135,355,87,52,35
S01012202,Born outside the UK: Total,21,16,2,14,5,1,4
S01012202,Born outside the UK: Resident less than 2 years,0,0,0,0,0,0,0
S01012202,Born outside the UK: Resident 2 years or more and less than 5 years,4,4,1,3,0,0,0
S01012202,Born outside the UK: Resident 5 years or more and less than 10 years,6,2,0,2,4,0,4
S01012202,Born outside the UK: Resident 10 years or more,11,10,1,9,1,1,0
S01012203,All people in households,772,756,243,513,16,9,7
S01012203,Born in the UK,758,743,236,507,15,8,7
S01012203,Born outside the UK: Total,14,13,7,6,1,1,0
S01012203,Born outside the UK: Resident less than 2 years,2,2,2,0,0,0,0
S01012203,Born outside the UK: Resident 2 years or more and less than 5 years,0,0,0,0,0,0,0
S01012203,Born outside the UK: Resident 5 years or more and less than 10 years,2,2,1,1,0,0,0
S01012203,Born outside the UK: Resident 10 years or more,10,9,4,5,1,1,0
S01012204,All people in households,789,762,233,529,27,4,23
S01012204,Born in the UK,773,751,229,522,22,4,18
S01012204,Born outside the UK: Total,16,11,4,7,5,0,5
S01012204,Born outside the UK: Resident less than 2 years,3,0,0,0,3,0,3
S01012204,Born outside the UK: Resident 2 years or more and less than 5 years,2,0,0,0,2,0,2
S01012204,Born outside the UK: Resident 5 years or more and less than 10 years,3,3,0,3,0,0,0
S01012204,Born outside the UK: Resident 10 years or more,8,8,4,4,0,0,0
S01012205,All people in households,675,636,190,446,39,9,30
S01012205,Born in the UK,651,619,184,435,32,7,25
S01012205,Born outside the UK: Total,24,17,6,11,7,2,5
S01012205,Born outside the UK: Resident less than 2 years,4,1,0,1,3,0,3
S01012205,Born outside the UK: Resident 2 years or more and less than 5 years,1,0,0,0,1,0,1
S01012205,Born outside the UK: Resident 5 years or more and less than 10 years,2,1,0,1,1,0,1
S01012205,Born outside the UK: Resident 10 years or more,17,15,6,9,2,2,0
S01012206,All people in households,846,759,205,554,87,57,30
S01012206,Born in the UK,831,748,204,544,83,56,27
S01012206,Born outside the UK: Total,15,11,1,10,4,1,3
S01012206,Born outside the UK: Resident less than 2 years,0,0,0,0,0,0,0
S01012206,Born outside the UK: Resident 2 years or more and less than 5 years,0,0,0,0,0,0,0
S01012206,Born outside the UK: Resident 5 years or more and less than 10 years,6,4,0,4,2,0,2
S01012206,Born outside the UK: Resident 10 years or more,9,7,1,6,2,1,1
S01012207,All people in households,926,686,209,477,240,156,84
S01012207,Born in the UK,915,682,207,475,233,154,79
S01012207,Born outside the UK: Total,11,4,2,2,7,2,5
S01012207,Born outside the UK: Resident less than 2 years,2,0,0,0,2,0,2
S01012207,Born outside the UK: Resident 2 years or more and less than 5 years,2,0,0,0,2,1,1
S01012207,Born outside the UK: Resident 5 years or more and less than 10 years,2,0,0,0,2,0,2
S01012207,Born outside the UK: Resident 10 years or more,5,4,2,2,1,1,0
S01012208,All people in households,1057,782,252,530,275,193,82
S01012208,Born in the UK,1035,764,247,517,271,190,81
S01012208,Born outside the UK: Total,22,18,5,13,4,3,1
S01012208,Born outside the UK: Resident less than 2 years,4,2,1,1,2,1,1
S01012208,Born outside the UK: Resident 2 years or more and less than 5 years,5,5,0,5,0,0,0
S01012208,Born outside the UK: Resident 5 years or more and less than 10 years,0,0,0,0,0,0,0
S01012208,Born outside the UK: Resident 10 years or more,13,11,4,7,2,2,0
S01012209,All people in households,737,548,146,402,189,128,61
S01012209,Born in the UK,720,537,143,394,183,126,57
S01012209,Born outside the UK: Total,17,11,3,8,6,2,4
S01012209,Born outside the UK: Resident less than 2 years,0,0,0,0,0,0,0
S01012209,Born outside the UK: Resident 2 years or more and less than 5 years,3,0,0,0,3,0,3
S01012209,Born outside the UK: Resident 5 years or more and less than 10 years,0,0,0,0,0,0,0
S01012209,Born outside the UK: Resident 10 years or more,14,11,3,8,3,2,1
S01012210,All people in households,790,541,176,365,249,200,49
S01012210,Born in the UK,771,527,173,354,244,199,45
S01012210,Born outside the UK: Total,19,14,3,11,5,1,4
S01012210,Born outside the UK: Resident less than 2 years,1,0,0,0,1,0,1
S01012210,Born outside the UK: Resident 2 years or more and less than 5 years,1,0,0,0,1,0,1
S01012210,Born outside the UK: Resident 5 years or more and less than 10 years,4,4,0,4,0,0,0
S01012210,Born outside the UK: Resident 10 years or more,13,10,3,7,3,1,2
S01012211,All people in households,905,731,216,515,174,119,55
S01012211,Born in the UK,867,707,212,495,160,117,43
S01012211,Born outside the UK: Total,38,24,4,20,14,2,12
S01012211,Born outside the UK: Resident less than 2 years,2,2,0,2,0,0,0
S01012211,Born outside the UK: Resident 2 years or more and less than 5 years,14,3,2,1,11,0,11
S01012211,Born outside the UK: Resident 5 years or more and less than 10 years,10,8,0,8,2,1,1
S01012211,Born outside the UK: Resident 10 years or more,12,11,2,9,1,1,0
S01012212,All people in households,762,737,335,402,25,15,10
S01012212,Born in the UK,751,727,330,397,24,15,9
S01012212,Born outside the UK: Total,11,10,5,5,1,0,1
S01012212,Born outside the UK: Resident less than 2 years,0,0,0,0,0,0,0
S01012212,Born outside the UK: Resident 2 years or more and less than 5 years,0,0,0,0,0,0,0
S01012212,Born outside the UK: Resident 5 years or more and less than 10 years,1,1,0,1,0,0,0
S01012212,Born outside the UK: Resident 10 years or more,10,9,5,4,1,0,1
S01012213,All people in households,808,779,352,427,29,6,23
S01012213,Born in the UK,789,764,347,417,25,6,19
S01012213,Born outside the UK: Total,19,15,5,10,4,0,4
S01012213,Born outside the UK: Resident less than 2 years,3,0,0,0,3,0,3
S01012213,Born outside the UK: Resident 2 years or more and less than 5 years,1,0,0,0,1,0,1
S01012213,Born outside the UK: Resident 5 years or more and less than 10 years,4,4,0,4,0,0,0
S01012213,Born outside the UK: Resident 10 years or more,11,11,5,6,0,0,0
S01012214,All people in households,681,660,303,357,21,1,20
S01012214,Born in the UK,668,648,299,349,20,1,19
S01012214,Born outside the UK: Total,13,12,4,8,1,0,1
S01012214,Born outside the UK: Resident less than 2 years,0,0,0,0,0,0,0
S01012214,Born outside the UK: Resident 2 years or more and less than 5 years,0,0,0,0,0,0,0
S01012214,Born outside the UK: Resident 5 years or more and less than 10 years,1,1,0,1,0,0,0
S01012214,Born outside the UK: Resident 10 years or more,12,11,4,7,1,0,1
S01012215,All people in households,843,808,300,508,35,16,19
S01012215,Born in the UK,823,795,295,500,28,11,17
S01012215,Born outside the UK: Total,20,13,5,8,7,5,2
S01012215,Born outside the UK: Resident less than 2 years,0,0,0,0,0,0,0
S01012215,Born outside the UK: Resident 2 years or more and less than 5 years,5,0,0,0,5,5,0
S01012215,Born outside the UK: Resident 5 years or more and less than 10 years,2,2,1,1,0,0,0
S01012215,Born outside the UK: Resident 10 years or more,13,11,4,7,2,0,2
S01012216,All people in households,709,661,258,403,48,20,28
S01012216,Born in the UK,695,647,249,398,48,20,28
S01012216,Born outside the UK: Total,14,14,9,5,0,0,0
S01012216,Born outside the UK: Resident less than 2 years,0,0,0,0,0,0,0
S01012216,Born outside the UK: Resident 2 years or more and less than 5 years,0,0,0,0,0,0,0
S01012216,Born outside the UK: Resident 5 years or more and less than 10 years,0,0,0,0,0,0,0
S01012216,Born outside the UK: Resident 10 years or more,14,14,9,5,0,0,0
S01012217,All people in households,560,246,69,177,314,263,51
S01012217,Born in the UK,532,234,68,166,298,256,42
S01012217,Born outside the UK: Total,28,12,1,11,16,7,9
S01012217,Born outside the UK: Resident less than 2 years,0,0,0,0,0,0,0
S01012217,Born outside the UK: Resident 2 years or more and less than 5 years,12,3,0,3,9,3,6
S01012217,Born outside the UK: Resident 5 years or more and less than 10 years,7,4,0,4,3,0,3
S01012217,Born outside the UK: Resident 10 years or more,9,5,1,4,4,4,0
S01012218,All people in households,487,172,50,122,315,278,37
S01012218,Born in the UK,455,158,41,117,297,263,34
S01012218,Born outside the UK: Total,32,14,9,5,18,15,3
S01012218,Born outside the UK: Resident less than 2 years,2,0,0,0,2,2,0
S01012218,Born outside the UK: Resident 2 years or more and less than 5 years,10,4,3,1,6,6,0
S01012218,Born outside the UK: Resident 5 years or more and less than 10 years,3,0,0,0,3,0,3
S01012218,Born outside the UK: Resident 10 years or more,17,10,6,4,7,7,0
S01012219,All people in households,846,468,169,299,378,318,60
S01012219,Born in the UK,829,458,167,291,371,314,57
S01012219,Born outside the UK: Total,17,10,2,8,7,4,3
S01012219,Born outside the UK: Resident less than 2 years,1,1,0,1,0,0,0
S01012219,Born outside the UK: Resident 2 years or more and less than 5 years,0,0,0,0,0,0,0
S01012219,Born outside the UK: Resident 5 years or more and less than 10 years,3,2,1,1,1,1,0
S01012219,Born outside the UK: Resident 10 years or more,13,7,1,6,6,3,3
S01012220,All people in households,629,226,76,150,403,307,96
S01012220,Born in the UK,594,215,69,146,379,291,88
S01012220,Born outside the UK: Total,35,11,7,4,24,16,8
S01012220,Born outside the UK: Resident less than 2 years,3,1,0,1,2,2,0
S01012220,Born outside the UK: Resident 2 years or more and less than 5 years,6,0,0,0,6,4,2
S01012220,Born outside the UK: Resident 5 years or more and less than 10 years,10,1,0,1,9,4,5
S01012220,Born outside the UK: Resident 10 years or more,16,9,7,2,7,6,1
S01012221,All people in households,628,399,126,273,229,168,61
S01012221,Born in the UK,612,393,124,269,219,165,54
S01012221,Born outside the UK: Total,16,6,2,4,10,3,7
S01012221,Born outside the UK: Resident less than 2 years,6,2,0,2,4,0,4
S01012221,Born outside the UK: Resident 2 years or more and less than 5 years,1,0,0,0,1,0,1
S01012221,Born outside the UK: Resident 5 years or more and less than 10 years,2,2,2,0,0,0,0
S01012221,Born outside the UK: Resident 10 years or more,7,2,0,2,5,3,2
S01012222,All people in households,789,531,172,359,258,183,75
S01012222,Born in the UK,769,523,168,355,246,179,67
S01012222,Born outside the UK: Total,20,8,4,4,12,4,8
S01012222,Born outside the UK: Resident less than 2 years,8,0,0,0,8,0,8
S01012222,Born outside the UK: Resident 2 years or more and less than 5 years,1,0,0,0,1,1,0
S01012222,Born outside the UK: Resident 5 years or more and less than 10 years,1,1,1,0,0,0,0
S01012222,Born outside the UK: Resident 10 years or more,10,7,3,4,3,3,0
S01012223,All people in households,722,365,96,269,357,318,39
S01012223,Born in the UK,702,356,95,261,346,307,39
S01012223,Born outside the UK: Total,20,9,1,8,11,11,0
S01012223,Born outside the UK: Resident less than 2 years,1,1,0,1,0,0,0
S01012223,Born outside the UK: Resident 2 years or more and less than 5 years,7,2,0,2,5,5,0
S01012223,Born outside the UK: Resident 5 years or more and less than 10 years,4,1,0,1,3,3,0
S01012223,Born outside the UK: Resident 10 years or more,8,5,1,4,3,3,0
S01012224,All people in households,767,517,118,399,250,198,52
S01012224,Born in the UK,738,500,114,386,238,192,46
S01012224,Born outside the UK: Total,29,17,4,13,12,6,6
S01012224,Born outside the UK: Resident less than 2 years,3,3,0,3,0,0,0
S01012224,Born outside the UK: Resident 2 years or more and less than 5 years,8,4,0,4,4,4,0
S01012224,Born outside the UK: Resident 5 years or more and less than 10 years,6,0,0,0,6,2,4
S01012224,Born outside the UK: Resident 10 years or more,12,10,4,6,2,0,2
S01012225,All people in households,1070,613,162,451,457,351,106
S01012225,Born in the UK,1046,595,154,441,451,345,106
S01012225,Born outside the UK: Total,24,18,8,10,6,6,0
S01012225,Born outside the UK: Resident less than 2 years,0,0,0,0,0,0,0
S01012225,Born outside the UK: Resident 2 years or more and less than 5 years,4,4,1,3,0,0,0
S01012225,Born outside the UK: Resident 5 years or more and less than 10 years,8,4,0,4,4,4,0
S01012225,Born outside the UK: Resident 10 years or more,12,10,7,3,2,2,0
S01012226,All people in households,731,625,175,450,106,70,36
S01012226,Born in the UK,722,618,172,446,104,69,35
S01012226,Born outside the UK: Total,9,7,3,4,2,1,1
S01012226,Born outside the UK: Resident less than 2 years,0,0,0,0,0,0,0
S01012226,Born outside the UK: Resident 2 years or more and less than 5 years,1,0,0,0,1,0,1
S01012226,Born outside the UK: Resident 5 years or more and less than 10 years,3,2,0,2,1,1,0
S01012226,Born outside the UK: Resident 10 years or more,5,5,3,2,0,0,0
S01012227,All people in households,669,554,155,399,115,67,48
S01012227,Born in the UK,659,548,154,394,111,63,48
S01012227,Born outside the UK: Total,10,6,1,5,4,4,0
S01012227,Born outside the UK: Resident less than 2 years,0,0,0,0,0,0,0
S01012227,Born outside the UK: Resident 2 years or more and less than 5 years,1,0,0,0,1,1,0
S01012227,Born outside the UK: Resident 5 years or more and less than 10 years,0,0,0,0,0,0,0
S01012227,Born outside the UK: Resident 10 years or more,9,6,1,5,3,3,0
S01012228,All people in households,693,569,148,421,124,85,39
S01012228,Born in the UK,674,557,146,411,117,83,34
S01012228,Born outside the UK: Total,19,12,2,10,7,2,5
S01012228,Born outside the UK: Resident less than 2 years,6,2,1,1,4,0,4
S01012228,Born outside the UK: Resident 2 years or more and less than 5 years,0,0,0,0,0,0,0
S01012228,Born outside the UK: Resident 5 years or more and less than 10 years,1,1,0,1,0,0,0
S01012228,Born outside the UK: Resident 10 years or more,12,9,1,8,3,2,1
S01012229,All people in households,684,596,162,434,88,7,81
S01012229,Born in the UK,668,583,157,426,85,7,78
S01012229,Born outside the UK: Total,16,13,5,8,3,0,3
S01012229,Born outside the UK: Resident less than 2 years,2,1,0,1,1,0,1
S01012229,Born outside the UK: Resident 2 years or more and less than 5 years,0,0,0,0,0,0,0
S01012229,Born outside the UK: Resident 5 years or more and less than 10 years,5,4,1,3,1,0,1
S01012229,Born outside the UK: Resident 10 years or more,9,8,4,4,1,0,1
S01012230,All people in households,911,854,239,615,57,3,54
S01012230,Born in the UK,877,825,230,595,52,3,49
S01012230,Born outside the UK: Total,34,29,9,20,5,0,5
S01012230,Born outside the UK: Resident less than 2 years,3,1,0,1,2,0,2
S01012230,Born outside the UK: Resident 2 years or more and less than 5 years,0,0,0,0,0,0,0
S01012230,Born outside the UK: Resident 5 years or more and less than 10 years,3,2,0,2,1,0,1
S01012230,Born outside the UK: Resident 10 years or more,28,26,9,17,2,0,2
S01012231,All people in households,831,793,269,524,38,3,35
S01012231,Born in the UK,792,766,260,506,26,2,24
S01012231,Born outside the UK: Total,39,27,9,18,12,1,11
S01012231,Born outside the UK: Resident less than 2 years,8,0,0,0,8,0,8
S01012231,Born outside the UK: Resident 2 years or more and less than 5 years,2,1,0,1,1,1,0
S01012231,Born outside the UK: Resident 5 years or more and less than 10 years,3,3,2,1,0,0,0
S01012231,Born outside the UK: Resident 10 years or more,26,23,7,16,3,0,3
S01012232,All people in households,868,839,244,595,29,1,28
S01012232,Born in the UK,847,824,241,583,23,1,22
S01012232,Born outside the UK: Total,21,15,3,12,6,0,6
S01012232,Born outside the UK: Resident less than 2 years,0,0,0,0,0,0,0
S01012232,Born outside the UK: Resident 2 years or more and less than 5 years,6,1,0,1,5,0,5
S01012232,Born outside the UK: Resident 5 years or more and less than 10 years,2,1,0,1,1,0,1
S01012232,Born outside the UK: Resident 10 years or more,13,13,3,10,0,0,0
S01012233,All people in households,953,910,326,584,43,7,36
S01012233,Born in the UK,925,887,317,570,38,7,31
S01012233,Born outside the UK: Total,28,23,9,14,5,0,5
S01012233,Born outside the UK: Resident less than 2 years,2,0,0,0,2,0,2
S01012233,Born outside the UK: Resident 2 years or more and less than 5 years,6,6,1,5,0,0,0
S01012233,Born outside the UK: Resident 5 years or more and less than 10 years,6,5,1,4,1,0,1
S01012233,Born outside the UK: Resident 10 years or more,14,12,7,5,2,0,2
S01012234,All people in households,1082,1006,267,739,76,35,41
S01012234,Born in the UK,1052,977,261,716,75,35,40
S01012234,Born outside the UK: Total,30,29,6,23,1,0,1
S01012234,Born outside the UK: Resident less than 2 years,0,0,0,0,0,0,0
S01012234,Born outside the UK: Resident 2 years or more and less than 5 years,1,0,0,0,1,0,1
S01012234,Born outside the UK: Resident 5 years or more and less than 10 years,1,1,0,1,0,0,0
S01012234,Born outside the UK: Resident 10 years or more,28,28,6,22,0,0,0
S01012235,All people in households,457,436,222,214,21,7,14
S01012235,Born in the UK,449,428,219,209,21,7,14
S01012235,Born outside the UK: Total,8,8,3,5,0,0,0
S01012235,Born outside the UK: Resident less than 2 years,0,0,0,0,0,0,0
S01012235,Born outside the UK: Resident 2 years or more and less than 5 years,0,0,0,0,0,0,0
S01012235,Born outside the UK: Resident 5 years or more and less than 10 years,1,1,0,1,0,0,0
S01012235,Born outside the UK: Resident 10 years or more,7,7,3,4,0,0,0
S01012236,All people in households,610,476,152,324,134,49,85
S01012236,Born in the UK,596,470,149,321,126,43,83
S01012236,Born outside the UK: Total,14,6,3,3,8,6,2
S01012236,Born outside the UK: Resident less than 2 years,3,0,0,0,3,3,0
S01012236,Born outside the UK: Resident 2 years or more and less than 5 years,1,0,0,0,1,1,0
S01012236,Born outside the UK: Resident 5 years or more and less than 10 years,4,1,1,0,3,2,1
S01012236,Born outside the UK: Resident 10 years or more,6,5,2,3,1,0,1
S01012237,All people in households,801,765,318,447,36,13,23
S01012237,Born in the UK,760,732,301,431,28,9,19
S01012237,Born outside the UK: Total,41,33,17,16,8,4,4
S01012237,Born outside the UK: Resident less than 2 years,5,2,2,0,3,1,2
S01012237,Born outside the UK: Resident 2 years or more and less than 5 years,8,7,3,4,1,1,0
S01012237,Born outside the UK: Resident 5 years or more and less than 10 years,4,1,0,1,3,2,1
S01012237,Born outside the UK: Resident 10 years or more,24,23,12,11,1,0,1
S01012238,All people in households,604,418,139,279,186,103,83
S01012238,Born in the UK,579,402,134,268,177,101,76
S01012238,Born outside the UK: Total,25,16,5,11,9,2,7
S01012238,Born outside the UK: Resident less than 2 years,4,0,0,0,4,0,4
S01012238,Born outside the UK: Resident 2 years or more and less than 5 years,6,4,0,4,2,0,2
S01012238,Born outside the UK: Resident 5 years or more and less than 10 years,3,2,1,1,1,0,1
S01012238,Born outside the UK: Resident 10 years or more,12,10,4,6,2,2,0
S01012239,All people in households,586,345,126,219,241,171,70
S01012239,Born in the UK,562,329,122,207,233,167,66
S01012239,Born outside the UK: Total,24,16,4,12,8,4,4
S01012239,Born outside the UK: Resident less than 2 years,1,1,0,1,0,0,0
S01012239,Born outside the UK: Resident 2 years or more and less than 5 years,6,3,0,3,3,1,2
S01012239,Born outside the UK: Resident 5 years or more and less than 10 years,3,3,0,3,0,0,0
S01012239,Born outside the UK: Resident 10 years or more,14,9,4,5,5,3,2
S01012240,All people in households,842,617,260,357,225,137,88
S01012240,Born in the UK,811,596,249,347,215,134,81
S01012240,Born outside the UK: Total,31,21,11,10,10,3,7
S01012240,Born outside the UK: Resident less than 2 years,0,0,0,0,0,0,0
S01012240,Born outside the UK: Resident 2 years or more and less than 5 years,0,0,0,0,0,0,0
S01012240,Born outside the UK: Resident 5 years or more and less than 10 years,6,3,0,3,3,0,3
S01012240,Born outside the UK: Resident 10 years or more,25,18,11,7,7,3,4
S01012241,All people in households,569,511,231,280,58,22,36
S01012241,Born in the UK,547,494,223,271,53,21,32
S01012241,Born outside the UK: Total,22,17,8,9,5,1,4
S01012241,Born outside the UK: Resident less than 2 years,0,0,0,0,0,0,0
S01012241,Born outside the UK: Resident 2 years or more and less than 5 years,2,2,1,1,0,0,0
S01012241,Born outside the UK: Resident 5 years or more and less than 10 years,3,1,1,0,2,0,2
S01012241,Born outside the UK: Resident 10 years or more,17,14,6,8,3,1,2
S01012242,All people in households,800,767,316,451,33,13,20
S01012242,Born in the UK,751,728,300,428,23,7,16
S01012242,Born outside the UK: Total,49,39,16,23,10,6,4
S01012242,Born outside the UK: Resident less than 2 years,2,1,0,1,1,0,1
S01012242,Born outside the UK: Resident 2 years or more and less than 5 years,9,4,0,4,5,5,0
S01012242,Born outside the UK: Resident 5 years or more and less than 10 years,4,1,0,1,3,1,2
S01012242,Born outside the UK: Resident 10 years or more,34,33,16,17,1,0,1
S01012243,All people in households,644,546,198,348,98,20,78
S01012243,Born in the UK,619,533,195,338,86,20,66
S01012243,Born outside the UK: Total,25,13,3,10,12,0,12
S01012243,Born outside the UK: Resident less than 2 years,6,4,0,4,2,0,2
S01012243,Born outside the UK: Resident 2 years or more and less than 5 years,5,0,0,0,5,0,5
S01012243,Born outside the UK: Resident 5 years or more and less than 10 years,6,3,0,3,3,0,3
S01012243,Born outside the UK: Resident 10 years or more,8,6,3,3,2,0,2
S01012244,All people in households,911,738,281,457,173,24,149
S01012244,Born in the UK,827,686,266,420,141,23,118
S01012244,Born outside the UK: Total,84,52,15,37,32,1,31
S01012244,Born outside the UK: Resident less than 2 years,16,0,0,0,16,0,16
S01012244,Born outside the UK: Resident 2 years or more and less than 5 years,9,4,1,3,5,0,5
S01012244,Born outside the UK: Resident 5 years or more and less than 10 years,15,9,0,9,6,1,5
S01012244,Born outside the UK: Resident 10 years or more,44,39,14,25,5,0,5
S01012245,All people in households,734,571,270,301,163,95,68
S01012245,Born in the UK,694,550,261,289,144,92,52
S01012245,Born outside the UK: Total,40,21,9,12,19,3,16
S01012245,Born outside the UK: Resident less than 2 years,6,1,0,1,5,0,5
S01012245,Born outside the UK: Resident 2 years or more and less than 5 years,13,4,0,4,9,2,7
S01012245,Born outside the UK: Resident 5 years or more and less than 10 years,3,3,1,2,0,0,0
S01012245,Born outside the UK: Resident 10 years or more,18,13,8,5,5,1,4
S01012246,All people in households,813,696,253,443,117,54,63
S01012246,Born in the UK,770,673,243,430,97,50,47
S01012246,Born outside the UK: Total,43,23,10,13,20,4,16
S01012246,Born outside the UK: Resident less than 2 years,2,0,0,0,2,0,2
S01012246,Born outside the UK: Resident 2 years or more and less than 5 years,8,1,0,1,7,2,5
S01012246,Born outside the UK: Resident 5 years or more and less than 10 years,8,2,1,1,6,2,4
S01012246,Born outside the UK: Resident 10 years or more,25,20,9,11,5,0,5
S01012247,All people in households,713,580,252,328,133,32,101
S01012247,Born in the UK,650,543,234,309,107,31,76
S01012247,Born outside the UK: Total,63,37,18,19,26,1,25
S01012247,Born outside the UK: Resident less than 2 years,5,0,0,0,5,0,5
S01012247,Born outside the UK: Resident 2 years or more and less than 5 years,7,0,0,0,7,0,7
S01012247,Born outside the UK: Resident 5 years or more and less than 10 years,15,6,0,6,9,0,9
S01012247,Born outside the UK: Resident 10 years or more,36,31,18,13,5,1,4
S01012248,All people in households,818,567,229,338,251,63,188
S01012248,Born in the UK,760,542,224,318,218,52,166
S01012248,Born outside the UK: Total,58,25,5,20,33,11,22
S01012248,Born outside the UK: Resident less than 2 years,12,0,0,0,12,0,12
S01012248,Born outside the UK: Resident 2 years or more and less than 5 years,5,0,0,0,5,2,3
S01012248,Born outside the UK: Resident 5 years or more and less than 10 years,9,1,0,1,8,8,0
S01012248,Born outside the UK: Resident 10 years or more,32,24,5,19,8,1,7
S01012249,All people in households,863,597,260,337,266,102,164
S01012249,Born in the UK,811,559,242,317,252,97,155
S01012249,Born outside the UK: Total,52,38,18,20,14,5,9
S01012249,Born outside the UK: Resident less than 2 years,2,0,0,0,2,1,1
S01012249,Born outside the UK: Resident 2 years or more and less than 5 years,4,3,0,3,1,0,1
S01012249,Born outside the UK: Resident 5 years or more and less than 10 years,7,4,2,2,3,0,3
S01012249,Born outside the UK: Resident 10 years or more,39,31,16,15,8,4,4
S01012250,All people in households,671,478,263,215,193,18,175
S01012250,Born in the UK,628,453,251,202,175,18,157
S01012250,Born outside the UK: Total,43,25,12,13,18,0,18
S01012250,Born outside the UK: Resident less than 2 years,2,0,0,0,2,0,2
S01012250,Born outside the UK: Resident 2 years or more and less than 5 years,12,0,0,0,12,0,12
S01012250,Born outside the UK: Resident 5 years or more and less than 10 years,12,9,2,7,3,0,3
S01012250,Born outside the UK: Resident 10 years or more,17,16,10,6,1,0,1
S01012251,All people in households,957,575,229,346,382,281,101
S01012251,Born in the UK,900,546,219,327,354,274,80
S01012251,Born outside the UK: Total,57,29,10,19,28,7,21
S01012251,Born outside the UK: Resident less than 2 years,10,2,1,1,8,1,7
S01012251,Born outside the UK: Resident 2 years or more and less than 5 years,12,5,0,5,7,2,5
S01012251,Born outside the UK: Resident 5 years or more and less than 10 years,13,7,1,6,6,0,6
S01012251,Born outside the UK: Resident 10 years or more,22,15,8,7,7,4,3
S01012252,All people in households,713,443,143,300,270,204,66
S01012252,Born in the UK,673,421,133,288,252,198,54
S01012252,Born outside the UK: Total,40,22,10,12,18,6,12
S01012252,Born outside the UK: Resident less than 2 years,4,4,3,1,0,0,0
S01012252,Born outside the UK: Resident 2 years or more and less than 5 years,10,1,1,0,9,0,9
S01012252,Born outside the UK: Resident 5 years or more and less than 10 years,7,5,3,2,2,1,1
S01012252,Born outside the UK: Resident 10 years or more,19,12,3,9,7,5,2
S01012253,All people in households,871,509,265,244,362,218,144
S01012253,Born in the UK,798,481,255,226,317,209,108
S01012253,Born outside the UK: Total,73,28,10,18,45,9,36
S01012253,Born outside the UK: Resident less than 2 years,8,1,1,0,7,0,7
S01012253,Born outside the UK: Resident 2 years or more and less than 5 years,17,0,0,0,17,2,15
S01012253,Born outside the UK: Resident 5 years or more and less than 10 years,17,6,0,6,11,1,10
S01012253,Born outside the UK: Resident 10 years or more,31,21,9,12,10,6,4
S01012254,All people in households,858,623,251,372,235,94,141
S01012254,Born in the UK,789,600,249,351,189,92,97
S01012254,Born outside the UK: Total,69,23,2,21,46,2,44
S01012254,Born outside the UK: Resident less than 2 years,8,0,0,0,8,0,8
S01012254,Born outside the UK: Resident 2 years or more and less than 5 years,23,0,0,0,23,2,21
S01012254,Born outside the UK: Resident 5 years or more and less than 10 years,13,0,0,0,13,0,13
S01012254,Born outside the UK: Resident 10 years or more,25,23,2,21,2,0,2
S01012255,All people in households,859,600,339,261,259,81,178
S01012255,Born in the UK,783,570,323,247,213,74,139
S01012255,Born outside the UK: Total,76,30,16,14,46,7,39
S01012255,Born outside the UK: Resident less than 2 years,7,2,1,1,5,0,5
S01012255,Born outside the UK: Resident 2 years or more and less than 5 years,23,3,2,1,20,0,20
S01012255,Born outside the UK: Resident 5 years or more and less than 10 years,15,3,2,1,12,2,10
S01012255,Born outside the UK: Resident 10 years or more,31,22,11,11,9,5,4
S01012256,All people in households,867,703,252,451,164,117,47
S01012256,Born in the UK,816,674,243,431,142,103,39
S01012256,Born outside the UK: Total,51,29,9,20,22,14,8
S01012256,Born outside the UK: Resident less than 2 years,2,1,0,1,1,1,0
S01012256,Born outside the UK: Resident 2 years or more and less than 5 years,12,3,0,3,9,6,3
S01012256,Born outside the UK: Resident 5 years or more and less than 10 years,6,3,2,1,3,2,1
S01012256,Born outside the UK: Resident 10 years or more,31,22,7,15,9,5,4
S01012257,All people in households,926,670,305,365,256,198,58
S01012257,Born in the UK,879,642,297,345,237,194,43
S01012257,Born outside the UK: Total,47,28,8,20,19,4,15
S01012257,Born outside the UK: Resident less than 2 years,4,1,0,1,3,0,3
S01012257,Born outside the UK: Resident 2 years or more and less than 5 years,10,3,0,3,7,0,7
S01012257,Born outside the UK: Resident 5 years or more and less than 10 years,12,7,0,7,5,1,4
S01012257,Born outside the UK: Resident 10 years or more,21,17,8,9,4,3,1
S01012258,All people in households,759,706,300,406,53,13,40
S01012258,Born in the UK,732,686,292,394,46,10,36
S01012258,Born outside the UK: Total,27,20,8,12,7,3,4
S01012258,Born outside the UK: Resident less than 2 years,2,1,1,0,1,1,0
S01012258,Born outside the UK: Resident 2 years or more and less than 5 years,4,2,0,2,2,1,1
S01012258,Born outside the UK: Resident 5 years or more and less than 10 years,0,0,0,0,0,0,0
S01012258,Born outside the UK: Resident 10 years or more,21,17,7,10,4,1,3
S01012259,All people in households,606,545,310,235,61,17,44
S01012259,Born in the UK,579,524,295,229,55,15,40
S01012259,Born outside the UK: Total,27,21,15,6,6,2,4
S01012259,Born outside the UK: Resident less than 2 years,1,0,0,0,1,1,0
S01012259,Born outside the UK: Resident 2 years or more and less than 5 years,1,0,0,0,1,1,0
S01012259,Born outside the UK: Resident 5 years or more and less than 10 years,6,2,2,0,4,0,4
S01012259,Born outside the UK: Resident 10 years or more,19,19,13,6,0,0,0
S01012260,All people in households,857,636,214,422,221,166,55
S01012260,Born in the UK,823,612,205,407,211,164,47
S01012260,Born outside the UK: Total,34,24,9,15,10,2,8
S01012260,Born outside the UK: Resident less than 2 years,6,0,0,0,6,0,6
S01012260,Born outside the UK: Resident 2 years or more and less than 5 years,2,1,0,1,1,0,1
S01012260,Born outside the UK: Resident 5 years or more and less than 10 years,3,2,0,2,1,0,1
S01012260,Born outside the UK: Resident 10 years or more,23,21,9,12,2,2,0
S01012261,All people in households,883,713,174,539,170,117,53
S01012261,Born in the UK,844,686,163,523,158,111,47
S01012261,Born outside the UK: Total,39,27,11,16,12,6,6
S01012261,Born outside the UK: Resident less than 2 years,6,4,0,4,2,1,1
S01012261,Born outside the UK: Resident 2 years or more and less than 5 years,12,7,4,3,5,2,3
S01012261,Born outside the UK: Resident 5 years or more and less than 10 years,3,0,0,0,3,2,1
S01012261,Born outside the UK: Resident 10 years or more,18,16,7,9,2,1,1
S01012262,All people in households,792,487,218,269,305,35,270
S01012262,Born in the UK,762,466,211,255,296,34,262
S01012262,Born outside the UK: Total,30,21,7,14,9,1,8
S01012262,Born outside the UK: Resident less than 2 years,2,2,2,0,0,0,0
S01012262,Born outside the UK: Resident 2 years or more and less than 5 years,1,1,1,0,0,0,0
S01012262,Born outside the UK: Resident 5 years or more and less than 10 years,6,4,1,3,2,0,2
S01012262,Born outside the UK: Resident 10 years or more,21,14,3,11,7,1,6
S01012263,All people in households,699,412,182,230,287,184,103
S01012263,Born in the UK,656,392,173,219,264,174,90
S01012263,Born outside the UK: Total,43,20,9,11,23,10,13
S01012263,Born outside the UK: Resident less than 2 years,9,1,1,0,8,3,5
S01012263,Born outside the UK: Resident 2 years or more and less than 5 years,6,0,0,0,6,3,3
S01012263,Born outside the UK: Resident 5 years or more and less than 10 years,12,5,3,2,7,4,3
S01012263,Born outside the UK: Resident 10 years or more,16,14,5,9,2,0,2
S01012264,All people in households,472,333,133,200,139,88,51
S01012264,Born in the UK,449,314,128,186,135,88,47
S01012264,Born outside the UK: Total,23,19,5,14,4,0,4
S01012264,Born outside the UK: Resident less than 2 years,0,0,0,0,0,0,0
S01012264,Born outside the UK: Resident 2 years or more and less than 5 years,2,2,0,2,0,0,0
S01012264,Born outside the UK: Resident 5 years or more and less than 10 years,1,1,0,1,0,0,0
S01012264,Born outside the UK: Resident 10 years or more,20,16,5,11,4,0,4
S01012265,All people in households,788,452,173,279,336,308,28
S01012265,Born in the UK,770,444,170,274,326,300,26
S01012265,Born outside the UK: Total,18,8,3,5,10,8,2
S01012265,Born outside the UK: Resident less than 2 years,1,0,0,0,1,0,1
S01012265,Born outside the UK: Resident 2 years or more and less than 5 years,4,1,0,1,3,3,0
S01012265,Born outside the UK: Resident 5 years or more and less than 10 years,1,0,0,0,1,1,0
S01012265,Born outside the UK: Resident 10 years or more,12,7,3,4,5,4,1
S01012266,All people in households,1058,750,284,466,308,230,78
S01012266,Born in the UK,1012,722,273,449,290,217,73
S01012266,Born outside the UK: Total,46,28,11,17,18,13,5
S01012266,Born outside the UK: Resident less than 2 years,3,1,0,1,2,0,2
S01012266,Born outside the UK: Resident 2 years or more and less than 5 years,8,3,0,3,5,4,1
S01012266,Born outside the UK: Resident 5 years or more and less than 10 years,5,1,0,1,4,3,1
S01012266,Born outside the UK: Resident 10 years or more,30,23,11,12,7,6,1
S01012267,All people in households,682,590,255,335,92,20,72
S01012267,Born in the UK,665,576,249,327,89,20,69
S01012267,Born outside the UK: Total,17,14,6,8,3,0,3
S01012267,Born outside the UK: Resident less than 2 years,0,0,0,0,0,0,0
S01012267,Born outside the UK: Resident 2 years or more and less than 5 years,3,2,1,1,1,0,1
S01012267,Born outside the UK: Resident 5 years or more and less than 10 years,4,3,0,3,1,0,1
S01012267,Born outside the UK: Resident 10 years or more,10,9,5,4,1,0,1
S01012268,All people in households,627,316,131,185,311,11,300
S01012268,Born in the UK,599,305,126,179,294,11,283
S01012268,Born outside the UK: Total,28,11,5,6,17,0,17
S01012268,Born outside the UK: Resident less than 2 years,3,1,1,0,2,0,2
S01012268,Born outside the UK: Resident 2 years or more and less than 5 years,3,0,0,0,3,0,3
S01012268,Born outside the UK: Resident 5 years or more and less than 10 years,5,4,1,3,1,0,1
S01012268,Born outside the UK: Resident 10 years or more,17,6,3,3,11,0,11
S01012269,All people in households,999,790,327,463,209,132,77
S01012269,Born in the UK,971,771,324,447,200,128,72
S01012269,Born outside the UK: Total,28,19,3,16,9,4,5
S01012269,Born outside the UK: Resident less than 2 years,0,0,0,0,0,0,0
S01012269,Born outside the UK: Resident 2 years or more and less than 5 years,1,1,0,1,0,0,0
S01012269,Born outside the UK: Resident 5 years or more and less than 10 years,12,9,0,9,3,2,1
S01012269,Born outside the UK: Resident 10 years or more,15,9,3,6,6,2,4
S01012270,All people in households,775,530,181,349,245,171,74
S01012270,Born in the UK,739,505,173,332,234,165,69
S01012270,Born outside the UK: Total,36,25,8,17,11,6,5
S01012270,Born outside the UK: Resident less than 2 years,3,2,0,2,1,1,0
S01012270,Born outside the UK: Resident 2 years or more and less than 5 years,6,3,0,3,3,2,1
S01012270,Born outside the UK: Resident 5 years or more and less than 10 years,8,6,3,3,2,1,1
S01012270,Born outside the UK: Resident 10 years or more,19,14,5,9,5,2,3
S01012271,All people in households,1023,716,341,375,307,64,243
S01012271,Born in the UK,978,686,327,359,292,61,231
S01012271,Born outside the UK: Total,45,30,14,16,15,3,12
S01012271,Born outside the UK: Resident less than 2 years,2,2,0,2,0,0,0
S01012271,Born outside the UK: Resident 2 years or more and less than 5 years,5,1,0,1,4,0,4
S01012271,Born outside the UK: Resident 5 years or more and less than 10 years,4,2,0,2,2,1,1
S01012271,Born outside the UK: Resident 10 years or more,34,25,14,11,9,2,7
S01012272,All people in households,718,566,194,372,152,93,59
S01012272,Born in the UK,678,535,187,348,143,88,55
S01012272,Born outside the UK: Total,40,31,7,24,9,5,4
S01012272,Born outside the UK: Resident less than 2 years,0,0,0,0,0,0,0
S01012272,Born outside the UK: Resident 2 years or more and less than 5 years,7,5,0,5,2,1,1
S01012272,Born outside the UK: Resident 5 years or more and less than 10 years,6,5,0,5,1,0,1
S01012272,Born outside the UK: Resident 10 years or more,27,21,7,14,6,4,2
S01012273,All people in households,697,517,249,268,180,48,132
S01012273,Born in the UK,673,501,245,256,172,44,128
S01012273,Born outside the UK: Total,24,16,4,12,8,4,4
S01012273,Born outside the UK: Resident less than 2 years,1,0,0,0,1,0,1
S01012273,Born outside the UK: Resident 2 years or more and less than 5 years,3,0,0,0,3,0,3
S01012273,Born outside the UK: Resident 5 years or more and less than 10 years,6,3,0,3,3,3,0
S01012273,Born outside the UK: Resident 10 years or more,14,13,4,9,1,1,0
S01012274,All people in households,916,680,219,461,236,152,84
S01012274,Born in the UK,891,670,216,454,221,143,78
S01012274,Born outside the UK: Total,25,10,3,7,15,9,6
S01012274,Born outside the UK: Resident less than 2 years,0,0,0,0,0,0,0
S01012274,Born outside the UK: Resident 2 years or more and less than 5 years,8,0,0,0,8,6,2
S01012274,Born outside the UK: Resident 5 years or more and less than 10 years,2,0,0,0,2,1,1
S01012274,Born outside the UK: Resident 10 years or more,15,10,3,7,5,2,3
S01012275,All people in households,800,307,114,193,493,186,307
S01012275,Born in the UK,720,287,107,180,433,163,270
S01012275,Born outside the UK: Total,80,20,7,13,60,23,37
S01012275,Born outside the UK: Resident less than 2 years,11,0,0,0,11,2,9
S01012275,Born outside the UK: Resident 2 years or more and less than 5 years,23,5,2,3,18,8,10
S01012275,Born outside the UK: Resident 5 years or more and less than 10 years,29,6,0,6,23,11,12
S01012275,Born outside the UK: Resident 10 years or more,17,9,5,4,8,2,6
S01012276,All people in households,915,627,188,439,288,169,119
S01012276,Born in the UK,870,612,185,427,258,151,107
S01012276,Born outside the UK: Total,45,15,3,12,30,18,12
S01012276,Born outside the UK: Resident less than 2 years,5,2,1,1,3,1,2
S01012276,Born outside the UK: Resident 2 years or more and less than 5 years,9,2,0,2,7,2,5
S01012276,Born outside the UK: Resident 5 years or more and less than 10 years,11,3,1,2,8,5,3
S01012276,Born outside the UK: Resident 10 years or more,20,8,1,7,12,10,2
S01012277,All people in households,1045,630,210,420,415,260,155
S01012277,Born in the UK,989,617,204,413,372,245,127
S01012277,Born outside the UK: Total,56,13,6,7,43,15,28
S01012277,Born outside the UK: Resident less than 2 years,7,0,0,0,7,1,6
S01012277,Born outside the UK: Resident 2 years or more and less than 5 years,16,2,1,1,14,6,8
S01012277,Born outside the UK: Resident 5 years or more and less than 10 years,19,2,0,2,17,6,11
S01012277,Born outside the UK: Resident 10 years or more,14,9,5,4,5,2,3
S01012278,All people in households,687,335,139,196,352,118,234
S01012278,Born in the UK,626,318,133,185,308,108,200
S01012278,Born outside the UK: Total,61,17,6,11,44,10,34
S01012278,Born outside the UK: Resident less than 2 years,7,0,0,0,7,0,7
S01012278,Born outside the UK: Resident 2 years or more and less than 5 years,20,0,0,0,20,5,15
S01012278,Born outside the UK: Resident 5 years or more and less than 10 years,11,5,0,5,6,0,6
S01012278,Born outside the UK: Resident 10 years or more,23,12,6,6,11,5,6
S01012279,All people in households,774,329,138,191,445,284,161
S01012279,Born in the UK,704,317,134,183,387,270,117
S01012279,Born outside the UK: Total,70,12,4,8,58,14,44
S01012279,Born outside the UK: Resident less than 2 years,18,0,0,0,18,0,18
S01012279,Born outside the UK: Resident 2 years or more and less than 5 years,24,0,0,0,24,9,15
S01012279,Born outside the UK: Resident 5 years or more and less than 10 years,16,3,0,3,13,4,9
S01012279,Born outside the UK: Resident 10 years or more,12,9,4,5,3,1,2
S01012280,All people in households,933,600,185,415,333,279,54
S01012280,Born in the UK,903,583,178,405,320,268,52
S01012280,Born outside the UK: Total,30,17,7,10,13,11,2
S01012280,Born outside the UK: Resident less than 2 years,3,1,1,0,2,2,0
S01012280,Born outside the UK: Resident 2 years or more and less than 5 years,2,0,0,0,2,2,0
S01012280,Born outside the UK: Resident 5 years or more and less than 10 years,6,4,0,4,2,2,0
S01012280,Born outside the UK: Resident 10 years or more,19,12,6,6,7,5,2
S01012281,All people in households,704,451,183,268,253,81,172
S01012281,Born in the UK,660,434,175,259,226,79,147
S01012281,Born outside the UK: Total,44,17,8,9,27,2,25
S01012281,Born outside the UK: Resident less than 2 years,1,0,0,0,1,0,1
S01012281,Born outside the UK: Resident 2 years or more and less than 5 years,16,3,1,2,13,0,13
S01012281,Born outside the UK: Resident 5 years or more and less than 10 years,10,2,0,2,8,2,6
S01012281,Born outside the UK: Resident 10 years or more,17,12,7,5,5,0,5
S01012282,All people in households,936,650,309,341,286,157,129
S01012282,Born in the UK,897,627,297,330,270,155,115
S01012282,Born outside the UK: Total,39,23,12,11,16,2,14
S01012282,Born outside the UK: Resident less than 2 years,4,2,2,0,2,0,2
S01012282,Born outside the UK: Resident 2 years or more and less than 5 years,8,1,1,0,7,0,7
S01012282,Born outside the UK: Resident 5 years or more and less than 10 years,6,4,0,4,2,1,1
S01012282,Born outside the UK: Resident 10 years or more,21,16,9,7,5,1,4
S01012283,All people in households,848,611,264,347,237,153,84
S01012283,Born in the UK,796,585,250,335,211,142,69
S01012283,Born outside the UK: Total,52,26,14,12,26,11,15
S01012283,Born outside the UK: Resident less than 2 years,11,5,4,1,6,1,5
S01012283,Born outside the UK: Resident 2 years or more and less than 5 years,13,1,1,0,12,4,8
S01012283,Born outside the UK: Resident 5 years or more and less than 10 years,9,4,1,3,5,4,1
S01012283,Born outside the UK: Resident 10 years or more,19,16,8,8,3,2,1
S01012284,All people in households,774,363,166,197,411,265,146
S01012284,Born in the UK,720,344,158,186,376,247,129
S01012284,Born outside the UK: Total,54,19,8,11,35,18,17
S01012284,Born outside the UK: Resident less than 2 years,6,1,0,1,5,0,5
S01012284,Born outside the UK: Resident 2 years or more and less than 5 years,23,2,2,0,21,15,6
S01012284,Born outside the UK: Resident 5 years or more and less than 10 years,7,4,1,3,3,1,2
S01012284,Born outside the UK: Resident 10 years or more,18,12,5,7,6,2,4
S01012285,All people in households,537,426,222,204,111,73,38
S01012285,Born in the UK,510,415,218,197,95,67,28
S01012285,Born outside the UK: Total,27,11,4,7,16,6,10
S01012285,Born outside the UK: Resident less than 2 years,2,0,0,0,2,0,2
S01012285,Born outside the UK: Resident 2 years or more and less than 5 years,5,2,0,2,3,0,3
S01012285,Born outside the UK: Resident 5 years or more and less than 10 years,3,1,1,0,2,1,1
S01012285,Born outside the UK: Resident 10 years or more,17,8,3,5,9,5,4
S01012286,All people in households,1049,581,263,318,468,366,102
S01012286,Born in the UK,955,566,251,315,389,311,78
S01012286,Born outside the UK: Total,94,15,12,3,79,55,24
S01012286,Born outside the UK: Resident less than 2 years,26,0,0,0,26,9,17
S01012286,Born outside the UK: Resident 2 years or more and less than 5 years,35,0,0,0,35,31,4
S01012286,Born outside the UK: Resident 5 years or more and less than 10 years,13,1,1,0,12,12,0
S01012286,Born outside the UK: Resident 10 years or more,20,14,11,3,6,3,3
S01012287,All people in households,980,232,102,130,748,703,45
S01012287,Born in the UK,821,215,96,119,606,565,41
S01012287,Born outside the UK: Total,159,17,6,11,142,138,4
S01012287,Born outside the UK: Resident less than 2 years,20,3,1,2,17,16,1
S01012287,Born outside the UK: Resident 2 years or more and less than 5 years,92,1,0,1,91,90,1
S01012287,Born outside the UK: Resident 5 years or more and less than 10 years,32,4,0,4,28,26,2
S01012287,Born outside the UK: Resident 10 years or more,15,9,5,4,6,6,0
S01012288,All people in households,769,254,127,127,515,461,54
S01012288,Born in the UK,694,243,121,122,451,414,37
S01012288,Born outside the UK: Total,75,11,6,5,64,47,17
S01012288,Born outside the UK: Resident less than 2 years,6,0,0,0,6,3,3
S01012288,Born outside the UK: Resident 2 years or more and less than 5 years,30,0,0,0,30,26,4
S01012288,Born outside the UK: Resident 5 years or more and less than 10 years,18,3,2,1,15,11,4
S01012288,Born outside the UK: Resident 10 years or more,21,8,4,4,13,7,6
S01012289,All people in households,837,717,446,271,120,49,71
S01012289,Born in the UK,769,663,422,241,106,42,64
S01012289,Born outside the UK: Total,68,54,24,30,14,7,7
S01012289,Born outside the UK: Resident less than 2 years,4,3,0,3,1,0,1
S01012289,Born outside the UK: Resident 2 years or more and less than 5 years,3,3,0,3,0,0,0
S01012289,Born outside the UK: Resident 5 years or more and less than 10 years,10,8,0,8,2,0,2
S01012289,Born outside the UK: Resident 10 years or more,51,40,24,16,11,7,4
S01012290,All people in households,585,376,158,218,209,138,71
S01012290,Born in the UK,559,361,152,209,198,131,67
S01012290,Born outside the UK: Total,26,15,6,9,11,7,4
S01012290,Born outside the UK: Resident less than 2 years,0,0,0,0,0,0,0
S01012290,Born outside the UK: Resident 2 years or more and less than 5 years,2,2,0,2,0,0,0
S01012290,Born outside the UK: Resident 5 years or more and less than 10 years,5,2,0,2,3,0,3
S01012290,Born outside the UK: Resident 10 years or more,19,11,6,5,8,7,1
S01012291,All people in households,961,682,214,468,279,122,157
S01012291,Born in the UK,894,647,202,445,247,116,131
S01012291,Born outside the UK: Total,67,35,12,23,32,6,26
S01012291,Born outside the UK: Resident less than 2 years,14,0,0,0,14,0,14
S01012291,Born outside the UK: Resident 2 years or more and less than 5 years,11,5,1,4,6,1,5
S01012291,Born outside the UK: Resident 5 years or more and less than 10 years,7,6,1,5,1,0,1
S01012291,Born outside the UK: Resident 10 years or more,35,24,10,14,11,5,6
S01012292,All people in households,717,557,296,261,160,32,128
S01012292,Born in the UK,669,525,285,240,144,29,115
S01012292,Born outside the UK: Total,48,32,11,21,16,3,13
S01012292,Born outside the UK: Resident less than 2 years,3,1,0,1,2,0,2
S01012292,Born outside the UK: Resident 2 years or more and less than 5 years,7,1,0,1,6,0,6
S01012292,Born outside the UK: Resident 5 years or more and less than 10 years,4,3,0,3,1,0,1
S01012292,Born outside the UK: Resident 10 years or more,34,27,11,16,7,3,4
S01012293,All people in households,477,334,157,177,143,110,33
S01012293,Born in the UK,447,316,144,172,131,101,30
S01012293,Born outside the UK: Total,30,18,13,5,12,9,3
S01012293,Born outside the UK: Resident less than 2 years,5,3,3,0,2,2,0
S01012293,Born outside the UK: Resident 2 years or more and less than 5 years,8,3,3,0,5,4,1
S01012293,Born outside the UK: Resident 5 years or more and less than 10 years,5,1,0,1,4,2,2
S01012293,Born outside the UK: Resident 10 years or more,12,11,7,4,1,1,0
S01012294,All people in households,870,632,205,427,238,161,77
S01012294,Born in the UK,829,607,199,408,222,155,67
S01012294,Born outside the UK: Total,41,25,6,19,16,6,10
S01012294,Born outside the UK: Resident less than 2 years,4,1,0,1,3,0,3
S01012294,Born outside the UK: Resident 2 years or more and less than 5 years,6,1,0,1,5,3,2
S01012294,Born outside the UK: Resident 5 years or more and less than 10 years,4,3,2,1,1,1,0
S01012294,Born outside the UK: Resident 10 years or more,27,20,4,16,7,2,5
S01012295,All people in households,731,492,75,417,239,157,82
S01012295,Born in the UK,686,473,69,404,213,148,65
S01012295,Born outside the UK: Total,45,19,6,13,26,9,17
S01012295,Born outside the UK: Resident less than 2 years,5,0,0,0,5,0,5
S01012295,Born outside the UK: Resident 2 years or more and less than 5 years,13,3,1,2,10,2,8
S01012295,Born outside the UK: Resident 5 years or more and less than 10 years,9,3,0,3,6,2,4
S01012295,Born outside the UK: Resident 10 years or more,18,13,5,8,5,5,0
S01012296,All people in households,888,677,142,535,211,93,118
S01012296,Born in the UK,844,649,132,517,195,89,106
S01012296,Born outside the UK: Total,44,28,10,18,16,4,12
S01012296,Born outside the UK: Resident less than 2 years,4,2,2,0,2,0,2
S01012296,Born outside the UK: Resident 2 years or more and less than 5 years,5,4,2,2,1,0,1
S01012296,Born outside the UK: Resident 5 years or more and less than 10 years,10,7,0,7,3,2,1
S01012296,Born outside the UK: Resident 10 years or more,25,15,6,9,10,2,8
S01012297,All people in households,589,464,243,221,125,7,118
S01012297,Born in the UK,563,442,232,210,121,7,114
S01012297,Born outside the UK: Total,26,22,11,11,4,0,4
S01012297,Born outside the UK: Resident less than 2 years,5,2,2,0,3,0,3
S01012297,Born outside the UK: Resident 2 years or more and less than 5 years,3,3,0,3,0,0,0
S01012297,Born outside the UK: Resident 5 years or more and less than 10 years,1,0,0,0,1,0,1
S01012297,Born outside the UK: Resident 10 years or more,17,17,9,8,0,0,0
S01012298,All people in households,810,630,234,396,180,95,85
S01012298,Born in the UK,787,620,231,389,167,93,74
S01012298,Born outside the UK: Total,23,10,3,7,13,2,11
S01012298,Born outside the UK: Resident less than 2 years,2,0,0,0,2,0,2
S01012298,Born outside the UK: Resident 2 years or more and less than 5 years,4,0,0,0,4,0,4
S01012298,Born outside the UK: Resident 5 years or more and less than 10 years,4,2,1,1,2,1,1
S01012298,Born outside the UK: Resident 10 years or more,13,8,2,6,5,1,4
S01012299,All people in households,620,429,173,256,191,23,168
S01012299,Born in the UK,586,410,167,243,176,23,153
S01012299,Born outside the UK: Total,34,19,6,13,15,0,15
S01012299,Born outside the UK: Resident less than 2 years,1,0,0,0,1,0,1
S01012299,Born outside the UK: Resident 2 years or more and less than 5 years,9,2,0,2,7,0,7
S01012299,Born outside the UK: Resident 5 years or more and less than 10 years,6,1,0,1,5,0,5
S01012299,Born outside the UK: Resident 10 years or more,18,16,6,10,2,0,2
S01012300,All people in households,648,400,167,233,248,173,75
S01012300,Born in the UK,621,390,164,226,231,163,68
S01012300,Born outside the UK: Total,27,10,3,7,17,10,7
S01012300,Born outside the UK: Resident less than 2 years,0,0,0,0,0,0,0
S01012300,Born outside the UK: Resident 2 years or more and less than 5 years,3,2,0,2,1,0,1
S01012300,Born outside the UK: Resident 5 years or more and less than 10 years,7,2,0,2,5,5,0
S01012300,Born outside the UK: Resident 10 years or more,17,6,3,3,11,5,6
S01012301,All people in households,949,514,271,243,435,101,334
S01012301,Born in the UK,906,494,259,235,412,94,318
S01012301,Born outside the UK: Total,43,20,12,8,23,7,16
S01012301,Born outside the UK: Resident less than 2 years,6,1,1,0,5,0,5
S01012301,Born outside the UK: Resident 2 years or more and less than 5 years,5,5,2,3,0,0,0
S01012301,Born outside the UK: Resident 5 years or more and less than 10 years,9,5,1,4,4,2,2
S01012301,Born outside the UK: Resident 10 years or more,23,9,8,1,14,5,9
S01012302,All people in households,556,284,152,132,272,22,250
S01012302,Born in the UK,527,272,146,126,255,22,233
S01012302,Born outside the UK: Total,29,12,6,6,17,0,17
S01012302,Born outside the UK: Resident less than 2 years,5,2,1,1,3,0,3
S01012302,Born outside the UK: Resident 2 years or more and less than 5 years,5,0,0,0,5,0,5
S01012302,Born outside the UK: Resident 5 years or more and less than 10 years,4,1,0,1,3,0,3
S01012302,Born outside the UK: Resident 10 years or more,15,9,5,4,6,0,6
S01012303,All people in households,896,652,330,322,244,45,199
S01012303,Born in the UK,843,616,310,306,227,44,183
S01012303,Born outside the UK: Total,53,36,20,16,17,1,16
S01012303,Born outside the UK: Resident less than 2 years,8,1,1,0,7,0,7
S01012303,Born outside the UK: Resident 2 years or more and less than 5 years,5,0,0,0,5,0,5
S01012303,Born outside the UK: Resident 5 years or more and less than 10 years,1,1,1,0,0,0,0
S01012303,Born outside the UK: Resident 10 years or more,39,34,18,16,5,1,4
S01012304,All people in households,983,721,345,376,262,105,157
S01012304,Born in the UK,952,702,334,368,250,99,151
S01012304,Born outside the UK: Total,31,19,11,8,12,6,6
S01012304,Born outside the UK: Resident less than 2 years,2,1,1,0,1,0,1
S01012304,Born outside the UK: Resident 2 years or more and less than 5 years,5,0,0,0,5,3,2
S01012304,Born outside the UK: Resident 5 years or more and less than 10 years,2,1,1,0,1,0,1
S01012304,Born outside the UK: Resident 10 years or more,22,17,9,8,5,3,2
S01012305,All people in households,697,479,264,215,218,138,80
S01012305,Born in the UK,648,462,255,207,186,124,62
S01012305,Born outside the UK: Total,49,17,9,8,32,14,18
S01012305,Born outside the UK: Resident less than 2 years,10,1,0,1,9,2,7
S01012305,Born outside the UK: Resident 2 years or more and less than 5 years,11,0,0,0,11,8,3
S01012305,Born outside the UK: Resident 5 years or more and less than 10 years,10,1,0,1,9,2,7
S01012305,Born outside the UK: Resident 10 years or more,18,15,9,6,3,2,1
S01012306,All people in households,594,262,133,129,332,256,76
S01012306,Born in the UK,549,241,122,119,308,242,66
S01012306,Born outside the UK: Total,45,21,11,10,24,14,10
S01012306,Born outside the UK: Resident less than 2 years,3,0,0,0,3,1,2
S01012306,Born outside the UK: Resident 2 years or more and less than 5 years,9,3,0,3,6,2,4
S01012306,Born outside the UK: Resident 5 years or more and less than 10 years,15,5,4,1,10,7,3
S01012306,Born outside the UK: Resident 10 years or more,18,13,7,6,5,4,1
S01012307,All people in households,612,347,174,173,265,188,77
S01012307,Born in the UK,565,335,164,171,230,170,60
S01012307,Born outside the UK: Total,47,12,10,2,35,18,17
S01012307,Born outside the UK: Resident less than 2 years,4,1,1,0,3,1,2
S01012307,Born outside the UK: Resident 2 years or more and less than 5 years,7,0,0,0,7,2,5
S01012307,Born outside the UK: Resident 5 years or more and less than 10 years,23,2,1,1,21,12,9
S01012307,Born outside the UK: Resident 10 years or more,13,9,8,1,4,3,1
S01012308,All people in households,842,573,223,350,269,208,61
S01012308,Born in the UK,806,556,214,342,250,201,49
S01012308,Born outside the UK: Total,36,17,9,8,19,7,12
S01012308,Born outside the UK: Resident less than 2 years,3,0,0,0,3,0,3
S01012308,Born outside the UK: Resident 2 years or more and less than 5 years,3,0,0,0,3,0,3
S01012308,Born outside the UK: Resident 5 years or more and less than 10 years,18,8,4,4,10,6,4
S01012308,Born outside the UK: Resident 10 years or more,12,9,5,4,3,1,2
S01012309,All people in households,535,369,170,199,166,125,41
S01012309,Born in the UK,515,358,165,193,157,124,33
S01012309,Born outside the UK: Total,20,11,5,6,9,1,8
S01012309,Born outside the UK: Resident less than 2 years,2,0,0,0,2,0,2
S01012309,Born outside the UK: Resident 2 years or more and less than 5 years,1,1,0,1,0,0,0
S01012309,Born outside the UK: Resident 5 years or more and less than 10 years,5,2,0,2,3,0,3
S01012309,Born outside the UK: Resident 10 years or more,12,8,5,3,4,1,3
S01012310,All people in households,879,613,362,251,266,102,164
S01012310,Born in the UK,829,589,345,244,240,94,146
S01012310,Born outside the UK: Total,50,24,17,7,26,8,18
S01012310,Born outside the UK: Resident less than 2 years,4,0,0,0,4,4,0
S01012310,Born outside the UK: Resident 2 years or more and less than 5 years,9,1,1,0,8,0,8
S01012310,Born outside the UK: Resident 5 years or more and less than 10 years,15,3,1,2,12,2,10
S01012310,Born outside the UK: Resident 10 years or more,22,20,15,5,2,2,0
S01012311,All people in households,561,460,236,224,101,69,32
S01012311,Born in the UK,546,445,232,213,101,69,32
S01012311,Born outside the UK: Total,15,15,4,11,0,0,0
S01012311,Born outside the UK: Resident less than 2 years,0,0,0,0,0,0,0
S01012311,Born outside the UK: Resident 2 years or more and less than 5 years,1,1,0,1,0,0,0
S01012311,Born outside the UK: Resident 5 years or more and less than 10 years,2,2,0,2,0,0,0
S01012311,Born outside the UK: Resident 10 years or more,12,12,4,8,0,0,0
S01012312,All people in households,997,721,365,356,276,112,164
S01012312,Born in the UK,938,686,350,336,252,102,150
S01012312,Born outside the UK: Total,59,35,15,20,24,10,14
S01012312,Born outside the UK: Resident less than 2 years,16,9,2,7,7,1,6
S01012312,Born outside the UK: Resident 2 years or more and less than 5 years,6,0,0,0,6,0,6
S01012312,Born outside the UK: Resident 5 years or more and less than 10 years,13,5,4,1,8,8,0
S01012312,Born outside the UK: Resident 10 years or more,24,21,9,12,3,1,2
S01012313,All people in households,758,501,238,263,257,118,139
S01012313,Born in the UK,721,479,223,256,242,117,125
S01012313,Born outside the UK: Total,37,22,15,7,15,1,14
S01012313,Born outside the UK: Resident less than 2 years,5,1,0,1,4,0,4
S01012313,Born outside the UK: Resident 2 years or more and less than 5 years,1,0,0,0,1,0,1
S01012313,Born outside the UK: Resident 5 years or more and less than 10 years,6,0,0,0,6,0,6
S01012313,Born outside the UK: Resident 10 years or more,25,21,15,6,4,1,3
S01012314,All people in households,851,454,174,280,397,355,42
S01012314,Born in the UK,809,440,172,268,369,331,38
S01012314,Born outside the UK: Total,42,14,2,12,28,24,4
S01012314,Born outside the UK: Resident less than 2 years,1,0,0,0,1,0,1
S01012314,Born outside the UK: Resident 2 years or more and less than 5 years,8,3,0,3,5,4,1
S01012314,Born outside the UK: Resident 5 years or more and less than 10 years,18,8,0,8,10,8,2
S01012314,Born outside the UK: Resident 10 years or more,15,3,2,1,12,12,0
S01012315,All people in households,699,411,237,174,288,191,97
S01012315,Born in the UK,643,398,230,168,245,176,69
S01012315,Born outside the UK: Total,56,13,7,6,43,15,28
S01012315,Born outside the UK: Resident less than 2 years,19,1,0,1,18,6,12
S01012315,Born outside the UK: Resident 2 years or more and less than 5 years,12,1,1,0,11,3,8
S01012315,Born outside the UK: Resident 5 years or more and less than 10 years,16,4,2,2,12,4,8
S01012315,Born outside the UK: Resident 10 years or more,9,7,4,3,2,2,0
S01012316,All people in households,612,307,156,151,305,254,51
S01012316,Born in the UK,574,301,155,146,273,234,39
S01012316,Born outside the UK: Total,38,6,1,5,32,20,12
S01012316,Born outside the UK: Resident less than 2 years,6,0,0,0,6,6,0
S01012316,Born outside the UK: Resident 2 years or more and less than 5 years,12,0,0,0,12,3,9
S01012316,Born outside the UK: Resident 5 years or more and less than 10 years,13,2,0,2,11,8,3
S01012316,Born outside the UK: Resident 10 years or more,7,4,1,3,3,3,0
S01012317,All people in households,558,389,134,255,169,106,63
S01012317,Born in the UK,523,372,127,245,151,101,50
S01012317,Born outside the UK: Total,35,17,7,10,18,5,13
S01012317,Born outside the UK: Resident less than 2 years,7,1,0,1,6,0,6
S01012317,Born outside the UK: Resident 2 years or more and less than 5 years,10,4,1,3,6,0,6
S01012317,Born outside the UK: Resident 5 years or more and less than 10 years,3,1,0,1,2,2,0
S01012317,Born outside the UK: Resident 10 years or more,15,11,6,5,4,3,1
S01012318,All people in households,792,440,170,270,352,317,35
S01012318,Born in the UK,747,424,166,258,323,296,27
S01012318,Born outside the UK: Total,45,16,4,12,29,21,8
S01012318,Born outside the UK: Resident less than 2 years,11,3,0,3,8,4,4
S01012318,Born outside the UK: Resident 2 years or more and less than 5 years,4,3,0,3,1,1,0
S01012318,Born outside the UK: Resident 5 years or more and less than 10 years,15,4,0,4,11,10,1
S01012318,Born outside the UK: Resident 10 years or more,15,6,4,2,9,6,3
S01012319,All people in households,767,422,244,178,345,36,309
S01012319,Born in the UK,707,399,227,172,308,28,280
S01012319,Born outside the UK: Total,60,23,17,6,37,8,29
S01012319,Born outside the UK: Resident less than 2 years,3,1,1,0,2,1,1
S01012319,Born outside the UK: Resident 2 years or more and less than 5 years,19,2,0,2,17,2,15
S01012319,Born outside the UK: Resident 5 years or more and less than 10 years,15,1,1,0,14,4,10
S01012319,Born outside the UK: Resident 10 years or more,23,19,15,4,4,1,3
S01012320,All people in households,687,375,142,233,312,245,67
S01012320,Born in the UK,658,369,139,230,289,233,56
S01012320,Born outside the UK: Total,29,6,3,3,23,12,11
S01012320,Born outside the UK: Resident less than 2 years,5,0,0,0,5,0,5
S01012320,Born outside the UK: Resident 2 years or more and less than 5 years,9,2,0,2,7,7,0
S01012320,Born outside the UK: Resident 5 years or more and less than 10 years,5,0,0,0,5,0,5
S01012320,Born outside the UK: Resident 10 years or more,10,4,3,1,6,5,1
S01012321,All people in households,772,536,219,317,236,150,86
S01012321,Born in the UK,743,522,212,310,221,146,75
S01012321,Born outside the UK: Total,29,14,7,7,15,4,11
S01012321,Born outside the UK: Resident less than 2 years,4,0,0,0,4,0,4
S01012321,Born outside the UK: Resident 2 years or more and less than 5 years,0,0,0,0,0,0,0
S01012321,Born outside the UK: Resident 5 years or more and less than 10 years,8,0,0,0,8,3,5
S01012321,Born outside the UK: Resident 10 years or more,17,14,7,7,3,1,2
S01012322,All people in households,985,657,361,296,328,56,272
S01012322,Born in the UK,947,639,350,289,308,52,256
S01012322,Born outside the UK: Total,38,18,11,7,20,4,16
S01012322,Born outside the UK: Resident less than 2 years,3,2,1,1,1,0,1
S01012322,Born outside the UK: Resident 2 years or more and less than 5 years,6,1,1,0,5,1,4
S01012322,Born outside the UK: Resident 5 years or more and less than 10 years,12,5,4,1,7,2,5
S01012322,Born outside the UK: Resident 10 years or more,17,10,5,5,7,1,6
S01012323,All people in households,866,657,380,277,209,40,169
S01012323,Born in the UK,821,641,374,267,180,37,143
S01012323,Born outside the UK: Total,45,16,6,10,29,3,26
S01012323,Born outside the UK: Resident less than 2 years,13,2,2,0,11,0,11
S01012323,Born outside the UK: Resident 2 years or more and less than 5 years,8,1,0,1,7,0,7
S01012323,Born outside the UK: Resident 5 years or more and less than 10 years,6,1,0,1,5,3,2
S01012323,Born outside the UK: Resident 10 years or more,18,12,4,8,6,0,6
S01012324,All people in households,789,406,264,142,383,16,367
S01012324,Born in the UK,763,395,259,136,368,15,353
S01012324,Born outside the UK: Total,26,11,5,6,15,1,14
S01012324,Born outside the UK: Resident less than 2 years,2,0,0,0,2,0,2
S01012324,Born outside the UK: Resident 2 years or more and less than 5 years,3,2,1,1,1,0,1
S01012324,Born outside the UK: Resident 5 years or more and less than 10 years,3,1,0,1,2,0,2
S01012324,Born outside the UK: Resident 10 years or more,18,8,4,4,10,1,9
S01012325,All people in households,590,391,255,136,199,138,61
S01012325,Born in the UK,575,380,251,129,195,134,61
S01012325,Born outside the UK: Total,15,11,4,7,4,4,0
S01012325,Born outside the UK: Resident less than 2 years,0,0,0,0,0,0,0
S01012325,Born outside the UK: Resident 2 years or more and less than 5 years,0,0,0,0,0,0,0
S01012325,Born outside the UK: Resident 5 years or more and less than 10 years,7,4,0,4,3,3,0
S01012325,Born outside the UK: Resident 10 years or more,8,7,4,3,1,1,0
S01012326,All people in households,540,283,134,149,257,165,92
S01012326,Born in the UK,510,267,130,137,243,155,88
S01012326,Born outside the UK: Total,30,16,4,12,14,10,4
S01012326,Born outside the UK: Resident less than 2 years,5,0,0,0,5,1,4
S01012326,Born outside the UK: Resident 2 years or more and less than 5 years,6,6,0,6,0,0,0
S01012326,Born outside the UK: Resident 5 years or more and less than 10 years,9,2,0,2,7,7,0
S01012326,Born outside the UK: Resident 10 years or more,10,8,4,4,2,2,0
S01012327,All people in households,802,452,224,228,350,266,84
S01012327,Born in the UK,760,435,214,221,325,247,78
S01012327,Born outside the UK: Total,42,17,10,7,25,19,6
S01012327,Born outside the UK: Resident less than 2 years,0,0,0,0,0,0,0
S01012327,Born outside the UK: Resident 2 years or more and less than 5 years,7,4,1,3,3,3,0
S01012327,Born outside the UK: Resident 5 years or more and less than 10 years,10,0,0,0,10,10,0
S01012327,Born outside the UK: Resident 10 years or more,25,13,9,4,12,6,6
S01012328,All people in households,544,353,221,132,191,138,53
S01012328,Born in the UK,522,338,213,125,184,135,49
S01012328,Born outside the UK: Total,22,15,8,7,7,3,4
S01012328,Born outside the UK: Resident less than 2 years,1,0,0,0,1,0,1
S01012328,Born outside the UK: Resident 2 years or more and less than 5 years,3,0,0,0,3,1,2
S01012328,Born outside the UK: Resident 5 years or more and less than 10 years,0,0,0,0,0,0,0
S01012328,Born outside the UK: Resident 10 years or more,18,15,8,7,3,2,1
S01012329,All people in households,831,400,225,175,431,51,380
S01012329,Born in the UK,803,389,222,167,414,48,366
S01012329,Born outside the UK: Total,28,11,3,8,17,3,14
S01012329,Born outside the UK: Resident less than 2 years,0,0,0,0,0,0,0
S01012329,Born outside the UK: Resident 2 years or more and less than 5 years,5,1,0,1,4,1,3
S01012329,Born outside the UK: Resident 5 years or more and less than 10 years,5,0,0,0,5,0,5
S01012329,Born outside the UK: Resident 10 years or more,18,10,3,7,8,2,6
S01012330,All people in households,582,420,232,188,162,90,72
S01012330,Born in the UK,567,414,229,185,153,84,69
S01012330,Born outside the UK: Total,15,6,3,3,9,6,3
S01012330,Born outside the UK: Resident less than 2 years,0,0,0,0,0,0,0
S01012330,Born outside the UK: Resident 2 years or more and less than 5 years,0,0,0,0,0,0,0
S01012330,Born outside the UK: Resident 5 years or more and less than 10 years,4,0,0,0,4,4,0
S01012330,Born outside the UK: Resident 10 years or more,11,6,3,3,5,2,3
S01012331,All people in households,638,542,152,390,96,36,60
S01012331,Born in the UK,622,531,149,382,91,35,56
S01012331,Born outside the UK: Total,16,11,3,8,5,1,4
S01012331,Born outside the UK: Resident less than 2 years,1,0,0,0,1,0,1
S01012331,Born outside the UK: Resident 2 years or more and less than 5 years,0,0,0,0,0,0,0
S01012331,Born outside the UK: Resident 5 years or more and less than 10 years,5,4,0,4,1,1,0
S01012331,Born outside the UK: Resident 10 years or more,10,7,3,4,3,0,3
S01012332,All people in households,988,567,323,244,421,43,378
S01012332,Born in the UK,961,556,317,239,405,37,368
S01012332,Born outside the UK: Total,27,11,6,5,16,6,10
S01012332,Born outside the UK: Resident less than 2 years,0,0,0,0,0,0,0
S01012332,Born outside the UK: Resident 2 years or more and less than 5 years,4,0,0,0,4,4,0
S01012332,Born outside the UK: Resident 5 years or more and less than 10 years,4,0,0,0,4,1,3
S01012332,Born outside the UK: Resident 10 years or more,19,11,6,5,8,1,7
S01012333,All people in households,993,558,321,237,435,21,414
S01012333,Born in the UK,947,532,304,228,415,20,395
S01012333,Born outside the UK: Total,46,26,17,9,20,1,19
S01012333,Born outside the UK: Resident less than 2 years,2,0,0,0,2,0,2
S01012333,Born outside the UK: Resident 2 years or more and less than 5 years,6,1,0,1,5,0,5
S01012333,Born outside the UK: Resident 5 years or more and less than 10 years,10,4,3,1,6,0,6
S01012333,Born outside the UK: Resident 10 years or more,28,21,14,7,7,1,6
S01012334,All people in households,816,520,252,268,296,241,55
S01012334,Born in the UK,791,507,249,258,284,233,51
S01012334,Born outside the UK: Total,25,13,3,10,12,8,4
S01012334,Born outside the UK: Resident less than 2 years,1,0,0,0,1,1,0
S01012334,Born outside the UK: Resident 2 years or more and less than 5 years,2,0,0,0,2,2,0
S01012334,Born outside the UK: Resident 5 years or more and less than 10 years,2,0,0,0,2,2,0
S01012334,Born outside the UK: Resident 10 years or more,20,13,3,10,7,3,4
S01012335,All people in households,989,741,224,517,248,160,88
S01012335,Born in the UK,948,719,220,499,229,143,86
S01012335,Born outside the UK: Total,41,22,4,18,19,17,2
S01012335,Born outside the UK: Resident less than 2 years,1,1,1,0,0,0,0
S01012335,Born outside the UK: Resident 2 years or more and less than 5 years,9,7,0,7,2,2,0
S01012335,Born outside the UK: Resident 5 years or more and less than 10 years,8,0,0,0,8,7,1
S01012335,Born outside the UK: Resident 10 years or more,23,14,3,11,9,8,1
S01012336,All people in households,603,425,189,236,178,126,52
S01012336,Born in the UK,593,421,188,233,172,124,48
S01012336,Born outside the UK: Total,10,4,1,3,6,2,4
S01012336,Born outside the UK: Resident less than 2 years,1,0,0,0,1,0,1
S01012336,Born outside the UK: Resident 2 years or more and less than 5 years,2,0,0,0,2,2,0
S01012336,Born outside the UK: Resident 5 years or more and less than 10 years,1,1,0,1,0,0,0
S01012336,Born outside the UK: Resident 10 years or more,6,3,1,2,3,0,3
S01012337,All people in households,844,411,202,209,433,346,87
S01012337,Born in the UK,802,403,199,204,399,320,79
S01012337,Born outside the UK: Total,42,8,3,5,34,26,8
S01012337,Born outside the UK: Resident less than 2 years,2,1,1,0,1,1,0
S01012337,Born outside the UK: Resident 2 years or more and less than 5 years,21,0,0,0,21,18,3
S01012337,Born outside the UK: Resident 5 years or more and less than 10 years,10,1,1,0,9,7,2
S01012337,Born outside the UK: Resident 10 years or more,9,6,1,5,3,0,3
S01012338,All people in households,695,412,218,194,283,129,154
S01012338,Born in the UK,654,392,210,182,262,125,137
S01012338,Born outside the UK: Total,41,20,8,12,21,4,17
S01012338,Born outside the UK: Resident less than 2 years,0,0,0,0,0,0,0
S01012338,Born outside the UK: Resident 2 years or more and less than 5 years,12,7,1,6,5,0,5
S01012338,Born outside the UK: Resident 5 years or more and less than 10 years,8,0,0,0,8,0,8
S01012338,Born outside the UK: Resident 10 years or more,21,13,7,6,8,4,4
S01012339,All people in households,581,245,123,122,336,153,183
S01012339,Born in the UK,537,227,113,114,310,139,171
S01012339,Born outside the UK: Total,44,18,10,8,26,14,12
S01012339,Born outside the UK: Resident less than 2 years,6,3,0,3,3,3,0
S01012339,Born outside the UK: Resident 2 years or more and less than 5 years,8,3,2,1,5,0,5
S01012339,Born outside the UK: Resident 5 years or more and less than 10 years,6,1,0,1,5,1,4
S01012339,Born outside the UK: Resident 10 years or more,24,11,8,3,13,10,3
S01012340,All people in households,1032,621,323,298,411,340,71
S01012340,Born in the UK,996,596,309,287,400,330,70
S01012340,Born outside the UK: Total,36,25,14,11,11,10,1
S01012340,Born outside the UK: Resident less than 2 years,0,0,0,0,0,0,0
S01012340,Born outside the UK: Resident 2 years or more and less than 5 years,9,2,0,2,7,7,0
S01012340,Born outside the UK: Resident 5 years or more and less than 10 years,2,2,1,1,0,0,0
S01012340,Born outside the UK: Resident 10 years or more,25,21,13,8,4,3,1
S01012341,All people in households,941,633,314,319,308,41,267
S01012341,Born in the UK,905,612,301,311,293,39,254
S01012341,Born outside the UK: Total,36,21,13,8,15,2,13
S01012341,Born outside the UK: Resident less than 2 years,1,0,0,0,1,0,1
S01012341,Born outside the UK: Resident 2 years or more and less than 5 years,4,2,1,1,2,2,0
S01012341,Born outside the UK: Resident 5 years or more and less than 10 years,7,1,1,0,6,0,6
S01012341,Born outside the UK: Resident 10 years or more,24,18,11,7,6,0,6
S01012342,All people in households,884,543,268,275,341,111,230
S01012342,Born in the UK,850,527,260,267,323,109,214
S01012342,Born outside the UK: Total,34,16,8,8,18,2,16
S01012342,Born outside the UK: Resident less than 2 years,2,1,1,0,1,0,1
S01012342,Born outside the UK: Resident 2 years or more and less than 5 years,5,0,0,0,5,0,5
S01012342,Born outside the UK: Resident 5 years or more and less than 10 years,3,2,1,1,1,0,1
S01012342,Born outside the UK: Resident 10 years or more,24,13,6,7,11,2,9
S01012343,All people in households,977,494,266,228,483,60,423
S01012343,Born in the UK,937,472,255,217,465,59,406
S01012343,Born outside the UK: Total,40,22,11,11,18,1,17
S01012343,Born outside the UK: Resident less than 2 years,6,0,0,0,6,1,5
S01012343,Born outside the UK: Resident 2 years or more and less than 5 years,3,3,0,3,0,0,0
S01012343,Born outside the UK: Resident 5 years or more and less than 10 years,6,2,1,1,4,0,4
S01012343,Born outside the UK: Resident 10 years or more,25,17,10,7,8,0,8
S01012344,All people in households,579,309,130,179,270,206,64
S01012344,Born in the UK,552,297,125,172,255,194,61
S01012344,Born outside the UK: Total,27,12,5,7,15,12,3
S01012344,Born outside the UK: Resident less than 2 years,2,2,1,1,0,0,0
S01012344,Born outside the UK: Resident 2 years or more and less than 5 years,7,0,0,0,7,5,2
S01012344,Born outside the UK: Resident 5 years or more and less than 10 years,4,2,1,1,2,1,1
S01012344,Born outside the UK: Resident 10 years or more,14,8,3,5,6,6,0
S01012345,All people in households,700,522,194,328,178,129,49
S01012345,Born in the UK,686,516,191,325,170,123,47
S01012345,Born outside the UK: Total,14,6,3,3,8,6,2
S01012345,Born outside the UK: Resident less than 2 years,0,0,0,0,0,0,0
S01012345,Born outside the UK: Resident 2 years or more and less than 5 years,2,0,0,0,2,2,0
S01012345,Born outside the UK: Resident 5 years or more and less than 10 years,1,1,0,1,0,0,0
S01012345,Born outside the UK: Resident 10 years or more,11,5,3,2,6,4,2
S01012346,All people in households,777,416,221,195,361,26,335
S01012346,Born in the UK,736,392,207,185,344,26,318
S01012346,Born outside the UK: Total,41,24,14,10,17,0,17
S01012346,Born outside the UK: Resident less than 2 years,3,0,0,0,3,0,3
S01012346,Born outside the UK: Resident 2 years or more and less than 5 years,4,1,0,1,3,0,3
S01012346,Born outside the UK: Resident 5 years or more and less than 10 years,8,0,0,0,8,0,8
S01012346,Born outside the UK: Resident 10 years or more,26,23,14,9,3,0,3
S01012347,All people in households,774,538,220,318,236,172,64
S01012347,Born in the UK,739,518,209,309,221,162,59
S01012347,Born outside the UK: Total,35,20,11,9,15,10,5
S01012347,Born outside the UK: Resident less than 2 years,3,0,0,0,3,3,0
S01012347,Born outside the UK: Resident 2 years or more and less than 5 years,4,0,0,0,4,2,2
S01012347,Born outside the UK: Resident 5 years or more and less than 10 years,3,3,0,3,0,0,0
S01012347,Born outside the UK: Resident 10 years or more,25,17,11,6,8,5,3
S01012348,All people in households,719,550,243,307,169,94,75
S01012348,Born in the UK,687,526,227,299,161,91,70
S01012348,Born outside the UK: Total,32,24,16,8,8,3,5
S01012348,Born outside the UK: Resident less than 2 years,2,1,1,0,1,0,1
S01012348,Born outside the UK: Resident 2 years or more and less than 5 years,5,5,5,0,0,0,0
S01012348,Born outside the UK: Resident 5 years or more and less than 10 years,3,2,2,0,1,0,1
S01012348,Born outside the UK: Resident 10 years or more,22,16,8,8,6,3,3
S01012349,All people in households,899,542,195,347,357,285,72
S01012349,Born in the UK,877,536,192,344,341,270,71
S01012349,Born outside the UK: Total,22,6,3,3,16,15,1
S01012349,Born outside the UK: Resident less than 2 years,1,0,0,0,1,0,1
S01012349,Born outside the UK: Resident 2 years or more and less than 5 years,1,0,0,0,1,1,0
S01012349,Born outside the UK: Resident 5 years or more and less than 10 years,6,0,0,0,6,6,0
S01012349,Born outside the UK: Resident 10 years or more,14,6,3,3,8,8,0
S01012350,All people in households,773,466,226,240,307,243,64
S01012350,Born in the UK,746,457,220,237,289,228,61
S01012350,Born outside the UK: Total,27,9,6,3,18,15,3
S01012350,Born outside the UK: Resident less than 2 years,0,0,0,0,0,0,0
S01012350,Born outside the UK: Resident 2 years or more and less than 5 years,4,0,0,0,4,4,0
S01012350,Born outside the UK: Resident 5 years or more and less than 10 years,6,0,0,0,6,6,0
S01012350,Born outside the UK: Resident 10 years or more,17,9,6,3,8,5,3
S01012351,All people in households,850,531,154,377,319,258,61
S01012351,Born in the UK,803,511,150,361,292,236,56
S01012351,Born outside the UK: Total,47,20,4,16,27,22,5
S01012351,Born outside the UK: Resident less than 2 years,5,0,0,0,5,5,0
S01012351,Born outside the UK: Resident 2 years or more and less than 5 years,9,2,0,2,7,3,4
S01012351,Born outside the UK: Resident 5 years or more and less than 10 years,14,4,0,4,10,9,1
S01012351,Born outside the UK: Resident 10 years or more,19,14,4,10,5,5,0
S01012352,All people in households,734,494,185,309,240,138,102
S01012352,Born in the UK,707,484,181,303,223,128,95
S01012352,Born outside the UK: Total,27,10,4,6,17,10,7
S01012352,Born outside the UK: Resident less than 2 years,4,0,0,0,4,1,3
S01012352,Born outside the UK: Resident 2 years or more and less than 5 years,6,1,0,1,5,5,0
S01012352,Born outside the UK: Resident 5 years or more and less than 10 years,4,1,0,1,3,3,0
S01012352,Born outside the UK: Resident 10 years or more,13,8,4,4,5,1,4
S01012353,All people in households,744,346,152,194,398,259,139
S01012353,Born in the UK,705,332,147,185,373,246,127
S01012353,Born outside the UK: Total,39,14,5,9,25,13,12
S01012353,Born outside the UK: Resident less than 2 years,7,0,0,0,7,3,4
S01012353,Born outside the UK: Resident 2 years or more and less than 5 years,1,0,0,0,1,0,1
S01012353,Born outside the UK: Resident 5 years or more and less than 10 years,7,1,0,1,6,4,2
S01012353,Born outside the UK: Resident 10 years or more,24,13,5,8,11,6,5
S01012354,All people in households,763,524,311,213,239,125,114
S01012354,Born in the UK,739,513,307,206,226,120,106
S01012354,Born outside the UK: Total,24,11,4,7,13,5,8
S01012354,Born outside the UK: Resident less than 2 years,4,2,0,2,2,0,2
S01012354,Born outside the UK: Resident 2 years or more and less than 5 years,0,0,0,0,0,0,0
S01012354,Born outside the UK: Resident 5 years or more and less than 10 years,3,0,0,0,3,1,2
S01012354,Born outside the UK: Resident 10 years or more,17,9,4,5,8,4,4
S01012355,All people in households,849,517,316,201,332,22,310
S01012355,Born in the UK,819,491,300,191,328,22,306
S01012355,Born outside the UK: Total,30,26,16,10,4,0,4
S01012355,Born outside the UK: Resident less than 2 years,0,0,0,0,0,0,0
S01012355,Born outside the UK: Resident 2 years or more and less than 5 years,3,3,0,3,0,0,0
S01012355,Born outside the UK: Resident 5 years or more and less than 10 years,4,1,0,1,3,0,3
S01012355,Born outside the UK: Resident 10 years or more,23,22,16,6,1,0,1
S01012356,All people in households,653,502,260,242,151,101,50
S01012356,Born in the UK,639,492,255,237,147,99,48
S01012356,Born outside the UK: Total,14,10,5,5,4,2,2
S01012356,Born outside the UK: Resident less than 2 years,0,0,0,0,0,0,0
S01012356,Born outside the UK: Resident 2 years or more and less than 5 years,0,0,0,0,0,0,0
S01012356,Born outside the UK: Resident 5 years or more and less than 10 years,1,0,0,0,1,1,0
S01012356,Born outside the UK: Resident 10 years or more,13,10,5,5,3,1,2
S01012357,All people in households,812,627,355,272,185,3,182
S01012357,Born in the UK,764,598,338,260,166,3,163
S01012357,Born outside the UK: Total,48,29,17,12,19,0,19
S01012357,Born outside the UK: Resident less than 2 years,9,3,1,2,6,0,6
S01012357,Born outside the UK: Resident 2 years or more and less than 5 years,6,1,1,0,5,0,5
S01012357,Born outside the UK: Resident 5 years or more and less than 10 years,3,1,0,1,2,0,2
S01012357,Born outside the UK: Resident 10 years or more,30,24,15,9,6,0,6
S01012358,All people in households,764,544,372,172,220,49,171
S01012358,Born in the UK,733,519,350,169,214,47,167
S01012358,Born outside the UK: Total,31,25,22,3,6,2,4
S01012358,Born outside the UK: Resident less than 2 years,0,0,0,0,0,0,0
S01012358,Born outside the UK: Resident 2 years or more and less than 5 years,2,2,2,0,0,0,0
S01012358,Born outside the UK: Resident 5 years or more and less than 10 years,3,2,2,0,1,1,0
S01012358,Born outside the UK: Resident 10 years or more,26,21,18,3,5,1,4
S01012359,All people in households,785,315,140,175,470,415,55
S01012359,Born in the UK,745,297,136,161,448,405,43
S01012359,Born outside the UK: Total,40,18,4,14,22,10,12
S01012359,Born outside the UK: Resident less than 2 years,6,1,1,0,5,0,5
S01012359,Born outside the UK: Resident 2 years or more and less than 5 years,11,5,1,4,6,2,4
S01012359,Born outside the UK: Resident 5 years or more and less than 10 years,13,9,1,8,4,4,0
S01012359,Born outside the UK: Resident 10 years or more,10,3,1,2,7,4,3
S01012360,All people in households,808,246,99,147,562,502,60
S01012360,Born in the UK,723,235,94,141,488,443,45
S01012360,Born outside the UK: Total,85,11,5,6,74,59,15
S01012360,Born outside the UK: Resident less than 2 years,22,0,0,0,22,17,5
S01012360,Born outside the UK: Resident 2 years or more and less than 5 years,35,8,4,4,27,18,9
S01012360,Born outside the UK: Resident 5 years or more and less than 10 years,17,2,1,1,15,14,1
S01012360,Born outside the UK: Resident 10 years or more,11,1,0,1,10,10,0
S01012361,All people in households,641,213,64,149,428,403,25
S01012361,Born in the UK,589,205,62,143,384,359,25
S01012361,Born outside the UK: Total,52,8,2,6,44,44,0
S01012361,Born outside the UK: Resident less than 2 years,3,1,0,1,2,2,0
S01012361,Born outside the UK: Resident 2 years or more and less than 5 years,21,0,0,0,21,21,0
S01012361,Born outside the UK: Resident 5 years or more and less than 10 years,17,6,2,4,11,11,0
S01012361,Born outside the UK: Resident 10 years or more,11,1,0,1,10,10,0
S01012362,All people in households,834,148,46,102,686,638,48
S01012362,Born in the UK,738,143,43,100,595,547,48
S01012362,Born outside the UK: Total,96,5,3,2,91,91,0
S01012362,Born outside the UK: Resident less than 2 years,8,0,0,0,8,8,0
S01012362,Born outside the UK: Resident 2 years or more and less than 5 years,49,0,0,0,49,49,0
S01012362,Born outside the UK: Resident 5 years or more and less than 10 years,25,2,0,2,23,23,0
S01012362,Born outside the UK: Resident 10 years or more,14,3,3,0,11,11,0
S01012363,All people in households,962,486,225,261,476,272,204
S01012363,Born in the UK,883,465,218,247,418,241,177
S01012363,Born outside the UK: Total,79,21,7,14,58,31,27
S01012363,Born outside the UK: Resident less than 2 years,9,0,0,0,9,0,9
S01012363,Born outside the UK: Resident 2 years or more and less than 5 years,22,4,0,4,18,15,3
S01012363,Born outside the UK: Resident 5 years or more and less than 10 years,22,4,0,4,18,10,8
S01012363,Born outside the UK: Resident 10 years or more,26,13,7,6,13,6,7
S01012364,All people in households,666,446,205,241,220,58,162
S01012364,Born in the UK,631,437,200,237,194,58,136
S01012364,Born outside the UK: Total,35,9,5,4,26,0,26
S01012364,Born outside the UK: Resident less than 2 years,6,1,0,1,5,0,5
S01012364,Born outside the UK: Resident 2 years or more and less than 5 years,9,0,0,0,9,0,9
S01012364,Born outside the UK: Resident 5 years or more and less than 10 years,6,1,1,0,5,0,5
S01012364,Born outside the UK: Resident 10 years or more,14,7,4,3,7,0,7
S01012365,All people in households,923,784,365,419,139,40,99
S01012365,Born in the UK,892,771,360,411,121,38,83
S01012365,Born outside the UK: Total,31,13,5,8,18,2,16
S01012365,Born outside the UK: Resident less than 2 years,5,0,0,0,5,0,5
S01012365,Born outside the UK: Resident 2 years or more and less than 5 years,10,1,0,1,9,0,9
S01012365,Born outside the UK: Resident 5 years or more and less than 10 years,1,0,0,0,1,1,0
S01012365,Born outside the UK: Resident 10 years or more,15,12,5,7,3,1,2
S01012366,All people in households,862,594,300,294,268,61,207
S01012366,Born in the UK,831,581,293,288,250,59,191
S01012366,Born outside the UK: Total,31,13,7,6,18,2,16
S01012366,Born outside the UK: Resident less than 2 years,3,1,0,1,2,0,2
S01012366,Born outside the UK: Resident 2 years or more and less than 5 years,7,2,1,1,5,0,5
S01012366,Born outside the UK: Resident 5 years or more and less than 10 years,5,0,0,0,5,1,4
S01012366,Born outside the UK: Resident 10 years or more,16,10,6,4,6,1,5
S01012367,All people in households,916,683,335,348,233,147,86
S01012367,Born in the UK,893,672,326,346,221,141,80
S01012367,Born outside the UK: Total,23,11,9,2,12,6,6
S01012367,Born outside the UK: Resident less than 2 years,0,0,0,0,0,0,0
S01012367,Born outside the UK: Resident 2 years or more and less than 5 years,9,1,1,0,8,6,2
S01012367,Born outside the UK: Resident 5 years or more and less than 10 years,1,1,1,0,0,0,0
S01012367,Born outside the UK: Resident 10 years or more,13,9,7,2,4,0,4
S01012368,All people in households,574,500,275,225,74,60,14
S01012368,Born in the UK,548,485,270,215,63,50,13
S01012368,Born outside the UK: Total,26,15,5,10,11,10,1
S01012368,Born outside the UK: Resident less than 2 years,2,2,1,1,0,0,0
S01012368,Born outside the UK: Resident 2 years or more and less than 5 years,4,0,0,0,4,4,0
S01012368,Born outside the UK: Resident 5 years or more and less than 10 years,4,0,0,0,4,3,1
S01012368,Born outside the UK: Resident 10 years or more,16,13,4,9,3,3,0
S01012369,All people in households,872,671,293,378,201,116,85
S01012369,Born in the UK,848,658,288,370,190,113,77
S01012369,Born outside the UK: Total,24,13,5,8,11,3,8
S01012369,Born outside the UK: Resident less than 2 years,1,0,0,0,1,0,1
S01012369,Born outside the UK: Resident 2 years or more and less than 5 years,3,0,0,0,3,0,3
S01012369,Born outside the UK: Resident 5 years or more and less than 10 years,3,3,0,3,0,0,0
S01012369,Born outside the UK: Resident 10 years or more,17,10,5,5,7,3,4
S01012370,All people in households,944,556,221,335,388,317,71
S01012370,Born in the UK,914,545,217,328,369,307,62
S01012370,Born outside the UK: Total,30,11,4,7,19,10,9
S01012370,Born outside the UK: Resident less than 2 years,0,0,0,0,0,0,0
S01012370,Born outside the UK: Resident 2 years or more and less than 5 years,9,2,0,2,7,3,4
S01012370,Born outside the UK: Resident 5 years or more and less than 10 years,6,1,0,1,5,4,1
S01012370,Born outside the UK: Resident 10 years or more,15,8,4,4,7,3,4
S01012371,All people in households,881,549,223,326,332,210,122
S01012371,Born in the UK,831,539,221,318,292,185,107
S01012371,Born outside the UK: Total,50,10,2,8,40,25,15
S01012371,Born outside the UK: Resident less than 2 years,7,0,0,0,7,3,4
S01012371,Born outside the UK: Resident 2 years or more and less than 5 years,9,3,0,3,6,2,4
S01012371,Born outside the UK: Resident 5 years or more and less than 10 years,16,3,0,3,13,11,2
S01012371,Born outside the UK: Resident 10 years or more,18,4,2,2,14,9,5
S01012372,All people in households,738,383,186,197,355,243,112
S01012372,Born in the UK,713,377,184,193,336,233,103
S01012372,Born outside the UK: Total,25,6,2,4,19,10,9
S01012372,Born outside the UK: Resident less than 2 years,0,0,0,0,0,0,0
S01012372,Born outside the UK: Resident 2 years or more and less than 5 years,11,2,0,2,9,7,2
S01012372,Born outside the UK: Resident 5 years or more and less than 10 years,7,1,1,0,6,0,6
S01012372,Born outside the UK: Resident 10 years or more,7,3,1,2,4,3,1
S01012373,All people in households,981,727,334,393,254,184,70
S01012373,Born in the UK,945,714,328,386,231,172,59
S01012373,Born outside the UK: Total,36,13,6,7,23,12,11
S01012373,Born outside the UK: Resident less than 2 years,1,0,0,0,1,0,1
S01012373,Born outside the UK: Resident 2 years or more and less than 5 years,14,0,0,0,14,10,4
S01012373,Born outside the UK: Resident 5 years or more and less than 10 years,7,3,2,1,4,1,3
S01012373,Born outside the UK: Resident 10 years or more,14,10,4,6,4,1,3
S01012374,All people in households,920,672,240,432,248,218,30
S01012374,Born in the UK,896,660,237,423,236,208,28
S01012374,Born outside the UK: Total,24,12,3,9,12,10,2
S01012374,Born outside the UK: Resident less than 2 years,2,0,0,0,2,1,1
S01012374,Born outside the UK: Resident 2 years or more and less than 5 years,6,0,0,0,6,5,1
S01012374,Born outside the UK: Resident 5 years or more and less than 10 years,4,4,0,4,0,0,0
S01012374,Born outside the UK: Resident 10 years or more,12,8,3,5,4,4,0
S01012375,All people in households,928,519,186,333,409,355,54
S01012375,Born in the UK,902,511,184,327,391,337,54
S01012375,Born outside the UK: Total,26,8,2,6,18,18,0
S01012375,Born outside the UK: Resident less than 2 years,0,0,0,0,0,0,0
S01012375,Born outside the UK: Resident 2 years or more and less than 5 years,11,0,0,0,11,11,0
S01012375,Born outside the UK: Resident 5 years or more and less than 10 years,10,5,0,5,5,5,0
S01012375,Born outside the UK: Resident 10 years or more,5,3,2,1,2,2,0
S01012376,All people in households,960,736,370,366,224,54,170
S01012376,Born in the UK,902,696,350,346,206,53,153
S01012376,Born outside the UK: Total,58,40,20,20,18,1,17
S01012376,Born outside the UK: Resident less than 2 years,11,6,5,1,5,1,4
S01012376,Born outside the UK: Resident 2 years or more and less than 5 years,9,1,1,0,8,0,8
S01012376,Born outside the UK: Resident 5 years or more and less than 10 years,4,2,0,2,2,0,2
S01012376,Born outside the UK: Resident 10 years or more,34,31,14,17,3,0,3
S01012377,All people in households,690,481,283,198,209,71,138
S01012377,Born in the UK,632,446,263,183,186,60,126
S01012377,Born outside the UK: Total,58,35,20,15,23,11,12
S01012377,Born outside the UK: Resident less than 2 years,10,5,2,3,5,4,1
S01012377,Born outside the UK: Resident 2 years or more and less than 5 years,8,3,2,1,5,0,5
S01012377,Born outside the UK: Resident 5 years or more and less than 10 years,11,3,0,3,8,5,3
S01012377,Born outside the UK: Resident 10 years or more,29,24,16,8,5,2,3
S01012378,All people in households,567,298,164,134,269,40,229
S01012378,Born in the UK,533,287,157,130,246,37,209
S01012378,Born outside the UK: Total,34,11,7,4,23,3,20
S01012378,Born outside the UK: Resident less than 2 years,2,0,0,0,2,1,1
S01012378,Born outside the UK: Resident 2 years or more and less than 5 years,10,1,0,1,9,1,8
S01012378,Born outside the UK: Resident 5 years or more and less than 10 years,3,3,2,1,0,0,0
S01012378,Born outside the UK: Resident 10 years or more,19,7,5,2,12,1,11
S01012379,All people in households,520,289,163,126,231,62,169
S01012379,Born in the UK,482,272,151,121,210,53,157
S01012379,Born outside the UK: Total,38,17,12,5,21,9,12
S01012379,Born outside the UK: Resident less than 2 years,3,3,3,0,0,0,0
S01012379,Born outside the UK: Resident 2 years or more and less than 5 years,4,0,0,0,4,4,0
S01012379,Born outside the UK: Resident 5 years or more and less than 10 years,9,0,0,0,9,4,5
S01012379,Born outside the UK: Resident 10 years or more,22,14,9,5,8,1,7
S01012380,All people in households,892,539,223,316,353,302,51
S01012380,Born in the UK,874,527,220,307,347,298,49
S01012380,Born outside the UK: Total,18,12,3,9,6,4,2
S01012380,Born outside the UK: Resident less than 2 years,3,2,1,1,1,1,0
S01012380,Born outside the UK: Resident 2 years or more and less than 5 years,2,0,0,0,2,1,1
S01012380,Born outside the UK: Resident 5 years or more and less than 10 years,1,1,0,1,0,0,0
S01012380,Born outside the UK: Resident 10 years or more,12,9,2,7,3,2,1
S01012381,All people in households,844,500,223,277,344,253,91
S01012381,Born in the UK,800,476,212,264,324,236,88
S01012381,Born outside the UK: Total,44,24,11,13,20,17,3
S01012381,Born outside the UK: Resident less than 2 years,5,2,2,0,3,2,1
S01012381,Born outside the UK: Resident 2 years or more and less than 5 years,4,3,2,1,1,0,1
S01012381,Born outside the UK: Resident 5 years or more and less than 10 years,11,5,0,5,6,5,1
S01012381,Born outside the UK: Resident 10 years or more,24,14,7,7,10,10,0
S01012382,All people in households,969,845,414,431,124,87,37
S01012382,Born in the UK,952,833,410,423,119,84,35
S01012382,Born outside the UK: Total,17,12,4,8,5,3,2
S01012382,Born outside the UK: Resident less than 2 years,1,1,0,1,0,0,0
S01012382,Born outside the UK: Resident 2 years or more and less than 5 years,3,0,0,0,3,3,0
S01012382,Born outside the UK: Resident 5 years or more and less than 10 years,0,0,0,0,0,0,0
S01012382,Born outside the UK: Resident 10 years or more,13,11,4,7,2,0,2
S01012383,All people in households,825,580,291,289,245,152,93
S01012383,Born in the UK,798,570,287,283,228,146,82
S01012383,Born outside the UK: Total,27,10,4,6,17,6,11
S01012383,Born outside the UK: Resident less than 2 years,2,1,0,1,1,0,1
S01012383,Born outside the UK: Resident 2 years or more and less than 5 years,3,0,0,0,3,2,1
S01012383,Born outside the UK: Resident 5 years or more and less than 10 years,5,0,0,0,5,0,5
S01012383,Born outside the UK: Resident 10 years or more,17,9,4,5,8,4,4
S01012384,All people in households,515,358,154,204,157,79,78
S01012384,Born in the UK,495,344,151,193,151,78,73
S01012384,Born outside the UK: Total,20,14,3,11,6,1,5
S01012384,Born outside the UK: Resident less than 2 years,2,1,1,0,1,0,1
S01012384,Born outside the UK: Resident 2 years or more and less than 5 years,2,1,0,1,1,0,1
S01012384,Born outside the UK: Resident 5 years or more and less than 10 years,5,4,0,4,1,0,1
S01012384,Born outside the UK: Resident 10 years or more,11,8,2,6,3,1,2
S01012385,All people in households,689,522,225,297,167,65,102
S01012385,Born in the UK,653,505,218,287,148,61,87
S01012385,Born outside the UK: Total,36,17,7,10,19,4,15
S01012385,Born outside the UK: Resident less than 2 years,7,0,0,0,7,0,7
S01012385,Born outside the UK: Resident 2 years or more and less than 5 years,6,1,0,1,5,3,2
S01012385,Born outside the UK: Resident 5 years or more and less than 10 years,3,3,1,2,0,0,0
S01012385,Born outside the UK: Resident 10 years or more,20,13,6,7,7,1,6
S01012386,All people in households,977,363,153,210,614,526,88
S01012386,Born in the UK,934,340,146,194,594,508,86
S01012386,Born outside the UK: Total,43,23,7,16,20,18,2
S01012386,Born outside the UK: Resident less than 2 years,5,3,1,2,2,2,0
S01012386,Born outside the UK: Resident 2 years or more and less than 5 years,6,2,1,1,4,4,0
S01012386,Born outside the UK: Resident 5 years or more and less than 10 years,14,7,0,7,7,6,1
S01012386,Born outside the UK: Resident 10 years or more,18,11,5,6,7,6,1
S01012387,All people in households,930,609,314,295,321,185,136
S01012387,Born in the UK,892,592,304,288,300,178,122
S01012387,Born outside the UK: Total,38,17,10,7,21,7,14
S01012387,Born outside the UK: Resident less than 2 years,9,4,3,1,5,0,5
S01012387,Born outside the UK: Resident 2 years or more and less than 5 years,8,1,0,1,7,1,6
S01012387,Born outside the UK: Resident 5 years or more and less than 10 years,5,1,0,1,4,3,1
S01012387,Born outside the UK: Resident 10 years or more,16,11,7,4,5,3,2
S01012388,All people in households,691,629,302,327,62,21,41
S01012388,Born in the UK,654,600,294,306,54,19,35
S01012388,Born outside the UK: Total,37,29,8,21,8,2,6
S01012388,Born outside the UK: Resident less than 2 years,2,0,0,0,2,0,2
S01012388,Born outside the UK: Resident 2 years or more and less than 5 years,2,2,0,2,0,0,0
S01012388,Born outside the UK: Resident 5 years or more and less than 10 years,13,10,1,9,3,0,3
S01012388,Born outside the UK: Resident 10 years or more,20,17,7,10,3,2,1
S01012389,All people in households,882,674,252,422,208,151,57
S01012389,Born in the UK,861,658,248,410,203,149,54
S01012389,Born outside the UK: Total,21,16,4,12,5,2,3
S01012389,Born outside the UK: Resident less than 2 years,1,1,0,1,0,0,0
S01012389,Born outside the UK: Resident 2 years or more and less than 5 years,4,1,0,1,3,1,2
S01012389,Born outside the UK: Resident 5 years or more and less than 10 years,2,1,0,1,1,0,1
S01012389,Born outside the UK: Resident 10 years or more,14,13,4,9,1,1,0
S01012390,All people in households,769,625,309,316,144,88,56
S01012390,Born in the UK,750,614,303,311,136,85,51
S01012390,Born outside the UK: Total,19,11,6,5,8,3,5
S01012390,Born outside the UK: Resident less than 2 years,2,0,0,0,2,1,1
S01012390,Born outside the UK: Resident 2 years or more and less than 5 years,2,0,0,0,2,1,1
S01012390,Born outside the UK: Resident 5 years or more and less than 10 years,2,0,0,0,2,1,1
S01012390,Born outside the UK: Resident 10 years or more,13,11,6,5,2,0,2
S01012391,All people in households,1114,894,347,547,220,130,90
S01012391,Born in the UK,1058,858,336,522,200,120,80
S01012391,Born outside the UK: Total,56,36,11,25,20,10,10
S01012391,Born outside the UK: Resident less than 2 years,7,2,0,2,5,0,5
S01012391,Born outside the UK: Resident 2 years or more and less than 5 years,6,4,0,4,2,1,1
S01012391,Born outside the UK: Resident 5 years or more and less than 10 years,18,9,3,6,9,8,1
S01012391,Born outside the UK: Resident 10 years or more,25,21,8,13,4,1,3
S01012392,All people in households,791,510,212,298,281,252,29
S01012392,Born in the UK,764,494,204,290,270,242,28
S01012392,Born outside the UK: Total,27,16,8,8,11,10,1
S01012392,Born outside the UK: Resident less than 2 years,2,2,2,0,0,0,0
S01012392,Born outside the UK: Resident 2 years or more and less than 5 years,5,3,0,3,2,1,1
S01012392,Born outside the UK: Resident 5 years or more and less than 10 years,8,4,2,2,4,4,0
S01012392,Born outside the UK: Resident 10 years or more,12,7,4,3,5,5,0
S01012393,All people in households,899,664,299,365,235,166,69
S01012393,Born in the UK,812,620,286,334,192,150,42
S01012393,Born outside the UK: Total,87,44,13,31,43,16,27
S01012393,Born outside the UK: Resident less than 2 years,23,11,0,11,12,0,12
S01012393,Born outside the UK: Resident 2 years or more and less than 5 years,29,8,0,8,21,10,11
S01012393,Born outside the UK: Resident 5 years or more and less than 10 years,7,5,1,4,2,0,2
S01012393,Born outside the UK: Resident 10 years or more,28,20,12,8,8,6,2
S01012394,All people in households,638,268,116,152,370,342,28
S01012394,Born in the UK,614,262,114,148,352,331,21
S01012394,Born outside the UK: Total,24,6,2,4,18,11,7
S01012394,Born outside the UK: Resident less than 2 years,9,0,0,0,9,5,4
S01012394,Born outside the UK: Resident 2 years or more and less than 5 years,5,1,0,1,4,2,2
S01012394,Born outside the UK: Resident 5 years or more and less than 10 years,5,2,1,1,3,2,1
S01012394,Born outside the UK: Resident 10 years or more,5,3,1,2,2,2,0
S01012395,All people in households,607,413,203,210,194,135,59
S01012395,Born in the UK,558,392,192,200,166,122,44
S01012395,Born outside the UK: Total,49,21,11,10,28,13,15
S01012395,Born outside the UK: Resident less than 2 years,13,1,0,1,12,0,12
S01012395,Born outside the UK: Resident 2 years or more and less than 5 years,8,1,1,0,7,7,0
S01012395,Born outside the UK: Resident 5 years or more and less than 10 years,16,10,4,6,6,4,2
S01012395,Born outside the UK: Resident 10 years or more,12,9,6,3,3,2,1
S01012396,All people in households,638,381,198,183,257,148,109
S01012396,Born in the UK,598,365,191,174,233,142,91
S01012396,Born outside the UK: Total,40,16,7,9,24,6,18
S01012396,Born outside the UK: Resident less than 2 years,7,1,0,1,6,0,6
S01012396,Born outside the UK: Resident 2 years or more and less than 5 years,14,3,0,3,11,0,11
S01012396,Born outside the UK: Resident 5 years or more and less than 10 years,4,2,0,2,2,1,1
S01012396,Born outside the UK: Resident 10 years or more,15,10,7,3,5,5,0
S01012397,All people in households,833,545,298,247,288,201,87
S01012397,Born in the UK,786,528,288,240,258,195,63
S01012397,Born outside the UK: Total,47,17,10,7,30,6,24
S01012397,Born outside the UK: Resident less than 2 years,11,2,2,0,9,0,9
S01012397,Born outside the UK: Resident 2 years or more and less than 5 years,8,0,0,0,8,1,7
S01012397,Born outside the UK: Resident 5 years or more and less than 10 years,5,0,0,0,5,0,5
S01012397,Born outside the UK: Resident 10 years or more,23,15,8,7,8,5,3
S01012398,All people in households,849,461,203,258,388,194,194
S01012398,Born in the UK,761,446,195,251,315,183,132
S01012398,Born outside the UK: Total,88,15,8,7,73,11,62
S01012398,Born outside the UK: Resident less than 2 years,33,5,3,2,28,2,26
S01012398,Born outside the UK: Resident 2 years or more and less than 5 years,32,3,1,2,29,8,21
S01012398,Born outside the UK: Resident 5 years or more and less than 10 years,12,2,0,2,10,0,10
S01012398,Born outside the UK: Resident 10 years or more,11,5,4,1,6,1,5
S01012399,All people in households,621,324,165,159,297,235,62
S01012399,Born in the UK,586,315,162,153,271,218,53
S01012399,Born outside the UK: Total,35,9,3,6,26,17,9
S01012399,Born outside the UK: Resident less than 2 years,8,3,0,3,5,0,5
S01012399,Born outside the UK: Resident 2 years or more and less than 5 years,8,1,0,1,7,3,4
S01012399,Born outside the UK: Resident 5 years or more and less than 10 years,9,1,1,0,8,8,0
S01012399,Born outside the UK: Resident 10 years or more,10,4,2,2,6,6,0
S01012400,All people in households,587,269,123,146,318,204,114
S01012400,Born in the UK,516,258,121,137,258,195,63
S01012400,Born outside the UK: Total,71,11,2,9,60,9,51
S01012400,Born outside the UK: Resident less than 2 years,30,0,0,0,30,1,29
S01012400,Born outside the UK: Resident 2 years or more and less than 5 years,19,0,0,0,19,4,15
S01012400,Born outside the UK: Resident 5 years or more and less than 10 years,7,1,0,1,6,1,5
S01012400,Born outside the UK: Resident 10 years or more,15,10,2,8,5,3,2
S01012401,All people in households,770,404,204,200,366,322,44
S01012401,Born in the UK,724,390,196,194,334,304,30
S01012401,Born outside the UK: Total,46,14,8,6,32,18,14
S01012401,Born outside the UK: Resident less than 2 years,7,0,0,0,7,3,4
S01012401,Born outside the UK: Resident 2 years or more and less than 5 years,10,3,0,3,7,0,7
S01012401,Born outside the UK: Resident 5 years or more and less than 10 years,12,1,0,1,11,9,2
S01012401,Born outside the UK: Resident 10 years or more,17,10,8,2,7,6,1
S01012402,All people in households,460,400,178,222,60,14,46
S01012402,Born in the UK,435,390,178,212,45,12,33
S01012402,Born outside the UK: Total,25,10,0,10,15,2,13
S01012402,Born outside the UK: Resident less than 2 years,10,2,0,2,8,0,8
S01012402,Born outside the UK: Resident 2 years or more and less than 5 years,6,2,0,2,4,0,4
S01012402,Born outside the UK: Resident 5 years or more and less than 10 years,1,1,0,1,0,0,0
S01012402,Born outside the UK: Resident 10 years or more,8,5,0,5,3,2,1
S01012403,All people in households,1025,805,394,411,220,108,112
S01012403,Born in the UK,958,776,382,394,182,99,83
S01012403,Born outside the UK: Total,67,29,12,17,38,9,29
S01012403,Born outside the UK: Resident less than 2 years,18,1,1,0,17,0,17
S01012403,Born outside the UK: Resident 2 years or more and less than 5 years,17,9,1,8,8,5,3
S01012403,Born outside the UK: Resident 5 years or more and less than 10 years,14,5,2,3,9,2,7
S01012403,Born outside the UK: Resident 10 years or more,18,14,8,6,4,2,2
S01012404,All people in households,968,568,285,283,400,253,147
S01012404,Born in the UK,877,561,284,277,316,242,74
S01012404,Born outside the UK: Total,91,7,1,6,84,11,73
S01012404,Born outside the UK: Resident less than 2 years,27,0,0,0,27,2,25
S01012404,Born outside the UK: Resident 2 years or more and less than 5 years,35,0,0,0,35,3,32
S01012404,Born outside the UK: Resident 5 years or more and less than 10 years,11,0,0,0,11,2,9
S01012404,Born outside the UK: Resident 10 years or more,18,7,1,6,11,4,7
S01012405,All people in households,726,655,259,396,71,14,57
S01012405,Born in the UK,703,632,247,385,71,14,57
S01012405,Born outside the UK: Total,23,23,12,11,0,0,0
S01012405,Born outside the UK: Resident less than 2 years,5,5,0,5,0,0,0
S01012405,Born outside the UK: Resident 2 years or more and less than 5 years,0,0,0,0,0,0,0
S01012405,Born outside the UK: Resident 5 years or more and less than 10 years,1,1,1,0,0,0,0
S01012405,Born outside the UK: Resident 10 years or more,17,17,11,6,0,0,0
S01012406,All people in households,624,500,233,267,124,76,48
S01012406,Born in the UK,595,486,228,258,109,69,40
S01012406,Born outside the UK: Total,29,14,5,9,15,7,8
S01012406,Born outside the UK: Resident less than 2 years,10,0,0,0,10,4,6
S01012406,Born outside the UK: Resident 2 years or more and less than 5 years,1,1,1,0,0,0,0
S01012406,Born outside the UK: Resident 5 years or more and less than 10 years,3,2,0,2,1,1,0
S01012406,Born outside the UK: Resident 10 years or more,15,11,4,7,4,2,2
S01012407,All people in households,813,571,271,300,242,190,52
S01012407,Born in the UK,787,560,265,295,227,184,43
S01012407,Born outside the UK: Total,26,11,6,5,15,6,9
S01012407,Born outside the UK: Resident less than 2 years,8,0,0,0,8,0,8
S01012407,Born outside the UK: Resident 2 years or more and less than 5 years,1,0,0,0,1,1,0
S01012407,Born outside the UK: Resident 5 years or more and less than 10 years,5,3,2,1,2,2,0
S01012407,Born outside the UK: Resident 10 years or more,12,8,4,4,4,3,1
S01012408,All people in households,652,546,294,252,106,26,80
S01012408,Born in the UK,641,539,289,250,102,23,79
S01012408,Born outside the UK: Total,11,7,5,2,4,3,1
S01012408,Born outside the UK: Resident less than 2 years,2,1,1,0,1,1,0
S01012408,Born outside the UK: Resident 2 years or more and less than 5 years,0,0,0,0,0,0,0
S01012408,Born outside the UK: Resident 5 years or more and less than 10 years,0,0,0,0,0,0,0
S01012408,Born outside the UK: Resident 10 years or more,9,6,4,2,3,2,1
S01012409,All people in households,688,493,272,221,195,104,91
S01012409,Born in the UK,660,477,261,216,183,96,87
S01012409,Born outside the UK: Total,28,16,11,5,12,8,4
S01012409,Born outside the UK: Resident less than 2 years,3,1,0,1,2,2,0
S01012409,Born outside the UK: Resident 2 years or more and less than 5 years,5,0,0,0,5,4,1
S01012409,Born outside the UK: Resident 5 years or more and less than 10 years,4,3,3,0,1,0,1
S01012409,Born outside the UK: Resident 10 years or more,16,12,8,4,4,2,2
S01012410,All people in households,1037,705,304,401,332,254,78
S01012410,Born in the UK,997,697,302,395,300,239,61
S01012410,Born outside the UK: Total,40,8,2,6,32,15,17
S01012410,Born outside the UK: Resident less than 2 years,12,0,0,0,12,0,12
S01012410,Born outside the UK: Resident 2 years or more and less than 5 years,2,0,0,0,2,2,0
S01012410,Born outside the UK: Resident 5 years or more and less than 10 years,12,1,0,1,11,8,3
S01012410,Born outside the UK: Resident 10 years or more,14,7,2,5,7,5,2
S01012411,All people in households,957,554,258,296,403,339,64
S01012411,Born in the UK,932,541,254,287,391,334,57
S01012411,Born outside the UK: Total,25,13,4,9,12,5,7
S01012411,Born outside the UK: Resident less than 2 years,9,3,2,1,6,0,6
S01012411,Born outside the UK: Resident 2 years or more and less than 5 years,1,1,0,1,0,0,0
S01012411,Born outside the UK: Resident 5 years or more and less than 10 years,2,0,0,0,2,2,0
S01012411,Born outside the UK: Resident 10 years or more,13,9,2,7,4,3,1
S01012412,All people in households,643,434,263,171,209,144,65
S01012412,Born in the UK,624,425,259,166,199,138,61
S01012412,Born outside the UK: Total,19,9,4,5,10,6,4
S01012412,Born outside the UK: Resident less than 2 years,1,0,0,0,1,0,1
S01012412,Born outside the UK: Resident 2 years or more and less than 5 years,1,1,1,0,0,0,0
S01012412,Born outside the UK: Resident 5 years or more and less than 10 years,2,1,0,1,1,0,1
S01012412,Born outside the UK: Resident 10 years or more,15,7,3,4,8,6,2
S01012413,All people in households,960,749,437,312,211,99,112
S01012413,Born in the UK,930,726,422,304,204,99,105
S01012413,Born outside the UK: Total,30,23,15,8,7,0,7
S01012413,Born outside the UK: Resident less than 2 years,4,1,0,1,3,0,3
S01012413,Born outside the UK: Resident 2 years or more and less than 5 years,5,4,2,2,1,0,1
S01012413,Born outside the UK: Resident 5 years or more and less than 10 years,5,5,3,2,0,0,0
S01012413,Born outside the UK: Resident 10 years or more,16,13,10,3,3,0,3
S01012414,All people in households,684,450,284,166,234,177,57
S01012414,Born in the UK,652,435,271,164,217,172,45
S01012414,Born outside the UK: Total,32,15,13,2,17,5,12
S01012414,Born outside the UK: Resident less than 2 years,0,0,0,0,0,0,0
S01012414,Born outside the UK: Resident 2 years or more and less than 5 years,8,1,1,0,7,1,6
S01012414,Born outside the UK: Resident 5 years or more and less than 10 years,4,3,3,0,1,1,0
S01012414,Born outside the UK: Resident 10 years or more,20,11,9,2,9,3,6
S01012415,All people in households,566,479,302,177,87,61,26
S01012415,Born in the UK,557,473,297,176,84,61,23
S01012415,Born outside the UK: Total,9,6,5,1,3,0,3
S01012415,Born outside the UK: Resident less than 2 years,0,0,0,0,0,0,0
S01012415,Born outside the UK: Resident 2 years or more and less than 5 years,0,0,0,0,0,0,0
S01012415,Born outside the UK: Resident 5 years or more and less than 10 years,3,2,2,0,1,0,1
S01012415,Born outside the UK: Resident 10 years or more,6,4,3,1,2,0,2
S01012416,All people in households,559,463,268,195,96,60,36
S01012416,Born in the UK,535,459,265,194,76,53,23
S01012416,Born outside the UK: Total,24,4,3,1,20,7,13
S01012416,Born outside the UK: Resident less than 2 years,4,0,0,0,4,0,4
S01012416,Born outside the UK: Resident 2 years or more and less than 5 years,7,0,0,0,7,1,6
S01012416,Born outside the UK: Resident 5 years or more and less than 10 years,6,1,1,0,5,5,0
S01012416,Born outside the UK: Resident 10 years or more,7,3,2,1,4,1,3
S01012417,All people in households,631,341,214,127,290,136,154
S01012417,Born in the UK,601,325,203,122,276,133,143
S01012417,Born outside the UK: Total,30,16,11,5,14,3,11
S01012417,Born outside the UK: Resident less than 2 years,4,1,0,1,3,0,3
S01012417,Born outside the UK: Resident 2 years or more and less than 5 years,4,2,2,0,2,1,1
S01012417,Born outside the UK: Resident 5 years or more and less than 10 years,4,1,1,0,3,1,2
S01012417,Born outside the UK: Resident 10 years or more,18,12,8,4,6,1,5
S01012418,All people in households,768,528,326,202,240,82,158
S01012418,Born in the UK,733,509,313,196,224,82,142
S01012418,Born outside the UK: Total,35,19,13,6,16,0,16
S01012418,Born outside the UK: Resident less than 2 years,3,1,0,1,2,0,2
S01012418,Born outside the UK: Resident 2 years or more and less than 5 years,11,3,3,0,8,0,8
S01012418,Born outside the UK: Resident 5 years or more and less than 10 years,3,3,0,3,0,0,0
S01012418,Born outside the UK: Resident 10 years or more,18,12,10,2,6,0,6
S01012419,All people in households,769,563,365,198,206,78,128
S01012419,Born in the UK,741,547,353,194,194,77,117
S01012419,Born outside the UK: Total,28,16,12,4,12,1,11
S01012419,Born outside the UK: Resident less than 2 years,8,1,1,0,7,0,7
S01012419,Born outside the UK: Resident 2 years or more and less than 5 years,4,3,1,2,1,0,1
S01012419,Born outside the UK: Resident 5 years or more and less than 10 years,2,1,0,1,1,0,1
S01012419,Born outside the UK: Resident 10 years or more,14,11,10,1,3,1,2
S01012420,All people in households,850,483,226,257,367,254,113
S01012420,Born in the UK,842,478,222,256,364,252,112
S01012420,Born outside the UK: Total,8,5,4,1,3,2,1
S01012420,Born outside the UK: Resident less than 2 years,2,1,1,0,1,0,1
S01012420,Born outside the UK: Resident 2 years or more and less than 5 years,1,0,0,0,1,1,0
S01012420,Born outside the UK: Resident 5 years or more and less than 10 years,0,0,0,0,0,0,0
S01012420,Born outside the UK: Resident 10 years or more,5,4,3,1,1,1,0
S01012421,All people in households,712,430,210,220,282,144,138
S01012421,Born in the UK,690,418,204,214,272,142,130
S01012421,Born outside the UK: Total,22,12,6,6,10,2,8
S01012421,Born outside the UK: Resident less than 2 years,0,0,0,0,0,0,0
S01012421,Born outside the UK: Resident 2 years or more and less than 5 years,6,3,2,1,3,0,3
S01012421,Born outside the UK: Resident 5 years or more and less than 10 years,3,1,0,1,2,0,2
S01012421,Born outside the UK: Resident 10 years or more,13,8,4,4,5,2,3
S01012422,All people in households,863,547,309,238,316,115,201
S01012422,Born in the UK,826,525,303,222,301,113,188
S01012422,Born outside the UK: Total,37,22,6,16,15,2,13
S01012422,Born outside the UK: Resident less than 2 years,4,1,0,1,3,0,3
S01012422,Born outside the UK: Resident 2 years or more and less than 5 years,8,1,0,1,7,0,7
S01012422,Born outside the UK: Resident 5 years or more and less than 10 years,8,5,1,4,3,1,2
S01012422,Born outside the UK: Resident 10 years or more,17,15,5,10,2,1,1
S01012423,All people in households,814,645,287,358,169,85,84
S01012423,Born in the UK,793,629,279,350,164,81,83
S01012423,Born outside the UK: Total,21,16,8,8,5,4,1
S01012423,Born outside the UK: Resident less than 2 years,2,2,2,0,0,0,0
S01012423,Born outside the UK: Resident 2 years or more and less than 5 years,0,0,0,0,0,0,0
S01012423,Born outside the UK: Resident 5 years or more and less than 10 years,3,0,0,0,3,3,0
S01012423,Born outside the UK: Resident 10 years or more,16,14,6,8,2,1,1
S01012424,All people in households,950,630,220,410,320,263,57
S01012424,Born in the UK,936,624,218,406,312,258,54
S01012424,Born outside the UK: Total,14,6,2,4,8,5,3
S01012424,Born outside the UK: Resident less than 2 years,0,0,0,0,0,0,0
S01012424,Born outside the UK: Resident 2 years or more and less than 5 years,0,0,0,0,0,0,0
S01012424,Born outside the UK: Resident 5 years or more and less than 10 years,4,2,0,2,2,1,1
S01012424,Born outside the UK: Resident 10 years or more,10,4,2,2,6,4,2
S01012425,All people in households,626,262,116,146,364,310,54
S01012425,Born in the UK,608,259,113,146,349,300,49
S01012425,Born outside the UK: Total,18,3,3,0,15,10,5
S01012425,Born outside the UK: Resident less than 2 years,8,0,0,0,8,8,0
S01012425,Born outside the UK: Resident 2 years or more and less than 5 years,2,0,0,0,2,0,2
S01012425,Born outside the UK: Resident 5 years or more and less than 10 years,3,0,0,0,3,0,3
S01012425,Born outside the UK: Resident 10 years or more,5,3,3,0,2,2,0
S01012426,All people in households,493,236,94,142,257,216,41
S01012426,Born in the UK,482,234,94,140,248,208,40
S01012426,Born outside the UK: Total,11,2,0,2,9,8,1
S01012426,Born outside the UK: Resident less than 2 years,1,0,0,0,1,1,0
S01012426,Born outside the UK: Resident 2 years or more and less than 5 years,4,0,0,0,4,4,0
S01012426,Born outside the UK: Resident 5 years or more and less than 10 years,1,0,0,0,1,1,0
S01012426,Born outside the UK: Resident 10 years or more,5,2,0,2,3,2,1
S01012427,All people in households,674,323,118,205,351,309,42
S01012427,Born in the UK,667,320,117,203,347,307,40
S01012427,Born outside the UK: Total,7,3,1,2,4,2,2
S01012427,Born outside the UK: Resident less than 2 years,0,0,0,0,0,0,0
S01012427,Born outside the UK: Resident 2 years or more and less than 5 years,0,0,0,0,0,0,0
S01012427,Born outside the UK: Resident 5 years or more and less than 10 years,0,0,0,0,0,0,0
S01012427,Born outside the UK: Resident 10 years or more,7,3,1,2,4,2,2
S01012428,All people in households,662,466,224,242,196,137,59
S01012428,Born in the UK,635,442,210,232,193,136,57
S01012428,Born outside the UK: Total,27,24,14,10,3,1,2
S01012428,Born outside the UK: Resident less than 2 years,6,5,5,0,1,0,1
S01012428,Born outside the UK: Resident 2 years or more and less than 5 years,5,5,1,4,0,0,0
S01012428,Born outside the UK: Resident 5 years or more and less than 10 years,4,3,1,2,1,0,1
S01012428,Born outside the UK: Resident 10 years or more,12,11,7,4,1,1,0
S01012429,All people in households,558,406,202,204,152,70,82
S01012429,Born in the UK,543,401,201,200,142,70,72
S01012429,Born outside the UK: Total,15,5,1,4,10,0,10
S01012429,Born outside the UK: Resident less than 2 years,4,0,0,0,4,0,4
S01012429,Born outside the UK: Resident 2 years or more and less than 5 years,4,0,0,0,4,0,4
S01012429,Born outside the UK: Resident 5 years or more and less than 10 years,3,1,0,1,2,0,2
S01012429,Born outside the UK: Resident 10 years or more,4,4,1,3,0,0,0
S01012430,All people in households,551,448,211,237,103,28,75
S01012430,Born in the UK,538,436,207,229,102,27,75
S01012430,Born outside the UK: Total,13,12,4,8,1,1,0
S01012430,Born outside the UK: Resident less than 2 years,3,3,2,1,0,0,0
S01012430,Born outside the UK: Resident 2 years or more and less than 5 years,0,0,0,0,0,0,0
S01012430,Born outside the UK: Resident 5 years or more and less than 10 years,4,4,0,4,0,0,0
S01012430,Born outside the UK: Resident 10 years or more,6,5,2,3,1,1,0
S01012431,All people in households,899,665,351,314,234,103,131
S01012431,Born in the UK,856,635,333,302,221,99,122
S01012431,Born outside the UK: Total,43,30,18,12,13,4,9
S01012431,Born outside the UK: Resident less than 2 years,10,6,6,0,4,0,4
S01012431,Born outside the UK: Resident 2 years or more and less than 5 years,6,3,2,1,3,0,3
S01012431,Born outside the UK: Resident 5 years or more and less than 10 years,3,3,1,2,0,0,0
S01012431,Born outside the UK: Resident 10 years or more,24,18,9,9,6,4,2
S01012432,All people in households,712,510,260,250,202,173,29
S01012432,Born in the UK,691,499,254,245,192,168,24
S01012432,Born outside the UK: Total,21,11,6,5,10,5,5
S01012432,Born outside the UK: Resident less than 2 years,1,1,0,1,0,0,0
S01012432,Born outside the UK: Resident 2 years or more and less than 5 years,6,0,0,0,6,3,3
S01012432,Born outside the UK: Resident 5 years or more and less than 10 years,2,0,0,0,2,1,1
S01012432,Born outside the UK: Resident 10 years or more,12,10,6,4,2,1,1
S01012433,All people in households,501,339,158,181,162,99,63
S01012433,Born in the UK,486,328,153,175,158,97,61
S01012433,Born outside the UK: Total,15,11,5,6,4,2,2
S01012433,Born outside the UK: Resident less than 2 years,1,1,1,0,0,0,0
S01012433,Born outside the UK: Resident 2 years or more and less than 5 years,2,1,0,1,1,0,1
S01012433,Born outside the UK: Resident 5 years or more and less than 10 years,6,4,0,4,2,1,1
S01012433,Born outside the UK: Resident 10 years or more,6,5,4,1,1,1,0
S01012434,All people in households,709,424,147,277,285,183,102
S01012434,Born in the UK,695,419,146,273,276,181,95
S01012434,Born outside the UK: Total,14,5,1,4,9,2,7
S01012434,Born outside the UK: Resident less than 2 years,1,0,0,0,1,0,1
S01012434,Born outside the UK: Resident 2 years or more and less than 5 years,2,1,0,1,1,0,1
S01012434,Born outside the UK: Resident 5 years or more and less than 10 years,5,1,0,1,4,1,3
S01012434,Born outside the UK: Resident 10 years or more,6,3,1,2,3,1,2
S01012435,All people in households,637,330,116,214,307,252,55
S01012435,Born in the UK,627,324,115,209,303,249,54
S01012435,Born outside the UK: Total,10,6,1,5,4,3,1
S01012435,Born outside the UK: Resident less than 2 years,0,0,0,0,0,0,0
S01012435,Born outside the UK: Resident 2 years or more and less than 5 years,3,0,0,0,3,2,1
S01012435,Born outside the UK: Resident 5 years or more and less than 10 years,0,0,0,0,0,0,0
S01012435,Born outside the UK: Resident 10 years or more,7,6,1,5,1,1,0
S01012436,All people in households,748,372,166,206,376,287,89
S01012436,Born in the UK,717,360,161,199,357,277,80
S01012436,Born outside the UK: Total,31,12,5,7,19,10,9
S01012436,Born outside the UK: Resident less than 2 years,2,0,0,0,2,2,0
S01012436,Born outside the UK: Resident 2 years or more and less than 5 years,16,7,4,3,9,1,8
S01012436,Born outside the UK: Resident 5 years or more and less than 10 years,1,0,0,0,1,1,0
S01012436,Born outside the UK: Resident 10 years or more,12,5,1,4,7,6,1
S01012437,All people in households,733,485,208,277,248,199,49
S01012437,Born in the UK,728,480,204,276,248,199,49
S01012437,Born outside the UK: Total,5,5,4,1,0,0,0
S01012437,Born outside the UK: Resident less than 2 years,0,0,0,0,0,0,0
S01012437,Born outside the UK: Resident 2 years or more and less than 5 years,0,0,0,0,0,0,0
S01012437,Born outside the UK: Resident 5 years or more and less than 10 years,0,0,0,0,0,0,0
S01012437,Born outside the UK: Resident 10 years or more,5,5,4,1,0,0,0
S01012438,All people in households,693,479,141,338,214,173,41
S01012438,Born in the UK,673,461,131,330,212,171,41
S01012438,Born outside the UK: Total,20,18,10,8,2,2,0
S01012438,Born outside the UK: Resident less than 2 years,1,1,1,0,0,0,0
S01012438,Born outside the UK: Resident 2 years or more and less than 5 years,0,0,0,0,0,0,0
S01012438,Born outside the UK: Resident 5 years or more and less than 10 years,8,8,5,3,0,0,0
S01012438,Born outside the UK: Resident 10 years or more,11,9,4,5,2,2,0
S01012439,All people in households,765,469,204,265,296,197,99
S01012439,Born in the UK,742,455,195,260,287,189,98
S01012439,Born outside the UK: Total,23,14,9,5,9,8,1
S01012439,Born outside the UK: Resident less than 2 years,7,7,6,1,0,0,0
S01012439,Born outside the UK: Resident 2 years or more and less than 5 years,1,0,0,0,1,0,1
S01012439,Born outside the UK: Resident 5 years or more and less than 10 years,8,4,1,3,4,4,0
S01012439,Born outside the UK: Resident 10 years or more,7,3,2,1,4,4,0
S01012440,All people in households,524,477,189,288,47,15,32
S01012440,Born in the UK,508,464,183,281,44,13,31
S01012440,Born outside the UK: Total,16,13,6,7,3,2,1
S01012440,Born outside the UK: Resident less than 2 years,3,1,1,0,2,2,0
S01012440,Born outside the UK: Resident 2 years or more and less than 5 years,0,0,0,0,0,0,0
S01012440,Born outside the UK: Resident 5 years or more and less than 10 years,0,0,0,0,0,0,0
S01012440,Born outside the UK: Resident 10 years or more,13,12,5,7,1,0,1
S01012441,All people in households,890,668,323,345,222,137,85
S01012441,Born in the UK,869,654,317,337,215,134,81
S01012441,Born outside the UK: Total,21,14,6,8,7,3,4
S01012441,Born outside the UK: Resident less than 2 years,7,6,2,4,1,0,1
S01012441,Born outside the UK: Resident 2 years or more and less than 5 years,2,1,1,0,1,0,1
S01012441,Born outside the UK: Resident 5 years or more and less than 10 years,1,1,0,1,0,0,0
S01012441,Born outside the UK: Resident 10 years or more,11,6,3,3,5,3,2
S01012442,All people in households,964,716,269,447,248,123,125
S01012442,Born in the UK,923,683,253,430,240,121,119
S01012442,Born outside the UK: Total,41,33,16,17,8,2,6
S01012442,Born outside the UK: Resident less than 2 years,2,2,0,2,0,0,0
S01012442,Born outside the UK: Resident 2 years or more and less than 5 years,4,1,0,1,3,0,3
S01012442,Born outside the UK: Resident 5 years or more and less than 10 years,4,3,0,3,1,0,1
S01012442,Born outside the UK: Resident 10 years or more,31,27,16,11,4,2,2
S01012443,All people in households,746,556,211,345,190,84,106
S01012443,Born in the UK,724,541,207,334,183,83,100
S01012443,Born outside the UK: Total,22,15,4,11,7,1,6
S01012443,Born outside the UK: Resident less than 2 years,0,0,0,0,0,0,0
S01012443,Born outside the UK: Resident 2 years or more and less than 5 years,3,0,0,0,3,0,3
S01012443,Born outside the UK: Resident 5 years or more and less than 10 years,3,1,0,1,2,0,2
S01012443,Born outside the UK: Resident 10 years or more,16,14,4,10,2,1,1
S01012444,All people in households,686,591,296,295,95,53,42
S01012444,Born in the UK,661,570,291,279,91,50,41
S01012444,Born outside the UK: Total,25,21,5,16,4,3,1
S01012444,Born outside the UK: Resident less than 2 years,2,0,0,0,2,2,0
S01012444,Born outside the UK: Resident 2 years or more and less than 5 years,0,0,0,0,0,0,0
S01012444,Born outside the UK: Resident 5 years or more and less than 10 years,4,4,1,3,0,0,0
S01012444,Born outside the UK: Resident 10 years or more,19,17,4,13,2,1,1
S01012445,All people in households,548,474,123,351,74,49,25
S01012445,Born in the UK,513,445,118,327,68,47,21
S01012445,Born outside the UK: Total,35,29,5,24,6,2,4
S01012445,Born outside the UK: Resident less than 2 years,1,1,0,1,0,0,0
S01012445,Born outside the UK: Resident 2 years or more and less than 5 years,10,6,1,5,4,0,4
S01012445,Born outside the UK: Resident 5 years or more and less than 10 years,9,9,3,6,0,0,0
S01012445,Born outside the UK: Resident 10 years or more,15,13,1,12,2,2,0
S01012446,All people in households,491,299,119,180,192,135,57
S01012446,Born in the UK,479,289,110,179,190,133,57
S01012446,Born outside the UK: Total,12,10,9,1,2,2,0
S01012446,Born outside the UK: Resident less than 2 years,0,0,0,0,0,0,0
S01012446,Born outside the UK: Resident 2 years or more and less than 5 years,0,0,0,0,0,0,0
S01012446,Born outside the UK: Resident 5 years or more and less than 10 years,2,2,1,1,0,0,0
S01012446,Born outside the UK: Resident 10 years or more,10,8,8,0,2,2,0
S01012447,All people in households,860,794,311,483,66,20,46
S01012447,Born in the UK,844,780,305,475,64,20,44
S01012447,Born outside the UK: Total,16,14,6,8,2,0,2
S01012447,Born outside the UK: Resident less than 2 years,0,0,0,0,0,0,0
S01012447,Born outside the UK: Resident 2 years or more and less than 5 years,3,2,1,1,1,0,1
S01012447,Born outside the UK: Resident 5 years or more and less than 10 years,5,4,0,4,1,0,1
S01012447,Born outside the UK: Resident 10 years or more,8,8,5,3,0,0,0
S01012448,All people in households,925,785,250,535,140,81,59
S01012448,Born in the UK,898,770,242,528,128,73,55
S01012448,Born outside the UK: Total,27,15,8,7,12,8,4
S01012448,Born outside the UK: Resident less than 2 years,2,2,1,1,0,0,0
S01012448,Born outside the UK: Resident 2 years or more and less than 5 years,6,1,0,1,5,3,2
S01012448,Born outside the UK: Resident 5 years or more and less than 10 years,1,1,0,1,0,0,0
S01012448,Born outside the UK: Resident 10 years or more,18,11,7,4,7,5,2
S01012449,All people in households,571,478,167,311,93,47,46
S01012449,Born in the UK,557,465,166,299,92,47,45
S01012449,Born outside the UK: Total,14,13,1,12,1,0,1
S01012449,Born outside the UK: Resident less than 2 years,0,0,0,0,0,0,0
S01012449,Born outside the UK: Resident 2 years or more and less than 5 years,1,1,0,1,0,0,0
S01012449,Born outside the UK: Resident 5 years or more and less than 10 years,2,2,0,2,0,0,0
S01012449,Born outside the UK: Resident 10 years or more,11,10,1,9,1,0,1
S01012450,All people in households,830,697,334,363,133,41,92
S01012450,Born in the UK,805,679,324,355,126,40,86
S01012450,Born outside the UK: Total,25,18,10,8,7,1,6
S01012450,Born outside the UK: Resident less than 2 years,0,0,0,0,0,0,0
S01012450,Born outside the UK: Resident 2 years or more and less than 5 years,2,2,2,0,0,0,0
S01012450,Born outside the UK: Resident 5 years or more and less than 10 years,0,0,0,0,0,0,0
S01012450,Born outside the UK: Resident 10 years or more,23,16,8,8,7,1,6
S01012451,All people in households,868,801,458,343,67,13,54
S01012451,Born in the UK,832,774,444,330,58,13,45
S01012451,Born outside the UK: Total,36,27,14,13,9,0,9
S01012451,Born outside the UK: Resident less than 2 years,3,0,0,0,3,0,3
S01012451,Born outside the UK: Resident 2 years or more and less than 5 years,1,1,0,1,0,0,0
S01012451,Born outside the UK: Resident 5 years or more and less than 10 years,6,2,0,2,4,0,4
S01012451,Born outside the UK: Resident 10 years or more,26,24,14,10,2,0,2
S01012452,All people in households,589,535,226,309,54,15,39
S01012452,Born in the UK,570,519,218,301,51,12,39
S01012452,Born outside the UK: Total,19,16,8,8,3,3,0
S01012452,Born outside the UK: Resident less than 2 years,0,0,0,0,0,0,0
S01012452,Born outside the UK: Resident 2 years or more and less than 5 years,1,0,0,0,1,1,0
S01012452,Born outside the UK: Resident 5 years or more and less than 10 years,4,4,1,3,0,0,0
S01012452,Born outside the UK: Resident 10 years or more,14,12,7,5,2,2,0
S01012453,All people in households,821,778,364,414,43,6,37
S01012453,Born in the UK,786,747,348,399,39,6,33
S01012453,Born outside the UK: Total,35,31,16,15,4,0,4
S01012453,Born outside the UK: Resident less than 2 years,7,7,0,7,0,0,0
S01012453,Born outside the UK: Resident 2 years or more and less than 5 years,0,0,0,0,0,0,0
S01012453,Born outside the UK: Resident 5 years or more and less than 10 years,5,5,0,5,0,0,0
S01012453,Born outside the UK: Resident 10 years or more,23,19,16,3,4,0,4
S01012454,All people in households,662,639,336,303,23,6,17
S01012454,Born in the UK,638,615,326,289,23,6,17
S01012454,Born outside the UK: Total,24,24,10,14,0,0,0
S01012454,Born outside the UK: Resident less than 2 years,0,0,0,0,0,0,0
S01012454,Born outside the UK: Resident 2 years or more and less than 5 years,1,1,0,1,0,0,0
S01012454,Born outside the UK: Resident 5 years or more and less than 10 years,1,1,0,1,0,0,0
S01012454,Born outside the UK: Resident 10 years or more,22,22,10,12,0,0,0
S01012455,All people in households,612,563,321,242,49,0,49
S01012455,Born in the UK,580,537,309,228,43,0,43
S01012455,Born outside the UK: Total,32,26,12,14,6,0,6
S01012455,Born outside the UK: Resident less than 2 years,5,1,0,1,4,0,4
S01012455,Born outside the UK: Resident 2 years or more and less than 5 years,0,0,0,0,0,0,0
S01012455,Born outside the UK: Resident 5 years or more and less than 10 years,3,2,0,2,1,0,1
S01012455,Born outside the UK: Resident 10 years or more,24,23,12,11,1,0,1
S01012456,All people in households,751,679,355,324,72,10,62
S01012456,Born in the UK,719,648,339,309,71,10,61
S01012456,Born outside the UK: Total,32,31,16,15,1,0,1
S01012456,Born outside the UK: Resident less than 2 years,0,0,0,0,0,0,0
S01012456,Born outside the UK: Resident 2 years or more and less than 5 years,2,2,2,0,0,0,0
S01012456,Born outside the UK: Resident 5 years or more and less than 10 years,5,5,0,5,0,0,0
S01012456,Born outside the UK: Resident 10 years or more,25,24,14,10,1,0,1
S01012457,All people in households,840,797,487,310,43,16,27
S01012457,Born in the UK,811,770,474,296,41,15,26
S01012457,Born outside the UK: Total,29,27,13,14,2,1,1
S01012457,Born outside the UK: Resident less than 2 years,2,2,1,1,0,0,0
S01012457,Born outside the UK: Resident 2 years or more and less than 5 years,3,3,1,2,0,0,0
S01012457,Born outside the UK: Resident 5 years or more and less than 10 years,1,1,0,1,0,0,0
S01012457,Born outside the UK: Resident 10 years or more,23,21,11,10,2,1,1
S01012458,All people in households,813,737,378,359,76,19,57
S01012458,Born in the UK,786,712,364,348,74,19,55
S01012458,Born outside the UK: Total,27,25,14,11,2,0,2
S01012458,Born outside the UK: Resident less than 2 years,0,0,0,0,0,0,0
S01012458,Born outside the UK: Resident 2 years or more and less than 5 years,0,0,0,0,0,0,0
S01012458,Born outside the UK: Resident 5 years or more and less than 10 years,2,1,1,0,1,0,1
S01012458,Born outside the UK: Resident 10 years or more,25,24,13,11,1,0,1
S01012459,All people in households,735,643,233,410,92,22,70
S01012459,Born in the UK,700,621,224,397,79,22,57
S01012459,Born outside the UK: Total,35,22,9,13,13,0,13
S01012459,Born outside the UK: Resident less than 2 years,2,0,0,0,2,0,2
S01012459,Born outside the UK: Resident 2 years or more and less than 5 years,7,0,0,0,7,0,7
S01012459,Born outside the UK: Resident 5 years or more and less than 10 years,8,6,1,5,2,0,2
S01012459,Born outside the UK: Resident 10 years or more,18,16,8,8,2,0,2
S01012460,All people in households,546,512,284,228,34,3,31
S01012460,Born in the UK,521,498,274,224,23,2,21
S01012460,Born outside the UK: Total,25,14,10,4,11,1,10
S01012460,Born outside the UK: Resident less than 2 years,5,0,0,0,5,0,5
S01012460,Born outside the UK: Resident 2 years or more and less than 5 years,5,2,2,0,3,0,3
S01012460,Born outside the UK: Resident 5 years or more and less than 10 years,4,3,1,2,1,0,1
S01012460,Born outside the UK: Resident 10 years or more,11,9,7,2,2,1,1
S01012461,All people in households,545,400,131,269,145,83,62
S01012461,Born in the UK,524,387,125,262,137,81,56
S01012461,Born outside the UK: Total,21,13,6,7,8,2,6
S01012461,Born outside the UK: Resident less than 2 years,3,0,0,0,3,0,3
S01012461,Born outside the UK: Resident 2 years or more and less than 5 years,4,1,0,1,3,0,3
S01012461,Born outside the UK: Resident 5 years or more and less than 10 years,3,3,3,0,0,0,0
S01012461,Born outside the UK: Resident 10 years or more,11,9,3,6,2,2,0
S01012462,All people in households,757,448,156,292,309,193,116
S01012462,Born in the UK,747,442,151,291,305,191,114
S01012462,Born outside the UK: Total,10,6,5,1,4,2,2
S01012462,Born outside the UK: Resident less than 2 years,0,0,0,0,0,0,0
S01012462,Born outside the UK: Resident 2 years or more and less than 5 years,2,1,1,0,1,0,1
S01012462,Born outside the UK: Resident 5 years or more and less than 10 years,0,0,0,0,0,0,0
S01012462,Born outside the UK: Resident 10 years or more,8,5,4,1,3,2,1
S01012463,All people in households,578,356,97,259,222,160,62
S01012463,Born in the UK,563,344,96,248,219,158,61
S01012463,Born outside the UK: Total,15,12,1,11,3,2,1
S01012463,Born outside the UK: Resident less than 2 years,1,1,0,1,0,0,0
S01012463,Born outside the UK: Resident 2 years or more and less than 5 years,3,3,0,3,0,0,0
S01012463,Born outside the UK: Resident 5 years or more and less than 10 years,2,2,0,2,0,0,0
S01012463,Born outside the UK: Resident 10 years or more,9,6,1,5,3,2,1
S01012464,All people in households,625,335,54,281,290,246,44
S01012464,Born in the UK,596,321,52,269,275,238,37
S01012464,Born outside the UK: Total,29,14,2,12,15,8,7
S01012464,Born outside the UK: Resident less than 2 years,4,0,0,0,4,0,4
S01012464,Born outside the UK: Resident 2 years or more and less than 5 years,6,3,0,3,3,3,0
S01012464,Born outside the UK: Resident 5 years or more and less than 10 years,3,0,0,0,3,0,3
S01012464,Born outside the UK: Resident 10 years or more,16,11,2,9,5,5,0
S01012465,All people in households,701,441,110,331,260,184,76
S01012465,Born in the UK,687,428,104,324,259,184,75
S01012465,Born outside the UK: Total,14,13,6,7,1,0,1
S01012465,Born outside the UK: Resident less than 2 years,0,0,0,0,0,0,0
S01012465,Born outside the UK: Resident 2 years or more and less than 5 years,4,4,0,4,0,0,0
S01012465,Born outside the UK: Resident 5 years or more and less than 10 years,1,1,0,1,0,0,0
S01012465,Born outside the UK: Resident 10 years or more,9,8,6,2,1,0,1
S01012466,All people in households,782,583,261,322,199,107,92
S01012466,Born in the UK,760,567,254,313,193,106,87
S01012466,Born outside the UK: Total,22,16,7,9,6,1,5
S01012466,Born outside the UK: Resident less than 2 years,2,0,0,0,2,0,2
S01012466,Born outside the UK: Resident 2 years or more and less than 5 years,1,0,0,0,1,0,1
S01012466,Born outside the UK: Resident 5 years or more and less than 10 years,2,2,0,2,0,0,0
S01012466,Born outside the UK: Resident 10 years or more,17,14,7,7,3,1,2
S01012467,All people in households,699,510,211,299,189,95,94
S01012467,Born in the UK,674,491,204,287,183,92,91
S01012467,Born outside the UK: Total,25,19,7,12,6,3,3
S01012467,Born outside the UK: Resident less than 2 years,2,0,0,0,2,0,2
S01012467,Born outside the UK: Resident 2 years or more and less than 5 years,2,2,1,1,0,0,0
S01012467,Born outside the UK: Resident 5 years or more and less than 10 years,6,6,0,6,0,0,0
S01012467,Born outside the UK: Resident 10 years or more,15,11,6,5,4,3,1
S01012468,All people in households,757,604,226,378,153,101,52
S01012468,Born in the UK,733,585,218,367,148,100,48
S01012468,Born outside the UK: Total,24,19,8,11,5,1,4
S01012468,Born outside the UK: Resident less than 2 years,0,0,0,0,0,0,0
S01012468,Born outside the UK: Resident 2 years or more and less than 5 years,0,0,0,0,0,0,0
S01012468,Born outside the UK: Resident 5 years or more and less than 10 years,5,4,0,4,1,0,1
S01012468,Born outside the UK: Resident 10 years or more,19,15,8,7,4,1,3
S01012469,All people in households,769,738,344,394,31,3,28
S01012469,Born in the UK,733,706,329,377,27,3,24
S01012469,Born outside the UK: Total,36,32,15,17,4,0,4
S01012469,Born outside the UK: Resident less than 2 years,1,0,0,0,1,0,1
S01012469,Born outside the UK: Resident 2 years or more and less than 5 years,1,0,0,0,1,0,1
S01012469,Born outside the UK: Resident 5 years or more and less than 10 years,6,4,0,4,2,0,2
S01012469,Born outside the UK: Resident 10 years or more,28,28,15,13,0,0,0
S01012470,All people in households,962,682,311,371,280,165,115
S01012470,Born in the UK,938,667,303,364,271,163,108
S01012470,Born outside the UK: Total,24,15,8,7,9,2,7
S01012470,Born outside the UK: Resident less than 2 years,2,0,0,0,2,0,2
S01012470,Born outside the UK: Resident 2 years or more and less than 5 years,4,1,0,1,3,0,3
S01012470,Born outside the UK: Resident 5 years or more and less than 10 years,2,2,2,0,0,0,0
S01012470,Born outside the UK: Resident 10 years or more,16,12,6,6,4,2,2
S01012471,All people in households,805,740,409,331,65,6,59
S01012471,Born in the UK,771,716,396,320,55,6,49
S01012471,Born outside the UK: Total,34,24,13,11,10,0,10
S01012471,Born outside the UK: Resident less than 2 years,6,2,0,2,4,0,4
S01012471,Born outside the UK: Resident 2 years or more and less than 5 years,4,0,0,0,4,0,4
S01012471,Born outside the UK: Resident 5 years or more and less than 10 years,3,3,1,2,0,0,0
S01012471,Born outside the UK: Resident 10 years or more,21,19,12,7,2,0,2
S01012472,All people in households,719,667,350,317,52,14,38
S01012472,Born in the UK,687,643,339,304,44,14,30
S01012472,Born outside the UK: Total,32,24,11,13,8,0,8
S01012472,Born outside the UK: Resident less than 2 years,0,0,0,0,0,0,0
S01012472,Born outside the UK: Resident 2 years or more and less than 5 years,10,4,0,4,6,0,6
S01012472,Born outside the UK: Resident 5 years or more and less than 10 years,2,2,1,1,0,0,0
S01012472,Born outside the UK: Resident 10 years or more,20,18,10,8,2,0,2
S01012473,All people in households,554,496,214,282,58,9,49
S01012473,Born in the UK,525,482,206,276,43,9,34
S01012473,Born outside the UK: Total,29,14,8,6,15,0,15
S01012473,Born outside the UK: Resident less than 2 years,8,0,0,0,8,0,8
S01012473,Born outside the UK: Resident 2 years or more and less than 5 years,4,0,0,0,4,0,4
S01012473,Born outside the UK: Resident 5 years or more and less than 10 years,2,1,0,1,1,0,1
S01012473,Born outside the UK: Resident 10 years or more,15,13,8,5,2,0,2
S01012474,All people in households,714,508,226,282,206,148,58
S01012474,Born in the UK,687,487,215,272,200,145,55
S01012474,Born outside the UK: Total,27,21,11,10,6,3,3
S01012474,Born outside the UK: Resident less than 2 years,0,0,0,0,0,0,0
S01012474,Born outside the UK: Resident 2 years or more and less than 5 years,2,2,0,2,0,0,0
S01012474,Born outside the UK: Resident 5 years or more and less than 10 years,4,3,2,1,1,0,1
S01012474,Born outside the UK: Resident 10 years or more,21,16,9,7,5,3,2
S01012475,All people in households,630,526,283,243,104,25,79
S01012475,Born in the UK,609,519,280,239,90,22,68
S01012475,Born outside the UK: Total,21,7,3,4,14,3,11
S01012475,Born outside the UK: Resident less than 2 years,9,0,0,0,9,0,9
S01012475,Born outside the UK: Resident 2 years or more and less than 5 years,0,0,0,0,0,0,0
S01012475,Born outside the UK: Resident 5 years or more and less than 10 years,5,1,0,1,4,2,2
S01012475,Born outside the UK: Resident 10 years or more,7,6,3,3,1,1,0
S01012476,All people in households,941,672,254,418,269,152,117
S01012476,Born in the UK,915,654,246,408,261,148,113
S01012476,Born outside the UK: Total,26,18,8,10,8,4,4
S01012476,Born outside the UK: Resident less than 2 years,2,0,0,0,2,0,2
S01012476,Born outside the UK: Resident 2 years or more and less than 5 years,5,3,0,3,2,1,1
S01012476,Born outside the UK: Resident 5 years or more and less than 10 years,1,1,1,0,0,0,0
S01012476,Born outside the UK: Resident 10 years or more,18,14,7,7,4,3,1
S01012477,All people in households,674,632,270,362,42,12,30
S01012477,Born in the UK,656,615,261,354,41,11,30
S01012477,Born outside the UK: Total,18,17,9,8,1,1,0
S01012477,Born outside the UK: Resident less than 2 years,0,0,0,0,0,0,0
S01012477,Born outside the UK: Resident 2 years or more and less than 5 years,0,0,0,0,0,0,0
S01012477,Born outside the UK: Resident 5 years or more and less than 10 years,2,2,0,2,0,0,0
S01012477,Born outside the UK: Resident 10 years or more,16,15,9,6,1,1,0
S01012478,All people in households,840,591,204,387,249,144,105
S01012478,Born in the UK,822,581,202,379,241,142,99
S01012478,Born outside the UK: Total,18,10,2,8,8,2,6
S01012478,Born outside the UK: Resident less than 2 years,1,0,0,0,1,0,1
S01012478,Born outside the UK: Resident 2 years or more and less than 5 years,0,0,0,0,0,0,0
S01012478,Born outside the UK: Resident 5 years or more and less than 10 years,3,0,0,0,3,0,3
S01012478,Born outside the UK: Resident 10 years or more,14,10,2,8,4,2,2
S01012479,All people in households,688,639,201,438,49,12,37
S01012479,Born in the UK,669,623,200,423,46,11,35
S01012479,Born outside the UK: Total,19,16,1,15,3,1,2
S01012479,Born outside the UK: Resident less than 2 years,0,0,0,0,0,0,0
S01012479,Born outside the UK: Resident 2 years or more and less than 5 years,3,3,0,3,0,0,0
S01012479,Born outside the UK: Resident 5 years or more and less than 10 years,4,4,0,4,0,0,0
S01012479,Born outside the UK: Resident 10 years or more,12,9,1,8,3,1,2
S01012480,All people in households,515,203,77,126,312,104,208
S01012480,Born in the UK,466,187,73,114,279,99,180
S01012480,Born outside the UK: Total,49,16,4,12,33,5,28
S01012480,Born outside the UK: Resident less than 2 years,8,0,0,0,8,1,7
S01012480,Born outside the UK: Resident 2 years or more and less than 5 years,18,2,0,2,16,0,16
S01012480,Born outside the UK: Resident 5 years or more and less than 10 years,9,6,0,6,3,1,2
S01012480,Born outside the UK: Resident 10 years or more,14,8,4,4,6,3,3
S01012481,All people in households,775,449,166,283,326,44,282
S01012481,Born in the UK,698,423,153,270,275,41,234
S01012481,Born outside the UK: Total,77,26,13,13,51,3,48
S01012481,Born outside the UK: Resident less than 2 years,27,4,0,4,23,0,23
S01012481,Born outside the UK: Resident 2 years or more and less than 5 years,16,3,0,3,13,0,13
S01012481,Born outside the UK: Resident 5 years or more and less than 10 years,10,2,0,2,8,1,7
S01012481,Born outside the UK: Resident 10 years or more,24,17,13,4,7,2,5
S01012482,All people in households,762,580,338,242,182,8,174
S01012482,Born in the UK,715,549,317,232,166,8,158
S01012482,Born outside the UK: Total,47,31,21,10,16,0,16
S01012482,Born outside the UK: Resident less than 2 years,13,9,8,1,4,0,4
S01012482,Born outside the UK: Resident 2 years or more and less than 5 years,15,7,5,2,8,0,8
S01012482,Born outside the UK: Resident 5 years or more and less than 10 years,5,4,1,3,1,0,1
S01012482,Born outside the UK: Resident 10 years or more,14,11,7,4,3,0,3
S01012483,All people in households,881,398,221,177,483,208,275
S01012483,Born in the UK,801,369,207,162,432,198,234
S01012483,Born outside the UK: Total,80,29,14,15,51,10,41
S01012483,Born outside the UK: Resident less than 2 years,23,6,1,5,17,0,17
S01012483,Born outside the UK: Resident 2 years or more and less than 5 years,13,0,0,0,13,4,9
S01012483,Born outside the UK: Resident 5 years or more and less than 10 years,15,4,1,3,11,2,9
S01012483,Born outside the UK: Resident 10 years or more,29,19,12,7,10,4,6
S01012484,All people in households,780,633,241,392,147,43,104
S01012484,Born in the UK,735,594,231,363,141,42,99
S01012484,Born outside the UK: Total,45,39,10,29,6,1,5
S01012484,Born outside the UK: Resident less than 2 years,3,1,1,0,2,0,2
S01012484,Born outside the UK: Resident 2 years or more and less than 5 years,4,3,0,3,1,0,1
S01012484,Born outside the UK: Resident 5 years or more and less than 10 years,7,5,0,5,2,0,2
S01012484,Born outside the UK: Resident 10 years or more,31,30,9,21,1,1,0
S01012485,All people in households,790,645,331,314,145,2,143
S01012485,Born in the UK,743,610,316,294,133,2,131
S01012485,Born outside the UK: Total,47,35,15,20,12,0,12
S01012485,Born outside the UK: Resident less than 2 years,4,4,2,2,0,0,0
S01012485,Born outside the UK: Resident 2 years or more and less than 5 years,10,6,2,4,4,0,4
S01012485,Born outside the UK: Resident 5 years or more and less than 10 years,12,5,0,5,7,0,7
S01012485,Born outside the UK: Resident 10 years or more,21,20,11,9,1,0,1
S01012486,All people in households,532,493,294,199,39,5,34
S01012486,Born in the UK,508,472,281,191,36,5,31
S01012486,Born outside the UK: Total,24,21,13,8,3,0,3
S01012486,Born outside the UK: Resident less than 2 years,4,3,2,1,1,0,1
S01012486,Born outside the UK: Resident 2 years or more and less than 5 years,0,0,0,0,0,0,0
S01012486,Born outside the UK: Resident 5 years or more and less than 10 years,3,2,0,2,1,0,1
S01012486,Born outside the UK: Resident 10 years or more,17,16,11,5,1,0,1
S01012487,All people in households,612,401,147,254,211,127,84
S01012487,Born in the UK,583,386,141,245,197,118,79
S01012487,Born outside the UK: Total,29,15,6,9,14,9,5
S01012487,Born outside the UK: Resident less than 2 years,5,0,0,0,5,4,1
S01012487,Born outside the UK: Resident 2 years or more and less than 5 years,3,1,0,1,2,1,1
S01012487,Born outside the UK: Resident 5 years or more and less than 10 years,7,5,0,5,2,0,2
S01012487,Born outside the UK: Resident 10 years or more,14,9,6,3,5,4,1
S01012488,All people in households,903,640,264,376,263,148,115
S01012488,Born in the UK,878,632,259,373,246,144,102
S01012488,Born outside the UK: Total,25,8,5,3,17,4,13
S01012488,Born outside the UK: Resident less than 2 years,2,0,0,0,2,0,2
S01012488,Born outside the UK: Resident 2 years or more and less than 5 years,8,0,0,0,8,0,8
S01012488,Born outside the UK: Resident 5 years or more and less than 10 years,1,0,0,0,1,0,1
S01012488,Born outside the UK: Resident 10 years or more,14,8,5,3,6,4,2
S01012489,All people in households,1023,296,93,203,727,529,198
S01012489,Born in the UK,970,278,85,193,692,513,179
S01012489,Born outside the UK: Total,53,18,8,10,35,16,19
S01012489,Born outside the UK: Resident less than 2 years,3,1,0,1,2,2,0
S01012489,Born outside the UK: Resident 2 years or more and less than 5 years,9,0,0,0,9,3,6
S01012489,Born outside the UK: Resident 5 years or more and less than 10 years,9,2,0,2,7,0,7
S01012489,Born outside the UK: Resident 10 years or more,32,15,8,7,17,11,6
S01012490,All people in households,978,310,101,209,668,342,326
S01012490,Born in the UK,919,296,98,198,623,333,290
S01012490,Born outside the UK: Total,59,14,3,11,45,9,36
S01012490,Born outside the UK: Resident less than 2 years,14,0,0,0,14,0,14
S01012490,Born outside the UK: Resident 2 years or more and less than 5 years,18,5,0,5,13,5,8
S01012490,Born outside the UK: Resident 5 years or more and less than 10 years,11,4,0,4,7,0,7
S01012490,Born outside the UK: Resident 10 years or more,16,5,3,2,11,4,7
S01012491,All people in households,440,130,40,90,310,231,79
S01012491,Born in the UK,424,127,40,87,297,223,74
S01012491,Born outside the UK: Total,16,3,0,3,13,8,5
S01012491,Born outside the UK: Resident less than 2 years,2,0,0,0,2,0,2
S01012491,Born outside the UK: Resident 2 years or more and less than 5 years,2,1,0,1,1,1,0
S01012491,Born outside the UK: Resident 5 years or more and less than 10 years,2,0,0,0,2,1,1
S01012491,Born outside the UK: Resident 10 years or more,10,2,0,2,8,6,2
S01012492,All people in households,772,224,87,137,548,355,193
S01012492,Born in the UK,735,205,80,125,530,350,180
S01012492,Born outside the UK: Total,37,19,7,12,18,5,13
S01012492,Born outside the UK: Resident less than 2 years,2,0,0,0,2,0,2
S01012492,Born outside the UK: Resident 2 years or more and less than 5 years,13,9,1,8,4,0,4
S01012492,Born outside the UK: Resident 5 years or more and less than 10 years,7,1,1,0,6,2,4
S01012492,Born outside the UK: Resident 10 years or more,15,9,5,4,6,3,3
S01012493,All people in households,651,319,141,178,332,300,32
S01012493,Born in the UK,622,300,128,172,322,296,26
S01012493,Born outside the UK: Total,29,19,13,6,10,4,6
S01012493,Born outside the UK: Resident less than 2 years,6,0,0,0,6,0,6
S01012493,Born outside the UK: Resident 2 years or more and less than 5 years,1,0,0,0,1,1,0
S01012493,Born outside the UK: Resident 5 years or more and less than 10 years,6,6,4,2,0,0,0
S01012493,Born outside the UK: Resident 10 years or more,16,13,9,4,3,3,0
S01012494,All people in households,861,602,181,421,259,153,106
S01012494,Born in the UK,837,585,175,410,252,151,101
S01012494,Born outside the UK: Total,24,17,6,11,7,2,5
S01012494,Born outside the UK: Resident less than 2 years,1,1,0,1,0,0,0
S01012494,Born outside the UK: Resident 2 years or more and less than 5 years,0,0,0,0,0,0,0
S01012494,Born outside the UK: Resident 5 years or more and less than 10 years,3,1,0,1,2,0,2
S01012494,Born outside the UK: Resident 10 years or more,20,15,6,9,5,2,3
S01012495,All people in households,1024,564,192,372,460,307,153
S01012495,Born in the UK,1007,556,190,366,451,303,148
S01012495,Born outside the UK: Total,17,8,2,6,9,4,5
S01012495,Born outside the UK: Resident less than 2 years,0,0,0,0,0,0,0
S01012495,Born outside the UK: Resident 2 years or more and less than 5 years,2,0,0,0,2,0,2
S01012495,Born outside the UK: Resident 5 years or more and less than 10 years,1,0,0,0,1,0,1
S01012495,Born outside the UK: Resident 10 years or more,14,8,2,6,6,4,2
S01012496,All people in households,765,403,153,250,362,315,47
S01012496,Born in the UK,750,397,152,245,353,314,39
S01012496,Born outside the UK: Total,15,6,1,5,9,1,8
S01012496,Born outside the UK: Resident less than 2 years,0,0,0,0,0,0,0
S01012496,Born outside the UK: Resident 2 years or more and less than 5 years,7,0,0,0,7,0,7
S01012496,Born outside the UK: Resident 5 years or more and less than 10 years,1,1,0,1,0,0,0
S01012496,Born outside the UK: Resident 10 years or more,7,5,1,4,2,1,1
S01012497,All people in households,487,252,101,151,235,198,37
S01012497,Born in the UK,482,248,100,148,234,198,36
S01012497,Born outside the UK: Total,5,4,1,3,1,0,1
S01012497,Born outside the UK: Resident less than 2 years,1,1,0,1,0,0,0
S01012497,Born outside the UK: Resident 2 years or more and less than 5 years,1,1,1,0,0,0,0
S01012497,Born outside the UK: Resident 5 years or more and less than 10 years,0,0,0,0,0,0,0
S01012497,Born outside the UK: Resident 10 years or more,3,2,0,2,1,0,1
S01012498,All people in households,857,247,78,169,610,572,38
S01012498,Born in the UK,835,238,75,163,597,560,37
S01012498,Born outside the UK: Total,22,9,3,6,13,12,1
S01012498,Born outside the UK: Resident less than 2 years,4,3,0,3,1,1,0
S01012498,Born outside the UK: Resident 2 years or more and less than 5 years,6,1,0,1,5,5,0
S01012498,Born outside the UK: Resident 5 years or more and less than 10 years,3,0,0,0,3,2,1
S01012498,Born outside the UK: Resident 10 years or more,9,5,3,2,4,4,0
S01012499,All people in households,700,294,69,225,406,314,92
S01012499,Born in the UK,678,284,68,216,394,309,85
S01012499,Born outside the UK: Total,22,10,1,9,12,5,7
S01012499,Born outside the UK: Resident less than 2 years,4,0,0,0,4,0,4
S01012499,Born outside the UK: Resident 2 years or more and less than 5 years,2,2,0,2,0,0,0
S01012499,Born outside the UK: Resident 5 years or more and less than 10 years,9,3,0,3,6,3,3
S01012499,Born outside the UK: Resident 10 years or more,7,5,1,4,2,2,0
S01012500,All people in households,468,223,81,142,245,190,55
S01012500,Born in the UK,450,220,80,140,230,187,43
S01012500,Born outside the UK: Total,18,3,1,2,15,3,12
S01012500,Born outside the UK: Resident less than 2 years,5,0,0,0,5,0,5
S01012500,Born outside the UK: Resident 2 years or more and less than 5 years,2,0,0,0,2,2,0
S01012500,Born outside the UK: Resident 5 years or more and less than 10 years,6,0,0,0,6,0,6
S01012500,Born outside the UK: Resident 10 years or more,5,3,1,2,2,1,1
S01012501,All people in households,619,128,40,88,491,430,61
S01012501,Born in the UK,610,125,37,88,485,426,59
S01012501,Born outside the UK: Total,9,3,3,0,6,4,2
S01012501,Born outside the UK: Resident less than 2 years,0,0,0,0,0,0,0
S01012501,Born outside the UK: Resident 2 years or more and less than 5 years,0,0,0,0,0,0,0
S01012501,Born outside the UK: Resident 5 years or more and less than 10 years,2,0,0,0,2,1,1
S01012501,Born outside the UK: Resident 10 years or more,7,3,3,0,4,3,1
S01012502,All people in households,832,216,67,149,616,581,35
S01012502,Born in the UK,816,207,65,142,609,574,35
S01012502,Born outside the UK: Total,16,9,2,7,7,7,0
S01012502,Born outside the UK: Resident less than 2 years,2,2,0,2,0,0,0
S01012502,Born outside the UK: Resident 2 years or more and less than 5 years,0,0,0,0,0,0,0
S01012502,Born outside the UK: Resident 5 years or more and less than 10 years,5,0,0,0,5,5,0
S01012502,Born outside the UK: Resident 10 years or more,9,7,2,5,2,2,0
S01012503,All people in households,637,319,117,202,318,278,40
S01012503,Born in the UK,631,314,114,200,317,277,40
S01012503,Born outside the UK: Total,6,5,3,2,1,1,0
S01012503,Born outside the UK: Resident less than 2 years,0,0,0,0,0,0,0
S01012503,Born outside the UK: Resident 2 years or more and less than 5 years,1,0,0,0,1,1,0
S01012503,Born outside the UK: Resident 5 years or more and less than 10 years,1,1,0,1,0,0,0
S01012503,Born outside the UK: Resident 10 years or more,4,4,3,1,0,0,0
S01012504,All people in households,636,294,118,176,342,298,44
S01012504,Born in the UK,624,289,113,176,335,291,44
S01012504,Born outside the UK: Total,12,5,5,0,7,7,0
S01012504,Born outside the UK: Resident less than 2 years,0,0,0,0,0,0,0
S01012504,Born outside the UK: Resident 2 years or more and less than 5 years,3,0,0,0,3,3,0
S01012504,Born outside the UK: Resident 5 years or more and less than 10 years,0,0,0,0,0,0,0
S01012504,Born outside the UK: Resident 10 years or more,9,5,5,0,4,4,0
S01012505,All people in households,1014,599,243,356,415,334,81
S01012505,Born in the UK,983,582,235,347,401,332,69
S01012505,Born outside the UK: Total,31,17,8,9,14,2,12
S01012505,Born outside the UK: Resident less than 2 years,4,0,0,0,4,1,3
S01012505,Born outside the UK: Resident 2 years or more and less than 5 years,2,1,1,0,1,0,1
S01012505,Born outside the UK: Resident 5 years or more and less than 10 years,10,2,0,2,8,0,8
S01012505,Born outside the UK: Resident 10 years or more,15,14,7,7,1,1,0
S01012506,All people in households,478,372,173,199,106,53,53
S01012506,Born in the UK,463,362,171,191,101,52,49
S01012506,Born outside the UK: Total,15,10,2,8,5,1,4
S01012506,Born outside the UK: Resident less than 2 years,2,1,0,1,1,0,1
S01012506,Born outside the UK: Resident 2 years or more and less than 5 years,2,0,0,0,2,0,2
S01012506,Born outside the UK: Resident 5 years or more and less than 10 years,2,1,1,0,1,1,0
S01012506,Born outside the UK: Resident 10 years or more,9,8,1,7,1,0,1
S01012507,All people in households,946,664,240,424,282,156,126
S01012507,Born in the UK,927,655,234,421,272,155,117
S01012507,Born outside the UK: Total,19,9,6,3,10,1,9
S01012507,Born outside the UK: Resident less than 2 years,1,0,0,0,1,0,1
S01012507,Born outside the UK: Resident 2 years or more and less than 5 years,8,0,0,0,8,0,8
S01012507,Born outside the UK: Resident 5 years or more and less than 10 years,2,2,2,0,0,0,0
S01012507,Born outside the UK: Resident 10 years or more,8,7,4,3,1,1,0
S01012508,All people in households,762,561,177,384,201,132,69
S01012508,Born in the UK,737,548,171,377,189,128,61
S01012508,Born outside the UK: Total,25,13,6,7,12,4,8
S01012508,Born outside the UK: Resident less than 2 years,4,0,0,0,4,0,4
S01012508,Born outside the UK: Resident 2 years or more and less than 5 years,0,0,0,0,0,0,0
S01012508,Born outside the UK: Resident 5 years or more and less than 10 years,2,1,0,1,1,0,1
S01012508,Born outside the UK: Resident 10 years or more,19,12,6,6,7,4,3
S01012509,All people in households,541,474,202,272,67,22,45
S01012509,Born in the UK,527,460,197,263,67,22,45
S01012509,Born outside the UK: Total,14,14,5,9,0,0,0
S01012509,Born outside the UK: Resident less than 2 years,3,3,0,3,0,0,0
S01012509,Born outside the UK: Resident 2 years or more and less than 5 years,2,2,1,1,0,0,0
S01012509,Born outside the UK: Resident 5 years or more and less than 10 years,3,3,0,3,0,0,0
S01012509,Born outside the UK: Resident 10 years or more,6,6,4,2,0,0,0
S01012510,All people in households,877,758,255,503,119,68,51
S01012510,Born in the UK,861,749,250,499,112,65,47
S01012510,Born outside the UK: Total,16,9,5,4,7,3,4
S01012510,Born outside the UK: Resident less than 2 years,1,0,0,0,1,0,1
S01012510,Born outside the UK: Resident 2 years or more and less than 5 years,1,0,0,0,1,0,1
S01012510,Born outside the UK: Resident 5 years or more and less than 10 years,3,1,0,1,2,2,0
S01012510,Born outside the UK: Resident 10 years or more,11,8,5,3,3,1,2
S01012511,All people in households,628,487,181,306,141,77,64
S01012511,Born in the UK,613,480,179,301,133,75,58
S01012511,Born outside the UK: Total,15,7,2,5,8,2,6
S01012511,Born outside the UK: Resident less than 2 years,1,1,0,1,0,0,0
S01012511,Born outside the UK: Resident 2 years or more and less than 5 years,4,0,0,0,4,2,2
S01012511,Born outside the UK: Resident 5 years or more and less than 10 years,2,1,0,1,1,0,1
S01012511,Born outside the UK: Resident 10 years or more,8,5,2,3,3,0,3
S01012512,All people in households,677,436,163,273,241,208,33
S01012512,Born in the UK,645,421,162,259,224,197,27
S01012512,Born outside the UK: Total,32,15,1,14,17,11,6
S01012512,Born outside the UK: Resident less than 2 years,4,1,1,0,3,0,3
S01012512,Born outside the UK: Resident 2 years or more and less than 5 years,2,0,0,0,2,0,2
S01012512,Born outside the UK: Resident 5 years or more and less than 10 years,15,5,0,5,10,10,0
S01012512,Born outside the UK: Resident 10 years or more,11,9,0,9,2,1,1
S01012513,All people in households,550,488,137,351,62,18,44
S01012513,Born in the UK,527,474,130,344,53,14,39
S01012513,Born outside the UK: Total,23,14,7,7,9,4,5
S01012513,Born outside the UK: Resident less than 2 years,6,2,0,2,4,0,4
S01012513,Born outside the UK: Resident 2 years or more and less than 5 years,1,0,0,0,1,0,1
S01012513,Born outside the UK: Resident 5 years or more and less than 10 years,4,1,0,1,3,3,0
S01012513,Born outside the UK: Resident 10 years or more,12,11,7,4,1,1,0
S01012514,All people in households,986,845,120,725,141,44,97
S01012514,Born in the UK,964,827,120,707,137,44,93
S01012514,Born outside the UK: Total,22,18,0,18,4,0,4
S01012514,Born outside the UK: Resident less than 2 years,0,0,0,0,0,0,0
S01012514,Born outside the UK: Resident 2 years or more and less than 5 years,3,1,0,1,2,0,2
S01012514,Born outside the UK: Resident 5 years or more and less than 10 years,4,4,0,4,0,0,0
S01012514,Born outside the UK: Resident 10 years or more,15,13,0,13,2,0,2
S01012515,All people in households,612,317,125,192,295,238,57
S01012515,Born in the UK,596,306,122,184,290,235,55
S01012515,Born outside the UK: Total,16,11,3,8,5,3,2
S01012515,Born outside the UK: Resident less than 2 years,0,0,0,0,0,0,0
S01012515,Born outside the UK: Resident 2 years or more and less than 5 years,1,0,0,0,1,0,1
S01012515,Born outside the UK: Resident 5 years or more and less than 10 years,1,0,0,0,1,0,1
S01012515,Born outside the UK: Resident 10 years or more,14,11,3,8,3,3,0
S01012516,All people in households,668,469,157,312,199,140,59
S01012516,Born in the UK,637,451,155,296,186,136,50
S01012516,Born outside the UK: Total,31,18,2,16,13,4,9
S01012516,Born outside the UK: Resident less than 2 years,4,0,0,0,4,0,4
S01012516,Born outside the UK: Resident 2 years or more and less than 5 years,3,1,0,1,2,0,2
S01012516,Born outside the UK: Resident 5 years or more and less than 10 years,7,5,0,5,2,0,2
S01012516,Born outside the UK: Resident 10 years or more,17,12,2,10,5,4,1
S01012517,All people in households,860,580,177,403,280,166,114
S01012517,Born in the UK,821,554,167,387,267,159,108
S01012517,Born outside the UK: Total,39,26,10,16,13,7,6
S01012517,Born outside the UK: Resident less than 2 years,5,1,0,1,4,0,4
S01012517,Born outside the UK: Resident 2 years or more and less than 5 years,0,0,0,0,0,0,0
S01012517,Born outside the UK: Resident 5 years or more and less than 10 years,12,8,0,8,4,4,0
S01012517,Born outside the UK: Resident 10 years or more,22,17,10,7,5,3,2
S01012518,All people in households,559,459,195,264,100,28,72
S01012518,Born in the UK,541,447,192,255,94,28,66
S01012518,Born outside the UK: Total,18,12,3,9,6,0,6
S01012518,Born outside the UK: Resident less than 2 years,4,0,0,0,4,0,4
S01012518,Born outside the UK: Resident 2 years or more and less than 5 years,2,2,0,2,0,0,0
S01012518,Born outside the UK: Resident 5 years or more and less than 10 years,2,2,0,2,0,0,0
S01012518,Born outside the UK: Resident 10 years or more,10,8,3,5,2,0,2
S01012519,All people in households,516,392,191,201,124,20,104
S01012519,Born in the UK,479,368,182,186,111,19,92
S01012519,Born outside the UK: Total,37,24,9,15,13,1,12
S01012519,Born outside the UK: Resident less than 2 years,8,1,0,1,7,0,7
S01012519,Born outside the UK: Resident 2 years or more and less than 5 years,1,0,0,0,1,0,1
S01012519,Born outside the UK: Resident 5 years or more and less than 10 years,2,1,0,1,1,0,1
S01012519,Born outside the UK: Resident 10 years or more,26,22,9,13,4,1,3
S01012520,All people in households,783,722,373,349,61,19,42
S01012520,Born in the UK,758,702,357,345,56,17,39
S01012520,Born outside the UK: Total,25,20,16,4,5,2,3
S01012520,Born outside the UK: Resident less than 2 years,5,5,5,0,0,0,0
S01012520,Born outside the UK: Resident 2 years or more and less than 5 years,2,0,0,0,2,0,2
S01012520,Born outside the UK: Resident 5 years or more and less than 10 years,3,3,2,1,0,0,0
S01012520,Born outside the UK: Resident 10 years or more,15,12,9,3,3,2,1
S01012521,All people in households,515,394,164,230,121,13,108
S01012521,Born in the UK,493,384,159,225,109,13,96
S01012521,Born outside the UK: Total,22,10,5,5,12,0,12
S01012521,Born outside the UK: Resident less than 2 years,2,0,0,0,2,0,2
S01012521,Born outside the UK: Resident 2 years or more and less than 5 years,6,0,0,0,6,0,6
S01012521,Born outside the UK: Resident 5 years or more and less than 10 years,5,2,2,0,3,0,3
S01012521,Born outside the UK: Resident 10 years or more,9,8,3,5,1,0,1
S01012522,All people in households,860,776,368,408,84,16,68
S01012522,Born in the UK,819,754,359,395,65,13,52
S01012522,Born outside the UK: Total,41,22,9,13,19,3,16
S01012522,Born outside the UK: Resident less than 2 years,0,0,0,0,0,0,0
S01012522,Born outside the UK: Resident 2 years or more and less than 5 years,6,1,0,1,5,0,5
S01012522,Born outside the UK: Resident 5 years or more and less than 10 years,16,3,0,3,13,3,10
S01012522,Born outside the UK: Resident 10 years or more,19,18,9,9,1,0,1
S01012523,All people in households,864,750,319,431,114,52,62
S01012523,Born in the UK,843,737,312,425,106,52,54
S01012523,Born outside the UK: Total,21,13,7,6,8,0,8
S01012523,Born outside the UK: Resident less than 2 years,3,2,2,0,1,0,1
S01012523,Born outside the UK: Resident 2 years or more and less than 5 years,4,1,0,1,3,0,3
S01012523,Born outside the UK: Resident 5 years or more and less than 10 years,4,1,0,1,3,0,3
S01012523,Born outside the UK: Resident 10 years or more,10,9,5,4,1,0,1
S01012524,All people in households,864,759,397,362,105,25,80
S01012524,Born in the UK,836,743,388,355,93,25,68
S01012524,Born outside the UK: Total,28,16,9,7,12,0,12
S01012524,Born outside the UK: Resident less than 2 years,5,0,0,0,5,0,5
S01012524,Born outside the UK: Resident 2 years or more and less than 5 years,0,0,0,0,0,0,0
S01012524,Born outside the UK: Resident 5 years or more and less than 10 years,2,2,1,1,0,0,0
S01012524,Born outside the UK: Resident 10 years or more,21,14,8,6,7,0,7
S01012525,All people in households,714,644,254,390,70,13,57
S01012525,Born in the UK,693,630,249,381,63,12,51
S01012525,Born outside the UK: Total,21,14,5,9,7,1,6
S01012525,Born outside the UK: Resident less than 2 years,1,0,0,0,1,0,1
S01012525,Born outside the UK: Resident 2 years or more and less than 5 years,1,0,0,0,1,0,1
S01012525,Born outside the UK: Resident 5 years or more and less than 10 years,5,2,0,2,3,0,3
S01012525,Born outside the UK: Resident 10 years or more,14,12,5,7,2,1,1
S01012526,All people in households,775,728,332,396,47,7,40
S01012526,Born in the UK,753,714,324,390,39,2,37
S01012526,Born outside the UK: Total,22,14,8,6,8,5,3
S01012526,Born outside the UK: Resident less than 2 years,0,0,0,0,0,0,0
S01012526,Born outside the UK: Resident 2 years or more and less than 5 years,1,0,0,0,1,0,1
S01012526,Born outside the UK: Resident 5 years or more and less than 10 years,6,2,0,2,4,3,1
S01012526,Born outside the UK: Resident 10 years or more,15,12,8,4,3,2,1
S01012527,All people in households,625,516,246,270,109,65,44
S01012527,Born in the UK,613,505,239,266,108,65,43
S01012527,Born outside the UK: Total,12,11,7,4,1,0,1
S01012527,Born outside the UK: Resident less than 2 years,1,0,0,0,1,0,1
S01012527,Born outside the UK: Resident 2 years or more and less than 5 years,0,0,0,0,0,0,0
S01012527,Born outside the UK: Resident 5 years or more and less than 10 years,0,0,0,0,0,0,0
S01012527,Born outside the UK: Resident 10 years or more,11,11,7,4,0,0,0
S01012528,All people in households,823,569,141,428,254,181,73
S01012528,Born in the UK,790,552,135,417,238,177,61
S01012528,Born outside the UK: Total,33,17,6,11,16,4,12
S01012528,Born outside the UK: Resident less than 2 years,1,1,0,1,0,0,0
S01012528,Born outside the UK: Resident 2 years or more and less than 5 years,2,0,0,0,2,0,2
S01012528,Born outside the UK: Resident 5 years or more and less than 10 years,12,3,0,3,9,0,9
S01012528,Born outside the UK: Resident 10 years or more,18,13,6,7,5,4,1
S01012529,All people in households,712,503,214,289,209,112,97
S01012529,Born in the UK,695,489,209,280,206,111,95
S01012529,Born outside the UK: Total,17,14,5,9,3,1,2
S01012529,Born outside the UK: Resident less than 2 years,0,0,0,0,0,0,0
S01012529,Born outside the UK: Resident 2 years or more and less than 5 years,1,0,0,0,1,0,1
S01012529,Born outside the UK: Resident 5 years or more and less than 10 years,1,1,0,1,0,0,0
S01012529,Born outside the UK: Resident 10 years or more,15,13,5,8,2,1,1
S01012530,All people in households,874,805,413,392,69,30,39
S01012530,Born in the UK,853,793,406,387,60,30,30
S01012530,Born outside the UK: Total,21,12,7,5,9,0,9
S01012530,Born outside the UK: Resident less than 2 years,0,0,0,0,0,0,0
S01012530,Born outside the UK: Resident 2 years or more and less than 5 years,6,2,0,2,4,0,4
S01012530,Born outside the UK: Resident 5 years or more and less than 10 years,2,1,0,1,1,0,1
S01012530,Born outside the UK: Resident 10 years or more,13,9,7,2,4,0,4
S01012531,All people in households,754,578,177,401,176,69,107
S01012531,Born in the UK,723,558,172,386,165,66,99
S01012531,Born outside the UK: Total,31,20,5,15,11,3,8
S01012531,Born outside the UK: Resident less than 2 years,2,0,0,0,2,0,2
S01012531,Born outside the UK: Resident 2 years or more and less than 5 years,5,2,0,2,3,1,2
S01012531,Born outside the UK: Resident 5 years or more and less than 10 years,8,7,0,7,1,0,1
S01012531,Born outside the UK: Resident 10 years or more,16,11,5,6,5,2,3
S01012532,All people in households,788,586,211,375,202,76,126
S01012532,Born in the UK,773,577,208,369,196,75,121
S01012532,Born outside the UK: Total,15,9,3,6,6,1,5
S01012532,Born outside the UK: Resident less than 2 years,0,0,0,0,0,0,0
S01012532,Born outside the UK: Resident 2 years or more and less than 5 years,3,0,0,0,3,0,3
S01012532,Born outside the UK: Resident 5 years or more and less than 10 years,1,0,0,0,1,0,1
S01012532,Born outside the UK: Resident 10 years or more,11,9,3,6,2,1,1
S01012533,All people in households,532,378,179,199,154,45,109
S01012533,Born in the UK,507,365,175,190,142,41,101
S01012533,Born outside the UK: Total,25,13,4,9,12,4,8
S01012533,Born outside the UK: Resident less than 2 years,3,0,0,0,3,0,3
S01012533,Born outside the UK: Resident 2 years or more and less than 5 years,1,0,0,0,1,0,1
S01012533,Born outside the UK: Resident 5 years or more and less than 10 years,5,5,0,5,0,0,0
S01012533,Born outside the UK: Resident 10 years or more,16,8,4,4,8,4,4
S01012534,All people in households,569,406,151,255,163,105,58
S01012534,Born in the UK,551,395,148,247,156,105,51
S01012534,Born outside the UK: Total,18,11,3,8,7,0,7
S01012534,Born outside the UK: Resident less than 2 years,4,0,0,0,4,0,4
S01012534,Born outside the UK: Resident 2 years or more and less than 5 years,1,0,0,0,1,0,1
S01012534,Born outside the UK: Resident 5 years or more and less than 10 years,3,2,0,2,1,0,1
S01012534,Born outside the UK: Resident 10 years or more,10,9,3,6,1,0,1
S01012535,All people in households,818,617,199,418,201,156,45
S01012535,Born in the UK,812,613,197,416,199,154,45
S01012535,Born outside the UK: Total,6,4,2,2,2,2,0
S01012535,Born outside the UK: Resident less than 2 years,0,0,0,0,0,0,0
S01012535,Born outside the UK: Resident 2 years or more and less than 5 years,1,1,0,1,0,0,0
S01012535,Born outside the UK: Resident 5 years or more and less than 10 years,2,1,1,0,1,1,0
S01012535,Born outside the UK: Resident 10 years or more,3,2,1,1,1,1,0
S01012536,All people in households,750,510,185,325,240,192,48
S01012536,Born in the UK,732,500,180,320,232,190,42
S01012536,Born outside the UK: Total,18,10,5,5,8,2,6
S01012536,Born outside the UK: Resident less than 2 years,1,1,1,0,0,0,0
S01012536,Born outside the UK: Resident 2 years or more and less than 5 years,3,0,0,0,3,0,3
S01012536,Born outside the UK: Resident 5 years or more and less than 10 years,2,1,0,1,1,0,1
S01012536,Born outside the UK: Resident 10 years or more,12,8,4,4,4,2,2
S01012537,All people in households,727,456,169,287,271,176,95
S01012537,Born in the UK,707,450,165,285,257,174,83
S01012537,Born outside the UK: Total,20,6,4,2,14,2,12
S01012537,Born outside the UK: Resident less than 2 years,6,0,0,0,6,0,6
S01012537,Born outside the UK: Resident 2 years or more and less than 5 years,3,0,0,0,3,0,3
S01012537,Born outside the UK: Resident 5 years or more and less than 10 years,0,0,0,0,0,0,0
S01012537,Born outside the UK: Resident 10 years or more,11,6,4,2,5,2,3
S01012538,All people in households,1081,727,279,448,354,273,81
S01012538,Born in the UK,1059,708,273,435,351,271,80
S01012538,Born outside the UK: Total,22,19,6,13,3,2,1
S01012538,Born outside the UK: Resident less than 2 years,2,2,0,2,0,0,0
S01012538,Born outside the UK: Resident 2 years or more and less than 5 years,6,6,1,5,0,0,0
S01012538,Born outside the UK: Resident 5 years or more and less than 10 years,2,2,0,2,0,0,0
S01012538,Born outside the UK: Resident 10 years or more,12,9,5,4,3,2,1
S01012539,All people in households,701,503,245,258,198,124,74
S01012539,Born in the UK,684,494,244,250,190,121,69
S01012539,Born outside the UK: Total,17,9,1,8,8,3,5
S01012539,Born outside the UK: Resident less than 2 years,1,1,0,1,0,0,0
S01012539,Born outside the UK: Resident 2 years or more and less than 5 years,6,3,0,3,3,0,3
S01012539,Born outside the UK: Resident 5 years or more and less than 10 years,4,3,0,3,1,1,0
S01012539,Born outside the UK: Resident 10 years or more,6,2,1,1,4,2,2
S01012540,All people in households,717,391,126,265,326,293,33
S01012540,Born in the UK,709,386,125,261,323,291,32
S01012540,Born outside the UK: Total,8,5,1,4,3,2,1
S01012540,Born outside the UK: Resident less than 2 years,1,1,0,1,0,0,0
S01012540,Born outside the UK: Resident 2 years or more and less than 5 years,2,1,0,1,1,0,1
S01012540,Born outside the UK: Resident 5 years or more and less than 10 years,0,0,0,0,0,0,0
S01012540,Born outside the UK: Resident 10 years or more,5,3,1,2,2,2,0
S01012541,All people in households,1066,720,354,366,346,190,156
S01012541,Born in the UK,1046,708,350,358,338,190,148
S01012541,Born outside the UK: Total,20,12,4,8,8,0,8
S01012541,Born outside the UK: Resident less than 2 years,0,0,0,0,0,0,0
S01012541,Born outside the UK: Resident 2 years or more and less than 5 years,5,2,1,1,3,0,3
S01012541,Born outside the UK: Resident 5 years or more and less than 10 years,0,0,0,0,0,0,0
S01012541,Born outside the UK: Resident 10 years or more,15,10,3,7,5,0,5
S01012542,All people in households,870,707,307,400,163,90,73
S01012542,Born in the UK,852,695,297,398,157,89,68
S01012542,Born outside the UK: Total,18,12,10,2,6,1,5
S01012542,Born outside the UK: Resident less than 2 years,2,0,0,0,2,0,2
S01012542,Born outside the UK: Resident 2 years or more and less than 5 years,0,0,0,0,0,0,0
S01012542,Born outside the UK: Resident 5 years or more and less than 10 years,0,0,0,0,0,0,0
S01012542,Born outside the UK: Resident 10 years or more,16,12,10,2,4,1,3
S01012543,All people in households,686,572,190,382,114,51,63
S01012543,Born in the UK,659,546,184,362,113,50,63
S01012543,Born outside the UK: Total,27,26,6,20,1,1,0
S01012543,Born outside the UK: Resident less than 2 years,0,0,0,0,0,0,0
S01012543,Born outside the UK: Resident 2 years or more and less than 5 years,0,0,0,0,0,0,0
S01012543,Born outside the UK: Resident 5 years or more and less than 10 years,5,5,0,5,0,0,0
S01012543,Born outside the UK: Resident 10 years or more,22,21,6,15,1,1,0
S01012544,All people in households,810,599,216,383,211,162,49
S01012544,Born in the UK,797,588,214,374,209,161,48
S01012544,Born outside the UK: Total,13,11,2,9,2,1,1
S01012544,Born outside the UK: Resident less than 2 years,1,1,1,0,0,0,0
S01012544,Born outside the UK: Resident 2 years or more and less than 5 years,0,0,0,0,0,0,0
S01012544,Born outside the UK: Resident 5 years or more and less than 10 years,2,2,0,2,0,0,0
S01012544,Born outside the UK: Resident 10 years or more,10,8,1,7,2,1,1
S01012545,All people in households,473,254,89,165,219,201,18
S01012545,Born in the UK,461,244,83,161,217,199,18
S01012545,Born outside the UK: Total,12,10,6,4,2,2,0
S01012545,Born outside the UK: Resident less than 2 years,0,0,0,0,0,0,0
S01012545,Born outside the UK: Resident 2 years or more and less than 5 years,1,1,0,1,0,0,0
S01012545,Born outside the UK: Resident 5 years or more and less than 10 years,4,4,3,1,0,0,0
S01012545,Born outside the UK: Resident 10 years or more,7,5,3,2,2,2,0
S01012546,All people in households,807,592,211,381,215,131,84
S01012546,Born in the UK,782,580,204,376,202,124,78
S01012546,Born outside the UK: Total,25,12,7,5,13,7,6
S01012546,Born outside the UK: Resident less than 2 years,2,0,0,0,2,0,2
S01012546,Born outside the UK: Resident 2 years or more and less than 5 years,1,0,0,0,1,0,1
S01012546,Born outside the UK: Resident 5 years or more and less than 10 years,0,0,0,0,0,0,0
S01012546,Born outside the UK: Resident 10 years or more,22,12,7,5,10,7,3
S01012547,All people in households,746,605,303,302,141,106,35
S01012547,Born in the UK,725,595,300,295,130,100,30
S01012547,Born outside the UK: Total,21,10,3,7,11,6,5
S01012547,Born outside the UK: Resident less than 2 years,1,1,0,1,0,0,0
S01012547,Born outside the UK: Resident 2 years or more and less than 5 years,5,3,0,3,2,0,2
S01012547,Born outside the UK: Resident 5 years or more and less than 10 years,3,0,0,0,3,1,2
S01012547,Born outside the UK: Resident 10 years or more,12,6,3,3,6,5,1
S01012548,All people in households,830,712,316,396,118,50,68
S01012548,Born in the UK,803,685,306,379,118,50,68
S01012548,Born outside the UK: Total,27,27,10,17,0,0,0
S01012548,Born outside the UK: Resident less than 2 years,0,0,0,0,0,0,0
S01012548,Born outside the UK: Resident 2 years or more and less than 5 years,4,4,0,4,0,0,0
S01012548,Born outside the UK: Resident 5 years or more and less than 10 years,2,2,0,2,0,0,0
S01012548,Born outside the UK: Resident 10 years or more,21,21,10,11,0,0,0
S01012549,All people in households,545,308,77,231,237,175,62
S01012549,Born in the UK,520,294,74,220,226,169,57
S01012549,Born outside the UK: Total,25,14,3,11,11,6,5
S01012549,Born outside the UK: Resident less than 2 years,1,1,0,1,0,0,0
S01012549,Born outside the UK: Resident 2 years or more and less than 5 years,7,4,1,3,3,0,3
S01012549,Born outside the UK: Resident 5 years or more and less than 10 years,3,3,0,3,0,0,0
S01012549,Born outside the UK: Resident 10 years or more,14,6,2,4,8,6,2
S01012550,All people in households,824,597,206,391,227,158,69
S01012550,Born in the UK,799,586,202,384,213,146,67
S01012550,Born outside the UK: Total,25,11,4,7,14,12,2
S01012550,Born outside the UK: Resident less than 2 years,1,0,0,0,1,1,0
S01012550,Born outside the UK: Resident 2 years or more and less than 5 years,8,2,0,2,6,5,1
S01012550,Born outside the UK: Resident 5 years or more and less than 10 years,3,0,0,0,3,2,1
S01012550,Born outside the UK: Resident 10 years or more,13,9,4,5,4,4,0
S01012551,All people in households,815,773,323,450,42,10,32
S01012551,Born in the UK,779,741,309,432,38,7,31
S01012551,Born outside the UK: Total,36,32,14,18,4,3,1
S01012551,Born outside the UK: Resident less than 2 years,1,1,1,0,0,0,0
S01012551,Born outside the UK: Resident 2 years or more and less than 5 years,4,3,0,3,1,1,0
S01012551,Born outside the UK: Resident 5 years or more and less than 10 years,2,1,0,1,1,1,0
S01012551,Born outside the UK: Resident 10 years or more,29,27,13,14,2,1,1
S01012552,All people in households,905,844,316,528,61,17,44
S01012552,Born in the UK,893,833,312,521,60,17,43
S01012552,Born outside the UK: Total,12,11,4,7,1,0,1
S01012552,Born outside the UK: Resident less than 2 years,0,0,0,0,0,0,0
S01012552,Born outside the UK: Resident 2 years or more and less than 5 years,1,0,0,0,1,0,1
S01012552,Born outside the UK: Resident 5 years or more and less than 10 years,0,0,0,0,0,0,0
S01012552,Born outside the UK: Resident 10 years or more,11,11,4,7,0,0,0
S01012553,All people in households,839,770,165,605,69,13,56
S01012553,Born in the UK,814,748,156,592,66,11,55
S01012553,Born outside the UK: Total,25,22,9,13,3,2,1
S01012553,Born outside the UK: Resident less than 2 years,1,1,0,1,0,0,0
S01012553,Born outside the UK: Resident 2 years or more and less than 5 years,0,0,0,0,0,0,0
S01012553,Born outside the UK: Resident 5 years or more and less than 10 years,3,2,0,2,1,1,0
S01012553,Born outside the UK: Resident 10 years or more,21,19,9,10,2,1,1
S01012554,All people in households,458,415,172,243,43,4,39
S01012554,Born in the UK,444,404,168,236,40,1,39
S01012554,Born outside the UK: Total,14,11,4,7,3,3,0
S01012554,Born outside the UK: Resident less than 2 years,1,1,1,0,0,0,0
S01012554,Born outside the UK: Resident 2 years or more and less than 5 years,0,0,0,0,0,0,0
S01012554,Born outside the UK: Resident 5 years or more and less than 10 years,3,0,0,0,3,3,0
S01012554,Born outside the UK: Resident 10 years or more,10,10,3,7,0,0,0
S01012555,All people in households,541,484,166,318,57,5,52
S01012555,Born in the UK,524,474,163,311,50,5,45
S01012555,Born outside the UK: Total,17,10,3,7,7,0,7
S01012555,Born outside the UK: Resident less than 2 years,6,0,0,0,6,0,6
S01012555,Born outside the UK: Resident 2 years or more and less than 5 years,2,1,1,0,1,0,1
S01012555,Born outside the UK: Resident 5 years or more and less than 10 years,1,1,0,1,0,0,0
S01012555,Born outside the UK: Resident 10 years or more,8,8,2,6,0,0,0
S01012556,All people in households,545,504,220,284,41,15,26
S01012556,Born in the UK,532,493,216,277,39,15,24
S01012556,Born outside the UK: Total,13,11,4,7,2,0,2
S01012556,Born outside the UK: Resident less than 2 years,0,0,0,0,0,0,0
S01012556,Born outside the UK: Resident 2 years or more and less than 5 years,2,0,0,0,2,0,2
S01012556,Born outside the UK: Resident 5 years or more and less than 10 years,2,2,0,2,0,0,0
S01012556,Born outside the UK: Resident 10 years or more,9,9,4,5,0,0,0
S01012557,All people in households,636,564,308,256,72,17,55
S01012557,Born in the UK,616,551,299,252,65,17,48
S01012557,Born outside the UK: Total,20,13,9,4,7,0,7
S01012557,Born outside the UK: Resident less than 2 years,5,2,2,0,3,0,3
S01012557,Born outside the UK: Resident 2 years or more and less than 5 years,2,0,0,0,2,0,2
S01012557,Born outside the UK: Resident 5 years or more and less than 10 years,3,2,0,2,1,0,1
S01012557,Born outside the UK: Resident 10 years or more,10,9,7,2,1,0,1
S01012558,All people in households,577,362,111,251,215,144,71
S01012558,Born in the UK,552,344,108,236,208,142,66
S01012558,Born outside the UK: Total,25,18,3,15,7,2,5
S01012558,Born outside the UK: Resident less than 2 years,0,0,0,0,0,0,0
S01012558,Born outside the UK: Resident 2 years or more and less than 5 years,6,5,0,5,1,0,1
S01012558,Born outside the UK: Resident 5 years or more and less than 10 years,1,0,0,0,1,0,1
S01012558,Born outside the UK: Resident 10 years or more,18,13,3,10,5,2,3
S01012559,All people in households,767,366,172,194,401,273,128
S01012559,Born in the UK,731,352,164,188,379,264,115
S01012559,Born outside the UK: Total,36,14,8,6,22,9,13
S01012559,Born outside the UK: Resident less than 2 years,5,0,0,0,5,0,5
S01012559,Born outside the UK: Resident 2 years or more and less than 5 years,6,1,0,1,5,1,4
S01012559,Born outside the UK: Resident 5 years or more and less than 10 years,4,2,2,0,2,1,1
S01012559,Born outside the UK: Resident 10 years or more,21,11,6,5,10,7,3
S01012560,All people in households,562,396,158,238,166,117,49
S01012560,Born in the UK,553,389,156,233,164,116,48
S01012560,Born outside the UK: Total,9,7,2,5,2,1,1
S01012560,Born outside the UK: Resident less than 2 years,0,0,0,0,0,0,0
S01012560,Born outside the UK: Resident 2 years or more and less than 5 years,0,0,0,0,0,0,0
S01012560,Born outside the UK: Resident 5 years or more and less than 10 years,2,1,0,1,1,0,1
S01012560,Born outside the UK: Resident 10 years or more,7,6,2,4,1,1,0
S01012561,All people in households,757,546,170,376,211,133,78
S01012561,Born in the UK,735,535,165,370,200,132,68
S01012561,Born outside the UK: Total,22,11,5,6,11,1,10
S01012561,Born outside the UK: Resident less than 2 years,4,1,0,1,3,0,3
S01012561,Born outside the UK: Resident 2 years or more and less than 5 years,6,1,0,1,5,0,5
S01012561,Born outside the UK: Resident 5 years or more and less than 10 years,2,1,0,1,1,0,1
S01012561,Born outside the UK: Resident 10 years or more,10,8,5,3,2,1,1
S01012562,All people in households,747,427,142,285,320,147,173
S01012562,Born in the UK,724,412,137,275,312,145,167
S01012562,Born outside the UK: Total,23,15,5,10,8,2,6
S01012562,Born outside the UK: Resident less than 2 years,4,1,0,1,3,0,3
S01012562,Born outside the UK: Resident 2 years or more and less than 5 years,0,0,0,0,0,0,0
S01012562,Born outside the UK: Resident 5 years or more and less than 10 years,4,3,2,1,1,0,1
S01012562,Born outside the UK: Resident 10 years or more,15,11,3,8,4,2,2
S01012563,All people in households,630,601,347,254,29,2,27
S01012563,Born in the UK,604,578,338,240,26,2,24
S01012563,Born outside the UK: Total,26,23,9,14,3,0,3
S01012563,Born outside the UK: Resident less than 2 years,1,1,0,1,0,0,0
S01012563,Born outside the UK: Resident 2 years or more and less than 5 years,0,0,0,0,0,0,0
S01012563,Born outside the UK: Resident 5 years or more and less than 10 years,5,4,1,3,1,0,1
S01012563,Born outside the UK: Resident 10 years or more,20,18,8,10,2,0,2
S01012564,All people in households,824,756,371,385,68,33,35
S01012564,Born in the UK,786,721,350,371,65,32,33
S01012564,Born outside the UK: Total,38,35,21,14,3,1,2
S01012564,Born outside the UK: Resident less than 2 years,2,0,0,0,2,0,2
S01012564,Born outside the UK: Resident 2 years or more and less than 5 years,1,1,1,0,0,0,0
S01012564,Born outside the UK: Resident 5 years or more and less than 10 years,2,2,0,2,0,0,0
S01012564,Born outside the UK: Resident 10 years or more,33,32,20,12,1,1,0
S01012565,All people in households,779,618,264,354,161,89,72
S01012565,Born in the UK,755,604,258,346,151,88,63
S01012565,Born outside the UK: Total,24,14,6,8,10,1,9
S01012565,Born outside the UK: Resident less than 2 years,7,0,0,0,7,0,7
S01012565,Born outside the UK: Resident 2 years or more and less than 5 years,2,0,0,0,2,0,2
S01012565,Born outside the UK: Resident 5 years or more and less than 10 years,0,0,0,0,0,0,0
S01012565,Born outside the UK: Resident 10 years or more,15,14,6,8,1,1,0
S01012566,All people in households,716,424,178,246,292,72,220
S01012566,Born in the UK,660,401,167,234,259,64,195
S01012566,Born outside the UK: Total,56,23,11,12,33,8,25
S01012566,Born outside the UK: Resident less than 2 years,6,3,2,1,3,3,0
S01012566,Born outside the UK: Resident 2 years or more and less than 5 years,13,3,0,3,10,2,8
S01012566,Born outside the UK: Resident 5 years or more and less than 10 years,12,5,1,4,7,0,7
S01012566,Born outside the UK: Resident 10 years or more,25,12,8,4,13,3,10
S01012567,All people in households,1010,605,251,354,405,180,225
S01012567,Born in the UK,964,582,241,341,382,172,210
S01012567,Born outside the UK: Total,46,23,10,13,23,8,15
S01012567,Born outside the UK: Resident less than 2 years,9,3,0,3,6,2,4
S01012567,Born outside the UK: Resident 2 years or more and less than 5 years,7,2,1,1,5,0,5
S01012567,Born outside the UK: Resident 5 years or more and less than 10 years,7,3,0,3,4,0,4
S01012567,Born outside the UK: Resident 10 years or more,23,15,9,6,8,6,2
S01012568,All people in households,617,545,237,308,72,25,47
S01012568,Born in the UK,599,530,230,300,69,25,44
S01012568,Born outside the UK: Total,18,15,7,8,3,0,3
S01012568,Born outside the UK: Resident less than 2 years,0,0,0,0,0,0,0
S01012568,Born outside the UK: Resident 2 years or more and less than 5 years,0,0,0,0,0,0,0
S01012568,Born outside the UK: Resident 5 years or more and less than 10 years,4,3,1,2,1,0,1
S01012568,Born outside the UK: Resident 10 years or more,14,12,6,6,2,0,2
S01012569,All people in households,738,681,338,343,57,14,43
S01012569,Born in the UK,705,653,333,320,52,14,38
S01012569,Born outside the UK: Total,33,28,5,23,5,0,5
S01012569,Born outside the UK: Resident less than 2 years,2,1,1,0,1,0,1
S01012569,Born outside the UK: Resident 2 years or more and less than 5 years,1,0,0,0,1,0,1
S01012569,Born outside the UK: Resident 5 years or more and less than 10 years,11,10,0,10,1,0,1
S01012569,Born outside the UK: Resident 10 years or more,19,17,4,13,2,0,2
S01012570,All people in households,454,318,130,188,136,60,76
S01012570,Born in the UK,439,307,130,177,132,59,73
S01012570,Born outside the UK: Total,15,11,0,11,4,1,3
S01012570,Born outside the UK: Resident less than 2 years,2,1,0,1,1,0,1
S01012570,Born outside the UK: Resident 2 years or more and less than 5 years,1,0,0,0,1,0,1
S01012570,Born outside the UK: Resident 5 years or more and less than 10 years,6,6,0,6,0,0,0
S01012570,Born outside the UK: Resident 10 years or more,6,4,0,4,2,1,1
S01012571,All people in households,807,522,251,271,285,104,181
S01012571,Born in the UK,782,512,246,266,270,101,169
S01012571,Born outside the UK: Total,25,10,5,5,15,3,12
S01012571,Born outside the UK: Resident less than 2 years,2,1,1,0,1,0,1
S01012571,Born outside the UK: Resident 2 years or more and less than 5 years,5,2,0,2,3,0,3
S01012571,Born outside the UK: Resident 5 years or more and less than 10 years,5,0,0,0,5,2,3
S01012571,Born outside the UK: Resident 10 years or more,13,7,4,3,6,1,5
S01012572,All people in households,514,357,154,203,157,77,80
S01012572,Born in the UK,488,334,143,191,154,77,77
S01012572,Born outside the UK: Total,26,23,11,12,3,0,3
S01012572,Born outside the UK: Resident less than 2 years,2,2,1,1,0,0,0
S01012572,Born outside the UK: Resident 2 years or more and less than 5 years,4,4,3,1,0,0,0
S01012572,Born outside the UK: Resident 5 years or more and less than 10 years,6,4,0,4,2,0,2
S01012572,Born outside the UK: Resident 10 years or more,14,13,7,6,1,0,1
S01012573,All people in households,821,680,291,389,141,21,120
S01012573,Born in the UK,790,651,280,371,139,21,118
S01012573,Born outside the UK: Total,31,29,11,18,2,0,2
S01012573,Born outside the UK: Resident less than 2 years,1,1,0,1,0,0,0
S01012573,Born outside the UK: Resident 2 years or more and less than 5 years,1,1,0,1,0,0,0
S01012573,Born outside the UK: Resident 5 years or more and less than 10 years,3,3,1,2,0,0,0
S01012573,Born outside the UK: Resident 10 years or more,26,24,10,14,2,0,2
S01012574,All people in households,886,765,304,461,121,61,60
S01012574,Born in the UK,867,749,300,449,118,61,57
S01012574,Born outside the UK: Total,19,16,4,12,3,0,3
S01012574,Born outside the UK: Resident less than 2 years,1,1,0,1,0,0,0
S01012574,Born outside the UK: Resident 2 years or more and less than 5 years,1,1,0,1,0,0,0
S01012574,Born outside the UK: Resident 5 years or more and less than 10 years,2,1,0,1,1,0,1
S01012574,Born outside the UK: Resident 10 years or more,15,13,4,9,2,0,2
S01012575,All people in households,655,483,228,255,172,70,102
S01012575,Born in the UK,628,470,222,248,158,67,91
S01012575,Born outside the UK: Total,27,13,6,7,14,3,11
S01012575,Born outside the UK: Resident less than 2 years,1,1,1,0,0,0,0
S01012575,Born outside the UK: Resident 2 years or more and less than 5 years,2,0,0,0,2,2,0
S01012575,Born outside the UK: Resident 5 years or more and less than 10 years,6,0,0,0,6,0,6
S01012575,Born outside the UK: Resident 10 years or more,18,12,5,7,6,1,5
S01012576,All people in households,751,604,293,311,147,39,108
S01012576,Born in the UK,718,584,279,305,134,36,98
S01012576,Born outside the UK: Total,33,20,14,6,13,3,10
S01012576,Born outside the UK: Resident less than 2 years,7,3,0,3,4,0,4
S01012576,Born outside the UK: Resident 2 years or more and less than 5 years,3,1,1,0,2,0,2
S01012576,Born outside the UK: Resident 5 years or more and less than 10 years,2,1,1,0,1,0,1
S01012576,Born outside the UK: Resident 10 years or more,21,15,12,3,6,3,3
S01012577,All people in households,768,583,246,337,185,96,89
S01012577,Born in the UK,743,564,241,323,179,96,83
S01012577,Born outside the UK: Total,25,19,5,14,6,0,6
S01012577,Born outside the UK: Resident less than 2 years,4,0,0,0,4,0,4
S01012577,Born outside the UK: Resident 2 years or more and less than 5 years,0,0,0,0,0,0,0
S01012577,Born outside the UK: Resident 5 years or more and less than 10 years,6,6,0,6,0,0,0
S01012577,Born outside the UK: Resident 10 years or more,15,13,5,8,2,0,2
S01012578,All people in households,936,671,309,362,265,170,95
S01012578,Born in the UK,892,647,301,346,245,168,77
S01012578,Born outside the UK: Total,44,24,8,16,20,2,18
S01012578,Born outside the UK: Resident less than 2 years,7,1,0,1,6,0,6
S01012578,Born outside the UK: Resident 2 years or more and less than 5 years,6,1,0,1,5,0,5
S01012578,Born outside the UK: Resident 5 years or more and less than 10 years,12,7,0,7,5,1,4
S01012578,Born outside the UK: Resident 10 years or more,19,15,8,7,4,1,3
S01012579,All people in households,718,469,172,297,249,164,85
S01012579,Born in the UK,690,452,169,283,238,161,77
S01012579,Born outside the UK: Total,28,17,3,14,11,3,8
S01012579,Born outside the UK: Resident less than 2 years,2,1,0,1,1,0,1
S01012579,Born outside the UK: Resident 2 years or more and less than 5 years,3,0,0,0,3,2,1
S01012579,Born outside the UK: Resident 5 years or more and less than 10 years,3,1,0,1,2,0,2
S01012579,Born outside the UK: Resident 10 years or more,20,15,3,12,5,1,4
S01012580,All people in households,753,559,250,309,194,83,111
S01012580,Born in the UK,725,535,238,297,190,83,107
S01012580,Born outside the UK: Total,28,24,12,12,4,0,4
S01012580,Born outside the UK: Resident less than 2 years,2,1,0,1,1,0,1
S01012580,Born outside the UK: Resident 2 years or more and less than 5 years,1,1,0,1,0,0,0
S01012580,Born outside the UK: Resident 5 years or more and less than 10 years,5,3,1,2,2,0,2
S01012580,Born outside the UK: Resident 10 years or more,20,19,11,8,1,0,1
S01012581,All people in households,747,373,141,232,374,338,36
S01012581,Born in the UK,726,363,133,230,363,328,35
S01012581,Born outside the UK: Total,21,10,8,2,11,10,1
S01012581,Born outside the UK: Resident less than 2 years,3,1,1,0,2,2,0
S01012581,Born outside the UK: Resident 2 years or more and less than 5 years,3,0,0,0,3,3,0
S01012581,Born outside the UK: Resident 5 years or more and less than 10 years,4,4,2,2,0,0,0
S01012581,Born outside the UK: Resident 10 years or more,11,5,5,0,6,5,1
S01012582,All people in households,919,737,273,464,182,103,79
S01012582,Born in the UK,879,708,263,445,171,97,74
S01012582,Born outside the UK: Total,40,29,10,19,11,6,5
S01012582,Born outside the UK: Resident less than 2 years,2,0,0,0,2,0,2
S01012582,Born outside the UK: Resident 2 years or more and less than 5 years,11,6,1,5,5,4,1
S01012582,Born outside the UK: Resident 5 years or more and less than 10 years,4,4,0,4,0,0,0
S01012582,Born outside the UK: Resident 10 years or more,23,19,9,10,4,2,2
S01012583,All people in households,689,443,179,264,246,207,39
S01012583,Born in the UK,673,434,175,259,239,201,38
S01012583,Born outside the UK: Total,16,9,4,5,7,6,1
S01012583,Born outside the UK: Resident less than 2 years,2,0,0,0,2,2,0
S01012583,Born outside the UK: Resident 2 years or more and less than 5 years,4,2,1,1,2,1,1
S01012583,Born outside the UK: Resident 5 years or more and less than 10 years,1,1,0,1,0,0,0
S01012583,Born outside the UK: Resident 10 years or more,9,6,3,3,3,3,0
S01012584,All people in households,737,587,225,362,150,113,37
S01012584,Born in the UK,724,581,223,358,143,109,34
S01012584,Born outside the UK: Total,13,6,2,4,7,4,3
S01012584,Born outside the UK: Resident less than 2 years,0,0,0,0,0,0,0
S01012584,Born outside the UK: Resident 2 years or more and less than 5 years,3,0,0,0,3,2,1
S01012584,Born outside the UK: Resident 5 years or more and less than 10 years,1,0,0,0,1,0,1
S01012584,Born outside the UK: Resident 10 years or more,9,6,2,4,3,2,1
S01012585,All people in households,833,451,163,288,382,315,67
S01012585,Born in the UK,804,441,155,286,363,304,59
S01012585,Born outside the UK: Total,29,10,8,2,19,11,8
S01012585,Born outside the UK: Resident less than 2 years,2,1,1,0,1,0,1
S01012585,Born outside the UK: Resident 2 years or more and less than 5 years,9,2,2,0,7,1,6
S01012585,Born outside the UK: Resident 5 years or more and less than 10 years,4,0,0,0,4,4,0
S01012585,Born outside the UK: Resident 10 years or more,14,7,5,2,7,6,1
S01012586,All people in households,808,721,199,522,87,14,73
S01012586,Born in the UK,795,714,195,519,81,13,68
S01012586,Born outside the UK: Total,13,7,4,3,6,1,5
S01012586,Born outside the UK: Resident less than 2 years,1,0,0,0,1,0,1
S01012586,Born outside the UK: Resident 2 years or more and less than 5 years,3,0,0,0,3,0,3
S01012586,Born outside the UK: Resident 5 years or more and less than 10 years,0,0,0,0,0,0,0
S01012586,Born outside the UK: Resident 10 years or more,9,7,4,3,2,1,1
S01012587,All people in households,862,754,320,434,108,21,87
S01012587,Born in the UK,852,745,317,428,107,20,87
S01012587,Born outside the UK: Total,10,9,3,6,1,1,0
S01012587,Born outside the UK: Resident less than 2 years,1,1,1,0,0,0,0
S01012587,Born outside the UK: Resident 2 years or more and less than 5 years,0,0,0,0,0,0,0
S01012587,Born outside the UK: Resident 5 years or more and less than 10 years,2,2,0,2,0,0,0
S01012587,Born outside the UK: Resident 10 years or more,7,6,2,4,1,1,0
S01012588,All people in households,637,567,219,348,70,31,39
S01012588,Born in the UK,622,555,215,340,67,29,38
S01012588,Born outside the UK: Total,15,12,4,8,3,2,1
S01012588,Born outside the UK: Resident less than 2 years,1,1,1,0,0,0,0
S01012588,Born outside the UK: Resident 2 years or more and less than 5 years,0,0,0,0,0,0,0
S01012588,Born outside the UK: Resident 5 years or more and less than 10 years,0,0,0,0,0,0,0
S01012588,Born outside the UK: Resident 10 years or more,14,11,3,8,3,2,1
S01012589,All people in households,688,381,134,247,307,269,38
S01012589,Born in the UK,671,376,134,242,295,266,29
S01012589,Born outside the UK: Total,17,5,0,5,12,3,9
S01012589,Born outside the UK: Resident less than 2 years,1,0,0,0,1,0,1
S01012589,Born outside the UK: Resident 2 years or more and less than 5 years,7,2,0,2,5,1,4
S01012589,Born outside the UK: Resident 5 years or more and less than 10 years,2,0,0,0,2,0,2
S01012589,Born outside the UK: Resident 10 years or more,7,3,0,3,4,2,2
S01012590,All people in households,777,458,129,329,319,273,46
S01012590,Born in the UK,769,453,127,326,316,270,46
S01012590,Born outside the UK: Total,8,5,2,3,3,3,0
S01012590,Born outside the UK: Resident less than 2 years,0,0,0,0,0,0,0
S01012590,Born outside the UK: Resident 2 years or more and less than 5 years,0,0,0,0,0,0,0
S01012590,Born outside the UK: Resident 5 years or more and less than 10 years,2,1,0,1,1,1,0
S01012590,Born outside the UK: Resident 10 years or more,6,4,2,2,2,2,0
S01012591,All people in households,792,422,208,214,370,347,23
S01012591,Born in the UK,775,415,204,211,360,338,22
S01012591,Born outside the UK: Total,17,7,4,3,10,9,1
S01012591,Born outside the UK: Resident less than 2 years,1,1,1,0,0,0,0
S01012591,Born outside the UK: Resident 2 years or more and less than 5 years,3,0,0,0,3,2,1
S01012591,Born outside the UK: Resident 5 years or more and less than 10 years,3,0,0,0,3,3,0
S01012591,Born outside the UK: Resident 10 years or more,10,6,3,3,4,4,0
S01012592,All people in households,568,537,165,372,31,11,20
S01012592,Born in the UK,552,522,159,363,30,10,20
S01012592,Born outside the UK: Total,16,15,6,9,1,1,0
S01012592,Born outside the UK: Resident less than 2 years,0,0,0,0,0,0,0
S01012592,Born outside the UK: Resident 2 years or more and less than 5 years,1,1,1,0,0,0,0
S01012592,Born outside the UK: Resident 5 years or more and less than 10 years,2,1,0,1,1,1,0
S01012592,Born outside the UK: Resident 10 years or more,13,13,5,8,0,0,0
S01012593,All people in households,823,767,215,552,56,24,32
S01012593,Born in the UK,814,764,213,551,50,24,26
S01012593,Born outside the UK: Total,9,3,2,1,6,0,6
S01012593,Born outside the UK: Resident less than 2 years,0,0,0,0,0,0,0
S01012593,Born outside the UK: Resident 2 years or more and less than 5 years,1,0,0,0,1,0,1
S01012593,Born outside the UK: Resident 5 years or more and less than 10 years,5,0,0,0,5,0,5
S01012593,Born outside the UK: Resident 10 years or more,3,3,2,1,0,0,0
S01012594,All people in households,470,407,142,265,63,49,14
S01012594,Born in the UK,466,404,141,263,62,48,14
S01012594,Born outside the UK: Total,4,3,1,2,1,1,0
S01012594,Born outside the UK: Resident less than 2 years,0,0,0,0,0,0,0
S01012594,Born outside the UK: Resident 2 years or more and less than 5 years,0,0,0,0,0,0,0
S01012594,Born outside the UK: Resident 5 years or more and less than 10 years,0,0,0,0,0,0,0
S01012594,Born outside the UK: Resident 10 years or more,4,3,1,2,1,1,0
S01012595,All people in households,616,468,188,280,148,105,43
S01012595,Born in the UK,604,458,186,272,146,105,41
S01012595,Born outside the UK: Total,12,10,2,8,2,0,2
S01012595,Born outside the UK: Resident less than 2 years,0,0,0,0,0,0,0
S01012595,Born outside the UK: Resident 2 years or more and less than 5 years,0,0,0,0,0,0,0
S01012595,Born outside the UK: Resident 5 years or more and less than 10 years,4,3,0,3,1,0,1
S01012595,Born outside the UK: Resident 10 years or more,8,7,2,5,1,0,1
S01012596,All people in households,788,474,108,366,314,271,43
S01012596,Born in the UK,775,468,107,361,307,266,41
S01012596,Born outside the UK: Total,13,6,1,5,7,5,2
S01012596,Born outside the UK: Resident less than 2 years,3,2,0,2,1,0,1
S01012596,Born outside the UK: Resident 2 years or more and less than 5 years,3,0,0,0,3,2,1
S01012596,Born outside the UK: Resident 5 years or more and less than 10 years,2,2,0,2,0,0,0
S01012596,Born outside the UK: Resident 10 years or more,5,2,1,1,3,3,0
S01012597,All people in households,472,408,72,336,64,42,22
S01012597,Born in the UK,455,400,72,328,55,37,18
S01012597,Born outside the UK: Total,17,8,0,8,9,5,4
S01012597,Born outside the UK: Resident less than 2 years,0,0,0,0,0,0,0
S01012597,Born outside the UK: Resident 2 years or more and less than 5 years,1,1,0,1,0,0,0
S01012597,Born outside the UK: Resident 5 years or more and less than 10 years,6,0,0,0,6,3,3
S01012597,Born outside the UK: Resident 10 years or more,10,7,0,7,3,2,1
S01012598,All people in households,661,570,236,334,91,25,66
S01012598,Born in the UK,649,559,232,327,90,25,65
S01012598,Born outside the UK: Total,12,11,4,7,1,0,1
S01012598,Born outside the UK: Resident less than 2 years,2,2,0,2,0,0,0
S01012598,Born outside the UK: Resident 2 years or more and less than 5 years,2,2,0,2,0,0,0
S01012598,Born outside the UK: Resident 5 years or more and less than 10 years,0,0,0,0,0,0,0
S01012598,Born outside the UK: Resident 10 years or more,8,7,4,3,1,0,1
S01012599,All people in households,660,532,215,317,128,63,65
S01012599,Born in the UK,640,518,206,312,122,59,63
S01012599,Born outside the UK: Total,20,14,9,5,6,4,2
S01012599,Born outside the UK: Resident less than 2 years,1,0,0,0,1,1,0
S01012599,Born outside the UK: Resident 2 years or more and less than 5 years,0,0,0,0,0,0,0
S01012599,Born outside the UK: Resident 5 years or more and less than 10 years,2,1,0,1,1,1,0
S01012599,Born outside the UK: Resident 10 years or more,17,13,9,4,4,2,2
S01012600,All people in households,692,641,248,393,51,7,44
S01012600,Born in the UK,670,621,245,376,49,7,42
S01012600,Born outside the UK: Total,22,20,3,17,2,0,2
S01012600,Born outside the UK: Resident less than 2 years,1,1,0,1,0,0,0
S01012600,Born outside the UK: Resident 2 years or more and less than 5 years,2,1,0,1,1,0,1
S01012600,Born outside the UK: Resident 5 years or more and less than 10 years,3,2,0,2,1,0,1
S01012600,Born outside the UK: Resident 10 years or more,16,16,3,13,0,0,0
S01012601,All people in households,889,826,252,574,63,37,26
S01012601,Born in the UK,864,804,245,559,60,37,23
S01012601,Born outside the UK: Total,25,22,7,15,3,0,3
S01012601,Born outside the UK: Resident less than 2 years,0,0,0,0,0,0,0
S01012601,Born outside the UK: Resident 2 years or more and less than 5 years,7,7,3,4,0,0,0
S01012601,Born outside the UK: Resident 5 years or more and less than 10 years,6,5,0,5,1,0,1
S01012601,Born outside the UK: Resident 10 years or more,12,10,4,6,2,0,2
S01012602,All people in households,558,293,95,198,265,201,64
S01012602,Born in the UK,544,289,93,196,255,193,62
S01012602,Born outside the UK: Total,14,4,2,2,10,8,2
S01012602,Born outside the UK: Resident less than 2 years,0,0,0,0,0,0,0
S01012602,Born outside the UK: Resident 2 years or more and less than 5 years,0,0,0,0,0,0,0
S01012602,Born outside the UK: Resident 5 years or more and less than 10 years,5,0,0,0,5,3,2
S01012602,Born outside the UK: Resident 10 years or more,9,4,2,2,5,5,0
S01012603,All people in households,650,403,149,254,247,194,53
S01012603,Born in the UK,642,399,146,253,243,193,50
S01012603,Born outside the UK: Total,8,4,3,1,4,1,3
S01012603,Born outside the UK: Resident less than 2 years,0,0,0,0,0,0,0
S01012603,Born outside the UK: Resident 2 years or more and less than 5 years,2,0,0,0,2,0,2
S01012603,Born outside the UK: Resident 5 years or more and less than 10 years,2,1,0,1,1,0,1
S01012603,Born outside the UK: Resident 10 years or more,4,3,3,0,1,1,0
S01012604,All people in households,664,455,184,271,209,180,29
S01012604,Born in the UK,648,441,175,266,207,178,29
S01012604,Born outside the UK: Total,16,14,9,5,2,2,0
S01012604,Born outside the UK: Resident less than 2 years,1,1,1,0,0,0,0
S01012604,Born outside the UK: Resident 2 years or more and less than 5 years,0,0,0,0,0,0,0
S01012604,Born outside the UK: Resident 5 years or more and less than 10 years,3,2,0,2,1,1,0
S01012604,Born outside the UK: Resident 10 years or more,12,11,8,3,1,1,0
S01012605,All people in households,515,355,189,166,160,140,20
S01012605,Born in the UK,509,351,187,164,158,138,20
S01012605,Born outside the UK: Total,6,4,2,2,2,2,0
S01012605,Born outside the UK: Resident less than 2 years,0,0,0,0,0,0,0
S01012605,Born outside the UK: Resident 2 years or more and less than 5 years,0,0,0,0,0,0,0
S01012605,Born outside the UK: Resident 5 years or more and less than 10 years,0,0,0,0,0,0,0
S01012605,Born outside the UK: Resident 10 years or more,6,4,2,2,2,2,0
S01012606,All people in households,782,762,81,681,20,11,9
S01012606,Born in the UK,772,752,80,672,20,11,9
S01012606,Born outside the UK: Total,10,10,1,9,0,0,0
S01012606,Born outside the UK: Resident less than 2 years,1,1,0,1,0,0,0
S01012606,Born outside the UK: Resident 2 years or more and less than 5 years,0,0,0,0,0,0,0
S01012606,Born outside the UK: Resident 5 years or more and less than 10 years,0,0,0,0,0,0,0
S01012606,Born outside the UK: Resident 10 years or more,9,9,1,8,0,0,0
S01012607,All people in households,737,588,184,404,149,118,31
S01012607,Born in the UK,724,576,178,398,148,117,31
S01012607,Born outside the UK: Total,13,12,6,6,1,1,0
S01012607,Born outside the UK: Resident less than 2 years,0,0,0,0,0,0,0
S01012607,Born outside the UK: Resident 2 years or more and less than 5 years,0,0,0,0,0,0,0
S01012607,Born outside the UK: Resident 5 years or more and less than 10 years,2,2,0,2,0,0,0
S01012607,Born outside the UK: Resident 10 years or more,11,10,6,4,1,1,0
S01012608,All people in households,801,505,148,357,296,262,34
S01012608,Born in the UK,796,501,148,353,295,261,34
S01012608,Born outside the UK: Total,5,4,0,4,1,1,0
S01012608,Born outside the UK: Resident less than 2 years,0,0,0,0,0,0,0
S01012608,Born outside the UK: Resident 2 years or more and less than 5 years,0,0,0,0,0,0,0
S01012608,Born outside the UK: Resident 5 years or more and less than 10 years,2,2,0,2,0,0,0
S01012608,Born outside the UK: Resident 10 years or more,3,2,0,2,1,1,0
S01012609,All people in households,834,450,124,326,384,357,27
S01012609,Born in the UK,830,449,124,325,381,355,26
S01012609,Born outside the UK: Total,4,1,0,1,3,2,1
S01012609,Born outside the UK: Resident less than 2 years,0,0,0,0,0,0,0
S01012609,Born outside the UK: Resident 2 years or more and less than 5 years,1,0,0,0,1,1,0
S01012609,Born outside the UK: Resident 5 years or more and less than 10 years,1,0,0,0,1,0,1
S01012609,Born outside the UK: Resident 10 years or more,2,1,0,1,1,1,0
S01012610,All people in households,920,399,92,307,521,473,48
S01012610,Born in the UK,907,394,91,303,513,467,46
S01012610,Born outside the UK: Total,13,5,1,4,8,6,2
S01012610,Born outside the UK: Resident less than 2 years,1,1,0,1,0,0,0
S01012610,Born outside the UK: Resident 2 years or more and less than 5 years,1,1,0,1,0,0,0
S01012610,Born outside the UK: Resident 5 years or more and less than 10 years,1,0,0,0,1,1,0
S01012610,Born outside the UK: Resident 10 years or more,10,3,1,2,7,5,2
S01012611,All people in households,804,652,260,392,152,123,29
S01012611,Born in the UK,791,640,258,382,151,123,28
S01012611,Born outside the UK: Total,13,12,2,10,1,0,1
S01012611,Born outside the UK: Resident less than 2 years,0,0,0,0,0,0,0
S01012611,Born outside the UK: Resident 2 years or more and less than 5 years,1,1,0,1,0,0,0
S01012611,Born outside the UK: Resident 5 years or more and less than 10 years,0,0,0,0,0,0,0
S01012611,Born outside the UK: Resident 10 years or more,12,11,2,9,1,0,1
S01012612,All people in households,756,486,153,333,270,229,41
S01012612,Born in the UK,723,467,146,321,256,217,39
S01012612,Born outside the UK: Total,33,19,7,12,14,12,2
S01012612,Born outside the UK: Resident less than 2 years,1,0,0,0,1,1,0
S01012612,Born outside the UK: Resident 2 years or more and less than 5 years,4,3,0,3,1,0,1
S01012612,Born outside the UK: Resident 5 years or more and less than 10 years,13,11,5,6,2,1,1
S01012612,Born outside the UK: Resident 10 years or more,15,5,2,3,10,10,0
S01012613,All people in households,668,458,154,304,210,185,25
S01012613,Born in the UK,661,456,154,302,205,182,23
S01012613,Born outside the UK: Total,7,2,0,2,5,3,2
S01012613,Born outside the UK: Resident less than 2 years,1,0,0,0,1,0,1
S01012613,Born outside the UK: Resident 2 years or more and less than 5 years,0,0,0,0,0,0,0
S01012613,Born outside the UK: Resident 5 years or more and less than 10 years,0,0,0,0,0,0,0
S01012613,Born outside the UK: Resident 10 years or more,6,2,0,2,4,3,1
S01012614,All people in households,1001,762,287,475,239,179,60
S01012614,Born in the UK,981,745,282,463,236,177,59
S01012614,Born outside the UK: Total,20,17,5,12,3,2,1
S01012614,Born outside the UK: Resident less than 2 years,0,0,0,0,0,0,0
S01012614,Born outside the UK: Resident 2 years or more and less than 5 years,2,2,0,2,0,0,0
S01012614,Born outside the UK: Resident 5 years or more and less than 10 years,4,4,2,2,0,0,0
S01012614,Born outside the UK: Resident 10 years or more,14,11,3,8,3,2,1
S01012615,All people in households,674,554,225,329,120,87,33
S01012615,Born in the UK,662,546,220,326,116,84,32
S01012615,Born outside the UK: Total,12,8,5,3,4,3,1
S01012615,Born outside the UK: Resident less than 2 years,1,0,0,0,1,0,1
S01012615,Born outside the UK: Resident 2 years or more and less than 5 years,2,0,0,0,2,2,0
S01012615,Born outside the UK: Resident 5 years or more and less than 10 years,0,0,0,0,0,0,0
S01012615,Born outside the UK: Resident 10 years or more,9,8,5,3,1,1,0
S01012616,All people in households,928,736,313,423,192,148,44
S01012616,Born in the UK,903,719,306,413,184,143,41
S01012616,Born outside the UK: Total,25,17,7,10,8,5,3
S01012616,Born outside the UK: Resident less than 2 years,5,0,0,0,5,2,3
S01012616,Born outside the UK: Resident 2 years or more and less than 5 years,1,1,0,1,0,0,0
S01012616,Born outside the UK: Resident 5 years or more and less than 10 years,3,2,0,2,1,1,0
S01012616,Born outside the UK: Resident 10 years or more,16,14,7,7,2,2,0
S01012617,All people in households,384,343,138,205,41,8,33
S01012617,Born in the UK,376,338,137,201,38,8,30
S01012617,Born outside the UK: Total,8,5,1,4,3,0,3
S01012617,Born outside the UK: Resident less than 2 years,0,0,0,0,0,0,0
S01012617,Born outside the UK: Resident 2 years or more and less than 5 years,0,0,0,0,0,0,0
S01012617,Born outside the UK: Resident 5 years or more and less than 10 years,2,0,0,0,2,0,2
S01012617,Born outside the UK: Resident 10 years or more,6,5,1,4,1,0,1
S01012618,All people in households,529,395,137,258,134,93,41
S01012618,Born in the UK,520,391,136,255,129,91,38
S01012618,Born outside the UK: Total,9,4,1,3,5,2,3
S01012618,Born outside the UK: Resident less than 2 years,1,1,1,0,0,0,0
S01012618,Born outside the UK: Resident 2 years or more and less than 5 years,2,0,0,0,2,0,2
S01012618,Born outside the UK: Resident 5 years or more and less than 10 years,0,0,0,0,0,0,0
S01012618,Born outside the UK: Resident 10 years or more,6,3,0,3,3,2,1
S01012619,All people in households,513,285,127,158,228,170,58
S01012619,Born in the UK,492,277,123,154,215,164,51
S01012619,Born outside the UK: Total,21,8,4,4,13,6,7
S01012619,Born outside the UK: Resident less than 2 years,1,1,1,0,0,0,0
S01012619,Born outside the UK: Resident 2 years or more and less than 5 years,3,1,0,1,2,1,1
S01012619,Born outside the UK: Resident 5 years or more and less than 10 years,8,1,1,0,7,4,3
S01012619,Born outside the UK: Resident 10 years or more,9,5,2,3,4,1,3
S01012620,All people in households,746,688,314,374,58,24,34
S01012620,Born in the UK,717,660,307,353,57,24,33
S01012620,Born outside the UK: Total,29,28,7,21,1,0,1
S01012620,Born outside the UK: Resident less than 2 years,0,0,0,0,0,0,0
S01012620,Born outside the UK: Resident 2 years or more and less than 5 years,0,0,0,0,0,0,0
S01012620,Born outside the UK: Resident 5 years or more and less than 10 years,6,6,0,6,0,0,0
S01012620,Born outside the UK: Resident 10 years or more,23,22,7,15,1,0,1
S01012621,All people in households,563,482,233,249,81,49,32
S01012621,Born in the UK,548,471,227,244,77,48,29
S01012621,Born outside the UK: Total,15,11,6,5,4,1,3
S01012621,Born outside the UK: Resident less than 2 years,0,0,0,0,0,0,0
S01012621,Born outside the UK: Resident 2 years or more and less than 5 years,2,1,0,1,1,0,1
S01012621,Born outside the UK: Resident 5 years or more and less than 10 years,5,3,2,1,2,0,2
S01012621,Born outside the UK: Resident 10 years or more,8,7,4,3,1,1,0
S01012622,All people in households,732,564,224,340,168,140,28
S01012622,Born in the UK,712,552,220,332,160,138,22
S01012622,Born outside the UK: Total,20,12,4,8,8,2,6
S01012622,Born outside the UK: Resident less than 2 years,0,0,0,0,0,0,0
S01012622,Born outside the UK: Resident 2 years or more and less than 5 years,0,0,0,0,0,0,0
S01012622,Born outside the UK: Resident 5 years or more and less than 10 years,11,6,2,4,5,1,4
S01012622,Born outside the UK: Resident 10 years or more,9,6,2,4,3,1,2
S01012623,All people in households,649,376,152,224,273,225,48
S01012623,Born in the UK,621,359,147,212,262,217,45
S01012623,Born outside the UK: Total,28,17,5,12,11,8,3
S01012623,Born outside the UK: Resident less than 2 years,1,0,0,0,1,0,1
S01012623,Born outside the UK: Resident 2 years or more and less than 5 years,3,0,0,0,3,3,0
S01012623,Born outside the UK: Resident 5 years or more and less than 10 years,8,5,0,5,3,2,1
S01012623,Born outside the UK: Resident 10 years or more,16,12,5,7,4,3,1
S01012624,All people in households,715,463,154,309,252,160,92
S01012624,Born in the UK,702,456,152,304,246,159,87
S01012624,Born outside the UK: Total,13,7,2,5,6,1,5
S01012624,Born outside the UK: Resident less than 2 years,0,0,0,0,0,0,0
S01012624,Born outside the UK: Resident 2 years or more and less than 5 years,1,0,0,0,1,0,1
S01012624,Born outside the UK: Resident 5 years or more and less than 10 years,2,0,0,0,2,0,2
S01012624,Born outside the UK: Resident 10 years or more,10,7,2,5,3,1,2
S01012625,All people in households,524,343,119,224,181,164,17
S01012625,Born in the UK,519,340,119,221,179,162,17
S01012625,Born outside the UK: Total,5,3,0,3,2,2,0
S01012625,Born outside the UK: Resident less than 2 years,0,0,0,0,0,0,0
S01012625,Born outside the UK: Resident 2 years or more and less than 5 years,1,0,0,0,1,1,0
S01012625,Born outside the UK: Resident 5 years or more and less than 10 years,0,0,0,0,0,0,0
S01012625,Born outside the UK: Resident 10 years or more,4,3,0,3,1,1,0
S01012626,All people in households,478,426,189,237,52,28,24
S01012626,Born in the UK,465,416,181,235,49,28,21
S01012626,Born outside the UK: Total,13,10,8,2,3,0,3
S01012626,Born outside the UK: Resident less than 2 years,3,3,3,0,0,0,0
S01012626,Born outside the UK: Resident 2 years or more and less than 5 years,0,0,0,0,0,0,0
S01012626,Born outside the UK: Resident 5 years or more and less than 10 years,2,0,0,0,2,0,2
S01012626,Born outside the UK: Resident 10 years or more,8,7,5,2,1,0,1
S01012627,All people in households,524,282,128,154,242,207,35
S01012627,Born in the UK,514,278,127,151,236,202,34
S01012627,Born outside the UK: Total,10,4,1,3,6,5,1
S01012627,Born outside the UK: Resident less than 2 years,1,0,0,0,1,0,1
S01012627,Born outside the UK: Resident 2 years or more and less than 5 years,1,1,0,1,0,0,0
S01012627,Born outside the UK: Resident 5 years or more and less than 10 years,0,0,0,0,0,0,0
S01012627,Born outside the UK: Resident 10 years or more,8,3,1,2,5,5,0
S01012628,All people in households,925,821,239,582,104,29,75
S01012628,Born in the UK,903,803,231,572,100,29,71
S01012628,Born outside the UK: Total,22,18,8,10,4,0,4
S01012628,Born outside the UK: Resident less than 2 years,0,0,0,0,0,0,0
S01012628,Born outside the UK: Resident 2 years or more and less than 5 years,4,4,4,0,0,0,0
S01012628,Born outside the UK: Resident 5 years or more and less than 10 years,4,1,0,1,3,0,3
S01012628,Born outside the UK: Resident 10 years or more,14,13,4,9,1,0,1
S01012629,All people in households,470,415,156,259,55,11,44
S01012629,Born in the UK,451,402,151,251,49,9,40
S01012629,Born outside the UK: Total,19,13,5,8,6,2,4
S01012629,Born outside the UK: Resident less than 2 years,0,0,0,0,0,0,0
S01012629,Born outside the UK: Resident 2 years or more and less than 5 years,0,0,0,0,0,0,0
S01012629,Born outside the UK: Resident 5 years or more and less than 10 years,2,2,1,1,0,0,0
S01012629,Born outside the UK: Resident 10 years or more,17,11,4,7,6,2,4
S01012630,All people in households,823,495,253,242,328,186,142
S01012630,Born in the UK,808,486,248,238,322,186,136
S01012630,Born outside the UK: Total,15,9,5,4,6,0,6
S01012630,Born outside the UK: Resident less than 2 years,1,0,0,0,1,0,1
S01012630,Born outside the UK: Resident 2 years or more and less than 5 years,4,0,0,0,4,0,4
S01012630,Born outside the UK: Resident 5 years or more and less than 10 years,1,1,0,1,0,0,0
S01012630,Born outside the UK: Resident 10 years or more,9,8,5,3,1,0,1
S01012631,All people in households,931,505,144,361,426,370,56
S01012631,Born in the UK,909,495,141,354,414,365,49
S01012631,Born outside the UK: Total,22,10,3,7,12,5,7
S01012631,Born outside the UK: Resident less than 2 years,2,0,0,0,2,0,2
S01012631,Born outside the UK: Resident 2 years or more and less than 5 years,2,0,0,0,2,0,2
S01012631,Born outside the UK: Resident 5 years or more and less than 10 years,6,0,0,0,6,3,3
S01012631,Born outside the UK: Resident 10 years or more,12,10,3,7,2,2,0
S01012632,All people in households,726,622,301,321,104,24,80
S01012632,Born in the UK,700,600,292,308,100,22,78
S01012632,Born outside the UK: Total,26,22,9,13,4,2,2
S01012632,Born outside the UK: Resident less than 2 years,1,1,0,1,0,0,0
S01012632,Born outside the UK: Resident 2 years or more and less than 5 years,5,4,3,1,1,0,1
S01012632,Born outside the UK: Resident 5 years or more and less than 10 years,1,1,0,1,0,0,0
S01012632,Born outside the UK: Resident 10 years or more,19,16,6,10,3,2,1
S01012633,All people in households,679,536,259,277,143,86,57
S01012633,Born in the UK,659,521,251,270,138,85,53
S01012633,Born outside the UK: Total,20,15,8,7,5,1,4
S01012633,Born outside the UK: Resident less than 2 years,0,0,0,0,0,0,0
S01012633,Born outside the UK: Resident 2 years or more and less than 5 years,1,1,0,1,0,0,0
S01012633,Born outside the UK: Resident 5 years or more and less than 10 years,1,0,0,0,1,1,0
S01012633,Born outside the UK: Resident 10 years or more,18,14,8,6,4,0,4
S01012634,All people in households,685,465,216,249,220,182,38
S01012634,Born in the UK,660,446,210,236,214,180,34
S01012634,Born outside the UK: Total,25,19,6,13,6,2,4
S01012634,Born outside the UK: Resident less than 2 years,2,0,0,0,2,0,2
S01012634,Born outside the UK: Resident 2 years or more and less than 5 years,2,1,1,0,1,0,1
S01012634,Born outside the UK: Resident 5 years or more and less than 10 years,1,1,0,1,0,0,0
S01012634,Born outside the UK: Resident 10 years or more,20,17,5,12,3,2,1
S01012635,All people in households,1077,868,333,535,209,150,59
S01012635,Born in the UK,1060,856,328,528,204,146,58
S01012635,Born outside the UK: Total,17,12,5,7,5,4,1
S01012635,Born outside the UK: Resident less than 2 years,0,0,0,0,0,0,0
S01012635,Born outside the UK: Resident 2 years or more and less than 5 years,2,2,1,1,0,0,0
S01012635,Born outside the UK: Resident 5 years or more and less than 10 years,3,2,0,2,1,1,0
S01012635,Born outside the UK: Resident 10 years or more,12,8,4,4,4,3,1
S01012636,All people in households,613,505,176,329,108,54,54
S01012636,Born in the UK,591,493,172,321,98,54,44
S01012636,Born outside the UK: Total,22,12,4,8,10,0,10
S01012636,Born outside the UK: Resident less than 2 years,2,0,0,0,2,0,2
S01012636,Born outside the UK: Resident 2 years or more and less than 5 years,3,0,0,0,3,0,3
S01012636,Born outside the UK: Resident 5 years or more and less than 10 years,2,2,2,0,0,0,0
S01012636,Born outside the UK: Resident 10 years or more,15,10,2,8,5,0,5
S01012637,All people in households,848,367,113,254,481,429,52
S01012637,Born in the UK,835,364,112,252,471,422,49
S01012637,Born outside the UK: Total,13,3,1,2,10,7,3
S01012637,Born outside the UK: Resident less than 2 years,2,0,0,0,2,1,1
S01012637,Born outside the UK: Resident 2 years or more and less than 5 years,3,0,0,0,3,2,1
S01012637,Born outside the UK: Resident 5 years or more and less than 10 years,1,0,0,0,1,1,0
S01012637,Born outside the UK: Resident 10 years or more,7,3,1,2,4,3,1
S01012638,All people in households,865,559,230,329,306,191,115
S01012638,Born in the UK,847,548,227,321,299,188,111
S01012638,Born outside the UK: Total,18,11,3,8,7,3,4
S01012638,Born outside the UK: Resident less than 2 years,5,2,0,2,3,0,3
S01012638,Born outside the UK: Resident 2 years or more and less than 5 years,1,0,0,0,1,0,1
S01012638,Born outside the UK: Resident 5 years or more and less than 10 years,1,0,0,0,1,1,0
S01012638,Born outside the UK: Resident 10 years or more,11,9,3,6,2,2,0
S01012639,All people in households,844,548,174,374,296,260,36
S01012639,Born in the UK,833,538,169,369,295,259,36
S01012639,Born outside the UK: Total,11,10,5,5,1,1,0
S01012639,Born outside the UK: Resident less than 2 years,0,0,0,0,0,0,0
S01012639,Born outside the UK: Resident 2 years or more and less than 5 years,4,4,3,1,0,0,0
S01012639,Born outside the UK: Resident 5 years or more and less than 10 years,0,0,0,0,0,0,0
S01012639,Born outside the UK: Resident 10 years or more,7,6,2,4,1,1,0
S01012640,All people in households,942,376,151,225,566,511,55
S01012640,Born in the UK,913,369,150,219,544,493,51
S01012640,Born outside the UK: Total,29,7,1,6,22,18,4
S01012640,Born outside the UK: Resident less than 2 years,0,0,0,0,0,0,0
S01012640,Born outside the UK: Resident 2 years or more and less than 5 years,9,1,0,1,8,6,2
S01012640,Born outside the UK: Resident 5 years or more and less than 10 years,8,1,0,1,7,5,2
S01012640,Born outside the UK: Resident 10 years or more,12,5,1,4,7,7,0
S01012641,All people in households,987,590,260,330,397,257,140
S01012641,Born in the UK,959,573,251,322,386,254,132
S01012641,Born outside the UK: Total,28,17,9,8,11,3,8
S01012641,Born outside the UK: Resident less than 2 years,2,0,0,0,2,0,2
S01012641,Born outside the UK: Resident 2 years or more and less than 5 years,3,0,0,0,3,1,2
S01012641,Born outside the UK: Resident 5 years or more and less than 10 years,5,3,0,3,2,2,0
S01012641,Born outside the UK: Resident 10 years or more,18,14,9,5,4,0,4
S01012642,All people in households,804,303,124,179,501,439,62
S01012642,Born in the UK,771,296,118,178,475,428,47
S01012642,Born outside the UK: Total,33,7,6,1,26,11,15
S01012642,Born outside the UK: Resident less than 2 years,0,0,0,0,0,0,0
S01012642,Born outside the UK: Resident 2 years or more and less than 5 years,10,0,0,0,10,6,4
S01012642,Born outside the UK: Resident 5 years or more and less than 10 years,12,0,0,0,12,1,11
S01012642,Born outside the UK: Resident 10 years or more,11,7,6,1,4,4,0
S01012643,All people in households,470,291,110,181,179,130,49
S01012643,Born in the UK,460,284,106,178,176,128,48
S01012643,Born outside the UK: Total,10,7,4,3,3,2,1
S01012643,Born outside the UK: Resident less than 2 years,0,0,0,0,0,0,0
S01012643,Born outside the UK: Resident 2 years or more and less than 5 years,0,0,0,0,0,0,0
S01012643,Born outside the UK: Resident 5 years or more and less than 10 years,1,1,0,1,0,0,0
S01012643,Born outside the UK: Resident 10 years or more,9,6,4,2,3,2,1
S01012644,All people in households,708,411,129,282,297,244,53
S01012644,Born in the UK,676,393,125,268,283,235,48
S01012644,Born outside the UK: Total,32,18,4,14,14,9,5
S01012644,Born outside the UK: Resident less than 2 years,2,1,0,1,1,1,0
S01012644,Born outside the UK: Resident 2 years or more and less than 5 years,8,2,0,2,6,2,4
S01012644,Born outside the UK: Resident 5 years or more and less than 10 years,16,9,2,7,7,6,1
S01012644,Born outside the UK: Resident 10 years or more,6,6,2,4,0,0,0
S01012645,All people in households,781,547,193,354,234,136,98
S01012645,Born in the UK,755,532,190,342,223,130,93
S01012645,Born outside the UK: Total,26,15,3,12,11,6,5
S01012645,Born outside the UK: Resident less than 2 years,2,0,0,0,2,0,2
S01012645,Born outside the UK: Resident 2 years or more and less than 5 years,8,1,0,1,7,5,2
S01012645,Born outside the UK: Resident 5 years or more and less than 10 years,0,0,0,0,0,0,0
S01012645,Born outside the UK: Resident 10 years or more,16,14,3,11,2,1,1
S01012646,All people in households,972,812,237,575,160,87,73
S01012646,Born in the UK,945,792,229,563,153,85,68
S01012646,Born outside the UK: Total,27,20,8,12,7,2,5
S01012646,Born outside the UK: Resident less than 2 years,0,0,0,0,0,0,0
S01012646,Born outside the UK: Resident 2 years or more and less than 5 years,3,1,0,1,2,0,2
S01012646,Born outside the UK: Resident 5 years or more and less than 10 years,5,4,1,3,1,1,0
S01012646,Born outside the UK: Resident 10 years or more,19,15,7,8,4,1,3
S01012647,All people in households,733,639,60,579,94,14,80
S01012647,Born in the UK,709,618,57,561,91,14,77
S01012647,Born outside the UK: Total,24,21,3,18,3,0,3
S01012647,Born outside the UK: Resident less than 2 years,0,0,0,0,0,0,0
S01012647,Born outside the UK: Resident 2 years or more and less than 5 years,1,0,0,0,1,0,1
S01012647,Born outside the UK: Resident 5 years or more and less than 10 years,7,7,0,7,0,0,0
S01012647,Born outside the UK: Resident 10 years or more,16,14,3,11,2,0,2
S01012648,All people in households,554,293,95,198,261,218,43
S01012648,Born in the UK,544,287,94,193,257,216,41
S01012648,Born outside the UK: Total,10,6,1,5,4,2,2
S01012648,Born outside the UK: Resident less than 2 years,0,0,0,0,0,0,0
S01012648,Born outside the UK: Resident 2 years or more and less than 5 years,1,1,0,1,0,0,0
S01012648,Born outside the UK: Resident 5 years or more and less than 10 years,2,0,0,0,2,0,2
S01012648,Born outside the UK: Resident 10 years or more,7,5,1,4,2,2,0
S01012649,All people in households,641,447,192,255,194,170,24
S01012649,Born in the UK,617,440,188,252,177,154,23
S01012649,Born outside the UK: Total,24,7,4,3,17,16,1
S01012649,Born outside the UK: Resident less than 2 years,0,0,0,0,0,0,0
S01012649,Born outside the UK: Resident 2 years or more and less than 5 years,4,0,0,0,4,4,0
S01012649,Born outside the UK: Resident 5 years or more and less than 10 years,11,5,3,2,6,6,0
S01012649,Born outside the UK: Resident 10 years or more,9,2,1,1,7,6,1
S01012650,All people in households,587,488,171,317,99,53,46
S01012650,Born in the UK,578,481,171,310,97,53,44
S01012650,Born outside the UK: Total,9,7,0,7,2,0,2
S01012650,Born outside the UK: Resident less than 2 years,0,0,0,0,0,0,0
S01012650,Born outside the UK: Resident 2 years or more and less than 5 years,1,1,0,1,0,0,0
S01012650,Born outside the UK: Resident 5 years or more and less than 10 years,0,0,0,0,0,0,0
S01012650,Born outside the UK: Resident 10 years or more,8,6,0,6,2,0,2
S01012651,All people in households,649,288,92,196,361,328,33
S01012651,Born in the UK,638,283,90,193,355,323,32
S01012651,Born outside the UK: Total,11,5,2,3,6,5,1
S01012651,Born outside the UK: Resident less than 2 years,1,0,0,0,1,1,0
S01012651,Born outside the UK: Resident 2 years or more and less than 5 years,0,0,0,0,0,0,0
S01012651,Born outside the UK: Resident 5 years or more and less than 10 years,0,0,0,0,0,0,0
S01012651,Born outside the UK: Resident 10 years or more,10,5,2,3,5,4,1
S01012652,All people in households,1045,967,347,620,78,20,58
S01012652,Born in the UK,1018,943,342,601,75,20,55
S01012652,Born outside the UK: Total,27,24,5,19,3,0,3
S01012652,Born outside the UK: Resident less than 2 years,3,1,0,1,2,0,2
S01012652,Born outside the UK: Resident 2 years or more and less than 5 years,1,1,0,1,0,0,0
S01012652,Born outside the UK: Resident 5 years or more and less than 10 years,8,7,0,7,1,0,1
S01012652,Born outside the UK: Resident 10 years or more,15,15,5,10,0,0,0
S01012653,All people in households,885,525,172,353,360,303,57
S01012653,Born in the UK,871,515,168,347,356,301,55
S01012653,Born outside the UK: Total,14,10,4,6,4,2,2
S01012653,Born outside the UK: Resident less than 2 years,2,0,0,0,2,0,2
S01012653,Born outside the UK: Resident 2 years or more and less than 5 years,1,1,0,1,0,0,0
S01012653,Born outside the UK: Resident 5 years or more and less than 10 years,2,2,0,2,0,0,0
S01012653,Born outside the UK: Resident 10 years or more,9,7,4,3,2,2,0
S01012654,All people in households,767,626,204,422,141,35,106
S01012654,Born in the UK,746,610,201,409,136,35,101
S01012654,Born outside the UK: Total,21,16,3,13,5,0,5
S01012654,Born outside the UK: Resident less than 2 years,0,0,0,0,0,0,0
S01012654,Born outside the UK: Resident 2 years or more and less than 5 years,2,2,0,2,0,0,0
S01012654,Born outside the UK: Resident 5 years or more and less than 10 years,5,4,0,4,1,0,1
S01012654,Born outside the UK: Resident 10 years or more,14,10,3,7,4,0,4
S01012655,All people in households,1032,744,256,488,288,245,43
S01012655,Born in the UK,1016,734,254,480,282,242,40
S01012655,Born outside the UK: Total,16,10,2,8,6,3,3
S01012655,Born outside the UK: Resident less than 2 years,0,0,0,0,0,0,0
S01012655,Born outside the UK: Resident 2 years or more and less than 5 years,3,1,0,1,2,2,0
S01012655,Born outside the UK: Resident 5 years or more and less than 10 years,3,1,0,1,2,0,2
S01012655,Born outside the UK: Resident 10 years or more,10,8,2,6,2,1,1
S01012656,All people in households,821,515,164,351,306,258,48
S01012656,Born in the UK,815,512,163,349,303,256,47
S01012656,Born outside the UK: Total,6,3,1,2,3,2,1
S01012656,Born outside the UK: Resident less than 2 years,0,0,0,0,0,0,0
S01012656,Born outside the UK: Resident 2 years or more and less than 5 years,0,0,0,0,0,0,0
S01012656,Born outside the UK: Resident 5 years or more and less than 10 years,1,0,0,0,1,1,0
S01012656,Born outside the UK: Resident 10 years or more,5,3,1,2,2,1,1
S01012657,All people in households,542,361,137,224,181,97,84
S01012657,Born in the UK,531,357,136,221,174,95,79
S01012657,Born outside the UK: Total,11,4,1,3,7,2,5
S01012657,Born outside the UK: Resident less than 2 years,0,0,0,0,0,0,0
S01012657,Born outside the UK: Resident 2 years or more and less than 5 years,4,2,0,2,2,0,2
S01012657,Born outside the UK: Resident 5 years or more and less than 10 years,1,0,0,0,1,0,1
S01012657,Born outside the UK: Resident 10 years or more,6,2,1,1,4,2,2
S01012658,All people in households,938,865,386,479,73,24,49
S01012658,Born in the UK,918,851,381,470,67,24,43
S01012658,Born outside the UK: Total,20,14,5,9,6,0,6
S01012658,Born outside the UK: Resident less than 2 years,3,0,0,0,3,0,3
S01012658,Born outside the UK: Resident 2 years or more and less than 5 years,0,0,0,0,0,0,0
S01012658,Born outside the UK: Resident 5 years or more and less than 10 years,1,0,0,0,1,0,1
S01012658,Born outside the UK: Resident 10 years or more,16,14,5,9,2,0,2
S01012659,All people in households,1066,1009,163,846,57,19,38
S01012659,Born in the UK,1040,987,161,826,53,18,35
S01012659,Born outside the UK: Total,26,22,2,20,4,1,3
S01012659,Born outside the UK: Resident less than 2 years,0,0,0,0,0,0,0
S01012659,Born outside the UK: Resident 2 years or more and less than 5 years,8,5,0,5,3,0,3
S01012659,Born outside the UK: Resident 5 years or more and less than 10 years,1,1,0,1,0,0,0
S01012659,Born outside the UK: Resident 10 years or more,17,16,2,14,1,1,0
S01012660,All people in households,715,459,135,324,256,225,31
S01012660,Born in the UK,698,447,131,316,251,223,28
S01012660,Born outside the UK: Total,17,12,4,8,5,2,3
S01012660,Born outside the UK: Resident less than 2 years,2,1,1,0,1,0,1
S01012660,Born outside the UK: Resident 2 years or more and less than 5 years,5,2,0,2,3,1,2
S01012660,Born outside the UK: Resident 5 years or more and less than 10 years,3,3,1,2,0,0,0
S01012660,Born outside the UK: Resident 10 years or more,7,6,2,4,1,1,0
S01012661,All people in households,739,614,216,398,125,46,79
S01012661,Born in the UK,724,608,214,394,116,45,71
S01012661,Born outside the UK: Total,15,6,2,4,9,1,8
S01012661,Born outside the UK: Resident less than 2 years,2,2,2,0,0,0,0
S01012661,Born outside the UK: Resident 2 years or more and less than 5 years,6,0,0,0,6,1,5
S01012661,Born outside the UK: Resident 5 years or more and less than 10 years,3,2,0,2,1,0,1
S01012661,Born outside the UK: Resident 10 years or more,4,2,0,2,2,0,2
S01012662,All people in households,732,456,195,261,276,202,74
S01012662,Born in the UK,724,452,195,257,272,200,72
S01012662,Born outside the UK: Total,8,4,0,4,4,2,2
S01012662,Born outside the UK: Resident less than 2 years,0,0,0,0,0,0,0
S01012662,Born outside the UK: Resident 2 years or more and less than 5 years,1,1,0,1,0,0,0
S01012662,Born outside the UK: Resident 5 years or more and less than 10 years,0,0,0,0,0,0,0
S01012662,Born outside the UK: Resident 10 years or more,7,3,0,3,4,2,2
S01012663,All people in households,691,615,285,330,76,14,62
S01012663,Born in the UK,684,610,284,326,74,14,60
S01012663,Born outside the UK: Total,7,5,1,4,2,0,2
S01012663,Born outside the UK: Resident less than 2 years,0,0,0,0,0,0,0
S01012663,Born outside the UK: Resident 2 years or more and less than 5 years,0,0,0,0,0,0,0
S01012663,Born outside the UK: Resident 5 years or more and less than 10 years,0,0,0,0,0,0,0
S01012663,Born outside the UK: Resident 10 years or more,7,5,1,4,2,0,2
S01012664,All people in households,900,694,255,439,206,90,116
S01012664,Born in the UK,883,686,252,434,197,88,109
S01012664,Born outside the UK: Total,17,8,3,5,9,2,7
S01012664,Born outside the UK: Resident less than 2 years,1,0,0,0,1,0,1
S01012664,Born outside the UK: Resident 2 years or more and less than 5 years,2,0,0,0,2,0,2
S01012664,Born outside the UK: Resident 5 years or more and less than 10 years,4,1,0,1,3,0,3
S01012664,Born outside the UK: Resident 10 years or more,10,7,3,4,3,2,1
S01012665,All people in households,717,328,112,216,389,340,49
S01012665,Born in the UK,711,326,110,216,385,336,49
S01012665,Born outside the UK: Total,6,2,2,0,4,4,0
S01012665,Born outside the UK: Resident less than 2 years,0,0,0,0,0,0,0
S01012665,Born outside the UK: Resident 2 years or more and less than 5 years,0,0,0,0,0,0,0
S01012665,Born outside the UK: Resident 5 years or more and less than 10 years,0,0,0,0,0,0,0
S01012665,Born outside the UK: Resident 10 years or more,6,2,2,0,4,4,0
S01012666,All people in households,650,355,132,223,295,247,48
S01012666,Born in the UK,646,352,131,221,294,247,47
S01012666,Born outside the UK: Total,4,3,1,2,1,0,1
S01012666,Born outside the UK: Resident less than 2 years,0,0,0,0,0,0,0
S01012666,Born outside the UK: Resident 2 years or more and less than 5 years,0,0,0,0,0,0,0
S01012666,Born outside the UK: Resident 5 years or more and less than 10 years,0,0,0,0,0,0,0
S01012666,Born outside the UK: Resident 10 years or more,4,3,1,2,1,0,1
S01012667,All people in households,580,285,138,147,295,275,20
S01012667,Born in the UK,568,283,136,147,285,267,18
S01012667,Born outside the UK: Total,12,2,2,0,10,8,2
S01012667,Born outside the UK: Resident less than 2 years,1,0,0,0,1,1,0
S01012667,Born outside the UK: Resident 2 years or more and less than 5 years,0,0,0,0,0,0,0
S01012667,Born outside the UK: Resident 5 years or more and less than 10 years,5,0,0,0,5,3,2
S01012667,Born outside the UK: Resident 10 years or more,6,2,2,0,4,4,0
S01012668,All people in households,761,470,156,314,291,212,79
S01012668,Born in the UK,746,461,152,309,285,210,75
S01012668,Born outside the UK: Total,15,9,4,5,6,2,4
S01012668,Born outside the UK: Resident less than 2 years,3,3,3,0,0,0,0
S01012668,Born outside the UK: Resident 2 years or more and less than 5 years,1,1,1,0,0,0,0
S01012668,Born outside the UK: Resident 5 years or more and less than 10 years,4,0,0,0,4,0,4
S01012668,Born outside the UK: Resident 10 years or more,7,5,0,5,2,2,0
S01012669,All people in households,722,699,286,413,23,9,14
S01012669,Born in the UK,711,692,283,409,19,9,10
S01012669,Born outside the UK: Total,11,7,3,4,4,0,4
S01012669,Born outside the UK: Resident less than 2 years,0,0,0,0,0,0,0
S01012669,Born outside the UK: Resident 2 years or more and less than 5 years,3,1,1,0,2,0,2
S01012669,Born outside the UK: Resident 5 years or more and less than 10 years,4,3,0,3,1,0,1
S01012669,Born outside the UK: Resident 10 years or more,4,3,2,1,1,0,1
S01012670,All people in households,696,664,305,359,32,9,23
S01012670,Born in the UK,688,657,304,353,31,9,22
S01012670,Born outside the UK: Total,8,7,1,6,1,0,1
S01012670,Born outside the UK: Resident less than 2 years,0,0,0,0,0,0,0
S01012670,Born outside the UK: Resident 2 years or more and less than 5 years,1,0,0,0,1,0,1
S01012670,Born outside the UK: Resident 5 years or more and less than 10 years,0,0,0,0,0,0,0
S01012670,Born outside the UK: Resident 10 years or more,7,7,1,6,0,0,0
S01012671,All people in households,898,611,198,413,287,233,54
S01012671,Born in the UK,884,604,195,409,280,230,50
S01012671,Born outside the UK: Total,14,7,3,4,7,3,4
S01012671,Born outside the UK: Resident less than 2 years,0,0,0,0,0,0,0
S01012671,Born outside the UK: Resident 2 years or more and less than 5 years,0,0,0,0,0,0,0
S01012671,Born outside the UK: Resident 5 years or more and less than 10 years,3,0,0,0,3,0,3
S01012671,Born outside the UK: Resident 10 years or more,11,7,3,4,4,3,1
S01012672,All people in households,722,275,73,202,447,414,33
S01012672,Born in the UK,717,272,73,199,445,414,31
S01012672,Born outside the UK: Total,5,3,0,3,2,0,2
S01012672,Born outside the UK: Resident less than 2 years,0,0,0,0,0,0,0
S01012672,Born outside the UK: Resident 2 years or more and less than 5 years,2,1,0,1,1,0,1
S01012672,Born outside the UK: Resident 5 years or more and less than 10 years,1,1,0,1,0,0,0
S01012672,Born outside the UK: Resident 10 years or more,2,1,0,1,1,0,1
S01012673,All people in households,582,239,69,170,343,297,46
S01012673,Born in the UK,576,236,69,167,340,295,45
S01012673,Born outside the UK: Total,6,3,0,3,3,2,1
S01012673,Born outside the UK: Resident less than 2 years,0,0,0,0,0,0,0
S01012673,Born outside the UK: Resident 2 years or more and less than 5 years,1,0,0,0,1,1,0
S01012673,Born outside the UK: Resident 5 years or more and less than 10 years,0,0,0,0,0,0,0
S01012673,Born outside the UK: Resident 10 years or more,5,3,0,3,2,1,1
S01012674,All people in households,582,267,71,196,315,270,45
S01012674,Born in the UK,574,264,71,193,310,270,40
S01012674,Born outside the UK: Total,8,3,0,3,5,0,5
S01012674,Born outside the UK: Resident less than 2 years,0,0,0,0,0,0,0
S01012674,Born outside the UK: Resident 2 years or more and less than 5 years,4,1,0,1,3,0,3
S01012674,Born outside the UK: Resident 5 years or more and less than 10 years,1,0,0,0,1,0,1
S01012674,Born outside the UK: Resident 10 years or more,3,2,0,2,1,0,1
S01012675,All people in households,766,395,91,304,371,317,54
S01012675,Born in the UK,751,388,89,299,363,314,49
S01012675,Born outside the UK: Total,15,7,2,5,8,3,5
S01012675,Born outside the UK: Resident less than 2 years,0,0,0,0,0,0,0
S01012675,Born outside the UK: Resident 2 years or more and less than 5 years,5,2,0,2,3,1,2
S01012675,Born outside the UK: Resident 5 years or more and less than 10 years,3,1,0,1,2,1,1
S01012675,Born outside the UK: Resident 10 years or more,7,4,2,2,3,1,2
S01012676,All people in households,835,577,143,434,258,161,97
S01012676,Born in the UK,818,569,139,430,249,158,91
S01012676,Born outside the UK: Total,17,8,4,4,9,3,6
S01012676,Born outside the UK: Resident less than 2 years,7,0,0,0,7,1,6
S01012676,Born outside the UK: Resident 2 years or more and less than 5 years,0,0,0,0,0,0,0
S01012676,Born outside the UK: Resident 5 years or more and less than 10 years,5,4,1,3,1,1,0
S01012676,Born outside the UK: Resident 10 years or more,5,4,3,1,1,1,0
S01012677,All people in households,583,323,109,214,260,208,52
S01012677,Born in the UK,574,320,109,211,254,207,47
S01012677,Born outside the UK: Total,9,3,0,3,6,1,5
S01012677,Born outside the UK: Resident less than 2 years,0,0,0,0,0,0,0
S01012677,Born outside the UK: Resident 2 years or more and less than 5 years,4,0,0,0,4,0,4
S01012677,Born outside the UK: Resident 5 years or more and less than 10 years,0,0,0,0,0,0,0
S01012677,Born outside the UK: Resident 10 years or more,5,3,0,3,2,1,1
S01012678,All people in households,711,667,192,475,44,6,38
S01012678,Born in the UK,706,662,191,471,44,6,38
S01012678,Born outside the UK: Total,5,5,1,4,0,0,0
S01012678,Born outside the UK: Resident less than 2 years,1,1,0,1,0,0,0
S01012678,Born outside the UK: Resident 2 years or more and less than 5 years,0,0,0,0,0,0,0
S01012678,Born outside the UK: Resident 5 years or more and less than 10 years,1,1,1,0,0,0,0
S01012678,Born outside the UK: Resident 10 years or more,3,3,0,3,0,0,0
S01012679,All people in households,791,560,166,394,231,205,26
S01012679,Born in the UK,768,541,160,381,227,204,23
S01012679,Born outside the UK: Total,23,19,6,13,4,1,3
S01012679,Born outside the UK: Resident less than 2 years,0,0,0,0,0,0,0
S01012679,Born outside the UK: Resident 2 years or more and less than 5 years,3,2,1,1,1,0,1
S01012679,Born outside the UK: Resident 5 years or more and less than 10 years,4,2,1,1,2,0,2
S01012679,Born outside the UK: Resident 10 years or more,16,15,4,11,1,1,0
S01012680,All people in households,557,512,132,380,45,14,31
S01012680,Born in the UK,549,505,131,374,44,13,31
S01012680,Born outside the UK: Total,8,7,1,6,1,1,0
S01012680,Born outside the UK: Resident less than 2 years,0,0,0,0,0,0,0
S01012680,Born outside the UK: Resident 2 years or more and less than 5 years,0,0,0,0,0,0,0
S01012680,Born outside the UK: Resident 5 years or more and less than 10 years,0,0,0,0,0,0,0
S01012680,Born outside the UK: Resident 10 years or more,8,7,1,6,1,1,0
S01012681,All people in households,705,542,228,314,163,61,102
S01012681,Born in the UK,688,531,219,312,157,61,96
S01012681,Born outside the UK: Total,17,11,9,2,6,0,6
S01012681,Born outside the UK: Resident less than 2 years,2,0,0,0,2,0,2
S01012681,Born outside the UK: Resident 2 years or more and less than 5 years,2,0,0,0,2,0,2
S01012681,Born outside the UK: Resident 5 years or more and less than 10 years,0,0,0,0,0,0,0
S01012681,Born outside the UK: Resident 10 years or more,13,11,9,2,2,0,2
S01012682,All people in households,691,572,220,352,119,55,64
S01012682,Born in the UK,680,563,219,344,117,53,64
S01012682,Born outside the UK: Total,11,9,1,8,2,2,0
S01012682,Born outside the UK: Resident less than 2 years,0,0,0,0,0,0,0
S01012682,Born outside the UK: Resident 2 years or more and less than 5 years,0,0,0,0,0,0,0
S01012682,Born outside the UK: Resident 5 years or more and less than 10 years,1,1,0,1,0,0,0
S01012682,Born outside the UK: Resident 10 years or more,10,8,1,7,2,2,0
S01012683,All people in households,749,479,165,314,270,231,39
S01012683,Born in the UK,743,474,165,309,269,230,39
S01012683,Born outside the UK: Total,6,5,0,5,1,1,0
S01012683,Born outside the UK: Resident less than 2 years,0,0,0,0,0,0,0
S01012683,Born outside the UK: Resident 2 years or more and less than 5 years,2,2,0,2,0,0,0
S01012683,Born outside the UK: Resident 5 years or more and less than 10 years,1,1,0,1,0,0,0
S01012683,Born outside the UK: Resident 10 years or more,3,2,0,2,1,1,0
S01012684,All people in households,528,462,121,341,66,18,48
S01012684,Born in the UK,521,457,121,336,64,17,47
S01012684,Born outside the UK: Total,7,5,0,5,2,1,1
S01012684,Born outside the UK: Resident less than 2 years,0,0,0,0,0,0,0
S01012684,Born outside the UK: Resident 2 years or more and less than 5 years,1,1,0,1,0,0,0
S01012684,Born outside the UK: Resident 5 years or more and less than 10 years,1,1,0,1,0,0,0
S01012684,Born outside the UK: Resident 10 years or more,5,3,0,3,2,1,1
S01012685,All people in households,779,535,113,422,244,218,26
S01012685,Born in the UK,768,525,110,415,243,217,26
S01012685,Born outside the UK: Total,11,10,3,7,1,1,0
S01012685,Born outside the UK: Resident less than 2 years,0,0,0,0,0,0,0
S01012685,Born outside the UK: Resident 2 years or more and less than 5 years,2,2,0,2,0,0,0
S01012685,Born outside the UK: Resident 5 years or more and less than 10 years,1,1,0,1,0,0,0
S01012685,Born outside the UK: Resident 10 years or more,8,7,3,4,1,1,0
S01012686,All people in households,941,790,292,498,151,22,129
S01012686,Born in the UK,907,772,282,490,135,19,116
S01012686,Born outside the UK: Total,34,18,10,8,16,3,13
S01012686,Born outside the UK: Resident less than 2 years,3,1,0,1,2,0,2
S01012686,Born outside the UK: Resident 2 years or more and less than 5 years,4,0,0,0,4,3,1
S01012686,Born outside the UK: Resident 5 years or more and less than 10 years,3,0,0,0,3,0,3
S01012686,Born outside the UK: Resident 10 years or more,24,17,10,7,7,0,7
S01012687,All people in households,538,525,292,233,13,3,10
S01012687,Born in the UK,529,516,285,231,13,3,10
S01012687,Born outside the UK: Total,9,9,7,2,0,0,0
S01012687,Born outside the UK: Resident less than 2 years,0,0,0,0,0,0,0
S01012687,Born outside the UK: Resident 2 years or more and less than 5 years,1,1,0,1,0,0,0
S01012687,Born outside the UK: Resident 5 years or more and less than 10 years,0,0,0,0,0,0,0
S01012687,Born outside the UK: Resident 10 years or more,8,8,7,1,0,0,0
S01012688,All people in households,791,557,242,315,234,54,180
S01012688,Born in the UK,747,528,228,300,219,53,166
S01012688,Born outside the UK: Total,44,29,14,15,15,1,14
S01012688,Born outside the UK: Resident less than 2 years,4,3,1,2,1,0,1
S01012688,Born outside the UK: Resident 2 years or more and less than 5 years,6,0,0,0,6,1,5
S01012688,Born outside the UK: Resident 5 years or more and less than 10 years,6,1,0,1,5,0,5
S01012688,Born outside the UK: Resident 10 years or more,28,25,13,12,3,0,3
S01012689,All people in households,481,428,177,251,53,23,30
S01012689,Born in the UK,474,421,174,247,53,23,30
S01012689,Born outside the UK: Total,7,7,3,4,0,0,0
S01012689,Born outside the UK: Resident less than 2 years,0,0,0,0,0,0,0
S01012689,Born outside the UK: Resident 2 years or more and less than 5 years,0,0,0,0,0,0,0
S01012689,Born outside the UK: Resident 5 years or more and less than 10 years,0,0,0,0,0,0,0
S01012689,Born outside the UK: Resident 10 years or more,7,7,3,4,0,0,0
S01012690,All people in households,532,457,147,310,75,41,34
S01012690,Born in the UK,520,446,142,304,74,40,34
S01012690,Born outside the UK: Total,12,11,5,6,1,1,0
S01012690,Born outside the UK: Resident less than 2 years,0,0,0,0,0,0,0
S01012690,Born outside the UK: Resident 2 years or more and less than 5 years,0,0,0,0,0,0,0
S01012690,Born outside the UK: Resident 5 years or more and less than 10 years,0,0,0,0,0,0,0
S01012690,Born outside the UK: Resident 10 years or more,12,11,5,6,1,1,0
S01012691,All people in households,766,716,250,466,50,5,45
S01012691,Born in the UK,734,693,246,447,41,3,38
S01012691,Born outside the UK: Total,32,23,4,19,9,2,7
S01012691,Born outside the UK: Resident less than 2 years,0,0,0,0,0,0,0
S01012691,Born outside the UK: Resident 2 years or more and less than 5 years,1,1,0,1,0,0,0
S01012691,Born outside the UK: Resident 5 years or more and less than 10 years,8,3,0,3,5,1,4
S01012691,Born outside the UK: Resident 10 years or more,23,19,4,15,4,1,3
S01012692,All people in households,736,562,197,365,174,133,41
S01012692,Born in the UK,720,551,193,358,169,133,36
S01012692,Born outside the UK: Total,16,11,4,7,5,0,5
S01012692,Born outside the UK: Resident less than 2 years,0,0,0,0,0,0,0
S01012692,Born outside the UK: Resident 2 years or more and less than 5 years,0,0,0,0,0,0,0
S01012692,Born outside the UK: Resident 5 years or more and less than 10 years,5,2,0,2,3,0,3
S01012692,Born outside the UK: Resident 10 years or more,11,9,4,5,2,0,2
S01012693,All people in households,905,872,309,563,33,16,17
S01012693,Born in the UK,875,845,301,544,30,14,16
S01012693,Born outside the UK: Total,30,27,8,19,3,2,1
S01012693,Born outside the UK: Resident less than 2 years,0,0,0,0,0,0,0
S01012693,Born outside the UK: Resident 2 years or more and less than 5 years,1,0,0,0,1,1,0
S01012693,Born outside the UK: Resident 5 years or more and less than 10 years,9,8,2,6,1,1,0
S01012693,Born outside the UK: Resident 10 years or more,20,19,6,13,1,0,1
S01012694,All people in households,476,377,98,279,99,65,34
S01012694,Born in the UK,460,365,97,268,95,63,32
S01012694,Born outside the UK: Total,16,12,1,11,4,2,2
S01012694,Born outside the UK: Resident less than 2 years,0,0,0,0,0,0,0
S01012694,Born outside the UK: Resident 2 years or more and less than 5 years,3,1,0,1,2,0,2
S01012694,Born outside the UK: Resident 5 years or more and less than 10 years,7,7,1,6,0,0,0
S01012694,Born outside the UK: Resident 10 years or more,6,4,0,4,2,2,0
S01012695,All people in households,830,669,279,390,161,74,87
S01012695,Born in the UK,809,659,274,385,150,71,79
S01012695,Born outside the UK: Total,21,10,5,5,11,3,8
S01012695,Born outside the UK: Resident less than 2 years,0,0,0,0,0,0,0
S01012695,Born outside the UK: Resident 2 years or more and less than 5 years,4,0,0,0,4,1,3
S01012695,Born outside the UK: Resident 5 years or more and less than 10 years,8,1,0,1,7,2,5
S01012695,Born outside the UK: Resident 10 years or more,9,9,5,4,0,0,0
S01012696,All people in households,689,613,290,323,76,7,69
S01012696,Born in the UK,658,596,282,314,62,7,55
S01012696,Born outside the UK: Total,31,17,8,9,14,0,14
S01012696,Born outside the UK: Resident less than 2 years,3,2,2,0,1,0,1
S01012696,Born outside the UK: Resident 2 years or more and less than 5 years,9,0,0,0,9,0,9
S01012696,Born outside the UK: Resident 5 years or more and less than 10 years,1,1,0,1,0,0,0
S01012696,Born outside the UK: Resident 10 years or more,18,14,6,8,4,0,4
S01012697,All people in households,509,436,195,241,73,20,53
S01012697,Born in the UK,489,422,188,234,67,19,48
S01012697,Born outside the UK: Total,20,14,7,7,6,1,5
S01012697,Born outside the UK: Resident less than 2 years,4,0,0,0,4,0,4
S01012697,Born outside the UK: Resident 2 years or more and less than 5 years,1,0,0,0,1,0,1
S01012697,Born outside the UK: Resident 5 years or more and less than 10 years,2,2,0,2,0,0,0
S01012697,Born outside the UK: Resident 10 years or more,13,12,7,5,1,1,0
S01012698,All people in households,748,648,249,399,100,49,51
S01012698,Born in the UK,728,634,245,389,94,47,47
S01012698,Born outside the UK: Total,20,14,4,10,6,2,4
S01012698,Born outside the UK: Resident less than 2 years,1,1,0,1,0,0,0
S01012698,Born outside the UK: Resident 2 years or more and less than 5 years,0,0,0,0,0,0,0
S01012698,Born outside the UK: Resident 5 years or more and less than 10 years,7,3,0,3,4,0,4
S01012698,Born outside the UK: Resident 10 years or more,12,10,4,6,2,2,0
S01012699,All people in households,1045,856,300,556,189,113,76
S01012699,Born in the UK,1023,845,298,547,178,112,66
S01012699,Born outside the UK: Total,22,11,2,9,11,1,10
S01012699,Born outside the UK: Resident less than 2 years,5,0,0,0,5,0,5
S01012699,Born outside the UK: Resident 2 years or more and less than 5 years,1,0,0,0,1,0,1
S01012699,Born outside the UK: Resident 5 years or more and less than 10 years,2,1,0,1,1,0,1
S01012699,Born outside the UK: Resident 10 years or more,14,10,2,8,4,1,3
S01012700,All people in households,818,676,287,389,142,69,73
S01012700,Born in the UK,790,655,280,375,135,64,71
S01012700,Born outside the UK: Total,28,21,7,14,7,5,2
S01012700,Born outside the UK: Resident less than 2 years,1,1,1,0,0,0,0
S01012700,Born outside the UK: Resident 2 years or more and less than 5 years,2,0,0,0,2,2,0
S01012700,Born outside the UK: Resident 5 years or more and less than 10 years,6,3,0,3,3,2,1
S01012700,Born outside the UK: Resident 10 years or more,19,17,6,11,2,1,1
S01012701,All people in households,551,510,264,246,41,13,28
S01012701,Born in the UK,540,499,259,240,41,13,28
S01012701,Born outside the UK: Total,11,11,5,6,0,0,0
S01012701,Born outside the UK: Resident less than 2 years,0,0,0,0,0,0,0
S01012701,Born outside the UK: Resident 2 years or more and less than 5 years,1,1,0,1,0,0,0
S01012701,Born outside the UK: Resident 5 years or more and less than 10 years,4,4,0,4,0,0,0
S01012701,Born outside the UK: Resident 10 years or more,6,6,5,1,0,0,0
S01012702,All people in households,588,458,141,317,130,37,93
S01012702,Born in the UK,573,446,137,309,127,36,91
S01012702,Born outside the UK: Total,15,12,4,8,3,1,2
S01012702,Born outside the UK: Resident less than 2 years,2,2,2,0,0,0,0
S01012702,Born outside the UK: Resident 2 years or more and less than 5 years,1,1,0,1,0,0,0
S01012702,Born outside the UK: Resident 5 years or more and less than 10 years,3,2,0,2,1,0,1
S01012702,Born outside the UK: Resident 10 years or more,9,7,2,5,2,1,1
S01012703,All people in households,606,519,69,450,87,62,25
S01012703,Born in the UK,587,505,63,442,82,62,20
S01012703,Born outside the UK: Total,19,14,6,8,5,0,5
S01012703,Born outside the UK: Resident less than 2 years,1,1,1,0,0,0,0
S01012703,Born outside the UK: Resident 2 years or more and less than 5 years,0,0,0,0,0,0,0
S01012703,Born outside the UK: Resident 5 years or more and less than 10 years,7,2,0,2,5,0,5
S01012703,Born outside the UK: Resident 10 years or more,11,11,5,6,0,0,0
S01012704,All people in households,772,494,95,399,278,240,38
S01012704,Born in the UK,763,487,93,394,276,238,38
S01012704,Born outside the UK: Total,9,7,2,5,2,2,0
S01012704,Born outside the UK: Resident less than 2 years,1,1,0,1,0,0,0
S01012704,Born outside the UK: Resident 2 years or more and less than 5 years,0,0,0,0,0,0,0
S01012704,Born outside the UK: Resident 5 years or more and less than 10 years,1,1,0,1,0,0,0
S01012704,Born outside the UK: Resident 10 years or more,7,5,2,3,2,2,0
S01012705,All people in households,780,749,138,611,31,10,21
S01012705,Born in the UK,740,714,128,586,26,9,17
S01012705,Born outside the UK: Total,40,35,10,25,5,1,4
S01012705,Born outside the UK: Resident less than 2 years,2,0,0,0,2,1,1
S01012705,Born outside the UK: Resident 2 years or more and less than 5 years,2,1,0,1,1,0,1
S01012705,Born outside the UK: Resident 5 years or more and less than 10 years,12,12,1,11,0,0,0
S01012705,Born outside the UK: Resident 10 years or more,24,22,9,13,2,0,2
S01012706,All people in households,687,458,102,356,229,191,38
S01012706,Born in the UK,677,454,101,353,223,188,35
S01012706,Born outside the UK: Total,10,4,1,3,6,3,3
S01012706,Born outside the UK: Resident less than 2 years,2,0,0,0,2,0,2
S01012706,Born outside the UK: Resident 2 years or more and less than 5 years,1,0,0,0,1,0,1
S01012706,Born outside the UK: Resident 5 years or more and less than 10 years,0,0,0,0,0,0,0
S01012706,Born outside the UK: Resident 10 years or more,7,4,1,3,3,3,0
S01012707,All people in households,898,844,302,542,54,11,43
S01012707,Born in the UK,871,828,297,531,43,11,32
S01012707,Born outside the UK: Total,27,16,5,11,11,0,11
S01012707,Born outside the UK: Resident less than 2 years,2,1,1,0,1,0,1
S01012707,Born outside the UK: Resident 2 years or more and less than 5 years,1,1,0,1,0,0,0
S01012707,Born outside the UK: Resident 5 years or more and less than 10 years,10,2,0,2,8,0,8
S01012707,Born outside the UK: Resident 10 years or more,14,12,4,8,2,0,2
S01012708,All people in households,723,452,118,334,271,221,50
S01012708,Born in the UK,708,443,115,328,265,220,45
S01012708,Born outside the UK: Total,15,9,3,6,6,1,5
S01012708,Born outside the UK: Resident less than 2 years,1,1,0,1,0,0,0
S01012708,Born outside the UK: Resident 2 years or more and less than 5 years,5,1,0,1,4,0,4
S01012708,Born outside the UK: Resident 5 years or more and less than 10 years,3,3,0,3,0,0,0
S01012708,Born outside the UK: Resident 10 years or more,6,4,3,1,2,1,1
S01012709,All people in households,506,336,132,204,170,147,23
S01012709,Born in the UK,490,326,123,203,164,145,19
S01012709,Born outside the UK: Total,16,10,9,1,6,2,4
S01012709,Born outside the UK: Resident less than 2 years,3,0,0,0,3,0,3
S01012709,Born outside the UK: Resident 2 years or more and less than 5 years,0,0,0,0,0,0,0
S01012709,Born outside the UK: Resident 5 years or more and less than 10 years,3,2,2,0,1,0,1
S01012709,Born outside the UK: Resident 10 years or more,10,8,7,1,2,2,0
S01012710,All people in households,697,406,127,279,291,237,54
S01012710,Born in the UK,680,394,125,269,286,236,50
S01012710,Born outside the UK: Total,17,12,2,10,5,1,4
S01012710,Born outside the UK: Resident less than 2 years,2,1,0,1,1,1,0
S01012710,Born outside the UK: Resident 2 years or more and less than 5 years,2,1,0,1,1,0,1
S01012710,Born outside the UK: Resident 5 years or more and less than 10 years,6,5,0,5,1,0,1
S01012710,Born outside the UK: Resident 10 years or more,7,5,2,3,2,0,2
S01012711,All people in households,768,366,141,225,402,318,84
S01012711,Born in the UK,750,359,138,221,391,309,82
S01012711,Born outside the UK: Total,18,7,3,4,11,9,2
S01012711,Born outside the UK: Resident less than 2 years,0,0,0,0,0,0,0
S01012711,Born outside the UK: Resident 2 years or more and less than 5 years,3,0,0,0,3,2,1
S01012711,Born outside the UK: Resident 5 years or more and less than 10 years,6,4,0,4,2,2,0
S01012711,Born outside the UK: Resident 10 years or more,9,3,3,0,6,5,1
S01012712,All people in households,857,802,339,463,55,18,37
S01012712,Born in the UK,827,779,334,445,48,17,31
S01012712,Born outside the UK: Total,30,23,5,18,7,1,6
S01012712,Born outside the UK: Resident less than 2 years,2,0,0,0,2,0,2
S01012712,Born outside the UK: Resident 2 years or more and less than 5 years,2,1,0,1,1,0,1
S01012712,Born outside the UK: Resident 5 years or more and less than 10 years,3,0,0,0,3,0,3
S01012712,Born outside the UK: Resident 10 years or more,23,22,5,17,1,1,0
S01012713,All people in households,727,641,307,334,86,43,43
S01012713,Born in the UK,701,621,297,324,80,39,41
S01012713,Born outside the UK: Total,26,20,10,10,6,4,2
S01012713,Born outside the UK: Resident less than 2 years,1,1,1,0,0,0,0
S01012713,Born outside the UK: Resident 2 years or more and less than 5 years,2,0,0,0,2,0,2
S01012713,Born outside the UK: Resident 5 years or more and less than 10 years,4,0,0,0,4,4,0
S01012713,Born outside the UK: Resident 10 years or more,19,19,9,10,0,0,0
S01012714,All people in households,598,572,293,279,26,11,15
S01012714,Born in the UK,583,561,287,274,22,11,11
S01012714,Born outside the UK: Total,15,11,6,5,4,0,4
S01012714,Born outside the UK: Resident less than 2 years,0,0,0,0,0,0,0
S01012714,Born outside the UK: Resident 2 years or more and less than 5 years,4,1,1,0,3,0,3
S01012714,Born outside the UK: Resident 5 years or more and less than 10 years,1,0,0,0,1,0,1
S01012714,Born outside the UK: Resident 10 years or more,10,10,5,5,0,0,0
S01012715,All people in households,696,436,166,270,260,148,112
S01012715,Born in the UK,655,421,162,259,234,143,91
S01012715,Born outside the UK: Total,41,15,4,11,26,5,21
S01012715,Born outside the UK: Resident less than 2 years,2,1,0,1,1,1,0
S01012715,Born outside the UK: Resident 2 years or more and less than 5 years,14,2,0,2,12,0,12
S01012715,Born outside the UK: Resident 5 years or more and less than 10 years,5,2,0,2,3,0,3
S01012715,Born outside the UK: Resident 10 years or more,20,10,4,6,10,4,6
S01012716,All people in households,802,688,372,316,114,38,76
S01012716,Born in the UK,764,667,361,306,97,38,59
S01012716,Born outside the UK: Total,38,21,11,10,17,0,17
S01012716,Born outside the UK: Resident less than 2 years,5,2,0,2,3,0,3
S01012716,Born outside the UK: Resident 2 years or more and less than 5 years,12,0,0,0,12,0,12
S01012716,Born outside the UK: Resident 5 years or more and less than 10 years,2,2,0,2,0,0,0
S01012716,Born outside the UK: Resident 10 years or more,19,17,11,6,2,0,2
S01012717,All people in households,945,540,270,270,405,210,195
S01012717,Born in the UK,901,526,265,261,375,208,167
S01012717,Born outside the UK: Total,44,14,5,9,30,2,28
S01012717,Born outside the UK: Resident less than 2 years,6,0,0,0,6,0,6
S01012717,Born outside the UK: Resident 2 years or more and less than 5 years,15,3,0,3,12,0,12
S01012717,Born outside the UK: Resident 5 years or more and less than 10 years,11,5,1,4,6,0,6
S01012717,Born outside the UK: Resident 10 years or more,12,6,4,2,6,2,4
S01012718,All people in households,942,687,289,398,255,71,184
S01012718,Born in the UK,879,665,283,382,214,68,146
S01012718,Born outside the UK: Total,63,22,6,16,41,3,38
S01012718,Born outside the UK: Resident less than 2 years,11,1,0,1,10,0,10
S01012718,Born outside the UK: Resident 2 years or more and less than 5 years,13,1,0,1,12,1,11
S01012718,Born outside the UK: Resident 5 years or more and less than 10 years,20,4,1,3,16,1,15
S01012718,Born outside the UK: Resident 10 years or more,19,16,5,11,3,1,2
S01012719,All people in households,771,429,161,268,342,100,242
S01012719,Born in the UK,695,400,152,248,295,96,199
S01012719,Born outside the UK: Total,76,29,9,20,47,4,43
S01012719,Born outside the UK: Resident less than 2 years,20,2,0,2,18,0,18
S01012719,Born outside the UK: Resident 2 years or more and less than 5 years,15,4,0,4,11,0,11
S01012719,Born outside the UK: Resident 5 years or more and less than 10 years,6,2,0,2,4,0,4
S01012719,Born outside the UK: Resident 10 years or more,35,21,9,12,14,4,10
S01012720,All people in households,506,288,75,213,218,27,191
S01012720,Born in the UK,455,268,72,196,187,25,162
S01012720,Born outside the UK: Total,51,20,3,17,31,2,29
S01012720,Born outside the UK: Resident less than 2 years,13,0,0,0,13,0,13
S01012720,Born outside the UK: Resident 2 years or more and less than 5 years,14,5,0,5,9,0,9
S01012720,Born outside the UK: Resident 5 years or more and less than 10 years,11,5,0,5,6,1,5
S01012720,Born outside the UK: Resident 10 years or more,13,10,3,7,3,1,2
S01012721,All people in households,644,510,177,333,134,72,62
S01012721,Born in the UK,619,501,174,327,118,69,49
S01012721,Born outside the UK: Total,25,9,3,6,16,3,13
S01012721,Born outside the UK: Resident less than 2 years,9,0,0,0,9,0,9
S01012721,Born outside the UK: Resident 2 years or more and less than 5 years,3,0,0,0,3,0,3
S01012721,Born outside the UK: Resident 5 years or more and less than 10 years,0,0,0,0,0,0,0
S01012721,Born outside the UK: Resident 10 years or more,13,9,3,6,4,3,1
S01012722,All people in households,742,414,116,298,328,256,72
S01012722,Born in the UK,714,405,113,292,309,245,64
S01012722,Born outside the UK: Total,28,9,3,6,19,11,8
S01012722,Born outside the UK: Resident less than 2 years,1,0,0,0,1,1,0
S01012722,Born outside the UK: Resident 2 years or more and less than 5 years,9,3,1,2,6,2,4
S01012722,Born outside the UK: Resident 5 years or more and less than 10 years,3,2,1,1,1,0,1
S01012722,Born outside the UK: Resident 10 years or more,15,4,1,3,11,8,3
S01012723,All people in households,688,366,123,243,322,261,61
S01012723,Born in the UK,672,359,122,237,313,255,58
S01012723,Born outside the UK: Total,16,7,1,6,9,6,3
S01012723,Born outside the UK: Resident less than 2 years,0,0,0,0,0,0,0
S01012723,Born outside the UK: Resident 2 years or more and less than 5 years,2,0,0,0,2,1,1
S01012723,Born outside the UK: Resident 5 years or more and less than 10 years,2,1,0,1,1,0,1
S01012723,Born outside the UK: Resident 10 years or more,12,6,1,5,6,5,1
S01012724,All people in households,728,498,199,299,230,108,122
S01012724,Born in the UK,693,479,196,283,214,103,111
S01012724,Born outside the UK: Total,35,19,3,16,16,5,11
S01012724,Born outside the UK: Resident less than 2 years,6,2,0,2,4,0,4
S01012724,Born outside the UK: Resident 2 years or more and less than 5 years,5,5,0,5,0,0,0
S01012724,Born outside the UK: Resident 5 years or more and less than 10 years,7,1,0,1,6,1,5
S01012724,Born outside the UK: Resident 10 years or more,17,11,3,8,6,4,2
S01012725,All people in households,881,595,208,387,286,115,171
S01012725,Born in the UK,812,565,198,367,247,105,142
S01012725,Born outside the UK: Total,69,30,10,20,39,10,29
S01012725,Born outside the UK: Resident less than 2 years,13,1,1,0,12,1,11
S01012725,Born outside the UK: Resident 2 years or more and less than 5 years,17,4,0,4,13,4,9
S01012725,Born outside the UK: Resident 5 years or more and less than 10 years,13,7,0,7,6,4,2
S01012725,Born outside the UK: Resident 10 years or more,26,18,9,9,8,1,7
S01012726,All people in households,641,471,181,290,170,134,36
S01012726,Born in the UK,628,467,177,290,161,130,31
S01012726,Born outside the UK: Total,13,4,4,0,9,4,5
S01012726,Born outside the UK: Resident less than 2 years,0,0,0,0,0,0,0
S01012726,Born outside the UK: Resident 2 years or more and less than 5 years,0,0,0,0,0,0,0
S01012726,Born outside the UK: Resident 5 years or more and less than 10 years,2,0,0,0,2,0,2
S01012726,Born outside the UK: Resident 10 years or more,11,4,4,0,7,4,3
S01012727,All people in households,708,327,84,243,381,357,24
S01012727,Born in the UK,688,313,82,231,375,352,23
S01012727,Born outside the UK: Total,20,14,2,12,6,5,1
S01012727,Born outside the UK: Resident less than 2 years,2,1,0,1,1,1,0
S01012727,Born outside the UK: Resident 2 years or more and less than 5 years,2,2,0,2,0,0,0
S01012727,Born outside the UK: Resident 5 years or more and less than 10 years,9,6,0,6,3,2,1
S01012727,Born outside the UK: Resident 10 years or more,7,5,2,3,2,2,0
S01012728,All people in households,814,218,50,168,596,540,56
S01012728,Born in the UK,774,209,50,159,565,516,49
S01012728,Born outside the UK: Total,40,9,0,9,31,24,7
S01012728,Born outside the UK: Resident less than 2 years,6,2,0,2,4,2,2
S01012728,Born outside the UK: Resident 2 years or more and less than 5 years,18,0,0,0,18,14,4
S01012728,Born outside the UK: Resident 5 years or more and less than 10 years,3,3,0,3,0,0,0
S01012728,Born outside the UK: Resident 10 years or more,13,4,0,4,9,8,1
S01012729,All people in households,837,686,171,515,151,109,42
S01012729,Born in the UK,806,661,164,497,145,107,38
S01012729,Born outside the UK: Total,31,25,7,18,6,2,4
S01012729,Born outside the UK: Resident less than 2 years,2,2,2,0,0,0,0
S01012729,Born outside the UK: Resident 2 years or more and less than 5 years,5,1,1,0,4,0,4
S01012729,Born outside the UK: Resident 5 years or more and less than 10 years,4,4,0,4,0,0,0
S01012729,Born outside the UK: Resident 10 years or more,20,18,4,14,2,2,0
S01012730,All people in households,556,327,83,244,229,200,29
S01012730,Born in the UK,548,322,82,240,226,199,27
S01012730,Born outside the UK: Total,8,5,1,4,3,1,2
S01012730,Born outside the UK: Resident less than 2 years,1,1,0,1,0,0,0
S01012730,Born outside the UK: Resident 2 years or more and less than 5 years,2,0,0,0,2,0,2
S01012730,Born outside the UK: Resident 5 years or more and less than 10 years,1,1,0,1,0,0,0
S01012730,Born outside the UK: Resident 10 years or more,4,3,1,2,1,1,0
S01012731,All people in households,797,517,137,380,280,241,39
S01012731,Born in the UK,774,504,131,373,270,233,37
S01012731,Born outside the UK: Total,23,13,6,7,10,8,2
S01012731,Born outside the UK: Resident less than 2 years,0,0,0,0,0,0,0
S01012731,Born outside the UK: Resident 2 years or more and less than 5 years,5,0,0,0,5,5,0
S01012731,Born outside the UK: Resident 5 years or more and less than 10 years,4,2,0,2,2,1,1
S01012731,Born outside the UK: Resident 10 years or more,14,11,6,5,3,2,1
S01012732,All people in households,678,483,134,349,195,152,43
S01012732,Born in the UK,666,476,133,343,190,147,43
S01012732,Born outside the UK: Total,12,7,1,6,5,5,0
S01012732,Born outside the UK: Resident less than 2 years,0,0,0,0,0,0,0
S01012732,Born outside the UK: Resident 2 years or more and less than 5 years,4,0,0,0,4,4,0
S01012732,Born outside the UK: Resident 5 years or more and less than 10 years,1,1,1,0,0,0,0
S01012732,Born outside the UK: Resident 10 years or more,7,6,0,6,1,1,0
S01012733,All people in households,1087,983,102,881,104,28,76
S01012733,Born in the UK,1049,954,97,857,95,28,67
S01012733,Born outside the UK: Total,38,29,5,24,9,0,9
S01012733,Born outside the UK: Resident less than 2 years,1,0,0,0,1,0,1
S01012733,Born outside the UK: Resident 2 years or more and less than 5 years,14,10,3,7,4,0,4
S01012733,Born outside the UK: Resident 5 years or more and less than 10 years,4,1,1,0,3,0,3
S01012733,Born outside the UK: Resident 10 years or more,19,18,1,17,1,0,1
S01012734,All people in households,640,605,43,562,35,12,23
S01012734,Born in the UK,610,583,40,543,27,7,20
S01012734,Born outside the UK: Total,30,22,3,19,8,5,3
S01012734,Born outside the UK: Resident less than 2 years,0,0,0,0,0,0,0
S01012734,Born outside the UK: Resident 2 years or more and less than 5 years,8,1,0,1,7,4,3
S01012734,Born outside the UK: Resident 5 years or more and less than 10 years,2,2,0,2,0,0,0
S01012734,Born outside the UK: Resident 10 years or more,20,19,3,16,1,1,0
S01012735,All people in households,476,331,113,218,145,102,43
S01012735,Born in the UK,462,326,113,213,136,100,36
S01012735,Born outside the UK: Total,14,5,0,5,9,2,7
S01012735,Born outside the UK: Resident less than 2 years,1,0,0,0,1,0,1
S01012735,Born outside the UK: Resident 2 years or more and less than 5 years,4,3,0,3,1,0,1
S01012735,Born outside the UK: Resident 5 years or more and less than 10 years,5,1,0,1,4,0,4
S01012735,Born outside the UK: Resident 10 years or more,4,1,0,1,3,2,1
S01012736,All people in households,959,732,156,576,227,150,77
S01012736,Born in the UK,922,714,152,562,208,147,61
S01012736,Born outside the UK: Total,37,18,4,14,19,3,16
S01012736,Born outside the UK: Resident less than 2 years,4,0,0,0,4,0,4
S01012736,Born outside the UK: Resident 2 years or more and less than 5 years,14,3,0,3,11,0,11
S01012736,Born outside the UK: Resident 5 years or more and less than 10 years,5,5,0,5,0,0,0
S01012736,Born outside the UK: Resident 10 years or more,14,10,4,6,4,3,1
S01012737,All people in households,800,674,123,551,126,54,72
S01012737,Born in the UK,762,646,116,530,116,53,63
S01012737,Born outside the UK: Total,38,28,7,21,10,1,9
S01012737,Born outside the UK: Resident less than 2 years,8,4,0,4,4,0,4
S01012737,Born outside the UK: Resident 2 years or more and less than 5 years,5,2,0,2,3,0,3
S01012737,Born outside the UK: Resident 5 years or more and less than 10 years,4,1,0,1,3,1,2
S01012737,Born outside the UK: Resident 10 years or more,21,21,7,14,0,0,0
S01012738,All people in households,612,427,129,298,185,159,26
S01012738,Born in the UK,591,411,126,285,180,155,25
S01012738,Born outside the UK: Total,21,16,3,13,5,4,1
S01012738,Born outside the UK: Resident less than 2 years,0,0,0,0,0,0,0
S01012738,Born outside the UK: Resident 2 years or more and less than 5 years,0,0,0,0,0,0,0
S01012738,Born outside the UK: Resident 5 years or more and less than 10 years,2,0,0,0,2,2,0
S01012738,Born outside the UK: Resident 10 years or more,19,16,3,13,3,2,1
S01012739,All people in households,841,775,80,695,66,11,55
S01012739,Born in the UK,778,716,63,653,62,9,53
S01012739,Born outside the UK: Total,63,59,17,42,4,2,2
S01012739,Born outside the UK: Resident less than 2 years,5,4,4,0,1,1,0
S01012739,Born outside the UK: Resident 2 years or more and less than 5 years,1,1,0,1,0,0,0
S01012739,Born outside the UK: Resident 5 years or more and less than 10 years,15,14,3,11,1,0,1
S01012739,Born outside the UK: Resident 10 years or more,42,40,10,30,2,1,1
S01012740,All people in households,890,719,95,624,171,140,31
S01012740,Born in the UK,854,688,89,599,166,137,29
S01012740,Born outside the UK: Total,36,31,6,25,5,3,2
S01012740,Born outside the UK: Resident less than 2 years,1,1,0,1,0,0,0
S01012740,Born outside the UK: Resident 2 years or more and less than 5 years,3,1,0,1,2,0,2
S01012740,Born outside the UK: Resident 5 years or more and less than 10 years,9,8,1,7,1,1,0
S01012740,Born outside the UK: Resident 10 years or more,23,21,5,16,2,2,0
S01012741,All people in households,555,516,139,377,39,15,24
S01012741,Born in the UK,544,508,134,374,36,12,24
S01012741,Born outside the UK: Total,11,8,5,3,3,3,0
S01012741,Born outside the UK: Resident less than 2 years,0,0,0,0,0,0,0
S01012741,Born outside the UK: Resident 2 years or more and less than 5 years,0,0,0,0,0,0,0
S01012741,Born outside the UK: Resident 5 years or more and less than 10 years,1,0,0,0,1,1,0
S01012741,Born outside the UK: Resident 10 years or more,10,8,5,3,2,2,0
S01012742,All people in households,689,636,256,380,53,26,27
S01012742,Born in the UK,652,614,248,366,38,22,16
S01012742,Born outside the UK: Total,37,22,8,14,15,4,11
S01012742,Born outside the UK: Resident less than 2 years,1,0,0,0,1,1,0
S01012742,Born outside the UK: Resident 2 years or more and less than 5 years,8,0,0,0,8,2,6
S01012742,Born outside the UK: Resident 5 years or more and less than 10 years,5,4,0,4,1,0,1
S01012742,Born outside the UK: Resident 10 years or more,23,18,8,10,5,1,4
S01012743,All people in households,581,547,265,282,34,3,31
S01012743,Born in the UK,572,538,259,279,34,3,31
S01012743,Born outside the UK: Total,9,9,6,3,0,0,0
S01012743,Born outside the UK: Resident less than 2 years,0,0,0,0,0,0,0
S01012743,Born outside the UK: Resident 2 years or more and less than 5 years,0,0,0,0,0,0,0
S01012743,Born outside the UK: Resident 5 years or more and less than 10 years,0,0,0,0,0,0,0
S01012743,Born outside the UK: Resident 10 years or more,9,9,6,3,0,0,0
S01012744,All people in households,675,633,154,479,42,8,34
S01012744,Born in the UK,656,618,147,471,38,8,30
S01012744,Born outside the UK: Total,19,15,7,8,4,0,4
S01012744,Born outside the UK: Resident less than 2 years,0,0,0,0,0,0,0
S01012744,Born outside the UK: Resident 2 years or more and less than 5 years,1,0,0,0,1,0,1
S01012744,Born outside the UK: Resident 5 years or more and less than 10 years,0,0,0,0,0,0,0
S01012744,Born outside the UK: Resident 10 years or more,18,15,7,8,3,0,3
S01012745,All people in households,704,669,274,395,35,17,18
S01012745,Born in the UK,669,637,263,374,32,17,15
S01012745,Born outside the UK: Total,35,32,11,21,3,0,3
S01012745,Born outside the UK: Resident less than 2 years,7,6,4,2,1,0,1
S01012745,Born outside the UK: Resident 2 years or more and less than 5 years,1,1,0,1,0,0,0
S01012745,Born outside the UK: Resident 5 years or more and less than 10 years,6,5,0,5,1,0,1
S01012745,Born outside the UK: Resident 10 years or more,21,20,7,13,1,0,1
S01012746,All people in households,772,645,148,497,127,65,62
S01012746,Born in the UK,743,631,145,486,112,58,54
S01012746,Born outside the UK: Total,29,14,3,11,15,7,8
S01012746,Born outside the UK: Resident less than 2 years,2,1,0,1,1,0,1
S01012746,Born outside the UK: Resident 2 years or more and less than 5 years,9,2,0,2,7,5,2
S01012746,Born outside the UK: Resident 5 years or more and less than 10 years,5,1,0,1,4,1,3
S01012746,Born outside the UK: Resident 10 years or more,13,10,3,7,3,1,2
S01012747,All people in households,831,587,200,387,244,212,32
S01012747,Born in the UK,801,571,196,375,230,206,24
S01012747,Born outside the UK: Total,30,16,4,12,14,6,8
S01012747,Born outside the UK: Resident less than 2 years,4,1,0,1,3,3,0
S01012747,Born outside the UK: Resident 2 years or more and less than 5 years,10,2,2,0,8,2,6
S01012747,Born outside the UK: Resident 5 years or more and less than 10 years,11,8,1,7,3,1,2
S01012747,Born outside the UK: Resident 10 years or more,5,5,1,4,0,0,0
S01012748,All people in households,829,286,84,202,543,494,49
S01012748,Born in the UK,808,277,80,197,531,487,44
S01012748,Born outside the UK: Total,21,9,4,5,12,7,5
S01012748,Born outside the UK: Resident less than 2 years,0,0,0,0,0,0,0
S01012748,Born outside the UK: Resident 2 years or more and less than 5 years,7,0,0,0,7,2,5
S01012748,Born outside the UK: Resident 5 years or more and less than 10 years,4,3,0,3,1,1,0
S01012748,Born outside the UK: Resident 10 years or more,10,6,4,2,4,4,0
S01012749,All people in households,876,338,74,264,538,468,70
S01012749,Born in the UK,811,328,74,254,483,425,58
S01012749,Born outside the UK: Total,65,10,0,10,55,43,12
S01012749,Born outside the UK: Resident less than 2 years,11,2,0,2,9,6,3
S01012749,Born outside the UK: Resident 2 years or more and less than 5 years,30,4,0,4,26,19,7
S01012749,Born outside the UK: Resident 5 years or more and less than 10 years,15,1,0,1,14,12,2
S01012749,Born outside the UK: Resident 10 years or more,9,3,0,3,6,6,0
S01012750,All people in households,788,355,79,276,433,321,112
S01012750,Born in the UK,720,344,78,266,376,286,90
S01012750,Born outside the UK: Total,68,11,1,10,57,35,22
S01012750,Born outside the UK: Resident less than 2 years,7,0,0,0,7,5,2
S01012750,Born outside the UK: Resident 2 years or more and less than 5 years,34,4,0,4,30,19,11
S01012750,Born outside the UK: Resident 5 years or more and less than 10 years,16,1,0,1,15,8,7
S01012750,Born outside the UK: Resident 10 years or more,11,6,1,5,5,3,2
S01012751,All people in households,817,549,230,319,268,225,43
S01012751,Born in the UK,788,536,226,310,252,217,35
S01012751,Born outside the UK: Total,29,13,4,9,16,8,8
S01012751,Born outside the UK: Resident less than 2 years,0,0,0,0,0,0,0
S01012751,Born outside the UK: Resident 2 years or more and less than 5 years,12,2,0,2,10,5,5
S01012751,Born outside the UK: Resident 5 years or more and less than 10 years,10,4,0,4,6,3,3
S01012751,Born outside the UK: Resident 10 years or more,7,7,4,3,0,0,0
S01012752,All people in households,832,499,140,359,333,290,43
S01012752,Born in the UK,809,488,133,355,321,285,36
S01012752,Born outside the UK: Total,23,11,7,4,12,5,7
S01012752,Born outside the UK: Resident less than 2 years,2,1,0,1,1,0,1
S01012752,Born outside the UK: Resident 2 years or more and less than 5 years,6,0,0,0,6,0,6
S01012752,Born outside the UK: Resident 5 years or more and less than 10 years,2,1,1,0,1,1,0
S01012752,Born outside the UK: Resident 10 years or more,13,9,6,3,4,4,0
S01012753,All people in households,496,218,64,154,278,242,36
S01012753,Born in the UK,486,215,62,153,271,239,32
S01012753,Born outside the UK: Total,10,3,2,1,7,3,4
S01012753,Born outside the UK: Resident less than 2 years,0,0,0,0,0,0,0
S01012753,Born outside the UK: Resident 2 years or more and less than 5 years,2,0,0,0,2,0,2
S01012753,Born outside the UK: Resident 5 years or more and less than 10 years,2,0,0,0,2,1,1
S01012753,Born outside the UK: Resident 10 years or more,6,3,2,1,3,2,1
S01012754,All people in households,538,333,129,204,205,182,23
S01012754,Born in the UK,530,327,125,202,203,181,22
S01012754,Born outside the UK: Total,8,6,4,2,2,1,1
S01012754,Born outside the UK: Resident less than 2 years,1,1,0,1,0,0,0
S01012754,Born outside the UK: Resident 2 years or more and less than 5 years,1,0,0,0,1,0,1
S01012754,Born outside the UK: Resident 5 years or more and less than 10 years,3,3,2,1,0,0,0
S01012754,Born outside the UK: Resident 10 years or more,3,2,2,0,1,1,0
S01012755,All people in households,499,216,69,147,283,251,32
S01012755,Born in the UK,484,207,66,141,277,245,32
S01012755,Born outside the UK: Total,15,9,3,6,6,6,0
S01012755,Born outside the UK: Resident less than 2 years,0,0,0,0,0,0,0
S01012755,Born outside the UK: Resident 2 years or more and less than 5 years,4,2,0,2,2,2,0
S01012755,Born outside the UK: Resident 5 years or more and less than 10 years,4,1,0,1,3,3,0
S01012755,Born outside the UK: Resident 10 years or more,7,6,3,3,1,1,0
S01012756,All people in households,496,343,153,190,153,130,23
S01012756,Born in the UK,484,336,150,186,148,127,21
S01012756,Born outside the UK: Total,12,7,3,4,5,3,2
S01012756,Born outside the UK: Resident less than 2 years,0,0,0,0,0,0,0
S01012756,Born outside the UK: Resident 2 years or more and less than 5 years,0,0,0,0,0,0,0
S01012756,Born outside the UK: Resident 5 years or more and less than 10 years,3,1,0,1,2,0,2
S01012756,Born outside the UK: Resident 10 years or more,9,6,3,3,3,3,0
S01012757,All people in households,461,278,93,185,183,156,27
S01012757,Born in the UK,449,270,88,182,179,153,26
S01012757,Born outside the UK: Total,12,8,5,3,4,3,1
S01012757,Born outside the UK: Resident less than 2 years,0,0,0,0,0,0,0
S01012757,Born outside the UK: Resident 2 years or more and less than 5 years,1,0,0,0,1,0,1
S01012757,Born outside the UK: Resident 5 years or more and less than 10 years,7,5,4,1,2,2,0
S01012757,Born outside the UK: Resident 10 years or more,4,3,1,2,1,1,0
S01012758,All people in households,608,423,117,306,185,148,37
S01012758,Born in the UK,581,409,113,296,172,138,34
S01012758,Born outside the UK: Total,27,14,4,10,13,10,3
S01012758,Born outside the UK: Resident less than 2 years,2,2,1,1,0,0,0
S01012758,Born outside the UK: Resident 2 years or more and less than 5 years,7,5,0,5,2,2,0
S01012758,Born outside the UK: Resident 5 years or more and less than 10 years,9,3,1,2,6,4,2
S01012758,Born outside the UK: Resident 10 years or more,9,4,2,2,5,4,1
S01012759,All people in households,722,403,125,278,319,273,46
S01012759,Born in the UK,715,400,123,277,315,269,46
S01012759,Born outside the UK: Total,7,3,2,1,4,4,0
S01012759,Born outside the UK: Resident less than 2 years,0,0,0,0,0,0,0
S01012759,Born outside the UK: Resident 2 years or more and less than 5 years,0,0,0,0,0,0,0
S01012759,Born outside the UK: Resident 5 years or more and less than 10 years,1,0,0,0,1,1,0
S01012759,Born outside the UK: Resident 10 years or more,6,3,2,1,3,3,0
S01012760,All people in households,959,462,117,345,497,386,111
S01012760,Born in the UK,929,442,115,327,487,385,102
S01012760,Born outside the UK: Total,30,20,2,18,10,1,9
S01012760,Born outside the UK: Resident less than 2 years,2,2,0,2,0,0,0
S01012760,Born outside the UK: Resident 2 years or more and less than 5 years,10,6,0,6,4,0,4
S01012760,Born outside the UK: Resident 5 years or more and less than 10 years,8,7,0,7,1,0,1
S01012760,Born outside the UK: Resident 10 years or more,10,5,2,3,5,1,4
S01012761,All people in households,754,523,158,365,231,175,56
S01012761,Born in the UK,731,508,155,353,223,170,53
S01012761,Born outside the UK: Total,23,15,3,12,8,5,3
S01012761,Born outside the UK: Resident less than 2 years,3,1,0,1,2,0,2
S01012761,Born outside the UK: Resident 2 years or more and less than 5 years,2,0,0,0,2,2,0
S01012761,Born outside the UK: Resident 5 years or more and less than 10 years,3,2,1,1,1,1,0
S01012761,Born outside the UK: Resident 10 years or more,15,12,2,10,3,2,1
S01012762,All people in households,708,588,226,362,120,72,48
S01012762,Born in the UK,686,568,219,349,118,71,47
S01012762,Born outside the UK: Total,22,20,7,13,2,1,1
S01012762,Born outside the UK: Resident less than 2 years,0,0,0,0,0,0,0
S01012762,Born outside the UK: Resident 2 years or more and less than 5 years,0,0,0,0,0,0,0
S01012762,Born outside the UK: Resident 5 years or more and less than 10 years,5,5,1,4,0,0,0
S01012762,Born outside the UK: Resident 10 years or more,17,15,6,9,2,1,1
S01012763,All people in households,402,267,76,191,135,121,14
S01012763,Born in the UK,395,260,72,188,135,121,14
S01012763,Born outside the UK: Total,7,7,4,3,0,0,0
S01012763,Born outside the UK: Resident less than 2 years,0,0,0,0,0,0,0
S01012763,Born outside the UK: Resident 2 years or more and less than 5 years,2,2,2,0,0,0,0
S01012763,Born outside the UK: Resident 5 years or more and less than 10 years,3,3,0,3,0,0,0
S01012763,Born outside the UK: Resident 10 years or more,2,2,2,0,0,0,0
S01012764,All people in households,764,465,147,318,299,241,58
S01012764,Born in the UK,752,459,147,312,293,239,54
S01012764,Born outside the UK: Total,12,6,0,6,6,2,4
S01012764,Born outside the UK: Resident less than 2 years,1,0,0,0,1,0,1
S01012764,Born outside the UK: Resident 2 years or more and less than 5 years,2,1,0,1,1,0,1
S01012764,Born outside the UK: Resident 5 years or more and less than 10 years,3,2,0,2,1,0,1
S01012764,Born outside the UK: Resident 10 years or more,6,3,0,3,3,2,1
S01012765,All people in households,717,495,154,341,222,210,12
S01012765,Born in the UK,695,476,152,324,219,209,10
S01012765,Born outside the UK: Total,22,19,2,17,3,1,2
S01012765,Born outside the UK: Resident less than 2 years,1,0,0,0,1,0,1
S01012765,Born outside the UK: Resident 2 years or more and less than 5 years,2,2,0,2,0,0,0
S01012765,Born outside the UK: Resident 5 years or more and less than 10 years,5,5,0,5,0,0,0
S01012765,Born outside the UK: Resident 10 years or more,14,12,2,10,2,1,1
S01012766,All people in households,904,544,82,462,360,309,51
S01012766,Born in the UK,889,538,81,457,351,305,46
S01012766,Born outside the UK: Total,15,6,1,5,9,4,5
S01012766,Born outside the UK: Resident less than 2 years,0,0,0,0,0,0,0
S01012766,Born outside the UK: Resident 2 years or more and less than 5 years,0,0,0,0,0,0,0
S01012766,Born outside the UK: Resident 5 years or more and less than 10 years,8,0,0,0,8,3,5
S01012766,Born outside the UK: Resident 10 years or more,7,6,1,5,1,1,0
S01012767,All people in households,568,540,207,333,28,15,13
S01012767,Born in the UK,567,539,207,332,28,15,13
S01012767,Born outside the UK: Total,1,1,0,1,0,0,0
S01012767,Born outside the UK: Resident less than 2 years,0,0,0,0,0,0,0
S01012767,Born outside the UK: Resident 2 years or more and less than 5 years,0,0,0,0,0,0,0
S01012767,Born outside the UK: Resident 5 years or more and less than 10 years,0,0,0,0,0,0,0
S01012767,Born outside the UK: Resident 10 years or more,1,1,0,1,0,0,0
S01012768,All people in households,726,697,280,417,29,9,20
S01012768,Born in the UK,714,688,275,413,26,9,17
S01012768,Born outside the UK: Total,12,9,5,4,3,0,3
S01012768,Born outside the UK: Resident less than 2 years,3,0,0,0,3,0,3
S01012768,Born outside the UK: Resident 2 years or more and less than 5 years,0,0,0,0,0,0,0
S01012768,Born outside the UK: Resident 5 years or more and less than 10 years,0,0,0,0,0,0,0
S01012768,Born outside the UK: Resident 10 years or more,9,9,5,4,0,0,0
S01012769,All people in households,442,423,92,331,19,2,17
S01012769,Born in the UK,435,417,91,326,18,2,16
S01012769,Born outside the UK: Total,7,6,1,5,1,0,1
S01012769,Born outside the UK: Resident less than 2 years,0,0,0,0,0,0,0
S01012769,Born outside the UK: Resident 2 years or more and less than 5 years,2,1,0,1,1,0,1
S01012769,Born outside the UK: Resident 5 years or more and less than 10 years,0,0,0,0,0,0,0
S01012769,Born outside the UK: Resident 10 years or more,5,5,1,4,0,0,0
S01012770,All people in households,839,594,162,432,245,158,87
S01012770,Born in the UK,816,583,156,427,233,157,76
S01012770,Born outside the UK: Total,23,11,6,5,12,1,11
S01012770,Born outside the UK: Resident less than 2 years,3,1,0,1,2,0,2
S01012770,Born outside the UK: Resident 2 years or more and less than 5 years,9,0,0,0,9,1,8
S01012770,Born outside the UK: Resident 5 years or more and less than 10 years,0,0,0,0,0,0,0
S01012770,Born outside the UK: Resident 10 years or more,11,10,6,4,1,0,1
S01012771,All people in households,705,518,152,366,187,138,49
S01012771,Born in the UK,691,507,150,357,184,137,47
S01012771,Born outside the UK: Total,14,11,2,9,3,1,2
S01012771,Born outside the UK: Resident less than 2 years,3,1,0,1,2,0,2
S01012771,Born outside the UK: Resident 2 years or more and less than 5 years,0,0,0,0,0,0,0
S01012771,Born outside the UK: Resident 5 years or more and less than 10 years,2,2,0,2,0,0,0
S01012771,Born outside the UK: Resident 10 years or more,9,8,2,6,1,1,0
S01012772,All people in households,685,391,106,285,294,262,32
S01012772,Born in the UK,676,385,104,281,291,259,32
S01012772,Born outside the UK: Total,9,6,2,4,3,3,0
S01012772,Born outside the UK: Resident less than 2 years,1,0,0,0,1,1,0
S01012772,Born outside the UK: Resident 2 years or more and less than 5 years,0,0,0,0,0,0,0
S01012772,Born outside the UK: Resident 5 years or more and less than 10 years,2,2,0,2,0,0,0
S01012772,Born outside the UK: Resident 10 years or more,6,4,2,2,2,2,0
S01012773,All people in households,853,632,212,420,221,172,49
S01012773,Born in the UK,831,616,205,411,215,172,43
S01012773,Born outside the UK: Total,22,16,7,9,6,0,6
S01012773,Born outside the UK: Resident less than 2 years,1,0,0,0,1,0,1
S01012773,Born outside the UK: Resident 2 years or more and less than 5 years,1,0,0,0,1,0,1
S01012773,Born outside the UK: Resident 5 years or more and less than 10 years,10,6,2,4,4,0,4
S01012773,Born outside the UK: Resident 10 years or more,10,10,5,5,0,0,0
S01012774,All people in households,825,555,157,398,270,198,72
S01012774,Born in the UK,803,542,149,393,261,193,68
S01012774,Born outside the UK: Total,22,13,8,5,9,5,4
S01012774,Born outside the UK: Resident less than 2 years,0,0,0,0,0,0,0
S01012774,Born outside the UK: Resident 2 years or more and less than 5 years,3,0,0,0,3,2,1
S01012774,Born outside the UK: Resident 5 years or more and less than 10 years,10,6,4,2,4,2,2
S01012774,Born outside the UK: Resident 10 years or more,9,7,4,3,2,1,1
S01012775,All people in households,409,293,110,183,116,74,42
S01012775,Born in the UK,402,292,109,183,110,71,39
S01012775,Born outside the UK: Total,7,1,1,0,6,3,3
S01012775,Born outside the UK: Resident less than 2 years,0,0,0,0,0,0,0
S01012775,Born outside the UK: Resident 2 years or more and less than 5 years,1,0,0,0,1,0,1
S01012775,Born outside the UK: Resident 5 years or more and less than 10 years,4,0,0,0,4,2,2
S01012775,Born outside the UK: Resident 10 years or more,2,1,1,0,1,1,0
S01012776,All people in households,738,465,117,348,273,230,43
S01012776,Born in the UK,726,457,116,341,269,228,41
S01012776,Born outside the UK: Total,12,8,1,7,4,2,2
S01012776,Born outside the UK: Resident less than 2 years,2,1,0,1,1,0,1
S01012776,Born outside the UK: Resident 2 years or more and less than 5 years,1,1,0,1,0,0,0
S01012776,Born outside the UK: Resident 5 years or more and less than 10 years,0,0,0,0,0,0,0
S01012776,Born outside the UK: Resident 10 years or more,9,6,1,5,3,2,1
S01012777,All people in households,969,819,82,737,150,84,66
S01012777,Born in the UK,941,808,82,726,133,84,49
S01012777,Born outside the UK: Total,28,11,0,11,17,0,17
S01012777,Born outside the UK: Resident less than 2 years,3,0,0,0,3,0,3
S01012777,Born outside the UK: Resident 2 years or more and less than 5 years,15,4,0,4,11,0,11
S01012777,Born outside the UK: Resident 5 years or more and less than 10 years,3,1,0,1,2,0,2
S01012777,Born outside the UK: Resident 10 years or more,7,6,0,6,1,0,1
S01012778,All people in households,732,417,47,370,315,286,29
S01012778,Born in the UK,708,405,46,359,303,277,26
S01012778,Born outside the UK: Total,24,12,1,11,12,9,3
S01012778,Born outside the UK: Resident less than 2 years,5,3,0,3,2,0,2
S01012778,Born outside the UK: Resident 2 years or more and less than 5 years,8,4,0,4,4,3,1
S01012778,Born outside the UK: Resident 5 years or more and less than 10 years,5,1,0,1,4,4,0
S01012778,Born outside the UK: Resident 10 years or more,6,4,1,3,2,2,0
S01012779,All people in households,458,230,22,208,228,196,32
S01012779,Born in the UK,441,221,22,199,220,194,26
S01012779,Born outside the UK: Total,17,9,0,9,8,2,6
S01012779,Born outside the UK: Resident less than 2 years,3,0,0,0,3,0,3
S01012779,Born outside the UK: Resident 2 years or more and less than 5 years,2,2,0,2,0,0,0
S01012779,Born outside the UK: Resident 5 years or more and less than 10 years,11,7,0,7,4,1,3
S01012779,Born outside the UK: Resident 10 years or more,1,0,0,0,1,1,0
S01012780,All people in households,731,289,77,212,442,396,46
S01012780,Born in the UK,699,273,76,197,426,390,36
S01012780,Born outside the UK: Total,32,16,1,15,16,6,10
S01012780,Born outside the UK: Resident less than 2 years,3,1,0,1,2,0,2
S01012780,Born outside the UK: Resident 2 years or more and less than 5 years,5,1,0,1,4,1,3
S01012780,Born outside the UK: Resident 5 years or more and less than 10 years,13,7,0,7,6,1,5
S01012780,Born outside the UK: Resident 10 years or more,11,7,1,6,4,4,0
S01012781,All people in households,648,509,162,347,139,76,63
S01012781,Born in the UK,627,496,156,340,131,75,56
S01012781,Born outside the UK: Total,21,13,6,7,8,1,7
S01012781,Born outside the UK: Resident less than 2 years,1,0,0,0,1,0,1
S01012781,Born outside the UK: Resident 2 years or more and less than 5 years,3,1,0,1,2,0,2
S01012781,Born outside the UK: Resident 5 years or more and less than 10 years,4,0,0,0,4,0,4
S01012781,Born outside the UK: Resident 10 years or more,13,12,6,6,1,1,0
S01012782,All people in households,614,271,102,169,343,288,55
S01012782,Born in the UK,591,256,96,160,335,283,52
S01012782,Born outside the UK: Total,23,15,6,9,8,5,3
S01012782,Born outside the UK: Resident less than 2 years,0,0,0,0,0,0,0
S01012782,Born outside the UK: Resident 2 years or more and less than 5 years,6,5,0,5,1,1,0
S01012782,Born outside the UK: Resident 5 years or more and less than 10 years,2,0,0,0,2,0,2
S01012782,Born outside the UK: Resident 10 years or more,15,10,6,4,5,4,1
S01012783,All people in households,698,360,91,269,338,284,54
S01012783,Born in the UK,676,349,90,259,327,281,46
S01012783,Born outside the UK: Total,22,11,1,10,11,3,8
S01012783,Born outside the UK: Resident less than 2 years,3,0,0,0,3,0,3
S01012783,Born outside the UK: Resident 2 years or more and less than 5 years,6,3,0,3,3,0,3
S01012783,Born outside the UK: Resident 5 years or more and less than 10 years,6,2,0,2,4,2,2
S01012783,Born outside the UK: Resident 10 years or more,7,6,1,5,1,1,0
S01012784,All people in households,745,435,115,320,310,255,55
S01012784,Born in the UK,719,427,114,313,292,248,44
S01012784,Born outside the UK: Total,26,8,1,7,18,7,11
S01012784,Born outside the UK: Resident less than 2 years,2,0,0,0,2,1,1
S01012784,Born outside the UK: Resident 2 years or more and less than 5 years,5,1,0,1,4,4,0
S01012784,Born outside the UK: Resident 5 years or more and less than 10 years,7,1,0,1,6,0,6
S01012784,Born outside the UK: Resident 10 years or more,12,6,1,5,6,2,4
S01012785,All people in households,711,274,96,178,437,380,57
S01012785,Born in the UK,673,260,96,164,413,377,36
S01012785,Born outside the UK: Total,38,14,0,14,24,3,21
S01012785,Born outside the UK: Resident less than 2 years,6,1,0,1,5,1,4
S01012785,Born outside the UK: Resident 2 years or more and less than 5 years,13,1,0,1,12,0,12
S01012785,Born outside the UK: Resident 5 years or more and less than 10 years,12,9,0,9,3,0,3
S01012785,Born outside the UK: Resident 10 years or more,7,3,0,3,4,2,2
S01012786,All people in households,692,190,50,140,502,375,127
S01012786,Born in the UK,614,175,46,129,439,357,82
S01012786,Born outside the UK: Total,78,15,4,11,63,18,45
S01012786,Born outside the UK: Resident less than 2 years,17,1,0,1,16,1,15
S01012786,Born outside the UK: Resident 2 years or more and less than 5 years,35,9,1,8,26,6,20
S01012786,Born outside the UK: Resident 5 years or more and less than 10 years,18,1,0,1,17,8,9
S01012786,Born outside the UK: Resident 10 years or more,8,4,3,1,4,3,1
S01012787,All people in households,550,409,44,365,141,83,58
S01012787,Born in the UK,530,396,42,354,134,83,51
S01012787,Born outside the UK: Total,20,13,2,11,7,0,7
S01012787,Born outside the UK: Resident less than 2 years,6,5,0,5,1,0,1
S01012787,Born outside the UK: Resident 2 years or more and less than 5 years,5,1,0,1,4,0,4
S01012787,Born outside the UK: Resident 5 years or more and less than 10 years,2,2,0,2,0,0,0
S01012787,Born outside the UK: Resident 10 years or more,7,5,2,3,2,0,2
S01012788,All people in households,615,320,71,249,295,256,39
S01012788,Born in the UK,591,306,67,239,285,249,36
S01012788,Born outside the UK: Total,24,14,4,10,10,7,3
S01012788,Born outside the UK: Resident less than 2 years,1,1,0,1,0,0,0
S01012788,Born outside the UK: Resident 2 years or more and less than 5 years,7,3,0,3,4,4,0
S01012788,Born outside the UK: Resident 5 years or more and less than 10 years,2,2,0,2,0,0,0
S01012788,Born outside the UK: Resident 10 years or more,14,8,4,4,6,3,3
S01012789,All people in households,740,592,180,412,148,121,27
S01012789,Born in the UK,695,554,168,386,141,118,23
S01012789,Born outside the UK: Total,45,38,12,26,7,3,4
S01012789,Born outside the UK: Resident less than 2 years,6,5,1,4,1,1,0
S01012789,Born outside the UK: Resident 2 years or more and less than 5 years,7,5,0,5,2,0,2
S01012789,Born outside the UK: Resident 5 years or more and less than 10 years,4,4,1,3,0,0,0
S01012789,Born outside the UK: Resident 10 years or more,28,24,10,14,4,2,2
S01012790,All people in households,587,441,84,357,146,49,97
S01012790,Born in the UK,565,429,84,345,136,49,87
S01012790,Born outside the UK: Total,22,12,0,12,10,0,10
S01012790,Born outside the UK: Resident less than 2 years,3,1,0,1,2,0,2
S01012790,Born outside the UK: Resident 2 years or more and less than 5 years,4,1,0,1,3,0,3
S01012790,Born outside the UK: Resident 5 years or more and less than 10 years,3,1,0,1,2,0,2
S01012790,Born outside the UK: Resident 10 years or more,12,9,0,9,3,0,3
S01012791,All people in households,720,629,318,311,91,36,55
S01012791,Born in the UK,700,616,312,304,84,35,49
S01012791,Born outside the UK: Total,20,13,6,7,7,1,6
S01012791,Born outside the UK: Resident less than 2 years,0,0,0,0,0,0,0
S01012791,Born outside the UK: Resident 2 years or more and less than 5 years,10,3,0,3,7,1,6
S01012791,Born outside the UK: Resident 5 years or more and less than 10 years,0,0,0,0,0,0,0
S01012791,Born outside the UK: Resident 10 years or more,10,10,6,4,0,0,0
S01012792,All people in households,842,567,187,380,275,156,119
S01012792,Born in the UK,798,541,175,366,257,153,104
S01012792,Born outside the UK: Total,44,26,12,14,18,3,15
S01012792,Born outside the UK: Resident less than 2 years,17,10,9,1,7,0,7
S01012792,Born outside the UK: Resident 2 years or more and less than 5 years,9,0,0,0,9,3,6
S01012792,Born outside the UK: Resident 5 years or more and less than 10 years,4,3,2,1,1,0,1
S01012792,Born outside the UK: Resident 10 years or more,14,13,1,12,1,0,1
S01012793,All people in households,635,268,107,161,367,259,108
S01012793,Born in the UK,559,249,100,149,310,248,62
S01012793,Born outside the UK: Total,76,19,7,12,57,11,46
S01012793,Born outside the UK: Resident less than 2 years,8,0,0,0,8,0,8
S01012793,Born outside the UK: Resident 2 years or more and less than 5 years,35,9,5,4,26,3,23
S01012793,Born outside the UK: Resident 5 years or more and less than 10 years,22,9,2,7,13,0,13
S01012793,Born outside the UK: Resident 10 years or more,11,1,0,1,10,8,2
S01012794,All people in households,590,377,158,219,213,42,171
S01012794,Born in the UK,527,344,150,194,183,42,141
S01012794,Born outside the UK: Total,63,33,8,25,30,0,30
S01012794,Born outside the UK: Resident less than 2 years,11,2,0,2,9,0,9
S01012794,Born outside the UK: Resident 2 years or more and less than 5 years,11,6,1,5,5,0,5
S01012794,Born outside the UK: Resident 5 years or more and less than 10 years,23,10,0,10,13,0,13
S01012794,Born outside the UK: Resident 10 years or more,18,15,7,8,3,0,3
S01012795,All people in households,1029,468,107,361,561,497,64
S01012795,Born in the UK,993,446,104,342,547,489,58
S01012795,Born outside the UK: Total,36,22,3,19,14,8,6
S01012795,Born outside the UK: Resident less than 2 years,1,0,0,0,1,1,0
S01012795,Born outside the UK: Resident 2 years or more and less than 5 years,15,8,1,7,7,3,4
S01012795,Born outside the UK: Resident 5 years or more and less than 10 years,11,9,0,9,2,2,0
S01012795,Born outside the UK: Resident 10 years or more,9,5,2,3,4,2,2
S01012796,All people in households,787,510,74,436,277,200,77
S01012796,Born in the UK,725,482,74,408,243,197,46
S01012796,Born outside the UK: Total,62,28,0,28,34,3,31
S01012796,Born outside the UK: Resident less than 2 years,9,1,0,1,8,0,8
S01012796,Born outside the UK: Resident 2 years or more and less than 5 years,17,4,0,4,13,0,13
S01012796,Born outside the UK: Resident 5 years or more and less than 10 years,25,16,0,16,9,3,6
S01012796,Born outside the UK: Resident 10 years or more,11,7,0,7,4,0,4
S01012797,All people in households,690,344,79,265,346,283,63
S01012797,Born in the UK,646,328,76,252,318,272,46
S01012797,Born outside the UK: Total,44,16,3,13,28,11,17
S01012797,Born outside the UK: Resident less than 2 years,8,0,0,0,8,0,8
S01012797,Born outside the UK: Resident 2 years or more and less than 5 years,9,5,1,4,4,1,3
S01012797,Born outside the UK: Resident 5 years or more and less than 10 years,12,2,1,1,10,6,4
S01012797,Born outside the UK: Resident 10 years or more,15,9,1,8,6,4,2
S01012798,All people in households,720,637,268,369,83,31,52
S01012798,Born in the UK,689,615,258,357,74,29,45
S01012798,Born outside the UK: Total,31,22,10,12,9,2,7
S01012798,Born outside the UK: Resident less than 2 years,3,2,1,1,1,1,0
S01012798,Born outside the UK: Resident 2 years or more and less than 5 years,8,1,0,1,7,0,7
S01012798,Born outside the UK: Resident 5 years or more and less than 10 years,6,6,3,3,0,0,0
S01012798,Born outside the UK: Resident 10 years or more,14,13,6,7,1,1,0
S01012799,All people in households,778,657,288,369,121,43,78
S01012799,Born in the UK,723,623,274,349,100,40,60
S01012799,Born outside the UK: Total,55,34,14,20,21,3,18
S01012799,Born outside the UK: Resident less than 2 years,13,2,1,1,11,2,9
S01012799,Born outside the UK: Resident 2 years or more and less than 5 years,8,1,0,1,7,1,6
S01012799,Born outside the UK: Resident 5 years or more and less than 10 years,3,2,0,2,1,0,1
S01012799,Born outside the UK: Resident 10 years or more,31,29,13,16,2,0,2
S01012800,All people in households,894,787,287,500,107,16,91
S01012800,Born in the UK,854,760,277,483,94,10,84
S01012800,Born outside the UK: Total,40,27,10,17,13,6,7
S01012800,Born outside the UK: Resident less than 2 years,3,0,0,0,3,0,3
S01012800,Born outside the UK: Resident 2 years or more and less than 5 years,2,1,1,0,1,0,1
S01012800,Born outside the UK: Resident 5 years or more and less than 10 years,7,2,0,2,5,5,0
S01012800,Born outside the UK: Resident 10 years or more,28,24,9,15,4,1,3
S01012801,All people in households,426,334,211,123,92,12,80
S01012801,Born in the UK,402,316,204,112,86,11,75
S01012801,Born outside the UK: Total,24,18,7,11,6,1,5
S01012801,Born outside the UK: Resident less than 2 years,3,1,0,1,2,0,2
S01012801,Born outside the UK: Resident 2 years or more and less than 5 years,0,0,0,0,0,0,0
S01012801,Born outside the UK: Resident 5 years or more and less than 10 years,8,7,1,6,1,1,0
S01012801,Born outside the UK: Resident 10 years or more,13,10,6,4,3,0,3
S01012802,All people in households,612,566,246,320,46,5,41
S01012802,Born in the UK,572,541,236,305,31,5,26
S01012802,Born outside the UK: Total,40,25,10,15,15,0,15
S01012802,Born outside the UK: Resident less than 2 years,0,0,0,0,0,0,0
S01012802,Born outside the UK: Resident 2 years or more and less than 5 years,7,2,1,1,5,0,5
S01012802,Born outside the UK: Resident 5 years or more and less than 10 years,13,7,1,6,6,0,6
S01012802,Born outside the UK: Resident 10 years or more,20,16,8,8,4,0,4
S01012803,All people in households,675,646,243,403,29,7,22
S01012803,Born in the UK,657,630,233,397,27,7,20
S01012803,Born outside the UK: Total,18,16,10,6,2,0,2
S01012803,Born outside the UK: Resident less than 2 years,3,1,0,1,2,0,2
S01012803,Born outside the UK: Resident 2 years or more and less than 5 years,0,0,0,0,0,0,0
S01012803,Born outside the UK: Resident 5 years or more and less than 10 years,0,0,0,0,0,0,0
S01012803,Born outside the UK: Resident 10 years or more,15,15,10,5,0,0,0
S01012804,All people in households,764,486,145,341,278,207,71
S01012804,Born in the UK,745,475,142,333,270,204,66
S01012804,Born outside the UK: Total,19,11,3,8,8,3,5
S01012804,Born outside the UK: Resident less than 2 years,2,0,0,0,2,0,2
S01012804,Born outside the UK: Resident 2 years or more and less than 5 years,2,0,0,0,2,0,2
S01012804,Born outside the UK: Resident 5 years or more and less than 10 years,8,6,1,5,2,1,1
S01012804,Born outside the UK: Resident 10 years or more,7,5,2,3,2,2,0
S01012805,All people in households,912,603,194,409,309,233,76
S01012805,Born in the UK,889,592,186,406,297,231,66
S01012805,Born outside the UK: Total,23,11,8,3,12,2,10
S01012805,Born outside the UK: Resident less than 2 years,5,1,1,0,4,0,4
S01012805,Born outside the UK: Resident 2 years or more and less than 5 years,4,0,0,0,4,0,4
S01012805,Born outside the UK: Resident 5 years or more and less than 10 years,3,2,0,2,1,0,1
S01012805,Born outside the UK: Resident 10 years or more,11,8,7,1,3,2,1
S01012806,All people in households,715,534,142,392,181,132,49
S01012806,Born in the UK,683,515,139,376,168,130,38
S01012806,Born outside the UK: Total,32,19,3,16,13,2,11
S01012806,Born outside the UK: Resident less than 2 years,2,0,0,0,2,0,2
S01012806,Born outside the UK: Resident 2 years or more and less than 5 years,10,3,2,1,7,0,7
S01012806,Born outside the UK: Resident 5 years or more and less than 10 years,3,2,0,2,1,0,1
S01012806,Born outside the UK: Resident 10 years or more,17,14,1,13,3,2,1
S01012807,All people in households,587,550,216,334,37,6,31
S01012807,Born in the UK,553,521,205,316,32,6,26
S01012807,Born outside the UK: Total,34,29,11,18,5,0,5
S01012807,Born outside the UK: Resident less than 2 years,1,1,0,1,0,0,0
S01012807,Born outside the UK: Resident 2 years or more and less than 5 years,2,1,0,1,1,0,1
S01012807,Born outside the UK: Resident 5 years or more and less than 10 years,6,5,1,4,1,0,1
S01012807,Born outside the UK: Resident 10 years or more,25,22,10,12,3,0,3
S01012808,All people in households,1059,875,315,560,184,85,99
S01012808,Born in the UK,1043,861,306,555,182,85,97
S01012808,Born outside the UK: Total,16,14,9,5,2,0,2
S01012808,Born outside the UK: Resident less than 2 years,1,0,0,0,1,0,1
S01012808,Born outside the UK: Resident 2 years or more and less than 5 years,0,0,0,0,0,0,0
S01012808,Born outside the UK: Resident 5 years or more and less than 10 years,1,0,0,0,1,0,1
S01012808,Born outside the UK: Resident 10 years or more,14,14,9,5,0,0,0
S01012809,All people in households,612,406,150,256,206,32,174
S01012809,Born in the UK,588,398,147,251,190,28,162
S01012809,Born outside the UK: Total,24,8,3,5,16,4,12
S01012809,Born outside the UK: Resident less than 2 years,3,0,0,0,3,0,3
S01012809,Born outside the UK: Resident 2 years or more and less than 5 years,1,0,0,0,1,0,1
S01012809,Born outside the UK: Resident 5 years or more and less than 10 years,14,2,0,2,12,4,8
S01012809,Born outside the UK: Resident 10 years or more,6,6,3,3,0,0,0
S01012810,All people in households,836,397,149,248,439,366,73
S01012810,Born in the UK,817,391,145,246,426,356,70
S01012810,Born outside the UK: Total,19,6,4,2,13,10,3
S01012810,Born outside the UK: Resident less than 2 years,1,0,0,0,1,0,1
S01012810,Born outside the UK: Resident 2 years or more and less than 5 years,3,1,0,1,2,0,2
S01012810,Born outside the UK: Resident 5 years or more and less than 10 years,3,0,0,0,3,3,0
S01012810,Born outside the UK: Resident 10 years or more,12,5,4,1,7,7,0
S01012811,All people in households,770,608,272,336,162,120,42
S01012811,Born in the UK,743,590,262,328,153,119,34
S01012811,Born outside the UK: Total,27,18,10,8,9,1,8
S01012811,Born outside the UK: Resident less than 2 years,6,2,1,1,4,0,4
S01012811,Born outside the UK: Resident 2 years or more and less than 5 years,1,0,0,0,1,0,1
S01012811,Born outside the UK: Resident 5 years or more and less than 10 years,4,2,2,0,2,0,2
S01012811,Born outside the UK: Resident 10 years or more,16,14,7,7,2,1,1
S01012812,All people in households,666,549,153,396,117,73,44
S01012812,Born in the UK,645,534,150,384,111,71,40
S01012812,Born outside the UK: Total,21,15,3,12,6,2,4
S01012812,Born outside the UK: Resident less than 2 years,3,2,0,2,1,0,1
S01012812,Born outside the UK: Resident 2 years or more and less than 5 years,4,2,0,2,2,1,1
S01012812,Born outside the UK: Resident 5 years or more and less than 10 years,5,5,0,5,0,0,0
S01012812,Born outside the UK: Resident 10 years or more,9,6,3,3,3,1,2
S01012813,All people in households,884,850,383,467,34,7,27
S01012813,Born in the UK,861,829,373,456,32,6,26
S01012813,Born outside the UK: Total,23,21,10,11,2,1,1
S01012813,Born outside the UK: Resident less than 2 years,2,2,0,2,0,0,0
S01012813,Born outside the UK: Resident 2 years or more and less than 5 years,3,3,1,2,0,0,0
S01012813,Born outside the UK: Resident 5 years or more and less than 10 years,3,2,0,2,1,0,1
S01012813,Born outside the UK: Resident 10 years or more,15,14,9,5,1,1,0
S01012814,All people in households,836,774,124,650,62,13,49
S01012814,Born in the UK,809,757,120,637,52,12,40
S01012814,Born outside the UK: Total,27,17,4,13,10,1,9
S01012814,Born outside the UK: Resident less than 2 years,1,0,0,0,1,1,0
S01012814,Born outside the UK: Resident 2 years or more and less than 5 years,6,1,0,1,5,0,5
S01012814,Born outside the UK: Resident 5 years or more and less than 10 years,8,6,0,6,2,0,2
S01012814,Born outside the UK: Resident 10 years or more,12,10,4,6,2,0,2
S01012815,All people in households,875,732,77,655,143,38,105
S01012815,Born in the UK,823,709,75,634,114,32,82
S01012815,Born outside the UK: Total,52,23,2,21,29,6,23
S01012815,Born outside the UK: Resident less than 2 years,6,1,0,1,5,0,5
S01012815,Born outside the UK: Resident 2 years or more and less than 5 years,13,2,0,2,11,5,6
S01012815,Born outside the UK: Resident 5 years or more and less than 10 years,18,9,0,9,9,0,9
S01012815,Born outside the UK: Resident 10 years or more,15,11,2,9,4,1,3
S01012816,All people in households,583,472,59,413,111,28,83
S01012816,Born in the UK,551,454,59,395,97,28,69
S01012816,Born outside the UK: Total,32,18,0,18,14,0,14
S01012816,Born outside the UK: Resident less than 2 years,1,0,0,0,1,0,1
S01012816,Born outside the UK: Resident 2 years or more and less than 5 years,4,4,0,4,0,0,0
S01012816,Born outside the UK: Resident 5 years or more and less than 10 years,18,9,0,9,9,0,9
S01012816,Born outside the UK: Resident 10 years or more,9,5,0,5,4,0,4
S01012817,All people in households,563,527,48,479,36,20,16
S01012817,Born in the UK,535,505,48,457,30,20,10
S01012817,Born outside the UK: Total,28,22,0,22,6,0,6
S01012817,Born outside the UK: Resident less than 2 years,1,1,0,1,0,0,0
S01012817,Born outside the UK: Resident 2 years or more and less than 5 years,2,0,0,0,2,0,2
S01012817,Born outside the UK: Resident 5 years or more and less than 10 years,8,4,0,4,4,0,4
S01012817,Born outside the UK: Resident 10 years or more,17,17,0,17,0,0,0
S01012818,All people in households,840,769,149,620,71,28,43
S01012818,Born in the UK,797,739,137,602,58,26,32
S01012818,Born outside the UK: Total,43,30,12,18,13,2,11
S01012818,Born outside the UK: Resident less than 2 years,2,0,0,0,2,0,2
S01012818,Born outside the UK: Resident 2 years or more and less than 5 years,4,1,0,1,3,0,3
S01012818,Born outside the UK: Resident 5 years or more and less than 10 years,11,5,1,4,6,2,4
S01012818,Born outside the UK: Resident 10 years or more,26,24,11,13,2,0,2
S01012819,All people in households,735,420,133,287,315,247,68
S01012819,Born in the UK,723,416,132,284,307,242,65
S01012819,Born outside the UK: Total,12,4,1,3,8,5,3
S01012819,Born outside the UK: Resident less than 2 years,0,0,0,0,0,0,0
S01012819,Born outside the UK: Resident 2 years or more and less than 5 years,1,0,0,0,1,1,0
S01012819,Born outside the UK: Resident 5 years or more and less than 10 years,7,3,1,2,4,1,3
S01012819,Born outside the UK: Resident 10 years or more,4,1,0,1,3,3,0
S01012820,All people in households,1027,906,129,777,121,67,54
S01012820,Born in the UK,966,859,125,734,107,65,42
S01012820,Born outside the UK: Total,61,47,4,43,14,2,12
S01012820,Born outside the UK: Resident less than 2 years,7,4,1,3,3,0,3
S01012820,Born outside the UK: Resident 2 years or more and less than 5 years,5,3,0,3,2,0,2
S01012820,Born outside the UK: Resident 5 years or more and less than 10 years,21,17,1,16,4,0,4
S01012820,Born outside the UK: Resident 10 years or more,28,23,2,21,5,2,3
S01012821,All people in households,772,665,39,626,107,31,76
S01012821,Born in the UK,678,604,37,567,74,22,52
S01012821,Born outside the UK: Total,94,61,2,59,33,9,24
S01012821,Born outside the UK: Resident less than 2 years,6,5,0,5,1,0,1
S01012821,Born outside the UK: Resident 2 years or more and less than 5 years,18,3,0,3,15,7,8
S01012821,Born outside the UK: Resident 5 years or more and less than 10 years,21,20,0,20,1,1,0
S01012821,Born outside the UK: Resident 10 years or more,49,33,2,31,16,1,15
S01012822,All people in households,474,160,51,109,314,233,81
S01012822,Born in the UK,455,151,50,101,304,229,75
S01012822,Born outside the UK: Total,19,9,1,8,10,4,6
S01012822,Born outside the UK: Resident less than 2 years,1,0,0,0,1,0,1
S01012822,Born outside the UK: Resident 2 years or more and less than 5 years,2,0,0,0,2,2,0
S01012822,Born outside the UK: Resident 5 years or more and less than 10 years,9,4,0,4,5,0,5
S01012822,Born outside the UK: Resident 10 years or more,7,5,1,4,2,2,0
S01012823,All people in households,847,791,84,707,56,7,49
S01012823,Born in the UK,802,753,79,674,49,7,42
S01012823,Born outside the UK: Total,45,38,5,33,7,0,7
S01012823,Born outside the UK: Resident less than 2 years,1,1,0,1,0,0,0
S01012823,Born outside the UK: Resident 2 years or more and less than 5 years,7,1,0,1,6,0,6
S01012823,Born outside the UK: Resident 5 years or more and less than 10 years,11,11,0,11,0,0,0
S01012823,Born outside the UK: Resident 10 years or more,26,25,5,20,1,0,1
S01012824,All people in households,664,555,101,454,109,73,36
S01012824,Born in the UK,640,535,100,435,105,73,32
S01012824,Born outside the UK: Total,24,20,1,19,4,0,4
S01012824,Born outside the UK: Resident less than 2 years,2,1,0,1,1,0,1
S01012824,Born outside the UK: Resident 2 years or more and less than 5 years,1,1,0,1,0,0,0
S01012824,Born outside the UK: Resident 5 years or more and less than 10 years,7,5,0,5,2,0,2
S01012824,Born outside the UK: Resident 10 years or more,14,13,1,12,1,0,1
S01012825,All people in households,475,256,74,182,219,161,58
S01012825,Born in the UK,460,248,69,179,212,161,51
S01012825,Born outside the UK: Total,15,8,5,3,7,0,7
S01012825,Born outside the UK: Resident less than 2 years,2,2,1,1,0,0,0
S01012825,Born outside the UK: Resident 2 years or more and less than 5 years,4,0,0,0,4,0,4
S01012825,Born outside the UK: Resident 5 years or more and less than 10 years,3,1,0,1,2,0,2
S01012825,Born outside the UK: Resident 10 years or more,6,5,4,1,1,0,1
S01012826,All people in households,599,149,15,134,450,435,15
S01012826,Born in the UK,577,137,14,123,440,433,7
S01012826,Born outside the UK: Total,22,12,1,11,10,2,8
S01012826,Born outside the UK: Resident less than 2 years,0,0,0,0,0,0,0
S01012826,Born outside the UK: Resident 2 years or more and less than 5 years,5,5,0,5,0,0,0
S01012826,Born outside the UK: Resident 5 years or more and less than 10 years,13,7,1,6,6,0,6
S01012826,Born outside the UK: Resident 10 years or more,4,0,0,0,4,2,2
S01012827,All people in households,702,624,44,580,78,28,50
S01012827,Born in the UK,651,579,39,540,72,27,45
S01012827,Born outside the UK: Total,51,45,5,40,6,1,5
S01012827,Born outside the UK: Resident less than 2 years,4,3,0,3,1,0,1
S01012827,Born outside the UK: Resident 2 years or more and less than 5 years,7,4,0,4,3,0,3
S01012827,Born outside the UK: Resident 5 years or more and less than 10 years,19,19,0,19,0,0,0
S01012827,Born outside the UK: Resident 10 years or more,21,19,5,14,2,1,1
S01012828,All people in households,583,529,77,452,54,5,49
S01012828,Born in the UK,550,501,70,431,49,5,44
S01012828,Born outside the UK: Total,33,28,7,21,5,0,5
S01012828,Born outside the UK: Resident less than 2 years,4,4,0,4,0,0,0
S01012828,Born outside the UK: Resident 2 years or more and less than 5 years,8,5,2,3,3,0,3
S01012828,Born outside the UK: Resident 5 years or more and less than 10 years,10,9,0,9,1,0,1
S01012828,Born outside the UK: Resident 10 years or more,11,10,5,5,1,0,1
S01012829,All people in households,865,416,94,322,449,379,70
S01012829,Born in the UK,837,395,91,304,442,376,66
S01012829,Born outside the UK: Total,28,21,3,18,7,3,4
S01012829,Born outside the UK: Resident less than 2 years,3,3,0,3,0,0,0
S01012829,Born outside the UK: Resident 2 years or more and less than 5 years,5,3,0,3,2,0,2
S01012829,Born outside the UK: Resident 5 years or more and less than 10 years,11,7,0,7,4,3,1
S01012829,Born outside the UK: Resident 10 years or more,9,8,3,5,1,0,1
S01012830,All people in households,690,464,128,336,226,190,36
S01012830,Born in the UK,671,453,124,329,218,184,34
S01012830,Born outside the UK: Total,19,11,4,7,8,6,2
S01012830,Born outside the UK: Resident less than 2 years,1,1,1,0,0,0,0
S01012830,Born outside the UK: Resident 2 years or more and less than 5 years,2,0,0,0,2,0,2
S01012830,Born outside the UK: Resident 5 years or more and less than 10 years,5,0,0,0,5,5,0
S01012830,Born outside the UK: Resident 10 years or more,11,10,3,7,1,1,0
S01012831,All people in households,630,388,163,225,242,202,40
S01012831,Born in the UK,609,380,159,221,229,196,33
S01012831,Born outside the UK: Total,21,8,4,4,13,6,7
S01012831,Born outside the UK: Resident less than 2 years,2,0,0,0,2,0,2
S01012831,Born outside the UK: Resident 2 years or more and less than 5 years,4,1,0,1,3,3,0
S01012831,Born outside the UK: Resident 5 years or more and less than 10 years,4,0,0,0,4,0,4
S01012831,Born outside the UK: Resident 10 years or more,11,7,4,3,4,3,1
S01012832,All people in households,544,361,95,266,183,159,24
S01012832,Born in the UK,534,355,95,260,179,157,22
S01012832,Born outside the UK: Total,10,6,0,6,4,2,2
S01012832,Born outside the UK: Resident less than 2 years,1,0,0,0,1,0,1
S01012832,Born outside the UK: Resident 2 years or more and less than 5 years,2,0,0,0,2,2,0
S01012832,Born outside the UK: Resident 5 years or more and less than 10 years,0,0,0,0,0,0,0
S01012832,Born outside the UK: Resident 10 years or more,7,6,0,6,1,0,1
S01012833,All people in households,714,312,118,194,402,372,30
S01012833,Born in the UK,693,299,116,183,394,366,28
S01012833,Born outside the UK: Total,21,13,2,11,8,6,2
S01012833,Born outside the UK: Resident less than 2 years,2,2,0,2,0,0,0
S01012833,Born outside the UK: Resident 2 years or more and less than 5 years,4,3,0,3,1,0,1
S01012833,Born outside the UK: Resident 5 years or more and less than 10 years,5,3,0,3,2,1,1
S01012833,Born outside the UK: Resident 10 years or more,10,5,2,3,5,5,0
S01012834,All people in households,616,387,150,237,229,198,31
S01012834,Born in the UK,603,379,150,229,224,196,28
S01012834,Born outside the UK: Total,13,8,0,8,5,2,3
S01012834,Born outside the UK: Resident less than 2 years,0,0,0,0,0,0,0
S01012834,Born outside the UK: Resident 2 years or more and less than 5 years,1,0,0,0,1,0,1
S01012834,Born outside the UK: Resident 5 years or more and less than 10 years,1,0,0,0,1,1,0
S01012834,Born outside the UK: Resident 10 years or more,11,8,0,8,3,1,2
S01012835,All people in households,804,573,193,380,231,149,82
S01012835,Born in the UK,770,551,187,364,219,145,74
S01012835,Born outside the UK: Total,34,22,6,16,12,4,8
S01012835,Born outside the UK: Resident less than 2 years,0,0,0,0,0,0,0
S01012835,Born outside the UK: Resident 2 years or more and less than 5 years,8,2,0,2,6,1,5
S01012835,Born outside the UK: Resident 5 years or more and less than 10 years,9,4,0,4,5,2,3
S01012835,Born outside the UK: Resident 10 years or more,17,16,6,10,1,1,0
S01012836,All people in households,673,628,65,563,45,21,24
S01012836,Born in the UK,642,603,61,542,39,21,18
S01012836,Born outside the UK: Total,31,25,4,21,6,0,6
S01012836,Born outside the UK: Resident less than 2 years,1,1,1,0,0,0,0
S01012836,Born outside the UK: Resident 2 years or more and less than 5 years,4,0,0,0,4,0,4
S01012836,Born outside the UK: Resident 5 years or more and less than 10 years,2,1,0,1,1,0,1
S01012836,Born outside the UK: Resident 10 years or more,24,23,3,20,1,0,1
S01012837,All people in households,735,107,22,85,628,602,26
S01012837,Born in the UK,710,103,22,81,607,581,26
S01012837,Born outside the UK: Total,25,4,0,4,21,21,0
S01012837,Born outside the UK: Resident less than 2 years,3,0,0,0,3,3,0
S01012837,Born outside the UK: Resident 2 years or more and less than 5 years,11,1,0,1,10,10,0
S01012837,Born outside the UK: Resident 5 years or more and less than 10 years,1,0,0,0,1,1,0
S01012837,Born outside the UK: Resident 10 years or more,10,3,0,3,7,7,0
S01012838,All people in households,917,92,16,76,825,790,35
S01012838,Born in the UK,862,82,13,69,780,757,23
S01012838,Born outside the UK: Total,55,10,3,7,45,33,12
S01012838,Born outside the UK: Resident less than 2 years,13,2,0,2,11,9,2
S01012838,Born outside the UK: Resident 2 years or more and less than 5 years,20,0,0,0,20,14,6
S01012838,Born outside the UK: Resident 5 years or more and less than 10 years,8,1,0,1,7,5,2
S01012838,Born outside the UK: Resident 10 years or more,14,7,3,4,7,5,2
S01012839,All people in households,666,637,182,455,29,19,10
S01012839,Born in the UK,652,628,177,451,24,14,10
S01012839,Born outside the UK: Total,14,9,5,4,5,5,0
S01012839,Born outside the UK: Resident less than 2 years,4,0,0,0,4,4,0
S01012839,Born outside the UK: Resident 2 years or more and less than 5 years,0,0,0,0,0,0,0
S01012839,Born outside the UK: Resident 5 years or more and less than 10 years,1,0,0,0,1,1,0
S01012839,Born outside the UK: Resident 10 years or more,9,9,5,4,0,0,0
S01012840,All people in households,786,727,109,618,59,21,38
S01012840,Born in the UK,747,696,105,591,51,21,30
S01012840,Born outside the UK: Total,39,31,4,27,8,0,8
S01012840,Born outside the UK: Resident less than 2 years,4,0,0,0,4,0,4
S01012840,Born outside the UK: Resident 2 years or more and less than 5 years,6,5,0,5,1,0,1
S01012840,Born outside the UK: Resident 5 years or more and less than 10 years,4,4,0,4,0,0,0
S01012840,Born outside the UK: Resident 10 years or more,25,22,4,18,3,0,3
S01012841,All people in households,589,531,191,340,58,29,29
S01012841,Born in the UK,563,510,186,324,53,27,26
S01012841,Born outside the UK: Total,26,21,5,16,5,2,3
S01012841,Born outside the UK: Resident less than 2 years,3,2,0,2,1,0,1
S01012841,Born outside the UK: Resident 2 years or more and less than 5 years,1,1,0,1,0,0,0
S01012841,Born outside the UK: Resident 5 years or more and less than 10 years,5,1,0,1,4,2,2
S01012841,Born outside the UK: Resident 10 years or more,17,17,5,12,0,0,0
S01012842,All people in households,475,435,142,293,40,15,25
S01012842,Born in the UK,460,423,135,288,37,15,22
S01012842,Born outside the UK: Total,15,12,7,5,3,0,3
S01012842,Born outside the UK: Resident less than 2 years,0,0,0,0,0,0,0
S01012842,Born outside the UK: Resident 2 years or more and less than 5 years,3,0,0,0,3,0,3
S01012842,Born outside the UK: Resident 5 years or more and less than 10 years,0,0,0,0,0,0,0
S01012842,Born outside the UK: Resident 10 years or more,12,12,7,5,0,0,0
S01012843,All people in households,979,916,347,569,63,28,35
S01012843,Born in the UK,937,882,336,546,55,21,34
S01012843,Born outside the UK: Total,42,34,11,23,8,7,1
S01012843,Born outside the UK: Resident less than 2 years,1,0,0,0,1,1,0
S01012843,Born outside the UK: Resident 2 years or more and less than 5 years,5,2,0,2,3,3,0
S01012843,Born outside the UK: Resident 5 years or more and less than 10 years,5,1,0,1,4,3,1
S01012843,Born outside the UK: Resident 10 years or more,31,31,11,20,0,0,0
S01012844,All people in households,697,663,255,408,34,21,13
S01012844,Born in the UK,659,631,245,386,28,17,11
S01012844,Born outside the UK: Total,38,32,10,22,6,4,2
S01012844,Born outside the UK: Resident less than 2 years,4,3,3,0,1,0,1
S01012844,Born outside the UK: Resident 2 years or more and less than 5 years,5,2,0,2,3,3,0
S01012844,Born outside the UK: Resident 5 years or more and less than 10 years,5,4,0,4,1,1,0
S01012844,Born outside the UK: Resident 10 years or more,24,23,7,16,1,0,1
S01012845,All people in households,685,602,222,380,83,38,45
S01012845,Born in the UK,669,587,213,374,82,38,44
S01012845,Born outside the UK: Total,16,15,9,6,1,0,1
S01012845,Born outside the UK: Resident less than 2 years,0,0,0,0,0,0,0
S01012845,Born outside the UK: Resident 2 years or more and less than 5 years,1,1,1,0,0,0,0
S01012845,Born outside the UK: Resident 5 years or more and less than 10 years,3,2,2,0,1,0,1
S01012845,Born outside the UK: Resident 10 years or more,12,12,6,6,0,0,0
S01012846,All people in households,926,413,163,250,513,372,141
S01012846,Born in the UK,903,403,162,241,500,368,132
S01012846,Born outside the UK: Total,23,10,1,9,13,4,9
S01012846,Born outside the UK: Resident less than 2 years,3,0,0,0,3,0,3
S01012846,Born outside the UK: Resident 2 years or more and less than 5 years,4,0,0,0,4,0,4
S01012846,Born outside the UK: Resident 5 years or more and less than 10 years,3,3,0,3,0,0,0
S01012846,Born outside the UK: Resident 10 years or more,13,7,1,6,6,4,2
S01012847,All people in households,547,443,129,314,104,75,29
S01012847,Born in the UK,537,436,127,309,101,73,28
S01012847,Born outside the UK: Total,10,7,2,5,3,2,1
S01012847,Born outside the UK: Resident less than 2 years,0,0,0,0,0,0,0
S01012847,Born outside the UK: Resident 2 years or more and less than 5 years,0,0,0,0,0,0,0
S01012847,Born outside the UK: Resident 5 years or more and less than 10 years,0,0,0,0,0,0,0
S01012847,Born outside the UK: Resident 10 years or more,10,7,2,5,3,2,1
S01012848,All people in households,773,655,159,496,118,29,89
S01012848,Born in the UK,734,636,157,479,98,28,70
S01012848,Born outside the UK: Total,39,19,2,17,20,1,19
S01012848,Born outside the UK: Resident less than 2 years,1,0,0,0,1,0,1
S01012848,Born outside the UK: Resident 2 years or more and less than 5 years,11,2,0,2,9,0,9
S01012848,Born outside the UK: Resident 5 years or more and less than 10 years,13,8,0,8,5,0,5
S01012848,Born outside the UK: Resident 10 years or more,14,9,2,7,5,1,4
S01012849,All people in households,683,332,107,225,351,133,218
S01012849,Born in the UK,644,320,105,215,324,131,193
S01012849,Born outside the UK: Total,39,12,2,10,27,2,25
S01012849,Born outside the UK: Resident less than 2 years,5,0,0,0,5,0,5
S01012849,Born outside the UK: Resident 2 years or more and less than 5 years,15,0,0,0,15,0,15
S01012849,Born outside the UK: Resident 5 years or more and less than 10 years,5,4,0,4,1,0,1
S01012849,Born outside the UK: Resident 10 years or more,14,8,2,6,6,2,4
S01012850,All people in households,710,519,182,337,191,172,19
S01012850,Born in the UK,696,509,179,330,187,170,17
S01012850,Born outside the UK: Total,14,10,3,7,4,2,2
S01012850,Born outside the UK: Resident less than 2 years,2,1,0,1,1,0,1
S01012850,Born outside the UK: Resident 2 years or more and less than 5 years,1,0,0,0,1,0,1
S01012850,Born outside the UK: Resident 5 years or more and less than 10 years,0,0,0,0,0,0,0
S01012850,Born outside the UK: Resident 10 years or more,11,9,3,6,2,2,0
S01012851,All people in households,803,664,248,416,139,125,14
S01012851,Born in the UK,782,647,245,402,135,123,12
S01012851,Born outside the UK: Total,21,17,3,14,4,2,2
S01012851,Born outside the UK: Resident less than 2 years,3,3,0,3,0,0,0
S01012851,Born outside the UK: Resident 2 years or more and less than 5 years,1,1,0,1,0,0,0
S01012851,Born outside the UK: Resident 5 years or more and less than 10 years,4,4,0,4,0,0,0
S01012851,Born outside the UK: Resident 10 years or more,13,9,3,6,4,2,2
S01012852,All people in households,696,644,301,343,52,16,36
S01012852,Born in the UK,666,623,287,336,43,15,28
S01012852,Born outside the UK: Total,30,21,14,7,9,1,8
S01012852,Born outside the UK: Resident less than 2 years,5,4,4,0,1,0,1
S01012852,Born outside the UK: Resident 2 years or more and less than 5 years,2,0,0,0,2,0,2
S01012852,Born outside the UK: Resident 5 years or more and less than 10 years,8,4,2,2,4,0,4
S01012852,Born outside the UK: Resident 10 years or more,15,13,8,5,2,1,1
S01012853,All people in households,772,722,371,351,50,12,38
S01012853,Born in the UK,750,704,360,344,46,12,34
S01012853,Born outside the UK: Total,22,18,11,7,4,0,4
S01012853,Born outside the UK: Resident less than 2 years,3,2,2,0,1,0,1
S01012853,Born outside the UK: Resident 2 years or more and less than 5 years,4,1,1,0,3,0,3
S01012853,Born outside the UK: Resident 5 years or more and less than 10 years,0,0,0,0,0,0,0
S01012853,Born outside the UK: Resident 10 years or more,15,15,8,7,0,0,0
S01012854,All people in households,797,737,219,518,60,6,54
S01012854,Born in the UK,774,719,218,501,55,6,49
S01012854,Born outside the UK: Total,23,18,1,17,5,0,5
S01012854,Born outside the UK: Resident less than 2 years,2,1,0,1,1,0,1
S01012854,Born outside the UK: Resident 2 years or more and less than 5 years,0,0,0,0,0,0,0
S01012854,Born outside the UK: Resident 5 years or more and less than 10 years,6,4,0,4,2,0,2
S01012854,Born outside the UK: Resident 10 years or more,15,13,1,12,2,0,2
S01012855,All people in households,642,529,130,399,113,19,94
S01012855,Born in the UK,611,507,122,385,104,14,90
S01012855,Born outside the UK: Total,31,22,8,14,9,5,4
S01012855,Born outside the UK: Resident less than 2 years,0,0,0,0,0,0,0
S01012855,Born outside the UK: Resident 2 years or more and less than 5 years,6,2,1,1,4,0,4
S01012855,Born outside the UK: Resident 5 years or more and less than 10 years,8,8,3,5,0,0,0
S01012855,Born outside the UK: Resident 10 years or more,17,12,4,8,5,5,0
S01012856,All people in households,667,420,154,266,247,163,84
S01012856,Born in the UK,645,408,151,257,237,160,77
S01012856,Born outside the UK: Total,22,12,3,9,10,3,7
S01012856,Born outside the UK: Resident less than 2 years,0,0,0,0,0,0,0
S01012856,Born outside the UK: Resident 2 years or more and less than 5 years,0,0,0,0,0,0,0
S01012856,Born outside the UK: Resident 5 years or more and less than 10 years,6,1,0,1,5,1,4
S01012856,Born outside the UK: Resident 10 years or more,16,11,3,8,5,2,3
S01012857,All people in households,807,486,220,266,321,255,66
S01012857,Born in the UK,795,478,218,260,317,252,65
S01012857,Born outside the UK: Total,12,8,2,6,4,3,1
S01012857,Born outside the UK: Resident less than 2 years,0,0,0,0,0,0,0
S01012857,Born outside the UK: Resident 2 years or more and less than 5 years,1,0,0,0,1,0,1
S01012857,Born outside the UK: Resident 5 years or more and less than 10 years,1,1,0,1,0,0,0
S01012857,Born outside the UK: Resident 10 years or more,10,7,2,5,3,3,0
S01012858,All people in households,689,322,75,247,367,304,63
S01012858,Born in the UK,667,310,75,235,357,302,55
S01012858,Born outside the UK: Total,22,12,0,12,10,2,8
S01012858,Born outside the UK: Resident less than 2 years,0,0,0,0,0,0,0
S01012858,Born outside the UK: Resident 2 years or more and less than 5 years,4,3,0,3,1,0,1
S01012858,Born outside the UK: Resident 5 years or more and less than 10 years,5,5,0,5,0,0,0
S01012858,Born outside the UK: Resident 10 years or more,13,4,0,4,9,2,7
S01012859,All people in households,1014,693,143,550,321,150,171
S01012859,Born in the UK,944,641,138,503,303,139,164
S01012859,Born outside the UK: Total,70,52,5,47,18,11,7
S01012859,Born outside the UK: Resident less than 2 years,6,2,0,2,4,0,4
S01012859,Born outside the UK: Resident 2 years or more and less than 5 years,16,11,0,11,5,3,2
S01012859,Born outside the UK: Resident 5 years or more and less than 10 years,32,26,5,21,6,5,1
S01012859,Born outside the UK: Resident 10 years or more,16,13,0,13,3,3,0
S01012860,All people in households,808,687,268,419,121,37,84
S01012860,Born in the UK,790,671,259,412,119,37,82
S01012860,Born outside the UK: Total,18,16,9,7,2,0,2
S01012860,Born outside the UK: Resident less than 2 years,2,1,0,1,1,0,1
S01012860,Born outside the UK: Resident 2 years or more and less than 5 years,1,1,1,0,0,0,0
S01012860,Born outside the UK: Resident 5 years or more and less than 10 years,1,0,0,0,1,0,1
S01012860,Born outside the UK: Resident 10 years or more,14,14,8,6,0,0,0
S01012861,All people in households,687,619,241,378,68,18,50
S01012861,Born in the UK,647,586,230,356,61,17,44
S01012861,Born outside the UK: Total,40,33,11,22,7,1,6
S01012861,Born outside the UK: Resident less than 2 years,6,2,1,1,4,0,4
S01012861,Born outside the UK: Resident 2 years or more and less than 5 years,5,3,0,3,2,0,2
S01012861,Born outside the UK: Resident 5 years or more and less than 10 years,8,8,2,6,0,0,0
S01012861,Born outside the UK: Resident 10 years or more,21,20,8,12,1,1,0
S01012862,All people in households,588,250,67,183,338,272,66
S01012862,Born in the UK,523,215,62,153,308,252,56
S01012862,Born outside the UK: Total,65,35,5,30,30,20,10
S01012862,Born outside the UK: Resident less than 2 years,11,8,0,8,3,2,1
S01012862,Born outside the UK: Resident 2 years or more and less than 5 years,14,5,0,5,9,5,4
S01012862,Born outside the UK: Resident 5 years or more and less than 10 years,13,9,0,9,4,4,0
S01012862,Born outside the UK: Resident 10 years or more,27,13,5,8,14,9,5
S01012863,All people in households,621,198,51,147,423,321,102
S01012863,Born in the UK,589,192,47,145,397,308,89
S01012863,Born outside the UK: Total,32,6,4,2,26,13,13
S01012863,Born outside the UK: Resident less than 2 years,13,0,0,0,13,5,8
S01012863,Born outside the UK: Resident 2 years or more and less than 5 years,4,1,1,0,3,2,1
S01012863,Born outside the UK: Resident 5 years or more and less than 10 years,4,1,1,0,3,1,2
S01012863,Born outside the UK: Resident 10 years or more,11,4,2,2,7,5,2
S01012864,All people in households,775,286,74,212,489,392,97
S01012864,Born in the UK,735,266,72,194,469,390,79
S01012864,Born outside the UK: Total,40,20,2,18,20,2,18
S01012864,Born outside the UK: Resident less than 2 years,17,1,0,1,16,0,16
S01012864,Born outside the UK: Resident 2 years or more and less than 5 years,7,7,0,7,0,0,0
S01012864,Born outside the UK: Resident 5 years or more and less than 10 years,4,3,1,2,1,0,1
S01012864,Born outside the UK: Resident 10 years or more,12,9,1,8,3,2,1
S01012865,All people in households,779,565,202,363,214,163,51
S01012865,Born in the UK,761,554,196,358,207,158,49
S01012865,Born outside the UK: Total,18,11,6,5,7,5,2
S01012865,Born outside the UK: Resident less than 2 years,3,2,0,2,1,1,0
S01012865,Born outside the UK: Resident 2 years or more and less than 5 years,0,0,0,0,0,0,0
S01012865,Born outside the UK: Resident 5 years or more and less than 10 years,1,1,0,1,0,0,0
S01012865,Born outside the UK: Resident 10 years or more,14,8,6,2,6,4,2
S01012866,All people in households,749,561,132,429,188,130,58
S01012866,Born in the UK,702,523,118,405,179,129,50
S01012866,Born outside the UK: Total,47,38,14,24,9,1,8
S01012866,Born outside the UK: Resident less than 2 years,14,10,0,10,4,0,4
S01012866,Born outside the UK: Resident 2 years or more and less than 5 years,5,4,0,4,1,0,1
S01012866,Born outside the UK: Resident 5 years or more and less than 10 years,7,5,0,5,2,1,1
S01012866,Born outside the UK: Resident 10 years or more,21,19,14,5,2,0,2
S01012867,All people in households,720,366,137,229,354,307,47
S01012867,Born in the UK,703,358,135,223,345,302,43
S01012867,Born outside the UK: Total,17,8,2,6,9,5,4
S01012867,Born outside the UK: Resident less than 2 years,3,0,0,0,3,0,3
S01012867,Born outside the UK: Resident 2 years or more and less than 5 years,2,2,0,2,0,0,0
S01012867,Born outside the UK: Resident 5 years or more and less than 10 years,0,0,0,0,0,0,0
S01012867,Born outside the UK: Resident 10 years or more,12,6,2,4,6,5,1
S01012868,All people in households,554,299,128,171,255,178,77
S01012868,Born in the UK,533,289,122,167,244,172,72
S01012868,Born outside the UK: Total,21,10,6,4,11,6,5
S01012868,Born outside the UK: Resident less than 2 years,2,0,0,0,2,0,2
S01012868,Born outside the UK: Resident 2 years or more and less than 5 years,6,1,0,1,5,4,1
S01012868,Born outside the UK: Resident 5 years or more and less than 10 years,5,2,0,2,3,1,2
S01012868,Born outside the UK: Resident 10 years or more,8,7,6,1,1,1,0
S01012869,All people in households,546,143,43,100,403,376,27
S01012869,Born in the UK,523,132,40,92,391,368,23
S01012869,Born outside the UK: Total,23,11,3,8,12,8,4
S01012869,Born outside the UK: Resident less than 2 years,2,0,0,0,2,1,1
S01012869,Born outside the UK: Resident 2 years or more and less than 5 years,10,6,2,4,4,2,2
S01012869,Born outside the UK: Resident 5 years or more and less than 10 years,9,4,0,4,5,4,1
S01012869,Born outside the UK: Resident 10 years or more,2,1,1,0,1,1,0
S01012870,All people in households,915,754,282,472,161,113,48
S01012870,Born in the UK,889,739,273,466,150,107,43
S01012870,Born outside the UK: Total,26,15,9,6,11,6,5
S01012870,Born outside the UK: Resident less than 2 years,0,0,0,0,0,0,0
S01012870,Born outside the UK: Resident 2 years or more and less than 5 years,4,1,0,1,3,0,3
S01012870,Born outside the UK: Resident 5 years or more and less than 10 years,5,3,1,2,2,2,0
S01012870,Born outside the UK: Resident 10 years or more,17,11,8,3,6,4,2
S01012871,All people in households,815,686,266,420,129,27,102
S01012871,Born in the UK,762,654,254,400,108,23,85
S01012871,Born outside the UK: Total,53,32,12,20,21,4,17
S01012871,Born outside the UK: Resident less than 2 years,6,2,0,2,4,0,4
S01012871,Born outside the UK: Resident 2 years or more and less than 5 years,10,3,0,3,7,1,6
S01012871,Born outside the UK: Resident 5 years or more and less than 10 years,12,5,0,5,7,2,5
S01012871,Born outside the UK: Resident 10 years or more,25,22,12,10,3,1,2
S01012872,All people in households,726,564,166,398,162,13,149
S01012872,Born in the UK,661,529,163,366,132,10,122
S01012872,Born outside the UK: Total,65,35,3,32,30,3,27
S01012872,Born outside the UK: Resident less than 2 years,12,3,0,3,9,1,8
S01012872,Born outside the UK: Resident 2 years or more and less than 5 years,22,8,0,8,14,0,14
S01012872,Born outside the UK: Resident 5 years or more and less than 10 years,18,14,0,14,4,2,2
S01012872,Born outside the UK: Resident 10 years or more,13,10,3,7,3,0,3
S01012873,All people in households,801,634,170,464,167,30,137
S01012873,Born in the UK,757,607,161,446,150,29,121
S01012873,Born outside the UK: Total,44,27,9,18,17,1,16
S01012873,Born outside the UK: Resident less than 2 years,6,4,0,4,2,0,2
S01012873,Born outside the UK: Resident 2 years or more and less than 5 years,6,2,0,2,4,0,4
S01012873,Born outside the UK: Resident 5 years or more and less than 10 years,10,4,0,4,6,0,6
S01012873,Born outside the UK: Resident 10 years or more,22,17,9,8,5,1,4
S01012874,All people in households,777,472,131,341,305,254,51
S01012874,Born in the UK,750,463,129,334,287,248,39
S01012874,Born outside the UK: Total,27,9,2,7,18,6,12
S01012874,Born outside the UK: Resident less than 2 years,6,0,0,0,6,0,6
S01012874,Born outside the UK: Resident 2 years or more and less than 5 years,6,1,0,1,5,4,1
S01012874,Born outside the UK: Resident 5 years or more and less than 10 years,8,3,1,2,5,0,5
S01012874,Born outside the UK: Resident 10 years or more,7,5,1,4,2,2,0
S01012875,All people in households,573,320,103,217,253,194,59
S01012875,Born in the UK,540,306,98,208,234,187,47
S01012875,Born outside the UK: Total,33,14,5,9,19,7,12
S01012875,Born outside the UK: Resident less than 2 years,7,0,0,0,7,0,7
S01012875,Born outside the UK: Resident 2 years or more and less than 5 years,3,0,0,0,3,1,2
S01012875,Born outside the UK: Resident 5 years or more and less than 10 years,7,1,0,1,6,4,2
S01012875,Born outside the UK: Resident 10 years or more,16,13,5,8,3,2,1
S01012876,All people in households,801,502,144,358,299,261,38
S01012876,Born in the UK,771,480,139,341,291,260,31
S01012876,Born outside the UK: Total,30,22,5,17,8,1,7
S01012876,Born outside the UK: Resident less than 2 years,0,0,0,0,0,0,0
S01012876,Born outside the UK: Resident 2 years or more and less than 5 years,4,1,0,1,3,0,3
S01012876,Born outside the UK: Resident 5 years or more and less than 10 years,13,10,0,10,3,0,3
S01012876,Born outside the UK: Resident 10 years or more,13,11,5,6,2,1,1
S01012877,All people in households,726,567,182,385,159,139,20
S01012877,Born in the UK,714,557,181,376,157,139,18
S01012877,Born outside the UK: Total,12,10,1,9,2,0,2
S01012877,Born outside the UK: Resident less than 2 years,0,0,0,0,0,0,0
S01012877,Born outside the UK: Resident 2 years or more and less than 5 years,0,0,0,0,0,0,0
S01012877,Born outside the UK: Resident 5 years or more and less than 10 years,2,0,0,0,2,0,2
S01012877,Born outside the UK: Resident 10 years or more,10,10,1,9,0,0,0
S01012878,All people in households,925,851,286,565,74,22,52
S01012878,Born in the UK,900,839,280,559,61,18,43
S01012878,Born outside the UK: Total,25,12,6,6,13,4,9
S01012878,Born outside the UK: Resident less than 2 years,0,0,0,0,0,0,0
S01012878,Born outside the UK: Resident 2 years or more and less than 5 years,8,0,0,0,8,3,5
S01012878,Born outside the UK: Resident 5 years or more and less than 10 years,2,1,0,1,1,0,1
S01012878,Born outside the UK: Resident 10 years or more,15,11,6,5,4,1,3
S01012879,All people in households,729,632,230,402,97,30,67
S01012879,Born in the UK,708,620,229,391,88,26,62
S01012879,Born outside the UK: Total,21,12,1,11,9,4,5
S01012879,Born outside the UK: Resident less than 2 years,3,1,0,1,2,1,1
S01012879,Born outside the UK: Resident 2 years or more and less than 5 years,3,0,0,0,3,2,1
S01012879,Born outside the UK: Resident 5 years or more and less than 10 years,1,1,0,1,0,0,0
S01012879,Born outside the UK: Resident 10 years or more,14,10,1,9,4,1,3
S01012880,All people in households,892,839,356,483,53,26,27
S01012880,Born in the UK,860,808,341,467,52,26,26
S01012880,Born outside the UK: Total,32,31,15,16,1,0,1
S01012880,Born outside the UK: Resident less than 2 years,2,2,0,2,0,0,0
S01012880,Born outside the UK: Resident 2 years or more and less than 5 years,3,3,0,3,0,0,0
S01012880,Born outside the UK: Resident 5 years or more and less than 10 years,2,2,0,2,0,0,0
S01012880,Born outside the UK: Resident 10 years or more,25,24,15,9,1,0,1
S01012881,All people in households,832,735,365,370,97,57,40
S01012881,Born in the UK,796,707,352,355,89,52,37
S01012881,Born outside the UK: Total,36,28,13,15,8,5,3
S01012881,Born outside the UK: Resident less than 2 years,1,1,0,1,0,0,0
S01012881,Born outside the UK: Resident 2 years or more and less than 5 years,0,0,0,0,0,0,0
S01012881,Born outside the UK: Resident 5 years or more and less than 10 years,7,2,0,2,5,4,1
S01012881,Born outside the UK: Resident 10 years or more,28,25,13,12,3,1,2
S01012882,All people in households,603,308,150,158,295,271,24
S01012882,Born in the UK,592,301,148,153,291,269,22
S01012882,Born outside the UK: Total,11,7,2,5,4,2,2
S01012882,Born outside the UK: Resident less than 2 years,0,0,0,0,0,0,0
S01012882,Born outside the UK: Resident 2 years or more and less than 5 years,1,0,0,0,1,0,1
S01012882,Born outside the UK: Resident 5 years or more and less than 10 years,4,2,2,0,2,1,1
S01012882,Born outside the UK: Resident 10 years or more,6,5,0,5,1,1,0
S01012883,All people in households,634,250,92,158,384,368,16
S01012883,Born in the UK,619,242,88,154,377,361,16
S01012883,Born outside the UK: Total,15,8,4,4,7,7,0
S01012883,Born outside the UK: Resident less than 2 years,0,0,0,0,0,0,0
S01012883,Born outside the UK: Resident 2 years or more and less than 5 years,0,0,0,0,0,0,0
S01012883,Born outside the UK: Resident 5 years or more and less than 10 years,3,3,0,3,0,0,0
S01012883,Born outside the UK: Resident 10 years or more,12,5,4,1,7,7,0
S01012884,All people in households,531,292,86,206,239,208,31
S01012884,Born in the UK,517,287,86,201,230,202,28
S01012884,Born outside the UK: Total,14,5,0,5,9,6,3
S01012884,Born outside the UK: Resident less than 2 years,1,0,0,0,1,0,1
S01012884,Born outside the UK: Resident 2 years or more and less than 5 years,2,0,0,0,2,1,1
S01012884,Born outside the UK: Resident 5 years or more and less than 10 years,3,1,0,1,2,2,0
S01012884,Born outside the UK: Resident 10 years or more,8,4,0,4,4,3,1
S01012885,All people in households,446,183,76,107,263,198,65
S01012885,Born in the UK,427,179,73,106,248,197,51
S01012885,Born outside the UK: Total,19,4,3,1,15,1,14
S01012885,Born outside the UK: Resident less than 2 years,0,0,0,0,0,0,0
S01012885,Born outside the UK: Resident 2 years or more and less than 5 years,6,0,0,0,6,0,6
S01012885,Born outside the UK: Resident 5 years or more and less than 10 years,5,0,0,0,5,0,5
S01012885,Born outside the UK: Resident 10 years or more,8,4,3,1,4,1,3
S01012886,All people in households,766,676,247,429,90,38,52
S01012886,Born in the UK,725,655,237,418,70,35,35
S01012886,Born outside the UK: Total,41,21,10,11,20,3,17
S01012886,Born outside the UK: Resident less than 2 years,8,1,0,1,7,0,7
S01012886,Born outside the UK: Resident 2 years or more and less than 5 years,4,0,0,0,4,0,4
S01012886,Born outside the UK: Resident 5 years or more and less than 10 years,8,2,0,2,6,2,4
S01012886,Born outside the UK: Resident 10 years or more,21,18,10,8,3,1,2
S01012887,All people in households,734,691,289,402,43,26,17
S01012887,Born in the UK,709,668,280,388,41,24,17
S01012887,Born outside the UK: Total,25,23,9,14,2,2,0
S01012887,Born outside the UK: Resident less than 2 years,0,0,0,0,0,0,0
S01012887,Born outside the UK: Resident 2 years or more and less than 5 years,3,2,0,2,1,1,0
S01012887,Born outside the UK: Resident 5 years or more and less than 10 years,6,6,0,6,0,0,0
S01012887,Born outside the UK: Resident 10 years or more,16,15,9,6,1,1,0
S01012888,All people in households,808,744,317,427,64,33,31
S01012888,Born in the UK,783,723,304,419,60,29,31
S01012888,Born outside the UK: Total,25,21,13,8,4,4,0
S01012888,Born outside the UK: Resident less than 2 years,0,0,0,0,0,0,0
S01012888,Born outside the UK: Resident 2 years or more and less than 5 years,2,2,1,1,0,0,0
S01012888,Born outside the UK: Resident 5 years or more and less than 10 years,3,1,0,1,2,2,0
S01012888,Born outside the UK: Resident 10 years or more,20,18,12,6,2,2,0
S01012889,All people in households,875,731,112,619,144,94,50
S01012889,Born in the UK,839,704,106,598,135,88,47
S01012889,Born outside the UK: Total,36,27,6,21,9,6,3
S01012889,Born outside the UK: Resident less than 2 years,1,0,0,0,1,0,1
S01012889,Born outside the UK: Resident 2 years or more and less than 5 years,3,3,2,1,0,0,0
S01012889,Born outside the UK: Resident 5 years or more and less than 10 years,8,7,1,6,1,0,1
S01012889,Born outside the UK: Resident 10 years or more,24,17,3,14,7,6,1
S01012890,All people in households,717,358,81,277,359,315,44
S01012890,Born in the UK,698,352,78,274,346,304,42
S01012890,Born outside the UK: Total,19,6,3,3,13,11,2
S01012890,Born outside the UK: Resident less than 2 years,1,0,0,0,1,1,0
S01012890,Born outside the UK: Resident 2 years or more and less than 5 years,3,0,0,0,3,2,1
S01012890,Born outside the UK: Resident 5 years or more and less than 10 years,4,2,1,1,2,2,0
S01012890,Born outside the UK: Resident 10 years or more,11,4,2,2,7,6,1
S01012891,All people in households,548,390,113,277,158,139,19
S01012891,Born in the UK,535,379,106,273,156,139,17
S01012891,Born outside the UK: Total,13,11,7,4,2,0,2
S01012891,Born outside the UK: Resident less than 2 years,0,0,0,0,0,0,0
S01012891,Born outside the UK: Resident 2 years or more and less than 5 years,2,0,0,0,2,0,2
S01012891,Born outside the UK: Resident 5 years or more and less than 10 years,3,3,1,2,0,0,0
S01012891,Born outside the UK: Resident 10 years or more,8,8,6,2,0,0,0
S01012892,All people in households,1107,547,218,329,560,503,57
S01012892,Born in the UK,1066,529,210,319,537,493,44
S01012892,Born outside the UK: Total,41,18,8,10,23,10,13
S01012892,Born outside the UK: Resident less than 2 years,7,0,0,0,7,1,6
S01012892,Born outside the UK: Resident 2 years or more and less than 5 years,13,6,0,6,7,4,3
S01012892,Born outside the UK: Resident 5 years or more and less than 10 years,2,0,0,0,2,0,2
S01012892,Born outside the UK: Resident 10 years or more,19,12,8,4,7,5,2
S01012893,All people in households,746,378,153,225,368,342,26
S01012893,Born in the UK,718,369,149,220,349,327,22
S01012893,Born outside the UK: Total,28,9,4,5,19,15,4
S01012893,Born outside the UK: Resident less than 2 years,1,0,0,0,1,0,1
S01012893,Born outside the UK: Resident 2 years or more and less than 5 years,4,0,0,0,4,1,3
S01012893,Born outside the UK: Resident 5 years or more and less than 10 years,6,1,0,1,5,5,0
S01012893,Born outside the UK: Resident 10 years or more,17,8,4,4,9,9,0
S01012894,All people in households,814,605,117,488,209,177,32
S01012894,Born in the UK,781,577,108,469,204,174,30
S01012894,Born outside the UK: Total,33,28,9,19,5,3,2
S01012894,Born outside the UK: Resident less than 2 years,0,0,0,0,0,0,0
S01012894,Born outside the UK: Resident 2 years or more and less than 5 years,3,1,0,1,2,0,2
S01012894,Born outside the UK: Resident 5 years or more and less than 10 years,6,6,0,6,0,0,0
S01012894,Born outside the UK: Resident 10 years or more,24,21,9,12,3,3,0
S01012895,All people in households,522,454,108,346,68,32,36
S01012895,Born in the UK,495,430,103,327,65,32,33
S01012895,Born outside the UK: Total,27,24,5,19,3,0,3
S01012895,Born outside the UK: Resident less than 2 years,2,0,0,0,2,0,2
S01012895,Born outside the UK: Resident 2 years or more and less than 5 years,1,0,0,0,1,0,1
S01012895,Born outside the UK: Resident 5 years or more and less than 10 years,8,8,0,8,0,0,0
S01012895,Born outside the UK: Resident 10 years or more,16,16,5,11,0,0,0
S01012896,All people in households,840,410,163,247,430,397,33
S01012896,Born in the UK,816,399,155,244,417,385,32
S01012896,Born outside the UK: Total,24,11,8,3,13,12,1
S01012896,Born outside the UK: Resident less than 2 years,0,0,0,0,0,0,0
S01012896,Born outside the UK: Resident 2 years or more and less than 5 years,2,0,0,0,2,2,0
S01012896,Born outside the UK: Resident 5 years or more and less than 10 years,7,1,1,0,6,6,0
S01012896,Born outside the UK: Resident 10 years or more,15,10,7,3,5,4,1
S01012897,All people in households,607,523,153,370,84,20,64
S01012897,Born in the UK,583,501,145,356,82,19,63
S01012897,Born outside the UK: Total,24,22,8,14,2,1,1
S01012897,Born outside the UK: Resident less than 2 years,5,5,1,4,0,0,0
S01012897,Born outside the UK: Resident 2 years or more and less than 5 years,1,1,0,1,0,0,0
S01012897,Born outside the UK: Resident 5 years or more and less than 10 years,4,4,0,4,0,0,0
S01012897,Born outside the UK: Resident 10 years or more,14,12,7,5,2,1,1
S01012898,All people in households,567,520,40,480,47,12,35
S01012898,Born in the UK,543,500,35,465,43,9,34
S01012898,Born outside the UK: Total,24,20,5,15,4,3,1
S01012898,Born outside the UK: Resident less than 2 years,1,1,0,1,0,0,0
S01012898,Born outside the UK: Resident 2 years or more and less than 5 years,1,0,0,0,1,0,1
S01012898,Born outside the UK: Resident 5 years or more and less than 10 years,3,3,0,3,0,0,0
S01012898,Born outside the UK: Resident 10 years or more,19,16,5,11,3,3,0
S01012899,All people in households,529,233,65,168,296,272,24
S01012899,Born in the UK,518,230,63,167,288,267,21
S01012899,Born outside the UK: Total,11,3,2,1,8,5,3
S01012899,Born outside the UK: Resident less than 2 years,2,0,0,0,2,0,2
S01012899,Born outside the UK: Resident 2 years or more and less than 5 years,0,0,0,0,0,0,0
S01012899,Born outside the UK: Resident 5 years or more and less than 10 years,4,0,0,0,4,3,1
S01012899,Born outside the UK: Resident 10 years or more,5,3,2,1,2,2,0
S01012900,All people in households,573,458,185,273,115,30,85
S01012900,Born in the UK,545,448,181,267,97,24,73
S01012900,Born outside the UK: Total,28,10,4,6,18,6,12
S01012900,Born outside the UK: Resident less than 2 years,4,0,0,0,4,0,4
S01012900,Born outside the UK: Resident 2 years or more and less than 5 years,0,0,0,0,0,0,0
S01012900,Born outside the UK: Resident 5 years or more and less than 10 years,11,2,0,2,9,4,5
S01012900,Born outside the UK: Resident 10 years or more,13,8,4,4,5,2,3
S01012901,All people in households,689,530,167,363,159,65,94
S01012901,Born in the UK,665,510,160,350,155,64,91
S01012901,Born outside the UK: Total,24,20,7,13,4,1,3
S01012901,Born outside the UK: Resident less than 2 years,3,3,0,3,0,0,0
S01012901,Born outside the UK: Resident 2 years or more and less than 5 years,4,3,0,3,1,0,1
S01012901,Born outside the UK: Resident 5 years or more and less than 10 years,0,0,0,0,0,0,0
S01012901,Born outside the UK: Resident 10 years or more,17,14,7,7,3,1,2
S01012902,All people in households,748,550,161,389,198,118,80
S01012902,Born in the UK,728,538,153,385,190,113,77
S01012902,Born outside the UK: Total,20,12,8,4,8,5,3
S01012902,Born outside the UK: Resident less than 2 years,0,0,0,0,0,0,0
S01012902,Born outside the UK: Resident 2 years or more and less than 5 years,3,0,0,0,3,2,1
S01012902,Born outside the UK: Resident 5 years or more and less than 10 years,1,0,0,0,1,0,1
S01012902,Born outside the UK: Resident 10 years or more,16,12,8,4,4,3,1
S01012903,All people in households,811,606,183,423,205,118,87
S01012903,Born in the UK,778,590,180,410,188,114,74
S01012903,Born outside the UK: Total,33,16,3,13,17,4,13
S01012903,Born outside the UK: Resident less than 2 years,1,0,0,0,1,1,0
S01012903,Born outside the UK: Resident 2 years or more and less than 5 years,3,0,0,0,3,0,3
S01012903,Born outside the UK: Resident 5 years or more and less than 10 years,12,6,2,4,6,0,6
S01012903,Born outside the UK: Resident 10 years or more,17,10,1,9,7,3,4
S01012904,All people in households,816,570,164,406,246,148,98
S01012904,Born in the UK,791,554,159,395,237,146,91
S01012904,Born outside the UK: Total,25,16,5,11,9,2,7
S01012904,Born outside the UK: Resident less than 2 years,1,0,0,0,1,1,0
S01012904,Born outside the UK: Resident 2 years or more and less than 5 years,5,2,0,2,3,0,3
S01012904,Born outside the UK: Resident 5 years or more and less than 10 years,3,1,0,1,2,0,2
S01012904,Born outside the UK: Resident 10 years or more,16,13,5,8,3,1,2
S01012905,All people in households,622,256,84,172,366,307,59
S01012905,Born in the UK,613,256,84,172,357,305,52
S01012905,Born outside the UK: Total,9,0,0,0,9,2,7
S01012905,Born outside the UK: Resident less than 2 years,0,0,0,0,0,0,0
S01012905,Born outside the UK: Resident 2 years or more and less than 5 years,6,0,0,0,6,0,6
S01012905,Born outside the UK: Resident 5 years or more and less than 10 years,0,0,0,0,0,0,0
S01012905,Born outside the UK: Resident 10 years or more,3,0,0,0,3,2,1
S01012906,All people in households,900,683,180,503,217,104,113
S01012906,Born in the UK,869,661,173,488,208,99,109
S01012906,Born outside the UK: Total,31,22,7,15,9,5,4
S01012906,Born outside the UK: Resident less than 2 years,2,0,0,0,2,0,2
S01012906,Born outside the UK: Resident 2 years or more and less than 5 years,2,1,0,1,1,1,0
S01012906,Born outside the UK: Resident 5 years or more and less than 10 years,5,3,0,3,2,2,0
S01012906,Born outside the UK: Resident 10 years or more,22,18,7,11,4,2,2
S01012907,All people in households,858,630,207,423,228,149,79
S01012907,Born in the UK,832,610,201,409,222,146,76
S01012907,Born outside the UK: Total,26,20,6,14,6,3,3
S01012907,Born outside the UK: Resident less than 2 years,0,0,0,0,0,0,0
S01012907,Born outside the UK: Resident 2 years or more and less than 5 years,3,2,0,2,1,1,0
S01012907,Born outside the UK: Resident 5 years or more and less than 10 years,13,9,1,8,4,1,3
S01012907,Born outside the UK: Resident 10 years or more,10,9,5,4,1,1,0
S01012908,All people in households,699,490,182,308,209,143,66
S01012908,Born in the UK,691,482,179,303,209,143,66
S01012908,Born outside the UK: Total,8,8,3,5,0,0,0
S01012908,Born outside the UK: Resident less than 2 years,0,0,0,0,0,0,0
S01012908,Born outside the UK: Resident 2 years or more and less than 5 years,1,1,0,1,0,0,0
S01012908,Born outside the UK: Resident 5 years or more and less than 10 years,1,1,1,0,0,0,0
S01012908,Born outside the UK: Resident 10 years or more,6,6,2,4,0,0,0
S01012909,All people in households,610,394,119,275,216,120,96
S01012909,Born in the UK,587,382,117,265,205,118,87
S01012909,Born outside the UK: Total,23,12,2,10,11,2,9
S01012909,Born outside the UK: Resident less than 2 years,0,0,0,0,0,0,0
S01012909,Born outside the UK: Resident 2 years or more and less than 5 years,0,0,0,0,0,0,0
S01012909,Born outside the UK: Resident 5 years or more and less than 10 years,7,2,0,2,5,0,5
S01012909,Born outside the UK: Resident 10 years or more,16,10,2,8,6,2,4
S01012910,All people in households,834,439,157,282,395,338,57
S01012910,Born in the UK,820,431,154,277,389,332,57
S01012910,Born outside the UK: Total,14,8,3,5,6,6,0
S01012910,Born outside the UK: Resident less than 2 years,2,1,0,1,1,1,0
S01012910,Born outside the UK: Resident 2 years or more and less than 5 years,1,1,0,1,0,0,0
S01012910,Born outside the UK: Resident 5 years or more and less than 10 years,1,0,0,0,1,1,0
S01012910,Born outside the UK: Resident 10 years or more,10,6,3,3,4,4,0
S01012911,All people in households,728,590,239,351,138,62,76
S01012911,Born in the UK,690,566,229,337,124,58,66
S01012911,Born outside the UK: Total,38,24,10,14,14,4,10
S01012911,Born outside the UK: Resident less than 2 years,7,0,0,0,7,0,7
S01012911,Born outside the UK: Resident 2 years or more and less than 5 years,4,2,0,2,2,0,2
S01012911,Born outside the UK: Resident 5 years or more and less than 10 years,9,8,1,7,1,1,0
S01012911,Born outside the UK: Resident 10 years or more,18,14,9,5,4,3,1
S01012912,All people in households,673,485,220,265,188,126,62
S01012912,Born in the UK,663,479,217,262,184,125,59
S01012912,Born outside the UK: Total,10,6,3,3,4,1,3
S01012912,Born outside the UK: Resident less than 2 years,0,0,0,0,0,0,0
S01012912,Born outside the UK: Resident 2 years or more and less than 5 years,3,0,0,0,3,0,3
S01012912,Born outside the UK: Resident 5 years or more and less than 10 years,0,0,0,0,0,0,0
S01012912,Born outside the UK: Resident 10 years or more,7,6,3,3,1,1,0
S01012913,All people in households,882,675,256,419,207,132,75
S01012913,Born in the UK,857,658,250,408,199,130,69
S01012913,Born outside the UK: Total,25,17,6,11,8,2,6
S01012913,Born outside the UK: Resident less than 2 years,6,3,0,3,3,0,3
S01012913,Born outside the UK: Resident 2 years or more and less than 5 years,3,0,0,0,3,1,2
S01012913,Born outside the UK: Resident 5 years or more and less than 10 years,2,1,0,1,1,0,1
S01012913,Born outside the UK: Resident 10 years or more,14,13,6,7,1,1,0
S01012914,All people in households,848,564,180,384,284,135,149
S01012914,Born in the UK,819,550,177,373,269,133,136
S01012914,Born outside the UK: Total,29,14,3,11,15,2,13
S01012914,Born outside the UK: Resident less than 2 years,8,1,0,1,7,1,6
S01012914,Born outside the UK: Resident 2 years or more and less than 5 years,3,1,0,1,2,0,2
S01012914,Born outside the UK: Resident 5 years or more and less than 10 years,3,2,0,2,1,0,1
S01012914,Born outside the UK: Resident 10 years or more,15,10,3,7,5,1,4
S01012915,All people in households,1055,793,146,647,262,149,113
S01012915,Born in the UK,1027,771,143,628,256,147,109
S01012915,Born outside the UK: Total,28,22,3,19,6,2,4
S01012915,Born outside the UK: Resident less than 2 years,3,2,0,2,1,0,1
S01012915,Born outside the UK: Resident 2 years or more and less than 5 years,1,0,0,0,1,0,1
S01012915,Born outside the UK: Resident 5 years or more and less than 10 years,0,0,0,0,0,0,0
S01012915,Born outside the UK: Resident 10 years or more,24,20,3,17,4,2,2
S01012916,All people in households,651,487,199,288,164,106,58
S01012916,Born in the UK,628,475,191,284,153,105,48
S01012916,Born outside the UK: Total,23,12,8,4,11,1,10
S01012916,Born outside the UK: Resident less than 2 years,1,1,0,1,0,0,0
S01012916,Born outside the UK: Resident 2 years or more and less than 5 years,8,1,0,1,7,0,7
S01012916,Born outside the UK: Resident 5 years or more and less than 10 years,2,0,0,0,2,0,2
S01012916,Born outside the UK: Resident 10 years or more,12,10,8,2,2,1,1
S01012917,All people in households,717,656,238,418,61,26,35
S01012917,Born in the UK,695,639,229,410,56,23,33
S01012917,Born outside the UK: Total,22,17,9,8,5,3,2
S01012917,Born outside the UK: Resident less than 2 years,0,0,0,0,0,0,0
S01012917,Born outside the UK: Resident 2 years or more and less than 5 years,1,0,0,0,1,0,1
S01012917,Born outside the UK: Resident 5 years or more and less than 10 years,3,0,0,0,3,2,1
S01012917,Born outside the UK: Resident 10 years or more,18,17,9,8,1,1,0
S01012918,All people in households,490,357,139,218,133,57,76
S01012918,Born in the UK,482,353,139,214,129,56,73
S01012918,Born outside the UK: Total,8,4,0,4,4,1,3
S01012918,Born outside the UK: Resident less than 2 years,0,0,0,0,0,0,0
S01012918,Born outside the UK: Resident 2 years or more and less than 5 years,5,2,0,2,3,0,3
S01012918,Born outside the UK: Resident 5 years or more and less than 10 years,0,0,0,0,0,0,0
S01012918,Born outside the UK: Resident 10 years or more,3,2,0,2,1,1,0
S01012919,All people in households,455,363,161,202,92,56,36
S01012919,Born in the UK,444,362,161,201,82,55,27
S01012919,Born outside the UK: Total,11,1,0,1,10,1,9
S01012919,Born outside the UK: Resident less than 2 years,2,0,0,0,2,0,2
S01012919,Born outside the UK: Resident 2 years or more and less than 5 years,7,0,0,0,7,0,7
S01012919,Born outside the UK: Resident 5 years or more and less than 10 years,0,0,0,0,0,0,0
S01012919,Born outside the UK: Resident 10 years or more,2,1,0,1,1,1,0
S01012920,All people in households,571,550,269,281,21,2,19
S01012920,Born in the UK,546,528,259,269,18,1,17
S01012920,Born outside the UK: Total,25,22,10,12,3,1,2
S01012920,Born outside the UK: Resident less than 2 years,0,0,0,0,0,0,0
S01012920,Born outside the UK: Resident 2 years or more and less than 5 years,1,0,0,0,1,0,1
S01012920,Born outside the UK: Resident 5 years or more and less than 10 years,5,5,0,5,0,0,0
S01012920,Born outside the UK: Resident 10 years or more,19,17,10,7,2,1,1
S01012921,All people in households,705,523,167,356,182,93,89
S01012921,Born in the UK,675,506,162,344,169,93,76
S01012921,Born outside the UK: Total,30,17,5,12,13,0,13
S01012921,Born outside the UK: Resident less than 2 years,4,1,0,1,3,0,3
S01012921,Born outside the UK: Resident 2 years or more and less than 5 years,6,1,0,1,5,0,5
S01012921,Born outside the UK: Resident 5 years or more and less than 10 years,11,7,0,7,4,0,4
S01012921,Born outside the UK: Resident 10 years or more,9,8,5,3,1,0,1
S01012922,All people in households,1011,790,194,596,221,127,94
S01012922,Born in the UK,985,774,189,585,211,124,87
S01012922,Born outside the UK: Total,26,16,5,11,10,3,7
S01012922,Born outside the UK: Resident less than 2 years,4,3,0,3,1,0,1
S01012922,Born outside the UK: Resident 2 years or more and less than 5 years,6,1,1,0,5,0,5
S01012922,Born outside the UK: Resident 5 years or more and less than 10 years,3,2,0,2,1,1,0
S01012922,Born outside the UK: Resident 10 years or more,13,10,4,6,3,2,1
S01012923,All people in households,706,570,178,392,136,54,82
S01012923,Born in the UK,685,559,174,385,126,50,76
S01012923,Born outside the UK: Total,21,11,4,7,10,4,6
S01012923,Born outside the UK: Resident less than 2 years,5,1,0,1,4,2,2
S01012923,Born outside the UK: Resident 2 years or more and less than 5 years,4,0,0,0,4,2,2
S01012923,Born outside the UK: Resident 5 years or more and less than 10 years,3,2,0,2,1,0,1
S01012923,Born outside the UK: Resident 10 years or more,9,8,4,4,1,0,1
S01012924,All people in households,500,381,102,279,119,41,78
S01012924,Born in the UK,486,373,100,273,113,41,72
S01012924,Born outside the UK: Total,14,8,2,6,6,0,6
S01012924,Born outside the UK: Resident less than 2 years,0,0,0,0,0,0,0
S01012924,Born outside the UK: Resident 2 years or more and less than 5 years,4,0,0,0,4,0,4
S01012924,Born outside the UK: Resident 5 years or more and less than 10 years,1,1,0,1,0,0,0
S01012924,Born outside the UK: Resident 10 years or more,9,7,2,5,2,0,2
S01012925,All people in households,482,432,143,289,50,17,33
S01012925,Born in the UK,470,423,141,282,47,17,30
S01012925,Born outside the UK: Total,12,9,2,7,3,0,3
S01012925,Born outside the UK: Resident less than 2 years,0,0,0,0,0,0,0
S01012925,Born outside the UK: Resident 2 years or more and less than 5 years,1,0,0,0,1,0,1
S01012925,Born outside the UK: Resident 5 years or more and less than 10 years,5,3,0,3,2,0,2
S01012925,Born outside the UK: Resident 10 years or more,6,6,2,4,0,0,0
S01012926,All people in households,697,539,204,335,158,67,91
S01012926,Born in the UK,678,528,199,329,150,66,84
S01012926,Born outside the UK: Total,19,11,5,6,8,1,7
S01012926,Born outside the UK: Resident less than 2 years,4,0,0,0,4,0,4
S01012926,Born outside the UK: Resident 2 years or more and less than 5 years,0,0,0,0,0,0,0
S01012926,Born outside the UK: Resident 5 years or more and less than 10 years,4,1,0,1,3,0,3
S01012926,Born outside the UK: Resident 10 years or more,11,10,5,5,1,1,0
S01012927,All people in households,772,612,205,407,160,74,86
S01012927,Born in the UK,747,599,199,400,148,73,75
S01012927,Born outside the UK: Total,25,13,6,7,12,1,11
S01012927,Born outside the UK: Resident less than 2 years,9,1,0,1,8,0,8
S01012927,Born outside the UK: Resident 2 years or more and less than 5 years,2,0,0,0,2,0,2
S01012927,Born outside the UK: Resident 5 years or more and less than 10 years,3,2,0,2,1,0,1
S01012927,Born outside the UK: Resident 10 years or more,11,10,6,4,1,1,0
S01012928,All people in households,810,714,248,466,96,41,55
S01012928,Born in the UK,782,694,241,453,88,38,50
S01012928,Born outside the UK: Total,28,20,7,13,8,3,5
S01012928,Born outside the UK: Resident less than 2 years,2,0,0,0,2,0,2
S01012928,Born outside the UK: Resident 2 years or more and less than 5 years,2,2,0,2,0,0,0
S01012928,Born outside the UK: Resident 5 years or more and less than 10 years,5,4,0,4,1,0,1
S01012928,Born outside the UK: Resident 10 years or more,19,14,7,7,5,3,2
S01012929,All people in households,749,661,270,391,88,40,48
S01012929,Born in the UK,731,649,262,387,82,39,43
S01012929,Born outside the UK: Total,18,12,8,4,6,1,5
S01012929,Born outside the UK: Resident less than 2 years,2,1,0,1,1,0,1
S01012929,Born outside the UK: Resident 2 years or more and less than 5 years,3,0,0,0,3,0,3
S01012929,Born outside the UK: Resident 5 years or more and less than 10 years,2,2,2,0,0,0,0
S01012929,Born outside the UK: Resident 10 years or more,11,9,6,3,2,1,1
S01012930,All people in households,823,513,232,281,310,160,150
S01012930,Born in the UK,782,494,220,274,288,156,132
S01012930,Born outside the UK: Total,41,19,12,7,22,4,18
S01012930,Born outside the UK: Resident less than 2 years,11,0,0,0,11,1,10
S01012930,Born outside the UK: Resident 2 years or more and less than 5 years,6,2,1,1,4,1,3
S01012930,Born outside the UK: Resident 5 years or more and less than 10 years,8,3,1,2,5,1,4
S01012930,Born outside the UK: Resident 10 years or more,16,14,10,4,2,1,1
S01012931,All people in households,883,579,178,401,304,171,133
S01012931,Born in the UK,842,556,174,382,286,164,122
S01012931,Born outside the UK: Total,41,23,4,19,18,7,11
S01012931,Born outside the UK: Resident less than 2 years,5,1,0,1,4,0,4
S01012931,Born outside the UK: Resident 2 years or more and less than 5 years,0,0,0,0,0,0,0
S01012931,Born outside the UK: Resident 5 years or more and less than 10 years,4,1,0,1,3,2,1
S01012931,Born outside the UK: Resident 10 years or more,32,21,4,17,11,5,6
S01012932,All people in households,512,441,158,283,71,46,25
S01012932,Born in the UK,496,434,156,278,62,44,18
S01012932,Born outside the UK: Total,16,7,2,5,9,2,7
S01012932,Born outside the UK: Resident less than 2 years,3,0,0,0,3,0,3
S01012932,Born outside the UK: Resident 2 years or more and less than 5 years,1,0,0,0,1,0,1
S01012932,Born outside the UK: Resident 5 years or more and less than 10 years,3,2,1,1,1,0,1
S01012932,Born outside the UK: Resident 10 years or more,9,5,1,4,4,2,2
S01012933,All people in households,803,616,189,427,187,126,61
S01012933,Born in the UK,792,608,186,422,184,126,58
S01012933,Born outside the UK: Total,11,8,3,5,3,0,3
S01012933,Born outside the UK: Resident less than 2 years,0,0,0,0,0,0,0
S01012933,Born outside the UK: Resident 2 years or more and less than 5 years,1,1,0,1,0,0,0
S01012933,Born outside the UK: Resident 5 years or more and less than 10 years,5,3,0,3,2,0,2
S01012933,Born outside the UK: Resident 10 years or more,5,4,3,1,1,0,1
S01012934,All people in households,708,478,182,296,230,136,94
S01012934,Born in the UK,688,467,178,289,221,134,87
S01012934,Born outside the UK: Total,20,11,4,7,9,2,7
S01012934,Born outside the UK: Resident less than 2 years,3,1,0,1,2,0,2
S01012934,Born outside the UK: Resident 2 years or more and less than 5 years,2,1,0,1,1,0,1
S01012934,Born outside the UK: Resident 5 years or more and less than 10 years,4,4,0,4,0,0,0
S01012934,Born outside the UK: Resident 10 years or more,11,5,4,1,6,2,4
S01012935,All people in households,887,695,246,449,192,138,54
S01012935,Born in the UK,855,675,238,437,180,132,48
S01012935,Born outside the UK: Total,32,20,8,12,12,6,6
S01012935,Born outside the UK: Resident less than 2 years,0,0,0,0,0,0,0
S01012935,Born outside the UK: Resident 2 years or more and less than 5 years,1,1,0,1,0,0,0
S01012935,Born outside the UK: Resident 5 years or more and less than 10 years,10,7,1,6,3,2,1
S01012935,Born outside the UK: Resident 10 years or more,21,12,7,5,9,4,5
S01012936,All people in households,726,499,158,341,227,143,84
S01012936,Born in the UK,694,478,153,325,216,142,74
S01012936,Born outside the UK: Total,32,21,5,16,11,1,10
S01012936,Born outside the UK: Resident less than 2 years,2,0,0,0,2,0,2
S01012936,Born outside the UK: Resident 2 years or more and less than 5 years,5,2,0,2,3,0,3
S01012936,Born outside the UK: Resident 5 years or more and less than 10 years,5,2,0,2,3,0,3
S01012936,Born outside the UK: Resident 10 years or more,20,17,5,12,3,1,2
S01012937,All people in households,692,518,140,378,174,99,75
S01012937,Born in the UK,664,498,135,363,166,97,69
S01012937,Born outside the UK: Total,28,20,5,15,8,2,6
S01012937,Born outside the UK: Resident less than 2 years,0,0,0,0,0,0,0
S01012937,Born outside the UK: Resident 2 years or more and less than 5 years,6,1,0,1,5,1,4
S01012937,Born outside the UK: Resident 5 years or more and less than 10 years,1,0,0,0,1,0,1
S01012937,Born outside the UK: Resident 10 years or more,21,19,5,14,2,1,1
S01012938,All people in households,691,619,237,382,72,47,25
S01012938,Born in the UK,664,592,229,363,72,47,25
S01012938,Born outside the UK: Total,27,27,8,19,0,0,0
S01012938,Born outside the UK: Resident less than 2 years,2,2,0,2,0,0,0
S01012938,Born outside the UK: Resident 2 years or more and less than 5 years,0,0,0,0,0,0,0
S01012938,Born outside the UK: Resident 5 years or more and less than 10 years,3,3,0,3,0,0,0
S01012938,Born outside the UK: Resident 10 years or more,22,22,8,14,0,0,0
S01012939,All people in households,651,622,165,457,29,6,23
S01012939,Born in the UK,621,597,152,445,24,5,19
S01012939,Born outside the UK: Total,30,25,13,12,5,1,4
S01012939,Born outside the UK: Resident less than 2 years,2,0,0,0,2,0,2
S01012939,Born outside the UK: Resident 2 years or more and less than 5 years,1,1,0,1,0,0,0
S01012939,Born outside the UK: Resident 5 years or more and less than 10 years,4,4,1,3,0,0,0
S01012939,Born outside the UK: Resident 10 years or more,23,20,12,8,3,1,2
S01012940,All people in households,698,661,174,487,37,6,31
S01012940,Born in the UK,669,639,164,475,30,6,24
S01012940,Born outside the UK: Total,29,22,10,12,7,0,7
S01012940,Born outside the UK: Resident less than 2 years,2,1,1,0,1,0,1
S01012940,Born outside the UK: Resident 2 years or more and less than 5 years,3,0,0,0,3,0,3
S01012940,Born outside the UK: Resident 5 years or more and less than 10 years,2,1,0,1,1,0,1
S01012940,Born outside the UK: Resident 10 years or more,22,20,9,11,2,0,2
S01012941,All people in households,789,764,241,523,25,8,17
S01012941,Born in the UK,762,741,233,508,21,5,16
S01012941,Born outside the UK: Total,27,23,8,15,4,3,1
S01012941,Born outside the UK: Resident less than 2 years,0,0,0,0,0,0,0
S01012941,Born outside the UK: Resident 2 years or more and less than 5 years,2,1,0,1,1,0,1
S01012941,Born outside the UK: Resident 5 years or more and less than 10 years,5,3,1,2,2,2,0
S01012941,Born outside the UK: Resident 10 years or more,20,19,7,12,1,1,0
S01012942,All people in households,788,458,115,343,330,216,114
S01012942,Born in the UK,761,447,113,334,314,214,100
S01012942,Born outside the UK: Total,27,11,2,9,16,2,14
S01012942,Born outside the UK: Resident less than 2 years,4,2,2,0,2,0,2
S01012942,Born outside the UK: Resident 2 years or more and less than 5 years,7,0,0,0,7,0,7
S01012942,Born outside the UK: Resident 5 years or more and less than 10 years,4,2,0,2,2,0,2
S01012942,Born outside the UK: Resident 10 years or more,12,7,0,7,5,2,3
S01012943,All people in households,751,667,158,509,84,30,54
S01012943,Born in the UK,723,647,155,492,76,30,46
S01012943,Born outside the UK: Total,28,20,3,17,8,0,8
S01012943,Born outside the UK: Resident less than 2 years,3,1,0,1,2,0,2
S01012943,Born outside the UK: Resident 2 years or more and less than 5 years,6,2,0,2,4,0,4
S01012943,Born outside the UK: Resident 5 years or more and less than 10 years,3,2,0,2,1,0,1
S01012943,Born outside the UK: Resident 10 years or more,16,15,3,12,1,0,1
S01012944,All people in households,525,502,145,357,23,1,22
S01012944,Born in the UK,514,496,144,352,18,1,17
S01012944,Born outside the UK: Total,11,6,1,5,5,0,5
S01012944,Born outside the UK: Resident less than 2 years,0,0,0,0,0,0,0
S01012944,Born outside the UK: Resident 2 years or more and less than 5 years,5,0,0,0,5,0,5
S01012944,Born outside the UK: Resident 5 years or more and less than 10 years,0,0,0,0,0,0,0
S01012944,Born outside the UK: Resident 10 years or more,6,6,1,5,0,0,0
S01012945,All people in households,724,692,161,531,32,14,18
S01012945,Born in the UK,683,655,151,504,28,13,15
S01012945,Born outside the UK: Total,41,37,10,27,4,1,3
S01012945,Born outside the UK: Resident less than 2 years,5,5,1,4,0,0,0
S01012945,Born outside the UK: Resident 2 years or more and less than 5 years,2,1,0,1,1,0,1
S01012945,Born outside the UK: Resident 5 years or more and less than 10 years,7,6,1,5,1,0,1
S01012945,Born outside the UK: Resident 10 years or more,27,25,8,17,2,1,1
S01012946,All people in households,861,751,181,570,110,7,103
S01012946,Born in the UK,822,719,175,544,103,7,96
S01012946,Born outside the UK: Total,39,32,6,26,7,0,7
S01012946,Born outside the UK: Resident less than 2 years,3,2,1,1,1,0,1
S01012946,Born outside the UK: Resident 2 years or more and less than 5 years,3,3,0,3,0,0,0
S01012946,Born outside the UK: Resident 5 years or more and less than 10 years,10,6,2,4,4,0,4
S01012946,Born outside the UK: Resident 10 years or more,23,21,3,18,2,0,2
S01012947,All people in households,453,441,122,319,12,6,6
S01012947,Born in the UK,426,418,114,304,8,6,2
S01012947,Born outside the UK: Total,27,23,8,15,4,0,4
S01012947,Born outside the UK: Resident less than 2 years,1,1,0,1,0,0,0
S01012947,Born outside the UK: Resident 2 years or more and less than 5 years,5,5,0,5,0,0,0
S01012947,Born outside the UK: Resident 5 years or more and less than 10 years,4,0,0,0,4,0,4
S01012947,Born outside the UK: Resident 10 years or more,17,17,8,9,0,0,0
S01012948,All people in households,681,658,212,446,23,17,6
S01012948,Born in the UK,670,647,210,437,23,17,6
S01012948,Born outside the UK: Total,11,11,2,9,0,0,0
S01012948,Born outside the UK: Resident less than 2 years,1,1,0,1,0,0,0
S01012948,Born outside the UK: Resident 2 years or more and less than 5 years,1,1,0,1,0,0,0
S01012948,Born outside the UK: Resident 5 years or more and less than 10 years,1,1,0,1,0,0,0
S01012948,Born outside the UK: Resident 10 years or more,8,8,2,6,0,0,0
S01012949,All people in households,667,620,224,396,47,14,33
S01012949,Born in the UK,649,607,217,390,42,14,28
S01012949,Born outside the UK: Total,18,13,7,6,5,0,5
S01012949,Born outside the UK: Resident less than 2 years,1,0,0,0,1,0,1
S01012949,Born outside the UK: Resident 2 years or more and less than 5 years,3,0,0,0,3,0,3
S01012949,Born outside the UK: Resident 5 years or more and less than 10 years,0,0,0,0,0,0,0
S01012949,Born outside the UK: Resident 10 years or more,14,13,7,6,1,0,1
S01012950,All people in households,865,812,136,676,53,14,39
S01012950,Born in the UK,831,791,127,664,40,13,27
S01012950,Born outside the UK: Total,34,21,9,12,13,1,12
S01012950,Born outside the UK: Resident less than 2 years,4,0,0,0,4,0,4
S01012950,Born outside the UK: Resident 2 years or more and less than 5 years,2,0,0,0,2,1,1
S01012950,Born outside the UK: Resident 5 years or more and less than 10 years,2,0,0,0,2,0,2
S01012950,Born outside the UK: Resident 10 years or more,26,21,9,12,5,0,5
S01012951,All people in households,914,875,124,751,39,7,32
S01012951,Born in the UK,864,828,112,716,36,7,29
S01012951,Born outside the UK: Total,50,47,12,35,3,0,3
S01012951,Born outside the UK: Resident less than 2 years,4,3,0,3,1,0,1
S01012951,Born outside the UK: Resident 2 years or more and less than 5 years,5,5,0,5,0,0,0
S01012951,Born outside the UK: Resident 5 years or more and less than 10 years,12,12,3,9,0,0,0
S01012951,Born outside the UK: Resident 10 years or more,29,27,9,18,2,0,2
S01012952,All people in households,640,607,292,315,33,12,21
S01012952,Born in the UK,605,578,278,300,27,11,16
S01012952,Born outside the UK: Total,35,29,14,15,6,1,5
S01012952,Born outside the UK: Resident less than 2 years,2,1,0,1,1,1,0
S01012952,Born outside the UK: Resident 2 years or more and less than 5 years,0,0,0,0,0,0,0
S01012952,Born outside the UK: Resident 5 years or more and less than 10 years,3,0,0,0,3,0,3
S01012952,Born outside the UK: Resident 10 years or more,30,28,14,14,2,0,2
S01012953,All people in households,685,635,203,432,50,7,43
S01012953,Born in the UK,664,622,196,426,42,7,35
S01012953,Born outside the UK: Total,21,13,7,6,8,0,8
S01012953,Born outside the UK: Resident less than 2 years,3,1,1,0,2,0,2
S01012953,Born outside the UK: Resident 2 years or more and less than 5 years,3,0,0,0,3,0,3
S01012953,Born outside the UK: Resident 5 years or more and less than 10 years,0,0,0,0,0,0,0
S01012953,Born outside the UK: Resident 10 years or more,15,12,6,6,3,0,3
S01012954,All people in households,485,452,124,328,33,8,25
S01012954,Born in the UK,468,438,119,319,30,8,22
S01012954,Born outside the UK: Total,17,14,5,9,3,0,3
S01012954,Born outside the UK: Resident less than 2 years,4,1,1,0,3,0,3
S01012954,Born outside the UK: Resident 2 years or more and less than 5 years,0,0,0,0,0,0,0
S01012954,Born outside the UK: Resident 5 years or more and less than 10 years,1,1,0,1,0,0,0
S01012954,Born outside the UK: Resident 10 years or more,12,12,4,8,0,0,0
S01012955,All people in households,899,744,187,557,155,21,134
S01012955,Born in the UK,846,710,184,526,136,21,115
S01012955,Born outside the UK: Total,53,34,3,31,19,0,19
S01012955,Born outside the UK: Resident less than 2 years,1,0,0,0,1,0,1
S01012955,Born outside the UK: Resident 2 years or more and less than 5 years,14,3,0,3,11,0,11
S01012955,Born outside the UK: Resident 5 years or more and less than 10 years,14,9,0,9,5,0,5
S01012955,Born outside the UK: Resident 10 years or more,24,22,3,19,2,0,2
S01012956,All people in households,926,682,231,451,244,159,85
S01012956,Born in the UK,879,651,228,423,228,151,77
S01012956,Born outside the UK: Total,47,31,3,28,16,8,8
S01012956,Born outside the UK: Resident less than 2 years,6,0,0,0,6,1,5
S01012956,Born outside the UK: Resident 2 years or more and less than 5 years,5,4,0,4,1,0,1
S01012956,Born outside the UK: Resident 5 years or more and less than 10 years,7,5,0,5,2,2,0
S01012956,Born outside the UK: Resident 10 years or more,29,22,3,19,7,5,2
S01012957,All people in households,633,471,154,317,162,120,42
S01012957,Born in the UK,607,451,150,301,156,114,42
S01012957,Born outside the UK: Total,26,20,4,16,6,6,0
S01012957,Born outside the UK: Resident less than 2 years,5,5,0,5,0,0,0
S01012957,Born outside the UK: Resident 2 years or more and less than 5 years,5,4,0,4,1,1,0
S01012957,Born outside the UK: Resident 5 years or more and less than 10 years,7,7,2,5,0,0,0
S01012957,Born outside the UK: Resident 10 years or more,9,4,2,2,5,5,0
S01012958,All people in households,502,397,90,307,105,72,33
S01012958,Born in the UK,497,394,89,305,103,70,33
S01012958,Born outside the UK: Total,5,3,1,2,2,2,0
S01012958,Born outside the UK: Resident less than 2 years,0,0,0,0,0,0,0
S01012958,Born outside the UK: Resident 2 years or more and less than 5 years,0,0,0,0,0,0,0
S01012958,Born outside the UK: Resident 5 years or more and less than 10 years,1,1,1,0,0,0,0
S01012958,Born outside the UK: Resident 10 years or more,4,2,0,2,2,2,0
S01012959,All people in households,572,509,77,432,63,33,30
S01012959,Born in the UK,561,501,77,424,60,33,27
S01012959,Born outside the UK: Total,11,8,0,8,3,0,3
S01012959,Born outside the UK: Resident less than 2 years,2,0,0,0,2,0,2
S01012959,Born outside the UK: Resident 2 years or more and less than 5 years,1,1,0,1,0,0,0
S01012959,Born outside the UK: Resident 5 years or more and less than 10 years,1,1,0,1,0,0,0
S01012959,Born outside the UK: Resident 10 years or more,7,6,0,6,1,0,1
S01012960,All people in households,602,407,100,307,195,190,5
S01012960,Born in the UK,587,397,96,301,190,187,3
S01012960,Born outside the UK: Total,15,10,4,6,5,3,2
S01012960,Born outside the UK: Resident less than 2 years,0,0,0,0,0,0,0
S01012960,Born outside the UK: Resident 2 years or more and less than 5 years,1,0,0,0,1,0,1
S01012960,Born outside the UK: Resident 5 years or more and less than 10 years,4,1,0,1,3,2,1
S01012960,Born outside the UK: Resident 10 years or more,10,9,4,5,1,1,0
S01012961,All people in households,521,495,142,353,26,5,21
S01012961,Born in the UK,511,487,139,348,24,5,19
S01012961,Born outside the UK: Total,10,8,3,5,2,0,2
S01012961,Born outside the UK: Resident less than 2 years,0,0,0,0,0,0,0
S01012961,Born outside the UK: Resident 2 years or more and less than 5 years,0,0,0,0,0,0,0
S01012961,Born outside the UK: Resident 5 years or more and less than 10 years,3,1,0,1,2,0,2
S01012961,Born outside the UK: Resident 10 years or more,7,7,3,4,0,0,0
S01012962,All people in households,649,609,208,401,40,4,36
S01012962,Born in the UK,617,577,200,377,40,4,36
S01012962,Born outside the UK: Total,32,32,8,24,0,0,0
S01012962,Born outside the UK: Resident less than 2 years,0,0,0,0,0,0,0
S01012962,Born outside the UK: Resident 2 years or more and less than 5 years,0,0,0,0,0,0,0
S01012962,Born outside the UK: Resident 5 years or more and less than 10 years,3,3,0,3,0,0,0
S01012962,Born outside the UK: Resident 10 years or more,29,29,8,21,0,0,0
S01012963,All people in households,812,766,117,649,46,14,32
S01012963,Born in the UK,784,739,108,631,45,14,31
S01012963,Born outside the UK: Total,28,27,9,18,1,0,1
S01012963,Born outside the UK: Resident less than 2 years,0,0,0,0,0,0,0
S01012963,Born outside the UK: Resident 2 years or more and less than 5 years,0,0,0,0,0,0,0
S01012963,Born outside the UK: Resident 5 years or more and less than 10 years,4,3,2,1,1,0,1
S01012963,Born outside the UK: Resident 10 years or more,24,24,7,17,0,0,0
S01012964,All people in households,644,593,57,536,51,3,48
S01012964,Born in the UK,614,565,55,510,49,3,46
S01012964,Born outside the UK: Total,30,28,2,26,2,0,2
S01012964,Born outside the UK: Resident less than 2 years,2,0,0,0,2,0,2
S01012964,Born outside the UK: Resident 2 years or more and less than 5 years,1,1,0,1,0,0,0
S01012964,Born outside the UK: Resident 5 years or more and less than 10 years,2,2,0,2,0,0,0
S01012964,Born outside the UK: Resident 10 years or more,25,25,2,23,0,0,0
S01012965,All people in households,645,480,83,397,165,139,26
S01012965,Born in the UK,630,477,81,396,153,134,19
S01012965,Born outside the UK: Total,15,3,2,1,12,5,7
S01012965,Born outside the UK: Resident less than 2 years,7,0,0,0,7,0,7
S01012965,Born outside the UK: Resident 2 years or more and less than 5 years,1,1,1,0,0,0,0
S01012965,Born outside the UK: Resident 5 years or more and less than 10 years,4,0,0,0,4,4,0
S01012965,Born outside the UK: Resident 10 years or more,3,2,1,1,1,1,0
S01012966,All people in households,690,567,100,467,123,78,45
S01012966,Born in the UK,665,549,99,450,116,75,41
S01012966,Born outside the UK: Total,25,18,1,17,7,3,4
S01012966,Born outside the UK: Resident less than 2 years,2,0,0,0,2,2,0
S01012966,Born outside the UK: Resident 2 years or more and less than 5 years,0,0,0,0,0,0,0
S01012966,Born outside the UK: Resident 5 years or more and less than 10 years,10,6,0,6,4,0,4
S01012966,Born outside the UK: Resident 10 years or more,13,12,1,11,1,1,0
S01012967,All people in households,493,386,92,294,107,78,29
S01012967,Born in the UK,486,379,92,287,107,78,29
S01012967,Born outside the UK: Total,7,7,0,7,0,0,0
S01012967,Born outside the UK: Resident less than 2 years,0,0,0,0,0,0,0
S01012967,Born outside the UK: Resident 2 years or more and less than 5 years,0,0,0,0,0,0,0
S01012967,Born outside the UK: Resident 5 years or more and less than 10 years,2,2,0,2,0,0,0
S01012967,Born outside the UK: Resident 10 years or more,5,5,0,5,0,0,0
S01012968,All people in households,660,447,116,331,213,113,100
S01012968,Born in the UK,620,433,116,317,187,110,77
S01012968,Born outside the UK: Total,40,14,0,14,26,3,23
S01012968,Born outside the UK: Resident less than 2 years,6,1,0,1,5,0,5
S01012968,Born outside the UK: Resident 2 years or more and less than 5 years,13,0,0,0,13,0,13
S01012968,Born outside the UK: Resident 5 years or more and less than 10 years,12,6,0,6,6,1,5
S01012968,Born outside the UK: Resident 10 years or more,9,7,0,7,2,2,0
S01012969,All people in households,688,463,127,336,225,150,75
S01012969,Born in the UK,663,453,126,327,210,144,66
S01012969,Born outside the UK: Total,25,10,1,9,15,6,9
S01012969,Born outside the UK: Resident less than 2 years,3,0,0,0,3,3,0
S01012969,Born outside the UK: Resident 2 years or more and less than 5 years,8,2,0,2,6,0,6
S01012969,Born outside the UK: Resident 5 years or more and less than 10 years,6,5,0,5,1,0,1
S01012969,Born outside the UK: Resident 10 years or more,8,3,1,2,5,3,2
S01012970,All people in households,579,389,81,308,190,170,20
S01012970,Born in the UK,563,375,79,296,188,168,20
S01012970,Born outside the UK: Total,16,14,2,12,2,2,0
S01012970,Born outside the UK: Resident less than 2 years,1,1,0,1,0,0,0
S01012970,Born outside the UK: Resident 2 years or more and less than 5 years,1,1,0,1,0,0,0
S01012970,Born outside the UK: Resident 5 years or more and less than 10 years,0,0,0,0,0,0,0
S01012970,Born outside the UK: Resident 10 years or more,14,12,2,10,2,2,0
S01012971,All people in households,833,440,101,339,393,325,68
S01012971,Born in the UK,810,424,101,323,386,319,67
S01012971,Born outside the UK: Total,23,16,0,16,7,6,1
S01012971,Born outside the UK: Resident less than 2 years,2,2,0,2,0,0,0
S01012971,Born outside the UK: Resident 2 years or more and less than 5 years,5,4,0,4,1,0,1
S01012971,Born outside the UK: Resident 5 years or more and less than 10 years,1,1,0,1,0,0,0
S01012971,Born outside the UK: Resident 10 years or more,15,9,0,9,6,6,0
S01012972,All people in households,797,446,85,361,351,277,74
S01012972,Born in the UK,772,432,85,347,340,270,70
S01012972,Born outside the UK: Total,25,14,0,14,11,7,4
S01012972,Born outside the UK: Resident less than 2 years,0,0,0,0,0,0,0
S01012972,Born outside the UK: Resident 2 years or more and less than 5 years,4,3,0,3,1,0,1
S01012972,Born outside the UK: Resident 5 years or more and less than 10 years,1,1,0,1,0,0,0
S01012972,Born outside the UK: Resident 10 years or more,20,10,0,10,10,7,3
S01012973,All people in households,790,618,155,463,172,110,62
S01012973,Born in the UK,770,607,151,456,163,110,53
S01012973,Born outside the UK: Total,20,11,4,7,9,0,9
S01012973,Born outside the UK: Resident less than 2 years,1,1,0,1,0,0,0
S01012973,Born outside the UK: Resident 2 years or more and less than 5 years,4,0,0,0,4,0,4
S01012973,Born outside the UK: Resident 5 years or more and less than 10 years,2,1,0,1,1,0,1
S01012973,Born outside the UK: Resident 10 years or more,13,9,4,5,4,0,4
S01012974,All people in households,919,646,200,446,273,205,68
S01012974,Born in the UK,904,634,193,441,270,204,66
S01012974,Born outside the UK: Total,15,12,7,5,3,1,2
S01012974,Born outside the UK: Resident less than 2 years,0,0,0,0,0,0,0
S01012974,Born outside the UK: Resident 2 years or more and less than 5 years,2,1,0,1,1,0,1
S01012974,Born outside the UK: Resident 5 years or more and less than 10 years,4,3,1,2,1,0,1
S01012974,Born outside the UK: Resident 10 years or more,9,8,6,2,1,1,0
S01012975,All people in households,618,359,74,285,259,196,63
S01012975,Born in the UK,595,350,74,276,245,190,55
S01012975,Born outside the UK: Total,23,9,0,9,14,6,8
S01012975,Born outside the UK: Resident less than 2 years,1,0,0,0,1,1,0
S01012975,Born outside the UK: Resident 2 years or more and less than 5 years,6,1,0,1,5,0,5
S01012975,Born outside the UK: Resident 5 years or more and less than 10 years,7,4,0,4,3,0,3
S01012975,Born outside the UK: Resident 10 years or more,9,4,0,4,5,5,0
S01012976,All people in households,522,337,106,231,185,134,51
S01012976,Born in the UK,512,334,106,228,178,131,47
S01012976,Born outside the UK: Total,10,3,0,3,7,3,4
S01012976,Born outside the UK: Resident less than 2 years,1,1,0,1,0,0,0
S01012976,Born outside the UK: Resident 2 years or more and less than 5 years,5,0,0,0,5,1,4
S01012976,Born outside the UK: Resident 5 years or more and less than 10 years,0,0,0,0,0,0,0
S01012976,Born outside the UK: Resident 10 years or more,4,2,0,2,2,2,0
S01012977,All people in households,719,496,111,385,223,156,67
S01012977,Born in the UK,701,490,109,381,211,148,63
S01012977,Born outside the UK: Total,18,6,2,4,12,8,4
S01012977,Born outside the UK: Resident less than 2 years,2,0,0,0,2,0,2
S01012977,Born outside the UK: Resident 2 years or more and less than 5 years,3,0,0,0,3,1,2
S01012977,Born outside the UK: Resident 5 years or more and less than 10 years,0,0,0,0,0,0,0
S01012977,Born outside the UK: Resident 10 years or more,13,6,2,4,7,7,0
S01012978,All people in households,808,521,117,404,287,233,54
S01012978,Born in the UK,795,510,112,398,285,231,54
S01012978,Born outside the UK: Total,13,11,5,6,2,2,0
S01012978,Born outside the UK: Resident less than 2 years,3,3,2,1,0,0,0
S01012978,Born outside the UK: Resident 2 years or more and less than 5 years,0,0,0,0,0,0,0
S01012978,Born outside the UK: Resident 5 years or more and less than 10 years,1,1,0,1,0,0,0
S01012978,Born outside the UK: Resident 10 years or more,9,7,3,4,2,2,0
S01012979,All people in households,640,503,100,403,137,99,38
S01012979,Born in the UK,610,481,99,382,129,93,36
S01012979,Born outside the UK: Total,30,22,1,21,8,6,2
S01012979,Born outside the UK: Resident less than 2 years,3,3,0,3,0,0,0
S01012979,Born outside the UK: Resident 2 years or more and less than 5 years,6,2,0,2,4,4,0
S01012979,Born outside the UK: Resident 5 years or more and less than 10 years,2,1,0,1,1,0,1
S01012979,Born outside the UK: Resident 10 years or more,19,16,1,15,3,2,1
S01012980,All people in households,668,452,104,348,216,130,86
S01012980,Born in the UK,650,443,100,343,207,127,80
S01012980,Born outside the UK: Total,18,9,4,5,9,3,6
S01012980,Born outside the UK: Resident less than 2 years,2,2,0,2,0,0,0
S01012980,Born outside the UK: Resident 2 years or more and less than 5 years,0,0,0,0,0,0,0
S01012980,Born outside the UK: Resident 5 years or more and less than 10 years,5,1,0,1,4,0,4
S01012980,Born outside the UK: Resident 10 years or more,11,6,4,2,5,3,2
S01012981,All people in households,748,547,134,413,201,125,76
S01012981,Born in the UK,708,517,131,386,191,121,70
S01012981,Born outside the UK: Total,40,30,3,27,10,4,6
S01012981,Born outside the UK: Resident less than 2 years,8,1,0,1,7,3,4
S01012981,Born outside the UK: Resident 2 years or more and less than 5 years,5,3,0,3,2,0,2
S01012981,Born outside the UK: Resident 5 years or more and less than 10 years,12,12,0,12,0,0,0
S01012981,Born outside the UK: Resident 10 years or more,15,14,3,11,1,1,0
S01012982,All people in households,820,594,155,439,226,125,101
S01012982,Born in the UK,792,571,151,420,221,123,98
S01012982,Born outside the UK: Total,28,23,4,19,5,2,3
S01012982,Born outside the UK: Resident less than 2 years,0,0,0,0,0,0,0
S01012982,Born outside the UK: Resident 2 years or more and less than 5 years,4,1,0,1,3,0,3
S01012982,Born outside the UK: Resident 5 years or more and less than 10 years,7,7,0,7,0,0,0
S01012982,Born outside the UK: Resident 10 years or more,17,15,4,11,2,2,0
S01012983,All people in households,745,678,229,449,67,18,49
S01012983,Born in the UK,725,661,227,434,64,16,48
S01012983,Born outside the UK: Total,20,17,2,15,3,2,1
S01012983,Born outside the UK: Resident less than 2 years,0,0,0,0,0,0,0
S01012983,Born outside the UK: Resident 2 years or more and less than 5 years,2,1,0,1,1,0,1
S01012983,Born outside the UK: Resident 5 years or more and less than 10 years,2,2,0,2,0,0,0
S01012983,Born outside the UK: Resident 10 years or more,16,14,2,12,2,2,0
S01012984,All people in households,628,525,134,391,103,60,43
S01012984,Born in the UK,596,499,127,372,97,60,37
S01012984,Born outside the UK: Total,32,26,7,19,6,0,6
S01012984,Born outside the UK: Resident less than 2 years,0,0,0,0,0,0,0
S01012984,Born outside the UK: Resident 2 years or more and less than 5 years,4,3,0,3,1,0,1
S01012984,Born outside the UK: Resident 5 years or more and less than 10 years,7,4,0,4,3,0,3
S01012984,Born outside the UK: Resident 10 years or more,21,19,7,12,2,0,2
S01012985,All people in households,783,690,224,466,93,56,37
S01012985,Born in the UK,765,680,221,459,85,54,31
S01012985,Born outside the UK: Total,18,10,3,7,8,2,6
S01012985,Born outside the UK: Resident less than 2 years,1,0,0,0,1,1,0
S01012985,Born outside the UK: Resident 2 years or more and less than 5 years,0,0,0,0,0,0,0
S01012985,Born outside the UK: Resident 5 years or more and less than 10 years,0,0,0,0,0,0,0
S01012985,Born outside the UK: Resident 10 years or more,17,10,3,7,7,1,6
S01012986,All people in households,746,521,149,372,225,144,81
S01012986,Born in the UK,729,504,147,357,225,144,81
S01012986,Born outside the UK: Total,17,17,2,15,0,0,0
S01012986,Born outside the UK: Resident less than 2 years,0,0,0,0,0,0,0
S01012986,Born outside the UK: Resident 2 years or more and less than 5 years,1,1,0,1,0,0,0
S01012986,Born outside the UK: Resident 5 years or more and less than 10 years,5,5,1,4,0,0,0
S01012986,Born outside the UK: Resident 10 years or more,11,11,1,10,0,0,0
S01012987,All people in households,733,508,162,346,225,146,79
S01012987,Born in the UK,705,487,156,331,218,146,72
S01012987,Born outside the UK: Total,28,21,6,15,7,0,7
S01012987,Born outside the UK: Resident less than 2 years,0,0,0,0,0,0,0
S01012987,Born outside the UK: Resident 2 years or more and less than 5 years,8,2,0,2,6,0,6
S01012987,Born outside the UK: Resident 5 years or more and less than 10 years,0,0,0,0,0,0,0
S01012987,Born outside the UK: Resident 10 years or more,20,19,6,13,1,0,1
S01012988,All people in households,883,625,246,379,258,154,104
S01012988,Born in the UK,842,602,241,361,240,151,89
S01012988,Born outside the UK: Total,41,23,5,18,18,3,15
S01012988,Born outside the UK: Resident less than 2 years,7,0,0,0,7,2,5
S01012988,Born outside the UK: Resident 2 years or more and less than 5 years,14,5,0,5,9,1,8
S01012988,Born outside the UK: Resident 5 years or more and less than 10 years,3,2,0,2,1,0,1
S01012988,Born outside the UK: Resident 10 years or more,17,16,5,11,1,0,1
S01012989,All people in households,920,735,241,494,185,113,72
S01012989,Born in the UK,888,713,237,476,175,112,63
S01012989,Born outside the UK: Total,32,22,4,18,10,1,9
S01012989,Born outside the UK: Resident less than 2 years,4,1,0,1,3,0,3
S01012989,Born outside the UK: Resident 2 years or more and less than 5 years,5,1,0,1,4,1,3
S01012989,Born outside the UK: Resident 5 years or more and less than 10 years,5,2,0,2,3,0,3
S01012989,Born outside the UK: Resident 10 years or more,18,18,4,14,0,0,0
S01012990,All people in households,602,391,125,266,211,149,62
S01012990,Born in the UK,576,372,120,252,204,147,57
S01012990,Born outside the UK: Total,26,19,5,14,7,2,5
S01012990,Born outside the UK: Resident less than 2 years,0,0,0,0,0,0,0
S01012990,Born outside the UK: Resident 2 years or more and less than 5 years,2,1,0,1,1,0,1
S01012990,Born outside the UK: Resident 5 years or more and less than 10 years,10,9,0,9,1,1,0
S01012990,Born outside the UK: Resident 10 years or more,14,9,5,4,5,1,4
S01012991,All people in households,811,605,187,418,206,99,107
S01012991,Born in the UK,783,585,181,404,198,97,101
S01012991,Born outside the UK: Total,28,20,6,14,8,2,6
S01012991,Born outside the UK: Resident less than 2 years,1,1,0,1,0,0,0
S01012991,Born outside the UK: Resident 2 years or more and less than 5 years,5,2,0,2,3,0,3
S01012991,Born outside the UK: Resident 5 years or more and less than 10 years,8,8,2,6,0,0,0
S01012991,Born outside the UK: Resident 10 years or more,14,9,4,5,5,2,3
S01012992,All people in households,786,601,182,419,185,105,80
S01012992,Born in the UK,763,587,178,409,176,103,73
S01012992,Born outside the UK: Total,23,14,4,10,9,2,7
S01012992,Born outside the UK: Resident less than 2 years,3,0,0,0,3,0,3
S01012992,Born outside the UK: Resident 2 years or more and less than 5 years,4,3,0,3,1,0,1
S01012992,Born outside the UK: Resident 5 years or more and less than 10 years,7,6,0,6,1,0,1
S01012992,Born outside the UK: Resident 10 years or more,9,5,4,1,4,2,2
S01012993,All people in households,689,459,181,278,230,125,105
S01012993,Born in the UK,671,449,177,272,222,123,99
S01012993,Born outside the UK: Total,18,10,4,6,8,2,6
S01012993,Born outside the UK: Resident less than 2 years,2,0,0,0,2,0,2
S01012993,Born outside the UK: Resident 2 years or more and less than 5 years,2,0,0,0,2,0,2
S01012993,Born outside the UK: Resident 5 years or more and less than 10 years,9,6,1,5,3,2,1
S01012993,Born outside the UK: Resident 10 years or more,5,4,3,1,1,0,1
S01012994,All people in households,871,490,200,290,381,240,141
S01012994,Born in the UK,833,464,193,271,369,235,134
S01012994,Born outside the UK: Total,38,26,7,19,12,5,7
S01012994,Born outside the UK: Resident less than 2 years,2,0,0,0,2,0,2
S01012994,Born outside the UK: Resident 2 years or more and less than 5 years,5,1,0,1,4,1,3
S01012994,Born outside the UK: Resident 5 years or more and less than 10 years,7,6,0,6,1,1,0
S01012994,Born outside the UK: Resident 10 years or more,24,19,7,12,5,3,2
S01012995,All people in households,795,629,128,501,166,117,49
S01012995,Born in the UK,777,615,123,492,162,116,46
S01012995,Born outside the UK: Total,18,14,5,9,4,1,3
S01012995,Born outside the UK: Resident less than 2 years,1,1,0,1,0,0,0
S01012995,Born outside the UK: Resident 2 years or more and less than 5 years,3,0,0,0,3,0,3
S01012995,Born outside the UK: Resident 5 years or more and less than 10 years,2,2,1,1,0,0,0
S01012995,Born outside the UK: Resident 10 years or more,12,11,4,7,1,1,0
S01012996,All people in households,651,464,85,379,187,157,30
S01012996,Born in the UK,628,455,83,372,173,149,24
S01012996,Born outside the UK: Total,23,9,2,7,14,8,6
S01012996,Born outside the UK: Resident less than 2 years,2,0,0,0,2,0,2
S01012996,Born outside the UK: Resident 2 years or more and less than 5 years,5,3,0,3,2,0,2
S01012996,Born outside the UK: Resident 5 years or more and less than 10 years,2,0,0,0,2,1,1
S01012996,Born outside the UK: Resident 10 years or more,14,6,2,4,8,7,1
S01012997,All people in households,487,345,84,261,142,103,39
S01012997,Born in the UK,478,338,84,254,140,101,39
S01012997,Born outside the UK: Total,9,7,0,7,2,2,0
S01012997,Born outside the UK: Resident less than 2 years,0,0,0,0,0,0,0
S01012997,Born outside the UK: Resident 2 years or more and less than 5 years,0,0,0,0,0,0,0
S01012997,Born outside the UK: Resident 5 years or more and less than 10 years,0,0,0,0,0,0,0
S01012997,Born outside the UK: Resident 10 years or more,9,7,0,7,2,2,0
S01012998,All people in households,1054,797,152,645,257,141,116
S01012998,Born in the UK,1020,778,151,627,242,140,102
S01012998,Born outside the UK: Total,34,19,1,18,15,1,14
S01012998,Born outside the UK: Resident less than 2 years,1,1,0,1,0,0,0
S01012998,Born outside the UK: Resident 2 years or more and less than 5 years,9,7,1,6,2,1,1
S01012998,Born outside the UK: Resident 5 years or more and less than 10 years,8,3,0,3,5,0,5
S01012998,Born outside the UK: Resident 10 years or more,16,8,0,8,8,0,8
S01012999,All people in households,479,359,81,278,120,89,31
S01012999,Born in the UK,453,338,78,260,115,87,28
S01012999,Born outside the UK: Total,26,21,3,18,5,2,3
S01012999,Born outside the UK: Resident less than 2 years,1,0,0,0,1,0,1
S01012999,Born outside the UK: Resident 2 years or more and less than 5 years,6,6,1,5,0,0,0
S01012999,Born outside the UK: Resident 5 years or more and less than 10 years,9,6,0,6,3,1,2
S01012999,Born outside the UK: Resident 10 years or more,10,9,2,7,1,1,0
S01013000,All people in households,642,470,157,313,172,107,65
S01013000,Born in the UK,620,455,156,299,165,104,61
S01013000,Born outside the UK: Total,22,15,1,14,7,3,4
S01013000,Born outside the UK: Resident less than 2 years,2,2,0,2,0,0,0
S01013000,Born outside the UK: Resident 2 years or more and less than 5 years,3,0,0,0,3,0,3
S01013000,Born outside the UK: Resident 5 years or more and less than 10 years,5,4,0,4,1,0,1
S01013000,Born outside the UK: Resident 10 years or more,12,9,1,8,3,3,0
S01013001,All people in households,381,274,136,138,107,22,85
S01013001,Born in the UK,346,248,123,125,98,22,76
S01013001,Born outside the UK: Total,35,26,13,13,9,0,9
S01013001,Born outside the UK: Resident less than 2 years,2,1,0,1,1,0,1
S01013001,Born outside the UK: Resident 2 years or more and less than 5 years,5,2,1,1,3,0,3
S01013001,Born outside the UK: Resident 5 years or more and less than 10 years,1,0,0,0,1,0,1
S01013001,Born outside the UK: Resident 10 years or more,27,23,12,11,4,0,4
S01013002,All people in households,492,378,186,192,114,30,84
S01013002,Born in the UK,474,366,181,185,108,30,78
S01013002,Born outside the UK: Total,18,12,5,7,6,0,6
S01013002,Born outside the UK: Resident less than 2 years,2,0,0,0,2,0,2
S01013002,Born outside the UK: Resident 2 years or more and less than 5 years,2,0,0,0,2,0,2
S01013002,Born outside the UK: Resident 5 years or more and less than 10 years,3,2,1,1,1,0,1
S01013002,Born outside the UK: Resident 10 years or more,11,10,4,6,1,0,1
S01013003,All people in households,641,627,277,350,14,7,7
S01013003,Born in the UK,619,606,268,338,13,6,7
S01013003,Born outside the UK: Total,22,21,9,12,1,1,0
S01013003,Born outside the UK: Resident less than 2 years,0,0,0,0,0,0,0
S01013003,Born outside the UK: Resident 2 years or more and less than 5 years,3,3,0,3,0,0,0
S01013003,Born outside the UK: Resident 5 years or more and less than 10 years,0,0,0,0,0,0,0
S01013003,Born outside the UK: Resident 10 years or more,19,18,9,9,1,1,0
S01013004,All people in households,671,603,235,368,68,42,26
S01013004,Born in the UK,651,585,228,357,66,40,26
S01013004,Born outside the UK: Total,20,18,7,11,2,2,0
S01013004,Born outside the UK: Resident less than 2 years,0,0,0,0,0,0,0
S01013004,Born outside the UK: Resident 2 years or more and less than 5 years,0,0,0,0,0,0,0
S01013004,Born outside the UK: Resident 5 years or more and less than 10 years,1,1,0,1,0,0,0
S01013004,Born outside the UK: Resident 10 years or more,19,17,7,10,2,2,0
S01013005,All people in households,711,592,301,291,119,28,91
S01013005,Born in the UK,682,570,291,279,112,27,85
S01013005,Born outside the UK: Total,29,22,10,12,7,1,6
S01013005,Born outside the UK: Resident less than 2 years,4,0,0,0,4,0,4
S01013005,Born outside the UK: Resident 2 years or more and less than 5 years,2,2,0,2,0,0,0
S01013005,Born outside the UK: Resident 5 years or more and less than 10 years,2,2,0,2,0,0,0
S01013005,Born outside the UK: Resident 10 years or more,21,18,10,8,3,1,2
S01013006,All people in households,611,487,234,253,124,21,103
S01013006,Born in the UK,573,466,227,239,107,19,88
S01013006,Born outside the UK: Total,38,21,7,14,17,2,15
S01013006,Born outside the UK: Resident less than 2 years,5,0,0,0,5,0,5
S01013006,Born outside the UK: Resident 2 years or more and less than 5 years,1,0,0,0,1,0,1
S01013006,Born outside the UK: Resident 5 years or more and less than 10 years,11,4,0,4,7,1,6
S01013006,Born outside the UK: Resident 10 years or more,21,17,7,10,4,1,3
S01013007,All people in households,910,815,383,432,95,27,68
S01013007,Born in the UK,873,792,375,417,81,27,54
S01013007,Born outside the UK: Total,37,23,8,15,14,0,14
S01013007,Born outside the UK: Resident less than 2 years,1,0,0,0,1,0,1
S01013007,Born outside the UK: Resident 2 years or more and less than 5 years,3,0,0,0,3,0,3
S01013007,Born outside the UK: Resident 5 years or more and less than 10 years,12,4,0,4,8,0,8
S01013007,Born outside the UK: Resident 10 years or more,21,19,8,11,2,0,2
S01013008,All people in households,777,611,279,332,166,90,76
S01013008,Born in the UK,732,589,269,320,143,88,55
S01013008,Born outside the UK: Total,45,22,10,12,23,2,21
S01013008,Born outside the UK: Resident less than 2 years,14,1,0,1,13,0,13
S01013008,Born outside the UK: Resident 2 years or more and less than 5 years,5,1,0,1,4,0,4
S01013008,Born outside the UK: Resident 5 years or more and less than 10 years,8,6,3,3,2,1,1
S01013008,Born outside the UK: Resident 10 years or more,18,14,7,7,4,1,3
S01013009,All people in households,634,433,215,218,201,128,73
S01013009,Born in the UK,618,421,208,213,197,127,70
S01013009,Born outside the UK: Total,16,12,7,5,4,1,3
S01013009,Born outside the UK: Resident less than 2 years,1,0,0,0,1,0,1
S01013009,Born outside the UK: Resident 2 years or more and less than 5 years,2,1,0,1,1,0,1
S01013009,Born outside the UK: Resident 5 years or more and less than 10 years,0,0,0,0,0,0,0
S01013009,Born outside the UK: Resident 10 years or more,13,11,7,4,2,1,1
S01013010,All people in households,592,510,260,250,82,11,71
S01013010,Born in the UK,564,491,254,237,73,11,62
S01013010,Born outside the UK: Total,28,19,6,13,9,0,9
S01013010,Born outside the UK: Resident less than 2 years,4,1,1,0,3,0,3
S01013010,Born outside the UK: Resident 2 years or more and less than 5 years,2,1,0,1,1,0,1
S01013010,Born outside the UK: Resident 5 years or more and less than 10 years,0,0,0,0,0,0,0
S01013010,Born outside the UK: Resident 10 years or more,22,17,5,12,5,0,5
S01013011,All people in households,705,562,147,415,143,101,42
S01013011,Born in the UK,681,545,145,400,136,97,39
S01013011,Born outside the UK: Total,24,17,2,15,7,4,3
S01013011,Born outside the UK: Resident less than 2 years,1,0,0,0,1,0,1
S01013011,Born outside the UK: Resident 2 years or more and less than 5 years,7,1,0,1,6,4,2
S01013011,Born outside the UK: Resident 5 years or more and less than 10 years,0,0,0,0,0,0,0
S01013011,Born outside the UK: Resident 10 years or more,16,16,2,14,0,0,0
S01013012,All people in households,654,432,161,271,222,124,98
S01013012,Born in the UK,614,412,157,255,202,120,82
S01013012,Born outside the UK: Total,40,20,4,16,20,4,16
S01013012,Born outside the UK: Resident less than 2 years,9,1,1,0,8,1,7
S01013012,Born outside the UK: Resident 2 years or more and less than 5 years,10,4,1,3,6,2,4
S01013012,Born outside the UK: Resident 5 years or more and less than 10 years,10,7,0,7,3,0,3
S01013012,Born outside the UK: Resident 10 years or more,11,8,2,6,3,1,2
S01013013,All people in households,731,581,239,342,150,63,87
S01013013,Born in the UK,696,556,235,321,140,61,79
S01013013,Born outside the UK: Total,35,25,4,21,10,2,8
S01013013,Born outside the UK: Resident less than 2 years,6,0,0,0,6,0,6
S01013013,Born outside the UK: Resident 2 years or more and less than 5 years,4,3,0,3,1,0,1
S01013013,Born outside the UK: Resident 5 years or more and less than 10 years,2,2,0,2,0,0,0
S01013013,Born outside the UK: Resident 10 years or more,23,20,4,16,3,2,1
S01013014,All people in households,732,509,253,256,223,105,118
S01013014,Born in the UK,702,494,244,250,208,101,107
S01013014,Born outside the UK: Total,30,15,9,6,15,4,11
S01013014,Born outside the UK: Resident less than 2 years,4,0,0,0,4,0,4
S01013014,Born outside the UK: Resident 2 years or more and less than 5 years,1,0,0,0,1,0,1
S01013014,Born outside the UK: Resident 5 years or more and less than 10 years,4,1,0,1,3,0,3
S01013014,Born outside the UK: Resident 10 years or more,21,14,9,5,7,4,3
S01013015,All people in households,760,655,320,335,105,21,84
S01013015,Born in the UK,722,626,304,322,96,19,77
S01013015,Born outside the UK: Total,38,29,16,13,9,2,7
S01013015,Born outside the UK: Resident less than 2 years,2,1,1,0,1,0,1
S01013015,Born outside the UK: Resident 2 years or more and less than 5 years,2,0,0,0,2,0,2
S01013015,Born outside the UK: Resident 5 years or more and less than 10 years,7,6,2,4,1,1,0
S01013015,Born outside the UK: Resident 10 years or more,27,22,13,9,5,1,4
S01013016,All people in households,604,494,279,215,110,21,89
S01013016,Born in the UK,578,472,263,209,106,19,87
S01013016,Born outside the UK: Total,26,22,16,6,4,2,2
S01013016,Born outside the UK: Resident less than 2 years,1,0,0,0,1,0,1
S01013016,Born outside the UK: Resident 2 years or more and less than 5 years,0,0,0,0,0,0,0
S01013016,Born outside the UK: Resident 5 years or more and less than 10 years,2,2,0,2,0,0,0
S01013016,Born outside the UK: Resident 10 years or more,23,20,16,4,3,2,1
S01013017,All people in households,846,593,200,393,253,209,44
S01013017,Born in the UK,821,572,190,382,249,206,43
S01013017,Born outside the UK: Total,25,21,10,11,4,3,1
S01013017,Born outside the UK: Resident less than 2 years,2,2,1,1,0,0,0
S01013017,Born outside the UK: Resident 2 years or more and less than 5 years,4,3,2,1,1,0,1
S01013017,Born outside the UK: Resident 5 years or more and less than 10 years,2,1,1,0,1,1,0
S01013017,Born outside the UK: Resident 10 years or more,17,15,6,9,2,2,0
S01013018,All people in households,953,794,317,477,159,96,63
S01013018,Born in the UK,908,759,306,453,149,90,59
S01013018,Born outside the UK: Total,45,35,11,24,10,6,4
S01013018,Born outside the UK: Resident less than 2 years,0,0,0,0,0,0,0
S01013018,Born outside the UK: Resident 2 years or more and less than 5 years,4,4,1,3,0,0,0
S01013018,Born outside the UK: Resident 5 years or more and less than 10 years,5,4,0,4,1,0,1
S01013018,Born outside the UK: Resident 10 years or more,36,27,10,17,9,6,3
S01013019,All people in households,898,726,225,501,172,20,152
S01013019,Born in the UK,857,708,219,489,149,20,129
S01013019,Born outside the UK: Total,41,18,6,12,23,0,23
S01013019,Born outside the UK: Resident less than 2 years,2,1,0,1,1,0,1
S01013019,Born outside the UK: Resident 2 years or more and less than 5 years,12,1,0,1,11,0,11
S01013019,Born outside the UK: Resident 5 years or more and less than 10 years,10,4,0,4,6,0,6
S01013019,Born outside the UK: Resident 10 years or more,17,12,6,6,5,0,5
S01013020,All people in households,466,295,100,195,171,122,49
S01013020,Born in the UK,450,286,100,186,164,120,44
S01013020,Born outside the UK: Total,16,9,0,9,7,2,5
S01013020,Born outside the UK: Resident less than 2 years,3,1,0,1,2,0,2
S01013020,Born outside the UK: Resident 2 years or more and less than 5 years,2,0,0,0,2,0,2
S01013020,Born outside the UK: Resident 5 years or more and less than 10 years,1,1,0,1,0,0,0
S01013020,Born outside the UK: Resident 10 years or more,10,7,0,7,3,2,1
S01013021,All people in households,464,338,96,242,126,97,29
S01013021,Born in the UK,441,323,93,230,118,94,24
S01013021,Born outside the UK: Total,23,15,3,12,8,3,5
S01013021,Born outside the UK: Resident less than 2 years,2,0,0,0,2,0,2
S01013021,Born outside the UK: Resident 2 years or more and less than 5 years,0,0,0,0,0,0,0
S01013021,Born outside the UK: Resident 5 years or more and less than 10 years,9,7,1,6,2,0,2
S01013021,Born outside the UK: Resident 10 years or more,12,8,2,6,4,3,1
S01013022,All people in households,430,229,67,162,201,158,43
S01013022,Born in the UK,411,220,63,157,191,156,35
S01013022,Born outside the UK: Total,19,9,4,5,10,2,8
S01013022,Born outside the UK: Resident less than 2 years,4,3,0,3,1,0,1
S01013022,Born outside the UK: Resident 2 years or more and less than 5 years,6,0,0,0,6,0,6
S01013022,Born outside the UK: Resident 5 years or more and less than 10 years,1,0,0,0,1,0,1
S01013022,Born outside the UK: Resident 10 years or more,8,6,4,2,2,2,0
S01013023,All people in households,854,789,395,394,65,20,45
S01013023,Born in the UK,821,767,381,386,54,15,39
S01013023,Born outside the UK: Total,33,22,14,8,11,5,6
S01013023,Born outside the UK: Resident less than 2 years,5,0,0,0,5,0,5
S01013023,Born outside the UK: Resident 2 years or more and less than 5 years,1,0,0,0,1,0,1
S01013023,Born outside the UK: Resident 5 years or more and less than 10 years,6,1,0,1,5,5,0
S01013023,Born outside the UK: Resident 10 years or more,21,21,14,7,0,0,0
S01013024,All people in households,527,473,198,275,54,13,41
S01013024,Born in the UK,510,460,195,265,50,13,37
S01013024,Born outside the UK: Total,17,13,3,10,4,0,4
S01013024,Born outside the UK: Resident less than 2 years,1,0,0,0,1,0,1
S01013024,Born outside the UK: Resident 2 years or more and less than 5 years,1,0,0,0,1,0,1
S01013024,Born outside the UK: Resident 5 years or more and less than 10 years,3,2,0,2,1,0,1
S01013024,Born outside the UK: Resident 10 years or more,12,11,3,8,1,0,1
S01013025,All people in households,498,385,211,174,113,29,84
S01013025,Born in the UK,471,374,206,168,97,21,76
S01013025,Born outside the UK: Total,27,11,5,6,16,8,8
S01013025,Born outside the UK: Resident less than 2 years,0,0,0,0,0,0,0
S01013025,Born outside the UK: Resident 2 years or more and less than 5 years,10,1,0,1,9,6,3
S01013025,Born outside the UK: Resident 5 years or more and less than 10 years,4,0,0,0,4,2,2
S01013025,Born outside the UK: Resident 10 years or more,13,10,5,5,3,0,3
S01013026,All people in households,956,682,153,529,274,229,45
S01013026,Born in the UK,920,653,144,509,267,228,39
S01013026,Born outside the UK: Total,36,29,9,20,7,1,6
S01013026,Born outside the UK: Resident less than 2 years,8,3,1,2,5,0,5
S01013026,Born outside the UK: Resident 2 years or more and less than 5 years,2,1,0,1,1,1,0
S01013026,Born outside the UK: Resident 5 years or more and less than 10 years,6,6,0,6,0,0,0
S01013026,Born outside the UK: Resident 10 years or more,20,19,8,11,1,0,1
S01013027,All people in households,1026,436,149,287,590,531,59
S01013027,Born in the UK,1011,426,147,279,585,527,58
S01013027,Born outside the UK: Total,15,10,2,8,5,4,1
S01013027,Born outside the UK: Resident less than 2 years,0,0,0,0,0,0,0
S01013027,Born outside the UK: Resident 2 years or more and less than 5 years,1,1,0,1,0,0,0
S01013027,Born outside the UK: Resident 5 years or more and less than 10 years,6,6,0,6,0,0,0
S01013027,Born outside the UK: Resident 10 years or more,8,3,2,1,5,4,1
S01013028,All people in households,457,327,128,199,130,70,60
S01013028,Born in the UK,431,314,123,191,117,68,49
S01013028,Born outside the UK: Total,26,13,5,8,13,2,11
S01013028,Born outside the UK: Resident less than 2 years,6,0,0,0,6,0,6
S01013028,Born outside the UK: Resident 2 years or more and less than 5 years,4,1,0,1,3,0,3
S01013028,Born outside the UK: Resident 5 years or more and less than 10 years,3,1,1,0,2,0,2
S01013028,Born outside the UK: Resident 10 years or more,13,11,4,7,2,2,0
S01013029,All people in households,577,325,123,202,252,219,33
S01013029,Born in the UK,564,317,123,194,247,219,28
S01013029,Born outside the UK: Total,13,8,0,8,5,0,5
S01013029,Born outside the UK: Resident less than 2 years,4,1,0,1,3,0,3
S01013029,Born outside the UK: Resident 2 years or more and less than 5 years,4,2,0,2,2,0,2
S01013029,Born outside the UK: Resident 5 years or more and less than 10 years,0,0,0,0,0,0,0
S01013029,Born outside the UK: Resident 10 years or more,5,5,0,5,0,0,0
S01013030,All people in households,627,283,118,165,344,304,40
S01013030,Born in the UK,615,273,117,156,342,303,39
S01013030,Born outside the UK: Total,12,10,1,9,2,1,1
S01013030,Born outside the UK: Resident less than 2 years,1,1,0,1,0,0,0
S01013030,Born outside the UK: Resident 2 years or more and less than 5 years,0,0,0,0,0,0,0
S01013030,Born outside the UK: Resident 5 years or more and less than 10 years,3,3,0,3,0,0,0
S01013030,Born outside the UK: Resident 10 years or more,8,6,1,5,2,1,1
S01013031,All people in households,635,309,91,218,326,285,41
S01013031,Born in the UK,628,304,91,213,324,283,41
S01013031,Born outside the UK: Total,7,5,0,5,2,2,0
S01013031,Born outside the UK: Resident less than 2 years,0,0,0,0,0,0,0
S01013031,Born outside the UK: Resident 2 years or more and less than 5 years,1,1,0,1,0,0,0
S01013031,Born outside the UK: Resident 5 years or more and less than 10 years,0,0,0,0,0,0,0
S01013031,Born outside the UK: Resident 10 years or more,6,4,0,4,2,2,0
S01013032,All people in households,810,654,72,582,156,96,60
S01013032,Born in the UK,763,625,69,556,138,92,46
S01013032,Born outside the UK: Total,47,29,3,26,18,4,14
S01013032,Born outside the UK: Resident less than 2 years,4,2,0,2,2,0,2
S01013032,Born outside the UK: Resident 2 years or more and less than 5 years,7,2,0,2,5,0,5
S01013032,Born outside the UK: Resident 5 years or more and less than 10 years,21,12,0,12,9,3,6
S01013032,Born outside the UK: Resident 10 years or more,15,13,3,10,2,1,1
S01013033,All people in households,669,490,63,427,179,94,85
S01013033,Born in the UK,638,474,59,415,164,93,71
S01013033,Born outside the UK: Total,31,16,4,12,15,1,14
S01013033,Born outside the UK: Resident less than 2 years,3,1,1,0,2,0,2
S01013033,Born outside the UK: Resident 2 years or more and less than 5 years,4,1,0,1,3,0,3
S01013033,Born outside the UK: Resident 5 years or more and less than 10 years,9,6,0,6,3,0,3
S01013033,Born outside the UK: Resident 10 years or more,15,8,3,5,7,1,6
S01013034,All people in households,717,458,145,313,259,230,29
S01013034,Born in the UK,704,454,145,309,250,228,22
S01013034,Born outside the UK: Total,13,4,0,4,9,2,7
S01013034,Born outside the UK: Resident less than 2 years,2,0,0,0,2,0,2
S01013034,Born outside the UK: Resident 2 years or more and less than 5 years,3,0,0,0,3,0,3
S01013034,Born outside the UK: Resident 5 years or more and less than 10 years,3,1,0,1,2,0,2
S01013034,Born outside the UK: Resident 10 years or more,5,3,0,3,2,2,0
S01013035,All people in households,676,343,106,237,333,308,25
S01013035,Born in the UK,660,336,99,237,324,304,20
S01013035,Born outside the UK: Total,16,7,7,0,9,4,5
S01013035,Born outside the UK: Resident less than 2 years,4,3,3,0,1,0,1
S01013035,Born outside the UK: Resident 2 years or more and less than 5 years,2,0,0,0,2,0,2
S01013035,Born outside the UK: Resident 5 years or more and less than 10 years,2,0,0,0,2,1,1
S01013035,Born outside the UK: Resident 10 years or more,8,4,4,0,4,3,1
S01013036,All people in households,770,325,85,240,445,420,25
S01013036,Born in the UK,765,321,83,238,444,420,24
S01013036,Born outside the UK: Total,5,4,2,2,1,0,1
S01013036,Born outside the UK: Resident less than 2 years,0,0,0,0,0,0,0
S01013036,Born outside the UK: Resident 2 years or more and less than 5 years,1,0,0,0,1,0,1
S01013036,Born outside the UK: Resident 5 years or more and less than 10 years,0,0,0,0,0,0,0
S01013036,Born outside the UK: Resident 10 years or more,4,4,2,2,0,0,0
S01013037,All people in households,714,604,210,394,110,53,57
S01013037,Born in the UK,695,593,209,384,102,50,52
S01013037,Born outside the UK: Total,19,11,1,10,8,3,5
S01013037,Born outside the UK: Resident less than 2 years,1,0,0,0,1,0,1
S01013037,Born outside the UK: Resident 2 years or more and less than 5 years,1,0,0,0,1,0,1
S01013037,Born outside the UK: Resident 5 years or more and less than 10 years,3,0,0,0,3,0,3
S01013037,Born outside the UK: Resident 10 years or more,14,11,1,10,3,3,0
S01013038,All people in households,970,596,219,377,374,276,98
S01013038,Born in the UK,938,581,216,365,357,273,84
S01013038,Born outside the UK: Total,32,15,3,12,17,3,14
S01013038,Born outside the UK: Resident less than 2 years,6,0,0,0,6,0,6
S01013038,Born outside the UK: Resident 2 years or more and less than 5 years,4,0,0,0,4,0,4
S01013038,Born outside the UK: Resident 5 years or more and less than 10 years,7,3,0,3,4,2,2
S01013038,Born outside the UK: Resident 10 years or more,15,12,3,9,3,1,2
S01013039,All people in households,527,491,121,370,36,9,27
S01013039,Born in the UK,501,476,117,359,25,9,16
S01013039,Born outside the UK: Total,26,15,4,11,11,0,11
S01013039,Born outside the UK: Resident less than 2 years,4,0,0,0,4,0,4
S01013039,Born outside the UK: Resident 2 years or more and less than 5 years,4,0,0,0,4,0,4
S01013039,Born outside the UK: Resident 5 years or more and less than 10 years,3,1,0,1,2,0,2
S01013039,Born outside the UK: Resident 10 years or more,15,14,4,10,1,0,1
S01013040,All people in households,628,431,184,247,197,136,61
S01013040,Born in the UK,611,424,179,245,187,134,53
S01013040,Born outside the UK: Total,17,7,5,2,10,2,8
S01013040,Born outside the UK: Resident less than 2 years,7,0,0,0,7,0,7
S01013040,Born outside the UK: Resident 2 years or more and less than 5 years,1,1,1,0,0,0,0
S01013040,Born outside the UK: Resident 5 years or more and less than 10 years,3,2,0,2,1,0,1
S01013040,Born outside the UK: Resident 10 years or more,6,4,4,0,2,2,0
S01013041,All people in households,587,415,131,284,172,113,59
S01013041,Born in the UK,564,401,124,277,163,112,51
S01013041,Born outside the UK: Total,23,14,7,7,9,1,8
S01013041,Born outside the UK: Resident less than 2 years,4,0,0,0,4,0,4
S01013041,Born outside the UK: Resident 2 years or more and less than 5 years,2,0,0,0,2,0,2
S01013041,Born outside the UK: Resident 5 years or more and less than 10 years,0,0,0,0,0,0,0
S01013041,Born outside the UK: Resident 10 years or more,17,14,7,7,3,1,2
S01013042,All people in households,795,581,128,453,214,159,55
S01013042,Born in the UK,775,569,127,442,206,157,49
S01013042,Born outside the UK: Total,20,12,1,11,8,2,6
S01013042,Born outside the UK: Resident less than 2 years,0,0,0,0,0,0,0
S01013042,Born outside the UK: Resident 2 years or more and less than 5 years,9,4,0,4,5,1,4
S01013042,Born outside the UK: Resident 5 years or more and less than 10 years,2,1,0,1,1,0,1
S01013042,Born outside the UK: Resident 10 years or more,9,7,1,6,2,1,1
S01013043,All people in households,704,312,123,189,392,348,44
S01013043,Born in the UK,671,291,110,181,380,340,40
S01013043,Born outside the UK: Total,33,21,13,8,12,8,4
S01013043,Born outside the UK: Resident less than 2 years,0,0,0,0,0,0,0
S01013043,Born outside the UK: Resident 2 years or more and less than 5 years,7,3,3,0,4,0,4
S01013043,Born outside the UK: Resident 5 years or more and less than 10 years,4,4,3,1,0,0,0
S01013043,Born outside the UK: Resident 10 years or more,22,14,7,7,8,8,0
S01013044,All people in households,827,459,159,300,368,294,74
S01013044,Born in the UK,802,440,155,285,362,290,72
S01013044,Born outside the UK: Total,25,19,4,15,6,4,2
S01013044,Born outside the UK: Resident less than 2 years,1,1,1,0,0,0,0
S01013044,Born outside the UK: Resident 2 years or more and less than 5 years,4,2,1,1,2,2,0
S01013044,Born outside the UK: Resident 5 years or more and less than 10 years,5,4,0,4,1,0,1
S01013044,Born outside the UK: Resident 10 years or more,15,12,2,10,3,2,1
S01013045,All people in households,713,500,122,378,213,153,60
S01013045,Born in the UK,672,478,115,363,194,145,49
S01013045,Born outside the UK: Total,41,22,7,15,19,8,11
S01013045,Born outside the UK: Resident less than 2 years,4,0,0,0,4,1,3
S01013045,Born outside the UK: Resident 2 years or more and less than 5 years,15,4,0,4,11,4,7
S01013045,Born outside the UK: Resident 5 years or more and less than 10 years,6,6,1,5,0,0,0
S01013045,Born outside the UK: Resident 10 years or more,16,12,6,6,4,3,1
S01013046,All people in households,499,274,81,193,225,183,42
S01013046,Born in the UK,481,270,81,189,211,179,32
S01013046,Born outside the UK: Total,18,4,0,4,14,4,10
S01013046,Born outside the UK: Resident less than 2 years,0,0,0,0,0,0,0
S01013046,Born outside the UK: Resident 2 years or more and less than 5 years,5,0,0,0,5,0,5
S01013046,Born outside the UK: Resident 5 years or more and less than 10 years,3,3,0,3,0,0,0
S01013046,Born outside the UK: Resident 10 years or more,10,1,0,1,9,4,5
S01013047,All people in households,931,875,166,709,56,20,36
S01013047,Born in the UK,882,836,155,681,46,20,26
S01013047,Born outside the UK: Total,49,39,11,28,10,0,10
S01013047,Born outside the UK: Resident less than 2 years,6,1,0,1,5,0,5
S01013047,Born outside the UK: Resident 2 years or more and less than 5 years,5,1,0,1,4,0,4
S01013047,Born outside the UK: Resident 5 years or more and less than 10 years,6,6,2,4,0,0,0
S01013047,Born outside the UK: Resident 10 years or more,32,31,9,22,1,0,1
S01013048,All people in households,791,634,176,458,157,14,143
S01013048,Born in the UK,746,610,173,437,136,13,123
S01013048,Born outside the UK: Total,45,24,3,21,21,1,20
S01013048,Born outside the UK: Resident less than 2 years,6,1,0,1,5,0,5
S01013048,Born outside the UK: Resident 2 years or more and less than 5 years,13,6,0,6,7,1,6
S01013048,Born outside the UK: Resident 5 years or more and less than 10 years,11,4,0,4,7,0,7
S01013048,Born outside the UK: Resident 10 years or more,15,13,3,10,2,0,2
S01013049,All people in households,803,719,279,440,84,18,66
S01013049,Born in the UK,760,692,265,427,68,16,52
S01013049,Born outside the UK: Total,43,27,14,13,16,2,14
S01013049,Born outside the UK: Resident less than 2 years,6,0,0,0,6,0,6
S01013049,Born outside the UK: Resident 2 years or more and less than 5 years,6,3,0,3,3,0,3
S01013049,Born outside the UK: Resident 5 years or more and less than 10 years,6,3,0,3,3,1,2
S01013049,Born outside the UK: Resident 10 years or more,25,21,14,7,4,1,3
S01013050,All people in households,709,416,180,236,293,225,68
S01013050,Born in the UK,684,407,178,229,277,221,56
S01013050,Born outside the UK: Total,25,9,2,7,16,4,12
S01013050,Born outside the UK: Resident less than 2 years,2,0,0,0,2,0,2
S01013050,Born outside the UK: Resident 2 years or more and less than 5 years,6,0,0,0,6,0,6
S01013050,Born outside the UK: Resident 5 years or more and less than 10 years,5,0,0,0,5,1,4
S01013050,Born outside the UK: Resident 10 years or more,12,9,2,7,3,3,0
S01013051,All people in households,931,600,187,413,331,268,63
S01013051,Born in the UK,912,589,180,409,323,266,57
S01013051,Born outside the UK: Total,19,11,7,4,8,2,6
S01013051,Born outside the UK: Resident less than 2 years,0,0,0,0,0,0,0
S01013051,Born outside the UK: Resident 2 years or more and less than 5 years,3,1,0,1,2,0,2
S01013051,Born outside the UK: Resident 5 years or more and less than 10 years,1,0,0,0,1,0,1
S01013051,Born outside the UK: Resident 10 years or more,15,10,7,3,5,2,3
S01013052,All people in households,738,493,193,300,245,181,64
S01013052,Born in the UK,724,485,191,294,239,178,61
S01013052,Born outside the UK: Total,14,8,2,6,6,3,3
S01013052,Born outside the UK: Resident less than 2 years,0,0,0,0,0,0,0
S01013052,Born outside the UK: Resident 2 years or more and less than 5 years,1,1,1,0,0,0,0
S01013052,Born outside the UK: Resident 5 years or more and less than 10 years,4,2,0,2,2,1,1
S01013052,Born outside the UK: Resident 10 years or more,9,5,1,4,4,2,2
S01013053,All people in households,615,249,101,148,366,266,100
S01013053,Born in the UK,574,240,99,141,334,253,81
S01013053,Born outside the UK: Total,41,9,2,7,32,13,19
S01013053,Born outside the UK: Resident less than 2 years,9,0,0,0,9,0,9
S01013053,Born outside the UK: Resident 2 years or more and less than 5 years,6,0,0,0,6,2,4
S01013053,Born outside the UK: Resident 5 years or more and less than 10 years,13,4,0,4,9,6,3
S01013053,Born outside the UK: Resident 10 years or more,13,5,2,3,8,5,3
S01013054,All people in households,658,501,189,312,157,116,41
S01013054,Born in the UK,632,486,185,301,146,110,36
S01013054,Born outside the UK: Total,26,15,4,11,11,6,5
S01013054,Born outside the UK: Resident less than 2 years,5,1,0,1,4,0,4
S01013054,Born outside the UK: Resident 2 years or more and less than 5 years,3,0,0,0,3,2,1
S01013054,Born outside the UK: Resident 5 years or more and less than 10 years,6,4,0,4,2,2,0
S01013054,Born outside the UK: Resident 10 years or more,12,10,4,6,2,2,0
S01013055,All people in households,688,420,154,266,268,182,86
S01013055,Born in the UK,647,401,146,255,246,177,69
S01013055,Born outside the UK: Total,41,19,8,11,22,5,17
S01013055,Born outside the UK: Resident less than 2 years,9,1,1,0,8,2,6
S01013055,Born outside the UK: Resident 2 years or more and less than 5 years,11,3,0,3,8,0,8
S01013055,Born outside the UK: Resident 5 years or more and less than 10 years,5,2,1,1,3,1,2
S01013055,Born outside the UK: Resident 10 years or more,16,13,6,7,3,2,1
S01013056,All people in households,904,548,216,332,356,302,54
S01013056,Born in the UK,866,526,216,310,340,292,48
S01013056,Born outside the UK: Total,38,22,0,22,16,10,6
S01013056,Born outside the UK: Resident less than 2 years,5,1,0,1,4,1,3
S01013056,Born outside the UK: Resident 2 years or more and less than 5 years,7,3,0,3,4,4,0
S01013056,Born outside the UK: Resident 5 years or more and less than 10 years,6,3,0,3,3,2,1
S01013056,Born outside the UK: Resident 10 years or more,20,15,0,15,5,3,2
S01013057,All people in households,870,299,95,204,571,520,51
S01013057,Born in the UK,836,282,94,188,554,507,47
S01013057,Born outside the UK: Total,34,17,1,16,17,13,4
S01013057,Born outside the UK: Resident less than 2 years,5,1,0,1,4,1,3
S01013057,Born outside the UK: Resident 2 years or more and less than 5 years,5,4,0,4,1,1,0
S01013057,Born outside the UK: Resident 5 years or more and less than 10 years,5,3,0,3,2,2,0
S01013057,Born outside the UK: Resident 10 years or more,19,9,1,8,10,9,1
S01013058,All people in households,625,508,75,433,117,64,53
S01013058,Born in the UK,579,483,70,413,96,62,34
S01013058,Born outside the UK: Total,46,25,5,20,21,2,19
S01013058,Born outside the UK: Resident less than 2 years,11,2,0,2,9,1,8
S01013058,Born outside the UK: Resident 2 years or more and less than 5 years,8,1,1,0,7,1,6
S01013058,Born outside the UK: Resident 5 years or more and less than 10 years,6,3,0,3,3,0,3
S01013058,Born outside the UK: Resident 10 years or more,21,19,4,15,2,0,2
S01013059,All people in households,779,640,361,279,139,19,120
S01013059,Born in the UK,740,613,347,266,127,18,109
S01013059,Born outside the UK: Total,39,27,14,13,12,1,11
S01013059,Born outside the UK: Resident less than 2 years,3,1,1,0,2,0,2
S01013059,Born outside the UK: Resident 2 years or more and less than 5 years,11,6,2,4,5,0,5
S01013059,Born outside the UK: Resident 5 years or more and less than 10 years,6,2,0,2,4,0,4
S01013059,Born outside the UK: Resident 10 years or more,19,18,11,7,1,1,0
S01013060,All people in households,491,419,196,223,72,18,54
S01013060,Born in the UK,452,398,184,214,54,18,36
S01013060,Born outside the UK: Total,39,21,12,9,18,0,18
S01013060,Born outside the UK: Resident less than 2 years,12,1,1,0,11,0,11
S01013060,Born outside the UK: Resident 2 years or more and less than 5 years,2,0,0,0,2,0,2
S01013060,Born outside the UK: Resident 5 years or more and less than 10 years,7,3,1,2,4,0,4
S01013060,Born outside the UK: Resident 10 years or more,18,17,10,7,1,0,1
S01013061,All people in households,794,741,406,335,53,0,53
S01013061,Born in the UK,758,717,395,322,41,0,41
S01013061,Born outside the UK: Total,36,24,11,13,12,0,12
S01013061,Born outside the UK: Resident less than 2 years,15,7,0,7,8,0,8
S01013061,Born outside the UK: Resident 2 years or more and less than 5 years,1,1,1,0,0,0,0
S01013061,Born outside the UK: Resident 5 years or more and less than 10 years,3,2,0,2,1,0,1
S01013061,Born outside the UK: Resident 10 years or more,17,14,10,4,3,0,3
S01013062,All people in households,824,663,350,313,161,7,154
S01013062,Born in the UK,756,633,329,304,123,7,116
S01013062,Born outside the UK: Total,68,30,21,9,38,0,38
S01013062,Born outside the UK: Resident less than 2 years,33,10,9,1,23,0,23
S01013062,Born outside the UK: Resident 2 years or more and less than 5 years,5,2,1,1,3,0,3
S01013062,Born outside the UK: Resident 5 years or more and less than 10 years,5,3,1,2,2,0,2
S01013062,Born outside the UK: Resident 10 years or more,25,15,10,5,10,0,10
S01013063,All people in households,805,635,297,338,170,57,113
S01013063,Born in the UK,725,577,273,304,148,56,92
S01013063,Born outside the UK: Total,80,58,24,34,22,1,21
S01013063,Born outside the UK: Resident less than 2 years,16,5,1,4,11,0,11
S01013063,Born outside the UK: Resident 2 years or more and less than 5 years,12,8,2,6,4,0,4
S01013063,Born outside the UK: Resident 5 years or more and less than 10 years,9,8,3,5,1,0,1
S01013063,Born outside the UK: Resident 10 years or more,43,37,18,19,6,1,5
S01013064,All people in households,866,614,213,401,252,187,65
S01013064,Born in the UK,823,595,209,386,228,178,50
S01013064,Born outside the UK: Total,43,19,4,15,24,9,15
S01013064,Born outside the UK: Resident less than 2 years,5,1,0,1,4,0,4
S01013064,Born outside the UK: Resident 2 years or more and less than 5 years,12,4,0,4,8,3,5
S01013064,Born outside the UK: Resident 5 years or more and less than 10 years,7,3,0,3,4,0,4
S01013064,Born outside the UK: Resident 10 years or more,19,11,4,7,8,6,2
S01013065,All people in households,864,457,159,298,407,245,162
S01013065,Born in the UK,815,448,156,292,367,242,125
S01013065,Born outside the UK: Total,49,9,3,6,40,3,37
S01013065,Born outside the UK: Resident less than 2 years,18,4,1,3,14,0,14
S01013065,Born outside the UK: Resident 2 years or more and less than 5 years,14,1,0,1,13,0,13
S01013065,Born outside the UK: Resident 5 years or more and less than 10 years,8,0,0,0,8,0,8
S01013065,Born outside the UK: Resident 10 years or more,9,4,2,2,5,3,2
S01013066,All people in households,690,449,137,312,241,130,111
S01013066,Born in the UK,654,427,130,297,227,128,99
S01013066,Born outside the UK: Total,36,22,7,15,14,2,12
S01013066,Born outside the UK: Resident less than 2 years,2,0,0,0,2,0,2
S01013066,Born outside the UK: Resident 2 years or more and less than 5 years,3,1,0,1,2,0,2
S01013066,Born outside the UK: Resident 5 years or more and less than 10 years,14,10,3,7,4,0,4
S01013066,Born outside the UK: Resident 10 years or more,17,11,4,7,6,2,4
S01013067,All people in households,808,141,34,107,667,95,572
S01013067,Born in the UK,577,118,27,91,459,87,372
S01013067,Born outside the UK: Total,231,23,7,16,208,8,200
S01013067,Born outside the UK: Resident less than 2 years,128,4,3,1,124,4,120
S01013067,Born outside the UK: Resident 2 years or more and less than 5 years,55,8,0,8,47,0,47
S01013067,Born outside the UK: Resident 5 years or more and less than 10 years,22,2,0,2,20,1,19
S01013067,Born outside the UK: Resident 10 years or more,26,9,4,5,17,3,14
S01013068,All people in households,776,179,67,112,597,300,297
S01013068,Born in the UK,655,155,53,102,500,290,210
S01013068,Born outside the UK: Total,121,24,14,10,97,10,87
S01013068,Born outside the UK: Resident less than 2 years,56,8,8,0,48,5,43
S01013068,Born outside the UK: Resident 2 years or more and less than 5 years,31,3,1,2,28,1,27
S01013068,Born outside the UK: Resident 5 years or more and less than 10 years,20,5,1,4,15,2,13
S01013068,Born outside the UK: Resident 10 years or more,14,8,4,4,6,2,4
S01013069,All people in households,733,216,102,114,517,121,396
S01013069,Born in the UK,588,188,93,95,400,112,288
S01013069,Born outside the UK: Total,145,28,9,19,117,9,108
S01013069,Born outside the UK: Resident less than 2 years,69,10,3,7,59,5,54
S01013069,Born outside the UK: Resident 2 years or more and less than 5 years,28,0,0,0,28,3,25
S01013069,Born outside the UK: Resident 5 years or more and less than 10 years,18,4,0,4,14,0,14
S01013069,Born outside the UK: Resident 10 years or more,30,14,6,8,16,1,15
S01013070,All people in households,560,122,41,81,438,192,246
S01013070,Born in the UK,461,115,38,77,346,179,167
S01013070,Born outside the UK: Total,99,7,3,4,92,13,79
S01013070,Born outside the UK: Resident less than 2 years,56,0,0,0,56,4,52
S01013070,Born outside the UK: Resident 2 years or more and less than 5 years,24,4,1,3,20,3,17
S01013070,Born outside the UK: Resident 5 years or more and less than 10 years,11,0,0,0,11,4,7
S01013070,Born outside the UK: Resident 10 years or more,8,3,2,1,5,2,3
S01013071,All people in households,750,153,40,113,597,65,532
S01013071,Born in the UK,537,134,38,96,403,50,353
S01013071,Born outside the UK: Total,213,19,2,17,194,15,179
S01013071,Born outside the UK: Resident less than 2 years,97,5,2,3,92,14,78
S01013071,Born outside the UK: Resident 2 years or more and less than 5 years,55,1,0,1,54,1,53
S01013071,Born outside the UK: Resident 5 years or more and less than 10 years,38,5,0,5,33,0,33
S01013071,Born outside the UK: Resident 10 years or more,23,8,0,8,15,0,15
S01013072,All people in households,517,106,42,64,411,399,12
S01013072,Born in the UK,509,102,39,63,407,396,11
S01013072,Born outside the UK: Total,8,4,3,1,4,3,1
S01013072,Born outside the UK: Resident less than 2 years,0,0,0,0,0,0,0
S01013072,Born outside the UK: Resident 2 years or more and less than 5 years,3,2,2,0,1,0,1
S01013072,Born outside the UK: Resident 5 years or more and less than 10 years,2,0,0,0,2,2,0
S01013072,Born outside the UK: Resident 10 years or more,3,2,1,1,1,1,0
S01013073,All people in households,747,221,37,184,526,438,88
S01013073,Born in the UK,679,202,36,166,477,420,57
S01013073,Born outside the UK: Total,68,19,1,18,49,18,31
S01013073,Born outside the UK: Resident less than 2 years,18,1,0,1,17,1,16
S01013073,Born outside the UK: Resident 2 years or more and less than 5 years,19,9,0,9,10,5,5
S01013073,Born outside the UK: Resident 5 years or more and less than 10 years,14,1,0,1,13,5,8
S01013073,Born outside the UK: Resident 10 years or more,17,8,1,7,9,7,2
S01013074,All people in households,711,142,66,76,569,510,59
S01013074,Born in the UK,678,136,64,72,542,505,37
S01013074,Born outside the UK: Total,33,6,2,4,27,5,22
S01013074,Born outside the UK: Resident less than 2 years,11,2,1,1,9,2,7
S01013074,Born outside the UK: Resident 2 years or more and less than 5 years,12,1,1,0,11,1,10
S01013074,Born outside the UK: Resident 5 years or more and less than 10 years,6,2,0,2,4,0,4
S01013074,Born outside the UK: Resident 10 years or more,4,1,0,1,3,2,1
S01013075,All people in households,866,261,122,139,605,521,84
S01013075,Born in the UK,811,249,117,132,562,505,57
S01013075,Born outside the UK: Total,55,12,5,7,43,16,27
S01013075,Born outside the UK: Resident less than 2 years,19,0,0,0,19,0,19
S01013075,Born outside the UK: Resident 2 years or more and less than 5 years,8,3,1,2,5,1,4
S01013075,Born outside the UK: Resident 5 years or more and less than 10 years,14,6,2,4,8,5,3
S01013075,Born outside the UK: Resident 10 years or more,14,3,2,1,11,10,1
S01013076,All people in households,467,309,92,217,158,38,120
S01013076,Born in the UK,418,291,90,201,127,34,93
S01013076,Born outside the UK: Total,49,18,2,16,31,4,27
S01013076,Born outside the UK: Resident less than 2 years,15,3,1,2,12,0,12
S01013076,Born outside the UK: Resident 2 years or more and less than 5 years,12,2,0,2,10,0,10
S01013076,Born outside the UK: Resident 5 years or more and less than 10 years,11,4,1,3,7,2,5
S01013076,Born outside the UK: Resident 10 years or more,11,9,0,9,2,2,0
S01013077,All people in households,717,347,134,213,370,305,65
S01013077,Born in the UK,673,334,128,206,339,291,48
S01013077,Born outside the UK: Total,44,13,6,7,31,14,17
S01013077,Born outside the UK: Resident less than 2 years,9,0,0,0,9,2,7
S01013077,Born outside the UK: Resident 2 years or more and less than 5 years,10,0,0,0,10,5,5
S01013077,Born outside the UK: Resident 5 years or more and less than 10 years,11,5,1,4,6,1,5
S01013077,Born outside the UK: Resident 10 years or more,14,8,5,3,6,6,0
S01013078,All people in households,572,168,56,112,404,374,30
S01013078,Born in the UK,540,164,56,108,376,358,18
S01013078,Born outside the UK: Total,32,4,0,4,28,16,12
S01013078,Born outside the UK: Resident less than 2 years,10,1,0,1,9,3,6
S01013078,Born outside the UK: Resident 2 years or more and less than 5 years,6,0,0,0,6,2,4
S01013078,Born outside the UK: Resident 5 years or more and less than 10 years,6,1,0,1,5,3,2
S01013078,Born outside the UK: Resident 10 years or more,10,2,0,2,8,8,0
S01013079,All people in households,1052,838,179,659,214,112,102
S01013079,Born in the UK,963,776,167,609,187,112,75
S01013079,Born outside the UK: Total,89,62,12,50,27,0,27
S01013079,Born outside the UK: Resident less than 2 years,24,5,0,5,19,0,19
S01013079,Born outside the UK: Resident 2 years or more and less than 5 years,9,3,1,2,6,0,6
S01013079,Born outside the UK: Resident 5 years or more and less than 10 years,10,10,0,10,0,0,0
S01013079,Born outside the UK: Resident 10 years or more,46,44,11,33,2,0,2
S01013080,All people in households,856,556,215,341,300,100,200
S01013080,Born in the UK,759,522,193,329,237,94,143
S01013080,Born outside the UK: Total,97,34,22,12,63,6,57
S01013080,Born outside the UK: Resident less than 2 years,35,13,11,2,22,0,22
S01013080,Born outside the UK: Resident 2 years or more and less than 5 years,28,1,0,1,27,3,24
S01013080,Born outside the UK: Resident 5 years or more and less than 10 years,8,1,0,1,7,1,6
S01013080,Born outside the UK: Resident 10 years or more,26,19,11,8,7,2,5
S01013081,All people in households,643,588,295,293,55,14,41
S01013081,Born in the UK,617,567,281,286,50,13,37
S01013081,Born outside the UK: Total,26,21,14,7,5,1,4
S01013081,Born outside the UK: Resident less than 2 years,3,1,0,1,2,1,1
S01013081,Born outside the UK: Resident 2 years or more and less than 5 years,1,1,0,1,0,0,0
S01013081,Born outside the UK: Resident 5 years or more and less than 10 years,4,2,0,2,2,0,2
S01013081,Born outside the UK: Resident 10 years or more,18,17,14,3,1,0,1
S01013082,All people in households,830,769,369,400,61,8,53
S01013082,Born in the UK,787,735,356,379,52,8,44
S01013082,Born outside the UK: Total,43,34,13,21,9,0,9
S01013082,Born outside the UK: Resident less than 2 years,6,1,0,1,5,0,5
S01013082,Born outside the UK: Resident 2 years or more and less than 5 years,4,2,0,2,2,0,2
S01013082,Born outside the UK: Resident 5 years or more and less than 10 years,5,5,1,4,0,0,0
S01013082,Born outside the UK: Resident 10 years or more,28,26,12,14,2,0,2
S01013083,All people in households,469,418,168,250,51,10,41
S01013083,Born in the UK,435,403,164,239,32,8,24
S01013083,Born outside the UK: Total,34,15,4,11,19,2,17
S01013083,Born outside the UK: Resident less than 2 years,4,1,0,1,3,2,1
S01013083,Born outside the UK: Resident 2 years or more and less than 5 years,15,5,2,3,10,0,10
S01013083,Born outside the UK: Resident 5 years or more and less than 10 years,7,2,0,2,5,0,5
S01013083,Born outside the UK: Resident 10 years or more,8,7,2,5,1,0,1
S01013084,All people in households,759,697,322,375,62,9,53
S01013084,Born in the UK,713,662,309,353,51,9,42
S01013084,Born outside the UK: Total,46,35,13,22,11,0,11
S01013084,Born outside the UK: Resident less than 2 years,8,2,0,2,6,0,6
S01013084,Born outside the UK: Resident 2 years or more and less than 5 years,5,4,0,4,1,0,1
S01013084,Born outside the UK: Resident 5 years or more and less than 10 years,4,3,1,2,1,0,1
S01013084,Born outside the UK: Resident 10 years or more,29,26,12,14,3,0,3
S01013085,All people in households,527,302,111,191,225,167,58
S01013085,Born in the UK,486,283,106,177,203,163,40
S01013085,Born outside the UK: Total,41,19,5,14,22,4,18
S01013085,Born outside the UK: Resident less than 2 years,11,0,0,0,11,0,11
S01013085,Born outside the UK: Resident 2 years or more and less than 5 years,8,5,0,5,3,0,3
S01013085,Born outside the UK: Resident 5 years or more and less than 10 years,6,3,0,3,3,1,2
S01013085,Born outside the UK: Resident 10 years or more,16,11,5,6,5,3,2
S01013086,All people in households,854,507,255,252,347,75,272
S01013086,Born in the UK,720,466,241,225,254,67,187
S01013086,Born outside the UK: Total,134,41,14,27,93,8,85
S01013086,Born outside the UK: Resident less than 2 years,49,2,2,0,47,5,42
S01013086,Born outside the UK: Resident 2 years or more and less than 5 years,35,5,1,4,30,1,29
S01013086,Born outside the UK: Resident 5 years or more and less than 10 years,19,11,0,11,8,0,8
S01013086,Born outside the UK: Resident 10 years or more,31,23,11,12,8,2,6
S01013087,All people in households,771,624,356,268,147,11,136
S01013087,Born in the UK,674,574,326,248,100,9,91
S01013087,Born outside the UK: Total,97,50,30,20,47,2,45
S01013087,Born outside the UK: Resident less than 2 years,23,4,1,3,19,0,19
S01013087,Born outside the UK: Resident 2 years or more and less than 5 years,21,11,4,7,10,1,9
S01013087,Born outside the UK: Resident 5 years or more and less than 10 years,17,6,5,1,11,0,11
S01013087,Born outside the UK: Resident 10 years or more,36,29,20,9,7,1,6
S01013088,All people in households,927,824,436,388,103,13,90
S01013088,Born in the UK,867,779,409,370,88,13,75
S01013088,Born outside the UK: Total,60,45,27,18,15,0,15
S01013088,Born outside the UK: Resident less than 2 years,8,1,0,1,7,0,7
S01013088,Born outside the UK: Resident 2 years or more and less than 5 years,8,3,2,1,5,0,5
S01013088,Born outside the UK: Resident 5 years or more and less than 10 years,4,2,0,2,2,0,2
S01013088,Born outside the UK: Resident 10 years or more,40,39,25,14,1,0,1
S01013089,All people in households,749,486,216,270,263,144,119
S01013089,Born in the UK,681,469,210,259,212,132,80
S01013089,Born outside the UK: Total,68,17,6,11,51,12,39
S01013089,Born outside the UK: Resident less than 2 years,20,0,0,0,20,4,16
S01013089,Born outside the UK: Resident 2 years or more and less than 5 years,11,3,0,3,8,0,8
S01013089,Born outside the UK: Resident 5 years or more and less than 10 years,21,7,1,6,14,0,14
S01013089,Born outside the UK: Resident 10 years or more,16,7,5,2,9,8,1
S01013090,All people in households,789,411,173,238,378,56,322
S01013090,Born in the UK,662,395,168,227,267,55,212
S01013090,Born outside the UK: Total,127,16,5,11,111,1,110
S01013090,Born outside the UK: Resident less than 2 years,63,1,0,1,62,0,62
S01013090,Born outside the UK: Resident 2 years or more and less than 5 years,37,3,0,3,34,0,34
S01013090,Born outside the UK: Resident 5 years or more and less than 10 years,9,1,1,0,8,0,8
S01013090,Born outside the UK: Resident 10 years or more,18,11,4,7,7,1,6
S01013091,All people in households,461,160,69,91,301,44,257
S01013091,Born in the UK,356,142,63,79,214,40,174
S01013091,Born outside the UK: Total,105,18,6,12,87,4,83
S01013091,Born outside the UK: Resident less than 2 years,56,6,2,4,50,3,47
S01013091,Born outside the UK: Resident 2 years or more and less than 5 years,27,3,1,2,24,0,24
S01013091,Born outside the UK: Resident 5 years or more and less than 10 years,12,3,1,2,9,0,9
S01013091,Born outside the UK: Resident 10 years or more,10,6,2,4,4,1,3
S01013092,All people in households,893,475,171,304,418,169,249
S01013092,Born in the UK,789,452,163,289,337,165,172
S01013092,Born outside the UK: Total,104,23,8,15,81,4,77
S01013092,Born outside the UK: Resident less than 2 years,45,0,0,0,45,0,45
S01013092,Born outside the UK: Resident 2 years or more and less than 5 years,23,5,1,4,18,2,16
S01013092,Born outside the UK: Resident 5 years or more and less than 10 years,17,5,0,5,12,1,11
S01013092,Born outside the UK: Resident 10 years or more,19,13,7,6,6,1,5
S01013093,All people in households,470,388,243,145,82,18,64
S01013093,Born in the UK,436,373,232,141,63,18,45
S01013093,Born outside the UK: Total,34,15,11,4,19,0,19
S01013093,Born outside the UK: Resident less than 2 years,2,1,0,1,1,0,1
S01013093,Born outside the UK: Resident 2 years or more and less than 5 years,6,0,0,0,6,0,6
S01013093,Born outside the UK: Resident 5 years or more and less than 10 years,1,0,0,0,1,0,1
S01013093,Born outside the UK: Resident 10 years or more,25,14,11,3,11,0,11
S01013094,All people in households,602,588,259,329,14,0,14
S01013094,Born in the UK,587,575,254,321,12,0,12
S01013094,Born outside the UK: Total,15,13,5,8,2,0,2
S01013094,Born outside the UK: Resident less than 2 years,0,0,0,0,0,0,0
S01013094,Born outside the UK: Resident 2 years or more and less than 5 years,1,0,0,0,1,0,1
S01013094,Born outside the UK: Resident 5 years or more and less than 10 years,1,1,0,1,0,0,0
S01013094,Born outside the UK: Resident 10 years or more,13,12,5,7,1,0,1
S01013095,All people in households,889,850,282,568,39,1,38
S01013095,Born in the UK,838,810,272,538,28,1,27
S01013095,Born outside the UK: Total,51,40,10,30,11,0,11
S01013095,Born outside the UK: Resident less than 2 years,7,0,0,0,7,0,7
S01013095,Born outside the UK: Resident 2 years or more and less than 5 years,9,6,3,3,3,0,3
S01013095,Born outside the UK: Resident 5 years or more and less than 10 years,0,0,0,0,0,0,0
S01013095,Born outside the UK: Resident 10 years or more,35,34,7,27,1,0,1
S01013096,All people in households,469,273,75,198,196,88,108
S01013096,Born in the UK,431,261,70,191,170,85,85
S01013096,Born outside the UK: Total,38,12,5,7,26,3,23
S01013096,Born outside the UK: Resident less than 2 years,12,0,0,0,12,0,12
S01013096,Born outside the UK: Resident 2 years or more and less than 5 years,0,0,0,0,0,0,0
S01013096,Born outside the UK: Resident 5 years or more and less than 10 years,7,2,0,2,5,1,4
S01013096,Born outside the UK: Resident 10 years or more,19,10,5,5,9,2,7
S01013097,All people in households,620,511,191,320,109,10,99
S01013097,Born in the UK,584,491,181,310,93,10,83
S01013097,Born outside the UK: Total,36,20,10,10,16,0,16
S01013097,Born outside the UK: Resident less than 2 years,3,0,0,0,3,0,3
S01013097,Born outside the UK: Resident 2 years or more and less than 5 years,4,2,0,2,2,0,2
S01013097,Born outside the UK: Resident 5 years or more and less than 10 years,0,0,0,0,0,0,0
S01013097,Born outside the UK: Resident 10 years or more,29,18,10,8,11,0,11
S01013098,All people in households,708,680,137,543,28,5,23
S01013098,Born in the UK,676,649,129,520,27,4,23
S01013098,Born outside the UK: Total,32,31,8,23,1,1,0
S01013098,Born outside the UK: Resident less than 2 years,2,2,0,2,0,0,0
S01013098,Born outside the UK: Resident 2 years or more and less than 5 years,1,1,1,0,0,0,0
S01013098,Born outside the UK: Resident 5 years or more and less than 10 years,7,7,1,6,0,0,0
S01013098,Born outside the UK: Resident 10 years or more,22,21,6,15,1,1,0
S01013099,All people in households,854,632,293,339,222,42,180
S01013099,Born in the UK,779,589,278,311,190,39,151
S01013099,Born outside the UK: Total,75,43,15,28,32,3,29
S01013099,Born outside the UK: Resident less than 2 years,21,4,2,2,17,0,17
S01013099,Born outside the UK: Resident 2 years or more and less than 5 years,8,2,0,2,6,0,6
S01013099,Born outside the UK: Resident 5 years or more and less than 10 years,6,4,0,4,2,0,2
S01013099,Born outside the UK: Resident 10 years or more,40,33,13,20,7,3,4
S01013100,All people in households,620,583,324,259,37,4,33
S01013100,Born in the UK,577,552,305,247,25,3,22
S01013100,Born outside the UK: Total,43,31,19,12,12,1,11
S01013100,Born outside the UK: Resident less than 2 years,9,2,0,2,7,0,7
S01013100,Born outside the UK: Resident 2 years or more and less than 5 years,2,1,0,1,1,0,1
S01013100,Born outside the UK: Resident 5 years or more and less than 10 years,7,6,3,3,1,0,1
S01013100,Born outside the UK: Resident 10 years or more,25,22,16,6,3,1,2
S01013101,All people in households,993,644,235,409,349,250,99
S01013101,Born in the UK,960,622,222,400,338,246,92
S01013101,Born outside the UK: Total,33,22,13,9,11,4,7
S01013101,Born outside the UK: Resident less than 2 years,0,0,0,0,0,0,0
S01013101,Born outside the UK: Resident 2 years or more and less than 5 years,4,1,0,1,3,0,3
S01013101,Born outside the UK: Resident 5 years or more and less than 10 years,6,3,1,2,3,1,2
S01013101,Born outside the UK: Resident 10 years or more,23,18,12,6,5,3,2
S01013102,All people in households,603,555,271,284,48,15,33
S01013102,Born in the UK,565,526,258,268,39,14,25
S01013102,Born outside the UK: Total,38,29,13,16,9,1,8
S01013102,Born outside the UK: Resident less than 2 years,0,0,0,0,0,0,0
S01013102,Born outside the UK: Resident 2 years or more and less than 5 years,7,1,0,1,6,0,6
S01013102,Born outside the UK: Resident 5 years or more and less than 10 years,9,8,1,7,1,1,0
S01013102,Born outside the UK: Resident 10 years or more,22,20,12,8,2,0,2
S01013103,All people in households,863,836,217,619,27,10,17
S01013103,Born in the UK,836,811,213,598,25,8,17
S01013103,Born outside the UK: Total,27,25,4,21,2,2,0
S01013103,Born outside the UK: Resident less than 2 years,0,0,0,0,0,0,0
S01013103,Born outside the UK: Resident 2 years or more and less than 5 years,0,0,0,0,0,0,0
S01013103,Born outside the UK: Resident 5 years or more and less than 10 years,8,6,0,6,2,2,0
S01013103,Born outside the UK: Resident 10 years or more,19,19,4,15,0,0,0
S01013104,All people in households,984,928,393,535,56,21,35
S01013104,Born in the UK,944,894,383,511,50,20,30
S01013104,Born outside the UK: Total,40,34,10,24,6,1,5
S01013104,Born outside the UK: Resident less than 2 years,0,0,0,0,0,0,0
S01013104,Born outside the UK: Resident 2 years or more and less than 5 years,6,2,0,2,4,0,4
S01013104,Born outside the UK: Resident 5 years or more and less than 10 years,3,3,0,3,0,0,0
S01013104,Born outside the UK: Resident 10 years or more,31,29,10,19,2,1,1
S01013105,All people in households,889,792,347,445,97,24,73
S01013105,Born in the UK,843,755,332,423,88,24,64
S01013105,Born outside the UK: Total,46,37,15,22,9,0,9
S01013105,Born outside the UK: Resident less than 2 years,2,0,0,0,2,0,2
S01013105,Born outside the UK: Resident 2 years or more and less than 5 years,8,5,0,5,3,0,3
S01013105,Born outside the UK: Resident 5 years or more and less than 10 years,1,1,0,1,0,0,0
S01013105,Born outside the UK: Resident 10 years or more,35,31,15,16,4,0,4
S01013106,All people in households,811,612,227,385,199,76,123
S01013106,Born in the UK,781,588,218,370,193,76,117
S01013106,Born outside the UK: Total,30,24,9,15,6,0,6
S01013106,Born outside the UK: Resident less than 2 years,3,1,0,1,2,0,2
S01013106,Born outside the UK: Resident 2 years or more and less than 5 years,4,1,0,1,3,0,3
S01013106,Born outside the UK: Resident 5 years or more and less than 10 years,3,2,0,2,1,0,1
S01013106,Born outside the UK: Resident 10 years or more,20,20,9,11,0,0,0
S01013107,All people in households,661,529,280,249,132,12,120
S01013107,Born in the UK,643,516,274,242,127,12,115
S01013107,Born outside the UK: Total,18,13,6,7,5,0,5
S01013107,Born outside the UK: Resident less than 2 years,3,3,0,3,0,0,0
S01013107,Born outside the UK: Resident 2 years or more and less than 5 years,1,1,0,1,0,0,0
S01013107,Born outside the UK: Resident 5 years or more and less than 10 years,0,0,0,0,0,0,0
S01013107,Born outside the UK: Resident 10 years or more,14,9,6,3,5,0,5
S01013108,All people in households,596,399,200,199,197,151,46
S01013108,Born in the UK,576,384,193,191,192,148,44
S01013108,Born outside the UK: Total,20,15,7,8,5,3,2
S01013108,Born outside the UK: Resident less than 2 years,2,0,0,0,2,2,0
S01013108,Born outside the UK: Resident 2 years or more and less than 5 years,2,2,0,2,0,0,0
S01013108,Born outside the UK: Resident 5 years or more and less than 10 years,1,1,0,1,0,0,0
S01013108,Born outside the UK: Resident 10 years or more,15,12,7,5,3,1,2
S01013109,All people in households,1037,837,388,449,200,46,154
S01013109,Born in the UK,978,794,367,427,184,46,138
S01013109,Born outside the UK: Total,59,43,21,22,16,0,16
S01013109,Born outside the UK: Resident less than 2 years,18,11,9,2,7,0,7
S01013109,Born outside the UK: Resident 2 years or more and less than 5 years,5,3,1,2,2,0,2
S01013109,Born outside the UK: Resident 5 years or more and less than 10 years,6,4,0,4,2,0,2
S01013109,Born outside the UK: Resident 10 years or more,30,25,11,14,5,0,5
S01013110,All people in households,597,439,220,219,158,42,116
S01013110,Born in the UK,558,415,208,207,143,41,102
S01013110,Born outside the UK: Total,39,24,12,12,15,1,14
S01013110,Born outside the UK: Resident less than 2 years,3,1,1,0,2,0,2
S01013110,Born outside the UK: Resident 2 years or more and less than 5 years,8,0,0,0,8,0,8
S01013110,Born outside the UK: Resident 5 years or more and less than 10 years,10,6,2,4,4,0,4
S01013110,Born outside the UK: Resident 10 years or more,18,17,9,8,1,1,0
S01013111,All people in households,447,382,188,194,65,29,36
S01013111,Born in the UK,429,368,184,184,61,29,32
S01013111,Born outside the UK: Total,18,14,4,10,4,0,4
S01013111,Born outside the UK: Resident less than 2 years,0,0,0,0,0,0,0
S01013111,Born outside the UK: Resident 2 years or more and less than 5 years,0,0,0,0,0,0,0
S01013111,Born outside the UK: Resident 5 years or more and less than 10 years,5,1,0,1,4,0,4
S01013111,Born outside the UK: Resident 10 years or more,13,13,4,9,0,0,0
S01013112,All people in households,648,458,142,316,190,133,57
S01013112,Born in the UK,622,439,135,304,183,132,51
S01013112,Born outside the UK: Total,26,19,7,12,7,1,6
S01013112,Born outside the UK: Resident less than 2 years,3,3,3,0,0,0,0
S01013112,Born outside the UK: Resident 2 years or more and less than 5 years,8,4,1,3,4,0,4
S01013112,Born outside the UK: Resident 5 years or more and less than 10 years,1,0,0,0,1,0,1
S01013112,Born outside the UK: Resident 10 years or more,14,12,3,9,2,1,1
S01013113,All people in households,812,536,188,348,276,252,24
S01013113,Born in the UK,774,513,182,331,261,241,20
S01013113,Born outside the UK: Total,38,23,6,17,15,11,4
S01013113,Born outside the UK: Resident less than 2 years,2,2,0,2,0,0,0
S01013113,Born outside the UK: Resident 2 years or more and less than 5 years,3,0,0,0,3,1,2
S01013113,Born outside the UK: Resident 5 years or more and less than 10 years,5,4,0,4,1,0,1
S01013113,Born outside the UK: Resident 10 years or more,28,17,6,11,11,10,1
S01013114,All people in households,776,472,248,224,304,105,199
S01013114,Born in the UK,717,449,234,215,268,94,174
S01013114,Born outside the UK: Total,59,23,14,9,36,11,25
S01013114,Born outside the UK: Resident less than 2 years,8,5,5,0,3,2,1
S01013114,Born outside the UK: Resident 2 years or more and less than 5 years,12,2,1,1,10,3,7
S01013114,Born outside the UK: Resident 5 years or more and less than 10 years,11,2,1,1,9,2,7
S01013114,Born outside the UK: Resident 10 years or more,28,14,7,7,14,4,10
S01013115,All people in households,563,353,168,185,210,114,96
S01013115,Born in the UK,518,333,156,177,185,107,78
S01013115,Born outside the UK: Total,45,20,12,8,25,7,18
S01013115,Born outside the UK: Resident less than 2 years,4,0,0,0,4,1,3
S01013115,Born outside the UK: Resident 2 years or more and less than 5 years,14,7,4,3,7,0,7
S01013115,Born outside the UK: Resident 5 years or more and less than 10 years,10,3,0,3,7,2,5
S01013115,Born outside the UK: Resident 10 years or more,17,10,8,2,7,4,3
S01013116,All people in households,717,689,382,307,28,6,22
S01013116,Born in the UK,680,658,364,294,22,4,18
S01013116,Born outside the UK: Total,37,31,18,13,6,2,4
S01013116,Born outside the UK: Resident less than 2 years,5,4,4,0,1,1,0
S01013116,Born outside the UK: Resident 2 years or more and less than 5 years,5,4,3,1,1,0,1
S01013116,Born outside the UK: Resident 5 years or more and less than 10 years,7,5,1,4,2,0,2
S01013116,Born outside the UK: Resident 10 years or more,20,18,10,8,2,1,1
S01013117,All people in households,602,385,129,256,217,154,63
S01013117,Born in the UK,564,369,124,245,195,151,44
S01013117,Born outside the UK: Total,38,16,5,11,22,3,19
S01013117,Born outside the UK: Resident less than 2 years,9,3,2,1,6,0,6
S01013117,Born outside the UK: Resident 2 years or more and less than 5 years,7,3,0,3,4,0,4
S01013117,Born outside the UK: Resident 5 years or more and less than 10 years,8,2,0,2,6,1,5
S01013117,Born outside the UK: Resident 10 years or more,14,8,3,5,6,2,4
S01013118,All people in households,444,357,172,185,87,39,48
S01013118,Born in the UK,423,339,160,179,84,38,46
S01013118,Born outside the UK: Total,21,18,12,6,3,1,2
S01013118,Born outside the UK: Resident less than 2 years,1,0,0,0,1,0,1
S01013118,Born outside the UK: Resident 2 years or more and less than 5 years,5,5,5,0,0,0,0
S01013118,Born outside the UK: Resident 5 years or more and less than 10 years,1,0,0,0,1,0,1
S01013118,Born outside the UK: Resident 10 years or more,14,13,7,6,1,1,0
S01013119,All people in households,744,509,257,252,235,109,126
S01013119,Born in the UK,716,488,245,243,228,107,121
S01013119,Born outside the UK: Total,28,21,12,9,7,2,5
S01013119,Born outside the UK: Resident less than 2 years,2,0,0,0,2,0,2
S01013119,Born outside the UK: Resident 2 years or more and less than 5 years,1,1,1,0,0,0,0
S01013119,Born outside the UK: Resident 5 years or more and less than 10 years,5,3,1,2,2,1,1
S01013119,Born outside the UK: Resident 10 years or more,20,17,10,7,3,1,2
S01013120,All people in households,909,537,297,240,372,181,191
S01013120,Born in the UK,863,516,285,231,347,175,172
S01013120,Born outside the UK: Total,46,21,12,9,25,6,19
S01013120,Born outside the UK: Resident less than 2 years,9,0,0,0,9,0,9
S01013120,Born outside the UK: Resident 2 years or more and less than 5 years,5,1,1,0,4,2,2
S01013120,Born outside the UK: Resident 5 years or more and less than 10 years,3,1,0,1,2,1,1
S01013120,Born outside the UK: Resident 10 years or more,29,19,11,8,10,3,7
S01013121,All people in households,340,175,92,83,165,107,58
S01013121,Born in the UK,317,161,87,74,156,102,54
S01013121,Born outside the UK: Total,23,14,5,9,9,5,4
S01013121,Born outside the UK: Resident less than 2 years,3,3,0,3,0,0,0
S01013121,Born outside the UK: Resident 2 years or more and less than 5 years,3,1,0,1,2,1,1
S01013121,Born outside the UK: Resident 5 years or more and less than 10 years,4,0,0,0,4,3,1
S01013121,Born outside the UK: Resident 10 years or more,13,10,5,5,3,1,2
S01013122,All people in households,598,165,42,123,433,394,39
S01013122,Born in the UK,481,153,41,112,328,301,27
S01013122,Born outside the UK: Total,117,12,1,11,105,93,12
S01013122,Born outside the UK: Resident less than 2 years,7,0,0,0,7,6,1
S01013122,Born outside the UK: Resident 2 years or more and less than 5 years,71,4,0,4,67,61,6
S01013122,Born outside the UK: Resident 5 years or more and less than 10 years,20,1,0,1,19,17,2
S01013122,Born outside the UK: Resident 10 years or more,19,7,1,6,12,9,3
S01013123,All people in households,767,392,122,270,375,314,61
S01013123,Born in the UK,737,380,118,262,357,302,55
S01013123,Born outside the UK: Total,30,12,4,8,18,12,6
S01013123,Born outside the UK: Resident less than 2 years,4,0,0,0,4,2,2
S01013123,Born outside the UK: Resident 2 years or more and less than 5 years,4,1,0,1,3,2,1
S01013123,Born outside the UK: Resident 5 years or more and less than 10 years,10,6,0,6,4,3,1
S01013123,Born outside the UK: Resident 10 years or more,12,5,4,1,7,5,2
S01013124,All people in households,719,495,124,371,224,201,23
S01013124,Born in the UK,694,485,120,365,209,186,23
S01013124,Born outside the UK: Total,25,10,4,6,15,15,0
S01013124,Born outside the UK: Resident less than 2 years,1,0,0,0,1,1,0
S01013124,Born outside the UK: Resident 2 years or more and less than 5 years,3,0,0,0,3,3,0
S01013124,Born outside the UK: Resident 5 years or more and less than 10 years,1,1,0,1,0,0,0
S01013124,Born outside the UK: Resident 10 years or more,20,9,4,5,11,11,0
S01013125,All people in households,762,565,211,354,197,144,53
S01013125,Born in the UK,739,548,204,344,191,141,50
S01013125,Born outside the UK: Total,23,17,7,10,6,3,3
S01013125,Born outside the UK: Resident less than 2 years,2,2,0,2,0,0,0
S01013125,Born outside the UK: Resident 2 years or more and less than 5 years,3,0,0,0,3,3,0
S01013125,Born outside the UK: Resident 5 years or more and less than 10 years,2,2,0,2,0,0,0
S01013125,Born outside the UK: Resident 10 years or more,16,13,7,6,3,0,3
S01013126,All people in households,743,237,65,172,506,492,14
S01013126,Born in the UK,721,227,63,164,494,482,12
S01013126,Born outside the UK: Total,22,10,2,8,12,10,2
S01013126,Born outside the UK: Resident less than 2 years,0,0,0,0,0,0,0
S01013126,Born outside the UK: Resident 2 years or more and less than 5 years,2,0,0,0,2,2,0
S01013126,Born outside the UK: Resident 5 years or more and less than 10 years,2,0,0,0,2,2,0
S01013126,Born outside the UK: Resident 10 years or more,18,10,2,8,8,6,2
S01013127,All people in households,853,268,104,164,585,551,34
S01013127,Born in the UK,813,250,93,157,563,531,32
S01013127,Born outside the UK: Total,40,18,11,7,22,20,2
S01013127,Born outside the UK: Resident less than 2 years,0,0,0,0,0,0,0
S01013127,Born outside the UK: Resident 2 years or more and less than 5 years,2,0,0,0,2,1,1
S01013127,Born outside the UK: Resident 5 years or more and less than 10 years,16,4,0,4,12,11,1
S01013127,Born outside the UK: Resident 10 years or more,22,14,11,3,8,8,0
S01013128,All people in households,624,224,40,184,400,268,132
S01013128,Born in the UK,597,221,39,182,376,256,120
S01013128,Born outside the UK: Total,27,3,1,2,24,12,12
S01013128,Born outside the UK: Resident less than 2 years,9,1,1,0,8,1,7
S01013128,Born outside the UK: Resident 2 years or more and less than 5 years,4,0,0,0,4,3,1
S01013128,Born outside the UK: Resident 5 years or more and less than 10 years,4,0,0,0,4,1,3
S01013128,Born outside the UK: Resident 10 years or more,10,2,0,2,8,7,1
S01013129,All people in households,1100,667,172,495,433,341,92
S01013129,Born in the UK,1055,644,163,481,411,327,84
S01013129,Born outside the UK: Total,45,23,9,14,22,14,8
S01013129,Born outside the UK: Resident less than 2 years,4,0,0,0,4,0,4
S01013129,Born outside the UK: Resident 2 years or more and less than 5 years,7,5,1,4,2,1,1
S01013129,Born outside the UK: Resident 5 years or more and less than 10 years,3,1,0,1,2,0,2
S01013129,Born outside the UK: Resident 10 years or more,31,17,8,9,14,13,1
S01013130,All people in households,710,208,33,175,502,441,61
S01013130,Born in the UK,670,189,32,157,481,427,54
S01013130,Born outside the UK: Total,40,19,1,18,21,14,7
S01013130,Born outside the UK: Resident less than 2 years,3,1,0,1,2,0,2
S01013130,Born outside the UK: Resident 2 years or more and less than 5 years,12,7,0,7,5,1,4
S01013130,Born outside the UK: Resident 5 years or more and less than 10 years,9,3,0,3,6,6,0
S01013130,Born outside the UK: Resident 10 years or more,16,8,1,7,8,7,1
S01013131,All people in households,653,249,48,201,404,378,26
S01013131,Born in the UK,629,239,41,198,390,364,26
S01013131,Born outside the UK: Total,24,10,7,3,14,14,0
S01013131,Born outside the UK: Resident less than 2 years,1,0,0,0,1,1,0
S01013131,Born outside the UK: Resident 2 years or more and less than 5 years,3,1,0,1,2,2,0
S01013131,Born outside the UK: Resident 5 years or more and less than 10 years,4,1,1,0,3,3,0
S01013131,Born outside the UK: Resident 10 years or more,16,8,6,2,8,8,0
S01013132,All people in households,587,119,22,97,468,426,42
S01013132,Born in the UK,569,112,21,91,457,416,41
S01013132,Born outside the UK: Total,18,7,1,6,11,10,1
S01013132,Born outside the UK: Resident less than 2 years,1,0,0,0,1,1,0
S01013132,Born outside the UK: Resident 2 years or more and less than 5 years,0,0,0,0,0,0,0
S01013132,Born outside the UK: Resident 5 years or more and less than 10 years,3,1,0,1,2,2,0
S01013132,Born outside the UK: Resident 10 years or more,14,6,1,5,8,7,1
S01013133,All people in households,756,264,35,229,492,442,50
S01013133,Born in the UK,729,255,33,222,474,428,46
S01013133,Born outside the UK: Total,27,9,2,7,18,14,4
S01013133,Born outside the UK: Resident less than 2 years,2,1,1,0,1,0,1
S01013133,Born outside the UK: Resident 2 years or more and less than 5 years,3,1,0,1,2,0,2
S01013133,Born outside the UK: Resident 5 years or more and less than 10 years,4,1,0,1,3,2,1
S01013133,Born outside the UK: Resident 10 years or more,18,6,1,5,12,12,0
S01013134,All people in households,840,584,230,354,256,202,54
S01013134,Born in the UK,813,569,222,347,244,193,51
S01013134,Born outside the UK: Total,27,15,8,7,12,9,3
S01013134,Born outside the UK: Resident less than 2 years,4,3,1,2,1,0,1
S01013134,Born outside the UK: Resident 2 years or more and less than 5 years,1,0,0,0,1,0,1
S01013134,Born outside the UK: Resident 5 years or more and less than 10 years,2,0,0,0,2,1,1
S01013134,Born outside the UK: Resident 10 years or more,20,12,7,5,8,8,0
S01013135,All people in households,771,226,60,166,545,509,36
S01013135,Born in the UK,738,210,55,155,528,493,35
S01013135,Born outside the UK: Total,33,16,5,11,17,16,1
S01013135,Born outside the UK: Resident less than 2 years,1,0,0,0,1,0,1
S01013135,Born outside the UK: Resident 2 years or more and less than 5 years,9,5,0,5,4,4,0
S01013135,Born outside the UK: Resident 5 years or more and less than 10 years,4,2,0,2,2,2,0
S01013135,Born outside the UK: Resident 10 years or more,19,9,5,4,10,10,0
S01013136,All people in households,928,638,253,385,290,268,22
S01013136,Born in the UK,894,616,242,374,278,256,22
S01013136,Born outside the UK: Total,34,22,11,11,12,12,0
S01013136,Born outside the UK: Resident less than 2 years,0,0,0,0,0,0,0
S01013136,Born outside the UK: Resident 2 years or more and less than 5 years,7,0,0,0,7,7,0
S01013136,Born outside the UK: Resident 5 years or more and less than 10 years,8,5,0,5,3,3,0
S01013136,Born outside the UK: Resident 10 years or more,19,17,11,6,2,2,0
S01013137,All people in households,745,472,239,233,273,266,7
S01013137,Born in the UK,714,451,223,228,263,256,7
S01013137,Born outside the UK: Total,31,21,16,5,10,10,0
S01013137,Born outside the UK: Resident less than 2 years,2,0,0,0,2,2,0
S01013137,Born outside the UK: Resident 2 years or more and less than 5 years,4,1,1,0,3,3,0
S01013137,Born outside the UK: Resident 5 years or more and less than 10 years,3,1,0,1,2,2,0
S01013137,Born outside the UK: Resident 10 years or more,22,19,15,4,3,3,0
S01013138,All people in households,704,188,45,143,516,474,42
S01013138,Born in the UK,676,183,44,139,493,460,33
S01013138,Born outside the UK: Total,28,5,1,4,23,14,9
S01013138,Born outside the UK: Resident less than 2 years,8,0,0,0,8,3,5
S01013138,Born outside the UK: Resident 2 years or more and less than 5 years,4,0,0,0,4,3,1
S01013138,Born outside the UK: Resident 5 years or more and less than 10 years,5,0,0,0,5,2,3
S01013138,Born outside the UK: Resident 10 years or more,11,5,1,4,6,6,0
S01013139,All people in households,878,327,114,213,551,520,31
S01013139,Born in the UK,840,316,110,206,524,499,25
S01013139,Born outside the UK: Total,38,11,4,7,27,21,6
S01013139,Born outside the UK: Resident less than 2 years,2,1,0,1,1,0,1
S01013139,Born outside the UK: Resident 2 years or more and less than 5 years,1,1,0,1,0,0,0
S01013139,Born outside the UK: Resident 5 years or more and less than 10 years,6,3,0,3,3,1,2
S01013139,Born outside the UK: Resident 10 years or more,29,6,4,2,23,20,3
S01013140,All people in households,816,392,138,254,424,389,35
S01013140,Born in the UK,791,382,136,246,409,377,32
S01013140,Born outside the UK: Total,25,10,2,8,15,12,3
S01013140,Born outside the UK: Resident less than 2 years,1,0,0,0,1,0,1
S01013140,Born outside the UK: Resident 2 years or more and less than 5 years,4,1,0,1,3,2,1
S01013140,Born outside the UK: Resident 5 years or more and less than 10 years,2,2,0,2,0,0,0
S01013140,Born outside the UK: Resident 10 years or more,18,7,2,5,11,10,1
S01013141,All people in households,647,286,83,203,361,274,87
S01013141,Born in the UK,630,281,81,200,349,271,78
S01013141,Born outside the UK: Total,17,5,2,3,12,3,9
S01013141,Born outside the UK: Resident less than 2 years,0,0,0,0,0,0,0
S01013141,Born outside the UK: Resident 2 years or more and less than 5 years,5,0,0,0,5,0,5
S01013141,Born outside the UK: Resident 5 years or more and less than 10 years,4,0,0,0,4,2,2
S01013141,Born outside the UK: Resident 10 years or more,8,5,2,3,3,1,2
S01013142,All people in households,863,108,33,75,755,732,23
S01013142,Born in the UK,834,101,31,70,733,710,23
S01013142,Born outside the UK: Total,29,7,2,5,22,22,0
S01013142,Born outside the UK: Resident less than 2 years,3,0,0,0,3,3,0
S01013142,Born outside the UK: Resident 2 years or more and less than 5 years,0,0,0,0,0,0,0
S01013142,Born outside the UK: Resident 5 years or more and less than 10 years,10,5,0,5,5,5,0
S01013142,Born outside the UK: Resident 10 years or more,16,2,2,0,14,14,0
S01013143,All people in households,853,516,183,333,337,290,47
S01013143,Born in the UK,823,495,175,320,328,281,47
S01013143,Born outside the UK: Total,30,21,8,13,9,9,0
S01013143,Born outside the UK: Resident less than 2 years,4,4,0,4,0,0,0
S01013143,Born outside the UK: Resident 2 years or more and less than 5 years,1,1,0,1,0,0,0
S01013143,Born outside the UK: Resident 5 years or more and less than 10 years,5,3,0,3,2,2,0
S01013143,Born outside the UK: Resident 10 years or more,20,13,8,5,7,7,0
S01013144,All people in households,894,589,234,355,305,264,41
S01013144,Born in the UK,866,571,226,345,295,254,41
S01013144,Born outside the UK: Total,28,18,8,10,10,10,0
S01013144,Born outside the UK: Resident less than 2 years,0,0,0,0,0,0,0
S01013144,Born outside the UK: Resident 2 years or more and less than 5 years,3,2,0,2,1,1,0
S01013144,Born outside the UK: Resident 5 years or more and less than 10 years,6,2,0,2,4,4,0
S01013144,Born outside the UK: Resident 10 years or more,19,14,8,6,5,5,0
S01013145,All people in households,704,491,137,354,213,186,27
S01013145,Born in the UK,685,480,134,346,205,178,27
S01013145,Born outside the UK: Total,19,11,3,8,8,8,0
S01013145,Born outside the UK: Resident less than 2 years,1,1,0,1,0,0,0
S01013145,Born outside the UK: Resident 2 years or more and less than 5 years,1,0,0,0,1,1,0
S01013145,Born outside the UK: Resident 5 years or more and less than 10 years,2,1,0,1,1,1,0
S01013145,Born outside the UK: Resident 10 years or more,15,9,3,6,6,6,0
S01013146,All people in households,455,318,82,236,137,130,7
S01013146,Born in the UK,448,312,79,233,136,129,7
S01013146,Born outside the UK: Total,7,6,3,3,1,1,0
S01013146,Born outside the UK: Resident less than 2 years,0,0,0,0,0,0,0
S01013146,Born outside the UK: Resident 2 years or more and less than 5 years,0,0,0,0,0,0,0
S01013146,Born outside the UK: Resident 5 years or more and less than 10 years,2,2,0,2,0,0,0
S01013146,Born outside the UK: Resident 10 years or more,5,4,3,1,1,1,0
S01013147,All people in households,726,539,155,384,187,162,25
S01013147,Born in the UK,682,514,152,362,168,150,18
S01013147,Born outside the UK: Total,44,25,3,22,19,12,7
S01013147,Born outside the UK: Resident less than 2 years,0,0,0,0,0,0,0
S01013147,Born outside the UK: Resident 2 years or more and less than 5 years,7,1,0,1,6,2,4
S01013147,Born outside the UK: Resident 5 years or more and less than 10 years,17,11,1,10,6,3,3
S01013147,Born outside the UK: Resident 10 years or more,20,13,2,11,7,7,0
S01013148,All people in households,757,580,206,374,177,112,65
S01013148,Born in the UK,731,561,202,359,170,107,63
S01013148,Born outside the UK: Total,26,19,4,15,7,5,2
S01013148,Born outside the UK: Resident less than 2 years,1,0,0,0,1,1,0
S01013148,Born outside the UK: Resident 2 years or more and less than 5 years,8,7,0,7,1,0,1
S01013148,Born outside the UK: Resident 5 years or more and less than 10 years,5,4,1,3,1,1,0
S01013148,Born outside the UK: Resident 10 years or more,12,8,3,5,4,3,1
S01013149,All people in households,824,585,151,434,239,160,79
S01013149,Born in the UK,803,570,147,423,233,158,75
S01013149,Born outside the UK: Total,21,15,4,11,6,2,4
S01013149,Born outside the UK: Resident less than 2 years,1,0,0,0,1,0,1
S01013149,Born outside the UK: Resident 2 years or more and less than 5 years,0,0,0,0,0,0,0
S01013149,Born outside the UK: Resident 5 years or more and less than 10 years,2,2,0,2,0,0,0
S01013149,Born outside the UK: Resident 10 years or more,18,13,4,9,5,2,3
S01013150,All people in households,846,615,270,345,231,174,57
S01013150,Born in the UK,825,600,259,341,225,172,53
S01013150,Born outside the UK: Total,21,15,11,4,6,2,4
S01013150,Born outside the UK: Resident less than 2 years,1,1,1,0,0,0,0
S01013150,Born outside the UK: Resident 2 years or more and less than 5 years,2,1,1,0,1,0,1
S01013150,Born outside the UK: Resident 5 years or more and less than 10 years,3,3,2,1,0,0,0
S01013150,Born outside the UK: Resident 10 years or more,15,10,7,3,5,2,3
S01013151,All people in households,566,476,158,318,90,37,53
S01013151,Born in the UK,551,462,150,312,89,37,52
S01013151,Born outside the UK: Total,15,14,8,6,1,0,1
S01013151,Born outside the UK: Resident less than 2 years,0,0,0,0,0,0,0
S01013151,Born outside the UK: Resident 2 years or more and less than 5 years,1,0,0,0,1,0,1
S01013151,Born outside the UK: Resident 5 years or more and less than 10 years,2,2,0,2,0,0,0
S01013151,Born outside the UK: Resident 10 years or more,12,12,8,4,0,0,0
S01013152,All people in households,910,671,178,493,239,198,41
S01013152,Born in the UK,886,656,174,482,230,189,41
S01013152,Born outside the UK: Total,24,15,4,11,9,9,0
S01013152,Born outside the UK: Resident less than 2 years,1,1,0,1,0,0,0
S01013152,Born outside the UK: Resident 2 years or more and less than 5 years,6,2,0,2,4,4,0
S01013152,Born outside the UK: Resident 5 years or more and less than 10 years,3,2,0,2,1,1,0
S01013152,Born outside the UK: Resident 10 years or more,14,10,4,6,4,4,0
S01013153,All people in households,890,323,100,223,567,547,20
S01013153,Born in the UK,870,314,94,220,556,538,18
S01013153,Born outside the UK: Total,20,9,6,3,11,9,2
S01013153,Born outside the UK: Resident less than 2 years,0,0,0,0,0,0,0
S01013153,Born outside the UK: Resident 2 years or more and less than 5 years,0,0,0,0,0,0,0
S01013153,Born outside the UK: Resident 5 years or more and less than 10 years,2,2,2,0,0,0,0
S01013153,Born outside the UK: Resident 10 years or more,18,7,4,3,11,9,2
S01013154,All people in households,979,475,164,311,504,463,41
S01013154,Born in the UK,945,464,160,304,481,443,38
S01013154,Born outside the UK: Total,34,11,4,7,23,20,3
S01013154,Born outside the UK: Resident less than 2 years,4,0,0,0,4,2,2
S01013154,Born outside the UK: Resident 2 years or more and less than 5 years,10,3,0,3,7,6,1
S01013154,Born outside the UK: Resident 5 years or more and less than 10 years,9,1,0,1,8,8,0
S01013154,Born outside the UK: Resident 10 years or more,11,7,4,3,4,4,0
S01013155,All people in households,908,220,52,168,688,608,80
S01013155,Born in the UK,839,207,49,158,632,564,68
S01013155,Born outside the UK: Total,69,13,3,10,56,44,12
S01013155,Born outside the UK: Resident less than 2 years,8,0,0,0,8,4,4
S01013155,Born outside the UK: Resident 2 years or more and less than 5 years,18,1,1,0,17,17,0
S01013155,Born outside the UK: Resident 5 years or more and less than 10 years,30,7,0,7,23,15,8
S01013155,Born outside the UK: Resident 10 years or more,13,5,2,3,8,8,0
S01013156,All people in households,865,200,50,150,665,652,13
S01013156,Born in the UK,840,196,49,147,644,631,13
S01013156,Born outside the UK: Total,25,4,1,3,21,21,0
S01013156,Born outside the UK: Resident less than 2 years,1,0,0,0,1,1,0
S01013156,Born outside the UK: Resident 2 years or more and less than 5 years,5,0,0,0,5,5,0
S01013156,Born outside the UK: Resident 5 years or more and less than 10 years,8,1,0,1,7,7,0
S01013156,Born outside the UK: Resident 10 years or more,11,3,1,2,8,8,0
S01013157,All people in households,983,296,76,220,687,662,25
S01013157,Born in the UK,905,273,69,204,632,622,10
S01013157,Born outside the UK: Total,78,23,7,16,55,40,15
S01013157,Born outside the UK: Resident less than 2 years,5,1,0,1,4,3,1
S01013157,Born outside the UK: Resident 2 years or more and less than 5 years,19,2,1,1,17,14,3
S01013157,Born outside the UK: Resident 5 years or more and less than 10 years,38,13,4,9,25,14,11
S01013157,Born outside the UK: Resident 10 years or more,16,7,2,5,9,9,0
S01013158,All people in households,555,499,188,311,56,23,33
S01013158,Born in the UK,542,486,182,304,56,23,33
S01013158,Born outside the UK: Total,13,13,6,7,0,0,0
S01013158,Born outside the UK: Resident less than 2 years,0,0,0,0,0,0,0
S01013158,Born outside the UK: Resident 2 years or more and less than 5 years,2,2,0,2,0,0,0
S01013158,Born outside the UK: Resident 5 years or more and less than 10 years,3,3,0,3,0,0,0
S01013158,Born outside the UK: Resident 10 years or more,8,8,6,2,0,0,0
S01013159,All people in households,701,618,241,377,83,47,36
S01013159,Born in the UK,670,597,233,364,73,37,36
S01013159,Born outside the UK: Total,31,21,8,13,10,10,0
S01013159,Born outside the UK: Resident less than 2 years,0,0,0,0,0,0,0
S01013159,Born outside the UK: Resident 2 years or more and less than 5 years,6,1,0,1,5,5,0
S01013159,Born outside the UK: Resident 5 years or more and less than 10 years,4,2,0,2,2,2,0
S01013159,Born outside the UK: Resident 10 years or more,21,18,8,10,3,3,0
S01013160,All people in households,728,684,208,476,44,5,39
S01013160,Born in the UK,718,674,206,468,44,5,39
S01013160,Born outside the UK: Total,10,10,2,8,0,0,0
S01013160,Born outside the UK: Resident less than 2 years,0,0,0,0,0,0,0
S01013160,Born outside the UK: Resident 2 years or more and less than 5 years,1,1,0,1,0,0,0
S01013160,Born outside the UK: Resident 5 years or more and less than 10 years,1,1,0,1,0,0,0
S01013160,Born outside the UK: Resident 10 years or more,8,8,2,6,0,0,0
S01013161,All people in households,1021,673,194,479,348,305,43
S01013161,Born in the UK,1003,659,190,469,344,301,43
S01013161,Born outside the UK: Total,18,14,4,10,4,4,0
S01013161,Born outside the UK: Resident less than 2 years,0,0,0,0,0,0,0
S01013161,Born outside the UK: Resident 2 years or more and less than 5 years,2,1,0,1,1,1,0
S01013161,Born outside the UK: Resident 5 years or more and less than 10 years,1,0,0,0,1,1,0
S01013161,Born outside the UK: Resident 10 years or more,15,13,4,9,2,2,0
S01013162,All people in households,815,485,229,256,330,273,57
S01013162,Born in the UK,799,475,225,250,324,271,53
S01013162,Born outside the UK: Total,16,10,4,6,6,2,4
S01013162,Born outside the UK: Resident less than 2 years,0,0,0,0,0,0,0
S01013162,Born outside the UK: Resident 2 years or more and less than 5 years,2,1,0,1,1,0,1
S01013162,Born outside the UK: Resident 5 years or more and less than 10 years,4,3,0,3,1,0,1
S01013162,Born outside the UK: Resident 10 years or more,10,6,4,2,4,2,2
S01013163,All people in households,702,596,218,378,106,83,23
S01013163,Born in the UK,695,590,213,377,105,82,23
S01013163,Born outside the UK: Total,7,6,5,1,1,1,0
S01013163,Born outside the UK: Resident less than 2 years,0,0,0,0,0,0,0
S01013163,Born outside the UK: Resident 2 years or more and less than 5 years,1,1,1,0,0,0,0
S01013163,Born outside the UK: Resident 5 years or more and less than 10 years,0,0,0,0,0,0,0
S01013163,Born outside the UK: Resident 10 years or more,6,5,4,1,1,1,0
S01013164,All people in households,1064,699,228,471,365,316,49
S01013164,Born in the UK,1033,681,221,460,352,307,45
S01013164,Born outside the UK: Total,31,18,7,11,13,9,4
S01013164,Born outside the UK: Resident less than 2 years,0,0,0,0,0,0,0
S01013164,Born outside the UK: Resident 2 years or more and less than 5 years,2,2,0,2,0,0,0
S01013164,Born outside the UK: Resident 5 years or more and less than 10 years,10,7,2,5,3,3,0
S01013164,Born outside the UK: Resident 10 years or more,19,9,5,4,10,6,4
S01013165,All people in households,883,640,241,399,243,208,35
S01013165,Born in the UK,847,614,233,381,233,199,34
S01013165,Born outside the UK: Total,36,26,8,18,10,9,1
S01013165,Born outside the UK: Resident less than 2 years,6,1,1,0,5,5,0
S01013165,Born outside the UK: Resident 2 years or more and less than 5 years,8,7,0,7,1,0,1
S01013165,Born outside the UK: Resident 5 years or more and less than 10 years,3,3,0,3,0,0,0
S01013165,Born outside the UK: Resident 10 years or more,19,15,7,8,4,4,0
S01013166,All people in households,642,101,26,75,541,504,37
S01013166,Born in the UK,624,94,25,69,530,496,34
S01013166,Born outside the UK: Total,18,7,1,6,11,8,3
S01013166,Born outside the UK: Resident less than 2 years,2,0,0,0,2,2,0
S01013166,Born outside the UK: Resident 2 years or more and less than 5 years,2,1,0,1,1,0,1
S01013166,Born outside the UK: Resident 5 years or more and less than 10 years,5,4,0,4,1,0,1
S01013166,Born outside the UK: Resident 10 years or more,9,2,1,1,7,6,1
S01013167,All people in households,655,139,33,106,516,499,17
S01013167,Born in the UK,616,126,30,96,490,474,16
S01013167,Born outside the UK: Total,39,13,3,10,26,25,1
S01013167,Born outside the UK: Resident less than 2 years,3,0,0,0,3,2,1
S01013167,Born outside the UK: Resident 2 years or more and less than 5 years,6,0,0,0,6,6,0
S01013167,Born outside the UK: Resident 5 years or more and less than 10 years,15,7,0,7,8,8,0
S01013167,Born outside the UK: Resident 10 years or more,15,6,3,3,9,9,0
S01013168,All people in households,891,468,115,353,423,351,72
S01013168,Born in the UK,855,447,107,340,408,343,65
S01013168,Born outside the UK: Total,36,21,8,13,15,8,7
S01013168,Born outside the UK: Resident less than 2 years,4,3,2,1,1,1,0
S01013168,Born outside the UK: Resident 2 years or more and less than 5 years,8,2,1,1,6,1,5
S01013168,Born outside the UK: Resident 5 years or more and less than 10 years,10,8,1,7,2,1,1
S01013168,Born outside the UK: Resident 10 years or more,14,8,4,4,6,5,1
S01013169,All people in households,853,467,161,306,386,345,41
S01013169,Born in the UK,828,450,153,297,378,338,40
S01013169,Born outside the UK: Total,25,17,8,9,8,7,1
S01013169,Born outside the UK: Resident less than 2 years,4,3,1,2,1,0,1
S01013169,Born outside the UK: Resident 2 years or more and less than 5 years,2,1,1,0,1,1,0
S01013169,Born outside the UK: Resident 5 years or more and less than 10 years,4,4,0,4,0,0,0
S01013169,Born outside the UK: Resident 10 years or more,15,9,6,3,6,6,0
S01013170,All people in households,528,229,43,186,299,267,32
S01013170,Born in the UK,515,222,40,182,293,262,31
S01013170,Born outside the UK: Total,13,7,3,4,6,5,1
S01013170,Born outside the UK: Resident less than 2 years,1,0,0,0,1,1,0
S01013170,Born outside the UK: Resident 2 years or more and less than 5 years,2,1,0,1,1,1,0
S01013170,Born outside the UK: Resident 5 years or more and less than 10 years,1,0,0,0,1,1,0
S01013170,Born outside the UK: Resident 10 years or more,9,6,3,3,3,2,1
S01013171,All people in households,679,548,126,422,131,103,28
S01013171,Born in the UK,664,537,121,416,127,100,27
S01013171,Born outside the UK: Total,15,11,5,6,4,3,1
S01013171,Born outside the UK: Resident less than 2 years,0,0,0,0,0,0,0
S01013171,Born outside the UK: Resident 2 years or more and less than 5 years,7,5,1,4,2,2,0
S01013171,Born outside the UK: Resident 5 years or more and less than 10 years,2,1,0,1,1,1,0
S01013171,Born outside the UK: Resident 10 years or more,6,5,4,1,1,0,1
S01013172,All people in households,749,491,126,365,258,218,40
S01013172,Born in the UK,730,478,122,356,252,213,39
S01013172,Born outside the UK: Total,19,13,4,9,6,5,1
S01013172,Born outside the UK: Resident less than 2 years,1,0,0,0,1,1,0
S01013172,Born outside the UK: Resident 2 years or more and less than 5 years,0,0,0,0,0,0,0
S01013172,Born outside the UK: Resident 5 years or more and less than 10 years,4,3,0,3,1,1,0
S01013172,Born outside the UK: Resident 10 years or more,14,10,4,6,4,3,1
S01013173,All people in households,799,610,121,489,189,120,69
S01013173,Born in the UK,779,594,120,474,185,119,66
S01013173,Born outside the UK: Total,20,16,1,15,4,1,3
S01013173,Born outside the UK: Resident less than 2 years,0,0,0,0,0,0,0
S01013173,Born outside the UK: Resident 2 years or more and less than 5 years,3,2,0,2,1,0,1
S01013173,Born outside the UK: Resident 5 years or more and less than 10 years,3,2,0,2,1,0,1
S01013173,Born outside the UK: Resident 10 years or more,14,12,1,11,2,1,1
S01013174,All people in households,793,755,144,611,38,24,14
S01013174,Born in the UK,780,742,142,600,38,24,14
S01013174,Born outside the UK: Total,13,13,2,11,0,0,0
S01013174,Born outside the UK: Resident less than 2 years,0,0,0,0,0,0,0
S01013174,Born outside the UK: Resident 2 years or more and less than 5 years,4,4,0,4,0,0,0
S01013174,Born outside the UK: Resident 5 years or more and less than 10 years,3,3,0,3,0,0,0
S01013174,Born outside the UK: Resident 10 years or more,6,6,2,4,0,0,0
S01013175,All people in households,867,745,151,594,122,79,43
S01013175,Born in the UK,847,729,149,580,118,77,41
S01013175,Born outside the UK: Total,20,16,2,14,4,2,2
S01013175,Born outside the UK: Resident less than 2 years,0,0,0,0,0,0,0
S01013175,Born outside the UK: Resident 2 years or more and less than 5 years,1,0,0,0,1,0,1
S01013175,Born outside the UK: Resident 5 years or more and less than 10 years,6,6,0,6,0,0,0
S01013175,Born outside the UK: Resident 10 years or more,13,10,2,8,3,2,1
S01013176,All people in households,745,567,181,386,178,116,62
S01013176,Born in the UK,716,551,174,377,165,110,55
S01013176,Born outside the UK: Total,29,16,7,9,13,6,7
S01013176,Born outside the UK: Resident less than 2 years,7,2,2,0,5,0,5
S01013176,Born outside the UK: Resident 2 years or more and less than 5 years,2,1,0,1,1,1,0
S01013176,Born outside the UK: Resident 5 years or more and less than 10 years,5,2,1,1,3,3,0
S01013176,Born outside the UK: Resident 10 years or more,15,11,4,7,4,2,2
S01013177,All people in households,617,559,179,380,58,24,34
S01013177,Born in the UK,604,549,175,374,55,24,31
S01013177,Born outside the UK: Total,13,10,4,6,3,0,3
S01013177,Born outside the UK: Resident less than 2 years,0,0,0,0,0,0,0
S01013177,Born outside the UK: Resident 2 years or more and less than 5 years,0,0,0,0,0,0,0
S01013177,Born outside the UK: Resident 5 years or more and less than 10 years,1,0,0,0,1,0,1
S01013177,Born outside the UK: Resident 10 years or more,12,10,4,6,2,0,2
S01013178,All people in households,719,562,208,354,157,90,67
S01013178,Born in the UK,704,549,205,344,155,88,67
S01013178,Born outside the UK: Total,15,13,3,10,2,2,0
S01013178,Born outside the UK: Resident less than 2 years,1,1,0,1,0,0,0
S01013178,Born outside the UK: Resident 2 years or more and less than 5 years,2,2,0,2,0,0,0
S01013178,Born outside the UK: Resident 5 years or more and less than 10 years,0,0,0,0,0,0,0
S01013178,Born outside the UK: Resident 10 years or more,12,10,3,7,2,2,0
S01013179,All people in households,781,548,231,317,233,166,67
S01013179,Born in the UK,762,539,226,313,223,163,60
S01013179,Born outside the UK: Total,19,9,5,4,10,3,7
S01013179,Born outside the UK: Resident less than 2 years,1,0,0,0,1,1,0
S01013179,Born outside the UK: Resident 2 years or more and less than 5 years,5,0,0,0,5,1,4
S01013179,Born outside the UK: Resident 5 years or more and less than 10 years,2,1,1,0,1,0,1
S01013179,Born outside the UK: Resident 10 years or more,11,8,4,4,3,1,2
S01013180,All people in households,434,395,98,297,39,2,37
S01013180,Born in the UK,421,387,96,291,34,2,32
S01013180,Born outside the UK: Total,13,8,2,6,5,0,5
S01013180,Born outside the UK: Resident less than 2 years,0,0,0,0,0,0,0
S01013180,Born outside the UK: Resident 2 years or more and less than 5 years,1,0,0,0,1,0,1
S01013180,Born outside the UK: Resident 5 years or more and less than 10 years,8,4,0,4,4,0,4
S01013180,Born outside the UK: Resident 10 years or more,4,4,2,2,0,0,0
S01013181,All people in households,718,621,208,413,97,74,23
S01013181,Born in the UK,700,605,199,406,95,73,22
S01013181,Born outside the UK: Total,18,16,9,7,2,1,1
S01013181,Born outside the UK: Resident less than 2 years,0,0,0,0,0,0,0
S01013181,Born outside the UK: Resident 2 years or more and less than 5 years,0,0,0,0,0,0,0
S01013181,Born outside the UK: Resident 5 years or more and less than 10 years,0,0,0,0,0,0,0
S01013181,Born outside the UK: Resident 10 years or more,18,16,9,7,2,1,1
S01013182,All people in households,743,485,172,313,258,206,52
S01013182,Born in the UK,732,477,167,310,255,203,52
S01013182,Born outside the UK: Total,11,8,5,3,3,3,0
S01013182,Born outside the UK: Resident less than 2 years,0,0,0,0,0,0,0
S01013182,Born outside the UK: Resident 2 years or more and less than 5 years,0,0,0,0,0,0,0
S01013182,Born outside the UK: Resident 5 years or more and less than 10 years,1,1,0,1,0,0,0
S01013182,Born outside the UK: Resident 10 years or more,10,7,5,2,3,3,0
S01013183,All people in households,834,740,305,435,94,81,13
S01013183,Born in the UK,806,721,298,423,85,74,11
S01013183,Born outside the UK: Total,28,19,7,12,9,7,2
S01013183,Born outside the UK: Resident less than 2 years,2,2,0,2,0,0,0
S01013183,Born outside the UK: Resident 2 years or more and less than 5 years,2,0,0,0,2,2,0
S01013183,Born outside the UK: Resident 5 years or more and less than 10 years,6,4,3,1,2,1,1
S01013183,Born outside the UK: Resident 10 years or more,18,13,4,9,5,4,1
S01013184,All people in households,572,177,49,128,395,357,38
S01013184,Born in the UK,560,174,46,128,386,348,38
S01013184,Born outside the UK: Total,12,3,3,0,9,9,0
S01013184,Born outside the UK: Resident less than 2 years,0,0,0,0,0,0,0
S01013184,Born outside the UK: Resident 2 years or more and less than 5 years,0,0,0,0,0,0,0
S01013184,Born outside the UK: Resident 5 years or more and less than 10 years,0,0,0,0,0,0,0
S01013184,Born outside the UK: Resident 10 years or more,12,3,3,0,9,9,0
S01013185,All people in households,810,442,118,324,368,333,35
S01013185,Born in the UK,795,435,114,321,360,326,34
S01013185,Born outside the UK: Total,15,7,4,3,8,7,1
S01013185,Born outside the UK: Resident less than 2 years,4,0,0,0,4,4,0
S01013185,Born outside the UK: Resident 2 years or more and less than 5 years,1,0,0,0,1,0,1
S01013185,Born outside the UK: Resident 5 years or more and less than 10 years,2,1,1,0,1,1,0
S01013185,Born outside the UK: Resident 10 years or more,8,6,3,3,2,2,0
S01013186,All people in households,673,304,75,229,369,348,21
S01013186,Born in the UK,652,299,73,226,353,337,16
S01013186,Born outside the UK: Total,21,5,2,3,16,11,5
S01013186,Born outside the UK: Resident less than 2 years,5,1,0,1,4,0,4
S01013186,Born outside the UK: Resident 2 years or more and less than 5 years,2,0,0,0,2,2,0
S01013186,Born outside the UK: Resident 5 years or more and less than 10 years,2,0,0,0,2,1,1
S01013186,Born outside the UK: Resident 10 years or more,12,4,2,2,8,8,0
S01013187,All people in households,825,428,117,311,397,363,34
S01013187,Born in the UK,815,419,113,306,396,363,33
S01013187,Born outside the UK: Total,10,9,4,5,1,0,1
S01013187,Born outside the UK: Resident less than 2 years,0,0,0,0,0,0,0
S01013187,Born outside the UK: Resident 2 years or more and less than 5 years,0,0,0,0,0,0,0
S01013187,Born outside the UK: Resident 5 years or more and less than 10 years,5,4,0,4,1,0,1
S01013187,Born outside the UK: Resident 10 years or more,5,5,4,1,0,0,0
S01013188,All people in households,885,704,234,470,181,142,39
S01013188,Born in the UK,863,690,234,456,173,140,33
S01013188,Born outside the UK: Total,22,14,0,14,8,2,6
S01013188,Born outside the UK: Resident less than 2 years,4,0,0,0,4,0,4
S01013188,Born outside the UK: Resident 2 years or more and less than 5 years,2,0,0,0,2,0,2
S01013188,Born outside the UK: Resident 5 years or more and less than 10 years,0,0,0,0,0,0,0
S01013188,Born outside the UK: Resident 10 years or more,16,14,0,14,2,2,0
S01013189,All people in households,618,543,191,352,75,59,16
S01013189,Born in the UK,607,537,188,349,70,57,13
S01013189,Born outside the UK: Total,11,6,3,3,5,2,3
S01013189,Born outside the UK: Resident less than 2 years,2,0,0,0,2,0,2
S01013189,Born outside the UK: Resident 2 years or more and less than 5 years,1,0,0,0,1,0,1
S01013189,Born outside the UK: Resident 5 years or more and less than 10 years,0,0,0,0,0,0,0
S01013189,Born outside the UK: Resident 10 years or more,8,6,3,3,2,2,0
S01013190,All people in households,805,537,111,426,268,226,42
S01013190,Born in the UK,788,523,106,417,265,224,41
S01013190,Born outside the UK: Total,17,14,5,9,3,2,1
S01013190,Born outside the UK: Resident less than 2 years,0,0,0,0,0,0,0
S01013190,Born outside the UK: Resident 2 years or more and less than 5 years,0,0,0,0,0,0,0
S01013190,Born outside the UK: Resident 5 years or more and less than 10 years,2,1,0,1,1,1,0
S01013190,Born outside the UK: Resident 10 years or more,15,13,5,8,2,1,1
S01013191,All people in households,1055,1019,287,732,36,11,25
S01013191,Born in the UK,1032,998,283,715,34,11,23
S01013191,Born outside the UK: Total,23,21,4,17,2,0,2
S01013191,Born outside the UK: Resident less than 2 years,2,0,0,0,2,0,2
S01013191,Born outside the UK: Resident 2 years or more and less than 5 years,5,5,0,5,0,0,0
S01013191,Born outside the UK: Resident 5 years or more and less than 10 years,1,1,0,1,0,0,0
S01013191,Born outside the UK: Resident 10 years or more,15,15,4,11,0,0,0
S01013192,All people in households,895,731,269,462,164,90,74
S01013192,Born in the UK,862,708,262,446,154,85,69
S01013192,Born outside the UK: Total,33,23,7,16,10,5,5
S01013192,Born outside the UK: Resident less than 2 years,1,0,0,0,1,1,0
S01013192,Born outside the UK: Resident 2 years or more and less than 5 years,6,2,1,1,4,3,1
S01013192,Born outside the UK: Resident 5 years or more and less than 10 years,7,6,0,6,1,0,1
S01013192,Born outside the UK: Resident 10 years or more,19,15,6,9,4,1,3
S01013193,All people in households,649,506,145,361,143,42,101
S01013193,Born in the UK,619,486,137,349,133,39,94
S01013193,Born outside the UK: Total,30,20,8,12,10,3,7
S01013193,Born outside the UK: Resident less than 2 years,1,1,1,0,0,0,0
S01013193,Born outside the UK: Resident 2 years or more and less than 5 years,2,0,0,0,2,0,2
S01013193,Born outside the UK: Resident 5 years or more and less than 10 years,6,2,1,1,4,0,4
S01013193,Born outside the UK: Resident 10 years or more,21,17,6,11,4,3,1
S01013194,All people in households,568,397,117,280,171,39,132
S01013194,Born in the UK,549,381,112,269,168,39,129
S01013194,Born outside the UK: Total,19,16,5,11,3,0,3
S01013194,Born outside the UK: Resident less than 2 years,3,3,0,3,0,0,0
S01013194,Born outside the UK: Resident 2 years or more and less than 5 years,2,1,0,1,1,0,1
S01013194,Born outside the UK: Resident 5 years or more and less than 10 years,1,0,0,0,1,0,1
S01013194,Born outside the UK: Resident 10 years or more,13,12,5,7,1,0,1
S01013195,All people in households,977,561,132,429,416,182,234
S01013195,Born in the UK,929,537,125,412,392,176,216
S01013195,Born outside the UK: Total,48,24,7,17,24,6,18
S01013195,Born outside the UK: Resident less than 2 years,11,2,0,2,9,0,9
S01013195,Born outside the UK: Resident 2 years or more and less than 5 years,2,0,0,0,2,0,2
S01013195,Born outside the UK: Resident 5 years or more and less than 10 years,9,5,1,4,4,0,4
S01013195,Born outside the UK: Resident 10 years or more,26,17,6,11,9,6,3
S01013196,All people in households,626,477,141,336,149,27,122
S01013196,Born in the UK,606,467,137,330,139,24,115
S01013196,Born outside the UK: Total,20,10,4,6,10,3,7
S01013196,Born outside the UK: Resident less than 2 years,0,0,0,0,0,0,0
S01013196,Born outside the UK: Resident 2 years or more and less than 5 years,1,1,0,1,0,0,0
S01013196,Born outside the UK: Resident 5 years or more and less than 10 years,2,0,0,0,2,0,2
S01013196,Born outside the UK: Resident 10 years or more,17,9,4,5,8,3,5
S01013197,All people in households,555,452,187,265,103,58,45
S01013197,Born in the UK,536,443,184,259,93,56,37
S01013197,Born outside the UK: Total,19,9,3,6,10,2,8
S01013197,Born outside the UK: Resident less than 2 years,0,0,0,0,0,0,0
S01013197,Born outside the UK: Resident 2 years or more and less than 5 years,4,0,0,0,4,0,4
S01013197,Born outside the UK: Resident 5 years or more and less than 10 years,3,0,0,0,3,0,3
S01013197,Born outside the UK: Resident 10 years or more,12,9,3,6,3,2,1
S01013198,All people in households,768,472,187,285,296,234,62
S01013198,Born in the UK,746,462,187,275,284,229,55
S01013198,Born outside the UK: Total,22,10,0,10,12,5,7
S01013198,Born outside the UK: Resident less than 2 years,1,1,0,1,0,0,0
S01013198,Born outside the UK: Resident 2 years or more and less than 5 years,8,2,0,2,6,2,4
S01013198,Born outside the UK: Resident 5 years or more and less than 10 years,3,0,0,0,3,0,3
S01013198,Born outside the UK: Resident 10 years or more,10,7,0,7,3,3,0
S01013199,All people in households,897,570,213,357,327,242,85
S01013199,Born in the UK,859,546,205,341,313,236,77
S01013199,Born outside the UK: Total,38,24,8,16,14,6,8
S01013199,Born outside the UK: Resident less than 2 years,4,2,1,1,2,0,2
S01013199,Born outside the UK: Resident 2 years or more and less than 5 years,2,0,0,0,2,1,1
S01013199,Born outside the UK: Resident 5 years or more and less than 10 years,9,6,0,6,3,0,3
S01013199,Born outside the UK: Resident 10 years or more,23,16,7,9,7,5,2
S01013200,All people in households,695,415,166,249,280,245,35
S01013200,Born in the UK,676,404,162,242,272,240,32
S01013200,Born outside the UK: Total,19,11,4,7,8,5,3
S01013200,Born outside the UK: Resident less than 2 years,1,1,0,1,0,0,0
S01013200,Born outside the UK: Resident 2 years or more and less than 5 years,3,0,0,0,3,2,1
S01013200,Born outside the UK: Resident 5 years or more and less than 10 years,0,0,0,0,0,0,0
S01013200,Born outside the UK: Resident 10 years or more,15,10,4,6,5,3,2
S01013201,All people in households,741,242,68,174,499,492,7
S01013201,Born in the UK,734,238,66,172,496,489,7
S01013201,Born outside the UK: Total,7,4,2,2,3,3,0
S01013201,Born outside the UK: Resident less than 2 years,0,0,0,0,0,0,0
S01013201,Born outside the UK: Resident 2 years or more and less than 5 years,0,0,0,0,0,0,0
S01013201,Born outside the UK: Resident 5 years or more and less than 10 years,1,1,1,0,0,0,0
S01013201,Born outside the UK: Resident 10 years or more,6,3,1,2,3,3,0
S01013202,All people in households,552,275,107,168,277,255,22
S01013202,Born in the UK,539,267,103,164,272,251,21
S01013202,Born outside the UK: Total,13,8,4,4,5,4,1
S01013202,Born outside the UK: Resident less than 2 years,0,0,0,0,0,0,0
S01013202,Born outside the UK: Resident 2 years or more and less than 5 years,0,0,0,0,0,0,0
S01013202,Born outside the UK: Resident 5 years or more and less than 10 years,3,0,0,0,3,2,1
S01013202,Born outside the UK: Resident 10 years or more,10,8,4,4,2,2,0
S01013203,All people in households,717,392,126,266,325,294,31
S01013203,Born in the UK,692,378,121,257,314,286,28
S01013203,Born outside the UK: Total,25,14,5,9,11,8,3
S01013203,Born outside the UK: Resident less than 2 years,0,0,0,0,0,0,0
S01013203,Born outside the UK: Resident 2 years or more and less than 5 years,3,0,0,0,3,3,0
S01013203,Born outside the UK: Resident 5 years or more and less than 10 years,6,6,1,5,0,0,0
S01013203,Born outside the UK: Resident 10 years or more,16,8,4,4,8,5,3
S01013204,All people in households,793,651,132,519,142,78,64
S01013204,Born in the UK,772,639,128,511,133,75,58
S01013204,Born outside the UK: Total,21,12,4,8,9,3,6
S01013204,Born outside the UK: Resident less than 2 years,3,1,0,1,2,0,2
S01013204,Born outside the UK: Resident 2 years or more and less than 5 years,4,2,0,2,2,0,2
S01013204,Born outside the UK: Resident 5 years or more and less than 10 years,3,2,0,2,1,1,0
S01013204,Born outside the UK: Resident 10 years or more,11,7,4,3,4,2,2
S01013205,All people in households,629,239,57,182,390,369,21
S01013205,Born in the UK,616,234,57,177,382,361,21
S01013205,Born outside the UK: Total,13,5,0,5,8,8,0
S01013205,Born outside the UK: Resident less than 2 years,1,0,0,0,1,1,0
S01013205,Born outside the UK: Resident 2 years or more and less than 5 years,5,1,0,1,4,4,0
S01013205,Born outside the UK: Resident 5 years or more and less than 10 years,3,3,0,3,0,0,0
S01013205,Born outside the UK: Resident 10 years or more,4,1,0,1,3,3,0
S01013206,All people in households,627,319,103,216,308,268,40
S01013206,Born in the UK,609,309,97,212,300,261,39
S01013206,Born outside the UK: Total,18,10,6,4,8,7,1
S01013206,Born outside the UK: Resident less than 2 years,0,0,0,0,0,0,0
S01013206,Born outside the UK: Resident 2 years or more and less than 5 years,0,0,0,0,0,0,0
S01013206,Born outside the UK: Resident 5 years or more and less than 10 years,2,2,0,2,0,0,0
S01013206,Born outside the UK: Resident 10 years or more,16,8,6,2,8,7,1
S01013207,All people in households,766,437,158,279,329,271,58
S01013207,Born in the UK,742,425,153,272,317,264,53
S01013207,Born outside the UK: Total,24,12,5,7,12,7,5
S01013207,Born outside the UK: Resident less than 2 years,5,1,0,1,4,1,3
S01013207,Born outside the UK: Resident 2 years or more and less than 5 years,1,1,1,0,0,0,0
S01013207,Born outside the UK: Resident 5 years or more and less than 10 years,5,4,1,3,1,0,1
S01013207,Born outside the UK: Resident 10 years or more,13,6,3,3,7,6,1
S01013208,All people in households,919,394,101,293,525,474,51
S01013208,Born in the UK,894,377,97,280,517,468,49
S01013208,Born outside the UK: Total,25,17,4,13,8,6,2
S01013208,Born outside the UK: Resident less than 2 years,0,0,0,0,0,0,0
S01013208,Born outside the UK: Resident 2 years or more and less than 5 years,7,4,0,4,3,3,0
S01013208,Born outside the UK: Resident 5 years or more and less than 10 years,7,5,0,5,2,0,2
S01013208,Born outside the UK: Resident 10 years or more,11,8,4,4,3,3,0
S01013209,All people in households,819,520,176,344,299,194,105
S01013209,Born in the UK,805,510,175,335,295,193,102
S01013209,Born outside the UK: Total,14,10,1,9,4,1,3
S01013209,Born outside the UK: Resident less than 2 years,2,0,0,0,2,0,2
S01013209,Born outside the UK: Resident 2 years or more and less than 5 years,1,1,0,1,0,0,0
S01013209,Born outside the UK: Resident 5 years or more and less than 10 years,3,3,0,3,0,0,0
S01013209,Born outside the UK: Resident 10 years or more,8,6,1,5,2,1,1
S01013210,All people in households,588,536,225,311,52,15,37
S01013210,Born in the UK,578,528,222,306,50,15,35
S01013210,Born outside the UK: Total,10,8,3,5,2,0,2
S01013210,Born outside the UK: Resident less than 2 years,0,0,0,0,0,0,0
S01013210,Born outside the UK: Resident 2 years or more and less than 5 years,1,0,0,0,1,0,1
S01013210,Born outside the UK: Resident 5 years or more and less than 10 years,0,0,0,0,0,0,0
S01013210,Born outside the UK: Resident 10 years or more,9,8,3,5,1,0,1
S01013211,All people in households,859,665,179,486,194,146,48
S01013211,Born in the UK,834,645,174,471,189,141,48
S01013211,Born outside the UK: Total,25,20,5,15,5,5,0
S01013211,Born outside the UK: Resident less than 2 years,2,2,1,1,0,0,0
S01013211,Born outside the UK: Resident 2 years or more and less than 5 years,4,2,0,2,2,2,0
S01013211,Born outside the UK: Resident 5 years or more and less than 10 years,6,5,0,5,1,1,0
S01013211,Born outside the UK: Resident 10 years or more,13,11,4,7,2,2,0
S01013212,All people in households,590,558,105,453,32,11,21
S01013212,Born in the UK,567,538,100,438,29,10,19
S01013212,Born outside the UK: Total,23,20,5,15,3,1,2
S01013212,Born outside the UK: Resident less than 2 years,0,0,0,0,0,0,0
S01013212,Born outside the UK: Resident 2 years or more and less than 5 years,1,0,0,0,1,1,0
S01013212,Born outside the UK: Resident 5 years or more and less than 10 years,5,5,4,1,0,0,0
S01013212,Born outside the UK: Resident 10 years or more,17,15,1,14,2,0,2
S01013213,All people in households,555,527,144,383,28,8,20
S01013213,Born in the UK,544,518,141,377,26,6,20
S01013213,Born outside the UK: Total,11,9,3,6,2,2,0
S01013213,Born outside the UK: Resident less than 2 years,0,0,0,0,0,0,0
S01013213,Born outside the UK: Resident 2 years or more and less than 5 years,0,0,0,0,0,0,0
S01013213,Born outside the UK: Resident 5 years or more and less than 10 years,2,1,0,1,1,1,0
S01013213,Born outside the UK: Resident 10 years or more,9,8,3,5,1,1,0
S01013214,All people in households,438,421,69,352,17,4,13
S01013214,Born in the UK,430,413,66,347,17,4,13
S01013214,Born outside the UK: Total,8,8,3,5,0,0,0
S01013214,Born outside the UK: Resident less than 2 years,0,0,0,0,0,0,0
S01013214,Born outside the UK: Resident 2 years or more and less than 5 years,0,0,0,0,0,0,0
S01013214,Born outside the UK: Resident 5 years or more and less than 10 years,0,0,0,0,0,0,0
S01013214,Born outside the UK: Resident 10 years or more,8,8,3,5,0,0,0
S01013215,All people in households,762,543,106,437,219,131,88
S01013215,Born in the UK,740,528,102,426,212,127,85
S01013215,Born outside the UK: Total,22,15,4,11,7,4,3
S01013215,Born outside the UK: Resident less than 2 years,0,0,0,0,0,0,0
S01013215,Born outside the UK: Resident 2 years or more and less than 5 years,4,1,0,1,3,0,3
S01013215,Born outside the UK: Resident 5 years or more and less than 10 years,1,1,1,0,0,0,0
S01013215,Born outside the UK: Resident 10 years or more,17,13,3,10,4,4,0
S01013216,All people in households,579,312,61,251,267,224,43
S01013216,Born in the UK,566,304,58,246,262,220,42
S01013216,Born outside the UK: Total,13,8,3,5,5,4,1
S01013216,Born outside the UK: Resident less than 2 years,0,0,0,0,0,0,0
S01013216,Born outside the UK: Resident 2 years or more and less than 5 years,2,1,0,1,1,1,0
S01013216,Born outside the UK: Resident 5 years or more and less than 10 years,1,1,0,1,0,0,0
S01013216,Born outside the UK: Resident 10 years or more,10,6,3,3,4,3,1
S01013217,All people in households,676,448,124,324,228,189,39
S01013217,Born in the UK,661,440,119,321,221,183,38
S01013217,Born outside the UK: Total,15,8,5,3,7,6,1
S01013217,Born outside the UK: Resident less than 2 years,0,0,0,0,0,0,0
S01013217,Born outside the UK: Resident 2 years or more and less than 5 years,2,1,0,1,1,1,0
S01013217,Born outside the UK: Resident 5 years or more and less than 10 years,0,0,0,0,0,0,0
S01013217,Born outside the UK: Resident 10 years or more,13,7,5,2,6,5,1
S01013218,All people in households,609,223,38,185,386,327,59
S01013218,Born in the UK,599,219,38,181,380,322,58
S01013218,Born outside the UK: Total,10,4,0,4,6,5,1
S01013218,Born outside the UK: Resident less than 2 years,0,0,0,0,0,0,0
S01013218,Born outside the UK: Resident 2 years or more and less than 5 years,3,0,0,0,3,3,0
S01013218,Born outside the UK: Resident 5 years or more and less than 10 years,2,1,0,1,1,1,0
S01013218,Born outside the UK: Resident 10 years or more,5,3,0,3,2,1,1
S01013219,All people in households,527,228,80,148,299,268,31
S01013219,Born in the UK,516,222,75,147,294,266,28
S01013219,Born outside the UK: Total,11,6,5,1,5,2,3
S01013219,Born outside the UK: Resident less than 2 years,1,0,0,0,1,0,1
S01013219,Born outside the UK: Resident 2 years or more and less than 5 years,1,0,0,0,1,0,1
S01013219,Born outside the UK: Resident 5 years or more and less than 10 years,2,0,0,0,2,1,1
S01013219,Born outside the UK: Resident 10 years or more,7,6,5,1,1,1,0
S01013220,All people in households,696,372,117,255,324,276,48
S01013220,Born in the UK,689,368,116,252,321,274,47
S01013220,Born outside the UK: Total,7,4,1,3,3,2,1
S01013220,Born outside the UK: Resident less than 2 years,2,2,0,2,0,0,0
S01013220,Born outside the UK: Resident 2 years or more and less than 5 years,1,0,0,0,1,1,0
S01013220,Born outside the UK: Resident 5 years or more and less than 10 years,1,0,0,0,1,1,0
S01013220,Born outside the UK: Resident 10 years or more,3,2,1,1,1,0,1
S01013221,All people in households,907,464,157,307,443,392,51
S01013221,Born in the UK,878,450,153,297,428,380,48
S01013221,Born outside the UK: Total,29,14,4,10,15,12,3
S01013221,Born outside the UK: Resident less than 2 years,3,3,0,3,0,0,0
S01013221,Born outside the UK: Resident 2 years or more and less than 5 years,4,1,0,1,3,3,0
S01013221,Born outside the UK: Resident 5 years or more and less than 10 years,2,0,0,0,2,2,0
S01013221,Born outside the UK: Resident 10 years or more,20,10,4,6,10,7,3
S01013222,All people in households,595,204,46,158,391,361,30
S01013222,Born in the UK,571,196,46,150,375,352,23
S01013222,Born outside the UK: Total,24,8,0,8,16,9,7
S01013222,Born outside the UK: Resident less than 2 years,3,2,0,2,1,1,0
S01013222,Born outside the UK: Resident 2 years or more and less than 5 years,3,0,0,0,3,3,0
S01013222,Born outside the UK: Resident 5 years or more and less than 10 years,7,3,0,3,4,2,2
S01013222,Born outside the UK: Resident 10 years or more,11,3,0,3,8,3,5
S01013223,All people in households,1113,580,154,426,533,400,133
S01013223,Born in the UK,1084,563,150,413,521,392,129
S01013223,Born outside the UK: Total,29,17,4,13,12,8,4
S01013223,Born outside the UK: Resident less than 2 years,4,2,0,2,2,0,2
S01013223,Born outside the UK: Resident 2 years or more and less than 5 years,7,5,1,4,2,2,0
S01013223,Born outside the UK: Resident 5 years or more and less than 10 years,5,3,0,3,2,1,1
S01013223,Born outside the UK: Resident 10 years or more,13,7,3,4,6,5,1
S01013224,All people in households,814,507,142,365,307,277,30
S01013224,Born in the UK,798,498,141,357,300,272,28
S01013224,Born outside the UK: Total,16,9,1,8,7,5,2
S01013224,Born outside the UK: Resident less than 2 years,0,0,0,0,0,0,0
S01013224,Born outside the UK: Resident 2 years or more and less than 5 years,0,0,0,0,0,0,0
S01013224,Born outside the UK: Resident 5 years or more and less than 10 years,3,2,0,2,1,0,1
S01013224,Born outside the UK: Resident 10 years or more,13,7,1,6,6,5,1
S01013225,All people in households,812,367,97,270,445,419,26
S01013225,Born in the UK,787,351,93,258,436,413,23
S01013225,Born outside the UK: Total,25,16,4,12,9,6,3
S01013225,Born outside the UK: Resident less than 2 years,0,0,0,0,0,0,0
S01013225,Born outside the UK: Resident 2 years or more and less than 5 years,3,3,0,3,0,0,0
S01013225,Born outside the UK: Resident 5 years or more and less than 10 years,3,1,0,1,2,0,2
S01013225,Born outside the UK: Resident 10 years or more,19,12,4,8,7,6,1
S01013226,All people in households,512,406,94,312,106,70,36
S01013226,Born in the UK,497,393,93,300,104,69,35
S01013226,Born outside the UK: Total,15,13,1,12,2,1,1
S01013226,Born outside the UK: Resident less than 2 years,3,3,0,3,0,0,0
S01013226,Born outside the UK: Resident 2 years or more and less than 5 years,0,0,0,0,0,0,0
S01013226,Born outside the UK: Resident 5 years or more and less than 10 years,0,0,0,0,0,0,0
S01013226,Born outside the UK: Resident 10 years or more,12,10,1,9,2,1,1
S01013227,All people in households,703,307,96,211,396,374,22
S01013227,Born in the UK,693,302,93,209,391,369,22
S01013227,Born outside the UK: Total,10,5,3,2,5,5,0
S01013227,Born outside the UK: Resident less than 2 years,1,0,0,0,1,1,0
S01013227,Born outside the UK: Resident 2 years or more and less than 5 years,1,1,1,0,0,0,0
S01013227,Born outside the UK: Resident 5 years or more and less than 10 years,0,0,0,0,0,0,0
S01013227,Born outside the UK: Resident 10 years or more,8,4,2,2,4,4,0
S01013228,All people in households,693,415,116,299,278,133,145
S01013228,Born in the UK,677,409,114,295,268,128,140
S01013228,Born outside the UK: Total,16,6,2,4,10,5,5
S01013228,Born outside the UK: Resident less than 2 years,3,0,0,0,3,3,0
S01013228,Born outside the UK: Resident 2 years or more and less than 5 years,2,0,0,0,2,1,1
S01013228,Born outside the UK: Resident 5 years or more and less than 10 years,4,1,0,1,3,1,2
S01013228,Born outside the UK: Resident 10 years or more,7,5,2,3,2,0,2
S01013229,All people in households,772,431,116,315,341,289,52
S01013229,Born in the UK,755,422,114,308,333,283,50
S01013229,Born outside the UK: Total,17,9,2,7,8,6,2
S01013229,Born outside the UK: Resident less than 2 years,0,0,0,0,0,0,0
S01013229,Born outside the UK: Resident 2 years or more and less than 5 years,2,1,0,1,1,1,0
S01013229,Born outside the UK: Resident 5 years or more and less than 10 years,3,2,0,2,1,1,0
S01013229,Born outside the UK: Resident 10 years or more,12,6,2,4,6,4,2
S01013230,All people in households,654,422,165,257,232,181,51
S01013230,Born in the UK,641,416,165,251,225,174,51
S01013230,Born outside the UK: Total,13,6,0,6,7,7,0
S01013230,Born outside the UK: Resident less than 2 years,0,0,0,0,0,0,0
S01013230,Born outside the UK: Resident 2 years or more and less than 5 years,7,3,0,3,4,4,0
S01013230,Born outside the UK: Resident 5 years or more and less than 10 years,2,1,0,1,1,1,0
S01013230,Born outside the UK: Resident 10 years or more,4,2,0,2,2,2,0
S01013231,All people in households,732,444,122,322,288,242,46
S01013231,Born in the UK,712,431,120,311,281,238,43
S01013231,Born outside the UK: Total,20,13,2,11,7,4,3
S01013231,Born outside the UK: Resident less than 2 years,2,1,0,1,1,0,1
S01013231,Born outside the UK: Resident 2 years or more and less than 5 years,0,0,0,0,0,0,0
S01013231,Born outside the UK: Resident 5 years or more and less than 10 years,4,1,0,1,3,3,0
S01013231,Born outside the UK: Resident 10 years or more,14,11,2,9,3,1,2
S01013232,All people in households,691,424,186,238,267,211,56
S01013232,Born in the UK,676,417,183,234,259,205,54
S01013232,Born outside the UK: Total,15,7,3,4,8,6,2
S01013232,Born outside the UK: Resident less than 2 years,1,1,0,1,0,0,0
S01013232,Born outside the UK: Resident 2 years or more and less than 5 years,3,1,0,1,2,0,2
S01013232,Born outside the UK: Resident 5 years or more and less than 10 years,0,0,0,0,0,0,0
S01013232,Born outside the UK: Resident 10 years or more,11,5,3,2,6,6,0
S01013233,All people in households,579,433,190,243,146,97,49
S01013233,Born in the UK,551,413,180,233,138,95,43
S01013233,Born outside the UK: Total,28,20,10,10,8,2,6
S01013233,Born outside the UK: Resident less than 2 years,5,2,0,2,3,0,3
S01013233,Born outside the UK: Resident 2 years or more and less than 5 years,3,2,2,0,1,0,1
S01013233,Born outside the UK: Resident 5 years or more and less than 10 years,2,1,0,1,1,0,1
S01013233,Born outside the UK: Resident 10 years or more,18,15,8,7,3,2,1
S01013234,All people in households,383,350,99,251,33,22,11
S01013234,Born in the UK,363,335,95,240,28,18,10
S01013234,Born outside the UK: Total,20,15,4,11,5,4,1
S01013234,Born outside the UK: Resident less than 2 years,0,0,0,0,0,0,0
S01013234,Born outside the UK: Resident 2 years or more and less than 5 years,0,0,0,0,0,0,0
S01013234,Born outside the UK: Resident 5 years or more and less than 10 years,9,9,1,8,0,0,0
S01013234,Born outside the UK: Resident 10 years or more,11,6,3,3,5,4,1
S01013235,All people in households,751,585,217,368,166,98,68
S01013235,Born in the UK,735,573,215,358,162,94,68
S01013235,Born outside the UK: Total,16,12,2,10,4,4,0
S01013235,Born outside the UK: Resident less than 2 years,0,0,0,0,0,0,0
S01013235,Born outside the UK: Resident 2 years or more and less than 5 years,0,0,0,0,0,0,0
S01013235,Born outside the UK: Resident 5 years or more and less than 10 years,5,4,0,4,1,1,0
S01013235,Born outside the UK: Resident 10 years or more,11,8,2,6,3,3,0
S01013236,All people in households,864,751,374,377,113,91,22
S01013236,Born in the UK,842,733,364,369,109,90,19
S01013236,Born outside the UK: Total,22,18,10,8,4,1,3
S01013236,Born outside the UK: Resident less than 2 years,2,0,0,0,2,0,2
S01013236,Born outside the UK: Resident 2 years or more and less than 5 years,1,1,1,0,0,0,0
S01013236,Born outside the UK: Resident 5 years or more and less than 10 years,1,1,1,0,0,0,0
S01013236,Born outside the UK: Resident 10 years or more,18,16,8,8,2,1,1
S01013237,All people in households,813,649,130,519,164,108,56
S01013237,Born in the UK,790,635,124,511,155,105,50
S01013237,Born outside the UK: Total,23,14,6,8,9,3,6
S01013237,Born outside the UK: Resident less than 2 years,2,0,0,0,2,1,1
S01013237,Born outside the UK: Resident 2 years or more and less than 5 years,2,0,0,0,2,0,2
S01013237,Born outside the UK: Resident 5 years or more and less than 10 years,6,4,2,2,2,0,2
S01013237,Born outside the UK: Resident 10 years or more,13,10,4,6,3,2,1
S01013238,All people in households,767,288,101,187,479,433,46
S01013238,Born in the UK,745,282,100,182,463,420,43
S01013238,Born outside the UK: Total,22,6,1,5,16,13,3
S01013238,Born outside the UK: Resident less than 2 years,0,0,0,0,0,0,0
S01013238,Born outside the UK: Resident 2 years or more and less than 5 years,6,0,0,0,6,6,0
S01013238,Born outside the UK: Resident 5 years or more and less than 10 years,2,1,1,0,1,0,1
S01013238,Born outside the UK: Resident 10 years or more,14,5,0,5,9,7,2
S01013239,All people in households,885,375,117,258,510,475,35
S01013239,Born in the UK,867,365,113,252,502,470,32
S01013239,Born outside the UK: Total,18,10,4,6,8,5,3
S01013239,Born outside the UK: Resident less than 2 years,2,0,0,0,2,0,2
S01013239,Born outside the UK: Resident 2 years or more and less than 5 years,0,0,0,0,0,0,0
S01013239,Born outside the UK: Resident 5 years or more and less than 10 years,4,3,0,3,1,0,1
S01013239,Born outside the UK: Resident 10 years or more,12,7,4,3,5,5,0
S01013240,All people in households,534,167,57,110,367,343,24
S01013240,Born in the UK,514,161,55,106,353,329,24
S01013240,Born outside the UK: Total,20,6,2,4,14,14,0
S01013240,Born outside the UK: Resident less than 2 years,0,0,0,0,0,0,0
S01013240,Born outside the UK: Resident 2 years or more and less than 5 years,4,3,0,3,1,1,0
S01013240,Born outside the UK: Resident 5 years or more and less than 10 years,7,0,0,0,7,7,0
S01013240,Born outside the UK: Resident 10 years or more,9,3,2,1,6,6,0
S01013241,All people in households,809,769,347,422,40,17,23
S01013241,Born in the UK,787,751,338,413,36,16,20
S01013241,Born outside the UK: Total,22,18,9,9,4,1,3
S01013241,Born outside the UK: Resident less than 2 years,4,3,1,2,1,0,1
S01013241,Born outside the UK: Resident 2 years or more and less than 5 years,0,0,0,0,0,0,0
S01013241,Born outside the UK: Resident 5 years or more and less than 10 years,3,1,0,1,2,0,2
S01013241,Born outside the UK: Resident 10 years or more,15,14,8,6,1,1,0
S01013242,All people in households,590,496,216,280,94,41,53
S01013242,Born in the UK,579,488,209,279,91,41,50
S01013242,Born outside the UK: Total,11,8,7,1,3,0,3
S01013242,Born outside the UK: Resident less than 2 years,0,0,0,0,0,0,0
S01013242,Born outside the UK: Resident 2 years or more and less than 5 years,0,0,0,0,0,0,0
S01013242,Born outside the UK: Resident 5 years or more and less than 10 years,3,0,0,0,3,0,3
S01013242,Born outside the UK: Resident 10 years or more,8,8,7,1,0,0,0
S01013243,All people in households,735,410,180,230,325,261,64
S01013243,Born in the UK,683,406,178,228,277,231,46
S01013243,Born outside the UK: Total,52,4,2,2,48,30,18
S01013243,Born outside the UK: Resident less than 2 years,6,0,0,0,6,2,4
S01013243,Born outside the UK: Resident 2 years or more and less than 5 years,27,1,0,1,26,15,11
S01013243,Born outside the UK: Resident 5 years or more and less than 10 years,15,0,0,0,15,13,2
S01013243,Born outside the UK: Resident 10 years or more,4,3,2,1,1,0,1
S01013244,All people in households,752,402,128,274,350,269,81
S01013244,Born in the UK,742,395,127,268,347,268,79
S01013244,Born outside the UK: Total,10,7,1,6,3,1,2
S01013244,Born outside the UK: Resident less than 2 years,0,0,0,0,0,0,0
S01013244,Born outside the UK: Resident 2 years or more and less than 5 years,0,0,0,0,0,0,0
S01013244,Born outside the UK: Resident 5 years or more and less than 10 years,2,1,0,1,1,1,0
S01013244,Born outside the UK: Resident 10 years or more,8,6,1,5,2,0,2
S01013245,All people in households,1009,744,225,519,265,171,94
S01013245,Born in the UK,989,730,218,512,259,167,92
S01013245,Born outside the UK: Total,20,14,7,7,6,4,2
S01013245,Born outside the UK: Resident less than 2 years,0,0,0,0,0,0,0
S01013245,Born outside the UK: Resident 2 years or more and less than 5 years,1,1,0,1,0,0,0
S01013245,Born outside the UK: Resident 5 years or more and less than 10 years,7,5,5,0,2,2,0
S01013245,Born outside the UK: Resident 10 years or more,12,8,2,6,4,2,2
S01013246,All people in households,467,339,58,281,128,93,35
S01013246,Born in the UK,462,334,58,276,128,93,35
S01013246,Born outside the UK: Total,5,5,0,5,0,0,0
S01013246,Born outside the UK: Resident less than 2 years,0,0,0,0,0,0,0
S01013246,Born outside the UK: Resident 2 years or more and less than 5 years,1,1,0,1,0,0,0
S01013246,Born outside the UK: Resident 5 years or more and less than 10 years,0,0,0,0,0,0,0
S01013246,Born outside the UK: Resident 10 years or more,4,4,0,4,0,0,0
S01013247,All people in households,741,380,107,273,361,271,90
S01013247,Born in the UK,726,370,104,266,356,267,89
S01013247,Born outside the UK: Total,15,10,3,7,5,4,1
S01013247,Born outside the UK: Resident less than 2 years,0,0,0,0,0,0,0
S01013247,Born outside the UK: Resident 2 years or more and less than 5 years,4,3,0,3,1,1,0
S01013247,Born outside the UK: Resident 5 years or more and less than 10 years,2,0,0,0,2,1,1
S01013247,Born outside the UK: Resident 10 years or more,9,7,3,4,2,2,0
S01013248,All people in households,629,268,101,167,361,296,65
S01013248,Born in the UK,613,265,99,166,348,284,64
S01013248,Born outside the UK: Total,16,3,2,1,13,12,1
S01013248,Born outside the UK: Resident less than 2 years,2,0,0,0,2,1,1
S01013248,Born outside the UK: Resident 2 years or more and less than 5 years,6,0,0,0,6,6,0
S01013248,Born outside the UK: Resident 5 years or more and less than 10 years,3,1,1,0,2,2,0
S01013248,Born outside the UK: Resident 10 years or more,5,2,1,1,3,3,0
S01013249,All people in households,460,331,96,235,129,99,30
S01013249,Born in the UK,456,329,95,234,127,98,29
S01013249,Born outside the UK: Total,4,2,1,1,2,1,1
S01013249,Born outside the UK: Resident less than 2 years,1,0,0,0,1,0,1
S01013249,Born outside the UK: Resident 2 years or more and less than 5 years,1,1,0,1,0,0,0
S01013249,Born outside the UK: Resident 5 years or more and less than 10 years,0,0,0,0,0,0,0
S01013249,Born outside the UK: Resident 10 years or more,2,1,1,0,1,1,0
S01013250,All people in households,864,576,221,355,288,184,104
S01013250,Born in the UK,824,547,208,339,277,179,98
S01013250,Born outside the UK: Total,40,29,13,16,11,5,6
S01013250,Born outside the UK: Resident less than 2 years,2,1,1,0,1,0,1
S01013250,Born outside the UK: Resident 2 years or more and less than 5 years,8,6,6,0,2,0,2
S01013250,Born outside the UK: Resident 5 years or more and less than 10 years,6,1,0,1,5,3,2
S01013250,Born outside the UK: Resident 10 years or more,24,21,6,15,3,2,1
S01013251,All people in households,780,231,65,166,549,471,78
S01013251,Born in the UK,754,224,64,160,530,455,75
S01013251,Born outside the UK: Total,26,7,1,6,19,16,3
S01013251,Born outside the UK: Resident less than 2 years,1,0,0,0,1,0,1
S01013251,Born outside the UK: Resident 2 years or more and less than 5 years,11,0,0,0,11,10,1
S01013251,Born outside the UK: Resident 5 years or more and less than 10 years,2,0,0,0,2,2,0
S01013251,Born outside the UK: Resident 10 years or more,12,7,1,6,5,4,1
S01013252,All people in households,680,420,117,303,260,222,38
S01013252,Born in the UK,656,405,112,293,251,217,34
S01013252,Born outside the UK: Total,24,15,5,10,9,5,4
S01013252,Born outside the UK: Resident less than 2 years,1,0,0,0,1,1,0
S01013252,Born outside the UK: Resident 2 years or more and less than 5 years,6,1,0,1,5,3,2
S01013252,Born outside the UK: Resident 5 years or more and less than 10 years,4,3,0,3,1,0,1
S01013252,Born outside the UK: Resident 10 years or more,13,11,5,6,2,1,1
S01013253,All people in households,708,462,136,326,246,163,83
S01013253,Born in the UK,690,448,135,313,242,161,81
S01013253,Born outside the UK: Total,18,14,1,13,4,2,2
S01013253,Born outside the UK: Resident less than 2 years,0,0,0,0,0,0,0
S01013253,Born outside the UK: Resident 2 years or more and less than 5 years,1,0,0,0,1,0,1
S01013253,Born outside the UK: Resident 5 years or more and less than 10 years,7,7,0,7,0,0,0
S01013253,Born outside the UK: Resident 10 years or more,10,7,1,6,3,2,1
S01013254,All people in households,633,268,57,211,365,333,32
S01013254,Born in the UK,615,261,55,206,354,324,30
S01013254,Born outside the UK: Total,18,7,2,5,11,9,2
S01013254,Born outside the UK: Resident less than 2 years,0,0,0,0,0,0,0
S01013254,Born outside the UK: Resident 2 years or more and less than 5 years,2,0,0,0,2,2,0
S01013254,Born outside the UK: Resident 5 years or more and less than 10 years,5,2,0,2,3,3,0
S01013254,Born outside the UK: Resident 10 years or more,11,5,2,3,6,4,2
S01013255,All people in households,840,544,217,327,296,263,33
S01013255,Born in the UK,809,519,209,310,290,257,33
S01013255,Born outside the UK: Total,31,25,8,17,6,6,0
S01013255,Born outside the UK: Resident less than 2 years,3,3,0,3,0,0,0
S01013255,Born outside the UK: Resident 2 years or more and less than 5 years,5,2,0,2,3,3,0
S01013255,Born outside the UK: Resident 5 years or more and less than 10 years,5,5,0,5,0,0,0
S01013255,Born outside the UK: Resident 10 years or more,18,15,8,7,3,3,0
S01013256,All people in households,710,493,118,375,217,116,101
S01013256,Born in the UK,687,478,115,363,209,111,98
S01013256,Born outside the UK: Total,23,15,3,12,8,5,3
S01013256,Born outside the UK: Resident less than 2 years,0,0,0,0,0,0,0
S01013256,Born outside the UK: Resident 2 years or more and less than 5 years,0,0,0,0,0,0,0
S01013256,Born outside the UK: Resident 5 years or more and less than 10 years,3,2,0,2,1,0,1
S01013256,Born outside the UK: Resident 10 years or more,20,13,3,10,7,5,2
S01013257,All people in households,803,489,209,280,314,239,75
S01013257,Born in the UK,779,479,207,272,300,230,70
S01013257,Born outside the UK: Total,24,10,2,8,14,9,5
S01013257,Born outside the UK: Resident less than 2 years,3,1,0,1,2,0,2
S01013257,Born outside the UK: Resident 2 years or more and less than 5 years,7,1,0,1,6,5,1
S01013257,Born outside the UK: Resident 5 years or more and less than 10 years,3,2,0,2,1,0,1
S01013257,Born outside the UK: Resident 10 years or more,11,6,2,4,5,4,1
S01013258,All people in households,759,627,238,389,132,87,45
S01013258,Born in the UK,734,610,232,378,124,84,40
S01013258,Born outside the UK: Total,25,17,6,11,8,3,5
S01013258,Born outside the UK: Resident less than 2 years,3,1,1,0,2,1,1
S01013258,Born outside the UK: Resident 2 years or more and less than 5 years,3,0,0,0,3,1,2
S01013258,Born outside the UK: Resident 5 years or more and less than 10 years,5,3,0,3,2,1,1
S01013258,Born outside the UK: Resident 10 years or more,14,13,5,8,1,0,1
S01013259,All people in households,841,530,190,340,311,196,115
S01013259,Born in the UK,820,517,190,327,303,192,111
S01013259,Born outside the UK: Total,21,13,0,13,8,4,4
S01013259,Born outside the UK: Resident less than 2 years,2,0,0,0,2,0,2
S01013259,Born outside the UK: Resident 2 years or more and less than 5 years,6,6,0,6,0,0,0
S01013259,Born outside the UK: Resident 5 years or more and less than 10 years,0,0,0,0,0,0,0
S01013259,Born outside the UK: Resident 10 years or more,13,7,0,7,6,4,2
S01013260,All people in households,887,404,118,286,483,408,75
S01013260,Born in the UK,867,395,115,280,472,398,74
S01013260,Born outside the UK: Total,20,9,3,6,11,10,1
S01013260,Born outside the UK: Resident less than 2 years,0,0,0,0,0,0,0
S01013260,Born outside the UK: Resident 2 years or more and less than 5 years,1,0,0,0,1,0,1
S01013260,Born outside the UK: Resident 5 years or more and less than 10 years,7,1,0,1,6,6,0
S01013260,Born outside the UK: Resident 10 years or more,12,8,3,5,4,4,0
S01013261,All people in households,812,433,132,301,379,318,61
S01013261,Born in the UK,799,428,131,297,371,312,59
S01013261,Born outside the UK: Total,13,5,1,4,8,6,2
S01013261,Born outside the UK: Resident less than 2 years,0,0,0,0,0,0,0
S01013261,Born outside the UK: Resident 2 years or more and less than 5 years,3,0,0,0,3,3,0
S01013261,Born outside the UK: Resident 5 years or more and less than 10 years,1,1,0,1,0,0,0
S01013261,Born outside the UK: Resident 10 years or more,9,4,1,3,5,3,2
S01013262,All people in households,642,401,158,243,241,193,48
S01013262,Born in the UK,611,394,156,238,217,181,36
S01013262,Born outside the UK: Total,31,7,2,5,24,12,12
S01013262,Born outside the UK: Resident less than 2 years,2,0,0,0,2,1,1
S01013262,Born outside the UK: Resident 2 years or more and less than 5 years,16,1,0,1,15,7,8
S01013262,Born outside the UK: Resident 5 years or more and less than 10 years,5,2,0,2,3,1,2
S01013262,Born outside the UK: Resident 10 years or more,8,4,2,2,4,3,1
S01013263,All people in households,557,487,175,312,70,6,64
S01013263,Born in the UK,539,469,170,299,70,6,64
S01013263,Born outside the UK: Total,18,18,5,13,0,0,0
S01013263,Born outside the UK: Resident less than 2 years,0,0,0,0,0,0,0
S01013263,Born outside the UK: Resident 2 years or more and less than 5 years,2,2,0,2,0,0,0
S01013263,Born outside the UK: Resident 5 years or more and less than 10 years,7,7,0,7,0,0,0
S01013263,Born outside the UK: Resident 10 years or more,9,9,5,4,0,0,0
S01013264,All people in households,524,502,88,414,22,0,22
S01013264,Born in the UK,502,484,85,399,18,0,18
S01013264,Born outside the UK: Total,22,18,3,15,4,0,4
S01013264,Born outside the UK: Resident less than 2 years,2,0,0,0,2,0,2
S01013264,Born outside the UK: Resident 2 years or more and less than 5 years,2,0,0,0,2,0,2
S01013264,Born outside the UK: Resident 5 years or more and less than 10 years,6,6,0,6,0,0,0
S01013264,Born outside the UK: Resident 10 years or more,12,12,3,9,0,0,0
S01013265,All people in households,675,656,97,559,19,7,12
S01013265,Born in the UK,610,600,88,512,10,5,5
S01013265,Born outside the UK: Total,65,56,9,47,9,2,7
S01013265,Born outside the UK: Resident less than 2 years,1,1,0,1,0,0,0
S01013265,Born outside the UK: Resident 2 years or more and less than 5 years,4,4,1,3,0,0,0
S01013265,Born outside the UK: Resident 5 years or more and less than 10 years,18,10,1,9,8,1,7
S01013265,Born outside the UK: Resident 10 years or more,42,41,7,34,1,1,0
S01013266,All people in households,566,530,99,431,36,1,35
S01013266,Born in the UK,539,503,97,406,36,1,35
S01013266,Born outside the UK: Total,27,27,2,25,0,0,0
S01013266,Born outside the UK: Resident less than 2 years,0,0,0,0,0,0,0
S01013266,Born outside the UK: Resident 2 years or more and less than 5 years,4,4,0,4,0,0,0
S01013266,Born outside the UK: Resident 5 years or more and less than 10 years,12,12,0,12,0,0,0
S01013266,Born outside the UK: Resident 10 years or more,11,11,2,9,0,0,0
S01013267,All people in households,544,294,81,213,250,220,30
S01013267,Born in the UK,524,276,79,197,248,218,30
S01013267,Born outside the UK: Total,20,18,2,16,2,2,0
S01013267,Born outside the UK: Resident less than 2 years,0,0,0,0,0,0,0
S01013267,Born outside the UK: Resident 2 years or more and less than 5 years,5,5,0,5,0,0,0
S01013267,Born outside the UK: Resident 5 years or more and less than 10 years,4,4,0,4,0,0,0
S01013267,Born outside the UK: Resident 10 years or more,11,9,2,7,2,2,0
S01013268,All people in households,839,668,141,527,171,106,65
S01013268,Born in the UK,790,634,136,498,156,102,54
S01013268,Born outside the UK: Total,49,34,5,29,15,4,11
S01013268,Born outside the UK: Resident less than 2 years,7,1,0,1,6,2,4
S01013268,Born outside the UK: Resident 2 years or more and less than 5 years,5,2,0,2,3,1,2
S01013268,Born outside the UK: Resident 5 years or more and less than 10 years,14,12,0,12,2,0,2
S01013268,Born outside the UK: Resident 10 years or more,23,19,5,14,4,1,3
S01013269,All people in households,949,788,194,594,161,23,138
S01013269,Born in the UK,857,745,179,566,112,18,94
S01013269,Born outside the UK: Total,92,43,15,28,49,5,44
S01013269,Born outside the UK: Resident less than 2 years,17,0,0,0,17,0,17
S01013269,Born outside the UK: Resident 2 years or more and less than 5 years,23,4,0,4,19,2,17
S01013269,Born outside the UK: Resident 5 years or more and less than 10 years,20,12,1,11,8,1,7
S01013269,Born outside the UK: Resident 10 years or more,32,27,14,13,5,2,3
S01013270,All people in households,829,803,145,658,26,7,19
S01013270,Born in the UK,788,766,140,626,22,7,15
S01013270,Born outside the UK: Total,41,37,5,32,4,0,4
S01013270,Born outside the UK: Resident less than 2 years,2,2,0,2,0,0,0
S01013270,Born outside the UK: Resident 2 years or more and less than 5 years,4,4,0,4,0,0,0
S01013270,Born outside the UK: Resident 5 years or more and less than 10 years,12,10,2,8,2,0,2
S01013270,Born outside the UK: Resident 10 years or more,23,21,3,18,2,0,2
S01013271,All people in households,597,572,247,325,25,0,25
S01013271,Born in the UK,563,545,233,312,18,0,18
S01013271,Born outside the UK: Total,34,27,14,13,7,0,7
S01013271,Born outside the UK: Resident less than 2 years,6,1,1,0,5,0,5
S01013271,Born outside the UK: Resident 2 years or more and less than 5 years,2,2,2,0,0,0,0
S01013271,Born outside the UK: Resident 5 years or more and less than 10 years,6,5,0,5,1,0,1
S01013271,Born outside the UK: Resident 10 years or more,20,19,11,8,1,0,1
S01013272,All people in households,777,738,164,574,39,15,24
S01013272,Born in the UK,753,717,155,562,36,13,23
S01013272,Born outside the UK: Total,24,21,9,12,3,2,1
S01013272,Born outside the UK: Resident less than 2 years,0,0,0,0,0,0,0
S01013272,Born outside the UK: Resident 2 years or more and less than 5 years,2,0,0,0,2,2,0
S01013272,Born outside the UK: Resident 5 years or more and less than 10 years,2,2,1,1,0,0,0
S01013272,Born outside the UK: Resident 10 years or more,20,19,8,11,1,0,1
S01013273,All people in households,939,898,87,811,41,8,33
S01013273,Born in the UK,882,842,78,764,40,8,32
S01013273,Born outside the UK: Total,57,56,9,47,1,0,1
S01013273,Born outside the UK: Resident less than 2 years,4,4,0,4,0,0,0
S01013273,Born outside the UK: Resident 2 years or more and less than 5 years,4,4,0,4,0,0,0
S01013273,Born outside the UK: Resident 5 years or more and less than 10 years,7,6,1,5,1,0,1
S01013273,Born outside the UK: Resident 10 years or more,42,42,8,34,0,0,0
S01013274,All people in households,793,713,216,497,80,2,78
S01013274,Born in the UK,758,692,210,482,66,1,65
S01013274,Born outside the UK: Total,35,21,6,15,14,1,13
S01013274,Born outside the UK: Resident less than 2 years,2,0,0,0,2,0,2
S01013274,Born outside the UK: Resident 2 years or more and less than 5 years,8,1,1,0,7,0,7
S01013274,Born outside the UK: Resident 5 years or more and less than 10 years,2,0,0,0,2,0,2
S01013274,Born outside the UK: Resident 10 years or more,23,20,5,15,3,1,2
S01013275,All people in households,671,595,183,412,76,2,74
S01013275,Born in the UK,628,565,172,393,63,2,61
S01013275,Born outside the UK: Total,43,30,11,19,13,0,13
S01013275,Born outside the UK: Resident less than 2 years,3,3,1,2,0,0,0
S01013275,Born outside the UK: Resident 2 years or more and less than 5 years,10,1,0,1,9,0,9
S01013275,Born outside the UK: Resident 5 years or more and less than 10 years,9,7,1,6,2,0,2
S01013275,Born outside the UK: Resident 10 years or more,21,19,9,10,2,0,2
S01013276,All people in households,611,550,128,422,61,16,45
S01013276,Born in the UK,592,535,124,411,57,15,42
S01013276,Born outside the UK: Total,19,15,4,11,4,1,3
S01013276,Born outside the UK: Resident less than 2 years,1,1,1,0,0,0,0
S01013276,Born outside the UK: Resident 2 years or more and less than 5 years,2,0,0,0,2,0,2
S01013276,Born outside the UK: Resident 5 years or more and less than 10 years,2,1,0,1,1,0,1
S01013276,Born outside the UK: Resident 10 years or more,14,13,3,10,1,1,0
S01013277,All people in households,889,593,131,462,296,171,125
S01013277,Born in the UK,823,555,123,432,268,168,100
S01013277,Born outside the UK: Total,66,38,8,30,28,3,25
S01013277,Born outside the UK: Resident less than 2 years,6,4,0,4,2,0,2
S01013277,Born outside the UK: Resident 2 years or more and less than 5 years,26,7,0,7,19,0,19
S01013277,Born outside the UK: Resident 5 years or more and less than 10 years,11,8,0,8,3,0,3
S01013277,Born outside the UK: Resident 10 years or more,23,19,8,11,4,3,1
S01013278,All people in households,781,418,96,322,363,251,112
S01013278,Born in the UK,732,393,87,306,339,246,93
S01013278,Born outside the UK: Total,49,25,9,16,24,5,19
S01013278,Born outside the UK: Resident less than 2 years,5,0,0,0,5,0,5
S01013278,Born outside the UK: Resident 2 years or more and less than 5 years,12,4,4,0,8,0,8
S01013278,Born outside the UK: Resident 5 years or more and less than 10 years,8,3,1,2,5,0,5
S01013278,Born outside the UK: Resident 10 years or more,24,18,4,14,6,5,1
S01013279,All people in households,740,300,76,224,440,346,94
S01013279,Born in the UK,679,278,74,204,401,326,75
S01013279,Born outside the UK: Total,61,22,2,20,39,20,19
S01013279,Born outside the UK: Resident less than 2 years,5,0,0,0,5,0,5
S01013279,Born outside the UK: Resident 2 years or more and less than 5 years,18,4,0,4,14,4,10
S01013279,Born outside the UK: Resident 5 years or more and less than 10 years,15,7,0,7,8,6,2
S01013279,Born outside the UK: Resident 10 years or more,23,11,2,9,12,10,2
S01013280,All people in households,585,466,117,349,119,54,65
S01013280,Born in the UK,525,424,112,312,101,54,47
S01013280,Born outside the UK: Total,60,42,5,37,18,0,18
S01013280,Born outside the UK: Resident less than 2 years,3,1,0,1,2,0,2
S01013280,Born outside the UK: Resident 2 years or more and less than 5 years,22,15,0,15,7,0,7
S01013280,Born outside the UK: Resident 5 years or more and less than 10 years,15,11,0,11,4,0,4
S01013280,Born outside the UK: Resident 10 years or more,20,15,5,10,5,0,5
S01013281,All people in households,963,539,110,429,424,255,169
S01013281,Born in the UK,883,502,103,399,381,248,133
S01013281,Born outside the UK: Total,80,37,7,30,43,7,36
S01013281,Born outside the UK: Resident less than 2 years,10,1,0,1,9,0,9
S01013281,Born outside the UK: Resident 2 years or more and less than 5 years,21,4,1,3,17,0,17
S01013281,Born outside the UK: Resident 5 years or more and less than 10 years,20,14,0,14,6,2,4
S01013281,Born outside the UK: Resident 10 years or more,29,18,6,12,11,5,6
S01013282,All people in households,827,342,58,284,485,372,113
S01013282,Born in the UK,756,313,48,265,443,351,92
S01013282,Born outside the UK: Total,71,29,10,19,42,21,21
S01013282,Born outside the UK: Resident less than 2 years,14,1,0,1,13,0,13
S01013282,Born outside the UK: Resident 2 years or more and less than 5 years,21,7,4,3,14,10,4
S01013282,Born outside the UK: Resident 5 years or more and less than 10 years,7,5,0,5,2,1,1
S01013282,Born outside the UK: Resident 10 years or more,29,16,6,10,13,10,3
S01013283,All people in households,642,230,47,183,412,162,250
S01013283,Born in the UK,504,201,44,157,303,148,155
S01013283,Born outside the UK: Total,138,29,3,26,109,14,95
S01013283,Born outside the UK: Resident less than 2 years,46,6,0,6,40,6,34
S01013283,Born outside the UK: Resident 2 years or more and less than 5 years,50,6,0,6,44,4,40
S01013283,Born outside the UK: Resident 5 years or more and less than 10 years,24,9,0,9,15,1,14
S01013283,Born outside the UK: Resident 10 years or more,18,8,3,5,10,3,7
S01013284,All people in households,651,567,138,429,84,11,73
S01013284,Born in the UK,620,547,136,411,73,11,62
S01013284,Born outside the UK: Total,31,20,2,18,11,0,11
S01013284,Born outside the UK: Resident less than 2 years,0,0,0,0,0,0,0
S01013284,Born outside the UK: Resident 2 years or more and less than 5 years,8,1,1,0,7,0,7
S01013284,Born outside the UK: Resident 5 years or more and less than 10 years,5,2,0,2,3,0,3
S01013284,Born outside the UK: Resident 10 years or more,18,17,1,16,1,0,1
S01013285,All people in households,656,560,135,425,96,16,80
S01013285,Born in the UK,626,540,132,408,86,16,70
S01013285,Born outside the UK: Total,30,20,3,17,10,0,10
S01013285,Born outside the UK: Resident less than 2 years,10,4,1,3,6,0,6
S01013285,Born outside the UK: Resident 2 years or more and less than 5 years,3,2,1,1,1,0,1
S01013285,Born outside the UK: Resident 5 years or more and less than 10 years,3,1,1,0,2,0,2
S01013285,Born outside the UK: Resident 10 years or more,14,13,0,13,1,0,1
S01013286,All people in households,667,592,159,433,75,20,55
S01013286,Born in the UK,636,574,153,421,62,19,43
S01013286,Born outside the UK: Total,31,18,6,12,13,1,12
S01013286,Born outside the UK: Resident less than 2 years,3,0,0,0,3,0,3
S01013286,Born outside the UK: Resident 2 years or more and less than 5 years,8,3,0,3,5,1,4
S01013286,Born outside the UK: Resident 5 years or more and less than 10 years,4,1,0,1,3,0,3
S01013286,Born outside the UK: Resident 10 years or more,16,14,6,8,2,0,2
S01013287,All people in households,784,750,174,576,34,11,23
S01013287,Born in the UK,760,729,166,563,31,10,21
S01013287,Born outside the UK: Total,24,21,8,13,3,1,2
S01013287,Born outside the UK: Resident less than 2 years,0,0,0,0,0,0,0
S01013287,Born outside the UK: Resident 2 years or more and less than 5 years,3,1,1,0,2,0,2
S01013287,Born outside the UK: Resident 5 years or more and less than 10 years,0,0,0,0,0,0,0
S01013287,Born outside the UK: Resident 10 years or more,21,20,7,13,1,1,0
S01013288,All people in households,660,488,193,295,172,107,65
S01013288,Born in the UK,640,479,189,290,161,102,59
S01013288,Born outside the UK: Total,20,9,4,5,11,5,6
S01013288,Born outside the UK: Resident less than 2 years,1,0,0,0,1,1,0
S01013288,Born outside the UK: Resident 2 years or more and less than 5 years,6,1,0,1,5,3,2
S01013288,Born outside the UK: Resident 5 years or more and less than 10 years,2,1,0,1,1,1,0
S01013288,Born outside the UK: Resident 10 years or more,11,7,4,3,4,0,4
S01013289,All people in households,760,659,266,393,101,19,82
S01013289,Born in the UK,708,620,244,376,88,16,72
S01013289,Born outside the UK: Total,52,39,22,17,13,3,10
S01013289,Born outside the UK: Resident less than 2 years,2,0,0,0,2,0,2
S01013289,Born outside the UK: Resident 2 years or more and less than 5 years,3,1,0,1,2,1,1
S01013289,Born outside the UK: Resident 5 years or more and less than 10 years,10,3,3,0,7,2,5
S01013289,Born outside the UK: Resident 10 years or more,37,35,19,16,2,0,2
S01013290,All people in households,911,741,159,582,170,81,89
S01013290,Born in the UK,856,708,154,554,148,77,71
S01013290,Born outside the UK: Total,55,33,5,28,22,4,18
S01013290,Born outside the UK: Resident less than 2 years,3,1,0,1,2,0,2
S01013290,Born outside the UK: Resident 2 years or more and less than 5 years,10,2,0,2,8,0,8
S01013290,Born outside the UK: Resident 5 years or more and less than 10 years,9,5,0,5,4,0,4
S01013290,Born outside the UK: Resident 10 years or more,33,25,5,20,8,4,4
S01013291,All people in households,724,664,92,572,60,26,34
S01013291,Born in the UK,693,636,89,547,57,24,33
S01013291,Born outside the UK: Total,31,28,3,25,3,2,1
S01013291,Born outside the UK: Resident less than 2 years,1,0,0,0,1,1,0
S01013291,Born outside the UK: Resident 2 years or more and less than 5 years,0,0,0,0,0,0,0
S01013291,Born outside the UK: Resident 5 years or more and less than 10 years,10,10,1,9,0,0,0
S01013291,Born outside the UK: Resident 10 years or more,20,18,2,16,2,1,1
S01013292,All people in households,723,651,217,434,72,19,53
S01013292,Born in the UK,702,633,212,421,69,19,50
S01013292,Born outside the UK: Total,21,18,5,13,3,0,3
S01013292,Born outside the UK: Resident less than 2 years,0,0,0,0,0,0,0
S01013292,Born outside the UK: Resident 2 years or more and less than 5 years,2,1,0,1,1,0,1
S01013292,Born outside the UK: Resident 5 years or more and less than 10 years,2,1,0,1,1,0,1
S01013292,Born outside the UK: Resident 10 years or more,17,16,5,11,1,0,1
S01013293,All people in households,714,704,199,505,10,1,9
S01013293,Born in the UK,694,684,191,493,10,1,9
S01013293,Born outside the UK: Total,20,20,8,12,0,0,0
S01013293,Born outside the UK: Resident less than 2 years,0,0,0,0,0,0,0
S01013293,Born outside the UK: Resident 2 years or more and less than 5 years,3,3,0,3,0,0,0
S01013293,Born outside the UK: Resident 5 years or more and less than 10 years,3,3,1,2,0,0,0
S01013293,Born outside the UK: Resident 10 years or more,14,14,7,7,0,0,0
S01013294,All people in households,729,617,153,464,112,73,39
S01013294,Born in the UK,701,591,144,447,110,72,38
S01013294,Born outside the UK: Total,28,26,9,17,2,1,1
S01013294,Born outside the UK: Resident less than 2 years,0,0,0,0,0,0,0
S01013294,Born outside the UK: Resident 2 years or more and less than 5 years,3,1,0,1,2,1,1
S01013294,Born outside the UK: Resident 5 years or more and less than 10 years,9,9,0,9,0,0,0
S01013294,Born outside the UK: Resident 10 years or more,16,16,9,7,0,0,0
S01013295,All people in households,746,655,199,456,91,14,77
S01013295,Born in the UK,715,632,194,438,83,14,69
S01013295,Born outside the UK: Total,31,23,5,18,8,0,8
S01013295,Born outside the UK: Resident less than 2 years,2,0,0,0,2,0,2
S01013295,Born outside the UK: Resident 2 years or more and less than 5 years,4,2,0,2,2,0,2
S01013295,Born outside the UK: Resident 5 years or more and less than 10 years,1,1,0,1,0,0,0
S01013295,Born outside the UK: Resident 10 years or more,24,20,5,15,4,0,4
S01013296,All people in households,712,369,147,222,343,308,35
S01013296,Born in the UK,688,357,143,214,331,301,30
S01013296,Born outside the UK: Total,24,12,4,8,12,7,5
S01013296,Born outside the UK: Resident less than 2 years,2,0,0,0,2,0,2
S01013296,Born outside the UK: Resident 2 years or more and less than 5 years,3,1,1,0,2,0,2
S01013296,Born outside the UK: Resident 5 years or more and less than 10 years,2,1,0,1,1,0,1
S01013296,Born outside the UK: Resident 10 years or more,17,10,3,7,7,7,0
S01013297,All people in households,688,503,180,323,185,119,66
S01013297,Born in the UK,655,482,172,310,173,115,58
S01013297,Born outside the UK: Total,33,21,8,13,12,4,8
S01013297,Born outside the UK: Resident less than 2 years,1,1,0,1,0,0,0
S01013297,Born outside the UK: Resident 2 years or more and less than 5 years,6,2,2,0,4,1,3
S01013297,Born outside the UK: Resident 5 years or more and less than 10 years,7,3,0,3,4,1,3
S01013297,Born outside the UK: Resident 10 years or more,19,15,6,9,4,2,2
S01013298,All people in households,668,454,168,286,214,97,117
S01013298,Born in the UK,640,444,165,279,196,97,99
S01013298,Born outside the UK: Total,28,10,3,7,18,0,18
S01013298,Born outside the UK: Resident less than 2 years,8,0,0,0,8,0,8
S01013298,Born outside the UK: Resident 2 years or more and less than 5 years,4,1,0,1,3,0,3
S01013298,Born outside the UK: Resident 5 years or more and less than 10 years,2,0,0,0,2,0,2
S01013298,Born outside the UK: Resident 10 years or more,14,9,3,6,5,0,5
S01013299,All people in households,1019,709,181,528,310,236,74
S01013299,Born in the UK,990,692,175,517,298,228,70
S01013299,Born outside the UK: Total,29,17,6,11,12,8,4
S01013299,Born outside the UK: Resident less than 2 years,2,1,0,1,1,0,1
S01013299,Born outside the UK: Resident 2 years or more and less than 5 years,4,3,0,3,1,1,0
S01013299,Born outside the UK: Resident 5 years or more and less than 10 years,7,5,2,3,2,1,1
S01013299,Born outside the UK: Resident 10 years or more,16,8,4,4,8,6,2
S01013300,All people in households,552,354,132,222,198,138,60
S01013300,Born in the UK,519,337,129,208,182,132,50
S01013300,Born outside the UK: Total,33,17,3,14,16,6,10
S01013300,Born outside the UK: Resident less than 2 years,5,0,0,0,5,1,4
S01013300,Born outside the UK: Resident 2 years or more and less than 5 years,5,3,0,3,2,0,2
S01013300,Born outside the UK: Resident 5 years or more and less than 10 years,6,1,1,0,5,3,2
S01013300,Born outside the UK: Resident 10 years or more,17,13,2,11,4,2,2
S01013301,All people in households,481,291,88,203,190,131,59
S01013301,Born in the UK,462,286,86,200,176,129,47
S01013301,Born outside the UK: Total,19,5,2,3,14,2,12
S01013301,Born outside the UK: Resident less than 2 years,3,1,0,1,2,0,2
S01013301,Born outside the UK: Resident 2 years or more and less than 5 years,7,0,0,0,7,1,6
S01013301,Born outside the UK: Resident 5 years or more and less than 10 years,5,3,2,1,2,0,2
S01013301,Born outside the UK: Resident 10 years or more,4,1,0,1,3,1,2
S01013302,All people in households,614,514,193,321,100,44,56
S01013302,Born in the UK,588,503,191,312,85,43,42
S01013302,Born outside the UK: Total,26,11,2,9,15,1,14
S01013302,Born outside the UK: Resident less than 2 years,4,1,0,1,3,0,3
S01013302,Born outside the UK: Resident 2 years or more and less than 5 years,7,1,0,1,6,0,6
S01013302,Born outside the UK: Resident 5 years or more and less than 10 years,5,1,0,1,4,0,4
S01013302,Born outside the UK: Resident 10 years or more,10,8,2,6,2,1,1
S01013303,All people in households,881,710,240,470,171,105,66
S01013303,Born in the UK,815,679,230,449,136,102,34
S01013303,Born outside the UK: Total,66,31,10,21,35,3,32
S01013303,Born outside the UK: Resident less than 2 years,17,4,1,3,13,0,13
S01013303,Born outside the UK: Resident 2 years or more and less than 5 years,19,4,0,4,15,0,15
S01013303,Born outside the UK: Resident 5 years or more and less than 10 years,3,2,0,2,1,0,1
S01013303,Born outside the UK: Resident 10 years or more,27,21,9,12,6,3,3
S01013304,All people in households,929,402,92,310,527,407,120
S01013304,Born in the UK,842,383,91,292,459,391,68
S01013304,Born outside the UK: Total,87,19,1,18,68,16,52
S01013304,Born outside the UK: Resident less than 2 years,17,1,0,1,16,6,10
S01013304,Born outside the UK: Resident 2 years or more and less than 5 years,40,10,0,10,30,1,29
S01013304,Born outside the UK: Resident 5 years or more and less than 10 years,21,4,0,4,17,7,10
S01013304,Born outside the UK: Resident 10 years or more,9,4,1,3,5,2,3
S01013305,All people in households,952,491,116,375,461,285,176
S01013305,Born in the UK,814,459,109,350,355,270,85
S01013305,Born outside the UK: Total,138,32,7,25,106,15,91
S01013305,Born outside the UK: Resident less than 2 years,31,0,0,0,31,0,31
S01013305,Born outside the UK: Resident 2 years or more and less than 5 years,51,3,0,3,48,4,44
S01013305,Born outside the UK: Resident 5 years or more and less than 10 years,33,10,0,10,23,8,15
S01013305,Born outside the UK: Resident 10 years or more,23,19,7,12,4,3,1
S01013306,All people in households,920,167,36,131,753,653,100
S01013306,Born in the UK,862,157,35,122,705,633,72
S01013306,Born outside the UK: Total,58,10,1,9,48,20,28
S01013306,Born outside the UK: Resident less than 2 years,15,0,0,0,15,3,12
S01013306,Born outside the UK: Resident 2 years or more and less than 5 years,11,2,0,2,9,4,5
S01013306,Born outside the UK: Resident 5 years or more and less than 10 years,8,0,0,0,8,0,8
S01013306,Born outside the UK: Resident 10 years or more,24,8,1,7,16,13,3
S01013307,All people in households,1047,332,74,258,715,559,156
S01013307,Born in the UK,878,297,72,225,581,527,54
S01013307,Born outside the UK: Total,169,35,2,33,134,32,102
S01013307,Born outside the UK: Resident less than 2 years,32,4,1,3,28,1,27
S01013307,Born outside the UK: Resident 2 years or more and less than 5 years,69,7,0,7,62,9,53
S01013307,Born outside the UK: Resident 5 years or more and less than 10 years,40,14,0,14,26,5,21
S01013307,Born outside the UK: Resident 10 years or more,28,10,1,9,18,17,1
S01013308,All people in households,943,189,60,129,754,696,58
S01013308,Born in the UK,882,166,54,112,716,671,45
S01013308,Born outside the UK: Total,61,23,6,17,38,25,13
S01013308,Born outside the UK: Resident less than 2 years,8,0,0,0,8,3,5
S01013308,Born outside the UK: Resident 2 years or more and less than 5 years,21,8,0,8,13,9,4
S01013308,Born outside the UK: Resident 5 years or more and less than 10 years,17,7,2,5,10,8,2
S01013308,Born outside the UK: Resident 10 years or more,15,8,4,4,7,5,2
S01013309,All people in households,618,455,93,362,163,34,129
S01013309,Born in the UK,564,434,90,344,130,33,97
S01013309,Born outside the UK: Total,54,21,3,18,33,1,32
S01013309,Born outside the UK: Resident less than 2 years,13,2,0,2,11,0,11
S01013309,Born outside the UK: Resident 2 years or more and less than 5 years,14,4,0,4,10,1,9
S01013309,Born outside the UK: Resident 5 years or more and less than 10 years,7,1,0,1,6,0,6
S01013309,Born outside the UK: Resident 10 years or more,20,14,3,11,6,0,6
S01013310,All people in households,649,412,97,315,237,158,79
S01013310,Born in the UK,603,394,96,298,209,156,53
S01013310,Born outside the UK: Total,46,18,1,17,28,2,26
S01013310,Born outside the UK: Resident less than 2 years,7,3,0,3,4,1,3
S01013310,Born outside the UK: Resident 2 years or more and less than 5 years,14,1,0,1,13,0,13
S01013310,Born outside the UK: Resident 5 years or more and less than 10 years,18,8,0,8,10,0,10
S01013310,Born outside the UK: Resident 10 years or more,7,6,1,5,1,1,0
S01013311,All people in households,801,439,117,322,362,219,143
S01013311,Born in the UK,763,423,109,314,340,213,127
S01013311,Born outside the UK: Total,38,16,8,8,22,6,16
S01013311,Born outside the UK: Resident less than 2 years,4,2,0,2,2,0,2
S01013311,Born outside the UK: Resident 2 years or more and less than 5 years,12,2,2,0,10,0,10
S01013311,Born outside the UK: Resident 5 years or more and less than 10 years,9,1,1,0,8,4,4
S01013311,Born outside the UK: Resident 10 years or more,13,11,5,6,2,2,0
S01013312,All people in households,1042,543,156,387,499,376,123
S01013312,Born in the UK,945,503,144,359,442,362,80
S01013312,Born outside the UK: Total,97,40,12,28,57,14,43
S01013312,Born outside the UK: Resident less than 2 years,20,3,2,1,17,1,16
S01013312,Born outside the UK: Resident 2 years or more and less than 5 years,33,9,4,5,24,5,19
S01013312,Born outside the UK: Resident 5 years or more and less than 10 years,14,7,0,7,7,2,5
S01013312,Born outside the UK: Resident 10 years or more,30,21,6,15,9,6,3
S01013313,All people in households,692,378,126,252,314,191,123
S01013313,Born in the UK,596,342,120,222,254,180,74
S01013313,Born outside the UK: Total,96,36,6,30,60,11,49
S01013313,Born outside the UK: Resident less than 2 years,12,1,0,1,11,0,11
S01013313,Born outside the UK: Resident 2 years or more and less than 5 years,47,12,0,12,35,6,29
S01013313,Born outside the UK: Resident 5 years or more and less than 10 years,15,7,0,7,8,0,8
S01013313,Born outside the UK: Resident 10 years or more,22,16,6,10,6,5,1
S01013314,All people in households,670,362,140,222,308,223,85
S01013314,Born in the UK,612,343,131,212,269,211,58
S01013314,Born outside the UK: Total,58,19,9,10,39,12,27
S01013314,Born outside the UK: Resident less than 2 years,7,0,0,0,7,2,5
S01013314,Born outside the UK: Resident 2 years or more and less than 5 years,20,0,0,0,20,6,14
S01013314,Born outside the UK: Resident 5 years or more and less than 10 years,9,1,1,0,8,0,8
S01013314,Born outside the UK: Resident 10 years or more,22,18,8,10,4,4,0
S01013315,All people in households,567,523,75,448,44,6,38
S01013315,Born in the UK,528,490,68,422,38,6,32
S01013315,Born outside the UK: Total,39,33,7,26,6,0,6
S01013315,Born outside the UK: Resident less than 2 years,3,0,0,0,3,0,3
S01013315,Born outside the UK: Resident 2 years or more and less than 5 years,8,6,1,5,2,0,2
S01013315,Born outside the UK: Resident 5 years or more and less than 10 years,6,5,0,5,1,0,1
S01013315,Born outside the UK: Resident 10 years or more,22,22,6,16,0,0,0
S01013316,All people in households,663,546,239,307,117,78,39
S01013316,Born in the UK,644,532,234,298,112,76,36
S01013316,Born outside the UK: Total,19,14,5,9,5,2,3
S01013316,Born outside the UK: Resident less than 2 years,0,0,0,0,0,0,0
S01013316,Born outside the UK: Resident 2 years or more and less than 5 years,3,1,0,1,2,0,2
S01013316,Born outside the UK: Resident 5 years or more and less than 10 years,1,1,0,1,0,0,0
S01013316,Born outside the UK: Resident 10 years or more,15,12,5,7,3,2,1
S01013317,All people in households,521,450,152,298,71,2,69
S01013317,Born in the UK,505,444,151,293,61,1,60
S01013317,Born outside the UK: Total,16,6,1,5,10,1,9
S01013317,Born outside the UK: Resident less than 2 years,1,0,0,0,1,0,1
S01013317,Born outside the UK: Resident 2 years or more and less than 5 years,2,1,0,1,1,0,1
S01013317,Born outside the UK: Resident 5 years or more and less than 10 years,9,2,0,2,7,1,6
S01013317,Born outside the UK: Resident 10 years or more,4,3,1,2,1,0,1
S01013318,All people in households,612,535,102,433,77,14,63
S01013318,Born in the UK,559,504,91,413,55,11,44
S01013318,Born outside the UK: Total,53,31,11,20,22,3,19
S01013318,Born outside the UK: Resident less than 2 years,6,1,0,1,5,0,5
S01013318,Born outside the UK: Resident 2 years or more and less than 5 years,18,7,4,3,11,1,10
S01013318,Born outside the UK: Resident 5 years or more and less than 10 years,11,6,1,5,5,1,4
S01013318,Born outside the UK: Resident 10 years or more,18,17,6,11,1,1,0
S01013319,All people in households,570,426,71,355,144,102,42
S01013319,Born in the UK,531,413,66,347,118,94,24
S01013319,Born outside the UK: Total,39,13,5,8,26,8,18
S01013319,Born outside the UK: Resident less than 2 years,3,1,0,1,2,0,2
S01013319,Born outside the UK: Resident 2 years or more and less than 5 years,7,0,0,0,7,0,7
S01013319,Born outside the UK: Resident 5 years or more and less than 10 years,7,1,0,1,6,0,6
S01013319,Born outside the UK: Resident 10 years or more,22,11,5,6,11,8,3
S01013320,All people in households,1040,859,104,755,181,36,145
S01013320,Born in the UK,929,799,97,702,130,27,103
S01013320,Born outside the UK: Total,111,60,7,53,51,9,42
S01013320,Born outside the UK: Resident less than 2 years,20,2,0,2,18,1,17
S01013320,Born outside the UK: Resident 2 years or more and less than 5 years,31,10,3,7,21,6,15
S01013320,Born outside the UK: Resident 5 years or more and less than 10 years,29,20,1,19,9,1,8
S01013320,Born outside the UK: Resident 10 years or more,31,28,3,25,3,1,2
S01013321,All people in households,423,233,48,185,190,147,43
S01013321,Born in the UK,400,219,48,171,181,142,39
S01013321,Born outside the UK: Total,23,14,0,14,9,5,4
S01013321,Born outside the UK: Resident less than 2 years,2,0,0,0,2,1,1
S01013321,Born outside the UK: Resident 2 years or more and less than 5 years,6,5,0,5,1,0,1
S01013321,Born outside the UK: Resident 5 years or more and less than 10 years,3,3,0,3,0,0,0
S01013321,Born outside the UK: Resident 10 years or more,12,6,0,6,6,4,2
S01013322,All people in households,724,520,103,417,204,149,55
S01013322,Born in the UK,691,497,97,400,194,147,47
S01013322,Born outside the UK: Total,33,23,6,17,10,2,8
S01013322,Born outside the UK: Resident less than 2 years,3,1,0,1,2,0,2
S01013322,Born outside the UK: Resident 2 years or more and less than 5 years,5,4,0,4,1,0,1
S01013322,Born outside the UK: Resident 5 years or more and less than 10 years,7,2,0,2,5,1,4
S01013322,Born outside the UK: Resident 10 years or more,18,16,6,10,2,1,1
S01013323,All people in households,947,509,107,402,438,345,93
S01013323,Born in the UK,871,471,105,366,400,341,59
S01013323,Born outside the UK: Total,76,38,2,36,38,4,34
S01013323,Born outside the UK: Resident less than 2 years,10,1,0,1,9,0,9
S01013323,Born outside the UK: Resident 2 years or more and less than 5 years,19,4,0,4,15,0,15
S01013323,Born outside the UK: Resident 5 years or more and less than 10 years,22,14,0,14,8,0,8
S01013323,Born outside the UK: Resident 10 years or more,25,19,2,17,6,4,2
S01013324,All people in households,649,270,55,215,379,331,48
S01013324,Born in the UK,585,243,49,194,342,315,27
S01013324,Born outside the UK: Total,64,27,6,21,37,16,21
S01013324,Born outside the UK: Resident less than 2 years,11,1,0,1,10,0,10
S01013324,Born outside the UK: Resident 2 years or more and less than 5 years,8,1,1,0,7,1,6
S01013324,Born outside the UK: Resident 5 years or more and less than 10 years,17,10,0,10,7,3,4
S01013324,Born outside the UK: Resident 10 years or more,28,15,5,10,13,12,1
S01013325,All people in households,905,166,25,141,739,696,43
S01013325,Born in the UK,862,153,25,128,709,677,32
S01013325,Born outside the UK: Total,43,13,0,13,30,19,11
S01013325,Born outside the UK: Resident less than 2 years,5,2,0,2,3,1,2
S01013325,Born outside the UK: Resident 2 years or more and less than 5 years,15,4,0,4,11,6,5
S01013325,Born outside the UK: Resident 5 years or more and less than 10 years,11,3,0,3,8,5,3
S01013325,Born outside the UK: Resident 10 years or more,12,4,0,4,8,7,1
S01013326,All people in households,541,248,47,201,293,202,91
S01013326,Born in the UK,486,227,46,181,259,197,62
S01013326,Born outside the UK: Total,55,21,1,20,34,5,29
S01013326,Born outside the UK: Resident less than 2 years,7,1,0,1,6,0,6
S01013326,Born outside the UK: Resident 2 years or more and less than 5 years,18,3,0,3,15,0,15
S01013326,Born outside the UK: Resident 5 years or more and less than 10 years,10,3,0,3,7,0,7
S01013326,Born outside the UK: Resident 10 years or more,20,14,1,13,6,5,1
S01013327,All people in households,697,306,78,228,391,316,75
S01013327,Born in the UK,648,277,76,201,371,309,62
S01013327,Born outside the UK: Total,49,29,2,27,20,7,13
S01013327,Born outside the UK: Resident less than 2 years,6,2,0,2,4,1,3
S01013327,Born outside the UK: Resident 2 years or more and less than 5 years,21,14,0,14,7,0,7
S01013327,Born outside the UK: Resident 5 years or more and less than 10 years,10,6,0,6,4,1,3
S01013327,Born outside the UK: Resident 10 years or more,12,7,2,5,5,5,0
S01013328,All people in households,652,255,40,215,397,315,82
S01013328,Born in the UK,614,239,37,202,375,308,67
S01013328,Born outside the UK: Total,38,16,3,13,22,7,15
S01013328,Born outside the UK: Resident less than 2 years,3,1,0,1,2,0,2
S01013328,Born outside the UK: Resident 2 years or more and less than 5 years,6,1,0,1,5,0,5
S01013328,Born outside the UK: Resident 5 years or more and less than 10 years,11,5,0,5,6,0,6
S01013328,Born outside the UK: Resident 10 years or more,18,9,3,6,9,7,2
S01013329,All people in households,538,309,103,206,229,169,60
S01013329,Born in the UK,510,295,101,194,215,163,52
S01013329,Born outside the UK: Total,28,14,2,12,14,6,8
S01013329,Born outside the UK: Resident less than 2 years,7,3,0,3,4,0,4
S01013329,Born outside the UK: Resident 2 years or more and less than 5 years,10,6,0,6,4,1,3
S01013329,Born outside the UK: Resident 5 years or more and less than 10 years,2,1,0,1,1,0,1
S01013329,Born outside the UK: Resident 10 years or more,9,4,2,2,5,5,0
S01013330,All people in households,1051,756,113,643,295,69,226
S01013330,Born in the UK,941,699,104,595,242,68,174
S01013330,Born outside the UK: Total,110,57,9,48,53,1,52
S01013330,Born outside the UK: Resident less than 2 years,15,4,3,1,11,0,11
S01013330,Born outside the UK: Resident 2 years or more and less than 5 years,38,11,0,11,27,0,27
S01013330,Born outside the UK: Resident 5 years or more and less than 10 years,24,12,1,11,12,1,11
S01013330,Born outside the UK: Resident 10 years or more,33,30,5,25,3,0,3
S01013331,All people in households,647,451,55,396,196,19,177
S01013331,Born in the UK,524,399,48,351,125,12,113
S01013331,Born outside the UK: Total,123,52,7,45,71,7,64
S01013331,Born outside the UK: Resident less than 2 years,20,2,0,2,18,5,13
S01013331,Born outside the UK: Resident 2 years or more and less than 5 years,35,1,0,1,34,2,32
S01013331,Born outside the UK: Resident 5 years or more and less than 10 years,28,16,1,15,12,0,12
S01013331,Born outside the UK: Resident 10 years or more,40,33,6,27,7,0,7
S01013332,All people in households,673,446,114,332,227,131,96
S01013332,Born in the UK,636,427,108,319,209,127,82
S01013332,Born outside the UK: Total,37,19,6,13,18,4,14
S01013332,Born outside the UK: Resident less than 2 years,8,1,0,1,7,0,7
S01013332,Born outside the UK: Resident 2 years or more and less than 5 years,8,3,0,3,5,0,5
S01013332,Born outside the UK: Resident 5 years or more and less than 10 years,1,1,0,1,0,0,0
S01013332,Born outside the UK: Resident 10 years or more,20,14,6,8,6,4,2
S01013333,All people in households,826,660,135,525,166,74,92
S01013333,Born in the UK,765,617,123,494,148,72,76
S01013333,Born outside the UK: Total,61,43,12,31,18,2,16
S01013333,Born outside the UK: Resident less than 2 years,10,5,2,3,5,0,5
S01013333,Born outside the UK: Resident 2 years or more and less than 5 years,7,3,0,3,4,0,4
S01013333,Born outside the UK: Resident 5 years or more and less than 10 years,13,9,2,7,4,0,4
S01013333,Born outside the UK: Resident 10 years or more,31,26,8,18,5,2,3
S01013334,All people in households,784,383,77,306,401,306,95
S01013334,Born in the UK,737,363,74,289,374,298,76
S01013334,Born outside the UK: Total,47,20,3,17,27,8,19
S01013334,Born outside the UK: Resident less than 2 years,14,1,0,1,13,0,13
S01013334,Born outside the UK: Resident 2 years or more and less than 5 years,9,4,0,4,5,0,5
S01013334,Born outside the UK: Resident 5 years or more and less than 10 years,8,4,0,4,4,4,0
S01013334,Born outside the UK: Resident 10 years or more,16,11,3,8,5,4,1
S01013335,All people in households,825,298,62,236,527,480,47
S01013335,Born in the UK,764,272,57,215,492,461,31
S01013335,Born outside the UK: Total,61,26,5,21,35,19,16
S01013335,Born outside the UK: Resident less than 2 years,7,1,0,1,6,0,6
S01013335,Born outside the UK: Resident 2 years or more and less than 5 years,19,6,1,5,13,5,8
S01013335,Born outside the UK: Resident 5 years or more and less than 10 years,10,2,0,2,8,6,2
S01013335,Born outside the UK: Resident 10 years or more,25,17,4,13,8,8,0
S01013336,All people in households,863,270,67,203,593,489,104
S01013336,Born in the UK,796,247,65,182,549,479,70
S01013336,Born outside the UK: Total,67,23,2,21,44,10,34
S01013336,Born outside the UK: Resident less than 2 years,8,1,0,1,7,0,7
S01013336,Born outside the UK: Resident 2 years or more and less than 5 years,25,2,0,2,23,1,22
S01013336,Born outside the UK: Resident 5 years or more and less than 10 years,14,8,0,8,6,1,5
S01013336,Born outside the UK: Resident 10 years or more,20,12,2,10,8,8,0
S01013337,All people in households,950,802,258,544,148,72,76
S01013337,Born in the UK,871,751,242,509,120,70,50
S01013337,Born outside the UK: Total,79,51,16,35,28,2,26
S01013337,Born outside the UK: Resident less than 2 years,10,0,0,0,10,0,10
S01013337,Born outside the UK: Resident 2 years or more and less than 5 years,15,6,0,6,9,0,9
S01013337,Born outside the UK: Resident 5 years or more and less than 10 years,13,8,0,8,5,0,5
S01013337,Born outside the UK: Resident 10 years or more,41,37,16,21,4,2,2
S01013338,All people in households,588,533,67,466,55,0,55
S01013338,Born in the UK,525,491,54,437,34,0,34
S01013338,Born outside the UK: Total,63,42,13,29,21,0,21
S01013338,Born outside the UK: Resident less than 2 years,13,0,0,0,13,0,13
S01013338,Born outside the UK: Resident 2 years or more and less than 5 years,12,6,4,2,6,0,6
S01013338,Born outside the UK: Resident 5 years or more and less than 10 years,5,4,3,1,1,0,1
S01013338,Born outside the UK: Resident 10 years or more,33,32,6,26,1,0,1
S01013339,All people in households,584,496,153,343,88,11,77
S01013339,Born in the UK,540,475,150,325,65,11,54
S01013339,Born outside the UK: Total,44,21,3,18,23,0,23
S01013339,Born outside the UK: Resident less than 2 years,7,1,0,1,6,0,6
S01013339,Born outside the UK: Resident 2 years or more and less than 5 years,15,2,0,2,13,0,13
S01013339,Born outside the UK: Resident 5 years or more and less than 10 years,10,7,0,7,3,0,3
S01013339,Born outside the UK: Resident 10 years or more,12,11,3,8,1,0,1
S01013340,All people in households,805,748,272,476,57,14,43
S01013340,Born in the UK,757,710,255,455,47,12,35
S01013340,Born outside the UK: Total,48,38,17,21,10,2,8
S01013340,Born outside the UK: Resident less than 2 years,4,2,0,2,2,0,2
S01013340,Born outside the UK: Resident 2 years or more and less than 5 years,3,2,0,2,1,0,1
S01013340,Born outside the UK: Resident 5 years or more and less than 10 years,7,6,0,6,1,0,1
S01013340,Born outside the UK: Resident 10 years or more,34,28,17,11,6,2,4
S01013341,All people in households,898,704,216,488,194,27,167
S01013341,Born in the UK,822,655,203,452,167,26,141
S01013341,Born outside the UK: Total,76,49,13,36,27,1,26
S01013341,Born outside the UK: Resident less than 2 years,7,0,0,0,7,0,7
S01013341,Born outside the UK: Resident 2 years or more and less than 5 years,12,5,0,5,7,0,7
S01013341,Born outside the UK: Resident 5 years or more and less than 10 years,15,8,3,5,7,0,7
S01013341,Born outside the UK: Resident 10 years or more,42,36,10,26,6,1,5
S01013342,All people in households,644,331,73,258,313,247,66
S01013342,Born in the UK,614,322,71,251,292,239,53
S01013342,Born outside the UK: Total,30,9,2,7,21,8,13
S01013342,Born outside the UK: Resident less than 2 years,0,0,0,0,0,0,0
S01013342,Born outside the UK: Resident 2 years or more and less than 5 years,8,3,0,3,5,3,2
S01013342,Born outside the UK: Resident 5 years or more and less than 10 years,13,4,0,4,9,4,5
S01013342,Born outside the UK: Resident 10 years or more,9,2,2,0,7,1,6
S01013343,All people in households,673,433,75,358,240,175,65
S01013343,Born in the UK,625,400,70,330,225,171,54
S01013343,Born outside the UK: Total,48,33,5,28,15,4,11
S01013343,Born outside the UK: Resident less than 2 years,2,0,0,0,2,1,1
S01013343,Born outside the UK: Resident 2 years or more and less than 5 years,10,5,0,5,5,1,4
S01013343,Born outside the UK: Resident 5 years or more and less than 10 years,19,13,3,10,6,1,5
S01013343,Born outside the UK: Resident 10 years or more,17,15,2,13,2,1,1
S01013344,All people in households,792,310,96,214,482,429,53
S01013344,Born in the UK,766,294,95,199,472,422,50
S01013344,Born outside the UK: Total,26,16,1,15,10,7,3
S01013344,Born outside the UK: Resident less than 2 years,3,3,0,3,0,0,0
S01013344,Born outside the UK: Resident 2 years or more and less than 5 years,1,1,0,1,0,0,0
S01013344,Born outside the UK: Resident 5 years or more and less than 10 years,9,7,0,7,2,0,2
S01013344,Born outside the UK: Resident 10 years or more,13,5,1,4,8,7,1
S01013345,All people in households,762,416,69,347,346,225,121
S01013345,Born in the UK,697,391,66,325,306,219,87
S01013345,Born outside the UK: Total,65,25,3,22,40,6,34
S01013345,Born outside the UK: Resident less than 2 years,23,2,0,2,21,2,19
S01013345,Born outside the UK: Resident 2 years or more and less than 5 years,17,7,0,7,10,2,8
S01013345,Born outside the UK: Resident 5 years or more and less than 10 years,6,4,0,4,2,1,1
S01013345,Born outside the UK: Resident 10 years or more,19,12,3,9,7,1,6
S01013346,All people in households,881,728,103,625,153,75,78
S01013346,Born in the UK,803,686,99,587,117,67,50
S01013346,Born outside the UK: Total,78,42,4,38,36,8,28
S01013346,Born outside the UK: Resident less than 2 years,6,0,0,0,6,1,5
S01013346,Born outside the UK: Resident 2 years or more and less than 5 years,17,4,1,3,13,4,9
S01013346,Born outside the UK: Resident 5 years or more and less than 10 years,14,10,0,10,4,0,4
S01013346,Born outside the UK: Resident 10 years or more,41,28,3,25,13,3,10
S01013347,All people in households,700,582,131,451,118,35,83
S01013347,Born in the UK,641,548,126,422,93,34,59
S01013347,Born outside the UK: Total,59,34,5,29,25,1,24
S01013347,Born outside the UK: Resident less than 2 years,9,3,0,3,6,0,6
S01013347,Born outside the UK: Resident 2 years or more and less than 5 years,21,12,0,12,9,0,9
S01013347,Born outside the UK: Resident 5 years or more and less than 10 years,11,4,0,4,7,0,7
S01013347,Born outside the UK: Resident 10 years or more,18,15,5,10,3,1,2
S01013348,All people in households,470,416,64,352,54,8,46
S01013348,Born in the UK,446,403,62,341,43,8,35
S01013348,Born outside the UK: Total,24,13,2,11,11,0,11
S01013348,Born outside the UK: Resident less than 2 years,1,0,0,0,1,0,1
S01013348,Born outside the UK: Resident 2 years or more and less than 5 years,7,0,0,0,7,0,7
S01013348,Born outside the UK: Resident 5 years or more and less than 10 years,4,2,0,2,2,0,2
S01013348,Born outside the UK: Resident 10 years or more,12,11,2,9,1,0,1
S01013349,All people in households,785,326,32,294,459,60,399
S01013349,Born in the UK,606,291,26,265,315,59,256
S01013349,Born outside the UK: Total,179,35,6,29,144,1,143
S01013349,Born outside the UK: Resident less than 2 years,61,3,3,0,58,0,58
S01013349,Born outside the UK: Resident 2 years or more and less than 5 years,63,4,0,4,59,0,59
S01013349,Born outside the UK: Resident 5 years or more and less than 10 years,27,8,0,8,19,0,19
S01013349,Born outside the UK: Resident 10 years or more,28,20,3,17,8,1,7
S01013350,All people in households,662,335,67,268,327,231,96
S01013350,Born in the UK,619,312,63,249,307,223,84
S01013350,Born outside the UK: Total,43,23,4,19,20,8,12
S01013350,Born outside the UK: Resident less than 2 years,3,0,0,0,3,2,1
S01013350,Born outside the UK: Resident 2 years or more and less than 5 years,13,6,0,6,7,0,7
S01013350,Born outside the UK: Resident 5 years or more and less than 10 years,13,7,0,7,6,3,3
S01013350,Born outside the UK: Resident 10 years or more,14,10,4,6,4,3,1
S01013351,All people in households,784,596,176,420,188,95,93
S01013351,Born in the UK,719,567,170,397,152,92,60
S01013351,Born outside the UK: Total,65,29,6,23,36,3,33
S01013351,Born outside the UK: Resident less than 2 years,10,0,0,0,10,0,10
S01013351,Born outside the UK: Resident 2 years or more and less than 5 years,21,2,0,2,19,1,18
S01013351,Born outside the UK: Resident 5 years or more and less than 10 years,12,8,0,8,4,1,3
S01013351,Born outside the UK: Resident 10 years or more,22,19,6,13,3,1,2
S01013352,All people in households,897,638,156,482,259,153,106
S01013352,Born in the UK,847,608,151,457,239,151,88
S01013352,Born outside the UK: Total,50,30,5,25,20,2,18
S01013352,Born outside the UK: Resident less than 2 years,5,3,1,2,2,0,2
S01013352,Born outside the UK: Resident 2 years or more and less than 5 years,9,2,1,1,7,0,7
S01013352,Born outside the UK: Resident 5 years or more and less than 10 years,14,7,1,6,7,0,7
S01013352,Born outside the UK: Resident 10 years or more,22,18,2,16,4,2,2
S01013353,All people in households,669,365,68,297,304,255,49
S01013353,Born in the UK,636,344,65,279,292,249,43
S01013353,Born outside the UK: Total,33,21,3,18,12,6,6
S01013353,Born outside the UK: Resident less than 2 years,5,2,1,1,3,0,3
S01013353,Born outside the UK: Resident 2 years or more and less than 5 years,3,2,1,1,1,1,0
S01013353,Born outside the UK: Resident 5 years or more and less than 10 years,4,1,0,1,3,1,2
S01013353,Born outside the UK: Resident 10 years or more,21,16,1,15,5,4,1
S01013354,All people in households,727,594,173,421,133,84,49
S01013354,Born in the UK,694,576,171,405,118,72,46
S01013354,Born outside the UK: Total,33,18,2,16,15,12,3
S01013354,Born outside the UK: Resident less than 2 years,0,0,0,0,0,0,0
S01013354,Born outside the UK: Resident 2 years or more and less than 5 years,8,2,0,2,6,4,2
S01013354,Born outside the UK: Resident 5 years or more and less than 10 years,8,3,0,3,5,4,1
S01013354,Born outside the UK: Resident 10 years or more,17,13,2,11,4,4,0
S01013355,All people in households,653,441,125,316,212,156,56
S01013355,Born in the UK,644,434,123,311,210,154,56
S01013355,Born outside the UK: Total,9,7,2,5,2,2,0
S01013355,Born outside the UK: Resident less than 2 years,0,0,0,0,0,0,0
S01013355,Born outside the UK: Resident 2 years or more and less than 5 years,1,1,0,1,0,0,0
S01013355,Born outside the UK: Resident 5 years or more and less than 10 years,2,1,0,1,1,1,0
S01013355,Born outside the UK: Resident 10 years or more,6,5,2,3,1,1,0
S01013356,All people in households,754,345,96,249,409,358,51
S01013356,Born in the UK,718,333,92,241,385,344,41
S01013356,Born outside the UK: Total,36,12,4,8,24,14,10
S01013356,Born outside the UK: Resident less than 2 years,3,0,0,0,3,2,1
S01013356,Born outside the UK: Resident 2 years or more and less than 5 years,11,3,0,3,8,6,2
S01013356,Born outside the UK: Resident 5 years or more and less than 10 years,9,2,0,2,7,2,5
S01013356,Born outside the UK: Resident 10 years or more,13,7,4,3,6,4,2
S01013357,All people in households,827,603,199,404,224,179,45
S01013357,Born in the UK,781,575,193,382,206,163,43
S01013357,Born outside the UK: Total,46,28,6,22,18,16,2
S01013357,Born outside the UK: Resident less than 2 years,0,0,0,0,0,0,0
S01013357,Born outside the UK: Resident 2 years or more and less than 5 years,17,12,1,11,5,4,1
S01013357,Born outside the UK: Resident 5 years or more and less than 10 years,13,4,0,4,9,9,0
S01013357,Born outside the UK: Resident 10 years or more,16,12,5,7,4,3,1
S01013358,All people in households,811,534,173,361,277,215,62
S01013358,Born in the UK,773,510,168,342,263,206,57
S01013358,Born outside the UK: Total,38,24,5,19,14,9,5
S01013358,Born outside the UK: Resident less than 2 years,5,3,0,3,2,2,0
S01013358,Born outside the UK: Resident 2 years or more and less than 5 years,12,5,3,2,7,5,2
S01013358,Born outside the UK: Resident 5 years or more and less than 10 years,9,6,0,6,3,1,2
S01013358,Born outside the UK: Resident 10 years or more,12,10,2,8,2,1,1
S01013359,All people in households,621,283,96,187,338,291,47
S01013359,Born in the UK,586,273,94,179,313,273,40
S01013359,Born outside the UK: Total,35,10,2,8,25,18,7
S01013359,Born outside the UK: Resident less than 2 years,1,1,0,1,0,0,0
S01013359,Born outside the UK: Resident 2 years or more and less than 5 years,8,0,0,0,8,3,5
S01013359,Born outside the UK: Resident 5 years or more and less than 10 years,15,4,0,4,11,9,2
S01013359,Born outside the UK: Resident 10 years or more,11,5,2,3,6,6,0
S01013360,All people in households,687,388,124,264,299,254,45
S01013360,Born in the UK,667,376,120,256,291,253,38
S01013360,Born outside the UK: Total,20,12,4,8,8,1,7
S01013360,Born outside the UK: Resident less than 2 years,5,4,0,4,1,0,1
S01013360,Born outside the UK: Resident 2 years or more and less than 5 years,3,0,0,0,3,0,3
S01013360,Born outside the UK: Resident 5 years or more and less than 10 years,3,1,0,1,2,0,2
S01013360,Born outside the UK: Resident 10 years or more,9,7,4,3,2,1,1
S01013361,All people in households,545,231,59,172,314,283,31
S01013361,Born in the UK,528,226,58,168,302,276,26
S01013361,Born outside the UK: Total,17,5,1,4,12,7,5
S01013361,Born outside the UK: Resident less than 2 years,1,0,0,0,1,1,0
S01013361,Born outside the UK: Resident 2 years or more and less than 5 years,3,0,0,0,3,2,1
S01013361,Born outside the UK: Resident 5 years or more and less than 10 years,6,1,0,1,5,2,3
S01013361,Born outside the UK: Resident 10 years or more,7,4,1,3,3,2,1
S01013362,All people in households,494,305,110,195,189,152,37
S01013362,Born in the UK,471,299,107,192,172,142,30
S01013362,Born outside the UK: Total,23,6,3,3,17,10,7
S01013362,Born outside the UK: Resident less than 2 years,0,0,0,0,0,0,0
S01013362,Born outside the UK: Resident 2 years or more and less than 5 years,12,0,0,0,12,5,7
S01013362,Born outside the UK: Resident 5 years or more and less than 10 years,2,1,0,1,1,1,0
S01013362,Born outside the UK: Resident 10 years or more,9,5,3,2,4,4,0
S01013363,All people in households,753,296,115,181,457,400,57
S01013363,Born in the UK,714,290,115,175,424,380,44
S01013363,Born outside the UK: Total,39,6,0,6,33,20,13
S01013363,Born outside the UK: Resident less than 2 years,11,0,0,0,11,5,6
S01013363,Born outside the UK: Resident 2 years or more and less than 5 years,13,0,0,0,13,9,4
S01013363,Born outside the UK: Resident 5 years or more and less than 10 years,7,3,0,3,4,1,3
S01013363,Born outside the UK: Resident 10 years or more,8,3,0,3,5,5,0
S01013364,All people in households,903,643,174,469,260,218,42
S01013364,Born in the UK,880,623,168,455,257,217,40
S01013364,Born outside the UK: Total,23,20,6,14,3,1,2
S01013364,Born outside the UK: Resident less than 2 years,0,0,0,0,0,0,0
S01013364,Born outside the UK: Resident 2 years or more and less than 5 years,6,6,1,5,0,0,0
S01013364,Born outside the UK: Resident 5 years or more and less than 10 years,5,5,0,5,0,0,0
S01013364,Born outside the UK: Resident 10 years or more,12,9,5,4,3,1,2
S01013365,All people in households,779,647,243,404,132,8,124
S01013365,Born in the UK,746,622,239,383,124,8,116
S01013365,Born outside the UK: Total,33,25,4,21,8,0,8
S01013365,Born outside the UK: Resident less than 2 years,5,2,2,0,3,0,3
S01013365,Born outside the UK: Resident 2 years or more and less than 5 years,9,4,0,4,5,0,5
S01013365,Born outside the UK: Resident 5 years or more and less than 10 years,6,6,0,6,0,0,0
S01013365,Born outside the UK: Resident 10 years or more,13,13,2,11,0,0,0
S01013366,All people in households,888,740,168,572,148,104,44
S01013366,Born in the UK,871,726,167,559,145,102,43
S01013366,Born outside the UK: Total,17,14,1,13,3,2,1
S01013366,Born outside the UK: Resident less than 2 years,0,0,0,0,0,0,0
S01013366,Born outside the UK: Resident 2 years or more and less than 5 years,2,2,0,2,0,0,0
S01013366,Born outside the UK: Resident 5 years or more and less than 10 years,4,3,0,3,1,0,1
S01013366,Born outside the UK: Resident 10 years or more,11,9,1,8,2,2,0
S01013367,All people in households,584,489,90,399,95,59,36
S01013367,Born in the UK,557,470,85,385,87,55,32
S01013367,Born outside the UK: Total,27,19,5,14,8,4,4
S01013367,Born outside the UK: Resident less than 2 years,1,1,0,1,0,0,0
S01013367,Born outside the UK: Resident 2 years or more and less than 5 years,3,1,0,1,2,2,0
S01013367,Born outside the UK: Resident 5 years or more and less than 10 years,6,4,0,4,2,2,0
S01013367,Born outside the UK: Resident 10 years or more,17,13,5,8,4,0,4
S01013368,All people in households,719,560,168,392,159,110,49
S01013368,Born in the UK,708,551,162,389,157,108,49
S01013368,Born outside the UK: Total,11,9,6,3,2,2,0
S01013368,Born outside the UK: Resident less than 2 years,0,0,0,0,0,0,0
S01013368,Born outside the UK: Resident 2 years or more and less than 5 years,3,3,2,1,0,0,0
S01013368,Born outside the UK: Resident 5 years or more and less than 10 years,1,1,0,1,0,0,0
S01013368,Born outside the UK: Resident 10 years or more,7,5,4,1,2,2,0
S01013369,All people in households,911,401,136,265,510,389,121
S01013369,Born in the UK,895,392,136,256,503,385,118
S01013369,Born outside the UK: Total,16,9,0,9,7,4,3
S01013369,Born outside the UK: Resident less than 2 years,1,1,0,1,0,0,0
S01013369,Born outside the UK: Resident 2 years or more and less than 5 years,5,0,0,0,5,3,2
S01013369,Born outside the UK: Resident 5 years or more and less than 10 years,5,5,0,5,0,0,0
S01013369,Born outside the UK: Resident 10 years or more,5,3,0,3,2,1,1
S01013370,All people in households,582,258,90,168,324,304,20
S01013370,Born in the UK,559,253,89,164,306,286,20
S01013370,Born outside the UK: Total,23,5,1,4,18,18,0
S01013370,Born outside the UK: Resident less than 2 years,3,0,0,0,3,3,0
S01013370,Born outside the UK: Resident 2 years or more and less than 5 years,9,3,0,3,6,6,0
S01013370,Born outside the UK: Resident 5 years or more and less than 10 years,3,2,1,1,1,1,0
S01013370,Born outside the UK: Resident 10 years or more,8,0,0,0,8,8,0
S01013371,All people in households,661,375,183,192,286,232,54
S01013371,Born in the UK,648,368,178,190,280,228,52
S01013371,Born outside the UK: Total,13,7,5,2,6,4,2
S01013371,Born outside the UK: Resident less than 2 years,0,0,0,0,0,0,0
S01013371,Born outside the UK: Resident 2 years or more and less than 5 years,0,0,0,0,0,0,0
S01013371,Born outside the UK: Resident 5 years or more and less than 10 years,0,0,0,0,0,0,0
S01013371,Born outside the UK: Resident 10 years or more,13,7,5,2,6,4,2
S01013372,All people in households,1094,355,107,248,739,683,56
S01013372,Born in the UK,1060,343,107,236,717,666,51
S01013372,Born outside the UK: Total,34,12,0,12,22,17,5
S01013372,Born outside the UK: Resident less than 2 years,4,0,0,0,4,4,0
S01013372,Born outside the UK: Resident 2 years or more and less than 5 years,12,1,0,1,11,8,3
S01013372,Born outside the UK: Resident 5 years or more and less than 10 years,10,7,0,7,3,1,2
S01013372,Born outside the UK: Resident 10 years or more,8,4,0,4,4,4,0
S01013373,All people in households,925,518,185,333,407,319,88
S01013373,Born in the UK,914,510,184,326,404,317,87
S01013373,Born outside the UK: Total,11,8,1,7,3,2,1
S01013373,Born outside the UK: Resident less than 2 years,0,0,0,0,0,0,0
S01013373,Born outside the UK: Resident 2 years or more and less than 5 years,1,1,0,1,0,0,0
S01013373,Born outside the UK: Resident 5 years or more and less than 10 years,0,0,0,0,0,0,0
S01013373,Born outside the UK: Resident 10 years or more,10,7,1,6,3,2,1
S01013374,All people in households,959,290,129,161,669,514,155
S01013374,Born in the UK,938,286,129,157,652,502,150
S01013374,Born outside the UK: Total,21,4,0,4,17,12,5
S01013374,Born outside the UK: Resident less than 2 years,0,0,0,0,0,0,0
S01013374,Born outside the UK: Resident 2 years or more and less than 5 years,5,1,0,1,4,1,3
S01013374,Born outside the UK: Resident 5 years or more and less than 10 years,6,1,0,1,5,5,0
S01013374,Born outside the UK: Resident 10 years or more,10,2,0,2,8,6,2
S01013375,All people in households,574,330,120,210,244,197,47
S01013375,Born in the UK,552,326,119,207,226,183,43
S01013375,Born outside the UK: Total,22,4,1,3,18,14,4
S01013375,Born outside the UK: Resident less than 2 years,11,0,0,0,11,11,0
S01013375,Born outside the UK: Resident 2 years or more and less than 5 years,4,1,0,1,3,1,2
S01013375,Born outside the UK: Resident 5 years or more and less than 10 years,4,1,0,1,3,1,2
S01013375,Born outside the UK: Resident 10 years or more,3,2,1,1,1,1,0
S01013376,All people in households,594,324,105,219,270,188,82
S01013376,Born in the UK,582,316,101,215,266,186,80
S01013376,Born outside the UK: Total,12,8,4,4,4,2,2
S01013376,Born outside the UK: Resident less than 2 years,4,0,0,0,4,2,2
S01013376,Born outside the UK: Resident 2 years or more and less than 5 years,0,0,0,0,0,0,0
S01013376,Born outside the UK: Resident 5 years or more and less than 10 years,2,2,0,2,0,0,0
S01013376,Born outside the UK: Resident 10 years or more,6,6,4,2,0,0,0
S01013377,All people in households,772,478,200,278,294,210,84
S01013377,Born in the UK,756,471,198,273,285,209,76
S01013377,Born outside the UK: Total,16,7,2,5,9,1,8
S01013377,Born outside the UK: Resident less than 2 years,1,0,0,0,1,0,1
S01013377,Born outside the UK: Resident 2 years or more and less than 5 years,9,3,1,2,6,1,5
S01013377,Born outside the UK: Resident 5 years or more and less than 10 years,4,2,0,2,2,0,2
S01013377,Born outside the UK: Resident 10 years or more,2,2,1,1,0,0,0
S01013378,All people in households,973,617,207,410,356,307,49
S01013378,Born in the UK,950,597,200,397,353,306,47
S01013378,Born outside the UK: Total,23,20,7,13,3,1,2
S01013378,Born outside the UK: Resident less than 2 years,0,0,0,0,0,0,0
S01013378,Born outside the UK: Resident 2 years or more and less than 5 years,3,1,0,1,2,0,2
S01013378,Born outside the UK: Resident 5 years or more and less than 10 years,3,3,0,3,0,0,0
S01013378,Born outside the UK: Resident 10 years or more,17,16,7,9,1,1,0
S01013379,All people in households,826,574,181,393,252,189,63
S01013379,Born in the UK,794,549,176,373,245,188,57
S01013379,Born outside the UK: Total,32,25,5,20,7,1,6
S01013379,Born outside the UK: Resident less than 2 years,4,0,0,0,4,0,4
S01013379,Born outside the UK: Resident 2 years or more and less than 5 years,4,2,0,2,2,0,2
S01013379,Born outside the UK: Resident 5 years or more and less than 10 years,3,3,0,3,0,0,0
S01013379,Born outside the UK: Resident 10 years or more,21,20,5,15,1,1,0
S01013380,All people in households,108,88,63,25,20,6,14
S01013380,Born in the UK,107,87,63,24,20,6,14
S01013380,Born outside the UK: Total,1,1,0,1,0,0,0
S01013380,Born outside the UK: Resident less than 2 years,0,0,0,0,0,0,0
S01013380,Born outside the UK: Resident 2 years or more and less than 5 years,0,0,0,0,0,0,0
S01013380,Born outside the UK: Resident 5 years or more and less than 10 years,0,0,0,0,0,0,0
S01013380,Born outside the UK: Resident 10 years or more,1,1,0,1,0,0,0
S01013381,All people in households,489,306,118,188,183,160,23
S01013381,Born in the UK,475,295,117,178,180,160,20
S01013381,Born outside the UK: Total,14,11,1,10,3,0,3
S01013381,Born outside the UK: Resident less than 2 years,0,0,0,0,0,0,0
S01013381,Born outside the UK: Resident 2 years or more and less than 5 years,4,1,0,1,3,0,3
S01013381,Born outside the UK: Resident 5 years or more and less than 10 years,7,7,0,7,0,0,0
S01013381,Born outside the UK: Resident 10 years or more,3,3,1,2,0,0,0
S01013382,All people in households,553,433,94,339,120,85,35
S01013382,Born in the UK,516,407,93,314,109,79,30
S01013382,Born outside the UK: Total,37,26,1,25,11,6,5
S01013382,Born outside the UK: Resident less than 2 years,0,0,0,0,0,0,0
S01013382,Born outside the UK: Resident 2 years or more and less than 5 years,9,3,0,3,6,5,1
S01013382,Born outside the UK: Resident 5 years or more and less than 10 years,15,10,0,10,5,1,4
S01013382,Born outside the UK: Resident 10 years or more,13,13,1,12,0,0,0
S01013383,All people in households,679,344,107,237,335,286,49
S01013383,Born in the UK,662,334,105,229,328,281,47
S01013383,Born outside the UK: Total,17,10,2,8,7,5,2
S01013383,Born outside the UK: Resident less than 2 years,0,0,0,0,0,0,0
S01013383,Born outside the UK: Resident 2 years or more and less than 5 years,4,4,0,4,0,0,0
S01013383,Born outside the UK: Resident 5 years or more and less than 10 years,4,2,0,2,2,0,2
S01013383,Born outside the UK: Resident 10 years or more,9,4,2,2,5,5,0
S01013384,All people in households,745,449,126,323,296,237,59
S01013384,Born in the UK,721,440,124,316,281,234,47
S01013384,Born outside the UK: Total,24,9,2,7,15,3,12
S01013384,Born outside the UK: Resident less than 2 years,6,0,0,0,6,0,6
S01013384,Born outside the UK: Resident 2 years or more and less than 5 years,6,1,1,0,5,1,4
S01013384,Born outside the UK: Resident 5 years or more and less than 10 years,1,0,0,0,1,1,0
S01013384,Born outside the UK: Resident 10 years or more,11,8,1,7,3,1,2
S01013385,All people in households,480,363,130,233,117,76,41
S01013385,Born in the UK,469,354,128,226,115,74,41
S01013385,Born outside the UK: Total,11,9,2,7,2,2,0
S01013385,Born outside the UK: Resident less than 2 years,0,0,0,0,0,0,0
S01013385,Born outside the UK: Resident 2 years or more and less than 5 years,4,2,2,0,2,2,0
S01013385,Born outside the UK: Resident 5 years or more and less than 10 years,4,4,0,4,0,0,0
S01013385,Born outside the UK: Resident 10 years or more,3,3,0,3,0,0,0
S01013386,All people in households,855,763,233,530,92,74,18
S01013386,Born in the UK,842,751,231,520,91,73,18
S01013386,Born outside the UK: Total,13,12,2,10,1,1,0
S01013386,Born outside the UK: Resident less than 2 years,1,1,0,1,0,0,0
S01013386,Born outside the UK: Resident 2 years or more and less than 5 years,2,1,0,1,1,1,0
S01013386,Born outside the UK: Resident 5 years or more and less than 10 years,0,0,0,0,0,0,0
S01013386,Born outside the UK: Resident 10 years or more,10,10,2,8,0,0,0
S01013387,All people in households,612,320,98,222,292,272,20
S01013387,Born in the UK,600,314,97,217,286,267,19
S01013387,Born outside the UK: Total,12,6,1,5,6,5,1
S01013387,Born outside the UK: Resident less than 2 years,0,0,0,0,0,0,0
S01013387,Born outside the UK: Resident 2 years or more and less than 5 years,2,0,0,0,2,2,0
S01013387,Born outside the UK: Resident 5 years or more and less than 10 years,1,0,0,0,1,1,0
S01013387,Born outside the UK: Resident 10 years or more,9,6,1,5,3,2,1
S01013388,All people in households,737,467,172,295,270,189,81
S01013388,Born in the UK,725,457,166,291,268,189,79
S01013388,Born outside the UK: Total,12,10,6,4,2,0,2
S01013388,Born outside the UK: Resident less than 2 years,2,1,0,1,1,0,1
S01013388,Born outside the UK: Resident 2 years or more and less than 5 years,1,1,0,1,0,0,0
S01013388,Born outside the UK: Resident 5 years or more and less than 10 years,2,2,1,1,0,0,0
S01013388,Born outside the UK: Resident 10 years or more,7,6,5,1,1,0,1
S01013389,All people in households,757,514,122,392,243,187,56
S01013389,Born in the UK,749,512,122,390,237,182,55
S01013389,Born outside the UK: Total,8,2,0,2,6,5,1
S01013389,Born outside the UK: Resident less than 2 years,0,0,0,0,0,0,0
S01013389,Born outside the UK: Resident 2 years or more and less than 5 years,1,0,0,0,1,1,0
S01013389,Born outside the UK: Resident 5 years or more and less than 10 years,2,0,0,0,2,2,0
S01013389,Born outside the UK: Resident 10 years or more,5,2,0,2,3,2,1
S01013390,All people in households,459,305,88,217,154,131,23
S01013390,Born in the UK,453,300,87,213,153,131,22
S01013390,Born outside the UK: Total,6,5,1,4,1,0,1
S01013390,Born outside the UK: Resident less than 2 years,1,0,0,0,1,0,1
S01013390,Born outside the UK: Resident 2 years or more and less than 5 years,0,0,0,0,0,0,0
S01013390,Born outside the UK: Resident 5 years or more and less than 10 years,1,1,0,1,0,0,0
S01013390,Born outside the UK: Resident 10 years or more,4,4,1,3,0,0,0
S01013391,All people in households,435,330,122,208,105,79,26
S01013391,Born in the UK,427,326,120,206,101,75,26
S01013391,Born outside the UK: Total,8,4,2,2,4,4,0
S01013391,Born outside the UK: Resident less than 2 years,3,0,0,0,3,3,0
S01013391,Born outside the UK: Resident 2 years or more and less than 5 years,2,1,0,1,1,1,0
S01013391,Born outside the UK: Resident 5 years or more and less than 10 years,1,1,0,1,0,0,0
S01013391,Born outside the UK: Resident 10 years or more,2,2,2,0,0,0,0
S01013392,All people in households,761,673,79,594,88,11,77
S01013392,Born in the UK,729,649,76,573,80,11,69
S01013392,Born outside the UK: Total,32,24,3,21,8,0,8
S01013392,Born outside the UK: Resident less than 2 years,0,0,0,0,0,0,0
S01013392,Born outside the UK: Resident 2 years or more and less than 5 years,8,4,0,4,4,0,4
S01013392,Born outside the UK: Resident 5 years or more and less than 10 years,12,8,1,7,4,0,4
S01013392,Born outside the UK: Resident 10 years or more,12,12,2,10,0,0,0
S01013393,All people in households,713,410,109,301,303,249,54
S01013393,Born in the UK,683,391,109,282,292,238,54
S01013393,Born outside the UK: Total,30,19,0,19,11,11,0
S01013393,Born outside the UK: Resident less than 2 years,0,0,0,0,0,0,0
S01013393,Born outside the UK: Resident 2 years or more and less than 5 years,5,3,0,3,2,2,0
S01013393,Born outside the UK: Resident 5 years or more and less than 10 years,18,12,0,12,6,6,0
S01013393,Born outside the UK: Resident 10 years or more,7,4,0,4,3,3,0
S01013394,All people in households,680,345,95,250,335,286,49
S01013394,Born in the UK,645,333,95,238,312,270,42
S01013394,Born outside the UK: Total,35,12,0,12,23,16,7
S01013394,Born outside the UK: Resident less than 2 years,1,0,0,0,1,0,1
S01013394,Born outside the UK: Resident 2 years or more and less than 5 years,10,0,0,0,10,8,2
S01013394,Born outside the UK: Resident 5 years or more and less than 10 years,6,0,0,0,6,3,3
S01013394,Born outside the UK: Resident 10 years or more,18,12,0,12,6,5,1
S01013395,All people in households,728,149,35,114,579,535,44
S01013395,Born in the UK,689,140,35,105,549,511,38
S01013395,Born outside the UK: Total,39,9,0,9,30,24,6
S01013395,Born outside the UK: Resident less than 2 years,3,0,0,0,3,0,3
S01013395,Born outside the UK: Resident 2 years or more and less than 5 years,14,0,0,0,14,11,3
S01013395,Born outside the UK: Resident 5 years or more and less than 10 years,12,4,0,4,8,8,0
S01013395,Born outside the UK: Resident 10 years or more,10,5,0,5,5,5,0
S01013396,All people in households,689,615,25,590,74,13,61
S01013396,Born in the UK,642,580,21,559,62,9,53
S01013396,Born outside the UK: Total,47,35,4,31,12,4,8
S01013396,Born outside the UK: Resident less than 2 years,3,2,1,1,1,0,1
S01013396,Born outside the UK: Resident 2 years or more and less than 5 years,6,1,0,1,5,2,3
S01013396,Born outside the UK: Resident 5 years or more and less than 10 years,19,14,1,13,5,2,3
S01013396,Born outside the UK: Resident 10 years or more,19,18,2,16,1,0,1
S01013397,All people in households,858,569,120,449,289,220,69
S01013397,Born in the UK,815,542,119,423,273,212,61
S01013397,Born outside the UK: Total,43,27,1,26,16,8,8
S01013397,Born outside the UK: Resident less than 2 years,6,1,0,1,5,3,2
S01013397,Born outside the UK: Resident 2 years or more and less than 5 years,9,5,0,5,4,2,2
S01013397,Born outside the UK: Resident 5 years or more and less than 10 years,15,9,0,9,6,3,3
S01013397,Born outside the UK: Resident 10 years or more,13,12,1,11,1,0,1
S01013398,All people in households,612,565,72,493,47,27,20
S01013398,Born in the UK,570,533,69,464,37,27,10
S01013398,Born outside the UK: Total,42,32,3,29,10,0,10
S01013398,Born outside the UK: Resident less than 2 years,5,1,0,1,4,0,4
S01013398,Born outside the UK: Resident 2 years or more and less than 5 years,9,9,0,9,0,0,0
S01013398,Born outside the UK: Resident 5 years or more and less than 10 years,8,2,0,2,6,0,6
S01013398,Born outside the UK: Resident 10 years or more,20,20,3,17,0,0,0
S01013399,All people in households,1032,892,104,788,140,80,60
S01013399,Born in the UK,990,862,103,759,128,77,51
S01013399,Born outside the UK: Total,42,30,1,29,12,3,9
S01013399,Born outside the UK: Resident less than 2 years,4,1,0,1,3,2,1
S01013399,Born outside the UK: Resident 2 years or more and less than 5 years,10,8,0,8,2,1,1
S01013399,Born outside the UK: Resident 5 years or more and less than 10 years,17,13,0,13,4,0,4
S01013399,Born outside the UK: Resident 10 years or more,11,8,1,7,3,0,3
S01013400,All people in households,637,364,117,247,273,171,102
S01013400,Born in the UK,605,353,113,240,252,167,85
S01013400,Born outside the UK: Total,32,11,4,7,21,4,17
S01013400,Born outside the UK: Resident less than 2 years,2,0,0,0,2,0,2
S01013400,Born outside the UK: Resident 2 years or more and less than 5 years,16,2,2,0,14,1,13
S01013400,Born outside the UK: Resident 5 years or more and less than 10 years,2,0,0,0,2,0,2
S01013400,Born outside the UK: Resident 10 years or more,12,9,2,7,3,3,0
S01013401,All people in households,805,655,71,584,150,84,66
S01013401,Born in the UK,748,609,69,540,139,82,57
S01013401,Born outside the UK: Total,57,46,2,44,11,2,9
S01013401,Born outside the UK: Resident less than 2 years,1,1,0,1,0,0,0
S01013401,Born outside the UK: Resident 2 years or more and less than 5 years,17,11,0,11,6,0,6
S01013401,Born outside the UK: Resident 5 years or more and less than 10 years,15,13,0,13,2,0,2
S01013401,Born outside the UK: Resident 10 years or more,24,21,2,19,3,2,1
S01013402,All people in households,1057,865,40,825,192,9,183
S01013402,Born in the UK,949,782,34,748,167,9,158
S01013402,Born outside the UK: Total,108,83,6,77,25,0,25
S01013402,Born outside the UK: Resident less than 2 years,4,2,0,2,2,0,2
S01013402,Born outside the UK: Resident 2 years or more and less than 5 years,47,31,3,28,16,0,16
S01013402,Born outside the UK: Resident 5 years or more and less than 10 years,22,18,0,18,4,0,4
S01013402,Born outside the UK: Resident 10 years or more,35,32,3,29,3,0,3
S01013403,All people in households,889,669,40,629,220,55,165
S01013403,Born in the UK,826,624,37,587,202,54,148
S01013403,Born outside the UK: Total,63,45,3,42,18,1,17
S01013403,Born outside the UK: Resident less than 2 years,8,1,0,1,7,0,7
S01013403,Born outside the UK: Resident 2 years or more and less than 5 years,10,8,0,8,2,0,2
S01013403,Born outside the UK: Resident 5 years or more and less than 10 years,23,18,0,18,5,1,4
S01013403,Born outside the UK: Resident 10 years or more,22,18,3,15,4,0,4
S01013404,All people in households,595,375,29,346,220,104,116
S01013404,Born in the UK,550,351,28,323,199,99,100
S01013404,Born outside the UK: Total,45,24,1,23,21,5,16
S01013404,Born outside the UK: Resident less than 2 years,8,1,0,1,7,2,5
S01013404,Born outside the UK: Resident 2 years or more and less than 5 years,18,7,0,7,11,3,8
S01013404,Born outside the UK: Resident 5 years or more and less than 10 years,5,3,0,3,2,0,2
S01013404,Born outside the UK: Resident 10 years or more,14,13,1,12,1,0,1
S01013405,All people in households,663,449,195,254,214,144,70
S01013405,Born in the UK,600,423,188,235,177,134,43
S01013405,Born outside the UK: Total,63,26,7,19,37,10,27
S01013405,Born outside the UK: Resident less than 2 years,10,1,0,1,9,3,6
S01013405,Born outside the UK: Resident 2 years or more and less than 5 years,21,4,0,4,17,0,17
S01013405,Born outside the UK: Resident 5 years or more and less than 10 years,13,6,0,6,7,4,3
S01013405,Born outside the UK: Resident 10 years or more,19,15,7,8,4,3,1
S01013406,All people in households,612,293,81,212,319,263,56
S01013406,Born in the UK,565,272,81,191,293,252,41
S01013406,Born outside the UK: Total,47,21,0,21,26,11,15
S01013406,Born outside the UK: Resident less than 2 years,7,1,0,1,6,3,3
S01013406,Born outside the UK: Resident 2 years or more and less than 5 years,20,9,0,9,11,3,8
S01013406,Born outside the UK: Resident 5 years or more and less than 10 years,11,7,0,7,4,2,2
S01013406,Born outside the UK: Resident 10 years or more,9,4,0,4,5,3,2
S01013407,All people in households,534,281,94,187,253,199,54
S01013407,Born in the UK,487,258,92,166,229,192,37
S01013407,Born outside the UK: Total,47,23,2,21,24,7,17
S01013407,Born outside the UK: Resident less than 2 years,3,0,0,0,3,0,3
S01013407,Born outside the UK: Resident 2 years or more and less than 5 years,15,7,0,7,8,2,6
S01013407,Born outside the UK: Resident 5 years or more and less than 10 years,15,8,0,8,7,5,2
S01013407,Born outside the UK: Resident 10 years or more,14,8,2,6,6,0,6
S01013408,All people in households,658,262,66,196,396,311,85
S01013408,Born in the UK,604,254,65,189,350,292,58
S01013408,Born outside the UK: Total,54,8,1,7,46,19,27
S01013408,Born outside the UK: Resident less than 2 years,13,0,0,0,13,4,9
S01013408,Born outside the UK: Resident 2 years or more and less than 5 years,20,1,0,1,19,6,13
S01013408,Born outside the UK: Resident 5 years or more and less than 10 years,10,4,0,4,6,3,3
S01013408,Born outside the UK: Resident 10 years or more,11,3,1,2,8,6,2
S01013409,All people in households,1052,639,164,475,413,286,127
S01013409,Born in the UK,977,604,164,440,373,276,97
S01013409,Born outside the UK: Total,75,35,0,35,40,10,30
S01013409,Born outside the UK: Resident less than 2 years,15,2,0,2,13,4,9
S01013409,Born outside the UK: Resident 2 years or more and less than 5 years,23,6,0,6,17,2,15
S01013409,Born outside the UK: Resident 5 years or more and less than 10 years,18,12,0,12,6,1,5
S01013409,Born outside the UK: Resident 10 years or more,19,15,0,15,4,3,1
S01013410,All people in households,687,112,26,86,575,538,37
S01013410,Born in the UK,636,106,26,80,530,503,27
S01013410,Born outside the UK: Total,51,6,0,6,45,35,10
S01013410,Born outside the UK: Resident less than 2 years,7,1,0,1,6,4,2
S01013410,Born outside the UK: Resident 2 years or more and less than 5 years,15,1,0,1,14,6,8
S01013410,Born outside the UK: Resident 5 years or more and less than 10 years,21,1,0,1,20,20,0
S01013410,Born outside the UK: Resident 10 years or more,8,3,0,3,5,5,0
S01013411,All people in households,723,441,152,289,282,110,172
S01013411,Born in the UK,644,422,147,275,222,103,119
S01013411,Born outside the UK: Total,79,19,5,14,60,7,53
S01013411,Born outside the UK: Resident less than 2 years,23,0,0,0,23,1,22
S01013411,Born outside the UK: Resident 2 years or more and less than 5 years,22,1,0,1,21,1,20
S01013411,Born outside the UK: Resident 5 years or more and less than 10 years,14,3,1,2,11,2,9
S01013411,Born outside the UK: Resident 10 years or more,20,15,4,11,5,3,2
S01013412,All people in households,797,511,127,384,286,206,80
S01013412,Born in the UK,751,497,122,375,254,202,52
S01013412,Born outside the UK: Total,46,14,5,9,32,4,28
S01013412,Born outside the UK: Resident less than 2 years,10,0,0,0,10,0,10
S01013412,Born outside the UK: Resident 2 years or more and less than 5 years,13,1,1,0,12,1,11
S01013412,Born outside the UK: Resident 5 years or more and less than 10 years,10,2,0,2,8,1,7
S01013412,Born outside the UK: Resident 10 years or more,13,11,4,7,2,2,0
S01013413,All people in households,776,587,180,407,189,114,75
S01013413,Born in the UK,759,576,177,399,183,113,70
S01013413,Born outside the UK: Total,17,11,3,8,6,1,5
S01013413,Born outside the UK: Resident less than 2 years,1,0,0,0,1,0,1
S01013413,Born outside the UK: Resident 2 years or more and less than 5 years,2,0,0,0,2,0,2
S01013413,Born outside the UK: Resident 5 years or more and less than 10 years,3,1,0,1,2,0,2
S01013413,Born outside the UK: Resident 10 years or more,11,10,3,7,1,1,0
S01013414,All people in households,825,366,138,228,459,179,280
S01013414,Born in the UK,742,359,133,226,383,174,209
S01013414,Born outside the UK: Total,83,7,5,2,76,5,71
S01013414,Born outside the UK: Resident less than 2 years,16,0,0,0,16,0,16
S01013414,Born outside the UK: Resident 2 years or more and less than 5 years,42,0,0,0,42,0,42
S01013414,Born outside the UK: Resident 5 years or more and less than 10 years,13,1,1,0,12,1,11
S01013414,Born outside the UK: Resident 10 years or more,12,6,4,2,6,4,2
S01013415,All people in households,649,223,75,148,426,345,81
S01013415,Born in the UK,619,214,69,145,405,338,67
S01013415,Born outside the UK: Total,30,9,6,3,21,7,14
S01013415,Born outside the UK: Resident less than 2 years,9,3,3,0,6,0,6
S01013415,Born outside the UK: Resident 2 years or more and less than 5 years,5,1,1,0,4,0,4
S01013415,Born outside the UK: Resident 5 years or more and less than 10 years,10,2,1,1,8,4,4
S01013415,Born outside the UK: Resident 10 years or more,6,3,1,2,3,3,0
S01013416,All people in households,576,270,85,185,306,258,48
S01013416,Born in the UK,529,249,77,172,280,247,33
S01013416,Born outside the UK: Total,47,21,8,13,26,11,15
S01013416,Born outside the UK: Resident less than 2 years,11,4,3,1,7,0,7
S01013416,Born outside the UK: Resident 2 years or more and less than 5 years,8,3,0,3,5,1,4
S01013416,Born outside the UK: Resident 5 years or more and less than 10 years,12,4,0,4,8,6,2
S01013416,Born outside the UK: Resident 10 years or more,16,10,5,5,6,4,2
S01013417,All people in households,812,414,144,270,398,227,171
S01013417,Born in the UK,715,397,141,256,318,213,105
S01013417,Born outside the UK: Total,97,17,3,14,80,14,66
S01013417,Born outside the UK: Resident less than 2 years,21,0,0,0,21,1,20
S01013417,Born outside the UK: Resident 2 years or more and less than 5 years,37,0,0,0,37,7,30
S01013417,Born outside the UK: Resident 5 years or more and less than 10 years,25,11,1,10,14,3,11
S01013417,Born outside the UK: Resident 10 years or more,14,6,2,4,8,3,5
S01013418,All people in households,642,372,104,268,270,202,68
S01013418,Born in the UK,613,360,102,258,253,200,53
S01013418,Born outside the UK: Total,29,12,2,10,17,2,15
S01013418,Born outside the UK: Resident less than 2 years,8,0,0,0,8,0,8
S01013418,Born outside the UK: Resident 2 years or more and less than 5 years,8,1,0,1,7,0,7
S01013418,Born outside the UK: Resident 5 years or more and less than 10 years,3,3,0,3,0,0,0
S01013418,Born outside the UK: Resident 10 years or more,10,8,2,6,2,2,0
S01013419,All people in households,468,446,137,309,22,10,12
S01013419,Born in the UK,455,436,133,303,19,10,9
S01013419,Born outside the UK: Total,13,10,4,6,3,0,3
S01013419,Born outside the UK: Resident less than 2 years,0,0,0,0,0,0,0
S01013419,Born outside the UK: Resident 2 years or more and less than 5 years,0,0,0,0,0,0,0
S01013419,Born outside the UK: Resident 5 years or more and less than 10 years,5,3,1,2,2,0,2
S01013419,Born outside the UK: Resident 10 years or more,8,7,3,4,1,0,1
S01013420,All people in households,565,408,89,319,157,86,71
S01013420,Born in the UK,546,396,88,308,150,85,65
S01013420,Born outside the UK: Total,19,12,1,11,7,1,6
S01013420,Born outside the UK: Resident less than 2 years,2,0,0,0,2,0,2
S01013420,Born outside the UK: Resident 2 years or more and less than 5 years,7,3,0,3,4,0,4
S01013420,Born outside the UK: Resident 5 years or more and less than 10 years,3,3,0,3,0,0,0
S01013420,Born outside the UK: Resident 10 years or more,7,6,1,5,1,1,0
S01013421,All people in households,804,710,63,647,94,55,39
S01013421,Born in the UK,765,676,62,614,89,54,35
S01013421,Born outside the UK: Total,39,34,1,33,5,1,4
S01013421,Born outside the UK: Resident less than 2 years,1,1,0,1,0,0,0
S01013421,Born outside the UK: Resident 2 years or more and less than 5 years,9,5,0,5,4,0,4
S01013421,Born outside the UK: Resident 5 years or more and less than 10 years,12,12,1,11,0,0,0
S01013421,Born outside the UK: Resident 10 years or more,17,16,0,16,1,1,0
S01013422,All people in households,724,443,134,309,281,233,48
S01013422,Born in the UK,699,431,133,298,268,226,42
S01013422,Born outside the UK: Total,25,12,1,11,13,7,6
S01013422,Born outside the UK: Resident less than 2 years,3,1,0,1,2,0,2
S01013422,Born outside the UK: Resident 2 years or more and less than 5 years,1,0,0,0,1,0,1
S01013422,Born outside the UK: Resident 5 years or more and less than 10 years,12,7,0,7,5,2,3
S01013422,Born outside the UK: Resident 10 years or more,9,4,1,3,5,5,0
S01013423,All people in households,820,637,180,457,183,143,40
S01013423,Born in the UK,791,618,178,440,173,141,32
S01013423,Born outside the UK: Total,29,19,2,17,10,2,8
S01013423,Born outside the UK: Resident less than 2 years,3,0,0,0,3,0,3
S01013423,Born outside the UK: Resident 2 years or more and less than 5 years,5,2,0,2,3,0,3
S01013423,Born outside the UK: Resident 5 years or more and less than 10 years,12,10,0,10,2,1,1
S01013423,Born outside the UK: Resident 10 years or more,9,7,2,5,2,1,1
S01013424,All people in households,494,433,107,326,61,25,36
S01013424,Born in the UK,476,426,105,321,50,21,29
S01013424,Born outside the UK: Total,18,7,2,5,11,4,7
S01013424,Born outside the UK: Resident less than 2 years,1,0,0,0,1,0,1
S01013424,Born outside the UK: Resident 2 years or more and less than 5 years,4,0,0,0,4,0,4
S01013424,Born outside the UK: Resident 5 years or more and less than 10 years,6,1,0,1,5,3,2
S01013424,Born outside the UK: Resident 10 years or more,7,6,2,4,1,1,0
S01013425,All people in households,429,339,97,242,90,37,53
S01013425,Born in the UK,412,334,97,237,78,37,41
S01013425,Born outside the UK: Total,17,5,0,5,12,0,12
S01013425,Born outside the UK: Resident less than 2 years,8,0,0,0,8,0,8
S01013425,Born outside the UK: Resident 2 years or more and less than 5 years,4,2,0,2,2,0,2
S01013425,Born outside the UK: Resident 5 years or more and less than 10 years,3,1,0,1,2,0,2
S01013425,Born outside the UK: Resident 10 years or more,2,2,0,2,0,0,0
S01013426,All people in households,826,454,154,300,372,273,99
S01013426,Born in the UK,798,442,151,291,356,272,84
S01013426,Born outside the UK: Total,28,12,3,9,16,1,15
S01013426,Born outside the UK: Resident less than 2 years,5,0,0,0,5,0,5
S01013426,Born outside the UK: Resident 2 years or more and less than 5 years,10,1,0,1,9,0,9
S01013426,Born outside the UK: Resident 5 years or more and less than 10 years,6,6,3,3,0,0,0
S01013426,Born outside the UK: Resident 10 years or more,7,5,0,5,2,1,1
S01013427,All people in households,452,375,70,305,77,18,59
S01013427,Born in the UK,439,365,68,297,74,17,57
S01013427,Born outside the UK: Total,13,10,2,8,3,1,2
S01013427,Born outside the UK: Resident less than 2 years,0,0,0,0,0,0,0
S01013427,Born outside the UK: Resident 2 years or more and less than 5 years,4,1,0,1,3,1,2
S01013427,Born outside the UK: Resident 5 years or more and less than 10 years,2,2,0,2,0,0,0
S01013427,Born outside the UK: Resident 10 years or more,7,7,2,5,0,0,0
S01013428,All people in households,944,459,130,329,485,390,95
S01013428,Born in the UK,886,439,126,313,447,382,65
S01013428,Born outside the UK: Total,58,20,4,16,38,8,30
S01013428,Born outside the UK: Resident less than 2 years,15,5,0,5,10,1,9
S01013428,Born outside the UK: Resident 2 years or more and less than 5 years,22,1,0,1,21,3,18
S01013428,Born outside the UK: Resident 5 years or more and less than 10 years,7,3,0,3,4,1,3
S01013428,Born outside the UK: Resident 10 years or more,14,11,4,7,3,3,0
S01013429,All people in households,681,456,109,347,225,140,85
S01013429,Born in the UK,648,438,107,331,210,134,76
S01013429,Born outside the UK: Total,33,18,2,16,15,6,9
S01013429,Born outside the UK: Resident less than 2 years,0,0,0,0,0,0,0
S01013429,Born outside the UK: Resident 2 years or more and less than 5 years,14,5,0,5,9,4,5
S01013429,Born outside the UK: Resident 5 years or more and less than 10 years,8,4,1,3,4,2,2
S01013429,Born outside the UK: Resident 10 years or more,11,9,1,8,2,0,2
S01013430,All people in households,693,555,153,402,138,97,41
S01013430,Born in the UK,674,543,151,392,131,92,39
S01013430,Born outside the UK: Total,19,12,2,10,7,5,2
S01013430,Born outside the UK: Resident less than 2 years,0,0,0,0,0,0,0
S01013430,Born outside the UK: Resident 2 years or more and less than 5 years,2,1,0,1,1,1,0
S01013430,Born outside the UK: Resident 5 years or more and less than 10 years,5,2,0,2,3,1,2
S01013430,Born outside the UK: Resident 10 years or more,12,9,2,7,3,3,0
S01013431,All people in households,683,390,137,253,293,256,37
S01013431,Born in the UK,666,385,134,251,281,248,33
S01013431,Born outside the UK: Total,17,5,3,2,12,8,4
S01013431,Born outside the UK: Resident less than 2 years,3,0,0,0,3,0,3
S01013431,Born outside the UK: Resident 2 years or more and less than 5 years,3,0,0,0,3,3,0
S01013431,Born outside the UK: Resident 5 years or more and less than 10 years,6,1,0,1,5,4,1
S01013431,Born outside the UK: Resident 10 years or more,5,4,3,1,1,1,0
S01013432,All people in households,703,472,168,304,231,175,56
S01013432,Born in the UK,682,461,167,294,221,167,54
S01013432,Born outside the UK: Total,21,11,1,10,10,8,2
S01013432,Born outside the UK: Resident less than 2 years,0,0,0,0,0,0,0
S01013432,Born outside the UK: Resident 2 years or more and less than 5 years,1,0,0,0,1,1,0
S01013432,Born outside the UK: Resident 5 years or more and less than 10 years,7,2,0,2,5,3,2
S01013432,Born outside the UK: Resident 10 years or more,13,9,1,8,4,4,0
S01013433,All people in households,746,623,211,412,123,86,37
S01013433,Born in the UK,723,605,204,401,118,81,37
S01013433,Born outside the UK: Total,23,18,7,11,5,5,0
S01013433,Born outside the UK: Resident less than 2 years,0,0,0,0,0,0,0
S01013433,Born outside the UK: Resident 2 years or more and less than 5 years,0,0,0,0,0,0,0
S01013433,Born outside the UK: Resident 5 years or more and less than 10 years,7,5,4,1,2,2,0
S01013433,Born outside the UK: Resident 10 years or more,16,13,3,10,3,3,0
S01013434,All people in households,534,457,162,295,77,30,47
S01013434,Born in the UK,500,432,153,279,68,27,41
S01013434,Born outside the UK: Total,34,25,9,16,9,3,6
S01013434,Born outside the UK: Resident less than 2 years,2,0,0,0,2,0,2
S01013434,Born outside the UK: Resident 2 years or more and less than 5 years,1,1,0,1,0,0,0
S01013434,Born outside the UK: Resident 5 years or more and less than 10 years,3,1,0,1,2,0,2
S01013434,Born outside the UK: Resident 10 years or more,28,23,9,14,5,3,2
S01013435,All people in households,664,628,208,420,36,9,27
S01013435,Born in the UK,628,599,202,397,29,9,20
S01013435,Born outside the UK: Total,36,29,6,23,7,0,7
S01013435,Born outside the UK: Resident less than 2 years,0,0,0,0,0,0,0
S01013435,Born outside the UK: Resident 2 years or more and less than 5 years,4,0,0,0,4,0,4
S01013435,Born outside the UK: Resident 5 years or more and less than 10 years,5,3,0,3,2,0,2
S01013435,Born outside the UK: Resident 10 years or more,27,26,6,20,1,0,1
S01013436,All people in households,884,607,159,448,277,233,44
S01013436,Born in the UK,855,582,155,427,273,230,43
S01013436,Born outside the UK: Total,29,25,4,21,4,3,1
S01013436,Born outside the UK: Resident less than 2 years,0,0,0,0,0,0,0
S01013436,Born outside the UK: Resident 2 years or more and less than 5 years,7,6,0,6,1,1,0
S01013436,Born outside the UK: Resident 5 years or more and less than 10 years,2,2,1,1,0,0,0
S01013436,Born outside the UK: Resident 10 years or more,20,17,3,14,3,2,1
S01013437,All people in households,645,410,111,299,235,142,93
S01013437,Born in the UK,606,388,109,279,218,139,79
S01013437,Born outside the UK: Total,39,22,2,20,17,3,14
S01013437,Born outside the UK: Resident less than 2 years,3,1,1,0,2,0,2
S01013437,Born outside the UK: Resident 2 years or more and less than 5 years,6,2,0,2,4,0,4
S01013437,Born outside the UK: Resident 5 years or more and less than 10 years,12,7,0,7,5,0,5
S01013437,Born outside the UK: Resident 10 years or more,18,12,1,11,6,3,3
S01013438,All people in households,575,292,96,196,283,155,128
S01013438,Born in the UK,537,275,89,186,262,154,108
S01013438,Born outside the UK: Total,38,17,7,10,21,1,20
S01013438,Born outside the UK: Resident less than 2 years,6,4,4,0,2,0,2
S01013438,Born outside the UK: Resident 2 years or more and less than 5 years,10,1,0,1,9,0,9
S01013438,Born outside the UK: Resident 5 years or more and less than 10 years,8,3,0,3,5,0,5
S01013438,Born outside the UK: Resident 10 years or more,14,9,3,6,5,1,4
S01013439,All people in households,899,850,391,459,49,14,35
S01013439,Born in the UK,854,821,383,438,33,14,19
S01013439,Born outside the UK: Total,45,29,8,21,16,0,16
S01013439,Born outside the UK: Resident less than 2 years,5,1,0,1,4,0,4
S01013439,Born outside the UK: Resident 2 years or more and less than 5 years,9,0,0,0,9,0,9
S01013439,Born outside the UK: Resident 5 years or more and less than 10 years,5,5,0,5,0,0,0
S01013439,Born outside the UK: Resident 10 years or more,26,23,8,15,3,0,3
S01013440,All people in households,1012,966,430,536,46,26,20
S01013440,Born in the UK,981,941,423,518,40,25,15
S01013440,Born outside the UK: Total,31,25,7,18,6,1,5
S01013440,Born outside the UK: Resident less than 2 years,0,0,0,0,0,0,0
S01013440,Born outside the UK: Resident 2 years or more and less than 5 years,8,3,2,1,5,0,5
S01013440,Born outside the UK: Resident 5 years or more and less than 10 years,3,3,0,3,0,0,0
S01013440,Born outside the UK: Resident 10 years or more,20,19,5,14,1,1,0
S01013441,All people in households,745,657,312,345,88,16,72
S01013441,Born in the UK,703,617,297,320,86,16,70
S01013441,Born outside the UK: Total,42,40,15,25,2,0,2
S01013441,Born outside the UK: Resident less than 2 years,0,0,0,0,0,0,0
S01013441,Born outside the UK: Resident 2 years or more and less than 5 years,4,2,0,2,2,0,2
S01013441,Born outside the UK: Resident 5 years or more and less than 10 years,11,11,0,11,0,0,0
S01013441,Born outside the UK: Resident 10 years or more,27,27,15,12,0,0,0
S01013442,All people in households,785,656,222,434,129,53,76
S01013442,Born in the UK,744,630,217,413,114,47,67
S01013442,Born outside the UK: Total,41,26,5,21,15,6,9
S01013442,Born outside the UK: Resident less than 2 years,2,1,0,1,1,0,1
S01013442,Born outside the UK: Resident 2 years or more and less than 5 years,7,3,0,3,4,2,2
S01013442,Born outside the UK: Resident 5 years or more and less than 10 years,11,7,0,7,4,0,4
S01013442,Born outside the UK: Resident 10 years or more,21,15,5,10,6,4,2
S01013443,All people in households,635,507,207,300,128,32,96
S01013443,Born in the UK,605,491,201,290,114,32,82
S01013443,Born outside the UK: Total,30,16,6,10,14,0,14
S01013443,Born outside the UK: Resident less than 2 years,5,1,1,0,4,0,4
S01013443,Born outside the UK: Resident 2 years or more and less than 5 years,11,4,0,4,7,0,7
S01013443,Born outside the UK: Resident 5 years or more and less than 10 years,4,2,0,2,2,0,2
S01013443,Born outside the UK: Resident 10 years or more,10,9,5,4,1,0,1
S01013444,All people in households,928,478,164,314,450,231,219
S01013444,Born in the UK,842,443,149,294,399,225,174
S01013444,Born outside the UK: Total,86,35,15,20,51,6,45
S01013444,Born outside the UK: Resident less than 2 years,10,0,0,0,10,0,10
S01013444,Born outside the UK: Resident 2 years or more and less than 5 years,20,3,0,3,17,0,17
S01013444,Born outside the UK: Resident 5 years or more and less than 10 years,13,4,1,3,9,0,9
S01013444,Born outside the UK: Resident 10 years or more,43,28,14,14,15,6,9
S01013445,All people in households,624,563,237,326,61,43,18
S01013445,Born in the UK,604,544,233,311,60,42,18
S01013445,Born outside the UK: Total,20,19,4,15,1,1,0
S01013445,Born outside the UK: Resident less than 2 years,0,0,0,0,0,0,0
S01013445,Born outside the UK: Resident 2 years or more and less than 5 years,1,1,0,1,0,0,0
S01013445,Born outside the UK: Resident 5 years or more and less than 10 years,5,5,0,5,0,0,0
S01013445,Born outside the UK: Resident 10 years or more,14,13,4,9,1,1,0
S01013446,All people in households,713,546,201,345,167,101,66
S01013446,Born in the UK,682,522,192,330,160,99,61
S01013446,Born outside the UK: Total,31,24,9,15,7,2,5
S01013446,Born outside the UK: Resident less than 2 years,0,0,0,0,0,0,0
S01013446,Born outside the UK: Resident 2 years or more and less than 5 years,2,1,0,1,1,0,1
S01013446,Born outside the UK: Resident 5 years or more and less than 10 years,3,2,1,1,1,0,1
S01013446,Born outside the UK: Resident 10 years or more,26,21,8,13,5,2,3
S01013447,All people in households,645,593,123,470,52,12,40
S01013447,Born in the UK,611,571,121,450,40,10,30
S01013447,Born outside the UK: Total,34,22,2,20,12,2,10
S01013447,Born outside the UK: Resident less than 2 years,1,0,0,0,1,0,1
S01013447,Born outside the UK: Resident 2 years or more and less than 5 years,7,0,0,0,7,2,5
S01013447,Born outside the UK: Resident 5 years or more and less than 10 years,1,0,0,0,1,0,1
S01013447,Born outside the UK: Resident 10 years or more,25,22,2,20,3,0,3
S01013448,All people in households,798,711,380,331,87,16,71
S01013448,Born in the UK,758,682,365,317,76,16,60
S01013448,Born outside the UK: Total,40,29,15,14,11,0,11
S01013448,Born outside the UK: Resident less than 2 years,3,0,0,0,3,0,3
S01013448,Born outside the UK: Resident 2 years or more and less than 5 years,8,2,0,2,6,0,6
S01013448,Born outside the UK: Resident 5 years or more and less than 10 years,3,3,0,3,0,0,0
S01013448,Born outside the UK: Resident 10 years or more,26,24,15,9,2,0,2
S01013449,All people in households,640,607,226,381,33,5,28
S01013449,Born in the UK,608,581,213,368,27,5,22
S01013449,Born outside the UK: Total,32,26,13,13,6,0,6
S01013449,Born outside the UK: Resident less than 2 years,4,0,0,0,4,0,4
S01013449,Born outside the UK: Resident 2 years or more and less than 5 years,3,1,1,0,2,0,2
S01013449,Born outside the UK: Resident 5 years or more and less than 10 years,1,1,0,1,0,0,0
S01013449,Born outside the UK: Resident 10 years or more,24,24,12,12,0,0,0
S01013450,All people in households,588,519,141,378,69,1,68
S01013450,Born in the UK,554,501,132,369,53,1,52
S01013450,Born outside the UK: Total,34,18,9,9,16,0,16
S01013450,Born outside the UK: Resident less than 2 years,3,0,0,0,3,0,3
S01013450,Born outside the UK: Resident 2 years or more and less than 5 years,10,3,1,2,7,0,7
S01013450,Born outside the UK: Resident 5 years or more and less than 10 years,9,4,1,3,5,0,5
S01013450,Born outside the UK: Resident 10 years or more,12,11,7,4,1,0,1
S01013451,All people in households,871,838,237,601,33,15,18
S01013451,Born in the UK,831,801,228,573,30,12,18
S01013451,Born outside the UK: Total,40,37,9,28,3,3,0
S01013451,Born outside the UK: Resident less than 2 years,2,2,0,2,0,0,0
S01013451,Born outside the UK: Resident 2 years or more and less than 5 years,1,1,0,1,0,0,0
S01013451,Born outside the UK: Resident 5 years or more and less than 10 years,9,9,0,9,0,0,0
S01013451,Born outside the UK: Resident 10 years or more,28,25,9,16,3,3,0
S01013452,All people in households,779,692,260,432,87,13,74
S01013452,Born in the UK,745,663,256,407,82,13,69
S01013452,Born outside the UK: Total,34,29,4,25,5,0,5
S01013452,Born outside the UK: Resident less than 2 years,3,0,0,0,3,0,3
S01013452,Born outside the UK: Resident 2 years or more and less than 5 years,2,2,0,2,0,0,0
S01013452,Born outside the UK: Resident 5 years or more and less than 10 years,9,9,0,9,0,0,0
S01013452,Born outside the UK: Resident 10 years or more,20,18,4,14,2,0,2
S01013453,All people in households,772,269,107,162,503,462,41
S01013453,Born in the UK,744,259,105,154,485,446,39
S01013453,Born outside the UK: Total,28,10,2,8,18,16,2
S01013453,Born outside the UK: Resident less than 2 years,1,1,0,1,0,0,0
S01013453,Born outside the UK: Resident 2 years or more and less than 5 years,4,1,0,1,3,3,0
S01013453,Born outside the UK: Resident 5 years or more and less than 10 years,9,0,0,0,9,8,1
S01013453,Born outside the UK: Resident 10 years or more,14,8,2,6,6,5,1
S01013454,All people in households,753,622,211,411,131,54,77
S01013454,Born in the UK,727,605,207,398,122,53,69
S01013454,Born outside the UK: Total,26,17,4,13,9,1,8
S01013454,Born outside the UK: Resident less than 2 years,1,1,0,1,0,0,0
S01013454,Born outside the UK: Resident 2 years or more and less than 5 years,4,1,1,0,3,1,2
S01013454,Born outside the UK: Resident 5 years or more and less than 10 years,6,2,0,2,4,0,4
S01013454,Born outside the UK: Resident 10 years or more,15,13,3,10,2,0,2
S01013455,All people in households,560,333,139,194,227,73,154
S01013455,Born in the UK,522,321,135,186,201,66,135
S01013455,Born outside the UK: Total,38,12,4,8,26,7,19
S01013455,Born outside the UK: Resident less than 2 years,10,2,1,1,8,0,8
S01013455,Born outside the UK: Resident 2 years or more and less than 5 years,9,0,0,0,9,3,6
S01013455,Born outside the UK: Resident 5 years or more and less than 10 years,2,0,0,0,2,1,1
S01013455,Born outside the UK: Resident 10 years or more,17,10,3,7,7,3,4
S01013456,All people in households,772,484,119,365,288,217,71
S01013456,Born in the UK,746,471,115,356,275,210,65
S01013456,Born outside the UK: Total,26,13,4,9,13,7,6
S01013456,Born outside the UK: Resident less than 2 years,1,0,0,0,1,1,0
S01013456,Born outside the UK: Resident 2 years or more and less than 5 years,5,2,0,2,3,1,2
S01013456,Born outside the UK: Resident 5 years or more and less than 10 years,6,2,1,1,4,0,4
S01013456,Born outside the UK: Resident 10 years or more,14,9,3,6,5,5,0
S01013457,All people in households,909,520,163,357,389,323,66
S01013457,Born in the UK,887,508,159,349,379,317,62
S01013457,Born outside the UK: Total,22,12,4,8,10,6,4
S01013457,Born outside the UK: Resident less than 2 years,0,0,0,0,0,0,0
S01013457,Born outside the UK: Resident 2 years or more and less than 5 years,2,0,0,0,2,2,0
S01013457,Born outside the UK: Resident 5 years or more and less than 10 years,9,5,0,5,4,4,0
S01013457,Born outside the UK: Resident 10 years or more,11,7,4,3,4,0,4
S01013458,All people in households,711,508,171,337,203,145,58
S01013458,Born in the UK,668,479,165,314,189,133,56
S01013458,Born outside the UK: Total,43,29,6,23,14,12,2
S01013458,Born outside the UK: Resident less than 2 years,8,5,0,5,3,3,0
S01013458,Born outside the UK: Resident 2 years or more and less than 5 years,3,0,0,0,3,3,0
S01013458,Born outside the UK: Resident 5 years or more and less than 10 years,5,2,0,2,3,3,0
S01013458,Born outside the UK: Resident 10 years or more,27,22,6,16,5,3,2
S01013459,All people in households,797,475,143,332,322,208,114
S01013459,Born in the UK,734,445,137,308,289,196,93
S01013459,Born outside the UK: Total,63,30,6,24,33,12,21
S01013459,Born outside the UK: Resident less than 2 years,5,1,0,1,4,0,4
S01013459,Born outside the UK: Resident 2 years or more and less than 5 years,18,7,1,6,11,0,11
S01013459,Born outside the UK: Resident 5 years or more and less than 10 years,18,8,0,8,10,5,5
S01013459,Born outside the UK: Resident 10 years or more,22,14,5,9,8,7,1
S01013460,All people in households,849,537,162,375,312,272,40
S01013460,Born in the UK,816,515,161,354,301,264,37
S01013460,Born outside the UK: Total,33,22,1,21,11,8,3
S01013460,Born outside the UK: Resident less than 2 years,2,2,0,2,0,0,0
S01013460,Born outside the UK: Resident 2 years or more and less than 5 years,8,3,0,3,5,3,2
S01013460,Born outside the UK: Resident 5 years or more and less than 10 years,8,7,0,7,1,1,0
S01013460,Born outside the UK: Resident 10 years or more,15,10,1,9,5,4,1
S01013461,All people in households,1098,689,109,580,409,278,131
S01013461,Born in the UK,1018,638,104,534,380,274,106
S01013461,Born outside the UK: Total,80,51,5,46,29,4,25
S01013461,Born outside the UK: Resident less than 2 years,12,1,1,0,11,0,11
S01013461,Born outside the UK: Resident 2 years or more and less than 5 years,15,6,0,6,9,0,9
S01013461,Born outside the UK: Resident 5 years or more and less than 10 years,21,19,1,18,2,0,2
S01013461,Born outside the UK: Resident 10 years or more,32,25,3,22,7,4,3
S01013462,All people in households,830,688,109,579,142,66,76
S01013462,Born in the UK,776,656,104,552,120,64,56
S01013462,Born outside the UK: Total,54,32,5,27,22,2,20
S01013462,Born outside the UK: Resident less than 2 years,4,0,0,0,4,0,4
S01013462,Born outside the UK: Resident 2 years or more and less than 5 years,15,7,0,7,8,0,8
S01013462,Born outside the UK: Resident 5 years or more and less than 10 years,10,4,0,4,6,0,6
S01013462,Born outside the UK: Resident 10 years or more,25,21,5,16,4,2,2
S01013463,All people in households,590,302,57,245,288,238,50
S01013463,Born in the UK,524,261,55,206,263,229,34
S01013463,Born outside the UK: Total,66,41,2,39,25,9,16
S01013463,Born outside the UK: Resident less than 2 years,9,3,0,3,6,0,6
S01013463,Born outside the UK: Resident 2 years or more and less than 5 years,18,9,0,9,9,3,6
S01013463,Born outside the UK: Resident 5 years or more and less than 10 years,26,21,2,19,5,2,3
S01013463,Born outside the UK: Resident 10 years or more,13,8,0,8,5,4,1
S01013464,All people in households,698,580,277,303,118,54,64
S01013464,Born in the UK,665,562,271,291,103,53,50
S01013464,Born outside the UK: Total,33,18,6,12,15,1,14
S01013464,Born outside the UK: Resident less than 2 years,5,1,0,1,4,0,4
S01013464,Born outside the UK: Resident 2 years or more and less than 5 years,8,0,0,0,8,0,8
S01013464,Born outside the UK: Resident 5 years or more and less than 10 years,3,2,0,2,1,0,1
S01013464,Born outside the UK: Resident 10 years or more,17,15,6,9,2,1,1
S01013465,All people in households,669,552,241,311,117,66,51
S01013465,Born in the UK,644,540,233,307,104,61,43
S01013465,Born outside the UK: Total,25,12,8,4,13,5,8
S01013465,Born outside the UK: Resident less than 2 years,6,1,0,1,5,2,3
S01013465,Born outside the UK: Resident 2 years or more and less than 5 years,2,0,0,0,2,0,2
S01013465,Born outside the UK: Resident 5 years or more and less than 10 years,2,0,0,0,2,0,2
S01013465,Born outside the UK: Resident 10 years or more,15,11,8,3,4,3,1
S01013466,All people in households,295,218,125,93,77,32,45
S01013466,Born in the UK,276,210,119,91,66,25,41
S01013466,Born outside the UK: Total,19,8,6,2,11,7,4
S01013466,Born outside the UK: Resident less than 2 years,11,2,2,0,9,6,3
S01013466,Born outside the UK: Resident 2 years or more and less than 5 years,1,0,0,0,1,1,0
S01013466,Born outside the UK: Resident 5 years or more and less than 10 years,1,0,0,0,1,0,1
S01013466,Born outside the UK: Resident 10 years or more,6,6,4,2,0,0,0
S01013467,All people in households,950,862,183,679,88,37,51
S01013467,Born in the UK,904,824,183,641,80,37,43
S01013467,Born outside the UK: Total,46,38,0,38,8,0,8
S01013467,Born outside the UK: Resident less than 2 years,5,1,0,1,4,0,4
S01013467,Born outside the UK: Resident 2 years or more and less than 5 years,3,3,0,3,0,0,0
S01013467,Born outside the UK: Resident 5 years or more and less than 10 years,14,10,0,10,4,0,4
S01013467,Born outside the UK: Resident 10 years or more,24,24,0,24,0,0,0
S01013468,All people in households,597,377,126,251,220,157,63
S01013468,Born in the UK,575,364,122,242,211,151,60
S01013468,Born outside the UK: Total,22,13,4,9,9,6,3
S01013468,Born outside the UK: Resident less than 2 years,2,1,0,1,1,1,0
S01013468,Born outside the UK: Resident 2 years or more and less than 5 years,2,0,0,0,2,0,2
S01013468,Born outside the UK: Resident 5 years or more and less than 10 years,4,1,1,0,3,3,0
S01013468,Born outside the UK: Resident 10 years or more,14,11,3,8,3,2,1
S01013469,All people in households,744,672,279,393,72,41,31
S01013469,Born in the UK,712,654,272,382,58,40,18
S01013469,Born outside the UK: Total,32,18,7,11,14,1,13
S01013469,Born outside the UK: Resident less than 2 years,4,1,0,1,3,1,2
S01013469,Born outside the UK: Resident 2 years or more and less than 5 years,6,2,0,2,4,0,4
S01013469,Born outside the UK: Resident 5 years or more and less than 10 years,8,5,0,5,3,0,3
S01013469,Born outside the UK: Resident 10 years or more,14,10,7,3,4,0,4
S01013470,All people in households,742,365,118,247,377,288,89
S01013470,Born in the UK,678,356,113,243,322,273,49
S01013470,Born outside the UK: Total,64,9,5,4,55,15,40
S01013470,Born outside the UK: Resident less than 2 years,8,0,0,0,8,1,7
S01013470,Born outside the UK: Resident 2 years or more and less than 5 years,29,1,1,0,28,7,21
S01013470,Born outside the UK: Resident 5 years or more and less than 10 years,16,1,0,1,15,3,12
S01013470,Born outside the UK: Resident 10 years or more,11,7,4,3,4,4,0
S01013471,All people in households,935,573,187,386,362,310,52
S01013471,Born in the UK,895,549,182,367,346,306,40
S01013471,Born outside the UK: Total,40,24,5,19,16,4,12
S01013471,Born outside the UK: Resident less than 2 years,5,2,0,2,3,0,3
S01013471,Born outside the UK: Resident 2 years or more and less than 5 years,13,5,0,5,8,0,8
S01013471,Born outside the UK: Resident 5 years or more and less than 10 years,11,9,0,9,2,2,0
S01013471,Born outside the UK: Resident 10 years or more,11,8,5,3,3,2,1
S01013472,All people in households,624,563,69,494,61,14,47
S01013472,Born in the UK,573,526,64,462,47,14,33
S01013472,Born outside the UK: Total,51,37,5,32,14,0,14
S01013472,Born outside the UK: Resident less than 2 years,5,2,0,2,3,0,3
S01013472,Born outside the UK: Resident 2 years or more and less than 5 years,12,3,0,3,9,0,9
S01013472,Born outside the UK: Resident 5 years or more and less than 10 years,8,6,0,6,2,0,2
S01013472,Born outside the UK: Resident 10 years or more,26,26,5,21,0,0,0
S01013473,All people in households,682,632,80,552,50,15,35
S01013473,Born in the UK,637,593,75,518,44,13,31
S01013473,Born outside the UK: Total,45,39,5,34,6,2,4
S01013473,Born outside the UK: Resident less than 2 years,6,2,0,2,4,0,4
S01013473,Born outside the UK: Resident 2 years or more and less than 5 years,2,2,0,2,0,0,0
S01013473,Born outside the UK: Resident 5 years or more and less than 10 years,11,9,0,9,2,2,0
S01013473,Born outside the UK: Resident 10 years or more,26,26,5,21,0,0,0
S01013474,All people in households,639,545,81,464,94,20,74
S01013474,Born in the UK,578,518,81,437,60,17,43
S01013474,Born outside the UK: Total,61,27,0,27,34,3,31
S01013474,Born outside the UK: Resident less than 2 years,9,0,0,0,9,0,9
S01013474,Born outside the UK: Resident 2 years or more and less than 5 years,11,2,0,2,9,0,9
S01013474,Born outside the UK: Resident 5 years or more and less than 10 years,13,3,0,3,10,1,9
S01013474,Born outside the UK: Resident 10 years or more,28,22,0,22,6,2,4
S01013475,All people in households,613,531,189,342,82,37,45
S01013475,Born in the UK,589,513,182,331,76,37,39
S01013475,Born outside the UK: Total,24,18,7,11,6,0,6
S01013475,Born outside the UK: Resident less than 2 years,0,0,0,0,0,0,0
S01013475,Born outside the UK: Resident 2 years or more and less than 5 years,5,2,0,2,3,0,3
S01013475,Born outside the UK: Resident 5 years or more and less than 10 years,4,2,0,2,2,0,2
S01013475,Born outside the UK: Resident 10 years or more,15,14,7,7,1,0,1
S01013476,All people in households,626,481,204,277,145,94,51
S01013476,Born in the UK,591,466,198,268,125,93,32
S01013476,Born outside the UK: Total,35,15,6,9,20,1,19
S01013476,Born outside the UK: Resident less than 2 years,9,0,0,0,9,0,9
S01013476,Born outside the UK: Resident 2 years or more and less than 5 years,13,5,3,2,8,0,8
S01013476,Born outside the UK: Resident 5 years or more and less than 10 years,4,2,1,1,2,1,1
S01013476,Born outside the UK: Resident 10 years or more,9,8,2,6,1,0,1
S01013477,All people in households,605,325,120,205,280,197,83
S01013477,Born in the UK,541,310,116,194,231,186,45
S01013477,Born outside the UK: Total,64,15,4,11,49,11,38
S01013477,Born outside the UK: Resident less than 2 years,17,3,0,3,14,1,13
S01013477,Born outside the UK: Resident 2 years or more and less than 5 years,17,2,0,2,15,3,12
S01013477,Born outside the UK: Resident 5 years or more and less than 10 years,16,3,0,3,13,1,12
S01013477,Born outside the UK: Resident 10 years or more,14,7,4,3,7,6,1
S01013478,All people in households,851,559,101,458,292,192,100
S01013478,Born in the UK,794,538,101,437,256,180,76
S01013478,Born outside the UK: Total,57,21,0,21,36,12,24
S01013478,Born outside the UK: Resident less than 2 years,1,0,0,0,1,1,0
S01013478,Born outside the UK: Resident 2 years or more and less than 5 years,27,7,0,7,20,5,15
S01013478,Born outside the UK: Resident 5 years or more and less than 10 years,20,10,0,10,10,4,6
S01013478,Born outside the UK: Resident 10 years or more,9,4,0,4,5,2,3
S01013479,All people in households,781,376,132,244,405,278,127
S01013479,Born in the UK,695,363,130,233,332,269,63
S01013479,Born outside the UK: Total,86,13,2,11,73,9,64
S01013479,Born outside the UK: Resident less than 2 years,15,0,0,0,15,0,15
S01013479,Born outside the UK: Resident 2 years or more and less than 5 years,36,2,0,2,34,2,32
S01013479,Born outside the UK: Resident 5 years or more and less than 10 years,17,2,0,2,15,0,15
S01013479,Born outside the UK: Resident 10 years or more,18,9,2,7,9,7,2
S01013480,All people in households,671,429,186,243,242,170,72
S01013480,Born in the UK,612,413,175,238,199,168,31
S01013480,Born outside the UK: Total,59,16,11,5,43,2,41
S01013480,Born outside the UK: Resident less than 2 years,19,2,2,0,17,0,17
S01013480,Born outside the UK: Resident 2 years or more and less than 5 years,18,2,0,2,16,1,15
S01013480,Born outside the UK: Resident 5 years or more and less than 10 years,11,2,2,0,9,0,9
S01013480,Born outside the UK: Resident 10 years or more,11,10,7,3,1,1,0
S01013481,All people in households,451,358,154,204,93,58,35
S01013481,Born in the UK,423,348,151,197,75,54,21
S01013481,Born outside the UK: Total,28,10,3,7,18,4,14
S01013481,Born outside the UK: Resident less than 2 years,10,2,0,2,8,0,8
S01013481,Born outside the UK: Resident 2 years or more and less than 5 years,3,0,0,0,3,1,2
S01013481,Born outside the UK: Resident 5 years or more and less than 10 years,7,1,0,1,6,3,3
S01013481,Born outside the UK: Resident 10 years or more,8,7,3,4,1,0,1
