,,All people in households,All people in households: Day-to-day activities limited,All people in households: Day-to-day activities not limited,General health: Very good or good health: Total,General health: Very good or good health: Day-to-day activities limited,General health: Very good or good health: Day-to-day activities not limited,General health: Fair health: Total,General health: Fair health: Day-to-day activities limited,General health: Fair health: Day-to-day activities not limited,General health: Bad or very bad health: Total,General health: Bad or very bad health: Day-to-day activities limited,General health: Bad or very bad health: Day-to-day activities not limited
S92000003,All people in households,5196386,996067,4200319,4289601,298877,3990724,621178,421100,200078,285607,276090,9517
S92000003,No central heating,93692,20223,73469,73376,5395,67981,13759,8586,5173,6557,6242,315
S92000003,Gas central heating,3979384,734499,3244885,3311438,221004,3090434,456588,308711,147877,211358,204784,6574
S92000003,Electric (including storage heaters) central heating,558175,142367,415808,424763,38317,386446,90257,62521,27736,43155,41529,1626
S92000003,Oil central heating,331950,51180,280770,291004,19786,271218,31019,21734,9285,9927,9660,267
S92000003,Solid fuel (for example wood coal) central heating,59200,12297,46903,47640,3708,43932,8137,5286,2851,3423,3303,120
S92000003,Other central heating,37723,7874,29849,30921,2487,28434,4587,3251,1336,2215,2136,79
S92000003,Two or more types of central heating,136262,27627,108635,110459,8180,102279,16831,11011,5820,8972,8436,536
S01006506,All people in households,852,122,730,747,46,701,76,49,27,29,27,2
S01006506,No central heating,10,0,10,8,0,8,2,0,2,0,0,0
S01006506,Gas central heating,666,103,563,584,40,544,57,39,18,25,24,1
S01006506,Electric (including storage heaters) central heating,111,11,100,97,3,94,10,5,5,4,3,1
S01006506,Oil central heating,40,8,32,35,3,32,5,5,0,0,0,0
S01006506,Solid fuel (for example wood coal) central heating,3,0,3,2,0,2,1,0,1,0,0,0
S01006506,Other central heating,5,0,5,4,0,4,1,0,1,0,0,0
S01006506,Two or more types of central heating,17,0,17,17,0,17,0,0,0,0,0,0
S01006507,All people in households,836,133,703,716,49,667,96,61,35,24,23,1
S01006507,No central heating,4,0,4,4,0,4,0,0,0,0,0,0
S01006507,Gas central heating,716,103,613,625,39,586,75,49,26,16,15,1
S01006507,Electric (including storage heaters) central heating,97,26,71,71,8,63,18,10,8,8,8,0
S01006507,Oil central heating,5,0,5,5,0,5,0,0,0,0,0,0
S01006507,Solid fuel (for example wood coal) central heating,2,0,2,2,0,2,0,0,0,0,0,0
S01006507,Other central heating,0,0,0,0,0,0,0,0,0,0,0,0
S01006507,Two or more types of central heating,12,4,8,9,2,7,3,2,1,0,0,0
S01006508,All people in households,643,76,567,570,24,546,56,35,21,17,17,0
S01006508,No central heating,8,1,7,8,1,7,0,0,0,0,0,0
S01006508,Gas central heating,517,61,456,461,21,440,41,25,16,15,15,0
S01006508,Electric (including storage heaters) central heating,108,13,95,92,2,90,14,9,5,2,2,0
S01006508,Oil central heating,0,0,0,0,0,0,0,0,0,0,0,0
S01006508,Solid fuel (for example wood coal) central heating,0,0,0,0,0,0,0,0,0,0,0,0
S01006508,Other central heating,0,0,0,0,0,0,0,0,0,0,0,0
S01006508,Two or more types of central heating,10,1,9,9,0,9,1,1,0,0,0,0
S01006509,All people in households,580,95,485,501,33,468,62,47,15,17,15,2
S01006509,No central heating,6,3,3,3,0,3,3,3,0,0,0,0
S01006509,Gas central heating,465,72,393,408,28,380,44,33,11,13,11,2
S01006509,Electric (including storage heaters) central heating,83,16,67,68,4,64,11,8,3,4,4,0
S01006509,Oil central heating,0,0,0,0,0,0,0,0,0,0,0,0
S01006509,Solid fuel (for example wood coal) central heating,6,2,4,4,0,4,2,2,0,0,0,0
S01006509,Other central heating,1,1,0,0,0,0,1,1,0,0,0,0
S01006509,Two or more types of central heating,19,1,18,18,1,17,1,0,1,0,0,0
S01006510,All people in households,577,94,483,508,39,469,52,38,14,17,17,0
S01006510,No central heating,7,1,6,6,0,6,0,0,0,1,1,0
S01006510,Gas central heating,525,86,439,461,36,425,50,36,14,14,14,0
S01006510,Electric (including storage heaters) central heating,17,5,12,15,3,12,1,1,0,1,1,0
S01006510,Oil central heating,20,0,20,20,0,20,0,0,0,0,0,0
S01006510,Solid fuel (for example wood coal) central heating,0,0,0,0,0,0,0,0,0,0,0,0
S01006510,Other central heating,0,0,0,0,0,0,0,0,0,0,0,0
S01006510,Two or more types of central heating,8,2,6,6,0,6,1,1,0,1,1,0
S01006511,All people in households,749,136,613,641,49,592,77,57,20,31,30,1
S01006511,No central heating,8,0,8,8,0,8,0,0,0,0,0,0
S01006511,Gas central heating,703,132,571,602,49,553,74,56,18,27,27,0
S01006511,Electric (including storage heaters) central heating,14,1,13,12,0,12,2,1,1,0,0,0
S01006511,Oil central heating,11,0,11,11,0,11,0,0,0,0,0,0
S01006511,Solid fuel (for example wood coal) central heating,0,0,0,0,0,0,0,0,0,0,0,0
S01006511,Other central heating,0,0,0,0,0,0,0,0,0,0,0,0
S01006511,Two or more types of central heating,13,3,10,8,0,8,1,0,1,4,3,1
S01006512,All people in households,496,48,448,459,19,440,26,18,8,11,11,0
S01006512,No central heating,9,3,6,7,1,6,2,2,0,0,0,0
S01006512,Gas central heating,194,17,177,180,7,173,11,7,4,3,3,0
S01006512,Electric (including storage heaters) central heating,28,2,26,27,1,26,1,1,0,0,0,0
S01006512,Oil central heating,237,19,218,223,9,214,11,7,4,3,3,0
S01006512,Solid fuel (for example wood coal) central heating,3,2,1,1,0,1,0,0,0,2,2,0
S01006512,Other central heating,12,1,11,12,1,11,0,0,0,0,0,0
S01006512,Two or more types of central heating,13,4,9,9,0,9,1,1,0,3,3,0
S01006513,All people in households,568,64,504,520,28,492,43,31,12,5,5,0
S01006513,No central heating,4,1,3,3,0,3,1,1,0,0,0,0
S01006513,Gas central heating,542,56,486,502,27,475,35,24,11,5,5,0
S01006513,Electric (including storage heaters) central heating,13,5,8,8,1,7,5,4,1,0,0,0
S01006513,Oil central heating,1,0,1,1,0,1,0,0,0,0,0,0
S01006513,Solid fuel (for example wood coal) central heating,0,0,0,0,0,0,0,0,0,0,0,0
S01006513,Other central heating,0,0,0,0,0,0,0,0,0,0,0,0
S01006513,Two or more types of central heating,8,2,6,6,0,6,2,2,0,0,0,0
S01006514,All people in households,940,73,867,887,35,852,43,28,15,10,10,0
S01006514,No central heating,3,1,2,3,1,2,0,0,0,0,0,0
S01006514,Gas central heating,907,68,839,857,31,826,40,27,13,10,10,0
S01006514,Electric (including storage heaters) central heating,15,2,13,14,2,12,1,0,1,0,0,0
S01006514,Oil central heating,10,2,8,9,1,8,1,1,0,0,0,0
S01006514,Solid fuel (for example wood coal) central heating,0,0,0,0,0,0,0,0,0,0,0,0
S01006514,Other central heating,0,0,0,0,0,0,0,0,0,0,0,0
S01006514,Two or more types of central heating,5,0,5,4,0,4,1,0,1,0,0,0
S01006515,All people in households,762,74,688,709,37,672,42,26,16,11,11,0
S01006515,No central heating,1,1,0,0,0,0,1,1,0,0,0,0
S01006515,Gas central heating,667,64,603,621,33,588,36,21,15,10,10,0
S01006515,Electric (including storage heaters) central heating,18,3,15,16,1,15,1,1,0,1,1,0
S01006515,Oil central heating,71,6,65,67,3,64,4,3,1,0,0,0
S01006515,Solid fuel (for example wood coal) central heating,0,0,0,0,0,0,0,0,0,0,0,0
S01006515,Other central heating,5,0,5,5,0,5,0,0,0,0,0,0
S01006515,Two or more types of central heating,0,0,0,0,0,0,0,0,0,0,0,0
S01006516,All people in households,467,47,420,441,26,415,23,18,5,3,3,0
S01006516,No central heating,1,0,1,1,0,1,0,0,0,0,0,0
S01006516,Gas central heating,377,42,335,355,23,332,20,17,3,2,2,0
S01006516,Electric (including storage heaters) central heating,9,1,8,8,1,7,1,0,1,0,0,0
S01006516,Oil central heating,64,3,61,62,2,60,2,1,1,0,0,0
S01006516,Solid fuel (for example wood coal) central heating,0,0,0,0,0,0,0,0,0,0,0,0
S01006516,Other central heating,1,0,1,1,0,1,0,0,0,0,0,0
S01006516,Two or more types of central heating,15,1,14,14,0,14,0,0,0,1,1,0
S01006517,All people in households,1014,136,878,906,50,856,77,57,20,31,29,2
S01006517,No central heating,9,1,8,8,0,8,1,1,0,0,0,0
S01006517,Gas central heating,776,97,679,692,33,659,62,44,18,22,20,2
S01006517,Electric (including storage heaters) central heating,37,9,28,32,4,28,1,1,0,4,4,0
S01006517,Oil central heating,148,21,127,134,9,125,10,8,2,4,4,0
S01006517,Solid fuel (for example wood coal) central heating,5,0,5,5,0,5,0,0,0,0,0,0
S01006517,Other central heating,15,1,14,14,0,14,1,1,0,0,0,0
S01006517,Two or more types of central heating,24,7,17,21,4,17,2,2,0,1,1,0
S01006518,All people in households,627,73,554,584,36,548,38,32,6,5,5,0
S01006518,No central heating,0,0,0,0,0,0,0,0,0,0,0,0
S01006518,Gas central heating,587,69,518,547,34,513,35,30,5,5,5,0
S01006518,Electric (including storage heaters) central heating,13,2,11,12,1,11,1,1,0,0,0,0
S01006518,Oil central heating,17,1,16,16,0,16,1,1,0,0,0,0
S01006518,Solid fuel (for example wood coal) central heating,0,0,0,0,0,0,0,0,0,0,0,0
S01006518,Other central heating,0,0,0,0,0,0,0,0,0,0,0,0
S01006518,Two or more types of central heating,10,1,9,9,1,8,1,0,1,0,0,0
S01006519,All people in households,807,80,727,755,41,714,37,24,13,15,15,0
S01006519,No central heating,0,0,0,0,0,0,0,0,0,0,0,0
S01006519,Gas central heating,772,73,699,724,37,687,33,21,12,15,15,0
S01006519,Electric (including storage heaters) central heating,21,2,19,21,2,19,0,0,0,0,0,0
S01006519,Oil central heating,9,4,5,7,2,5,2,2,0,0,0,0
S01006519,Solid fuel (for example wood coal) central heating,0,0,0,0,0,0,0,0,0,0,0,0
S01006519,Other central heating,0,0,0,0,0,0,0,0,0,0,0,0
S01006519,Two or more types of central heating,5,1,4,3,0,3,2,1,1,0,0,0
S01006520,All people in households,729,39,690,699,15,684,23,17,6,7,7,0
S01006520,No central heating,0,0,0,0,0,0,0,0,0,0,0,0
S01006520,Gas central heating,711,36,675,684,15,669,21,15,6,6,6,0
S01006520,Electric (including storage heaters) central heating,10,2,8,8,0,8,1,1,0,1,1,0
S01006520,Oil central heating,4,1,3,3,0,3,1,1,0,0,0,0
S01006520,Solid fuel (for example wood coal) central heating,0,0,0,0,0,0,0,0,0,0,0,0
S01006520,Other central heating,0,0,0,0,0,0,0,0,0,0,0,0
S01006520,Two or more types of central heating,4,0,4,4,0,4,0,0,0,0,0,0
S01006521,All people in households,663,48,615,633,24,609,26,20,6,4,4,0
S01006521,No central heating,0,0,0,0,0,0,0,0,0,0,0,0
S01006521,Gas central heating,613,45,568,585,23,562,24,18,6,4,4,0
S01006521,Electric (including storage heaters) central heating,19,0,19,19,0,19,0,0,0,0,0,0
S01006521,Oil central heating,19,2,17,18,1,17,1,1,0,0,0,0
S01006521,Solid fuel (for example wood coal) central heating,1,1,0,0,0,0,1,1,0,0,0,0
S01006521,Other central heating,0,0,0,0,0,0,0,0,0,0,0,0
S01006521,Two or more types of central heating,11,0,11,11,0,11,0,0,0,0,0,0
S01006522,All people in households,574,49,525,538,20,518,26,19,7,10,10,0
S01006522,No central heating,2,0,2,2,0,2,0,0,0,0,0,0
S01006522,Gas central heating,517,44,473,487,20,467,20,14,6,10,10,0
S01006522,Electric (including storage heaters) central heating,21,3,18,18,0,18,3,3,0,0,0,0
S01006522,Oil central heating,24,2,22,21,0,21,3,2,1,0,0,0
S01006522,Solid fuel (for example wood coal) central heating,0,0,0,0,0,0,0,0,0,0,0,0
S01006522,Other central heating,0,0,0,0,0,0,0,0,0,0,0,0
S01006522,Two or more types of central heating,10,0,10,10,0,10,0,0,0,0,0,0
S01006523,All people in households,941,147,794,831,55,776,86,69,17,24,23,1
S01006523,No central heating,8,3,5,5,0,5,1,1,0,2,2,0
S01006523,Gas central heating,818,101,717,739,37,702,64,49,15,15,15,0
S01006523,Electric (including storage heaters) central heating,85,36,49,61,15,46,18,16,2,6,5,1
S01006523,Oil central heating,24,7,17,20,3,17,3,3,0,1,1,0
S01006523,Solid fuel (for example wood coal) central heating,0,0,0,0,0,0,0,0,0,0,0,0
S01006523,Other central heating,0,0,0,0,0,0,0,0,0,0,0,0
S01006523,Two or more types of central heating,6,0,6,6,0,6,0,0,0,0,0,0
S01006524,All people in households,711,119,592,620,41,579,71,58,13,20,20,0
S01006524,No central heating,6,2,4,4,0,4,1,1,0,1,1,0
S01006524,Gas central heating,570,70,500,512,21,491,44,35,9,14,14,0
S01006524,Electric (including storage heaters) central heating,69,35,34,45,13,32,20,18,2,4,4,0
S01006524,Oil central heating,52,10,42,47,6,41,4,3,1,1,1,0
S01006524,Solid fuel (for example wood coal) central heating,0,0,0,0,0,0,0,0,0,0,0,0
S01006524,Other central heating,4,1,3,2,0,2,2,1,1,0,0,0
S01006524,Two or more types of central heating,10,1,9,10,1,9,0,0,0,0,0,0
S01006525,All people in households,798,100,698,728,42,686,61,49,12,9,9,0
S01006525,No central heating,4,1,3,4,1,3,0,0,0,0,0,0
S01006525,Gas central heating,737,93,644,674,41,633,55,44,11,8,8,0
S01006525,Electric (including storage heaters) central heating,21,1,20,19,0,19,2,1,1,0,0,0
S01006525,Oil central heating,16,4,12,12,0,12,3,3,0,1,1,0
S01006525,Solid fuel (for example wood coal) central heating,0,0,0,0,0,0,0,0,0,0,0,0
S01006525,Other central heating,0,0,0,0,0,0,0,0,0,0,0,0
S01006525,Two or more types of central heating,20,1,19,19,0,19,1,1,0,0,0,0
S01006526,All people in households,902,183,719,735,63,672,119,73,46,48,47,1
S01006526,No central heating,5,0,5,5,0,5,0,0,0,0,0,0
S01006526,Gas central heating,832,164,668,690,60,630,102,64,38,40,40,0
S01006526,Electric (including storage heaters) central heating,25,13,12,10,1,9,11,8,3,4,4,0
S01006526,Oil central heating,8,2,6,5,0,5,0,0,0,3,2,1
S01006526,Solid fuel (for example wood coal) central heating,0,0,0,0,0,0,0,0,0,0,0,0
S01006526,Other central heating,2,1,1,1,0,1,0,0,0,1,1,0
S01006526,Two or more types of central heating,30,3,27,24,2,22,6,1,5,0,0,0
S01006527,All people in households,674,137,537,544,43,501,93,57,36,37,37,0
S01006527,No central heating,0,0,0,0,0,0,0,0,0,0,0,0
S01006527,Gas central heating,612,124,488,494,40,454,85,51,34,33,33,0
S01006527,Electric (including storage heaters) central heating,30,7,23,23,2,21,6,4,2,1,1,0
S01006527,Oil central heating,12,1,11,11,0,11,1,1,0,0,0,0
S01006527,Solid fuel (for example wood coal) central heating,2,0,2,2,0,2,0,0,0,0,0,0
S01006527,Other central heating,4,1,3,3,0,3,0,0,0,1,1,0
S01006527,Two or more types of central heating,14,4,10,11,1,10,1,1,0,2,2,0
S01006528,All people in households,981,175,806,846,65,781,104,80,24,31,30,1
S01006528,No central heating,6,1,5,6,1,5,0,0,0,0,0,0
S01006528,Gas central heating,878,167,711,750,63,687,98,75,23,30,29,1
S01006528,Electric (including storage heaters) central heating,72,5,67,67,1,66,4,3,1,1,1,0
S01006528,Oil central heating,0,0,0,0,0,0,0,0,0,0,0,0
S01006528,Solid fuel (for example wood coal) central heating,2,1,1,1,0,1,1,1,0,0,0,0
S01006528,Other central heating,0,0,0,0,0,0,0,0,0,0,0,0
S01006528,Two or more types of central heating,23,1,22,22,0,22,1,1,0,0,0,0
S01006529,All people in households,892,161,731,742,45,697,120,86,34,30,30,0
S01006529,No central heating,38,4,34,32,0,32,4,2,2,2,2,0
S01006529,Gas central heating,490,121,369,385,37,348,84,63,21,21,21,0
S01006529,Electric (including storage heaters) central heating,354,30,324,320,7,313,28,17,11,6,6,0
S01006529,Oil central heating,1,1,0,1,1,0,0,0,0,0,0,0
S01006529,Solid fuel (for example wood coal) central heating,0,0,0,0,0,0,0,0,0,0,0,0
S01006529,Other central heating,3,3,0,0,0,0,3,3,0,0,0,0
S01006529,Two or more types of central heating,6,2,4,4,0,4,1,1,0,1,1,0
S01006530,All people in households,748,185,563,571,41,530,118,85,33,59,59,0
S01006530,No central heating,19,2,17,17,0,17,2,2,0,0,0,0
S01006530,Gas central heating,639,162,477,484,36,448,104,75,29,51,51,0
S01006530,Electric (including storage heaters) central heating,66,13,53,54,4,50,8,5,3,4,4,0
S01006530,Oil central heating,0,0,0,0,0,0,0,0,0,0,0,0
S01006530,Solid fuel (for example wood coal) central heating,0,0,0,0,0,0,0,0,0,0,0,0
S01006530,Other central heating,1,1,0,0,0,0,0,0,0,1,1,0
S01006530,Two or more types of central heating,23,7,16,16,1,15,4,3,1,3,3,0
S01006531,All people in households,955,219,736,751,62,689,153,107,46,51,50,1
S01006531,No central heating,6,5,1,2,1,1,2,2,0,2,2,0
S01006531,Gas central heating,897,199,698,710,57,653,140,96,44,47,46,1
S01006531,Electric (including storage heaters) central heating,27,10,17,20,4,16,7,6,1,0,0,0
S01006531,Oil central heating,0,0,0,0,0,0,0,0,0,0,0,0
S01006531,Solid fuel (for example wood coal) central heating,0,0,0,0,0,0,0,0,0,0,0,0
S01006531,Other central heating,0,0,0,0,0,0,0,0,0,0,0,0
S01006531,Two or more types of central heating,25,5,20,19,0,19,4,3,1,2,2,0
S01006532,All people in households,703,122,581,616,54,562,74,55,19,13,13,0
S01006532,No central heating,8,5,3,5,2,3,2,2,0,1,1,0
S01006532,Gas central heating,660,104,556,585,46,539,64,47,17,11,11,0
S01006532,Electric (including storage heaters) central heating,26,8,18,21,4,17,4,3,1,1,1,0
S01006532,Oil central heating,0,0,0,0,0,0,0,0,0,0,0,0
S01006532,Solid fuel (for example wood coal) central heating,0,0,0,0,0,0,0,0,0,0,0,0
S01006532,Other central heating,0,0,0,0,0,0,0,0,0,0,0,0
S01006532,Two or more types of central heating,9,5,4,5,2,3,4,3,1,0,0,0
S01006533,All people in households,694,82,612,645,41,604,43,35,8,6,6,0
S01006533,No central heating,1,0,1,1,0,1,0,0,0,0,0,0
S01006533,Gas central heating,668,74,594,622,36,586,41,33,8,5,5,0
S01006533,Electric (including storage heaters) central heating,13,6,7,11,4,7,1,1,0,1,1,0
S01006533,Oil central heating,2,1,1,1,0,1,1,1,0,0,0,0
S01006533,Solid fuel (for example wood coal) central heating,0,0,0,0,0,0,0,0,0,0,0,0
S01006533,Other central heating,2,0,2,2,0,2,0,0,0,0,0,0
S01006533,Two or more types of central heating,8,1,7,8,1,7,0,0,0,0,0,0
S01006534,All people in households,910,97,813,838,45,793,53,34,19,19,18,1
S01006534,No central heating,14,5,9,13,4,9,0,0,0,1,1,0
S01006534,Gas central heating,823,85,738,761,39,722,45,30,15,17,16,1
S01006534,Electric (including storage heaters) central heating,52,5,47,44,1,43,7,3,4,1,1,0
S01006534,Oil central heating,6,1,5,6,1,5,0,0,0,0,0,0
S01006534,Solid fuel (for example wood coal) central heating,0,0,0,0,0,0,0,0,0,0,0,0
S01006534,Other central heating,2,1,1,1,0,1,1,1,0,0,0,0
S01006534,Two or more types of central heating,13,0,13,13,0,13,0,0,0,0,0,0
S01006535,All people in households,1038,83,955,960,36,924,63,32,31,15,15,0
S01006535,No central heating,23,4,19,18,1,17,5,3,2,0,0,0
S01006535,Gas central heating,917,68,849,857,32,825,47,23,24,13,13,0
S01006535,Electric (including storage heaters) central heating,80,8,72,70,2,68,9,5,4,1,1,0
S01006535,Oil central heating,0,0,0,0,0,0,0,0,0,0,0,0
S01006535,Solid fuel (for example wood coal) central heating,0,0,0,0,0,0,0,0,0,0,0,0
S01006535,Other central heating,4,1,3,3,1,2,1,0,1,0,0,0
S01006535,Two or more types of central heating,14,2,12,12,0,12,1,1,0,1,1,0
S01006536,All people in households,1013,96,917,943,52,891,52,28,24,18,16,2
S01006536,No central heating,38,9,29,34,6,28,4,3,1,0,0,0
S01006536,Gas central heating,844,66,778,797,39,758,34,16,18,13,11,2
S01006536,Electric (including storage heaters) central heating,113,19,94,96,7,89,14,9,5,3,3,0
S01006536,Oil central heating,0,0,0,0,0,0,0,0,0,0,0,0
S01006536,Solid fuel (for example wood coal) central heating,0,0,0,0,0,0,0,0,0,0,0,0
S01006536,Other central heating,1,1,0,0,0,0,0,0,0,1,1,0
S01006536,Two or more types of central heating,17,1,16,16,0,16,0,0,0,1,1,0
S01006537,All people in households,754,107,647,677,50,627,56,36,20,21,21,0
S01006537,No central heating,3,2,1,0,0,0,2,1,1,1,1,0
S01006537,Gas central heating,716,99,617,650,50,600,48,31,17,18,18,0
S01006537,Electric (including storage heaters) central heating,31,5,26,24,0,24,5,3,2,2,2,0
S01006537,Oil central heating,3,1,2,2,0,2,1,1,0,0,0,0
S01006537,Solid fuel (for example wood coal) central heating,0,0,0,0,0,0,0,0,0,0,0,0
S01006537,Other central heating,0,0,0,0,0,0,0,0,0,0,0,0
S01006537,Two or more types of central heating,1,0,1,1,0,1,0,0,0,0,0,0
S01006538,All people in households,569,88,481,507,41,466,49,34,15,13,13,0
S01006538,No central heating,4,0,4,4,0,4,0,0,0,0,0,0
S01006538,Gas central heating,542,84,458,483,40,443,47,32,15,12,12,0
S01006538,Electric (including storage heaters) central heating,15,4,11,12,1,11,2,2,0,1,1,0
S01006538,Oil central heating,6,0,6,6,0,6,0,0,0,0,0,0
S01006538,Solid fuel (for example wood coal) central heating,0,0,0,0,0,0,0,0,0,0,0,0
S01006538,Other central heating,0,0,0,0,0,0,0,0,0,0,0,0
S01006538,Two or more types of central heating,2,0,2,2,0,2,0,0,0,0,0,0
S01006539,All people in households,713,90,623,637,35,602,59,38,21,17,17,0
S01006539,No central heating,6,2,4,4,0,4,1,1,0,1,1,0
S01006539,Gas central heating,664,82,582,594,32,562,55,35,20,15,15,0
S01006539,Electric (including storage heaters) central heating,19,2,17,17,1,16,1,0,1,1,1,0
S01006539,Oil central heating,5,1,4,5,1,4,0,0,0,0,0,0
S01006539,Solid fuel (for example wood coal) central heating,0,0,0,0,0,0,0,0,0,0,0,0
S01006539,Other central heating,2,0,2,2,0,2,0,0,0,0,0,0
S01006539,Two or more types of central heating,17,3,14,15,1,14,2,2,0,0,0,0
S01006540,All people in households,960,127,833,858,47,811,81,63,18,21,17,4
S01006540,No central heating,14,2,12,11,0,11,2,2,0,1,0,1
S01006540,Gas central heating,903,123,780,808,46,762,76,60,16,19,17,2
S01006540,Electric (including storage heaters) central heating,32,2,30,28,1,27,3,1,2,1,0,1
S01006540,Oil central heating,0,0,0,0,0,0,0,0,0,0,0,0
S01006540,Solid fuel (for example wood coal) central heating,0,0,0,0,0,0,0,0,0,0,0,0
S01006540,Other central heating,2,0,2,2,0,2,0,0,0,0,0,0
S01006540,Two or more types of central heating,9,0,9,9,0,9,0,0,0,0,0,0
S01006541,All people in households,801,155,646,686,50,636,93,83,10,22,22,0
S01006541,No central heating,1,1,0,0,0,0,0,0,0,1,1,0
S01006541,Gas central heating,743,130,613,646,43,603,79,69,10,18,18,0
S01006541,Electric (including storage heaters) central heating,35,19,16,20,4,16,13,13,0,2,2,0
S01006541,Oil central heating,6,1,5,6,1,5,0,0,0,0,0,0
S01006541,Solid fuel (for example wood coal) central heating,0,0,0,0,0,0,0,0,0,0,0,0
S01006541,Other central heating,3,3,0,1,1,0,1,1,0,1,1,0
S01006541,Two or more types of central heating,13,1,12,13,1,12,0,0,0,0,0,0
S01006542,All people in households,1000,150,850,885,58,827,89,67,22,26,25,1
S01006542,No central heating,11,2,9,11,2,9,0,0,0,0,0,0
S01006542,Gas central heating,868,124,744,771,46,725,74,55,19,23,23,0
S01006542,Electric (including storage heaters) central heating,100,18,82,88,9,79,10,8,2,2,1,1
S01006542,Oil central heating,8,3,5,6,1,5,1,1,0,1,1,0
S01006542,Solid fuel (for example wood coal) central heating,2,0,2,2,0,2,0,0,0,0,0,0
S01006542,Other central heating,1,0,1,1,0,1,0,0,0,0,0,0
S01006542,Two or more types of central heating,10,3,7,6,0,6,4,3,1,0,0,0
S01006543,All people in households,797,148,649,701,68,633,79,63,16,17,17,0
S01006543,No central heating,0,0,0,0,0,0,0,0,0,0,0,0
S01006543,Gas central heating,755,134,621,670,64,606,71,56,15,14,14,0
S01006543,Electric (including storage heaters) central heating,31,10,21,23,3,20,7,6,1,1,1,0
S01006543,Oil central heating,1,1,0,1,1,0,0,0,0,0,0,0
S01006543,Solid fuel (for example wood coal) central heating,0,0,0,0,0,0,0,0,0,0,0,0
S01006543,Other central heating,6,3,3,3,0,3,1,1,0,2,2,0
S01006543,Two or more types of central heating,4,0,4,4,0,4,0,0,0,0,0,0
S01006544,All people in households,1020,101,919,935,40,895,69,46,23,16,15,1
S01006544,No central heating,4,2,2,3,1,2,1,1,0,0,0,0
S01006544,Gas central heating,932,87,845,858,36,822,60,38,22,14,13,1
S01006544,Electric (including storage heaters) central heating,29,6,23,24,2,22,4,3,1,1,1,0
S01006544,Oil central heating,17,5,12,13,1,12,3,3,0,1,1,0
S01006544,Solid fuel (for example wood coal) central heating,0,0,0,0,0,0,0,0,0,0,0,0
S01006544,Other central heating,2,0,2,2,0,2,0,0,0,0,0,0
S01006544,Two or more types of central heating,36,1,35,35,0,35,1,1,0,0,0,0
S01006545,All people in households,1065,188,877,912,64,848,121,95,26,32,29,3
S01006545,No central heating,18,4,14,14,1,13,3,2,1,1,1,0
S01006545,Gas central heating,927,144,783,809,51,758,93,71,22,25,22,3
S01006545,Electric (including storage heaters) central heating,94,34,60,69,11,58,21,19,2,4,4,0
S01006545,Oil central heating,2,1,1,2,1,1,0,0,0,0,0,0
S01006545,Solid fuel (for example wood coal) central heating,2,2,0,0,0,0,2,2,0,0,0,0
S01006545,Other central heating,0,0,0,0,0,0,0,0,0,0,0,0
S01006545,Two or more types of central heating,22,3,19,18,0,18,2,1,1,2,2,0
S01006546,All people in households,626,91,535,569,41,528,42,36,6,15,14,1
S01006546,No central heating,6,0,6,5,0,5,1,0,1,0,0,0
S01006546,Gas central heating,604,89,515,548,39,509,41,36,5,15,14,1
S01006546,Electric (including storage heaters) central heating,13,2,11,13,2,11,0,0,0,0,0,0
S01006546,Oil central heating,0,0,0,0,0,0,0,0,0,0,0,0
S01006546,Solid fuel (for example wood coal) central heating,0,0,0,0,0,0,0,0,0,0,0,0
S01006546,Other central heating,0,0,0,0,0,0,0,0,0,0,0,0
S01006546,Two or more types of central heating,3,0,3,3,0,3,0,0,0,0,0,0
S01006547,All people in households,907,183,724,734,55,679,118,75,43,55,53,2
S01006547,No central heating,18,6,12,13,2,11,3,2,1,2,2,0
S01006547,Gas central heating,667,144,523,530,42,488,95,62,33,42,40,2
S01006547,Electric (including storage heaters) central heating,62,18,44,48,7,41,9,6,3,5,5,0
S01006547,Oil central heating,104,5,99,96,0,96,5,2,3,3,3,0
S01006547,Solid fuel (for example wood coal) central heating,3,1,2,3,1,2,0,0,0,0,0,0
S01006547,Other central heating,34,3,31,29,0,29,3,1,2,2,2,0
S01006547,Two or more types of central heating,19,6,13,15,3,12,3,2,1,1,1,0
S01006548,All people in households,721,102,619,665,60,605,47,33,14,9,9,0
S01006548,No central heating,8,1,7,7,0,7,1,1,0,0,0,0
S01006548,Gas central heating,688,94,594,638,56,582,44,32,12,6,6,0
S01006548,Electric (including storage heaters) central heating,14,4,10,13,4,9,1,0,1,0,0,0
S01006548,Oil central heating,2,0,2,2,0,2,0,0,0,0,0,0
S01006548,Solid fuel (for example wood coal) central heating,0,0,0,0,0,0,0,0,0,0,0,0
S01006548,Other central heating,2,1,1,1,0,1,0,0,0,1,1,0
S01006548,Two or more types of central heating,7,2,5,4,0,4,1,0,1,2,2,0
S01006549,All people in households,811,128,683,735,61,674,58,49,9,18,18,0
S01006549,No central heating,1,0,1,1,0,1,0,0,0,0,0,0
S01006549,Gas central heating,783,120,663,712,58,654,54,45,9,17,17,0
S01006549,Electric (including storage heaters) central heating,8,5,3,5,2,3,3,3,0,0,0,0
S01006549,Oil central heating,8,1,7,8,1,7,0,0,0,0,0,0
S01006549,Solid fuel (for example wood coal) central heating,0,0,0,0,0,0,0,0,0,0,0,0
S01006549,Other central heating,2,0,2,2,0,2,0,0,0,0,0,0
S01006549,Two or more types of central heating,9,2,7,7,0,7,1,1,0,1,1,0
S01006550,All people in households,909,141,768,811,63,748,84,64,20,14,14,0
S01006550,No central heating,2,0,2,2,0,2,0,0,0,0,0,0
S01006550,Gas central heating,880,132,748,789,60,729,78,59,19,13,13,0
S01006550,Electric (including storage heaters) central heating,11,6,5,6,2,4,4,3,1,1,1,0
S01006550,Oil central heating,10,0,10,10,0,10,0,0,0,0,0,0
S01006550,Solid fuel (for example wood coal) central heating,0,0,0,0,0,0,0,0,0,0,0,0
S01006550,Other central heating,2,1,1,1,0,1,1,1,0,0,0,0
S01006550,Two or more types of central heating,4,2,2,3,1,2,1,1,0,0,0,0
S01006551,All people in households,690,166,524,562,63,499,87,62,25,41,41,0
S01006551,No central heating,24,5,19,17,1,16,6,3,3,1,1,0
S01006551,Gas central heating,491,102,389,419,43,376,52,39,13,20,20,0
S01006551,Electric (including storage heaters) central heating,95,32,63,67,11,56,20,13,7,8,8,0
S01006551,Oil central heating,7,1,6,6,0,6,0,0,0,1,1,0
S01006551,Solid fuel (for example wood coal) central heating,4,2,2,2,0,2,1,1,0,1,1,0
S01006551,Other central heating,60,21,39,44,7,37,8,6,2,8,8,0
S01006551,Two or more types of central heating,9,3,6,7,1,6,0,0,0,2,2,0
S01006552,All people in households,870,118,752,782,58,724,74,46,28,14,14,0
S01006552,No central heating,5,2,3,5,2,3,0,0,0,0,0,0
S01006552,Gas central heating,820,101,719,739,47,692,71,44,27,10,10,0
S01006552,Electric (including storage heaters) central heating,21,10,11,19,8,11,1,1,0,1,1,0
S01006552,Oil central heating,10,1,9,8,0,8,2,1,1,0,0,0
S01006552,Solid fuel (for example wood coal) central heating,0,0,0,0,0,0,0,0,0,0,0,0
S01006552,Other central heating,0,0,0,0,0,0,0,0,0,0,0,0
S01006552,Two or more types of central heating,14,4,10,11,1,10,0,0,0,3,3,0
S01006553,All people in households,826,205,621,654,60,594,120,95,25,52,50,2
S01006553,No central heating,5,1,4,4,0,4,0,0,0,1,1,0
S01006553,Gas central heating,781,187,594,622,55,567,112,87,25,47,45,2
S01006553,Electric (including storage heaters) central heating,28,15,13,18,5,13,7,7,0,3,3,0
S01006553,Oil central heating,4,2,2,2,0,2,1,1,0,1,1,0
S01006553,Solid fuel (for example wood coal) central heating,0,0,0,0,0,0,0,0,0,0,0,0
S01006553,Other central heating,0,0,0,0,0,0,0,0,0,0,0,0
S01006553,Two or more types of central heating,8,0,8,8,0,8,0,0,0,0,0,0
S01006554,All people in households,692,130,562,576,43,533,78,52,26,38,35,3
S01006554,No central heating,8,2,6,7,1,6,1,1,0,0,0,0
S01006554,Gas central heating,625,110,515,523,36,487,66,41,25,36,33,3
S01006554,Electric (including storage heaters) central heating,29,12,17,21,5,16,6,5,1,2,2,0
S01006554,Oil central heating,4,2,2,3,1,2,1,1,0,0,0,0
S01006554,Solid fuel (for example wood coal) central heating,0,0,0,0,0,0,0,0,0,0,0,0
S01006554,Other central heating,0,0,0,0,0,0,0,0,0,0,0,0
S01006554,Two or more types of central heating,26,4,22,22,0,22,4,4,0,0,0,0
S01006555,All people in households,763,146,617,632,52,580,105,68,37,26,26,0
S01006555,No central heating,11,0,11,11,0,11,0,0,0,0,0,0
S01006555,Gas central heating,643,129,514,530,46,484,89,59,30,24,24,0
S01006555,Electric (including storage heaters) central heating,87,13,74,75,6,69,10,5,5,2,2,0
S01006555,Oil central heating,2,0,2,2,0,2,0,0,0,0,0,0
S01006555,Solid fuel (for example wood coal) central heating,0,0,0,0,0,0,0,0,0,0,0,0
S01006555,Other central heating,0,0,0,0,0,0,0,0,0,0,0,0
S01006555,Two or more types of central heating,20,4,16,14,0,14,6,4,2,0,0,0
S01006556,All people in households,838,238,600,631,67,564,137,104,33,70,67,3
S01006556,No central heating,8,3,5,6,1,5,1,1,0,1,1,0
S01006556,Gas central heating,760,203,557,585,60,525,117,88,29,58,55,3
S01006556,Electric (including storage heaters) central heating,44,24,20,21,4,17,15,12,3,8,8,0
S01006556,Oil central heating,0,0,0,0,0,0,0,0,0,0,0,0
S01006556,Solid fuel (for example wood coal) central heating,4,0,4,4,0,4,0,0,0,0,0,0
S01006556,Other central heating,2,0,2,1,0,1,1,0,1,0,0,0
S01006556,Two or more types of central heating,20,8,12,14,2,12,3,3,0,3,3,0
S01006557,All people in households,701,161,540,552,47,505,106,72,34,43,42,1
S01006557,No central heating,3,2,1,1,0,1,2,2,0,0,0,0
S01006557,Gas central heating,637,145,492,507,45,462,92,63,29,38,37,1
S01006557,Electric (including storage heaters) central heating,40,12,28,25,1,24,10,6,4,5,5,0
S01006557,Oil central heating,0,0,0,0,0,0,0,0,0,0,0,0
S01006557,Solid fuel (for example wood coal) central heating,0,0,0,0,0,0,0,0,0,0,0,0
S01006557,Other central heating,0,0,0,0,0,0,0,0,0,0,0,0
S01006557,Two or more types of central heating,21,2,19,19,1,18,2,1,1,0,0,0
S01006558,All people in households,622,78,544,556,26,530,51,37,14,15,15,0
S01006558,No central heating,23,3,20,19,1,18,3,1,2,1,1,0
S01006558,Gas central heating,503,45,458,468,17,451,31,24,7,4,4,0
S01006558,Electric (including storage heaters) central heating,79,29,50,53,7,46,16,12,4,10,10,0
S01006558,Oil central heating,0,0,0,0,0,0,0,0,0,0,0,0
S01006558,Solid fuel (for example wood coal) central heating,0,0,0,0,0,0,0,0,0,0,0,0
S01006558,Other central heating,0,0,0,0,0,0,0,0,0,0,0,0
S01006558,Two or more types of central heating,17,1,16,16,1,15,1,0,1,0,0,0
S01006559,All people in households,607,49,558,568,24,544,32,20,12,7,5,2
S01006559,No central heating,1,1,0,0,0,0,1,1,0,0,0,0
S01006559,Gas central heating,562,35,527,531,16,515,25,15,10,6,4,2
S01006559,Electric (including storage heaters) central heating,30,9,21,24,5,19,5,3,2,1,1,0
S01006559,Oil central heating,1,0,1,1,0,1,0,0,0,0,0,0
S01006559,Solid fuel (for example wood coal) central heating,0,0,0,0,0,0,0,0,0,0,0,0
S01006559,Other central heating,1,1,0,1,1,0,0,0,0,0,0,0
S01006559,Two or more types of central heating,12,3,9,11,2,9,1,1,0,0,0,0
S01006560,All people in households,985,126,859,901,57,844,65,50,15,19,19,0
S01006560,No central heating,10,0,10,10,0,10,0,0,0,0,0,0
S01006560,Gas central heating,870,63,807,833,36,797,30,20,10,7,7,0
S01006560,Electric (including storage heaters) central heating,89,63,26,44,21,23,33,30,3,12,12,0
S01006560,Oil central heating,4,0,4,3,0,3,1,0,1,0,0,0
S01006560,Solid fuel (for example wood coal) central heating,0,0,0,0,0,0,0,0,0,0,0,0
S01006560,Other central heating,0,0,0,0,0,0,0,0,0,0,0,0
S01006560,Two or more types of central heating,12,0,12,11,0,11,1,0,1,0,0,0
S01006561,All people in households,766,99,667,706,50,656,47,36,11,13,13,0
S01006561,No central heating,1,0,1,1,0,1,0,0,0,0,0,0
S01006561,Gas central heating,738,90,648,683,45,638,42,32,10,13,13,0
S01006561,Electric (including storage heaters) central heating,17,7,10,13,4,9,4,3,1,0,0,0
S01006561,Oil central heating,0,0,0,0,0,0,0,0,0,0,0,0
S01006561,Solid fuel (for example wood coal) central heating,0,0,0,0,0,0,0,0,0,0,0,0
S01006561,Other central heating,0,0,0,0,0,0,0,0,0,0,0,0
S01006561,Two or more types of central heating,10,2,8,9,1,8,1,1,0,0,0,0
S01006562,All people in households,703,146,557,593,53,540,79,63,16,31,30,1
S01006562,No central heating,6,2,4,5,2,3,1,0,1,0,0,0
S01006562,Gas central heating,635,116,519,543,40,503,67,52,15,25,24,1
S01006562,Electric (including storage heaters) central heating,41,16,25,32,7,25,7,7,0,2,2,0
S01006562,Oil central heating,1,1,0,0,0,0,1,1,0,0,0,0
S01006562,Solid fuel (for example wood coal) central heating,0,0,0,0,0,0,0,0,0,0,0,0
S01006562,Other central heating,1,1,0,0,0,0,1,1,0,0,0,0
S01006562,Two or more types of central heating,19,10,9,13,4,9,2,2,0,4,4,0
S01006563,All people in households,824,115,709,725,40,685,76,52,24,23,23,0
S01006563,No central heating,11,4,7,8,1,7,1,1,0,2,2,0
S01006563,Gas central heating,715,95,620,635,36,599,64,43,21,16,16,0
S01006563,Electric (including storage heaters) central heating,70,15,55,54,2,52,11,8,3,5,5,0
S01006563,Oil central heating,2,0,2,2,0,2,0,0,0,0,0,0
S01006563,Solid fuel (for example wood coal) central heating,0,0,0,0,0,0,0,0,0,0,0,0
S01006563,Other central heating,0,0,0,0,0,0,0,0,0,0,0,0
S01006563,Two or more types of central heating,26,1,25,26,1,25,0,0,0,0,0,0
S01006564,All people in households,980,161,819,835,51,784,103,73,30,42,37,5
S01006564,No central heating,37,7,30,32,3,29,2,1,1,3,3,0
S01006564,Gas central heating,719,97,622,636,34,602,59,41,18,24,22,2
S01006564,Electric (including storage heaters) central heating,171,46,125,122,9,113,37,27,10,12,10,2
S01006564,Oil central heating,0,0,0,0,0,0,0,0,0,0,0,0
S01006564,Solid fuel (for example wood coal) central heating,0,0,0,0,0,0,0,0,0,0,0,0
S01006564,Other central heating,3,2,1,1,0,1,1,1,0,1,1,0
S01006564,Two or more types of central heating,50,9,41,44,5,39,4,3,1,2,1,1
S01006565,All people in households,850,120,730,728,35,693,78,43,35,44,42,2
S01006565,No central heating,51,7,44,44,3,41,6,3,3,1,1,0
S01006565,Gas central heating,567,96,471,473,26,447,57,34,23,37,36,1
S01006565,Electric (including storage heaters) central heating,199,12,187,182,4,178,13,5,8,4,3,1
S01006565,Oil central heating,1,1,0,1,1,0,0,0,0,0,0,0
S01006565,Solid fuel (for example wood coal) central heating,0,0,0,0,0,0,0,0,0,0,0,0
S01006565,Other central heating,2,0,2,2,0,2,0,0,0,0,0,0
S01006565,Two or more types of central heating,30,4,26,26,1,25,2,1,1,2,2,0
S01006566,All people in households,748,69,679,695,28,667,37,25,12,16,16,0
S01006566,No central heating,22,2,20,21,1,20,1,1,0,0,0,0
S01006566,Gas central heating,642,60,582,596,23,573,31,22,9,15,15,0
S01006566,Electric (including storage heaters) central heating,59,5,54,54,2,52,4,2,2,1,1,0
S01006566,Oil central heating,0,0,0,0,0,0,0,0,0,0,0,0
S01006566,Solid fuel (for example wood coal) central heating,0,0,0,0,0,0,0,0,0,0,0,0
S01006566,Other central heating,0,0,0,0,0,0,0,0,0,0,0,0
S01006566,Two or more types of central heating,25,2,23,24,2,22,1,0,1,0,0,0
S01006567,All people in households,835,144,691,709,52,657,83,56,27,43,36,7
S01006567,No central heating,48,4,44,45,2,43,1,0,1,2,2,0
S01006567,Gas central heating,641,110,531,540,38,502,68,46,22,33,26,7
S01006567,Electric (including storage heaters) central heating,121,25,96,103,11,92,11,7,4,7,7,0
S01006567,Oil central heating,2,0,2,2,0,2,0,0,0,0,0,0
S01006567,Solid fuel (for example wood coal) central heating,0,0,0,0,0,0,0,0,0,0,0,0
S01006567,Other central heating,0,0,0,0,0,0,0,0,0,0,0,0
S01006567,Two or more types of central heating,23,5,18,19,1,18,3,3,0,1,1,0
S01006568,All people in households,923,57,866,859,17,842,50,28,22,14,12,2
S01006568,No central heating,45,5,40,38,1,37,4,1,3,3,3,0
S01006568,Gas central heating,718,39,679,678,13,665,33,21,12,7,5,2
S01006568,Electric (including storage heaters) central heating,129,9,120,114,1,113,12,5,7,3,3,0
S01006568,Oil central heating,9,0,9,9,0,9,0,0,0,0,0,0
S01006568,Solid fuel (for example wood coal) central heating,0,0,0,0,0,0,0,0,0,0,0,0
S01006568,Other central heating,0,0,0,0,0,0,0,0,0,0,0,0
S01006568,Two or more types of central heating,22,4,18,20,2,18,1,1,0,1,1,0
S01006569,All people in households,566,55,511,518,20,498,32,20,12,16,15,1
S01006569,No central heating,17,2,15,17,2,15,0,0,0,0,0,0
S01006569,Gas central heating,482,45,437,442,16,426,26,16,10,14,13,1
S01006569,Electric (including storage heaters) central heating,58,8,50,50,2,48,6,4,2,2,2,0
S01006569,Oil central heating,0,0,0,0,0,0,0,0,0,0,0,0
S01006569,Solid fuel (for example wood coal) central heating,0,0,0,0,0,0,0,0,0,0,0,0
S01006569,Other central heating,0,0,0,0,0,0,0,0,0,0,0,0
S01006569,Two or more types of central heating,9,0,9,9,0,9,0,0,0,0,0,0
S01006570,All people in households,783,72,711,722,29,693,47,30,17,14,13,1
S01006570,No central heating,11,1,10,9,0,9,2,1,1,0,0,0
S01006570,Gas central heating,710,57,653,664,23,641,36,24,12,10,10,0
S01006570,Electric (including storage heaters) central heating,28,6,22,22,2,20,4,2,2,2,2,0
S01006570,Oil central heating,4,4,0,2,2,0,2,2,0,0,0,0
S01006570,Solid fuel (for example wood coal) central heating,0,0,0,0,0,0,0,0,0,0,0,0
S01006570,Other central heating,0,0,0,0,0,0,0,0,0,0,0,0
S01006570,Two or more types of central heating,30,4,26,25,2,23,3,1,2,2,1,1
S01006571,All people in households,886,87,799,820,39,781,50,34,16,16,14,2
S01006571,No central heating,29,5,24,26,3,23,2,1,1,1,1,0
S01006571,Gas central heating,792,72,720,736,33,703,43,28,15,13,11,2
S01006571,Electric (including storage heaters) central heating,39,8,31,33,2,31,5,5,0,1,1,0
S01006571,Oil central heating,3,0,3,3,0,3,0,0,0,0,0,0
S01006571,Solid fuel (for example wood coal) central heating,0,0,0,0,0,0,0,0,0,0,0,0
S01006571,Other central heating,0,0,0,0,0,0,0,0,0,0,0,0
S01006571,Two or more types of central heating,23,2,21,22,1,21,0,0,0,1,1,0
S01006572,All people in households,901,90,811,843,46,797,43,29,14,15,15,0
S01006572,No central heating,6,1,5,6,1,5,0,0,0,0,0,0
S01006572,Gas central heating,862,85,777,808,44,764,40,27,13,14,14,0
S01006572,Electric (including storage heaters) central heating,11,2,9,10,1,9,0,0,0,1,1,0
S01006572,Oil central heating,8,1,7,6,0,6,2,1,1,0,0,0
S01006572,Solid fuel (for example wood coal) central heating,0,0,0,0,0,0,0,0,0,0,0,0
S01006572,Other central heating,0,0,0,0,0,0,0,0,0,0,0,0
S01006572,Two or more types of central heating,14,1,13,13,0,13,1,1,0,0,0,0
S01006573,All people in households,724,62,662,675,23,652,37,27,10,12,12,0
S01006573,No central heating,6,0,6,6,0,6,0,0,0,0,0,0
S01006573,Gas central heating,683,54,629,640,21,619,34,24,10,9,9,0
S01006573,Electric (including storage heaters) central heating,24,7,17,18,1,17,3,3,0,3,3,0
S01006573,Oil central heating,3,0,3,3,0,3,0,0,0,0,0,0
S01006573,Solid fuel (for example wood coal) central heating,0,0,0,0,0,0,0,0,0,0,0,0
S01006573,Other central heating,0,0,0,0,0,0,0,0,0,0,0,0
S01006573,Two or more types of central heating,8,1,7,8,1,7,0,0,0,0,0,0
S01006574,All people in households,977,93,884,926,49,877,42,35,7,9,9,0
S01006574,No central heating,9,2,7,9,2,7,0,0,0,0,0,0
S01006574,Gas central heating,871,82,789,827,43,784,36,31,5,8,8,0
S01006574,Electric (including storage heaters) central heating,77,5,72,72,2,70,4,2,2,1,1,0
S01006574,Oil central heating,4,0,4,4,0,4,0,0,0,0,0,0
S01006574,Solid fuel (for example wood coal) central heating,0,0,0,0,0,0,0,0,0,0,0,0
S01006574,Other central heating,0,0,0,0,0,0,0,0,0,0,0,0
S01006574,Two or more types of central heating,16,4,12,14,2,12,2,2,0,0,0,0
S01006575,All people in households,909,90,819,851,53,798,50,29,21,8,8,0
S01006575,No central heating,9,6,3,7,4,3,2,2,0,0,0,0
S01006575,Gas central heating,853,75,778,799,41,758,46,26,20,8,8,0
S01006575,Electric (including storage heaters) central heating,26,9,17,25,8,17,1,1,0,0,0,0
S01006575,Oil central heating,2,0,2,2,0,2,0,0,0,0,0,0
S01006575,Solid fuel (for example wood coal) central heating,0,0,0,0,0,0,0,0,0,0,0,0
S01006575,Other central heating,0,0,0,0,0,0,0,0,0,0,0,0
S01006575,Two or more types of central heating,19,0,19,18,0,18,1,0,1,0,0,0
S01006576,All people in households,714,71,643,649,27,622,51,30,21,14,14,0
S01006576,No central heating,8,2,6,4,0,4,4,2,2,0,0,0
S01006576,Gas central heating,652,58,594,601,24,577,41,24,17,10,10,0
S01006576,Electric (including storage heaters) central heating,38,6,32,32,1,31,2,1,1,4,4,0
S01006576,Oil central heating,4,3,1,1,1,0,3,2,1,0,0,0
S01006576,Solid fuel (for example wood coal) central heating,0,0,0,0,0,0,0,0,0,0,0,0
S01006576,Other central heating,0,0,0,0,0,0,0,0,0,0,0,0
S01006576,Two or more types of central heating,12,2,10,11,1,10,1,1,0,0,0,0
S01006577,All people in households,769,57,712,715,24,691,43,22,21,11,11,0
S01006577,No central heating,24,2,22,23,2,21,1,0,1,0,0,0
S01006577,Gas central heating,678,51,627,626,19,607,42,22,20,10,10,0
S01006577,Electric (including storage heaters) central heating,48,4,44,47,3,44,0,0,0,1,1,0
S01006577,Oil central heating,3,0,3,3,0,3,0,0,0,0,0,0
S01006577,Solid fuel (for example wood coal) central heating,1,0,1,1,0,1,0,0,0,0,0,0
S01006577,Other central heating,2,0,2,2,0,2,0,0,0,0,0,0
S01006577,Two or more types of central heating,13,0,13,13,0,13,0,0,0,0,0,0
S01006578,All people in households,1032,100,932,931,35,896,76,43,33,25,22,3
S01006578,No central heating,49,5,44,42,1,41,7,4,3,0,0,0
S01006578,Gas central heating,822,80,742,740,29,711,59,31,28,23,20,3
S01006578,Electric (including storage heaters) central heating,132,14,118,120,4,116,10,8,2,2,2,0
S01006578,Oil central heating,6,0,6,6,0,6,0,0,0,0,0,0
S01006578,Solid fuel (for example wood coal) central heating,0,0,0,0,0,0,0,0,0,0,0,0
S01006578,Other central heating,0,0,0,0,0,0,0,0,0,0,0,0
S01006578,Two or more types of central heating,23,1,22,23,1,22,0,0,0,0,0,0
S01006579,All people in households,964,75,889,891,30,861,56,29,27,17,16,1
S01006579,No central heating,33,6,27,31,4,27,1,1,0,1,1,0
S01006579,Gas central heating,720,54,666,668,23,645,39,18,21,13,13,0
S01006579,Electric (including storage heaters) central heating,186,13,173,169,2,167,15,9,6,2,2,0
S01006579,Oil central heating,4,1,3,3,0,3,1,1,0,0,0,0
S01006579,Solid fuel (for example wood coal) central heating,0,0,0,0,0,0,0,0,0,0,0,0
S01006579,Other central heating,0,0,0,0,0,0,0,0,0,0,0,0
S01006579,Two or more types of central heating,21,1,20,20,1,19,0,0,0,1,0,1
S01006580,All people in households,712,65,647,645,27,618,56,28,28,11,10,1
S01006580,No central heating,35,6,29,25,1,24,9,4,5,1,1,0
S01006580,Gas central heating,600,49,551,555,24,531,37,17,20,8,8,0
S01006580,Electric (including storage heaters) central heating,45,6,39,39,1,38,5,4,1,1,1,0
S01006580,Oil central heating,0,0,0,0,0,0,0,0,0,0,0,0
S01006580,Solid fuel (for example wood coal) central heating,0,0,0,0,0,0,0,0,0,0,0,0
S01006580,Other central heating,3,0,3,3,0,3,0,0,0,0,0,0
S01006580,Two or more types of central heating,29,4,25,23,1,22,5,3,2,1,0,1
S01006581,All people in households,889,107,782,822,58,764,60,43,17,7,6,1
S01006581,No central heating,15,5,10,11,1,10,4,4,0,0,0,0
S01006581,Gas central heating,791,83,708,739,47,692,46,30,16,6,6,0
S01006581,Electric (including storage heaters) central heating,61,18,43,50,9,41,10,9,1,1,0,1
S01006581,Oil central heating,2,0,2,2,0,2,0,0,0,0,0,0
S01006581,Solid fuel (for example wood coal) central heating,0,0,0,0,0,0,0,0,0,0,0,0
S01006581,Other central heating,0,0,0,0,0,0,0,0,0,0,0,0
S01006581,Two or more types of central heating,20,1,19,20,1,19,0,0,0,0,0,0
S01006582,All people in households,797,50,747,744,21,723,46,22,24,7,7,0
S01006582,No central heating,45,2,43,43,1,42,2,1,1,0,0,0
S01006582,Gas central heating,536,42,494,500,19,481,30,17,13,6,6,0
S01006582,Electric (including storage heaters) central heating,203,6,197,189,1,188,13,4,9,1,1,0
S01006582,Oil central heating,3,0,3,3,0,3,0,0,0,0,0,0
S01006582,Solid fuel (for example wood coal) central heating,0,0,0,0,0,0,0,0,0,0,0,0
S01006582,Other central heating,2,0,2,2,0,2,0,0,0,0,0,0
S01006582,Two or more types of central heating,8,0,8,7,0,7,1,0,1,0,0,0
S01006583,All people in households,712,45,667,665,21,644,38,16,22,9,8,1
S01006583,No central heating,21,4,17,17,1,16,3,2,1,1,1,0
S01006583,Gas central heating,421,29,392,388,12,376,27,12,15,6,5,1
S01006583,Electric (including storage heaters) central heating,251,10,241,244,8,236,7,2,5,0,0,0
S01006583,Oil central heating,0,0,0,0,0,0,0,0,0,0,0,0
S01006583,Solid fuel (for example wood coal) central heating,0,0,0,0,0,0,0,0,0,0,0,0
S01006583,Other central heating,0,0,0,0,0,0,0,0,0,0,0,0
S01006583,Two or more types of central heating,19,2,17,16,0,16,1,0,1,2,2,0
S01006584,All people in households,628,33,595,581,15,566,45,16,29,2,2,0
S01006584,No central heating,27,2,25,25,2,23,2,0,2,0,0,0
S01006584,Gas central heating,436,23,413,404,10,394,31,12,19,1,1,0
S01006584,Electric (including storage heaters) central heating,155,7,148,142,2,140,12,4,8,1,1,0
S01006584,Oil central heating,0,0,0,0,0,0,0,0,0,0,0,0
S01006584,Solid fuel (for example wood coal) central heating,0,0,0,0,0,0,0,0,0,0,0,0
S01006584,Other central heating,1,0,1,1,0,1,0,0,0,0,0,0
S01006584,Two or more types of central heating,9,1,8,9,1,8,0,0,0,0,0,0
S01006585,All people in households,795,114,681,667,30,637,89,47,42,39,37,2
S01006585,No central heating,46,8,38,37,2,35,7,4,3,2,2,0
S01006585,Gas central heating,340,36,304,295,9,286,26,10,16,19,17,2
S01006585,Electric (including storage heaters) central heating,380,67,313,309,18,291,53,31,22,18,18,0
S01006585,Oil central heating,6,1,5,4,0,4,2,1,1,0,0,0
S01006585,Solid fuel (for example wood coal) central heating,0,0,0,0,0,0,0,0,0,0,0,0
S01006585,Other central heating,1,1,0,0,0,0,1,1,0,0,0,0
S01006585,Two or more types of central heating,22,1,21,22,1,21,0,0,0,0,0,0
S01006586,All people in households,1017,179,838,831,49,782,132,79,53,54,51,3
S01006586,No central heating,76,11,65,57,2,55,14,4,10,5,5,0
S01006586,Gas central heating,579,99,480,484,30,454,68,45,23,27,24,3
S01006586,Electric (including storage heaters) central heating,309,59,250,249,15,234,41,25,16,19,19,0
S01006586,Oil central heating,0,0,0,0,0,0,0,0,0,0,0,0
S01006586,Solid fuel (for example wood coal) central heating,1,0,1,1,0,1,0,0,0,0,0,0
S01006586,Other central heating,21,7,14,14,1,13,4,3,1,3,3,0
S01006586,Two or more types of central heating,31,3,28,26,1,25,5,2,3,0,0,0
S01006587,All people in households,535,48,487,484,21,463,42,19,23,9,8,1
S01006587,No central heating,55,4,51,47,1,46,6,1,5,2,2,0
S01006587,Gas central heating,341,27,314,311,10,301,25,13,12,5,4,1
S01006587,Electric (including storage heaters) central heating,124,15,109,111,8,103,11,5,6,2,2,0
S01006587,Oil central heating,0,0,0,0,0,0,0,0,0,0,0,0
S01006587,Solid fuel (for example wood coal) central heating,0,0,0,0,0,0,0,0,0,0,0,0
S01006587,Other central heating,1,0,1,1,0,1,0,0,0,0,0,0
S01006587,Two or more types of central heating,14,2,12,14,2,12,0,0,0,0,0,0
S01006588,All people in households,586,44,542,550,26,524,26,10,16,10,8,2
S01006588,No central heating,53,5,48,48,2,46,5,3,2,0,0,0
S01006588,Gas central heating,90,11,79,83,7,76,4,1,3,3,3,0
S01006588,Electric (including storage heaters) central heating,433,28,405,409,17,392,17,6,11,7,5,2
S01006588,Oil central heating,0,0,0,0,0,0,0,0,0,0,0,0
S01006588,Solid fuel (for example wood coal) central heating,0,0,0,0,0,0,0,0,0,0,0,0
S01006588,Other central heating,0,0,0,0,0,0,0,0,0,0,0,0
S01006588,Two or more types of central heating,10,0,10,10,0,10,0,0,0,0,0,0
S01006589,All people in households,682,69,613,612,21,591,47,26,21,23,22,1
S01006589,No central heating,43,3,40,40,2,38,2,0,2,1,1,0
S01006589,Gas central heating,215,14,201,203,4,199,7,5,2,5,5,0
S01006589,Electric (including storage heaters) central heating,415,52,363,360,15,345,38,21,17,17,16,1
S01006589,Oil central heating,0,0,0,0,0,0,0,0,0,0,0,0
S01006589,Solid fuel (for example wood coal) central heating,0,0,0,0,0,0,0,0,0,0,0,0
S01006589,Other central heating,3,0,3,3,0,3,0,0,0,0,0,0
S01006589,Two or more types of central heating,6,0,6,6,0,6,0,0,0,0,0,0
S01006590,All people in households,633,45,588,585,15,570,33,16,17,15,14,1
S01006590,No central heating,46,4,42,39,0,39,5,2,3,2,2,0
S01006590,Gas central heating,428,28,400,401,11,390,18,9,9,9,8,1
S01006590,Electric (including storage heaters) central heating,139,11,128,126,3,123,10,5,5,3,3,0
S01006590,Oil central heating,0,0,0,0,0,0,0,0,0,0,0,0
S01006590,Solid fuel (for example wood coal) central heating,1,0,1,1,0,1,0,0,0,0,0,0
S01006590,Other central heating,3,0,3,3,0,3,0,0,0,0,0,0
S01006590,Two or more types of central heating,16,2,14,15,1,14,0,0,0,1,1,0
S01006591,All people in households,705,40,665,663,17,646,35,18,17,7,5,2
S01006591,No central heating,7,1,6,6,0,6,1,1,0,0,0,0
S01006591,Gas central heating,620,32,588,590,15,575,24,12,12,6,5,1
S01006591,Electric (including storage heaters) central heating,65,6,59,56,1,55,8,5,3,1,0,1
S01006591,Oil central heating,0,0,0,0,0,0,0,0,0,0,0,0
S01006591,Solid fuel (for example wood coal) central heating,0,0,0,0,0,0,0,0,0,0,0,0
S01006591,Other central heating,0,0,0,0,0,0,0,0,0,0,0,0
S01006591,Two or more types of central heating,13,1,12,11,1,10,2,0,2,0,0,0
S01006592,All people in households,680,31,649,650,14,636,21,9,12,9,8,1
S01006592,No central heating,23,2,21,22,1,21,1,1,0,0,0,0
S01006592,Gas central heating,575,25,550,550,11,539,18,8,10,7,6,1
S01006592,Electric (including storage heaters) central heating,65,1,64,63,1,62,2,0,2,0,0,0
S01006592,Oil central heating,2,2,0,0,0,0,0,0,0,2,2,0
S01006592,Solid fuel (for example wood coal) central heating,0,0,0,0,0,0,0,0,0,0,0,0
S01006592,Other central heating,3,1,2,3,1,2,0,0,0,0,0,0
S01006592,Two or more types of central heating,12,0,12,12,0,12,0,0,0,0,0,0
S01006593,All people in households,742,52,690,694,24,670,38,18,20,10,10,0
S01006593,No central heating,24,8,16,17,2,15,4,3,1,3,3,0
S01006593,Gas central heating,654,34,620,623,18,605,26,11,15,5,5,0
S01006593,Electric (including storage heaters) central heating,46,9,37,38,3,35,6,4,2,2,2,0
S01006593,Oil central heating,0,0,0,0,0,0,0,0,0,0,0,0
S01006593,Solid fuel (for example wood coal) central heating,0,0,0,0,0,0,0,0,0,0,0,0
S01006593,Other central heating,0,0,0,0,0,0,0,0,0,0,0,0
S01006593,Two or more types of central heating,18,1,17,16,1,15,2,0,2,0,0,0
S01006594,All people in households,539,90,449,462,25,437,60,48,12,17,17,0
S01006594,No central heating,13,3,10,11,1,10,1,1,0,1,1,0
S01006594,Gas central heating,318,41,277,277,7,270,29,22,7,12,12,0
S01006594,Electric (including storage heaters) central heating,180,41,139,149,15,134,27,22,5,4,4,0
S01006594,Oil central heating,0,0,0,0,0,0,0,0,0,0,0,0
S01006594,Solid fuel (for example wood coal) central heating,0,0,0,0,0,0,0,0,0,0,0,0
S01006594,Other central heating,2,0,2,2,0,2,0,0,0,0,0,0
S01006594,Two or more types of central heating,26,5,21,23,2,21,3,3,0,0,0,0
S01006595,All people in households,916,59,857,860,23,837,43,25,18,13,11,2
S01006595,No central heating,33,3,30,31,3,28,2,0,2,0,0,0
S01006595,Gas central heating,770,50,720,720,17,703,38,23,15,12,10,2
S01006595,Electric (including storage heaters) central heating,78,6,72,74,3,71,3,2,1,1,1,0
S01006595,Oil central heating,6,0,6,6,0,6,0,0,0,0,0,0
S01006595,Solid fuel (for example wood coal) central heating,0,0,0,0,0,0,0,0,0,0,0,0
S01006595,Other central heating,0,0,0,0,0,0,0,0,0,0,0,0
S01006595,Two or more types of central heating,29,0,29,29,0,29,0,0,0,0,0,0
S01006596,All people in households,678,55,623,624,22,602,46,25,21,8,8,0
S01006596,No central heating,20,1,19,12,1,11,8,0,8,0,0,0
S01006596,Gas central heating,571,46,525,530,17,513,33,21,12,8,8,0
S01006596,Electric (including storage heaters) central heating,75,7,68,71,4,67,4,3,1,0,0,0
S01006596,Oil central heating,0,0,0,0,0,0,0,0,0,0,0,0
S01006596,Solid fuel (for example wood coal) central heating,0,0,0,0,0,0,0,0,0,0,0,0
S01006596,Other central heating,2,0,2,2,0,2,0,0,0,0,0,0
S01006596,Two or more types of central heating,10,1,9,9,0,9,1,1,0,0,0,0
S01006597,All people in households,513,41,472,466,13,453,37,18,19,10,10,0
S01006597,No central heating,46,6,40,37,2,35,7,2,5,2,2,0
S01006597,Gas central heating,367,25,342,338,7,331,22,11,11,7,7,0
S01006597,Electric (including storage heaters) central heating,71,7,64,65,3,62,6,4,2,0,0,0
S01006597,Oil central heating,0,0,0,0,0,0,0,0,0,0,0,0
S01006597,Solid fuel (for example wood coal) central heating,0,0,0,0,0,0,0,0,0,0,0,0
S01006597,Other central heating,0,0,0,0,0,0,0,0,0,0,0,0
S01006597,Two or more types of central heating,29,3,26,26,1,25,2,1,1,1,1,0
S01006598,All people in households,957,75,882,895,30,865,49,33,16,13,12,1
S01006598,No central heating,8,1,7,7,0,7,1,1,0,0,0,0
S01006598,Gas central heating,878,71,807,821,28,793,44,31,13,13,12,1
S01006598,Electric (including storage heaters) central heating,50,2,48,46,1,45,4,1,3,0,0,0
S01006598,Oil central heating,3,0,3,3,0,3,0,0,0,0,0,0
S01006598,Solid fuel (for example wood coal) central heating,0,0,0,0,0,0,0,0,0,0,0,0
S01006598,Other central heating,1,0,1,1,0,1,0,0,0,0,0,0
S01006598,Two or more types of central heating,17,1,16,17,1,16,0,0,0,0,0,0
S01006599,All people in households,805,177,628,642,51,591,115,79,36,48,47,1
S01006599,No central heating,20,4,16,17,2,15,2,1,1,1,1,0
S01006599,Gas central heating,707,160,547,563,46,517,101,71,30,43,43,0
S01006599,Electric (including storage heaters) central heating,50,7,43,40,1,39,8,4,4,2,2,0
S01006599,Oil central heating,0,0,0,0,0,0,0,0,0,0,0,0
S01006599,Solid fuel (for example wood coal) central heating,1,0,1,1,0,1,0,0,0,0,0,0
S01006599,Other central heating,1,1,0,1,1,0,0,0,0,0,0,0
S01006599,Two or more types of central heating,26,5,21,20,1,19,4,3,1,2,1,1
S01006600,All people in households,1058,194,864,882,60,822,126,88,38,50,46,4
S01006600,No central heating,22,8,14,16,2,14,2,2,0,4,4,0
S01006600,Gas central heating,838,88,750,751,29,722,63,38,25,24,21,3
S01006600,Electric (including storage heaters) central heating,162,89,73,85,26,59,55,42,13,22,21,1
S01006600,Oil central heating,1,1,0,1,1,0,0,0,0,0,0,0
S01006600,Solid fuel (for example wood coal) central heating,0,0,0,0,0,0,0,0,0,0,0,0
S01006600,Other central heating,4,1,3,3,0,3,1,1,0,0,0,0
S01006600,Two or more types of central heating,31,7,24,26,2,24,5,5,0,0,0,0
S01006601,All people in households,1002,118,884,877,38,839,97,56,41,28,24,4
S01006601,No central heating,22,2,20,19,0,19,3,2,1,0,0,0
S01006601,Gas central heating,885,94,791,787,30,757,76,45,31,22,19,3
S01006601,Electric (including storage heaters) central heating,78,22,56,56,8,48,16,9,7,6,5,1
S01006601,Oil central heating,0,0,0,0,0,0,0,0,0,0,0,0
S01006601,Solid fuel (for example wood coal) central heating,1,0,1,0,0,0,1,0,1,0,0,0
S01006601,Other central heating,0,0,0,0,0,0,0,0,0,0,0,0
S01006601,Two or more types of central heating,16,0,16,15,0,15,1,0,1,0,0,0
S01006602,All people in households,851,122,729,746,37,709,81,62,19,24,23,1
S01006602,No central heating,3,0,3,3,0,3,0,0,0,0,0,0
S01006602,Gas central heating,723,62,661,669,21,648,39,27,12,15,14,1
S01006602,Electric (including storage heaters) central heating,104,58,46,56,16,40,41,35,6,7,7,0
S01006602,Oil central heating,6,1,5,5,0,5,0,0,0,1,1,0
S01006602,Solid fuel (for example wood coal) central heating,0,0,0,0,0,0,0,0,0,0,0,0
S01006602,Other central heating,4,0,4,3,0,3,1,0,1,0,0,0
S01006602,Two or more types of central heating,11,1,10,10,0,10,0,0,0,1,1,0
S01006603,All people in households,820,177,643,648,56,592,131,81,50,41,40,1
S01006603,No central heating,8,1,7,7,0,7,1,1,0,0,0,0
S01006603,Gas central heating,762,166,596,602,54,548,121,73,48,39,39,0
S01006603,Electric (including storage heaters) central heating,35,6,29,28,1,27,6,4,2,1,1,0
S01006603,Oil central heating,0,0,0,0,0,0,0,0,0,0,0,0
S01006603,Solid fuel (for example wood coal) central heating,0,0,0,0,0,0,0,0,0,0,0,0
S01006603,Other central heating,0,0,0,0,0,0,0,0,0,0,0,0
S01006603,Two or more types of central heating,15,4,11,11,1,10,3,3,0,1,0,1
S01006604,All people in households,675,156,519,531,47,484,100,66,34,44,43,1
S01006604,No central heating,9,1,8,8,1,7,1,0,1,0,0,0
S01006604,Gas central heating,639,145,494,502,40,462,94,63,31,43,42,1
S01006604,Electric (including storage heaters) central heating,20,7,13,16,5,11,3,1,2,1,1,0
S01006604,Oil central heating,0,0,0,0,0,0,0,0,0,0,0,0
S01006604,Solid fuel (for example wood coal) central heating,0,0,0,0,0,0,0,0,0,0,0,0
S01006604,Other central heating,1,1,0,0,0,0,1,1,0,0,0,0
S01006604,Two or more types of central heating,6,2,4,5,1,4,1,1,0,0,0,0
S01006605,All people in households,802,200,602,625,55,570,119,91,28,58,54,4
S01006605,No central heating,9,0,9,9,0,9,0,0,0,0,0,0
S01006605,Gas central heating,696,154,542,557,41,516,97,73,24,42,40,2
S01006605,Electric (including storage heaters) central heating,80,40,40,48,12,36,18,15,3,14,13,1
S01006605,Oil central heating,0,0,0,0,0,0,0,0,0,0,0,0
S01006605,Solid fuel (for example wood coal) central heating,1,1,0,0,0,0,0,0,0,1,1,0
S01006605,Other central heating,2,2,0,1,1,0,1,1,0,0,0,0
S01006605,Two or more types of central heating,14,3,11,10,1,9,3,2,1,1,0,1
S01006606,All people in households,818,182,636,668,61,607,112,84,28,38,37,1
S01006606,No central heating,7,2,5,6,1,5,1,1,0,0,0,0
S01006606,Gas central heating,740,150,590,622,57,565,93,69,24,25,24,1
S01006606,Electric (including storage heaters) central heating,51,25,26,24,1,23,14,11,3,13,13,0
S01006606,Oil central heating,4,1,3,3,0,3,1,1,0,0,0,0
S01006606,Solid fuel (for example wood coal) central heating,0,0,0,0,0,0,0,0,0,0,0,0
S01006606,Other central heating,2,0,2,2,0,2,0,0,0,0,0,0
S01006606,Two or more types of central heating,14,4,10,11,2,9,3,2,1,0,0,0
S01006607,All people in households,932,189,743,770,62,708,120,85,35,42,42,0
S01006607,No central heating,3,1,2,3,1,2,0,0,0,0,0,0
S01006607,Gas central heating,885,171,714,739,57,682,106,74,32,40,40,0
S01006607,Electric (including storage heaters) central heating,16,13,3,5,3,2,9,8,1,2,2,0
S01006607,Oil central heating,0,0,0,0,0,0,0,0,0,0,0,0
S01006607,Solid fuel (for example wood coal) central heating,0,0,0,0,0,0,0,0,0,0,0,0
S01006607,Other central heating,0,0,0,0,0,0,0,0,0,0,0,0
S01006607,Two or more types of central heating,28,4,24,23,1,22,5,3,2,0,0,0
S01006608,All people in households,732,100,632,654,43,611,67,46,21,11,11,0
S01006608,No central heating,2,1,1,2,1,1,0,0,0,0,0,0
S01006608,Gas central heating,589,75,514,527,32,495,54,35,19,8,8,0
S01006608,Electric (including storage heaters) central heating,31,7,24,29,5,24,2,2,0,0,0,0
S01006608,Oil central heating,74,11,63,63,2,61,9,7,2,2,2,0
S01006608,Solid fuel (for example wood coal) central heating,2,1,1,1,0,1,1,1,0,0,0,0
S01006608,Other central heating,14,2,12,12,0,12,1,1,0,1,1,0
S01006608,Two or more types of central heating,20,3,17,20,3,17,0,0,0,0,0,0
S01006609,All people in households,1063,232,831,847,64,783,152,105,47,64,63,1
S01006609,No central heating,0,0,0,0,0,0,0,0,0,0,0,0
S01006609,Gas central heating,910,182,728,739,51,688,123,84,39,48,47,1
S01006609,Electric (including storage heaters) central heating,120,39,81,82,9,73,28,20,8,10,10,0
S01006609,Oil central heating,0,0,0,0,0,0,0,0,0,0,0,0
S01006609,Solid fuel (for example wood coal) central heating,0,0,0,0,0,0,0,0,0,0,0,0
S01006609,Other central heating,3,3,0,2,2,0,0,0,0,1,1,0
S01006609,Two or more types of central heating,30,8,22,24,2,22,1,1,0,5,5,0
S01006610,All people in households,449,91,358,358,26,332,61,36,25,30,29,1
S01006610,No central heating,4,0,4,4,0,4,0,0,0,0,0,0
S01006610,Gas central heating,395,82,313,310,22,288,58,34,24,27,26,1
S01006610,Electric (including storage heaters) central heating,42,7,35,38,4,34,3,2,1,1,1,0
S01006610,Oil central heating,0,0,0,0,0,0,0,0,0,0,0,0
S01006610,Solid fuel (for example wood coal) central heating,0,0,0,0,0,0,0,0,0,0,0,0
S01006610,Other central heating,0,0,0,0,0,0,0,0,0,0,0,0
S01006610,Two or more types of central heating,8,2,6,6,0,6,0,0,0,2,2,0
S01006611,All people in households,919,222,697,715,63,652,142,100,42,62,59,3
S01006611,No central heating,7,2,5,4,0,4,0,0,0,3,2,1
S01006611,Gas central heating,856,204,652,669,58,611,133,94,39,54,52,2
S01006611,Electric (including storage heaters) central heating,32,10,22,21,2,19,7,4,3,4,4,0
S01006611,Oil central heating,2,0,2,2,0,2,0,0,0,0,0,0
S01006611,Solid fuel (for example wood coal) central heating,8,0,8,8,0,8,0,0,0,0,0,0
S01006611,Other central heating,0,0,0,0,0,0,0,0,0,0,0,0
S01006611,Two or more types of central heating,14,6,8,11,3,8,2,2,0,1,1,0
S01006612,All people in households,861,154,707,716,44,672,100,67,33,45,43,2
S01006612,No central heating,10,4,6,5,0,5,4,3,1,1,1,0
S01006612,Gas central heating,806,145,661,673,43,630,90,61,29,43,41,2
S01006612,Electric (including storage heaters) central heating,29,3,26,26,1,25,3,2,1,0,0,0
S01006612,Oil central heating,0,0,0,0,0,0,0,0,0,0,0,0
S01006612,Solid fuel (for example wood coal) central heating,0,0,0,0,0,0,0,0,0,0,0,0
S01006612,Other central heating,0,0,0,0,0,0,0,0,0,0,0,0
S01006612,Two or more types of central heating,16,2,14,12,0,12,3,1,2,1,1,0
S01006613,All people in households,612,48,564,571,18,553,30,19,11,11,11,0
S01006613,No central heating,5,0,5,5,0,5,0,0,0,0,0,0
S01006613,Gas central heating,520,46,474,481,17,464,29,19,10,10,10,0
S01006613,Electric (including storage heaters) central heating,87,2,85,85,1,84,1,0,1,1,1,0
S01006613,Oil central heating,0,0,0,0,0,0,0,0,0,0,0,0
S01006613,Solid fuel (for example wood coal) central heating,0,0,0,0,0,0,0,0,0,0,0,0
S01006613,Other central heating,0,0,0,0,0,0,0,0,0,0,0,0
S01006613,Two or more types of central heating,0,0,0,0,0,0,0,0,0,0,0,0
S01006614,All people in households,678,40,638,645,13,632,22,16,6,11,11,0
S01006614,No central heating,10,1,9,8,0,8,1,0,1,1,1,0
S01006614,Gas central heating,637,39,598,606,13,593,21,16,5,10,10,0
S01006614,Electric (including storage heaters) central heating,21,0,21,21,0,21,0,0,0,0,0,0
S01006614,Oil central heating,0,0,0,0,0,0,0,0,0,0,0,0
S01006614,Solid fuel (for example wood coal) central heating,0,0,0,0,0,0,0,0,0,0,0,0
S01006614,Other central heating,8,0,8,8,0,8,0,0,0,0,0,0
S01006614,Two or more types of central heating,2,0,2,2,0,2,0,0,0,0,0,0
S01006615,All people in households,796,49,747,752,24,728,36,17,19,8,8,0
S01006615,No central heating,0,0,0,0,0,0,0,0,0,0,0,0
S01006615,Gas central heating,773,45,728,732,23,709,34,15,19,7,7,0
S01006615,Electric (including storage heaters) central heating,12,3,9,9,0,9,2,2,0,1,1,0
S01006615,Oil central heating,3,1,2,3,1,2,0,0,0,0,0,0
S01006615,Solid fuel (for example wood coal) central heating,0,0,0,0,0,0,0,0,0,0,0,0
S01006615,Other central heating,0,0,0,0,0,0,0,0,0,0,0,0
S01006615,Two or more types of central heating,8,0,8,8,0,8,0,0,0,0,0,0
S01006616,All people in households,788,55,733,731,26,705,50,23,27,7,6,1
S01006616,No central heating,15,1,14,14,0,14,1,1,0,0,0,0
S01006616,Gas central heating,657,45,612,612,22,590,38,17,21,7,6,1
S01006616,Electric (including storage heaters) central heating,100,8,92,91,3,88,9,5,4,0,0,0
S01006616,Oil central heating,0,0,0,0,0,0,0,0,0,0,0,0
S01006616,Solid fuel (for example wood coal) central heating,0,0,0,0,0,0,0,0,0,0,0,0
S01006616,Other central heating,0,0,0,0,0,0,0,0,0,0,0,0
S01006616,Two or more types of central heating,16,1,15,14,1,13,2,0,2,0,0,0
S01006617,All people in households,681,113,568,581,36,545,79,56,23,21,21,0
S01006617,No central heating,18,5,13,13,1,12,5,4,1,0,0,0
S01006617,Gas central heating,602,94,508,521,32,489,64,45,19,17,17,0
S01006617,Electric (including storage heaters) central heating,34,9,25,26,3,23,6,4,2,2,2,0
S01006617,Oil central heating,6,1,5,5,0,5,1,1,0,0,0,0
S01006617,Solid fuel (for example wood coal) central heating,1,0,1,1,0,1,0,0,0,0,0,0
S01006617,Other central heating,10,1,9,8,0,8,1,0,1,1,1,0
S01006617,Two or more types of central heating,10,3,7,7,0,7,2,2,0,1,1,0
S01006618,All people in households,514,72,442,451,29,422,49,29,20,14,14,0
S01006618,No central heating,6,0,6,5,0,5,1,0,1,0,0,0
S01006618,Gas central heating,466,67,399,409,26,383,44,28,16,13,13,0
S01006618,Electric (including storage heaters) central heating,36,3,33,32,2,30,4,1,3,0,0,0
S01006618,Oil central heating,0,0,0,0,0,0,0,0,0,0,0,0
S01006618,Solid fuel (for example wood coal) central heating,0,0,0,0,0,0,0,0,0,0,0,0
S01006618,Other central heating,0,0,0,0,0,0,0,0,0,0,0,0
S01006618,Two or more types of central heating,6,2,4,5,1,4,0,0,0,1,1,0
S01006619,All people in households,881,133,748,758,45,713,91,59,32,32,29,3
S01006619,No central heating,23,2,21,21,0,21,1,1,0,1,1,0
S01006619,Gas central heating,713,106,607,613,36,577,74,47,27,26,23,3
S01006619,Electric (including storage heaters) central heating,87,16,71,72,3,69,12,10,2,3,3,0
S01006619,Oil central heating,30,4,26,27,2,25,2,1,1,1,1,0
S01006619,Solid fuel (for example wood coal) central heating,1,0,1,1,0,1,0,0,0,0,0,0
S01006619,Other central heating,9,3,6,8,3,5,1,0,1,0,0,0
S01006619,Two or more types of central heating,18,2,16,16,1,15,1,0,1,1,1,0
S01006620,All people in households,848,131,717,711,32,679,106,68,38,31,31,0
S01006620,No central heating,16,2,14,14,0,14,0,0,0,2,2,0
S01006620,Gas central heating,774,123,651,643,29,614,104,67,37,27,27,0
S01006620,Electric (including storage heaters) central heating,48,6,42,44,3,41,2,1,1,2,2,0
S01006620,Oil central heating,0,0,0,0,0,0,0,0,0,0,0,0
S01006620,Solid fuel (for example wood coal) central heating,0,0,0,0,0,0,0,0,0,0,0,0
S01006620,Other central heating,0,0,0,0,0,0,0,0,0,0,0,0
S01006620,Two or more types of central heating,10,0,10,10,0,10,0,0,0,0,0,0
S01006621,All people in households,520,72,448,454,23,431,58,41,17,8,8,0
S01006621,No central heating,16,3,13,12,2,10,4,1,3,0,0,0
S01006621,Gas central heating,455,64,391,398,20,378,49,36,13,8,8,0
S01006621,Electric (including storage heaters) central heating,37,5,32,32,1,31,5,4,1,0,0,0
S01006621,Oil central heating,0,0,0,0,0,0,0,0,0,0,0,0
S01006621,Solid fuel (for example wood coal) central heating,0,0,0,0,0,0,0,0,0,0,0,0
S01006621,Other central heating,5,0,5,5,0,5,0,0,0,0,0,0
S01006621,Two or more types of central heating,7,0,7,7,0,7,0,0,0,0,0,0
S01006622,All people in households,669,52,617,619,25,594,40,18,22,10,9,1
S01006622,No central heating,23,1,22,22,0,22,1,1,0,0,0,0
S01006622,Gas central heating,505,37,468,474,19,455,25,12,13,6,6,0
S01006622,Electric (including storage heaters) central heating,129,13,116,111,5,106,14,5,9,4,3,1
S01006622,Oil central heating,0,0,0,0,0,0,0,0,0,0,0,0
S01006622,Solid fuel (for example wood coal) central heating,0,0,0,0,0,0,0,0,0,0,0,0
S01006622,Other central heating,0,0,0,0,0,0,0,0,0,0,0,0
S01006622,Two or more types of central heating,12,1,11,12,1,11,0,0,0,0,0,0
S01006623,All people in households,705,129,576,580,36,544,90,59,31,35,34,1
S01006623,No central heating,24,3,21,22,2,20,1,0,1,1,1,0
S01006623,Gas central heating,535,99,436,441,26,415,69,49,20,25,24,1
S01006623,Electric (including storage heaters) central heating,118,25,93,92,8,84,17,8,9,9,9,0
S01006623,Oil central heating,7,0,7,7,0,7,0,0,0,0,0,0
S01006623,Solid fuel (for example wood coal) central heating,0,0,0,0,0,0,0,0,0,0,0,0
S01006623,Other central heating,1,0,1,1,0,1,0,0,0,0,0,0
S01006623,Two or more types of central heating,20,2,18,17,0,17,3,2,1,0,0,0
S01006624,All people in households,806,125,681,664,32,632,105,62,43,37,31,6
S01006624,No central heating,70,7,63,61,3,58,9,4,5,0,0,0
S01006624,Gas central heating,623,102,521,510,28,482,84,50,34,29,24,5
S01006624,Electric (including storage heaters) central heating,88,11,77,74,1,73,8,5,3,6,5,1
S01006624,Oil central heating,0,0,0,0,0,0,0,0,0,0,0,0
S01006624,Solid fuel (for example wood coal) central heating,1,1,0,0,0,0,1,1,0,0,0,0
S01006624,Other central heating,0,0,0,0,0,0,0,0,0,0,0,0
S01006624,Two or more types of central heating,24,4,20,19,0,19,3,2,1,2,2,0
S01006625,All people in households,623,114,509,518,39,479,72,42,30,33,33,0
S01006625,No central heating,3,1,2,1,0,1,1,0,1,1,1,0
S01006625,Gas central heating,575,106,469,477,36,441,69,41,28,29,29,0
S01006625,Electric (including storage heaters) central heating,35,6,29,31,2,29,1,1,0,3,3,0
S01006625,Oil central heating,0,0,0,0,0,0,0,0,0,0,0,0
S01006625,Solid fuel (for example wood coal) central heating,1,1,0,1,1,0,0,0,0,0,0,0
S01006625,Other central heating,0,0,0,0,0,0,0,0,0,0,0,0
S01006625,Two or more types of central heating,9,0,9,8,0,8,1,0,1,0,0,0
S01006626,All people in households,718,157,561,555,37,518,100,64,36,63,56,7
S01006626,No central heating,10,3,7,7,0,7,2,2,0,1,1,0
S01006626,Gas central heating,643,140,503,503,35,468,86,56,30,54,49,5
S01006626,Electric (including storage heaters) central heating,41,11,30,27,1,26,8,5,3,6,5,1
S01006626,Oil central heating,0,0,0,0,0,0,0,0,0,0,0,0
S01006626,Solid fuel (for example wood coal) central heating,1,0,1,0,0,0,1,0,1,0,0,0
S01006626,Other central heating,2,0,2,1,0,1,0,0,0,1,0,1
S01006626,Two or more types of central heating,21,3,18,17,1,16,3,1,2,1,1,0
S01006627,All people in households,843,127,716,707,38,669,92,49,43,44,40,4
S01006627,No central heating,40,4,36,37,2,35,2,1,1,1,1,0
S01006627,Gas central heating,593,78,515,504,22,482,59,29,30,30,27,3
S01006627,Electric (including storage heaters) central heating,174,36,138,136,9,127,27,17,10,11,10,1
S01006627,Oil central heating,5,1,4,5,1,4,0,0,0,0,0,0
S01006627,Solid fuel (for example wood coal) central heating,0,0,0,0,0,0,0,0,0,0,0,0
S01006627,Other central heating,3,2,1,2,1,1,1,1,0,0,0,0
S01006627,Two or more types of central heating,28,6,22,23,3,20,3,1,2,2,2,0
S01006628,All people in households,1097,121,976,933,43,890,124,42,82,40,36,4
S01006628,No central heating,110,15,95,91,5,86,16,7,9,3,3,0
S01006628,Gas central heating,680,79,601,588,30,558,64,23,41,28,26,2
S01006628,Electric (including storage heaters) central heating,285,24,261,235,7,228,42,11,31,8,6,2
S01006628,Oil central heating,0,0,0,0,0,0,0,0,0,0,0,0
S01006628,Solid fuel (for example wood coal) central heating,0,0,0,0,0,0,0,0,0,0,0,0
S01006628,Other central heating,0,0,0,0,0,0,0,0,0,0,0,0
S01006628,Two or more types of central heating,22,3,19,19,1,18,2,1,1,1,1,0
S01006629,All people in households,724,125,599,589,30,559,89,53,36,46,42,4
S01006629,No central heating,2,1,1,1,0,1,1,1,0,0,0,0
S01006629,Gas central heating,663,111,552,541,25,516,78,46,32,44,40,4
S01006629,Electric (including storage heaters) central heating,36,10,26,28,3,25,7,6,1,1,1,0
S01006629,Oil central heating,0,0,0,0,0,0,0,0,0,0,0,0
S01006629,Solid fuel (for example wood coal) central heating,1,0,1,1,0,1,0,0,0,0,0,0
S01006629,Other central heating,1,0,1,1,0,1,0,0,0,0,0,0
S01006629,Two or more types of central heating,21,3,18,17,2,15,3,0,3,1,1,0
S01006630,All people in households,627,155,472,476,35,441,104,75,29,47,45,2
S01006630,No central heating,8,6,2,1,0,1,3,2,1,4,4,0
S01006630,Gas central heating,585,136,449,451,30,421,94,68,26,40,38,2
S01006630,Electric (including storage heaters) central heating,18,6,12,12,2,10,5,3,2,1,1,0
S01006630,Oil central heating,3,2,1,3,2,1,0,0,0,0,0,0
S01006630,Solid fuel (for example wood coal) central heating,0,0,0,0,0,0,0,0,0,0,0,0
S01006630,Other central heating,0,0,0,0,0,0,0,0,0,0,0,0
S01006630,Two or more types of central heating,13,5,8,9,1,8,2,2,0,2,2,0
S01006631,All people in households,904,184,720,717,52,665,137,85,52,50,47,3
S01006631,No central heating,33,5,28,23,1,22,8,2,6,2,2,0
S01006631,Gas central heating,750,143,607,604,43,561,106,63,43,40,37,3
S01006631,Electric (including storage heaters) central heating,73,27,46,50,7,43,17,14,3,6,6,0
S01006631,Oil central heating,3,0,3,3,0,3,0,0,0,0,0,0
S01006631,Solid fuel (for example wood coal) central heating,0,0,0,0,0,0,0,0,0,0,0,0
S01006631,Other central heating,9,5,4,5,1,4,4,4,0,0,0,0
S01006631,Two or more types of central heating,36,4,32,32,0,32,2,2,0,2,2,0
S01006632,All people in households,812,141,671,641,37,604,118,55,63,53,49,4
S01006632,No central heating,10,2,8,4,0,4,4,1,3,2,1,1
S01006632,Gas central heating,721,126,595,575,34,541,101,49,52,45,43,2
S01006632,Electric (including storage heaters) central heating,64,11,53,48,3,45,10,3,7,6,5,1
S01006632,Oil central heating,0,0,0,0,0,0,0,0,0,0,0,0
S01006632,Solid fuel (for example wood coal) central heating,0,0,0,0,0,0,0,0,0,0,0,0
S01006632,Other central heating,0,0,0,0,0,0,0,0,0,0,0,0
S01006632,Two or more types of central heating,17,2,15,14,0,14,3,2,1,0,0,0
S01006633,All people in households,699,122,577,581,37,544,83,53,30,35,32,3
S01006633,No central heating,4,0,4,4,0,4,0,0,0,0,0,0
S01006633,Gas central heating,631,107,524,526,32,494,73,45,28,32,30,2
S01006633,Electric (including storage heaters) central heating,32,7,25,27,3,24,4,3,1,1,1,0
S01006633,Oil central heating,0,0,0,0,0,0,0,0,0,0,0,0
S01006633,Solid fuel (for example wood coal) central heating,0,0,0,0,0,0,0,0,0,0,0,0
S01006633,Other central heating,0,0,0,0,0,0,0,0,0,0,0,0
S01006633,Two or more types of central heating,32,8,24,24,2,22,6,5,1,2,1,1
S01006634,All people in households,634,113,521,502,21,481,90,52,38,42,40,2
S01006634,No central heating,14,5,9,8,0,8,4,3,1,2,2,0
S01006634,Gas central heating,458,83,375,366,17,349,63,37,26,29,29,0
S01006634,Electric (including storage heaters) central heating,132,19,113,103,2,101,22,11,11,7,6,1
S01006634,Oil central heating,0,0,0,0,0,0,0,0,0,0,0,0
S01006634,Solid fuel (for example wood coal) central heating,0,0,0,0,0,0,0,0,0,0,0,0
S01006634,Other central heating,1,1,0,1,1,0,0,0,0,0,0,0
S01006634,Two or more types of central heating,29,5,24,24,1,23,1,1,0,4,3,1
S01006635,All people in households,658,109,549,560,38,522,68,42,26,30,29,1
S01006635,No central heating,11,3,8,8,0,8,3,3,0,0,0,0
S01006635,Gas central heating,594,89,505,515,34,481,55,32,23,24,23,1
S01006635,Electric (including storage heaters) central heating,25,10,15,16,3,13,4,2,2,5,5,0
S01006635,Oil central heating,0,0,0,0,0,0,0,0,0,0,0,0
S01006635,Solid fuel (for example wood coal) central heating,0,0,0,0,0,0,0,0,0,0,0,0
S01006635,Other central heating,9,1,8,8,0,8,1,1,0,0,0,0
S01006635,Two or more types of central heating,19,6,13,13,1,12,5,4,1,1,1,0
S01006636,All people in households,870,161,709,690,41,649,121,64,57,59,56,3
S01006636,No central heating,5,1,4,3,0,3,1,1,0,1,0,1
S01006636,Gas central heating,665,88,577,568,29,539,72,35,37,25,24,1
S01006636,Electric (including storage heaters) central heating,173,68,105,98,10,88,43,27,16,32,31,1
S01006636,Oil central heating,2,0,2,2,0,2,0,0,0,0,0,0
S01006636,Solid fuel (for example wood coal) central heating,0,0,0,0,0,0,0,0,0,0,0,0
S01006636,Other central heating,0,0,0,0,0,0,0,0,0,0,0,0
S01006636,Two or more types of central heating,25,4,21,19,2,17,5,1,4,1,1,0
S01006637,All people in households,706,117,589,583,29,554,98,64,34,25,24,1
S01006637,No central heating,43,6,37,39,2,37,4,4,0,0,0,0
S01006637,Gas central heating,490,89,401,400,24,376,72,48,24,18,17,1
S01006637,Electric (including storage heaters) central heating,147,16,131,124,2,122,18,9,9,5,5,0
S01006637,Oil central heating,1,1,0,0,0,0,1,1,0,0,0,0
S01006637,Solid fuel (for example wood coal) central heating,0,0,0,0,0,0,0,0,0,0,0,0
S01006637,Other central heating,0,0,0,0,0,0,0,0,0,0,0,0
S01006637,Two or more types of central heating,25,5,20,20,1,19,3,2,1,2,2,0
S01006638,All people in households,834,152,682,691,48,643,102,64,38,41,40,1
S01006638,No central heating,36,12,24,25,3,22,5,3,2,6,6,0
S01006638,Gas central heating,667,119,548,552,39,513,85,50,35,30,30,0
S01006638,Electric (including storage heaters) central heating,98,14,84,87,5,82,8,7,1,3,2,1
S01006638,Oil central heating,0,0,0,0,0,0,0,0,0,0,0,0
S01006638,Solid fuel (for example wood coal) central heating,0,0,0,0,0,0,0,0,0,0,0,0
S01006638,Other central heating,12,3,9,9,0,9,3,3,0,0,0,0
S01006638,Two or more types of central heating,21,4,17,18,1,17,1,1,0,2,2,0
S01006639,All people in households,945,209,736,736,40,696,133,98,35,76,71,5
S01006639,No central heating,62,9,53,50,0,50,7,4,3,5,5,0
S01006639,Gas central heating,563,131,432,439,24,415,73,58,15,51,49,2
S01006639,Electric (including storage heaters) central heating,277,63,214,209,14,195,51,35,16,17,14,3
S01006639,Oil central heating,7,1,6,6,0,6,0,0,0,1,1,0
S01006639,Solid fuel (for example wood coal) central heating,1,1,0,1,1,0,0,0,0,0,0,0
S01006639,Other central heating,5,1,4,4,0,4,0,0,0,1,1,0
S01006639,Two or more types of central heating,30,3,27,27,1,26,2,1,1,1,1,0
S01006640,All people in households,723,33,690,684,16,668,32,11,21,7,6,1
S01006640,No central heating,6,1,5,5,0,5,1,1,0,0,0,0
S01006640,Gas central heating,638,29,609,603,15,588,29,9,20,6,5,1
S01006640,Electric (including storage heaters) central heating,40,3,37,37,1,36,2,1,1,1,1,0
S01006640,Oil central heating,0,0,0,0,0,0,0,0,0,0,0,0
S01006640,Solid fuel (for example wood coal) central heating,0,0,0,0,0,0,0,0,0,0,0,0
S01006640,Other central heating,0,0,0,0,0,0,0,0,0,0,0,0
S01006640,Two or more types of central heating,39,0,39,39,0,39,0,0,0,0,0,0
S01006641,All people in households,1000,93,907,895,33,862,73,33,40,32,27,5
S01006641,No central heating,53,4,49,50,3,47,2,0,2,1,1,0
S01006641,Gas central heating,680,75,605,596,23,573,56,28,28,28,24,4
S01006641,Electric (including storage heaters) central heating,242,12,230,227,7,220,13,4,9,2,1,1
S01006641,Oil central heating,1,0,1,1,0,1,0,0,0,0,0,0
S01006641,Solid fuel (for example wood coal) central heating,0,0,0,0,0,0,0,0,0,0,0,0
S01006641,Other central heating,0,0,0,0,0,0,0,0,0,0,0,0
S01006641,Two or more types of central heating,24,2,22,21,0,21,2,1,1,1,1,0
S01006642,All people in households,830,102,728,734,39,695,74,42,32,22,21,1
S01006642,No central heating,49,7,42,45,3,42,2,2,0,2,2,0
S01006642,Gas central heating,585,72,513,509,25,484,58,30,28,18,17,1
S01006642,Electric (including storage heaters) central heating,164,20,144,151,10,141,12,9,3,1,1,0
S01006642,Oil central heating,2,0,2,2,0,2,0,0,0,0,0,0
S01006642,Solid fuel (for example wood coal) central heating,0,0,0,0,0,0,0,0,0,0,0,0
S01006642,Other central heating,4,0,4,4,0,4,0,0,0,0,0,0
S01006642,Two or more types of central heating,26,3,23,23,1,22,2,1,1,1,1,0
S01006643,All people in households,730,47,683,675,20,655,41,14,27,14,13,1
S01006643,No central heating,48,5,43,44,2,42,3,2,1,1,1,0
S01006643,Gas central heating,527,29,498,494,14,480,25,8,17,8,7,1
S01006643,Electric (including storage heaters) central heating,139,13,126,121,4,117,13,4,9,5,5,0
S01006643,Oil central heating,0,0,0,0,0,0,0,0,0,0,0,0
S01006643,Solid fuel (for example wood coal) central heating,0,0,0,0,0,0,0,0,0,0,0,0
S01006643,Other central heating,2,0,2,2,0,2,0,0,0,0,0,0
S01006643,Two or more types of central heating,14,0,14,14,0,14,0,0,0,0,0,0
S01006644,All people in households,963,135,828,840,44,796,81,53,28,42,38,4
S01006644,No central heating,32,2,30,28,0,28,4,2,2,0,0,0
S01006644,Gas central heating,774,111,663,671,35,636,67,44,23,36,32,4
S01006644,Electric (including storage heaters) central heating,118,18,100,106,8,98,7,5,2,5,5,0
S01006644,Oil central heating,3,0,3,3,0,3,0,0,0,0,0,0
S01006644,Solid fuel (for example wood coal) central heating,0,0,0,0,0,0,0,0,0,0,0,0
S01006644,Other central heating,0,0,0,0,0,0,0,0,0,0,0,0
S01006644,Two or more types of central heating,36,4,32,32,1,31,3,2,1,1,1,0
S01006645,All people in households,687,154,533,550,51,499,98,65,33,39,38,1
S01006645,No central heating,30,6,24,27,3,24,1,1,0,2,2,0
S01006645,Gas central heating,155,31,124,125,9,116,24,16,8,6,6,0
S01006645,Electric (including storage heaters) central heating,489,115,374,387,38,349,71,47,24,31,30,1
S01006645,Oil central heating,0,0,0,0,0,0,0,0,0,0,0,0
S01006645,Solid fuel (for example wood coal) central heating,0,0,0,0,0,0,0,0,0,0,0,0
S01006645,Other central heating,0,0,0,0,0,0,0,0,0,0,0,0
S01006645,Two or more types of central heating,13,2,11,11,1,10,2,1,1,0,0,0
S01006646,All people in households,550,81,469,473,25,448,56,35,21,21,21,0
S01006646,No central heating,45,4,41,40,0,40,3,2,1,2,2,0
S01006646,Gas central heating,181,36,145,145,7,138,24,17,7,12,12,0
S01006646,Electric (including storage heaters) central heating,301,33,268,269,13,256,26,14,12,6,6,0
S01006646,Oil central heating,0,0,0,0,0,0,0,0,0,0,0,0
S01006646,Solid fuel (for example wood coal) central heating,0,0,0,0,0,0,0,0,0,0,0,0
S01006646,Other central heating,3,3,0,0,0,0,2,2,0,1,1,0
S01006646,Two or more types of central heating,20,5,15,19,5,14,1,0,1,0,0,0
S01006647,All people in households,648,97,551,555,34,521,68,41,27,25,22,3
S01006647,No central heating,32,2,30,31,1,30,1,1,0,0,0,0
S01006647,Gas central heating,243,29,214,208,10,198,28,13,15,7,6,1
S01006647,Electric (including storage heaters) central heating,357,64,293,301,22,279,39,27,12,17,15,2
S01006647,Oil central heating,0,0,0,0,0,0,0,0,0,0,0,0
S01006647,Solid fuel (for example wood coal) central heating,0,0,0,0,0,0,0,0,0,0,0,0
S01006647,Other central heating,11,2,9,10,1,9,0,0,0,1,1,0
S01006647,Two or more types of central heating,5,0,5,5,0,5,0,0,0,0,0,0
S01006648,All people in households,1078,127,951,951,49,902,93,45,48,34,33,1
S01006648,No central heating,82,8,74,73,3,70,9,5,4,0,0,0
S01006648,Gas central heating,670,94,576,575,35,540,69,33,36,26,26,0
S01006648,Electric (including storage heaters) central heating,259,21,238,241,10,231,11,5,6,7,6,1
S01006648,Oil central heating,3,0,3,3,0,3,0,0,0,0,0,0
S01006648,Solid fuel (for example wood coal) central heating,0,0,0,0,0,0,0,0,0,0,0,0
S01006648,Other central heating,8,1,7,7,0,7,1,1,0,0,0,0
S01006648,Two or more types of central heating,56,3,53,52,1,51,3,1,2,1,1,0
S01006649,All people in households,961,130,831,835,34,801,93,64,29,33,32,1
S01006649,No central heating,23,4,19,20,2,18,2,1,1,1,1,0
S01006649,Gas central heating,745,106,639,639,25,614,79,54,25,27,27,0
S01006649,Electric (including storage heaters) central heating,163,16,147,151,7,144,7,5,2,5,4,1
S01006649,Oil central heating,0,0,0,0,0,0,0,0,0,0,0,0
S01006649,Solid fuel (for example wood coal) central heating,0,0,0,0,0,0,0,0,0,0,0,0
S01006649,Other central heating,3,0,3,3,0,3,0,0,0,0,0,0
S01006649,Two or more types of central heating,27,4,23,22,0,22,5,4,1,0,0,0
S01006650,All people in households,859,81,778,768,28,740,69,33,36,22,20,2
S01006650,No central heating,56,5,51,44,0,44,8,1,7,4,4,0
S01006650,Gas central heating,662,64,598,593,22,571,55,30,25,14,12,2
S01006650,Electric (including storage heaters) central heating,112,9,103,104,4,100,4,1,3,4,4,0
S01006650,Oil central heating,0,0,0,0,0,0,0,0,0,0,0,0
S01006650,Solid fuel (for example wood coal) central heating,1,0,1,1,0,1,0,0,0,0,0,0
S01006650,Other central heating,3,1,2,3,1,2,0,0,0,0,0,0
S01006650,Two or more types of central heating,25,2,23,23,1,22,2,1,1,0,0,0
S01006651,All people in households,635,103,532,536,38,498,77,44,33,22,21,1
S01006651,No central heating,36,9,27,28,2,26,5,4,1,3,3,0
S01006651,Gas central heating,422,85,337,347,34,313,59,36,23,16,15,1
S01006651,Electric (including storage heaters) central heating,150,6,144,137,1,136,10,2,8,3,3,0
S01006651,Oil central heating,0,0,0,0,0,0,0,0,0,0,0,0
S01006651,Solid fuel (for example wood coal) central heating,0,0,0,0,0,0,0,0,0,0,0,0
S01006651,Other central heating,2,0,2,2,0,2,0,0,0,0,0,0
S01006651,Two or more types of central heating,25,3,22,22,1,21,3,2,1,0,0,0
S01006652,All people in households,545,50,495,500,21,479,34,18,16,11,11,0
S01006652,No central heating,21,2,19,19,1,18,2,1,1,0,0,0
S01006652,Gas central heating,401,38,363,365,14,351,25,13,12,11,11,0
S01006652,Electric (including storage heaters) central heating,106,9,97,100,6,94,6,3,3,0,0,0
S01006652,Oil central heating,0,0,0,0,0,0,0,0,0,0,0,0
S01006652,Solid fuel (for example wood coal) central heating,0,0,0,0,0,0,0,0,0,0,0,0
S01006652,Other central heating,2,0,2,2,0,2,0,0,0,0,0,0
S01006652,Two or more types of central heating,15,1,14,14,0,14,1,1,0,0,0,0
S01006653,All people in households,564,51,513,522,20,502,28,18,10,14,13,1
S01006653,No central heating,5,2,3,4,1,3,1,1,0,0,0,0
S01006653,Gas central heating,480,44,436,441,16,425,25,15,10,14,13,1
S01006653,Electric (including storage heaters) central heating,65,2,63,65,2,63,0,0,0,0,0,0
S01006653,Oil central heating,0,0,0,0,0,0,0,0,0,0,0,0
S01006653,Solid fuel (for example wood coal) central heating,0,0,0,0,0,0,0,0,0,0,0,0
S01006653,Other central heating,0,0,0,0,0,0,0,0,0,0,0,0
S01006653,Two or more types of central heating,14,3,11,12,1,11,2,2,0,0,0,0
S01006654,All people in households,904,203,701,709,47,662,136,100,36,59,56,3
S01006654,No central heating,8,6,2,3,1,2,3,3,0,2,2,0
S01006654,Gas central heating,756,181,575,580,41,539,123,90,33,53,50,3
S01006654,Electric (including storage heaters) central heating,107,10,97,97,3,94,7,4,3,3,3,0
S01006654,Oil central heating,0,0,0,0,0,0,0,0,0,0,0,0
S01006654,Solid fuel (for example wood coal) central heating,2,1,1,1,0,1,0,0,0,1,1,0
S01006654,Other central heating,1,0,1,1,0,1,0,0,0,0,0,0
S01006654,Two or more types of central heating,30,5,25,27,2,25,3,3,0,0,0,0
S01006655,All people in households,624,63,561,569,18,551,36,26,10,19,19,0
S01006655,No central heating,5,1,4,4,0,4,0,0,0,1,1,0
S01006655,Gas central heating,567,57,510,518,16,502,33,25,8,16,16,0
S01006655,Electric (including storage heaters) central heating,37,1,36,35,1,34,2,0,2,0,0,0
S01006655,Oil central heating,0,0,0,0,0,0,0,0,0,0,0,0
S01006655,Solid fuel (for example wood coal) central heating,0,0,0,0,0,0,0,0,0,0,0,0
S01006655,Other central heating,0,0,0,0,0,0,0,0,0,0,0,0
S01006655,Two or more types of central heating,15,4,11,12,1,11,1,1,0,2,2,0
S01006656,All people in households,954,114,840,849,36,813,69,45,24,36,33,3
S01006656,No central heating,42,10,32,33,2,31,6,5,1,3,3,0
S01006656,Gas central heating,788,84,704,715,29,686,46,31,15,27,24,3
S01006656,Electric (including storage heaters) central heating,101,16,85,84,5,79,14,8,6,3,3,0
S01006656,Oil central heating,0,0,0,0,0,0,0,0,0,0,0,0
S01006656,Solid fuel (for example wood coal) central heating,0,0,0,0,0,0,0,0,0,0,0,0
S01006656,Other central heating,4,1,3,3,0,3,1,1,0,0,0,0
S01006656,Two or more types of central heating,19,3,16,14,0,14,2,0,2,3,3,0
S01006657,All people in households,536,52,484,483,16,467,35,20,15,18,16,2
S01006657,No central heating,30,1,29,27,0,27,3,1,2,0,0,0
S01006657,Gas central heating,419,47,372,374,13,361,27,18,9,18,16,2
S01006657,Electric (including storage heaters) central heating,76,3,73,71,2,69,5,1,4,0,0,0
S01006657,Oil central heating,0,0,0,0,0,0,0,0,0,0,0,0
S01006657,Solid fuel (for example wood coal) central heating,0,0,0,0,0,0,0,0,0,0,0,0
S01006657,Other central heating,1,0,1,1,0,1,0,0,0,0,0,0
S01006657,Two or more types of central heating,10,1,9,10,1,9,0,0,0,0,0,0
S01006658,All people in households,1019,107,912,890,28,862,96,49,47,33,30,3
S01006658,No central heating,37,4,33,32,2,30,4,1,3,1,1,0
S01006658,Gas central heating,701,79,622,612,19,593,63,36,27,26,24,2
S01006658,Electric (including storage heaters) central heating,231,18,213,206,5,201,21,9,12,4,4,0
S01006658,Oil central heating,1,0,1,1,0,1,0,0,0,0,0,0
S01006658,Solid fuel (for example wood coal) central heating,0,0,0,0,0,0,0,0,0,0,0,0
S01006658,Other central heating,1,0,1,0,0,0,1,0,1,0,0,0
S01006658,Two or more types of central heating,48,6,42,39,2,37,7,3,4,2,1,1
S01006659,All people in households,632,59,573,586,25,561,37,26,11,9,8,1
S01006659,No central heating,11,3,8,10,2,8,1,1,0,0,0,0
S01006659,Gas central heating,554,51,503,515,21,494,33,24,9,6,6,0
S01006659,Electric (including storage heaters) central heating,39,3,36,35,1,34,1,0,1,3,2,1
S01006659,Oil central heating,3,0,3,3,0,3,0,0,0,0,0,0
S01006659,Solid fuel (for example wood coal) central heating,0,0,0,0,0,0,0,0,0,0,0,0
S01006659,Other central heating,3,0,3,3,0,3,0,0,0,0,0,0
S01006659,Two or more types of central heating,22,2,20,20,1,19,2,1,1,0,0,0
S01006660,All people in households,527,65,462,469,26,443,44,27,17,14,12,2
S01006660,No central heating,25,1,24,25,1,24,0,0,0,0,0,0
S01006660,Gas central heating,398,51,347,349,18,331,37,23,14,12,10,2
S01006660,Electric (including storage heaters) central heating,74,7,67,70,6,64,4,1,3,0,0,0
S01006660,Oil central heating,8,1,7,7,0,7,0,0,0,1,1,0
S01006660,Solid fuel (for example wood coal) central heating,0,0,0,0,0,0,0,0,0,0,0,0
S01006660,Other central heating,0,0,0,0,0,0,0,0,0,0,0,0
S01006660,Two or more types of central heating,22,5,17,18,1,17,3,3,0,1,1,0
S01006661,All people in households,622,64,558,560,26,534,44,21,23,18,17,1
S01006661,No central heating,43,4,39,39,1,38,3,2,1,1,1,0
S01006661,Gas central heating,512,55,457,459,23,436,39,18,21,14,14,0
S01006661,Electric (including storage heaters) central heating,59,5,54,54,2,52,2,1,1,3,2,1
S01006661,Oil central heating,0,0,0,0,0,0,0,0,0,0,0,0
S01006661,Solid fuel (for example wood coal) central heating,0,0,0,0,0,0,0,0,0,0,0,0
S01006661,Other central heating,0,0,0,0,0,0,0,0,0,0,0,0
S01006661,Two or more types of central heating,8,0,8,8,0,8,0,0,0,0,0,0
S01006662,All people in households,600,96,504,509,35,474,62,32,30,29,29,0
S01006662,No central heating,14,3,11,12,1,11,2,2,0,0,0,0
S01006662,Gas central heating,512,77,435,433,26,407,54,26,28,25,25,0
S01006662,Electric (including storage heaters) central heating,44,13,31,37,7,30,5,4,1,2,2,0
S01006662,Oil central heating,0,0,0,0,0,0,0,0,0,0,0,0
S01006662,Solid fuel (for example wood coal) central heating,1,0,1,1,0,1,0,0,0,0,0,0
S01006662,Other central heating,0,0,0,0,0,0,0,0,0,0,0,0
S01006662,Two or more types of central heating,29,3,26,26,1,25,1,0,1,2,2,0
S01006663,All people in households,562,49,513,520,17,503,38,28,10,4,4,0
S01006663,No central heating,19,1,18,18,0,18,1,1,0,0,0,0
S01006663,Gas central heating,452,40,412,420,14,406,29,23,6,3,3,0
S01006663,Electric (including storage heaters) central heating,72,7,65,63,2,61,8,4,4,1,1,0
S01006663,Oil central heating,0,0,0,0,0,0,0,0,0,0,0,0
S01006663,Solid fuel (for example wood coal) central heating,0,0,0,0,0,0,0,0,0,0,0,0
S01006663,Other central heating,3,1,2,3,1,2,0,0,0,0,0,0
S01006663,Two or more types of central heating,16,0,16,16,0,16,0,0,0,0,0,0
S01006664,All people in households,503,49,454,459,16,443,35,24,11,9,9,0
S01006664,No central heating,16,1,15,15,0,15,1,1,0,0,0,0
S01006664,Gas central heating,362,39,323,330,14,316,24,17,7,8,8,0
S01006664,Electric (including storage heaters) central heating,116,9,107,106,2,104,9,6,3,1,1,0
S01006664,Oil central heating,0,0,0,0,0,0,0,0,0,0,0,0
S01006664,Solid fuel (for example wood coal) central heating,0,0,0,0,0,0,0,0,0,0,0,0
S01006664,Other central heating,2,0,2,2,0,2,0,0,0,0,0,0
S01006664,Two or more types of central heating,7,0,7,6,0,6,1,0,1,0,0,0
S01006665,All people in households,584,66,518,497,16,481,73,36,37,14,14,0
S01006665,No central heating,45,2,43,40,2,38,5,0,5,0,0,0
S01006665,Gas central heating,409,47,362,346,10,336,50,24,26,13,13,0
S01006665,Electric (including storage heaters) central heating,106,16,90,88,3,85,17,12,5,1,1,0
S01006665,Oil central heating,0,0,0,0,0,0,0,0,0,0,0,0
S01006665,Solid fuel (for example wood coal) central heating,0,0,0,0,0,0,0,0,0,0,0,0
S01006665,Other central heating,1,0,1,1,0,1,0,0,0,0,0,0
S01006665,Two or more types of central heating,23,1,22,22,1,21,1,0,1,0,0,0
S01006666,All people in households,877,248,629,626,54,572,166,111,55,85,83,2
S01006666,No central heating,47,15,32,31,2,29,13,10,3,3,3,0
S01006666,Gas central heating,347,108,239,235,24,211,70,43,27,42,41,1
S01006666,Electric (including storage heaters) central heating,416,95,321,316,17,299,67,45,22,33,33,0
S01006666,Oil central heating,0,0,0,0,0,0,0,0,0,0,0,0
S01006666,Solid fuel (for example wood coal) central heating,0,0,0,0,0,0,0,0,0,0,0,0
S01006666,Other central heating,57,29,28,35,11,24,15,12,3,7,6,1
S01006666,Two or more types of central heating,10,1,9,9,0,9,1,1,0,0,0,0
S01006667,All people in households,737,183,554,569,64,505,108,67,41,60,52,8
S01006667,No central heating,62,19,43,44,4,40,8,6,2,10,9,1
S01006667,Gas central heating,339,79,260,261,27,234,54,31,23,24,21,3
S01006667,Electric (including storage heaters) central heating,215,60,155,163,22,141,31,21,10,21,17,4
S01006667,Oil central heating,2,0,2,2,0,2,0,0,0,0,0,0
S01006667,Solid fuel (for example wood coal) central heating,6,1,5,5,0,5,1,1,0,0,0,0
S01006667,Other central heating,102,22,80,85,10,75,12,7,5,5,5,0
S01006667,Two or more types of central heating,11,2,9,9,1,8,2,1,1,0,0,0
S01006668,All people in households,723,72,651,655,25,630,47,28,19,21,19,2
S01006668,No central heating,22,3,19,18,1,17,4,2,2,0,0,0
S01006668,Gas central heating,483,57,426,428,16,412,35,23,12,20,18,2
S01006668,Electric (including storage heaters) central heating,211,11,200,203,8,195,8,3,5,0,0,0
S01006668,Oil central heating,0,0,0,0,0,0,0,0,0,0,0,0
S01006668,Solid fuel (for example wood coal) central heating,0,0,0,0,0,0,0,0,0,0,0,0
S01006668,Other central heating,0,0,0,0,0,0,0,0,0,0,0,0
S01006668,Two or more types of central heating,7,1,6,6,0,6,0,0,0,1,1,0
S01006669,All people in households,730,199,531,518,32,486,132,94,38,80,73,7
S01006669,No central heating,24,6,18,18,0,18,3,3,0,3,3,0
S01006669,Gas central heating,598,164,434,420,24,396,110,77,33,68,63,5
S01006669,Electric (including storage heaters) central heating,72,24,48,48,6,42,15,11,4,9,7,2
S01006669,Oil central heating,6,2,4,6,2,4,0,0,0,0,0,0
S01006669,Solid fuel (for example wood coal) central heating,0,0,0,0,0,0,0,0,0,0,0,0
S01006669,Other central heating,10,0,10,10,0,10,0,0,0,0,0,0
S01006669,Two or more types of central heating,20,3,17,16,0,16,4,3,1,0,0,0
S01006670,All people in households,530,120,410,418,32,386,77,55,22,35,33,2
S01006670,No central heating,22,4,18,20,2,18,1,1,0,1,1,0
S01006670,Gas central heating,459,104,355,358,26,332,75,53,22,26,25,1
S01006670,Electric (including storage heaters) central heating,26,0,26,26,0,26,0,0,0,0,0,0
S01006670,Oil central heating,0,0,0,0,0,0,0,0,0,0,0,0
S01006670,Solid fuel (for example wood coal) central heating,0,0,0,0,0,0,0,0,0,0,0,0
S01006670,Other central heating,0,0,0,0,0,0,0,0,0,0,0,0
S01006670,Two or more types of central heating,23,12,11,14,4,10,1,1,0,8,7,1
S01006671,All people in households,465,66,399,405,17,388,42,32,10,18,17,1
S01006671,No central heating,12,3,9,9,0,9,2,2,0,1,1,0
S01006671,Gas central heating,310,42,268,273,11,262,28,22,6,9,9,0
S01006671,Electric (including storage heaters) central heating,128,20,108,108,5,103,12,8,4,8,7,1
S01006671,Oil central heating,2,0,2,2,0,2,0,0,0,0,0,0
S01006671,Solid fuel (for example wood coal) central heating,4,0,4,4,0,4,0,0,0,0,0,0
S01006671,Other central heating,4,1,3,4,1,3,0,0,0,0,0,0
S01006671,Two or more types of central heating,5,0,5,5,0,5,0,0,0,0,0,0
S01006672,All people in households,752,127,625,624,28,596,83,54,29,45,45,0
S01006672,No central heating,18,2,16,17,1,16,1,1,0,0,0,0
S01006672,Gas central heating,624,106,518,519,25,494,65,41,24,40,40,0
S01006672,Electric (including storage heaters) central heating,71,10,61,58,0,58,11,8,3,2,2,0
S01006672,Oil central heating,3,2,1,2,1,1,0,0,0,1,1,0
S01006672,Solid fuel (for example wood coal) central heating,0,0,0,0,0,0,0,0,0,0,0,0
S01006672,Other central heating,6,3,3,4,1,3,1,1,0,1,1,0
S01006672,Two or more types of central heating,30,4,26,24,0,24,5,3,2,1,1,0
S01006673,All people in households,719,114,605,614,35,579,59,36,23,46,43,3
S01006673,No central heating,17,1,16,16,0,16,0,0,0,1,1,0
S01006673,Gas central heating,558,92,466,473,27,446,50,31,19,35,34,1
S01006673,Electric (including storage heaters) central heating,116,17,99,101,6,95,8,5,3,7,6,1
S01006673,Oil central heating,0,0,0,0,0,0,0,0,0,0,0,0
S01006673,Solid fuel (for example wood coal) central heating,0,0,0,0,0,0,0,0,0,0,0,0
S01006673,Other central heating,6,2,4,4,0,4,0,0,0,2,2,0
S01006673,Two or more types of central heating,22,2,20,20,2,18,1,0,1,1,0,1
S01006674,All people in households,928,241,687,674,57,617,181,115,66,73,69,4
S01006674,No central heating,36,10,26,26,2,24,7,5,2,3,3,0
S01006674,Gas central heating,281,52,229,221,13,208,42,24,18,18,15,3
S01006674,Electric (including storage heaters) central heating,571,165,406,399,35,364,123,82,41,49,48,1
S01006674,Oil central heating,3,2,1,1,1,0,1,0,1,1,1,0
S01006674,Solid fuel (for example wood coal) central heating,0,0,0,0,0,0,0,0,0,0,0,0
S01006674,Other central heating,27,8,19,24,6,18,2,1,1,1,1,0
S01006674,Two or more types of central heating,10,4,6,3,0,3,6,3,3,1,1,0
S01006675,All people in households,712,104,608,579,22,557,91,45,46,42,37,5
S01006675,No central heating,10,2,8,8,0,8,1,1,0,1,1,0
S01006675,Gas central heating,647,92,555,527,20,507,83,40,43,37,32,5
S01006675,Electric (including storage heaters) central heating,19,4,15,15,1,14,3,2,1,1,1,0
S01006675,Oil central heating,0,0,0,0,0,0,0,0,0,0,0,0
S01006675,Solid fuel (for example wood coal) central heating,1,0,1,1,0,1,0,0,0,0,0,0
S01006675,Other central heating,4,0,4,4,0,4,0,0,0,0,0,0
S01006675,Two or more types of central heating,31,6,25,24,1,23,4,2,2,3,3,0
S01006676,All people in households,747,153,594,588,36,552,100,60,40,59,57,2
S01006676,No central heating,8,2,6,7,1,6,1,1,0,0,0,0
S01006676,Gas central heating,591,125,466,460,26,434,84,53,31,47,46,1
S01006676,Electric (including storage heaters) central heating,113,17,96,93,5,88,12,5,7,8,7,1
S01006676,Oil central heating,0,0,0,0,0,0,0,0,0,0,0,0
S01006676,Solid fuel (for example wood coal) central heating,0,0,0,0,0,0,0,0,0,0,0,0
S01006676,Other central heating,0,0,0,0,0,0,0,0,0,0,0,0
S01006676,Two or more types of central heating,35,9,26,28,4,24,3,1,2,4,4,0
S01006677,All people in households,723,131,592,590,36,554,87,52,35,46,43,3
S01006677,No central heating,14,3,11,12,1,11,2,2,0,0,0,0
S01006677,Gas central heating,625,110,515,507,27,480,75,42,33,43,41,2
S01006677,Electric (including storage heaters) central heating,54,12,42,45,5,40,7,6,1,2,1,1
S01006677,Oil central heating,0,0,0,0,0,0,0,0,0,0,0,0
S01006677,Solid fuel (for example wood coal) central heating,0,0,0,0,0,0,0,0,0,0,0,0
S01006677,Other central heating,0,0,0,0,0,0,0,0,0,0,0,0
S01006677,Two or more types of central heating,30,6,24,26,3,23,3,2,1,1,1,0
S01006678,All people in households,1148,200,948,925,55,870,154,80,74,69,65,4
S01006678,No central heating,11,1,10,8,0,8,3,1,2,0,0,0
S01006678,Gas central heating,806,154,652,630,37,593,123,67,56,53,50,3
S01006678,Electric (including storage heaters) central heating,291,38,253,255,16,239,24,11,13,12,11,1
S01006678,Oil central heating,0,0,0,0,0,0,0,0,0,0,0,0
S01006678,Solid fuel (for example wood coal) central heating,1,1,0,0,0,0,0,0,0,1,1,0
S01006678,Other central heating,4,2,2,3,1,2,0,0,0,1,1,0
S01006678,Two or more types of central heating,35,4,31,29,1,28,4,1,3,2,2,0
S01006679,All people in households,654,120,534,543,34,509,77,53,24,34,33,1
S01006679,No central heating,14,1,13,13,1,12,1,0,1,0,0,0
S01006679,Gas central heating,564,96,468,472,24,448,64,45,19,28,27,1
S01006679,Electric (including storage heaters) central heating,56,19,37,41,8,33,10,6,4,5,5,0
S01006679,Oil central heating,4,1,3,4,1,3,0,0,0,0,0,0
S01006679,Solid fuel (for example wood coal) central heating,3,1,2,2,0,2,0,0,0,1,1,0
S01006679,Other central heating,0,0,0,0,0,0,0,0,0,0,0,0
S01006679,Two or more types of central heating,13,2,11,11,0,11,2,2,0,0,0,0
S01006680,All people in households,851,143,708,698,39,659,104,56,48,49,48,1
S01006680,No central heating,15,1,14,14,0,14,0,0,0,1,1,0
S01006680,Gas central heating,391,67,324,319,21,298,47,22,25,25,24,1
S01006680,Electric (including storage heaters) central heating,423,69,354,346,15,331,55,32,23,22,22,0
S01006680,Oil central heating,3,0,3,3,0,3,0,0,0,0,0,0
S01006680,Solid fuel (for example wood coal) central heating,0,0,0,0,0,0,0,0,0,0,0,0
S01006680,Other central heating,0,0,0,0,0,0,0,0,0,0,0,0
S01006680,Two or more types of central heating,19,6,13,16,3,13,2,2,0,1,1,0
S01006681,All people in households,734,171,563,566,45,521,117,78,39,51,48,3
S01006681,No central heating,24,4,20,18,0,18,3,1,2,3,3,0
S01006681,Gas central heating,266,53,213,214,12,202,38,27,11,14,14,0
S01006681,Electric (including storage heaters) central heating,431,113,318,326,33,293,73,50,23,32,30,2
S01006681,Oil central heating,0,0,0,0,0,0,0,0,0,0,0,0
S01006681,Solid fuel (for example wood coal) central heating,0,0,0,0,0,0,0,0,0,0,0,0
S01006681,Other central heating,3,0,3,2,0,2,1,0,1,0,0,0
S01006681,Two or more types of central heating,10,1,9,6,0,6,2,0,2,2,1,1
S01006682,All people in households,853,165,688,697,45,652,105,71,34,51,49,2
S01006682,No central heating,14,0,14,13,0,13,0,0,0,1,0,1
S01006682,Gas central heating,727,115,612,616,32,584,78,50,28,33,33,0
S01006682,Electric (including storage heaters) central heating,76,40,36,42,12,30,23,18,5,11,10,1
S01006682,Oil central heating,0,0,0,0,0,0,0,0,0,0,0,0
S01006682,Solid fuel (for example wood coal) central heating,0,0,0,0,0,0,0,0,0,0,0,0
S01006682,Other central heating,2,1,1,0,0,0,2,1,1,0,0,0
S01006682,Two or more types of central heating,34,9,25,26,1,25,2,2,0,6,6,0
S01006683,All people in households,872,124,748,762,49,713,67,38,29,43,37,6
S01006683,No central heating,17,0,17,17,0,17,0,0,0,0,0,0
S01006683,Gas central heating,758,112,646,658,42,616,61,36,25,39,34,5
S01006683,Electric (including storage heaters) central heating,53,6,47,46,3,43,3,0,3,4,3,1
S01006683,Oil central heating,12,3,9,10,1,9,2,2,0,0,0,0
S01006683,Solid fuel (for example wood coal) central heating,0,0,0,0,0,0,0,0,0,0,0,0
S01006683,Other central heating,4,1,3,4,1,3,0,0,0,0,0,0
S01006683,Two or more types of central heating,28,2,26,27,2,25,1,0,1,0,0,0
S01006684,All people in households,684,137,547,543,42,501,92,51,41,49,44,5
S01006684,No central heating,22,6,16,15,1,14,4,2,2,3,3,0
S01006684,Gas central heating,503,105,398,403,33,370,67,43,24,33,29,4
S01006684,Electric (including storage heaters) central heating,128,22,106,100,7,93,15,3,12,13,12,1
S01006684,Oil central heating,0,0,0,0,0,0,0,0,0,0,0,0
S01006684,Solid fuel (for example wood coal) central heating,7,0,7,7,0,7,0,0,0,0,0,0
S01006684,Other central heating,5,0,5,5,0,5,0,0,0,0,0,0
S01006684,Two or more types of central heating,19,4,15,13,1,12,6,3,3,0,0,0
S01006685,All people in households,740,157,583,579,37,542,108,70,38,53,50,3
S01006685,No central heating,20,3,17,15,1,14,5,2,3,0,0,0
S01006685,Gas central heating,638,134,504,504,31,473,90,61,29,44,42,2
S01006685,Electric (including storage heaters) central heating,55,15,40,41,4,37,8,5,3,6,6,0
S01006685,Oil central heating,0,0,0,0,0,0,0,0,0,0,0,0
S01006685,Solid fuel (for example wood coal) central heating,0,0,0,0,0,0,0,0,0,0,0,0
S01006685,Other central heating,2,0,2,2,0,2,0,0,0,0,0,0
S01006685,Two or more types of central heating,25,5,20,17,1,16,5,2,3,3,2,1
S01006686,All people in households,622,131,491,489,31,458,82,50,32,51,50,1
S01006686,No central heating,4,0,4,4,0,4,0,0,0,0,0,0
S01006686,Gas central heating,574,123,451,446,28,418,78,46,32,50,49,1
S01006686,Electric (including storage heaters) central heating,24,7,17,20,3,17,3,3,0,1,1,0
S01006686,Oil central heating,3,1,2,2,0,2,1,1,0,0,0,0
S01006686,Solid fuel (for example wood coal) central heating,4,0,4,4,0,4,0,0,0,0,0,0
S01006686,Other central heating,0,0,0,0,0,0,0,0,0,0,0,0
S01006686,Two or more types of central heating,13,0,13,13,0,13,0,0,0,0,0,0
S01006687,All people in households,833,184,649,668,51,617,102,71,31,63,62,1
S01006687,No central heating,11,4,7,7,0,7,2,2,0,2,2,0
S01006687,Gas central heating,771,173,598,619,50,569,93,65,28,59,58,1
S01006687,Electric (including storage heaters) central heating,35,7,28,26,1,25,7,4,3,2,2,0
S01006687,Oil central heating,0,0,0,0,0,0,0,0,0,0,0,0
S01006687,Solid fuel (for example wood coal) central heating,0,0,0,0,0,0,0,0,0,0,0,0
S01006687,Other central heating,0,0,0,0,0,0,0,0,0,0,0,0
S01006687,Two or more types of central heating,16,0,16,16,0,16,0,0,0,0,0,0
S01006688,All people in households,948,284,664,720,94,626,157,119,38,71,71,0
S01006688,No central heating,3,2,1,2,1,1,0,0,0,1,1,0
S01006688,Gas central heating,756,175,581,621,68,553,91,63,28,44,44,0
S01006688,Electric (including storage heaters) central heating,172,103,69,84,25,59,65,55,10,23,23,0
S01006688,Oil central heating,0,0,0,0,0,0,0,0,0,0,0,0
S01006688,Solid fuel (for example wood coal) central heating,1,1,0,0,0,0,1,1,0,0,0,0
S01006688,Other central heating,4,0,4,4,0,4,0,0,0,0,0,0
S01006688,Two or more types of central heating,12,3,9,9,0,9,0,0,0,3,3,0
S01006689,All people in households,629,40,589,593,14,579,28,18,10,8,8,0
S01006689,No central heating,5,0,5,5,0,5,0,0,0,0,0,0
S01006689,Gas central heating,598,35,563,567,14,553,26,16,10,5,5,0
S01006689,Electric (including storage heaters) central heating,17,4,13,13,0,13,2,2,0,2,2,0
S01006689,Oil central heating,0,0,0,0,0,0,0,0,0,0,0,0
S01006689,Solid fuel (for example wood coal) central heating,0,0,0,0,0,0,0,0,0,0,0,0
S01006689,Other central heating,0,0,0,0,0,0,0,0,0,0,0,0
S01006689,Two or more types of central heating,9,1,8,8,0,8,0,0,0,1,1,0
S01006690,All people in households,594,107,487,504,31,473,61,48,13,29,28,1
S01006690,No central heating,6,1,5,6,1,5,0,0,0,0,0,0
S01006690,Gas central heating,541,94,447,461,26,435,54,43,11,26,25,1
S01006690,Electric (including storage heaters) central heating,26,6,20,21,1,20,4,4,0,1,1,0
S01006690,Oil central heating,0,0,0,0,0,0,0,0,0,0,0,0
S01006690,Solid fuel (for example wood coal) central heating,0,0,0,0,0,0,0,0,0,0,0,0
S01006690,Other central heating,0,0,0,0,0,0,0,0,0,0,0,0
S01006690,Two or more types of central heating,21,6,15,16,3,13,3,1,2,2,2,0
S01006691,All people in households,559,63,496,508,31,477,41,23,18,10,9,1
S01006691,No central heating,3,0,3,3,0,3,0,0,0,0,0,0
S01006691,Gas central heating,527,58,469,481,31,450,38,20,18,8,7,1
S01006691,Electric (including storage heaters) central heating,10,3,7,7,0,7,1,1,0,2,2,0
S01006691,Oil central heating,2,0,2,2,0,2,0,0,0,0,0,0
S01006691,Solid fuel (for example wood coal) central heating,0,0,0,0,0,0,0,0,0,0,0,0
S01006691,Other central heating,0,0,0,0,0,0,0,0,0,0,0,0
S01006691,Two or more types of central heating,17,2,15,15,0,15,2,2,0,0,0,0
S01006692,All people in households,737,103,634,643,34,609,72,49,23,22,20,2
S01006692,No central heating,8,2,6,6,0,6,1,1,0,1,1,0
S01006692,Gas central heating,681,93,588,599,31,568,62,43,19,20,19,1
S01006692,Electric (including storage heaters) central heating,33,5,28,26,2,24,7,3,4,0,0,0
S01006692,Oil central heating,0,0,0,0,0,0,0,0,0,0,0,0
S01006692,Solid fuel (for example wood coal) central heating,2,1,1,2,1,1,0,0,0,0,0,0
S01006692,Other central heating,0,0,0,0,0,0,0,0,0,0,0,0
S01006692,Two or more types of central heating,13,2,11,10,0,10,2,2,0,1,0,1
S01006693,All people in households,1001,140,861,874,45,829,88,56,32,39,39,0
S01006693,No central heating,24,7,17,19,2,17,4,4,0,1,1,0
S01006693,Gas central heating,846,112,734,739,37,702,76,44,32,31,31,0
S01006693,Electric (including storage heaters) central heating,90,15,75,79,4,75,6,6,0,5,5,0
S01006693,Oil central heating,1,1,0,0,0,0,1,1,0,0,0,0
S01006693,Solid fuel (for example wood coal) central heating,0,0,0,0,0,0,0,0,0,0,0,0
S01006693,Other central heating,1,1,0,0,0,0,1,1,0,0,0,0
S01006693,Two or more types of central heating,39,4,35,37,2,35,0,0,0,2,2,0
S01006694,All people in households,865,283,582,613,77,536,176,132,44,76,74,2
S01006694,No central heating,18,4,14,11,0,11,7,4,3,0,0,0
S01006694,Gas central heating,598,186,412,441,60,381,110,81,29,47,45,2
S01006694,Electric (including storage heaters) central heating,163,57,106,107,9,98,41,33,8,15,15,0
S01006694,Oil central heating,14,5,9,9,1,8,3,2,1,2,2,0
S01006694,Solid fuel (for example wood coal) central heating,0,0,0,0,0,0,0,0,0,0,0,0
S01006694,Other central heating,62,28,34,39,7,32,14,12,2,9,9,0
S01006694,Two or more types of central heating,10,3,7,6,0,6,1,0,1,3,3,0
S01006695,All people in households,712,164,548,565,44,521,107,80,27,40,40,0
S01006695,No central heating,8,0,8,7,0,7,1,0,1,0,0,0
S01006695,Gas central heating,647,151,496,514,41,473,98,75,23,35,35,0
S01006695,Electric (including storage heaters) central heating,37,11,26,26,2,24,6,4,2,5,5,0
S01006695,Oil central heating,0,0,0,0,0,0,0,0,0,0,0,0
S01006695,Solid fuel (for example wood coal) central heating,0,0,0,0,0,0,0,0,0,0,0,0
S01006695,Other central heating,0,0,0,0,0,0,0,0,0,0,0,0
S01006695,Two or more types of central heating,20,2,18,18,1,17,2,1,1,0,0,0
S01006696,All people in households,849,192,657,689,67,622,113,79,34,47,46,1
S01006696,No central heating,11,1,10,9,0,9,2,1,1,0,0,0
S01006696,Gas central heating,652,134,518,545,50,495,75,53,22,32,31,1
S01006696,Electric (including storage heaters) central heating,167,53,114,117,14,103,36,25,11,14,14,0
S01006696,Oil central heating,2,2,0,2,2,0,0,0,0,0,0,0
S01006696,Solid fuel (for example wood coal) central heating,0,0,0,0,0,0,0,0,0,0,0,0
S01006696,Other central heating,0,0,0,0,0,0,0,0,0,0,0,0
S01006696,Two or more types of central heating,17,2,15,16,1,15,0,0,0,1,1,0
S01006697,All people in households,926,169,757,769,50,719,112,75,37,45,44,1
S01006697,No central heating,6,2,4,5,1,4,1,1,0,0,0,0
S01006697,Gas central heating,577,86,491,497,27,470,61,40,21,19,19,0
S01006697,Electric (including storage heaters) central heating,322,76,246,252,22,230,46,31,15,24,23,1
S01006697,Oil central heating,0,0,0,0,0,0,0,0,0,0,0,0
S01006697,Solid fuel (for example wood coal) central heating,0,0,0,0,0,0,0,0,0,0,0,0
S01006697,Other central heating,0,0,0,0,0,0,0,0,0,0,0,0
S01006697,Two or more types of central heating,21,5,16,15,0,15,4,3,1,2,2,0
S01006698,All people in households,691,193,498,521,58,463,113,80,33,57,55,2
S01006698,No central heating,11,2,9,9,0,9,0,0,0,2,2,0
S01006698,Gas central heating,450,113,337,350,30,320,66,50,16,34,33,1
S01006698,Electric (including storage heaters) central heating,199,65,134,141,21,120,40,27,13,18,17,1
S01006698,Oil central heating,0,0,0,0,0,0,0,0,0,0,0,0
S01006698,Solid fuel (for example wood coal) central heating,0,0,0,0,0,0,0,0,0,0,0,0
S01006698,Other central heating,10,4,6,5,3,2,5,1,4,0,0,0
S01006698,Two or more types of central heating,21,9,12,16,4,12,2,2,0,3,3,0
S01006699,All people in households,471,66,405,415,35,380,46,22,24,10,9,1
S01006699,No central heating,4,0,4,4,0,4,0,0,0,0,0,0
S01006699,Gas central heating,374,54,320,329,26,303,35,19,16,10,9,1
S01006699,Electric (including storage heaters) central heating,88,9,79,78,6,72,10,3,7,0,0,0
S01006699,Oil central heating,0,0,0,0,0,0,0,0,0,0,0,0
S01006699,Solid fuel (for example wood coal) central heating,1,0,1,0,0,0,1,0,1,0,0,0
S01006699,Other central heating,1,1,0,1,1,0,0,0,0,0,0,0
S01006699,Two or more types of central heating,3,2,1,3,2,1,0,0,0,0,0,0
S01006700,All people in households,830,181,649,679,58,621,109,84,25,42,39,3
S01006700,No central heating,7,1,6,7,1,6,0,0,0,0,0,0
S01006700,Gas central heating,673,146,527,554,50,504,87,67,20,32,29,3
S01006700,Electric (including storage heaters) central heating,108,20,88,87,4,83,14,9,5,7,7,0
S01006700,Oil central heating,0,0,0,0,0,0,0,0,0,0,0,0
S01006700,Solid fuel (for example wood coal) central heating,6,1,5,5,0,5,1,1,0,0,0,0
S01006700,Other central heating,10,3,7,8,1,7,2,2,0,0,0,0
S01006700,Two or more types of central heating,26,10,16,18,2,16,5,5,0,3,3,0
S01006701,All people in households,728,141,587,591,40,551,88,56,32,49,45,4
S01006701,No central heating,0,0,0,0,0,0,0,0,0,0,0,0
S01006701,Gas central heating,700,134,566,571,40,531,86,54,32,43,40,3
S01006701,Electric (including storage heaters) central heating,19,7,12,11,0,11,2,2,0,6,5,1
S01006701,Oil central heating,0,0,0,0,0,0,0,0,0,0,0,0
S01006701,Solid fuel (for example wood coal) central heating,0,0,0,0,0,0,0,0,0,0,0,0
S01006701,Other central heating,0,0,0,0,0,0,0,0,0,0,0,0
S01006701,Two or more types of central heating,9,0,9,9,0,9,0,0,0,0,0,0
S01006702,All people in households,761,159,602,605,44,561,126,85,41,30,30,0
S01006702,No central heating,2,2,0,1,1,0,1,1,0,0,0,0
S01006702,Gas central heating,707,139,568,565,38,527,115,74,41,27,27,0
S01006702,Electric (including storage heaters) central heating,23,16,7,11,4,7,9,9,0,3,3,0
S01006702,Oil central heating,7,0,7,7,0,7,0,0,0,0,0,0
S01006702,Solid fuel (for example wood coal) central heating,0,0,0,0,0,0,0,0,0,0,0,0
S01006702,Other central heating,8,0,8,8,0,8,0,0,0,0,0,0
S01006702,Two or more types of central heating,14,2,12,13,1,12,1,1,0,0,0,0
S01006703,All people in households,675,142,533,541,38,503,94,64,30,40,40,0
S01006703,No central heating,5,3,2,2,0,2,2,2,0,1,1,0
S01006703,Gas central heating,620,125,495,500,32,468,85,58,27,35,35,0
S01006703,Electric (including storage heaters) central heating,29,9,20,22,4,18,4,2,2,3,3,0
S01006703,Oil central heating,2,2,0,0,0,0,1,1,0,1,1,0
S01006703,Solid fuel (for example wood coal) central heating,0,0,0,0,0,0,0,0,0,0,0,0
S01006703,Other central heating,5,1,4,5,1,4,0,0,0,0,0,0
S01006703,Two or more types of central heating,14,2,12,12,1,11,2,1,1,0,0,0
S01006704,All people in households,605,154,451,459,36,423,102,74,28,44,44,0
S01006704,No central heating,2,2,0,0,0,0,0,0,0,2,2,0
S01006704,Gas central heating,561,139,422,430,35,395,89,62,27,42,42,0
S01006704,Electric (including storage heaters) central heating,17,9,8,9,1,8,8,8,0,0,0,0
S01006704,Oil central heating,0,0,0,0,0,0,0,0,0,0,0,0
S01006704,Solid fuel (for example wood coal) central heating,3,0,3,3,0,3,0,0,0,0,0,0
S01006704,Other central heating,0,0,0,0,0,0,0,0,0,0,0,0
S01006704,Two or more types of central heating,22,4,18,17,0,17,5,4,1,0,0,0
S01006705,All people in households,739,186,553,567,49,518,119,86,33,53,51,2
S01006705,No central heating,10,4,6,6,2,4,4,2,2,0,0,0
S01006705,Gas central heating,641,154,487,498,41,457,95,67,28,48,46,2
S01006705,Electric (including storage heaters) central heating,72,23,49,53,6,47,15,13,2,4,4,0
S01006705,Oil central heating,0,0,0,0,0,0,0,0,0,0,0,0
S01006705,Solid fuel (for example wood coal) central heating,0,0,0,0,0,0,0,0,0,0,0,0
S01006705,Other central heating,5,3,2,1,0,1,3,2,1,1,1,0
S01006705,Two or more types of central heating,11,2,9,9,0,9,2,2,0,0,0,0
S01006706,All people in households,619,121,498,516,41,475,67,46,21,36,34,2
S01006706,No central heating,16,4,12,14,2,12,2,2,0,0,0,0
S01006706,Gas central heating,555,102,453,466,36,430,56,35,21,33,31,2
S01006706,Electric (including storage heaters) central heating,23,8,15,18,3,15,3,3,0,2,2,0
S01006706,Oil central heating,2,1,1,1,0,1,1,1,0,0,0,0
S01006706,Solid fuel (for example wood coal) central heating,0,0,0,0,0,0,0,0,0,0,0,0
S01006706,Other central heating,1,1,0,0,0,0,1,1,0,0,0,0
S01006706,Two or more types of central heating,22,5,17,17,0,17,4,4,0,1,1,0
S01006707,All people in households,685,141,544,557,42,515,88,59,29,40,40,0
S01006707,No central heating,5,3,2,3,1,2,1,1,0,1,1,0
S01006707,Gas central heating,622,130,492,503,36,467,81,56,25,38,38,0
S01006707,Electric (including storage heaters) central heating,32,6,26,28,4,24,3,1,2,1,1,0
S01006707,Oil central heating,0,0,0,0,0,0,0,0,0,0,0,0
S01006707,Solid fuel (for example wood coal) central heating,0,0,0,0,0,0,0,0,0,0,0,0
S01006707,Other central heating,0,0,0,0,0,0,0,0,0,0,0,0
S01006707,Two or more types of central heating,26,2,24,23,1,22,3,1,2,0,0,0
S01006708,All people in households,790,207,583,603,49,554,140,112,28,47,46,1
S01006708,No central heating,9,4,5,5,0,5,1,1,0,3,3,0
S01006708,Gas central heating,681,142,539,549,35,514,102,77,25,30,30,0
S01006708,Electric (including storage heaters) central heating,83,52,31,39,11,28,33,31,2,11,10,1
S01006708,Oil central heating,0,0,0,0,0,0,0,0,0,0,0,0
S01006708,Solid fuel (for example wood coal) central heating,3,2,1,2,1,1,1,1,0,0,0,0
S01006708,Other central heating,9,4,5,6,2,4,3,2,1,0,0,0
S01006708,Two or more types of central heating,5,3,2,2,0,2,0,0,0,3,3,0
S01006709,All people in households,878,183,695,725,62,663,101,70,31,52,51,1
S01006709,No central heating,12,6,6,7,2,5,5,4,1,0,0,0
S01006709,Gas central heating,771,167,604,633,57,576,88,61,27,50,49,1
S01006709,Electric (including storage heaters) central heating,71,9,62,63,3,60,7,5,2,1,1,0
S01006709,Oil central heating,0,0,0,0,0,0,0,0,0,0,0,0
S01006709,Solid fuel (for example wood coal) central heating,0,0,0,0,0,0,0,0,0,0,0,0
S01006709,Other central heating,7,1,6,6,0,6,0,0,0,1,1,0
S01006709,Two or more types of central heating,17,0,17,16,0,16,1,0,1,0,0,0
S01006710,All people in households,853,237,616,643,62,581,135,101,34,75,74,1
S01006710,No central heating,8,3,5,4,0,4,2,1,1,2,2,0
S01006710,Gas central heating,796,212,584,607,56,551,121,89,32,68,67,1
S01006710,Electric (including storage heaters) central heating,29,18,11,14,4,10,10,9,1,5,5,0
S01006710,Oil central heating,2,1,1,1,0,1,1,1,0,0,0,0
S01006710,Solid fuel (for example wood coal) central heating,0,0,0,0,0,0,0,0,0,0,0,0
S01006710,Other central heating,6,2,4,6,2,4,0,0,0,0,0,0
S01006710,Two or more types of central heating,12,1,11,11,0,11,1,1,0,0,0,0
S01006711,All people in households,927,249,678,682,59,623,174,120,54,71,70,1
S01006711,No central heating,12,2,10,8,0,8,4,2,2,0,0,0
S01006711,Gas central heating,843,225,618,628,57,571,155,108,47,60,60,0
S01006711,Electric (including storage heaters) central heating,56,13,43,38,0,38,11,6,5,7,7,0
S01006711,Oil central heating,1,0,1,1,0,1,0,0,0,0,0,0
S01006711,Solid fuel (for example wood coal) central heating,0,0,0,0,0,0,0,0,0,0,0,0
S01006711,Other central heating,7,2,5,7,2,5,0,0,0,0,0,0
S01006711,Two or more types of central heating,8,7,1,0,0,0,4,4,0,4,3,1
S01006712,All people in households,524,152,372,398,43,355,84,67,17,42,42,0
S01006712,No central heating,1,0,1,1,0,1,0,0,0,0,0,0
S01006712,Gas central heating,497,141,356,378,39,339,81,64,17,38,38,0
S01006712,Electric (including storage heaters) central heating,15,8,7,10,3,7,3,3,0,2,2,0
S01006712,Oil central heating,0,0,0,0,0,0,0,0,0,0,0,0
S01006712,Solid fuel (for example wood coal) central heating,0,0,0,0,0,0,0,0,0,0,0,0
S01006712,Other central heating,0,0,0,0,0,0,0,0,0,0,0,0
S01006712,Two or more types of central heating,11,3,8,9,1,8,0,0,0,2,2,0
S01006713,All people in households,937,244,693,699,61,638,160,110,50,78,73,5
S01006713,No central heating,9,3,6,7,1,6,0,0,0,2,2,0
S01006713,Gas central heating,880,233,647,655,59,596,152,105,47,73,69,4
S01006713,Electric (including storage heaters) central heating,28,4,24,21,0,21,6,3,3,1,1,0
S01006713,Oil central heating,0,0,0,0,0,0,0,0,0,0,0,0
S01006713,Solid fuel (for example wood coal) central heating,2,1,1,2,1,1,0,0,0,0,0,0
S01006713,Other central heating,0,0,0,0,0,0,0,0,0,0,0,0
S01006713,Two or more types of central heating,18,3,15,14,0,14,2,2,0,2,1,1
S01006714,All people in households,682,143,539,559,47,512,82,57,25,41,39,2
S01006714,No central heating,3,1,2,3,1,2,0,0,0,0,0,0
S01006714,Gas central heating,643,132,511,528,43,485,78,54,24,37,35,2
S01006714,Electric (including storage heaters) central heating,13,6,7,8,1,7,3,3,0,2,2,0
S01006714,Oil central heating,2,0,2,2,0,2,0,0,0,0,0,0
S01006714,Solid fuel (for example wood coal) central heating,0,0,0,0,0,0,0,0,0,0,0,0
S01006714,Other central heating,4,0,4,3,0,3,1,0,1,0,0,0
S01006714,Two or more types of central heating,17,4,13,15,2,13,0,0,0,2,2,0
S01006715,All people in households,623,105,518,515,31,484,81,52,29,27,22,5
S01006715,No central heating,3,1,2,2,0,2,1,1,0,0,0,0
S01006715,Gas central heating,583,98,485,482,26,456,75,51,24,26,21,5
S01006715,Electric (including storage heaters) central heating,19,3,16,18,3,15,1,0,1,0,0,0
S01006715,Oil central heating,0,0,0,0,0,0,0,0,0,0,0,0
S01006715,Solid fuel (for example wood coal) central heating,4,1,3,4,1,3,0,0,0,0,0,0
S01006715,Other central heating,0,0,0,0,0,0,0,0,0,0,0,0
S01006715,Two or more types of central heating,14,2,12,9,1,8,4,0,4,1,1,0
S01006716,All people in households,606,120,486,480,27,453,89,60,29,37,33,4
S01006716,No central heating,10,3,7,6,0,6,1,1,0,3,2,1
S01006716,Gas central heating,557,107,450,443,23,420,82,55,27,32,29,3
S01006716,Electric (including storage heaters) central heating,17,8,9,12,4,8,4,3,1,1,1,0
S01006716,Oil central heating,0,0,0,0,0,0,0,0,0,0,0,0
S01006716,Solid fuel (for example wood coal) central heating,0,0,0,0,0,0,0,0,0,0,0,0
S01006716,Other central heating,0,0,0,0,0,0,0,0,0,0,0,0
S01006716,Two or more types of central heating,22,2,20,19,0,19,2,1,1,1,1,0
S01006717,All people in households,974,246,728,735,64,671,168,117,51,71,65,6
S01006717,No central heating,7,4,3,2,1,1,3,1,2,2,2,0
S01006717,Gas central heating,878,199,679,682,51,631,139,96,43,57,52,5
S01006717,Electric (including storage heaters) central heating,56,33,23,25,7,18,22,18,4,9,8,1
S01006717,Oil central heating,0,0,0,0,0,0,0,0,0,0,0,0
S01006717,Solid fuel (for example wood coal) central heating,0,0,0,0,0,0,0,0,0,0,0,0
S01006717,Other central heating,3,1,2,2,0,2,1,1,0,0,0,0
S01006717,Two or more types of central heating,30,9,21,24,5,19,3,1,2,3,3,0
S01006718,All people in households,627,130,497,523,50,473,74,51,23,30,29,1
S01006718,No central heating,0,0,0,0,0,0,0,0,0,0,0,0
S01006718,Gas central heating,603,127,476,503,49,454,72,51,21,28,27,1
S01006718,Electric (including storage heaters) central heating,18,3,15,15,1,14,1,0,1,2,2,0
S01006718,Oil central heating,0,0,0,0,0,0,0,0,0,0,0,0
S01006718,Solid fuel (for example wood coal) central heating,1,0,1,1,0,1,0,0,0,0,0,0
S01006718,Other central heating,0,0,0,0,0,0,0,0,0,0,0,0
S01006718,Two or more types of central heating,5,0,5,4,0,4,1,0,1,0,0,0
S01006719,All people in households,916,187,729,721,38,683,128,84,44,67,65,2
S01006719,No central heating,10,0,10,9,0,9,1,0,1,0,0,0
S01006719,Gas central heating,868,176,692,685,38,647,121,78,43,62,60,2
S01006719,Electric (including storage heaters) central heating,24,8,16,16,0,16,5,5,0,3,3,0
S01006719,Oil central heating,0,0,0,0,0,0,0,0,0,0,0,0
S01006719,Solid fuel (for example wood coal) central heating,8,2,6,6,0,6,0,0,0,2,2,0
S01006719,Other central heating,0,0,0,0,0,0,0,0,0,0,0,0
S01006719,Two or more types of central heating,6,1,5,5,0,5,1,1,0,0,0,0
S01006720,All people in households,587,107,480,484,21,463,68,53,15,35,33,2
S01006720,No central heating,9,3,6,7,1,6,1,1,0,1,1,0
S01006720,Gas central heating,560,101,459,462,20,442,66,51,15,32,30,2
S01006720,Electric (including storage heaters) central heating,9,3,6,6,0,6,1,1,0,2,2,0
S01006720,Oil central heating,0,0,0,0,0,0,0,0,0,0,0,0
S01006720,Solid fuel (for example wood coal) central heating,0,0,0,0,0,0,0,0,0,0,0,0
S01006720,Other central heating,0,0,0,0,0,0,0,0,0,0,0,0
S01006720,Two or more types of central heating,9,0,9,9,0,9,0,0,0,0,0,0
S01006721,All people in households,888,200,688,702,52,650,124,88,36,62,60,2
S01006721,No central heating,11,4,7,5,0,5,5,3,2,1,1,0
S01006721,Gas central heating,815,176,639,656,48,608,106,77,29,53,51,2
S01006721,Electric (including storage heaters) central heating,39,12,27,27,3,24,8,5,3,4,4,0
S01006721,Oil central heating,0,0,0,0,0,0,0,0,0,0,0,0
S01006721,Solid fuel (for example wood coal) central heating,2,0,2,2,0,2,0,0,0,0,0,0
S01006721,Other central heating,0,0,0,0,0,0,0,0,0,0,0,0
S01006721,Two or more types of central heating,21,8,13,12,1,11,5,3,2,4,4,0
S01006722,All people in households,774,150,624,624,36,588,109,76,33,41,38,3
S01006722,No central heating,0,0,0,0,0,0,0,0,0,0,0,0
S01006722,Gas central heating,721,137,584,584,33,551,98,68,30,39,36,3
S01006722,Electric (including storage heaters) central heating,46,11,35,35,3,32,10,7,3,1,1,0
S01006722,Oil central heating,0,0,0,0,0,0,0,0,0,0,0,0
S01006722,Solid fuel (for example wood coal) central heating,0,0,0,0,0,0,0,0,0,0,0,0
S01006722,Other central heating,0,0,0,0,0,0,0,0,0,0,0,0
S01006722,Two or more types of central heating,7,2,5,5,0,5,1,1,0,1,1,0
S01006723,All people in households,645,130,515,520,33,487,91,64,27,34,33,1
S01006723,No central heating,9,2,7,6,1,5,3,1,2,0,0,0
S01006723,Gas central heating,600,120,480,487,30,457,81,59,22,32,31,1
S01006723,Electric (including storage heaters) central heating,21,3,18,18,1,17,1,0,1,2,2,0
S01006723,Oil central heating,0,0,0,0,0,0,0,0,0,0,0,0
S01006723,Solid fuel (for example wood coal) central heating,2,1,1,2,1,1,0,0,0,0,0,0
S01006723,Other central heating,2,0,2,1,0,1,1,0,1,0,0,0
S01006723,Two or more types of central heating,11,4,7,6,0,6,5,4,1,0,0,0
S01006724,All people in households,1005,170,835,830,51,779,125,70,55,50,49,1
S01006724,No central heating,16,4,12,14,2,12,2,2,0,0,0,0
S01006724,Gas central heating,932,148,784,775,42,733,111,61,50,46,45,1
S01006724,Electric (including storage heaters) central heating,18,7,11,11,2,9,4,2,2,3,3,0
S01006724,Oil central heating,0,0,0,0,0,0,0,0,0,0,0,0
S01006724,Solid fuel (for example wood coal) central heating,0,0,0,0,0,0,0,0,0,0,0,0
S01006724,Other central heating,5,0,5,5,0,5,0,0,0,0,0,0
S01006724,Two or more types of central heating,34,11,23,25,5,20,8,5,3,1,1,0
S01006725,All people in households,664,144,520,517,40,477,101,59,42,46,45,1
S01006725,No central heating,2,0,2,1,0,1,1,0,1,0,0,0
S01006725,Gas central heating,638,136,502,498,35,463,95,57,38,45,44,1
S01006725,Electric (including storage heaters) central heating,6,2,4,3,1,2,2,0,2,1,1,0
S01006725,Oil central heating,0,0,0,0,0,0,0,0,0,0,0,0
S01006725,Solid fuel (for example wood coal) central heating,0,0,0,0,0,0,0,0,0,0,0,0
S01006725,Other central heating,0,0,0,0,0,0,0,0,0,0,0,0
S01006725,Two or more types of central heating,18,6,12,15,4,11,3,2,1,0,0,0
S01006726,All people in households,1391,208,1183,1165,64,1101,169,91,78,57,53,4
S01006726,No central heating,6,1,5,3,0,3,2,0,2,1,1,0
S01006726,Gas central heating,1300,193,1107,1086,54,1032,161,90,71,53,49,4
S01006726,Electric (including storage heaters) central heating,20,2,18,19,2,17,1,0,1,0,0,0
S01006726,Oil central heating,3,1,2,3,1,2,0,0,0,0,0,0
S01006726,Solid fuel (for example wood coal) central heating,6,3,3,3,1,2,1,0,1,2,2,0
S01006726,Other central heating,5,1,4,3,0,3,1,0,1,1,1,0
S01006726,Two or more types of central heating,51,7,44,48,6,42,3,1,2,0,0,0
S01006727,All people in households,956,196,760,769,54,715,119,78,41,68,64,4
S01006727,No central heating,17,1,16,14,1,13,3,0,3,0,0,0
S01006727,Gas central heating,842,158,684,693,44,649,97,66,31,52,48,4
S01006727,Electric (including storage heaters) central heating,66,34,32,32,7,25,19,12,7,15,15,0
S01006727,Oil central heating,0,0,0,0,0,0,0,0,0,0,0,0
S01006727,Solid fuel (for example wood coal) central heating,0,0,0,0,0,0,0,0,0,0,0,0
S01006727,Other central heating,1,0,1,1,0,1,0,0,0,0,0,0
S01006727,Two or more types of central heating,30,3,27,29,2,27,0,0,0,1,1,0
S01006728,All people in households,754,129,625,638,44,594,79,50,29,37,35,2
S01006728,No central heating,7,3,4,5,2,3,2,1,1,0,0,0
S01006728,Gas central heating,703,119,584,593,37,556,73,47,26,37,35,2
S01006728,Electric (including storage heaters) central heating,23,5,18,20,3,17,3,2,1,0,0,0
S01006728,Oil central heating,0,0,0,0,0,0,0,0,0,0,0,0
S01006728,Solid fuel (for example wood coal) central heating,0,0,0,0,0,0,0,0,0,0,0,0
S01006728,Other central heating,0,0,0,0,0,0,0,0,0,0,0,0
S01006728,Two or more types of central heating,21,2,19,20,2,18,1,0,1,0,0,0
S01006729,All people in households,831,186,645,676,71,605,115,77,38,40,38,2
S01006729,No central heating,4,0,4,4,0,4,0,0,0,0,0,0
S01006729,Gas central heating,755,159,596,622,61,561,101,68,33,32,30,2
S01006729,Electric (including storage heaters) central heating,38,20,18,24,10,14,10,6,4,4,4,0
S01006729,Oil central heating,0,0,0,0,0,0,0,0,0,0,0,0
S01006729,Solid fuel (for example wood coal) central heating,0,0,0,0,0,0,0,0,0,0,0,0
S01006729,Other central heating,6,1,5,5,0,5,0,0,0,1,1,0
S01006729,Two or more types of central heating,28,6,22,21,0,21,4,3,1,3,3,0
S01006730,All people in households,704,115,589,584,28,556,93,61,32,27,26,1
S01006730,No central heating,11,1,10,9,0,9,2,1,1,0,0,0
S01006730,Gas central heating,579,94,485,485,24,461,71,48,23,23,22,1
S01006730,Electric (including storage heaters) central heating,102,19,83,80,4,76,19,12,7,3,3,0
S01006730,Oil central heating,0,0,0,0,0,0,0,0,0,0,0,0
S01006730,Solid fuel (for example wood coal) central heating,0,0,0,0,0,0,0,0,0,0,0,0
S01006730,Other central heating,0,0,0,0,0,0,0,0,0,0,0,0
S01006730,Two or more types of central heating,12,1,11,10,0,10,1,0,1,1,1,0
S01006731,All people in households,577,134,443,460,46,414,74,48,26,43,40,3
S01006731,No central heating,4,0,4,4,0,4,0,0,0,0,0,0
S01006731,Gas central heating,542,122,420,437,45,392,70,45,25,35,32,3
S01006731,Electric (including storage heaters) central heating,22,8,14,14,1,13,4,3,1,4,4,0
S01006731,Oil central heating,2,0,2,2,0,2,0,0,0,0,0,0
S01006731,Solid fuel (for example wood coal) central heating,0,0,0,0,0,0,0,0,0,0,0,0
S01006731,Other central heating,0,0,0,0,0,0,0,0,0,0,0,0
S01006731,Two or more types of central heating,7,4,3,3,0,3,0,0,0,4,4,0
S01006732,All people in households,933,99,834,861,45,816,54,39,15,18,15,3
S01006732,No central heating,18,3,15,15,1,14,3,2,1,0,0,0
S01006732,Gas central heating,483,50,433,445,22,423,25,17,8,13,11,2
S01006732,Electric (including storage heaters) central heating,66,8,58,61,4,57,3,2,1,2,2,0
S01006732,Oil central heating,284,27,257,268,17,251,14,9,5,2,1,1
S01006732,Solid fuel (for example wood coal) central heating,12,1,11,12,1,11,0,0,0,0,0,0
S01006732,Other central heating,22,2,20,20,0,20,1,1,0,1,1,0
S01006732,Two or more types of central heating,48,8,40,40,0,40,8,8,0,0,0,0
S01006733,All people in households,900,69,831,847,35,812,37,19,18,16,15,1
S01006733,No central heating,3,0,3,3,0,3,0,0,0,0,0,0
S01006733,Gas central heating,881,67,814,828,33,795,37,19,18,16,15,1
S01006733,Electric (including storage heaters) central heating,8,0,8,8,0,8,0,0,0,0,0,0
S01006733,Oil central heating,0,0,0,0,0,0,0,0,0,0,0,0
S01006733,Solid fuel (for example wood coal) central heating,0,0,0,0,0,0,0,0,0,0,0,0
S01006733,Other central heating,0,0,0,0,0,0,0,0,0,0,0,0
S01006733,Two or more types of central heating,8,2,6,8,2,6,0,0,0,0,0,0
S01006734,All people in households,910,61,849,863,31,832,39,23,16,8,7,1
S01006734,No central heating,3,0,3,3,0,3,0,0,0,0,0,0
S01006734,Gas central heating,871,58,813,827,30,797,36,21,15,8,7,1
S01006734,Electric (including storage heaters) central heating,13,2,11,11,1,10,2,1,1,0,0,0
S01006734,Oil central heating,0,0,0,0,0,0,0,0,0,0,0,0
S01006734,Solid fuel (for example wood coal) central heating,0,0,0,0,0,0,0,0,0,0,0,0
S01006734,Other central heating,7,1,6,6,0,6,1,1,0,0,0,0
S01006734,Two or more types of central heating,16,0,16,16,0,16,0,0,0,0,0,0
S01006735,All people in households,618,90,528,556,41,515,42,29,13,20,20,0
S01006735,No central heating,2,0,2,2,0,2,0,0,0,0,0,0
S01006735,Gas central heating,565,80,485,510,37,473,40,28,12,15,15,0
S01006735,Electric (including storage heaters) central heating,32,8,24,28,4,24,0,0,0,4,4,0
S01006735,Oil central heating,0,0,0,0,0,0,0,0,0,0,0,0
S01006735,Solid fuel (for example wood coal) central heating,0,0,0,0,0,0,0,0,0,0,0,0
S01006735,Other central heating,6,0,6,5,0,5,1,0,1,0,0,0
S01006735,Two or more types of central heating,13,2,11,11,0,11,1,1,0,1,1,0
S01006736,All people in households,1079,53,1026,1026,18,1008,40,23,17,13,12,1
S01006736,No central heating,0,0,0,0,0,0,0,0,0,0,0,0
S01006736,Gas central heating,1027,46,981,981,16,965,36,21,15,10,9,1
S01006736,Electric (including storage heaters) central heating,45,4,41,41,2,39,4,2,2,0,0,0
S01006736,Oil central heating,0,0,0,0,0,0,0,0,0,0,0,0
S01006736,Solid fuel (for example wood coal) central heating,2,2,0,0,0,0,0,0,0,2,2,0
S01006736,Other central heating,0,0,0,0,0,0,0,0,0,0,0,0
S01006736,Two or more types of central heating,5,1,4,4,0,4,0,0,0,1,1,0
S01006737,All people in households,669,79,590,616,37,579,42,32,10,11,10,1
S01006737,No central heating,0,0,0,0,0,0,0,0,0,0,0,0
S01006737,Gas central heating,584,70,514,533,30,503,40,30,10,11,10,1
S01006737,Electric (including storage heaters) central heating,9,1,8,8,0,8,1,1,0,0,0,0
S01006737,Oil central heating,69,8,61,68,7,61,1,1,0,0,0,0
S01006737,Solid fuel (for example wood coal) central heating,1,0,1,1,0,1,0,0,0,0,0,0
S01006737,Other central heating,3,0,3,3,0,3,0,0,0,0,0,0
S01006737,Two or more types of central heating,3,0,3,3,0,3,0,0,0,0,0,0
S01006738,All people in households,827,92,735,727,35,692,73,31,42,27,26,1
S01006738,No central heating,16,1,15,14,0,14,2,1,1,0,0,0
S01006738,Gas central heating,625,68,557,544,26,518,65,27,38,16,15,1
S01006738,Electric (including storage heaters) central heating,158,15,143,147,6,141,4,2,2,7,7,0
S01006738,Oil central heating,8,0,8,8,0,8,0,0,0,0,0,0
S01006738,Solid fuel (for example wood coal) central heating,1,0,1,1,0,1,0,0,0,0,0,0
S01006738,Other central heating,0,0,0,0,0,0,0,0,0,0,0,0
S01006738,Two or more types of central heating,19,8,11,13,3,10,2,1,1,4,4,0
S01006739,All people in households,607,68,539,527,21,506,60,27,33,20,20,0
S01006739,No central heating,32,4,28,20,0,20,11,3,8,1,1,0
S01006739,Gas central heating,526,60,466,465,21,444,46,24,22,15,15,0
S01006739,Electric (including storage heaters) central heating,24,2,22,20,0,20,2,0,2,2,2,0
S01006739,Oil central heating,0,0,0,0,0,0,0,0,0,0,0,0
S01006739,Solid fuel (for example wood coal) central heating,4,0,4,3,0,3,1,0,1,0,0,0
S01006739,Other central heating,0,0,0,0,0,0,0,0,0,0,0,0
S01006739,Two or more types of central heating,21,2,19,19,0,19,0,0,0,2,2,0
S01006740,All people in households,737,151,586,612,58,554,90,60,30,35,33,2
S01006740,No central heating,6,0,6,5,0,5,1,0,1,0,0,0
S01006740,Gas central heating,686,138,548,571,51,520,83,57,26,32,30,2
S01006740,Electric (including storage heaters) central heating,26,7,19,23,6,17,3,1,2,0,0,0
S01006740,Oil central heating,7,0,7,6,0,6,1,0,1,0,0,0
S01006740,Solid fuel (for example wood coal) central heating,4,2,2,3,1,2,1,1,0,0,0,0
S01006740,Other central heating,1,0,1,1,0,1,0,0,0,0,0,0
S01006740,Two or more types of central heating,7,4,3,3,0,3,1,1,0,3,3,0
S01006741,All people in households,666,186,480,516,64,452,107,79,28,43,43,0
S01006741,No central heating,6,4,2,2,0,2,3,3,0,1,1,0
S01006741,Gas central heating,634,174,460,495,63,432,103,75,28,36,36,0
S01006741,Electric (including storage heaters) central heating,16,3,13,14,1,13,0,0,0,2,2,0
S01006741,Oil central heating,0,0,0,0,0,0,0,0,0,0,0,0
S01006741,Solid fuel (for example wood coal) central heating,0,0,0,0,0,0,0,0,0,0,0,0
S01006741,Other central heating,5,2,3,3,0,3,1,1,0,1,1,0
S01006741,Two or more types of central heating,5,3,2,2,0,2,0,0,0,3,3,0
S01006742,All people in households,460,115,345,371,46,325,72,52,20,17,17,0
S01006742,No central heating,0,0,0,0,0,0,0,0,0,0,0,0
S01006742,Gas central heating,450,110,340,363,43,320,71,51,20,16,16,0
S01006742,Electric (including storage heaters) central heating,6,3,3,4,1,3,1,1,0,1,1,0
S01006742,Oil central heating,0,0,0,0,0,0,0,0,0,0,0,0
S01006742,Solid fuel (for example wood coal) central heating,0,0,0,0,0,0,0,0,0,0,0,0
S01006742,Other central heating,1,1,0,1,1,0,0,0,0,0,0,0
S01006742,Two or more types of central heating,3,1,2,3,1,2,0,0,0,0,0,0
S01006743,All people in households,531,106,425,437,37,400,68,47,21,26,22,4
S01006743,No central heating,7,1,6,7,1,6,0,0,0,0,0,0
S01006743,Gas central heating,495,100,395,407,35,372,63,44,19,25,21,4
S01006743,Electric (including storage heaters) central heating,11,3,8,9,1,8,1,1,0,1,1,0
S01006743,Oil central heating,0,0,0,0,0,0,0,0,0,0,0,0
S01006743,Solid fuel (for example wood coal) central heating,0,0,0,0,0,0,0,0,0,0,0,0
S01006743,Other central heating,1,0,1,1,0,1,0,0,0,0,0,0
S01006743,Two or more types of central heating,17,2,15,13,0,13,4,2,2,0,0,0
S01006744,All people in households,608,107,501,515,40,475,69,43,26,24,24,0
S01006744,No central heating,14,1,13,13,0,13,0,0,0,1,1,0
S01006744,Gas central heating,549,100,449,463,37,426,64,41,23,22,22,0
S01006744,Electric (including storage heaters) central heating,36,6,30,31,3,28,4,2,2,1,1,0
S01006744,Oil central heating,2,0,2,2,0,2,0,0,0,0,0,0
S01006744,Solid fuel (for example wood coal) central heating,0,0,0,0,0,0,0,0,0,0,0,0
S01006744,Other central heating,1,0,1,1,0,1,0,0,0,0,0,0
S01006744,Two or more types of central heating,6,0,6,5,0,5,1,0,1,0,0,0
S01006745,All people in households,822,204,618,640,68,572,133,89,44,49,47,2
S01006745,No central heating,6,1,5,5,0,5,0,0,0,1,1,0
S01006745,Gas central heating,729,180,549,572,64,508,116,77,39,41,39,2
S01006745,Electric (including storage heaters) central heating,48,18,30,31,3,28,12,10,2,5,5,0
S01006745,Oil central heating,11,0,11,11,0,11,0,0,0,0,0,0
S01006745,Solid fuel (for example wood coal) central heating,3,0,3,3,0,3,0,0,0,0,0,0
S01006745,Other central heating,4,2,2,1,1,0,3,1,2,0,0,0
S01006745,Two or more types of central heating,21,3,18,17,0,17,2,1,1,2,2,0
S01006746,All people in households,806,160,646,671,49,622,102,78,24,33,33,0
S01006746,No central heating,4,1,3,3,0,3,1,1,0,0,0,0
S01006746,Gas central heating,742,143,599,621,44,577,92,70,22,29,29,0
S01006746,Electric (including storage heaters) central heating,41,10,31,35,5,30,5,4,1,1,1,0
S01006746,Oil central heating,2,0,2,1,0,1,1,0,1,0,0,0
S01006746,Solid fuel (for example wood coal) central heating,2,0,2,2,0,2,0,0,0,0,0,0
S01006746,Other central heating,0,0,0,0,0,0,0,0,0,0,0,0
S01006746,Two or more types of central heating,15,6,9,9,0,9,3,3,0,3,3,0
S01006747,All people in households,816,152,664,705,63,642,94,74,20,17,15,2
S01006747,No central heating,7,3,4,3,0,3,3,3,0,1,0,1
S01006747,Gas central heating,762,139,623,663,59,604,84,66,18,15,14,1
S01006747,Electric (including storage heaters) central heating,34,9,25,27,4,23,6,4,2,1,1,0
S01006747,Oil central heating,9,0,9,9,0,9,0,0,0,0,0,0
S01006747,Solid fuel (for example wood coal) central heating,0,0,0,0,0,0,0,0,0,0,0,0
S01006747,Other central heating,0,0,0,0,0,0,0,0,0,0,0,0
S01006747,Two or more types of central heating,4,1,3,3,0,3,1,1,0,0,0,0
S01006748,All people in households,906,150,756,766,49,717,97,60,37,43,41,2
S01006748,No central heating,4,2,2,2,0,2,2,2,0,0,0,0
S01006748,Gas central heating,850,138,712,721,45,676,90,56,34,39,37,2
S01006748,Electric (including storage heaters) central heating,28,6,22,20,0,20,4,2,2,4,4,0
S01006748,Oil central heating,2,0,2,2,0,2,0,0,0,0,0,0
S01006748,Solid fuel (for example wood coal) central heating,1,0,1,1,0,1,0,0,0,0,0,0
S01006748,Other central heating,4,1,3,4,1,3,0,0,0,0,0,0
S01006748,Two or more types of central heating,17,3,14,16,3,13,1,0,1,0,0,0
S01006749,All people in households,909,179,730,741,53,688,123,83,40,45,43,2
S01006749,No central heating,15,1,14,14,0,14,1,1,0,0,0,0
S01006749,Gas central heating,751,147,604,622,50,572,90,60,30,39,37,2
S01006749,Electric (including storage heaters) central heating,127,26,101,94,3,91,28,18,10,5,5,0
S01006749,Oil central heating,2,0,2,2,0,2,0,0,0,0,0,0
S01006749,Solid fuel (for example wood coal) central heating,0,0,0,0,0,0,0,0,0,0,0,0
S01006749,Other central heating,4,2,2,2,0,2,2,2,0,0,0,0
S01006749,Two or more types of central heating,10,3,7,7,0,7,2,2,0,1,1,0
S01006750,All people in households,641,119,522,525,32,493,87,59,28,29,28,1
S01006750,No central heating,15,2,13,13,0,13,2,2,0,0,0,0
S01006750,Gas central heating,530,93,437,443,27,416,64,44,20,23,22,1
S01006750,Electric (including storage heaters) central heating,71,22,49,46,4,42,19,12,7,6,6,0
S01006750,Oil central heating,17,1,16,15,0,15,2,1,1,0,0,0
S01006750,Solid fuel (for example wood coal) central heating,0,0,0,0,0,0,0,0,0,0,0,0
S01006750,Other central heating,0,0,0,0,0,0,0,0,0,0,0,0
S01006750,Two or more types of central heating,8,1,7,8,1,7,0,0,0,0,0,0
S01006751,All people in households,509,132,377,398,44,354,76,55,21,35,33,2
S01006751,No central heating,3,1,2,2,0,2,1,1,0,0,0,0
S01006751,Gas central heating,444,107,337,354,40,314,64,43,21,26,24,2
S01006751,Electric (including storage heaters) central heating,55,20,35,38,3,35,9,9,0,8,8,0
S01006751,Oil central heating,0,0,0,0,0,0,0,0,0,0,0,0
S01006751,Solid fuel (for example wood coal) central heating,4,1,3,3,0,3,1,1,0,0,0,0
S01006751,Other central heating,0,0,0,0,0,0,0,0,0,0,0,0
S01006751,Two or more types of central heating,3,3,0,1,1,0,1,1,0,1,1,0
S01006752,All people in households,712,137,575,579,38,541,102,68,34,31,31,0
S01006752,No central heating,10,1,9,9,0,9,1,1,0,0,0,0
S01006752,Gas central heating,622,117,505,507,32,475,89,59,30,26,26,0
S01006752,Electric (including storage heaters) central heating,72,16,56,58,6,52,9,5,4,5,5,0
S01006752,Oil central heating,2,0,2,2,0,2,0,0,0,0,0,0
S01006752,Solid fuel (for example wood coal) central heating,1,1,0,0,0,0,1,1,0,0,0,0
S01006752,Other central heating,1,1,0,0,0,0,1,1,0,0,0,0
S01006752,Two or more types of central heating,4,1,3,3,0,3,1,1,0,0,0,0
S01006753,All people in households,913,139,774,791,56,735,102,64,38,20,19,1
S01006753,No central heating,3,0,3,3,0,3,0,0,0,0,0,0
S01006753,Gas central heating,822,121,701,719,50,669,86,55,31,17,16,1
S01006753,Electric (including storage heaters) central heating,58,13,45,45,4,41,10,6,4,3,3,0
S01006753,Oil central heating,17,1,16,15,1,14,2,0,2,0,0,0
S01006753,Solid fuel (for example wood coal) central heating,0,0,0,0,0,0,0,0,0,0,0,0
S01006753,Other central heating,0,0,0,0,0,0,0,0,0,0,0,0
S01006753,Two or more types of central heating,13,4,9,9,1,8,4,3,1,0,0,0
S01006754,All people in households,892,121,771,797,55,742,76,47,29,19,19,0
S01006754,No central heating,7,0,7,6,0,6,1,0,1,0,0,0
S01006754,Gas central heating,826,107,719,740,47,693,68,42,26,18,18,0
S01006754,Electric (including storage heaters) central heating,35,3,32,32,2,30,3,1,2,0,0,0
S01006754,Oil central heating,5,1,4,5,1,4,0,0,0,0,0,0
S01006754,Solid fuel (for example wood coal) central heating,3,3,0,1,1,0,1,1,0,1,1,0
S01006754,Other central heating,2,0,2,2,0,2,0,0,0,0,0,0
S01006754,Two or more types of central heating,14,7,7,11,4,7,3,3,0,0,0,0
S01006755,All people in households,731,67,664,673,28,645,47,29,18,11,10,1
S01006755,No central heating,11,2,9,8,0,8,2,1,1,1,1,0
S01006755,Gas central heating,519,41,478,489,20,469,25,16,9,5,5,0
S01006755,Electric (including storage heaters) central heating,45,7,38,36,2,34,7,3,4,2,2,0
S01006755,Oil central heating,105,10,95,94,3,91,8,5,3,3,2,1
S01006755,Solid fuel (for example wood coal) central heating,26,2,24,24,0,24,2,2,0,0,0,0
S01006755,Other central heating,14,4,10,11,2,9,3,2,1,0,0,0
S01006755,Two or more types of central heating,11,1,10,11,1,10,0,0,0,0,0,0
S01006756,All people in households,658,32,626,626,13,613,28,15,13,4,4,0
S01006756,No central heating,0,0,0,0,0,0,0,0,0,0,0,0
S01006756,Gas central heating,618,26,592,590,11,579,25,12,13,3,3,0
S01006756,Electric (including storage heaters) central heating,11,2,9,10,1,9,1,1,0,0,0,0
S01006756,Oil central heating,0,0,0,0,0,0,0,0,0,0,0,0
S01006756,Solid fuel (for example wood coal) central heating,0,0,0,0,0,0,0,0,0,0,0,0
S01006756,Other central heating,2,0,2,2,0,2,0,0,0,0,0,0
S01006756,Two or more types of central heating,27,4,23,24,1,23,2,2,0,1,1,0
S01006757,All people in households,737,90,647,665,38,627,59,39,20,13,13,0
S01006757,No central heating,18,2,16,16,0,16,1,1,0,1,1,0
S01006757,Gas central heating,581,73,508,523,29,494,46,32,14,12,12,0
S01006757,Electric (including storage heaters) central heating,133,12,121,124,9,115,9,3,6,0,0,0
S01006757,Oil central heating,0,0,0,0,0,0,0,0,0,0,0,0
S01006757,Solid fuel (for example wood coal) central heating,0,0,0,0,0,0,0,0,0,0,0,0
S01006757,Other central heating,2,2,0,0,0,0,2,2,0,0,0,0
S01006757,Two or more types of central heating,3,1,2,2,0,2,1,1,0,0,0,0
S01006758,All people in households,694,64,630,630,27,603,51,25,26,13,12,1
S01006758,No central heating,9,0,9,9,0,9,0,0,0,0,0,0
S01006758,Gas central heating,563,48,515,515,23,492,38,16,22,10,9,1
S01006758,Electric (including storage heaters) central heating,112,13,99,100,4,96,10,7,3,2,2,0
S01006758,Oil central heating,2,2,0,0,0,0,2,2,0,0,0,0
S01006758,Solid fuel (for example wood coal) central heating,0,0,0,0,0,0,0,0,0,0,0,0
S01006758,Other central heating,4,0,4,4,0,4,0,0,0,0,0,0
S01006758,Two or more types of central heating,4,1,3,2,0,2,1,0,1,1,1,0
S01006759,All people in households,595,64,531,546,31,515,39,23,16,10,10,0
S01006759,No central heating,2,0,2,2,0,2,0,0,0,0,0,0
S01006759,Gas central heating,563,63,500,515,31,484,39,23,16,9,9,0
S01006759,Electric (including storage heaters) central heating,28,1,27,27,0,27,0,0,0,1,1,0
S01006759,Oil central heating,0,0,0,0,0,0,0,0,0,0,0,0
S01006759,Solid fuel (for example wood coal) central heating,0,0,0,0,0,0,0,0,0,0,0,0
S01006759,Other central heating,0,0,0,0,0,0,0,0,0,0,0,0
S01006759,Two or more types of central heating,2,0,2,2,0,2,0,0,0,0,0,0
S01006760,All people in households,493,52,441,450,22,428,34,23,11,9,7,2
S01006760,No central heating,6,0,6,6,0,6,0,0,0,0,0,0
S01006760,Gas central heating,362,44,318,329,19,310,26,20,6,7,5,2
S01006760,Electric (including storage heaters) central heating,110,7,103,102,3,99,7,3,4,1,1,0
S01006760,Oil central heating,2,0,2,2,0,2,0,0,0,0,0,0
S01006760,Solid fuel (for example wood coal) central heating,0,0,0,0,0,0,0,0,0,0,0,0
S01006760,Other central heating,2,1,1,1,0,1,0,0,0,1,1,0
S01006760,Two or more types of central heating,11,0,11,10,0,10,1,0,1,0,0,0
S01006761,All people in households,697,89,608,618,31,587,61,41,20,18,17,1
S01006761,No central heating,25,1,24,25,1,24,0,0,0,0,0,0
S01006761,Gas central heating,492,61,431,437,22,415,39,24,15,16,15,1
S01006761,Electric (including storage heaters) central heating,154,21,133,134,6,128,18,13,5,2,2,0
S01006761,Oil central heating,15,2,13,13,0,13,2,2,0,0,0,0
S01006761,Solid fuel (for example wood coal) central heating,0,0,0,0,0,0,0,0,0,0,0,0
S01006761,Other central heating,3,1,2,3,1,2,0,0,0,0,0,0
S01006761,Two or more types of central heating,8,3,5,6,1,5,2,2,0,0,0,0
S01006762,All people in households,805,226,579,617,68,549,126,98,28,62,60,2
S01006762,No central heating,8,2,6,6,0,6,1,1,0,1,1,0
S01006762,Gas central heating,663,188,475,511,57,454,101,80,21,51,51,0
S01006762,Electric (including storage heaters) central heating,51,26,25,29,10,19,18,13,5,4,3,1
S01006762,Oil central heating,51,4,47,47,1,46,2,2,0,2,1,1
S01006762,Solid fuel (for example wood coal) central heating,5,0,5,5,0,5,0,0,0,0,0,0
S01006762,Other central heating,10,1,9,9,0,9,1,1,0,0,0,0
S01006762,Two or more types of central heating,17,5,12,10,0,10,3,1,2,4,4,0
S01006763,All people in households,865,54,811,825,29,796,32,17,15,8,8,0
S01006763,No central heating,8,1,7,7,1,6,1,0,1,0,0,0
S01006763,Gas central heating,608,40,568,581,21,560,20,12,8,7,7,0
S01006763,Electric (including storage heaters) central heating,224,11,213,215,7,208,8,3,5,1,1,0
S01006763,Oil central heating,0,0,0,0,0,0,0,0,0,0,0,0
S01006763,Solid fuel (for example wood coal) central heating,4,1,3,2,0,2,2,1,1,0,0,0
S01006763,Other central heating,0,0,0,0,0,0,0,0,0,0,0,0
S01006763,Two or more types of central heating,21,1,20,20,0,20,1,1,0,0,0,0
S01006764,All people in households,790,71,719,724,32,692,52,25,27,14,14,0
S01006764,No central heating,16,2,14,14,1,13,1,0,1,1,1,0
S01006764,Gas central heating,688,65,623,630,30,600,47,24,23,11,11,0
S01006764,Electric (including storage heaters) central heating,67,3,64,62,1,61,4,1,3,1,1,0
S01006764,Oil central heating,5,0,5,5,0,5,0,0,0,0,0,0
S01006764,Solid fuel (for example wood coal) central heating,0,0,0,0,0,0,0,0,0,0,0,0
S01006764,Other central heating,0,0,0,0,0,0,0,0,0,0,0,0
S01006764,Two or more types of central heating,14,1,13,13,0,13,0,0,0,1,1,0
S01006765,All people in households,586,54,532,538,25,513,34,16,18,14,13,1
S01006765,No central heating,32,4,28,29,2,27,1,1,0,2,1,1
S01006765,Gas central heating,477,43,434,439,20,419,27,12,15,11,11,0
S01006765,Electric (including storage heaters) central heating,73,7,66,67,3,64,5,3,2,1,1,0
S01006765,Oil central heating,0,0,0,0,0,0,0,0,0,0,0,0
S01006765,Solid fuel (for example wood coal) central heating,0,0,0,0,0,0,0,0,0,0,0,0
S01006765,Other central heating,0,0,0,0,0,0,0,0,0,0,0,0
S01006765,Two or more types of central heating,4,0,4,3,0,3,1,0,1,0,0,0
S01006766,All people in households,608,49,559,560,15,545,39,25,14,9,9,0
S01006766,No central heating,19,0,19,18,0,18,1,0,1,0,0,0
S01006766,Gas central heating,517,42,475,476,12,464,34,23,11,7,7,0
S01006766,Electric (including storage heaters) central heating,64,4,60,61,2,59,1,0,1,2,2,0
S01006766,Oil central heating,3,2,1,2,1,1,1,1,0,0,0,0
S01006766,Solid fuel (for example wood coal) central heating,0,0,0,0,0,0,0,0,0,0,0,0
S01006766,Other central heating,2,0,2,1,0,1,1,0,1,0,0,0
S01006766,Two or more types of central heating,3,1,2,2,0,2,1,1,0,0,0,0
S01006767,All people in households,689,103,586,591,31,560,82,57,25,16,15,1
S01006767,No central heating,1,1,0,0,0,0,0,0,0,1,1,0
S01006767,Gas central heating,671,94,577,581,28,553,76,53,23,14,13,1
S01006767,Electric (including storage heaters) central heating,8,4,4,3,0,3,4,3,1,1,1,0
S01006767,Oil central heating,5,3,2,3,2,1,2,1,1,0,0,0
S01006767,Solid fuel (for example wood coal) central heating,0,0,0,0,0,0,0,0,0,0,0,0
S01006767,Other central heating,1,1,0,1,1,0,0,0,0,0,0,0
S01006767,Two or more types of central heating,3,0,3,3,0,3,0,0,0,0,0,0
S01006768,All people in households,599,57,542,550,25,525,41,24,17,8,8,0
S01006768,No central heating,0,0,0,0,0,0,0,0,0,0,0,0
S01006768,Gas central heating,587,56,531,539,25,514,40,23,17,8,8,0
S01006768,Electric (including storage heaters) central heating,6,1,5,5,0,5,1,1,0,0,0,0
S01006768,Oil central heating,3,0,3,3,0,3,0,0,0,0,0,0
S01006768,Solid fuel (for example wood coal) central heating,0,0,0,0,0,0,0,0,0,0,0,0
S01006768,Other central heating,0,0,0,0,0,0,0,0,0,0,0,0
S01006768,Two or more types of central heating,3,0,3,3,0,3,0,0,0,0,0,0
S01006769,All people in households,959,127,832,838,49,789,94,52,42,27,26,1
S01006769,No central heating,5,0,5,5,0,5,0,0,0,0,0,0
S01006769,Gas central heating,919,121,798,803,46,757,89,49,40,27,26,1
S01006769,Electric (including storage heaters) central heating,14,5,9,9,2,7,5,3,2,0,0,0
S01006769,Oil central heating,8,0,8,8,0,8,0,0,0,0,0,0
S01006769,Solid fuel (for example wood coal) central heating,0,0,0,0,0,0,0,0,0,0,0,0
S01006769,Other central heating,0,0,0,0,0,0,0,0,0,0,0,0
S01006769,Two or more types of central heating,13,1,12,13,1,12,0,0,0,0,0,0
S01006770,All people in households,655,71,584,597,34,563,46,26,20,12,11,1
S01006770,No central heating,3,0,3,3,0,3,0,0,0,0,0,0
S01006770,Gas central heating,633,68,565,578,32,546,45,26,19,10,10,0
S01006770,Electric (including storage heaters) central heating,15,3,12,13,2,11,0,0,0,2,1,1
S01006770,Oil central heating,0,0,0,0,0,0,0,0,0,0,0,0
S01006770,Solid fuel (for example wood coal) central heating,0,0,0,0,0,0,0,0,0,0,0,0
S01006770,Other central heating,0,0,0,0,0,0,0,0,0,0,0,0
S01006770,Two or more types of central heating,4,0,4,3,0,3,1,0,1,0,0,0
S01006771,All people in households,465,37,428,432,19,413,29,14,15,4,4,0
S01006771,No central heating,0,0,0,0,0,0,0,0,0,0,0,0
S01006771,Gas central heating,441,35,406,409,17,392,28,14,14,4,4,0
S01006771,Electric (including storage heaters) central heating,10,2,8,9,2,7,1,0,1,0,0,0
S01006771,Oil central heating,14,0,14,14,0,14,0,0,0,0,0,0
S01006771,Solid fuel (for example wood coal) central heating,0,0,0,0,0,0,0,0,0,0,0,0
S01006771,Other central heating,0,0,0,0,0,0,0,0,0,0,0,0
S01006771,Two or more types of central heating,0,0,0,0,0,0,0,0,0,0,0,0
S01006772,All people in households,839,104,735,757,46,711,70,46,24,12,12,0
S01006772,No central heating,13,3,10,12,2,10,0,0,0,1,1,0
S01006772,Gas central heating,778,98,680,702,44,658,65,43,22,11,11,0
S01006772,Electric (including storage heaters) central heating,29,1,28,28,0,28,1,1,0,0,0,0
S01006772,Oil central heating,0,0,0,0,0,0,0,0,0,0,0,0
S01006772,Solid fuel (for example wood coal) central heating,3,0,3,3,0,3,0,0,0,0,0,0
S01006772,Other central heating,0,0,0,0,0,0,0,0,0,0,0,0
S01006772,Two or more types of central heating,16,2,14,12,0,12,4,2,2,0,0,0
S01006773,All people in households,672,62,610,614,21,593,47,30,17,11,11,0
S01006773,No central heating,4,0,4,4,0,4,0,0,0,0,0,0
S01006773,Gas central heating,643,56,587,588,18,570,44,27,17,11,11,0
S01006773,Electric (including storage heaters) central heating,12,4,8,10,2,8,2,2,0,0,0,0
S01006773,Oil central heating,4,1,3,4,1,3,0,0,0,0,0,0
S01006773,Solid fuel (for example wood coal) central heating,0,0,0,0,0,0,0,0,0,0,0,0
S01006773,Other central heating,4,0,4,4,0,4,0,0,0,0,0,0
S01006773,Two or more types of central heating,5,1,4,4,0,4,1,1,0,0,0,0
S01006774,All people in households,651,54,597,609,26,583,40,26,14,2,2,0
S01006774,No central heating,1,0,1,1,0,1,0,0,0,0,0,0
S01006774,Gas central heating,623,51,572,584,25,559,37,24,13,2,2,0
S01006774,Electric (including storage heaters) central heating,10,2,8,7,0,7,3,2,1,0,0,0
S01006774,Oil central heating,4,0,4,4,0,4,0,0,0,0,0,0
S01006774,Solid fuel (for example wood coal) central heating,0,0,0,0,0,0,0,0,0,0,0,0
S01006774,Other central heating,0,0,0,0,0,0,0,0,0,0,0,0
S01006774,Two or more types of central heating,13,1,12,13,1,12,0,0,0,0,0,0
S01006775,All people in households,618,109,509,529,47,482,71,44,27,18,18,0
S01006775,No central heating,13,2,11,12,1,11,0,0,0,1,1,0
S01006775,Gas central heating,493,94,399,414,39,375,64,40,24,15,15,0
S01006775,Electric (including storage heaters) central heating,91,12,79,84,7,77,6,4,2,1,1,0
S01006775,Oil central heating,11,0,11,11,0,11,0,0,0,0,0,0
S01006775,Solid fuel (for example wood coal) central heating,0,0,0,0,0,0,0,0,0,0,0,0
S01006775,Other central heating,1,0,1,1,0,1,0,0,0,0,0,0
S01006775,Two or more types of central heating,9,1,8,7,0,7,1,0,1,1,1,0
S01006776,All people in households,496,137,359,368,38,330,95,66,29,33,33,0
S01006776,No central heating,1,1,0,0,0,0,0,0,0,1,1,0
S01006776,Gas central heating,396,90,306,308,23,285,61,40,21,27,27,0
S01006776,Electric (including storage heaters) central heating,90,43,47,51,12,39,34,26,8,5,5,0
S01006776,Oil central heating,0,0,0,0,0,0,0,0,0,0,0,0
S01006776,Solid fuel (for example wood coal) central heating,0,0,0,0,0,0,0,0,0,0,0,0
S01006776,Other central heating,1,1,0,1,1,0,0,0,0,0,0,0
S01006776,Two or more types of central heating,8,2,6,8,2,6,0,0,0,0,0,0
S01006777,All people in households,649,75,574,589,30,559,44,30,14,16,15,1
S01006777,No central heating,3,0,3,3,0,3,0,0,0,0,0,0
S01006777,Gas central heating,628,70,558,573,28,545,40,28,12,15,14,1
S01006777,Electric (including storage heaters) central heating,12,2,10,10,2,8,2,0,2,0,0,0
S01006777,Oil central heating,0,0,0,0,0,0,0,0,0,0,0,0
S01006777,Solid fuel (for example wood coal) central heating,0,0,0,0,0,0,0,0,0,0,0,0
S01006777,Other central heating,0,0,0,0,0,0,0,0,0,0,0,0
S01006777,Two or more types of central heating,6,3,3,3,0,3,2,2,0,1,1,0
S01006778,All people in households,634,108,526,529,30,499,72,49,23,33,29,4
S01006778,No central heating,16,2,14,13,1,12,1,0,1,2,1,1
S01006778,Gas central heating,574,92,482,487,26,461,64,44,20,23,22,1
S01006778,Electric (including storage heaters) central heating,32,9,23,23,2,21,6,4,2,3,3,0
S01006778,Oil central heating,2,2,0,0,0,0,1,1,0,1,1,0
S01006778,Solid fuel (for example wood coal) central heating,0,0,0,0,0,0,0,0,0,0,0,0
S01006778,Other central heating,4,2,2,0,0,0,0,0,0,4,2,2
S01006778,Two or more types of central heating,6,1,5,6,1,5,0,0,0,0,0,0
S01006779,All people in households,615,130,485,479,33,446,97,58,39,39,39,0
S01006779,No central heating,18,4,14,14,0,14,2,2,0,2,2,0
S01006779,Gas central heating,545,113,432,428,30,398,85,51,34,32,32,0
S01006779,Electric (including storage heaters) central heating,26,8,18,19,2,17,4,3,1,3,3,0
S01006779,Oil central heating,0,0,0,0,0,0,0,0,0,0,0,0
S01006779,Solid fuel (for example wood coal) central heating,0,0,0,0,0,0,0,0,0,0,0,0
S01006779,Other central heating,0,0,0,0,0,0,0,0,0,0,0,0
S01006779,Two or more types of central heating,26,5,21,18,1,17,6,2,4,2,2,0
S01006780,All people in households,576,80,496,492,29,463,70,37,33,14,14,0
S01006780,No central heating,10,3,7,10,3,7,0,0,0,0,0,0
S01006780,Gas central heating,522,72,450,444,23,421,65,36,29,13,13,0
S01006780,Electric (including storage heaters) central heating,39,5,34,33,3,30,5,1,4,1,1,0
S01006780,Oil central heating,5,0,5,5,0,5,0,0,0,0,0,0
S01006780,Solid fuel (for example wood coal) central heating,0,0,0,0,0,0,0,0,0,0,0,0
S01006780,Other central heating,0,0,0,0,0,0,0,0,0,0,0,0
S01006780,Two or more types of central heating,0,0,0,0,0,0,0,0,0,0,0,0
S01006781,All people in households,691,116,575,602,50,552,71,51,20,18,15,3
S01006781,No central heating,4,1,3,3,0,3,1,1,0,0,0,0
S01006781,Gas central heating,655,107,548,576,48,528,64,47,17,15,12,3
S01006781,Electric (including storage heaters) central heating,22,7,15,15,1,14,4,3,1,3,3,0
S01006781,Oil central heating,3,0,3,3,0,3,0,0,0,0,0,0
S01006781,Solid fuel (for example wood coal) central heating,0,0,0,0,0,0,0,0,0,0,0,0
S01006781,Other central heating,0,0,0,0,0,0,0,0,0,0,0,0
S01006781,Two or more types of central heating,7,1,6,5,1,4,2,0,2,0,0,0
S01006782,All people in households,744,80,664,681,36,645,47,31,16,16,13,3
S01006782,No central heating,16,0,16,15,0,15,1,0,1,0,0,0
S01006782,Gas central heating,635,73,562,583,34,549,39,28,11,13,11,2
S01006782,Electric (including storage heaters) central heating,92,7,85,82,2,80,7,3,4,3,2,1
S01006782,Oil central heating,0,0,0,0,0,0,0,0,0,0,0,0
S01006782,Solid fuel (for example wood coal) central heating,0,0,0,0,0,0,0,0,0,0,0,0
S01006782,Other central heating,0,0,0,0,0,0,0,0,0,0,0,0
S01006782,Two or more types of central heating,1,0,1,1,0,1,0,0,0,0,0,0
S01006783,All people in households,672,123,549,561,43,518,87,58,29,24,22,2
S01006783,No central heating,4,1,3,4,1,3,0,0,0,0,0,0
S01006783,Gas central heating,625,105,520,529,37,492,76,49,27,20,19,1
S01006783,Electric (including storage heaters) central heating,24,12,12,15,5,10,8,6,2,1,1,0
S01006783,Oil central heating,8,1,7,6,0,6,1,1,0,1,0,1
S01006783,Solid fuel (for example wood coal) central heating,0,0,0,0,0,0,0,0,0,0,0,0
S01006783,Other central heating,1,0,1,1,0,1,0,0,0,0,0,0
S01006783,Two or more types of central heating,10,4,6,6,0,6,2,2,0,2,2,0
S01006784,All people in households,599,84,515,523,32,491,61,38,23,15,14,1
S01006784,No central heating,26,5,21,24,3,21,1,1,0,1,1,0
S01006784,Gas central heating,470,63,407,410,22,388,49,31,18,11,10,1
S01006784,Electric (including storage heaters) central heating,93,15,78,81,7,74,9,5,4,3,3,0
S01006784,Oil central heating,3,1,2,2,0,2,1,1,0,0,0,0
S01006784,Solid fuel (for example wood coal) central heating,0,0,0,0,0,0,0,0,0,0,0,0
S01006784,Other central heating,0,0,0,0,0,0,0,0,0,0,0,0
S01006784,Two or more types of central heating,7,0,7,6,0,6,1,0,1,0,0,0
S01006785,All people in households,611,52,559,568,29,539,35,15,20,8,8,0
S01006785,No central heating,1,0,1,1,0,1,0,0,0,0,0,0
S01006785,Gas central heating,587,49,538,549,28,521,31,14,17,7,7,0
S01006785,Electric (including storage heaters) central heating,2,1,1,1,0,1,0,0,0,1,1,0
S01006785,Oil central heating,4,0,4,4,0,4,0,0,0,0,0,0
S01006785,Solid fuel (for example wood coal) central heating,0,0,0,0,0,0,0,0,0,0,0,0
S01006785,Other central heating,4,0,4,4,0,4,0,0,0,0,0,0
S01006785,Two or more types of central heating,13,2,11,9,1,8,4,1,3,0,0,0
S01006786,All people in households,832,79,753,759,28,731,57,35,22,16,16,0
S01006786,No central heating,3,0,3,3,0,3,0,0,0,0,0,0
S01006786,Gas central heating,749,71,678,684,26,658,51,31,20,14,14,0
S01006786,Electric (including storage heaters) central heating,70,4,66,64,0,64,4,2,2,2,2,0
S01006786,Oil central heating,6,3,3,5,2,3,1,1,0,0,0,0
S01006786,Solid fuel (for example wood coal) central heating,0,0,0,0,0,0,0,0,0,0,0,0
S01006786,Other central heating,1,1,0,0,0,0,1,1,0,0,0,0
S01006786,Two or more types of central heating,3,0,3,3,0,3,0,0,0,0,0,0
S01006787,All people in households,650,117,533,553,40,513,75,55,20,22,22,0
S01006787,No central heating,6,0,6,6,0,6,0,0,0,0,0,0
S01006787,Gas central heating,606,108,498,520,39,481,65,48,17,21,21,0
S01006787,Electric (including storage heaters) central heating,33,9,24,23,1,22,9,7,2,1,1,0
S01006787,Oil central heating,0,0,0,0,0,0,0,0,0,0,0,0
S01006787,Solid fuel (for example wood coal) central heating,0,0,0,0,0,0,0,0,0,0,0,0
S01006787,Other central heating,0,0,0,0,0,0,0,0,0,0,0,0
S01006787,Two or more types of central heating,5,0,5,4,0,4,1,0,1,0,0,0
S01006788,All people in households,746,61,685,694,26,668,44,27,17,8,8,0
S01006788,No central heating,13,7,6,6,2,4,5,3,2,2,2,0
S01006788,Gas central heating,611,37,574,584,19,565,24,15,9,3,3,0
S01006788,Electric (including storage heaters) central heating,17,3,14,13,0,13,3,2,1,1,1,0
S01006788,Oil central heating,58,7,51,52,3,49,5,3,2,1,1,0
S01006788,Solid fuel (for example wood coal) central heating,13,4,9,8,1,7,5,3,2,0,0,0
S01006788,Other central heating,7,1,6,6,0,6,0,0,0,1,1,0
S01006788,Two or more types of central heating,27,2,25,25,1,24,2,1,1,0,0,0
S01006789,All people in households,596,115,481,515,48,467,62,48,14,19,19,0
S01006789,No central heating,20,7,13,14,1,13,5,5,0,1,1,0
S01006789,Gas central heating,44,8,36,41,5,36,2,2,0,1,1,0
S01006789,Electric (including storage heaters) central heating,138,26,112,119,11,108,18,14,4,1,1,0
S01006789,Oil central heating,345,65,280,298,27,271,33,24,9,14,14,0
S01006789,Solid fuel (for example wood coal) central heating,23,4,19,20,2,18,2,1,1,1,1,0
S01006789,Other central heating,3,2,1,2,1,1,1,1,0,0,0,0
S01006789,Two or more types of central heating,23,3,20,21,1,20,1,1,0,1,1,0
S01006790,All people in households,889,204,685,745,89,656,112,85,27,32,30,2
S01006790,No central heating,28,8,20,24,5,19,4,3,1,0,0,0
S01006790,Gas central heating,33,3,30,30,1,29,3,2,1,0,0,0
S01006790,Electric (including storage heaters) central heating,368,97,271,293,34,259,58,47,11,17,16,1
S01006790,Oil central heating,407,84,323,356,45,311,41,30,11,10,9,1
S01006790,Solid fuel (for example wood coal) central heating,19,3,16,15,1,14,3,1,2,1,1,0
S01006790,Other central heating,12,3,9,10,1,9,1,1,0,1,1,0
S01006790,Two or more types of central heating,22,6,16,17,2,15,2,1,1,3,3,0
S01006791,All people in households,529,100,429,462,57,405,53,30,23,14,13,1
S01006791,No central heating,27,4,23,26,4,22,1,0,1,0,0,0
S01006791,Gas central heating,25,5,20,20,2,18,5,3,2,0,0,0
S01006791,Electric (including storage heaters) central heating,31,12,19,25,7,18,4,3,1,2,2,0
S01006791,Oil central heating,334,63,271,293,34,259,31,20,11,10,9,1
S01006791,Solid fuel (for example wood coal) central heating,38,4,34,32,2,30,5,1,4,1,1,0
S01006791,Other central heating,7,0,7,7,0,7,0,0,0,0,0,0
S01006791,Two or more types of central heating,67,12,55,59,8,51,7,3,4,1,1,0
S01006792,All people in households,482,69,413,434,30,404,34,25,9,14,14,0
S01006792,No central heating,21,2,19,19,0,19,2,2,0,0,0,0
S01006792,Gas central heating,50,11,39,41,2,39,6,6,0,3,3,0
S01006792,Electric (including storage heaters) central heating,54,8,46,49,4,45,2,1,1,3,3,0
S01006792,Oil central heating,271,30,241,251,15,236,15,10,5,5,5,0
S01006792,Solid fuel (for example wood coal) central heating,39,11,28,30,4,26,7,5,2,2,2,0
S01006792,Other central heating,8,3,5,7,2,5,1,1,0,0,0,0
S01006792,Two or more types of central heating,39,4,35,37,3,34,1,0,1,1,1,0
S01006793,All people in households,506,98,408,440,44,396,57,46,11,9,8,1
S01006793,No central heating,12,5,7,7,1,6,3,3,0,2,1,1
S01006793,Gas central heating,100,14,86,90,5,85,7,6,1,3,3,0
S01006793,Electric (including storage heaters) central heating,88,30,58,70,14,56,15,13,2,3,3,0
S01006793,Oil central heating,218,27,191,199,11,188,19,16,3,0,0,0
S01006793,Solid fuel (for example wood coal) central heating,44,9,35,36,5,31,7,3,4,1,1,0
S01006793,Other central heating,11,6,5,10,5,5,1,1,0,0,0,0
S01006793,Two or more types of central heating,33,7,26,28,3,25,5,4,1,0,0,0
S01006794,All people in households,560,115,445,464,45,419,76,52,24,20,18,2
S01006794,No central heating,16,6,10,12,2,10,3,3,0,1,1,0
S01006794,Gas central heating,25,6,19,19,1,18,4,3,1,2,2,0
S01006794,Electric (including storage heaters) central heating,218,54,164,175,22,153,31,22,9,12,10,2
S01006794,Oil central heating,260,39,221,225,17,208,30,17,13,5,5,0
S01006794,Solid fuel (for example wood coal) central heating,26,6,20,21,1,20,5,5,0,0,0,0
S01006794,Other central heating,3,0,3,3,0,3,0,0,0,0,0,0
S01006794,Two or more types of central heating,12,4,8,9,2,7,3,2,1,0,0,0
S01006795,All people in households,733,117,616,643,51,592,66,44,22,24,22,2
S01006795,No central heating,13,2,11,11,0,11,1,1,0,1,1,0
S01006795,Gas central heating,71,11,60,62,5,57,6,3,3,3,3,0
S01006795,Electric (including storage heaters) central heating,186,46,140,146,14,132,28,21,7,12,11,1
S01006795,Oil central heating,412,47,365,379,26,353,27,16,11,6,5,1
S01006795,Solid fuel (for example wood coal) central heating,2,0,2,2,0,2,0,0,0,0,0,0
S01006795,Other central heating,21,5,16,18,2,16,2,2,0,1,1,0
S01006795,Two or more types of central heating,28,6,22,25,4,21,2,1,1,1,1,0
S01006796,All people in households,575,65,510,531,33,498,42,30,12,2,2,0
S01006796,No central heating,2,1,1,1,0,1,1,1,0,0,0,0
S01006796,Gas central heating,23,2,21,21,1,20,2,1,1,0,0,0
S01006796,Electric (including storage heaters) central heating,180,16,164,168,9,159,12,7,5,0,0,0
S01006796,Oil central heating,317,33,284,299,17,282,18,16,2,0,0,0
S01006796,Solid fuel (for example wood coal) central heating,9,4,5,6,2,4,3,2,1,0,0,0
S01006796,Other central heating,19,4,15,16,2,14,3,2,1,0,0,0
S01006796,Two or more types of central heating,25,5,20,20,2,18,3,1,2,2,2,0
S01006797,All people in households,613,60,553,568,29,539,38,24,14,7,7,0
S01006797,No central heating,15,4,11,11,1,10,4,3,1,0,0,0
S01006797,Gas central heating,20,4,16,15,2,13,5,2,3,0,0,0
S01006797,Electric (including storage heaters) central heating,99,8,91,94,4,90,4,3,1,1,1,0
S01006797,Oil central heating,371,32,339,354,18,336,12,9,3,5,5,0
S01006797,Solid fuel (for example wood coal) central heating,56,6,50,50,2,48,6,4,2,0,0,0
S01006797,Other central heating,4,0,4,4,0,4,0,0,0,0,0,0
S01006797,Two or more types of central heating,48,6,42,40,2,38,7,3,4,1,1,0
S01006798,All people in households,625,78,547,565,33,532,47,32,15,13,13,0
S01006798,No central heating,38,4,34,36,2,34,1,1,0,1,1,0
S01006798,Gas central heating,29,7,22,26,4,22,2,2,0,1,1,0
S01006798,Electric (including storage heaters) central heating,81,18,63,65,6,59,14,10,4,2,2,0
S01006798,Oil central heating,354,37,317,330,21,309,18,10,8,6,6,0
S01006798,Solid fuel (for example wood coal) central heating,33,3,30,30,0,30,3,3,0,0,0,0
S01006798,Other central heating,23,8,15,15,0,15,5,5,0,3,3,0
S01006798,Two or more types of central heating,67,1,66,63,0,63,4,1,3,0,0,0
S01006799,All people in households,875,152,723,765,74,691,85,55,30,25,23,2
S01006799,No central heating,12,2,10,10,1,9,1,0,1,1,1,0
S01006799,Gas central heating,54,13,41,41,2,39,10,8,2,3,3,0
S01006799,Electric (including storage heaters) central heating,345,58,287,303,28,275,36,26,10,6,4,2
S01006799,Oil central heating,381,68,313,341,39,302,28,17,11,12,12,0
S01006799,Solid fuel (for example wood coal) central heating,29,5,24,23,1,22,4,2,2,2,2,0
S01006799,Other central heating,26,2,24,23,1,22,2,0,2,1,1,0
S01006799,Two or more types of central heating,28,4,24,24,2,22,4,2,2,0,0,0
S01006800,All people in households,853,98,755,797,55,742,41,28,13,15,15,0
S01006800,No central heating,12,4,8,9,1,8,1,1,0,2,2,0
S01006800,Gas central heating,71,8,63,67,6,61,2,0,2,2,2,0
S01006800,Electric (including storage heaters) central heating,115,18,97,109,14,95,4,2,2,2,2,0
S01006800,Oil central heating,538,52,486,500,22,478,30,22,8,8,8,0
S01006800,Solid fuel (for example wood coal) central heating,19,1,18,18,1,17,1,0,1,0,0,0
S01006800,Other central heating,37,6,31,35,4,31,2,2,0,0,0,0
S01006800,Two or more types of central heating,61,9,52,59,7,52,1,1,0,1,1,0
S01006801,All people in households,875,124,751,780,48,732,72,53,19,23,23,0
S01006801,No central heating,15,1,14,12,0,12,2,0,2,1,1,0
S01006801,Gas central heating,589,79,510,531,32,499,49,38,11,9,9,0
S01006801,Electric (including storage heaters) central heating,19,5,14,15,1,14,2,2,0,2,2,0
S01006801,Oil central heating,197,33,164,170,12,158,17,11,6,10,10,0
S01006801,Solid fuel (for example wood coal) central heating,8,1,7,7,0,7,1,1,0,0,0,0
S01006801,Other central heating,11,0,11,11,0,11,0,0,0,0,0,0
S01006801,Two or more types of central heating,36,5,31,34,3,31,1,1,0,1,1,0
S01006802,All people in households,675,114,561,590,53,537,71,47,24,14,14,0
S01006802,No central heating,37,7,30,31,2,29,4,3,1,2,2,0
S01006802,Gas central heating,46,8,38,39,2,37,5,4,1,2,2,0
S01006802,Electric (including storage heaters) central heating,105,37,68,84,19,65,19,16,3,2,2,0
S01006802,Oil central heating,375,49,326,333,22,311,36,21,15,6,6,0
S01006802,Solid fuel (for example wood coal) central heating,40,3,37,37,1,36,2,1,1,1,1,0
S01006802,Other central heating,13,3,10,11,2,9,1,0,1,1,1,0
S01006802,Two or more types of central heating,59,7,52,55,5,50,4,2,2,0,0,0
S01006803,All people in households,687,125,562,600,62,538,73,49,24,14,14,0
S01006803,No central heating,7,1,6,4,1,3,3,0,3,0,0,0
S01006803,Gas central heating,436,82,354,384,44,340,39,25,14,13,13,0
S01006803,Electric (including storage heaters) central heating,121,16,105,109,5,104,11,10,1,1,1,0
S01006803,Oil central heating,86,21,65,74,11,63,12,10,2,0,0,0
S01006803,Solid fuel (for example wood coal) central heating,15,1,14,10,0,10,5,1,4,0,0,0
S01006803,Other central heating,5,1,4,5,1,4,0,0,0,0,0,0
S01006803,Two or more types of central heating,17,3,14,14,0,14,3,3,0,0,0,0
S01006804,All people in households,748,80,668,672,27,645,67,44,23,9,9,0
S01006804,No central heating,1,0,1,1,0,1,0,0,0,0,0,0
S01006804,Gas central heating,667,62,605,606,22,584,55,34,21,6,6,0
S01006804,Electric (including storage heaters) central heating,25,9,16,17,1,16,5,5,0,3,3,0
S01006804,Oil central heating,32,7,25,28,3,25,4,4,0,0,0,0
S01006804,Solid fuel (for example wood coal) central heating,3,0,3,2,0,2,1,0,1,0,0,0
S01006804,Other central heating,0,0,0,0,0,0,0,0,0,0,0,0
S01006804,Two or more types of central heating,20,2,18,18,1,17,2,1,1,0,0,0
S01006805,All people in households,1122,126,996,1030,61,969,76,50,26,16,15,1
S01006805,No central heating,23,2,21,20,0,20,3,2,1,0,0,0
S01006805,Gas central heating,597,53,544,555,22,533,38,27,11,4,4,0
S01006805,Electric (including storage heaters) central heating,179,35,144,153,17,136,20,13,7,6,5,1
S01006805,Oil central heating,204,17,187,193,12,181,11,5,6,0,0,0
S01006805,Solid fuel (for example wood coal) central heating,40,8,32,35,3,32,1,1,0,4,4,0
S01006805,Other central heating,25,7,18,22,4,18,1,1,0,2,2,0
S01006805,Two or more types of central heating,54,4,50,52,3,49,2,1,1,0,0,0
S01006806,All people in households,1031,134,897,901,46,855,97,56,41,33,32,1
S01006806,No central heating,46,9,37,37,3,34,6,3,3,3,3,0
S01006806,Gas central heating,136,19,117,120,5,115,10,9,1,6,5,1
S01006806,Electric (including storage heaters) central heating,139,31,108,110,10,100,20,12,8,9,9,0
S01006806,Oil central heating,579,64,515,512,22,490,55,30,25,12,12,0
S01006806,Solid fuel (for example wood coal) central heating,53,5,48,47,2,45,5,2,3,1,1,0
S01006806,Other central heating,32,1,31,32,1,31,0,0,0,0,0,0
S01006806,Two or more types of central heating,46,5,41,43,3,40,1,0,1,2,2,0
S01006807,All people in households,620,86,534,549,36,513,58,37,21,13,13,0
S01006807,No central heating,10,2,8,7,1,6,3,1,2,0,0,0
S01006807,Gas central heating,60,11,49,52,3,49,5,5,0,3,3,0
S01006807,Electric (including storage heaters) central heating,27,8,19,22,5,17,4,2,2,1,1,0
S01006807,Oil central heating,475,59,416,427,26,401,40,25,15,8,8,0
S01006807,Solid fuel (for example wood coal) central heating,7,3,4,3,0,3,4,3,1,0,0,0
S01006807,Other central heating,11,1,10,9,0,9,1,0,1,1,1,0
S01006807,Two or more types of central heating,30,2,28,29,1,28,1,1,0,0,0,0
S01006808,All people in households,626,84,542,564,34,530,49,37,12,13,13,0
S01006808,No central heating,26,4,22,23,1,22,2,2,0,1,1,0
S01006808,Gas central heating,50,9,41,46,6,40,4,3,1,0,0,0
S01006808,Electric (including storage heaters) central heating,139,21,118,121,6,115,16,13,3,2,2,0
S01006808,Oil central heating,350,47,303,314,19,295,26,18,8,10,10,0
S01006808,Solid fuel (for example wood coal) central heating,16,1,15,16,1,15,0,0,0,0,0,0
S01006808,Other central heating,14,0,14,14,0,14,0,0,0,0,0,0
S01006808,Two or more types of central heating,31,2,29,30,1,29,1,1,0,0,0,0
S01006809,All people in households,813,168,645,680,62,618,95,68,27,38,38,0
S01006809,No central heating,18,4,14,14,0,14,3,3,0,1,1,0
S01006809,Gas central heating,41,7,34,35,4,31,5,2,3,1,1,0
S01006809,Electric (including storage heaters) central heating,365,89,276,295,32,263,52,39,13,18,18,0
S01006809,Oil central heating,296,44,252,263,20,243,26,17,9,7,7,0
S01006809,Solid fuel (for example wood coal) central heating,42,10,32,32,2,30,2,0,2,8,8,0
S01006809,Other central heating,9,1,8,8,0,8,1,1,0,0,0,0
S01006809,Two or more types of central heating,42,13,29,33,4,29,6,6,0,3,3,0
S01006810,All people in households,877,148,729,748,43,705,91,68,23,38,37,1
S01006810,No central heating,20,0,20,18,0,18,2,0,2,0,0,0
S01006810,Gas central heating,55,11,44,47,3,44,6,6,0,2,2,0
S01006810,Electric (including storage heaters) central heating,222,64,158,162,11,151,43,36,7,17,17,0
S01006810,Oil central heating,453,54,399,416,26,390,23,15,8,14,13,1
S01006810,Solid fuel (for example wood coal) central heating,60,13,47,46,3,43,11,7,4,3,3,0
S01006810,Other central heating,23,2,21,21,0,21,1,1,0,1,1,0
S01006810,Two or more types of central heating,44,4,40,38,0,38,5,3,2,1,1,0
S01006811,All people in households,1090,118,972,989,51,938,83,49,34,18,18,0
S01006811,No central heating,38,3,35,36,1,35,2,2,0,0,0,0
S01006811,Gas central heating,58,7,51,50,1,49,6,4,2,2,2,0
S01006811,Electric (including storage heaters) central heating,160,28,132,141,14,127,13,8,5,6,6,0
S01006811,Oil central heating,682,69,613,618,27,591,55,33,22,9,9,0
S01006811,Solid fuel (for example wood coal) central heating,70,8,62,64,6,58,6,2,4,0,0,0
S01006811,Other central heating,31,3,28,29,2,27,1,0,1,1,1,0
S01006811,Two or more types of central heating,51,0,51,51,0,51,0,0,0,0,0,0
S01006812,All people in households,735,88,647,670,38,632,53,39,14,12,11,1
S01006812,No central heating,21,1,20,20,1,19,1,0,1,0,0,0
S01006812,Gas central heating,60,9,51,53,2,51,5,5,0,2,2,0
S01006812,Electric (including storage heaters) central heating,148,24,124,127,9,118,20,14,6,1,1,0
S01006812,Oil central heating,392,36,356,368,16,352,18,14,4,6,6,0
S01006812,Solid fuel (for example wood coal) central heating,42,5,37,38,2,36,3,2,1,1,1,0
S01006812,Other central heating,28,7,21,24,4,20,3,3,0,1,0,1
S01006812,Two or more types of central heating,44,6,38,40,4,36,3,1,2,1,1,0
S01006813,All people in households,789,120,669,676,38,638,81,52,29,32,30,2
S01006813,No central heating,53,9,44,46,3,43,6,5,1,1,1,0
S01006813,Gas central heating,36,2,34,32,1,31,3,0,3,1,1,0
S01006813,Electric (including storage heaters) central heating,249,44,205,212,16,196,26,17,9,11,11,0
S01006813,Oil central heating,330,38,292,294,11,283,22,15,7,14,12,2
S01006813,Solid fuel (for example wood coal) central heating,56,13,43,42,1,41,11,9,2,3,3,0
S01006813,Other central heating,9,2,7,6,0,6,3,2,1,0,0,0
S01006813,Two or more types of central heating,56,12,44,44,6,38,10,4,6,2,2,0
S01006814,All people in households,782,85,697,701,26,675,60,38,22,21,21,0
S01006814,No central heating,10,2,8,8,1,7,1,0,1,1,1,0
S01006814,Gas central heating,713,68,645,645,21,624,51,30,21,17,17,0
S01006814,Electric (including storage heaters) central heating,13,7,6,8,2,6,4,4,0,1,1,0
S01006814,Oil central heating,25,4,21,21,0,21,2,2,0,2,2,0
S01006814,Solid fuel (for example wood coal) central heating,4,0,4,4,0,4,0,0,0,0,0,0
S01006814,Other central heating,4,2,2,4,2,2,0,0,0,0,0,0
S01006814,Two or more types of central heating,13,2,11,11,0,11,2,2,0,0,0,0
S01006815,All people in households,577,109,468,471,34,437,74,45,29,32,30,2
S01006815,No central heating,12,1,11,11,0,11,1,1,0,0,0,0
S01006815,Gas central heating,307,62,245,248,20,228,42,26,16,17,16,1
S01006815,Electric (including storage heaters) central heating,200,33,167,166,11,155,24,12,12,10,10,0
S01006815,Oil central heating,21,6,15,14,1,13,4,3,1,3,2,1
S01006815,Solid fuel (for example wood coal) central heating,6,0,6,6,0,6,0,0,0,0,0,0
S01006815,Other central heating,4,0,4,4,0,4,0,0,0,0,0,0
S01006815,Two or more types of central heating,27,7,20,22,2,20,3,3,0,2,2,0
S01006816,All people in households,703,120,583,605,45,560,70,48,22,28,27,1
S01006816,No central heating,4,1,3,4,1,3,0,0,0,0,0,0
S01006816,Gas central heating,557,75,482,501,34,467,42,28,14,14,13,1
S01006816,Electric (including storage heaters) central heating,92,30,62,64,7,57,19,14,5,9,9,0
S01006816,Oil central heating,30,8,22,21,2,19,6,3,3,3,3,0
S01006816,Solid fuel (for example wood coal) central heating,1,1,0,0,0,0,1,1,0,0,0,0
S01006816,Other central heating,8,2,6,6,0,6,0,0,0,2,2,0
S01006816,Two or more types of central heating,11,3,8,9,1,8,2,2,0,0,0,0
S01006817,All people in households,650,90,560,578,35,543,49,32,17,23,23,0
S01006817,No central heating,23,8,15,19,4,15,3,3,0,1,1,0
S01006817,Gas central heating,201,32,169,174,8,166,15,12,3,12,12,0
S01006817,Electric (including storage heaters) central heating,107,10,97,95,4,91,11,5,6,1,1,0
S01006817,Oil central heating,257,27,230,240,16,224,14,8,6,3,3,0
S01006817,Solid fuel (for example wood coal) central heating,26,8,18,20,3,17,3,2,1,3,3,0
S01006817,Other central heating,25,3,22,22,0,22,2,2,0,1,1,0
S01006817,Two or more types of central heating,11,2,9,8,0,8,1,0,1,2,2,0
S01006818,All people in households,719,97,622,639,40,599,65,43,22,15,14,1
S01006818,No central heating,12,0,12,12,0,12,0,0,0,0,0,0
S01006818,Gas central heating,72,13,59,58,3,55,12,8,4,2,2,0
S01006818,Electric (including storage heaters) central heating,109,24,85,88,6,82,14,12,2,7,6,1
S01006818,Oil central heating,414,48,366,381,28,353,28,15,13,5,5,0
S01006818,Solid fuel (for example wood coal) central heating,46,8,38,39,2,37,7,6,1,0,0,0
S01006818,Other central heating,25,1,24,23,0,23,1,0,1,1,1,0
S01006818,Two or more types of central heating,41,3,38,38,1,37,3,2,1,0,0,0
S01006819,All people in households,836,91,745,764,45,719,60,34,26,12,12,0
S01006819,No central heating,24,2,22,21,0,21,3,2,1,0,0,0
S01006819,Gas central heating,131,18,113,117,9,108,11,6,5,3,3,0
S01006819,Electric (including storage heaters) central heating,87,11,76,78,7,71,8,3,5,1,1,0
S01006819,Oil central heating,487,43,444,450,19,431,30,17,13,7,7,0
S01006819,Solid fuel (for example wood coal) central heating,32,4,28,29,2,27,3,2,1,0,0,0
S01006819,Other central heating,33,2,31,32,1,31,1,1,0,0,0,0
S01006819,Two or more types of central heating,42,11,31,37,7,30,4,3,1,1,1,0
S01006820,All people in households,444,45,399,412,21,391,24,16,8,8,8,0
S01006820,No central heating,6,0,6,6,0,6,0,0,0,0,0,0
S01006820,Gas central heating,309,32,277,287,16,271,15,9,6,7,7,0
S01006820,Electric (including storage heaters) central heating,20,5,15,16,1,15,3,3,0,1,1,0
S01006820,Oil central heating,87,8,79,81,4,77,6,4,2,0,0,0
S01006820,Solid fuel (for example wood coal) central heating,0,0,0,0,0,0,0,0,0,0,0,0
S01006820,Other central heating,8,0,8,8,0,8,0,0,0,0,0,0
S01006820,Two or more types of central heating,14,0,14,14,0,14,0,0,0,0,0,0
S01006821,All people in households,582,65,517,530,29,501,45,29,16,7,7,0
S01006821,No central heating,14,2,12,11,1,10,2,0,2,1,1,0
S01006821,Gas central heating,227,38,189,197,16,181,27,19,8,3,3,0
S01006821,Electric (including storage heaters) central heating,42,4,38,36,1,35,6,3,3,0,0,0
S01006821,Oil central heating,244,18,226,233,10,223,8,5,3,3,3,0
S01006821,Solid fuel (for example wood coal) central heating,12,1,11,12,1,11,0,0,0,0,0,0
S01006821,Other central heating,6,0,6,6,0,6,0,0,0,0,0,0
S01006821,Two or more types of central heating,37,2,35,35,0,35,2,2,0,0,0,0
S01006822,All people in households,759,86,673,689,34,655,58,40,18,12,12,0
S01006822,No central heating,27,6,21,23,2,21,2,2,0,2,2,0
S01006822,Gas central heating,213,24,189,192,8,184,15,10,5,6,6,0
S01006822,Electric (including storage heaters) central heating,71,8,63,64,3,61,7,5,2,0,0,0
S01006822,Oil central heating,364,36,328,333,15,318,29,19,10,2,2,0
S01006822,Solid fuel (for example wood coal) central heating,35,5,30,32,2,30,1,1,0,2,2,0
S01006822,Other central heating,14,3,11,11,1,10,3,2,1,0,0,0
S01006822,Two or more types of central heating,35,4,31,34,3,31,1,1,0,0,0,0
S01006823,All people in households,676,67,609,623,37,586,45,22,23,8,8,0
S01006823,No central heating,18,3,15,16,2,14,2,1,1,0,0,0
S01006823,Gas central heating,562,55,507,519,29,490,38,21,17,5,5,0
S01006823,Electric (including storage heaters) central heating,51,7,44,43,4,39,5,0,5,3,3,0
S01006823,Oil central heating,28,1,27,28,1,27,0,0,0,0,0,0
S01006823,Solid fuel (for example wood coal) central heating,4,1,3,4,1,3,0,0,0,0,0,0
S01006823,Other central heating,0,0,0,0,0,0,0,0,0,0,0,0
S01006823,Two or more types of central heating,13,0,13,13,0,13,0,0,0,0,0,0
S01006824,All people in households,813,126,687,698,46,652,82,48,34,33,32,1
S01006824,No central heating,3,0,3,3,0,3,0,0,0,0,0,0
S01006824,Gas central heating,715,100,615,631,42,589,60,35,25,24,23,1
S01006824,Electric (including storage heaters) central heating,77,23,54,51,4,47,18,11,7,8,8,0
S01006824,Oil central heating,6,0,6,5,0,5,1,0,1,0,0,0
S01006824,Solid fuel (for example wood coal) central heating,2,1,1,1,0,1,0,0,0,1,1,0
S01006824,Other central heating,0,0,0,0,0,0,0,0,0,0,0,0
S01006824,Two or more types of central heating,10,2,8,7,0,7,3,2,1,0,0,0
S01006825,All people in households,807,88,719,719,33,686,75,42,33,13,13,0
S01006825,No central heating,0,0,0,0,0,0,0,0,0,0,0,0
S01006825,Gas central heating,771,77,694,689,27,662,72,40,32,10,10,0
S01006825,Electric (including storage heaters) central heating,16,5,11,13,2,11,1,1,0,2,2,0
S01006825,Oil central heating,7,3,4,6,2,4,1,1,0,0,0,0
S01006825,Solid fuel (for example wood coal) central heating,2,0,2,2,0,2,0,0,0,0,0,0
S01006825,Other central heating,5,2,3,3,1,2,1,0,1,1,1,0
S01006825,Two or more types of central heating,6,1,5,6,1,5,0,0,0,0,0,0
S01006826,All people in households,884,117,767,799,54,745,70,49,21,15,14,1
S01006826,No central heating,3,1,2,2,0,2,0,0,0,1,1,0
S01006826,Gas central heating,727,79,648,671,38,633,49,35,14,7,6,1
S01006826,Electric (including storage heaters) central heating,117,29,88,93,12,81,21,14,7,3,3,0
S01006826,Oil central heating,20,3,17,18,1,17,0,0,0,2,2,0
S01006826,Solid fuel (for example wood coal) central heating,3,2,1,1,0,1,0,0,0,2,2,0
S01006826,Other central heating,0,0,0,0,0,0,0,0,0,0,0,0
S01006826,Two or more types of central heating,14,3,11,14,3,11,0,0,0,0,0,0
S01006827,All people in households,884,161,723,744,66,678,110,68,42,30,27,3
S01006827,No central heating,11,1,10,10,0,10,1,1,0,0,0,0
S01006827,Gas central heating,744,130,614,627,53,574,93,55,38,24,22,2
S01006827,Electric (including storage heaters) central heating,106,25,81,87,11,76,14,10,4,5,4,1
S01006827,Oil central heating,4,1,3,4,1,3,0,0,0,0,0,0
S01006827,Solid fuel (for example wood coal) central heating,0,0,0,0,0,0,0,0,0,0,0,0
S01006827,Other central heating,0,0,0,0,0,0,0,0,0,0,0,0
S01006827,Two or more types of central heating,19,4,15,16,1,15,2,2,0,1,1,0
S01006828,All people in households,914,169,745,772,62,710,115,82,33,27,25,2
S01006828,No central heating,22,4,18,16,2,14,6,2,4,0,0,0
S01006828,Gas central heating,635,109,526,550,43,507,65,46,19,20,20,0
S01006828,Electric (including storage heaters) central heating,213,47,166,170,14,156,37,29,8,6,4,2
S01006828,Oil central heating,25,7,18,19,2,17,5,4,1,1,1,0
S01006828,Solid fuel (for example wood coal) central heating,6,1,5,6,1,5,0,0,0,0,0,0
S01006828,Other central heating,0,0,0,0,0,0,0,0,0,0,0,0
S01006828,Two or more types of central heating,13,1,12,11,0,11,2,1,1,0,0,0
S01006829,All people in households,428,18,410,412,6,406,12,8,4,4,4,0
S01006829,No central heating,0,0,0,0,0,0,0,0,0,0,0,0
S01006829,Gas central heating,403,14,389,391,5,386,10,7,3,2,2,0
S01006829,Electric (including storage heaters) central heating,6,0,6,6,0,6,0,0,0,0,0,0
S01006829,Oil central heating,16,4,12,12,1,11,2,1,1,2,2,0
S01006829,Solid fuel (for example wood coal) central heating,0,0,0,0,0,0,0,0,0,0,0,0
S01006829,Other central heating,0,0,0,0,0,0,0,0,0,0,0,0
S01006829,Two or more types of central heating,3,0,3,3,0,3,0,0,0,0,0,0
S01006830,All people in households,729,102,627,637,33,604,66,44,22,26,25,1
S01006830,No central heating,5,1,4,4,0,4,0,0,0,1,1,0
S01006830,Gas central heating,694,99,595,606,33,573,65,44,21,23,22,1
S01006830,Electric (including storage heaters) central heating,12,1,11,10,0,10,1,0,1,1,1,0
S01006830,Oil central heating,7,0,7,7,0,7,0,0,0,0,0,0
S01006830,Solid fuel (for example wood coal) central heating,2,0,2,2,0,2,0,0,0,0,0,0
S01006830,Other central heating,0,0,0,0,0,0,0,0,0,0,0,0
S01006830,Two or more types of central heating,9,1,8,8,0,8,0,0,0,1,1,0
S01006831,All people in households,538,68,470,482,30,452,42,24,18,14,14,0
S01006831,No central heating,7,0,7,6,0,6,1,0,1,0,0,0
S01006831,Gas central heating,502,60,442,453,28,425,37,20,17,12,12,0
S01006831,Electric (including storage heaters) central heating,12,4,8,9,1,8,1,1,0,2,2,0
S01006831,Oil central heating,11,2,9,10,1,9,1,1,0,0,0,0
S01006831,Solid fuel (for example wood coal) central heating,0,0,0,0,0,0,0,0,0,0,0,0
S01006831,Other central heating,4,0,4,4,0,4,0,0,0,0,0,0
S01006831,Two or more types of central heating,2,2,0,0,0,0,2,2,0,0,0,0
S01006832,All people in households,1003,156,847,878,61,817,89,60,29,36,35,1
S01006832,No central heating,1,1,0,1,1,0,0,0,0,0,0,0
S01006832,Gas central heating,909,142,767,794,55,739,82,55,27,33,32,1
S01006832,Electric (including storage heaters) central heating,56,6,50,51,2,49,3,2,1,2,2,0
S01006832,Oil central heating,12,3,9,11,2,9,0,0,0,1,1,0
S01006832,Solid fuel (for example wood coal) central heating,2,1,1,1,0,1,1,1,0,0,0,0
S01006832,Other central heating,7,2,5,5,1,4,2,1,1,0,0,0
S01006832,Two or more types of central heating,16,1,15,15,0,15,1,1,0,0,0,0
S01006833,All people in households,438,54,384,398,25,373,37,26,11,3,3,0
S01006833,No central heating,5,0,5,3,0,3,2,0,2,0,0,0
S01006833,Gas central heating,411,46,365,378,22,356,30,21,9,3,3,0
S01006833,Electric (including storage heaters) central heating,4,2,2,3,1,2,1,1,0,0,0,0
S01006833,Oil central heating,6,0,6,6,0,6,0,0,0,0,0,0
S01006833,Solid fuel (for example wood coal) central heating,4,3,1,1,0,1,3,3,0,0,0,0
S01006833,Other central heating,0,0,0,0,0,0,0,0,0,0,0,0
S01006833,Two or more types of central heating,8,3,5,7,2,5,1,1,0,0,0,0
S01006834,All people in households,532,35,497,510,20,490,18,11,7,4,4,0
S01006834,No central heating,10,1,9,8,0,8,2,1,1,0,0,0
S01006834,Gas central heating,508,33,475,489,20,469,16,10,6,3,3,0
S01006834,Electric (including storage heaters) central heating,0,0,0,0,0,0,0,0,0,0,0,0
S01006834,Oil central heating,0,0,0,0,0,0,0,0,0,0,0,0
S01006834,Solid fuel (for example wood coal) central heating,0,0,0,0,0,0,0,0,0,0,0,0
S01006834,Other central heating,0,0,0,0,0,0,0,0,0,0,0,0
S01006834,Two or more types of central heating,14,1,13,13,0,13,0,0,0,1,1,0
S01006835,All people in households,841,233,608,661,80,581,137,111,26,43,42,1
S01006835,No central heating,17,5,12,17,5,12,0,0,0,0,0,0
S01006835,Gas central heating,617,156,461,501,58,443,91,73,18,25,25,0
S01006835,Electric (including storage heaters) central heating,167,62,105,113,17,96,38,30,8,16,15,1
S01006835,Oil central heating,19,5,14,14,0,14,5,5,0,0,0,0
S01006835,Solid fuel (for example wood coal) central heating,10,1,9,9,0,9,1,1,0,0,0,0
S01006835,Other central heating,2,1,1,1,0,1,1,1,0,0,0,0
S01006835,Two or more types of central heating,9,3,6,6,0,6,1,1,0,2,2,0
S01006836,All people in households,514,41,473,485,23,462,24,13,11,5,5,0
S01006836,No central heating,6,1,5,4,0,4,2,1,1,0,0,0
S01006836,Gas central heating,474,38,436,449,22,427,20,11,9,5,5,0
S01006836,Electric (including storage heaters) central heating,0,0,0,0,0,0,0,0,0,0,0,0
S01006836,Oil central heating,14,1,13,14,1,13,0,0,0,0,0,0
S01006836,Solid fuel (for example wood coal) central heating,0,0,0,0,0,0,0,0,0,0,0,0
S01006836,Other central heating,2,1,1,1,0,1,1,1,0,0,0,0
S01006836,Two or more types of central heating,18,0,18,17,0,17,1,0,1,0,0,0
S01006837,All people in households,599,74,525,539,35,504,47,27,20,13,12,1
S01006837,No central heating,4,0,4,4,0,4,0,0,0,0,0,0
S01006837,Gas central heating,570,68,502,514,33,481,44,24,20,12,11,1
S01006837,Electric (including storage heaters) central heating,12,4,8,8,0,8,3,3,0,1,1,0
S01006837,Oil central heating,9,1,8,9,1,8,0,0,0,0,0,0
S01006837,Solid fuel (for example wood coal) central heating,0,0,0,0,0,0,0,0,0,0,0,0
S01006837,Other central heating,0,0,0,0,0,0,0,0,0,0,0,0
S01006837,Two or more types of central heating,4,1,3,4,1,3,0,0,0,0,0,0
S01006838,All people in households,648,66,582,586,18,568,54,40,14,8,8,0
S01006838,No central heating,5,0,5,5,0,5,0,0,0,0,0,0
S01006838,Gas central heating,587,61,526,530,16,514,49,37,12,8,8,0
S01006838,Electric (including storage heaters) central heating,28,2,26,25,1,24,3,1,2,0,0,0
S01006838,Oil central heating,10,0,10,10,0,10,0,0,0,0,0,0
S01006838,Solid fuel (for example wood coal) central heating,7,1,6,7,1,6,0,0,0,0,0,0
S01006838,Other central heating,0,0,0,0,0,0,0,0,0,0,0,0
S01006838,Two or more types of central heating,11,2,9,9,0,9,2,2,0,0,0,0
S01006839,All people in households,1040,162,878,904,57,847,102,72,30,34,33,1
S01006839,No central heating,13,4,9,9,0,9,2,2,0,2,2,0
S01006839,Gas central heating,935,143,792,816,53,763,90,62,28,29,28,1
S01006839,Electric (including storage heaters) central heating,29,8,21,23,2,21,5,5,0,1,1,0
S01006839,Oil central heating,32,3,29,30,2,28,2,1,1,0,0,0
S01006839,Solid fuel (for example wood coal) central heating,0,0,0,0,0,0,0,0,0,0,0,0
S01006839,Other central heating,7,0,7,7,0,7,0,0,0,0,0,0
S01006839,Two or more types of central heating,24,4,20,19,0,19,3,2,1,2,2,0
S01006840,All people in households,1020,84,936,957,39,918,52,34,18,11,11,0
S01006840,No central heating,0,0,0,0,0,0,0,0,0,0,0,0
S01006840,Gas central heating,980,74,906,926,37,889,44,27,17,10,10,0
S01006840,Electric (including storage heaters) central heating,1,1,0,0,0,0,1,1,0,0,0,0
S01006840,Oil central heating,26,7,19,20,2,18,5,4,1,1,1,0
S01006840,Solid fuel (for example wood coal) central heating,3,1,2,2,0,2,1,1,0,0,0,0
S01006840,Other central heating,0,0,0,0,0,0,0,0,0,0,0,0
S01006840,Two or more types of central heating,10,1,9,9,0,9,1,1,0,0,0,0
S01006841,All people in households,922,87,835,846,32,814,63,43,20,13,12,1
S01006841,No central heating,0,0,0,0,0,0,0,0,0,0,0,0
S01006841,Gas central heating,876,79,797,805,28,777,59,40,19,12,11,1
S01006841,Electric (including storage heaters) central heating,6,0,6,6,0,6,0,0,0,0,0,0
S01006841,Oil central heating,38,8,30,33,4,29,4,3,1,1,1,0
S01006841,Solid fuel (for example wood coal) central heating,0,0,0,0,0,0,0,0,0,0,0,0
S01006841,Other central heating,0,0,0,0,0,0,0,0,0,0,0,0
S01006841,Two or more types of central heating,2,0,2,2,0,2,0,0,0,0,0,0
S01006842,All people in households,809,93,716,740,37,703,48,35,13,21,21,0
S01006842,No central heating,1,0,1,1,0,1,0,0,0,0,0,0
S01006842,Gas central heating,765,82,683,706,34,672,41,30,11,18,18,0
S01006842,Electric (including storage heaters) central heating,27,7,20,20,2,18,4,2,2,3,3,0
S01006842,Oil central heating,11,2,9,10,1,9,1,1,0,0,0,0
S01006842,Solid fuel (for example wood coal) central heating,3,1,2,2,0,2,1,1,0,0,0,0
S01006842,Other central heating,0,0,0,0,0,0,0,0,0,0,0,0
S01006842,Two or more types of central heating,2,1,1,1,0,1,1,1,0,0,0,0
S01006843,All people in households,835,90,745,758,36,722,61,38,23,16,16,0
S01006843,No central heating,0,0,0,0,0,0,0,0,0,0,0,0
S01006843,Gas central heating,818,86,732,744,35,709,60,37,23,14,14,0
S01006843,Electric (including storage heaters) central heating,11,1,10,11,1,10,0,0,0,0,0,0
S01006843,Oil central heating,1,1,0,0,0,0,0,0,0,1,1,0
S01006843,Solid fuel (for example wood coal) central heating,0,0,0,0,0,0,0,0,0,0,0,0
S01006843,Other central heating,1,0,1,1,0,1,0,0,0,0,0,0
S01006843,Two or more types of central heating,4,2,2,2,0,2,1,1,0,1,1,0
S01006844,All people in households,671,82,589,599,30,569,57,40,17,15,12,3
S01006844,No central heating,30,4,26,29,3,26,1,1,0,0,0,0
S01006844,Gas central heating,334,29,305,301,9,292,26,14,12,7,6,1
S01006844,Electric (including storage heaters) central heating,218,34,184,190,13,177,21,16,5,7,5,2
S01006844,Oil central heating,84,14,70,75,5,70,8,8,0,1,1,0
S01006844,Solid fuel (for example wood coal) central heating,0,0,0,0,0,0,0,0,0,0,0,0
S01006844,Other central heating,0,0,0,0,0,0,0,0,0,0,0,0
S01006844,Two or more types of central heating,5,1,4,4,0,4,1,1,0,0,0,0
S01006845,All people in households,942,85,857,871,40,831,58,34,24,13,11,2
S01006845,No central heating,4,0,4,3,0,3,1,0,1,0,0,0
S01006845,Gas central heating,836,70,766,779,34,745,47,28,19,10,8,2
S01006845,Electric (including storage heaters) central heating,72,13,59,61,5,56,9,6,3,2,2,0
S01006845,Oil central heating,12,1,11,11,0,11,0,0,0,1,1,0
S01006845,Solid fuel (for example wood coal) central heating,0,0,0,0,0,0,0,0,0,0,0,0
S01006845,Other central heating,2,1,1,2,1,1,0,0,0,0,0,0
S01006845,Two or more types of central heating,16,0,16,15,0,15,1,0,1,0,0,0
S01006846,All people in households,551,93,458,477,36,441,58,42,16,16,15,1
S01006846,No central heating,8,1,7,7,0,7,1,1,0,0,0,0
S01006846,Gas central heating,463,78,385,403,32,371,46,33,13,14,13,1
S01006846,Electric (including storage heaters) central heating,42,5,37,34,0,34,7,4,3,1,1,0
S01006846,Oil central heating,20,5,15,18,3,15,2,2,0,0,0,0
S01006846,Solid fuel (for example wood coal) central heating,3,1,2,2,0,2,1,1,0,0,0,0
S01006846,Other central heating,9,1,8,8,0,8,0,0,0,1,1,0
S01006846,Two or more types of central heating,6,2,4,5,1,4,1,1,0,0,0,0
S01006847,All people in households,659,60,599,599,18,581,44,26,18,16,16,0
S01006847,No central heating,8,3,5,5,0,5,1,1,0,2,2,0
S01006847,Gas central heating,606,48,558,558,18,540,36,18,18,12,12,0
S01006847,Electric (including storage heaters) central heating,21,0,21,21,0,21,0,0,0,0,0,0
S01006847,Oil central heating,12,4,8,8,0,8,2,2,0,2,2,0
S01006847,Solid fuel (for example wood coal) central heating,0,0,0,0,0,0,0,0,0,0,0,0
S01006847,Other central heating,4,2,2,2,0,2,2,2,0,0,0,0
S01006847,Two or more types of central heating,8,3,5,5,0,5,3,3,0,0,0,0
S01006848,All people in households,916,109,807,817,43,774,78,47,31,21,19,2
S01006848,No central heating,11,2,9,9,0,9,1,1,0,1,1,0
S01006848,Gas central heating,251,22,229,228,8,220,16,7,9,7,7,0
S01006848,Electric (including storage heaters) central heating,58,10,48,54,6,48,3,3,0,1,1,0
S01006848,Oil central heating,491,55,436,436,20,416,47,29,18,8,6,2
S01006848,Solid fuel (for example wood coal) central heating,24,9,15,16,3,13,6,4,2,2,2,0
S01006848,Other central heating,59,8,51,53,4,49,4,2,2,2,2,0
S01006848,Two or more types of central heating,22,3,19,21,2,19,1,1,0,0,0,0
S01006849,All people in households,971,62,909,906,24,882,49,23,26,16,15,1
S01006849,No central heating,9,0,9,7,0,7,2,0,2,0,0,0
S01006849,Gas central heating,817,50,767,764,21,743,40,16,24,13,13,0
S01006849,Electric (including storage heaters) central heating,41,2,39,39,0,39,2,2,0,0,0,0
S01006849,Oil central heating,85,7,78,80,3,77,3,3,0,2,1,1
S01006849,Solid fuel (for example wood coal) central heating,4,0,4,4,0,4,0,0,0,0,0,0
S01006849,Other central heating,7,2,5,5,0,5,1,1,0,1,1,0
S01006849,Two or more types of central heating,8,1,7,7,0,7,1,1,0,0,0,0
S01006850,All people in households,959,128,831,856,57,799,76,47,29,27,24,3
S01006850,No central heating,13,2,11,11,0,11,1,1,0,1,1,0
S01006850,Gas central heating,854,105,749,763,45,718,68,40,28,23,20,3
S01006850,Electric (including storage heaters) central heating,36,11,25,30,6,24,5,4,1,1,1,0
S01006850,Oil central heating,20,3,17,19,2,17,0,0,0,1,1,0
S01006850,Solid fuel (for example wood coal) central heating,0,0,0,0,0,0,0,0,0,0,0,0
S01006850,Other central heating,11,2,9,10,1,9,1,1,0,0,0,0
S01006850,Two or more types of central heating,25,5,20,23,3,20,1,1,0,1,1,0
S01006851,All people in households,805,158,647,660,45,615,116,84,32,29,29,0
S01006851,No central heating,16,4,12,11,0,11,4,3,1,1,1,0
S01006851,Gas central heating,653,125,528,531,29,502,97,71,26,25,25,0
S01006851,Electric (including storage heaters) central heating,104,22,82,90,12,78,13,9,4,1,1,0
S01006851,Oil central heating,15,3,12,14,2,12,1,1,0,0,0,0
S01006851,Solid fuel (for example wood coal) central heating,3,1,2,2,0,2,0,0,0,1,1,0
S01006851,Other central heating,1,1,0,1,1,0,0,0,0,0,0,0
S01006851,Two or more types of central heating,13,2,11,11,1,10,1,0,1,1,1,0
S01006852,All people in households,595,77,518,515,24,491,64,38,26,16,15,1
S01006852,No central heating,4,2,2,2,1,1,2,1,1,0,0,0
S01006852,Gas central heating,185,30,155,158,8,150,19,14,5,8,8,0
S01006852,Electric (including storage heaters) central heating,27,7,20,23,3,20,4,4,0,0,0,0
S01006852,Oil central heating,304,28,276,272,10,262,27,13,14,5,5,0
S01006852,Solid fuel (for example wood coal) central heating,15,2,13,12,0,12,3,2,1,0,0,0
S01006852,Other central heating,16,1,15,13,0,13,2,1,1,1,0,1
S01006852,Two or more types of central heating,44,7,37,35,2,33,7,3,4,2,2,0
S01006853,All people in households,842,65,777,787,31,756,38,18,20,17,16,1
S01006853,No central heating,26,4,22,21,0,21,2,1,1,3,3,0
S01006853,Gas central heating,225,10,215,209,3,206,13,4,9,3,3,0
S01006853,Electric (including storage heaters) central heating,47,5,42,42,4,38,5,1,4,0,0,0
S01006853,Oil central heating,448,33,415,429,19,410,11,7,4,8,7,1
S01006853,Solid fuel (for example wood coal) central heating,18,1,17,16,0,16,2,1,1,0,0,0
S01006853,Other central heating,39,5,34,35,2,33,3,2,1,1,1,0
S01006853,Two or more types of central heating,39,7,32,35,3,32,2,2,0,2,2,0
S01006854,All people in households,853,136,717,753,60,693,72,48,24,28,28,0
S01006854,No central heating,6,2,4,5,1,4,0,0,0,1,1,0
S01006854,Gas central heating,721,101,620,644,46,598,55,33,22,22,22,0
S01006854,Electric (including storage heaters) central heating,86,24,62,70,9,61,12,11,1,4,4,0
S01006854,Oil central heating,23,6,17,20,3,17,3,3,0,0,0,0
S01006854,Solid fuel (for example wood coal) central heating,2,1,1,0,0,0,2,1,1,0,0,0
S01006854,Other central heating,0,0,0,0,0,0,0,0,0,0,0,0
S01006854,Two or more types of central heating,15,2,13,14,1,13,0,0,0,1,1,0
S01006855,All people in households,790,93,697,722,44,678,53,34,19,15,15,0
S01006855,No central heating,25,3,22,25,3,22,0,0,0,0,0,0
S01006855,Gas central heating,86,11,75,73,3,70,10,5,5,3,3,0
S01006855,Electric (including storage heaters) central heating,51,10,41,44,5,39,6,4,2,1,1,0
S01006855,Oil central heating,506,54,452,472,29,443,26,17,9,8,8,0
S01006855,Solid fuel (for example wood coal) central heating,27,7,20,20,1,19,5,4,1,2,2,0
S01006855,Other central heating,49,2,47,48,2,46,1,0,1,0,0,0
S01006855,Two or more types of central heating,46,6,40,40,1,39,5,4,1,1,1,0
S01006856,All people in households,678,72,606,621,32,589,45,28,17,12,12,0
S01006856,No central heating,26,4,22,22,1,21,4,3,1,0,0,0
S01006856,Gas central heating,49,7,42,44,2,42,5,5,0,0,0,0
S01006856,Electric (including storage heaters) central heating,50,6,44,43,2,41,5,2,3,2,2,0
S01006856,Oil central heating,464,46,418,430,22,408,26,16,10,8,8,0
S01006856,Solid fuel (for example wood coal) central heating,32,5,27,26,2,24,4,1,3,2,2,0
S01006856,Other central heating,18,0,18,18,0,18,0,0,0,0,0,0
S01006856,Two or more types of central heating,39,4,35,38,3,35,1,1,0,0,0,0
S01006857,All people in households,997,112,885,914,52,862,70,49,21,13,11,2
S01006857,No central heating,53,4,49,49,2,47,4,2,2,0,0,0
S01006857,Gas central heating,175,17,158,161,9,152,11,6,5,3,2,1
S01006857,Electric (including storage heaters) central heating,85,24,61,63,6,57,21,17,4,1,1,0
S01006857,Oil central heating,577,53,524,542,27,515,26,18,8,9,8,1
S01006857,Solid fuel (for example wood coal) central heating,37,7,30,35,5,30,2,2,0,0,0,0
S01006857,Other central heating,25,3,22,22,1,21,3,2,1,0,0,0
S01006857,Two or more types of central heating,45,4,41,42,2,40,3,2,1,0,0,0
S01006858,All people in households,642,70,572,594,36,558,37,24,13,11,10,1
S01006858,No central heating,18,5,13,15,3,12,3,2,1,0,0,0
S01006858,Gas central heating,52,10,42,44,2,42,5,5,0,3,3,0
S01006858,Electric (including storage heaters) central heating,20,3,17,17,1,16,2,1,1,1,1,0
S01006858,Oil central heating,440,40,400,416,24,392,20,12,8,4,4,0
S01006858,Solid fuel (for example wood coal) central heating,26,4,22,22,1,21,2,2,0,2,1,1
S01006858,Other central heating,21,0,21,19,0,19,2,0,2,0,0,0
S01006858,Two or more types of central heating,65,8,57,61,5,56,3,2,1,1,1,0
S01006859,All people in households,1084,108,976,995,41,954,76,56,20,13,11,2
S01006859,No central heating,8,0,8,7,0,7,0,0,0,1,0,1
S01006859,Gas central heating,952,87,865,879,33,846,62,44,18,11,10,1
S01006859,Electric (including storage heaters) central heating,69,13,56,60,6,54,9,7,2,0,0,0
S01006859,Oil central heating,36,5,31,32,1,31,4,4,0,0,0,0
S01006859,Solid fuel (for example wood coal) central heating,4,1,3,3,0,3,0,0,0,1,1,0
S01006859,Other central heating,3,0,3,3,0,3,0,0,0,0,0,0
S01006859,Two or more types of central heating,12,2,10,11,1,10,1,1,0,0,0,0
S01006860,All people in households,542,119,423,442,33,409,73,59,14,27,27,0
S01006860,No central heating,5,1,4,5,1,4,0,0,0,0,0,0
S01006860,Gas central heating,333,63,270,277,13,264,41,35,6,15,15,0
S01006860,Electric (including storage heaters) central heating,166,43,123,128,12,116,28,21,7,10,10,0
S01006860,Oil central heating,25,8,17,22,6,16,2,1,1,1,1,0
S01006860,Solid fuel (for example wood coal) central heating,2,0,2,2,0,2,0,0,0,0,0,0
S01006860,Other central heating,0,0,0,0,0,0,0,0,0,0,0,0
S01006860,Two or more types of central heating,11,4,7,8,1,7,2,2,0,1,1,0
S01006861,All people in households,604,24,580,585,13,572,16,8,8,3,3,0
S01006861,No central heating,0,0,0,0,0,0,0,0,0,0,0,0
S01006861,Gas central heating,577,22,555,559,12,547,15,7,8,3,3,0
S01006861,Electric (including storage heaters) central heating,0,0,0,0,0,0,0,0,0,0,0,0
S01006861,Oil central heating,19,2,17,18,1,17,1,1,0,0,0,0
S01006861,Solid fuel (for example wood coal) central heating,0,0,0,0,0,0,0,0,0,0,0,0
S01006861,Other central heating,0,0,0,0,0,0,0,0,0,0,0,0
S01006861,Two or more types of central heating,8,0,8,8,0,8,0,0,0,0,0,0
S01006862,All people in households,681,113,568,605,56,549,58,39,19,18,18,0
S01006862,No central heating,1,0,1,1,0,1,0,0,0,0,0,0
S01006862,Gas central heating,574,94,480,514,45,469,44,33,11,16,16,0
S01006862,Electric (including storage heaters) central heating,77,16,61,65,10,55,11,5,6,1,1,0
S01006862,Oil central heating,17,1,16,15,0,15,1,0,1,1,1,0
S01006862,Solid fuel (for example wood coal) central heating,3,0,3,3,0,3,0,0,0,0,0,0
S01006862,Other central heating,0,0,0,0,0,0,0,0,0,0,0,0
S01006862,Two or more types of central heating,9,2,7,7,1,6,2,1,1,0,0,0
S01006863,All people in households,687,106,581,605,50,555,60,37,23,22,19,3
S01006863,No central heating,6,0,6,6,0,6,0,0,0,0,0,0
S01006863,Gas central heating,433,85,348,371,41,330,44,29,15,18,15,3
S01006863,Electric (including storage heaters) central heating,215,19,196,197,8,189,14,7,7,4,4,0
S01006863,Oil central heating,16,1,15,15,0,15,1,1,0,0,0,0
S01006863,Solid fuel (for example wood coal) central heating,4,0,4,4,0,4,0,0,0,0,0,0
S01006863,Other central heating,6,1,5,5,1,4,1,0,1,0,0,0
S01006863,Two or more types of central heating,7,0,7,7,0,7,0,0,0,0,0,0
S01006864,All people in households,447,40,407,418,20,398,23,14,9,6,6,0
S01006864,No central heating,0,0,0,0,0,0,0,0,0,0,0,0
S01006864,Gas central heating,357,27,330,335,13,322,18,10,8,4,4,0
S01006864,Electric (including storage heaters) central heating,18,5,13,17,4,13,1,1,0,0,0,0
S01006864,Oil central heating,7,3,4,5,1,4,1,1,0,1,1,0
S01006864,Solid fuel (for example wood coal) central heating,18,0,18,18,0,18,0,0,0,0,0,0
S01006864,Other central heating,35,4,31,32,2,30,3,2,1,0,0,0
S01006864,Two or more types of central heating,12,1,11,11,0,11,0,0,0,1,1,0
S01006865,All people in households,902,109,793,811,51,760,75,42,33,16,16,0
S01006865,No central heating,25,1,24,22,0,22,3,1,2,0,0,0
S01006865,Gas central heating,697,86,611,630,40,590,55,34,21,12,12,0
S01006865,Electric (including storage heaters) central heating,129,17,112,115,8,107,11,6,5,3,3,0
S01006865,Oil central heating,23,3,20,22,2,20,0,0,0,1,1,0
S01006865,Solid fuel (for example wood coal) central heating,4,0,4,3,0,3,1,0,1,0,0,0
S01006865,Other central heating,0,0,0,0,0,0,0,0,0,0,0,0
S01006865,Two or more types of central heating,24,2,22,19,1,18,5,1,4,0,0,0
S01006866,All people in households,549,75,474,498,41,457,42,25,17,9,9,0
S01006866,No central heating,2,2,0,0,0,0,1,1,0,1,1,0
S01006866,Gas central heating,518,66,452,475,40,435,35,18,17,8,8,0
S01006866,Electric (including storage heaters) central heating,7,2,5,5,0,5,2,2,0,0,0,0
S01006866,Oil central heating,21,4,17,17,0,17,4,4,0,0,0,0
S01006866,Solid fuel (for example wood coal) central heating,0,0,0,0,0,0,0,0,0,0,0,0
S01006866,Other central heating,0,0,0,0,0,0,0,0,0,0,0,0
S01006866,Two or more types of central heating,1,1,0,1,1,0,0,0,0,0,0,0
S01006867,All people in households,723,109,614,647,44,603,53,42,11,23,23,0
S01006867,No central heating,0,0,0,0,0,0,0,0,0,0,0,0
S01006867,Gas central heating,615,81,534,558,33,525,44,35,9,13,13,0
S01006867,Electric (including storage heaters) central heating,67,20,47,51,6,45,7,5,2,9,9,0
S01006867,Oil central heating,30,3,27,30,3,27,0,0,0,0,0,0
S01006867,Solid fuel (for example wood coal) central heating,1,0,1,1,0,1,0,0,0,0,0,0
S01006867,Other central heating,0,0,0,0,0,0,0,0,0,0,0,0
S01006867,Two or more types of central heating,10,5,5,7,2,5,2,2,0,1,1,0
S01006868,All people in households,879,135,744,765,55,710,81,49,32,33,31,2
S01006868,No central heating,1,0,1,1,0,1,0,0,0,0,0,0
S01006868,Gas central heating,666,78,588,592,31,561,54,29,25,20,18,2
S01006868,Electric (including storage heaters) central heating,93,34,59,70,14,56,14,11,3,9,9,0
S01006868,Oil central heating,81,17,64,68,7,61,10,7,3,3,3,0
S01006868,Solid fuel (for example wood coal) central heating,28,5,23,25,2,23,2,2,0,1,1,0
S01006868,Other central heating,4,0,4,4,0,4,0,0,0,0,0,0
S01006868,Two or more types of central heating,6,1,5,5,1,4,1,0,1,0,0,0
S01006869,All people in households,490,82,408,415,32,383,56,34,22,19,16,3
S01006869,No central heating,21,7,14,16,4,12,3,1,2,2,2,0
S01006869,Gas central heating,47,7,40,38,3,35,8,4,4,1,0,1
S01006869,Electric (including storage heaters) central heating,131,27,104,111,12,99,15,11,4,5,4,1
S01006869,Oil central heating,221,30,191,189,7,182,26,17,9,6,6,0
S01006869,Solid fuel (for example wood coal) central heating,26,5,21,21,2,19,2,1,1,3,2,1
S01006869,Other central heating,15,1,14,13,0,13,1,0,1,1,1,0
S01006869,Two or more types of central heating,29,5,24,27,4,23,1,0,1,1,1,0
S01006870,All people in households,483,73,410,426,25,401,43,34,9,14,14,0
S01006870,No central heating,13,1,12,11,0,11,2,1,1,0,0,0
S01006870,Gas central heating,23,0,23,22,0,22,1,0,1,0,0,0
S01006870,Electric (including storage heaters) central heating,136,36,100,108,12,96,22,18,4,6,6,0
S01006870,Oil central heating,273,31,242,251,12,239,15,12,3,7,7,0
S01006870,Solid fuel (for example wood coal) central heating,8,0,8,8,0,8,0,0,0,0,0,0
S01006870,Other central heating,5,2,3,4,1,3,1,1,0,0,0,0
S01006870,Two or more types of central heating,25,3,22,22,0,22,2,2,0,1,1,0
S01006871,All people in households,711,83,628,637,35,602,64,40,24,10,8,2
S01006871,No central heating,10,1,9,9,0,9,1,1,0,0,0,0
S01006871,Gas central heating,52,10,42,42,3,39,9,6,3,1,1,0
S01006871,Electric (including storage heaters) central heating,105,14,91,89,5,84,14,7,7,2,2,0
S01006871,Oil central heating,470,42,428,439,23,416,26,16,10,5,3,2
S01006871,Solid fuel (for example wood coal) central heating,15,5,10,9,1,8,5,3,2,1,1,0
S01006871,Other central heating,13,2,11,11,0,11,1,1,0,1,1,0
S01006871,Two or more types of central heating,46,9,37,38,3,35,8,6,2,0,0,0
S01006872,All people in households,714,69,645,659,28,631,52,38,14,3,3,0
S01006872,No central heating,26,2,24,23,0,23,3,2,1,0,0,0
S01006872,Gas central heating,202,18,184,189,6,183,11,10,1,2,2,0
S01006872,Electric (including storage heaters) central heating,55,11,44,46,4,42,9,7,2,0,0,0
S01006872,Oil central heating,341,30,311,317,16,301,23,13,10,1,1,0
S01006872,Solid fuel (for example wood coal) central heating,15,4,11,12,1,11,3,3,0,0,0,0
S01006872,Other central heating,22,1,21,22,1,21,0,0,0,0,0,0
S01006872,Two or more types of central heating,53,3,50,50,0,50,3,3,0,0,0,0
S01006873,All people in households,955,199,756,816,84,732,110,86,24,29,29,0
S01006873,No central heating,29,6,23,27,4,23,2,2,0,0,0,0
S01006873,Gas central heating,233,103,130,167,44,123,50,43,7,16,16,0
S01006873,Electric (including storage heaters) central heating,141,25,116,121,8,113,16,13,3,4,4,0
S01006873,Oil central heating,466,56,410,424,25,399,36,25,11,6,6,0
S01006873,Solid fuel (for example wood coal) central heating,31,6,25,26,3,23,3,1,2,2,2,0
S01006873,Other central heating,19,0,19,18,0,18,1,0,1,0,0,0
S01006873,Two or more types of central heating,36,3,33,33,0,33,2,2,0,1,1,0
S01006874,All people in households,566,61,505,518,27,491,37,23,14,11,11,0
S01006874,No central heating,38,8,30,33,4,29,2,1,1,3,3,0
S01006874,Gas central heating,46,8,38,40,3,37,3,2,1,3,3,0
S01006874,Electric (including storage heaters) central heating,46,15,31,35,5,30,8,7,1,3,3,0
S01006874,Oil central heating,351,20,331,331,10,321,19,9,10,1,1,0
S01006874,Solid fuel (for example wood coal) central heating,48,4,44,47,4,43,1,0,1,0,0,0
S01006874,Other central heating,10,0,10,10,0,10,0,0,0,0,0,0
S01006874,Two or more types of central heating,27,6,21,22,1,21,4,4,0,1,1,0
S01006875,All people in households,694,146,548,586,62,524,89,65,24,19,19,0
S01006875,No central heating,11,3,8,7,0,7,4,3,1,0,0,0
S01006875,Gas central heating,86,12,74,79,7,72,7,5,2,0,0,0
S01006875,Electric (including storage heaters) central heating,165,53,112,123,18,105,35,28,7,7,7,0
S01006875,Oil central heating,337,61,276,296,28,268,31,23,8,10,10,0
S01006875,Solid fuel (for example wood coal) central heating,48,7,41,39,3,36,7,2,5,2,2,0
S01006875,Other central heating,18,1,17,18,1,17,0,0,0,0,0,0
S01006875,Two or more types of central heating,29,9,20,24,5,19,5,4,1,0,0,0
S01006876,All people in households,992,154,838,878,54,824,82,68,14,32,32,0
S01006876,No central heating,24,0,24,24,0,24,0,0,0,0,0,0
S01006876,Gas central heating,52,13,39,42,3,39,7,7,0,3,3,0
S01006876,Electric (including storage heaters) central heating,222,57,165,180,20,160,29,24,5,13,13,0
S01006876,Oil central heating,561,71,490,508,26,482,41,33,8,12,12,0
S01006876,Solid fuel (for example wood coal) central heating,34,3,31,33,2,31,0,0,0,1,1,0
S01006876,Other central heating,39,4,35,35,0,35,1,1,0,3,3,0
S01006876,Two or more types of central heating,60,6,54,56,3,53,4,3,1,0,0,0
S01006877,All people in households,928,100,828,828,35,793,78,45,33,22,20,2
S01006877,No central heating,36,12,24,23,2,21,10,7,3,3,3,0
S01006877,Gas central heating,73,7,66,64,1,63,8,5,3,1,1,0
S01006877,Electric (including storage heaters) central heating,54,9,45,45,1,44,6,5,1,3,3,0
S01006877,Oil central heating,631,56,575,578,27,551,41,19,22,12,10,2
S01006877,Solid fuel (for example wood coal) central heating,49,7,42,40,1,39,7,4,3,2,2,0
S01006877,Other central heating,24,0,24,23,0,23,1,0,1,0,0,0
S01006877,Two or more types of central heating,61,9,52,55,3,52,5,5,0,1,1,0
S01006878,All people in households,704,130,574,597,52,545,81,52,29,26,26,0
S01006878,No central heating,16,1,15,16,1,15,0,0,0,0,0,0
S01006878,Gas central heating,58,7,51,52,4,48,6,3,3,0,0,0
S01006878,Electric (including storage heaters) central heating,72,18,54,55,6,49,13,8,5,4,4,0
S01006878,Oil central heating,447,80,367,381,30,351,50,34,16,16,16,0
S01006878,Solid fuel (for example wood coal) central heating,44,11,33,32,4,28,10,5,5,2,2,0
S01006878,Other central heating,7,0,7,7,0,7,0,0,0,0,0,0
S01006878,Two or more types of central heating,60,13,47,54,7,47,2,2,0,4,4,0
S01006879,All people in households,740,103,637,658,43,615,69,48,21,13,12,1
S01006879,No central heating,37,6,31,31,1,30,6,5,1,0,0,0
S01006879,Gas central heating,71,8,63,65,3,62,5,4,1,1,1,0
S01006879,Electric (including storage heaters) central heating,65,5,60,62,3,59,3,2,1,0,0,0
S01006879,Oil central heating,404,52,352,358,21,337,36,22,14,10,9,1
S01006879,Solid fuel (for example wood coal) central heating,64,11,53,55,5,50,8,5,3,1,1,0
S01006879,Other central heating,24,4,20,21,2,19,3,2,1,0,0,0
S01006879,Two or more types of central heating,75,17,58,66,8,58,8,8,0,1,1,0
S01006880,All people in households,600,64,536,558,32,526,33,24,9,9,8,1
S01006880,No central heating,2,0,2,2,0,2,0,0,0,0,0,0
S01006880,Gas central heating,144,11,133,138,6,132,5,4,1,1,1,0
S01006880,Electric (including storage heaters) central heating,85,13,72,74,3,71,10,9,1,1,1,0
S01006880,Oil central heating,299,35,264,274,18,256,18,11,7,7,6,1
S01006880,Solid fuel (for example wood coal) central heating,5,2,3,5,2,3,0,0,0,0,0,0
S01006880,Other central heating,45,2,43,45,2,43,0,0,0,0,0,0
S01006880,Two or more types of central heating,20,1,19,20,1,19,0,0,0,0,0,0
S01006881,All people in households,578,79,499,508,27,481,60,42,18,10,10,0
S01006881,No central heating,19,5,14,11,0,11,6,3,3,2,2,0
S01006881,Gas central heating,58,6,52,52,2,50,3,1,2,3,3,0
S01006881,Electric (including storage heaters) central heating,41,11,30,29,2,27,11,8,3,1,1,0
S01006881,Oil central heating,411,53,358,372,23,349,35,26,9,4,4,0
S01006881,Solid fuel (for example wood coal) central heating,22,2,20,20,0,20,2,2,0,0,0,0
S01006881,Other central heating,4,1,3,3,0,3,1,1,0,0,0,0
S01006881,Two or more types of central heating,23,1,22,21,0,21,2,1,1,0,0,0
S01006882,All people in households,398,95,303,321,29,292,64,53,11,13,13,0
S01006882,No central heating,3,2,1,1,0,1,1,1,0,1,1,0
S01006882,Gas central heating,10,0,10,10,0,10,0,0,0,0,0,0
S01006882,Electric (including storage heaters) central heating,230,55,175,188,18,170,35,30,5,7,7,0
S01006882,Oil central heating,130,32,98,106,11,95,20,17,3,4,4,0
S01006882,Solid fuel (for example wood coal) central heating,22,5,17,15,0,15,6,4,2,1,1,0
S01006882,Other central heating,0,0,0,0,0,0,0,0,0,0,0,0
S01006882,Two or more types of central heating,3,1,2,1,0,1,2,1,1,0,0,0
S01006883,All people in households,458,77,381,394,28,366,47,32,15,17,17,0
S01006883,No central heating,10,1,9,9,0,9,1,1,0,0,0,0
S01006883,Gas central heating,12,4,8,9,1,8,1,1,0,2,2,0
S01006883,Electric (including storage heaters) central heating,124,17,107,107,6,101,14,8,6,3,3,0
S01006883,Oil central heating,276,45,231,244,19,225,25,19,6,7,7,0
S01006883,Solid fuel (for example wood coal) central heating,0,0,0,0,0,0,0,0,0,0,0,0
S01006883,Other central heating,29,9,20,18,1,17,6,3,3,5,5,0
S01006883,Two or more types of central heating,7,1,6,7,1,6,0,0,0,0,0,0
S01006884,All people in households,888,150,738,767,57,710,89,63,26,32,30,2
S01006884,No central heating,0,0,0,0,0,0,0,0,0,0,0,0
S01006884,Gas central heating,19,5,14,16,3,13,2,1,1,1,1,0
S01006884,Electric (including storage heaters) central heating,351,69,282,297,24,273,40,32,8,14,13,1
S01006884,Oil central heating,454,66,388,399,25,374,39,26,13,16,15,1
S01006884,Solid fuel (for example wood coal) central heating,36,3,33,33,2,31,3,1,2,0,0,0
S01006884,Other central heating,13,2,11,11,0,11,2,2,0,0,0,0
S01006884,Two or more types of central heating,15,5,10,11,3,8,3,1,2,1,1,0
S01006885,All people in households,518,76,442,452,32,420,60,39,21,6,5,1
S01006885,No central heating,4,2,2,2,0,2,2,2,0,0,0,0
S01006885,Gas central heating,28,5,23,25,2,23,3,3,0,0,0,0
S01006885,Electric (including storage heaters) central heating,97,22,75,77,10,67,18,10,8,2,2,0
S01006885,Oil central heating,348,38,310,316,15,301,28,20,8,4,3,1
S01006885,Solid fuel (for example wood coal) central heating,10,3,7,6,1,5,4,2,2,0,0,0
S01006885,Other central heating,5,0,5,5,0,5,0,0,0,0,0,0
S01006885,Two or more types of central heating,26,6,20,21,4,17,5,2,3,0,0,0
S01006886,All people in households,733,100,633,656,44,612,60,39,21,17,17,0
S01006886,No central heating,29,5,24,25,1,24,3,3,0,1,1,0
S01006886,Gas central heating,56,12,44,47,6,41,7,4,3,2,2,0
S01006886,Electric (including storage heaters) central heating,151,35,116,124,15,109,19,12,7,8,8,0
S01006886,Oil central heating,389,37,352,367,19,348,17,13,4,5,5,0
S01006886,Solid fuel (for example wood coal) central heating,34,4,30,26,1,25,8,3,5,0,0,0
S01006886,Other central heating,24,2,22,23,1,22,1,1,0,0,0,0
S01006886,Two or more types of central heating,50,5,45,44,1,43,5,3,2,1,1,0
S01006887,All people in households,587,61,526,543,31,512,37,23,14,7,7,0
S01006887,No central heating,1,0,1,1,0,1,0,0,0,0,0,0
S01006887,Gas central heating,22,2,20,20,1,19,1,0,1,1,1,0
S01006887,Electric (including storage heaters) central heating,43,11,32,39,7,32,4,4,0,0,0,0
S01006887,Oil central heating,469,41,428,437,20,417,28,17,11,4,4,0
S01006887,Solid fuel (for example wood coal) central heating,7,2,5,4,0,4,2,1,1,1,1,0
S01006887,Other central heating,7,0,7,7,0,7,0,0,0,0,0,0
S01006887,Two or more types of central heating,38,5,33,35,3,32,2,1,1,1,1,0
S01006888,All people in households,800,106,694,718,42,676,57,39,18,25,25,0
S01006888,No central heating,17,3,14,13,1,12,4,2,2,0,0,0
S01006888,Gas central heating,47,6,41,43,3,40,3,2,1,1,1,0
S01006888,Electric (including storage heaters) central heating,116,19,97,100,6,94,12,9,3,4,4,0
S01006888,Oil central heating,503,65,438,456,27,429,31,22,9,16,16,0
S01006888,Solid fuel (for example wood coal) central heating,35,5,30,29,1,28,4,2,2,2,2,0
S01006888,Other central heating,30,4,26,28,2,26,0,0,0,2,2,0
S01006888,Two or more types of central heating,52,4,48,49,2,47,3,2,1,0,0,0
S01006889,All people in households,826,143,683,700,49,651,94,63,31,32,31,1
S01006889,No central heating,7,1,6,5,0,5,2,1,1,0,0,0
S01006889,Gas central heating,575,90,485,498,35,463,56,35,21,21,20,1
S01006889,Electric (including storage heaters) central heating,191,37,154,157,12,145,27,18,9,7,7,0
S01006889,Oil central heating,23,7,16,17,1,16,3,3,0,3,3,0
S01006889,Solid fuel (for example wood coal) central heating,3,1,2,2,0,2,1,1,0,0,0,0
S01006889,Other central heating,1,1,0,0,0,0,0,0,0,1,1,0
S01006889,Two or more types of central heating,26,6,20,21,1,20,5,5,0,0,0,0
S01006890,All people in households,665,74,591,610,34,576,42,27,15,13,13,0
S01006890,No central heating,5,2,3,3,0,3,1,1,0,1,1,0
S01006890,Gas central heating,585,59,526,544,29,515,32,21,11,9,9,0
S01006890,Electric (including storage heaters) central heating,25,1,24,24,1,23,1,0,1,0,0,0
S01006890,Oil central heating,35,8,27,28,3,25,6,4,2,1,1,0
S01006890,Solid fuel (for example wood coal) central heating,0,0,0,0,0,0,0,0,0,0,0,0
S01006890,Other central heating,5,2,3,4,1,3,0,0,0,1,1,0
S01006890,Two or more types of central heating,10,2,8,7,0,7,2,1,1,1,1,0
S01006891,All people in households,913,152,761,791,55,736,102,78,24,20,19,1
S01006891,No central heating,6,0,6,6,0,6,0,0,0,0,0,0
S01006891,Gas central heating,668,84,584,596,31,565,57,39,18,15,14,1
S01006891,Electric (including storage heaters) central heating,92,25,67,74,11,63,17,13,4,1,1,0
S01006891,Oil central heating,104,34,70,78,10,68,22,20,2,4,4,0
S01006891,Solid fuel (for example wood coal) central heating,10,3,7,8,1,7,2,2,0,0,0,0
S01006891,Other central heating,1,1,0,0,0,0,1,1,0,0,0,0
S01006891,Two or more types of central heating,32,5,27,29,2,27,3,3,0,0,0,0
S01006892,All people in households,612,121,491,511,39,472,67,50,17,34,32,2
S01006892,No central heating,0,0,0,0,0,0,0,0,0,0,0,0
S01006892,Gas central heating,456,81,375,389,27,362,46,34,12,21,20,1
S01006892,Electric (including storage heaters) central heating,129,38,91,97,12,85,20,15,5,12,11,1
S01006892,Oil central heating,13,0,13,13,0,13,0,0,0,0,0,0
S01006892,Solid fuel (for example wood coal) central heating,3,1,2,2,0,2,1,1,0,0,0,0
S01006892,Other central heating,0,0,0,0,0,0,0,0,0,0,0,0
S01006892,Two or more types of central heating,11,1,10,10,0,10,0,0,0,1,1,0
S01006893,All people in households,543,69,474,477,25,452,53,32,21,13,12,1
S01006893,No central heating,22,2,20,19,0,19,2,1,1,1,1,0
S01006893,Gas central heating,384,43,341,345,18,327,33,20,13,6,5,1
S01006893,Electric (including storage heaters) central heating,101,20,81,82,7,75,15,9,6,4,4,0
S01006893,Oil central heating,28,2,26,25,0,25,2,1,1,1,1,0
S01006893,Solid fuel (for example wood coal) central heating,2,0,2,2,0,2,0,0,0,0,0,0
S01006893,Other central heating,0,0,0,0,0,0,0,0,0,0,0,0
S01006893,Two or more types of central heating,6,2,4,4,0,4,1,1,0,1,1,0
S01006894,All people in households,934,164,770,794,64,730,107,70,37,33,30,3
S01006894,No central heating,0,0,0,0,0,0,0,0,0,0,0,0
S01006894,Gas central heating,799,106,693,716,52,664,68,41,27,15,13,2
S01006894,Electric (including storage heaters) central heating,107,55,52,52,10,42,38,29,9,17,16,1
S01006894,Oil central heating,17,2,15,16,2,14,1,0,1,0,0,0
S01006894,Solid fuel (for example wood coal) central heating,2,0,2,2,0,2,0,0,0,0,0,0
S01006894,Other central heating,5,0,5,5,0,5,0,0,0,0,0,0
S01006894,Two or more types of central heating,4,1,3,3,0,3,0,0,0,1,1,0
S01006895,All people in households,534,85,449,455,29,426,62,40,22,17,16,1
S01006895,No central heating,11,3,8,7,0,7,3,2,1,1,1,0
S01006895,Gas central heating,380,58,322,327,20,307,45,31,14,8,7,1
S01006895,Electric (including storage heaters) central heating,123,21,102,103,8,95,13,6,7,7,7,0
S01006895,Oil central heating,4,1,3,3,0,3,0,0,0,1,1,0
S01006895,Solid fuel (for example wood coal) central heating,2,1,1,1,0,1,1,1,0,0,0,0
S01006895,Other central heating,0,0,0,0,0,0,0,0,0,0,0,0
S01006895,Two or more types of central heating,14,1,13,14,1,13,0,0,0,0,0,0
S01006896,All people in households,768,127,641,674,58,616,71,49,22,23,20,3
S01006896,No central heating,3,0,3,3,0,3,0,0,0,0,0,0
S01006896,Gas central heating,661,107,554,583,51,532,63,44,19,15,12,3
S01006896,Electric (including storage heaters) central heating,68,10,58,61,3,58,2,2,0,5,5,0
S01006896,Oil central heating,15,7,8,10,3,7,3,2,1,2,2,0
S01006896,Solid fuel (for example wood coal) central heating,2,0,2,1,0,1,1,0,1,0,0,0
S01006896,Other central heating,2,1,1,2,1,1,0,0,0,0,0,0
S01006896,Two or more types of central heating,17,2,15,14,0,14,2,1,1,1,1,0
S01006897,All people in households,708,81,627,645,37,608,49,30,19,14,14,0
S01006897,No central heating,2,0,2,2,0,2,0,0,0,0,0,0
S01006897,Gas central heating,643,68,575,588,31,557,45,27,18,10,10,0
S01006897,Electric (including storage heaters) central heating,29,10,19,23,5,18,4,3,1,2,2,0
S01006897,Oil central heating,11,0,11,11,0,11,0,0,0,0,0,0
S01006897,Solid fuel (for example wood coal) central heating,0,0,0,0,0,0,0,0,0,0,0,0
S01006897,Other central heating,3,0,3,3,0,3,0,0,0,0,0,0
S01006897,Two or more types of central heating,20,3,17,18,1,17,0,0,0,2,2,0
S01006898,All people in households,751,112,639,648,39,609,81,52,29,22,21,1
S01006898,No central heating,2,1,1,1,0,1,1,1,0,0,0,0
S01006898,Gas central heating,670,98,572,582,36,546,68,43,25,20,19,1
S01006898,Electric (including storage heaters) central heating,57,9,48,48,2,46,7,5,2,2,2,0
S01006898,Oil central heating,3,0,3,3,0,3,0,0,0,0,0,0
S01006898,Solid fuel (for example wood coal) central heating,0,0,0,0,0,0,0,0,0,0,0,0
S01006898,Other central heating,2,0,2,2,0,2,0,0,0,0,0,0
S01006898,Two or more types of central heating,17,4,13,12,1,11,5,3,2,0,0,0
S01006899,All people in households,609,53,556,557,20,537,40,22,18,12,11,1
S01006899,No central heating,7,2,5,6,1,5,0,0,0,1,1,0
S01006899,Gas central heating,579,49,530,530,17,513,38,22,16,11,10,1
S01006899,Electric (including storage heaters) central heating,20,1,19,18,1,17,2,0,2,0,0,0
S01006899,Oil central heating,0,0,0,0,0,0,0,0,0,0,0,0
S01006899,Solid fuel (for example wood coal) central heating,0,0,0,0,0,0,0,0,0,0,0,0
S01006899,Other central heating,0,0,0,0,0,0,0,0,0,0,0,0
S01006899,Two or more types of central heating,3,1,2,3,1,2,0,0,0,0,0,0
S01006900,All people in households,579,67,512,522,21,501,49,38,11,8,8,0
S01006900,No central heating,0,0,0,0,0,0,0,0,0,0,0,0
S01006900,Gas central heating,451,57,394,405,20,385,39,30,9,7,7,0
S01006900,Electric (including storage heaters) central heating,97,9,88,88,1,87,8,7,1,1,1,0
S01006900,Oil central heating,25,1,24,23,0,23,2,1,1,0,0,0
S01006900,Solid fuel (for example wood coal) central heating,0,0,0,0,0,0,0,0,0,0,0,0
S01006900,Other central heating,0,0,0,0,0,0,0,0,0,0,0,0
S01006900,Two or more types of central heating,6,0,6,6,0,6,0,0,0,0,0,0
S01006901,All people in households,595,100,495,498,37,461,76,45,31,21,18,3
S01006901,No central heating,1,0,1,1,0,1,0,0,0,0,0,0
S01006901,Gas central heating,378,68,310,313,22,291,50,32,18,15,14,1
S01006901,Electric (including storage heaters) central heating,190,30,160,162,13,149,22,13,9,6,4,2
S01006901,Oil central heating,14,2,12,14,2,12,0,0,0,0,0,0
S01006901,Solid fuel (for example wood coal) central heating,4,0,4,0,0,0,4,0,4,0,0,0
S01006901,Other central heating,3,0,3,3,0,3,0,0,0,0,0,0
S01006901,Two or more types of central heating,5,0,5,5,0,5,0,0,0,0,0,0
S01006902,All people in households,693,103,590,605,49,556,67,36,31,21,18,3
S01006902,No central heating,9,0,9,9,0,9,0,0,0,0,0,0
S01006902,Gas central heating,399,56,343,354,25,329,35,23,12,10,8,2
S01006902,Electric (including storage heaters) central heating,264,42,222,225,22,203,29,11,18,10,9,1
S01006902,Oil central heating,15,5,10,11,2,9,3,2,1,1,1,0
S01006902,Solid fuel (for example wood coal) central heating,0,0,0,0,0,0,0,0,0,0,0,0
S01006902,Other central heating,0,0,0,0,0,0,0,0,0,0,0,0
S01006902,Two or more types of central heating,6,0,6,6,0,6,0,0,0,0,0,0
S01006903,All people in households,778,120,658,672,49,623,80,47,33,26,24,2
S01006903,No central heating,24,2,22,19,0,19,5,2,3,0,0,0
S01006903,Gas central heating,485,71,414,424,27,397,43,28,15,18,16,2
S01006903,Electric (including storage heaters) central heating,215,34,181,185,18,167,25,11,14,5,5,0
S01006903,Oil central heating,33,6,27,29,3,26,2,1,1,2,2,0
S01006903,Solid fuel (for example wood coal) central heating,15,3,12,12,0,12,2,2,0,1,1,0
S01006903,Other central heating,0,0,0,0,0,0,0,0,0,0,0,0
S01006903,Two or more types of central heating,6,4,2,3,1,2,3,3,0,0,0,0
S01006904,All people in households,694,118,576,594,41,553,73,50,23,27,27,0
S01006904,No central heating,1,1,0,0,0,0,1,1,0,0,0,0
S01006904,Gas central heating,461,69,392,401,24,377,39,24,15,21,21,0
S01006904,Electric (including storage heaters) central heating,198,43,155,161,14,147,31,23,8,6,6,0
S01006904,Oil central heating,11,0,11,11,0,11,0,0,0,0,0,0
S01006904,Solid fuel (for example wood coal) central heating,0,0,0,0,0,0,0,0,0,0,0,0
S01006904,Other central heating,5,0,5,5,0,5,0,0,0,0,0,0
S01006904,Two or more types of central heating,18,5,13,16,3,13,2,2,0,0,0,0
S01006905,All people in households,878,155,723,740,50,690,100,69,31,38,36,2
S01006905,No central heating,10,1,9,9,0,9,1,1,0,0,0,0
S01006905,Gas central heating,779,128,651,665,44,621,84,56,28,30,28,2
S01006905,Electric (including storage heaters) central heating,50,13,37,37,2,35,7,5,2,6,6,0
S01006905,Oil central heating,15,6,9,11,2,9,3,3,0,1,1,0
S01006905,Solid fuel (for example wood coal) central heating,4,3,1,0,0,0,4,3,1,0,0,0
S01006905,Other central heating,1,1,0,0,0,0,0,0,0,1,1,0
S01006905,Two or more types of central heating,19,3,16,18,2,16,1,1,0,0,0,0
S01006906,All people in households,843,225,618,651,72,579,145,107,38,47,46,1
S01006906,No central heating,4,2,2,3,1,2,1,1,0,0,0,0
S01006906,Gas central heating,644,162,482,500,47,453,116,87,29,28,28,0
S01006906,Electric (including storage heaters) central heating,168,58,110,123,21,102,26,19,7,19,18,1
S01006906,Oil central heating,3,1,2,3,1,2,0,0,0,0,0,0
S01006906,Solid fuel (for example wood coal) central heating,8,1,7,7,1,6,1,0,1,0,0,0
S01006906,Other central heating,1,0,1,1,0,1,0,0,0,0,0,0
S01006906,Two or more types of central heating,15,1,14,14,1,13,1,0,1,0,0,0
S01006907,All people in households,594,100,494,506,35,471,72,49,23,16,16,0
S01006907,No central heating,13,3,10,11,2,9,2,1,1,0,0,0
S01006907,Gas central heating,438,67,371,377,23,354,52,35,17,9,9,0
S01006907,Electric (including storage heaters) central heating,88,24,64,70,7,63,12,11,1,6,6,0
S01006907,Oil central heating,18,2,16,16,1,15,1,0,1,1,1,0
S01006907,Solid fuel (for example wood coal) central heating,3,1,2,3,1,2,0,0,0,0,0,0
S01006907,Other central heating,6,1,5,6,1,5,0,0,0,0,0,0
S01006907,Two or more types of central heating,28,2,26,23,0,23,5,2,3,0,0,0
S01006908,All people in households,803,155,648,647,45,602,122,76,46,34,34,0
S01006908,No central heating,2,0,2,2,0,2,0,0,0,0,0,0
S01006908,Gas central heating,621,112,509,509,33,476,85,52,33,27,27,0
S01006908,Electric (including storage heaters) central heating,142,35,107,109,10,99,26,18,8,7,7,0
S01006908,Oil central heating,6,3,3,4,1,3,2,2,0,0,0,0
S01006908,Solid fuel (for example wood coal) central heating,0,0,0,0,0,0,0,0,0,0,0,0
S01006908,Other central heating,0,0,0,0,0,0,0,0,0,0,0,0
S01006908,Two or more types of central heating,32,5,27,23,1,22,9,4,5,0,0,0
S01006909,All people in households,768,53,715,732,25,707,32,24,8,4,4,0
S01006909,No central heating,3,0,3,3,0,3,0,0,0,0,0,0
S01006909,Gas central heating,645,35,610,617,15,602,24,16,8,4,4,0
S01006909,Electric (including storage heaters) central heating,5,2,3,3,0,3,2,2,0,0,0,0
S01006909,Oil central heating,66,10,56,62,6,56,4,4,0,0,0,0
S01006909,Solid fuel (for example wood coal) central heating,0,0,0,0,0,0,0,0,0,0,0,0
S01006909,Other central heating,1,0,1,1,0,1,0,0,0,0,0,0
S01006909,Two or more types of central heating,48,6,42,46,4,42,2,2,0,0,0,0
S01006910,All people in households,852,90,762,798,48,750,40,28,12,14,14,0
S01006910,No central heating,24,2,22,20,0,20,2,0,2,2,2,0
S01006910,Gas central heating,233,21,212,221,12,209,7,4,3,5,5,0
S01006910,Electric (including storage heaters) central heating,46,10,36,39,3,36,5,5,0,2,2,0
S01006910,Oil central heating,453,43,410,429,23,406,19,15,4,5,5,0
S01006910,Solid fuel (for example wood coal) central heating,15,2,13,14,2,12,1,0,1,0,0,0
S01006910,Other central heating,29,4,25,28,3,25,1,1,0,0,0,0
S01006910,Two or more types of central heating,52,8,44,47,5,42,5,3,2,0,0,0
S01006911,All people in households,671,36,635,643,18,625,25,15,10,3,3,0
S01006911,No central heating,0,0,0,0,0,0,0,0,0,0,0,0
S01006911,Gas central heating,643,30,613,621,17,604,19,10,9,3,3,0
S01006911,Electric (including storage heaters) central heating,15,3,12,12,0,12,3,3,0,0,0,0
S01006911,Oil central heating,2,0,2,2,0,2,0,0,0,0,0,0
S01006911,Solid fuel (for example wood coal) central heating,0,0,0,0,0,0,0,0,0,0,0,0
S01006911,Other central heating,4,2,2,1,0,1,3,2,1,0,0,0
S01006911,Two or more types of central heating,7,1,6,7,1,6,0,0,0,0,0,0
S01006912,All people in households,423,58,365,381,26,355,36,26,10,6,6,0
S01006912,No central heating,23,2,21,22,1,21,1,1,0,0,0,0
S01006912,Gas central heating,75,17,58,67,10,57,6,5,1,2,2,0
S01006912,Electric (including storage heaters) central heating,48,6,42,45,4,41,3,2,1,0,0,0
S01006912,Oil central heating,202,26,176,181,9,172,18,14,4,3,3,0
S01006912,Solid fuel (for example wood coal) central heating,24,1,23,20,0,20,4,1,3,0,0,0
S01006912,Other central heating,11,1,10,11,1,10,0,0,0,0,0,0
S01006912,Two or more types of central heating,40,5,35,35,1,34,4,3,1,1,1,0
S01006913,All people in households,546,29,517,523,14,509,18,10,8,5,5,0
S01006913,No central heating,2,2,0,0,0,0,1,1,0,1,1,0
S01006913,Gas central heating,416,19,397,401,8,393,13,9,4,2,2,0
S01006913,Electric (including storage heaters) central heating,17,1,16,14,1,13,3,0,3,0,0,0
S01006913,Oil central heating,90,7,83,87,5,82,1,0,1,2,2,0
S01006913,Solid fuel (for example wood coal) central heating,3,0,3,3,0,3,0,0,0,0,0,0
S01006913,Other central heating,3,0,3,3,0,3,0,0,0,0,0,0
S01006913,Two or more types of central heating,15,0,15,15,0,15,0,0,0,0,0,0
S01006914,All people in households,743,80,663,686,38,648,45,31,14,12,11,1
S01006914,No central heating,17,0,17,17,0,17,0,0,0,0,0,0
S01006914,Gas central heating,62,16,46,53,8,45,6,5,1,3,3,0
S01006914,Electric (including storage heaters) central heating,74,6,68,68,3,65,6,3,3,0,0,0
S01006914,Oil central heating,512,48,464,475,22,453,30,20,10,7,6,1
S01006914,Solid fuel (for example wood coal) central heating,30,6,24,27,3,24,1,1,0,2,2,0
S01006914,Other central heating,9,1,8,8,0,8,1,1,0,0,0,0
S01006914,Two or more types of central heating,39,3,36,38,2,36,1,1,0,0,0,0
S01006915,All people in households,826,96,730,749,39,710,60,40,20,17,17,0
S01006915,No central heating,16,4,12,12,1,11,2,1,1,2,2,0
S01006915,Gas central heating,95,17,78,80,7,73,10,5,5,5,5,0
S01006915,Electric (including storage heaters) central heating,35,6,29,29,3,26,6,3,3,0,0,0
S01006915,Oil central heating,602,57,545,565,25,540,28,23,5,9,9,0
S01006915,Solid fuel (for example wood coal) central heating,26,2,24,21,0,21,5,2,3,0,0,0
S01006915,Other central heating,20,3,17,18,1,17,1,1,0,1,1,0
S01006915,Two or more types of central heating,32,7,25,24,2,22,8,5,3,0,0,0
S01006916,All people in households,562,46,516,529,20,509,24,17,7,9,9,0
S01006916,No central heating,0,0,0,0,0,0,0,0,0,0,0,0
S01006916,Gas central heating,523,44,479,491,19,472,24,17,7,8,8,0
S01006916,Electric (including storage heaters) central heating,2,1,1,1,0,1,0,0,0,1,1,0
S01006916,Oil central heating,10,0,10,10,0,10,0,0,0,0,0,0
S01006916,Solid fuel (for example wood coal) central heating,0,0,0,0,0,0,0,0,0,0,0,0
S01006916,Other central heating,0,0,0,0,0,0,0,0,0,0,0,0
S01006916,Two or more types of central heating,27,1,26,27,1,26,0,0,0,0,0,0
S01006917,All people in households,996,50,946,966,27,939,23,16,7,7,7,0
S01006917,No central heating,0,0,0,0,0,0,0,0,0,0,0,0
S01006917,Gas central heating,948,45,903,919,23,896,22,15,7,7,7,0
S01006917,Electric (including storage heaters) central heating,7,0,7,7,0,7,0,0,0,0,0,0
S01006917,Oil central heating,27,4,23,26,3,23,1,1,0,0,0,0
S01006917,Solid fuel (for example wood coal) central heating,5,1,4,5,1,4,0,0,0,0,0,0
S01006917,Other central heating,4,0,4,4,0,4,0,0,0,0,0,0
S01006917,Two or more types of central heating,5,0,5,5,0,5,0,0,0,0,0,0
S01006918,All people in households,493,51,442,443,18,425,39,23,16,11,10,1
S01006918,No central heating,2,2,0,2,2,0,0,0,0,0,0,0
S01006918,Gas central heating,408,41,367,371,15,356,30,20,10,7,6,1
S01006918,Electric (including storage heaters) central heating,12,2,10,9,0,9,1,0,1,2,2,0
S01006918,Oil central heating,60,5,55,53,1,52,5,2,3,2,2,0
S01006918,Solid fuel (for example wood coal) central heating,2,1,1,0,0,0,2,1,1,0,0,0
S01006918,Other central heating,0,0,0,0,0,0,0,0,0,0,0,0
S01006918,Two or more types of central heating,9,0,9,8,0,8,1,0,1,0,0,0
S01006919,All people in households,485,55,430,441,27,414,34,22,12,10,6,4
S01006919,No central heating,14,1,13,12,0,12,2,1,1,0,0,0
S01006919,Gas central heating,381,44,337,346,22,324,27,17,10,8,5,3
S01006919,Electric (including storage heaters) central heating,31,5,26,26,2,24,4,3,1,1,0,1
S01006919,Oil central heating,39,4,35,37,2,35,1,1,0,1,1,0
S01006919,Solid fuel (for example wood coal) central heating,9,1,8,9,1,8,0,0,0,0,0,0
S01006919,Other central heating,0,0,0,0,0,0,0,0,0,0,0,0
S01006919,Two or more types of central heating,11,0,11,11,0,11,0,0,0,0,0,0
S01006920,All people in households,502,77,425,429,21,408,58,41,17,15,15,0
S01006920,No central heating,7,2,5,4,1,3,3,1,2,0,0,0
S01006920,Gas central heating,426,59,367,370,16,354,44,31,13,12,12,0
S01006920,Electric (including storage heaters) central heating,36,12,24,25,2,23,9,8,1,2,2,0
S01006920,Oil central heating,14,0,14,13,0,13,1,0,1,0,0,0
S01006920,Solid fuel (for example wood coal) central heating,6,1,5,5,0,5,0,0,0,1,1,0
S01006920,Other central heating,0,0,0,0,0,0,0,0,0,0,0,0
S01006920,Two or more types of central heating,13,3,10,12,2,10,1,1,0,0,0,0
S01006921,All people in households,829,48,781,796,26,770,26,15,11,7,7,0
S01006921,No central heating,9,0,9,9,0,9,0,0,0,0,0,0
S01006921,Gas central heating,771,40,731,743,22,721,22,12,10,6,6,0
S01006921,Electric (including storage heaters) central heating,17,1,16,15,0,15,2,1,1,0,0,0
S01006921,Oil central heating,9,4,5,8,3,5,1,1,0,0,0,0
S01006921,Solid fuel (for example wood coal) central heating,2,2,0,1,1,0,0,0,0,1,1,0
S01006921,Other central heating,0,0,0,0,0,0,0,0,0,0,0,0
S01006921,Two or more types of central heating,21,1,20,20,0,20,1,1,0,0,0,0
S01006922,All people in households,506,52,454,464,20,444,31,21,10,11,11,0
S01006922,No central heating,6,0,6,5,0,5,1,0,1,0,0,0
S01006922,Gas central heating,148,19,129,138,11,127,5,3,2,5,5,0
S01006922,Electric (including storage heaters) central heating,40,2,38,39,1,38,1,1,0,0,0,0
S01006922,Oil central heating,268,27,241,242,7,235,20,14,6,6,6,0
S01006922,Solid fuel (for example wood coal) central heating,8,0,8,8,0,8,0,0,0,0,0,0
S01006922,Other central heating,20,3,17,16,0,16,4,3,1,0,0,0
S01006922,Two or more types of central heating,16,1,15,16,1,15,0,0,0,0,0,0
S01006923,All people in households,775,129,646,669,53,616,86,59,27,20,17,3
S01006923,No central heating,0,0,0,0,0,0,0,0,0,0,0,0
S01006923,Gas central heating,500,90,410,436,41,395,54,41,13,10,8,2
S01006923,Electric (including storage heaters) central heating,37,9,28,24,1,23,9,4,5,4,4,0
S01006923,Oil central heating,197,24,173,174,9,165,19,12,7,4,3,1
S01006923,Solid fuel (for example wood coal) central heating,7,1,6,6,1,5,1,0,1,0,0,0
S01006923,Other central heating,10,1,9,9,1,8,1,0,1,0,0,0
S01006923,Two or more types of central heating,24,4,20,20,0,20,2,2,0,2,2,0
S01006924,All people in households,556,49,507,520,27,493,29,15,14,7,7,0
S01006924,No central heating,9,3,6,8,2,6,1,1,0,0,0,0
S01006924,Gas central heating,64,6,58,56,3,53,7,2,5,1,1,0
S01006924,Electric (including storage heaters) central heating,37,6,31,34,4,30,3,2,1,0,0,0
S01006924,Oil central heating,374,29,345,354,16,338,14,7,7,6,6,0
S01006924,Solid fuel (for example wood coal) central heating,15,2,13,14,1,13,1,1,0,0,0,0
S01006924,Other central heating,15,1,14,13,0,13,2,1,1,0,0,0
S01006924,Two or more types of central heating,42,2,40,41,1,40,1,1,0,0,0,0
S01006925,All people in households,499,67,432,444,28,416,41,26,15,14,13,1
S01006925,No central heating,5,0,5,5,0,5,0,0,0,0,0,0
S01006925,Gas central heating,452,50,402,408,20,388,34,21,13,10,9,1
S01006925,Electric (including storage heaters) central heating,20,12,8,13,6,7,5,4,1,2,2,0
S01006925,Oil central heating,18,4,14,16,2,14,1,1,0,1,1,0
S01006925,Solid fuel (for example wood coal) central heating,4,1,3,2,0,2,1,0,1,1,1,0
S01006925,Other central heating,0,0,0,0,0,0,0,0,0,0,0,0
S01006925,Two or more types of central heating,0,0,0,0,0,0,0,0,0,0,0,0
S01006926,All people in households,737,56,681,688,25,663,33,18,15,16,13,3
S01006926,No central heating,0,0,0,0,0,0,0,0,0,0,0,0
S01006926,Gas central heating,669,45,624,633,24,609,27,14,13,9,7,2
S01006926,Electric (including storage heaters) central heating,18,3,15,15,0,15,2,2,0,1,1,0
S01006926,Oil central heating,33,5,28,28,1,27,2,1,1,3,3,0
S01006926,Solid fuel (for example wood coal) central heating,6,0,6,6,0,6,0,0,0,0,0,0
S01006926,Other central heating,6,1,5,3,0,3,1,0,1,2,1,1
S01006926,Two or more types of central heating,5,2,3,3,0,3,1,1,0,1,1,0
S01006927,All people in households,1002,46,956,960,20,940,34,18,16,8,8,0
S01006927,No central heating,3,0,3,3,0,3,0,0,0,0,0,0
S01006927,Gas central heating,919,36,883,883,16,867,29,13,16,7,7,0
S01006927,Electric (including storage heaters) central heating,23,4,19,20,1,19,2,2,0,1,1,0
S01006927,Oil central heating,26,4,22,24,2,22,2,2,0,0,0,0
S01006927,Solid fuel (for example wood coal) central heating,0,0,0,0,0,0,0,0,0,0,0,0
S01006927,Other central heating,0,0,0,0,0,0,0,0,0,0,0,0
S01006927,Two or more types of central heating,31,2,29,30,1,29,1,1,0,0,0,0
S01006928,All people in households,1033,137,896,916,54,862,86,53,33,31,30,1
S01006928,No central heating,26,2,24,19,0,19,6,1,5,1,1,0
S01006928,Gas central heating,709,89,620,640,36,604,44,29,15,25,24,1
S01006928,Electric (including storage heaters) central heating,63,7,56,52,1,51,8,3,5,3,3,0
S01006928,Oil central heating,197,29,168,174,12,162,22,16,6,1,1,0
S01006928,Solid fuel (for example wood coal) central heating,17,5,12,15,4,11,2,1,1,0,0,0
S01006928,Other central heating,5,2,3,4,1,3,0,0,0,1,1,0
S01006928,Two or more types of central heating,16,3,13,12,0,12,4,3,1,0,0,0
S01006929,All people in households,836,70,766,782,34,748,42,24,18,12,12,0
S01006929,No central heating,4,0,4,4,0,4,0,0,0,0,0,0
S01006929,Gas central heating,808,67,741,758,32,726,38,23,15,12,12,0
S01006929,Electric (including storage heaters) central heating,2,0,2,0,0,0,2,0,2,0,0,0
S01006929,Oil central heating,5,1,4,3,0,3,2,1,1,0,0,0
S01006929,Solid fuel (for example wood coal) central heating,3,1,2,3,1,2,0,0,0,0,0,0
S01006929,Other central heating,1,0,1,1,0,1,0,0,0,0,0,0
S01006929,Two or more types of central heating,13,1,12,13,1,12,0,0,0,0,0,0
S01006930,All people in households,889,103,786,816,48,768,61,43,18,12,12,0
S01006930,No central heating,1,0,1,1,0,1,0,0,0,0,0,0
S01006930,Gas central heating,853,99,754,781,45,736,60,42,18,12,12,0
S01006930,Electric (including storage heaters) central heating,15,2,13,14,1,13,1,1,0,0,0,0
S01006930,Oil central heating,10,2,8,10,2,8,0,0,0,0,0,0
S01006930,Solid fuel (for example wood coal) central heating,0,0,0,0,0,0,0,0,0,0,0,0
S01006930,Other central heating,0,0,0,0,0,0,0,0,0,0,0,0
S01006930,Two or more types of central heating,10,0,10,10,0,10,0,0,0,0,0,0
S01006931,All people in households,392,41,351,370,23,347,19,15,4,3,3,0
S01006931,No central heating,9,0,9,9,0,9,0,0,0,0,0,0
S01006931,Gas central heating,72,10,62,65,4,61,5,4,1,2,2,0
S01006931,Electric (including storage heaters) central heating,25,3,22,23,1,22,2,2,0,0,0,0
S01006931,Oil central heating,253,22,231,241,12,229,11,9,2,1,1,0
S01006931,Solid fuel (for example wood coal) central heating,12,2,10,12,2,10,0,0,0,0,0,0
S01006931,Other central heating,11,3,8,11,3,8,0,0,0,0,0,0
S01006931,Two or more types of central heating,10,1,9,9,1,8,1,0,1,0,0,0
S01006932,All people in households,614,38,576,585,19,566,22,12,10,7,7,0
S01006932,No central heating,0,0,0,0,0,0,0,0,0,0,0,0
S01006932,Gas central heating,588,33,555,561,16,545,20,10,10,7,7,0
S01006932,Electric (including storage heaters) central heating,8,3,5,7,2,5,1,1,0,0,0,0
S01006932,Oil central heating,11,2,9,10,1,9,1,1,0,0,0,0
S01006932,Solid fuel (for example wood coal) central heating,0,0,0,0,0,0,0,0,0,0,0,0
S01006932,Other central heating,0,0,0,0,0,0,0,0,0,0,0,0
S01006932,Two or more types of central heating,7,0,7,7,0,7,0,0,0,0,0,0
S01006933,All people in households,580,45,535,548,26,522,26,15,11,6,4,2
S01006933,No central heating,2,0,2,2,0,2,0,0,0,0,0,0
S01006933,Gas central heating,571,45,526,539,26,513,26,15,11,6,4,2
S01006933,Electric (including storage heaters) central heating,0,0,0,0,0,0,0,0,0,0,0,0
S01006933,Oil central heating,6,0,6,6,0,6,0,0,0,0,0,0
S01006933,Solid fuel (for example wood coal) central heating,1,0,1,1,0,1,0,0,0,0,0,0
S01006933,Other central heating,0,0,0,0,0,0,0,0,0,0,0,0
S01006933,Two or more types of central heating,0,0,0,0,0,0,0,0,0,0,0,0
S01006934,All people in households,558,82,476,503,36,467,43,34,9,12,12,0
S01006934,No central heating,9,1,8,9,1,8,0,0,0,0,0,0
S01006934,Gas central heating,91,18,73,77,4,73,12,12,0,2,2,0
S01006934,Electric (including storage heaters) central heating,140,22,118,125,12,113,13,8,5,2,2,0
S01006934,Oil central heating,260,28,232,242,12,230,14,12,2,4,4,0
S01006934,Solid fuel (for example wood coal) central heating,7,1,6,6,0,6,0,0,0,1,1,0
S01006934,Other central heating,19,3,16,17,2,15,2,1,1,0,0,0
S01006934,Two or more types of central heating,32,9,23,27,5,22,2,1,1,3,3,0
S01006935,All people in households,699,105,594,623,42,581,60,47,13,16,16,0
S01006935,No central heating,0,0,0,0,0,0,0,0,0,0,0,0
S01006935,Gas central heating,664,99,565,595,37,558,53,46,7,16,16,0
S01006935,Electric (including storage heaters) central heating,17,3,14,13,3,10,4,0,4,0,0,0
S01006935,Oil central heating,14,3,11,11,2,9,3,1,2,0,0,0
S01006935,Solid fuel (for example wood coal) central heating,0,0,0,0,0,0,0,0,0,0,0,0
S01006935,Other central heating,0,0,0,0,0,0,0,0,0,0,0,0
S01006935,Two or more types of central heating,4,0,4,4,0,4,0,0,0,0,0,0
S01006936,All people in households,643,93,550,579,39,540,54,44,10,10,10,0
S01006936,No central heating,1,0,1,1,0,1,0,0,0,0,0,0
S01006936,Gas central heating,575,78,497,522,34,488,46,37,9,7,7,0
S01006936,Electric (including storage heaters) central heating,27,10,17,20,4,16,6,5,1,1,1,0
S01006936,Oil central heating,12,4,8,9,1,8,2,2,0,1,1,0
S01006936,Solid fuel (for example wood coal) central heating,2,0,2,2,0,2,0,0,0,0,0,0
S01006936,Other central heating,4,0,4,4,0,4,0,0,0,0,0,0
S01006936,Two or more types of central heating,22,1,21,21,0,21,0,0,0,1,1,0
S01006937,All people in households,730,96,634,652,36,616,59,41,18,19,19,0
S01006937,No central heating,13,4,9,9,0,9,2,2,0,2,2,0
S01006937,Gas central heating,677,86,591,610,35,575,50,34,16,17,17,0
S01006937,Electric (including storage heaters) central heating,15,1,14,14,0,14,1,1,0,0,0,0
S01006937,Oil central heating,9,4,5,6,1,5,3,3,0,0,0,0
S01006937,Solid fuel (for example wood coal) central heating,1,0,1,1,0,1,0,0,0,0,0,0
S01006937,Other central heating,0,0,0,0,0,0,0,0,0,0,0,0
S01006937,Two or more types of central heating,15,1,14,12,0,12,3,1,2,0,0,0
S01006938,All people in households,537,91,446,471,43,428,54,36,18,12,12,0
S01006938,No central heating,3,0,3,3,0,3,0,0,0,0,0,0
S01006938,Gas central heating,473,77,396,417,37,380,48,32,16,8,8,0
S01006938,Electric (including storage heaters) central heating,51,13,38,41,5,36,6,4,2,4,4,0
S01006938,Oil central heating,7,1,6,7,1,6,0,0,0,0,0,0
S01006938,Solid fuel (for example wood coal) central heating,0,0,0,0,0,0,0,0,0,0,0,0
S01006938,Other central heating,1,0,1,1,0,1,0,0,0,0,0,0
S01006938,Two or more types of central heating,2,0,2,2,0,2,0,0,0,0,0,0
S01006939,All people in households,615,60,555,568,26,542,40,27,13,7,7,0
S01006939,No central heating,0,0,0,0,0,0,0,0,0,0,0,0
S01006939,Gas central heating,598,58,540,553,26,527,38,25,13,7,7,0
S01006939,Electric (including storage heaters) central heating,1,1,0,0,0,0,1,1,0,0,0,0
S01006939,Oil central heating,14,1,13,13,0,13,1,1,0,0,0,0
S01006939,Solid fuel (for example wood coal) central heating,0,0,0,0,0,0,0,0,0,0,0,0
S01006939,Other central heating,0,0,0,0,0,0,0,0,0,0,0,0
S01006939,Two or more types of central heating,2,0,2,2,0,2,0,0,0,0,0,0
S01006940,All people in households,939,96,843,866,43,823,57,39,18,16,14,2
S01006940,No central heating,0,0,0,0,0,0,0,0,0,0,0,0
S01006940,Gas central heating,893,87,806,828,40,788,53,36,17,12,11,1
S01006940,Electric (including storage heaters) central heating,21,5,16,15,1,14,2,1,1,4,3,1
S01006940,Oil central heating,9,2,7,8,1,7,1,1,0,0,0,0
S01006940,Solid fuel (for example wood coal) central heating,0,0,0,0,0,0,0,0,0,0,0,0
S01006940,Other central heating,2,0,2,2,0,2,0,0,0,0,0,0
S01006940,Two or more types of central heating,14,2,12,13,1,12,1,1,0,0,0,0
S01006941,All people in households,626,67,559,566,31,535,50,26,24,10,10,0
S01006941,No central heating,12,3,9,8,0,8,4,3,1,0,0,0
S01006941,Gas central heating,574,57,517,523,28,495,43,21,22,8,8,0
S01006941,Electric (including storage heaters) central heating,16,0,16,16,0,16,0,0,0,0,0,0
S01006941,Oil central heating,14,5,9,11,3,8,2,1,1,1,1,0
S01006941,Solid fuel (for example wood coal) central heating,0,0,0,0,0,0,0,0,0,0,0,0
S01006941,Other central heating,0,0,0,0,0,0,0,0,0,0,0,0
S01006941,Two or more types of central heating,10,2,8,8,0,8,1,1,0,1,1,0
S01006942,All people in households,1082,92,990,995,36,959,67,38,29,20,18,2
S01006942,No central heating,7,0,7,7,0,7,0,0,0,0,0,0
S01006942,Gas central heating,995,85,910,916,32,884,60,36,24,19,17,2
S01006942,Electric (including storage heaters) central heating,41,6,35,38,4,34,3,2,1,0,0,0
S01006942,Oil central heating,28,1,27,25,0,25,2,0,2,1,1,0
S01006942,Solid fuel (for example wood coal) central heating,0,0,0,0,0,0,0,0,0,0,0,0
S01006942,Other central heating,0,0,0,0,0,0,0,0,0,0,0,0
S01006942,Two or more types of central heating,11,0,11,9,0,9,2,0,2,0,0,0
S01006943,All people in households,682,25,657,668,16,652,11,6,5,3,3,0
S01006943,No central heating,0,0,0,0,0,0,0,0,0,0,0,0
S01006943,Gas central heating,663,24,639,651,16,635,10,6,4,2,2,0
S01006943,Electric (including storage heaters) central heating,5,1,4,3,0,3,1,0,1,1,1,0
S01006943,Oil central heating,6,0,6,6,0,6,0,0,0,0,0,0
S01006943,Solid fuel (for example wood coal) central heating,0,0,0,0,0,0,0,0,0,0,0,0
S01006943,Other central heating,2,0,2,2,0,2,0,0,0,0,0,0
S01006943,Two or more types of central heating,6,0,6,6,0,6,0,0,0,0,0,0
S01006944,All people in households,874,47,827,832,17,815,30,20,10,12,10,2
S01006944,No central heating,6,2,4,6,2,4,0,0,0,0,0,0
S01006944,Gas central heating,806,37,769,773,14,759,24,14,10,9,9,0
S01006944,Electric (including storage heaters) central heating,21,2,19,17,0,17,2,2,0,2,0,2
S01006944,Oil central heating,15,6,9,10,1,9,4,4,0,1,1,0
S01006944,Solid fuel (for example wood coal) central heating,0,0,0,0,0,0,0,0,0,0,0,0
S01006944,Other central heating,3,0,3,3,0,3,0,0,0,0,0,0
S01006944,Two or more types of central heating,23,0,23,23,0,23,0,0,0,0,0,0
S01006945,All people in households,508,61,447,466,25,441,29,23,6,13,13,0
S01006945,No central heating,6,0,6,6,0,6,0,0,0,0,0,0
S01006945,Gas central heating,452,56,396,415,24,391,25,20,5,12,12,0
S01006945,Electric (including storage heaters) central heating,28,2,26,25,0,25,3,2,1,0,0,0
S01006945,Oil central heating,9,2,7,8,1,7,1,1,0,0,0,0
S01006945,Solid fuel (for example wood coal) central heating,4,1,3,3,0,3,0,0,0,1,1,0
S01006945,Other central heating,0,0,0,0,0,0,0,0,0,0,0,0
S01006945,Two or more types of central heating,9,0,9,9,0,9,0,0,0,0,0,0
S01006946,All people in households,800,76,724,744,36,708,45,29,16,11,11,0
S01006946,No central heating,2,1,1,1,1,0,1,0,1,0,0,0
S01006946,Gas central heating,538,57,481,494,23,471,34,24,10,10,10,0
S01006946,Electric (including storage heaters) central heating,34,9,25,30,5,25,3,3,0,1,1,0
S01006946,Oil central heating,202,8,194,195,6,189,7,2,5,0,0,0
S01006946,Solid fuel (for example wood coal) central heating,3,1,2,3,1,2,0,0,0,0,0,0
S01006946,Other central heating,3,0,3,3,0,3,0,0,0,0,0,0
S01006946,Two or more types of central heating,18,0,18,18,0,18,0,0,0,0,0,0
S01006947,All people in households,861,65,796,809,35,774,45,24,21,7,6,1
S01006947,No central heating,6,0,6,6,0,6,0,0,0,0,0,0
S01006947,Gas central heating,631,33,598,601,15,586,25,14,11,5,4,1
S01006947,Electric (including storage heaters) central heating,163,22,141,151,14,137,12,8,4,0,0,0
S01006947,Oil central heating,48,9,39,42,6,36,4,1,3,2,2,0
S01006947,Solid fuel (for example wood coal) central heating,1,0,1,0,0,0,1,0,1,0,0,0
S01006947,Other central heating,2,1,1,1,0,1,1,1,0,0,0,0
S01006947,Two or more types of central heating,10,0,10,8,0,8,2,0,2,0,0,0
S01006948,All people in households,871,130,741,753,45,708,96,63,33,22,22,0
S01006948,No central heating,14,2,12,12,0,12,0,0,0,2,2,0
S01006948,Gas central heating,266,34,232,234,6,228,24,20,4,8,8,0
S01006948,Electric (including storage heaters) central heating,132,33,99,102,13,89,24,14,10,6,6,0
S01006948,Oil central heating,375,52,323,330,22,308,39,24,15,6,6,0
S01006948,Solid fuel (for example wood coal) central heating,22,4,18,18,1,17,4,3,1,0,0,0
S01006948,Other central heating,15,2,13,12,1,11,3,1,2,0,0,0
S01006948,Two or more types of central heating,47,3,44,45,2,43,2,1,1,0,0,0
S01006949,All people in households,655,54,601,603,21,582,41,24,17,11,9,2
S01006949,No central heating,9,0,9,9,0,9,0,0,0,0,0,0
S01006949,Gas central heating,89,11,78,80,4,76,7,5,2,2,2,0
S01006949,Electric (including storage heaters) central heating,56,8,48,47,1,46,8,6,2,1,1,0
S01006949,Oil central heating,442,30,412,413,14,399,22,11,11,7,5,2
S01006949,Solid fuel (for example wood coal) central heating,22,2,20,22,2,20,0,0,0,0,0,0
S01006949,Other central heating,19,1,18,18,0,18,0,0,0,1,1,0
S01006949,Two or more types of central heating,18,2,16,14,0,14,4,2,2,0,0,0
S01006950,All people in households,548,43,505,511,21,490,25,11,14,12,11,1
S01006950,No central heating,0,0,0,0,0,0,0,0,0,0,0,0
S01006950,Gas central heating,511,39,472,482,18,464,18,11,7,11,10,1
S01006950,Electric (including storage heaters) central heating,6,0,6,6,0,6,0,0,0,0,0,0
S01006950,Oil central heating,15,3,12,13,3,10,2,0,2,0,0,0
S01006950,Solid fuel (for example wood coal) central heating,0,0,0,0,0,0,0,0,0,0,0,0
S01006950,Other central heating,0,0,0,0,0,0,0,0,0,0,0,0
S01006950,Two or more types of central heating,16,1,15,10,0,10,5,0,5,1,1,0
S01006951,All people in households,470,69,401,420,33,387,41,27,14,9,9,0
S01006951,No central heating,13,2,11,8,0,8,5,2,3,0,0,0
S01006951,Gas central heating,237,31,206,219,17,202,14,10,4,4,4,0
S01006951,Electric (including storage heaters) central heating,86,22,64,70,12,58,12,6,6,4,4,0
S01006951,Oil central heating,117,13,104,106,3,103,10,9,1,1,1,0
S01006951,Solid fuel (for example wood coal) central heating,0,0,0,0,0,0,0,0,0,0,0,0
S01006951,Other central heating,0,0,0,0,0,0,0,0,0,0,0,0
S01006951,Two or more types of central heating,17,1,16,17,1,16,0,0,0,0,0,0
S01006952,All people in households,827,128,699,712,61,651,95,48,47,20,19,1
S01006952,No central heating,29,6,23,24,3,21,4,2,2,1,1,0
S01006952,Gas central heating,398,58,340,337,26,311,48,20,28,13,12,1
S01006952,Electric (including storage heaters) central heating,78,13,65,62,3,59,15,9,6,1,1,0
S01006952,Oil central heating,241,36,205,218,20,198,19,12,7,4,4,0
S01006952,Solid fuel (for example wood coal) central heating,12,2,10,9,0,9,3,2,1,0,0,0
S01006952,Other central heating,37,7,30,32,4,28,4,2,2,1,1,0
S01006952,Two or more types of central heating,32,6,26,30,5,25,2,1,1,0,0,0
S01006953,All people in households,793,66,727,738,33,705,47,25,22,8,8,0
S01006953,No central heating,7,2,5,6,1,5,1,1,0,0,0,0
S01006953,Gas central heating,618,42,576,577,20,557,35,16,19,6,6,0
S01006953,Electric (including storage heaters) central heating,35,7,28,32,4,28,2,2,0,1,1,0
S01006953,Oil central heating,93,12,81,84,6,78,9,6,3,0,0,0
S01006953,Solid fuel (for example wood coal) central heating,6,0,6,6,0,6,0,0,0,0,0,0
S01006953,Other central heating,17,3,14,16,2,14,0,0,0,1,1,0
S01006953,Two or more types of central heating,17,0,17,17,0,17,0,0,0,0,0,0
S01006954,All people in households,829,89,740,750,43,707,60,33,27,19,13,6
S01006954,No central heating,6,2,4,5,1,4,1,1,0,0,0,0
S01006954,Gas central heating,722,71,651,657,35,622,52,28,24,13,8,5
S01006954,Electric (including storage heaters) central heating,44,5,39,38,0,38,2,2,0,4,3,1
S01006954,Oil central heating,47,9,38,42,7,35,4,1,3,1,1,0
S01006954,Solid fuel (for example wood coal) central heating,4,0,4,4,0,4,0,0,0,0,0,0
S01006954,Other central heating,0,0,0,0,0,0,0,0,0,0,0,0
S01006954,Two or more types of central heating,6,2,4,4,0,4,1,1,0,1,1,0
S01006955,All people in households,622,101,521,540,41,499,61,41,20,21,19,2
S01006955,No central heating,8,4,4,7,4,3,1,0,1,0,0,0
S01006955,Gas central heating,433,66,367,379,25,354,41,28,13,13,13,0
S01006955,Electric (including storage heaters) central heating,147,17,130,128,5,123,12,7,5,7,5,2
S01006955,Oil central heating,25,12,13,18,6,12,6,5,1,1,1,0
S01006955,Solid fuel (for example wood coal) central heating,0,0,0,0,0,0,0,0,0,0,0,0
S01006955,Other central heating,0,0,0,0,0,0,0,0,0,0,0,0
S01006955,Two or more types of central heating,9,2,7,8,1,7,1,1,0,0,0,0
S01006956,All people in households,1105,92,1013,1028,36,992,55,34,21,22,22,0
S01006956,No central heating,20,8,12,13,2,11,6,5,1,1,1,0
S01006956,Gas central heating,988,77,911,922,31,891,47,27,20,19,19,0
S01006956,Electric (including storage heaters) central heating,50,6,44,46,2,44,2,2,0,2,2,0
S01006956,Oil central heating,25,0,25,25,0,25,0,0,0,0,0,0
S01006956,Solid fuel (for example wood coal) central heating,7,0,7,7,0,7,0,0,0,0,0,0
S01006956,Other central heating,3,0,3,3,0,3,0,0,0,0,0,0
S01006956,Two or more types of central heating,12,1,11,12,1,11,0,0,0,0,0,0
S01006957,All people in households,1053,89,964,981,40,941,59,36,23,13,13,0
S01006957,No central heating,5,0,5,5,0,5,0,0,0,0,0,0
S01006957,Gas central heating,556,46,510,523,22,501,27,18,9,6,6,0
S01006957,Electric (including storage heaters) central heating,76,8,68,69,3,66,6,4,2,1,1,0
S01006957,Oil central heating,349,26,323,326,12,314,20,11,9,3,3,0
S01006957,Solid fuel (for example wood coal) central heating,7,3,4,5,1,4,0,0,0,2,2,0
S01006957,Other central heating,10,0,10,9,0,9,1,0,1,0,0,0
S01006957,Two or more types of central heating,50,6,44,44,2,42,5,3,2,1,1,0
S01006958,All people in households,876,184,692,745,78,667,98,73,25,33,33,0
S01006958,No central heating,2,2,0,0,0,0,1,1,0,1,1,0
S01006958,Gas central heating,773,150,623,672,68,604,74,55,19,27,27,0
S01006958,Electric (including storage heaters) central heating,85,27,58,61,8,53,20,15,5,4,4,0
S01006958,Oil central heating,7,3,4,5,1,4,1,1,0,1,1,0
S01006958,Solid fuel (for example wood coal) central heating,0,0,0,0,0,0,0,0,0,0,0,0
S01006958,Other central heating,2,1,1,0,0,0,2,1,1,0,0,0
S01006958,Two or more types of central heating,7,1,6,7,1,6,0,0,0,0,0,0
S01006959,All people in households,680,172,508,536,62,474,113,82,31,31,28,3
S01006959,No central heating,5,0,5,5,0,5,0,0,0,0,0,0
S01006959,Gas central heating,520,139,381,402,49,353,93,67,26,25,23,2
S01006959,Electric (including storage heaters) central heating,113,27,86,91,11,80,17,12,5,5,4,1
S01006959,Oil central heating,23,1,22,22,0,22,0,0,0,1,1,0
S01006959,Solid fuel (for example wood coal) central heating,2,0,2,2,0,2,0,0,0,0,0,0
S01006959,Other central heating,4,0,4,4,0,4,0,0,0,0,0,0
S01006959,Two or more types of central heating,13,5,8,10,2,8,3,3,0,0,0,0
S01006960,All people in households,976,67,909,924,28,896,40,27,13,12,12,0
S01006960,No central heating,3,1,2,3,1,2,0,0,0,0,0,0
S01006960,Gas central heating,921,56,865,875,21,854,35,24,11,11,11,0
S01006960,Electric (including storage heaters) central heating,5,0,5,5,0,5,0,0,0,0,0,0
S01006960,Oil central heating,29,6,23,25,3,22,3,2,1,1,1,0
S01006960,Solid fuel (for example wood coal) central heating,3,0,3,3,0,3,0,0,0,0,0,0
S01006960,Other central heating,0,0,0,0,0,0,0,0,0,0,0,0
S01006960,Two or more types of central heating,15,4,11,13,3,10,2,1,1,0,0,0
S01006961,All people in households,984,48,936,956,32,924,28,16,12,0,0,0
S01006961,No central heating,3,0,3,3,0,3,0,0,0,0,0,0
S01006961,Gas central heating,923,43,880,898,28,870,25,15,10,0,0,0
S01006961,Electric (including storage heaters) central heating,8,1,7,8,1,7,0,0,0,0,0,0
S01006961,Oil central heating,39,3,36,36,2,34,3,1,2,0,0,0
S01006961,Solid fuel (for example wood coal) central heating,0,0,0,0,0,0,0,0,0,0,0,0
S01006961,Other central heating,4,1,3,4,1,3,0,0,0,0,0,0
S01006961,Two or more types of central heating,7,0,7,7,0,7,0,0,0,0,0,0
S01006962,All people in households,871,132,739,762,50,712,94,67,27,15,15,0
S01006962,No central heating,10,4,6,6,1,5,4,3,1,0,0,0
S01006962,Gas central heating,781,114,667,690,45,645,79,57,22,12,12,0
S01006962,Electric (including storage heaters) central heating,33,10,23,23,2,21,8,6,2,2,2,0
S01006962,Oil central heating,20,4,16,18,2,16,1,1,0,1,1,0
S01006962,Solid fuel (for example wood coal) central heating,2,0,2,2,0,2,0,0,0,0,0,0
S01006962,Other central heating,3,0,3,3,0,3,0,0,0,0,0,0
S01006962,Two or more types of central heating,22,0,22,20,0,20,2,0,2,0,0,0
S01006963,All people in households,663,86,577,591,35,556,60,39,21,12,12,0
S01006963,No central heating,1,0,1,0,0,0,1,0,1,0,0,0
S01006963,Gas central heating,617,80,537,549,30,519,56,38,18,12,12,0
S01006963,Electric (including storage heaters) central heating,12,5,7,11,4,7,1,1,0,0,0,0
S01006963,Oil central heating,18,1,17,18,1,17,0,0,0,0,0,0
S01006963,Solid fuel (for example wood coal) central heating,0,0,0,0,0,0,0,0,0,0,0,0
S01006963,Other central heating,4,0,4,4,0,4,0,0,0,0,0,0
S01006963,Two or more types of central heating,11,0,11,9,0,9,2,0,2,0,0,0
S01006964,All people in households,741,88,653,659,39,620,68,37,31,14,12,2
S01006964,No central heating,12,1,11,10,1,9,1,0,1,1,0,1
S01006964,Gas central heating,692,75,617,617,30,587,65,36,29,10,9,1
S01006964,Electric (including storage heaters) central heating,8,2,6,5,0,5,1,0,1,2,2,0
S01006964,Oil central heating,7,1,6,6,0,6,0,0,0,1,1,0
S01006964,Solid fuel (for example wood coal) central heating,0,0,0,0,0,0,0,0,0,0,0,0
S01006964,Other central heating,7,1,6,7,1,6,0,0,0,0,0,0
S01006964,Two or more types of central heating,15,8,7,14,7,7,1,1,0,0,0,0
S01006965,All people in households,488,88,400,429,41,388,45,33,12,14,14,0
S01006965,No central heating,10,2,8,9,1,8,1,1,0,0,0,0
S01006965,Gas central heating,415,70,345,367,33,334,36,25,11,12,12,0
S01006965,Electric (including storage heaters) central heating,42,9,33,38,6,32,3,2,1,1,1,0
S01006965,Oil central heating,11,2,9,10,1,9,1,1,0,0,0,0
S01006965,Solid fuel (for example wood coal) central heating,5,4,1,1,0,1,3,3,0,1,1,0
S01006965,Other central heating,4,0,4,4,0,4,0,0,0,0,0,0
S01006965,Two or more types of central heating,1,1,0,0,0,0,1,1,0,0,0,0
S01006966,All people in households,602,97,505,508,30,478,74,47,27,20,20,0
S01006966,No central heating,9,0,9,8,0,8,1,0,1,0,0,0
S01006966,Gas central heating,382,50,332,339,18,321,34,23,11,9,9,0
S01006966,Electric (including storage heaters) central heating,194,41,153,149,11,138,36,21,15,9,9,0
S01006966,Oil central heating,7,3,4,4,0,4,1,1,0,2,2,0
S01006966,Solid fuel (for example wood coal) central heating,2,0,2,2,0,2,0,0,0,0,0,0
S01006966,Other central heating,2,1,1,2,1,1,0,0,0,0,0,0
S01006966,Two or more types of central heating,6,2,4,4,0,4,2,2,0,0,0,0
S01006967,All people in households,629,57,572,589,29,560,32,20,12,8,8,0
S01006967,No central heating,4,0,4,3,0,3,1,0,1,0,0,0
S01006967,Gas central heating,587,49,538,552,24,528,27,17,10,8,8,0
S01006967,Electric (including storage heaters) central heating,27,5,22,25,3,22,2,2,0,0,0,0
S01006967,Oil central heating,5,1,4,5,1,4,0,0,0,0,0,0
S01006967,Solid fuel (for example wood coal) central heating,6,2,4,4,1,3,2,1,1,0,0,0
S01006967,Other central heating,0,0,0,0,0,0,0,0,0,0,0,0
S01006967,Two or more types of central heating,0,0,0,0,0,0,0,0,0,0,0,0
S01006968,All people in households,514,67,447,453,22,431,45,30,15,16,15,1
S01006968,No central heating,11,0,11,10,0,10,1,0,1,0,0,0
S01006968,Gas central heating,223,29,194,199,10,189,21,16,5,3,3,0
S01006968,Electric (including storage heaters) central heating,236,36,200,202,10,192,21,14,7,13,12,1
S01006968,Oil central heating,35,0,35,34,0,34,1,0,1,0,0,0
S01006968,Solid fuel (for example wood coal) central heating,9,2,7,8,2,6,1,0,1,0,0,0
S01006968,Other central heating,0,0,0,0,0,0,0,0,0,0,0,0
S01006968,Two or more types of central heating,0,0,0,0,0,0,0,0,0,0,0,0
S01006969,All people in households,889,143,746,755,46,709,109,73,36,25,24,1
S01006969,No central heating,11,1,10,9,0,9,1,0,1,1,1,0
S01006969,Gas central heating,747,108,639,646,36,610,83,55,28,18,17,1
S01006969,Electric (including storage heaters) central heating,93,24,69,72,9,63,18,12,6,3,3,0
S01006969,Oil central heating,36,8,28,28,1,27,5,4,1,3,3,0
S01006969,Solid fuel (for example wood coal) central heating,2,2,0,0,0,0,2,2,0,0,0,0
S01006969,Other central heating,0,0,0,0,0,0,0,0,0,0,0,0
S01006969,Two or more types of central heating,0,0,0,0,0,0,0,0,0,0,0,0
S01006970,All people in households,712,74,638,652,30,622,48,34,14,12,10,2
S01006970,No central heating,0,0,0,0,0,0,0,0,0,0,0,0
S01006970,Gas central heating,669,68,601,614,28,586,44,31,13,11,9,2
S01006970,Electric (including storage heaters) central heating,6,1,5,4,0,4,2,1,1,0,0,0
S01006970,Oil central heating,27,4,23,25,2,23,2,2,0,0,0,0
S01006970,Solid fuel (for example wood coal) central heating,0,0,0,0,0,0,0,0,0,0,0,0
S01006970,Other central heating,6,1,5,5,0,5,0,0,0,1,1,0
S01006970,Two or more types of central heating,4,0,4,4,0,4,0,0,0,0,0,0
S01006971,All people in households,510,97,413,422,31,391,72,50,22,16,16,0
S01006971,No central heating,9,4,5,6,1,5,2,2,0,1,1,0
S01006971,Gas central heating,433,72,361,365,23,342,55,36,19,13,13,0
S01006971,Electric (including storage heaters) central heating,47,13,34,38,5,33,8,7,1,1,1,0
S01006971,Oil central heating,7,0,7,7,0,7,0,0,0,0,0,0
S01006971,Solid fuel (for example wood coal) central heating,6,3,3,3,1,2,3,2,1,0,0,0
S01006971,Other central heating,0,0,0,0,0,0,0,0,0,0,0,0
S01006971,Two or more types of central heating,8,5,3,3,1,2,4,3,1,1,1,0
S01006972,All people in households,522,64,458,469,33,436,41,19,22,12,12,0
S01006972,No central heating,10,2,8,8,1,7,2,1,1,0,0,0
S01006972,Gas central heating,188,25,163,162,7,155,19,11,8,7,7,0
S01006972,Electric (including storage heaters) central heating,33,2,31,32,2,30,1,0,1,0,0,0
S01006972,Oil central heating,238,28,210,223,22,201,13,4,9,2,2,0
S01006972,Solid fuel (for example wood coal) central heating,11,2,9,8,0,8,2,1,1,1,1,0
S01006972,Other central heating,19,2,17,17,0,17,1,1,0,1,1,0
S01006972,Two or more types of central heating,23,3,20,19,1,18,3,1,2,1,1,0
S01006973,All people in households,522,93,429,448,35,413,57,41,16,17,17,0
S01006973,No central heating,10,1,9,10,1,9,0,0,0,0,0,0
S01006973,Gas central heating,375,54,321,332,22,310,33,22,11,10,10,0
S01006973,Electric (including storage heaters) central heating,50,14,36,36,3,33,11,8,3,3,3,0
S01006973,Oil central heating,68,20,48,56,9,47,10,9,1,2,2,0
S01006973,Solid fuel (for example wood coal) central heating,3,1,2,2,0,2,0,0,0,1,1,0
S01006973,Other central heating,12,2,10,10,0,10,1,1,0,1,1,0
S01006973,Two or more types of central heating,4,1,3,2,0,2,2,1,1,0,0,0
S01006974,All people in households,1037,106,931,959,50,909,66,44,22,12,12,0
S01006974,No central heating,9,0,9,9,0,9,0,0,0,0,0,0
S01006974,Gas central heating,914,88,826,851,42,809,53,36,17,10,10,0
S01006974,Electric (including storage heaters) central heating,20,8,12,14,3,11,5,4,1,1,1,0
S01006974,Oil central heating,73,7,66,65,2,63,7,4,3,1,1,0
S01006974,Solid fuel (for example wood coal) central heating,10,2,8,9,2,7,1,0,1,0,0,0
S01006974,Other central heating,0,0,0,0,0,0,0,0,0,0,0,0
S01006974,Two or more types of central heating,11,1,10,11,1,10,0,0,0,0,0,0
S01006975,All people in households,951,114,837,868,54,814,62,39,23,21,21,0
S01006975,No central heating,40,7,33,36,5,31,2,0,2,2,2,0
S01006975,Gas central heating,195,23,172,176,8,168,11,7,4,8,8,0
S01006975,Electric (including storage heaters) central heating,81,13,68,72,5,67,5,4,1,4,4,0
S01006975,Oil central heating,538,62,476,492,31,461,41,26,15,5,5,0
S01006975,Solid fuel (for example wood coal) central heating,17,5,12,13,2,11,2,1,1,2,2,0
S01006975,Other central heating,35,1,34,35,1,34,0,0,0,0,0,0
S01006975,Two or more types of central heating,45,3,42,44,2,42,1,1,0,0,0,0
S01006976,All people in households,446,44,402,411,23,388,28,14,14,7,7,0
S01006976,No central heating,23,3,20,19,2,17,4,1,3,0,0,0
S01006976,Gas central heating,61,4,57,57,2,55,3,1,2,1,1,0
S01006976,Electric (including storage heaters) central heating,53,4,49,52,4,48,1,0,1,0,0,0
S01006976,Oil central heating,256,28,228,234,13,221,17,10,7,5,5,0
S01006976,Solid fuel (for example wood coal) central heating,13,1,12,12,1,11,1,0,1,0,0,0
S01006976,Other central heating,17,2,15,15,0,15,1,1,0,1,1,0
S01006976,Two or more types of central heating,23,2,21,22,1,21,1,1,0,0,0,0
S01006977,All people in households,823,104,719,738,43,695,70,47,23,15,14,1
S01006977,No central heating,23,3,20,20,0,20,2,2,0,1,1,0
S01006977,Gas central heating,143,20,123,126,5,121,13,11,2,4,4,0
S01006977,Electric (including storage heaters) central heating,79,12,67,67,3,64,10,7,3,2,2,0
S01006977,Oil central heating,496,56,440,456,31,425,33,19,14,7,6,1
S01006977,Solid fuel (for example wood coal) central heating,20,5,15,17,3,14,3,2,1,0,0,0
S01006977,Other central heating,18,4,14,15,1,14,2,2,0,1,1,0
S01006977,Two or more types of central heating,44,4,40,37,0,37,7,4,3,0,0,0
S01006978,All people in households,855,144,711,737,52,685,90,66,24,28,26,2
S01006978,No central heating,19,8,11,11,1,10,5,5,0,3,2,1
S01006978,Gas central heating,48,10,38,40,4,36,6,4,2,2,2,0
S01006978,Electric (including storage heaters) central heating,134,33,101,104,9,95,23,18,5,7,6,1
S01006978,Oil central heating,525,71,454,467,27,440,46,32,14,12,12,0
S01006978,Solid fuel (for example wood coal) central heating,51,10,41,42,2,40,7,6,1,2,2,0
S01006978,Other central heating,18,3,15,17,3,14,1,0,1,0,0,0
S01006978,Two or more types of central heating,60,9,51,56,6,50,2,1,1,2,2,0
S01006979,All people in households,842,132,710,726,44,682,86,58,28,30,30,0
S01006979,No central heating,18,3,15,15,0,15,0,0,0,3,3,0
S01006979,Gas central heating,58,9,49,51,5,46,5,2,3,2,2,0
S01006979,Electric (including storage heaters) central heating,127,30,97,101,11,90,20,13,7,6,6,0
S01006979,Oil central heating,553,77,476,481,20,461,55,40,15,17,17,0
S01006979,Solid fuel (for example wood coal) central heating,22,1,21,19,0,19,2,0,2,1,1,0
S01006979,Other central heating,12,4,8,10,2,8,2,2,0,0,0,0
S01006979,Two or more types of central heating,52,8,44,49,6,43,2,1,1,1,1,0
S01006980,All people in households,843,106,737,770,49,721,54,38,16,19,19,0
S01006980,No central heating,15,4,11,13,2,11,1,1,0,1,1,0
S01006980,Gas central heating,28,3,25,24,1,23,4,2,2,0,0,0
S01006980,Electric (including storage heaters) central heating,98,19,79,81,7,74,14,9,5,3,3,0
S01006980,Oil central heating,587,60,527,546,27,519,27,19,8,14,14,0
S01006980,Solid fuel (for example wood coal) central heating,33,7,26,31,5,26,2,2,0,0,0,0
S01006980,Other central heating,20,3,17,18,1,17,2,2,0,0,0,0
S01006980,Two or more types of central heating,62,10,52,57,6,51,4,3,1,1,1,0
S01006981,All people in households,798,87,711,721,34,687,60,37,23,17,16,1
S01006981,No central heating,24,4,20,22,2,20,2,2,0,0,0,0
S01006981,Gas central heating,68,13,55,56,4,52,9,6,3,3,3,0
S01006981,Electric (including storage heaters) central heating,143,29,114,111,6,105,24,16,8,8,7,1
S01006981,Oil central heating,497,32,465,470,16,454,23,12,11,4,4,0
S01006981,Solid fuel (for example wood coal) central heating,25,4,21,22,2,20,2,1,1,1,1,0
S01006981,Other central heating,18,3,15,17,2,15,0,0,0,1,1,0
S01006981,Two or more types of central heating,23,2,21,23,2,21,0,0,0,0,0,0
S01006982,All people in households,910,93,817,835,46,789,65,37,28,10,10,0
S01006982,No central heating,8,0,8,6,0,6,2,0,2,0,0,0
S01006982,Gas central heating,48,7,41,44,5,39,4,2,2,0,0,0
S01006982,Electric (including storage heaters) central heating,265,33,232,236,17,219,25,12,13,4,4,0
S01006982,Oil central heating,532,45,487,499,21,478,27,18,9,6,6,0
S01006982,Solid fuel (for example wood coal) central heating,20,4,16,15,1,14,5,3,2,0,0,0
S01006982,Other central heating,10,2,8,9,1,8,1,1,0,0,0,0
S01006982,Two or more types of central heating,27,2,25,26,1,25,1,1,0,0,0,0
S01006983,All people in households,743,97,646,651,26,625,62,41,21,30,30,0
S01006983,No central heating,17,0,17,16,0,16,1,0,1,0,0,0
S01006983,Gas central heating,46,3,43,45,2,43,0,0,0,1,1,0
S01006983,Electric (including storage heaters) central heating,131,32,99,102,7,95,14,10,4,15,15,0
S01006983,Oil central heating,507,60,447,447,16,431,47,31,16,13,13,0
S01006983,Solid fuel (for example wood coal) central heating,10,0,10,10,0,10,0,0,0,0,0,0
S01006983,Other central heating,13,1,12,12,0,12,0,0,0,1,1,0
S01006983,Two or more types of central heating,19,1,18,19,1,18,0,0,0,0,0,0
S01006984,All people in households,702,75,627,647,30,617,43,34,9,12,11,1
S01006984,No central heating,28,2,26,25,0,25,3,2,1,0,0,0
S01006984,Gas central heating,54,10,44,47,4,43,7,6,1,0,0,0
S01006984,Electric (including storage heaters) central heating,58,10,48,52,4,48,4,4,0,2,2,0
S01006984,Oil central heating,438,39,399,409,17,392,21,15,6,8,7,1
S01006984,Solid fuel (for example wood coal) central heating,36,6,30,31,2,29,3,2,1,2,2,0
S01006984,Other central heating,36,4,32,33,1,32,3,3,0,0,0,0
S01006984,Two or more types of central heating,52,4,48,50,2,48,2,2,0,0,0,0
S01006985,All people in households,1006,146,860,894,62,832,96,68,28,16,16,0
S01006985,No central heating,2,0,2,2,0,2,0,0,0,0,0,0
S01006985,Gas central heating,883,119,764,791,52,739,78,53,25,14,14,0
S01006985,Electric (including storage heaters) central heating,53,18,35,40,7,33,11,9,2,2,2,0
S01006985,Oil central heating,47,5,42,45,3,42,2,2,0,0,0,0
S01006985,Solid fuel (for example wood coal) central heating,3,0,3,2,0,2,1,0,1,0,0,0
S01006985,Other central heating,7,0,7,7,0,7,0,0,0,0,0,0
S01006985,Two or more types of central heating,11,4,7,7,0,7,4,4,0,0,0,0
S01006986,All people in households,646,75,571,587,30,557,42,29,13,17,16,1
S01006986,No central heating,3,1,2,3,1,2,0,0,0,0,0,0
S01006986,Gas central heating,538,57,481,493,23,470,34,24,10,11,10,1
S01006986,Electric (including storage heaters) central heating,66,7,59,58,1,57,3,1,2,5,5,0
S01006986,Oil central heating,25,8,17,21,5,16,4,3,1,0,0,0
S01006986,Solid fuel (for example wood coal) central heating,2,1,1,1,0,1,0,0,0,1,1,0
S01006986,Other central heating,2,0,2,2,0,2,0,0,0,0,0,0
S01006986,Two or more types of central heating,10,1,9,9,0,9,1,1,0,0,0,0
S01006987,All people in households,665,101,564,586,41,545,62,43,19,17,17,0
S01006987,No central heating,6,3,3,4,1,3,1,1,0,1,1,0
S01006987,Gas central heating,601,91,510,530,37,493,56,39,17,15,15,0
S01006987,Electric (including storage heaters) central heating,27,5,22,23,1,22,3,3,0,1,1,0
S01006987,Oil central heating,11,0,11,11,0,11,0,0,0,0,0,0
S01006987,Solid fuel (for example wood coal) central heating,0,0,0,0,0,0,0,0,0,0,0,0
S01006987,Other central heating,1,0,1,1,0,1,0,0,0,0,0,0
S01006987,Two or more types of central heating,19,2,17,17,2,15,2,0,2,0,0,0
S01006988,All people in households,612,69,543,550,27,523,45,25,20,17,17,0
S01006988,No central heating,9,1,8,8,1,7,1,0,1,0,0,0
S01006988,Gas central heating,238,32,206,206,10,196,22,12,10,10,10,0
S01006988,Electric (including storage heaters) central heating,94,7,87,88,3,85,5,3,2,1,1,0
S01006988,Oil central heating,212,17,195,195,6,189,13,7,6,4,4,0
S01006988,Solid fuel (for example wood coal) central heating,6,3,3,4,1,3,1,1,0,1,1,0
S01006988,Other central heating,1,0,1,1,0,1,0,0,0,0,0,0
S01006988,Two or more types of central heating,52,9,43,48,6,42,3,2,1,1,1,0
S01006989,All people in households,1026,97,929,953,45,908,58,37,21,15,15,0
S01006989,No central heating,14,1,13,12,0,12,2,1,1,0,0,0
S01006989,Gas central heating,102,13,89,90,2,88,10,9,1,2,2,0
S01006989,Electric (including storage heaters) central heating,39,2,37,37,2,35,2,0,2,0,0,0
S01006989,Oil central heating,761,66,695,711,31,680,37,22,15,13,13,0
S01006989,Solid fuel (for example wood coal) central heating,10,1,9,9,0,9,1,1,0,0,0,0
S01006989,Other central heating,36,6,30,33,3,30,3,3,0,0,0,0
S01006989,Two or more types of central heating,64,8,56,61,7,54,3,1,2,0,0,0
S01006990,All people in households,905,61,844,851,25,826,40,22,18,14,14,0
S01006990,No central heating,1,0,1,1,0,1,0,0,0,0,0,0
S01006990,Gas central heating,594,27,567,568,12,556,21,10,11,5,5,0
S01006990,Electric (including storage heaters) central heating,42,4,38,37,0,37,4,3,1,1,1,0
S01006990,Oil central heating,228,27,201,210,12,198,10,7,3,8,8,0
S01006990,Solid fuel (for example wood coal) central heating,3,0,3,3,0,3,0,0,0,0,0,0
S01006990,Other central heating,7,1,6,7,1,6,0,0,0,0,0,0
S01006990,Two or more types of central heating,30,2,28,25,0,25,5,2,3,0,0,0
S01006991,All people in households,443,86,357,368,36,332,61,38,23,14,12,2
S01006991,No central heating,12,1,11,12,1,11,0,0,0,0,0,0
S01006991,Gas central heating,27,11,16,20,6,14,4,3,1,3,2,1
S01006991,Electric (including storage heaters) central heating,136,37,99,100,13,87,30,18,12,6,6,0
S01006991,Oil central heating,220,28,192,195,13,182,20,11,9,5,4,1
S01006991,Solid fuel (for example wood coal) central heating,20,3,17,16,0,16,4,3,1,0,0,0
S01006991,Other central heating,6,1,5,5,0,5,1,1,0,0,0,0
S01006991,Two or more types of central heating,22,5,17,20,3,17,2,2,0,0,0,0
S01006992,All people in households,608,82,526,543,35,508,54,37,17,11,10,1
S01006992,No central heating,18,1,17,17,0,17,0,0,0,1,1,0
S01006992,Gas central heating,78,14,64,66,4,62,8,6,2,4,4,0
S01006992,Electric (including storage heaters) central heating,39,6,33,29,0,29,7,3,4,3,3,0
S01006992,Oil central heating,386,51,335,355,28,327,29,21,8,2,2,0
S01006992,Solid fuel (for example wood coal) central heating,17,0,17,16,0,16,0,0,0,1,0,1
S01006992,Other central heating,22,4,18,21,3,18,1,1,0,0,0,0
S01006992,Two or more types of central heating,48,6,42,39,0,39,9,6,3,0,0,0
S01006993,All people in households,535,78,457,475,37,438,44,25,19,16,16,0
S01006993,No central heating,21,8,13,17,5,12,2,1,1,2,2,0
S01006993,Gas central heating,54,12,42,49,7,42,3,3,0,2,2,0
S01006993,Electric (including storage heaters) central heating,22,7,15,16,3,13,6,4,2,0,0,0
S01006993,Oil central heating,329,40,289,300,16,284,20,15,5,9,9,0
S01006993,Solid fuel (for example wood coal) central heating,21,5,16,16,3,13,4,1,3,1,1,0
S01006993,Other central heating,10,2,8,7,0,7,2,1,1,1,1,0
S01006993,Two or more types of central heating,78,4,74,70,3,67,7,0,7,1,1,0
S01006994,All people in households,559,86,473,497,35,462,50,39,11,12,12,0
S01006994,No central heating,9,2,7,8,1,7,1,1,0,0,0,0
S01006994,Gas central heating,53,14,39,46,8,38,6,5,1,1,1,0
S01006994,Electric (including storage heaters) central heating,28,6,22,24,2,22,2,2,0,2,2,0
S01006994,Oil central heating,365,47,318,330,19,311,30,23,7,5,5,0
S01006994,Solid fuel (for example wood coal) central heating,39,7,32,36,4,32,1,1,0,2,2,0
S01006994,Other central heating,23,3,20,20,0,20,2,2,0,1,1,0
S01006994,Two or more types of central heating,42,7,35,33,1,32,8,5,3,1,1,0
S01006995,All people in households,859,107,752,777,45,732,64,44,20,18,18,0
S01006995,No central heating,9,5,4,6,2,4,2,2,0,1,1,0
S01006995,Gas central heating,77,11,66,69,4,65,5,4,1,3,3,0
S01006995,Electric (including storage heaters) central heating,147,9,138,141,7,134,5,1,4,1,1,0
S01006995,Oil central heating,474,66,408,426,27,399,38,29,9,10,10,0
S01006995,Solid fuel (for example wood coal) central heating,30,1,29,27,0,27,3,1,2,0,0,0
S01006995,Other central heating,36,7,29,31,2,29,5,5,0,0,0,0
S01006995,Two or more types of central heating,86,8,78,77,3,74,6,2,4,3,3,0
S01006996,All people in households,782,90,692,700,34,666,67,41,26,15,15,0
S01006996,No central heating,8,0,8,8,0,8,0,0,0,0,0,0
S01006996,Gas central heating,25,5,20,21,1,20,3,3,0,1,1,0
S01006996,Electric (including storage heaters) central heating,188,37,151,158,14,144,24,17,7,6,6,0
S01006996,Oil central heating,519,36,483,479,14,465,33,15,18,7,7,0
S01006996,Solid fuel (for example wood coal) central heating,13,5,8,10,2,8,3,3,0,0,0,0
S01006996,Other central heating,10,2,8,10,2,8,0,0,0,0,0,0
S01006996,Two or more types of central heating,19,5,14,14,1,13,4,3,1,1,1,0
S01006997,All people in households,786,67,719,733,31,702,42,25,17,11,11,0
S01006997,No central heating,15,2,13,12,1,11,3,1,2,0,0,0
S01006997,Gas central heating,47,7,40,44,4,40,3,3,0,0,0,0
S01006997,Electric (including storage heaters) central heating,74,15,59,62,7,55,9,5,4,3,3,0
S01006997,Oil central heating,576,36,540,544,15,529,26,15,11,6,6,0
S01006997,Solid fuel (for example wood coal) central heating,20,6,14,17,3,14,1,1,0,2,2,0
S01006997,Other central heating,9,1,8,9,1,8,0,0,0,0,0,0
S01006997,Two or more types of central heating,45,0,45,45,0,45,0,0,0,0,0,0
S01006998,All people in households,1091,140,951,985,59,926,89,64,25,17,17,0
S01006998,No central heating,24,5,19,20,2,18,4,3,1,0,0,0
S01006998,Gas central heating,71,14,57,59,3,56,10,9,1,2,2,0
S01006998,Electric (including storage heaters) central heating,181,34,147,155,12,143,21,17,4,5,5,0
S01006998,Oil central heating,682,77,605,625,35,590,48,33,15,9,9,0
S01006998,Solid fuel (for example wood coal) central heating,43,4,39,40,3,37,3,1,2,0,0,0
S01006998,Other central heating,17,0,17,17,0,17,0,0,0,0,0,0
S01006998,Two or more types of central heating,73,6,67,69,4,65,3,1,2,1,1,0
S01006999,All people in households,848,124,724,744,46,698,78,53,25,26,25,1
S01006999,No central heating,56,5,51,48,0,48,8,5,3,0,0,0
S01006999,Gas central heating,63,11,52,53,4,49,7,4,3,3,3,0
S01006999,Electric (including storage heaters) central heating,63,3,60,59,1,58,2,0,2,2,2,0
S01006999,Oil central heating,536,82,454,467,31,436,53,36,17,16,15,1
S01006999,Solid fuel (for example wood coal) central heating,42,6,36,37,1,36,3,3,0,2,2,0
S01006999,Other central heating,19,5,14,17,3,14,2,2,0,0,0,0
S01006999,Two or more types of central heating,69,12,57,63,6,57,3,3,0,3,3,0
S01007000,All people in households,927,133,794,806,48,758,93,57,36,28,28,0
S01007000,No central heating,11,2,9,9,0,9,2,2,0,0,0,0
S01007000,Gas central heating,32,6,26,30,4,26,1,1,0,1,1,0
S01007000,Electric (including storage heaters) central heating,179,57,122,127,16,111,42,31,11,10,10,0
S01007000,Oil central heating,633,55,578,580,25,555,39,16,23,14,14,0
S01007000,Solid fuel (for example wood coal) central heating,38,7,31,30,1,29,6,4,2,2,2,0
S01007000,Other central heating,12,5,7,9,2,7,2,2,0,1,1,0
S01007000,Two or more types of central heating,22,1,21,21,0,21,1,1,0,0,0,0
S01007001,All people in households,906,126,780,797,49,748,89,57,32,20,20,0
S01007001,No central heating,12,2,10,10,1,9,1,0,1,1,1,0
S01007001,Gas central heating,60,8,52,54,3,51,6,5,1,0,0,0
S01007001,Electric (including storage heaters) central heating,138,23,115,120,9,111,14,10,4,4,4,0
S01007001,Oil central heating,600,75,525,530,30,500,60,35,25,10,10,0
S01007001,Solid fuel (for example wood coal) central heating,43,14,29,32,3,29,6,6,0,5,5,0
S01007001,Other central heating,11,2,9,11,2,9,0,0,0,0,0,0
S01007001,Two or more types of central heating,42,2,40,40,1,39,2,1,1,0,0,0
S01007002,All people in households,605,89,516,543,33,510,37,31,6,25,25,0
S01007002,No central heating,8,3,5,6,1,5,1,1,0,1,1,0
S01007002,Gas central heating,318,45,273,284,14,270,19,16,3,15,15,0
S01007002,Electric (including storage heaters) central heating,38,10,28,30,3,27,5,4,1,3,3,0
S01007002,Oil central heating,178,25,153,165,13,152,7,6,1,6,6,0
S01007002,Solid fuel (for example wood coal) central heating,29,3,26,28,2,26,1,1,0,0,0,0
S01007002,Other central heating,2,0,2,2,0,2,0,0,0,0,0,0
S01007002,Two or more types of central heating,32,3,29,28,0,28,4,3,1,0,0,0
S01007003,All people in households,524,54,470,476,21,455,37,22,15,11,11,0
S01007003,No central heating,28,4,24,21,1,20,6,2,4,1,1,0
S01007003,Gas central heating,60,6,54,55,3,52,3,1,2,2,2,0
S01007003,Electric (including storage heaters) central heating,34,9,25,24,3,21,9,5,4,1,1,0
S01007003,Oil central heating,329,28,301,310,11,299,12,10,2,7,7,0
S01007003,Solid fuel (for example wood coal) central heating,21,4,17,17,1,16,4,3,1,0,0,0
S01007003,Other central heating,10,0,10,9,0,9,1,0,1,0,0,0
S01007003,Two or more types of central heating,42,3,39,40,2,38,2,1,1,0,0,0
S01007004,All people in households,718,112,606,632,50,582,65,42,23,21,20,1
S01007004,No central heating,30,10,20,24,4,20,4,4,0,2,2,0
S01007004,Gas central heating,72,16,56,61,6,55,6,5,1,5,5,0
S01007004,Electric (including storage heaters) central heating,58,13,45,49,7,42,6,4,2,3,2,1
S01007004,Oil central heating,435,63,372,383,29,354,42,24,18,10,10,0
S01007004,Solid fuel (for example wood coal) central heating,37,2,35,37,2,35,0,0,0,0,0,0
S01007004,Other central heating,13,2,11,10,0,10,3,2,1,0,0,0
S01007004,Two or more types of central heating,73,6,67,68,2,66,4,3,1,1,1,0
S01007005,All people in households,904,104,800,830,51,779,51,33,18,23,20,3
S01007005,No central heating,21,3,18,15,1,14,5,2,3,1,0,1
S01007005,Gas central heating,43,4,39,40,2,38,1,0,1,2,2,0
S01007005,Electric (including storage heaters) central heating,84,18,66,75,10,65,5,4,1,4,4,0
S01007005,Oil central heating,638,54,584,598,27,571,29,17,12,11,10,1
S01007005,Solid fuel (for example wood coal) central heating,27,5,22,24,3,21,2,1,1,1,1,0
S01007005,Other central heating,29,5,24,26,2,24,3,3,0,0,0,0
S01007005,Two or more types of central heating,62,15,47,52,6,46,6,6,0,4,3,1
S01007006,All people in households,898,158,740,753,43,710,110,80,30,35,35,0
S01007006,No central heating,22,6,16,18,2,16,4,4,0,0,0,0
S01007006,Gas central heating,77,16,61,58,3,55,15,9,6,4,4,0
S01007006,Electric (including storage heaters) central heating,150,35,115,119,7,112,18,15,3,13,13,0
S01007006,Oil central heating,464,82,382,387,23,364,62,44,18,15,15,0
S01007006,Solid fuel (for example wood coal) central heating,105,11,94,98,5,93,6,5,1,1,1,0
S01007006,Other central heating,16,1,15,15,0,15,0,0,0,1,1,0
S01007006,Two or more types of central heating,64,7,57,58,3,55,5,3,2,1,1,0
S01007007,All people in households,848,133,715,750,56,694,65,45,20,33,32,1
S01007007,No central heating,44,9,35,33,3,30,8,4,4,3,2,1
S01007007,Gas central heating,97,12,85,91,6,85,4,4,0,2,2,0
S01007007,Electric (including storage heaters) central heating,35,14,21,26,7,19,7,5,2,2,2,0
S01007007,Oil central heating,491,72,419,438,28,410,33,24,9,20,20,0
S01007007,Solid fuel (for example wood coal) central heating,83,11,72,77,6,71,4,3,1,2,2,0
S01007007,Other central heating,20,5,15,17,2,15,2,2,0,1,1,0
S01007007,Two or more types of central heating,78,10,68,68,4,64,7,3,4,3,3,0
S01007008,All people in households,991,184,807,828,58,770,124,89,35,39,37,2
S01007008,No central heating,15,8,7,12,5,7,0,0,0,3,3,0
S01007008,Gas central heating,853,152,701,717,48,669,108,77,31,28,27,1
S01007008,Electric (including storage heaters) central heating,93,16,77,76,4,72,12,8,4,5,4,1
S01007008,Oil central heating,18,2,16,17,1,16,1,1,0,0,0,0
S01007008,Solid fuel (for example wood coal) central heating,4,1,3,3,0,3,1,1,0,0,0,0
S01007008,Other central heating,0,0,0,0,0,0,0,0,0,0,0,0
S01007008,Two or more types of central heating,8,5,3,3,0,3,2,2,0,3,3,0
S01007009,All people in households,1011,190,821,856,75,781,124,84,40,31,31,0
S01007009,No central heating,11,4,7,9,3,6,2,1,1,0,0,0
S01007009,Gas central heating,802,145,657,686,56,630,91,64,27,25,25,0
S01007009,Electric (including storage heaters) central heating,80,16,64,64,5,59,15,10,5,1,1,0
S01007009,Oil central heating,63,16,47,52,8,44,9,6,3,2,2,0
S01007009,Solid fuel (for example wood coal) central heating,9,2,7,7,1,6,2,1,1,0,0,0
S01007009,Other central heating,11,1,10,11,1,10,0,0,0,0,0,0
S01007009,Two or more types of central heating,35,6,29,27,1,26,5,2,3,3,3,0
S01007010,All people in households,781,168,613,655,72,583,103,75,28,23,21,2
S01007010,No central heating,9,1,8,8,0,8,1,1,0,0,0,0
S01007010,Gas central heating,655,137,518,551,57,494,84,62,22,20,18,2
S01007010,Electric (including storage heaters) central heating,75,13,62,66,7,59,8,5,3,1,1,0
S01007010,Oil central heating,24,8,16,20,4,16,3,3,0,1,1,0
S01007010,Solid fuel (for example wood coal) central heating,0,0,0,0,0,0,0,0,0,0,0,0
S01007010,Other central heating,1,1,0,0,0,0,0,0,0,1,1,0
S01007010,Two or more types of central heating,17,8,9,10,4,6,7,4,3,0,0,0
S01007011,All people in households,857,186,671,690,54,636,129,95,34,38,37,1
S01007011,No central heating,19,6,13,13,1,12,5,4,1,1,1,0
S01007011,Gas central heating,717,156,561,576,45,531,107,78,29,34,33,1
S01007011,Electric (including storage heaters) central heating,66,11,55,54,2,52,10,7,3,2,2,0
S01007011,Oil central heating,12,4,8,7,0,7,4,3,1,1,1,0
S01007011,Solid fuel (for example wood coal) central heating,19,1,18,18,0,18,1,1,0,0,0,0
S01007011,Other central heating,0,0,0,0,0,0,0,0,0,0,0,0
S01007011,Two or more types of central heating,24,8,16,22,6,16,2,2,0,0,0,0
S01007012,All people in households,707,119,588,572,32,540,101,60,41,34,27,7
S01007012,No central heating,4,3,1,3,2,1,0,0,0,1,1,0
S01007012,Gas central heating,653,103,550,532,26,506,89,52,37,32,25,7
S01007012,Electric (including storage heaters) central heating,34,10,24,24,2,22,9,7,2,1,1,0
S01007012,Oil central heating,3,2,1,1,1,0,2,1,1,0,0,0
S01007012,Solid fuel (for example wood coal) central heating,0,0,0,0,0,0,0,0,0,0,0,0
S01007012,Other central heating,0,0,0,0,0,0,0,0,0,0,0,0
S01007012,Two or more types of central heating,13,1,12,12,1,11,1,0,1,0,0,0
S01007013,All people in households,565,85,480,507,39,468,46,34,12,12,12,0
S01007013,No central heating,11,3,8,9,3,6,2,0,2,0,0,0
S01007013,Gas central heating,59,12,47,51,4,47,6,6,0,2,2,0
S01007013,Electric (including storage heaters) central heating,32,6,26,29,3,26,2,2,0,1,1,0
S01007013,Oil central heating,394,48,346,360,23,337,28,19,9,6,6,0
S01007013,Solid fuel (for example wood coal) central heating,21,3,18,18,0,18,1,1,0,2,2,0
S01007013,Other central heating,21,4,17,19,2,17,1,1,0,1,1,0
S01007013,Two or more types of central heating,27,9,18,21,4,17,6,5,1,0,0,0
S01007014,All people in households,996,113,883,907,49,858,69,44,25,20,20,0
S01007014,No central heating,14,0,14,12,0,12,2,0,2,0,0,0
S01007014,Gas central heating,417,45,372,378,15,363,31,22,9,8,8,0
S01007014,Electric (including storage heaters) central heating,48,4,44,42,1,41,5,2,3,1,1,0
S01007014,Oil central heating,437,49,388,405,27,378,26,16,10,6,6,0
S01007014,Solid fuel (for example wood coal) central heating,40,11,29,32,4,28,4,3,1,4,4,0
S01007014,Other central heating,2,0,2,2,0,2,0,0,0,0,0,0
S01007014,Two or more types of central heating,38,4,34,36,2,34,1,1,0,1,1,0
S01007015,All people in households,625,90,535,559,41,518,52,36,16,14,13,1
S01007015,No central heating,29,3,26,26,1,25,2,1,1,1,1,0
S01007015,Gas central heating,69,19,50,56,8,48,8,6,2,5,5,0
S01007015,Electric (including storage heaters) central heating,22,10,12,18,7,11,2,1,1,2,2,0
S01007015,Oil central heating,391,48,343,353,19,334,34,25,9,4,4,0
S01007015,Solid fuel (for example wood coal) central heating,48,3,45,44,1,43,3,1,2,1,1,0
S01007015,Other central heating,17,1,16,16,1,15,1,0,1,0,0,0
S01007015,Two or more types of central heating,49,6,43,46,4,42,2,2,0,1,0,1
S01007016,All people in households,592,66,526,542,31,511,36,21,15,14,14,0
S01007016,No central heating,19,5,14,12,1,11,5,2,3,2,2,0
S01007016,Gas central heating,40,6,34,38,4,34,1,1,0,1,1,0
S01007016,Electric (including storage heaters) central heating,51,3,48,48,0,48,0,0,0,3,3,0
S01007016,Oil central heating,385,41,344,354,17,337,23,16,7,8,8,0
S01007016,Solid fuel (for example wood coal) central heating,45,6,39,39,4,35,6,2,4,0,0,0
S01007016,Other central heating,19,3,16,18,3,15,1,0,1,0,0,0
S01007016,Two or more types of central heating,33,2,31,33,2,31,0,0,0,0,0,0
S01007017,All people in households,986,177,809,811,47,764,127,85,42,48,45,3
S01007017,No central heating,3,1,2,2,0,2,1,1,0,0,0,0
S01007017,Gas central heating,790,118,672,671,32,639,91,60,31,28,26,2
S01007017,Electric (including storage heaters) central heating,148,48,100,103,11,92,30,22,8,15,15,0
S01007017,Oil central heating,19,7,12,12,2,10,3,1,2,4,4,0
S01007017,Solid fuel (for example wood coal) central heating,7,1,6,6,0,6,1,1,0,0,0,0
S01007017,Other central heating,0,0,0,0,0,0,0,0,0,0,0,0
S01007017,Two or more types of central heating,19,2,17,17,2,15,1,0,1,1,0,1
S01007018,All people in households,990,143,847,862,54,808,103,67,36,25,22,3
S01007018,No central heating,0,0,0,0,0,0,0,0,0,0,0,0
S01007018,Gas central heating,691,87,604,611,34,577,65,41,24,15,12,3
S01007018,Electric (including storage heaters) central heating,215,39,176,182,15,167,27,18,9,6,6,0
S01007018,Oil central heating,64,9,55,57,4,53,4,2,2,3,3,0
S01007018,Solid fuel (for example wood coal) central heating,0,0,0,0,0,0,0,0,0,0,0,0
S01007018,Other central heating,3,0,3,3,0,3,0,0,0,0,0,0
S01007018,Two or more types of central heating,17,8,9,9,1,8,7,6,1,1,1,0
S01007019,All people in households,665,130,535,555,43,512,83,62,21,27,25,2
S01007019,No central heating,12,1,11,10,0,10,1,1,0,1,0,1
S01007019,Gas central heating,397,75,322,339,28,311,45,34,11,13,13,0
S01007019,Electric (including storage heaters) central heating,182,44,138,140,12,128,31,22,9,11,10,1
S01007019,Oil central heating,44,8,36,37,2,35,6,5,1,1,1,0
S01007019,Solid fuel (for example wood coal) central heating,2,0,2,2,0,2,0,0,0,0,0,0
S01007019,Other central heating,0,0,0,0,0,0,0,0,0,0,0,0
S01007019,Two or more types of central heating,28,2,26,27,1,26,0,0,0,1,1,0
S01007020,All people in households,768,170,598,637,63,574,102,78,24,29,29,0
S01007020,No central heating,9,4,5,6,1,5,2,2,0,1,1,0
S01007020,Gas central heating,643,116,527,554,46,508,73,54,19,16,16,0
S01007020,Electric (including storage heaters) central heating,76,48,28,38,14,24,26,22,4,12,12,0
S01007020,Oil central heating,31,1,30,30,1,29,1,0,1,0,0,0
S01007020,Solid fuel (for example wood coal) central heating,3,1,2,3,1,2,0,0,0,0,0,0
S01007020,Other central heating,2,0,2,2,0,2,0,0,0,0,0,0
S01007020,Two or more types of central heating,4,0,4,4,0,4,0,0,0,0,0,0
S01007021,All people in households,879,168,711,753,68,685,101,76,25,25,24,1
S01007021,No central heating,4,1,3,3,0,3,1,1,0,0,0,0
S01007021,Gas central heating,709,128,581,612,54,558,80,58,22,17,16,1
S01007021,Electric (including storage heaters) central heating,83,30,53,62,10,52,14,13,1,7,7,0
S01007021,Oil central heating,67,7,60,61,3,58,5,3,2,1,1,0
S01007021,Solid fuel (for example wood coal) central heating,1,0,1,1,0,1,0,0,0,0,0,0
S01007021,Other central heating,3,0,3,3,0,3,0,0,0,0,0,0
S01007021,Two or more types of central heating,12,2,10,11,1,10,1,1,0,0,0,0
S01007022,All people in households,498,95,403,414,30,384,64,46,18,20,19,1
S01007022,No central heating,0,0,0,0,0,0,0,0,0,0,0,0
S01007022,Gas central heating,422,69,353,362,26,336,48,32,16,12,11,1
S01007022,Electric (including storage heaters) central heating,43,20,23,24,2,22,12,11,1,7,7,0
S01007022,Oil central heating,17,4,13,14,1,13,2,2,0,1,1,0
S01007022,Solid fuel (for example wood coal) central heating,4,1,3,3,1,2,1,0,1,0,0,0
S01007022,Other central heating,0,0,0,0,0,0,0,0,0,0,0,0
S01007022,Two or more types of central heating,12,1,11,11,0,11,1,1,0,0,0,0
S01007023,All people in households,494,104,390,413,32,381,57,50,7,24,22,2
S01007023,No central heating,15,7,8,11,3,8,3,3,0,1,1,0
S01007023,Gas central heating,79,17,62,68,8,60,7,7,0,4,2,2
S01007023,Electric (including storage heaters) central heating,106,32,74,78,8,70,21,17,4,7,7,0
S01007023,Oil central heating,231,31,200,206,9,197,18,15,3,7,7,0
S01007023,Solid fuel (for example wood coal) central heating,27,7,20,21,1,20,3,3,0,3,3,0
S01007023,Other central heating,4,2,2,2,0,2,2,2,0,0,0,0
S01007023,Two or more types of central heating,32,8,24,27,3,24,3,3,0,2,2,0
S01007024,All people in households,1014,190,824,850,68,782,122,80,42,42,42,0
S01007024,No central heating,37,13,24,23,2,21,7,4,3,7,7,0
S01007024,Gas central heating,81,14,67,65,3,62,13,8,5,3,3,0
S01007024,Electric (including storage heaters) central heating,124,35,89,91,9,82,24,17,7,9,9,0
S01007024,Oil central heating,631,103,528,551,42,509,60,41,19,20,20,0
S01007024,Solid fuel (for example wood coal) central heating,64,14,50,54,7,47,9,6,3,1,1,0
S01007024,Other central heating,27,3,24,23,1,22,3,1,2,1,1,0
S01007024,Two or more types of central heating,50,8,42,43,4,39,6,3,3,1,1,0
S01007025,All people in households,854,170,684,688,46,642,112,72,40,54,52,2
S01007025,No central heating,3,2,1,2,1,1,0,0,0,1,1,0
S01007025,Gas central heating,625,108,517,516,25,491,75,50,25,34,33,1
S01007025,Electric (including storage heaters) central heating,155,44,111,113,14,99,30,18,12,12,12,0
S01007025,Oil central heating,24,7,17,22,5,17,0,0,0,2,2,0
S01007025,Solid fuel (for example wood coal) central heating,25,8,17,16,1,15,4,3,1,5,4,1
S01007025,Other central heating,13,0,13,11,0,11,2,0,2,0,0,0
S01007025,Two or more types of central heating,9,1,8,8,0,8,1,1,0,0,0,0
S01007026,All people in households,860,208,652,701,76,625,125,98,27,34,34,0
S01007026,No central heating,4,3,1,3,3,0,1,0,1,0,0,0
S01007026,Gas central heating,675,133,542,568,47,521,84,63,21,23,23,0
S01007026,Electric (including storage heaters) central heating,104,54,50,66,20,46,29,25,4,9,9,0
S01007026,Oil central heating,42,10,32,35,4,31,7,6,1,0,0,0
S01007026,Solid fuel (for example wood coal) central heating,9,2,7,7,0,7,1,1,0,1,1,0
S01007026,Other central heating,2,2,0,0,0,0,2,2,0,0,0,0
S01007026,Two or more types of central heating,24,4,20,22,2,20,1,1,0,1,1,0
S01007027,All people in households,1085,236,849,887,79,808,147,106,41,51,51,0
S01007027,No central heating,12,6,6,9,3,6,3,3,0,0,0,0
S01007027,Gas central heating,851,157,694,718,58,660,101,67,34,32,32,0
S01007027,Electric (including storage heaters) central heating,143,54,89,94,11,83,39,33,6,10,10,0
S01007027,Oil central heating,46,14,32,38,7,31,3,2,1,5,5,0
S01007027,Solid fuel (for example wood coal) central heating,7,2,5,5,0,5,0,0,0,2,2,0
S01007027,Other central heating,5,1,4,4,0,4,0,0,0,1,1,0
S01007027,Two or more types of central heating,21,2,19,19,0,19,1,1,0,1,1,0
S01007028,All people in households,734,161,573,620,67,553,83,63,20,31,31,0
S01007028,No central heating,28,2,26,24,0,24,3,1,2,1,1,0
S01007028,Gas central heating,197,50,147,166,22,144,25,22,3,6,6,0
S01007028,Electric (including storage heaters) central heating,91,20,71,76,8,68,11,8,3,4,4,0
S01007028,Oil central heating,303,63,240,256,24,232,33,25,8,14,14,0
S01007028,Solid fuel (for example wood coal) central heating,62,11,51,55,6,49,6,4,2,1,1,0
S01007028,Other central heating,6,4,2,3,1,2,0,0,0,3,3,0
S01007028,Two or more types of central heating,47,11,36,40,6,34,5,3,2,2,2,0
S01007029,All people in households,560,109,451,479,45,434,62,46,16,19,18,1
S01007029,No central heating,15,5,10,9,1,8,5,3,2,1,1,0
S01007029,Gas central heating,66,11,55,56,4,52,7,5,2,3,2,1
S01007029,Electric (including storage heaters) central heating,41,14,27,37,10,27,4,4,0,0,0,0
S01007029,Oil central heating,356,67,289,301,22,279,40,30,10,15,15,0
S01007029,Solid fuel (for example wood coal) central heating,46,4,42,44,3,41,2,1,1,0,0,0
S01007029,Other central heating,3,1,2,3,1,2,0,0,0,0,0,0
S01007029,Two or more types of central heating,33,7,26,29,4,25,4,3,1,0,0,0
S01007030,All people in households,820,144,676,709,54,655,79,58,21,32,32,0
S01007030,No central heating,9,1,8,9,1,8,0,0,0,0,0,0
S01007030,Gas central heating,57,9,48,47,2,45,9,6,3,1,1,0
S01007030,Electric (including storage heaters) central heating,287,53,234,239,14,225,36,27,9,12,12,0
S01007030,Oil central heating,388,65,323,348,33,315,23,15,8,17,17,0
S01007030,Solid fuel (for example wood coal) central heating,44,11,33,36,3,33,7,7,0,1,1,0
S01007030,Other central heating,17,2,15,16,1,15,1,1,0,0,0,0
S01007030,Two or more types of central heating,18,3,15,14,0,14,3,2,1,1,1,0
S01007031,All people in households,630,130,500,526,49,477,71,49,22,33,32,1
S01007031,No central heating,1,0,1,1,0,1,0,0,0,0,0,0
S01007031,Gas central heating,62,15,47,52,8,44,8,5,3,2,2,0
S01007031,Electric (including storage heaters) central heating,182,61,121,129,20,109,40,29,11,13,12,1
S01007031,Oil central heating,313,45,268,278,15,263,18,13,5,17,17,0
S01007031,Solid fuel (for example wood coal) central heating,40,5,35,35,2,33,4,2,2,1,1,0
S01007031,Other central heating,2,0,2,2,0,2,0,0,0,0,0,0
S01007031,Two or more types of central heating,30,4,26,29,4,25,1,0,1,0,0,0
S01007032,All people in households,966,229,737,756,66,690,159,116,43,51,47,4
S01007032,No central heating,12,5,7,7,1,6,4,3,1,1,1,0
S01007032,Gas central heating,736,182,554,577,51,526,115,90,25,44,41,3
S01007032,Electric (including storage heaters) central heating,126,26,100,99,10,89,26,15,11,1,1,0
S01007032,Oil central heating,28,1,27,25,1,24,3,0,3,0,0,0
S01007032,Solid fuel (for example wood coal) central heating,16,4,12,10,1,9,3,0,3,3,3,0
S01007032,Other central heating,3,2,1,1,0,1,2,2,0,0,0,0
S01007032,Two or more types of central heating,45,9,36,37,2,35,6,6,0,2,1,1
S01007033,All people in households,740,166,574,604,66,538,105,70,35,31,30,1
S01007033,No central heating,8,0,8,7,0,7,1,0,1,0,0,0
S01007033,Gas central heating,455,97,358,377,37,340,56,38,18,22,22,0
S01007033,Electric (including storage heaters) central heating,250,60,190,201,26,175,42,27,15,7,7,0
S01007033,Oil central heating,10,6,4,7,3,4,3,3,0,0,0,0
S01007033,Solid fuel (for example wood coal) central heating,5,1,4,4,0,4,1,1,0,0,0,0
S01007033,Other central heating,2,0,2,0,0,0,1,0,1,1,0,1
S01007033,Two or more types of central heating,10,2,8,8,0,8,1,1,0,1,1,0
S01007034,All people in households,592,123,469,486,38,448,77,56,21,29,29,0
S01007034,No central heating,5,3,2,3,1,2,0,0,0,2,2,0
S01007034,Gas central heating,485,98,387,400,28,372,63,48,15,22,22,0
S01007034,Electric (including storage heaters) central heating,51,11,40,43,6,37,7,4,3,1,1,0
S01007034,Oil central heating,13,2,11,12,1,11,0,0,0,1,1,0
S01007034,Solid fuel (for example wood coal) central heating,12,3,9,7,0,7,4,2,2,1,1,0
S01007034,Other central heating,0,0,0,0,0,0,0,0,0,0,0,0
S01007034,Two or more types of central heating,26,6,20,21,2,19,3,2,1,2,2,0
S01007035,All people in households,786,163,623,625,47,578,121,80,41,40,36,4
S01007035,No central heating,10,3,7,7,1,6,1,1,0,2,1,1
S01007035,Gas central heating,527,103,424,419,29,390,83,51,32,25,23,2
S01007035,Electric (including storage heaters) central heating,204,47,157,162,13,149,31,24,7,11,10,1
S01007035,Oil central heating,22,1,21,19,0,19,3,1,2,0,0,0
S01007035,Solid fuel (for example wood coal) central heating,13,4,9,10,1,9,2,2,0,1,1,0
S01007035,Other central heating,0,0,0,0,0,0,0,0,0,0,0,0
S01007035,Two or more types of central heating,10,5,5,8,3,5,1,1,0,1,1,0
S01007036,All people in households,919,161,758,793,63,730,103,76,27,23,22,1
S01007036,No central heating,6,0,6,5,0,5,1,0,1,0,0,0
S01007036,Gas central heating,773,113,660,684,46,638,76,54,22,13,13,0
S01007036,Electric (including storage heaters) central heating,77,42,35,44,13,31,25,21,4,8,8,0
S01007036,Oil central heating,31,4,27,29,3,26,0,0,0,2,1,1
S01007036,Solid fuel (for example wood coal) central heating,10,0,10,10,0,10,0,0,0,0,0,0
S01007036,Other central heating,0,0,0,0,0,0,0,0,0,0,0,0
S01007036,Two or more types of central heating,22,2,20,21,1,20,1,1,0,0,0,0
S01007037,All people in households,1020,204,816,835,60,775,120,82,38,65,62,3
S01007037,No central heating,2,1,1,2,1,1,0,0,0,0,0,0
S01007037,Gas central heating,886,151,735,753,49,704,87,56,31,46,46,0
S01007037,Electric (including storage heaters) central heating,94,43,51,53,10,43,26,21,5,15,12,3
S01007037,Oil central heating,19,6,13,13,0,13,5,5,0,1,1,0
S01007037,Solid fuel (for example wood coal) central heating,7,1,6,4,0,4,2,0,2,1,1,0
S01007037,Other central heating,0,0,0,0,0,0,0,0,0,0,0,0
S01007037,Two or more types of central heating,12,2,10,10,0,10,0,0,0,2,2,0
S01007038,All people in households,755,129,626,641,44,597,85,58,27,29,27,2
S01007038,No central heating,14,1,13,12,1,11,2,0,2,0,0,0
S01007038,Gas central heating,639,104,535,547,34,513,72,51,21,20,19,1
S01007038,Electric (including storage heaters) central heating,64,16,48,51,6,45,8,5,3,5,5,0
S01007038,Oil central heating,16,2,14,14,0,14,1,1,0,1,1,0
S01007038,Solid fuel (for example wood coal) central heating,0,0,0,0,0,0,0,0,0,0,0,0
S01007038,Other central heating,3,0,3,3,0,3,0,0,0,0,0,0
S01007038,Two or more types of central heating,19,6,13,14,3,11,2,1,1,3,2,1
S01007039,All people in households,860,140,720,724,39,685,99,66,33,37,35,2
S01007039,No central heating,9,0,9,8,0,8,1,0,1,0,0,0
S01007039,Gas central heating,729,106,623,622,31,591,76,46,30,31,29,2
S01007039,Electric (including storage heaters) central heating,86,28,58,63,6,57,18,17,1,5,5,0
S01007039,Oil central heating,8,0,8,8,0,8,0,0,0,0,0,0
S01007039,Solid fuel (for example wood coal) central heating,7,2,5,5,1,4,1,0,1,1,1,0
S01007039,Other central heating,0,0,0,0,0,0,0,0,0,0,0,0
S01007039,Two or more types of central heating,21,4,17,18,1,17,3,3,0,0,0,0
S01007040,All people in households,647,133,514,531,45,486,91,64,27,25,24,1
S01007040,No central heating,10,1,9,8,0,8,2,1,1,0,0,0
S01007040,Gas central heating,575,108,467,479,36,443,75,52,23,21,20,1
S01007040,Electric (including storage heaters) central heating,34,18,16,23,8,15,9,8,1,2,2,0
S01007040,Oil central heating,3,1,2,3,1,2,0,0,0,0,0,0
S01007040,Solid fuel (for example wood coal) central heating,13,1,12,11,0,11,1,0,1,1,1,0
S01007040,Other central heating,1,1,0,0,0,0,1,1,0,0,0,0
S01007040,Two or more types of central heating,11,3,8,7,0,7,3,2,1,1,1,0
S01007041,All people in households,713,144,569,596,51,545,84,62,22,33,31,2
S01007041,No central heating,6,0,6,6,0,6,0,0,0,0,0,0
S01007041,Gas central heating,614,111,503,522,43,479,65,43,22,27,25,2
S01007041,Electric (including storage heaters) central heating,42,17,25,29,4,25,9,9,0,4,4,0
S01007041,Oil central heating,10,2,8,8,0,8,1,1,0,1,1,0
S01007041,Solid fuel (for example wood coal) central heating,17,7,10,10,0,10,6,6,0,1,1,0
S01007041,Other central heating,5,2,3,4,1,3,1,1,0,0,0,0
S01007041,Two or more types of central heating,19,5,14,17,3,14,2,2,0,0,0,0
S01007042,All people in households,737,135,602,617,38,579,95,73,22,25,24,1
S01007042,No central heating,17,1,16,16,1,15,1,0,1,0,0,0
S01007042,Gas central heating,54,5,49,50,1,49,4,4,0,0,0,0
S01007042,Electric (including storage heaters) central heating,151,44,107,115,15,100,30,23,7,6,6,0
S01007042,Oil central heating,441,73,368,372,17,355,52,40,12,17,16,1
S01007042,Solid fuel (for example wood coal) central heating,39,9,30,32,4,28,6,4,2,1,1,0
S01007042,Other central heating,13,1,12,12,0,12,1,1,0,0,0,0
S01007042,Two or more types of central heating,22,2,20,20,0,20,1,1,0,1,1,0
S01007043,All people in households,964,139,825,861,56,805,75,55,20,28,28,0
S01007043,No central heating,42,6,36,37,2,35,2,1,1,3,3,0
S01007043,Gas central heating,118,8,110,114,6,108,4,2,2,0,0,0
S01007043,Electric (including storage heaters) central heating,68,22,46,54,9,45,9,8,1,5,5,0
S01007043,Oil central heating,574,72,502,520,29,491,43,32,11,11,11,0
S01007043,Solid fuel (for example wood coal) central heating,53,13,40,42,5,37,6,3,3,5,5,0
S01007043,Other central heating,27,5,22,24,2,22,2,2,0,1,1,0
S01007043,Two or more types of central heating,82,13,69,70,3,67,9,7,2,3,3,0
S01007044,All people in households,667,145,522,552,46,506,73,57,16,42,42,0
S01007044,No central heating,17,6,11,12,1,11,1,1,0,4,4,0
S01007044,Gas central heating,29,3,26,27,1,26,1,1,0,1,1,0
S01007044,Electric (including storage heaters) central heating,137,50,87,99,16,83,21,17,4,17,17,0
S01007044,Oil central heating,396,61,335,353,26,327,32,24,8,11,11,0
S01007044,Solid fuel (for example wood coal) central heating,45,14,31,29,1,28,9,6,3,7,7,0
S01007044,Other central heating,11,3,8,7,0,7,3,2,1,1,1,0
S01007044,Two or more types of central heating,32,8,24,25,1,24,6,6,0,1,1,0
S01007045,All people in households,799,147,652,664,44,620,93,62,31,42,41,1
S01007045,No central heating,29,12,17,19,3,16,7,6,1,3,3,0
S01007045,Gas central heating,89,11,78,82,4,78,4,4,0,3,3,0
S01007045,Electric (including storage heaters) central heating,39,10,29,29,3,26,6,3,3,4,4,0
S01007045,Oil central heating,514,80,434,442,28,414,57,37,20,15,15,0
S01007045,Solid fuel (for example wood coal) central heating,65,20,45,43,4,39,11,6,5,11,10,1
S01007045,Other central heating,20,5,15,16,1,15,0,0,0,4,4,0
S01007045,Two or more types of central heating,43,9,34,33,1,32,8,6,2,2,2,0
S01007046,All people in households,574,137,437,443,30,413,87,64,23,44,43,1
S01007046,No central heating,5,1,4,4,0,4,1,1,0,0,0,0
S01007046,Gas central heating,62,18,44,44,3,41,11,8,3,7,7,0
S01007046,Electric (including storage heaters) central heating,72,25,47,47,5,42,14,9,5,11,11,0
S01007046,Oil central heating,349,67,282,287,17,270,46,34,12,16,16,0
S01007046,Solid fuel (for example wood coal) central heating,47,16,31,32,3,29,11,9,2,4,4,0
S01007046,Other central heating,20,5,15,15,2,13,2,1,1,3,2,1
S01007046,Two or more types of central heating,19,5,14,14,0,14,2,2,0,3,3,0
S01007047,All people in households,665,125,540,559,49,510,78,49,29,28,27,1
S01007047,No central heating,27,7,20,24,4,20,1,1,0,2,2,0
S01007047,Gas central heating,58,14,44,48,5,43,8,7,1,2,2,0
S01007047,Electric (including storage heaters) central heating,53,12,41,41,4,37,10,6,4,2,2,0
S01007047,Oil central heating,418,76,342,357,31,326,43,28,15,18,17,1
S01007047,Solid fuel (for example wood coal) central heating,48,8,40,36,1,35,10,5,5,2,2,0
S01007047,Other central heating,14,3,11,12,1,11,1,1,0,1,1,0
S01007047,Two or more types of central heating,47,5,42,41,3,38,5,1,4,1,1,0
S01007048,All people in households,879,167,712,742,59,683,103,74,29,34,34,0
S01007048,No central heating,30,2,28,25,1,24,5,1,4,0,0,0
S01007048,Gas central heating,74,10,64,65,4,61,8,5,3,1,1,0
S01007048,Electric (including storage heaters) central heating,66,20,46,50,6,44,10,8,2,6,6,0
S01007048,Oil central heating,605,114,491,519,41,478,68,55,13,18,18,0
S01007048,Solid fuel (for example wood coal) central heating,65,13,52,53,5,48,5,1,4,7,7,0
S01007048,Other central heating,16,2,14,14,1,13,1,0,1,1,1,0
S01007048,Two or more types of central heating,23,6,17,16,1,15,6,4,2,1,1,0
S01007049,All people in households,945,192,753,754,45,709,139,96,43,52,51,1
S01007049,No central heating,16,1,15,13,0,13,2,0,2,1,1,0
S01007049,Gas central heating,25,4,21,22,1,21,0,0,0,3,3,0
S01007049,Electric (including storage heaters) central heating,304,68,236,234,13,221,50,35,15,20,20,0
S01007049,Oil central heating,411,72,339,341,20,321,58,41,17,12,11,1
S01007049,Solid fuel (for example wood coal) central heating,134,34,100,98,5,93,23,16,7,13,13,0
S01007049,Other central heating,15,1,14,14,0,14,0,0,0,1,1,0
S01007049,Two or more types of central heating,40,12,28,32,6,26,6,4,2,2,2,0
S01007050,All people in households,641,126,515,533,40,493,85,64,21,23,22,1
S01007050,No central heating,13,1,12,11,1,10,2,0,2,0,0,0
S01007050,Gas central heating,29,4,25,24,0,24,3,2,1,2,2,0
S01007050,Electric (including storage heaters) central heating,97,34,63,62,3,59,28,24,4,7,7,0
S01007050,Oil central heating,393,69,324,344,31,313,40,30,10,9,8,1
S01007050,Solid fuel (for example wood coal) central heating,45,6,39,37,0,37,5,3,2,3,3,0
S01007050,Other central heating,14,1,13,14,1,13,0,0,0,0,0,0
S01007050,Two or more types of central heating,50,11,39,41,4,37,7,5,2,2,2,0
S01007051,All people in households,768,99,669,684,40,644,63,38,25,21,21,0
S01007051,No central heating,16,3,13,12,0,12,2,1,1,2,2,0
S01007051,Gas central heating,42,8,34,35,4,31,6,3,3,1,1,0
S01007051,Electric (including storage heaters) central heating,257,40,217,215,11,204,33,20,13,9,9,0
S01007051,Oil central heating,391,36,355,369,20,349,15,9,6,7,7,0
S01007051,Solid fuel (for example wood coal) central heating,30,6,24,25,1,24,4,4,0,1,1,0
S01007051,Other central heating,5,4,1,3,2,1,1,1,0,1,1,0
S01007051,Two or more types of central heating,27,2,25,25,2,23,2,0,2,0,0,0
S01007052,All people in households,573,81,492,501,29,472,60,40,20,12,12,0
S01007052,No central heating,17,2,15,14,0,14,3,2,1,0,0,0
S01007052,Gas central heating,54,2,52,52,2,50,2,0,2,0,0,0
S01007052,Electric (including storage heaters) central heating,98,21,77,80,4,76,12,11,1,6,6,0
S01007052,Oil central heating,314,46,268,272,18,254,37,23,14,5,5,0
S01007052,Solid fuel (for example wood coal) central heating,41,4,37,40,3,37,1,1,0,0,0,0
S01007052,Other central heating,27,2,25,27,2,25,0,0,0,0,0,0
S01007052,Two or more types of central heating,22,4,18,16,0,16,5,3,2,1,1,0
S01007053,All people in households,494,88,406,417,32,385,60,40,20,17,16,1
S01007053,No central heating,14,2,12,10,0,10,3,1,2,1,1,0
S01007053,Gas central heating,29,1,28,27,1,26,2,0,2,0,0,0
S01007053,Electric (including storage heaters) central heating,35,10,25,29,5,24,4,3,1,2,2,0
S01007053,Oil central heating,344,59,285,298,22,276,36,27,9,10,10,0
S01007053,Solid fuel (for example wood coal) central heating,40,9,31,27,0,27,10,7,3,3,2,1
S01007053,Other central heating,6,0,6,6,0,6,0,0,0,0,0,0
S01007053,Two or more types of central heating,26,7,19,20,4,16,5,2,3,1,1,0
S01007054,All people in households,957,202,755,776,64,712,140,97,43,41,41,0
S01007054,No central heating,23,4,19,20,2,18,3,2,1,0,0,0
S01007054,Gas central heating,44,12,32,37,6,31,6,5,1,1,1,0
S01007054,Electric (including storage heaters) central heating,240,77,163,169,14,155,48,40,8,23,23,0
S01007054,Oil central heating,527,79,448,456,32,424,59,35,24,12,12,0
S01007054,Solid fuel (for example wood coal) central heating,76,21,55,57,8,49,16,10,6,3,3,0
S01007054,Other central heating,9,2,7,7,0,7,0,0,0,2,2,0
S01007054,Two or more types of central heating,38,7,31,30,2,28,8,5,3,0,0,0
S01007055,All people in households,515,51,464,464,15,449,38,23,15,13,13,0
S01007055,No central heating,19,4,15,15,1,14,3,2,1,1,1,0
S01007055,Gas central heating,26,2,24,23,0,23,3,2,1,0,0,0
S01007055,Electric (including storage heaters) central heating,18,4,14,13,0,13,2,1,1,3,3,0
S01007055,Oil central heating,382,27,355,353,9,344,24,13,11,5,5,0
S01007055,Solid fuel (for example wood coal) central heating,21,4,17,20,3,17,1,1,0,0,0,0
S01007055,Other central heating,20,4,16,17,1,16,3,3,0,0,0,0
S01007055,Two or more types of central heating,29,6,23,23,1,22,2,1,1,4,4,0
S01007056,All people in households,614,87,527,548,34,514,52,39,13,14,14,0
S01007056,No central heating,29,3,26,25,1,24,4,2,2,0,0,0
S01007056,Gas central heating,60,6,54,55,2,53,5,4,1,0,0,0
S01007056,Electric (including storage heaters) central heating,49,5,44,45,2,43,3,2,1,1,1,0
S01007056,Oil central heating,375,51,324,339,20,319,25,20,5,11,11,0
S01007056,Solid fuel (for example wood coal) central heating,41,8,33,36,5,31,4,2,2,1,1,0
S01007056,Other central heating,13,2,11,12,1,11,0,0,0,1,1,0
S01007056,Two or more types of central heating,47,12,35,36,3,33,11,9,2,0,0,0
S01007057,All people in households,520,90,430,440,35,405,70,47,23,10,8,2
S01007057,No central heating,4,3,1,2,1,1,1,1,0,1,1,0
S01007057,Gas central heating,404,60,344,352,25,327,48,32,16,4,3,1
S01007057,Electric (including storage heaters) central heating,54,18,36,34,5,29,18,12,6,2,1,1
S01007057,Oil central heating,43,6,37,39,3,36,3,2,1,1,1,0
S01007057,Solid fuel (for example wood coal) central heating,2,1,1,2,1,1,0,0,0,0,0,0
S01007057,Other central heating,9,0,9,9,0,9,0,0,0,0,0,0
S01007057,Two or more types of central heating,4,2,2,2,0,2,0,0,0,2,2,0
S01007058,All people in households,576,150,426,448,47,401,94,69,25,34,34,0
S01007058,No central heating,13,4,9,7,0,7,5,3,2,1,1,0
S01007058,Gas central heating,404,102,302,322,33,289,60,47,13,22,22,0
S01007058,Electric (including storage heaters) central heating,118,35,83,86,11,75,22,14,8,10,10,0
S01007058,Oil central heating,27,6,21,21,1,20,5,4,1,1,1,0
S01007058,Solid fuel (for example wood coal) central heating,0,0,0,0,0,0,0,0,0,0,0,0
S01007058,Other central heating,0,0,0,0,0,0,0,0,0,0,0,0
S01007058,Two or more types of central heating,14,3,11,12,2,10,2,1,1,0,0,0
S01007059,All people in households,1020,180,840,866,60,806,112,81,31,42,39,3
S01007059,No central heating,24,2,22,22,0,22,1,1,0,1,1,0
S01007059,Gas central heating,561,75,486,495,29,466,51,34,17,15,12,3
S01007059,Electric (including storage heaters) central heating,222,66,156,162,14,148,41,33,8,19,19,0
S01007059,Oil central heating,172,27,145,153,10,143,12,10,2,7,7,0
S01007059,Solid fuel (for example wood coal) central heating,14,2,12,11,2,9,3,0,3,0,0,0
S01007059,Other central heating,12,4,8,10,2,8,2,2,0,0,0,0
S01007059,Two or more types of central heating,15,4,11,13,3,10,2,1,1,0,0,0
S01007060,All people in households,604,115,489,504,39,465,74,51,23,26,25,1
S01007060,No central heating,6,1,5,5,0,5,1,1,0,0,0,0
S01007060,Gas central heating,176,36,140,146,14,132,23,15,8,7,7,0
S01007060,Electric (including storage heaters) central heating,353,67,286,293,23,270,48,33,15,12,11,1
S01007060,Oil central heating,51,5,46,48,2,46,1,1,0,2,2,0
S01007060,Solid fuel (for example wood coal) central heating,8,1,7,7,0,7,0,0,0,1,1,0
S01007060,Other central heating,0,0,0,0,0,0,0,0,0,0,0,0
S01007060,Two or more types of central heating,10,5,5,5,0,5,1,1,0,4,4,0
S01007061,All people in households,930,98,832,846,43,803,63,37,26,21,18,3
S01007061,No central heating,22,1,21,22,1,21,0,0,0,0,0,0
S01007061,Gas central heating,56,11,45,49,4,45,4,4,0,3,3,0
S01007061,Electric (including storage heaters) central heating,79,12,67,71,4,67,7,7,0,1,1,0
S01007061,Oil central heating,653,57,596,599,26,573,41,21,20,13,10,3
S01007061,Solid fuel (for example wood coal) central heating,29,6,23,25,3,22,2,1,1,2,2,0
S01007061,Other central heating,36,3,33,32,1,31,4,2,2,0,0,0
S01007061,Two or more types of central heating,55,8,47,48,4,44,5,2,3,2,2,0
S01007062,All people in households,665,87,578,587,32,555,61,38,23,17,17,0
S01007062,No central heating,14,3,11,11,0,11,3,3,0,0,0,0
S01007062,Gas central heating,67,10,57,61,7,54,4,1,3,2,2,0
S01007062,Electric (including storage heaters) central heating,40,4,36,37,1,36,2,2,0,1,1,0
S01007062,Oil central heating,431,54,377,377,15,362,43,28,15,11,11,0
S01007062,Solid fuel (for example wood coal) central heating,48,9,39,44,5,39,2,2,0,2,2,0
S01007062,Other central heating,13,1,12,13,1,12,0,0,0,0,0,0
S01007062,Two or more types of central heating,52,6,46,44,3,41,7,2,5,1,1,0
S01007063,All people in households,670,127,543,560,44,516,81,55,26,29,28,1
S01007063,No central heating,28,6,22,23,1,22,2,2,0,3,3,0
S01007063,Gas central heating,62,10,52,52,4,48,7,4,3,3,2,1
S01007063,Electric (including storage heaters) central heating,96,39,57,60,10,50,29,22,7,7,7,0
S01007063,Oil central heating,434,59,375,386,24,362,36,23,13,12,12,0
S01007063,Solid fuel (for example wood coal) central heating,23,7,16,14,1,13,6,3,3,3,3,0
S01007063,Other central heating,23,5,18,21,3,18,1,1,0,1,1,0
S01007063,Two or more types of central heating,4,1,3,4,1,3,0,0,0,0,0,0
S01007064,All people in households,627,108,519,534,38,496,70,47,23,23,23,0
S01007064,No central heating,13,4,9,9,1,8,3,2,1,1,1,0
S01007064,Gas central heating,78,21,57,57,3,54,18,15,3,3,3,0
S01007064,Electric (including storage heaters) central heating,103,19,84,91,9,82,8,6,2,4,4,0
S01007064,Oil central heating,352,53,299,310,23,287,31,19,12,11,11,0
S01007064,Solid fuel (for example wood coal) central heating,37,6,31,31,2,29,4,2,2,2,2,0
S01007064,Other central heating,18,1,17,16,0,16,2,1,1,0,0,0
S01007064,Two or more types of central heating,26,4,22,20,0,20,4,2,2,2,2,0
S01007065,All people in households,578,86,492,510,34,476,54,38,16,14,14,0
S01007065,No central heating,11,1,10,9,0,9,2,1,1,0,0,0
S01007065,Gas central heating,282,42,240,248,17,231,24,15,9,10,10,0
S01007065,Electric (including storage heaters) central heating,32,10,22,23,2,21,7,6,1,2,2,0
S01007065,Oil central heating,200,25,175,180,9,171,18,14,4,2,2,0
S01007065,Solid fuel (for example wood coal) central heating,12,1,11,12,1,11,0,0,0,0,0,0
S01007065,Other central heating,17,1,16,17,1,16,0,0,0,0,0,0
S01007065,Two or more types of central heating,24,6,18,21,4,17,3,2,1,0,0,0
S01007066,All people in households,648,113,535,556,38,518,72,56,16,20,19,1
S01007066,No central heating,32,5,27,26,2,24,6,3,3,0,0,0
S01007066,Gas central heating,154,26,128,136,11,125,15,12,3,3,3,0
S01007066,Electric (including storage heaters) central heating,48,13,35,36,2,34,6,5,1,6,6,0
S01007066,Oil central heating,336,54,282,293,18,275,33,27,6,10,9,1
S01007066,Solid fuel (for example wood coal) central heating,43,8,35,36,2,34,7,6,1,0,0,0
S01007066,Other central heating,16,3,13,14,1,13,2,2,0,0,0,0
S01007066,Two or more types of central heating,19,4,15,15,2,13,3,1,2,1,1,0
S01007067,All people in households,553,81,472,468,21,447,68,43,25,17,17,0
S01007067,No central heating,8,0,8,8,0,8,0,0,0,0,0,0
S01007067,Gas central heating,477,71,406,405,19,386,57,37,20,15,15,0
S01007067,Electric (including storage heaters) central heating,25,1,24,23,0,23,2,1,1,0,0,0
S01007067,Oil central heating,16,2,14,14,0,14,1,1,0,1,1,0
S01007067,Solid fuel (for example wood coal) central heating,11,5,6,7,1,6,3,3,0,1,1,0
S01007067,Other central heating,4,1,3,1,1,0,3,0,3,0,0,0
S01007067,Two or more types of central heating,12,1,11,10,0,10,2,1,1,0,0,0
S01007068,All people in households,708,161,547,572,56,516,99,71,28,37,34,3
S01007068,No central heating,17,2,15,13,0,13,2,1,1,2,1,1
S01007068,Gas central heating,388,70,318,331,26,305,42,30,12,15,14,1
S01007068,Electric (including storage heaters) central heating,244,72,172,182,23,159,45,33,12,17,16,1
S01007068,Oil central heating,49,13,36,38,5,33,9,6,3,2,2,0
S01007068,Solid fuel (for example wood coal) central heating,5,3,2,3,1,2,1,1,0,1,1,0
S01007068,Other central heating,0,0,0,0,0,0,0,0,0,0,0,0
S01007068,Two or more types of central heating,5,1,4,5,1,4,0,0,0,0,0,0
S01007069,All people in households,845,142,703,715,40,675,92,66,26,38,36,2
S01007069,No central heating,14,4,10,11,1,10,2,2,0,1,1,0
S01007069,Gas central heating,663,99,564,568,28,540,71,48,23,24,23,1
S01007069,Electric (including storage heaters) central heating,28,10,18,18,0,18,4,4,0,6,6,0
S01007069,Oil central heating,89,18,71,75,7,68,9,6,3,5,5,0
S01007069,Solid fuel (for example wood coal) central heating,14,4,10,13,3,10,1,1,0,0,0,0
S01007069,Other central heating,3,0,3,3,0,3,0,0,0,0,0,0
S01007069,Two or more types of central heating,34,7,27,27,1,26,5,5,0,2,1,1
S01007070,All people in households,500,120,380,379,31,348,85,54,31,36,35,1
S01007070,No central heating,15,4,11,13,2,11,1,1,0,1,1,0
S01007070,Gas central heating,370,82,288,282,20,262,67,42,25,21,20,1
S01007070,Electric (including storage heaters) central heating,73,25,48,51,6,45,11,8,3,11,11,0
S01007070,Oil central heating,20,7,13,12,2,10,5,2,3,3,3,0
S01007070,Solid fuel (for example wood coal) central heating,4,0,4,4,0,4,0,0,0,0,0,0
S01007070,Other central heating,0,0,0,0,0,0,0,0,0,0,0,0
S01007070,Two or more types of central heating,18,2,16,17,1,16,1,1,0,0,0,0
S01007071,All people in households,821,124,697,716,50,666,77,46,31,28,28,0
S01007071,No central heating,11,3,8,7,1,6,4,2,2,0,0,0
S01007071,Gas central heating,605,82,523,531,31,500,55,32,23,19,19,0
S01007071,Electric (including storage heaters) central heating,125,30,95,104,14,90,14,9,5,7,7,0
S01007071,Oil central heating,41,6,35,37,2,35,3,3,0,1,1,0
S01007071,Solid fuel (for example wood coal) central heating,6,0,6,6,0,6,0,0,0,0,0,0
S01007071,Other central heating,0,0,0,0,0,0,0,0,0,0,0,0
S01007071,Two or more types of central heating,33,3,30,31,2,29,1,0,1,1,1,0
S01007072,All people in households,641,72,569,573,19,554,50,36,14,18,17,1
S01007072,No central heating,6,1,5,5,0,5,0,0,0,1,1,0
S01007072,Gas central heating,611,67,544,548,17,531,46,34,12,17,16,1
S01007072,Electric (including storage heaters) central heating,5,1,4,3,0,3,2,1,1,0,0,0
S01007072,Oil central heating,19,3,16,17,2,15,2,1,1,0,0,0
S01007072,Solid fuel (for example wood coal) central heating,0,0,0,0,0,0,0,0,0,0,0,0
S01007072,Other central heating,0,0,0,0,0,0,0,0,0,0,0,0
S01007072,Two or more types of central heating,0,0,0,0,0,0,0,0,0,0,0,0
S01007073,All people in households,913,146,767,786,49,737,98,68,30,29,29,0
S01007073,No central heating,4,1,3,3,0,3,1,1,0,0,0,0
S01007073,Gas central heating,832,134,698,714,44,670,89,61,28,29,29,0
S01007073,Electric (including storage heaters) central heating,28,6,22,23,2,21,5,4,1,0,0,0
S01007073,Oil central heating,34,4,30,33,3,30,1,1,0,0,0,0
S01007073,Solid fuel (for example wood coal) central heating,0,0,0,0,0,0,0,0,0,0,0,0
S01007073,Other central heating,0,0,0,0,0,0,0,0,0,0,0,0
S01007073,Two or more types of central heating,15,1,14,13,0,13,2,1,1,0,0,0
S01007074,All people in households,661,105,556,574,51,523,69,38,31,18,16,2
S01007074,No central heating,7,0,7,6,0,6,0,0,0,1,0,1
S01007074,Gas central heating,597,96,501,520,48,472,64,35,29,13,13,0
S01007074,Electric (including storage heaters) central heating,32,7,25,25,3,22,3,1,2,4,3,1
S01007074,Oil central heating,14,0,14,14,0,14,0,0,0,0,0,0
S01007074,Solid fuel (for example wood coal) central heating,0,0,0,0,0,0,0,0,0,0,0,0
S01007074,Other central heating,4,0,4,4,0,4,0,0,0,0,0,0
S01007074,Two or more types of central heating,7,2,5,5,0,5,2,2,0,0,0,0
S01007075,All people in households,727,126,601,598,39,559,92,51,41,37,36,1
S01007075,No central heating,6,1,5,4,0,4,2,1,1,0,0,0
S01007075,Gas central heating,511,79,432,424,23,401,63,33,30,24,23,1
S01007075,Electric (including storage heaters) central heating,188,43,145,149,14,135,27,17,10,12,12,0
S01007075,Oil central heating,11,1,10,11,1,10,0,0,0,0,0,0
S01007075,Solid fuel (for example wood coal) central heating,0,0,0,0,0,0,0,0,0,0,0,0
S01007075,Other central heating,0,0,0,0,0,0,0,0,0,0,0,0
S01007075,Two or more types of central heating,11,2,9,10,1,9,0,0,0,1,1,0
S01007076,All people in households,759,108,651,661,35,626,76,51,25,22,22,0
S01007076,No central heating,5,0,5,5,0,5,0,0,0,0,0,0
S01007076,Gas central heating,694,94,600,610,33,577,66,43,23,18,18,0
S01007076,Electric (including storage heaters) central heating,20,8,12,12,1,11,6,5,1,2,2,0
S01007076,Oil central heating,11,1,10,11,1,10,0,0,0,0,0,0
S01007076,Solid fuel (for example wood coal) central heating,6,2,4,4,0,4,0,0,0,2,2,0
S01007076,Other central heating,7,1,6,5,0,5,2,1,1,0,0,0
S01007076,Two or more types of central heating,16,2,14,14,0,14,2,2,0,0,0,0
S01007077,All people in households,674,126,548,558,35,523,80,56,24,36,35,1
S01007077,No central heating,13,1,12,12,1,11,1,0,1,0,0,0
S01007077,Gas central heating,590,114,476,481,28,453,75,52,23,34,34,0
S01007077,Electric (including storage heaters) central heating,50,6,44,50,6,44,0,0,0,0,0,0
S01007077,Oil central heating,4,0,4,4,0,4,0,0,0,0,0,0
S01007077,Solid fuel (for example wood coal) central heating,0,0,0,0,0,0,0,0,0,0,0,0
S01007077,Other central heating,2,1,1,1,0,1,1,1,0,0,0,0
S01007077,Two or more types of central heating,15,4,11,10,0,10,3,3,0,2,1,1
S01007078,All people in households,843,187,656,656,50,606,143,95,48,44,42,2
S01007078,No central heating,5,0,5,5,0,5,0,0,0,0,0,0
S01007078,Gas central heating,773,167,606,606,44,562,128,86,42,39,37,2
S01007078,Electric (including storage heaters) central heating,19,7,12,14,3,11,2,1,1,3,3,0
S01007078,Oil central heating,18,4,14,15,2,13,3,2,1,0,0,0
S01007078,Solid fuel (for example wood coal) central heating,0,0,0,0,0,0,0,0,0,0,0,0
S01007078,Other central heating,1,1,0,0,0,0,1,1,0,0,0,0
S01007078,Two or more types of central heating,27,8,19,16,1,15,9,5,4,2,2,0
S01007079,All people in households,978,273,705,753,90,663,151,110,41,74,73,1
S01007079,No central heating,14,2,12,11,0,11,2,1,1,1,1,0
S01007079,Gas central heating,878,237,641,681,79,602,132,94,38,65,64,1
S01007079,Electric (including storage heaters) central heating,36,19,17,19,4,15,12,10,2,5,5,0
S01007079,Oil central heating,16,7,9,10,1,9,4,4,0,2,2,0
S01007079,Solid fuel (for example wood coal) central heating,2,0,2,2,0,2,0,0,0,0,0,0
S01007079,Other central heating,0,0,0,0,0,0,0,0,0,0,0,0
S01007079,Two or more types of central heating,32,8,24,30,6,24,1,1,0,1,1,0
S01007080,All people in households,790,208,582,602,79,523,139,81,58,49,48,1
S01007080,No central heating,2,0,2,2,0,2,0,0,0,0,0,0
S01007080,Gas central heating,723,192,531,549,71,478,128,76,52,46,45,1
S01007080,Electric (including storage heaters) central heating,24,9,15,17,4,13,4,2,2,3,3,0
S01007080,Oil central heating,5,3,2,3,1,2,2,2,0,0,0,0
S01007080,Solid fuel (for example wood coal) central heating,6,1,5,4,0,4,2,1,1,0,0,0
S01007080,Other central heating,2,0,2,2,0,2,0,0,0,0,0,0
S01007080,Two or more types of central heating,28,3,25,25,3,22,3,0,3,0,0,0
S01007081,All people in households,951,161,790,791,37,754,110,76,34,50,48,2
S01007081,No central heating,4,4,0,0,0,0,1,1,0,3,3,0
S01007081,Gas central heating,853,142,711,713,35,678,100,68,32,40,39,1
S01007081,Electric (including storage heaters) central heating,24,4,20,20,1,19,3,3,0,1,0,1
S01007081,Oil central heating,30,5,25,25,0,25,1,1,0,4,4,0
S01007081,Solid fuel (for example wood coal) central heating,11,4,7,8,1,7,2,2,0,1,1,0
S01007081,Other central heating,3,0,3,3,0,3,0,0,0,0,0,0
S01007081,Two or more types of central heating,26,2,24,22,0,22,3,1,2,1,1,0
S01007082,All people in households,551,112,439,443,32,411,68,41,27,40,39,1
S01007082,No central heating,5,3,2,2,0,2,2,2,0,1,1,0
S01007082,Gas central heating,507,104,403,412,32,380,56,34,22,39,38,1
S01007082,Electric (including storage heaters) central heating,15,2,13,10,0,10,5,2,3,0,0,0
S01007082,Oil central heating,0,0,0,0,0,0,0,0,0,0,0,0
S01007082,Solid fuel (for example wood coal) central heating,0,0,0,0,0,0,0,0,0,0,0,0
S01007082,Other central heating,4,0,4,4,0,4,0,0,0,0,0,0
S01007082,Two or more types of central heating,20,3,17,15,0,15,5,3,2,0,0,0
S01007083,All people in households,904,226,678,692,53,639,134,98,36,78,75,3
S01007083,No central heating,17,5,12,11,0,11,4,3,1,2,2,0
S01007083,Gas central heating,795,200,595,610,47,563,115,85,30,70,68,2
S01007083,Electric (including storage heaters) central heating,49,12,37,39,5,34,10,7,3,0,0,0
S01007083,Oil central heating,10,1,9,8,0,8,0,0,0,2,1,1
S01007083,Solid fuel (for example wood coal) central heating,5,1,4,4,0,4,0,0,0,1,1,0
S01007083,Other central heating,1,0,1,1,0,1,0,0,0,0,0,0
S01007083,Two or more types of central heating,27,7,20,19,1,18,5,3,2,3,3,0
S01007084,All people in households,559,126,433,445,33,412,84,63,21,30,30,0
S01007084,No central heating,8,3,5,5,0,5,0,0,0,3,3,0
S01007084,Gas central heating,520,116,404,417,31,386,79,61,18,24,24,0
S01007084,Electric (including storage heaters) central heating,7,2,5,5,1,4,1,0,1,1,1,0
S01007084,Oil central heating,5,3,2,1,0,1,3,2,1,1,1,0
S01007084,Solid fuel (for example wood coal) central heating,0,0,0,0,0,0,0,0,0,0,0,0
S01007084,Other central heating,2,1,1,2,1,1,0,0,0,0,0,0
S01007084,Two or more types of central heating,17,1,16,15,0,15,1,0,1,1,1,0
S01007085,All people in households,770,120,650,658,47,611,76,39,37,36,34,2
S01007085,No central heating,12,4,8,8,1,7,1,0,1,3,3,0
S01007085,Gas central heating,649,100,549,554,37,517,66,36,30,29,27,2
S01007085,Electric (including storage heaters) central heating,44,8,36,37,3,34,3,1,2,4,4,0
S01007085,Oil central heating,21,2,19,21,2,19,0,0,0,0,0,0
S01007085,Solid fuel (for example wood coal) central heating,4,1,3,3,0,3,1,1,0,0,0,0
S01007085,Other central heating,0,0,0,0,0,0,0,0,0,0,0,0
S01007085,Two or more types of central heating,40,5,35,35,4,31,5,1,4,0,0,0
S01007086,All people in households,1118,183,935,912,57,855,150,73,77,56,53,3
S01007086,No central heating,41,9,32,29,2,27,9,4,5,3,3,0
S01007086,Gas central heating,886,140,746,734,47,687,112,55,57,40,38,2
S01007086,Electric (including storage heaters) central heating,106,21,85,76,2,74,21,10,11,9,9,0
S01007086,Oil central heating,21,4,17,21,4,17,0,0,0,0,0,0
S01007086,Solid fuel (for example wood coal) central heating,0,0,0,0,0,0,0,0,0,0,0,0
S01007086,Other central heating,1,0,1,1,0,1,0,0,0,0,0,0
S01007086,Two or more types of central heating,63,9,54,51,2,49,8,4,4,4,3,1
S01007087,All people in households,868,180,688,685,61,624,132,73,59,51,46,5
S01007087,No central heating,22,4,18,18,3,15,3,0,3,1,1,0
S01007087,Gas central heating,693,154,539,539,51,488,111,64,47,43,39,4
S01007087,Electric (including storage heaters) central heating,113,13,100,98,6,92,12,5,7,3,2,1
S01007087,Oil central heating,6,2,4,4,0,4,1,1,0,1,1,0
S01007087,Solid fuel (for example wood coal) central heating,0,0,0,0,0,0,0,0,0,0,0,0
S01007087,Other central heating,3,1,2,1,0,1,2,1,1,0,0,0
S01007087,Two or more types of central heating,31,6,25,25,1,24,3,2,1,3,3,0
S01007088,All people in households,535,129,406,402,31,371,84,51,33,49,47,2
S01007088,No central heating,2,2,0,0,0,0,1,1,0,1,1,0
S01007088,Gas central heating,491,114,377,375,27,348,71,44,27,45,43,2
S01007088,Electric (including storage heaters) central heating,11,7,4,5,2,3,4,3,1,2,2,0
S01007088,Oil central heating,4,0,4,3,0,3,1,0,1,0,0,0
S01007088,Solid fuel (for example wood coal) central heating,6,3,3,4,1,3,1,1,0,1,1,0
S01007088,Other central heating,0,0,0,0,0,0,0,0,0,0,0,0
S01007088,Two or more types of central heating,21,3,18,15,1,14,6,2,4,0,0,0
S01007089,All people in households,529,67,462,473,23,450,49,37,12,7,7,0
S01007089,No central heating,6,0,6,5,0,5,1,0,1,0,0,0
S01007089,Gas central heating,472,61,411,422,20,402,43,34,9,7,7,0
S01007089,Electric (including storage heaters) central heating,5,2,3,3,1,2,2,1,1,0,0,0
S01007089,Oil central heating,27,2,25,25,1,24,2,1,1,0,0,0
S01007089,Solid fuel (for example wood coal) central heating,6,1,5,6,1,5,0,0,0,0,0,0
S01007089,Other central heating,0,0,0,0,0,0,0,0,0,0,0,0
S01007089,Two or more types of central heating,13,1,12,12,0,12,1,1,0,0,0,0
S01007090,All people in households,540,64,476,478,22,456,50,30,20,12,12,0
S01007090,No central heating,20,1,19,17,1,16,3,0,3,0,0,0
S01007090,Gas central heating,460,55,405,409,19,390,42,27,15,9,9,0
S01007090,Electric (including storage heaters) central heating,43,4,39,38,1,37,3,1,2,2,2,0
S01007090,Oil central heating,4,1,3,3,0,3,0,0,0,1,1,0
S01007090,Solid fuel (for example wood coal) central heating,0,0,0,0,0,0,0,0,0,0,0,0
S01007090,Other central heating,0,0,0,0,0,0,0,0,0,0,0,0
S01007090,Two or more types of central heating,13,3,10,11,1,10,2,2,0,0,0,0
S01007091,All people in households,829,86,743,757,33,724,54,37,17,18,16,2
S01007091,No central heating,1,0,1,1,0,1,0,0,0,0,0,0
S01007091,Gas central heating,788,81,707,723,32,691,47,33,14,18,16,2
S01007091,Electric (including storage heaters) central heating,8,3,5,5,1,4,3,2,1,0,0,0
S01007091,Oil central heating,10,1,9,9,0,9,1,1,0,0,0,0
S01007091,Solid fuel (for example wood coal) central heating,0,0,0,0,0,0,0,0,0,0,0,0
S01007091,Other central heating,0,0,0,0,0,0,0,0,0,0,0,0
S01007091,Two or more types of central heating,22,1,21,19,0,19,3,1,2,0,0,0
S01007092,All people in households,624,182,442,458,48,410,117,85,32,49,49,0
S01007092,No central heating,12,3,9,10,1,9,2,2,0,0,0,0
S01007092,Gas central heating,396,100,296,300,26,274,64,42,22,32,32,0
S01007092,Electric (including storage heaters) central heating,199,75,124,136,21,115,47,38,9,16,16,0
S01007092,Oil central heating,12,3,9,9,0,9,2,2,0,1,1,0
S01007092,Solid fuel (for example wood coal) central heating,0,0,0,0,0,0,0,0,0,0,0,0
S01007092,Other central heating,2,1,1,1,0,1,1,1,0,0,0,0
S01007092,Two or more types of central heating,3,0,3,2,0,2,1,0,1,0,0,0
S01007093,All people in households,952,169,783,812,64,748,108,74,34,32,31,1
S01007093,No central heating,13,3,10,7,0,7,4,1,3,2,2,0
S01007093,Gas central heating,820,142,678,704,55,649,90,62,28,26,25,1
S01007093,Electric (including storage heaters) central heating,79,16,63,65,4,61,12,10,2,2,2,0
S01007093,Oil central heating,5,0,5,5,0,5,0,0,0,0,0,0
S01007093,Solid fuel (for example wood coal) central heating,0,0,0,0,0,0,0,0,0,0,0,0
S01007093,Other central heating,10,1,9,9,0,9,1,1,0,0,0,0
S01007093,Two or more types of central heating,25,7,18,22,5,17,1,0,1,2,2,0
S01007094,All people in households,893,148,745,741,41,700,113,70,43,39,37,2
S01007094,No central heating,4,1,3,3,0,3,1,1,0,0,0,0
S01007094,Gas central heating,806,139,667,662,38,624,110,69,41,34,32,2
S01007094,Electric (including storage heaters) central heating,15,2,13,12,0,12,1,0,1,2,2,0
S01007094,Oil central heating,49,4,45,46,2,44,1,0,1,2,2,0
S01007094,Solid fuel (for example wood coal) central heating,5,0,5,5,0,5,0,0,0,0,0,0
S01007094,Other central heating,0,0,0,0,0,0,0,0,0,0,0,0
S01007094,Two or more types of central heating,14,2,12,13,1,12,0,0,0,1,1,0
S01007095,All people in households,551,90,461,483,32,451,51,42,9,17,16,1
S01007095,No central heating,6,3,3,3,0,3,1,1,0,2,2,0
S01007095,Gas central heating,111,23,88,90,5,85,16,13,3,5,5,0
S01007095,Electric (including storage heaters) central heating,28,5,23,24,1,23,4,4,0,0,0,0
S01007095,Oil central heating,350,50,300,317,23,294,25,20,5,8,7,1
S01007095,Solid fuel (for example wood coal) central heating,17,3,14,14,1,13,2,1,1,1,1,0
S01007095,Other central heating,0,0,0,0,0,0,0,0,0,0,0,0
S01007095,Two or more types of central heating,39,6,33,35,2,33,3,3,0,1,1,0
S01007096,All people in households,837,111,726,749,42,707,67,49,18,21,20,1
S01007096,No central heating,23,7,16,13,0,13,7,5,2,3,2,1
S01007096,Gas central heating,58,16,42,44,4,40,11,9,2,3,3,0
S01007096,Electric (including storage heaters) central heating,215,40,175,181,15,166,27,18,9,7,7,0
S01007096,Oil central heating,480,43,437,454,21,433,19,15,4,7,7,0
S01007096,Solid fuel (for example wood coal) central heating,29,3,26,26,1,25,2,1,1,1,1,0
S01007096,Other central heating,9,0,9,9,0,9,0,0,0,0,0,0
S01007096,Two or more types of central heating,23,2,21,22,1,21,1,1,0,0,0,0
S01007097,All people in households,484,47,437,432,15,417,38,19,19,14,13,1
S01007097,No central heating,17,4,13,9,0,9,5,2,3,3,2,1
S01007097,Gas central heating,228,18,210,206,6,200,17,7,10,5,5,0
S01007097,Electric (including storage heaters) central heating,7,2,5,5,0,5,2,2,0,0,0,0
S01007097,Oil central heating,189,20,169,173,9,164,12,7,5,4,4,0
S01007097,Solid fuel (for example wood coal) central heating,13,1,12,11,0,11,1,0,1,1,1,0
S01007097,Other central heating,11,1,10,10,0,10,0,0,0,1,1,0
S01007097,Two or more types of central heating,19,1,18,18,0,18,1,1,0,0,0,0
S01007098,All people in households,807,89,718,734,33,701,56,39,17,17,17,0
S01007098,No central heating,1,0,1,1,0,1,0,0,0,0,0,0
S01007098,Gas central heating,425,30,395,396,9,387,20,12,8,9,9,0
S01007098,Electric (including storage heaters) central heating,21,10,11,18,7,11,3,3,0,0,0,0
S01007098,Oil central heating,295,33,262,266,11,255,26,19,7,3,3,0
S01007098,Solid fuel (for example wood coal) central heating,15,5,10,13,3,10,1,1,0,1,1,0
S01007098,Other central heating,23,4,19,18,0,18,3,2,1,2,2,0
S01007098,Two or more types of central heating,27,7,20,22,3,19,3,2,1,2,2,0
S01007099,All people in households,883,129,754,774,44,730,80,57,23,29,28,1
S01007099,No central heating,11,4,7,6,1,5,5,3,2,0,0,0
S01007099,Gas central heating,637,73,564,577,28,549,44,29,15,16,16,0
S01007099,Electric (including storage heaters) central heating,57,22,35,36,3,33,13,11,2,8,8,0
S01007099,Oil central heating,140,25,115,121,9,112,16,14,2,3,2,1
S01007099,Solid fuel (for example wood coal) central heating,8,1,7,7,0,7,0,0,0,1,1,0
S01007099,Other central heating,9,2,7,7,1,6,1,0,1,1,1,0
S01007099,Two or more types of central heating,21,2,19,20,2,18,1,0,1,0,0,0
S01007100,All people in households,722,114,608,617,41,576,74,42,32,31,31,0
S01007100,No central heating,9,0,9,8,0,8,1,0,1,0,0,0
S01007100,Gas central heating,32,5,27,30,3,27,1,1,0,1,1,0
S01007100,Electric (including storage heaters) central heating,173,39,134,133,11,122,26,14,12,14,14,0
S01007100,Oil central heating,430,49,381,386,20,366,35,20,15,9,9,0
S01007100,Solid fuel (for example wood coal) central heating,18,7,11,12,1,11,2,2,0,4,4,0
S01007100,Other central heating,23,8,15,18,4,14,2,1,1,3,3,0
S01007100,Two or more types of central heating,37,6,31,30,2,28,7,4,3,0,0,0
S01007101,All people in households,800,150,650,661,51,610,102,63,39,37,36,1
S01007101,No central heating,11,4,7,9,2,7,1,1,0,1,1,0
S01007101,Gas central heating,581,107,474,480,35,445,72,44,28,29,28,1
S01007101,Electric (including storage heaters) central heating,148,29,119,120,9,111,25,17,8,3,3,0
S01007101,Oil central heating,39,7,32,33,3,30,2,0,2,4,4,0
S01007101,Solid fuel (for example wood coal) central heating,2,0,2,2,0,2,0,0,0,0,0,0
S01007101,Other central heating,0,0,0,0,0,0,0,0,0,0,0,0
S01007101,Two or more types of central heating,19,3,16,17,2,15,2,1,1,0,0,0
S01007102,All people in households,697,130,567,577,36,541,80,54,26,40,40,0
S01007102,No central heating,31,8,23,20,1,19,7,3,4,4,4,0
S01007102,Gas central heating,125,27,98,104,10,94,15,11,4,6,6,0
S01007102,Electric (including storage heaters) central heating,21,8,13,13,1,12,4,3,1,4,4,0
S01007102,Oil central heating,412,57,355,357,16,341,39,25,14,16,16,0
S01007102,Solid fuel (for example wood coal) central heating,44,13,31,32,3,29,7,5,2,5,5,0
S01007102,Other central heating,9,2,7,8,1,7,1,1,0,0,0,0
S01007102,Two or more types of central heating,55,15,40,43,4,39,7,6,1,5,5,0
S01007103,All people in households,832,144,688,697,43,654,99,66,33,36,35,1
S01007103,No central heating,6,4,2,1,0,1,3,2,1,2,2,0
S01007103,Gas central heating,626,98,528,535,29,506,67,46,21,24,23,1
S01007103,Electric (including storage heaters) central heating,102,24,78,79,10,69,17,8,9,6,6,0
S01007103,Oil central heating,65,11,54,55,2,53,9,8,1,1,1,0
S01007103,Solid fuel (for example wood coal) central heating,6,0,6,6,0,6,0,0,0,0,0,0
S01007103,Other central heating,7,4,3,5,2,3,1,1,0,1,1,0
S01007103,Two or more types of central heating,20,3,17,16,0,16,2,1,1,2,2,0
S01007104,All people in households,486,93,393,404,28,376,57,41,16,25,24,1
S01007104,No central heating,23,11,12,13,3,10,7,5,2,3,3,0
S01007104,Gas central heating,65,12,53,51,2,49,10,6,4,4,4,0
S01007104,Electric (including storage heaters) central heating,43,7,36,38,3,35,1,0,1,4,4,0
S01007104,Oil central heating,302,52,250,259,19,240,34,25,9,9,8,1
S01007104,Solid fuel (for example wood coal) central heating,22,6,16,16,0,16,2,2,0,4,4,0
S01007104,Other central heating,1,0,1,1,0,1,0,0,0,0,0,0
S01007104,Two or more types of central heating,30,5,25,26,1,25,3,3,0,1,1,0
S01007105,All people in households,543,123,420,435,27,408,71,60,11,37,36,1
S01007105,No central heating,4,3,1,1,0,1,1,1,0,2,2,0
S01007105,Gas central heating,461,96,365,376,20,356,56,47,9,29,29,0
S01007105,Electric (including storage heaters) central heating,34,15,19,19,3,16,10,8,2,5,4,1
S01007105,Oil central heating,18,4,14,17,3,14,0,0,0,1,1,0
S01007105,Solid fuel (for example wood coal) central heating,8,3,5,5,0,5,3,3,0,0,0,0
S01007105,Other central heating,0,0,0,0,0,0,0,0,0,0,0,0
S01007105,Two or more types of central heating,18,2,16,17,1,16,1,1,0,0,0,0
S01007106,All people in households,713,179,534,549,49,500,114,82,32,50,48,2
S01007106,No central heating,14,6,8,10,2,8,2,2,0,2,2,0
S01007106,Gas central heating,546,128,418,433,37,396,78,58,20,35,33,2
S01007106,Electric (including storage heaters) central heating,69,25,44,47,6,41,13,10,3,9,9,0
S01007106,Oil central heating,56,14,42,41,4,37,12,7,5,3,3,0
S01007106,Solid fuel (for example wood coal) central heating,17,3,14,11,0,11,5,2,3,1,1,0
S01007106,Other central heating,0,0,0,0,0,0,0,0,0,0,0,0
S01007106,Two or more types of central heating,11,3,8,7,0,7,4,3,1,0,0,0
S01007107,All people in households,685,112,573,589,39,550,76,53,23,20,20,0
S01007107,No central heating,21,4,17,18,3,15,3,1,2,0,0,0
S01007107,Gas central heating,152,29,123,124,7,117,22,16,6,6,6,0
S01007107,Electric (including storage heaters) central heating,36,10,26,27,4,23,9,6,3,0,0,0
S01007107,Oil central heating,404,50,354,362,17,345,33,24,9,9,9,0
S01007107,Solid fuel (for example wood coal) central heating,22,8,14,14,2,12,4,2,2,4,4,0
S01007107,Other central heating,11,4,7,8,2,6,3,2,1,0,0,0
S01007107,Two or more types of central heating,39,7,32,36,4,32,2,2,0,1,1,0
S01007108,All people in households,577,115,462,483,44,439,69,46,23,25,25,0
S01007108,No central heating,21,4,17,17,1,16,4,3,1,0,0,0
S01007108,Gas central heating,49,8,41,39,2,37,7,3,4,3,3,0
S01007108,Electric (including storage heaters) central heating,36,15,21,26,7,19,8,6,2,2,2,0
S01007108,Oil central heating,401,74,327,343,29,314,43,30,13,15,15,0
S01007108,Solid fuel (for example wood coal) central heating,14,7,7,9,3,6,4,3,1,1,1,0
S01007108,Other central heating,21,3,18,18,1,17,1,0,1,2,2,0
S01007108,Two or more types of central heating,35,4,31,31,1,30,2,1,1,2,2,0
S01007109,All people in households,824,174,650,647,49,598,110,61,49,67,64,3
S01007109,No central heating,10,0,10,8,0,8,2,0,2,0,0,0
S01007109,Gas central heating,35,7,28,30,3,27,5,4,1,0,0,0
S01007109,Electric (including storage heaters) central heating,319,79,240,229,12,217,46,26,20,44,41,3
S01007109,Oil central heating,256,39,217,223,19,204,24,11,13,9,9,0
S01007109,Solid fuel (for example wood coal) central heating,184,44,140,142,13,129,30,19,11,12,12,0
S01007109,Other central heating,5,0,5,5,0,5,0,0,0,0,0,0
S01007109,Two or more types of central heating,15,5,10,10,2,8,3,1,2,2,2,0
S01007110,All people in households,796,124,672,681,33,648,85,61,24,30,30,0
S01007110,No central heating,13,3,10,10,1,9,3,2,1,0,0,0
S01007110,Gas central heating,40,8,32,32,2,30,7,5,2,1,1,0
S01007110,Electric (including storage heaters) central heating,124,38,86,90,10,80,20,14,6,14,14,0
S01007110,Oil central heating,405,43,362,363,11,352,37,27,10,5,5,0
S01007110,Solid fuel (for example wood coal) central heating,168,27,141,147,9,138,15,12,3,6,6,0
S01007110,Other central heating,24,1,23,23,0,23,1,1,0,0,0,0
S01007110,Two or more types of central heating,22,4,18,16,0,16,2,0,2,4,4,0
S01007111,All people in households,525,95,430,438,23,415,55,40,15,32,32,0
S01007111,No central heating,15,3,12,13,1,12,1,1,0,1,1,0
S01007111,Gas central heating,45,9,36,36,2,34,5,3,2,4,4,0
S01007111,Electric (including storage heaters) central heating,75,19,56,61,6,55,9,8,1,5,5,0
S01007111,Oil central heating,297,39,258,258,10,248,24,14,10,15,15,0
S01007111,Solid fuel (for example wood coal) central heating,72,21,51,52,3,49,13,11,2,7,7,0
S01007111,Other central heating,8,3,5,6,1,5,2,2,0,0,0,0
S01007111,Two or more types of central heating,13,1,12,12,0,12,1,1,0,0,0,0
S01007112,All people in households,540,90,450,454,30,424,66,40,26,20,20,0
S01007112,No central heating,4,1,3,3,0,3,1,1,0,0,0,0
S01007112,Gas central heating,457,76,381,388,27,361,52,32,20,17,17,0
S01007112,Electric (including storage heaters) central heating,30,6,24,23,1,22,5,3,2,2,2,0
S01007112,Oil central heating,45,6,39,38,2,36,6,3,3,1,1,0
S01007112,Solid fuel (for example wood coal) central heating,0,0,0,0,0,0,0,0,0,0,0,0
S01007112,Other central heating,0,0,0,0,0,0,0,0,0,0,0,0
S01007112,Two or more types of central heating,4,1,3,2,0,2,2,1,1,0,0,0
S01007113,All people in households,496,104,392,402,29,373,74,57,17,20,18,2
S01007113,No central heating,2,2,0,0,0,0,2,2,0,0,0,0
S01007113,Gas central heating,441,91,350,361,27,334,63,48,15,17,16,1
S01007113,Electric (including storage heaters) central heating,23,8,15,13,1,12,7,5,2,3,2,1
S01007113,Oil central heating,22,2,20,21,1,20,1,1,0,0,0,0
S01007113,Solid fuel (for example wood coal) central heating,0,0,0,0,0,0,0,0,0,0,0,0
S01007113,Other central heating,3,0,3,3,0,3,0,0,0,0,0,0
S01007113,Two or more types of central heating,5,1,4,4,0,4,1,1,0,0,0,0
S01007114,All people in households,888,157,731,765,59,706,85,61,24,38,37,1
S01007114,No central heating,13,0,13,11,0,11,2,0,2,0,0,0
S01007114,Gas central heating,739,116,623,655,53,602,64,44,20,20,19,1
S01007114,Electric (including storage heaters) central heating,93,35,58,61,5,56,17,15,2,15,15,0
S01007114,Oil central heating,24,3,21,22,1,21,1,1,0,1,1,0
S01007114,Solid fuel (for example wood coal) central heating,1,1,0,0,0,0,1,1,0,0,0,0
S01007114,Other central heating,0,0,0,0,0,0,0,0,0,0,0,0
S01007114,Two or more types of central heating,18,2,16,16,0,16,0,0,0,2,2,0
S01007115,All people in households,641,118,523,543,41,502,80,59,21,18,18,0
S01007115,No central heating,5,1,4,4,0,4,1,1,0,0,0,0
S01007115,Gas central heating,570,105,465,486,39,447,70,52,18,14,14,0
S01007115,Electric (including storage heaters) central heating,35,8,27,26,1,25,7,5,2,2,2,0
S01007115,Oil central heating,16,2,14,15,1,14,0,0,0,1,1,0
S01007115,Solid fuel (for example wood coal) central heating,4,0,4,4,0,4,0,0,0,0,0,0
S01007115,Other central heating,4,0,4,4,0,4,0,0,0,0,0,0
S01007115,Two or more types of central heating,7,2,5,4,0,4,2,1,1,1,1,0
S01007116,All people in households,1006,88,918,944,39,905,44,31,13,18,18,0
S01007116,No central heating,0,0,0,0,0,0,0,0,0,0,0,0
S01007116,Gas central heating,868,65,803,823,33,790,36,23,13,9,9,0
S01007116,Electric (including storage heaters) central heating,52,8,44,45,1,44,4,4,0,3,3,0
S01007116,Oil central heating,60,11,49,53,4,49,3,3,0,4,4,0
S01007116,Solid fuel (for example wood coal) central heating,5,1,4,4,0,4,0,0,0,1,1,0
S01007116,Other central heating,4,3,1,2,1,1,1,1,0,1,1,0
S01007116,Two or more types of central heating,17,0,17,17,0,17,0,0,0,0,0,0
S01007117,All people in households,471,64,407,419,21,398,40,31,9,12,12,0
S01007117,No central heating,0,0,0,0,0,0,0,0,0,0,0,0
S01007117,Gas central heating,417,56,361,376,20,356,32,27,5,9,9,0
S01007117,Electric (including storage heaters) central heating,28,7,21,19,1,18,7,4,3,2,2,0
S01007117,Oil central heating,18,0,18,17,0,17,1,0,1,0,0,0
S01007117,Solid fuel (for example wood coal) central heating,0,0,0,0,0,0,0,0,0,0,0,0
S01007117,Other central heating,0,0,0,0,0,0,0,0,0,0,0,0
S01007117,Two or more types of central heating,8,1,7,7,0,7,0,0,0,1,1,0
S01007118,All people in households,679,134,545,545,34,511,93,60,33,41,40,1
S01007118,No central heating,16,3,13,13,1,12,2,1,1,1,1,0
S01007118,Gas central heating,173,41,132,134,9,125,29,22,7,10,10,0
S01007118,Electric (including storage heaters) central heating,461,88,373,373,24,349,59,36,23,29,28,1
S01007118,Oil central heating,22,1,21,20,0,20,2,1,1,0,0,0
S01007118,Solid fuel (for example wood coal) central heating,0,0,0,0,0,0,0,0,0,0,0,0
S01007118,Other central heating,0,0,0,0,0,0,0,0,0,0,0,0
S01007118,Two or more types of central heating,7,1,6,5,0,5,1,0,1,1,1,0
S01007119,All people in households,812,149,663,676,36,640,89,67,22,47,46,1
S01007119,No central heating,8,1,7,7,0,7,0,0,0,1,1,0
S01007119,Gas central heating,211,47,164,174,12,162,23,21,2,14,14,0
S01007119,Electric (including storage heaters) central heating,561,96,465,468,23,445,61,42,19,32,31,1
S01007119,Oil central heating,16,4,12,13,1,12,3,3,0,0,0,0
S01007119,Solid fuel (for example wood coal) central heating,0,0,0,0,0,0,0,0,0,0,0,0
S01007119,Other central heating,5,0,5,5,0,5,0,0,0,0,0,0
S01007119,Two or more types of central heating,11,1,10,9,0,9,2,1,1,0,0,0
S01007120,All people in households,1078,213,865,869,62,807,148,91,57,61,60,1
S01007120,No central heating,39,1,38,34,0,34,4,0,4,1,1,0
S01007120,Gas central heating,697,147,550,568,48,520,88,59,29,41,40,1
S01007120,Electric (including storage heaters) central heating,315,62,253,243,14,229,53,29,24,19,19,0
S01007120,Oil central heating,4,2,2,2,0,2,2,2,0,0,0,0
S01007120,Solid fuel (for example wood coal) central heating,4,0,4,4,0,4,0,0,0,0,0,0
S01007120,Other central heating,3,0,3,3,0,3,0,0,0,0,0,0
S01007120,Two or more types of central heating,16,1,15,15,0,15,1,1,0,0,0,0
S01007121,All people in households,533,159,374,363,29,334,127,87,40,43,43,0
S01007121,No central heating,11,1,10,6,0,6,4,0,4,1,1,0
S01007121,Gas central heating,390,83,307,294,13,281,72,46,26,24,24,0
S01007121,Electric (including storage heaters) central heating,122,71,51,58,16,42,49,40,9,15,15,0
S01007121,Oil central heating,1,1,0,0,0,0,0,0,0,1,1,0
S01007121,Solid fuel (for example wood coal) central heating,0,0,0,0,0,0,0,0,0,0,0,0
S01007121,Other central heating,2,0,2,2,0,2,0,0,0,0,0,0
S01007121,Two or more types of central heating,7,3,4,3,0,3,2,1,1,2,2,0
S01007122,All people in households,594,116,478,493,39,454,75,52,23,26,25,1
S01007122,No central heating,2,1,1,0,0,0,2,1,1,0,0,0
S01007122,Gas central heating,500,97,403,417,35,382,62,42,20,21,20,1
S01007122,Electric (including storage heaters) central heating,54,10,44,46,2,44,4,4,0,4,4,0
S01007122,Oil central heating,15,3,12,14,2,12,1,1,0,0,0,0
S01007122,Solid fuel (for example wood coal) central heating,2,1,1,1,0,1,1,1,0,0,0,0
S01007122,Other central heating,1,0,1,0,0,0,1,0,1,0,0,0
S01007122,Two or more types of central heating,20,4,16,15,0,15,4,3,1,1,1,0
S01007123,All people in households,644,142,502,499,34,465,105,70,35,40,38,2
S01007123,No central heating,4,1,3,2,0,2,0,0,0,2,1,1
S01007123,Gas central heating,559,119,440,439,29,410,85,56,29,35,34,1
S01007123,Electric (including storage heaters) central heating,60,12,48,44,1,43,14,9,5,2,2,0
S01007123,Oil central heating,8,3,5,7,2,5,1,1,0,0,0,0
S01007123,Solid fuel (for example wood coal) central heating,5,4,1,2,1,1,3,3,0,0,0,0
S01007123,Other central heating,0,0,0,0,0,0,0,0,0,0,0,0
S01007123,Two or more types of central heating,8,3,5,5,1,4,2,1,1,1,1,0
S01007124,All people in households,913,167,746,775,56,719,100,73,27,38,38,0
S01007124,No central heating,4,1,3,3,0,3,0,0,0,1,1,0
S01007124,Gas central heating,783,137,646,670,47,623,81,58,23,32,32,0
S01007124,Electric (including storage heaters) central heating,94,23,71,76,8,68,15,12,3,3,3,0
S01007124,Oil central heating,16,2,14,13,0,13,1,0,1,2,2,0
S01007124,Solid fuel (for example wood coal) central heating,0,0,0,0,0,0,0,0,0,0,0,0
S01007124,Other central heating,3,0,3,3,0,3,0,0,0,0,0,0
S01007124,Two or more types of central heating,13,4,9,10,1,9,3,3,0,0,0,0
S01007125,All people in households,867,177,690,694,46,648,117,76,41,56,55,1
S01007125,No central heating,8,3,5,5,0,5,1,1,0,2,2,0
S01007125,Gas central heating,744,155,589,599,43,556,94,62,32,51,50,1
S01007125,Electric (including storage heaters) central heating,45,7,38,35,3,32,10,4,6,0,0,0
S01007125,Oil central heating,40,5,35,34,0,34,4,3,1,2,2,0
S01007125,Solid fuel (for example wood coal) central heating,4,2,2,2,0,2,1,1,0,1,1,0
S01007125,Other central heating,5,0,5,5,0,5,0,0,0,0,0,0
S01007125,Two or more types of central heating,21,5,16,14,0,14,7,5,2,0,0,0
S01007126,All people in households,919,202,717,730,70,660,133,81,52,56,51,5
S01007126,No central heating,3,0,3,2,0,2,1,0,1,0,0,0
S01007126,Gas central heating,784,172,612,625,62,563,112,67,45,47,43,4
S01007126,Electric (including storage heaters) central heating,96,20,76,76,4,72,15,12,3,5,4,1
S01007126,Oil central heating,0,0,0,0,0,0,0,0,0,0,0,0
S01007126,Solid fuel (for example wood coal) central heating,7,4,3,3,1,2,2,1,1,2,2,0
S01007126,Other central heating,0,0,0,0,0,0,0,0,0,0,0,0
S01007126,Two or more types of central heating,29,6,23,24,3,21,3,1,2,2,2,0
S01007127,All people in households,1007,185,822,810,41,769,135,85,50,62,59,3
S01007127,No central heating,46,8,38,36,0,36,5,3,2,5,5,0
S01007127,Gas central heating,485,93,392,381,24,357,76,42,34,28,27,1
S01007127,Electric (including storage heaters) central heating,447,75,372,372,16,356,51,37,14,24,22,2
S01007127,Oil central heating,10,3,7,8,1,7,0,0,0,2,2,0
S01007127,Solid fuel (for example wood coal) central heating,2,1,1,1,0,1,0,0,0,1,1,0
S01007127,Other central heating,4,0,4,4,0,4,0,0,0,0,0,0
S01007127,Two or more types of central heating,13,5,8,8,0,8,3,3,0,2,2,0
S01007128,All people in households,847,228,619,629,56,573,147,106,41,71,66,5
S01007128,No central heating,2,1,1,1,0,1,0,0,0,1,1,0
S01007128,Gas central heating,647,175,472,488,43,445,112,88,24,47,44,3
S01007128,Electric (including storage heaters) central heating,182,47,135,129,11,118,32,17,15,21,19,2
S01007128,Oil central heating,1,0,1,0,0,0,1,0,1,0,0,0
S01007128,Solid fuel (for example wood coal) central heating,5,0,5,5,0,5,0,0,0,0,0,0
S01007128,Other central heating,0,0,0,0,0,0,0,0,0,0,0,0
S01007128,Two or more types of central heating,10,5,5,6,2,4,2,1,1,2,2,0
S01007129,All people in households,956,103,853,889,58,831,52,31,21,15,14,1
S01007129,No central heating,10,2,8,8,0,8,0,0,0,2,2,0
S01007129,Gas central heating,686,69,617,641,38,603,36,22,14,9,9,0
S01007129,Electric (including storage heaters) central heating,61,11,50,53,5,48,6,4,2,2,2,0
S01007129,Oil central heating,158,12,146,149,9,140,7,2,5,2,1,1
S01007129,Solid fuel (for example wood coal) central heating,8,1,7,8,1,7,0,0,0,0,0,0
S01007129,Other central heating,13,4,9,11,2,9,2,2,0,0,0,0
S01007129,Two or more types of central heating,20,4,16,19,3,16,1,1,0,0,0,0
S01007130,All people in households,612,123,489,524,47,477,63,52,11,25,24,1
S01007130,No central heating,4,1,3,3,0,3,1,1,0,0,0,0
S01007130,Gas central heating,513,102,411,436,36,400,53,43,10,24,23,1
S01007130,Electric (including storage heaters) central heating,36,10,26,31,5,26,5,5,0,0,0,0
S01007130,Oil central heating,34,2,32,33,1,32,0,0,0,1,1,0
S01007130,Solid fuel (for example wood coal) central heating,0,0,0,0,0,0,0,0,0,0,0,0
S01007130,Other central heating,1,0,1,1,0,1,0,0,0,0,0,0
S01007130,Two or more types of central heating,24,8,16,20,5,15,4,3,1,0,0,0
S01007131,All people in households,775,155,620,664,64,600,77,58,19,34,33,1
S01007131,No central heating,0,0,0,0,0,0,0,0,0,0,0,0
S01007131,Gas central heating,713,138,575,616,58,558,68,52,16,29,28,1
S01007131,Electric (including storage heaters) central heating,24,7,17,18,2,16,4,3,1,2,2,0
S01007131,Oil central heating,25,6,19,19,2,17,4,2,2,2,2,0
S01007131,Solid fuel (for example wood coal) central heating,2,1,1,2,1,1,0,0,0,0,0,0
S01007131,Other central heating,0,0,0,0,0,0,0,0,0,0,0,0
S01007131,Two or more types of central heating,11,3,8,9,1,8,1,1,0,1,1,0
S01007132,All people in households,700,93,607,634,46,588,54,36,18,12,11,1
S01007132,No central heating,2,0,2,1,0,1,1,0,1,0,0,0
S01007132,Gas central heating,640,85,555,583,44,539,46,31,15,11,10,1
S01007132,Electric (including storage heaters) central heating,24,6,18,17,0,17,6,5,1,1,1,0
S01007132,Oil central heating,7,0,7,7,0,7,0,0,0,0,0,0
S01007132,Solid fuel (for example wood coal) central heating,0,0,0,0,0,0,0,0,0,0,0,0
S01007132,Other central heating,2,0,2,2,0,2,0,0,0,0,0,0
S01007132,Two or more types of central heating,25,2,23,24,2,22,1,0,1,0,0,0
S01007133,All people in households,674,108,566,583,40,543,66,44,22,25,24,1
S01007133,No central heating,9,3,6,8,2,6,1,1,0,0,0,0
S01007133,Gas central heating,243,31,212,218,13,205,17,10,7,8,8,0
S01007133,Electric (including storage heaters) central heating,44,7,37,37,2,35,4,2,2,3,3,0
S01007133,Oil central heating,307,52,255,262,17,245,34,25,9,11,10,1
S01007133,Solid fuel (for example wood coal) central heating,21,5,16,17,3,14,2,0,2,2,2,0
S01007133,Other central heating,23,4,19,21,2,19,2,2,0,0,0,0
S01007133,Two or more types of central heating,27,6,21,20,1,19,6,4,2,1,1,0
S01007134,All people in households,743,144,599,627,49,578,73,54,19,43,41,2
S01007134,No central heating,15,4,11,11,1,10,4,3,1,0,0,0
S01007134,Gas central heating,323,62,261,277,20,257,27,23,4,19,19,0
S01007134,Electric (including storage heaters) central heating,110,33,77,80,9,71,16,10,6,14,14,0
S01007134,Oil central heating,211,32,179,185,13,172,19,14,5,7,5,2
S01007134,Solid fuel (for example wood coal) central heating,31,3,28,29,2,27,1,0,1,1,1,0
S01007134,Other central heating,20,2,18,18,0,18,1,1,0,1,1,0
S01007134,Two or more types of central heating,33,8,25,27,4,23,5,3,2,1,1,0
S01007135,All people in households,558,79,479,508,38,470,38,29,9,12,12,0
S01007135,No central heating,5,1,4,4,0,4,0,0,0,1,1,0
S01007135,Gas central heating,91,12,79,82,4,78,5,4,1,4,4,0
S01007135,Electric (including storage heaters) central heating,86,17,69,74,5,69,9,9,0,3,3,0
S01007135,Oil central heating,292,37,255,273,22,251,16,12,4,3,3,0
S01007135,Solid fuel (for example wood coal) central heating,9,1,8,7,0,7,1,0,1,1,1,0
S01007135,Other central heating,50,7,43,44,4,40,6,3,3,0,0,0
S01007135,Two or more types of central heating,25,4,21,24,3,21,1,1,0,0,0,0
S01007136,All people in households,533,48,485,494,22,472,28,17,11,11,9,2
S01007136,No central heating,4,0,4,3,0,3,1,0,1,0,0,0
S01007136,Gas central heating,85,11,74,80,7,73,4,3,1,1,1,0
S01007136,Electric (including storage heaters) central heating,10,0,10,10,0,10,0,0,0,0,0,0
S01007136,Oil central heating,398,34,364,369,15,354,21,13,8,8,6,2
S01007136,Solid fuel (for example wood coal) central heating,11,0,11,11,0,11,0,0,0,0,0,0
S01007136,Other central heating,7,0,7,7,0,7,0,0,0,0,0,0
S01007136,Two or more types of central heating,18,3,15,14,0,14,2,1,1,2,2,0
S01007137,All people in households,751,45,706,718,22,696,26,16,10,7,7,0
S01007137,No central heating,2,0,2,2,0,2,0,0,0,0,0,0
S01007137,Gas central heating,680,38,642,652,20,632,22,12,10,6,6,0
S01007137,Electric (including storage heaters) central heating,20,3,17,18,1,17,1,1,0,1,1,0
S01007137,Oil central heating,35,3,32,32,0,32,3,3,0,0,0,0
S01007137,Solid fuel (for example wood coal) central heating,0,0,0,0,0,0,0,0,0,0,0,0
S01007137,Other central heating,0,0,0,0,0,0,0,0,0,0,0,0
S01007137,Two or more types of central heating,14,1,13,14,1,13,0,0,0,0,0,0
S01007138,All people in households,597,99,498,524,38,486,52,41,11,21,20,1
S01007138,No central heating,3,2,1,1,0,1,2,2,0,0,0,0
S01007138,Gas central heating,121,24,97,104,10,94,9,6,3,8,8,0
S01007138,Electric (including storage heaters) central heating,90,12,78,79,4,75,10,7,3,1,1,0
S01007138,Oil central heating,284,48,236,252,19,233,23,20,3,9,9,0
S01007138,Solid fuel (for example wood coal) central heating,23,0,23,22,0,22,0,0,0,1,0,1
S01007138,Other central heating,37,4,33,35,3,32,1,0,1,1,1,0
S01007138,Two or more types of central heating,39,9,30,31,2,29,7,6,1,1,1,0
S01007139,All people in households,776,120,656,672,49,623,80,48,32,24,23,1
S01007139,No central heating,9,1,8,9,1,8,0,0,0,0,0,0
S01007139,Gas central heating,73,14,59,60,6,54,8,4,4,5,4,1
S01007139,Electric (including storage heaters) central heating,199,43,156,163,13,150,23,17,6,13,13,0
S01007139,Oil central heating,427,47,380,388,23,365,35,20,15,4,4,0
S01007139,Solid fuel (for example wood coal) central heating,19,2,17,16,1,15,2,0,2,1,1,0
S01007139,Other central heating,28,4,24,26,2,24,2,2,0,0,0,0
S01007139,Two or more types of central heating,21,9,12,10,3,7,10,5,5,1,1,0
S01007140,All people in households,1022,173,849,899,79,820,87,59,28,36,35,1
S01007140,No central heating,14,1,13,12,0,12,1,0,1,1,1,0
S01007140,Gas central heating,122,20,102,103,5,98,12,9,3,7,6,1
S01007140,Electric (including storage heaters) central heating,165,41,124,137,18,119,17,12,5,11,11,0
S01007140,Oil central heating,568,88,480,517,50,467,40,27,13,11,11,0
S01007140,Solid fuel (for example wood coal) central heating,28,4,24,27,3,24,1,1,0,0,0,0
S01007140,Other central heating,55,8,47,45,2,43,6,2,4,4,4,0
S01007140,Two or more types of central heating,70,11,59,58,1,57,10,8,2,2,2,0
S01007141,All people in households,684,95,589,615,41,574,43,28,15,26,26,0
S01007141,No central heating,33,7,26,27,3,24,5,3,2,1,1,0
S01007141,Gas central heating,101,13,88,92,5,87,5,4,1,4,4,0
S01007141,Electric (including storage heaters) central heating,127,21,106,106,6,100,12,6,6,9,9,0
S01007141,Oil central heating,366,47,319,338,25,313,19,13,6,9,9,0
S01007141,Solid fuel (for example wood coal) central heating,7,0,7,7,0,7,0,0,0,0,0,0
S01007141,Other central heating,36,2,34,35,1,34,1,1,0,0,0,0
S01007141,Two or more types of central heating,14,5,9,10,1,9,1,1,0,3,3,0
S01007142,All people in households,566,26,540,547,14,533,16,9,7,3,3,0
S01007142,No central heating,0,0,0,0,0,0,0,0,0,0,0,0
S01007142,Gas central heating,548,25,523,530,14,516,15,8,7,3,3,0
S01007142,Electric (including storage heaters) central heating,0,0,0,0,0,0,0,0,0,0,0,0
S01007142,Oil central heating,10,1,9,9,0,9,1,1,0,0,0,0
S01007142,Solid fuel (for example wood coal) central heating,0,0,0,0,0,0,0,0,0,0,0,0
S01007142,Other central heating,4,0,4,4,0,4,0,0,0,0,0,0
S01007142,Two or more types of central heating,4,0,4,4,0,4,0,0,0,0,0,0
S01007143,All people in households,671,44,627,642,22,620,22,15,7,7,7,0
S01007143,No central heating,6,3,3,5,2,3,1,1,0,0,0,0
S01007143,Gas central heating,638,39,599,612,19,593,19,13,6,7,7,0
S01007143,Electric (including storage heaters) central heating,3,0,3,3,0,3,0,0,0,0,0,0
S01007143,Oil central heating,5,1,4,4,0,4,1,1,0,0,0,0
S01007143,Solid fuel (for example wood coal) central heating,2,0,2,2,0,2,0,0,0,0,0,0
S01007143,Other central heating,4,1,3,4,1,3,0,0,0,0,0,0
S01007143,Two or more types of central heating,13,0,13,12,0,12,1,0,1,0,0,0
S01007144,All people in households,589,82,507,529,33,496,42,32,10,18,17,1
S01007144,No central heating,24,6,18,20,2,18,4,4,0,0,0,0
S01007144,Gas central heating,225,34,191,202,15,187,22,18,4,1,1,0
S01007144,Electric (including storage heaters) central heating,58,8,50,49,2,47,5,2,3,4,4,0
S01007144,Oil central heating,192,22,170,177,9,168,5,3,2,10,10,0
S01007144,Solid fuel (for example wood coal) central heating,35,4,31,33,3,30,2,1,1,0,0,0
S01007144,Other central heating,20,3,17,16,0,16,3,3,0,1,0,1
S01007144,Two or more types of central heating,35,5,30,32,2,30,1,1,0,2,2,0
S01007145,All people in households,892,190,702,748,79,669,103,70,33,41,41,0
S01007145,No central heating,12,4,8,9,1,8,2,2,0,1,1,0
S01007145,Gas central heating,847,176,671,715,74,641,93,63,30,39,39,0
S01007145,Electric (including storage heaters) central heating,20,5,15,14,1,13,5,3,2,1,1,0
S01007145,Oil central heating,0,0,0,0,0,0,0,0,0,0,0,0
S01007145,Solid fuel (for example wood coal) central heating,0,0,0,0,0,0,0,0,0,0,0,0
S01007145,Other central heating,2,0,2,2,0,2,0,0,0,0,0,0
S01007145,Two or more types of central heating,11,5,6,8,3,5,3,2,1,0,0,0
S01007146,All people in households,759,129,630,640,36,604,83,58,25,36,35,1
S01007146,No central heating,11,2,9,8,0,8,2,1,1,1,1,0
S01007146,Gas central heating,640,92,548,558,32,526,58,37,21,24,23,1
S01007146,Electric (including storage heaters) central heating,105,35,70,71,4,67,23,20,3,11,11,0
S01007146,Oil central heating,1,0,1,1,0,1,0,0,0,0,0,0
S01007146,Solid fuel (for example wood coal) central heating,0,0,0,0,0,0,0,0,0,0,0,0
S01007146,Other central heating,0,0,0,0,0,0,0,0,0,0,0,0
S01007146,Two or more types of central heating,2,0,2,2,0,2,0,0,0,0,0,0
S01007147,All people in households,711,146,565,608,63,545,76,58,18,27,25,2
S01007147,No central heating,5,3,2,3,1,2,2,2,0,0,0,0
S01007147,Gas central heating,644,126,518,553,53,500,66,50,16,25,23,2
S01007147,Electric (including storage heaters) central heating,39,13,26,32,7,25,6,5,1,1,1,0
S01007147,Oil central heating,10,0,10,9,0,9,1,0,1,0,0,0
S01007147,Solid fuel (for example wood coal) central heating,0,0,0,0,0,0,0,0,0,0,0,0
S01007147,Other central heating,3,1,2,2,0,2,1,1,0,0,0,0
S01007147,Two or more types of central heating,10,3,7,9,2,7,0,0,0,1,1,0
S01007148,All people in households,538,65,473,486,26,460,39,26,13,13,13,0
S01007148,No central heating,2,0,2,2,0,2,0,0,0,0,0,0
S01007148,Gas central heating,516,61,455,467,25,442,38,25,13,11,11,0
S01007148,Electric (including storage heaters) central heating,8,0,8,8,0,8,0,0,0,0,0,0
S01007148,Oil central heating,2,0,2,2,0,2,0,0,0,0,0,0
S01007148,Solid fuel (for example wood coal) central heating,1,1,0,0,0,0,0,0,0,1,1,0
S01007148,Other central heating,0,0,0,0,0,0,0,0,0,0,0,0
S01007148,Two or more types of central heating,9,3,6,7,1,6,1,1,0,1,1,0
S01007149,All people in households,542,117,425,446,37,409,71,55,16,25,25,0
S01007149,No central heating,0,0,0,0,0,0,0,0,0,0,0,0
S01007149,Gas central heating,492,100,392,408,32,376,61,45,16,23,23,0
S01007149,Electric (including storage heaters) central heating,41,17,24,29,5,24,10,10,0,2,2,0
S01007149,Oil central heating,3,0,3,3,0,3,0,0,0,0,0,0
S01007149,Solid fuel (for example wood coal) central heating,0,0,0,0,0,0,0,0,0,0,0,0
S01007149,Other central heating,0,0,0,0,0,0,0,0,0,0,0,0
S01007149,Two or more types of central heating,6,0,6,6,0,6,0,0,0,0,0,0
S01007150,All people in households,700,153,547,573,54,519,98,73,25,29,26,3
S01007150,No central heating,2,1,1,1,0,1,1,1,0,0,0,0
S01007150,Gas central heating,617,125,492,513,47,466,78,55,23,26,23,3
S01007150,Electric (including storage heaters) central heating,60,23,37,43,7,36,15,14,1,2,2,0
S01007150,Oil central heating,7,0,7,7,0,7,0,0,0,0,0,0
S01007150,Solid fuel (for example wood coal) central heating,1,0,1,0,0,0,1,0,1,0,0,0
S01007150,Other central heating,0,0,0,0,0,0,0,0,0,0,0,0
S01007150,Two or more types of central heating,13,4,9,9,0,9,3,3,0,1,1,0
S01007151,All people in households,859,110,749,768,43,725,70,46,24,21,21,0
S01007151,No central heating,9,4,5,5,0,5,3,3,0,1,1,0
S01007151,Gas central heating,807,97,710,727,41,686,62,38,24,18,18,0
S01007151,Electric (including storage heaters) central heating,28,5,23,25,2,23,3,3,0,0,0,0
S01007151,Oil central heating,4,0,4,4,0,4,0,0,0,0,0,0
S01007151,Solid fuel (for example wood coal) central heating,0,0,0,0,0,0,0,0,0,0,0,0
S01007151,Other central heating,5,3,2,2,0,2,2,2,0,1,1,0
S01007151,Two or more types of central heating,6,1,5,5,0,5,0,0,0,1,1,0
S01007152,All people in households,543,101,442,472,45,427,57,42,15,14,14,0
S01007152,No central heating,2,1,1,1,0,1,0,0,0,1,1,0
S01007152,Gas central heating,514,91,423,449,41,408,53,38,15,12,12,0
S01007152,Electric (including storage heaters) central heating,13,5,8,10,2,8,2,2,0,1,1,0
S01007152,Oil central heating,4,1,3,3,0,3,1,1,0,0,0,0
S01007152,Solid fuel (for example wood coal) central heating,0,0,0,0,0,0,0,0,0,0,0,0
S01007152,Other central heating,6,1,5,5,0,5,1,1,0,0,0,0
S01007152,Two or more types of central heating,4,2,2,4,2,2,0,0,0,0,0,0
S01007153,All people in households,633,114,519,529,33,496,71,49,22,33,32,1
S01007153,No central heating,2,1,1,2,1,1,0,0,0,0,0,0
S01007153,Gas central heating,570,93,477,487,27,460,55,39,16,28,27,1
S01007153,Electric (including storage heaters) central heating,52,18,34,35,5,30,13,9,4,4,4,0
S01007153,Oil central heating,4,0,4,2,0,2,2,0,2,0,0,0
S01007153,Solid fuel (for example wood coal) central heating,0,0,0,0,0,0,0,0,0,0,0,0
S01007153,Other central heating,0,0,0,0,0,0,0,0,0,0,0,0
S01007153,Two or more types of central heating,5,2,3,3,0,3,1,1,0,1,1,0
S01007154,All people in households,776,229,547,589,64,525,136,116,20,51,49,2
S01007154,No central heating,21,8,13,16,3,13,4,4,0,1,1,0
S01007154,Gas central heating,563,135,428,453,36,417,77,66,11,33,33,0
S01007154,Electric (including storage heaters) central heating,167,79,88,100,23,77,51,42,9,16,14,2
S01007154,Oil central heating,0,0,0,0,0,0,0,0,0,0,0,0
S01007154,Solid fuel (for example wood coal) central heating,0,0,0,0,0,0,0,0,0,0,0,0
S01007154,Other central heating,12,3,9,9,0,9,3,3,0,0,0,0
S01007154,Two or more types of central heating,13,4,9,11,2,9,1,1,0,1,1,0
S01007155,All people in households,640,141,499,537,54,483,67,52,15,36,35,1
S01007155,No central heating,6,1,5,6,1,5,0,0,0,0,0,0
S01007155,Gas central heating,581,123,458,493,48,445,59,47,12,29,28,1
S01007155,Electric (including storage heaters) central heating,38,15,23,26,5,21,7,5,2,5,5,0
S01007155,Oil central heating,2,0,2,2,0,2,0,0,0,0,0,0
S01007155,Solid fuel (for example wood coal) central heating,4,0,4,4,0,4,0,0,0,0,0,0
S01007155,Other central heating,0,0,0,0,0,0,0,0,0,0,0,0
S01007155,Two or more types of central heating,9,2,7,6,0,6,1,0,1,2,2,0
S01007156,All people in households,722,123,599,610,44,566,83,52,31,29,27,2
S01007156,No central heating,15,3,12,10,1,9,4,1,3,1,1,0
S01007156,Gas central heating,444,75,369,384,33,351,46,29,17,14,13,1
S01007156,Electric (including storage heaters) central heating,152,30,122,120,5,115,21,15,6,11,10,1
S01007156,Oil central heating,73,9,64,63,2,61,8,5,3,2,2,0
S01007156,Solid fuel (for example wood coal) central heating,10,1,9,9,1,8,1,0,1,0,0,0
S01007156,Other central heating,16,3,13,14,2,12,1,0,1,1,1,0
S01007156,Two or more types of central heating,12,2,10,10,0,10,2,2,0,0,0,0
S01007157,All people in households,648,99,549,551,31,520,73,45,28,24,23,1
S01007157,No central heating,6,1,5,5,0,5,0,0,0,1,1,0
S01007157,Gas central heating,542,76,466,472,27,445,53,33,20,17,16,1
S01007157,Electric (including storage heaters) central heating,78,19,59,55,4,51,20,12,8,3,3,0
S01007157,Oil central heating,10,1,9,9,0,9,0,0,0,1,1,0
S01007157,Solid fuel (for example wood coal) central heating,0,0,0,0,0,0,0,0,0,0,0,0
S01007157,Other central heating,2,0,2,2,0,2,0,0,0,0,0,0
S01007157,Two or more types of central heating,10,2,8,8,0,8,0,0,0,2,2,0
S01007158,All people in households,939,126,813,847,59,788,69,45,24,23,22,1
S01007158,No central heating,12,1,11,10,0,10,2,1,1,0,0,0
S01007158,Gas central heating,854,104,750,776,48,728,56,35,21,22,21,1
S01007158,Electric (including storage heaters) central heating,48,15,33,37,6,31,10,8,2,1,1,0
S01007158,Oil central heating,7,4,3,7,4,3,0,0,0,0,0,0
S01007158,Solid fuel (for example wood coal) central heating,1,0,1,1,0,1,0,0,0,0,0,0
S01007158,Other central heating,5,1,4,5,1,4,0,0,0,0,0,0
S01007158,Two or more types of central heating,12,1,11,11,0,11,1,1,0,0,0,0
S01007159,All people in households,840,151,689,678,41,637,119,72,47,43,38,5
S01007159,No central heating,13,3,10,10,0,10,3,3,0,0,0,0
S01007159,Gas central heating,734,126,608,608,41,567,90,53,37,36,32,4
S01007159,Electric (including storage heaters) central heating,57,17,40,33,0,33,19,12,7,5,5,0
S01007159,Oil central heating,0,0,0,0,0,0,0,0,0,0,0,0
S01007159,Solid fuel (for example wood coal) central heating,8,4,4,3,0,3,3,3,0,2,1,1
S01007159,Other central heating,0,0,0,0,0,0,0,0,0,0,0,0
S01007159,Two or more types of central heating,28,1,27,24,0,24,4,1,3,0,0,0
S01007160,All people in households,826,168,658,684,57,627,94,64,30,48,47,1
S01007160,No central heating,6,2,4,4,0,4,0,0,0,2,2,0
S01007160,Gas central heating,705,141,564,586,49,537,82,56,26,37,36,1
S01007160,Electric (including storage heaters) central heating,69,14,55,57,4,53,7,5,2,5,5,0
S01007160,Oil central heating,6,2,4,5,1,4,1,1,0,0,0,0
S01007160,Solid fuel (for example wood coal) central heating,2,2,0,1,1,0,0,0,0,1,1,0
S01007160,Other central heating,1,0,1,1,0,1,0,0,0,0,0,0
S01007160,Two or more types of central heating,37,7,30,30,2,28,4,2,2,3,3,0
S01007161,All people in households,701,120,581,603,50,553,68,40,28,30,30,0
S01007161,No central heating,12,1,11,11,0,11,0,0,0,1,1,0
S01007161,Gas central heating,587,101,486,505,42,463,56,33,23,26,26,0
S01007161,Electric (including storage heaters) central heating,54,9,45,43,2,41,8,4,4,3,3,0
S01007161,Oil central heating,5,3,2,4,2,2,1,1,0,0,0,0
S01007161,Solid fuel (for example wood coal) central heating,3,0,3,3,0,3,0,0,0,0,0,0
S01007161,Other central heating,0,0,0,0,0,0,0,0,0,0,0,0
S01007161,Two or more types of central heating,40,6,34,37,4,33,3,2,1,0,0,0
S01007162,All people in households,523,109,414,422,25,397,60,45,15,41,39,2
S01007162,No central heating,4,0,4,3,0,3,1,0,1,0,0,0
S01007162,Gas central heating,383,91,292,296,18,278,49,37,12,38,36,2
S01007162,Electric (including storage heaters) central heating,120,15,105,109,6,103,8,6,2,3,3,0
S01007162,Oil central heating,8,1,7,7,0,7,1,1,0,0,0,0
S01007162,Solid fuel (for example wood coal) central heating,0,0,0,0,0,0,0,0,0,0,0,0
S01007162,Other central heating,0,0,0,0,0,0,0,0,0,0,0,0
S01007162,Two or more types of central heating,8,2,6,7,1,6,1,1,0,0,0,0
S01007163,All people in households,865,157,708,730,58,672,95,61,34,40,38,2
S01007163,No central heating,14,4,10,11,2,9,3,2,1,0,0,0
S01007163,Gas central heating,735,126,609,624,44,580,78,50,28,33,32,1
S01007163,Electric (including storage heaters) central heating,75,20,55,59,7,52,10,7,3,6,6,0
S01007163,Oil central heating,15,4,11,13,3,10,2,1,1,0,0,0
S01007163,Solid fuel (for example wood coal) central heating,3,0,3,3,0,3,0,0,0,0,0,0
S01007163,Other central heating,0,0,0,0,0,0,0,0,0,0,0,0
S01007163,Two or more types of central heating,23,3,20,20,2,18,2,1,1,1,0,1
S01007164,All people in households,558,110,448,472,48,424,64,40,24,22,22,0
S01007164,No central heating,8,2,6,5,0,5,3,2,1,0,0,0
S01007164,Gas central heating,503,98,405,427,41,386,55,36,19,21,21,0
S01007164,Electric (including storage heaters) central heating,43,8,35,37,6,31,5,1,4,1,1,0
S01007164,Oil central heating,3,1,2,3,1,2,0,0,0,0,0,0
S01007164,Solid fuel (for example wood coal) central heating,0,0,0,0,0,0,0,0,0,0,0,0
S01007164,Other central heating,0,0,0,0,0,0,0,0,0,0,0,0
S01007164,Two or more types of central heating,1,1,0,0,0,0,1,1,0,0,0,0
S01007165,All people in households,788,134,654,693,58,635,64,46,18,31,30,1
S01007165,No central heating,4,2,2,2,0,2,2,2,0,0,0,0
S01007165,Gas central heating,733,120,613,651,55,596,58,42,16,24,23,1
S01007165,Electric (including storage heaters) central heating,17,4,13,15,2,13,0,0,0,2,2,0
S01007165,Oil central heating,18,3,15,15,0,15,1,1,0,2,2,0
S01007165,Solid fuel (for example wood coal) central heating,4,1,3,2,0,2,1,0,1,1,1,0
S01007165,Other central heating,0,0,0,0,0,0,0,0,0,0,0,0
S01007165,Two or more types of central heating,12,4,8,8,1,7,2,1,1,2,2,0
S01007166,All people in households,707,121,586,611,49,562,78,55,23,18,17,1
S01007166,No central heating,8,3,5,5,1,4,2,1,1,1,1,0
S01007166,Gas central heating,664,106,558,578,41,537,71,51,20,15,14,1
S01007166,Electric (including storage heaters) central heating,15,4,11,11,1,10,2,1,1,2,2,0
S01007166,Oil central heating,0,0,0,0,0,0,0,0,0,0,0,0
S01007166,Solid fuel (for example wood coal) central heating,0,0,0,0,0,0,0,0,0,0,0,0
S01007166,Other central heating,0,0,0,0,0,0,0,0,0,0,0,0
S01007166,Two or more types of central heating,20,8,12,17,6,11,3,2,1,0,0,0
S01007167,All people in households,795,145,650,689,61,628,83,61,22,23,23,0
S01007167,No central heating,4,0,4,2,0,2,2,0,2,0,0,0
S01007167,Gas central heating,758,138,620,656,56,600,79,59,20,23,23,0
S01007167,Electric (including storage heaters) central heating,14,2,12,13,1,12,1,1,0,0,0,0
S01007167,Oil central heating,7,3,4,6,2,4,1,1,0,0,0,0
S01007167,Solid fuel (for example wood coal) central heating,0,0,0,0,0,0,0,0,0,0,0,0
S01007167,Other central heating,0,0,0,0,0,0,0,0,0,0,0,0
S01007167,Two or more types of central heating,12,2,10,12,2,10,0,0,0,0,0,0
S01007168,All people in households,965,164,801,860,79,781,83,63,20,22,22,0
S01007168,No central heating,10,1,9,10,1,9,0,0,0,0,0,0
S01007168,Gas central heating,929,157,772,827,74,753,81,62,19,21,21,0
S01007168,Electric (including storage heaters) central heating,12,0,12,12,0,12,0,0,0,0,0,0
S01007168,Oil central heating,5,3,2,2,1,1,2,1,1,1,1,0
S01007168,Solid fuel (for example wood coal) central heating,2,1,1,2,1,1,0,0,0,0,0,0
S01007168,Other central heating,0,0,0,0,0,0,0,0,0,0,0,0
S01007168,Two or more types of central heating,7,2,5,7,2,5,0,0,0,0,0,0
S01007169,All people in households,758,138,620,643,45,598,90,69,21,25,24,1
S01007169,No central heating,7,4,3,3,1,2,3,2,1,1,1,0
S01007169,Gas central heating,713,119,594,615,40,575,78,60,18,20,19,1
S01007169,Electric (including storage heaters) central heating,14,10,4,7,3,4,5,5,0,2,2,0
S01007169,Oil central heating,14,2,12,11,0,11,2,1,1,1,1,0
S01007169,Solid fuel (for example wood coal) central heating,4,1,3,2,0,2,2,1,1,0,0,0
S01007169,Other central heating,3,1,2,2,0,2,0,0,0,1,1,0
S01007169,Two or more types of central heating,3,1,2,3,1,2,0,0,0,0,0,0
S01007170,All people in households,648,90,558,579,42,537,52,32,20,17,16,1
S01007170,No central heating,24,3,21,22,3,19,2,0,2,0,0,0
S01007170,Gas central heating,99,22,77,85,9,76,9,8,1,5,5,0
S01007170,Electric (including storage heaters) central heating,58,10,48,51,5,46,6,4,2,1,1,0
S01007170,Oil central heating,397,41,356,364,19,345,27,16,11,6,6,0
S01007170,Solid fuel (for example wood coal) central heating,15,2,13,12,2,10,2,0,2,1,0,1
S01007170,Other central heating,24,9,15,16,3,13,5,3,2,3,3,0
S01007170,Two or more types of central heating,31,3,28,29,1,28,1,1,0,1,1,0
S01007171,All people in households,799,125,674,697,54,643,75,45,30,27,26,1
S01007171,No central heating,59,3,56,47,0,47,9,1,8,3,2,1
S01007171,Gas central heating,222,55,167,185,24,161,28,22,6,9,9,0
S01007171,Electric (including storage heaters) central heating,71,12,59,60,5,55,8,4,4,3,3,0
S01007171,Oil central heating,305,32,273,282,15,267,16,10,6,7,7,0
S01007171,Solid fuel (for example wood coal) central heating,34,6,28,30,4,26,3,1,2,1,1,0
S01007171,Other central heating,39,7,32,37,5,32,1,1,0,1,1,0
S01007171,Two or more types of central heating,69,10,59,56,1,55,10,6,4,3,3,0
S01007172,All people in households,792,122,670,688,43,645,80,56,24,24,23,1
S01007172,No central heating,7,2,5,4,0,4,3,2,1,0,0,0
S01007172,Gas central heating,214,42,172,180,14,166,23,17,6,11,11,0
S01007172,Electric (including storage heaters) central heating,159,31,128,138,14,124,15,12,3,6,5,1
S01007172,Oil central heating,313,40,273,273,10,263,34,24,10,6,6,0
S01007172,Solid fuel (for example wood coal) central heating,21,1,20,20,0,20,1,1,0,0,0,0
S01007172,Other central heating,34,3,31,30,2,28,3,0,3,1,1,0
S01007172,Two or more types of central heating,44,3,41,43,3,40,1,0,1,0,0,0
S01007173,All people in households,881,100,781,812,46,766,51,36,15,18,18,0
S01007173,No central heating,12,0,12,11,0,11,1,0,1,0,0,0
S01007173,Gas central heating,807,92,715,745,44,701,48,34,14,14,14,0
S01007173,Electric (including storage heaters) central heating,28,6,22,24,2,22,1,1,0,3,3,0
S01007173,Oil central heating,19,0,19,19,0,19,0,0,0,0,0,0
S01007173,Solid fuel (for example wood coal) central heating,5,1,4,4,0,4,1,1,0,0,0,0
S01007173,Other central heating,0,0,0,0,0,0,0,0,0,0,0,0
S01007173,Two or more types of central heating,10,1,9,9,0,9,0,0,0,1,1,0
S01007174,All people in households,851,101,750,777,42,735,45,32,13,29,27,2
S01007174,No central heating,7,4,3,4,1,3,0,0,0,3,3,0
S01007174,Gas central heating,780,77,703,727,38,689,35,23,12,18,16,2
S01007174,Electric (including storage heaters) central heating,22,9,13,15,2,13,5,5,0,2,2,0
S01007174,Oil central heating,24,5,19,20,1,19,2,2,0,2,2,0
S01007174,Solid fuel (for example wood coal) central heating,0,0,0,0,0,0,0,0,0,0,0,0
S01007174,Other central heating,3,0,3,3,0,3,0,0,0,0,0,0
S01007174,Two or more types of central heating,15,6,9,8,0,8,3,2,1,4,4,0
S01007175,All people in households,665,132,533,561,46,515,73,56,17,31,30,1
S01007175,No central heating,1,1,0,1,1,0,0,0,0,0,0,0
S01007175,Gas central heating,567,100,467,490,38,452,58,44,14,19,18,1
S01007175,Electric (including storage heaters) central heating,66,23,43,47,6,41,11,9,2,8,8,0
S01007175,Oil central heating,20,5,15,15,1,14,3,2,1,2,2,0
S01007175,Solid fuel (for example wood coal) central heating,2,1,1,1,0,1,1,1,0,0,0,0
S01007175,Other central heating,0,0,0,0,0,0,0,0,0,0,0,0
S01007175,Two or more types of central heating,9,2,7,7,0,7,0,0,0,2,2,0
S01007176,All people in households,708,115,593,627,54,573,62,42,20,19,19,0
S01007176,No central heating,1,0,1,0,0,0,1,0,1,0,0,0
S01007176,Gas central heating,440,60,380,405,32,373,26,19,7,9,9,0
S01007176,Electric (including storage heaters) central heating,234,46,188,197,20,177,30,19,11,7,7,0
S01007176,Oil central heating,24,8,16,17,2,15,5,4,1,2,2,0
S01007176,Solid fuel (for example wood coal) central heating,2,0,2,2,0,2,0,0,0,0,0,0
S01007176,Other central heating,0,0,0,0,0,0,0,0,0,0,0,0
S01007176,Two or more types of central heating,7,1,6,6,0,6,0,0,0,1,1,0
S01007177,All people in households,631,126,505,512,36,476,85,57,28,34,33,1
S01007177,No central heating,14,2,12,12,0,12,2,2,0,0,0,0
S01007177,Gas central heating,236,52,184,185,13,172,36,24,12,15,15,0
S01007177,Electric (including storage heaters) central heating,323,67,256,263,22,241,43,29,14,17,16,1
S01007177,Oil central heating,40,2,38,38,1,37,2,1,1,0,0,0
S01007177,Solid fuel (for example wood coal) central heating,2,0,2,2,0,2,0,0,0,0,0,0
S01007177,Other central heating,0,0,0,0,0,0,0,0,0,0,0,0
S01007177,Two or more types of central heating,16,3,13,12,0,12,2,1,1,2,2,0
S01007178,All people in households,1047,234,813,858,81,777,116,82,34,73,71,2
S01007178,No central heating,7,3,4,4,0,4,1,1,0,2,2,0
S01007178,Gas central heating,527,120,407,428,35,393,59,45,14,40,40,0
S01007178,Electric (including storage heaters) central heating,478,102,376,397,42,355,52,33,19,29,27,2
S01007178,Oil central heating,18,6,12,15,3,12,2,2,0,1,1,0
S01007178,Solid fuel (for example wood coal) central heating,2,0,2,2,0,2,0,0,0,0,0,0
S01007178,Other central heating,2,0,2,2,0,2,0,0,0,0,0,0
S01007178,Two or more types of central heating,13,3,10,10,1,9,2,1,1,1,1,0
S01007179,All people in households,914,157,757,790,58,732,88,63,25,36,36,0
S01007179,No central heating,4,2,2,2,0,2,0,0,0,2,2,0
S01007179,Gas central heating,828,121,707,732,48,684,73,50,23,23,23,0
S01007179,Electric (including storage heaters) central heating,43,20,23,28,6,22,9,8,1,6,6,0
S01007179,Oil central heating,30,12,18,19,2,17,6,5,1,5,5,0
S01007179,Solid fuel (for example wood coal) central heating,0,0,0,0,0,0,0,0,0,0,0,0
S01007179,Other central heating,1,1,0,1,1,0,0,0,0,0,0,0
S01007179,Two or more types of central heating,8,1,7,8,1,7,0,0,0,0,0,0
S01007180,All people in households,750,153,597,636,65,571,83,59,24,31,29,2
S01007180,No central heating,8,0,8,8,0,8,0,0,0,0,0,0
S01007180,Gas central heating,664,129,535,568,56,512,74,52,22,22,21,1
S01007180,Electric (including storage heaters) central heating,48,17,31,35,6,29,6,5,1,7,6,1
S01007180,Oil central heating,18,2,16,16,1,15,1,0,1,1,1,0
S01007180,Solid fuel (for example wood coal) central heating,0,0,0,0,0,0,0,0,0,0,0,0
S01007180,Other central heating,7,2,5,7,2,5,0,0,0,0,0,0
S01007180,Two or more types of central heating,5,3,2,2,0,2,2,2,0,1,1,0
S01007181,All people in households,739,124,615,645,51,594,71,51,20,23,22,1
S01007181,No central heating,0,0,0,0,0,0,0,0,0,0,0,0
S01007181,Gas central heating,655,107,548,573,45,528,64,45,19,18,17,1
S01007181,Electric (including storage heaters) central heating,39,9,30,31,2,29,4,3,1,4,4,0
S01007181,Oil central heating,26,4,22,25,3,22,0,0,0,1,1,0
S01007181,Solid fuel (for example wood coal) central heating,0,0,0,0,0,0,0,0,0,0,0,0
S01007181,Other central heating,2,2,0,1,1,0,1,1,0,0,0,0
S01007181,Two or more types of central heating,17,2,15,15,0,15,2,2,0,0,0,0
S01007182,All people in households,1024,189,835,867,66,801,115,82,33,42,41,1
S01007182,No central heating,21,6,15,17,3,14,3,2,1,1,1,0
S01007182,Gas central heating,793,127,666,687,43,644,74,53,21,32,31,1
S01007182,Electric (including storage heaters) central heating,159,45,114,119,16,103,33,22,11,7,7,0
S01007182,Oil central heating,28,3,25,26,1,25,1,1,0,1,1,0
S01007182,Solid fuel (for example wood coal) central heating,0,0,0,0,0,0,0,0,0,0,0,0
S01007182,Other central heating,2,0,2,2,0,2,0,0,0,0,0,0
S01007182,Two or more types of central heating,21,8,13,16,3,13,4,4,0,1,1,0
S01007183,All people in households,1078,268,810,856,92,764,162,117,45,60,59,1
S01007183,No central heating,14,4,10,10,2,8,3,1,2,1,1,0
S01007183,Gas central heating,905,209,696,736,75,661,128,94,34,41,40,1
S01007183,Electric (including storage heaters) central heating,119,43,76,80,12,68,26,18,8,13,13,0
S01007183,Oil central heating,12,2,10,9,0,9,2,1,1,1,1,0
S01007183,Solid fuel (for example wood coal) central heating,0,0,0,0,0,0,0,0,0,0,0,0
S01007183,Other central heating,4,3,1,3,2,1,1,1,0,0,0,0
S01007183,Two or more types of central heating,24,7,17,18,1,17,2,2,0,4,4,0
S01007184,All people in households,1039,247,792,822,74,748,149,108,41,68,65,3
S01007184,No central heating,29,4,25,23,1,22,5,2,3,1,1,0
S01007184,Gas central heating,677,147,530,561,48,513,75,59,16,41,40,1
S01007184,Electric (including storage heaters) central heating,286,85,201,201,19,182,62,44,18,23,22,1
S01007184,Oil central heating,13,4,9,10,2,8,2,1,1,1,1,0
S01007184,Solid fuel (for example wood coal) central heating,2,1,1,1,0,1,0,0,0,1,1,0
S01007184,Other central heating,2,0,2,2,0,2,0,0,0,0,0,0
S01007184,Two or more types of central heating,30,6,24,24,4,20,5,2,3,1,0,1
S01007185,All people in households,820,193,627,636,56,580,124,80,44,60,57,3
S01007185,No central heating,10,3,7,8,1,7,2,2,0,0,0,0
S01007185,Gas central heating,607,141,466,474,44,430,86,53,33,47,44,3
S01007185,Electric (including storage heaters) central heating,176,44,132,131,9,122,32,22,10,13,13,0
S01007185,Oil central heating,4,0,4,4,0,4,0,0,0,0,0,0
S01007185,Solid fuel (for example wood coal) central heating,2,0,2,2,0,2,0,0,0,0,0,0
S01007185,Other central heating,0,0,0,0,0,0,0,0,0,0,0,0
S01007185,Two or more types of central heating,21,5,16,17,2,15,4,3,1,0,0,0
S01007186,All people in households,593,135,458,470,35,435,76,57,19,47,43,4
S01007186,No central heating,12,1,11,11,0,11,1,1,0,0,0,0
S01007186,Gas central heating,350,59,291,291,14,277,41,30,11,18,15,3
S01007186,Electric (including storage heaters) central heating,221,71,150,163,20,143,32,26,6,26,25,1
S01007186,Oil central heating,0,0,0,0,0,0,0,0,0,0,0,0
S01007186,Solid fuel (for example wood coal) central heating,0,0,0,0,0,0,0,0,0,0,0,0
S01007186,Other central heating,0,0,0,0,0,0,0,0,0,0,0,0
S01007186,Two or more types of central heating,10,4,6,5,1,4,2,0,2,3,3,0
S01007187,All people in households,804,210,594,606,46,560,136,105,31,62,59,3
S01007187,No central heating,18,2,16,16,0,16,2,2,0,0,0,0
S01007187,Gas central heating,523,140,383,392,34,358,92,69,23,39,37,2
S01007187,Electric (including storage heaters) central heating,238,60,178,181,10,171,37,30,7,20,20,0
S01007187,Oil central heating,2,1,1,1,0,1,1,1,0,0,0,0
S01007187,Solid fuel (for example wood coal) central heating,0,0,0,0,0,0,0,0,0,0,0,0
S01007187,Other central heating,3,1,2,2,0,2,1,1,0,0,0,0
S01007187,Two or more types of central heating,20,6,14,14,2,12,3,2,1,3,2,1
S01007188,All people in households,602,128,474,483,33,450,76,53,23,43,42,1
S01007188,No central heating,12,2,10,11,1,10,1,1,0,0,0,0
S01007188,Gas central heating,454,97,357,364,25,339,56,39,17,34,33,1
S01007188,Electric (including storage heaters) central heating,119,26,93,95,7,88,17,12,5,7,7,0
S01007188,Oil central heating,0,0,0,0,0,0,0,0,0,0,0,0
S01007188,Solid fuel (for example wood coal) central heating,2,0,2,2,0,2,0,0,0,0,0,0
S01007188,Other central heating,3,0,3,3,0,3,0,0,0,0,0,0
S01007188,Two or more types of central heating,12,3,9,8,0,8,2,1,1,2,2,0
S01007189,All people in households,768,219,549,564,61,503,130,86,44,74,72,2
S01007189,No central heating,16,0,16,10,0,10,6,0,6,0,0,0
S01007189,Gas central heating,537,151,386,399,40,359,83,57,26,55,54,1
S01007189,Electric (including storage heaters) central heating,170,60,110,118,20,98,35,23,12,17,17,0
S01007189,Oil central heating,19,4,15,16,1,15,2,2,0,1,1,0
S01007189,Solid fuel (for example wood coal) central heating,0,0,0,0,0,0,0,0,0,0,0,0
S01007189,Other central heating,0,0,0,0,0,0,0,0,0,0,0,0
S01007189,Two or more types of central heating,26,4,22,21,0,21,4,4,0,1,0,1
S01007190,All people in households,815,183,632,665,68,597,111,77,34,39,38,1
S01007190,No central heating,5,2,3,5,2,3,0,0,0,0,0,0
S01007190,Gas central heating,638,113,525,547,45,502,71,48,23,20,20,0
S01007190,Electric (including storage heaters) central heating,131,55,76,83,16,67,33,25,8,15,14,1
S01007190,Oil central heating,8,3,5,6,1,5,2,2,0,0,0,0
S01007190,Solid fuel (for example wood coal) central heating,10,5,5,5,1,4,3,2,1,2,2,0
S01007190,Other central heating,6,2,4,5,1,4,0,0,0,1,1,0
S01007190,Two or more types of central heating,17,3,14,14,2,12,2,0,2,1,1,0
S01007191,All people in households,616,125,491,506,45,461,80,50,30,30,30,0
S01007191,No central heating,27,7,20,21,1,20,5,5,0,1,1,0
S01007191,Gas central heating,300,57,243,257,28,229,33,19,14,10,10,0
S01007191,Electric (including storage heaters) central heating,251,54,197,199,16,183,36,22,14,16,16,0
S01007191,Oil central heating,14,5,9,9,0,9,2,2,0,3,3,0
S01007191,Solid fuel (for example wood coal) central heating,2,0,2,1,0,1,1,0,1,0,0,0
S01007191,Other central heating,0,0,0,0,0,0,0,0,0,0,0,0
S01007191,Two or more types of central heating,22,2,20,19,0,19,3,2,1,0,0,0
S01007192,All people in households,612,123,489,507,40,467,76,55,21,29,28,1
S01007192,No central heating,11,0,11,9,0,9,2,0,2,0,0,0
S01007192,Gas central heating,427,77,350,364,28,336,47,34,13,16,15,1
S01007192,Electric (including storage heaters) central heating,120,31,89,94,9,85,19,15,4,7,7,0
S01007192,Oil central heating,7,2,5,5,0,5,2,2,0,0,0,0
S01007192,Solid fuel (for example wood coal) central heating,7,3,4,5,1,4,2,2,0,0,0,0
S01007192,Other central heating,0,0,0,0,0,0,0,0,0,0,0,0
S01007192,Two or more types of central heating,40,10,30,30,2,28,4,2,2,6,6,0
S01007193,All people in households,769,160,609,623,44,579,109,79,30,37,37,0
S01007193,No central heating,39,12,27,29,5,24,9,6,3,1,1,0
S01007193,Gas central heating,419,79,340,349,22,327,50,37,13,20,20,0
S01007193,Electric (including storage heaters) central heating,259,56,203,207,16,191,39,27,12,13,13,0
S01007193,Oil central heating,17,4,13,14,1,13,2,2,0,1,1,0
S01007193,Solid fuel (for example wood coal) central heating,4,0,4,4,0,4,0,0,0,0,0,0
S01007193,Other central heating,3,3,0,0,0,0,2,2,0,1,1,0
S01007193,Two or more types of central heating,28,6,22,20,0,20,7,5,2,1,1,0
S01007194,All people in households,641,118,523,518,29,489,80,48,32,43,41,2
S01007194,No central heating,17,1,16,16,0,16,0,0,0,1,1,0
S01007194,Gas central heating,450,89,361,361,22,339,56,35,21,33,32,1
S01007194,Electric (including storage heaters) central heating,140,23,117,113,5,108,19,11,8,8,7,1
S01007194,Oil central heating,2,0,2,2,0,2,0,0,0,0,0,0
S01007194,Solid fuel (for example wood coal) central heating,2,0,2,2,0,2,0,0,0,0,0,0
S01007194,Other central heating,0,0,0,0,0,0,0,0,0,0,0,0
S01007194,Two or more types of central heating,30,5,25,24,2,22,5,2,3,1,1,0
S01007195,All people in households,580,108,472,475,25,450,77,57,20,28,26,2
S01007195,No central heating,13,2,11,12,1,11,1,1,0,0,0,0
S01007195,Gas central heating,475,81,394,391,17,374,59,41,18,25,23,2
S01007195,Electric (including storage heaters) central heating,66,22,44,50,7,43,13,12,1,3,3,0
S01007195,Oil central heating,15,0,15,14,0,14,1,0,1,0,0,0
S01007195,Solid fuel (for example wood coal) central heating,0,0,0,0,0,0,0,0,0,0,0,0
S01007195,Other central heating,0,0,0,0,0,0,0,0,0,0,0,0
S01007195,Two or more types of central heating,11,3,8,8,0,8,3,3,0,0,0,0
S01007196,All people in households,768,93,675,669,23,646,69,41,28,30,29,1
S01007196,No central heating,11,0,11,10,0,10,1,0,1,0,0,0
S01007196,Gas central heating,643,78,565,562,20,542,59,36,23,22,22,0
S01007196,Electric (including storage heaters) central heating,62,10,52,52,3,49,4,2,2,6,5,1
S01007196,Oil central heating,6,1,5,5,0,5,1,1,0,0,0,0
S01007196,Solid fuel (for example wood coal) central heating,0,0,0,0,0,0,0,0,0,0,0,0
S01007196,Other central heating,6,0,6,5,0,5,1,0,1,0,0,0
S01007196,Two or more types of central heating,40,4,36,35,0,35,3,2,1,2,2,0
S01007197,All people in households,637,108,529,532,28,504,62,41,21,43,39,4
S01007197,No central heating,10,1,9,9,1,8,1,0,1,0,0,0
S01007197,Gas central heating,370,68,302,301,17,284,42,27,15,27,24,3
S01007197,Electric (including storage heaters) central heating,230,34,196,200,10,190,15,10,5,15,14,1
S01007197,Oil central heating,3,0,3,3,0,3,0,0,0,0,0,0
S01007197,Solid fuel (for example wood coal) central heating,0,0,0,0,0,0,0,0,0,0,0,0
S01007197,Other central heating,1,0,1,1,0,1,0,0,0,0,0,0
S01007197,Two or more types of central heating,23,5,18,18,0,18,4,4,0,1,1,0
S01007198,All people in households,532,88,444,449,30,419,60,36,24,23,22,1
S01007198,No central heating,15,0,15,12,0,12,3,0,3,0,0,0
S01007198,Gas central heating,378,65,313,325,24,301,37,25,12,16,16,0
S01007198,Electric (including storage heaters) central heating,113,16,97,91,4,87,17,8,9,5,4,1
S01007198,Oil central heating,2,1,1,2,1,1,0,0,0,0,0,0
S01007198,Solid fuel (for example wood coal) central heating,1,1,0,0,0,0,0,0,0,1,1,0
S01007198,Other central heating,0,0,0,0,0,0,0,0,0,0,0,0
S01007198,Two or more types of central heating,23,5,18,19,1,18,3,3,0,1,1,0
S01007199,All people in households,804,166,638,657,62,595,88,51,37,59,53,6
S01007199,No central heating,12,4,8,10,3,7,1,0,1,1,1,0
S01007199,Gas central heating,624,131,493,514,51,463,71,45,26,39,35,4
S01007199,Electric (including storage heaters) central heating,118,22,96,97,6,91,10,5,5,11,11,0
S01007199,Oil central heating,4,1,3,2,0,2,0,0,0,2,1,1
S01007199,Solid fuel (for example wood coal) central heating,0,0,0,0,0,0,0,0,0,0,0,0
S01007199,Other central heating,0,0,0,0,0,0,0,0,0,0,0,0
S01007199,Two or more types of central heating,46,8,38,34,2,32,6,1,5,6,5,1
S01007200,All people in households,849,144,705,723,47,676,84,56,28,42,41,1
S01007200,No central heating,14,2,12,11,1,10,2,0,2,1,1,0
S01007200,Gas central heating,670,109,561,577,37,540,63,43,20,30,29,1
S01007200,Electric (including storage heaters) central heating,125,26,99,105,8,97,11,9,2,9,9,0
S01007200,Oil central heating,6,3,3,4,1,3,1,1,0,1,1,0
S01007200,Solid fuel (for example wood coal) central heating,5,1,4,3,0,3,2,1,1,0,0,0
S01007200,Other central heating,5,1,4,4,0,4,0,0,0,1,1,0
S01007200,Two or more types of central heating,24,2,22,19,0,19,5,2,3,0,0,0
S01007201,All people in households,738,146,592,609,45,564,94,67,27,35,34,1
S01007201,No central heating,9,5,4,5,1,4,2,2,0,2,2,0
S01007201,Gas central heating,582,106,476,484,32,452,75,51,24,23,23,0
S01007201,Electric (including storage heaters) central heating,125,32,93,101,12,89,15,12,3,9,8,1
S01007201,Oil central heating,9,1,8,8,0,8,0,0,0,1,1,0
S01007201,Solid fuel (for example wood coal) central heating,0,0,0,0,0,0,0,0,0,0,0,0
S01007201,Other central heating,0,0,0,0,0,0,0,0,0,0,0,0
S01007201,Two or more types of central heating,13,2,11,11,0,11,2,2,0,0,0,0
S01007202,All people in households,735,160,575,589,43,546,108,79,29,38,38,0
S01007202,No central heating,11,1,10,7,1,6,4,0,4,0,0,0
S01007202,Gas central heating,472,97,375,384,23,361,63,49,14,25,25,0
S01007202,Electric (including storage heaters) central heating,189,44,145,147,10,137,32,24,8,10,10,0
S01007202,Oil central heating,38,11,27,29,4,25,6,4,2,3,3,0
S01007202,Solid fuel (for example wood coal) central heating,0,0,0,0,0,0,0,0,0,0,0,0
S01007202,Other central heating,0,0,0,0,0,0,0,0,0,0,0,0
S01007202,Two or more types of central heating,25,7,18,22,5,17,3,2,1,0,0,0
S01007203,All people in households,643,110,533,541,26,515,77,59,18,25,25,0
S01007203,No central heating,4,1,3,3,0,3,0,0,0,1,1,0
S01007203,Gas central heating,573,95,478,486,24,462,68,52,16,19,19,0
S01007203,Electric (including storage heaters) central heating,35,11,24,24,2,22,7,5,2,4,4,0
S01007203,Oil central heating,1,0,1,1,0,1,0,0,0,0,0,0
S01007203,Solid fuel (for example wood coal) central heating,4,0,4,4,0,4,0,0,0,0,0,0
S01007203,Other central heating,6,0,6,6,0,6,0,0,0,0,0,0
S01007203,Two or more types of central heating,20,3,17,17,0,17,2,2,0,1,1,0
S01007204,All people in households,956,165,791,801,48,753,109,72,37,46,45,1
S01007204,No central heating,46,8,38,37,2,35,5,2,3,4,4,0
S01007204,Gas central heating,135,26,109,107,4,103,18,12,6,10,10,0
S01007204,Electric (including storage heaters) central heating,237,53,184,189,15,174,35,25,10,13,13,0
S01007204,Oil central heating,428,54,374,377,16,361,35,23,12,16,15,1
S01007204,Solid fuel (for example wood coal) central heating,24,9,15,16,3,13,7,5,2,1,1,0
S01007204,Other central heating,39,7,32,35,4,31,3,2,1,1,1,0
S01007204,Two or more types of central heating,47,8,39,40,4,36,6,3,3,1,1,0
S01007205,All people in households,672,93,579,594,34,560,59,40,19,19,19,0
S01007205,No central heating,10,0,10,8,0,8,2,0,2,0,0,0
S01007205,Gas central heating,133,23,110,114,9,105,14,9,5,5,5,0
S01007205,Electric (including storage heaters) central heating,87,19,68,70,3,67,14,13,1,3,3,0
S01007205,Oil central heating,347,38,309,316,17,299,23,13,10,8,8,0
S01007205,Solid fuel (for example wood coal) central heating,35,4,31,33,2,31,2,2,0,0,0,0
S01007205,Other central heating,17,2,15,16,1,15,1,1,0,0,0,0
S01007205,Two or more types of central heating,43,7,36,37,2,35,3,2,1,3,3,0
S01007206,All people in households,392,82,310,312,20,292,61,43,18,19,19,0
S01007206,No central heating,13,3,10,13,3,10,0,0,0,0,0,0
S01007206,Gas central heating,301,56,245,243,11,232,44,31,13,14,14,0
S01007206,Electric (including storage heaters) central heating,49,18,31,31,4,27,13,9,4,5,5,0
S01007206,Oil central heating,12,2,10,10,0,10,2,2,0,0,0,0
S01007206,Solid fuel (for example wood coal) central heating,5,1,4,4,0,4,1,1,0,0,0,0
S01007206,Other central heating,4,0,4,4,0,4,0,0,0,0,0,0
S01007206,Two or more types of central heating,8,2,6,7,2,5,1,0,1,0,0,0
S01007207,All people in households,898,149,749,755,50,705,104,63,41,39,36,3
S01007207,No central heating,8,2,6,6,0,6,0,0,0,2,2,0
S01007207,Gas central heating,720,108,612,612,36,576,79,46,33,29,26,3
S01007207,Electric (including storage heaters) central heating,134,25,109,114,9,105,14,10,4,6,6,0
S01007207,Oil central heating,13,5,8,10,2,8,3,3,0,0,0,0
S01007207,Solid fuel (for example wood coal) central heating,7,3,4,6,2,4,1,1,0,0,0,0
S01007207,Other central heating,2,1,1,0,0,0,1,0,1,1,1,0
S01007207,Two or more types of central heating,14,5,9,7,1,6,6,3,3,1,1,0
S01007208,All people in households,990,198,792,812,69,743,131,83,48,47,46,1
S01007208,No central heating,27,4,23,17,1,16,7,1,6,3,2,1
S01007208,Gas central heating,610,114,496,518,45,473,69,46,23,23,23,0
S01007208,Electric (including storage heaters) central heating,315,72,243,248,22,226,49,32,17,18,18,0
S01007208,Oil central heating,3,0,3,3,0,3,0,0,0,0,0,0
S01007208,Solid fuel (for example wood coal) central heating,3,1,2,2,0,2,0,0,0,1,1,0
S01007208,Other central heating,3,3,0,0,0,0,2,2,0,1,1,0
S01007208,Two or more types of central heating,29,4,25,24,1,23,4,2,2,1,1,0
S01007209,All people in households,702,133,569,595,52,543,83,58,25,24,23,1
S01007209,No central heating,20,4,16,18,2,16,1,1,0,1,1,0
S01007209,Gas central heating,527,97,430,451,40,411,61,43,18,15,14,1
S01007209,Electric (including storage heaters) central heating,131,29,102,106,8,98,18,14,4,7,7,0
S01007209,Oil central heating,4,1,3,4,1,3,0,0,0,0,0,0
S01007209,Solid fuel (for example wood coal) central heating,0,0,0,0,0,0,0,0,0,0,0,0
S01007209,Other central heating,2,0,2,0,0,0,2,0,2,0,0,0
S01007209,Two or more types of central heating,18,2,16,16,1,15,1,0,1,1,1,0
S01007210,All people in households,779,133,646,651,39,612,91,61,30,37,33,4
S01007210,No central heating,13,4,9,8,0,8,2,2,0,3,2,1
S01007210,Gas central heating,647,104,543,550,33,517,75,49,26,22,22,0
S01007210,Electric (including storage heaters) central heating,95,20,75,74,5,69,12,9,3,9,6,3
S01007210,Oil central heating,0,0,0,0,0,0,0,0,0,0,0,0
S01007210,Solid fuel (for example wood coal) central heating,6,0,6,6,0,6,0,0,0,0,0,0
S01007210,Other central heating,0,0,0,0,0,0,0,0,0,0,0,0
S01007210,Two or more types of central heating,18,5,13,13,1,12,2,1,1,3,3,0
S01007211,All people in households,967,219,748,769,57,712,133,99,34,65,63,2
S01007211,No central heating,33,6,27,26,1,25,5,3,2,2,2,0
S01007211,Gas central heating,621,127,494,510,38,472,80,58,22,31,31,0
S01007211,Electric (including storage heaters) central heating,287,78,209,211,14,197,46,36,10,30,28,2
S01007211,Oil central heating,0,0,0,0,0,0,0,0,0,0,0,0
S01007211,Solid fuel (for example wood coal) central heating,1,1,0,0,0,0,1,1,0,0,0,0
S01007211,Other central heating,0,0,0,0,0,0,0,0,0,0,0,0
S01007211,Two or more types of central heating,25,7,18,22,4,18,1,1,0,2,2,0
S01007212,All people in households,546,81,465,466,26,440,63,38,25,17,17,0
S01007212,No central heating,15,6,9,11,3,8,3,2,1,1,1,0
S01007212,Gas central heating,421,58,363,364,17,347,45,29,16,12,12,0
S01007212,Electric (including storage heaters) central heating,87,13,74,71,5,66,12,4,8,4,4,0
S01007212,Oil central heating,11,2,9,9,0,9,2,2,0,0,0,0
S01007212,Solid fuel (for example wood coal) central heating,2,0,2,2,0,2,0,0,0,0,0,0
S01007212,Other central heating,0,0,0,0,0,0,0,0,0,0,0,0
S01007212,Two or more types of central heating,10,2,8,9,1,8,1,1,0,0,0,0
S01007213,All people in households,873,166,707,736,61,675,98,68,30,39,37,2
S01007213,No central heating,12,2,10,11,1,10,1,1,0,0,0,0
S01007213,Gas central heating,730,129,601,624,47,577,77,54,23,29,28,1
S01007213,Electric (including storage heaters) central heating,97,26,71,76,9,67,13,9,4,8,8,0
S01007213,Oil central heating,7,2,5,6,1,5,1,1,0,0,0,0
S01007213,Solid fuel (for example wood coal) central heating,0,0,0,0,0,0,0,0,0,0,0,0
S01007213,Other central heating,0,0,0,0,0,0,0,0,0,0,0,0
S01007213,Two or more types of central heating,27,7,20,19,3,16,6,3,3,2,1,1
S01007214,All people in households,726,207,519,532,45,487,136,104,32,58,58,0
S01007214,No central heating,13,4,9,9,0,9,2,2,0,2,2,0
S01007214,Gas central heating,455,115,340,347,27,320,72,52,20,36,36,0
S01007214,Electric (including storage heaters) central heating,241,83,158,162,16,146,62,50,12,17,17,0
S01007214,Oil central heating,9,3,6,7,1,6,0,0,0,2,2,0
S01007214,Solid fuel (for example wood coal) central heating,2,0,2,2,0,2,0,0,0,0,0,0
S01007214,Other central heating,1,0,1,1,0,1,0,0,0,0,0,0
S01007214,Two or more types of central heating,5,2,3,4,1,3,0,0,0,1,1,0
S01007215,All people in households,770,164,606,628,54,574,92,61,31,50,49,1
S01007215,No central heating,17,6,11,12,2,10,4,3,1,1,1,0
S01007215,Gas central heating,577,107,470,487,40,447,63,41,22,27,26,1
S01007215,Electric (including storage heaters) central heating,138,36,102,104,9,95,21,14,7,13,13,0
S01007215,Oil central heating,2,0,2,2,0,2,0,0,0,0,0,0
S01007215,Solid fuel (for example wood coal) central heating,1,1,0,0,0,0,1,1,0,0,0,0
S01007215,Other central heating,6,1,5,6,1,5,0,0,0,0,0,0
S01007215,Two or more types of central heating,29,13,16,17,2,15,3,2,1,9,9,0
S01007216,All people in households,694,128,566,589,46,543,78,56,22,27,26,1
S01007216,No central heating,5,1,4,4,1,3,1,0,1,0,0,0
S01007216,Gas central heating,618,113,505,529,42,487,64,47,17,25,24,1
S01007216,Electric (including storage heaters) central heating,51,12,39,38,3,35,11,7,4,2,2,0
S01007216,Oil central heating,3,0,3,3,0,3,0,0,0,0,0,0
S01007216,Solid fuel (for example wood coal) central heating,0,0,0,0,0,0,0,0,0,0,0,0
S01007216,Other central heating,3,0,3,3,0,3,0,0,0,0,0,0
S01007216,Two or more types of central heating,14,2,12,12,0,12,2,2,0,0,0,0
S01007217,All people in households,943,190,753,764,67,697,131,79,52,48,44,4
S01007217,No central heating,8,0,8,6,0,6,2,0,2,0,0,0
S01007217,Gas central heating,696,118,578,595,47,548,73,44,29,28,27,1
S01007217,Electric (including storage heaters) central heating,179,58,121,120,17,103,40,25,15,19,16,3
S01007217,Oil central heating,21,5,16,19,3,16,2,2,0,0,0,0
S01007217,Solid fuel (for example wood coal) central heating,7,2,5,5,0,5,2,2,0,0,0,0
S01007217,Other central heating,3,0,3,3,0,3,0,0,0,0,0,0
S01007217,Two or more types of central heating,29,7,22,16,0,16,12,6,6,1,1,0
S01007218,All people in households,876,133,743,784,55,729,70,56,14,22,22,0
S01007218,No central heating,4,0,4,3,0,3,1,0,1,0,0,0
S01007218,Gas central heating,812,117,695,733,51,682,61,48,13,18,18,0
S01007218,Electric (including storage heaters) central heating,23,8,15,16,1,15,4,4,0,3,3,0
S01007218,Oil central heating,14,2,12,12,0,12,2,2,0,0,0,0
S01007218,Solid fuel (for example wood coal) central heating,2,1,1,1,0,1,1,1,0,0,0,0
S01007218,Other central heating,7,1,6,7,1,6,0,0,0,0,0,0
S01007218,Two or more types of central heating,14,4,10,12,2,10,1,1,0,1,1,0
S01007219,All people in households,808,168,640,661,56,605,112,77,35,35,35,0
S01007219,No central heating,4,0,4,3,0,3,1,0,1,0,0,0
S01007219,Gas central heating,547,89,458,470,31,439,60,41,19,17,17,0
S01007219,Electric (including storage heaters) central heating,221,71,150,156,20,136,47,33,14,18,18,0
S01007219,Oil central heating,25,5,20,23,4,19,2,1,1,0,0,0
S01007219,Solid fuel (for example wood coal) central heating,0,0,0,0,0,0,0,0,0,0,0,0
S01007219,Other central heating,0,0,0,0,0,0,0,0,0,0,0,0
S01007219,Two or more types of central heating,11,3,8,9,1,8,2,2,0,0,0,0
S01007220,All people in households,701,143,558,589,58,531,72,45,27,40,40,0
S01007220,No central heating,9,5,4,5,2,3,3,2,1,1,1,0
S01007220,Gas central heating,527,79,448,463,34,429,46,27,19,18,18,0
S01007220,Electric (including storage heaters) central heating,139,48,91,103,19,84,22,15,7,14,14,0
S01007220,Oil central heating,10,5,5,5,0,5,1,1,0,4,4,0
S01007220,Solid fuel (for example wood coal) central heating,3,3,0,1,1,0,0,0,0,2,2,0
S01007220,Other central heating,1,0,1,1,0,1,0,0,0,0,0,0
S01007220,Two or more types of central heating,12,3,9,11,2,9,0,0,0,1,1,0
S01007221,All people in households,699,98,601,625,37,588,47,35,12,27,26,1
S01007221,No central heating,7,1,6,5,0,5,2,1,1,0,0,0
S01007221,Gas central heating,589,78,511,537,34,503,31,24,7,21,20,1
S01007221,Electric (including storage heaters) central heating,31,8,23,24,1,23,3,3,0,4,4,0
S01007221,Oil central heating,43,9,34,32,2,30,10,6,4,1,1,0
S01007221,Solid fuel (for example wood coal) central heating,3,0,3,3,0,3,0,0,0,0,0,0
S01007221,Other central heating,2,0,2,2,0,2,0,0,0,0,0,0
S01007221,Two or more types of central heating,24,2,22,22,0,22,1,1,0,1,1,0
S01007222,All people in households,806,119,687,698,42,656,74,45,29,34,32,2
S01007222,No central heating,2,0,2,2,0,2,0,0,0,0,0,0
S01007222,Gas central heating,688,92,596,602,32,570,59,35,24,27,25,2
S01007222,Electric (including storage heaters) central heating,37,10,27,26,2,24,7,4,3,4,4,0
S01007222,Oil central heating,50,7,43,45,4,41,3,1,2,2,2,0
S01007222,Solid fuel (for example wood coal) central heating,0,0,0,0,0,0,0,0,0,0,0,0
S01007222,Other central heating,4,1,3,3,0,3,1,1,0,0,0,0
S01007222,Two or more types of central heating,25,9,16,20,4,16,4,4,0,1,1,0
S01007223,All people in households,516,59,457,468,28,440,35,18,17,13,13,0
S01007223,No central heating,3,0,3,3,0,3,0,0,0,0,0,0
S01007223,Gas central heating,445,48,397,403,22,381,32,16,16,10,10,0
S01007223,Electric (including storage heaters) central heating,6,0,6,6,0,6,0,0,0,0,0,0
S01007223,Oil central heating,60,11,49,54,6,48,3,2,1,3,3,0
S01007223,Solid fuel (for example wood coal) central heating,2,0,2,2,0,2,0,0,0,0,0,0
S01007223,Other central heating,0,0,0,0,0,0,0,0,0,0,0,0
S01007223,Two or more types of central heating,0,0,0,0,0,0,0,0,0,0,0,0
S01007224,All people in households,615,114,501,512,41,471,80,53,27,23,20,3
S01007224,No central heating,10,3,7,5,0,5,4,2,2,1,1,0
S01007224,Gas central heating,529,88,441,452,34,418,60,40,20,17,14,3
S01007224,Electric (including storage heaters) central heating,45,15,30,30,3,27,11,8,3,4,4,0
S01007224,Oil central heating,17,1,16,14,0,14,2,0,2,1,1,0
S01007224,Solid fuel (for example wood coal) central heating,7,4,3,6,3,3,1,1,0,0,0,0
S01007224,Other central heating,0,0,0,0,0,0,0,0,0,0,0,0
S01007224,Two or more types of central heating,7,3,4,5,1,4,2,2,0,0,0,0
S01007225,All people in households,873,134,739,763,48,715,85,61,24,25,25,0
S01007225,No central heating,26,6,20,20,1,19,3,2,1,3,3,0
S01007225,Gas central heating,182,35,147,148,9,139,25,17,8,9,9,0
S01007225,Electric (including storage heaters) central heating,118,24,94,101,9,92,9,7,2,8,8,0
S01007225,Oil central heating,426,52,374,387,20,367,35,28,7,4,4,0
S01007225,Solid fuel (for example wood coal) central heating,27,3,24,24,2,22,3,1,2,0,0,0
S01007225,Other central heating,43,8,35,39,6,33,4,2,2,0,0,0
S01007225,Two or more types of central heating,51,6,45,44,1,43,6,4,2,1,1,0
S01007226,All people in households,797,119,678,710,53,657,60,39,21,27,27,0
S01007226,No central heating,40,12,28,34,8,26,4,2,2,2,2,0
S01007226,Gas central heating,195,34,161,169,11,158,16,13,3,10,10,0
S01007226,Electric (including storage heaters) central heating,62,14,48,50,6,44,10,6,4,2,2,0
S01007226,Oil central heating,378,42,336,353,22,331,17,12,5,8,8,0
S01007226,Solid fuel (for example wood coal) central heating,33,6,27,27,2,25,5,3,2,1,1,0
S01007226,Other central heating,37,4,33,31,1,30,3,0,3,3,3,0
S01007226,Two or more types of central heating,52,7,45,46,3,43,5,3,2,1,1,0
S01007227,All people in households,962,200,762,801,64,737,119,97,22,42,39,3
S01007227,No central heating,7,0,7,7,0,7,0,0,0,0,0,0
S01007227,Gas central heating,777,138,639,664,46,618,84,66,18,29,26,3
S01007227,Electric (including storage heaters) central heating,114,50,64,77,15,62,25,23,2,12,12,0
S01007227,Oil central heating,37,7,30,32,2,30,4,4,0,1,1,0
S01007227,Solid fuel (for example wood coal) central heating,13,0,13,11,0,11,2,0,2,0,0,0
S01007227,Other central heating,1,1,0,0,0,0,1,1,0,0,0,0
S01007227,Two or more types of central heating,13,4,9,10,1,9,3,3,0,0,0,0
S01007228,All people in households,648,107,541,559,36,523,63,46,17,26,25,1
S01007228,No central heating,24,7,17,17,0,17,2,2,0,5,5,0
S01007228,Gas central heating,84,13,71,73,5,68,9,6,3,2,2,0
S01007228,Electric (including storage heaters) central heating,96,32,64,74,17,57,15,8,7,7,7,0
S01007228,Oil central heating,336,39,297,300,10,290,27,21,6,9,8,1
S01007228,Solid fuel (for example wood coal) central heating,51,9,42,42,1,41,8,7,1,1,1,0
S01007228,Other central heating,13,2,11,11,0,11,0,0,0,2,2,0
S01007228,Two or more types of central heating,44,5,39,42,3,39,2,2,0,0,0,0
S01007229,All people in households,1102,160,942,968,66,902,105,65,40,29,29,0
S01007229,No central heating,41,9,32,32,2,30,8,6,2,1,1,0
S01007229,Gas central heating,230,45,185,194,18,176,28,19,9,8,8,0
S01007229,Electric (including storage heaters) central heating,98,20,78,77,9,68,19,9,10,2,2,0
S01007229,Oil central heating,571,62,509,520,27,493,37,21,16,14,14,0
S01007229,Solid fuel (for example wood coal) central heating,69,15,54,58,5,53,8,7,1,3,3,0
S01007229,Other central heating,22,7,15,16,3,13,5,3,2,1,1,0
S01007229,Two or more types of central heating,71,2,69,71,2,69,0,0,0,0,0,0
S01007230,All people in households,742,130,612,632,48,584,82,54,28,28,28,0
S01007230,No central heating,13,1,12,12,0,12,1,1,0,0,0,0
S01007230,Gas central heating,467,66,401,414,21,393,32,24,8,21,21,0
S01007230,Electric (including storage heaters) central heating,233,56,177,185,23,162,43,28,15,5,5,0
S01007230,Oil central heating,11,3,8,9,2,7,2,1,1,0,0,0
S01007230,Solid fuel (for example wood coal) central heating,4,2,2,3,1,2,0,0,0,1,1,0
S01007230,Other central heating,1,0,1,0,0,0,1,0,1,0,0,0
S01007230,Two or more types of central heating,13,2,11,9,1,8,3,0,3,1,1,0
S01007231,All people in households,701,177,524,543,56,487,120,84,36,38,37,1
S01007231,No central heating,10,4,6,4,0,4,6,4,2,0,0,0
S01007231,Gas central heating,434,89,345,353,29,324,63,42,21,18,18,0
S01007231,Electric (including storage heaters) central heating,230,82,148,163,27,136,47,36,11,20,19,1
S01007231,Oil central heating,4,0,4,4,0,4,0,0,0,0,0,0
S01007231,Solid fuel (for example wood coal) central heating,6,1,5,5,0,5,1,1,0,0,0,0
S01007231,Other central heating,1,0,1,1,0,1,0,0,0,0,0,0
S01007231,Two or more types of central heating,16,1,15,13,0,13,3,1,2,0,0,0
S01007232,All people in households,726,153,573,579,44,535,108,72,36,39,37,2
S01007232,No central heating,6,2,4,4,0,4,0,0,0,2,2,0
S01007232,Gas central heating,316,56,260,261,13,248,40,29,11,15,14,1
S01007232,Electric (including storage heaters) central heating,365,88,277,282,30,252,64,40,24,19,18,1
S01007232,Oil central heating,17,5,12,13,1,12,2,2,0,2,2,0
S01007232,Solid fuel (for example wood coal) central heating,0,0,0,0,0,0,0,0,0,0,0,0
S01007232,Other central heating,6,0,6,5,0,5,1,0,1,0,0,0
S01007232,Two or more types of central heating,16,2,14,14,0,14,1,1,0,1,1,0
S01007233,All people in households,788,135,653,666,42,624,93,68,25,29,25,4
S01007233,No central heating,25,4,21,23,3,20,2,1,1,0,0,0
S01007233,Gas central heating,563,86,477,490,28,462,58,45,13,15,13,2
S01007233,Electric (including storage heaters) central heating,168,39,129,126,9,117,28,18,10,14,12,2
S01007233,Oil central heating,13,2,11,13,2,11,0,0,0,0,0,0
S01007233,Solid fuel (for example wood coal) central heating,13,4,9,9,0,9,4,4,0,0,0,0
S01007233,Other central heating,0,0,0,0,0,0,0,0,0,0,0,0
S01007233,Two or more types of central heating,6,0,6,5,0,5,1,0,1,0,0,0
S01007234,All people in households,613,101,512,501,26,475,90,53,37,22,22,0
S01007234,No central heating,6,2,4,4,0,4,2,2,0,0,0,0
S01007234,Gas central heating,492,69,423,418,22,396,59,32,27,15,15,0
S01007234,Electric (including storage heaters) central heating,78,25,53,50,4,46,22,15,7,6,6,0
S01007234,Oil central heating,7,2,5,4,0,4,3,2,1,0,0,0
S01007234,Solid fuel (for example wood coal) central heating,4,0,4,4,0,4,0,0,0,0,0,0
S01007234,Other central heating,11,1,10,10,0,10,1,1,0,0,0,0
S01007234,Two or more types of central heating,15,2,13,11,0,11,3,1,2,1,1,0
S01007235,All people in households,774,168,606,625,62,563,115,73,42,34,33,1
S01007235,No central heating,18,5,13,10,1,9,7,3,4,1,1,0
S01007235,Gas central heating,485,97,388,400,38,362,67,42,25,18,17,1
S01007235,Electric (including storage heaters) central heating,240,61,179,186,20,166,40,27,13,14,14,0
S01007235,Oil central heating,10,2,8,10,2,8,0,0,0,0,0,0
S01007235,Solid fuel (for example wood coal) central heating,3,1,2,2,0,2,1,1,0,0,0,0
S01007235,Other central heating,3,0,3,3,0,3,0,0,0,0,0,0
S01007235,Two or more types of central heating,15,2,13,14,1,13,0,0,0,1,1,0
S01007236,All people in households,619,109,510,526,45,481,73,44,29,20,20,0
S01007236,No central heating,12,4,8,8,0,8,2,2,0,2,2,0
S01007236,Gas central heating,473,70,403,411,31,380,49,26,23,13,13,0
S01007236,Electric (including storage heaters) central heating,111,27,84,89,10,79,17,12,5,5,5,0
S01007236,Oil central heating,14,5,9,13,4,9,1,1,0,0,0,0
S01007236,Solid fuel (for example wood coal) central heating,0,0,0,0,0,0,0,0,0,0,0,0
S01007236,Other central heating,2,1,1,1,0,1,1,1,0,0,0,0
S01007236,Two or more types of central heating,7,2,5,4,0,4,3,2,1,0,0,0
S01007237,All people in households,719,121,598,636,55,581,64,47,17,19,19,0
S01007237,No central heating,6,1,5,5,0,5,1,1,0,0,0,0
S01007237,Gas central heating,625,103,522,553,46,507,58,43,15,14,14,0
S01007237,Electric (including storage heaters) central heating,47,14,33,40,8,32,2,1,1,5,5,0
S01007237,Oil central heating,13,1,12,12,0,12,1,1,0,0,0,0
S01007237,Solid fuel (for example wood coal) central heating,0,0,0,0,0,0,0,0,0,0,0,0
S01007237,Other central heating,0,0,0,0,0,0,0,0,0,0,0,0
S01007237,Two or more types of central heating,28,2,26,26,1,25,2,1,1,0,0,0
S01007238,All people in households,915,167,748,762,57,705,118,77,41,35,33,2
S01007238,No central heating,6,1,5,5,0,5,0,0,0,1,1,0
S01007238,Gas central heating,711,119,592,606,49,557,80,46,34,25,24,1
S01007238,Electric (including storage heaters) central heating,150,36,114,117,8,109,28,23,5,5,5,0
S01007238,Oil central heating,24,6,18,18,0,18,5,5,0,1,1,0
S01007238,Solid fuel (for example wood coal) central heating,0,0,0,0,0,0,0,0,0,0,0,0
S01007238,Other central heating,0,0,0,0,0,0,0,0,0,0,0,0
S01007238,Two or more types of central heating,24,5,19,16,0,16,5,3,2,3,2,1
S01007239,All people in households,810,160,650,691,65,626,100,76,24,19,19,0
S01007239,No central heating,5,1,4,5,1,4,0,0,0,0,0,0
S01007239,Gas central heating,693,125,568,601,54,547,79,58,21,13,13,0
S01007239,Electric (including storage heaters) central heating,55,19,36,39,5,34,12,10,2,4,4,0
S01007239,Oil central heating,26,10,16,19,3,16,6,6,0,1,1,0
S01007239,Solid fuel (for example wood coal) central heating,5,0,5,5,0,5,0,0,0,0,0,0
S01007239,Other central heating,0,0,0,0,0,0,0,0,0,0,0,0
S01007239,Two or more types of central heating,26,5,21,22,2,20,3,2,1,1,1,0
S01007240,All people in households,539,104,435,456,41,415,58,39,19,25,24,1
S01007240,No central heating,18,4,14,15,1,14,2,2,0,1,1,0
S01007240,Gas central heating,108,23,85,88,8,80,14,9,5,6,6,0
S01007240,Electric (including storage heaters) central heating,29,7,22,21,1,20,6,5,1,2,1,1
S01007240,Oil central heating,285,50,235,244,20,224,28,17,11,13,13,0
S01007240,Solid fuel (for example wood coal) central heating,24,9,15,21,7,14,3,2,1,0,0,0
S01007240,Other central heating,32,8,24,28,4,24,2,2,0,2,2,0
S01007240,Two or more types of central heating,43,3,40,39,0,39,3,2,1,1,1,0
S01007241,All people in households,614,82,532,557,40,517,42,29,13,15,13,2
S01007241,No central heating,16,5,11,10,1,9,6,4,2,0,0,0
S01007241,Gas central heating,97,13,84,88,6,82,7,5,2,2,2,0
S01007241,Electric (including storage heaters) central heating,73,12,61,63,4,59,7,6,1,3,2,1
S01007241,Oil central heating,319,41,278,293,22,271,18,12,6,8,7,1
S01007241,Solid fuel (for example wood coal) central heating,58,7,51,53,4,49,4,2,2,1,1,0
S01007241,Other central heating,18,1,17,17,0,17,0,0,0,1,1,0
S01007241,Two or more types of central heating,33,3,30,33,3,30,0,0,0,0,0,0
S01007242,All people in households,999,199,800,841,75,766,117,84,33,41,40,1
S01007242,No central heating,15,4,11,13,3,10,2,1,1,0,0,0
S01007242,Gas central heating,755,147,608,634,49,585,93,71,22,28,27,1
S01007242,Electric (including storage heaters) central heating,133,32,101,111,16,95,15,9,6,7,7,0
S01007242,Oil central heating,48,8,40,43,4,39,2,1,1,3,3,0
S01007242,Solid fuel (for example wood coal) central heating,18,2,16,14,1,13,3,0,3,1,1,0
S01007242,Other central heating,4,2,2,2,0,2,1,1,0,1,1,0
S01007242,Two or more types of central heating,26,4,22,24,2,22,1,1,0,1,1,0
S01007243,All people in households,585,109,476,492,34,458,65,49,16,28,26,2
S01007243,No central heating,10,5,5,6,1,5,1,1,0,3,3,0
S01007243,Gas central heating,480,81,399,409,25,384,52,38,14,19,18,1
S01007243,Electric (including storage heaters) central heating,36,14,22,29,7,22,5,5,0,2,2,0
S01007243,Oil central heating,26,2,24,23,0,23,1,1,0,2,1,1
S01007243,Solid fuel (for example wood coal) central heating,5,3,2,2,0,2,1,1,0,2,2,0
S01007243,Other central heating,3,0,3,3,0,3,0,0,0,0,0,0
S01007243,Two or more types of central heating,25,4,21,20,1,19,5,3,2,0,0,0
S01007244,All people in households,717,130,587,605,47,558,74,47,27,38,36,2
S01007244,No central heating,11,4,7,8,1,7,3,3,0,0,0,0
S01007244,Gas central heating,196,35,161,162,11,151,19,10,9,15,14,1
S01007244,Electric (including storage heaters) central heating,79,13,66,67,5,62,7,3,4,5,5,0
S01007244,Oil central heating,300,57,243,255,22,233,34,25,9,11,10,1
S01007244,Solid fuel (for example wood coal) central heating,31,6,25,29,4,25,0,0,0,2,2,0
S01007244,Other central heating,43,7,36,35,2,33,6,3,3,2,2,0
S01007244,Two or more types of central heating,57,8,49,49,2,47,5,3,2,3,3,0
S01007245,All people in households,669,138,531,543,44,499,87,56,31,39,38,1
S01007245,No central heating,3,1,2,2,0,2,0,0,0,1,1,0
S01007245,Gas central heating,353,65,288,298,23,275,37,24,13,18,18,0
S01007245,Electric (including storage heaters) central heating,123,37,86,84,8,76,27,18,9,12,11,1
S01007245,Oil central heating,167,31,136,140,12,128,21,13,8,6,6,0
S01007245,Solid fuel (for example wood coal) central heating,9,1,8,7,0,7,1,0,1,1,1,0
S01007245,Other central heating,3,0,3,3,0,3,0,0,0,0,0,0
S01007245,Two or more types of central heating,11,3,8,9,1,8,1,1,0,1,1,0
S01007246,All people in households,564,96,468,485,33,452,51,35,16,28,28,0
S01007246,No central heating,6,0,6,6,0,6,0,0,0,0,0,0
S01007246,Gas central heating,290,38,252,257,14,243,24,15,9,9,9,0
S01007246,Electric (including storage heaters) central heating,40,7,33,37,4,33,2,2,0,1,1,0
S01007246,Oil central heating,151,24,127,135,12,123,11,7,4,5,5,0
S01007246,Solid fuel (for example wood coal) central heating,25,10,15,14,0,14,6,5,1,5,5,0
S01007246,Other central heating,36,13,23,24,3,21,6,4,2,6,6,0
S01007246,Two or more types of central heating,16,4,12,12,0,12,2,2,0,2,2,0
S01007247,All people in households,641,126,515,553,58,495,67,47,20,21,21,0
S01007247,No central heating,17,3,14,13,0,13,2,1,1,2,2,0
S01007247,Gas central heating,94,13,81,88,8,80,5,4,1,1,1,0
S01007247,Electric (including storage heaters) central heating,173,37,136,138,12,126,25,15,10,10,10,0
S01007247,Oil central heating,271,49,222,244,27,217,22,17,5,5,5,0
S01007247,Solid fuel (for example wood coal) central heating,37,7,30,33,5,28,3,1,2,1,1,0
S01007247,Other central heating,21,7,14,17,3,14,2,2,0,2,2,0
S01007247,Two or more types of central heating,28,10,18,20,3,17,8,7,1,0,0,0
S01007248,All people in households,763,118,645,674,49,625,70,50,20,19,19,0
S01007248,No central heating,0,0,0,0,0,0,0,0,0,0,0,0
S01007248,Gas central heating,702,104,598,628,46,582,59,43,16,15,15,0
S01007248,Electric (including storage heaters) central heating,29,8,21,19,1,18,7,4,3,3,3,0
S01007248,Oil central heating,23,2,21,20,0,20,2,1,1,1,1,0
S01007248,Solid fuel (for example wood coal) central heating,3,0,3,3,0,3,0,0,0,0,0,0
S01007248,Other central heating,0,0,0,0,0,0,0,0,0,0,0,0
S01007248,Two or more types of central heating,6,4,2,4,2,2,2,2,0,0,0,0
S01007249,All people in households,377,53,324,333,21,312,35,23,12,9,9,0
S01007249,No central heating,8,1,7,7,0,7,1,1,0,0,0,0
S01007249,Gas central heating,330,47,283,292,18,274,30,21,9,8,8,0
S01007249,Electric (including storage heaters) central heating,27,5,22,23,3,20,3,1,2,1,1,0
S01007249,Oil central heating,2,0,2,1,0,1,1,0,1,0,0,0
S01007249,Solid fuel (for example wood coal) central heating,3,0,3,3,0,3,0,0,0,0,0,0
S01007249,Other central heating,0,0,0,0,0,0,0,0,0,0,0,0
S01007249,Two or more types of central heating,7,0,7,7,0,7,0,0,0,0,0,0
S01007250,All people in households,822,147,675,690,51,639,105,69,36,27,27,0
S01007250,No central heating,14,3,11,12,2,10,1,0,1,1,1,0
S01007250,Gas central heating,463,95,368,385,33,352,65,49,16,13,13,0
S01007250,Electric (including storage heaters) central heating,312,42,270,266,12,254,34,18,16,12,12,0
S01007250,Oil central heating,23,3,20,19,2,17,3,0,3,1,1,0
S01007250,Solid fuel (for example wood coal) central heating,0,0,0,0,0,0,0,0,0,0,0,0
S01007250,Other central heating,2,0,2,2,0,2,0,0,0,0,0,0
S01007250,Two or more types of central heating,8,4,4,6,2,4,2,2,0,0,0,0
S01007251,All people in households,523,113,410,424,34,390,72,53,19,27,26,1
S01007251,No central heating,2,1,1,2,1,1,0,0,0,0,0,0
S01007251,Gas central heating,467,92,375,386,27,359,63,47,16,18,18,0
S01007251,Electric (including storage heaters) central heating,41,15,26,28,6,22,9,6,3,4,3,1
S01007251,Oil central heating,4,1,3,3,0,3,0,0,0,1,1,0
S01007251,Solid fuel (for example wood coal) central heating,0,0,0,0,0,0,0,0,0,0,0,0
S01007251,Other central heating,0,0,0,0,0,0,0,0,0,0,0,0
S01007251,Two or more types of central heating,9,4,5,5,0,5,0,0,0,4,4,0
S01007252,All people in households,798,115,683,709,56,653,74,44,30,15,15,0
S01007252,No central heating,18,1,17,18,1,17,0,0,0,0,0,0
S01007252,Gas central heating,569,83,486,499,38,461,59,34,25,11,11,0
S01007252,Electric (including storage heaters) central heating,164,24,140,148,13,135,13,8,5,3,3,0
S01007252,Oil central heating,31,5,26,29,3,26,1,1,0,1,1,0
S01007252,Solid fuel (for example wood coal) central heating,5,0,5,5,0,5,0,0,0,0,0,0
S01007252,Other central heating,2,0,2,2,0,2,0,0,0,0,0,0
S01007252,Two or more types of central heating,9,2,7,8,1,7,1,1,0,0,0,0
S01007253,All people in households,798,154,644,672,48,624,94,75,19,32,31,1
S01007253,No central heating,5,1,4,5,1,4,0,0,0,0,0,0
S01007253,Gas central heating,634,116,518,538,35,503,72,57,15,24,24,0
S01007253,Electric (including storage heaters) central heating,66,16,50,50,3,47,11,8,3,5,5,0
S01007253,Oil central heating,71,15,56,62,7,55,7,6,1,2,2,0
S01007253,Solid fuel (for example wood coal) central heating,0,0,0,0,0,0,0,0,0,0,0,0
S01007253,Other central heating,0,0,0,0,0,0,0,0,0,0,0,0
S01007253,Two or more types of central heating,22,6,16,17,2,15,4,4,0,1,0,1
S01007254,All people in households,793,203,590,605,63,542,126,79,47,62,61,1
S01007254,No central heating,12,3,9,8,0,8,3,2,1,1,1,0
S01007254,Gas central heating,556,120,436,444,43,401,78,44,34,34,33,1
S01007254,Electric (including storage heaters) central heating,186,69,117,124,17,107,39,29,10,23,23,0
S01007254,Oil central heating,13,4,9,11,2,9,1,1,0,1,1,0
S01007254,Solid fuel (for example wood coal) central heating,9,1,8,7,0,7,2,1,1,0,0,0
S01007254,Other central heating,7,3,4,4,0,4,2,2,0,1,1,0
S01007254,Two or more types of central heating,10,3,7,7,1,6,1,0,1,2,2,0
S01007255,All people in households,792,167,625,633,47,586,111,74,37,48,46,2
S01007255,No central heating,11,1,10,10,0,10,1,1,0,0,0,0
S01007255,Gas central heating,591,112,479,477,31,446,81,50,31,33,31,2
S01007255,Electric (including storage heaters) central heating,128,34,94,96,7,89,20,15,5,12,12,0
S01007255,Oil central heating,23,5,18,21,3,18,0,0,0,2,2,0
S01007255,Solid fuel (for example wood coal) central heating,4,2,2,2,0,2,2,2,0,0,0,0
S01007255,Other central heating,2,1,1,1,0,1,1,1,0,0,0,0
S01007255,Two or more types of central heating,33,12,21,26,6,20,6,5,1,1,1,0
S01007256,All people in households,799,149,650,654,45,609,102,63,39,43,41,2
S01007256,No central heating,15,2,13,13,0,13,1,1,0,1,1,0
S01007256,Gas central heating,559,77,482,491,30,461,50,30,20,18,17,1
S01007256,Electric (including storage heaters) central heating,187,61,126,120,10,110,45,30,15,22,21,1
S01007256,Oil central heating,14,2,12,13,1,12,1,1,0,0,0,0
S01007256,Solid fuel (for example wood coal) central heating,6,3,3,2,0,2,2,1,1,2,2,0
S01007256,Other central heating,1,0,1,1,0,1,0,0,0,0,0,0
S01007256,Two or more types of central heating,17,4,13,14,4,10,3,0,3,0,0,0
S01007257,All people in households,606,106,500,485,24,461,79,45,34,42,37,5
S01007257,No central heating,13,1,12,11,0,11,1,0,1,1,1,0
S01007257,Gas central heating,408,62,346,338,15,323,49,28,21,21,19,2
S01007257,Electric (including storage heaters) central heating,151,30,121,116,7,109,21,12,9,14,11,3
S01007257,Oil central heating,16,5,11,12,2,10,2,1,1,2,2,0
S01007257,Solid fuel (for example wood coal) central heating,0,0,0,0,0,0,0,0,0,0,0,0
S01007257,Other central heating,0,0,0,0,0,0,0,0,0,0,0,0
S01007257,Two or more types of central heating,18,8,10,8,0,8,6,4,2,4,4,0
S01007258,All people in households,870,167,703,723,53,670,112,79,33,35,35,0
S01007258,No central heating,12,3,9,10,1,9,1,1,0,1,1,0
S01007258,Gas central heating,637,109,528,540,38,502,77,51,26,20,20,0
S01007258,Electric (including storage heaters) central heating,153,40,113,115,8,107,28,22,6,10,10,0
S01007258,Oil central heating,37,3,34,35,2,33,2,1,1,0,0,0
S01007258,Solid fuel (for example wood coal) central heating,6,4,2,3,1,2,2,2,0,1,1,0
S01007258,Other central heating,6,2,4,5,1,4,1,1,0,0,0,0
S01007258,Two or more types of central heating,19,6,13,15,2,13,1,1,0,3,3,0
S01007259,All people in households,840,193,647,663,59,604,123,80,43,54,54,0
S01007259,No central heating,8,1,7,5,0,5,2,0,2,1,1,0
S01007259,Gas central heating,622,121,501,518,43,475,75,49,26,29,29,0
S01007259,Electric (including storage heaters) central heating,160,61,99,101,15,86,38,25,13,21,21,0
S01007259,Oil central heating,20,3,17,18,1,17,2,2,0,0,0,0
S01007259,Solid fuel (for example wood coal) central heating,1,1,0,0,0,0,0,0,0,1,1,0
S01007259,Other central heating,1,0,1,1,0,1,0,0,0,0,0,0
S01007259,Two or more types of central heating,28,6,22,20,0,20,6,4,2,2,2,0
S01007260,All people in households,884,151,733,742,49,693,101,61,40,41,41,0
S01007260,No central heating,20,2,18,18,0,18,1,1,0,1,1,0
S01007260,Gas central heating,650,101,549,556,37,519,69,39,30,25,25,0
S01007260,Electric (including storage heaters) central heating,142,32,110,111,8,103,21,14,7,10,10,0
S01007260,Oil central heating,21,6,15,17,2,15,3,3,0,1,1,0
S01007260,Solid fuel (for example wood coal) central heating,6,2,4,4,2,2,2,0,2,0,0,0
S01007260,Other central heating,0,0,0,0,0,0,0,0,0,0,0,0
S01007260,Two or more types of central heating,45,8,37,36,0,36,5,4,1,4,4,0
S01007261,All people in households,782,143,639,658,57,601,98,61,37,26,25,1
S01007261,No central heating,0,0,0,0,0,0,0,0,0,0,0,0
S01007261,Gas central heating,717,130,587,607,56,551,87,51,36,23,23,0
S01007261,Electric (including storage heaters) central heating,43,6,37,35,0,35,7,6,1,1,0,1
S01007261,Oil central heating,8,3,5,6,1,5,2,2,0,0,0,0
S01007261,Solid fuel (for example wood coal) central heating,3,1,2,2,0,2,0,0,0,1,1,0
S01007261,Other central heating,2,0,2,2,0,2,0,0,0,0,0,0
S01007261,Two or more types of central heating,9,3,6,6,0,6,2,2,0,1,1,0
S01007262,All people in households,712,133,579,594,42,552,90,66,24,28,25,3
S01007262,No central heating,0,0,0,0,0,0,0,0,0,0,0,0
S01007262,Gas central heating,569,98,471,484,32,452,68,52,16,17,14,3
S01007262,Electric (including storage heaters) central heating,102,23,79,78,7,71,19,11,8,5,5,0
S01007262,Oil central heating,11,3,8,9,1,8,1,1,0,1,1,0
S01007262,Solid fuel (for example wood coal) central heating,4,0,4,4,0,4,0,0,0,0,0,0
S01007262,Other central heating,0,0,0,0,0,0,0,0,0,0,0,0
S01007262,Two or more types of central heating,26,9,17,19,2,17,2,2,0,5,5,0
S01007263,All people in households,777,147,630,651,50,601,94,65,29,32,32,0
S01007263,No central heating,10,2,8,9,1,8,1,1,0,0,0,0
S01007263,Gas central heating,695,123,572,593,42,551,78,57,21,24,24,0
S01007263,Electric (including storage heaters) central heating,53,14,39,36,4,32,12,5,7,5,5,0
S01007263,Oil central heating,5,1,4,4,0,4,1,1,0,0,0,0
S01007263,Solid fuel (for example wood coal) central heating,2,2,0,0,0,0,0,0,0,2,2,0
S01007263,Other central heating,4,2,2,4,2,2,0,0,0,0,0,0
S01007263,Two or more types of central heating,8,3,5,5,1,4,2,1,1,1,1,0
S01007264,All people in households,744,146,598,627,64,563,88,54,34,29,28,1
S01007264,No central heating,10,0,10,9,0,9,1,0,1,0,0,0
S01007264,Gas central heating,572,91,481,498,40,458,55,33,22,19,18,1
S01007264,Electric (including storage heaters) central heating,129,46,83,94,19,75,27,19,8,8,8,0
S01007264,Oil central heating,15,6,9,14,5,9,0,0,0,1,1,0
S01007264,Solid fuel (for example wood coal) central heating,5,0,5,4,0,4,1,0,1,0,0,0
S01007264,Other central heating,0,0,0,0,0,0,0,0,0,0,0,0
S01007264,Two or more types of central heating,13,3,10,8,0,8,4,2,2,1,1,0
S01007265,All people in households,1059,226,833,854,76,778,146,92,54,59,58,1
S01007265,No central heating,5,2,3,5,2,3,0,0,0,0,0,0
S01007265,Gas central heating,880,167,713,731,59,672,107,67,40,42,41,1
S01007265,Electric (including storage heaters) central heating,134,47,87,84,10,74,36,23,13,14,14,0
S01007265,Oil central heating,7,3,4,7,3,4,0,0,0,0,0,0
S01007265,Solid fuel (for example wood coal) central heating,11,2,9,8,0,8,2,1,1,1,1,0
S01007265,Other central heating,4,1,3,3,0,3,0,0,0,1,1,0
S01007265,Two or more types of central heating,18,4,14,16,2,14,1,1,0,1,1,0
S01007266,All people in households,678,148,530,555,48,507,96,73,23,27,27,0
S01007266,No central heating,11,1,10,10,0,10,1,1,0,0,0,0
S01007266,Gas central heating,431,84,347,367,31,336,46,35,11,18,18,0
S01007266,Electric (including storage heaters) central heating,182,47,135,138,15,123,37,25,12,7,7,0
S01007266,Oil central heating,23,9,14,15,1,14,6,6,0,2,2,0
S01007266,Solid fuel (for example wood coal) central heating,3,1,2,2,0,2,1,1,0,0,0,0
S01007266,Other central heating,0,0,0,0,0,0,0,0,0,0,0,0
S01007266,Two or more types of central heating,28,6,22,23,1,22,5,5,0,0,0,0
S01007267,All people in households,521,70,451,463,27,436,41,26,15,17,17,0
S01007267,No central heating,8,2,6,8,2,6,0,0,0,0,0,0
S01007267,Gas central heating,102,10,92,92,4,88,8,4,4,2,2,0
S01007267,Electric (including storage heaters) central heating,88,14,74,76,2,74,10,10,0,2,2,0
S01007267,Oil central heating,238,33,205,209,14,195,19,9,10,10,10,0
S01007267,Solid fuel (for example wood coal) central heating,29,7,22,23,2,21,4,3,1,2,2,0
S01007267,Other central heating,18,1,17,18,1,17,0,0,0,0,0,0
S01007267,Two or more types of central heating,38,3,35,37,2,35,0,0,0,1,1,0
S01007268,All people in households,594,120,474,506,46,460,63,49,14,25,25,0
S01007268,No central heating,22,8,14,18,4,14,3,3,0,1,1,0
S01007268,Gas central heating,101,20,81,85,6,79,9,7,2,7,7,0
S01007268,Electric (including storage heaters) central heating,44,9,35,33,2,31,9,5,4,2,2,0
S01007268,Oil central heating,298,54,244,261,23,238,25,19,6,12,12,0
S01007268,Solid fuel (for example wood coal) central heating,24,4,20,20,1,19,3,2,1,1,1,0
S01007268,Other central heating,39,11,28,30,3,27,8,7,1,1,1,0
S01007268,Two or more types of central heating,66,14,52,59,7,52,6,6,0,1,1,0
S01007269,All people in households,528,110,418,443,35,408,60,51,9,25,24,1
S01007269,No central heating,2,0,2,2,0,2,0,0,0,0,0,0
S01007269,Gas central heating,306,66,240,248,17,231,41,33,8,17,16,1
S01007269,Electric (including storage heaters) central heating,107,25,82,94,12,82,8,8,0,5,5,0
S01007269,Oil central heating,75,11,64,68,4,64,6,6,0,1,1,0
S01007269,Solid fuel (for example wood coal) central heating,12,2,10,9,0,9,2,1,1,1,1,0
S01007269,Other central heating,3,1,2,2,0,2,1,1,0,0,0,0
S01007269,Two or more types of central heating,23,5,18,20,2,18,2,2,0,1,1,0
S01007270,All people in households,457,69,388,394,21,373,48,33,15,15,15,0
S01007270,No central heating,17,0,17,17,0,17,0,0,0,0,0,0
S01007270,Gas central heating,133,23,110,115,7,108,12,10,2,6,6,0
S01007270,Electric (including storage heaters) central heating,56,10,46,45,2,43,7,4,3,4,4,0
S01007270,Oil central heating,186,27,159,160,8,152,23,16,7,3,3,0
S01007270,Solid fuel (for example wood coal) central heating,29,6,23,24,3,21,5,3,2,0,0,0
S01007270,Other central heating,8,0,8,8,0,8,0,0,0,0,0,0
S01007270,Two or more types of central heating,28,3,25,25,1,24,1,0,1,2,2,0
S01007271,All people in households,957,166,791,813,59,754,108,72,36,36,35,1
S01007271,No central heating,19,2,17,16,0,16,2,1,1,1,1,0
S01007271,Gas central heating,793,139,654,677,52,625,93,65,28,23,22,1
S01007271,Electric (including storage heaters) central heating,73,17,56,58,6,52,7,3,4,8,8,0
S01007271,Oil central heating,18,4,14,12,1,11,5,2,3,1,1,0
S01007271,Solid fuel (for example wood coal) central heating,8,0,8,8,0,8,0,0,0,0,0,0
S01007271,Other central heating,5,1,4,4,0,4,0,0,0,1,1,0
S01007271,Two or more types of central heating,41,3,38,38,0,38,1,1,0,2,2,0
S01007272,All people in households,864,176,688,715,68,647,105,66,39,44,42,2
S01007272,No central heating,9,2,7,8,1,7,0,0,0,1,1,0
S01007272,Gas central heating,564,117,447,470,45,425,65,44,21,29,28,1
S01007272,Electric (including storage heaters) central heating,249,49,200,199,17,182,38,21,17,12,11,1
S01007272,Oil central heating,9,3,6,7,1,6,0,0,0,2,2,0
S01007272,Solid fuel (for example wood coal) central heating,7,2,5,7,2,5,0,0,0,0,0,0
S01007272,Other central heating,3,0,3,3,0,3,0,0,0,0,0,0
S01007272,Two or more types of central heating,23,3,20,21,2,19,2,1,1,0,0,0
S01007273,All people in households,668,92,576,582,33,549,64,39,25,22,20,2
S01007273,No central heating,3,1,2,2,0,2,1,1,0,0,0,0
S01007273,Gas central heating,598,78,520,525,29,496,53,31,22,20,18,2
S01007273,Electric (including storage heaters) central heating,39,9,30,30,3,27,7,4,3,2,2,0
S01007273,Oil central heating,20,4,16,17,1,16,3,3,0,0,0,0
S01007273,Solid fuel (for example wood coal) central heating,1,0,1,1,0,1,0,0,0,0,0,0
S01007273,Other central heating,0,0,0,0,0,0,0,0,0,0,0,0
S01007273,Two or more types of central heating,7,0,7,7,0,7,0,0,0,0,0,0
S01007274,All people in households,826,205,621,662,74,588,121,90,31,43,41,2
S01007274,No central heating,23,3,20,18,1,17,5,2,3,0,0,0
S01007274,Gas central heating,567,131,436,462,48,414,79,59,20,26,24,2
S01007274,Electric (including storage heaters) central heating,172,57,115,127,19,108,33,26,7,12,12,0
S01007274,Oil central heating,21,6,15,19,5,14,1,0,1,1,1,0
S01007274,Solid fuel (for example wood coal) central heating,4,2,2,2,0,2,0,0,0,2,2,0
S01007274,Other central heating,7,2,5,5,0,5,1,1,0,1,1,0
S01007274,Two or more types of central heating,32,4,28,29,1,28,2,2,0,1,1,0
S01007275,All people in households,551,110,441,471,49,422,58,39,19,22,22,0
S01007275,No central heating,4,1,3,2,0,2,1,0,1,1,1,0
S01007275,Gas central heating,414,89,325,350,39,311,44,30,14,20,20,0
S01007275,Electric (including storage heaters) central heating,112,18,94,99,8,91,12,9,3,1,1,0
S01007275,Oil central heating,7,0,7,7,0,7,0,0,0,0,0,0
S01007275,Solid fuel (for example wood coal) central heating,0,0,0,0,0,0,0,0,0,0,0,0
S01007275,Other central heating,6,0,6,5,0,5,1,0,1,0,0,0
S01007275,Two or more types of central heating,8,2,6,8,2,6,0,0,0,0,0,0
S01007276,All people in households,850,144,706,724,63,661,100,56,44,26,25,1
S01007276,No central heating,3,0,3,3,0,3,0,0,0,0,0,0
S01007276,Gas central heating,741,116,625,636,49,587,83,46,37,22,21,1
S01007276,Electric (including storage heaters) central heating,81,22,59,63,11,52,17,10,7,1,1,0
S01007276,Oil central heating,6,0,6,6,0,6,0,0,0,0,0,0
S01007276,Solid fuel (for example wood coal) central heating,2,2,0,0,0,0,0,0,0,2,2,0
S01007276,Other central heating,0,0,0,0,0,0,0,0,0,0,0,0
S01007276,Two or more types of central heating,17,4,13,16,3,13,0,0,0,1,1,0
S01007277,All people in households,756,122,634,661,51,610,69,45,24,26,26,0
S01007277,No central heating,2,0,2,1,0,1,1,0,1,0,0,0
S01007277,Gas central heating,665,97,568,590,38,552,55,39,16,20,20,0
S01007277,Electric (including storage heaters) central heating,27,13,14,19,6,13,5,4,1,3,3,0
S01007277,Oil central heating,42,7,35,36,5,31,5,1,4,1,1,0
S01007277,Solid fuel (for example wood coal) central heating,0,0,0,0,0,0,0,0,0,0,0,0
S01007277,Other central heating,5,0,5,5,0,5,0,0,0,0,0,0
S01007277,Two or more types of central heating,15,5,10,10,2,8,3,1,2,2,2,0
S01007278,All people in households,542,103,439,480,53,427,48,37,11,14,13,1
S01007278,No central heating,0,0,0,0,0,0,0,0,0,0,0,0
S01007278,Gas central heating,462,86,376,410,44,366,40,31,9,12,11,1
S01007278,Electric (including storage heaters) central heating,19,4,15,16,1,15,3,3,0,0,0,0
S01007278,Oil central heating,45,8,37,42,7,35,3,1,2,0,0,0
S01007278,Solid fuel (for example wood coal) central heating,0,0,0,0,0,0,0,0,0,0,0,0
S01007278,Other central heating,6,2,4,5,1,4,1,1,0,0,0,0
S01007278,Two or more types of central heating,10,3,7,7,0,7,1,1,0,2,2,0
S01007279,All people in households,558,95,463,488,38,450,52,39,13,18,18,0
S01007279,No central heating,19,4,15,16,1,15,2,2,0,1,1,0
S01007279,Gas central heating,66,18,48,54,7,47,8,7,1,4,4,0
S01007279,Electric (including storage heaters) central heating,49,9,40,42,4,38,4,2,2,3,3,0
S01007279,Oil central heating,324,53,271,287,22,265,27,21,6,10,10,0
S01007279,Solid fuel (for example wood coal) central heating,25,5,20,23,3,20,2,2,0,0,0,0
S01007279,Other central heating,17,3,14,13,0,13,4,3,1,0,0,0
S01007279,Two or more types of central heating,58,3,55,53,1,52,5,2,3,0,0,0
S01007280,All people in households,568,89,479,496,35,461,54,36,18,18,18,0
S01007280,No central heating,16,1,15,15,0,15,1,1,0,0,0,0
S01007280,Gas central heating,80,21,59,63,7,56,12,9,3,5,5,0
S01007280,Electric (including storage heaters) central heating,69,19,50,58,10,48,7,5,2,4,4,0
S01007280,Oil central heating,303,29,274,280,13,267,19,12,7,4,4,0
S01007280,Solid fuel (for example wood coal) central heating,43,9,34,33,2,31,9,6,3,1,1,0
S01007280,Other central heating,19,3,16,17,1,16,1,1,0,1,1,0
S01007280,Two or more types of central heating,38,7,31,30,2,28,5,2,3,3,3,0
S01007281,All people in households,885,118,767,797,50,747,64,44,20,24,24,0
S01007281,No central heating,25,2,23,25,2,23,0,0,0,0,0,0
S01007281,Gas central heating,92,14,78,82,5,77,7,6,1,3,3,0
S01007281,Electric (including storage heaters) central heating,92,16,76,78,6,72,12,8,4,2,2,0
S01007281,Oil central heating,541,56,485,497,24,473,33,21,12,11,11,0
S01007281,Solid fuel (for example wood coal) central heating,74,16,58,62,7,55,8,5,3,4,4,0
S01007281,Other central heating,33,6,27,29,2,27,2,2,0,2,2,0
S01007281,Two or more types of central heating,28,8,20,24,4,20,2,2,0,2,2,0
S01007282,All people in households,538,60,478,464,20,444,57,24,33,17,16,1
S01007282,No central heating,29,2,27,27,1,26,2,1,1,0,0,0
S01007282,Gas central heating,51,10,41,42,4,38,7,4,3,2,2,0
S01007282,Electric (including storage heaters) central heating,97,9,88,80,1,79,12,3,9,5,5,0
S01007282,Oil central heating,252,31,221,220,12,208,25,12,13,7,7,0
S01007282,Solid fuel (for example wood coal) central heating,59,4,55,51,1,50,7,3,4,1,0,1
S01007282,Other central heating,13,1,12,10,0,10,2,0,2,1,1,0
S01007282,Two or more types of central heating,37,3,34,34,1,33,2,1,1,1,1,0
S01007283,All people in households,992,236,756,815,86,729,130,104,26,47,46,1
S01007283,No central heating,12,5,7,9,2,7,2,2,0,1,1,0
S01007283,Gas central heating,736,173,563,605,68,537,100,75,25,31,30,1
S01007283,Electric (including storage heaters) central heating,103,35,68,76,9,67,17,16,1,10,10,0
S01007283,Oil central heating,102,14,88,92,4,88,6,6,0,4,4,0
S01007283,Solid fuel (for example wood coal) central heating,10,0,10,10,0,10,0,0,0,0,0,0
S01007283,Other central heating,6,2,4,5,1,4,0,0,0,1,1,0
S01007283,Two or more types of central heating,23,7,16,18,2,16,5,5,0,0,0,0
S01007284,All people in households,841,181,660,705,74,631,109,81,28,27,26,1
S01007284,No central heating,79,12,67,69,5,64,7,4,3,3,3,0
S01007284,Gas central heating,21,10,11,13,3,10,8,7,1,0,0,0
S01007284,Electric (including storage heaters) central heating,238,62,176,192,27,165,41,30,11,5,5,0
S01007284,Oil central heating,294,55,239,255,22,233,29,23,6,10,10,0
S01007284,Solid fuel (for example wood coal) central heating,117,21,96,99,9,90,12,7,5,6,5,1
S01007284,Other central heating,22,1,21,21,0,21,1,1,0,0,0,0
S01007284,Two or more types of central heating,70,20,50,56,8,48,11,9,2,3,3,0
S01007285,All people in households,833,145,688,712,51,661,85,58,27,36,36,0
S01007285,No central heating,73,9,64,65,3,62,5,3,2,3,3,0
S01007285,Gas central heating,29,11,18,21,6,15,6,3,3,2,2,0
S01007285,Electric (including storage heaters) central heating,211,45,166,168,13,155,32,21,11,11,11,0
S01007285,Oil central heating,338,51,287,300,21,279,26,18,8,12,12,0
S01007285,Solid fuel (for example wood coal) central heating,104,21,83,88,6,82,10,9,1,6,6,0
S01007285,Other central heating,20,3,17,17,2,15,3,1,2,0,0,0
S01007285,Two or more types of central heating,58,5,53,53,0,53,3,3,0,2,2,0
S01007286,All people in households,939,163,776,794,50,744,110,82,28,35,31,4
S01007286,No central heating,32,2,30,30,0,30,2,2,0,0,0,0
S01007286,Gas central heating,22,7,15,14,2,12,6,3,3,2,2,0
S01007286,Electric (including storage heaters) central heating,483,91,392,400,24,376,62,48,14,21,19,2
S01007286,Oil central heating,222,29,193,201,13,188,17,12,5,4,4,0
S01007286,Solid fuel (for example wood coal) central heating,103,19,84,86,6,80,12,10,2,5,3,2
S01007286,Other central heating,11,3,8,7,0,7,3,2,1,1,1,0
S01007286,Two or more types of central heating,66,12,54,56,5,51,8,5,3,2,2,0
S01007287,All people in households,562,99,463,482,39,443,56,36,20,24,24,0
S01007287,No central heating,81,11,70,68,2,66,8,4,4,5,5,0
S01007287,Gas central heating,19,5,14,17,3,14,1,1,0,1,1,0
S01007287,Electric (including storage heaters) central heating,154,34,120,129,13,116,20,16,4,5,5,0
S01007287,Oil central heating,222,37,185,192,16,176,21,12,9,9,9,0
S01007287,Solid fuel (for example wood coal) central heating,47,7,40,43,5,38,2,0,2,2,2,0
S01007287,Other central heating,10,2,8,7,0,7,1,0,1,2,2,0
S01007287,Two or more types of central heating,29,3,26,26,0,26,3,3,0,0,0,0
S01007288,All people in households,534,100,434,450,41,409,74,49,25,10,10,0
S01007288,No central heating,84,12,72,72,6,66,10,4,6,2,2,0
S01007288,Gas central heating,23,3,20,21,1,20,1,1,0,1,1,0
S01007288,Electric (including storage heaters) central heating,104,32,72,77,13,64,27,19,8,0,0,0
S01007288,Oil central heating,198,36,162,169,15,154,24,16,8,5,5,0
S01007288,Solid fuel (for example wood coal) central heating,72,9,63,64,2,62,8,7,1,0,0,0
S01007288,Other central heating,9,3,6,8,2,6,0,0,0,1,1,0
S01007288,Two or more types of central heating,44,5,39,39,2,37,4,2,2,1,1,0
S01007289,All people in households,792,111,681,713,46,667,62,49,13,17,16,1
S01007289,No central heating,24,2,22,24,2,22,0,0,0,0,0,0
S01007289,Gas central heating,233,37,196,210,18,192,18,14,4,5,5,0
S01007289,Electric (including storage heaters) central heating,276,38,238,248,17,231,24,18,6,4,3,1
S01007289,Oil central heating,157,12,145,147,3,144,8,7,1,2,2,0
S01007289,Solid fuel (for example wood coal) central heating,42,9,33,35,3,32,4,3,1,3,3,0
S01007289,Other central heating,22,7,15,17,2,15,4,4,0,1,1,0
S01007289,Two or more types of central heating,38,6,32,32,1,31,4,3,1,2,2,0
S01007290,All people in households,786,96,690,704,34,670,61,43,18,21,19,2
S01007290,No central heating,19,1,18,18,0,18,1,1,0,0,0,0
S01007290,Gas central heating,16,4,12,14,2,12,2,2,0,0,0,0
S01007290,Electric (including storage heaters) central heating,542,62,480,491,23,468,39,27,12,12,12,0
S01007290,Oil central heating,56,4,52,54,2,52,2,2,0,0,0,0
S01007290,Solid fuel (for example wood coal) central heating,44,9,35,36,4,32,6,4,2,2,1,1
S01007290,Other central heating,101,15,86,84,2,82,10,7,3,7,6,1
S01007290,Two or more types of central heating,8,1,7,7,1,6,1,0,1,0,0,0
S01007291,All people in households,643,155,488,500,40,460,96,69,27,47,46,1
S01007291,No central heating,21,2,19,18,0,18,2,1,1,1,1,0
S01007291,Gas central heating,107,18,89,90,6,84,12,8,4,5,4,1
S01007291,Electric (including storage heaters) central heating,416,119,297,309,32,277,72,52,20,35,35,0
S01007291,Oil central heating,51,5,46,45,1,44,5,3,2,1,1,0
S01007291,Solid fuel (for example wood coal) central heating,31,7,24,24,0,24,4,4,0,3,3,0
S01007291,Other central heating,7,3,4,4,0,4,1,1,0,2,2,0
S01007291,Two or more types of central heating,10,1,9,10,1,9,0,0,0,0,0,0
S01007292,All people in households,771,105,666,664,35,629,80,45,35,27,25,2
S01007292,No central heating,4,0,4,3,0,3,1,0,1,0,0,0
S01007292,Gas central heating,33,5,28,28,1,27,4,3,1,1,1,0
S01007292,Electric (including storage heaters) central heating,497,69,428,417,20,397,60,31,29,20,18,2
S01007292,Oil central heating,202,28,174,185,14,171,11,8,3,6,6,0
S01007292,Solid fuel (for example wood coal) central heating,19,1,18,18,0,18,1,1,0,0,0,0
S01007292,Other central heating,4,0,4,4,0,4,0,0,0,0,0,0
S01007292,Two or more types of central heating,12,2,10,9,0,9,3,2,1,0,0,0
S01007293,All people in households,786,95,691,701,36,665,68,43,25,17,16,1
S01007293,No central heating,19,4,15,17,2,15,1,1,0,1,1,0
S01007293,Gas central heating,25,1,24,24,0,24,0,0,0,1,1,0
S01007293,Electric (including storage heaters) central heating,695,83,612,616,30,586,66,41,25,13,12,1
S01007293,Oil central heating,10,1,9,10,1,9,0,0,0,0,0,0
S01007293,Solid fuel (for example wood coal) central heating,3,1,2,2,0,2,0,0,0,1,1,0
S01007293,Other central heating,18,4,14,16,2,14,1,1,0,1,1,0
S01007293,Two or more types of central heating,16,1,15,16,1,15,0,0,0,0,0,0
S01007294,All people in households,865,163,702,707,47,660,109,69,40,49,47,2
S01007294,No central heating,31,5,26,27,2,25,3,2,1,1,1,0
S01007294,Gas central heating,356,67,289,287,18,269,45,25,20,24,24,0
S01007294,Electric (including storage heaters) central heating,315,67,248,250,18,232,49,35,14,16,14,2
S01007294,Oil central heating,116,16,100,102,5,97,9,6,3,5,5,0
S01007294,Solid fuel (for example wood coal) central heating,25,2,23,21,0,21,2,0,2,2,2,0
S01007294,Other central heating,4,0,4,4,0,4,0,0,0,0,0,0
S01007294,Two or more types of central heating,18,6,12,16,4,12,1,1,0,1,1,0
S01007295,All people in households,520,145,375,388,39,349,97,75,22,35,31,4
S01007295,No central heating,16,1,15,15,1,14,0,0,0,1,0,1
S01007295,Gas central heating,156,35,121,129,13,116,21,16,5,6,6,0
S01007295,Electric (including storage heaters) central heating,311,104,207,212,24,188,73,56,17,26,24,2
S01007295,Oil central heating,1,0,1,1,0,1,0,0,0,0,0,0
S01007295,Solid fuel (for example wood coal) central heating,2,0,2,1,0,1,0,0,0,1,0,1
S01007295,Other central heating,1,1,0,0,0,0,1,1,0,0,0,0
S01007295,Two or more types of central heating,33,4,29,30,1,29,2,2,0,1,1,0
S01007296,All people in households,544,104,440,447,41,406,71,38,33,26,25,1
S01007296,No central heating,47,10,37,36,2,34,4,1,3,7,7,0
S01007296,Gas central heating,105,15,90,92,8,84,10,4,6,3,3,0
S01007296,Electric (including storage heaters) central heating,377,73,304,310,30,280,52,29,23,15,14,1
S01007296,Oil central heating,5,2,3,3,0,3,2,2,0,0,0,0
S01007296,Solid fuel (for example wood coal) central heating,7,4,3,4,1,3,2,2,0,1,1,0
S01007296,Other central heating,0,0,0,0,0,0,0,0,0,0,0,0
S01007296,Two or more types of central heating,3,0,3,2,0,2,1,0,1,0,0,0
S01007297,All people in households,880,121,759,775,47,728,89,58,31,16,16,0
S01007297,No central heating,48,11,37,39,2,37,6,6,0,3,3,0
S01007297,Gas central heating,437,42,395,400,18,382,29,16,13,8,8,0
S01007297,Electric (including storage heaters) central heating,284,49,235,241,20,221,39,25,14,4,4,0
S01007297,Oil central heating,49,8,41,44,3,41,4,4,0,1,1,0
S01007297,Solid fuel (for example wood coal) central heating,17,4,13,13,2,11,4,2,2,0,0,0
S01007297,Other central heating,10,1,9,9,0,9,1,1,0,0,0,0
S01007297,Two or more types of central heating,35,6,29,29,2,27,6,4,2,0,0,0
S01007298,All people in households,532,105,427,445,33,412,66,51,15,21,21,0
S01007298,No central heating,21,4,17,18,1,17,2,2,0,1,1,0
S01007298,Gas central heating,82,8,74,77,5,72,4,2,2,1,1,0
S01007298,Electric (including storage heaters) central heating,308,65,243,250,16,234,44,35,9,14,14,0
S01007298,Oil central heating,55,11,44,48,6,42,5,3,2,2,2,0
S01007298,Solid fuel (for example wood coal) central heating,39,8,31,30,1,29,8,6,2,1,1,0
S01007298,Other central heating,16,6,10,14,4,10,2,2,0,0,0,0
S01007298,Two or more types of central heating,11,3,8,8,0,8,1,1,0,2,2,0
S01007299,All people in households,785,111,674,680,47,633,81,41,40,24,23,1
S01007299,No central heating,47,10,37,40,6,34,3,1,2,4,3,1
S01007299,Gas central heating,252,28,224,226,19,207,23,6,17,3,3,0
S01007299,Electric (including storage heaters) central heating,326,50,276,275,14,261,40,25,15,11,11,0
S01007299,Oil central heating,41,11,30,33,6,27,5,2,3,3,3,0
S01007299,Solid fuel (for example wood coal) central heating,79,8,71,70,2,68,6,3,3,3,3,0
S01007299,Other central heating,6,1,5,5,0,5,1,1,0,0,0,0
S01007299,Two or more types of central heating,34,3,31,31,0,31,3,3,0,0,0,0
S01007300,All people in households,464,94,370,361,16,345,82,57,25,21,21,0
S01007300,No central heating,14,5,9,10,1,9,4,4,0,0,0,0
S01007300,Gas central heating,33,2,31,31,0,31,1,1,0,1,1,0
S01007300,Electric (including storage heaters) central heating,276,65,211,203,10,193,60,42,18,13,13,0
S01007300,Oil central heating,29,5,24,24,1,23,4,3,1,1,1,0
S01007300,Solid fuel (for example wood coal) central heating,88,12,76,75,3,72,8,4,4,5,5,0
S01007300,Other central heating,5,1,4,3,0,3,1,0,1,1,1,0
S01007300,Two or more types of central heating,19,4,15,15,1,14,4,3,1,0,0,0
S01007301,All people in households,723,131,592,624,49,575,76,59,17,23,23,0
S01007301,No central heating,30,6,24,24,2,22,4,2,2,2,2,0
S01007301,Gas central heating,75,12,63,62,2,60,9,6,3,4,4,0
S01007301,Electric (including storage heaters) central heating,208,46,162,177,23,154,24,16,8,7,7,0
S01007301,Oil central heating,288,39,249,257,11,246,24,21,3,7,7,0
S01007301,Solid fuel (for example wood coal) central heating,43,10,33,35,3,32,5,4,1,3,3,0
S01007301,Other central heating,23,5,18,21,3,18,2,2,0,0,0,0
S01007301,Two or more types of central heating,56,13,43,48,5,43,8,8,0,0,0,0
S01007302,All people in households,625,129,496,497,31,466,86,58,28,42,40,2
S01007302,No central heating,24,3,21,18,0,18,4,1,3,2,2,0
S01007302,Gas central heating,13,4,9,11,2,9,1,1,0,1,1,0
S01007302,Electric (including storage heaters) central heating,203,53,150,153,11,142,32,25,7,18,17,1
S01007302,Oil central heating,142,26,116,121,8,113,15,12,3,6,6,0
S01007302,Solid fuel (for example wood coal) central heating,184,39,145,139,9,130,31,17,14,14,13,1
S01007302,Other central heating,13,1,12,12,0,12,1,1,0,0,0,0
S01007302,Two or more types of central heating,46,3,43,43,1,42,2,1,1,1,1,0
S01007303,All people in households,868,158,710,748,73,675,92,57,35,28,28,0
S01007303,No central heating,46,6,40,41,1,40,4,4,0,1,1,0
S01007303,Gas central heating,118,17,101,101,6,95,14,8,6,3,3,0
S01007303,Electric (including storage heaters) central heating,223,55,168,179,23,156,33,21,12,11,11,0
S01007303,Oil central heating,321,45,276,286,23,263,29,16,13,6,6,0
S01007303,Solid fuel (for example wood coal) central heating,67,19,48,56,10,46,7,5,2,4,4,0
S01007303,Other central heating,33,4,29,31,3,28,2,1,1,0,0,0
S01007303,Two or more types of central heating,60,12,48,54,7,47,3,2,1,3,3,0
S01007304,All people in households,684,139,545,571,45,526,93,74,19,20,20,0
S01007304,No central heating,40,9,31,33,3,30,7,6,1,0,0,0
S01007304,Gas central heating,39,6,33,31,1,30,5,2,3,3,3,0
S01007304,Electric (including storage heaters) central heating,156,41,115,128,16,112,22,19,3,6,6,0
S01007304,Oil central heating,246,44,202,208,13,195,34,27,7,4,4,0
S01007304,Solid fuel (for example wood coal) central heating,101,14,87,87,5,82,14,9,5,0,0,0
S01007304,Other central heating,25,6,19,20,1,19,2,2,0,3,3,0
S01007304,Two or more types of central heating,77,19,58,64,6,58,9,9,0,4,4,0
S01007305,All people in households,736,124,612,638,57,581,81,50,31,17,17,0
S01007305,No central heating,26,3,23,25,2,23,1,1,0,0,0,0
S01007305,Gas central heating,82,17,65,66,8,58,14,7,7,2,2,0
S01007305,Electric (including storage heaters) central heating,184,42,142,153,20,133,26,17,9,5,5,0
S01007305,Oil central heating,305,33,272,278,14,264,24,16,8,3,3,0
S01007305,Solid fuel (for example wood coal) central heating,92,22,70,72,7,65,14,9,5,6,6,0
S01007305,Other central heating,12,2,10,11,2,9,1,0,1,0,0,0
S01007305,Two or more types of central heating,35,5,30,33,4,29,1,0,1,1,1,0
S01007306,All people in households,756,110,646,651,33,618,81,53,28,24,24,0
S01007306,No central heating,27,6,21,20,2,18,6,3,3,1,1,0
S01007306,Gas central heating,75,12,63,66,6,60,8,5,3,1,1,0
S01007306,Electric (including storage heaters) central heating,258,59,199,206,16,190,38,29,9,14,14,0
S01007306,Oil central heating,209,14,195,194,4,190,14,9,5,1,1,0
S01007306,Solid fuel (for example wood coal) central heating,102,11,91,89,2,87,8,4,4,5,5,0
S01007306,Other central heating,22,3,19,20,1,19,1,1,0,1,1,0
S01007306,Two or more types of central heating,63,5,58,56,2,54,6,2,4,1,1,0
S01007307,All people in households,782,129,653,691,54,637,68,52,16,23,23,0
S01007307,No central heating,37,12,25,26,2,24,8,7,1,3,3,0
S01007307,Gas central heating,100,19,81,85,8,77,12,8,4,3,3,0
S01007307,Electric (including storage heaters) central heating,204,41,163,175,17,158,23,18,5,6,6,0
S01007307,Oil central heating,266,34,232,243,15,228,15,11,4,8,8,0
S01007307,Solid fuel (for example wood coal) central heating,74,10,64,70,6,64,2,2,0,2,2,0
S01007307,Other central heating,42,7,35,39,4,35,2,2,0,1,1,0
S01007307,Two or more types of central heating,59,6,53,53,2,51,6,4,2,0,0,0
S01007308,All people in households,749,150,599,619,46,573,81,55,26,49,49,0
S01007308,No central heating,33,12,21,24,3,21,3,3,0,6,6,0
S01007308,Gas central heating,77,22,55,57,6,51,11,7,4,9,9,0
S01007308,Electric (including storage heaters) central heating,176,38,138,135,7,128,27,17,10,14,14,0
S01007308,Oil central heating,242,39,203,209,15,194,23,14,9,10,10,0
S01007308,Solid fuel (for example wood coal) central heating,148,25,123,134,11,123,8,8,0,6,6,0
S01007308,Other central heating,23,6,17,18,2,16,4,3,1,1,1,0
S01007308,Two or more types of central heating,50,8,42,42,2,40,5,3,2,3,3,0
S01007309,All people in households,609,114,495,517,43,474,73,53,20,19,18,1
S01007309,No central heating,83,11,72,73,3,70,5,4,1,5,4,1
S01007309,Gas central heating,51,11,40,42,5,37,9,6,3,0,0,0
S01007309,Electric (including storage heaters) central heating,220,46,174,185,17,168,26,20,6,9,9,0
S01007309,Oil central heating,157,27,130,133,11,122,21,13,8,3,3,0
S01007309,Solid fuel (for example wood coal) central heating,57,12,45,47,4,43,10,8,2,0,0,0
S01007309,Other central heating,10,2,8,8,0,8,1,1,0,1,1,0
S01007309,Two or more types of central heating,31,5,26,29,3,26,1,1,0,1,1,0
S01007310,All people in households,808,155,653,677,55,622,92,63,29,39,37,2
S01007310,No central heating,32,9,23,25,4,21,7,5,2,0,0,0
S01007310,Gas central heating,58,11,47,51,6,45,4,2,2,3,3,0
S01007310,Electric (including storage heaters) central heating,263,62,201,207,21,186,39,25,14,17,16,1
S01007310,Oil central heating,219,39,180,193,16,177,19,16,3,7,7,0
S01007310,Solid fuel (for example wood coal) central heating,122,16,106,107,4,103,8,6,2,7,6,1
S01007310,Other central heating,17,3,14,13,1,12,2,0,2,2,2,0
S01007310,Two or more types of central heating,97,15,82,81,3,78,13,9,4,3,3,0
S01007311,All people in households,734,141,593,606,36,570,93,70,23,35,35,0
S01007311,No central heating,19,5,14,15,1,14,4,4,0,0,0,0
S01007311,Gas central heating,35,14,21,24,3,21,8,8,0,3,3,0
S01007311,Electric (including storage heaters) central heating,340,68,272,274,19,255,49,32,17,17,17,0
S01007311,Oil central heating,236,38,198,205,12,193,20,15,5,11,11,0
S01007311,Solid fuel (for example wood coal) central heating,64,7,57,57,1,56,6,5,1,1,1,0
S01007311,Other central heating,9,2,7,7,0,7,1,1,0,1,1,0
S01007311,Two or more types of central heating,31,7,24,24,0,24,5,5,0,2,2,0
S01007312,All people in households,770,170,600,638,66,572,95,69,26,37,35,2
S01007312,No central heating,23,4,19,19,1,18,2,1,1,2,2,0
S01007312,Gas central heating,63,22,41,47,8,39,10,8,2,6,6,0
S01007312,Electric (including storage heaters) central heating,260,60,200,214,24,190,33,23,10,13,13,0
S01007312,Oil central heating,259,44,215,222,16,206,29,20,9,8,8,0
S01007312,Solid fuel (for example wood coal) central heating,96,22,74,78,8,70,14,10,4,4,4,0
S01007312,Other central heating,30,8,22,24,3,21,5,5,0,1,0,1
S01007312,Two or more types of central heating,39,10,29,34,6,28,2,2,0,3,2,1
S01007313,All people in households,965,164,801,831,64,767,111,77,34,23,23,0
S01007313,No central heating,97,19,78,86,10,76,10,8,2,1,1,0
S01007313,Gas central heating,82,15,67,66,5,61,11,5,6,5,5,0
S01007313,Electric (including storage heaters) central heating,264,47,217,220,16,204,38,25,13,6,6,0
S01007313,Oil central heating,285,43,242,250,15,235,30,23,7,5,5,0
S01007313,Solid fuel (for example wood coal) central heating,120,20,100,103,8,95,16,11,5,1,1,0
S01007313,Other central heating,22,5,17,19,2,17,2,2,0,1,1,0
S01007313,Two or more types of central heating,95,15,80,87,8,79,4,3,1,4,4,0
S01007314,All people in households,635,91,544,565,42,523,58,38,20,12,11,1
S01007314,No central heating,22,4,18,18,1,17,4,3,1,0,0,0
S01007314,Gas central heating,28,7,21,22,3,19,4,2,2,2,2,0
S01007314,Electric (including storage heaters) central heating,274,45,229,241,21,220,28,20,8,5,4,1
S01007314,Oil central heating,209,20,189,196,13,183,12,6,6,1,1,0
S01007314,Solid fuel (for example wood coal) central heating,63,7,56,55,1,54,6,4,2,2,2,0
S01007314,Other central heating,11,3,8,10,2,8,1,1,0,0,0,0
S01007314,Two or more types of central heating,28,5,23,23,1,22,3,2,1,2,2,0
S01007315,All people in households,937,150,787,780,42,738,125,77,48,32,31,1
S01007315,No central heating,22,6,16,15,0,15,3,3,0,4,3,1
S01007315,Gas central heating,45,6,39,40,4,36,5,2,3,0,0,0
S01007315,Electric (including storage heaters) central heating,579,93,486,483,24,459,78,51,27,18,18,0
S01007315,Oil central heating,187,26,161,159,7,152,21,12,9,7,7,0
S01007315,Solid fuel (for example wood coal) central heating,66,13,53,50,5,45,15,7,8,1,1,0
S01007315,Other central heating,12,2,10,10,0,10,1,1,0,1,1,0
S01007315,Two or more types of central heating,26,4,22,23,2,21,2,1,1,1,1,0
S01007316,All people in households,861,206,655,677,57,620,123,91,32,61,58,3
S01007316,No central heating,24,5,19,20,2,18,2,1,1,2,2,0
S01007316,Gas central heating,34,3,31,28,1,27,4,0,4,2,2,0
S01007316,Electric (including storage heaters) central heating,437,136,301,319,33,286,77,64,13,41,39,2
S01007316,Oil central heating,172,33,139,145,11,134,21,16,5,6,6,0
S01007316,Solid fuel (for example wood coal) central heating,80,12,68,70,6,64,6,2,4,4,4,0
S01007316,Other central heating,49,11,38,37,2,35,7,5,2,5,4,1
S01007316,Two or more types of central heating,65,6,59,58,2,56,6,3,3,1,1,0
S01007317,All people in households,639,78,561,558,34,524,72,35,37,9,9,0
S01007317,No central heating,33,5,28,31,4,27,2,1,1,0,0,0
S01007317,Gas central heating,27,2,25,26,2,24,1,0,1,0,0,0
S01007317,Electric (including storage heaters) central heating,422,44,378,367,14,353,48,23,25,7,7,0
S01007317,Oil central heating,94,16,78,81,7,74,12,8,4,1,1,0
S01007317,Solid fuel (for example wood coal) central heating,35,5,30,26,2,24,8,2,6,1,1,0
S01007317,Other central heating,3,2,1,2,1,1,1,1,0,0,0,0
S01007317,Two or more types of central heating,25,4,21,25,4,21,0,0,0,0,0,0
S01007318,All people in households,607,98,509,506,24,482,76,50,26,25,24,1
S01007318,No central heating,20,6,14,13,1,12,5,3,2,2,2,0
S01007318,Gas central heating,47,6,41,40,2,38,7,4,3,0,0,0
S01007318,Electric (including storage heaters) central heating,278,55,223,217,10,207,46,31,15,15,14,1
S01007318,Oil central heating,138,12,126,131,6,125,5,4,1,2,2,0
S01007318,Solid fuel (for example wood coal) central heating,99,18,81,82,5,77,11,7,4,6,6,0
S01007318,Other central heating,2,1,1,0,0,0,2,1,1,0,0,0
S01007318,Two or more types of central heating,23,0,23,23,0,23,0,0,0,0,0,0
S01007319,All people in households,725,141,584,612,41,571,81,70,11,32,30,2
S01007319,No central heating,32,7,25,26,2,24,4,3,1,2,2,0
S01007319,Gas central heating,74,9,65,69,6,63,5,3,2,0,0,0
S01007319,Electric (including storage heaters) central heating,341,92,249,266,25,241,54,47,7,21,20,1
S01007319,Oil central heating,176,19,157,162,7,155,11,10,1,3,2,1
S01007319,Solid fuel (for example wood coal) central heating,70,12,58,59,1,58,5,5,0,6,6,0
S01007319,Other central heating,4,0,4,4,0,4,0,0,0,0,0,0
S01007319,Two or more types of central heating,28,2,26,26,0,26,2,2,0,0,0,0
S01007320,All people in households,743,128,615,654,61,593,69,47,22,20,20,0
S01007320,No central heating,52,6,46,45,2,43,6,3,3,1,1,0
S01007320,Gas central heating,73,15,58,61,6,55,9,6,3,3,3,0
S01007320,Electric (including storage heaters) central heating,207,38,169,178,17,161,20,12,8,9,9,0
S01007320,Oil central heating,226,35,191,203,15,188,19,16,3,4,4,0
S01007320,Solid fuel (for example wood coal) central heating,101,24,77,87,13,74,11,8,3,3,3,0
S01007320,Other central heating,32,5,27,29,3,26,3,2,1,0,0,0
S01007320,Two or more types of central heating,52,5,47,51,5,46,1,0,1,0,0,0
S01007321,All people in households,586,130,456,480,45,435,75,55,20,31,30,1
S01007321,No central heating,51,13,38,36,2,34,11,8,3,4,3,1
S01007321,Gas central heating,52,14,38,41,4,37,8,7,1,3,3,0
S01007321,Electric (including storage heaters) central heating,136,35,101,110,11,99,18,16,2,8,8,0
S01007321,Oil central heating,173,29,144,145,8,137,19,12,7,9,9,0
S01007321,Solid fuel (for example wood coal) central heating,113,21,92,95,8,87,13,8,5,5,5,0
S01007321,Other central heating,4,2,2,3,1,2,0,0,0,1,1,0
S01007321,Two or more types of central heating,57,16,41,50,11,39,6,4,2,1,1,0
S01007322,All people in households,730,125,605,597,35,562,94,55,39,39,35,4
S01007322,No central heating,13,1,12,10,0,10,1,0,1,2,1,1
S01007322,Gas central heating,52,6,46,47,1,46,4,4,0,1,1,0
S01007322,Electric (including storage heaters) central heating,393,75,318,321,21,300,51,34,17,21,20,1
S01007322,Oil central heating,146,28,118,123,9,114,13,10,3,10,9,1
S01007322,Solid fuel (for example wood coal) central heating,95,8,87,72,2,70,21,4,17,2,2,0
S01007322,Other central heating,14,4,10,10,1,9,2,1,1,2,2,0
S01007322,Two or more types of central heating,17,3,14,14,1,13,2,2,0,1,0,1
S01007323,All people in households,448,95,353,365,28,337,54,38,16,29,29,0
S01007323,No central heating,7,2,5,4,0,4,1,0,1,2,2,0
S01007323,Gas central heating,38,5,33,34,1,33,3,3,0,1,1,0
S01007323,Electric (including storage heaters) central heating,239,62,177,191,22,169,28,20,8,20,20,0
S01007323,Oil central heating,85,13,72,72,2,70,9,7,2,4,4,0
S01007323,Solid fuel (for example wood coal) central heating,41,3,38,35,1,34,6,2,4,0,0,0
S01007323,Other central heating,8,3,5,5,1,4,2,1,1,1,1,0
S01007323,Two or more types of central heating,30,7,23,24,1,23,5,5,0,1,1,0
S01007324,All people in households,323,76,247,270,29,241,40,34,6,13,13,0
S01007324,No central heating,30,10,20,26,6,20,3,3,0,1,1,0
S01007324,Gas central heating,0,0,0,0,0,0,0,0,0,0,0,0
S01007324,Electric (including storage heaters) central heating,109,27,82,85,7,78,18,14,4,6,6,0
S01007324,Oil central heating,104,25,79,91,12,79,11,11,0,2,2,0
S01007324,Solid fuel (for example wood coal) central heating,30,9,21,22,3,19,4,2,2,4,4,0
S01007324,Other central heating,8,1,7,7,0,7,1,1,0,0,0,0
S01007324,Two or more types of central heating,42,4,38,39,1,38,3,3,0,0,0,0
S01007325,All people in households,828,174,654,688,60,628,108,82,26,32,32,0
S01007325,No central heating,37,10,27,29,2,27,6,6,0,2,2,0
S01007325,Gas central heating,35,7,28,29,1,28,2,2,0,4,4,0
S01007325,Electric (including storage heaters) central heating,189,51,138,152,21,131,30,23,7,7,7,0
S01007325,Oil central heating,309,59,250,261,19,242,37,29,8,11,11,0
S01007325,Solid fuel (for example wood coal) central heating,142,25,117,122,10,112,16,11,5,4,4,0
S01007325,Other central heating,27,2,25,24,1,23,2,0,2,1,1,0
S01007325,Two or more types of central heating,89,20,69,71,6,65,15,11,4,3,3,0
S01007326,All people in households,762,146,616,634,55,579,98,61,37,30,30,0
S01007326,No central heating,26,8,18,19,3,16,5,3,2,2,2,0
S01007326,Gas central heating,12,7,5,7,2,5,3,3,0,2,2,0
S01007326,Electric (including storage heaters) central heating,181,35,146,152,14,138,21,13,8,8,8,0
S01007326,Oil central heating,359,57,302,311,25,286,41,25,16,7,7,0
S01007326,Solid fuel (for example wood coal) central heating,98,20,78,78,7,71,14,7,7,6,6,0
S01007326,Other central heating,5,1,4,3,0,3,1,0,1,1,1,0
S01007326,Two or more types of central heating,81,18,63,64,4,60,13,10,3,4,4,0
S01007327,All people in households,763,177,586,594,40,554,127,97,30,42,40,2
S01007327,No central heating,24,8,16,15,1,14,5,4,1,4,3,1
S01007327,Gas central heating,31,5,26,28,2,26,2,2,0,1,1,0
S01007327,Electric (including storage heaters) central heating,279,86,193,197,17,180,58,45,13,24,24,0
S01007327,Oil central heating,217,30,187,186,6,180,27,20,7,4,4,0
S01007327,Solid fuel (for example wood coal) central heating,146,29,117,118,10,108,23,15,8,5,4,1
S01007327,Other central heating,17,2,15,16,1,15,1,1,0,0,0,0
S01007327,Two or more types of central heating,49,17,32,34,3,31,11,10,1,4,4,0
S01007328,All people in households,846,171,675,699,55,644,114,84,30,33,32,1
S01007328,No central heating,20,5,15,14,1,13,5,3,2,1,1,0
S01007328,Gas central heating,29,8,21,25,4,21,1,1,0,3,3,0
S01007328,Electric (including storage heaters) central heating,173,60,113,128,19,109,35,31,4,10,10,0
S01007328,Oil central heating,218,30,188,190,9,181,23,16,7,5,5,0
S01007328,Solid fuel (for example wood coal) central heating,348,56,292,294,18,276,40,25,15,14,13,1
S01007328,Other central heating,2,2,0,1,1,0,1,1,0,0,0,0
S01007328,Two or more types of central heating,56,10,46,47,3,44,9,7,2,0,0,0
S01007329,All people in households,702,156,546,577,61,516,85,56,29,40,39,1
S01007329,No central heating,45,11,34,38,4,34,4,4,0,3,3,0
S01007329,Gas central heating,62,12,50,56,7,49,2,1,1,4,4,0
S01007329,Electric (including storage heaters) central heating,206,47,159,161,16,145,33,20,13,12,11,1
S01007329,Oil central heating,194,49,145,152,15,137,29,21,8,13,13,0
S01007329,Solid fuel (for example wood coal) central heating,127,18,109,115,11,104,8,3,5,4,4,0
S01007329,Other central heating,14,4,10,11,1,10,1,1,0,2,2,0
S01007329,Two or more types of central heating,54,15,39,44,7,37,8,6,2,2,2,0
S01007330,All people in households,766,179,587,616,68,548,112,74,38,38,37,1
S01007330,No central heating,46,9,37,40,4,36,5,4,1,1,1,0
S01007330,Gas central heating,94,22,72,79,9,70,10,8,2,5,5,0
S01007330,Electric (including storage heaters) central heating,157,40,117,111,11,100,33,17,16,13,12,1
S01007330,Oil central heating,268,64,204,215,25,190,38,24,14,15,15,0
S01007330,Solid fuel (for example wood coal) central heating,119,18,101,106,7,99,12,10,2,1,1,0
S01007330,Other central heating,16,7,9,10,2,8,5,4,1,1,1,0
S01007330,Two or more types of central heating,66,19,47,55,10,45,9,7,2,2,2,0
S01007331,All people in households,986,176,810,834,59,775,95,61,34,57,56,1
S01007331,No central heating,72,11,61,63,4,59,6,4,2,3,3,0
S01007331,Gas central heating,104,15,89,96,8,88,6,5,1,2,2,0
S01007331,Electric (including storage heaters) central heating,364,86,278,281,22,259,49,31,18,34,33,1
S01007331,Oil central heating,309,44,265,280,20,260,16,11,5,13,13,0
S01007331,Solid fuel (for example wood coal) central heating,59,10,49,46,1,45,11,7,4,2,2,0
S01007331,Other central heating,41,5,36,37,2,35,1,0,1,3,3,0
S01007331,Two or more types of central heating,37,5,32,31,2,29,6,3,3,0,0,0
S01007332,All people in households,505,94,411,427,34,393,60,42,18,18,18,0
S01007332,No central heating,44,7,37,36,2,34,7,4,3,1,1,0
S01007332,Gas central heating,63,20,43,49,9,40,9,6,3,5,5,0
S01007332,Electric (including storage heaters) central heating,135,29,106,112,9,103,18,15,3,5,5,0
S01007332,Oil central heating,185,23,162,164,9,155,16,9,7,5,5,0
S01007332,Solid fuel (for example wood coal) central heating,29,6,23,25,3,22,4,3,1,0,0,0
S01007332,Other central heating,18,4,14,14,1,13,3,2,1,1,1,0
S01007332,Two or more types of central heating,31,5,26,27,1,26,3,3,0,1,1,0
S01007333,All people in households,781,156,625,641,45,596,104,76,28,36,35,1
S01007333,No central heating,18,5,13,12,0,12,4,3,1,2,2,0
S01007333,Gas central heating,496,84,412,423,27,396,53,37,16,20,20,0
S01007333,Electric (including storage heaters) central heating,144,36,108,110,9,101,26,19,7,8,8,0
S01007333,Oil central heating,94,25,69,72,7,65,17,14,3,5,4,1
S01007333,Solid fuel (for example wood coal) central heating,13,3,10,11,1,10,1,1,0,1,1,0
S01007333,Other central heating,8,1,7,8,1,7,0,0,0,0,0,0
S01007333,Two or more types of central heating,8,2,6,5,0,5,3,2,1,0,0,0
S01007334,All people in households,750,217,533,554,56,498,136,104,32,60,57,3
S01007334,No central heating,32,11,21,20,1,19,10,8,2,2,2,0
S01007334,Gas central heating,533,152,381,408,44,364,86,69,17,39,39,0
S01007334,Electric (including storage heaters) central heating,139,45,94,88,8,80,35,24,11,16,13,3
S01007334,Oil central heating,7,1,6,6,0,6,1,1,0,0,0,0
S01007334,Solid fuel (for example wood coal) central heating,2,0,2,2,0,2,0,0,0,0,0,0
S01007334,Other central heating,1,0,1,1,0,1,0,0,0,0,0,0
S01007334,Two or more types of central heating,36,8,28,29,3,26,4,2,2,3,3,0
S01007335,All people in households,810,171,639,640,52,588,120,75,45,50,44,6
S01007335,No central heating,14,2,12,11,1,10,2,0,2,1,1,0
S01007335,Gas central heating,595,119,476,472,34,438,93,59,34,30,26,4
S01007335,Electric (including storage heaters) central heating,147,36,111,117,14,103,17,10,7,13,12,1
S01007335,Oil central heating,15,1,14,14,0,14,1,1,0,0,0,0
S01007335,Solid fuel (for example wood coal) central heating,15,9,6,9,3,6,2,2,0,4,4,0
S01007335,Other central heating,3,0,3,3,0,3,0,0,0,0,0,0
S01007335,Two or more types of central heating,21,4,17,14,0,14,5,3,2,2,1,1
S01007336,All people in households,500,117,383,387,34,353,77,48,29,36,35,1
S01007336,No central heating,36,5,31,29,0,29,4,2,2,3,3,0
S01007336,Gas central heating,284,68,216,220,20,200,43,27,16,21,21,0
S01007336,Electric (including storage heaters) central heating,132,37,95,95,12,83,26,15,11,11,10,1
S01007336,Oil central heating,24,3,21,21,0,21,2,2,0,1,1,0
S01007336,Solid fuel (for example wood coal) central heating,8,0,8,8,0,8,0,0,0,0,0,0
S01007336,Other central heating,1,1,0,1,1,0,0,0,0,0,0,0
S01007336,Two or more types of central heating,15,3,12,13,1,12,2,2,0,0,0,0
S01007337,All people in households,654,183,471,486,46,440,112,81,31,56,56,0
S01007337,No central heating,34,9,25,24,2,22,8,5,3,2,2,0
S01007337,Gas central heating,320,70,250,261,21,240,36,26,10,23,23,0
S01007337,Electric (including storage heaters) central heating,263,92,171,176,19,157,60,46,14,27,27,0
S01007337,Oil central heating,11,2,9,9,0,9,2,2,0,0,0,0
S01007337,Solid fuel (for example wood coal) central heating,12,4,8,5,1,4,5,1,4,2,2,0
S01007337,Other central heating,0,0,0,0,0,0,0,0,0,0,0,0
S01007337,Two or more types of central heating,14,6,8,11,3,8,1,1,0,2,2,0
S01007338,All people in households,752,149,603,622,43,579,93,69,24,37,37,0
S01007338,No central heating,2,0,2,2,0,2,0,0,0,0,0,0
S01007338,Gas central heating,595,118,477,489,32,457,77,57,20,29,29,0
S01007338,Electric (including storage heaters) central heating,95,22,73,78,8,70,14,11,3,3,3,0
S01007338,Oil central heating,32,3,29,31,2,29,0,0,0,1,1,0
S01007338,Solid fuel (for example wood coal) central heating,8,3,5,5,0,5,1,1,0,2,2,0
S01007338,Other central heating,6,2,4,5,1,4,0,0,0,1,1,0
S01007338,Two or more types of central heating,14,1,13,12,0,12,1,0,1,1,1,0
S01007339,All people in households,610,130,480,490,39,451,95,69,26,25,22,3
S01007339,No central heating,12,4,8,8,1,7,3,2,1,1,1,0
S01007339,Gas central heating,246,49,197,204,17,187,38,28,10,4,4,0
S01007339,Electric (including storage heaters) central heating,222,57,165,169,16,153,37,27,10,16,14,2
S01007339,Oil central heating,96,16,80,82,5,77,12,10,2,2,1,1
S01007339,Solid fuel (for example wood coal) central heating,8,0,8,7,0,7,1,0,1,0,0,0
S01007339,Other central heating,11,2,9,8,0,8,2,1,1,1,1,0
S01007339,Two or more types of central heating,15,2,13,12,0,12,2,1,1,1,1,0
S01007340,All people in households,470,145,325,341,34,307,94,76,18,35,35,0
S01007340,No central heating,12,5,7,8,1,7,3,3,0,1,1,0
S01007340,Gas central heating,402,118,284,291,25,266,79,61,18,32,32,0
S01007340,Electric (including storage heaters) central heating,41,20,21,28,7,21,11,11,0,2,2,0
S01007340,Oil central heating,7,0,7,7,0,7,0,0,0,0,0,0
S01007340,Solid fuel (for example wood coal) central heating,3,2,1,2,1,1,1,1,0,0,0,0
S01007340,Other central heating,0,0,0,0,0,0,0,0,0,0,0,0
S01007340,Two or more types of central heating,5,0,5,5,0,5,0,0,0,0,0,0
S01007341,All people in households,730,194,536,558,56,502,128,97,31,44,41,3
S01007341,No central heating,13,4,9,10,2,8,2,2,0,1,0,1
S01007341,Gas central heating,660,173,487,506,49,457,114,86,28,40,38,2
S01007341,Electric (including storage heaters) central heating,41,12,29,30,3,27,10,8,2,1,1,0
S01007341,Oil central heating,11,2,9,8,0,8,2,1,1,1,1,0
S01007341,Solid fuel (for example wood coal) central heating,3,2,1,2,1,1,0,0,0,1,1,0
S01007341,Other central heating,0,0,0,0,0,0,0,0,0,0,0,0
S01007341,Two or more types of central heating,2,1,1,2,1,1,0,0,0,0,0,0
S01007342,All people in households,797,148,649,666,54,612,97,62,35,34,32,2
S01007342,No central heating,17,1,16,16,1,15,1,0,1,0,0,0
S01007342,Gas central heating,697,128,569,584,48,536,85,53,32,28,27,1
S01007342,Electric (including storage heaters) central heating,27,11,16,16,2,14,8,6,2,3,3,0
S01007342,Oil central heating,31,5,26,28,2,26,2,2,0,1,1,0
S01007342,Solid fuel (for example wood coal) central heating,4,2,2,3,1,2,1,1,0,0,0,0
S01007342,Other central heating,2,1,1,1,0,1,0,0,0,1,1,0
S01007342,Two or more types of central heating,19,0,19,18,0,18,0,0,0,1,0,1
S01007343,All people in households,649,168,481,513,54,459,101,79,22,35,35,0
S01007343,No central heating,51,13,38,40,4,36,11,9,2,0,0,0
S01007343,Gas central heating,139,43,96,106,13,93,22,19,3,11,11,0
S01007343,Electric (including storage heaters) central heating,115,41,74,80,12,68,26,20,6,9,9,0
S01007343,Oil central heating,275,54,221,234,19,215,30,24,6,11,11,0
S01007343,Solid fuel (for example wood coal) central heating,13,6,7,7,3,4,6,3,3,0,0,0
S01007343,Other central heating,16,3,13,13,1,12,1,0,1,2,2,0
S01007343,Two or more types of central heating,40,8,32,33,2,31,5,4,1,2,2,0
S01007344,All people in households,438,134,304,328,44,284,70,50,20,40,40,0
S01007344,No central heating,16,5,11,10,1,9,4,2,2,2,2,0
S01007344,Gas central heating,368,103,265,284,34,250,51,36,15,33,33,0
S01007344,Electric (including storage heaters) central heating,22,9,13,12,1,11,7,5,2,3,3,0
S01007344,Oil central heating,2,1,1,1,0,1,1,1,0,0,0,0
S01007344,Solid fuel (for example wood coal) central heating,11,4,7,8,1,7,2,2,0,1,1,0
S01007344,Other central heating,1,1,0,0,0,0,1,1,0,0,0,0
S01007344,Two or more types of central heating,18,11,7,13,7,6,4,3,1,1,1,0
S01007345,All people in households,595,149,446,447,36,411,97,63,34,51,50,1
S01007345,No central heating,4,1,3,3,0,3,0,0,0,1,1,0
S01007345,Gas central heating,519,116,403,407,32,375,70,43,27,42,41,1
S01007345,Electric (including storage heaters) central heating,29,4,25,23,1,22,4,1,3,2,2,0
S01007345,Oil central heating,30,24,6,8,2,6,17,17,0,5,5,0
S01007345,Solid fuel (for example wood coal) central heating,1,1,0,0,0,0,0,0,0,1,1,0
S01007345,Other central heating,1,0,1,1,0,1,0,0,0,0,0,0
S01007345,Two or more types of central heating,11,3,8,5,1,4,6,2,4,0,0,0
S01007346,All people in households,533,152,381,371,33,338,118,76,42,44,43,1
S01007346,No central heating,10,3,7,6,0,6,4,3,1,0,0,0
S01007346,Gas central heating,427,117,310,304,23,281,86,58,28,37,36,1
S01007346,Electric (including storage heaters) central heating,73,25,48,43,6,37,24,13,11,6,6,0
S01007346,Oil central heating,9,5,4,8,4,4,1,1,0,0,0,0
S01007346,Solid fuel (for example wood coal) central heating,5,1,4,3,0,3,1,0,1,1,1,0
S01007346,Other central heating,0,0,0,0,0,0,0,0,0,0,0,0
S01007346,Two or more types of central heating,9,1,8,7,0,7,2,1,1,0,0,0
S01007347,All people in households,601,173,428,431,50,381,115,68,47,55,55,0
S01007347,No central heating,4,1,3,3,0,3,0,0,0,1,1,0
S01007347,Gas central heating,545,155,390,393,46,347,103,60,43,49,49,0
S01007347,Electric (including storage heaters) central heating,37,16,21,21,4,17,11,7,4,5,5,0
S01007347,Oil central heating,7,0,7,7,0,7,0,0,0,0,0,0
S01007347,Solid fuel (for example wood coal) central heating,0,0,0,0,0,0,0,0,0,0,0,0
S01007347,Other central heating,3,0,3,3,0,3,0,0,0,0,0,0
S01007347,Two or more types of central heating,5,1,4,4,0,4,1,1,0,0,0,0
S01007348,All people in households,600,128,472,470,27,443,86,59,27,44,42,2
S01007348,No central heating,4,2,2,2,0,2,1,1,0,1,1,0
S01007348,Gas central heating,486,103,383,379,20,359,69,47,22,38,36,2
S01007348,Electric (including storage heaters) central heating,91,21,70,72,7,65,15,10,5,4,4,0
S01007348,Oil central heating,2,1,1,1,0,1,1,1,0,0,0,0
S01007348,Solid fuel (for example wood coal) central heating,3,1,2,2,0,2,0,0,0,1,1,0
S01007348,Other central heating,1,0,1,1,0,1,0,0,0,0,0,0
S01007348,Two or more types of central heating,13,0,13,13,0,13,0,0,0,0,0,0
S01007349,All people in households,457,85,372,376,22,354,53,35,18,28,28,0
S01007349,No central heating,0,0,0,0,0,0,0,0,0,0,0,0
S01007349,Gas central heating,338,71,267,267,14,253,47,33,14,24,24,0
S01007349,Electric (including storage heaters) central heating,91,10,81,83,6,77,5,1,4,3,3,0
S01007349,Oil central heating,8,4,4,6,2,4,1,1,0,1,1,0
S01007349,Solid fuel (for example wood coal) central heating,5,0,5,5,0,5,0,0,0,0,0,0
S01007349,Other central heating,0,0,0,0,0,0,0,0,0,0,0,0
S01007349,Two or more types of central heating,15,0,15,15,0,15,0,0,0,0,0,0
S01007350,All people in households,553,166,387,406,51,355,108,77,31,39,38,1
S01007350,No central heating,22,7,15,14,3,11,7,3,4,1,1,0
S01007350,Gas central heating,459,142,317,336,44,292,90,65,25,33,33,0
S01007350,Electric (including storage heaters) central heating,53,9,44,44,2,42,7,5,2,2,2,0
S01007350,Oil central heating,1,1,0,0,0,0,1,1,0,0,0,0
S01007350,Solid fuel (for example wood coal) central heating,4,2,2,3,1,2,1,1,0,0,0,0
S01007350,Other central heating,6,2,4,3,0,3,0,0,0,3,2,1
S01007350,Two or more types of central heating,8,3,5,6,1,5,2,2,0,0,0,0
S01007351,All people in households,650,196,454,494,74,420,103,70,33,53,52,1
S01007351,No central heating,46,12,34,32,4,28,10,5,5,4,3,1
S01007351,Gas central heating,55,14,41,42,6,36,8,3,5,5,5,0
S01007351,Electric (including storage heaters) central heating,258,92,166,181,30,151,52,37,15,25,25,0
S01007351,Oil central heating,152,39,113,133,21,112,15,14,1,4,4,0
S01007351,Solid fuel (for example wood coal) central heating,54,14,40,44,4,40,2,2,0,8,8,0
S01007351,Other central heating,13,4,9,10,2,8,1,0,1,2,2,0
S01007351,Two or more types of central heating,72,21,51,52,7,45,15,9,6,5,5,0
S01007352,All people in households,488,111,377,397,40,357,62,45,17,29,26,3
S01007352,No central heating,30,7,23,21,1,20,9,6,3,0,0,0
S01007352,Gas central heating,32,8,24,30,6,24,2,2,0,0,0,0
S01007352,Electric (including storage heaters) central heating,114,25,89,92,9,83,16,11,5,6,5,1
S01007352,Oil central heating,188,33,155,167,16,151,16,13,3,5,4,1
S01007352,Solid fuel (for example wood coal) central heating,69,21,48,48,3,45,10,7,3,11,11,0
S01007352,Other central heating,8,0,8,8,0,8,0,0,0,0,0,0
S01007352,Two or more types of central heating,47,17,30,31,5,26,9,6,3,7,6,1
S01007353,All people in households,642,136,506,542,63,479,82,56,26,18,17,1
S01007353,No central heating,15,1,14,13,0,13,2,1,1,0,0,0
S01007353,Gas central heating,430,99,331,362,47,315,56,41,15,12,11,1
S01007353,Electric (including storage heaters) central heating,91,15,76,74,5,69,12,5,7,5,5,0
S01007353,Oil central heating,96,18,78,87,11,76,8,6,2,1,1,0
S01007353,Solid fuel (for example wood coal) central heating,8,3,5,4,0,4,4,3,1,0,0,0
S01007353,Other central heating,0,0,0,0,0,0,0,0,0,0,0,0
S01007353,Two or more types of central heating,2,0,2,2,0,2,0,0,0,0,0,0
S01007354,All people in households,786,229,557,594,77,517,135,96,39,57,56,1
S01007354,No central heating,15,5,10,10,1,9,4,3,1,1,1,0
S01007354,Gas central heating,621,162,459,482,56,426,96,64,32,43,42,1
S01007354,Electric (including storage heaters) central heating,115,54,61,73,17,56,31,26,5,11,11,0
S01007354,Oil central heating,14,4,10,10,1,9,3,2,1,1,1,0
S01007354,Solid fuel (for example wood coal) central heating,3,2,1,2,1,1,0,0,0,1,1,0
S01007354,Other central heating,5,1,4,4,0,4,1,1,0,0,0,0
S01007354,Two or more types of central heating,13,1,12,13,1,12,0,0,0,0,0,0
S01007355,All people in households,916,232,684,717,66,651,144,112,32,55,54,1
S01007355,No central heating,53,20,33,38,6,32,8,7,1,7,7,0
S01007355,Gas central heating,148,36,112,116,8,108,26,22,4,6,6,0
S01007355,Electric (including storage heaters) central heating,312,97,215,230,27,203,58,47,11,24,23,1
S01007355,Oil central heating,212,40,172,178,16,162,26,16,10,8,8,0
S01007355,Solid fuel (for example wood coal) central heating,91,22,69,70,5,65,13,9,4,8,8,0
S01007355,Other central heating,32,8,24,25,2,23,5,4,1,2,2,0
S01007355,Two or more types of central heating,68,9,59,60,2,58,8,7,1,0,0,0
S01007356,All people in households,714,200,514,548,69,479,111,77,34,55,54,1
S01007356,No central heating,30,11,19,22,4,18,5,4,1,3,3,0
S01007356,Gas central heating,86,18,68,70,6,64,9,5,4,7,7,0
S01007356,Electric (including storage heaters) central heating,225,72,153,159,21,138,38,24,14,28,27,1
S01007356,Oil central heating,200,51,149,163,19,144,30,25,5,7,7,0
S01007356,Solid fuel (for example wood coal) central heating,76,14,62,62,6,56,11,5,6,3,3,0
S01007356,Other central heating,43,19,24,32,10,22,9,7,2,2,2,0
S01007356,Two or more types of central heating,54,15,39,40,3,37,9,7,2,5,5,0
S01007357,All people in households,793,183,610,653,72,581,101,72,29,39,39,0
S01007357,No central heating,33,4,29,30,3,27,3,1,2,0,0,0
S01007357,Gas central heating,149,41,108,117,14,103,23,18,5,9,9,0
S01007357,Electric (including storage heaters) central heating,269,73,196,215,27,188,35,27,8,19,19,0
S01007357,Oil central heating,200,41,159,168,17,151,24,16,8,8,8,0
S01007357,Solid fuel (for example wood coal) central heating,67,13,54,59,8,51,5,2,3,3,3,0
S01007357,Other central heating,25,6,19,18,0,18,7,6,1,0,0,0
S01007357,Two or more types of central heating,50,5,45,46,3,43,4,2,2,0,0,0
S01007358,All people in households,843,143,700,707,39,668,95,68,27,41,36,5
S01007358,No central heating,34,11,23,22,1,21,9,8,1,3,2,1
S01007358,Gas central heating,140,18,122,128,8,120,8,6,2,4,4,0
S01007358,Electric (including storage heaters) central heating,221,45,176,174,10,164,35,23,12,12,12,0
S01007358,Oil central heating,250,40,210,215,13,202,26,18,8,9,9,0
S01007358,Solid fuel (for example wood coal) central heating,118,20,98,95,4,91,13,10,3,10,6,4
S01007358,Other central heating,57,4,53,55,2,53,1,1,0,1,1,0
S01007358,Two or more types of central heating,23,5,18,18,1,17,3,2,1,2,2,0
S01007359,All people in households,823,222,601,620,60,560,133,93,40,70,69,1
S01007359,No central heating,4,1,3,3,0,3,1,1,0,0,0,0
S01007359,Gas central heating,449,110,339,348,30,318,61,41,20,40,39,1
S01007359,Electric (including storage heaters) central heating,129,47,82,89,10,79,23,20,3,17,17,0
S01007359,Oil central heating,208,54,154,158,18,140,40,26,14,10,10,0
S01007359,Solid fuel (for example wood coal) central heating,12,2,10,8,0,8,3,1,2,1,1,0
S01007359,Other central heating,5,2,3,3,0,3,1,1,0,1,1,0
S01007359,Two or more types of central heating,16,6,10,11,2,9,4,3,1,1,1,0
S01007360,All people in households,494,125,369,386,33,353,72,56,16,36,36,0
S01007360,No central heating,13,3,10,11,1,10,1,1,0,1,1,0
S01007360,Gas central heating,379,92,287,308,31,277,47,37,10,24,24,0
S01007360,Electric (including storage heaters) central heating,78,25,53,48,1,47,21,15,6,9,9,0
S01007360,Oil central heating,7,0,7,7,0,7,0,0,0,0,0,0
S01007360,Solid fuel (for example wood coal) central heating,1,1,0,0,0,0,1,1,0,0,0,0
S01007360,Other central heating,2,1,1,1,0,1,1,1,0,0,0,0
S01007360,Two or more types of central heating,14,3,11,11,0,11,1,1,0,2,2,0
S01007361,All people in households,983,229,754,786,75,711,145,102,43,52,52,0
S01007361,No central heating,12,4,8,8,0,8,2,2,0,2,2,0
S01007361,Gas central heating,834,189,645,675,65,610,119,84,35,40,40,0
S01007361,Electric (including storage heaters) central heating,95,27,68,69,8,61,20,13,7,6,6,0
S01007361,Oil central heating,21,2,19,20,1,19,0,0,0,1,1,0
S01007361,Solid fuel (for example wood coal) central heating,1,0,1,1,0,1,0,0,0,0,0,0
S01007361,Other central heating,0,0,0,0,0,0,0,0,0,0,0,0
S01007361,Two or more types of central heating,20,7,13,13,1,12,4,3,1,3,3,0
S01007362,All people in households,729,166,563,597,64,533,97,68,29,35,34,1
S01007362,No central heating,8,2,6,5,0,5,3,2,1,0,0,0
S01007362,Gas central heating,472,82,390,409,35,374,46,30,16,17,17,0
S01007362,Electric (including storage heaters) central heating,233,78,155,169,27,142,47,35,12,17,16,1
S01007362,Oil central heating,12,3,9,10,1,9,1,1,0,1,1,0
S01007362,Solid fuel (for example wood coal) central heating,0,0,0,0,0,0,0,0,0,0,0,0
S01007362,Other central heating,4,1,3,4,1,3,0,0,0,0,0,0
S01007362,Two or more types of central heating,0,0,0,0,0,0,0,0,0,0,0,0
S01007363,All people in households,679,190,489,509,53,456,125,92,33,45,45,0
S01007363,No central heating,13,2,11,10,0,10,2,1,1,1,1,0
S01007363,Gas central heating,563,146,417,437,48,389,94,66,28,32,32,0
S01007363,Electric (including storage heaters) central heating,69,30,39,39,3,36,22,19,3,8,8,0
S01007363,Oil central heating,9,2,7,7,0,7,1,1,0,1,1,0
S01007363,Solid fuel (for example wood coal) central heating,3,2,1,1,0,1,2,2,0,0,0,0
S01007363,Other central heating,2,2,0,0,0,0,0,0,0,2,2,0
S01007363,Two or more types of central heating,20,6,14,15,2,13,4,3,1,1,1,0
S01007364,All people in households,897,228,669,691,63,628,132,94,38,74,71,3
S01007364,No central heating,20,10,10,14,5,9,4,3,1,2,2,0
S01007364,Gas central heating,659,159,500,514,43,471,104,77,27,41,39,2
S01007364,Electric (including storage heaters) central heating,181,50,131,132,10,122,21,13,8,28,27,1
S01007364,Oil central heating,7,0,7,7,0,7,0,0,0,0,0,0
S01007364,Solid fuel (for example wood coal) central heating,6,2,4,6,2,4,0,0,0,0,0,0
S01007364,Other central heating,2,1,1,2,1,1,0,0,0,0,0,0
S01007364,Two or more types of central heating,22,6,16,16,2,14,3,1,2,3,3,0
S01007365,All people in households,467,104,363,381,37,344,63,44,19,23,23,0
S01007365,No central heating,13,4,9,9,0,9,1,1,0,3,3,0
S01007365,Gas central heating,385,85,300,316,31,285,50,35,15,19,19,0
S01007365,Electric (including storage heaters) central heating,50,8,42,42,2,40,7,5,2,1,1,0
S01007365,Oil central heating,6,4,2,4,2,2,2,2,0,0,0,0
S01007365,Solid fuel (for example wood coal) central heating,2,1,1,1,1,0,1,0,1,0,0,0
S01007365,Other central heating,1,0,1,0,0,0,1,0,1,0,0,0
S01007365,Two or more types of central heating,10,2,8,9,1,8,1,1,0,0,0,0
S01007366,All people in households,465,178,287,297,34,263,102,80,22,66,64,2
S01007366,No central heating,15,7,8,9,1,8,4,4,0,2,2,0
S01007366,Gas central heating,364,134,230,234,25,209,81,62,19,49,47,2
S01007366,Electric (including storage heaters) central heating,72,34,38,44,8,36,15,13,2,13,13,0
S01007366,Oil central heating,0,0,0,0,0,0,0,0,0,0,0,0
S01007366,Solid fuel (for example wood coal) central heating,3,1,2,2,0,2,0,0,0,1,1,0
S01007366,Other central heating,0,0,0,0,0,0,0,0,0,0,0,0
S01007366,Two or more types of central heating,11,2,9,8,0,8,2,1,1,1,1,0
S01007367,All people in households,556,150,406,413,38,375,98,68,30,45,44,1
S01007367,No central heating,22,8,14,13,0,13,5,4,1,4,4,0
S01007367,Gas central heating,427,113,314,326,32,294,68,48,20,33,33,0
S01007367,Electric (including storage heaters) central heating,91,24,67,62,5,57,22,13,9,7,6,1
S01007367,Oil central heating,3,0,3,3,0,3,0,0,0,0,0,0
S01007367,Solid fuel (for example wood coal) central heating,0,0,0,0,0,0,0,0,0,0,0,0
S01007367,Other central heating,0,0,0,0,0,0,0,0,0,0,0,0
S01007367,Two or more types of central heating,13,5,8,9,1,8,3,3,0,1,1,0
S01007368,All people in households,541,119,422,424,32,392,72,45,27,45,42,3
S01007368,No central heating,3,0,3,3,0,3,0,0,0,0,0,0
S01007368,Gas central heating,448,97,351,353,27,326,61,39,22,34,31,3
S01007368,Electric (including storage heaters) central heating,49,16,33,32,2,30,7,4,3,10,10,0
S01007368,Oil central heating,6,2,4,6,2,4,0,0,0,0,0,0
S01007368,Solid fuel (for example wood coal) central heating,0,0,0,0,0,0,0,0,0,0,0,0
S01007368,Other central heating,3,0,3,2,0,2,1,0,1,0,0,0
S01007368,Two or more types of central heating,32,4,28,28,1,27,3,2,1,1,1,0
S01007369,All people in households,786,174,612,634,48,586,108,84,24,44,42,2
S01007369,No central heating,10,3,7,9,2,7,0,0,0,1,1,0
S01007369,Gas central heating,669,141,528,544,40,504,86,64,22,39,37,2
S01007369,Electric (including storage heaters) central heating,88,24,64,68,6,62,17,15,2,3,3,0
S01007369,Oil central heating,4,0,4,4,0,4,0,0,0,0,0,0
S01007369,Solid fuel (for example wood coal) central heating,0,0,0,0,0,0,0,0,0,0,0,0
S01007369,Other central heating,0,0,0,0,0,0,0,0,0,0,0,0
S01007369,Two or more types of central heating,15,6,9,9,0,9,5,5,0,1,1,0
S01007370,All people in households,738,153,585,580,38,542,115,75,40,43,40,3
S01007370,No central heating,15,5,10,6,0,6,6,3,3,3,2,1
S01007370,Gas central heating,616,120,496,498,35,463,88,56,32,30,29,1
S01007370,Electric (including storage heaters) central heating,74,24,50,48,3,45,16,12,4,10,9,1
S01007370,Oil central heating,8,3,5,5,0,5,3,3,0,0,0,0
S01007370,Solid fuel (for example wood coal) central heating,4,0,4,4,0,4,0,0,0,0,0,0
S01007370,Other central heating,3,0,3,3,0,3,0,0,0,0,0,0
S01007370,Two or more types of central heating,18,1,17,16,0,16,2,1,1,0,0,0
S01007371,All people in households,716,144,572,594,43,551,81,61,20,41,40,1
S01007371,No central heating,7,0,7,7,0,7,0,0,0,0,0,0
S01007371,Gas central heating,629,117,512,531,34,497,67,52,15,31,31,0
S01007371,Electric (including storage heaters) central heating,44,15,29,29,3,26,6,4,2,9,8,1
S01007371,Oil central heating,11,2,9,9,1,8,2,1,1,0,0,0
S01007371,Solid fuel (for example wood coal) central heating,2,1,1,1,0,1,1,1,0,0,0,0
S01007371,Other central heating,4,2,2,4,2,2,0,0,0,0,0,0
S01007371,Two or more types of central heating,19,7,12,13,3,10,5,3,2,1,1,0
S01007372,All people in households,814,168,646,665,55,610,109,73,36,40,40,0
S01007372,No central heating,1,1,0,1,1,0,0,0,0,0,0,0
S01007372,Gas central heating,663,134,529,537,42,495,94,60,34,32,32,0
S01007372,Electric (including storage heaters) central heating,108,25,83,91,9,82,9,8,1,8,8,0
S01007372,Oil central heating,13,6,7,9,2,7,4,4,0,0,0,0
S01007372,Solid fuel (for example wood coal) central heating,7,0,7,7,0,7,0,0,0,0,0,0
S01007372,Other central heating,5,1,4,4,0,4,1,1,0,0,0,0
S01007372,Two or more types of central heating,17,1,16,16,1,15,1,0,1,0,0,0
S01007373,All people in households,605,147,458,467,44,423,94,61,33,44,42,2
S01007373,No central heating,38,13,25,27,5,22,8,5,3,3,3,0
S01007373,Gas central heating,164,51,113,113,10,103,37,28,9,14,13,1
S01007373,Electric (including storage heaters) central heating,56,14,42,42,3,39,6,3,3,8,8,0
S01007373,Oil central heating,240,51,189,196,20,176,30,18,12,14,13,1
S01007373,Solid fuel (for example wood coal) central heating,29,6,23,24,2,22,2,1,1,3,3,0
S01007373,Other central heating,43,7,36,36,2,34,6,4,2,1,1,0
S01007373,Two or more types of central heating,35,5,30,29,2,27,5,2,3,1,1,0
S01007374,All people in households,531,74,457,468,31,437,45,25,20,18,18,0
S01007374,No central heating,31,6,25,28,3,25,0,0,0,3,3,0
S01007374,Gas central heating,120,10,110,109,5,104,9,3,6,2,2,0
S01007374,Electric (including storage heaters) central heating,97,17,80,77,4,73,16,9,7,4,4,0
S01007374,Oil central heating,193,27,166,176,12,164,12,10,2,5,5,0
S01007374,Solid fuel (for example wood coal) central heating,44,7,37,36,3,33,5,1,4,3,3,0
S01007374,Other central heating,38,6,32,34,3,31,3,2,1,1,1,0
S01007374,Two or more types of central heating,8,1,7,8,1,7,0,0,0,0,0,0
S01007375,All people in households,464,84,380,391,31,360,57,38,19,16,15,1
S01007375,No central heating,29,2,27,26,1,25,2,0,2,1,1,0
S01007375,Gas central heating,138,17,121,121,6,115,17,11,6,0,0,0
S01007375,Electric (including storage heaters) central heating,47,11,36,37,2,35,8,7,1,2,2,0
S01007375,Oil central heating,201,41,160,169,17,152,21,14,7,11,10,1
S01007375,Solid fuel (for example wood coal) central heating,13,0,13,13,0,13,0,0,0,0,0,0
S01007375,Other central heating,23,12,11,13,5,8,8,5,3,2,2,0
S01007375,Two or more types of central heating,13,1,12,12,0,12,1,1,0,0,0,0
S01007376,All people in households,844,184,660,677,53,624,110,75,35,57,56,1
S01007376,No central heating,62,14,48,48,0,48,9,9,0,5,5,0
S01007376,Gas central heating,124,25,99,103,8,95,13,9,4,8,8,0
S01007376,Electric (including storage heaters) central heating,467,108,359,360,30,330,69,41,28,38,37,1
S01007376,Oil central heating,97,17,80,84,6,78,11,9,2,2,2,0
S01007376,Solid fuel (for example wood coal) central heating,36,8,28,33,5,28,1,1,0,2,2,0
S01007376,Other central heating,38,10,28,31,4,27,5,4,1,2,2,0
S01007376,Two or more types of central heating,20,2,18,18,0,18,2,2,0,0,0,0
S01007377,All people in households,664,128,536,559,43,516,69,50,19,36,35,1
S01007377,No central heating,24,6,18,18,2,16,3,1,2,3,3,0
S01007377,Gas central heating,89,17,72,76,7,69,9,6,3,4,4,0
S01007377,Electric (including storage heaters) central heating,123,24,99,105,8,97,11,10,1,7,6,1
S01007377,Oil central heating,340,66,274,288,24,264,34,24,10,18,18,0
S01007377,Solid fuel (for example wood coal) central heating,25,4,21,21,1,20,4,3,1,0,0,0
S01007377,Other central heating,30,4,26,25,0,25,3,2,1,2,2,0
S01007377,Two or more types of central heating,33,7,26,26,1,25,5,4,1,2,2,0
S01007378,All people in households,548,94,454,469,33,436,57,39,18,22,22,0
S01007378,No central heating,28,7,21,25,4,21,2,2,0,1,1,0
S01007378,Gas central heating,335,49,286,294,19,275,30,19,11,11,11,0
S01007378,Electric (including storage heaters) central heating,42,10,32,32,2,30,8,6,2,2,2,0
S01007378,Oil central heating,74,15,59,62,7,55,8,4,4,4,4,0
S01007378,Solid fuel (for example wood coal) central heating,16,1,15,16,1,15,0,0,0,0,0,0
S01007378,Other central heating,26,10,16,16,0,16,6,6,0,4,4,0
S01007378,Two or more types of central heating,27,2,25,24,0,24,3,2,1,0,0,0
S01007379,All people in households,484,117,367,373,37,336,86,55,31,25,25,0
S01007379,No central heating,2,1,1,0,0,0,2,1,1,0,0,0
S01007379,Gas central heating,415,100,315,316,30,286,77,48,29,22,22,0
S01007379,Electric (including storage heaters) central heating,28,10,18,20,3,17,7,6,1,1,1,0
S01007379,Oil central heating,16,0,16,16,0,16,0,0,0,0,0,0
S01007379,Solid fuel (for example wood coal) central heating,2,1,1,1,0,1,0,0,0,1,1,0
S01007379,Other central heating,4,0,4,4,0,4,0,0,0,0,0,0
S01007379,Two or more types of central heating,17,5,12,16,4,12,0,0,0,1,1,0
S01007380,All people in households,581,93,488,484,27,457,71,40,31,26,26,0
S01007380,No central heating,5,3,2,2,1,1,1,0,1,2,2,0
S01007380,Gas central heating,499,72,427,425,20,405,57,35,22,17,17,0
S01007380,Electric (including storage heaters) central heating,33,6,27,29,3,26,3,2,1,1,1,0
S01007380,Oil central heating,14,3,11,9,2,7,4,0,4,1,1,0
S01007380,Solid fuel (for example wood coal) central heating,8,3,5,5,1,4,1,0,1,2,2,0
S01007380,Other central heating,11,2,9,9,0,9,1,1,0,1,1,0
S01007380,Two or more types of central heating,11,4,7,5,0,5,4,2,2,2,2,0
S01007381,All people in households,470,64,406,420,24,396,38,28,10,12,12,0
S01007381,No central heating,4,1,3,3,0,3,0,0,0,1,1,0
S01007381,Gas central heating,415,52,363,375,21,354,31,22,9,9,9,0
S01007381,Electric (including storage heaters) central heating,22,6,16,17,2,15,5,4,1,0,0,0
S01007381,Oil central heating,20,5,15,16,1,15,2,2,0,2,2,0
S01007381,Solid fuel (for example wood coal) central heating,0,0,0,0,0,0,0,0,0,0,0,0
S01007381,Other central heating,0,0,0,0,0,0,0,0,0,0,0,0
S01007381,Two or more types of central heating,9,0,9,9,0,9,0,0,0,0,0,0
S01007382,All people in households,650,96,554,564,29,535,60,41,19,26,26,0
S01007382,No central heating,15,4,11,7,0,7,5,1,4,3,3,0
S01007382,Gas central heating,518,69,449,459,22,437,43,31,12,16,16,0
S01007382,Electric (including storage heaters) central heating,78,17,61,67,7,60,8,7,1,3,3,0
S01007382,Oil central heating,11,0,11,10,0,10,1,0,1,0,0,0
S01007382,Solid fuel (for example wood coal) central heating,3,1,2,1,0,1,2,1,1,0,0,0
S01007382,Other central heating,23,4,19,19,0,19,0,0,0,4,4,0
S01007382,Two or more types of central heating,2,1,1,1,0,1,1,1,0,0,0,0
S01007383,All people in households,749,135,614,641,51,590,75,52,23,33,32,1
S01007383,No central heating,19,6,13,13,1,12,5,4,1,1,1,0
S01007383,Gas central heating,648,110,538,559,41,518,62,43,19,27,26,1
S01007383,Electric (including storage heaters) central heating,42,12,30,33,5,28,5,3,2,4,4,0
S01007383,Oil central heating,11,0,11,11,0,11,0,0,0,0,0,0
S01007383,Solid fuel (for example wood coal) central heating,2,1,1,1,0,1,0,0,0,1,1,0
S01007383,Other central heating,3,2,1,2,1,1,1,1,0,0,0,0
S01007383,Two or more types of central heating,24,4,20,22,3,19,2,1,1,0,0,0
S01007384,All people in households,793,101,692,706,39,667,71,47,24,16,15,1
S01007384,No central heating,19,2,17,17,1,16,2,1,1,0,0,0
S01007384,Gas central heating,731,93,638,651,35,616,65,44,21,15,14,1
S01007384,Electric (including storage heaters) central heating,18,4,14,14,2,12,3,1,2,1,1,0
S01007384,Oil central heating,2,1,1,2,1,1,0,0,0,0,0,0
S01007384,Solid fuel (for example wood coal) central heating,10,1,9,9,0,9,1,1,0,0,0,0
S01007384,Other central heating,0,0,0,0,0,0,0,0,0,0,0,0
S01007384,Two or more types of central heating,13,0,13,13,0,13,0,0,0,0,0,0
S01007385,All people in households,826,174,652,681,61,620,107,77,30,38,36,2
S01007385,No central heating,15,5,10,10,0,10,2,2,0,3,3,0
S01007385,Gas central heating,742,154,588,613,56,557,98,69,29,31,29,2
S01007385,Electric (including storage heaters) central heating,54,12,42,46,4,42,6,6,0,2,2,0
S01007385,Oil central heating,5,1,4,4,1,3,1,0,1,0,0,0
S01007385,Solid fuel (for example wood coal) central heating,3,1,2,2,0,2,0,0,0,1,1,0
S01007385,Other central heating,3,0,3,3,0,3,0,0,0,0,0,0
S01007385,Two or more types of central heating,4,1,3,3,0,3,0,0,0,1,1,0
S01007386,All people in households,806,119,687,717,49,668,70,52,18,19,18,1
S01007386,No central heating,13,3,10,9,1,8,1,0,1,3,2,1
S01007386,Gas central heating,684,86,598,623,37,586,51,39,12,10,10,0
S01007386,Electric (including storage heaters) central heating,57,20,37,39,7,32,13,8,5,5,5,0
S01007386,Oil central heating,31,3,28,30,2,28,1,1,0,0,0,0
S01007386,Solid fuel (for example wood coal) central heating,3,1,2,2,0,2,0,0,0,1,1,0
S01007386,Other central heating,1,1,0,0,0,0,1,1,0,0,0,0
S01007386,Two or more types of central heating,17,5,12,14,2,12,3,3,0,0,0,0
S01007387,All people in households,778,114,664,705,61,644,59,39,20,14,14,0
S01007387,No central heating,3,2,1,1,0,1,0,0,0,2,2,0
S01007387,Gas central heating,745,104,641,681,60,621,54,34,20,10,10,0
S01007387,Electric (including storage heaters) central heating,11,3,8,9,1,8,0,0,0,2,2,0
S01007387,Oil central heating,3,0,3,3,0,3,0,0,0,0,0,0
S01007387,Solid fuel (for example wood coal) central heating,4,3,1,1,0,1,3,3,0,0,0,0
S01007387,Other central heating,0,0,0,0,0,0,0,0,0,0,0,0
S01007387,Two or more types of central heating,12,2,10,10,0,10,2,2,0,0,0,0
S01007388,All people in households,680,95,585,597,36,561,66,42,24,17,17,0
S01007388,No central heating,5,1,4,3,0,3,2,1,1,0,0,0
S01007388,Gas central heating,642,83,559,571,34,537,58,36,22,13,13,0
S01007388,Electric (including storage heaters) central heating,19,7,12,13,1,12,4,4,0,2,2,0
S01007388,Oil central heating,8,0,8,8,0,8,0,0,0,0,0,0
S01007388,Solid fuel (for example wood coal) central heating,2,1,1,1,1,0,1,0,1,0,0,0
S01007388,Other central heating,0,0,0,0,0,0,0,0,0,0,0,0
S01007388,Two or more types of central heating,4,3,1,1,0,1,1,1,0,2,2,0
S01007389,All people in households,585,52,533,540,23,517,32,16,16,13,13,0
S01007389,No central heating,5,1,4,4,0,4,0,0,0,1,1,0
S01007389,Gas central heating,541,43,498,501,18,483,29,14,15,11,11,0
S01007389,Electric (including storage heaters) central heating,19,5,14,16,2,14,2,2,0,1,1,0
S01007389,Oil central heating,6,1,5,5,1,4,1,0,1,0,0,0
S01007389,Solid fuel (for example wood coal) central heating,0,0,0,0,0,0,0,0,0,0,0,0
S01007389,Other central heating,0,0,0,0,0,0,0,0,0,0,0,0
S01007389,Two or more types of central heating,14,2,12,14,2,12,0,0,0,0,0,0
S01007390,All people in households,571,61,510,523,29,494,34,18,16,14,14,0
S01007390,No central heating,0,0,0,0,0,0,0,0,0,0,0,0
S01007390,Gas central heating,536,56,480,492,26,466,32,18,14,12,12,0
S01007390,Electric (including storage heaters) central heating,15,2,13,13,1,12,1,0,1,1,1,0
S01007390,Oil central heating,5,0,5,5,0,5,0,0,0,0,0,0
S01007390,Solid fuel (for example wood coal) central heating,0,0,0,0,0,0,0,0,0,0,0,0
S01007390,Other central heating,0,0,0,0,0,0,0,0,0,0,0,0
S01007390,Two or more types of central heating,15,3,12,13,2,11,1,0,1,1,1,0
S01007391,All people in households,572,61,511,520,24,496,42,27,15,10,10,0
S01007391,No central heating,1,0,1,1,0,1,0,0,0,0,0,0
S01007391,Gas central heating,524,51,473,480,19,461,35,23,12,9,9,0
S01007391,Electric (including storage heaters) central heating,17,6,11,14,4,10,3,2,1,0,0,0
S01007391,Oil central heating,16,2,14,15,1,14,0,0,0,1,1,0
S01007391,Solid fuel (for example wood coal) central heating,10,2,8,6,0,6,4,2,2,0,0,0
S01007391,Other central heating,0,0,0,0,0,0,0,0,0,0,0,0
S01007391,Two or more types of central heating,4,0,4,4,0,4,0,0,0,0,0,0
S01007392,All people in households,450,64,386,386,19,367,51,32,19,13,13,0
S01007392,No central heating,0,0,0,0,0,0,0,0,0,0,0,0
S01007392,Gas central heating,424,58,366,364,16,348,50,32,18,10,10,0
S01007392,Electric (including storage heaters) central heating,5,1,4,4,1,3,1,0,1,0,0,0
S01007392,Oil central heating,13,3,10,11,1,10,0,0,0,2,2,0
S01007392,Solid fuel (for example wood coal) central heating,0,0,0,0,0,0,0,0,0,0,0,0
S01007392,Other central heating,0,0,0,0,0,0,0,0,0,0,0,0
S01007392,Two or more types of central heating,8,2,6,7,1,6,0,0,0,1,1,0
S01007393,All people in households,653,130,523,558,49,509,79,65,14,16,16,0
S01007393,No central heating,3,1,2,2,0,2,1,1,0,0,0,0
S01007393,Gas central heating,590,104,486,516,43,473,63,50,13,11,11,0
S01007393,Electric (including storage heaters) central heating,49,23,26,31,6,25,13,12,1,5,5,0
S01007393,Oil central heating,5,1,4,4,0,4,1,1,0,0,0,0
S01007393,Solid fuel (for example wood coal) central heating,0,0,0,0,0,0,0,0,0,0,0,0
S01007393,Other central heating,3,1,2,2,0,2,1,1,0,0,0,0
S01007393,Two or more types of central heating,3,0,3,3,0,3,0,0,0,0,0,0
S01007394,All people in households,640,157,483,510,52,458,95,71,24,35,34,1
S01007394,No central heating,8,2,6,6,1,5,2,1,1,0,0,0
S01007394,Gas central heating,526,108,418,434,37,397,68,48,20,24,23,1
S01007394,Electric (including storage heaters) central heating,87,43,44,54,12,42,23,21,2,10,10,0
S01007394,Oil central heating,3,1,2,3,1,2,0,0,0,0,0,0
S01007394,Solid fuel (for example wood coal) central heating,0,0,0,0,0,0,0,0,0,0,0,0
S01007394,Other central heating,0,0,0,0,0,0,0,0,0,0,0,0
S01007394,Two or more types of central heating,16,3,13,13,1,12,2,1,1,1,1,0
S01007395,All people in households,785,190,595,624,62,562,120,87,33,41,41,0
S01007395,No central heating,44,9,35,37,3,34,4,3,1,3,3,0
S01007395,Gas central heating,579,120,459,470,38,432,79,52,27,30,30,0
S01007395,Electric (including storage heaters) central heating,131,54,77,90,18,72,36,31,5,5,5,0
S01007395,Oil central heating,8,0,8,8,0,8,0,0,0,0,0,0
S01007395,Solid fuel (for example wood coal) central heating,2,0,2,2,0,2,0,0,0,0,0,0
S01007395,Other central heating,6,1,5,6,1,5,0,0,0,0,0,0
S01007395,Two or more types of central heating,15,6,9,11,2,9,1,1,0,3,3,0
S01007396,All people in households,783,181,602,611,46,565,113,79,34,59,56,3
S01007396,No central heating,36,8,28,29,1,28,5,5,0,2,2,0
S01007396,Gas central heating,622,127,495,491,28,463,85,56,29,46,43,3
S01007396,Electric (including storage heaters) central heating,103,37,66,76,14,62,19,15,4,8,8,0
S01007396,Oil central heating,4,2,2,1,0,1,2,1,1,1,1,0
S01007396,Solid fuel (for example wood coal) central heating,2,1,1,2,1,1,0,0,0,0,0,0
S01007396,Other central heating,2,0,2,2,0,2,0,0,0,0,0,0
S01007396,Two or more types of central heating,14,6,8,10,2,8,2,2,0,2,2,0
S01007397,All people in households,937,166,771,791,54,737,113,80,33,33,32,1
S01007397,No central heating,22,8,14,15,2,13,4,3,1,3,3,0
S01007397,Gas central heating,824,135,689,709,47,662,93,67,26,22,21,1
S01007397,Electric (including storage heaters) central heating,50,13,37,35,1,34,12,9,3,3,3,0
S01007397,Oil central heating,11,4,7,8,1,7,1,1,0,2,2,0
S01007397,Solid fuel (for example wood coal) central heating,5,1,4,4,0,4,0,0,0,1,1,0
S01007397,Other central heating,5,0,5,5,0,5,0,0,0,0,0,0
S01007397,Two or more types of central heating,20,5,15,15,3,12,3,0,3,2,2,0
S01007398,All people in households,703,132,571,572,31,541,81,54,27,50,47,3
S01007398,No central heating,5,2,3,3,0,3,1,1,0,1,1,0
S01007398,Gas central heating,663,121,542,540,28,512,77,50,27,46,43,3
S01007398,Electric (including storage heaters) central heating,13,5,8,11,3,8,1,1,0,1,1,0
S01007398,Oil central heating,0,0,0,0,0,0,0,0,0,0,0,0
S01007398,Solid fuel (for example wood coal) central heating,0,0,0,0,0,0,0,0,0,0,0,0
S01007398,Other central heating,4,1,3,3,0,3,1,1,0,0,0,0
S01007398,Two or more types of central heating,18,3,15,15,0,15,1,1,0,2,2,0
S01007399,All people in households,642,152,490,461,31,430,122,64,58,59,57,2
S01007399,No central heating,20,3,17,12,0,12,6,1,5,2,2,0
S01007399,Gas central heating,509,116,393,371,24,347,90,46,44,48,46,2
S01007399,Electric (including storage heaters) central heating,87,25,62,59,4,55,21,14,7,7,7,0
S01007399,Oil central heating,1,1,0,0,0,0,1,1,0,0,0,0
S01007399,Solid fuel (for example wood coal) central heating,0,0,0,0,0,0,0,0,0,0,0,0
S01007399,Other central heating,1,1,0,1,1,0,0,0,0,0,0,0
S01007399,Two or more types of central heating,24,6,18,18,2,16,4,2,2,2,2,0
S01007400,All people in households,699,154,545,565,45,520,100,78,22,34,31,3
S01007400,No central heating,16,6,10,12,3,9,3,2,1,1,1,0
S01007400,Gas central heating,563,110,453,469,35,434,69,53,16,25,22,3
S01007400,Electric (including storage heaters) central heating,70,32,38,38,5,33,27,22,5,5,5,0
S01007400,Oil central heating,13,3,10,11,1,10,1,1,0,1,1,0
S01007400,Solid fuel (for example wood coal) central heating,13,1,12,12,0,12,0,0,0,1,1,0
S01007400,Other central heating,3,2,1,2,1,1,0,0,0,1,1,0
S01007400,Two or more types of central heating,21,0,21,21,0,21,0,0,0,0,0,0
S01007401,All people in households,676,115,561,580,42,538,71,48,23,25,25,0
S01007401,No central heating,17,1,16,14,0,14,3,1,2,0,0,0
S01007401,Gas central heating,618,106,512,532,39,493,62,43,19,24,24,0
S01007401,Electric (including storage heaters) central heating,22,6,16,17,2,15,4,3,1,1,1,0
S01007401,Oil central heating,0,0,0,0,0,0,0,0,0,0,0,0
S01007401,Solid fuel (for example wood coal) central heating,0,0,0,0,0,0,0,0,0,0,0,0
S01007401,Other central heating,2,0,2,1,0,1,1,0,1,0,0,0
S01007401,Two or more types of central heating,17,2,15,16,1,15,1,1,0,0,0,0
S01007402,All people in households,610,92,518,522,31,491,64,37,27,24,24,0
S01007402,No central heating,9,0,9,9,0,9,0,0,0,0,0,0
S01007402,Gas central heating,581,84,497,500,30,470,61,34,27,20,20,0
S01007402,Electric (including storage heaters) central heating,13,6,7,8,1,7,2,2,0,3,3,0
S01007402,Oil central heating,0,0,0,0,0,0,0,0,0,0,0,0
S01007402,Solid fuel (for example wood coal) central heating,0,0,0,0,0,0,0,0,0,0,0,0
S01007402,Other central heating,0,0,0,0,0,0,0,0,0,0,0,0
S01007402,Two or more types of central heating,7,2,5,5,0,5,1,1,0,1,1,0
S01007403,All people in households,825,47,778,782,22,760,31,13,18,12,12,0
S01007403,No central heating,3,0,3,3,0,3,0,0,0,0,0,0
S01007403,Gas central heating,761,36,725,727,19,708,25,8,17,9,9,0
S01007403,Electric (including storage heaters) central heating,31,4,27,28,1,27,2,2,0,1,1,0
S01007403,Oil central heating,14,3,11,13,2,11,0,0,0,1,1,0
S01007403,Solid fuel (for example wood coal) central heating,0,0,0,0,0,0,0,0,0,0,0,0
S01007403,Other central heating,2,2,0,0,0,0,1,1,0,1,1,0
S01007403,Two or more types of central heating,14,2,12,11,0,11,3,2,1,0,0,0
S01007404,All people in households,426,80,346,359,29,330,45,30,15,22,21,1
S01007404,No central heating,15,3,12,13,1,12,2,2,0,0,0,0
S01007404,Gas central heating,78,11,67,72,5,67,0,0,0,6,6,0
S01007404,Electric (including storage heaters) central heating,76,19,57,57,6,51,16,10,6,3,3,0
S01007404,Oil central heating,183,29,154,158,13,145,18,10,8,7,6,1
S01007404,Solid fuel (for example wood coal) central heating,27,7,20,22,2,20,2,2,0,3,3,0
S01007404,Other central heating,22,5,17,19,2,17,3,3,0,0,0,0
S01007404,Two or more types of central heating,25,6,19,18,0,18,4,3,1,3,3,0
S01007405,All people in households,665,88,577,599,36,563,37,25,12,29,27,2
S01007405,No central heating,13,4,9,9,1,8,2,1,1,2,2,0
S01007405,Gas central heating,502,52,450,460,19,441,24,16,8,18,17,1
S01007405,Electric (including storage heaters) central heating,26,5,21,24,4,20,1,0,1,1,1,0
S01007405,Oil central heating,79,20,59,65,7,58,8,7,1,6,6,0
S01007405,Solid fuel (for example wood coal) central heating,13,3,10,12,2,10,1,1,0,0,0,0
S01007405,Other central heating,7,1,6,7,1,6,0,0,0,0,0,0
S01007405,Two or more types of central heating,25,3,22,22,2,20,1,0,1,2,1,1
S01007406,All people in households,603,87,516,528,28,500,54,38,16,21,21,0
S01007406,No central heating,4,1,3,4,1,3,0,0,0,0,0,0
S01007406,Gas central heating,534,67,467,475,23,452,42,27,15,17,17,0
S01007406,Electric (including storage heaters) central heating,23,6,17,17,1,16,6,5,1,0,0,0
S01007406,Oil central heating,26,7,19,21,2,19,2,2,0,3,3,0
S01007406,Solid fuel (for example wood coal) central heating,2,0,2,2,0,2,0,0,0,0,0,0
S01007406,Other central heating,2,1,1,1,0,1,1,1,0,0,0,0
S01007406,Two or more types of central heating,12,5,7,8,1,7,3,3,0,1,1,0
S01007407,All people in households,722,126,596,619,50,569,82,55,27,21,21,0
S01007407,No central heating,1,0,1,0,0,0,1,0,1,0,0,0
S01007407,Gas central heating,662,118,544,571,47,524,72,52,20,19,19,0
S01007407,Electric (including storage heaters) central heating,17,3,14,16,2,14,1,1,0,0,0,0
S01007407,Oil central heating,6,0,6,4,0,4,2,0,2,0,0,0
S01007407,Solid fuel (for example wood coal) central heating,10,1,9,9,0,9,1,1,0,0,0,0
S01007407,Other central heating,4,1,3,3,0,3,0,0,0,1,1,0
S01007407,Two or more types of central heating,22,3,19,16,1,15,5,1,4,1,1,0
S01007408,All people in households,596,109,487,501,38,463,57,37,20,38,34,4
S01007408,No central heating,7,1,6,5,0,5,2,1,1,0,0,0
S01007408,Gas central heating,533,94,439,455,35,420,49,31,18,29,28,1
S01007408,Electric (including storage heaters) central heating,7,2,5,4,1,3,1,1,0,2,0,2
S01007408,Oil central heating,13,4,9,8,0,8,0,0,0,5,4,1
S01007408,Solid fuel (for example wood coal) central heating,9,4,5,5,0,5,2,2,0,2,2,0
S01007408,Other central heating,3,1,2,2,0,2,1,1,0,0,0,0
S01007408,Two or more types of central heating,24,3,21,22,2,20,2,1,1,0,0,0
S01007409,All people in households,669,128,541,546,36,510,92,64,28,31,28,3
S01007409,No central heating,0,0,0,0,0,0,0,0,0,0,0,0
S01007409,Gas central heating,635,124,511,515,33,482,90,64,26,30,27,3
S01007409,Electric (including storage heaters) central heating,27,4,23,24,3,21,2,0,2,1,1,0
S01007409,Oil central heating,0,0,0,0,0,0,0,0,0,0,0,0
S01007409,Solid fuel (for example wood coal) central heating,1,0,1,1,0,1,0,0,0,0,0,0
S01007409,Other central heating,0,0,0,0,0,0,0,0,0,0,0,0
S01007409,Two or more types of central heating,6,0,6,6,0,6,0,0,0,0,0,0
S01007410,All people in households,703,196,507,519,42,477,111,84,27,73,70,3
S01007410,No central heating,7,1,6,6,0,6,0,0,0,1,1,0
S01007410,Gas central heating,584,162,422,439,36,403,93,74,19,52,52,0
S01007410,Electric (including storage heaters) central heating,99,31,68,63,6,57,17,9,8,19,16,3
S01007410,Oil central heating,0,0,0,0,0,0,0,0,0,0,0,0
S01007410,Solid fuel (for example wood coal) central heating,4,2,2,2,0,2,1,1,0,1,1,0
S01007410,Other central heating,2,0,2,2,0,2,0,0,0,0,0,0
S01007410,Two or more types of central heating,7,0,7,7,0,7,0,0,0,0,0,0
S01007411,All people in households,895,241,654,672,57,615,139,101,38,84,83,1
S01007411,No central heating,5,3,2,3,1,2,1,1,0,1,1,0
S01007411,Gas central heating,738,206,532,558,48,510,104,83,21,76,75,1
S01007411,Electric (including storage heaters) central heating,130,24,106,98,8,90,26,10,16,6,6,0
S01007411,Oil central heating,0,0,0,0,0,0,0,0,0,0,0,0
S01007411,Solid fuel (for example wood coal) central heating,5,2,3,3,0,3,1,1,0,1,1,0
S01007411,Other central heating,2,1,1,1,0,1,1,1,0,0,0,0
S01007411,Two or more types of central heating,15,5,10,9,0,9,6,5,1,0,0,0
S01007412,All people in households,478,107,371,389,40,349,67,45,22,22,22,0
S01007412,No central heating,2,0,2,1,0,1,1,0,1,0,0,0
S01007412,Gas central heating,439,95,344,359,36,323,60,39,21,20,20,0
S01007412,Electric (including storage heaters) central heating,17,7,10,12,2,10,3,3,0,2,2,0
S01007412,Oil central heating,0,0,0,0,0,0,0,0,0,0,0,0
S01007412,Solid fuel (for example wood coal) central heating,14,4,10,11,1,10,3,3,0,0,0,0
S01007412,Other central heating,0,0,0,0,0,0,0,0,0,0,0,0
S01007412,Two or more types of central heating,6,1,5,6,1,5,0,0,0,0,0,0
S01007413,All people in households,910,106,804,820,34,786,61,43,18,29,29,0
S01007413,No central heating,11,1,10,10,0,10,1,1,0,0,0,0
S01007413,Gas central heating,830,100,730,747,33,714,54,38,16,29,29,0
S01007413,Electric (including storage heaters) central heating,16,1,15,13,0,13,3,1,2,0,0,0
S01007413,Oil central heating,6,0,6,6,0,6,0,0,0,0,0,0
S01007413,Solid fuel (for example wood coal) central heating,0,0,0,0,0,0,0,0,0,0,0,0
S01007413,Other central heating,2,0,2,2,0,2,0,0,0,0,0,0
S01007413,Two or more types of central heating,45,4,41,42,1,41,3,3,0,0,0,0
S01007414,All people in households,694,72,622,628,25,603,50,31,19,16,16,0
S01007414,No central heating,2,1,1,1,0,1,1,1,0,0,0,0
S01007414,Gas central heating,674,68,606,613,24,589,46,29,17,15,15,0
S01007414,Electric (including storage heaters) central heating,4,1,3,4,1,3,0,0,0,0,0,0
S01007414,Oil central heating,0,0,0,0,0,0,0,0,0,0,0,0
S01007414,Solid fuel (for example wood coal) central heating,0,0,0,0,0,0,0,0,0,0,0,0
S01007414,Other central heating,3,0,3,3,0,3,0,0,0,0,0,0
S01007414,Two or more types of central heating,11,2,9,7,0,7,3,1,2,1,1,0
S01007415,All people in households,853,215,638,648,53,595,139,96,43,66,66,0
S01007415,No central heating,1,0,1,1,0,1,0,0,0,0,0,0
S01007415,Gas central heating,814,205,609,619,50,569,132,92,40,63,63,0
S01007415,Electric (including storage heaters) central heating,14,2,12,11,1,10,3,1,2,0,0,0
S01007415,Oil central heating,0,0,0,0,0,0,0,0,0,0,0,0
S01007415,Solid fuel (for example wood coal) central heating,15,4,11,12,1,11,1,1,0,2,2,0
S01007415,Other central heating,4,3,1,2,1,1,1,1,0,1,1,0
S01007415,Two or more types of central heating,5,1,4,3,0,3,2,1,1,0,0,0
S01007416,All people in households,595,122,473,482,37,445,73,47,26,40,38,2
S01007416,No central heating,2,0,2,2,0,2,0,0,0,0,0,0
S01007416,Gas central heating,575,118,457,469,37,432,69,45,24,37,36,1
S01007416,Electric (including storage heaters) central heating,4,1,3,3,0,3,1,1,0,0,0,0
S01007416,Oil central heating,0,0,0,0,0,0,0,0,0,0,0,0
S01007416,Solid fuel (for example wood coal) central heating,1,0,1,1,0,1,0,0,0,0,0,0
S01007416,Other central heating,1,0,1,0,0,0,0,0,0,1,0,1
S01007416,Two or more types of central heating,12,3,9,7,0,7,3,1,2,2,2,0
S01007417,All people in households,992,122,870,879,41,838,88,56,32,25,25,0
S01007417,No central heating,2,0,2,2,0,2,0,0,0,0,0,0
S01007417,Gas central heating,956,121,835,845,41,804,87,56,31,24,24,0
S01007417,Electric (including storage heaters) central heating,5,1,4,4,0,4,0,0,0,1,1,0
S01007417,Oil central heating,5,0,5,5,0,5,0,0,0,0,0,0
S01007417,Solid fuel (for example wood coal) central heating,0,0,0,0,0,0,0,0,0,0,0,0
S01007417,Other central heating,0,0,0,0,0,0,0,0,0,0,0,0
S01007417,Two or more types of central heating,24,0,24,23,0,23,1,0,1,0,0,0
S01007418,All people in households,654,157,497,506,41,465,94,63,31,54,53,1
S01007418,No central heating,4,0,4,4,0,4,0,0,0,0,0,0
S01007418,Gas central heating,600,144,456,469,38,431,83,59,24,48,47,1
S01007418,Electric (including storage heaters) central heating,18,5,13,12,1,11,3,1,2,3,3,0
S01007418,Oil central heating,0,0,0,0,0,0,0,0,0,0,0,0
S01007418,Solid fuel (for example wood coal) central heating,4,0,4,3,0,3,1,0,1,0,0,0
S01007418,Other central heating,2,2,0,0,0,0,0,0,0,2,2,0
S01007418,Two or more types of central heating,26,6,20,18,2,16,7,3,4,1,1,0
S01007419,All people in households,865,168,697,697,39,658,118,81,37,50,48,2
S01007419,No central heating,0,0,0,0,0,0,0,0,0,0,0,0
S01007419,Gas central heating,834,165,669,671,38,633,115,80,35,48,47,1
S01007419,Electric (including storage heaters) central heating,5,1,4,4,1,3,1,0,1,0,0,0
S01007419,Oil central heating,0,0,0,0,0,0,0,0,0,0,0,0
S01007419,Solid fuel (for example wood coal) central heating,0,0,0,0,0,0,0,0,0,0,0,0
S01007419,Other central heating,0,0,0,0,0,0,0,0,0,0,0,0
S01007419,Two or more types of central heating,26,2,24,22,0,22,2,1,1,2,1,1
S01007420,All people in households,794,91,703,714,30,684,56,38,18,24,23,1
S01007420,No central heating,2,0,2,2,0,2,0,0,0,0,0,0
S01007420,Gas central heating,721,80,641,650,27,623,50,33,17,21,20,1
S01007420,Electric (including storage heaters) central heating,20,8,12,14,2,12,4,4,0,2,2,0
S01007420,Oil central heating,29,0,29,29,0,29,0,0,0,0,0,0
S01007420,Solid fuel (for example wood coal) central heating,7,3,4,4,1,3,2,1,1,1,1,0
S01007420,Other central heating,2,0,2,2,0,2,0,0,0,0,0,0
S01007420,Two or more types of central heating,13,0,13,13,0,13,0,0,0,0,0,0
S01007421,All people in households,663,97,566,579,28,551,62,48,14,22,21,1
S01007421,No central heating,0,0,0,0,0,0,0,0,0,0,0,0
S01007421,Gas central heating,650,92,558,570,27,543,59,45,14,21,20,1
S01007421,Electric (including storage heaters) central heating,3,1,2,2,0,2,0,0,0,1,1,0
S01007421,Oil central heating,0,0,0,0,0,0,0,0,0,0,0,0
S01007421,Solid fuel (for example wood coal) central heating,5,2,3,3,0,3,2,2,0,0,0,0
S01007421,Other central heating,2,2,0,1,1,0,1,1,0,0,0,0
S01007421,Two or more types of central heating,3,0,3,3,0,3,0,0,0,0,0,0
S01007422,All people in households,550,98,452,460,25,435,63,47,16,27,26,1
S01007422,No central heating,9,1,8,9,1,8,0,0,0,0,0,0
S01007422,Gas central heating,513,94,419,424,22,402,62,46,16,27,26,1
S01007422,Electric (including storage heaters) central heating,13,2,11,13,2,11,0,0,0,0,0,0
S01007422,Oil central heating,6,0,6,6,0,6,0,0,0,0,0,0
S01007422,Solid fuel (for example wood coal) central heating,0,0,0,0,0,0,0,0,0,0,0,0
S01007422,Other central heating,4,1,3,3,0,3,1,1,0,0,0,0
S01007422,Two or more types of central heating,5,0,5,5,0,5,0,0,0,0,0,0
S01007423,All people in households,764,116,648,672,50,622,79,53,26,13,13,0
S01007423,No central heating,5,4,1,2,2,0,3,2,1,0,0,0
S01007423,Gas central heating,737,108,629,651,47,604,74,49,25,12,12,0
S01007423,Electric (including storage heaters) central heating,9,1,8,9,1,8,0,0,0,0,0,0
S01007423,Oil central heating,0,0,0,0,0,0,0,0,0,0,0,0
S01007423,Solid fuel (for example wood coal) central heating,2,2,0,0,0,0,1,1,0,1,1,0
S01007423,Other central heating,0,0,0,0,0,0,0,0,0,0,0,0
S01007423,Two or more types of central heating,11,1,10,10,0,10,1,1,0,0,0,0
S01007424,All people in households,787,125,662,679,55,624,86,49,37,22,21,1
S01007424,No central heating,2,0,2,2,0,2,0,0,0,0,0,0
S01007424,Gas central heating,757,117,640,660,54,606,77,44,33,20,19,1
S01007424,Electric (including storage heaters) central heating,6,0,6,4,0,4,2,0,2,0,0,0
S01007424,Oil central heating,3,1,2,2,0,2,1,1,0,0,0,0
S01007424,Solid fuel (for example wood coal) central heating,0,0,0,0,0,0,0,0,0,0,0,0
S01007424,Other central heating,4,1,3,3,1,2,1,0,1,0,0,0
S01007424,Two or more types of central heating,15,6,9,8,0,8,5,4,1,2,2,0
S01007425,All people in households,872,127,745,742,37,705,105,67,38,25,23,2
S01007425,No central heating,5,2,3,4,1,3,0,0,0,1,1,0
S01007425,Gas central heating,818,123,695,693,36,657,102,66,36,23,21,2
S01007425,Electric (including storage heaters) central heating,32,0,32,30,0,30,2,0,2,0,0,0
S01007425,Oil central heating,2,0,2,2,0,2,0,0,0,0,0,0
S01007425,Solid fuel (for example wood coal) central heating,1,0,1,1,0,1,0,0,0,0,0,0
S01007425,Other central heating,2,1,1,1,0,1,1,1,0,0,0,0
S01007425,Two or more types of central heating,12,1,11,11,0,11,0,0,0,1,1,0
S01007426,All people in households,658,142,516,527,41,486,90,62,28,41,39,2
S01007426,No central heating,3,0,3,3,0,3,0,0,0,0,0,0
S01007426,Gas central heating,618,126,492,497,32,465,83,58,25,38,36,2
S01007426,Electric (including storage heaters) central heating,24,9,15,17,4,13,5,3,2,2,2,0
S01007426,Oil central heating,0,0,0,0,0,0,0,0,0,0,0,0
S01007426,Solid fuel (for example wood coal) central heating,0,0,0,0,0,0,0,0,0,0,0,0
S01007426,Other central heating,1,1,0,1,1,0,0,0,0,0,0,0
S01007426,Two or more types of central heating,12,6,6,9,4,5,2,1,1,1,1,0
S01007427,All people in households,642,164,478,496,55,441,101,67,34,45,42,3
S01007427,No central heating,1,1,0,1,1,0,0,0,0,0,0,0
S01007427,Gas central heating,594,148,446,463,50,413,90,60,30,41,38,3
S01007427,Electric (including storage heaters) central heating,26,6,20,21,3,18,3,1,2,2,2,0
S01007427,Oil central heating,0,0,0,0,0,0,0,0,0,0,0,0
S01007427,Solid fuel (for example wood coal) central heating,11,4,7,6,1,5,4,2,2,1,1,0
S01007427,Other central heating,1,1,0,0,0,0,1,1,0,0,0,0
S01007427,Two or more types of central heating,9,4,5,5,0,5,3,3,0,1,1,0
S01007428,All people in households,887,201,686,717,66,651,118,87,31,52,48,4
S01007428,No central heating,12,2,10,10,1,9,2,1,1,0,0,0
S01007428,Gas central heating,764,169,595,623,58,565,98,72,26,43,39,4
S01007428,Electric (including storage heaters) central heating,89,23,66,67,4,63,14,11,3,8,8,0
S01007428,Oil central heating,3,2,1,2,1,1,0,0,0,1,1,0
S01007428,Solid fuel (for example wood coal) central heating,6,0,6,6,0,6,0,0,0,0,0,0
S01007428,Other central heating,3,3,0,1,1,0,2,2,0,0,0,0
S01007428,Two or more types of central heating,10,2,8,8,1,7,2,1,1,0,0,0
S01007429,All people in households,715,123,592,591,36,555,88,55,33,36,32,4
S01007429,No central heating,6,0,6,4,0,4,2,0,2,0,0,0
S01007429,Gas central heating,634,107,527,535,35,500,71,46,25,28,26,2
S01007429,Electric (including storage heaters) central heating,62,11,51,46,0,46,10,6,4,6,5,1
S01007429,Oil central heating,2,1,1,1,0,1,1,1,0,0,0,0
S01007429,Solid fuel (for example wood coal) central heating,2,2,0,0,0,0,2,2,0,0,0,0
S01007429,Other central heating,0,0,0,0,0,0,0,0,0,0,0,0
S01007429,Two or more types of central heating,9,2,7,5,1,4,2,0,2,2,1,1
S01007430,All people in households,442,75,367,360,18,342,65,42,23,17,15,2
S01007430,No central heating,12,2,10,9,0,9,2,2,0,1,0,1
S01007430,Gas central heating,380,61,319,313,16,297,54,33,21,13,12,1
S01007430,Electric (including storage heaters) central heating,44,8,36,37,2,35,4,3,1,3,3,0
S01007430,Oil central heating,2,1,1,1,0,1,1,1,0,0,0,0
S01007430,Solid fuel (for example wood coal) central heating,0,0,0,0,0,0,0,0,0,0,0,0
S01007430,Other central heating,0,0,0,0,0,0,0,0,0,0,0,0
S01007430,Two or more types of central heating,4,3,1,0,0,0,4,3,1,0,0,0
S01007431,All people in households,554,80,474,488,31,457,50,35,15,16,14,2
S01007431,No central heating,0,0,0,0,0,0,0,0,0,0,0,0
S01007431,Gas central heating,533,78,455,468,30,438,49,34,15,16,14,2
S01007431,Electric (including storage heaters) central heating,4,1,3,4,1,3,0,0,0,0,0,0
S01007431,Oil central heating,7,1,6,6,0,6,1,1,0,0,0,0
S01007431,Solid fuel (for example wood coal) central heating,2,0,2,2,0,2,0,0,0,0,0,0
S01007431,Other central heating,4,0,4,4,0,4,0,0,0,0,0,0
S01007431,Two or more types of central heating,4,0,4,4,0,4,0,0,0,0,0,0
S01007432,All people in households,782,173,609,620,41,579,119,90,29,43,42,1
S01007432,No central heating,4,2,2,3,1,2,1,1,0,0,0,0
S01007432,Gas central heating,731,162,569,581,39,542,109,83,26,41,40,1
S01007432,Electric (including storage heaters) central heating,12,3,9,8,0,8,2,1,1,2,2,0
S01007432,Oil central heating,11,1,10,10,0,10,1,1,0,0,0,0
S01007432,Solid fuel (for example wood coal) central heating,6,4,2,2,1,1,4,3,1,0,0,0
S01007432,Other central heating,3,0,3,2,0,2,1,0,1,0,0,0
S01007432,Two or more types of central heating,15,1,14,14,0,14,1,1,0,0,0,0
S01007433,All people in households,798,174,624,632,40,592,111,79,32,55,55,0
S01007433,No central heating,9,3,6,5,0,5,2,1,1,2,2,0
S01007433,Gas central heating,680,151,529,531,32,499,101,71,30,48,48,0
S01007433,Electric (including storage heaters) central heating,16,6,10,14,4,10,1,1,0,1,1,0
S01007433,Oil central heating,53,6,47,50,3,47,2,2,0,1,1,0
S01007433,Solid fuel (for example wood coal) central heating,12,4,8,8,1,7,3,2,1,1,1,0
S01007433,Other central heating,7,1,6,6,0,6,1,1,0,0,0,0
S01007433,Two or more types of central heating,21,3,18,18,0,18,1,1,0,2,2,0
S01007434,All people in households,496,99,397,390,25,365,77,46,31,29,28,1
S01007434,No central heating,5,3,2,3,1,2,1,1,0,1,1,0
S01007434,Gas central heating,455,85,370,359,20,339,70,40,30,26,25,1
S01007434,Electric (including storage heaters) central heating,19,7,12,14,3,11,5,4,1,0,0,0
S01007434,Oil central heating,3,1,2,2,0,2,1,1,0,0,0,0
S01007434,Solid fuel (for example wood coal) central heating,1,0,1,1,0,1,0,0,0,0,0,0
S01007434,Other central heating,0,0,0,0,0,0,0,0,0,0,0,0
S01007434,Two or more types of central heating,13,3,10,11,1,10,0,0,0,2,2,0
S01007435,All people in households,668,139,529,549,46,503,76,50,26,43,43,0
S01007435,No central heating,14,2,12,13,1,12,1,1,0,0,0,0
S01007435,Gas central heating,521,112,409,429,38,391,59,41,18,33,33,0
S01007435,Electric (including storage heaters) central heating,116,21,95,96,7,89,13,7,6,7,7,0
S01007435,Oil central heating,0,0,0,0,0,0,0,0,0,0,0,0
S01007435,Solid fuel (for example wood coal) central heating,1,0,1,1,0,1,0,0,0,0,0,0
S01007435,Other central heating,0,0,0,0,0,0,0,0,0,0,0,0
S01007435,Two or more types of central heating,16,4,12,10,0,10,3,1,2,3,3,0
S01007436,All people in households,674,143,531,528,26,502,95,71,24,51,46,5
S01007436,No central heating,6,0,6,6,0,6,0,0,0,0,0,0
S01007436,Gas central heating,504,122,382,380,21,359,81,63,18,43,38,5
S01007436,Electric (including storage heaters) central heating,141,17,124,123,5,118,11,5,6,7,7,0
S01007436,Oil central heating,2,0,2,2,0,2,0,0,0,0,0,0
S01007436,Solid fuel (for example wood coal) central heating,1,1,0,0,0,0,0,0,0,1,1,0
S01007436,Other central heating,1,0,1,1,0,1,0,0,0,0,0,0
S01007436,Two or more types of central heating,19,3,16,16,0,16,3,3,0,0,0,0
S01007437,All people in households,440,76,364,367,23,344,57,37,20,16,16,0
S01007437,No central heating,3,0,3,1,0,1,2,0,2,0,0,0
S01007437,Gas central heating,345,55,290,293,16,277,37,24,13,15,15,0
S01007437,Electric (including storage heaters) central heating,75,17,58,59,6,53,16,11,5,0,0,0
S01007437,Oil central heating,2,1,1,1,0,1,1,1,0,0,0,0
S01007437,Solid fuel (for example wood coal) central heating,0,0,0,0,0,0,0,0,0,0,0,0
S01007437,Other central heating,8,2,6,6,0,6,1,1,0,1,1,0
S01007437,Two or more types of central heating,7,1,6,7,1,6,0,0,0,0,0,0
S01007438,All people in households,671,146,525,547,54,493,96,65,31,28,27,1
S01007438,No central heating,8,2,6,7,1,6,0,0,0,1,1,0
S01007438,Gas central heating,529,111,418,438,40,398,71,51,20,20,20,0
S01007438,Electric (including storage heaters) central heating,109,26,83,84,10,74,20,11,9,5,5,0
S01007438,Oil central heating,2,2,0,2,2,0,0,0,0,0,0,0
S01007438,Solid fuel (for example wood coal) central heating,2,2,0,0,0,0,2,2,0,0,0,0
S01007438,Other central heating,2,0,2,2,0,2,0,0,0,0,0,0
S01007438,Two or more types of central heating,19,3,16,14,1,13,3,1,2,2,1,1
S01007439,All people in households,686,155,531,547,49,498,98,67,31,41,39,2
S01007439,No central heating,1,0,1,0,0,0,1,0,1,0,0,0
S01007439,Gas central heating,596,137,459,477,44,433,81,57,24,38,36,2
S01007439,Electric (including storage heaters) central heating,69,13,56,56,4,52,10,6,4,3,3,0
S01007439,Oil central heating,0,0,0,0,0,0,0,0,0,0,0,0
S01007439,Solid fuel (for example wood coal) central heating,14,4,10,10,1,9,4,3,1,0,0,0
S01007439,Other central heating,0,0,0,0,0,0,0,0,0,0,0,0
S01007439,Two or more types of central heating,6,1,5,4,0,4,2,1,1,0,0,0
S01007440,All people in households,645,119,526,543,36,507,71,53,18,31,30,1
S01007440,No central heating,0,0,0,0,0,0,0,0,0,0,0,0
S01007440,Gas central heating,624,115,509,525,35,490,70,52,18,29,28,1
S01007440,Electric (including storage heaters) central heating,15,1,14,14,0,14,0,0,0,1,1,0
S01007440,Oil central heating,0,0,0,0,0,0,0,0,0,0,0,0
S01007440,Solid fuel (for example wood coal) central heating,2,1,1,1,0,1,1,1,0,0,0,0
S01007440,Other central heating,0,0,0,0,0,0,0,0,0,0,0,0
S01007440,Two or more types of central heating,4,2,2,3,1,2,0,0,0,1,1,0
S01007441,All people in households,551,72,479,500,35,465,38,24,14,13,13,0
S01007441,No central heating,5,0,5,5,0,5,0,0,0,0,0,0
S01007441,Gas central heating,525,65,460,479,33,446,35,21,14,11,11,0
S01007441,Electric (including storage heaters) central heating,5,3,2,4,2,2,0,0,0,1,1,0
S01007441,Oil central heating,2,1,1,1,0,1,1,1,0,0,0,0
S01007441,Solid fuel (for example wood coal) central heating,0,0,0,0,0,0,0,0,0,0,0,0
S01007441,Other central heating,0,0,0,0,0,0,0,0,0,0,0,0
S01007441,Two or more types of central heating,14,3,11,11,0,11,2,2,0,1,1,0
S01007442,All people in households,478,82,396,419,39,380,43,27,16,16,16,0
S01007442,No central heating,0,0,0,0,0,0,0,0,0,0,0,0
S01007442,Gas central heating,473,80,393,415,38,377,42,26,16,16,16,0
S01007442,Electric (including storage heaters) central heating,3,1,2,3,1,2,0,0,0,0,0,0
S01007442,Oil central heating,0,0,0,0,0,0,0,0,0,0,0,0
S01007442,Solid fuel (for example wood coal) central heating,0,0,0,0,0,0,0,0,0,0,0,0
S01007442,Other central heating,0,0,0,0,0,0,0,0,0,0,0,0
S01007442,Two or more types of central heating,2,1,1,1,0,1,1,1,0,0,0,0
S01007443,All people in households,856,158,698,728,57,671,95,68,27,33,33,0
S01007443,No central heating,3,1,2,1,0,1,2,1,1,0,0,0
S01007443,Gas central heating,746,132,614,640,49,591,81,58,23,25,25,0
S01007443,Electric (including storage heaters) central heating,41,10,31,36,5,31,2,2,0,3,3,0
S01007443,Oil central heating,35,6,29,29,1,28,4,3,1,2,2,0
S01007443,Solid fuel (for example wood coal) central heating,5,2,3,2,0,2,2,1,1,1,1,0
S01007443,Other central heating,14,4,10,11,1,10,3,3,0,0,0,0
S01007443,Two or more types of central heating,12,3,9,9,1,8,1,0,1,2,2,0
S01007444,All people in households,936,184,752,783,56,727,119,94,25,34,34,0
S01007444,No central heating,1,1,0,0,0,0,1,1,0,0,0,0
S01007444,Gas central heating,829,168,661,690,50,640,108,87,21,31,31,0
S01007444,Electric (including storage heaters) central heating,18,5,13,14,2,12,2,1,1,2,2,0
S01007444,Oil central heating,48,5,43,42,2,40,6,3,3,0,0,0
S01007444,Solid fuel (for example wood coal) central heating,7,1,6,6,0,6,1,1,0,0,0,0
S01007444,Other central heating,16,1,15,16,1,15,0,0,0,0,0,0
S01007444,Two or more types of central heating,17,3,14,15,1,14,1,1,0,1,1,0
S01007445,All people in households,625,71,554,560,28,532,50,30,20,15,13,2
S01007445,No central heating,3,0,3,3,0,3,0,0,0,0,0,0
S01007445,Gas central heating,581,62,519,526,26,500,45,27,18,10,9,1
S01007445,Electric (including storage heaters) central heating,22,7,15,15,1,14,3,3,0,4,3,1
S01007445,Oil central heating,8,1,7,8,1,7,0,0,0,0,0,0
S01007445,Solid fuel (for example wood coal) central heating,0,0,0,0,0,0,0,0,0,0,0,0
S01007445,Other central heating,6,1,5,5,0,5,0,0,0,1,1,0
S01007445,Two or more types of central heating,5,0,5,3,0,3,2,0,2,0,0,0
S01007446,All people in households,541,67,474,498,34,464,35,25,10,8,8,0
S01007446,No central heating,0,0,0,0,0,0,0,0,0,0,0,0
S01007446,Gas central heating,410,49,361,381,28,353,25,17,8,4,4,0
S01007446,Electric (including storage heaters) central heating,15,5,10,13,3,10,1,1,0,1,1,0
S01007446,Oil central heating,94,8,86,87,2,85,5,4,1,2,2,0
S01007446,Solid fuel (for example wood coal) central heating,9,2,7,7,0,7,2,2,0,0,0,0
S01007446,Other central heating,6,2,4,5,1,4,0,0,0,1,1,0
S01007446,Two or more types of central heating,7,1,6,5,0,5,2,1,1,0,0,0
S01007447,All people in households,485,70,415,439,36,403,32,20,12,14,14,0
S01007447,No central heating,7,2,5,5,1,4,2,1,1,0,0,0
S01007447,Gas central heating,135,19,116,119,8,111,8,3,5,8,8,0
S01007447,Electric (including storage heaters) central heating,59,12,47,52,7,45,5,3,2,2,2,0
S01007447,Oil central heating,217,32,185,203,19,184,10,9,1,4,4,0
S01007447,Solid fuel (for example wood coal) central heating,16,1,15,14,0,14,2,1,1,0,0,0
S01007447,Other central heating,32,3,29,28,0,28,4,3,1,0,0,0
S01007447,Two or more types of central heating,19,1,18,18,1,17,1,0,1,0,0,0
S01007448,All people in households,867,166,701,732,65,667,107,73,34,28,28,0
S01007448,No central heating,7,0,7,7,0,7,0,0,0,0,0,0
S01007448,Gas central heating,682,127,555,579,53,526,88,59,29,15,15,0
S01007448,Electric (including storage heaters) central heating,22,8,14,14,3,11,6,3,3,2,2,0
S01007448,Oil central heating,103,21,82,87,6,81,9,8,1,7,7,0
S01007448,Solid fuel (for example wood coal) central heating,25,6,19,20,2,18,3,2,1,2,2,0
S01007448,Other central heating,13,2,11,11,0,11,1,1,0,1,1,0
S01007448,Two or more types of central heating,15,2,13,14,1,13,0,0,0,1,1,0
S01007449,All people in households,980,203,777,791,61,730,135,94,41,54,48,6
S01007449,No central heating,2,0,2,2,0,2,0,0,0,0,0,0
S01007449,Gas central heating,951,196,755,770,59,711,129,90,39,52,47,5
S01007449,Electric (including storage heaters) central heating,10,5,5,4,1,3,4,3,1,2,1,1
S01007449,Oil central heating,2,0,2,2,0,2,0,0,0,0,0,0
S01007449,Solid fuel (for example wood coal) central heating,3,0,3,2,0,2,1,0,1,0,0,0
S01007449,Other central heating,0,0,0,0,0,0,0,0,0,0,0,0
S01007449,Two or more types of central heating,12,2,10,11,1,10,1,1,0,0,0,0
S01007450,All people in households,774,203,571,582,46,536,124,89,35,68,68,0
S01007450,No central heating,0,0,0,0,0,0,0,0,0,0,0,0
S01007450,Gas central heating,730,195,535,549,44,505,115,85,30,66,66,0
S01007450,Electric (including storage heaters) central heating,24,1,23,22,0,22,2,1,1,0,0,0
S01007450,Oil central heating,1,0,1,1,0,1,0,0,0,0,0,0
S01007450,Solid fuel (for example wood coal) central heating,5,2,3,3,2,1,2,0,2,0,0,0
S01007450,Other central heating,1,0,1,1,0,1,0,0,0,0,0,0
S01007450,Two or more types of central heating,13,5,8,6,0,6,5,3,2,2,2,0
S01007451,All people in households,623,127,496,499,32,467,84,57,27,40,38,2
S01007451,No central heating,4,1,3,3,0,3,0,0,0,1,1,0
S01007451,Gas central heating,567,120,447,450,30,420,78,53,25,39,37,2
S01007451,Electric (including storage heaters) central heating,4,0,4,4,0,4,0,0,0,0,0,0
S01007451,Oil central heating,2,0,2,2,0,2,0,0,0,0,0,0
S01007451,Solid fuel (for example wood coal) central heating,0,0,0,0,0,0,0,0,0,0,0,0
S01007451,Other central heating,23,5,18,19,1,18,4,4,0,0,0,0
S01007451,Two or more types of central heating,23,1,22,21,1,20,2,0,2,0,0,0
S01007452,All people in households,523,108,415,438,40,398,51,35,16,34,33,1
S01007452,No central heating,2,1,1,2,1,1,0,0,0,0,0,0
S01007452,Gas central heating,426,89,337,361,35,326,35,25,10,30,29,1
S01007452,Electric (including storage heaters) central heating,33,3,30,27,0,27,4,1,3,2,2,0
S01007452,Oil central heating,33,7,26,27,2,25,6,5,1,0,0,0
S01007452,Solid fuel (for example wood coal) central heating,16,4,12,11,1,10,5,3,2,0,0,0
S01007452,Other central heating,0,0,0,0,0,0,0,0,0,0,0,0
S01007452,Two or more types of central heating,13,4,9,10,1,9,1,1,0,2,2,0
S01007453,All people in households,635,52,583,596,23,573,25,15,10,14,14,0
S01007453,No central heating,0,0,0,0,0,0,0,0,0,0,0,0
S01007453,Gas central heating,612,48,564,576,21,555,23,14,9,13,13,0
S01007453,Electric (including storage heaters) central heating,11,1,10,9,0,9,1,0,1,1,1,0
S01007453,Oil central heating,9,1,8,9,1,8,0,0,0,0,0,0
S01007453,Solid fuel (for example wood coal) central heating,0,0,0,0,0,0,0,0,0,0,0,0
S01007453,Other central heating,2,2,0,1,1,0,1,1,0,0,0,0
S01007453,Two or more types of central heating,1,0,1,1,0,1,0,0,0,0,0,0
S01007454,All people in households,512,129,383,403,41,362,67,47,20,42,41,1
S01007454,No central heating,3,1,2,1,0,1,2,1,1,0,0,0
S01007454,Gas central heating,468,117,351,368,37,331,59,40,19,41,40,1
S01007454,Electric (including storage heaters) central heating,12,4,8,10,2,8,2,2,0,0,0,0
S01007454,Oil central heating,18,1,17,18,1,17,0,0,0,0,0,0
S01007454,Solid fuel (for example wood coal) central heating,5,3,2,2,0,2,3,3,0,0,0,0
S01007454,Other central heating,4,2,2,2,0,2,1,1,0,1,1,0
S01007454,Two or more types of central heating,2,1,1,2,1,1,0,0,0,0,0,0
S01007455,All people in households,846,191,655,645,43,602,138,87,51,63,61,2
S01007455,No central heating,0,0,0,0,0,0,0,0,0,0,0,0
S01007455,Gas central heating,789,172,617,611,41,570,122,77,45,56,54,2
S01007455,Electric (including storage heaters) central heating,39,12,27,23,1,22,11,6,5,5,5,0
S01007455,Oil central heating,2,0,2,2,0,2,0,0,0,0,0,0
S01007455,Solid fuel (for example wood coal) central heating,0,0,0,0,0,0,0,0,0,0,0,0
S01007455,Other central heating,0,0,0,0,0,0,0,0,0,0,0,0
S01007455,Two or more types of central heating,16,7,9,9,1,8,5,4,1,2,2,0
S01007456,All people in households,853,160,693,701,44,657,103,70,33,49,46,3
S01007456,No central heating,2,0,2,2,0,2,0,0,0,0,0,0
S01007456,Gas central heating,820,151,669,678,44,634,97,65,32,45,42,3
S01007456,Electric (including storage heaters) central heating,9,4,5,5,0,5,1,1,0,3,3,0
S01007456,Oil central heating,2,1,1,1,0,1,1,1,0,0,0,0
S01007456,Solid fuel (for example wood coal) central heating,4,0,4,4,0,4,0,0,0,0,0,0
S01007456,Other central heating,0,0,0,0,0,0,0,0,0,0,0,0
S01007456,Two or more types of central heating,16,4,12,11,0,11,4,3,1,1,1,0
S01007457,All people in households,1033,188,845,835,49,786,135,78,57,63,61,2
S01007457,No central heating,6,1,5,5,0,5,1,1,0,0,0,0
S01007457,Gas central heating,843,137,706,711,45,666,93,53,40,39,39,0
S01007457,Electric (including storage heaters) central heating,152,44,108,96,4,92,37,22,15,19,18,1
S01007457,Oil central heating,1,0,1,0,0,0,0,0,0,1,0,1
S01007457,Solid fuel (for example wood coal) central heating,5,2,3,2,0,2,2,1,1,1,1,0
S01007457,Other central heating,14,2,12,11,0,11,2,1,1,1,1,0
S01007457,Two or more types of central heating,12,2,10,10,0,10,0,0,0,2,2,0
S01007458,All people in households,523,100,423,448,45,403,63,43,20,12,12,0
S01007458,No central heating,1,0,1,1,0,1,0,0,0,0,0,0
S01007458,Gas central heating,486,92,394,416,41,375,61,42,19,9,9,0
S01007458,Electric (including storage heaters) central heating,14,2,12,12,1,11,2,1,1,0,0,0
S01007458,Oil central heating,0,0,0,0,0,0,0,0,0,0,0,0
S01007458,Solid fuel (for example wood coal) central heating,2,2,0,1,1,0,0,0,0,1,1,0
S01007458,Other central heating,7,1,6,7,1,6,0,0,0,0,0,0
S01007458,Two or more types of central heating,13,3,10,11,1,10,0,0,0,2,2,0
S01007459,All people in households,643,156,487,512,40,472,92,77,15,39,39,0
S01007459,No central heating,4,1,3,3,0,3,0,0,0,1,1,0
S01007459,Gas central heating,614,142,472,497,39,458,81,67,14,36,36,0
S01007459,Electric (including storage heaters) central heating,9,4,5,5,1,4,3,2,1,1,1,0
S01007459,Oil central heating,3,1,2,2,0,2,1,1,0,0,0,0
S01007459,Solid fuel (for example wood coal) central heating,1,1,0,0,0,0,1,1,0,0,0,0
S01007459,Other central heating,9,5,4,4,0,4,4,4,0,1,1,0
S01007459,Two or more types of central heating,3,2,1,1,0,1,2,2,0,0,0,0
S01007460,All people in households,717,169,548,544,30,514,110,77,33,63,62,1
S01007460,No central heating,11,1,10,9,0,9,2,1,1,0,0,0
S01007460,Gas central heating,650,148,502,499,24,475,93,67,26,58,57,1
S01007460,Electric (including storage heaters) central heating,28,10,18,17,3,14,8,4,4,3,3,0
S01007460,Oil central heating,2,1,1,1,0,1,1,1,0,0,0,0
S01007460,Solid fuel (for example wood coal) central heating,1,0,1,1,0,1,0,0,0,0,0,0
S01007460,Other central heating,5,3,2,3,1,2,1,1,0,1,1,0
S01007460,Two or more types of central heating,20,6,14,14,2,12,5,3,2,1,1,0
S01007461,All people in households,680,195,485,512,58,454,100,70,30,68,67,1
S01007461,No central heating,2,0,2,1,0,1,1,0,1,0,0,0
S01007461,Gas central heating,607,173,434,458,53,405,88,60,28,61,60,1
S01007461,Electric (including storage heaters) central heating,37,12,25,27,2,25,8,8,0,2,2,0
S01007461,Oil central heating,1,1,0,1,1,0,0,0,0,0,0,0
S01007461,Solid fuel (for example wood coal) central heating,0,0,0,0,0,0,0,0,0,0,0,0
S01007461,Other central heating,0,0,0,0,0,0,0,0,0,0,0,0
S01007461,Two or more types of central heating,33,9,24,25,2,23,3,2,1,5,5,0
S01007462,All people in households,774,131,643,642,33,609,91,58,33,41,40,1
S01007462,No central heating,5,1,4,4,1,3,1,0,1,0,0,0
S01007462,Gas central heating,706,119,587,584,28,556,84,54,30,38,37,1
S01007462,Electric (including storage heaters) central heating,35,5,30,32,2,30,3,3,0,0,0,0
S01007462,Oil central heating,6,3,3,4,1,3,1,1,0,1,1,0
S01007462,Solid fuel (for example wood coal) central heating,4,1,3,3,0,3,0,0,0,1,1,0
S01007462,Other central heating,0,0,0,0,0,0,0,0,0,0,0,0
S01007462,Two or more types of central heating,18,2,16,15,1,14,2,0,2,1,1,0
S01007463,All people in households,988,224,764,781,58,723,110,74,36,97,92,5
S01007463,No central heating,4,0,4,3,0,3,1,0,1,0,0,0
S01007463,Gas central heating,875,193,682,703,54,649,93,64,29,79,75,4
S01007463,Electric (including storage heaters) central heating,45,17,28,28,4,24,8,4,4,9,9,0
S01007463,Oil central heating,0,0,0,0,0,0,0,0,0,0,0,0
S01007463,Solid fuel (for example wood coal) central heating,6,1,5,5,0,5,0,0,0,1,1,0
S01007463,Other central heating,10,2,8,8,0,8,0,0,0,2,2,0
S01007463,Two or more types of central heating,48,11,37,34,0,34,8,6,2,6,5,1
S01007464,All people in households,686,178,508,524,45,479,113,84,29,49,49,0
S01007464,No central heating,5,3,2,4,2,2,1,1,0,0,0,0
S01007464,Gas central heating,583,147,436,457,38,419,83,66,17,43,43,0
S01007464,Electric (including storage heaters) central heating,69,18,51,44,2,42,21,12,9,4,4,0
S01007464,Oil central heating,0,0,0,0,0,0,0,0,0,0,0,0
S01007464,Solid fuel (for example wood coal) central heating,0,0,0,0,0,0,0,0,0,0,0,0
S01007464,Other central heating,0,0,0,0,0,0,0,0,0,0,0,0
S01007464,Two or more types of central heating,29,10,19,19,3,16,8,5,3,2,2,0
S01007465,All people in households,785,200,585,582,41,541,116,75,41,87,84,3
S01007465,No central heating,10,5,5,5,0,5,1,1,0,4,4,0
S01007465,Gas central heating,498,135,363,357,25,332,81,52,29,60,58,2
S01007465,Electric (including storage heaters) central heating,189,30,159,156,8,148,21,11,10,12,11,1
S01007465,Oil central heating,0,0,0,0,0,0,0,0,0,0,0,0
S01007465,Solid fuel (for example wood coal) central heating,0,0,0,0,0,0,0,0,0,0,0,0
S01007465,Other central heating,26,7,19,21,2,19,4,4,0,1,1,0
S01007465,Two or more types of central heating,62,23,39,43,6,37,9,7,2,10,10,0
S01007466,All people in households,984,282,702,708,65,643,188,130,58,88,87,1
S01007466,No central heating,15,3,12,11,1,10,2,0,2,2,2,0
S01007466,Gas central heating,741,203,538,539,48,491,137,91,46,65,64,1
S01007466,Electric (including storage heaters) central heating,202,61,141,147,15,132,39,30,9,16,16,0
S01007466,Oil central heating,0,0,0,0,0,0,0,0,0,0,0,0
S01007466,Solid fuel (for example wood coal) central heating,0,0,0,0,0,0,0,0,0,0,0,0
S01007466,Other central heating,2,1,1,1,0,1,1,1,0,0,0,0
S01007466,Two or more types of central heating,24,14,10,10,1,9,9,8,1,5,5,0
S01007467,All people in households,974,246,728,755,77,678,135,93,42,84,76,8
S01007467,No central heating,1,1,0,0,0,0,1,1,0,0,0,0
S01007467,Gas central heating,886,216,670,697,67,630,117,81,36,72,68,4
S01007467,Electric (including storage heaters) central heating,57,19,38,40,6,34,13,9,4,4,4,0
S01007467,Oil central heating,0,0,0,0,0,0,0,0,0,0,0,0
S01007467,Solid fuel (for example wood coal) central heating,1,0,1,0,0,0,1,0,1,0,0,0
S01007467,Other central heating,0,0,0,0,0,0,0,0,0,0,0,0
S01007467,Two or more types of central heating,29,10,19,18,4,14,3,2,1,8,4,4
S01007468,All people in households,714,118,596,623,46,577,64,45,19,27,27,0
S01007468,No central heating,15,2,13,13,0,13,1,1,0,1,1,0
S01007468,Gas central heating,462,77,385,404,31,373,41,29,12,17,17,0
S01007468,Electric (including storage heaters) central heating,172,27,145,150,10,140,16,11,5,6,6,0
S01007468,Oil central heating,36,4,32,32,1,31,3,2,1,1,1,0
S01007468,Solid fuel (for example wood coal) central heating,6,1,5,6,1,5,0,0,0,0,0,0
S01007468,Other central heating,4,2,2,3,1,2,0,0,0,1,1,0
S01007468,Two or more types of central heating,19,5,14,15,2,13,3,2,1,1,1,0
S01007469,All people in households,611,118,493,506,36,470,75,52,23,30,30,0
S01007469,No central heating,6,1,5,4,0,4,2,1,1,0,0,0
S01007469,Gas central heating,509,98,411,424,29,395,59,43,16,26,26,0
S01007469,Electric (including storage heaters) central heating,75,11,64,62,3,59,11,6,5,2,2,0
S01007469,Oil central heating,4,2,2,2,0,2,1,1,0,1,1,0
S01007469,Solid fuel (for example wood coal) central heating,4,2,2,3,2,1,1,0,1,0,0,0
S01007469,Other central heating,9,2,7,8,1,7,1,1,0,0,0,0
S01007469,Two or more types of central heating,4,2,2,3,1,2,0,0,0,1,1,0
S01007470,All people in households,699,186,513,535,52,483,99,72,27,65,62,3
S01007470,No central heating,10,1,9,8,0,8,1,0,1,1,1,0
S01007470,Gas central heating,635,160,475,494,46,448,84,60,24,57,54,3
S01007470,Electric (including storage heaters) central heating,36,18,18,23,5,18,8,8,0,5,5,0
S01007470,Oil central heating,0,0,0,0,0,0,0,0,0,0,0,0
S01007470,Solid fuel (for example wood coal) central heating,3,2,1,0,0,0,3,2,1,0,0,0
S01007470,Other central heating,4,2,2,1,0,1,2,1,1,1,1,0
S01007470,Two or more types of central heating,11,3,8,9,1,8,1,1,0,1,1,0
S01007471,All people in households,479,72,407,409,19,390,47,30,17,23,23,0
S01007471,No central heating,5,0,5,5,0,5,0,0,0,0,0,0
S01007471,Gas central heating,447,66,381,383,18,365,43,27,16,21,21,0
S01007471,Electric (including storage heaters) central heating,18,5,13,13,1,12,4,3,1,1,1,0
S01007471,Oil central heating,0,0,0,0,0,0,0,0,0,0,0,0
S01007471,Solid fuel (for example wood coal) central heating,0,0,0,0,0,0,0,0,0,0,0,0
S01007471,Other central heating,0,0,0,0,0,0,0,0,0,0,0,0
S01007471,Two or more types of central heating,9,1,8,8,0,8,0,0,0,1,1,0
S01007472,All people in households,554,162,392,402,39,363,101,73,28,51,50,1
S01007472,No central heating,5,1,4,5,1,4,0,0,0,0,0,0
S01007472,Gas central heating,516,147,369,376,35,341,94,67,27,46,45,1
S01007472,Electric (including storage heaters) central heating,25,10,15,17,3,14,4,3,1,4,4,0
S01007472,Oil central heating,0,0,0,0,0,0,0,0,0,0,0,0
S01007472,Solid fuel (for example wood coal) central heating,0,0,0,0,0,0,0,0,0,0,0,0
S01007472,Other central heating,0,0,0,0,0,0,0,0,0,0,0,0
S01007472,Two or more types of central heating,8,4,4,4,0,4,3,3,0,1,1,0
S01007473,All people in households,438,117,321,329,28,301,78,59,19,31,30,1
S01007473,No central heating,1,1,0,1,1,0,0,0,0,0,0,0
S01007473,Gas central heating,409,103,306,312,23,289,71,55,16,26,25,1
S01007473,Electric (including storage heaters) central heating,14,7,7,9,3,6,4,3,1,1,1,0
S01007473,Oil central heating,0,0,0,0,0,0,0,0,0,0,0,0
S01007473,Solid fuel (for example wood coal) central heating,4,2,2,2,0,2,1,1,0,1,1,0
S01007473,Other central heating,0,0,0,0,0,0,0,0,0,0,0,0
S01007473,Two or more types of central heating,10,4,6,5,1,4,2,0,2,3,3,0
S01007474,All people in households,535,68,467,459,17,442,59,34,25,17,17,0
S01007474,No central heating,2,2,0,1,1,0,1,1,0,0,0,0
S01007474,Gas central heating,528,65,463,454,16,438,58,33,25,16,16,0
S01007474,Electric (including storage heaters) central heating,3,1,2,2,0,2,0,0,0,1,1,0
S01007474,Oil central heating,0,0,0,0,0,0,0,0,0,0,0,0
S01007474,Solid fuel (for example wood coal) central heating,0,0,0,0,0,0,0,0,0,0,0,0
S01007474,Other central heating,0,0,0,0,0,0,0,0,0,0,0,0
S01007474,Two or more types of central heating,2,0,2,2,0,2,0,0,0,0,0,0
S01007475,All people in households,594,93,501,503,23,480,65,44,21,26,26,0
S01007475,No central heating,9,2,7,7,0,7,1,1,0,1,1,0
S01007475,Gas central heating,544,77,467,466,17,449,56,38,18,22,22,0
S01007475,Electric (including storage heaters) central heating,32,10,22,23,3,20,6,4,2,3,3,0
S01007475,Oil central heating,0,0,0,0,0,0,0,0,0,0,0,0
S01007475,Solid fuel (for example wood coal) central heating,4,1,3,3,1,2,1,0,1,0,0,0
S01007475,Other central heating,0,0,0,0,0,0,0,0,0,0,0,0
S01007475,Two or more types of central heating,5,3,2,4,2,2,1,1,0,0,0,0
S01007476,All people in households,651,153,498,524,51,473,92,67,25,35,35,0
S01007476,No central heating,5,1,4,5,1,4,0,0,0,0,0,0
S01007476,Gas central heating,596,145,451,475,46,429,87,65,22,34,34,0
S01007476,Electric (including storage heaters) central heating,34,6,28,30,4,26,4,2,2,0,0,0
S01007476,Oil central heating,4,0,4,4,0,4,0,0,0,0,0,0
S01007476,Solid fuel (for example wood coal) central heating,7,1,6,5,0,5,1,0,1,1,1,0
S01007476,Other central heating,3,0,3,3,0,3,0,0,0,0,0,0
S01007476,Two or more types of central heating,2,0,2,2,0,2,0,0,0,0,0,0
S01007477,All people in households,540,85,455,458,23,435,62,44,18,20,18,2
S01007477,No central heating,0,0,0,0,0,0,0,0,0,0,0,0
S01007477,Gas central heating,513,79,434,436,21,415,58,41,17,19,17,2
S01007477,Electric (including storage heaters) central heating,9,4,5,6,2,4,2,1,1,1,1,0
S01007477,Oil central heating,4,0,4,4,0,4,0,0,0,0,0,0
S01007477,Solid fuel (for example wood coal) central heating,2,2,0,0,0,0,2,2,0,0,0,0
S01007477,Other central heating,0,0,0,0,0,0,0,0,0,0,0,0
S01007477,Two or more types of central heating,12,0,12,12,0,12,0,0,0,0,0,0
S01007478,All people in households,901,188,713,738,61,677,121,85,36,42,42,0
S01007478,No central heating,8,4,4,4,0,4,2,2,0,2,2,0
S01007478,Gas central heating,828,163,665,684,52,632,108,75,33,36,36,0
S01007478,Electric (including storage heaters) central heating,41,14,27,31,7,24,9,6,3,1,1,0
S01007478,Oil central heating,8,2,6,6,0,6,2,2,0,0,0,0
S01007478,Solid fuel (for example wood coal) central heating,0,0,0,0,0,0,0,0,0,0,0,0
S01007478,Other central heating,0,0,0,0,0,0,0,0,0,0,0,0
S01007478,Two or more types of central heating,16,5,11,13,2,11,0,0,0,3,3,0
S01007479,All people in households,579,108,471,486,36,450,63,44,19,30,28,2
S01007479,No central heating,8,4,4,5,1,4,3,3,0,0,0,0
S01007479,Gas central heating,533,89,444,455,30,425,51,34,17,27,25,2
S01007479,Electric (including storage heaters) central heating,28,11,17,22,5,17,4,4,0,2,2,0
S01007479,Oil central heating,0,0,0,0,0,0,0,0,0,0,0,0
S01007479,Solid fuel (for example wood coal) central heating,2,1,1,0,0,0,2,1,1,0,0,0
S01007479,Other central heating,0,0,0,0,0,0,0,0,0,0,0,0
S01007479,Two or more types of central heating,8,3,5,4,0,4,3,2,1,1,1,0
S01007480,All people in households,776,113,663,681,42,639,68,45,23,27,26,1
S01007480,No central heating,2,0,2,2,0,2,0,0,0,0,0,0
S01007480,Gas central heating,692,95,597,613,37,576,56,35,21,23,23,0
S01007480,Electric (including storage heaters) central heating,76,15,61,63,4,59,9,8,1,4,3,1
S01007480,Oil central heating,0,0,0,0,0,0,0,0,0,0,0,0
S01007480,Solid fuel (for example wood coal) central heating,0,0,0,0,0,0,0,0,0,0,0,0
S01007480,Other central heating,0,0,0,0,0,0,0,0,0,0,0,0
S01007480,Two or more types of central heating,6,3,3,3,1,2,3,2,1,0,0,0
S01007481,All people in households,830,185,645,691,73,618,108,83,25,31,29,2
S01007481,No central heating,0,0,0,0,0,0,0,0,0,0,0,0
S01007481,Gas central heating,544,125,419,455,48,407,68,56,12,21,21,0
S01007481,Electric (including storage heaters) central heating,89,18,71,72,7,65,13,8,5,4,3,1
S01007481,Oil central heating,159,32,127,134,16,118,22,14,8,3,2,1
S01007481,Solid fuel (for example wood coal) central heating,10,2,8,8,0,8,0,0,0,2,2,0
S01007481,Other central heating,5,2,3,3,0,3,1,1,0,1,1,0
S01007481,Two or more types of central heating,23,6,17,19,2,17,4,4,0,0,0,0
S01007482,All people in households,478,148,330,344,39,305,99,75,24,35,34,1
S01007482,No central heating,5,5,0,0,0,0,3,3,0,2,2,0
S01007482,Gas central heating,325,76,249,255,22,233,52,37,15,18,17,1
S01007482,Electric (including storage heaters) central heating,86,51,35,38,11,27,35,27,8,13,13,0
S01007482,Oil central heating,45,10,35,37,2,35,6,6,0,2,2,0
S01007482,Solid fuel (for example wood coal) central heating,8,4,4,6,2,4,2,2,0,0,0,0
S01007482,Other central heating,0,0,0,0,0,0,0,0,0,0,0,0
S01007482,Two or more types of central heating,9,2,7,8,2,6,1,0,1,0,0,0
S01007483,All people in households,783,168,615,620,44,576,112,78,34,51,46,5
S01007483,No central heating,5,1,4,3,0,3,1,0,1,1,1,0
S01007483,Gas central heating,635,134,501,500,31,469,94,65,29,41,38,3
S01007483,Electric (including storage heaters) central heating,72,22,50,54,7,47,11,9,2,7,6,1
S01007483,Oil central heating,48,7,41,43,4,39,3,2,1,2,1,1
S01007483,Solid fuel (for example wood coal) central heating,6,0,6,6,0,6,0,0,0,0,0,0
S01007483,Other central heating,2,1,1,2,1,1,0,0,0,0,0,0
S01007483,Two or more types of central heating,15,3,12,12,1,11,3,2,1,0,0,0
S01007484,All people in households,548,134,414,432,40,392,77,57,20,39,37,2
S01007484,No central heating,1,1,0,0,0,0,1,1,0,0,0,0
S01007484,Gas central heating,349,76,273,290,25,265,42,34,8,17,17,0
S01007484,Electric (including storage heaters) central heating,116,40,76,76,11,65,26,17,9,14,12,2
S01007484,Oil central heating,27,6,21,22,2,20,3,2,1,2,2,0
S01007484,Solid fuel (for example wood coal) central heating,48,10,38,38,2,36,4,2,2,6,6,0
S01007484,Other central heating,0,0,0,0,0,0,0,0,0,0,0,0
S01007484,Two or more types of central heating,7,1,6,6,0,6,1,1,0,0,0,0
S01007485,All people in households,481,114,367,348,20,328,91,53,38,42,41,1
S01007485,No central heating,2,0,2,0,0,0,2,0,2,0,0,0
S01007485,Gas central heating,366,80,286,277,14,263,59,37,22,30,29,1
S01007485,Electric (including storage heaters) central heating,66,23,43,36,2,34,21,12,9,9,9,0
S01007485,Oil central heating,1,0,1,1,0,1,0,0,0,0,0,0
S01007485,Solid fuel (for example wood coal) central heating,35,9,26,25,3,22,7,3,4,3,3,0
S01007485,Other central heating,4,0,4,4,0,4,0,0,0,0,0,0
S01007485,Two or more types of central heating,7,2,5,5,1,4,2,1,1,0,0,0
S01007486,All people in households,540,131,409,418,30,388,74,55,19,48,46,2
S01007486,No central heating,4,1,3,4,1,3,0,0,0,0,0,0
S01007486,Gas central heating,438,105,333,338,19,319,62,49,13,38,37,1
S01007486,Electric (including storage heaters) central heating,33,10,23,23,2,21,5,3,2,5,5,0
S01007486,Oil central heating,2,0,2,2,0,2,0,0,0,0,0,0
S01007486,Solid fuel (for example wood coal) central heating,43,9,34,34,4,30,6,2,4,3,3,0
S01007486,Other central heating,3,1,2,2,0,2,0,0,0,1,1,0
S01007486,Two or more types of central heating,17,5,12,15,4,11,1,1,0,1,0,1
S01007487,All people in households,893,250,643,666,64,602,156,116,40,71,70,1
S01007487,No central heating,36,8,28,24,0,24,9,5,4,3,3,0
S01007487,Gas central heating,587,139,448,467,42,425,77,55,22,43,42,1
S01007487,Electric (including storage heaters) central heating,213,86,127,130,15,115,62,50,12,21,21,0
S01007487,Oil central heating,11,5,6,7,1,6,2,2,0,2,2,0
S01007487,Solid fuel (for example wood coal) central heating,6,2,4,5,1,4,1,1,0,0,0,0
S01007487,Other central heating,5,1,4,4,0,4,1,1,0,0,0,0
S01007487,Two or more types of central heating,35,9,26,29,5,24,4,2,2,2,2,0
S01007488,All people in households,1032,211,821,834,58,776,140,95,45,58,58,0
S01007488,No central heating,8,3,5,6,1,5,2,2,0,0,0,0
S01007488,Gas central heating,828,144,684,694,43,651,97,64,33,37,37,0
S01007488,Electric (including storage heaters) central heating,125,49,76,76,11,65,30,19,11,19,19,0
S01007488,Oil central heating,31,5,26,27,2,25,3,2,1,1,1,0
S01007488,Solid fuel (for example wood coal) central heating,6,3,3,3,0,3,3,3,0,0,0,0
S01007488,Other central heating,0,0,0,0,0,0,0,0,0,0,0,0
S01007488,Two or more types of central heating,34,7,27,28,1,27,5,5,0,1,1,0
S01007489,All people in households,856,203,653,678,53,625,127,102,25,51,48,3
S01007489,No central heating,4,1,3,3,0,3,1,1,0,0,0,0
S01007489,Gas central heating,671,144,527,549,38,511,88,74,14,34,32,2
S01007489,Electric (including storage heaters) central heating,58,25,33,32,4,28,19,14,5,7,7,0
S01007489,Oil central heating,86,17,69,69,5,64,14,9,5,3,3,0
S01007489,Solid fuel (for example wood coal) central heating,17,7,10,9,1,8,3,2,1,5,4,1
S01007489,Other central heating,1,1,0,0,0,0,0,0,0,1,1,0
S01007489,Two or more types of central heating,19,8,11,16,5,11,2,2,0,1,1,0
S01007490,All people in households,883,235,648,674,68,606,151,115,36,58,52,6
S01007490,No central heating,6,3,3,3,1,2,3,2,1,0,0,0
S01007490,Gas central heating,729,187,542,559,52,507,121,92,29,49,43,6
S01007490,Electric (including storage heaters) central heating,96,33,63,71,11,60,17,14,3,8,8,0
S01007490,Oil central heating,26,6,20,22,3,19,4,3,1,0,0,0
S01007490,Solid fuel (for example wood coal) central heating,14,2,12,12,1,11,1,0,1,1,1,0
S01007490,Other central heating,0,0,0,0,0,0,0,0,0,0,0,0
S01007490,Two or more types of central heating,12,4,8,7,0,7,5,4,1,0,0,0
S01007491,All people in households,1127,183,944,951,47,904,126,89,37,50,47,3
S01007491,No central heating,13,1,12,12,0,12,1,1,0,0,0,0
S01007491,Gas central heating,816,134,682,684,31,653,98,71,27,34,32,2
S01007491,Electric (including storage heaters) central heating,209,33,176,179,13,166,23,13,10,7,7,0
S01007491,Oil central heating,31,5,26,27,1,26,2,2,0,2,2,0
S01007491,Solid fuel (for example wood coal) central heating,8,1,7,7,0,7,0,0,0,1,1,0
S01007491,Other central heating,0,0,0,0,0,0,0,0,0,0,0,0
S01007491,Two or more types of central heating,50,9,41,42,2,40,2,2,0,6,5,1
S01007492,All people in households,679,172,507,504,35,469,103,66,37,72,71,1
S01007492,No central heating,1,0,1,1,0,1,0,0,0,0,0,0
S01007492,Gas central heating,424,97,327,324,21,303,64,40,24,36,36,0
S01007492,Electric (including storage heaters) central heating,152,61,91,90,11,79,33,22,11,29,28,1
S01007492,Oil central heating,68,4,64,63,0,63,2,1,1,3,3,0
S01007492,Solid fuel (for example wood coal) central heating,15,2,13,13,1,12,2,1,1,0,0,0
S01007492,Other central heating,1,1,0,1,1,0,0,0,0,0,0,0
S01007492,Two or more types of central heating,18,7,11,12,1,11,2,2,0,4,4,0
S01007493,All people in households,824,182,642,664,59,605,108,71,37,52,52,0
S01007493,No central heating,9,2,7,9,2,7,0,0,0,0,0,0
S01007493,Gas central heating,496,103,393,410,34,376,56,39,17,30,30,0
S01007493,Electric (including storage heaters) central heating,240,64,176,178,19,159,45,28,17,17,17,0
S01007493,Oil central heating,50,11,39,41,3,38,4,3,1,5,5,0
S01007493,Solid fuel (for example wood coal) central heating,13,1,12,12,1,11,1,0,1,0,0,0
S01007493,Other central heating,3,0,3,3,0,3,0,0,0,0,0,0
S01007493,Two or more types of central heating,13,1,12,11,0,11,2,1,1,0,0,0
S01007494,All people in households,533,137,396,417,45,372,75,54,21,41,38,3
S01007494,No central heating,18,4,14,16,3,13,2,1,1,0,0,0
S01007494,Gas central heating,36,11,25,25,2,23,9,7,2,2,2,0
S01007494,Electric (including storage heaters) central heating,107,29,78,84,8,76,14,12,2,9,9,0
S01007494,Oil central heating,272,69,203,216,26,190,39,27,12,17,16,1
S01007494,Solid fuel (for example wood coal) central heating,65,14,51,53,4,49,5,3,2,7,7,0
S01007494,Other central heating,6,2,4,3,0,3,3,2,1,0,0,0
S01007494,Two or more types of central heating,29,8,21,20,2,18,3,2,1,6,4,2
S01007495,All people in households,844,148,696,690,35,655,110,69,41,44,44,0
S01007495,No central heating,28,7,21,18,0,18,8,5,3,2,2,0
S01007495,Gas central heating,122,19,103,103,5,98,11,6,5,8,8,0
S01007495,Electric (including storage heaters) central heating,69,23,46,48,3,45,14,13,1,7,7,0
S01007495,Oil central heating,485,75,410,409,22,387,56,33,23,20,20,0
S01007495,Solid fuel (for example wood coal) central heating,45,10,35,34,2,32,9,6,3,2,2,0
S01007495,Other central heating,42,8,34,32,0,32,6,4,2,4,4,0
S01007495,Two or more types of central heating,53,6,47,46,3,43,6,2,4,1,1,0
S01007496,All people in households,1011,240,771,797,79,718,156,104,52,58,57,1
S01007496,No central heating,30,4,26,26,2,24,2,0,2,2,2,0
S01007496,Gas central heating,148,39,109,115,15,100,23,14,9,10,10,0
S01007496,Electric (including storage heaters) central heating,179,64,115,108,9,99,49,33,16,22,22,0
S01007496,Oil central heating,539,102,437,456,39,417,63,44,19,20,19,1
S01007496,Solid fuel (for example wood coal) central heating,42,6,36,33,2,31,8,3,5,1,1,0
S01007496,Other central heating,24,12,12,14,2,12,7,7,0,3,3,0
S01007496,Two or more types of central heating,49,13,36,45,10,35,4,3,1,0,0,0
S01007497,All people in households,596,134,462,476,44,432,90,63,27,30,27,3
S01007497,No central heating,20,6,14,15,2,13,2,1,1,3,3,0
S01007497,Gas central heating,70,23,47,55,11,44,13,10,3,2,2,0
S01007497,Electric (including storage heaters) central heating,140,39,101,98,8,90,31,22,9,11,9,2
S01007497,Oil central heating,268,48,220,228,16,212,30,23,7,10,9,1
S01007497,Solid fuel (for example wood coal) central heating,58,9,49,50,5,45,7,3,4,1,1,0
S01007497,Other central heating,12,3,9,11,2,9,1,1,0,0,0,0
S01007497,Two or more types of central heating,28,6,22,19,0,19,6,3,3,3,3,0
S01007498,All people in households,836,233,603,623,52,571,145,115,30,68,66,2
S01007498,No central heating,11,6,5,6,3,3,4,2,2,1,1,0
S01007498,Gas central heating,372,92,280,285,18,267,55,44,11,32,30,2
S01007498,Electric (including storage heaters) central heating,171,66,105,111,14,97,42,34,8,18,18,0
S01007498,Oil central heating,209,46,163,171,14,157,30,24,6,8,8,0
S01007498,Solid fuel (for example wood coal) central heating,36,14,22,20,1,19,11,8,3,5,5,0
S01007498,Other central heating,14,6,8,8,0,8,2,2,0,4,4,0
S01007498,Two or more types of central heating,23,3,20,22,2,20,1,1,0,0,0,0
S01007499,All people in households,842,179,663,672,53,619,114,71,43,56,55,1
S01007499,No central heating,16,6,10,12,3,9,1,0,1,3,3,0
S01007499,Gas central heating,66,18,48,51,5,46,11,9,2,4,4,0
S01007499,Electric (including storage heaters) central heating,261,65,196,201,15,186,36,26,10,24,24,0
S01007499,Oil central heating,321,49,272,277,23,254,32,15,17,12,11,1
S01007499,Solid fuel (for example wood coal) central heating,121,34,87,82,7,75,28,16,12,11,11,0
S01007499,Other central heating,14,2,12,12,0,12,2,2,0,0,0,0
S01007499,Two or more types of central heating,43,5,38,37,0,37,4,3,1,2,2,0
S01007500,All people in households,603,184,419,448,52,396,109,87,22,46,45,1
S01007500,No central heating,29,8,21,22,2,20,6,5,1,1,1,0
S01007500,Gas central heating,49,18,31,37,7,30,6,5,1,6,6,0
S01007500,Electric (including storage heaters) central heating,188,69,119,133,19,114,36,32,4,19,18,1
S01007500,Oil central heating,238,59,179,185,19,166,42,29,13,11,11,0
S01007500,Solid fuel (for example wood coal) central heating,68,20,48,51,4,47,11,10,1,6,6,0
S01007500,Other central heating,9,2,7,7,0,7,1,1,0,1,1,0
S01007500,Two or more types of central heating,22,8,14,13,1,12,7,5,2,2,2,0
S01007501,All people in households,678,193,485,497,49,448,131,94,37,50,50,0
S01007501,No central heating,42,10,32,32,3,29,8,5,3,2,2,0
S01007501,Gas central heating,49,13,36,37,4,33,7,4,3,5,5,0
S01007501,Electric (including storage heaters) central heating,144,61,83,87,11,76,37,30,7,20,20,0
S01007501,Oil central heating,331,76,255,264,24,240,49,34,15,18,18,0
S01007501,Solid fuel (for example wood coal) central heating,50,16,34,32,2,30,16,12,4,2,2,0
S01007501,Other central heating,8,5,3,3,2,1,4,2,2,1,1,0
S01007501,Two or more types of central heating,54,12,42,42,3,39,10,7,3,2,2,0
S01007502,All people in households,521,131,390,398,30,368,79,59,20,44,42,2
S01007502,No central heating,23,7,16,15,2,13,6,3,3,2,2,0
S01007502,Gas central heating,93,19,74,79,6,73,9,8,1,5,5,0
S01007502,Electric (including storage heaters) central heating,98,39,59,65,8,57,19,17,2,14,14,0
S01007502,Oil central heating,211,43,168,162,8,154,34,22,12,15,13,2
S01007502,Solid fuel (for example wood coal) central heating,53,13,40,43,3,40,7,7,0,3,3,0
S01007502,Other central heating,26,4,22,20,0,20,4,2,2,2,2,0
S01007502,Two or more types of central heating,17,6,11,14,3,11,0,0,0,3,3,0
S01007503,All people in households,1044,266,778,802,66,736,172,132,40,70,68,2
S01007503,No central heating,24,4,20,18,0,18,4,2,2,2,2,0
S01007503,Gas central heating,105,31,74,79,9,70,15,11,4,11,11,0
S01007503,Electric (including storage heaters) central heating,245,87,158,162,18,144,54,41,13,29,28,1
S01007503,Oil central heating,525,108,417,428,28,400,81,65,16,16,15,1
S01007503,Solid fuel (for example wood coal) central heating,69,17,52,56,7,49,12,9,3,1,1,0
S01007503,Other central heating,26,3,23,23,0,23,0,0,0,3,3,0
S01007503,Two or more types of central heating,50,16,34,36,4,32,6,4,2,8,8,0
S01007504,All people in households,677,172,505,523,44,479,100,75,25,54,53,1
S01007504,No central heating,9,0,9,9,0,9,0,0,0,0,0,0
S01007504,Gas central heating,78,21,57,62,7,55,12,10,2,4,4,0
S01007504,Electric (including storage heaters) central heating,127,46,81,83,9,74,25,19,6,19,18,1
S01007504,Oil central heating,345,74,271,280,20,260,45,34,11,20,20,0
S01007504,Solid fuel (for example wood coal) central heating,75,18,57,59,6,53,10,6,4,6,6,0
S01007504,Other central heating,18,6,12,12,1,11,4,3,1,2,2,0
S01007504,Two or more types of central heating,25,7,18,18,1,17,4,3,1,3,3,0
S01007505,All people in households,429,98,331,334,27,307,71,49,22,24,22,2
S01007505,No central heating,13,3,10,10,1,9,2,1,1,1,1,0
S01007505,Gas central heating,54,9,45,44,5,39,6,1,5,4,3,1
S01007505,Electric (including storage heaters) central heating,102,22,80,76,4,72,18,11,7,8,7,1
S01007505,Oil central heating,182,41,141,149,12,137,27,23,4,6,6,0
S01007505,Solid fuel (for example wood coal) central heating,37,13,24,27,4,23,9,8,1,1,1,0
S01007505,Other central heating,9,1,8,7,0,7,1,0,1,1,1,0
S01007505,Two or more types of central heating,32,9,23,21,1,20,8,5,3,3,3,0
S01007506,All people in households,514,113,401,424,35,389,60,49,11,30,29,1
S01007506,No central heating,18,8,10,11,1,10,6,6,0,1,1,0
S01007506,Gas central heating,61,13,48,52,5,47,4,3,1,5,5,0
S01007506,Electric (including storage heaters) central heating,63,21,42,49,8,41,8,7,1,6,6,0
S01007506,Oil central heating,297,62,235,245,18,227,38,31,7,14,13,1
S01007506,Solid fuel (for example wood coal) central heating,38,3,35,34,1,33,2,0,2,2,2,0
S01007506,Other central heating,12,2,10,10,0,10,1,1,0,1,1,0
S01007506,Two or more types of central heating,25,4,21,23,2,21,1,1,0,1,1,0
S01007507,All people in households,921,241,680,696,65,631,162,115,47,63,61,2
S01007507,No central heating,39,11,28,31,4,27,6,5,1,2,2,0
S01007507,Gas central heating,44,13,31,28,2,26,13,8,5,3,3,0
S01007507,Electric (including storage heaters) central heating,332,99,233,238,25,213,66,48,18,28,26,2
S01007507,Oil central heating,381,91,290,301,30,271,60,41,19,20,20,0
S01007507,Solid fuel (for example wood coal) central heating,76,18,58,55,1,54,13,9,4,8,8,0
S01007507,Other central heating,10,2,8,8,0,8,1,1,0,1,1,0
S01007507,Two or more types of central heating,39,7,32,35,3,32,3,3,0,1,1,0
S01007508,All people in households,696,180,516,532,45,487,103,77,26,61,58,3
S01007508,No central heating,24,2,22,20,0,20,2,0,2,2,2,0
S01007508,Gas central heating,48,10,38,39,1,38,7,7,0,2,2,0
S01007508,Electric (including storage heaters) central heating,148,62,86,84,4,80,33,28,5,31,30,1
S01007508,Oil central heating,375,88,287,307,33,274,43,32,11,25,23,2
S01007508,Solid fuel (for example wood coal) central heating,68,13,55,53,5,48,14,7,7,1,1,0
S01007508,Other central heating,10,2,8,10,2,8,0,0,0,0,0,0
S01007508,Two or more types of central heating,23,3,20,19,0,19,4,3,1,0,0,0
S01007509,All people in households,626,137,489,499,33,466,85,63,22,42,41,1
S01007509,No central heating,50,8,42,42,2,40,3,1,2,5,5,0
S01007509,Gas central heating,59,15,44,47,3,44,7,7,0,5,5,0
S01007509,Electric (including storage heaters) central heating,89,21,68,66,4,62,15,9,6,8,8,0
S01007509,Oil central heating,335,77,258,272,23,249,45,37,8,18,17,1
S01007509,Solid fuel (for example wood coal) central heating,48,8,40,38,0,38,8,6,2,2,2,0
S01007509,Other central heating,20,3,17,15,0,15,2,0,2,3,3,0
S01007509,Two or more types of central heating,25,5,20,19,1,18,5,3,2,1,1,0
S01007510,All people in households,997,264,733,747,68,679,170,120,50,80,76,4
S01007510,No central heating,26,5,21,22,2,20,1,1,0,3,2,1
S01007510,Gas central heating,79,21,58,65,8,57,9,8,1,5,5,0
S01007510,Electric (including storage heaters) central heating,205,66,139,144,13,131,41,34,7,20,19,1
S01007510,Oil central heating,443,120,323,336,35,301,77,56,21,30,29,1
S01007510,Solid fuel (for example wood coal) central heating,148,31,117,109,5,104,24,12,12,15,14,1
S01007510,Other central heating,32,8,24,25,3,22,5,3,2,2,2,0
S01007510,Two or more types of central heating,64,13,51,46,2,44,13,6,7,5,5,0
S01007511,All people in households,829,237,592,611,63,548,154,111,43,64,63,1
S01007511,No central heating,17,6,11,10,1,9,3,1,2,4,4,0
S01007511,Gas central heating,46,10,36,38,5,33,7,4,3,1,1,0
S01007511,Electric (including storage heaters) central heating,317,92,225,222,16,206,59,40,19,36,36,0
S01007511,Oil central heating,303,80,223,234,21,213,59,49,10,10,10,0
S01007511,Solid fuel (for example wood coal) central heating,103,31,72,79,14,65,18,11,7,6,6,0
S01007511,Other central heating,11,9,2,6,4,2,4,4,0,1,1,0
S01007511,Two or more types of central heating,32,9,23,22,2,20,4,2,2,6,5,1
S01007512,All people in households,526,142,384,404,40,364,84,64,20,38,38,0
S01007512,No central heating,24,6,18,19,2,17,2,1,1,3,3,0
S01007512,Gas central heating,35,7,28,33,6,27,2,1,1,0,0,0
S01007512,Electric (including storage heaters) central heating,154,62,92,102,15,87,39,34,5,13,13,0
S01007512,Oil central heating,243,42,201,204,12,192,25,16,9,14,14,0
S01007512,Solid fuel (for example wood coal) central heating,41,15,26,28,3,25,8,7,1,5,5,0
S01007512,Other central heating,12,7,5,7,2,5,4,4,0,1,1,0
S01007512,Two or more types of central heating,17,3,14,11,0,11,4,1,3,2,2,0
S01007513,All people in households,1045,211,834,861,79,782,128,77,51,56,55,1
S01007513,No central heating,5,4,1,3,2,1,1,1,0,1,1,0
S01007513,Gas central heating,748,135,613,630,49,581,78,46,32,40,40,0
S01007513,Electric (including storage heaters) central heating,161,51,110,117,18,99,33,23,10,11,10,1
S01007513,Oil central heating,87,15,72,77,8,69,7,4,3,3,3,0
S01007513,Solid fuel (for example wood coal) central heating,22,3,19,16,0,16,5,2,3,1,1,0
S01007513,Other central heating,0,0,0,0,0,0,0,0,0,0,0,0
S01007513,Two or more types of central heating,22,3,19,18,2,16,4,1,3,0,0,0
S01007514,All people in households,518,114,404,413,35,378,73,48,25,32,31,1
S01007514,No central heating,12,1,11,11,0,11,1,1,0,0,0,0
S01007514,Gas central heating,356,75,281,288,24,264,47,31,16,21,20,1
S01007514,Electric (including storage heaters) central heating,110,27,83,83,6,77,17,11,6,10,10,0
S01007514,Oil central heating,22,4,18,19,3,16,3,1,2,0,0,0
S01007514,Solid fuel (for example wood coal) central heating,6,2,4,3,0,3,3,2,1,0,0,0
S01007514,Other central heating,2,0,2,2,0,2,0,0,0,0,0,0
S01007514,Two or more types of central heating,10,5,5,7,2,5,2,2,0,1,1,0
S01007515,All people in households,563,117,446,477,46,431,60,45,15,26,26,0
S01007515,No central heating,1,1,0,0,0,0,0,0,0,1,1,0
S01007515,Gas central heating,407,79,328,346,31,315,42,29,13,19,19,0
S01007515,Electric (including storage heaters) central heating,54,17,37,42,6,36,9,8,1,3,3,0
S01007515,Oil central heating,46,14,32,37,6,31,7,6,1,2,2,0
S01007515,Solid fuel (for example wood coal) central heating,2,1,1,2,1,1,0,0,0,0,0,0
S01007515,Other central heating,19,0,19,19,0,19,0,0,0,0,0,0
S01007515,Two or more types of central heating,34,5,29,31,2,29,2,2,0,1,1,0
S01007516,All people in households,620,127,493,510,36,474,71,52,19,39,39,0
S01007516,No central heating,5,2,3,5,2,3,0,0,0,0,0,0
S01007516,Gas central heating,475,74,401,407,21,386,43,28,15,25,25,0
S01007516,Electric (including storage heaters) central heating,75,37,38,42,8,34,23,19,4,10,10,0
S01007516,Oil central heating,33,7,26,28,2,26,3,3,0,2,2,0
S01007516,Solid fuel (for example wood coal) central heating,13,5,8,11,3,8,1,1,0,1,1,0
S01007516,Other central heating,2,0,2,2,0,2,0,0,0,0,0,0
S01007516,Two or more types of central heating,17,2,15,15,0,15,1,1,0,1,1,0
S01007517,All people in households,423,136,287,293,33,260,89,62,27,41,41,0
S01007517,No central heating,7,1,6,6,1,5,1,0,1,0,0,0
S01007517,Gas central heating,196,51,145,144,12,132,33,20,13,19,19,0
S01007517,Electric (including storage heaters) central heating,122,56,66,69,13,56,38,28,10,15,15,0
S01007517,Oil central heating,62,22,40,43,4,39,12,11,1,7,7,0
S01007517,Solid fuel (for example wood coal) central heating,7,1,6,6,0,6,1,1,0,0,0,0
S01007517,Other central heating,21,3,18,18,2,16,3,1,2,0,0,0
S01007517,Two or more types of central heating,8,2,6,7,1,6,1,1,0,0,0,0
S01007518,All people in households,832,211,621,641,64,577,136,93,43,55,54,1
S01007518,No central heating,3,3,0,1,1,0,2,2,0,0,0,0
S01007518,Gas central heating,626,144,482,492,40,452,92,63,29,42,41,1
S01007518,Electric (including storage heaters) central heating,123,42,81,86,14,72,27,18,9,10,10,0
S01007518,Oil central heating,31,5,26,28,3,25,3,2,1,0,0,0
S01007518,Solid fuel (for example wood coal) central heating,15,2,13,12,0,12,3,2,1,0,0,0
S01007518,Other central heating,11,4,7,7,1,6,3,2,1,1,1,0
S01007518,Two or more types of central heating,23,11,12,15,5,10,6,4,2,2,2,0
S01007519,All people in households,433,122,311,335,47,288,71,50,21,27,25,2
S01007519,No central heating,15,5,10,8,1,7,7,4,3,0,0,0
S01007519,Gas central heating,121,36,85,98,16,82,17,15,2,6,5,1
S01007519,Electric (including storage heaters) central heating,28,11,17,18,3,15,6,4,2,4,4,0
S01007519,Oil central heating,178,50,128,140,22,118,26,17,9,12,11,1
S01007519,Solid fuel (for example wood coal) central heating,47,7,40,38,1,37,7,4,3,2,2,0
S01007519,Other central heating,17,6,11,12,2,10,3,2,1,2,2,0
S01007519,Two or more types of central heating,27,7,20,21,2,19,5,4,1,1,1,0
S01007520,All people in households,978,234,744,781,79,702,135,96,39,62,59,3
S01007520,No central heating,40,9,31,35,6,29,3,1,2,2,2,0
S01007520,Gas central heating,621,148,473,492,51,441,92,63,29,37,34,3
S01007520,Electric (including storage heaters) central heating,63,25,38,42,8,34,16,12,4,5,5,0
S01007520,Oil central heating,178,28,150,156,7,149,14,13,1,8,8,0
S01007520,Solid fuel (for example wood coal) central heating,33,13,20,23,4,19,5,4,1,5,5,0
S01007520,Other central heating,2,0,2,1,0,1,1,0,1,0,0,0
S01007520,Two or more types of central heating,41,11,30,32,3,29,4,3,1,5,5,0
S01007521,All people in households,443,88,355,365,27,338,54,39,15,24,22,2
S01007521,No central heating,34,6,28,26,0,26,4,3,1,4,3,1
S01007521,Gas central heating,89,18,71,77,8,69,8,6,2,4,4,0
S01007521,Electric (including storage heaters) central heating,36,9,27,25,1,24,8,5,3,3,3,0
S01007521,Oil central heating,211,46,165,173,17,156,27,19,8,11,10,1
S01007521,Solid fuel (for example wood coal) central heating,32,2,30,31,1,30,1,1,0,0,0,0
S01007521,Other central heating,5,0,5,5,0,5,0,0,0,0,0,0
S01007521,Two or more types of central heating,36,7,29,28,0,28,6,5,1,2,2,0
S01007522,All people in households,940,221,719,754,74,680,147,110,37,39,37,2
S01007522,No central heating,19,3,16,17,2,15,2,1,1,0,0,0
S01007522,Gas central heating,607,132,475,488,42,446,93,65,28,26,25,1
S01007522,Electric (including storage heaters) central heating,130,46,84,96,18,78,28,23,5,6,5,1
S01007522,Oil central heating,121,23,98,106,9,97,12,11,1,3,3,0
S01007522,Solid fuel (for example wood coal) central heating,15,6,9,8,0,8,6,5,1,1,1,0
S01007522,Other central heating,5,0,5,4,0,4,1,0,1,0,0,0
S01007522,Two or more types of central heating,43,11,32,35,3,32,5,5,0,3,3,0
S01007523,All people in households,540,113,427,456,45,411,71,55,16,13,13,0
S01007523,No central heating,20,5,15,17,2,15,2,2,0,1,1,0
S01007523,Gas central heating,114,24,90,102,14,88,12,10,2,0,0,0
S01007523,Electric (including storage heaters) central heating,70,16,54,55,5,50,13,9,4,2,2,0
S01007523,Oil central heating,263,54,209,220,21,199,35,25,10,8,8,0
S01007523,Solid fuel (for example wood coal) central heating,20,6,14,15,1,14,4,4,0,1,1,0
S01007523,Other central heating,13,1,12,12,0,12,1,1,0,0,0,0
S01007523,Two or more types of central heating,40,7,33,35,2,33,4,4,0,1,1,0
S01007524,All people in households,897,166,731,753,56,697,102,71,31,42,39,3
S01007524,No central heating,28,13,15,16,3,13,10,8,2,2,2,0
S01007524,Gas central heating,324,59,265,270,19,251,35,23,12,19,17,2
S01007524,Electric (including storage heaters) central heating,104,22,82,88,10,78,13,9,4,3,3,0
S01007524,Oil central heating,324,53,271,283,19,264,30,24,6,11,10,1
S01007524,Solid fuel (for example wood coal) central heating,48,3,45,40,0,40,7,2,5,1,1,0
S01007524,Other central heating,11,5,6,7,1,6,0,0,0,4,4,0
S01007524,Two or more types of central heating,58,11,47,49,4,45,7,5,2,2,2,0
S01007525,All people in households,504,121,383,396,35,361,83,61,22,25,25,0
S01007525,No central heating,25,7,18,19,2,17,3,2,1,3,3,0
S01007525,Gas central heating,48,18,30,37,8,29,10,9,1,1,1,0
S01007525,Electric (including storage heaters) central heating,203,45,158,160,13,147,33,22,11,10,10,0
S01007525,Oil central heating,177,43,134,139,11,128,30,24,6,8,8,0
S01007525,Solid fuel (for example wood coal) central heating,17,2,15,15,0,15,1,1,0,1,1,0
S01007525,Other central heating,3,1,2,2,0,2,1,1,0,0,0,0
S01007525,Two or more types of central heating,31,5,26,24,1,23,5,2,3,2,2,0
S01007526,All people in households,734,198,536,564,64,500,118,82,36,52,52,0
S01007526,No central heating,15,1,14,12,0,12,3,1,2,0,0,0
S01007526,Gas central heating,552,143,409,432,48,384,83,58,25,37,37,0
S01007526,Electric (including storage heaters) central heating,109,38,71,78,11,67,21,17,4,10,10,0
S01007526,Oil central heating,22,2,20,19,0,19,2,1,1,1,1,0
S01007526,Solid fuel (for example wood coal) central heating,9,4,5,5,0,5,2,2,0,2,2,0
S01007526,Other central heating,1,1,0,1,1,0,0,0,0,0,0,0
S01007526,Two or more types of central heating,26,9,17,17,4,13,7,3,4,2,2,0
S01007527,All people in households,787,148,639,664,63,601,92,56,36,31,29,2
S01007527,No central heating,4,2,2,3,1,2,0,0,0,1,1,0
S01007527,Gas central heating,612,121,491,517,52,465,70,46,24,25,23,2
S01007527,Electric (including storage heaters) central heating,88,16,72,68,5,63,15,6,9,5,5,0
S01007527,Oil central heating,32,3,29,30,1,29,2,2,0,0,0,0
S01007527,Solid fuel (for example wood coal) central heating,16,3,13,13,2,11,3,1,2,0,0,0
S01007527,Other central heating,2,0,2,1,0,1,1,0,1,0,0,0
S01007527,Two or more types of central heating,33,3,30,32,2,30,1,1,0,0,0,0
S01007528,All people in households,735,140,595,605,44,561,112,79,33,18,17,1
S01007528,No central heating,16,3,13,13,0,13,3,3,0,0,0,0
S01007528,Gas central heating,494,105,389,400,35,365,82,59,23,12,11,1
S01007528,Electric (including storage heaters) central heating,143,21,122,119,7,112,20,10,10,4,4,0
S01007528,Oil central heating,27,2,25,26,1,25,1,1,0,0,0,0
S01007528,Solid fuel (for example wood coal) central heating,13,3,10,11,1,10,2,2,0,0,0,0
S01007528,Other central heating,1,1,0,0,0,0,0,0,0,1,1,0
S01007528,Two or more types of central heating,41,5,36,36,0,36,4,4,0,1,1,0
S01007529,All people in households,663,139,524,545,47,498,91,65,26,27,27,0
S01007529,No central heating,4,0,4,4,0,4,0,0,0,0,0,0
S01007529,Gas central heating,577,125,452,474,41,433,80,61,19,23,23,0
S01007529,Electric (including storage heaters) central heating,31,6,25,25,3,22,5,2,3,1,1,0
S01007529,Oil central heating,32,5,27,29,2,27,2,2,0,1,1,0
S01007529,Solid fuel (for example wood coal) central heating,4,0,4,3,0,3,1,0,1,0,0,0
S01007529,Other central heating,0,0,0,0,0,0,0,0,0,0,0,0
S01007529,Two or more types of central heating,15,3,12,10,1,9,3,0,3,2,2,0
S01007530,All people in households,524,101,423,454,46,408,59,44,15,11,11,0
S01007530,No central heating,26,5,21,22,2,20,3,2,1,1,1,0
S01007530,Gas central heating,127,21,106,105,5,100,20,14,6,2,2,0
S01007530,Electric (including storage heaters) central heating,51,11,40,45,5,40,5,5,0,1,1,0
S01007530,Oil central heating,266,53,213,235,28,207,24,18,6,7,7,0
S01007530,Solid fuel (for example wood coal) central heating,11,2,9,10,1,9,1,1,0,0,0,0
S01007530,Other central heating,6,3,3,4,1,3,2,2,0,0,0,0
S01007530,Two or more types of central heating,37,6,31,33,4,29,4,2,2,0,0,0
S01007531,All people in households,690,157,533,584,67,517,86,70,16,20,20,0
S01007531,No central heating,56,13,43,48,6,42,7,6,1,1,1,0
S01007531,Gas central heating,85,16,69,74,8,66,6,3,3,5,5,0
S01007531,Electric (including storage heaters) central heating,126,28,98,104,10,94,19,15,4,3,3,0
S01007531,Oil central heating,314,80,234,263,36,227,43,36,7,8,8,0
S01007531,Solid fuel (for example wood coal) central heating,27,4,23,24,1,23,2,2,0,1,1,0
S01007531,Other central heating,12,3,9,11,2,9,1,1,0,0,0,0
S01007531,Two or more types of central heating,70,13,57,60,4,56,8,7,1,2,2,0
S01007532,All people in households,597,115,482,499,39,460,75,54,21,23,22,1
S01007532,No central heating,10,1,9,10,1,9,0,0,0,0,0,0
S01007532,Gas central heating,222,46,176,184,16,168,29,21,8,9,9,0
S01007532,Electric (including storage heaters) central heating,66,9,57,58,4,54,7,4,3,1,1,0
S01007532,Oil central heating,215,45,170,178,16,162,31,23,8,6,6,0
S01007532,Solid fuel (for example wood coal) central heating,29,7,22,23,1,22,4,4,0,2,2,0
S01007532,Other central heating,9,2,7,7,0,7,0,0,0,2,2,0
S01007532,Two or more types of central heating,46,5,41,39,1,38,4,2,2,3,2,1
S01007533,All people in households,533,83,450,454,30,424,61,35,26,18,18,0
S01007533,No central heating,26,3,23,23,0,23,3,3,0,0,0,0
S01007533,Gas central heating,116,21,95,93,5,88,14,7,7,9,9,0
S01007533,Electric (including storage heaters) central heating,58,9,49,50,5,45,8,4,4,0,0,0
S01007533,Oil central heating,283,37,246,248,15,233,30,17,13,5,5,0
S01007533,Solid fuel (for example wood coal) central heating,8,3,5,5,1,4,1,0,1,2,2,0
S01007533,Other central heating,8,5,3,4,1,3,2,2,0,2,2,0
S01007533,Two or more types of central heating,34,5,29,31,3,28,3,2,1,0,0,0
S01007534,All people in households,939,199,740,779,75,704,114,81,33,46,43,3
S01007534,No central heating,9,2,7,7,0,7,1,1,0,1,1,0
S01007534,Gas central heating,819,165,654,689,65,624,93,66,27,37,34,3
S01007534,Electric (including storage heaters) central heating,64,22,42,45,6,39,14,11,3,5,5,0
S01007534,Oil central heating,34,4,30,31,2,29,2,1,1,1,1,0
S01007534,Solid fuel (for example wood coal) central heating,0,0,0,0,0,0,0,0,0,0,0,0
S01007534,Other central heating,5,1,4,3,0,3,2,1,1,0,0,0
S01007534,Two or more types of central heating,8,5,3,4,2,2,2,1,1,2,2,0
S01007535,All people in households,1058,254,804,820,69,751,182,131,51,56,54,2
S01007535,No central heating,4,2,2,4,2,2,0,0,0,0,0,0
S01007535,Gas central heating,859,188,671,680,50,630,134,95,39,45,43,2
S01007535,Electric (including storage heaters) central heating,137,46,91,96,13,83,33,25,8,8,8,0
S01007535,Oil central heating,37,11,26,28,2,26,7,7,0,2,2,0
S01007535,Solid fuel (for example wood coal) central heating,4,0,4,1,0,1,3,0,3,0,0,0
S01007535,Other central heating,0,0,0,0,0,0,0,0,0,0,0,0
S01007535,Two or more types of central heating,17,7,10,11,2,9,5,4,1,1,1,0
S01007536,All people in households,934,202,732,748,60,688,141,100,41,45,42,3
S01007536,No central heating,7,2,5,5,1,4,2,1,1,0,0,0
S01007536,Gas central heating,757,156,601,615,43,572,103,77,26,39,36,3
S01007536,Electric (including storage heaters) central heating,117,35,82,86,14,72,26,16,10,5,5,0
S01007536,Oil central heating,18,3,15,15,1,14,3,2,1,0,0,0
S01007536,Solid fuel (for example wood coal) central heating,6,2,4,3,1,2,2,0,2,1,1,0
S01007536,Other central heating,2,1,1,1,0,1,1,1,0,0,0,0
S01007536,Two or more types of central heating,27,3,24,23,0,23,4,3,1,0,0,0
S01007537,All people in households,1010,235,775,817,79,738,145,108,37,48,48,0
S01007537,No central heating,11,4,7,7,1,6,3,2,1,1,1,0
S01007537,Gas central heating,799,158,641,667,54,613,100,72,28,32,32,0
S01007537,Electric (including storage heaters) central heating,135,48,87,97,15,82,32,27,5,6,6,0
S01007537,Oil central heating,31,5,26,29,3,26,2,2,0,0,0,0
S01007537,Solid fuel (for example wood coal) central heating,3,3,0,1,1,0,0,0,0,2,2,0
S01007537,Other central heating,2,2,0,2,2,0,0,0,0,0,0,0
S01007537,Two or more types of central heating,29,15,14,14,3,11,8,5,3,7,7,0
S01007538,All people in households,892,146,746,779,57,722,75,51,24,38,38,0
S01007538,No central heating,18,8,10,11,3,8,4,2,2,3,3,0
S01007538,Gas central heating,252,38,214,222,16,206,21,13,8,9,9,0
S01007538,Electric (including storage heaters) central heating,94,27,67,76,9,67,14,14,0,4,4,0
S01007538,Oil central heating,404,59,345,357,23,334,27,16,11,20,20,0
S01007538,Solid fuel (for example wood coal) central heating,38,4,34,35,3,32,3,1,2,0,0,0
S01007538,Other central heating,12,0,12,12,0,12,0,0,0,0,0,0
S01007538,Two or more types of central heating,74,10,64,66,3,63,6,5,1,2,2,0
S01007539,All people in households,667,154,513,550,56,494,84,66,18,33,32,1
S01007539,No central heating,7,0,7,6,0,6,1,0,1,0,0,0
S01007539,Gas central heating,504,108,396,423,39,384,57,46,11,24,23,1
S01007539,Electric (including storage heaters) central heating,50,14,36,40,6,34,7,5,2,3,3,0
S01007539,Oil central heating,88,23,65,72,11,61,14,10,4,2,2,0
S01007539,Solid fuel (for example wood coal) central heating,0,0,0,0,0,0,0,0,0,0,0,0
S01007539,Other central heating,0,0,0,0,0,0,0,0,0,0,0,0
S01007539,Two or more types of central heating,18,9,9,9,0,9,5,5,0,4,4,0
S01007540,All people in households,837,225,612,619,56,563,154,107,47,64,62,2
S01007540,No central heating,8,2,6,5,0,5,3,2,1,0,0,0
S01007540,Gas central heating,601,148,453,463,41,422,93,64,29,45,43,2
S01007540,Electric (including storage heaters) central heating,173,66,107,107,14,93,50,36,14,16,16,0
S01007540,Oil central heating,35,8,27,25,0,25,7,5,2,3,3,0
S01007540,Solid fuel (for example wood coal) central heating,0,0,0,0,0,0,0,0,0,0,0,0
S01007540,Other central heating,3,0,3,3,0,3,0,0,0,0,0,0
S01007540,Two or more types of central heating,17,1,16,16,1,15,1,0,1,0,0,0
S01007541,All people in households,724,153,571,603,61,542,83,54,29,38,38,0
S01007541,No central heating,1,1,0,0,0,0,0,0,0,1,1,0
S01007541,Gas central heating,623,129,494,522,51,471,68,45,23,33,33,0
S01007541,Electric (including storage heaters) central heating,33,6,27,28,2,26,4,3,1,1,1,0
S01007541,Oil central heating,36,9,27,29,5,24,6,3,3,1,1,0
S01007541,Solid fuel (for example wood coal) central heating,7,2,5,6,1,5,0,0,0,1,1,0
S01007541,Other central heating,3,0,3,2,0,2,1,0,1,0,0,0
S01007541,Two or more types of central heating,21,6,15,16,2,14,4,3,1,1,1,0
S01007542,All people in households,866,159,707,712,49,663,112,69,43,42,41,1
S01007542,No central heating,9,4,5,2,0,2,4,2,2,3,2,1
S01007542,Gas central heating,744,122,622,628,38,590,84,52,32,32,32,0
S01007542,Electric (including storage heaters) central heating,67,20,47,48,7,41,14,8,6,5,5,0
S01007542,Oil central heating,22,7,15,17,3,14,4,3,1,1,1,0
S01007542,Solid fuel (for example wood coal) central heating,8,4,4,3,0,3,4,3,1,1,1,0
S01007542,Other central heating,0,0,0,0,0,0,0,0,0,0,0,0
S01007542,Two or more types of central heating,16,2,14,14,1,13,2,1,1,0,0,0
S01007543,All people in households,1078,198,880,871,50,821,143,86,57,64,62,2
S01007543,No central heating,16,5,11,14,3,11,1,1,0,1,1,0
S01007543,Gas central heating,786,136,650,644,36,608,94,54,40,48,46,2
S01007543,Electric (including storage heaters) central heating,202,47,155,153,9,144,37,26,11,12,12,0
S01007543,Oil central heating,51,7,44,43,2,41,6,3,3,2,2,0
S01007543,Solid fuel (for example wood coal) central heating,2,0,2,2,0,2,0,0,0,0,0,0
S01007543,Other central heating,1,0,1,1,0,1,0,0,0,0,0,0
S01007543,Two or more types of central heating,20,3,17,14,0,14,5,2,3,1,1,0
S01007544,All people in households,1047,232,815,871,88,783,140,109,31,36,35,1
S01007544,No central heating,36,8,28,33,6,27,2,1,1,1,1,0
S01007544,Gas central heating,133,32,101,109,11,98,20,17,3,4,4,0
S01007544,Electric (including storage heaters) central heating,105,32,73,78,10,68,17,13,4,10,9,1
S01007544,Oil central heating,648,129,519,546,47,499,83,63,20,19,19,0
S01007544,Solid fuel (for example wood coal) central heating,27,1,26,26,0,26,1,1,0,0,0,0
S01007544,Other central heating,28,8,20,21,2,19,6,5,1,1,1,0
S01007544,Two or more types of central heating,70,22,48,58,12,46,11,9,2,1,1,0
S01007545,All people in households,808,160,648,681,55,626,96,75,21,31,30,1
S01007545,No central heating,26,4,22,24,2,22,2,2,0,0,0,0
S01007545,Gas central heating,244,54,190,197,15,182,33,26,7,14,13,1
S01007545,Electric (including storage heaters) central heating,79,20,59,63,5,58,10,9,1,6,6,0
S01007545,Oil central heating,367,62,305,322,27,295,38,28,10,7,7,0
S01007545,Solid fuel (for example wood coal) central heating,32,5,27,28,3,25,4,2,2,0,0,0
S01007545,Other central heating,8,2,6,6,0,6,1,1,0,1,1,0
S01007545,Two or more types of central heating,52,13,39,41,3,38,8,7,1,3,3,0
S01007546,All people in households,565,95,470,474,26,448,72,50,22,19,19,0
S01007546,No central heating,11,2,9,9,0,9,2,2,0,0,0,0
S01007546,Gas central heating,269,39,230,221,6,215,37,22,15,11,11,0
S01007546,Electric (including storage heaters) central heating,43,9,34,36,2,34,5,5,0,2,2,0
S01007546,Oil central heating,162,26,136,140,10,130,18,12,6,4,4,0
S01007546,Solid fuel (for example wood coal) central heating,15,3,12,13,1,12,1,1,0,1,1,0
S01007546,Other central heating,20,6,14,16,2,14,3,3,0,1,1,0
S01007546,Two or more types of central heating,45,10,35,39,5,34,6,5,1,0,0,0
S01007547,All people in households,549,81,468,462,19,443,59,34,25,28,28,0
S01007547,No central heating,24,1,23,21,0,21,3,1,2,0,0,0
S01007547,Gas central heating,30,4,26,26,1,25,3,2,1,1,1,0
S01007547,Electric (including storage heaters) central heating,61,21,40,36,3,33,16,9,7,9,9,0
S01007547,Oil central heating,345,47,298,297,13,284,33,19,14,15,15,0
S01007547,Solid fuel (for example wood coal) central heating,22,3,19,21,2,19,0,0,0,1,1,0
S01007547,Other central heating,12,2,10,10,0,10,2,2,0,0,0,0
S01007547,Two or more types of central heating,55,3,52,51,0,51,2,1,1,2,2,0
S01007548,All people in households,703,145,558,582,45,537,93,72,21,28,28,0
S01007548,No central heating,22,1,21,22,1,21,0,0,0,0,0,0
S01007548,Gas central heating,44,16,28,33,6,27,11,10,1,0,0,0
S01007548,Electric (including storage heaters) central heating,230,45,185,184,7,177,34,26,8,12,12,0
S01007548,Oil central heating,323,59,264,277,23,254,35,25,10,11,11,0
S01007548,Solid fuel (for example wood coal) central heating,39,8,31,32,2,30,4,3,1,3,3,0
S01007548,Other central heating,5,3,2,4,2,2,1,1,0,0,0,0
S01007548,Two or more types of central heating,40,13,27,30,4,26,8,7,1,2,2,0
S01007549,All people in households,620,142,478,495,52,443,97,64,33,28,26,2
S01007549,No central heating,11,6,5,4,1,3,4,2,2,3,3,0
S01007549,Gas central heating,92,7,85,84,4,80,7,3,4,1,0,1
S01007549,Electric (including storage heaters) central heating,154,55,99,103,15,88,38,28,10,13,12,1
S01007549,Oil central heating,268,53,215,226,23,203,35,23,12,7,7,0
S01007549,Solid fuel (for example wood coal) central heating,22,6,16,15,2,13,5,2,3,2,2,0
S01007549,Other central heating,26,4,22,25,3,22,1,1,0,0,0,0
S01007549,Two or more types of central heating,47,11,36,38,4,34,7,5,2,2,2,0
S01007550,All people in households,915,262,653,696,76,620,157,124,33,62,62,0
S01007550,No central heating,33,13,20,20,2,18,10,8,2,3,3,0
S01007550,Gas central heating,59,18,41,46,7,39,7,5,2,6,6,0
S01007550,Electric (including storage heaters) central heating,236,73,163,174,19,155,39,31,8,23,23,0
S01007550,Oil central heating,436,111,325,344,33,311,77,63,14,15,15,0
S01007550,Solid fuel (for example wood coal) central heating,67,21,46,46,4,42,10,6,4,11,11,0
S01007550,Other central heating,15,5,10,11,2,9,4,3,1,0,0,0
S01007550,Two or more types of central heating,69,21,48,55,9,46,10,8,2,4,4,0
S01007551,All people in households,856,183,673,697,61,636,124,88,36,35,34,1
S01007551,No central heating,43,9,34,36,2,34,7,7,0,0,0,0
S01007551,Gas central heating,80,19,61,65,6,59,11,9,2,4,4,0
S01007551,Electric (including storage heaters) central heating,100,22,78,78,5,73,16,11,5,6,6,0
S01007551,Oil central heating,473,98,375,389,34,355,67,47,20,17,17,0
S01007551,Solid fuel (for example wood coal) central heating,83,13,70,71,7,64,9,3,6,3,3,0
S01007551,Other central heating,22,3,19,20,1,19,2,2,0,0,0,0
S01007551,Two or more types of central heating,55,19,36,38,6,32,12,9,3,5,4,1
S01007552,All people in households,913,215,698,705,43,662,137,103,34,71,69,2
S01007552,No central heating,13,0,13,13,0,13,0,0,0,0,0,0
S01007552,Gas central heating,741,180,561,564,33,531,117,89,28,60,58,2
S01007552,Electric (including storage heaters) central heating,43,10,33,31,1,30,7,4,3,5,5,0
S01007552,Oil central heating,54,11,43,47,5,42,5,4,1,2,2,0
S01007552,Solid fuel (for example wood coal) central heating,44,7,37,41,4,37,1,1,0,2,2,0
S01007552,Other central heating,0,0,0,0,0,0,0,0,0,0,0,0
S01007552,Two or more types of central heating,18,7,11,9,0,9,7,5,2,2,2,0
S01007553,All people in households,885,265,620,629,60,569,158,110,48,98,95,3
S01007553,No central heating,4,1,3,1,0,1,3,1,2,0,0,0
S01007553,Gas central heating,831,250,581,592,56,536,149,106,43,90,88,2
S01007553,Electric (including storage heaters) central heating,5,4,1,4,3,1,0,0,0,1,1,0
S01007553,Oil central heating,3,0,3,3,0,3,0,0,0,0,0,0
S01007553,Solid fuel (for example wood coal) central heating,25,6,19,18,0,18,3,2,1,4,4,0
S01007553,Other central heating,2,1,1,1,1,0,0,0,0,1,0,1
S01007553,Two or more types of central heating,15,3,12,10,0,10,3,1,2,2,2,0
S01007554,All people in households,435,154,281,291,30,261,80,60,20,64,64,0
S01007554,No central heating,0,0,0,0,0,0,0,0,0,0,0,0
S01007554,Gas central heating,384,131,253,256,23,233,70,50,20,58,58,0
S01007554,Electric (including storage heaters) central heating,7,3,4,6,2,4,1,1,0,0,0,0
S01007554,Oil central heating,6,2,4,5,1,4,1,1,0,0,0,0
S01007554,Solid fuel (for example wood coal) central heating,28,13,15,17,2,15,6,6,0,5,5,0
S01007554,Other central heating,3,1,2,3,1,2,0,0,0,0,0,0
S01007554,Two or more types of central heating,7,4,3,4,1,3,2,2,0,1,1,0
S01007555,All people in households,509,124,385,406,40,366,80,61,19,23,23,0
S01007555,No central heating,7,2,5,5,0,5,2,2,0,0,0,0
S01007555,Gas central heating,332,83,249,260,25,235,54,40,14,18,18,0
S01007555,Electric (including storage heaters) central heating,8,6,2,4,2,2,3,3,0,1,1,0
S01007555,Oil central heating,88,22,66,73,9,64,12,10,2,3,3,0
S01007555,Solid fuel (for example wood coal) central heating,39,4,35,34,1,33,5,3,2,0,0,0
S01007555,Other central heating,16,5,11,13,2,11,3,3,0,0,0,0
S01007555,Two or more types of central heating,19,2,17,17,1,16,1,0,1,1,1,0
S01007556,All people in households,456,115,341,347,27,320,73,53,20,36,35,1
S01007556,No central heating,5,3,2,4,2,2,1,1,0,0,0,0
S01007556,Gas central heating,376,89,287,283,16,267,64,45,19,29,28,1
S01007556,Electric (including storage heaters) central heating,52,20,32,38,7,31,7,6,1,7,7,0
S01007556,Oil central heating,21,2,19,20,1,19,1,1,0,0,0,0
S01007556,Solid fuel (for example wood coal) central heating,0,0,0,0,0,0,0,0,0,0,0,0
S01007556,Other central heating,0,0,0,0,0,0,0,0,0,0,0,0
S01007556,Two or more types of central heating,2,1,1,2,1,1,0,0,0,0,0,0
S01007557,All people in households,1131,283,848,869,69,800,177,133,44,85,81,4
S01007557,No central heating,2,2,0,0,0,0,0,0,0,2,2,0
S01007557,Gas central heating,1014,250,764,782,62,720,159,119,40,73,69,4
S01007557,Electric (including storage heaters) central heating,49,17,32,34,4,30,10,8,2,5,5,0
S01007557,Oil central heating,20,7,13,13,1,12,4,3,1,3,3,0
S01007557,Solid fuel (for example wood coal) central heating,28,3,25,25,0,25,2,2,0,1,1,0
S01007557,Other central heating,8,1,7,8,1,7,0,0,0,0,0,0
S01007557,Two or more types of central heating,10,3,7,7,1,6,2,1,1,1,1,0
S01007558,All people in households,427,97,330,333,25,308,65,44,21,29,28,1
S01007558,No central heating,13,5,8,4,0,4,8,4,4,1,1,0
S01007558,Gas central heating,63,16,47,47,4,43,11,7,4,5,5,0
S01007558,Electric (including storage heaters) central heating,22,4,18,17,0,17,3,2,1,2,2,0
S01007558,Oil central heating,258,49,209,217,18,199,30,20,10,11,11,0
S01007558,Solid fuel (for example wood coal) central heating,36,15,21,18,0,18,11,9,2,7,6,1
S01007558,Other central heating,7,2,5,6,1,5,0,0,0,1,1,0
S01007558,Two or more types of central heating,28,6,22,24,2,22,2,2,0,2,2,0
S01007559,All people in households,734,115,619,633,39,594,72,47,25,29,29,0
S01007559,No central heating,21,4,17,17,1,16,4,3,1,0,0,0
S01007559,Gas central heating,46,8,38,39,1,38,4,4,0,3,3,0
S01007559,Electric (including storage heaters) central heating,61,19,42,46,6,40,7,5,2,8,8,0
S01007559,Oil central heating,509,69,440,450,25,425,44,29,15,15,15,0
S01007559,Solid fuel (for example wood coal) central heating,44,6,38,37,4,33,5,0,5,2,2,0
S01007559,Other central heating,23,1,22,22,1,21,1,0,1,0,0,0
S01007559,Two or more types of central heating,30,8,22,22,1,21,7,6,1,1,1,0
S01007560,All people in households,940,235,705,746,75,671,145,112,33,49,48,1
S01007560,No central heating,10,1,9,8,0,8,2,1,1,0,0,0
S01007560,Gas central heating,190,43,147,150,8,142,27,23,4,13,12,1
S01007560,Electric (including storage heaters) central heating,123,60,63,70,16,54,41,32,9,12,12,0
S01007560,Oil central heating,510,104,406,431,39,392,62,48,14,17,17,0
S01007560,Solid fuel (for example wood coal) central heating,64,19,45,48,8,40,11,6,5,5,5,0
S01007560,Other central heating,17,4,13,16,3,13,1,1,0,0,0,0
S01007560,Two or more types of central heating,26,4,22,23,1,22,1,1,0,2,2,0
S01007561,All people in households,687,187,500,525,55,470,120,91,29,42,41,1
S01007561,No central heating,10,2,8,7,0,7,2,1,1,1,1,0
S01007561,Gas central heating,53,15,38,43,7,36,6,4,2,4,4,0
S01007561,Electric (including storage heaters) central heating,226,76,150,160,19,141,48,39,9,18,18,0
S01007561,Oil central heating,303,67,236,246,23,223,41,29,12,16,15,1
S01007561,Solid fuel (for example wood coal) central heating,37,10,27,27,2,25,9,7,2,1,1,0
S01007561,Other central heating,19,3,16,16,2,14,2,0,2,1,1,0
S01007561,Two or more types of central heating,39,14,25,26,2,24,12,11,1,1,1,0
S01007562,All people in households,851,151,700,714,56,658,97,58,39,40,37,3
S01007562,No central heating,45,9,36,38,4,34,6,4,2,1,1,0
S01007562,Gas central heating,61,13,48,48,4,44,10,6,4,3,3,0
S01007562,Electric (including storage heaters) central heating,179,52,127,134,15,119,30,22,8,15,15,0
S01007562,Oil central heating,428,56,372,379,25,354,41,24,17,8,7,1
S01007562,Solid fuel (for example wood coal) central heating,49,7,42,38,2,36,6,1,5,5,4,1
S01007562,Other central heating,30,5,25,27,2,25,1,1,0,2,2,0
S01007562,Two or more types of central heating,59,9,50,50,4,46,3,0,3,6,5,1
S01007563,All people in households,889,184,705,735,65,670,106,71,35,48,48,0
S01007563,No central heating,16,2,14,10,0,10,5,1,4,1,1,0
S01007563,Gas central heating,73,17,56,61,7,54,8,6,2,4,4,0
S01007563,Electric (including storage heaters) central heating,117,39,78,85,10,75,19,16,3,13,13,0
S01007563,Oil central heating,527,90,437,452,36,416,53,32,21,22,22,0
S01007563,Solid fuel (for example wood coal) central heating,59,12,47,49,4,45,9,7,2,1,1,0
S01007563,Other central heating,15,4,11,13,2,11,1,1,0,1,1,0
S01007563,Two or more types of central heating,82,20,62,65,6,59,11,8,3,6,6,0
S01007564,All people in households,772,186,586,622,56,566,103,83,20,47,47,0
S01007564,No central heating,19,4,15,13,2,11,6,2,4,0,0,0
S01007564,Gas central heating,94,30,64,73,11,62,12,10,2,9,9,0
S01007564,Electric (including storage heaters) central heating,74,25,49,51,6,45,14,10,4,9,9,0
S01007564,Oil central heating,450,88,362,383,27,356,49,43,6,18,18,0
S01007564,Solid fuel (for example wood coal) central heating,60,21,39,42,5,37,12,10,2,6,6,0
S01007564,Other central heating,17,5,12,13,1,12,4,4,0,0,0,0
S01007564,Two or more types of central heating,58,13,45,47,4,43,6,4,2,5,5,0
S01007565,All people in households,943,193,750,772,66,706,120,77,43,51,50,1
S01007565,No central heating,30,6,24,24,0,24,6,6,0,0,0,0
S01007565,Gas central heating,110,23,87,95,11,84,8,5,3,7,7,0
S01007565,Electric (including storage heaters) central heating,135,41,94,95,13,82,28,16,12,12,12,0
S01007565,Oil central heating,512,88,424,431,31,400,61,37,24,20,20,0
S01007565,Solid fuel (for example wood coal) central heating,89,22,67,70,6,64,11,9,2,8,7,1
S01007565,Other central heating,15,4,11,13,2,11,1,1,0,1,1,0
S01007565,Two or more types of central heating,52,9,43,44,3,41,5,3,2,3,3,0
S01007566,All people in households,719,97,622,623,27,596,65,40,25,31,30,1
S01007566,No central heating,28,2,26,26,0,26,1,1,0,1,1,0
S01007566,Gas central heating,61,12,49,46,0,46,8,5,3,7,7,0
S01007566,Electric (including storage heaters) central heating,68,14,54,55,6,49,12,7,5,1,1,0
S01007566,Oil central heating,403,43,360,366,16,350,27,17,10,10,10,0
S01007566,Solid fuel (for example wood coal) central heating,83,12,71,68,2,66,7,3,4,8,7,1
S01007566,Other central heating,13,0,13,13,0,13,0,0,0,0,0,0
S01007566,Two or more types of central heating,63,14,49,49,3,46,10,7,3,4,4,0
S01007567,All people in households,588,78,510,521,36,485,48,24,24,19,18,1
S01007567,No central heating,15,1,14,13,0,13,1,0,1,1,1,0
S01007567,Gas central heating,65,14,51,54,5,49,8,6,2,3,3,0
S01007567,Electric (including storage heaters) central heating,50,6,44,43,2,41,4,2,2,3,2,1
S01007567,Oil central heating,390,49,341,351,27,324,30,13,17,9,9,0
S01007567,Solid fuel (for example wood coal) central heating,22,1,21,20,0,20,1,0,1,1,1,0
S01007567,Other central heating,5,0,5,5,0,5,0,0,0,0,0,0
S01007567,Two or more types of central heating,41,7,34,35,2,33,4,3,1,2,2,0
S01007568,All people in households,657,119,538,560,38,522,71,56,15,26,25,1
S01007568,No central heating,10,1,9,10,1,9,0,0,0,0,0,0
S01007568,Gas central heating,109,22,87,96,12,84,9,6,3,4,4,0
S01007568,Electric (including storage heaters) central heating,61,17,44,46,5,41,11,9,2,4,3,1
S01007568,Oil central heating,377,58,319,324,13,311,42,34,8,11,11,0
S01007568,Solid fuel (for example wood coal) central heating,45,12,33,35,4,31,6,4,2,4,4,0
S01007568,Other central heating,16,3,13,15,2,13,0,0,0,1,1,0
S01007568,Two or more types of central heating,39,6,33,34,1,33,3,3,0,2,2,0
S01007569,All people in households,781,168,613,635,56,579,109,75,34,37,37,0
S01007569,No central heating,23,14,9,11,4,7,11,9,2,1,1,0
S01007569,Gas central heating,130,37,93,96,9,87,25,19,6,9,9,0
S01007569,Electric (including storage heaters) central heating,89,25,64,65,5,60,18,14,4,6,6,0
S01007569,Oil central heating,406,66,340,349,25,324,43,27,16,14,14,0
S01007569,Solid fuel (for example wood coal) central heating,35,7,28,30,4,26,4,2,2,1,1,0
S01007569,Other central heating,22,6,16,17,2,15,2,1,1,3,3,0
S01007569,Two or more types of central heating,76,13,63,67,7,60,6,3,3,3,3,0
S01007570,All people in households,680,125,555,561,36,525,92,62,30,27,27,0
S01007570,No central heating,4,0,4,4,0,4,0,0,0,0,0,0
S01007570,Gas central heating,352,65,287,287,17,270,44,27,17,21,21,0
S01007570,Electric (including storage heaters) central heating,41,7,34,35,2,33,6,5,1,0,0,0
S01007570,Oil central heating,222,37,185,189,12,177,30,22,8,3,3,0
S01007570,Solid fuel (for example wood coal) central heating,23,2,21,19,1,18,4,1,3,0,0,0
S01007570,Other central heating,18,5,13,14,2,12,2,1,1,2,2,0
S01007570,Two or more types of central heating,20,9,11,13,2,11,6,6,0,1,1,0
S01007571,All people in households,539,105,434,440,35,405,77,49,28,22,21,1
S01007571,No central heating,10,4,6,5,0,5,3,2,1,2,2,0
S01007571,Gas central heating,47,15,32,38,6,32,6,6,0,3,3,0
S01007571,Electric (including storage heaters) central heating,74,16,58,58,5,53,11,7,4,5,4,1
S01007571,Oil central heating,343,52,291,290,16,274,44,27,17,9,9,0
S01007571,Solid fuel (for example wood coal) central heating,18,7,11,13,3,10,4,3,1,1,1,0
S01007571,Other central heating,14,1,13,14,1,13,0,0,0,0,0,0
S01007571,Two or more types of central heating,33,10,23,22,4,18,9,4,5,2,2,0
S01007572,All people in households,882,162,720,758,65,693,82,56,26,42,41,1
S01007572,No central heating,5,1,4,4,0,4,0,0,0,1,1,0
S01007572,Gas central heating,559,106,453,477,43,434,55,36,19,27,27,0
S01007572,Electric (including storage heaters) central heating,67,15,52,57,8,49,8,6,2,2,1,1
S01007572,Oil central heating,190,31,159,168,11,157,12,10,2,10,10,0
S01007572,Solid fuel (for example wood coal) central heating,7,3,4,4,1,3,2,1,1,1,1,0
S01007572,Other central heating,33,5,28,29,2,27,4,3,1,0,0,0
S01007572,Two or more types of central heating,21,1,20,19,0,19,1,0,1,1,1,0
S01007573,All people in households,895,64,831,828,23,805,51,25,26,16,16,0
S01007573,No central heating,1,1,0,0,0,0,0,0,0,1,1,0
S01007573,Gas central heating,855,61,794,793,23,770,47,23,24,15,15,0
S01007573,Electric (including storage heaters) central heating,8,0,8,7,0,7,1,0,1,0,0,0
S01007573,Oil central heating,17,1,16,16,0,16,1,1,0,0,0,0
S01007573,Solid fuel (for example wood coal) central heating,0,0,0,0,0,0,0,0,0,0,0,0
S01007573,Other central heating,0,0,0,0,0,0,0,0,0,0,0,0
S01007573,Two or more types of central heating,14,1,13,12,0,12,2,1,1,0,0,0
S01007574,All people in households,1023,215,808,801,49,752,164,108,56,58,58,0
S01007574,No central heating,20,3,17,16,0,16,3,2,1,1,1,0
S01007574,Gas central heating,773,161,612,606,39,567,127,82,45,40,40,0
S01007574,Electric (including storage heaters) central heating,175,41,134,132,8,124,30,20,10,13,13,0
S01007574,Oil central heating,18,4,14,14,0,14,2,2,0,2,2,0
S01007574,Solid fuel (for example wood coal) central heating,6,0,6,6,0,6,0,0,0,0,0,0
S01007574,Other central heating,4,2,2,2,0,2,1,1,0,1,1,0
S01007574,Two or more types of central heating,27,4,23,25,2,23,1,1,0,1,1,0
S01007575,All people in households,854,214,640,633,56,577,157,99,58,64,59,5
S01007575,No central heating,13,5,8,7,1,6,3,1,2,3,3,0
S01007575,Gas central heating,654,161,493,492,44,448,120,79,41,42,38,4
S01007575,Electric (including storage heaters) central heating,137,34,103,97,8,89,26,12,14,14,14,0
S01007575,Oil central heating,15,5,10,10,0,10,3,3,0,2,2,0
S01007575,Solid fuel (for example wood coal) central heating,5,3,2,4,2,2,0,0,0,1,1,0
S01007575,Other central heating,1,0,1,1,0,1,0,0,0,0,0,0
S01007575,Two or more types of central heating,29,6,23,22,1,21,5,4,1,2,1,1
S01007576,All people in households,718,175,543,528,42,486,124,67,57,66,66,0
S01007576,No central heating,13,3,10,10,1,9,3,2,1,0,0,0
S01007576,Gas central heating,614,148,466,453,32,421,101,56,45,60,60,0
S01007576,Electric (including storage heaters) central heating,41,13,28,26,5,21,12,5,7,3,3,0
S01007576,Oil central heating,9,1,8,8,0,8,1,1,0,0,0,0
S01007576,Solid fuel (for example wood coal) central heating,2,0,2,2,0,2,0,0,0,0,0,0
S01007576,Other central heating,0,0,0,0,0,0,0,0,0,0,0,0
S01007576,Two or more types of central heating,39,10,29,29,4,25,7,3,4,3,3,0
S01007577,All people in households,688,170,518,530,43,487,101,70,31,57,57,0
S01007577,No central heating,9,1,8,9,1,8,0,0,0,0,0,0
S01007577,Gas central heating,609,151,458,467,38,429,91,62,29,51,51,0
S01007577,Electric (including storage heaters) central heating,28,10,18,18,1,17,5,4,1,5,5,0
S01007577,Oil central heating,13,1,12,13,1,12,0,0,0,0,0,0
S01007577,Solid fuel (for example wood coal) central heating,6,1,5,4,0,4,2,1,1,0,0,0
S01007577,Other central heating,0,0,0,0,0,0,0,0,0,0,0,0
S01007577,Two or more types of central heating,23,6,17,19,2,17,3,3,0,1,1,0
S01007578,All people in households,692,159,533,524,36,488,107,62,45,61,61,0
S01007578,No central heating,6,2,4,4,0,4,1,1,0,1,1,0
S01007578,Gas central heating,581,134,447,441,31,410,87,50,37,53,53,0
S01007578,Electric (including storage heaters) central heating,57,12,45,44,3,41,8,4,4,5,5,0
S01007578,Oil central heating,15,3,12,13,1,12,1,1,0,1,1,0
S01007578,Solid fuel (for example wood coal) central heating,9,1,8,6,0,6,3,1,2,0,0,0
S01007578,Other central heating,0,0,0,0,0,0,0,0,0,0,0,0
S01007578,Two or more types of central heating,24,7,17,16,1,15,7,5,2,1,1,0
S01007579,All people in households,663,120,543,527,30,497,91,51,40,45,39,6
S01007579,No central heating,13,0,13,11,0,11,2,0,2,0,0,0
S01007579,Gas central heating,562,104,458,445,26,419,77,44,33,40,34,6
S01007579,Electric (including storage heaters) central heating,60,11,49,50,3,47,8,6,2,2,2,0
S01007579,Oil central heating,14,1,13,13,1,12,1,0,1,0,0,0
S01007579,Solid fuel (for example wood coal) central heating,0,0,0,0,0,0,0,0,0,0,0,0
S01007579,Other central heating,4,1,3,3,0,3,0,0,0,1,1,0
S01007579,Two or more types of central heating,10,3,7,5,0,5,3,1,2,2,2,0
S01007580,All people in households,809,157,652,666,50,616,102,68,34,41,39,2
S01007580,No central heating,10,2,8,10,2,8,0,0,0,0,0,0
S01007580,Gas central heating,717,132,585,596,43,553,87,57,30,34,32,2
S01007580,Electric (including storage heaters) central heating,34,14,20,18,2,16,12,8,4,4,4,0
S01007580,Oil central heating,31,5,26,28,2,26,2,2,0,1,1,0
S01007580,Solid fuel (for example wood coal) central heating,4,0,4,4,0,4,0,0,0,0,0,0
S01007580,Other central heating,2,0,2,2,0,2,0,0,0,0,0,0
S01007580,Two or more types of central heating,11,4,7,8,1,7,1,1,0,2,2,0
S01007581,All people in households,509,113,396,410,34,376,66,46,20,33,33,0
S01007581,No central heating,2,0,2,2,0,2,0,0,0,0,0,0
S01007581,Gas central heating,436,90,346,359,26,333,48,35,13,29,29,0
S01007581,Electric (including storage heaters) central heating,42,12,30,26,2,24,14,8,6,2,2,0
S01007581,Oil central heating,18,9,9,13,5,8,3,2,1,2,2,0
S01007581,Solid fuel (for example wood coal) central heating,0,0,0,0,0,0,0,0,0,0,0,0
S01007581,Other central heating,1,1,0,1,1,0,0,0,0,0,0,0
S01007581,Two or more types of central heating,10,1,9,9,0,9,1,1,0,0,0,0
S01007582,All people in households,660,141,519,520,33,487,100,68,32,40,40,0
S01007582,No central heating,13,4,9,9,1,8,3,2,1,1,1,0
S01007582,Gas central heating,554,110,444,442,24,418,75,49,26,37,37,0
S01007582,Electric (including storage heaters) central heating,67,21,46,48,6,42,18,14,4,1,1,0
S01007582,Oil central heating,4,2,2,2,0,2,1,1,0,1,1,0
S01007582,Solid fuel (for example wood coal) central heating,1,0,1,1,0,1,0,0,0,0,0,0
S01007582,Other central heating,0,0,0,0,0,0,0,0,0,0,0,0
S01007582,Two or more types of central heating,21,4,17,18,2,16,3,2,1,0,0,0
S01007583,All people in households,1048,250,798,802,57,745,145,97,48,101,96,5
S01007583,No central heating,17,3,14,14,0,14,2,2,0,1,1,0
S01007583,Gas central heating,929,226,703,710,54,656,129,86,43,90,86,4
S01007583,Electric (including storage heaters) central heating,38,10,28,26,1,25,7,4,3,5,5,0
S01007583,Oil central heating,13,0,13,12,0,12,0,0,0,1,0,1
S01007583,Solid fuel (for example wood coal) central heating,8,1,7,7,0,7,0,0,0,1,1,0
S01007583,Other central heating,2,1,1,1,1,0,1,0,1,0,0,0
S01007583,Two or more types of central heating,41,9,32,32,1,31,6,5,1,3,3,0
S01007584,All people in households,624,126,498,503,30,473,80,56,24,41,40,1
S01007584,No central heating,4,2,2,3,1,2,0,0,0,1,1,0
S01007584,Gas central heating,521,88,433,434,22,412,57,36,21,30,30,0
S01007584,Electric (including storage heaters) central heating,56,24,32,34,4,30,15,14,1,7,6,1
S01007584,Oil central heating,12,0,12,12,0,12,0,0,0,0,0,0
S01007584,Solid fuel (for example wood coal) central heating,11,2,9,8,0,8,3,2,1,0,0,0
S01007584,Other central heating,4,1,3,3,0,3,0,0,0,1,1,0
S01007584,Two or more types of central heating,16,9,7,9,3,6,5,4,1,2,2,0
S01007585,All people in households,906,232,674,733,91,642,140,108,32,33,33,0
S01007585,No central heating,8,3,5,6,1,5,0,0,0,2,2,0
S01007585,Gas central heating,818,204,614,662,78,584,128,98,30,28,28,0
S01007585,Electric (including storage heaters) central heating,40,12,28,34,6,28,5,5,0,1,1,0
S01007585,Oil central heating,25,6,19,21,4,17,4,2,2,0,0,0
S01007585,Solid fuel (for example wood coal) central heating,2,0,2,2,0,2,0,0,0,0,0,0
S01007585,Other central heating,2,2,0,0,0,0,1,1,0,1,1,0
S01007585,Two or more types of central heating,11,5,6,8,2,6,2,2,0,1,1,0
S01007586,All people in households,858,174,684,684,45,639,106,62,44,68,67,1
S01007586,No central heating,6,2,4,5,1,4,0,0,0,1,1,0
S01007586,Gas central heating,695,136,559,550,32,518,98,57,41,47,47,0
S01007586,Electric (including storage heaters) central heating,117,27,90,98,11,87,5,3,2,14,13,1
S01007586,Oil central heating,8,4,4,5,1,4,0,0,0,3,3,0
S01007586,Solid fuel (for example wood coal) central heating,0,0,0,0,0,0,0,0,0,0,0,0
S01007586,Other central heating,5,0,5,5,0,5,0,0,0,0,0,0
S01007586,Two or more types of central heating,27,5,22,21,0,21,3,2,1,3,3,0
S01007587,All people in households,623,111,512,530,45,485,65,40,25,28,26,2
S01007587,No central heating,5,0,5,5,0,5,0,0,0,0,0,0
S01007587,Gas central heating,520,78,442,455,35,420,49,28,21,16,15,1
S01007587,Electric (including storage heaters) central heating,70,23,47,50,8,42,13,9,4,7,6,1
S01007587,Oil central heating,17,4,13,14,1,13,1,1,0,2,2,0
S01007587,Solid fuel (for example wood coal) central heating,0,0,0,0,0,0,0,0,0,0,0,0
S01007587,Other central heating,2,2,0,0,0,0,0,0,0,2,2,0
S01007587,Two or more types of central heating,9,4,5,6,1,5,2,2,0,1,1,0
S01007588,All people in households,844,132,712,732,55,677,83,48,35,29,29,0
S01007588,No central heating,3,1,2,2,0,2,1,1,0,0,0,0
S01007588,Gas central heating,753,115,638,662,49,613,65,40,25,26,26,0
S01007588,Electric (including storage heaters) central heating,39,9,30,27,1,26,9,5,4,3,3,0
S01007588,Oil central heating,31,7,24,24,5,19,7,2,5,0,0,0
S01007588,Solid fuel (for example wood coal) central heating,4,0,4,4,0,4,0,0,0,0,0,0
S01007588,Other central heating,0,0,0,0,0,0,0,0,0,0,0,0
S01007588,Two or more types of central heating,14,0,14,13,0,13,1,0,1,0,0,0
S01007589,All people in households,751,151,600,627,54,573,95,69,26,29,28,1
S01007589,No central heating,5,0,5,5,0,5,0,0,0,0,0,0
S01007589,Gas central heating,622,119,503,522,42,480,75,53,22,25,24,1
S01007589,Electric (including storage heaters) central heating,89,25,64,71,11,60,15,11,4,3,3,0
S01007589,Oil central heating,10,2,8,9,1,8,1,1,0,0,0,0
S01007589,Solid fuel (for example wood coal) central heating,3,0,3,3,0,3,0,0,0,0,0,0
S01007589,Other central heating,0,0,0,0,0,0,0,0,0,0,0,0
S01007589,Two or more types of central heating,22,5,17,17,0,17,4,4,0,1,1,0
S01007590,All people in households,661,117,544,569,46,523,74,53,21,18,18,0
S01007590,No central heating,1,0,1,1,0,1,0,0,0,0,0,0
S01007590,Gas central heating,609,109,500,520,40,480,72,52,20,17,17,0
S01007590,Electric (including storage heaters) central heating,20,5,15,18,4,14,2,1,1,0,0,0
S01007590,Oil central heating,27,2,25,26,1,25,0,0,0,1,1,0
S01007590,Solid fuel (for example wood coal) central heating,2,0,2,2,0,2,0,0,0,0,0,0
S01007590,Other central heating,0,0,0,0,0,0,0,0,0,0,0,0
S01007590,Two or more types of central heating,2,1,1,2,1,1,0,0,0,0,0,0
S01007591,All people in households,574,104,470,477,31,446,73,50,23,24,23,1
S01007591,No central heating,10,6,4,6,2,4,1,1,0,3,3,0
S01007591,Gas central heating,521,86,435,439,24,415,62,43,19,20,19,1
S01007591,Electric (including storage heaters) central heating,24,9,15,16,3,13,7,5,2,1,1,0
S01007591,Oil central heating,3,0,3,3,0,3,0,0,0,0,0,0
S01007591,Solid fuel (for example wood coal) central heating,0,0,0,0,0,0,0,0,0,0,0,0
S01007591,Other central heating,5,0,5,5,0,5,0,0,0,0,0,0
S01007591,Two or more types of central heating,11,3,8,8,2,6,3,1,2,0,0,0
S01007592,All people in households,694,178,516,534,50,484,111,82,29,49,46,3
S01007592,No central heating,14,2,12,9,0,9,2,0,2,3,2,1
S01007592,Gas central heating,438,107,331,346,32,314,66,51,15,26,24,2
S01007592,Electric (including storage heaters) central heating,210,60,150,154,16,138,38,26,12,18,18,0
S01007592,Oil central heating,5,1,4,4,0,4,1,1,0,0,0,0
S01007592,Solid fuel (for example wood coal) central heating,5,2,3,4,1,3,1,1,0,0,0,0
S01007592,Other central heating,0,0,0,0,0,0,0,0,0,0,0,0
S01007592,Two or more types of central heating,22,6,16,17,1,16,3,3,0,2,2,0
S01007593,All people in households,1047,229,818,850,67,783,133,98,35,64,64,0
S01007593,No central heating,6,3,3,3,0,3,2,2,0,1,1,0
S01007593,Gas central heating,845,181,664,688,54,634,106,76,30,51,51,0
S01007593,Electric (including storage heaters) central heating,59,26,33,40,9,31,13,11,2,6,6,0
S01007593,Oil central heating,95,15,80,81,4,77,11,8,3,3,3,0
S01007593,Solid fuel (for example wood coal) central heating,10,0,10,10,0,10,0,0,0,0,0,0
S01007593,Other central heating,6,0,6,6,0,6,0,0,0,0,0,0
S01007593,Two or more types of central heating,26,4,22,22,0,22,1,1,0,3,3,0
S01007594,All people in households,799,144,655,676,49,627,87,60,27,36,35,1
S01007594,No central heating,14,4,10,11,1,10,3,3,0,0,0,0
S01007594,Gas central heating,501,86,415,428,28,400,53,38,15,20,20,0
S01007594,Electric (including storage heaters) central heating,49,9,40,43,5,38,3,1,2,3,3,0
S01007594,Oil central heating,166,29,137,138,9,129,19,12,7,9,8,1
S01007594,Solid fuel (for example wood coal) central heating,27,9,18,21,4,17,3,2,1,3,3,0
S01007594,Other central heating,10,2,8,9,2,7,1,0,1,0,0,0
S01007594,Two or more types of central heating,32,5,27,26,0,26,5,4,1,1,1,0
S01007595,All people in households,977,180,797,815,60,755,114,72,42,48,48,0
S01007595,No central heating,29,6,23,25,2,23,4,4,0,0,0,0
S01007595,Gas central heating,81,15,66,69,9,60,10,4,6,2,2,0
S01007595,Electric (including storage heaters) central heating,160,46,114,115,9,106,29,21,8,16,16,0
S01007595,Oil central heating,548,82,466,473,32,441,54,29,25,21,21,0
S01007595,Solid fuel (for example wood coal) central heating,57,9,48,49,1,48,2,2,0,6,6,0
S01007595,Other central heating,39,9,30,32,2,30,6,6,0,1,1,0
S01007595,Two or more types of central heating,63,13,50,52,5,47,9,6,3,2,2,0
S01007596,All people in households,550,161,389,416,48,368,87,66,21,47,47,0
S01007596,No central heating,41,11,30,28,1,27,9,6,3,4,4,0
S01007596,Gas central heating,73,18,55,59,6,53,10,8,2,4,4,0
S01007596,Electric (including storage heaters) central heating,79,30,49,55,8,47,16,14,2,8,8,0
S01007596,Oil central heating,305,86,219,237,28,209,43,33,10,25,25,0
S01007596,Solid fuel (for example wood coal) central heating,26,6,20,19,2,17,4,1,3,3,3,0
S01007596,Other central heating,6,3,3,3,0,3,2,2,0,1,1,0
S01007596,Two or more types of central heating,20,7,13,15,3,12,3,2,1,2,2,0
S01007597,All people in households,646,111,535,561,42,519,64,48,16,21,21,0
S01007597,No central heating,5,0,5,5,0,5,0,0,0,0,0,0
S01007597,Gas central heating,103,25,78,86,11,75,9,6,3,8,8,0
S01007597,Electric (including storage heaters) central heating,71,25,46,56,11,45,10,9,1,5,5,0
S01007597,Oil central heating,382,48,334,341,15,326,35,27,8,6,6,0
S01007597,Solid fuel (for example wood coal) central heating,20,1,19,19,0,19,0,0,0,1,1,0
S01007597,Other central heating,28,5,23,26,3,23,2,2,0,0,0,0
S01007597,Two or more types of central heating,37,7,30,28,2,26,8,4,4,1,1,0
S01007598,All people in households,627,113,514,524,37,487,79,52,27,24,24,0
S01007598,No central heating,17,2,15,14,0,14,3,2,1,0,0,0
S01007598,Gas central heating,67,14,53,55,5,50,7,4,3,5,5,0
S01007598,Electric (including storage heaters) central heating,91,23,68,68,6,62,16,10,6,7,7,0
S01007598,Oil central heating,381,61,320,330,23,307,40,27,13,11,11,0
S01007598,Solid fuel (for example wood coal) central heating,25,4,21,21,1,20,4,3,1,0,0,0
S01007598,Other central heating,14,3,11,11,2,9,3,1,2,0,0,0
S01007598,Two or more types of central heating,32,6,26,25,0,25,6,5,1,1,1,0
S01007599,All people in households,808,160,648,646,40,606,109,71,38,53,49,4
S01007599,No central heating,9,1,8,9,1,8,0,0,0,0,0,0
S01007599,Gas central heating,465,85,380,383,27,356,52,32,20,30,26,4
S01007599,Electric (including storage heaters) central heating,134,41,93,92,5,87,27,21,6,15,15,0
S01007599,Oil central heating,118,15,103,99,2,97,14,8,6,5,5,0
S01007599,Solid fuel (for example wood coal) central heating,52,9,43,41,2,39,9,5,4,2,2,0
S01007599,Other central heating,2,0,2,2,0,2,0,0,0,0,0,0
S01007599,Two or more types of central heating,28,9,19,20,3,17,7,5,2,1,1,0
S01007600,All people in households,1037,230,807,828,71,757,143,98,45,66,61,5
S01007600,No central heating,20,5,15,15,2,13,2,0,2,3,3,0
S01007600,Gas central heating,756,126,630,640,40,600,87,58,29,29,28,1
S01007600,Electric (including storage heaters) central heating,209,88,121,130,24,106,49,38,11,30,26,4
S01007600,Oil central heating,22,4,18,20,2,18,1,1,0,1,1,0
S01007600,Solid fuel (for example wood coal) central heating,2,2,0,0,0,0,1,1,0,1,1,0
S01007600,Other central heating,7,2,5,7,2,5,0,0,0,0,0,0
S01007600,Two or more types of central heating,21,3,18,16,1,15,3,0,3,2,2,0
S01007601,All people in households,631,78,553,559,24,535,52,34,18,20,20,0
S01007601,No central heating,34,3,31,29,0,29,4,2,2,1,1,0
S01007601,Gas central heating,421,40,381,383,13,370,27,16,11,11,11,0
S01007601,Electric (including storage heaters) central heating,147,29,118,123,8,115,17,14,3,7,7,0
S01007601,Oil central heating,14,3,11,12,2,10,2,1,1,0,0,0
S01007601,Solid fuel (for example wood coal) central heating,0,0,0,0,0,0,0,0,0,0,0,0
S01007601,Other central heating,1,1,0,0,0,0,0,0,0,1,1,0
S01007601,Two or more types of central heating,14,2,12,12,1,11,2,1,1,0,0,0
S01007602,All people in households,650,81,569,580,33,547,56,34,22,14,14,0
S01007602,No central heating,26,3,23,22,0,22,3,2,1,1,1,0
S01007602,Gas central heating,544,65,479,494,28,466,39,26,13,11,11,0
S01007602,Electric (including storage heaters) central heating,38,8,30,29,3,26,8,4,4,1,1,0
S01007602,Oil central heating,24,5,19,19,2,17,4,2,2,1,1,0
S01007602,Solid fuel (for example wood coal) central heating,6,0,6,5,0,5,1,0,1,0,0,0
S01007602,Other central heating,0,0,0,0,0,0,0,0,0,0,0,0
S01007602,Two or more types of central heating,12,0,12,11,0,11,1,0,1,0,0,0
S01007603,All people in households,778,79,699,707,25,682,58,41,17,13,13,0
S01007603,No central heating,8,1,7,6,0,6,2,1,1,0,0,0
S01007603,Gas central heating,691,66,625,631,22,609,50,34,16,10,10,0
S01007603,Electric (including storage heaters) central heating,29,5,24,26,2,24,2,2,0,1,1,0
S01007603,Oil central heating,38,4,34,35,1,34,2,2,0,1,1,0
S01007603,Solid fuel (for example wood coal) central heating,2,1,1,1,0,1,0,0,0,1,1,0
S01007603,Other central heating,2,0,2,2,0,2,0,0,0,0,0,0
S01007603,Two or more types of central heating,8,2,6,6,0,6,2,2,0,0,0,0
S01007604,All people in households,891,150,741,774,56,718,80,58,22,37,36,1
S01007604,No central heating,3,2,1,0,0,0,1,0,1,2,2,0
S01007604,Gas central heating,752,131,621,656,51,605,65,50,15,31,30,1
S01007604,Electric (including storage heaters) central heating,89,13,76,74,4,70,11,5,6,4,4,0
S01007604,Oil central heating,24,2,22,23,1,22,1,1,0,0,0,0
S01007604,Solid fuel (for example wood coal) central heating,6,1,5,5,0,5,1,1,0,0,0,0
S01007604,Other central heating,0,0,0,0,0,0,0,0,0,0,0,0
S01007604,Two or more types of central heating,17,1,16,16,0,16,1,1,0,0,0,0
S01007605,All people in households,828,130,698,711,43,668,89,60,29,28,27,1
S01007605,No central heating,6,0,6,6,0,6,0,0,0,0,0,0
S01007605,Gas central heating,670,103,567,586,37,549,62,45,17,22,21,1
S01007605,Electric (including storage heaters) central heating,122,21,101,94,4,90,23,12,11,5,5,0
S01007605,Oil central heating,23,5,18,20,2,18,2,2,0,1,1,0
S01007605,Solid fuel (for example wood coal) central heating,0,0,0,0,0,0,0,0,0,0,0,0
S01007605,Other central heating,0,0,0,0,0,0,0,0,0,0,0,0
S01007605,Two or more types of central heating,7,1,6,5,0,5,2,1,1,0,0,0
S01007606,All people in households,614,122,492,520,55,465,69,44,25,25,23,2
S01007606,No central heating,10,2,8,9,1,8,1,1,0,0,0,0
S01007606,Gas central heating,498,95,403,428,47,381,54,34,20,16,14,2
S01007606,Electric (including storage heaters) central heating,74,17,57,55,2,53,12,8,4,7,7,0
S01007606,Oil central heating,5,1,4,5,1,4,0,0,0,0,0,0
S01007606,Solid fuel (for example wood coal) central heating,4,2,2,3,2,1,1,0,1,0,0,0
S01007606,Other central heating,7,4,3,4,1,3,1,1,0,2,2,0
S01007606,Two or more types of central heating,16,1,15,16,1,15,0,0,0,0,0,0
S01007607,All people in households,702,126,576,595,36,559,85,68,17,22,22,0
S01007607,No central heating,10,1,9,9,1,8,1,0,1,0,0,0
S01007607,Gas central heating,644,110,534,547,29,518,79,63,16,18,18,0
S01007607,Electric (including storage heaters) central heating,25,6,19,22,3,19,1,1,0,2,2,0
S01007607,Oil central heating,18,6,12,15,3,12,2,2,0,1,1,0
S01007607,Solid fuel (for example wood coal) central heating,2,0,2,2,0,2,0,0,0,0,0,0
S01007607,Other central heating,0,0,0,0,0,0,0,0,0,0,0,0
S01007607,Two or more types of central heating,3,3,0,0,0,0,2,2,0,1,1,0
S01007608,All people in households,731,119,612,626,35,591,84,64,20,21,20,1
S01007608,No central heating,4,0,4,4,0,4,0,0,0,0,0,0
S01007608,Gas central heating,633,101,532,543,29,514,75,57,18,15,15,0
S01007608,Electric (including storage heaters) central heating,58,10,48,48,3,45,8,6,2,2,1,1
S01007608,Oil central heating,24,6,18,21,3,18,1,1,0,2,2,0
S01007608,Solid fuel (for example wood coal) central heating,2,0,2,2,0,2,0,0,0,0,0,0
S01007608,Other central heating,2,2,0,0,0,0,0,0,0,2,2,0
S01007608,Two or more types of central heating,8,0,8,8,0,8,0,0,0,0,0,0
S01007609,All people in households,917,200,717,730,56,674,129,86,43,58,58,0
S01007609,No central heating,17,6,11,12,2,10,5,4,1,0,0,0
S01007609,Gas central heating,743,154,589,599,44,555,96,62,34,48,48,0
S01007609,Electric (including storage heaters) central heating,111,32,79,81,8,73,22,16,6,8,8,0
S01007609,Oil central heating,14,2,12,13,1,12,0,0,0,1,1,0
S01007609,Solid fuel (for example wood coal) central heating,3,0,3,3,0,3,0,0,0,0,0,0
S01007609,Other central heating,2,0,2,2,0,2,0,0,0,0,0,0
S01007609,Two or more types of central heating,27,6,21,20,1,19,6,4,2,1,1,0
S01007610,All people in households,456,121,335,353,34,319,75,60,15,28,27,1
S01007610,No central heating,25,5,20,21,1,20,3,3,0,1,1,0
S01007610,Gas central heating,333,76,257,269,25,244,48,35,13,16,16,0
S01007610,Electric (including storage heaters) central heating,85,37,48,52,7,45,23,21,2,10,9,1
S01007610,Oil central heating,0,0,0,0,0,0,0,0,0,0,0,0
S01007610,Solid fuel (for example wood coal) central heating,4,2,2,2,0,2,1,1,0,1,1,0
S01007610,Other central heating,0,0,0,0,0,0,0,0,0,0,0,0
S01007610,Two or more types of central heating,9,1,8,9,1,8,0,0,0,0,0,0
S01007611,All people in households,917,282,635,671,83,588,173,129,44,73,70,3
S01007611,No central heating,29,8,21,20,1,19,6,4,2,3,3,0
S01007611,Gas central heating,673,179,494,509,52,457,117,82,35,47,45,2
S01007611,Electric (including storage heaters) central heating,166,81,85,105,27,78,44,38,6,17,16,1
S01007611,Oil central heating,7,4,3,3,0,3,2,2,0,2,2,0
S01007611,Solid fuel (for example wood coal) central heating,0,0,0,0,0,0,0,0,0,0,0,0
S01007611,Other central heating,0,0,0,0,0,0,0,0,0,0,0,0
S01007611,Two or more types of central heating,42,10,32,34,3,31,4,3,1,4,4,0
S01007612,All people in households,1037,243,794,786,69,717,169,96,73,82,78,4
S01007612,No central heating,62,12,50,48,0,48,7,5,2,7,7,0
S01007612,Gas central heating,614,141,473,463,40,423,107,59,48,44,42,2
S01007612,Electric (including storage heaters) central heating,296,80,216,219,24,195,47,28,19,30,28,2
S01007612,Oil central heating,22,5,17,20,4,16,2,1,1,0,0,0
S01007612,Solid fuel (for example wood coal) central heating,2,0,2,2,0,2,0,0,0,0,0,0
S01007612,Other central heating,0,0,0,0,0,0,0,0,0,0,0,0
S01007612,Two or more types of central heating,41,5,36,34,1,33,6,3,3,1,1,0
S01007613,All people in households,736,141,595,613,47,566,98,69,29,25,25,0
S01007613,No central heating,8,2,6,6,0,6,2,2,0,0,0,0
S01007613,Gas central heating,622,114,508,523,41,482,83,57,26,16,16,0
S01007613,Electric (including storage heaters) central heating,34,11,23,25,2,23,4,4,0,5,5,0
S01007613,Oil central heating,46,11,35,36,3,33,6,4,2,4,4,0
S01007613,Solid fuel (for example wood coal) central heating,5,0,5,5,0,5,0,0,0,0,0,0
S01007613,Other central heating,3,0,3,3,0,3,0,0,0,0,0,0
S01007613,Two or more types of central heating,18,3,15,15,1,14,3,2,1,0,0,0
S01007614,All people in households,843,126,717,726,41,685,91,59,32,26,26,0
S01007614,No central heating,5,0,5,5,0,5,0,0,0,0,0,0
S01007614,Gas central heating,781,114,667,673,36,637,85,55,30,23,23,0
S01007614,Electric (including storage heaters) central heating,19,7,12,12,1,11,5,4,1,2,2,0
S01007614,Oil central heating,24,2,22,22,1,21,1,0,1,1,1,0
S01007614,Solid fuel (for example wood coal) central heating,2,0,2,2,0,2,0,0,0,0,0,0
S01007614,Other central heating,0,0,0,0,0,0,0,0,0,0,0,0
S01007614,Two or more types of central heating,12,3,9,12,3,9,0,0,0,0,0,0
S01007615,All people in households,1074,194,880,891,60,831,139,94,45,44,40,4
S01007615,No central heating,17,6,11,13,3,10,3,2,1,1,1,0
S01007615,Gas central heating,924,157,767,774,49,725,113,75,38,37,33,4
S01007615,Electric (including storage heaters) central heating,86,22,64,66,7,59,17,12,5,3,3,0
S01007615,Oil central heating,24,4,20,21,1,20,1,1,0,2,2,0
S01007615,Solid fuel (for example wood coal) central heating,5,0,5,4,0,4,1,0,1,0,0,0
S01007615,Other central heating,1,1,0,0,0,0,1,1,0,0,0,0
S01007615,Two or more types of central heating,17,4,13,13,0,13,3,3,0,1,1,0
S01007616,All people in households,736,156,580,591,47,544,103,69,34,42,40,2
S01007616,No central heating,12,1,11,11,0,11,0,0,0,1,1,0
S01007616,Gas central heating,634,131,503,514,39,475,84,58,26,36,34,2
S01007616,Electric (including storage heaters) central heating,64,20,44,47,7,40,13,9,4,4,4,0
S01007616,Oil central heating,6,1,5,5,0,5,1,1,0,0,0,0
S01007616,Solid fuel (for example wood coal) central heating,0,0,0,0,0,0,0,0,0,0,0,0
S01007616,Other central heating,6,1,5,3,0,3,3,1,2,0,0,0
S01007616,Two or more types of central heating,14,2,12,11,1,10,2,0,2,1,1,0
S01007617,All people in households,519,120,399,402,30,372,88,62,26,29,28,1
S01007617,No central heating,6,0,6,6,0,6,0,0,0,0,0,0
S01007617,Gas central heating,422,101,321,319,23,296,77,53,24,26,25,1
S01007617,Electric (including storage heaters) central heating,57,12,45,47,3,44,8,7,1,2,2,0
S01007617,Oil central heating,17,2,15,16,1,15,0,0,0,1,1,0
S01007617,Solid fuel (for example wood coal) central heating,2,1,1,2,1,1,0,0,0,0,0,0
S01007617,Other central heating,0,0,0,0,0,0,0,0,0,0,0,0
S01007617,Two or more types of central heating,15,4,11,12,2,10,3,2,1,0,0,0
S01007618,All people in households,638,141,497,490,29,461,101,69,32,47,43,4
S01007618,No central heating,1,0,1,1,0,1,0,0,0,0,0,0
S01007618,Gas central heating,561,109,452,444,20,424,75,51,24,42,38,4
S01007618,Electric (including storage heaters) central heating,61,29,32,32,8,24,24,16,8,5,5,0
S01007618,Oil central heating,5,1,4,4,0,4,1,1,0,0,0,0
S01007618,Solid fuel (for example wood coal) central heating,0,0,0,0,0,0,0,0,0,0,0,0
S01007618,Other central heating,0,0,0,0,0,0,0,0,0,0,0,0
S01007618,Two or more types of central heating,10,2,8,9,1,8,1,1,0,0,0,0
S01007619,All people in households,629,147,482,488,40,448,97,63,34,44,44,0
S01007619,No central heating,7,1,6,5,0,5,1,0,1,1,1,0
S01007619,Gas central heating,547,125,422,432,36,396,81,55,26,34,34,0
S01007619,Electric (including storage heaters) central heating,51,16,35,33,3,30,13,8,5,5,5,0
S01007619,Oil central heating,13,3,10,9,0,9,1,0,1,3,3,0
S01007619,Solid fuel (for example wood coal) central heating,4,1,3,2,0,2,1,0,1,1,1,0
S01007619,Other central heating,0,0,0,0,0,0,0,0,0,0,0,0
S01007619,Two or more types of central heating,7,1,6,7,1,6,0,0,0,0,0,0
S01007620,All people in households,579,93,486,500,34,466,60,40,20,19,19,0
S01007620,No central heating,6,1,5,5,0,5,0,0,0,1,1,0
S01007620,Gas central heating,490,84,406,416,28,388,57,39,18,17,17,0
S01007620,Electric (including storage heaters) central heating,32,1,31,30,0,30,2,1,1,0,0,0
S01007620,Oil central heating,23,6,17,22,5,17,0,0,0,1,1,0
S01007620,Solid fuel (for example wood coal) central heating,6,0,6,6,0,6,0,0,0,0,0,0
S01007620,Other central heating,0,0,0,0,0,0,0,0,0,0,0,0
S01007620,Two or more types of central heating,22,1,21,21,1,20,1,0,1,0,0,0
S01007621,All people in households,656,122,534,551,41,510,77,54,23,28,27,1
S01007621,No central heating,24,1,23,22,0,22,2,1,1,0,0,0
S01007621,Gas central heating,572,103,469,483,34,449,68,48,20,21,21,0
S01007621,Electric (including storage heaters) central heating,36,11,25,27,4,23,4,3,1,5,4,1
S01007621,Oil central heating,5,0,5,5,0,5,0,0,0,0,0,0
S01007621,Solid fuel (for example wood coal) central heating,13,6,7,10,3,7,1,1,0,2,2,0
S01007621,Other central heating,0,0,0,0,0,0,0,0,0,0,0,0
S01007621,Two or more types of central heating,6,1,5,4,0,4,2,1,1,0,0,0
S01007622,All people in households,582,138,444,459,38,421,89,66,23,34,34,0
S01007622,No central heating,27,1,26,25,0,25,2,1,1,0,0,0
S01007622,Gas central heating,466,113,353,362,29,333,80,60,20,24,24,0
S01007622,Electric (including storage heaters) central heating,30,8,22,23,2,21,4,3,1,3,3,0
S01007622,Oil central heating,42,10,32,35,4,31,3,2,1,4,4,0
S01007622,Solid fuel (for example wood coal) central heating,0,0,0,0,0,0,0,0,0,0,0,0
S01007622,Other central heating,6,1,5,6,1,5,0,0,0,0,0,0
S01007622,Two or more types of central heating,11,5,6,8,2,6,0,0,0,3,3,0
S01007623,All people in households,608,92,516,527,32,495,61,40,21,20,20,0
S01007623,No central heating,8,2,6,6,0,6,1,1,0,1,1,0
S01007623,Gas central heating,543,79,464,473,27,446,54,36,18,16,16,0
S01007623,Electric (including storage heaters) central heating,30,7,23,24,3,21,3,1,2,3,3,0
S01007623,Oil central heating,13,2,11,11,1,10,2,1,1,0,0,0
S01007623,Solid fuel (for example wood coal) central heating,10,1,9,9,0,9,1,1,0,0,0,0
S01007623,Other central heating,0,0,0,0,0,0,0,0,0,0,0,0
S01007623,Two or more types of central heating,4,1,3,4,1,3,0,0,0,0,0,0
S01007624,All people in households,664,101,563,574,33,541,64,42,22,26,26,0
S01007624,No central heating,16,2,14,13,0,13,3,2,1,0,0,0
S01007624,Gas central heating,614,97,517,530,32,498,58,39,19,26,26,0
S01007624,Electric (including storage heaters) central heating,14,2,12,13,1,12,1,1,0,0,0,0
S01007624,Oil central heating,8,0,8,6,0,6,2,0,2,0,0,0
S01007624,Solid fuel (for example wood coal) central heating,1,0,1,1,0,1,0,0,0,0,0,0
S01007624,Other central heating,0,0,0,0,0,0,0,0,0,0,0,0
S01007624,Two or more types of central heating,11,0,11,11,0,11,0,0,0,0,0,0
S01007625,All people in households,505,94,411,419,26,393,59,43,16,27,25,2
S01007625,No central heating,4,1,3,3,0,3,0,0,0,1,1,0
S01007625,Gas central heating,469,86,383,389,24,365,55,39,16,25,23,2
S01007625,Electric (including storage heaters) central heating,14,1,13,13,0,13,0,0,0,1,1,0
S01007625,Oil central heating,2,0,2,2,0,2,0,0,0,0,0,0
S01007625,Solid fuel (for example wood coal) central heating,0,0,0,0,0,0,0,0,0,0,0,0
S01007625,Other central heating,0,0,0,0,0,0,0,0,0,0,0,0
S01007625,Two or more types of central heating,16,6,10,12,2,10,4,4,0,0,0,0
S01007626,All people in households,650,56,594,586,16,570,48,24,24,16,16,0
S01007626,No central heating,2,0,2,2,0,2,0,0,0,0,0,0
S01007626,Gas central heating,617,53,564,555,15,540,47,23,24,15,15,0
S01007626,Electric (including storage heaters) central heating,12,1,11,12,1,11,0,0,0,0,0,0
S01007626,Oil central heating,9,1,8,8,0,8,1,1,0,0,0,0
S01007626,Solid fuel (for example wood coal) central heating,2,1,1,1,0,1,0,0,0,1,1,0
S01007626,Other central heating,0,0,0,0,0,0,0,0,0,0,0,0
S01007626,Two or more types of central heating,8,0,8,8,0,8,0,0,0,0,0,0
S01007627,All people in households,547,75,472,482,23,459,45,32,13,20,20,0
S01007627,No central heating,0,0,0,0,0,0,0,0,0,0,0,0
S01007627,Gas central heating,441,37,404,414,18,396,21,13,8,6,6,0
S01007627,Electric (including storage heaters) central heating,61,33,28,32,5,27,18,17,1,11,11,0
S01007627,Oil central heating,26,1,25,24,0,24,2,1,1,0,0,0
S01007627,Solid fuel (for example wood coal) central heating,2,0,2,2,0,2,0,0,0,0,0,0
S01007627,Other central heating,8,3,5,3,0,3,2,0,2,3,3,0
S01007627,Two or more types of central heating,9,1,8,7,0,7,2,1,1,0,0,0
S01007628,All people in households,713,149,564,600,56,544,90,70,20,23,23,0
S01007628,No central heating,15,6,9,8,1,7,7,5,2,0,0,0
S01007628,Gas central heating,572,120,452,481,45,436,72,56,16,19,19,0
S01007628,Electric (including storage heaters) central heating,31,10,21,25,5,20,5,4,1,1,1,0
S01007628,Oil central heating,60,8,52,54,3,51,4,3,1,2,2,0
S01007628,Solid fuel (for example wood coal) central heating,4,2,2,3,1,2,0,0,0,1,1,0
S01007628,Other central heating,9,1,8,8,0,8,1,1,0,0,0,0
S01007628,Two or more types of central heating,22,2,20,21,1,20,1,1,0,0,0,0
S01007629,All people in households,696,107,589,603,43,560,71,43,28,22,21,1
S01007629,No central heating,3,1,2,2,0,2,0,0,0,1,1,0
S01007629,Gas central heating,390,55,335,337,20,317,40,23,17,13,12,1
S01007629,Electric (including storage heaters) central heating,55,13,42,43,5,38,8,4,4,4,4,0
S01007629,Oil central heating,202,30,172,180,12,168,18,14,4,4,4,0
S01007629,Solid fuel (for example wood coal) central heating,12,1,11,10,0,10,2,1,1,0,0,0
S01007629,Other central heating,17,4,13,16,3,13,1,1,0,0,0,0
S01007629,Two or more types of central heating,17,3,14,15,3,12,2,0,2,0,0,0
S01007630,All people in households,809,140,669,699,57,642,71,47,24,39,36,3
S01007630,No central heating,11,5,6,7,1,6,3,3,0,1,1,0
S01007630,Gas central heating,271,50,221,236,21,215,22,16,6,13,13,0
S01007630,Electric (including storage heaters) central heating,59,12,47,44,4,40,11,5,6,4,3,1
S01007630,Oil central heating,377,59,318,332,27,305,29,18,11,16,14,2
S01007630,Solid fuel (for example wood coal) central heating,26,4,22,22,1,21,2,1,1,2,2,0
S01007630,Other central heating,29,4,25,26,1,25,3,3,0,0,0,0
S01007630,Two or more types of central heating,36,6,30,32,2,30,1,1,0,3,3,0
S01007631,All people in households,625,123,502,545,53,492,60,50,10,20,20,0
S01007631,No central heating,10,5,5,6,1,5,2,2,0,2,2,0
S01007631,Gas central heating,50,15,35,39,4,35,4,4,0,7,7,0
S01007631,Electric (including storage heaters) central heating,80,23,57,63,10,53,15,11,4,2,2,0
S01007631,Oil central heating,387,61,326,351,29,322,30,26,4,6,6,0
S01007631,Solid fuel (for example wood coal) central heating,49,10,39,43,6,37,5,3,2,1,1,0
S01007631,Other central heating,16,1,15,15,0,15,1,1,0,0,0,0
S01007631,Two or more types of central heating,33,8,25,28,3,25,3,3,0,2,2,0
S01007632,All people in households,960,170,790,817,56,761,99,70,29,44,44,0
S01007632,No central heating,9,2,7,7,1,6,2,1,1,0,0,0
S01007632,Gas central heating,716,110,606,621,39,582,72,48,24,23,23,0
S01007632,Electric (including storage heaters) central heating,93,32,61,66,8,58,18,15,3,9,9,0
S01007632,Oil central heating,72,12,60,64,4,60,2,2,0,6,6,0
S01007632,Solid fuel (for example wood coal) central heating,24,5,19,20,2,18,2,1,1,2,2,0
S01007632,Other central heating,8,2,6,6,0,6,0,0,0,2,2,0
S01007632,Two or more types of central heating,38,7,31,33,2,31,3,3,0,2,2,0
S01007633,All people in households,977,201,776,791,62,729,139,94,45,47,45,2
S01007633,No central heating,7,1,6,7,1,6,0,0,0,0,0,0
S01007633,Gas central heating,656,121,535,548,36,512,78,56,22,30,29,1
S01007633,Electric (including storage heaters) central heating,143,33,110,112,11,101,27,18,9,4,4,0
S01007633,Oil central heating,99,26,73,73,6,67,20,14,6,6,6,0
S01007633,Solid fuel (for example wood coal) central heating,49,14,35,31,3,28,11,5,6,7,6,1
S01007633,Other central heating,2,1,1,1,1,0,1,0,1,0,0,0
S01007633,Two or more types of central heating,21,5,16,19,4,15,2,1,1,0,0,0
S01007634,All people in households,570,101,469,497,48,449,58,38,20,15,15,0
S01007634,No central heating,22,6,16,19,4,15,3,2,1,0,0,0
S01007634,Gas central heating,73,15,58,69,12,57,4,3,1,0,0,0
S01007634,Electric (including storage heaters) central heating,88,19,69,67,5,62,15,8,7,6,6,0
S01007634,Oil central heating,314,45,269,279,19,260,28,19,9,7,7,0
S01007634,Solid fuel (for example wood coal) central heating,26,8,18,21,4,17,4,3,1,1,1,0
S01007634,Other central heating,12,3,9,11,2,9,0,0,0,1,1,0
S01007634,Two or more types of central heating,35,5,30,31,2,29,4,3,1,0,0,0
S01007635,All people in households,671,163,508,536,53,483,103,78,25,32,32,0
S01007635,No central heating,2,0,2,1,0,1,1,0,1,0,0,0
S01007635,Gas central heating,581,139,442,464,43,421,87,66,21,30,30,0
S01007635,Electric (including storage heaters) central heating,15,7,8,8,2,6,7,5,2,0,0,0
S01007635,Oil central heating,44,11,33,38,5,33,4,4,0,2,2,0
S01007635,Solid fuel (for example wood coal) central heating,14,1,13,13,0,13,1,1,0,0,0,0
S01007635,Other central heating,0,0,0,0,0,0,0,0,0,0,0,0
S01007635,Two or more types of central heating,15,5,10,12,3,9,3,2,1,0,0,0
S01007636,All people in households,819,199,620,648,54,594,122,97,25,49,48,1
S01007636,No central heating,9,2,7,7,0,7,1,1,0,1,1,0
S01007636,Gas central heating,618,141,477,503,40,463,82,68,14,33,33,0
S01007636,Electric (including storage heaters) central heating,136,46,90,93,11,82,29,22,7,14,13,1
S01007636,Oil central heating,22,2,20,20,1,19,2,1,1,0,0,0
S01007636,Solid fuel (for example wood coal) central heating,8,2,6,5,0,5,3,2,1,0,0,0
S01007636,Other central heating,2,0,2,2,0,2,0,0,0,0,0,0
S01007636,Two or more types of central heating,24,6,18,18,2,16,5,3,2,1,1,0
S01007637,All people in households,857,176,681,694,58,636,113,71,42,50,47,3
S01007637,No central heating,6,3,3,3,0,3,1,1,0,2,2,0
S01007637,Gas central heating,734,153,581,595,51,544,97,63,34,42,39,3
S01007637,Electric (including storage heaters) central heating,74,15,59,57,5,52,14,7,7,3,3,0
S01007637,Oil central heating,10,2,8,9,1,8,0,0,0,1,1,0
S01007637,Solid fuel (for example wood coal) central heating,7,1,6,7,1,6,0,0,0,0,0,0
S01007637,Other central heating,3,1,2,2,0,2,0,0,0,1,1,0
S01007637,Two or more types of central heating,23,1,22,21,0,21,1,0,1,1,1,0
S01007638,All people in households,768,187,581,587,47,540,130,90,40,51,50,1
S01007638,No central heating,6,3,3,4,1,3,2,2,0,0,0,0
S01007638,Gas central heating,656,160,496,500,38,462,111,77,34,45,45,0
S01007638,Electric (including storage heaters) central heating,66,16,50,47,3,44,14,9,5,5,4,1
S01007638,Oil central heating,21,5,16,19,3,16,1,1,0,1,1,0
S01007638,Solid fuel (for example wood coal) central heating,2,2,0,2,2,0,0,0,0,0,0,0
S01007638,Other central heating,1,0,1,1,0,1,0,0,0,0,0,0
S01007638,Two or more types of central heating,16,1,15,14,0,14,2,1,1,0,0,0
S01007639,All people in households,1087,188,899,916,60,856,111,69,42,60,59,1
S01007639,No central heating,12,3,9,9,1,8,2,2,0,1,0,1
S01007639,Gas central heating,906,144,762,777,49,728,87,53,34,42,42,0
S01007639,Electric (including storage heaters) central heating,113,32,81,83,7,76,15,10,5,15,15,0
S01007639,Oil central heating,21,4,17,17,1,16,3,2,1,1,1,0
S01007639,Solid fuel (for example wood coal) central heating,14,2,12,12,1,11,2,1,1,0,0,0
S01007639,Other central heating,5,1,4,4,0,4,1,1,0,0,0,0
S01007639,Two or more types of central heating,16,2,14,14,1,13,1,0,1,1,1,0
S01007640,All people in households,722,130,592,604,39,565,79,52,27,39,39,0
S01007640,No central heating,28,9,19,19,2,17,6,4,2,3,3,0
S01007640,Gas central heating,94,16,78,79,3,76,6,4,2,9,9,0
S01007640,Electric (including storage heaters) central heating,87,23,64,63,4,59,16,11,5,8,8,0
S01007640,Oil central heating,399,59,340,344,18,326,41,27,14,14,14,0
S01007640,Solid fuel (for example wood coal) central heating,47,11,36,40,6,34,4,2,2,3,3,0
S01007640,Other central heating,15,3,12,13,2,11,2,1,1,0,0,0
S01007640,Two or more types of central heating,52,9,43,46,4,42,4,3,1,2,2,0
S01007641,All people in households,854,135,719,725,43,682,94,57,37,35,35,0
S01007641,No central heating,25,4,21,21,2,19,3,1,2,1,1,0
S01007641,Gas central heating,138,25,113,118,8,110,9,6,3,11,11,0
S01007641,Electric (including storage heaters) central heating,259,42,217,212,11,201,35,19,16,12,12,0
S01007641,Oil central heating,312,45,267,268,13,255,33,21,12,11,11,0
S01007641,Solid fuel (for example wood coal) central heating,53,9,44,47,5,42,6,4,2,0,0,0
S01007641,Other central heating,33,7,26,27,3,24,6,4,2,0,0,0
S01007641,Two or more types of central heating,34,3,31,32,1,31,2,2,0,0,0,0
S01007642,All people in households,794,182,612,633,50,583,123,97,26,38,35,3
S01007642,No central heating,23,4,19,17,0,17,4,2,2,2,2,0
S01007642,Gas central heating,631,130,501,514,36,478,91,71,20,26,23,3
S01007642,Electric (including storage heaters) central heating,60,33,27,32,7,25,20,18,2,8,8,0
S01007642,Oil central heating,38,7,31,34,4,30,4,3,1,0,0,0
S01007642,Solid fuel (for example wood coal) central heating,2,1,1,2,1,1,0,0,0,0,0,0
S01007642,Other central heating,0,0,0,0,0,0,0,0,0,0,0,0
S01007642,Two or more types of central heating,40,7,33,34,2,32,4,3,1,2,2,0
S01007643,All people in households,897,175,722,726,48,678,124,81,43,47,46,1
S01007643,No central heating,4,0,4,3,0,3,1,0,1,0,0,0
S01007643,Gas central heating,773,152,621,621,41,580,112,72,40,40,39,1
S01007643,Electric (including storage heaters) central heating,71,20,51,56,6,50,9,8,1,6,6,0
S01007643,Oil central heating,21,0,21,21,0,21,0,0,0,0,0,0
S01007643,Solid fuel (for example wood coal) central heating,7,1,6,6,0,6,1,1,0,0,0,0
S01007643,Other central heating,0,0,0,0,0,0,0,0,0,0,0,0
S01007643,Two or more types of central heating,21,2,19,19,1,18,1,0,1,1,1,0
S01007644,All people in households,844,194,650,676,61,615,118,85,33,50,48,2
S01007644,No central heating,11,1,10,11,1,10,0,0,0,0,0,0
S01007644,Gas central heating,761,174,587,610,55,555,109,79,30,42,40,2
S01007644,Electric (including storage heaters) central heating,19,5,14,15,2,13,2,1,1,2,2,0
S01007644,Oil central heating,22,4,18,18,1,17,2,1,1,2,2,0
S01007644,Solid fuel (for example wood coal) central heating,10,5,5,5,0,5,1,1,0,4,4,0
S01007644,Other central heating,0,0,0,0,0,0,0,0,0,0,0,0
S01007644,Two or more types of central heating,21,5,16,17,2,15,4,3,1,0,0,0
S01007645,All people in households,524,81,443,446,29,417,64,38,26,14,14,0
S01007645,No central heating,22,0,22,19,0,19,3,0,3,0,0,0
S01007645,Gas central heating,89,19,70,74,7,67,10,7,3,5,5,0
S01007645,Electric (including storage heaters) central heating,44,5,39,41,3,38,3,2,1,0,0,0
S01007645,Oil central heating,277,48,229,233,18,215,35,21,14,9,9,0
S01007645,Solid fuel (for example wood coal) central heating,40,4,36,35,1,34,5,3,2,0,0,0
S01007645,Other central heating,27,4,23,23,0,23,4,4,0,0,0,0
S01007645,Two or more types of central heating,25,1,24,21,0,21,4,1,3,0,0,0
S01007646,All people in households,576,107,469,470,25,445,72,49,23,34,33,1
S01007646,No central heating,23,5,18,19,1,18,2,2,0,2,2,0
S01007646,Gas central heating,94,32,62,67,7,60,16,14,2,11,11,0
S01007646,Electric (including storage heaters) central heating,30,8,22,24,3,21,3,2,1,3,3,0
S01007646,Oil central heating,307,43,264,256,8,248,39,24,15,12,11,1
S01007646,Solid fuel (for example wood coal) central heating,74,12,62,65,5,60,7,5,2,2,2,0
S01007646,Other central heating,10,1,9,10,1,9,0,0,0,0,0,0
S01007646,Two or more types of central heating,38,6,32,29,0,29,5,2,3,4,4,0
S01007647,All people in households,717,150,567,583,50,533,102,69,33,32,31,1
S01007647,No central heating,24,3,21,19,0,19,2,0,2,3,3,0
S01007647,Gas central heating,515,89,426,438,33,405,55,35,20,22,21,1
S01007647,Electric (including storage heaters) central heating,81,30,51,53,7,46,25,20,5,3,3,0
S01007647,Oil central heating,48,12,36,35,2,33,12,9,3,1,1,0
S01007647,Solid fuel (for example wood coal) central heating,12,5,7,7,1,6,3,2,1,2,2,0
S01007647,Other central heating,3,3,0,1,1,0,2,2,0,0,0,0
S01007647,Two or more types of central heating,34,8,26,30,6,24,3,1,2,1,1,0
S01007648,All people in households,873,151,722,733,48,685,107,73,34,33,30,3
S01007648,No central heating,11,5,6,2,0,2,8,4,4,1,1,0
S01007648,Gas central heating,700,105,595,606,37,569,73,50,23,21,18,3
S01007648,Electric (including storage heaters) central heating,87,26,61,64,7,57,17,13,4,6,6,0
S01007648,Oil central heating,35,7,28,29,2,27,5,4,1,1,1,0
S01007648,Solid fuel (for example wood coal) central heating,10,4,6,6,0,6,0,0,0,4,4,0
S01007648,Other central heating,4,1,3,3,0,3,1,1,0,0,0,0
S01007648,Two or more types of central heating,26,3,23,23,2,21,3,1,2,0,0,0
S01007649,All people in households,729,137,592,588,36,552,112,72,40,29,29,0
S01007649,No central heating,8,1,7,5,1,4,3,0,3,0,0,0
S01007649,Gas central heating,531,90,441,437,24,413,74,46,28,20,20,0
S01007649,Electric (including storage heaters) central heating,49,19,30,33,5,28,13,11,2,3,3,0
S01007649,Oil central heating,83,11,72,70,3,67,11,6,5,2,2,0
S01007649,Solid fuel (for example wood coal) central heating,25,8,17,17,0,17,5,5,0,3,3,0
S01007649,Other central heating,1,0,1,1,0,1,0,0,0,0,0,0
S01007649,Two or more types of central heating,32,8,24,25,3,22,6,4,2,1,1,0
S01007650,All people in households,949,209,740,748,63,685,159,106,53,42,40,2
S01007650,No central heating,35,10,25,26,2,24,5,4,1,4,4,0
S01007650,Gas central heating,57,17,40,40,3,37,13,12,1,4,2,2
S01007650,Electric (including storage heaters) central heating,123,35,88,89,9,80,24,16,8,10,10,0
S01007650,Oil central heating,499,95,404,410,33,377,73,46,27,16,16,0
S01007650,Solid fuel (for example wood coal) central heating,150,28,122,122,12,110,20,8,12,8,8,0
S01007650,Other central heating,13,2,11,11,0,11,2,2,0,0,0,0
S01007650,Two or more types of central heating,72,22,50,50,4,46,22,18,4,0,0,0
S01007651,All people in households,585,79,506,510,27,483,59,36,23,16,16,0
S01007651,No central heating,23,6,17,20,3,17,3,3,0,0,0,0
S01007651,Gas central heating,40,4,36,35,2,33,4,1,3,1,1,0
S01007651,Electric (including storage heaters) central heating,41,7,34,39,5,34,2,2,0,0,0,0
S01007651,Oil central heating,347,45,302,304,16,288,35,21,14,8,8,0
S01007651,Solid fuel (for example wood coal) central heating,57,9,48,43,0,43,9,4,5,5,5,0
S01007651,Other central heating,16,2,14,14,0,14,2,2,0,0,0,0
S01007651,Two or more types of central heating,61,6,55,55,1,54,4,3,1,2,2,0
S01007652,All people in households,588,118,470,488,44,444,66,40,26,34,34,0
S01007652,No central heating,3,2,1,2,1,1,0,0,0,1,1,0
S01007652,Gas central heating,44,9,35,38,5,33,5,3,2,1,1,0
S01007652,Electric (including storage heaters) central heating,78,18,60,52,4,48,18,6,12,8,8,0
S01007652,Oil central heating,357,66,291,306,23,283,32,24,8,19,19,0
S01007652,Solid fuel (for example wood coal) central heating,66,13,53,56,7,49,9,5,4,1,1,0
S01007652,Other central heating,17,5,12,15,3,12,1,1,0,1,1,0
S01007652,Two or more types of central heating,23,5,18,19,1,18,1,1,0,3,3,0
S01007653,All people in households,886,172,714,731,53,678,123,87,36,32,32,0
S01007653,No central heating,13,3,10,8,0,8,5,3,2,0,0,0
S01007653,Gas central heating,63,15,48,54,9,45,8,5,3,1,1,0
S01007653,Electric (including storage heaters) central heating,107,25,82,76,3,73,23,14,9,8,8,0
S01007653,Oil central heating,466,78,388,405,27,378,48,38,10,13,13,0
S01007653,Solid fuel (for example wood coal) central heating,120,26,94,98,9,89,18,13,5,4,4,0
S01007653,Other central heating,24,9,15,15,1,14,5,4,1,4,4,0
S01007653,Two or more types of central heating,93,16,77,75,4,71,16,10,6,2,2,0
S01007654,All people in households,1050,222,828,859,65,794,132,99,33,59,58,1
S01007654,No central heating,31,9,22,24,3,21,3,2,1,4,4,0
S01007654,Gas central heating,120,28,92,98,11,87,18,13,5,4,4,0
S01007654,Electric (including storage heaters) central heating,243,72,171,185,22,163,37,30,7,21,20,1
S01007654,Oil central heating,350,62,288,296,18,278,37,27,10,17,17,0
S01007654,Solid fuel (for example wood coal) central heating,168,23,145,140,2,138,21,14,7,7,7,0
S01007654,Other central heating,36,10,26,30,4,26,5,5,0,1,1,0
S01007654,Two or more types of central heating,102,18,84,86,5,81,11,8,3,5,5,0
S01007655,All people in households,780,167,613,636,51,585,105,78,27,39,38,1
S01007655,No central heating,41,9,32,34,2,32,4,4,0,3,3,0
S01007655,Gas central heating,63,17,46,52,7,45,6,5,1,5,5,0
S01007655,Electric (including storage heaters) central heating,46,9,37,38,3,35,8,6,2,0,0,0
S01007655,Oil central heating,478,98,380,393,31,362,64,47,17,21,20,1
S01007655,Solid fuel (for example wood coal) central heating,58,12,46,49,4,45,6,5,1,3,3,0
S01007655,Other central heating,18,5,13,12,1,11,5,3,2,1,1,0
S01007655,Two or more types of central heating,76,17,59,58,3,55,12,8,4,6,6,0
S01007656,All people in households,848,194,654,685,58,627,114,87,27,49,49,0
S01007656,No central heating,71,15,56,57,4,53,11,8,3,3,3,0
S01007656,Gas central heating,80,16,64,66,4,62,9,7,2,5,5,0
S01007656,Electric (including storage heaters) central heating,90,23,67,65,3,62,15,10,5,10,10,0
S01007656,Oil central heating,419,104,315,344,39,305,58,48,10,17,17,0
S01007656,Solid fuel (for example wood coal) central heating,87,14,73,73,1,72,6,5,1,8,8,0
S01007656,Other central heating,16,5,11,10,1,9,5,3,2,1,1,0
S01007656,Two or more types of central heating,85,17,68,70,6,64,10,6,4,5,5,0
S01007657,All people in households,428,76,352,367,25,342,40,30,10,21,21,0
S01007657,No central heating,11,3,8,8,1,7,2,1,1,1,1,0
S01007657,Gas central heating,76,16,60,63,5,58,8,6,2,5,5,0
S01007657,Electric (including storage heaters) central heating,38,11,27,32,5,27,4,4,0,2,2,0
S01007657,Oil central heating,241,40,201,207,12,195,23,17,6,11,11,0
S01007657,Solid fuel (for example wood coal) central heating,26,3,23,23,1,22,1,0,1,2,2,0
S01007657,Other central heating,12,1,11,12,1,11,0,0,0,0,0,0
S01007657,Two or more types of central heating,24,2,22,22,0,22,2,2,0,0,0,0
S01007658,All people in households,505,99,406,411,33,378,66,40,26,28,26,2
S01007658,No central heating,15,3,12,11,0,11,3,2,1,1,1,0
S01007658,Gas central heating,72,18,54,57,5,52,12,10,2,3,3,0
S01007658,Electric (including storage heaters) central heating,67,14,53,55,5,50,7,5,2,5,4,1
S01007658,Oil central heating,268,41,227,226,14,212,28,13,15,14,14,0
S01007658,Solid fuel (for example wood coal) central heating,35,10,25,24,3,21,7,4,3,4,3,1
S01007658,Other central heating,11,3,8,9,2,7,2,1,1,0,0,0
S01007658,Two or more types of central heating,37,10,27,29,4,25,7,5,2,1,1,0
S01007659,All people in households,820,179,641,663,56,607,101,67,34,56,56,0
S01007659,No central heating,14,5,9,10,1,9,2,2,0,2,2,0
S01007659,Gas central heating,132,34,98,109,13,96,9,7,2,14,14,0
S01007659,Electric (including storage heaters) central heating,123,42,81,82,9,73,29,21,8,12,12,0
S01007659,Oil central heating,325,61,264,279,22,257,32,25,7,14,14,0
S01007659,Solid fuel (for example wood coal) central heating,173,28,145,142,9,133,22,10,12,9,9,0
S01007659,Other central heating,18,6,12,10,1,9,5,2,3,3,3,0
S01007659,Two or more types of central heating,35,3,32,31,1,30,2,0,2,2,2,0
S01007660,All people in households,851,196,655,661,47,614,136,96,40,54,53,1
S01007660,No central heating,0,0,0,0,0,0,0,0,0,0,0,0
S01007660,Gas central heating,726,173,553,558,40,518,121,87,34,47,46,1
S01007660,Electric (including storage heaters) central heating,93,19,74,77,6,71,10,7,3,6,6,0
S01007660,Oil central heating,4,0,4,4,0,4,0,0,0,0,0,0
S01007660,Solid fuel (for example wood coal) central heating,0,0,0,0,0,0,0,0,0,0,0,0
S01007660,Other central heating,2,2,0,1,1,0,1,1,0,0,0,0
S01007660,Two or more types of central heating,26,2,24,21,0,21,4,1,3,1,1,0
S01007661,All people in households,652,148,504,506,38,468,110,75,35,36,35,1
S01007661,No central heating,7,0,7,6,0,6,1,0,1,0,0,0
S01007661,Gas central heating,521,105,416,410,27,383,82,50,32,29,28,1
S01007661,Electric (including storage heaters) central heating,89,37,52,60,10,50,22,20,2,7,7,0
S01007661,Oil central heating,15,3,12,13,1,12,2,2,0,0,0,0
S01007661,Solid fuel (for example wood coal) central heating,0,0,0,0,0,0,0,0,0,0,0,0
S01007661,Other central heating,0,0,0,0,0,0,0,0,0,0,0,0
S01007661,Two or more types of central heating,20,3,17,17,0,17,3,3,0,0,0,0
S01007662,All people in households,908,249,659,684,63,621,148,112,36,76,74,2
S01007662,No central heating,8,6,2,2,0,2,2,2,0,4,4,0
S01007662,Gas central heating,807,195,612,634,52,582,112,84,28,61,59,2
S01007662,Electric (including storage heaters) central heating,51,37,14,17,7,10,26,22,4,8,8,0
S01007662,Oil central heating,13,2,11,11,1,10,1,0,1,1,1,0
S01007662,Solid fuel (for example wood coal) central heating,0,0,0,0,0,0,0,0,0,0,0,0
S01007662,Other central heating,0,0,0,0,0,0,0,0,0,0,0,0
S01007662,Two or more types of central heating,29,9,20,20,3,17,7,4,3,2,2,0
S01007663,All people in households,841,197,644,670,58,612,116,86,30,55,53,2
S01007663,No central heating,1,1,0,1,1,0,0,0,0,0,0,0
S01007663,Gas central heating,761,174,587,614,53,561,99,74,25,48,47,1
S01007663,Electric (including storage heaters) central heating,23,8,15,12,1,11,10,6,4,1,1,0
S01007663,Oil central heating,33,5,28,29,1,28,2,2,0,2,2,0
S01007663,Solid fuel (for example wood coal) central heating,6,2,4,6,2,4,0,0,0,0,0,0
S01007663,Other central heating,2,0,2,2,0,2,0,0,0,0,0,0
S01007663,Two or more types of central heating,15,7,8,6,0,6,5,4,1,4,3,1
S01007664,All people in households,578,145,433,430,28,402,99,70,29,49,47,2
S01007664,No central heating,0,0,0,0,0,0,0,0,0,0,0,0
S01007664,Gas central heating,507,129,378,374,23,351,91,65,26,42,41,1
S01007664,Electric (including storage heaters) central heating,29,8,21,20,2,18,5,2,3,4,4,0
S01007664,Oil central heating,16,3,13,15,2,13,0,0,0,1,1,0
S01007664,Solid fuel (for example wood coal) central heating,4,1,3,3,0,3,1,1,0,0,0,0
S01007664,Other central heating,3,1,2,2,0,2,1,1,0,0,0,0
S01007664,Two or more types of central heating,19,3,16,16,1,15,1,1,0,2,1,1
S01007665,All people in households,660,114,546,566,44,522,68,45,23,26,25,1
S01007665,No central heating,4,0,4,4,0,4,0,0,0,0,0,0
S01007665,Gas central heating,582,93,489,498,33,465,63,40,23,21,20,1
S01007665,Electric (including storage heaters) central heating,35,18,17,26,9,17,5,5,0,4,4,0
S01007665,Oil central heating,2,0,2,2,0,2,0,0,0,0,0,0
S01007665,Solid fuel (for example wood coal) central heating,7,2,5,6,1,5,0,0,0,1,1,0
S01007665,Other central heating,4,0,4,4,0,4,0,0,0,0,0,0
S01007665,Two or more types of central heating,26,1,25,26,1,25,0,0,0,0,0,0
S01007666,All people in households,502,97,405,410,22,388,63,46,17,29,29,0
S01007666,No central heating,0,0,0,0,0,0,0,0,0,0,0,0
S01007666,Gas central heating,478,90,388,393,22,371,60,43,17,25,25,0
S01007666,Electric (including storage heaters) central heating,4,3,1,1,0,1,2,2,0,1,1,0
S01007666,Oil central heating,8,2,6,6,0,6,1,1,0,1,1,0
S01007666,Solid fuel (for example wood coal) central heating,4,0,4,4,0,4,0,0,0,0,0,0
S01007666,Other central heating,0,0,0,0,0,0,0,0,0,0,0,0
S01007666,Two or more types of central heating,8,2,6,6,0,6,0,0,0,2,2,0
S01007667,All people in households,717,127,590,600,38,562,96,69,27,21,20,1
S01007667,No central heating,2,1,1,1,0,1,0,0,0,1,1,0
S01007667,Gas central heating,658,108,550,556,32,524,87,62,25,15,14,1
S01007667,Electric (including storage heaters) central heating,10,5,5,6,1,5,4,4,0,0,0,0
S01007667,Oil central heating,21,6,15,16,1,15,3,3,0,2,2,0
S01007667,Solid fuel (for example wood coal) central heating,4,0,4,3,0,3,1,0,1,0,0,0
S01007667,Other central heating,9,2,7,9,2,7,0,0,0,0,0,0
S01007667,Two or more types of central heating,13,5,8,9,2,7,1,0,1,3,3,0
S01007668,All people in households,1041,220,821,834,60,774,136,89,47,71,71,0
S01007668,No central heating,2,0,2,1,0,1,1,0,1,0,0,0
S01007668,Gas central heating,908,182,726,738,51,687,113,74,39,57,57,0
S01007668,Electric (including storage heaters) central heating,69,24,45,46,6,40,13,8,5,10,10,0
S01007668,Oil central heating,9,1,8,8,0,8,1,1,0,0,0,0
S01007668,Solid fuel (for example wood coal) central heating,23,5,18,17,0,17,3,2,1,3,3,0
S01007668,Other central heating,5,2,3,4,1,3,1,1,0,0,0,0
S01007668,Two or more types of central heating,25,6,19,20,2,18,4,3,1,1,1,0
S01007669,All people in households,642,119,523,524,30,494,79,51,28,39,38,1
S01007669,No central heating,7,3,4,4,0,4,2,2,0,1,1,0
S01007669,Gas central heating,577,102,475,478,28,450,68,44,24,31,30,1
S01007669,Electric (including storage heaters) central heating,13,6,7,7,0,7,3,3,0,3,3,0
S01007669,Oil central heating,15,2,13,14,1,13,0,0,0,1,1,0
S01007669,Solid fuel (for example wood coal) central heating,7,1,6,6,0,6,0,0,0,1,1,0
S01007669,Other central heating,2,0,2,1,0,1,1,0,1,0,0,0
S01007669,Two or more types of central heating,21,5,16,14,1,13,5,2,3,2,2,0
S01007670,All people in households,729,147,582,585,41,544,97,59,38,47,47,0
S01007670,No central heating,3,2,1,1,0,1,1,1,0,1,1,0
S01007670,Gas central heating,580,108,472,470,28,442,75,45,30,35,35,0
S01007670,Electric (including storage heaters) central heating,97,27,70,71,8,63,19,12,7,7,7,0
S01007670,Oil central heating,10,3,7,8,2,6,1,0,1,1,1,0
S01007670,Solid fuel (for example wood coal) central heating,14,3,11,13,2,11,0,0,0,1,1,0
S01007670,Other central heating,0,0,0,0,0,0,0,0,0,0,0,0
S01007670,Two or more types of central heating,25,4,21,22,1,21,1,1,0,2,2,0
S01007671,All people in households,711,125,586,609,38,571,72,57,15,30,30,0
S01007671,No central heating,12,4,8,8,0,8,3,3,0,1,1,0
S01007671,Gas central heating,301,54,247,258,16,242,31,26,5,12,12,0
S01007671,Electric (including storage heaters) central heating,13,1,12,12,0,12,0,0,0,1,1,0
S01007671,Oil central heating,280,48,232,241,17,224,30,22,8,9,9,0
S01007671,Solid fuel (for example wood coal) central heating,25,2,23,22,0,22,1,0,1,2,2,0
S01007671,Other central heating,24,5,19,22,3,19,1,1,0,1,1,0
S01007671,Two or more types of central heating,56,11,45,46,2,44,6,5,1,4,4,0
S01007672,All people in households,874,202,672,694,58,636,136,102,34,44,42,2
S01007672,No central heating,5,3,2,2,1,1,3,2,1,0,0,0
S01007672,Gas central heating,727,161,566,581,47,534,109,78,31,37,36,1
S01007672,Electric (including storage heaters) central heating,29,12,17,20,4,16,5,4,1,4,4,0
S01007672,Oil central heating,92,21,71,74,4,70,17,16,1,1,1,0
S01007672,Solid fuel (for example wood coal) central heating,4,1,3,3,0,3,0,0,0,1,1,0
S01007672,Other central heating,0,0,0,0,0,0,0,0,0,0,0,0
S01007672,Two or more types of central heating,17,4,13,14,2,12,2,2,0,1,0,1
S01007673,All people in households,697,121,576,585,38,547,84,55,29,28,28,0
S01007673,No central heating,12,4,8,9,1,8,2,2,0,1,1,0
S01007673,Gas central heating,521,81,440,449,29,420,56,36,20,16,16,0
S01007673,Electric (including storage heaters) central heating,61,22,39,43,5,38,11,10,1,7,7,0
S01007673,Oil central heating,44,5,39,37,0,37,7,5,2,0,0,0
S01007673,Solid fuel (for example wood coal) central heating,24,2,22,20,1,19,4,1,3,0,0,0
S01007673,Other central heating,6,2,4,3,0,3,2,1,1,1,1,0
S01007673,Two or more types of central heating,29,5,24,24,2,22,2,0,2,3,3,0
S01007674,All people in households,797,180,617,610,41,569,134,87,47,53,52,1
S01007674,No central heating,4,2,2,2,0,2,2,2,0,0,0,0
S01007674,Gas central heating,537,106,431,426,27,399,81,50,31,30,29,1
S01007674,Electric (including storage heaters) central heating,165,52,113,108,10,98,39,24,15,18,18,0
S01007674,Oil central heating,23,6,17,21,4,17,1,1,0,1,1,0
S01007674,Solid fuel (for example wood coal) central heating,51,11,40,40,0,40,7,7,0,4,4,0
S01007674,Other central heating,0,0,0,0,0,0,0,0,0,0,0,0
S01007674,Two or more types of central heating,17,3,14,13,0,13,4,3,1,0,0,0
S01007675,All people in households,627,130,497,503,31,472,92,68,24,32,31,1
S01007675,No central heating,15,1,14,14,0,14,0,0,0,1,1,0
S01007675,Gas central heating,474,96,378,372,17,355,78,55,23,24,24,0
S01007675,Electric (including storage heaters) central heating,39,7,32,34,3,31,3,3,0,2,1,1
S01007675,Oil central heating,58,12,46,50,4,46,7,7,0,1,1,0
S01007675,Solid fuel (for example wood coal) central heating,20,4,16,20,4,16,0,0,0,0,0,0
S01007675,Other central heating,8,2,6,7,1,6,1,1,0,0,0,0
S01007675,Two or more types of central heating,13,8,5,6,2,4,3,2,1,4,4,0
S01007676,All people in households,681,112,569,583,32,551,75,57,18,23,23,0
S01007676,No central heating,0,0,0,0,0,0,0,0,0,0,0,0
S01007676,Gas central heating,220,33,187,192,10,182,23,18,5,5,5,0
S01007676,Electric (including storage heaters) central heating,34,8,26,26,1,25,3,2,1,5,5,0
S01007676,Oil central heating,330,57,273,283,18,265,41,33,8,6,6,0
S01007676,Solid fuel (for example wood coal) central heating,23,3,20,21,1,20,1,1,0,1,1,0
S01007676,Other central heating,6,0,6,6,0,6,0,0,0,0,0,0
S01007676,Two or more types of central heating,68,11,57,55,2,53,7,3,4,6,6,0
S01007677,All people in households,511,95,416,428,37,391,58,33,25,25,25,0
S01007677,No central heating,10,5,5,6,1,5,2,2,0,2,2,0
S01007677,Gas central heating,424,81,343,353,31,322,51,30,21,20,20,0
S01007677,Electric (including storage heaters) central heating,26,6,20,21,3,18,3,1,2,2,2,0
S01007677,Oil central heating,43,3,40,40,2,38,2,0,2,1,1,0
S01007677,Solid fuel (for example wood coal) central heating,2,0,2,2,0,2,0,0,0,0,0,0
S01007677,Other central heating,0,0,0,0,0,0,0,0,0,0,0,0
S01007677,Two or more types of central heating,6,0,6,6,0,6,0,0,0,0,0,0
S01007678,All people in households,788,221,567,576,50,526,147,109,38,65,62,3
S01007678,No central heating,14,6,8,9,1,8,5,5,0,0,0,0
S01007678,Gas central heating,555,154,401,407,35,372,98,71,27,50,48,2
S01007678,Electric (including storage heaters) central heating,120,44,76,76,8,68,32,25,7,12,11,1
S01007678,Oil central heating,39,6,33,37,4,33,1,1,0,1,1,0
S01007678,Solid fuel (for example wood coal) central heating,50,9,41,38,1,37,10,6,4,2,2,0
S01007678,Other central heating,0,0,0,0,0,0,0,0,0,0,0,0
S01007678,Two or more types of central heating,10,2,8,9,1,8,1,1,0,0,0,0
S01007679,All people in households,843,214,629,637,54,583,139,94,45,67,66,1
S01007679,No central heating,13,3,10,10,1,9,2,1,1,1,1,0
S01007679,Gas central heating,630,158,472,476,39,437,106,72,34,48,47,1
S01007679,Electric (including storage heaters) central heating,97,26,71,73,5,68,12,9,3,12,12,0
S01007679,Oil central heating,38,8,30,34,5,29,1,0,1,3,3,0
S01007679,Solid fuel (for example wood coal) central heating,31,7,24,24,2,22,6,4,2,1,1,0
S01007679,Other central heating,11,1,10,7,0,7,4,1,3,0,0,0
S01007679,Two or more types of central heating,23,11,12,13,2,11,8,7,1,2,2,0
S01007680,All people in households,916,144,772,789,55,734,97,59,38,30,30,0
S01007680,No central heating,6,0,6,5,0,5,1,0,1,0,0,0
S01007680,Gas central heating,765,119,646,665,46,619,76,49,27,24,24,0
S01007680,Electric (including storage heaters) central heating,33,5,28,31,4,27,1,0,1,1,1,0
S01007680,Oil central heating,70,17,53,52,3,49,14,10,4,4,4,0
S01007680,Solid fuel (for example wood coal) central heating,31,2,29,25,1,24,5,0,5,1,1,0
S01007680,Other central heating,3,0,3,3,0,3,0,0,0,0,0,0
S01007680,Two or more types of central heating,8,1,7,8,1,7,0,0,0,0,0,0
S01007681,All people in households,389,100,289,306,35,271,55,37,18,28,28,0
S01007681,No central heating,2,2,0,1,1,0,1,1,0,0,0,0
S01007681,Gas central heating,275,70,205,215,24,191,38,24,14,22,22,0
S01007681,Electric (including storage heaters) central heating,28,8,20,20,1,19,4,3,1,4,4,0
S01007681,Oil central heating,47,8,39,42,5,37,5,3,2,0,0,0
S01007681,Solid fuel (for example wood coal) central heating,18,7,11,13,2,11,4,4,0,1,1,0
S01007681,Other central heating,0,0,0,0,0,0,0,0,0,0,0,0
S01007681,Two or more types of central heating,19,5,14,15,2,13,3,2,1,1,1,0
S01007682,All people in households,882,132,750,787,58,729,68,48,20,27,26,1
S01007682,No central heating,8,1,7,7,1,6,1,0,1,0,0,0
S01007682,Gas central heating,776,111,665,700,50,650,54,40,14,22,21,1
S01007682,Electric (including storage heaters) central heating,81,16,65,67,5,62,10,7,3,4,4,0
S01007682,Oil central heating,4,1,3,4,1,3,0,0,0,0,0,0
S01007682,Solid fuel (for example wood coal) central heating,0,0,0,0,0,0,0,0,0,0,0,0
S01007682,Other central heating,2,2,0,0,0,0,1,1,0,1,1,0
S01007682,Two or more types of central heating,11,1,10,9,1,8,2,0,2,0,0,0
S01007683,All people in households,701,79,622,637,33,604,47,29,18,17,17,0
S01007683,No central heating,8,0,8,8,0,8,0,0,0,0,0,0
S01007683,Gas central heating,548,67,481,502,32,470,33,22,11,13,13,0
S01007683,Electric (including storage heaters) central heating,131,11,120,114,1,113,13,6,7,4,4,0
S01007683,Oil central heating,0,0,0,0,0,0,0,0,0,0,0,0
S01007683,Solid fuel (for example wood coal) central heating,0,0,0,0,0,0,0,0,0,0,0,0
S01007683,Other central heating,1,0,1,1,0,1,0,0,0,0,0,0
S01007683,Two or more types of central heating,13,1,12,12,0,12,1,1,0,0,0,0
S01007684,All people in households,781,120,661,715,71,644,53,36,17,13,13,0
S01007684,No central heating,14,4,10,11,2,9,3,2,1,0,0,0
S01007684,Gas central heating,718,103,615,662,62,600,44,29,15,12,12,0
S01007684,Electric (including storage heaters) central heating,21,6,15,19,4,15,2,2,0,0,0,0
S01007684,Oil central heating,8,1,7,7,1,6,1,0,1,0,0,0
S01007684,Solid fuel (for example wood coal) central heating,2,2,0,0,0,0,1,1,0,1,1,0
S01007684,Other central heating,0,0,0,0,0,0,0,0,0,0,0,0
S01007684,Two or more types of central heating,18,4,14,16,2,14,2,2,0,0,0,0
S01007685,All people in households,638,89,549,574,43,531,46,30,16,18,16,2
S01007685,No central heating,8,2,6,6,0,6,2,2,0,0,0,0
S01007685,Gas central heating,599,81,518,542,42,500,41,25,16,16,14,2
S01007685,Electric (including storage heaters) central heating,24,2,22,22,0,22,1,1,0,1,1,0
S01007685,Oil central heating,1,1,0,0,0,0,1,1,0,0,0,0
S01007685,Solid fuel (for example wood coal) central heating,0,0,0,0,0,0,0,0,0,0,0,0
S01007685,Other central heating,0,0,0,0,0,0,0,0,0,0,0,0
S01007685,Two or more types of central heating,6,3,3,4,1,3,1,1,0,1,1,0
S01007686,All people in households,665,100,565,587,37,550,62,47,15,16,16,0
S01007686,No central heating,12,1,11,12,1,11,0,0,0,0,0,0
S01007686,Gas central heating,604,90,514,536,35,501,54,41,13,14,14,0
S01007686,Electric (including storage heaters) central heating,45,7,38,38,1,37,6,5,1,1,1,0
S01007686,Oil central heating,1,0,1,1,0,1,0,0,0,0,0,0
S01007686,Solid fuel (for example wood coal) central heating,0,0,0,0,0,0,0,0,0,0,0,0
S01007686,Other central heating,0,0,0,0,0,0,0,0,0,0,0,0
S01007686,Two or more types of central heating,3,2,1,0,0,0,2,1,1,1,1,0
S01007687,All people in households,869,92,777,791,36,755,61,39,22,17,17,0
S01007687,No central heating,29,4,25,23,0,23,5,3,2,1,1,0
S01007687,Gas central heating,737,74,663,677,33,644,46,27,19,14,14,0
S01007687,Electric (including storage heaters) central heating,93,12,81,82,2,80,9,8,1,2,2,0
S01007687,Oil central heating,2,0,2,2,0,2,0,0,0,0,0,0
S01007687,Solid fuel (for example wood coal) central heating,0,0,0,0,0,0,0,0,0,0,0,0
S01007687,Other central heating,0,0,0,0,0,0,0,0,0,0,0,0
S01007687,Two or more types of central heating,8,2,6,7,1,6,1,1,0,0,0,0
S01007688,All people in households,1015,93,922,937,33,904,48,32,16,30,28,2
S01007688,No central heating,81,13,68,72,5,67,5,4,1,4,4,0
S01007688,Gas central heating,585,48,537,548,19,529,22,15,7,15,14,1
S01007688,Electric (including storage heaters) central heating,333,31,302,302,8,294,20,13,7,11,10,1
S01007688,Oil central heating,0,0,0,0,0,0,0,0,0,0,0,0
S01007688,Solid fuel (for example wood coal) central heating,0,0,0,0,0,0,0,0,0,0,0,0
S01007688,Other central heating,0,0,0,0,0,0,0,0,0,0,0,0
S01007688,Two or more types of central heating,16,1,15,15,1,14,1,0,1,0,0,0
S01007689,All people in households,579,74,505,520,26,494,40,30,10,19,18,1
S01007689,No central heating,23,1,22,21,0,21,2,1,1,0,0,0
S01007689,Gas central heating,421,49,372,384,17,367,24,20,4,13,12,1
S01007689,Electric (including storage heaters) central heating,99,21,78,85,9,76,9,7,2,5,5,0
S01007689,Oil central heating,1,1,0,0,0,0,1,1,0,0,0,0
S01007689,Solid fuel (for example wood coal) central heating,0,0,0,0,0,0,0,0,0,0,0,0
S01007689,Other central heating,0,0,0,0,0,0,0,0,0,0,0,0
S01007689,Two or more types of central heating,35,2,33,30,0,30,4,1,3,1,1,0
S01007690,All people in households,835,95,740,756,44,712,49,26,23,30,25,5
S01007690,No central heating,31,4,27,27,1,26,2,1,1,2,2,0
S01007690,Gas central heating,625,49,576,588,27,561,23,12,11,14,10,4
S01007690,Electric (including storage heaters) central heating,164,40,124,129,16,113,21,11,10,14,13,1
S01007690,Oil central heating,2,0,2,2,0,2,0,0,0,0,0,0
S01007690,Solid fuel (for example wood coal) central heating,0,0,0,0,0,0,0,0,0,0,0,0
S01007690,Other central heating,0,0,0,0,0,0,0,0,0,0,0,0
S01007690,Two or more types of central heating,13,2,11,10,0,10,3,2,1,0,0,0
S01007691,All people in households,1013,130,883,886,38,848,84,50,34,43,42,1
S01007691,No central heating,55,3,52,51,0,51,3,2,1,1,1,0
S01007691,Gas central heating,502,66,436,437,21,416,43,24,19,22,21,1
S01007691,Electric (including storage heaters) central heating,420,60,360,366,17,349,35,24,11,19,19,0
S01007691,Oil central heating,1,0,1,0,0,0,1,0,1,0,0,0
S01007691,Solid fuel (for example wood coal) central heating,0,0,0,0,0,0,0,0,0,0,0,0
S01007691,Other central heating,0,0,0,0,0,0,0,0,0,0,0,0
S01007691,Two or more types of central heating,35,1,34,32,0,32,2,0,2,1,1,0
S01007692,All people in households,939,101,838,830,26,804,78,45,33,31,30,1
S01007692,No central heating,30,6,24,25,2,23,1,0,1,4,4,0
S01007692,Gas central heating,673,67,606,603,20,583,53,31,22,17,16,1
S01007692,Electric (including storage heaters) central heating,207,28,179,175,4,171,22,14,8,10,10,0
S01007692,Oil central heating,2,0,2,2,0,2,0,0,0,0,0,0
S01007692,Solid fuel (for example wood coal) central heating,0,0,0,0,0,0,0,0,0,0,0,0
S01007692,Other central heating,1,0,1,1,0,1,0,0,0,0,0,0
S01007692,Two or more types of central heating,26,0,26,24,0,24,2,0,2,0,0,0
S01007693,All people in households,563,88,475,479,28,451,53,30,23,31,30,1
S01007693,No central heating,82,6,76,73,1,72,7,3,4,2,2,0
S01007693,Gas central heating,316,55,261,269,19,250,29,19,10,18,17,1
S01007693,Electric (including storage heaters) central heating,152,23,129,128,8,120,16,7,9,8,8,0
S01007693,Oil central heating,0,0,0,0,0,0,0,0,0,0,0,0
S01007693,Solid fuel (for example wood coal) central heating,0,0,0,0,0,0,0,0,0,0,0,0
S01007693,Other central heating,0,0,0,0,0,0,0,0,0,0,0,0
S01007693,Two or more types of central heating,13,4,9,9,0,9,1,1,0,3,3,0
S01007694,All people in households,1015,169,846,892,76,816,80,52,28,43,41,2
S01007694,No central heating,46,5,41,41,1,40,2,1,1,3,3,0
S01007694,Gas central heating,630,93,537,569,46,523,39,26,13,22,21,1
S01007694,Electric (including storage heaters) central heating,286,64,222,235,27,208,36,23,13,15,14,1
S01007694,Oil central heating,0,0,0,0,0,0,0,0,0,0,0,0
S01007694,Solid fuel (for example wood coal) central heating,0,0,0,0,0,0,0,0,0,0,0,0
S01007694,Other central heating,0,0,0,0,0,0,0,0,0,0,0,0
S01007694,Two or more types of central heating,53,7,46,47,2,45,3,2,1,3,3,0
S01007695,All people in households,963,235,728,760,69,691,128,93,35,75,73,2
S01007695,No central heating,56,10,46,45,3,42,8,4,4,3,3,0
S01007695,Gas central heating,678,174,504,537,52,485,89,71,18,52,51,1
S01007695,Electric (including storage heaters) central heating,194,42,152,150,12,138,27,14,13,17,16,1
S01007695,Oil central heating,0,0,0,0,0,0,0,0,0,0,0,0
S01007695,Solid fuel (for example wood coal) central heating,0,0,0,0,0,0,0,0,0,0,0,0
S01007695,Other central heating,2,0,2,2,0,2,0,0,0,0,0,0
S01007695,Two or more types of central heating,33,9,24,26,2,24,4,4,0,3,3,0
S01007696,All people in households,800,118,682,694,48,646,71,40,31,35,30,5
S01007696,No central heating,57,8,49,43,3,40,10,2,8,4,3,1
S01007696,Gas central heating,485,64,421,440,28,412,32,23,9,13,13,0
S01007696,Electric (including storage heaters) central heating,244,44,200,198,16,182,28,14,14,18,14,4
S01007696,Oil central heating,1,0,1,1,0,1,0,0,0,0,0,0
S01007696,Solid fuel (for example wood coal) central heating,0,0,0,0,0,0,0,0,0,0,0,0
S01007696,Other central heating,0,0,0,0,0,0,0,0,0,0,0,0
S01007696,Two or more types of central heating,13,2,11,12,1,11,1,1,0,0,0,0
S01007697,All people in households,948,220,728,754,63,691,123,87,36,71,70,1
S01007697,No central heating,36,5,31,31,2,29,3,1,2,2,2,0
S01007697,Gas central heating,685,160,525,546,46,500,85,61,24,54,53,1
S01007697,Electric (including storage heaters) central heating,211,51,160,166,14,152,31,23,8,14,14,0
S01007697,Oil central heating,0,0,0,0,0,0,0,0,0,0,0,0
S01007697,Solid fuel (for example wood coal) central heating,0,0,0,0,0,0,0,0,0,0,0,0
S01007697,Other central heating,1,0,1,1,0,1,0,0,0,0,0,0
S01007697,Two or more types of central heating,15,4,11,10,1,9,4,2,2,1,1,0
S01007698,All people in households,1056,112,944,954,35,919,58,36,22,44,41,3
S01007698,No central heating,136,12,124,123,2,121,8,5,3,5,5,0
S01007698,Gas central heating,662,69,593,600,24,576,38,24,14,24,21,3
S01007698,Electric (including storage heaters) central heating,226,26,200,204,8,196,10,6,4,12,12,0
S01007698,Oil central heating,0,0,0,0,0,0,0,0,0,0,0,0
S01007698,Solid fuel (for example wood coal) central heating,0,0,0,0,0,0,0,0,0,0,0,0
S01007698,Other central heating,0,0,0,0,0,0,0,0,0,0,0,0
S01007698,Two or more types of central heating,32,5,27,27,1,26,2,1,1,3,3,0
S01007699,All people in households,808,131,677,696,45,651,61,39,22,51,47,4
S01007699,No central heating,73,11,62,63,4,59,5,2,3,5,5,0
S01007699,Gas central heating,492,85,407,426,33,393,37,24,13,29,28,1
S01007699,Electric (including storage heaters) central heating,209,34,175,174,8,166,18,12,6,17,14,3
S01007699,Oil central heating,2,0,2,2,0,2,0,0,0,0,0,0
S01007699,Solid fuel (for example wood coal) central heating,0,0,0,0,0,0,0,0,0,0,0,0
S01007699,Other central heating,2,0,2,2,0,2,0,0,0,0,0,0
S01007699,Two or more types of central heating,30,1,29,29,0,29,1,1,0,0,0,0
S01007700,All people in households,971,146,825,860,58,802,75,53,22,36,35,1
S01007700,No central heating,31,7,24,24,1,23,6,5,1,1,1,0
S01007700,Gas central heating,825,114,711,746,52,694,54,38,16,25,24,1
S01007700,Electric (including storage heaters) central heating,87,17,70,68,3,65,11,6,5,8,8,0
S01007700,Oil central heating,1,1,0,1,1,0,0,0,0,0,0,0
S01007700,Solid fuel (for example wood coal) central heating,1,0,1,1,0,1,0,0,0,0,0,0
S01007700,Other central heating,1,1,0,0,0,0,1,1,0,0,0,0
S01007700,Two or more types of central heating,25,6,19,20,1,19,3,3,0,2,2,0
S01007701,All people in households,535,124,411,409,40,369,88,50,38,38,34,4
S01007701,No central heating,47,11,36,36,2,34,7,5,2,4,4,0
S01007701,Gas central heating,216,42,174,179,17,162,26,16,10,11,9,2
S01007701,Electric (including storage heaters) central heating,254,67,187,179,20,159,54,28,26,21,19,2
S01007701,Oil central heating,0,0,0,0,0,0,0,0,0,0,0,0
S01007701,Solid fuel (for example wood coal) central heating,0,0,0,0,0,0,0,0,0,0,0,0
S01007701,Other central heating,6,1,5,5,0,5,0,0,0,1,1,0
S01007701,Two or more types of central heating,12,3,9,10,1,9,1,1,0,1,1,0
S01007702,All people in households,560,47,513,528,25,503,21,11,10,11,11,0
S01007702,No central heating,33,2,31,30,0,30,3,2,1,0,0,0
S01007702,Gas central heating,432,32,400,410,18,392,14,6,8,8,8,0
S01007702,Electric (including storage heaters) central heating,82,11,71,75,5,70,4,3,1,3,3,0
S01007702,Oil central heating,0,0,0,0,0,0,0,0,0,0,0,0
S01007702,Solid fuel (for example wood coal) central heating,0,0,0,0,0,0,0,0,0,0,0,0
S01007702,Other central heating,0,0,0,0,0,0,0,0,0,0,0,0
S01007702,Two or more types of central heating,13,2,11,13,2,11,0,0,0,0,0,0
S01007703,All people in households,762,133,629,634,38,596,93,61,32,35,34,1
S01007703,No central heating,20,2,18,19,1,18,1,1,0,0,0,0
S01007703,Gas central heating,651,115,536,538,32,506,84,55,29,29,28,1
S01007703,Electric (including storage heaters) central heating,83,16,67,70,5,65,7,5,2,6,6,0
S01007703,Oil central heating,0,0,0,0,0,0,0,0,0,0,0,0
S01007703,Solid fuel (for example wood coal) central heating,0,0,0,0,0,0,0,0,0,0,0,0
S01007703,Other central heating,0,0,0,0,0,0,0,0,0,0,0,0
S01007703,Two or more types of central heating,8,0,8,7,0,7,1,0,1,0,0,0
S01007704,All people in households,907,218,689,668,41,627,141,86,55,98,91,7
S01007704,No central heating,32,10,22,21,0,21,1,1,0,10,9,1
S01007704,Gas central heating,317,46,271,271,16,255,32,18,14,14,12,2
S01007704,Electric (including storage heaters) central heating,535,156,379,359,25,334,105,64,41,71,67,4
S01007704,Oil central heating,2,1,1,1,0,1,1,1,0,0,0,0
S01007704,Solid fuel (for example wood coal) central heating,0,0,0,0,0,0,0,0,0,0,0,0
S01007704,Other central heating,3,1,2,2,0,2,0,0,0,1,1,0
S01007704,Two or more types of central heating,18,4,14,14,0,14,2,2,0,2,2,0
S01007705,All people in households,541,33,508,506,17,489,28,11,17,7,5,2
S01007705,No central heating,38,3,35,34,1,33,4,2,2,0,0,0
S01007705,Gas central heating,307,7,300,296,4,292,9,2,7,2,1,1
S01007705,Electric (including storage heaters) central heating,185,23,162,167,12,155,14,7,7,4,4,0
S01007705,Oil central heating,0,0,0,0,0,0,0,0,0,0,0,0
S01007705,Solid fuel (for example wood coal) central heating,0,0,0,0,0,0,0,0,0,0,0,0
S01007705,Other central heating,0,0,0,0,0,0,0,0,0,0,0,0
S01007705,Two or more types of central heating,11,0,11,9,0,9,1,0,1,1,0,1
S01007706,All people in households,775,49,726,723,20,703,33,15,18,19,14,5
S01007706,No central heating,49,5,44,42,1,41,5,2,3,2,2,0
S01007706,Gas central heating,435,23,412,410,10,400,19,9,10,6,4,2
S01007706,Electric (including storage heaters) central heating,285,21,264,265,9,256,9,4,5,11,8,3
S01007706,Oil central heating,0,0,0,0,0,0,0,0,0,0,0,0
S01007706,Solid fuel (for example wood coal) central heating,0,0,0,0,0,0,0,0,0,0,0,0
S01007706,Other central heating,0,0,0,0,0,0,0,0,0,0,0,0
S01007706,Two or more types of central heating,6,0,6,6,0,6,0,0,0,0,0,0
S01007707,All people in households,862,51,811,816,15,801,35,26,9,11,10,1
S01007707,No central heating,33,0,33,33,0,33,0,0,0,0,0,0
S01007707,Gas central heating,463,34,429,431,8,423,23,18,5,9,8,1
S01007707,Electric (including storage heaters) central heating,351,14,337,337,4,333,12,8,4,2,2,0
S01007707,Oil central heating,0,0,0,0,0,0,0,0,0,0,0,0
S01007707,Solid fuel (for example wood coal) central heating,0,0,0,0,0,0,0,0,0,0,0,0
S01007707,Other central heating,3,0,3,3,0,3,0,0,0,0,0,0
S01007707,Two or more types of central heating,12,3,9,12,3,9,0,0,0,0,0,0
S01007708,All people in households,644,134,510,514,35,479,81,54,27,49,45,4
S01007708,No central heating,41,8,33,32,4,28,7,2,5,2,2,0
S01007708,Gas central heating,394,83,311,324,21,303,39,32,7,31,30,1
S01007708,Electric (including storage heaters) central heating,184,37,147,139,9,130,31,17,14,14,11,3
S01007708,Oil central heating,3,0,3,3,0,3,0,0,0,0,0,0
S01007708,Solid fuel (for example wood coal) central heating,0,0,0,0,0,0,0,0,0,0,0,0
S01007708,Other central heating,0,0,0,0,0,0,0,0,0,0,0,0
S01007708,Two or more types of central heating,22,6,16,16,1,15,4,3,1,2,2,0
S01007709,All people in households,539,124,415,422,38,384,73,42,31,44,44,0
S01007709,No central heating,35,6,29,26,1,25,7,3,4,2,2,0
S01007709,Gas central heating,292,57,235,239,18,221,33,19,14,20,20,0
S01007709,Electric (including storage heaters) central heating,193,56,137,142,18,124,30,17,13,21,21,0
S01007709,Oil central heating,0,0,0,0,0,0,0,0,0,0,0,0
S01007709,Solid fuel (for example wood coal) central heating,0,0,0,0,0,0,0,0,0,0,0,0
S01007709,Other central heating,0,0,0,0,0,0,0,0,0,0,0,0
S01007709,Two or more types of central heating,19,5,14,15,1,14,3,3,0,1,1,0
S01007710,All people in households,803,116,687,678,29,649,86,51,35,39,36,3
S01007710,No central heating,74,8,66,67,3,64,6,4,2,1,1,0
S01007710,Gas central heating,248,23,225,223,9,214,19,9,10,6,5,1
S01007710,Electric (including storage heaters) central heating,474,84,390,381,16,365,61,38,23,32,30,2
S01007710,Oil central heating,0,0,0,0,0,0,0,0,0,0,0,0
S01007710,Solid fuel (for example wood coal) central heating,0,0,0,0,0,0,0,0,0,0,0,0
S01007710,Other central heating,0,0,0,0,0,0,0,0,0,0,0,0
S01007710,Two or more types of central heating,7,1,6,7,1,6,0,0,0,0,0,0
S01007711,All people in households,961,169,792,789,41,748,117,76,41,55,52,3
S01007711,No central heating,32,7,25,24,1,23,4,3,1,4,3,1
S01007711,Gas central heating,586,102,484,481,21,460,70,47,23,35,34,1
S01007711,Electric (including storage heaters) central heating,291,50,241,243,16,227,34,21,13,14,13,1
S01007711,Oil central heating,0,0,0,0,0,0,0,0,0,0,0,0
S01007711,Solid fuel (for example wood coal) central heating,0,0,0,0,0,0,0,0,0,0,0,0
S01007711,Other central heating,10,2,8,9,1,8,1,1,0,0,0,0
S01007711,Two or more types of central heating,42,8,34,32,2,30,8,4,4,2,2,0
S01007712,All people in households,644,80,564,563,38,525,61,22,39,20,20,0
S01007712,No central heating,77,4,73,71,2,69,5,1,4,1,1,0
S01007712,Gas central heating,302,42,260,266,20,246,26,12,14,10,10,0
S01007712,Electric (including storage heaters) central heating,257,30,227,220,13,207,29,9,20,8,8,0
S01007712,Oil central heating,0,0,0,0,0,0,0,0,0,0,0,0
S01007712,Solid fuel (for example wood coal) central heating,0,0,0,0,0,0,0,0,0,0,0,0
S01007712,Other central heating,1,1,0,1,1,0,0,0,0,0,0,0
S01007712,Two or more types of central heating,7,3,4,5,2,3,1,0,1,1,1,0
S01007713,All people in households,472,93,379,386,27,359,61,42,19,25,24,1
S01007713,No central heating,11,3,8,8,1,7,3,2,1,0,0,0
S01007713,Gas central heating,354,76,278,281,18,263,51,37,14,22,21,1
S01007713,Electric (including storage heaters) central heating,72,11,61,65,6,59,5,3,2,2,2,0
S01007713,Oil central heating,0,0,0,0,0,0,0,0,0,0,0,0
S01007713,Solid fuel (for example wood coal) central heating,0,0,0,0,0,0,0,0,0,0,0,0
S01007713,Other central heating,1,0,1,0,0,0,1,0,1,0,0,0
S01007713,Two or more types of central heating,34,3,31,32,2,30,1,0,1,1,1,0
S01007714,All people in households,637,117,520,523,35,488,75,47,28,39,35,4
S01007714,No central heating,33,8,25,27,4,23,2,1,1,4,3,1
S01007714,Gas central heating,423,77,346,349,24,325,50,31,19,24,22,2
S01007714,Electric (including storage heaters) central heating,169,28,141,138,6,132,21,13,8,10,9,1
S01007714,Oil central heating,2,2,0,1,1,0,1,1,0,0,0,0
S01007714,Solid fuel (for example wood coal) central heating,1,0,1,1,0,1,0,0,0,0,0,0
S01007714,Other central heating,0,0,0,0,0,0,0,0,0,0,0,0
S01007714,Two or more types of central heating,9,2,7,7,0,7,1,1,0,1,1,0
S01007715,All people in households,516,122,394,415,34,381,68,55,13,33,33,0
S01007715,No central heating,35,6,29,27,0,27,4,2,2,4,4,0
S01007715,Gas central heating,208,70,138,157,23,134,35,31,4,16,16,0
S01007715,Electric (including storage heaters) central heating,240,38,202,205,10,195,26,19,7,9,9,0
S01007715,Oil central heating,0,0,0,0,0,0,0,0,0,0,0,0
S01007715,Solid fuel (for example wood coal) central heating,0,0,0,0,0,0,0,0,0,0,0,0
S01007715,Other central heating,0,0,0,0,0,0,0,0,0,0,0,0
S01007715,Two or more types of central heating,33,8,25,26,1,25,3,3,0,4,4,0
S01007716,All people in households,967,250,717,738,62,676,150,111,39,79,77,2
S01007716,No central heating,127,21,106,105,5,100,16,10,6,6,6,0
S01007716,Gas central heating,432,147,285,297,29,268,88,73,15,47,45,2
S01007716,Electric (including storage heaters) central heating,380,71,309,315,22,293,42,26,16,23,23,0
S01007716,Oil central heating,1,0,1,1,0,1,0,0,0,0,0,0
S01007716,Solid fuel (for example wood coal) central heating,0,0,0,0,0,0,0,0,0,0,0,0
S01007716,Other central heating,2,1,1,2,1,1,0,0,0,0,0,0
S01007716,Two or more types of central heating,25,10,15,18,5,13,4,2,2,3,3,0
S01007717,All people in households,997,224,773,785,60,725,123,83,40,89,81,8
S01007717,No central heating,100,28,72,73,6,67,15,12,3,12,10,2
S01007717,Gas central heating,305,52,253,256,17,239,32,19,13,17,16,1
S01007717,Electric (including storage heaters) central heating,565,134,431,441,36,405,69,47,22,55,51,4
S01007717,Oil central heating,0,0,0,0,0,0,0,0,0,0,0,0
S01007717,Solid fuel (for example wood coal) central heating,0,0,0,0,0,0,0,0,0,0,0,0
S01007717,Other central heating,6,0,6,5,0,5,0,0,0,1,0,1
S01007717,Two or more types of central heating,21,10,11,10,1,9,7,5,2,4,4,0
S01007718,All people in households,689,202,487,486,48,438,140,93,47,63,61,2
S01007718,No central heating,98,22,76,74,2,72,15,11,4,9,9,0
S01007718,Gas central heating,437,144,293,297,33,264,93,65,28,47,46,1
S01007718,Electric (including storage heaters) central heating,134,28,106,102,10,92,26,13,13,6,5,1
S01007718,Oil central heating,1,0,1,1,0,1,0,0,0,0,0,0
S01007718,Solid fuel (for example wood coal) central heating,0,0,0,0,0,0,0,0,0,0,0,0
S01007718,Other central heating,2,0,2,2,0,2,0,0,0,0,0,0
S01007718,Two or more types of central heating,17,8,9,10,3,7,6,4,2,1,1,0
S01007719,All people in households,960,294,666,685,70,615,174,124,50,101,100,1
S01007719,No central heating,65,14,51,56,6,50,4,3,1,5,5,0
S01007719,Gas central heating,734,244,490,508,57,451,139,101,38,87,86,1
S01007719,Electric (including storage heaters) central heating,135,25,110,113,7,106,18,14,4,4,4,0
S01007719,Oil central heating,0,0,0,0,0,0,0,0,0,0,0,0
S01007719,Solid fuel (for example wood coal) central heating,0,0,0,0,0,0,0,0,0,0,0,0
S01007719,Other central heating,1,1,0,0,0,0,1,1,0,0,0,0
S01007719,Two or more types of central heating,25,10,15,8,0,8,12,5,7,5,5,0
S01007720,All people in households,705,242,463,494,64,430,129,97,32,82,81,1
S01007720,No central heating,8,2,6,7,1,6,0,0,0,1,1,0
S01007720,Gas central heating,601,212,389,416,56,360,114,85,29,71,71,0
S01007720,Electric (including storage heaters) central heating,78,20,58,61,5,56,8,7,1,9,8,1
S01007720,Oil central heating,0,0,0,0,0,0,0,0,0,0,0,0
S01007720,Solid fuel (for example wood coal) central heating,0,0,0,0,0,0,0,0,0,0,0,0
S01007720,Other central heating,0,0,0,0,0,0,0,0,0,0,0,0
S01007720,Two or more types of central heating,18,8,10,10,2,8,7,5,2,1,1,0
S01007721,All people in households,730,183,547,572,53,519,106,78,28,52,52,0
S01007721,No central heating,26,7,19,18,1,17,6,4,2,2,2,0
S01007721,Gas central heating,486,119,367,387,37,350,68,51,17,31,31,0
S01007721,Electric (including storage heaters) central heating,197,55,142,147,14,133,31,22,9,19,19,0
S01007721,Oil central heating,0,0,0,0,0,0,0,0,0,0,0,0
S01007721,Solid fuel (for example wood coal) central heating,0,0,0,0,0,0,0,0,0,0,0,0
S01007721,Other central heating,4,2,2,3,1,2,1,1,0,0,0,0
S01007721,Two or more types of central heating,17,0,17,17,0,17,0,0,0,0,0,0
S01007722,All people in households,840,244,596,587,54,533,163,103,60,90,87,3
S01007722,No central heating,19,4,15,14,2,12,3,1,2,2,1,1
S01007722,Gas central heating,667,184,483,471,38,433,127,79,48,69,67,2
S01007722,Electric (including storage heaters) central heating,117,41,76,78,9,69,26,19,7,13,13,0
S01007722,Oil central heating,3,1,2,3,1,2,0,0,0,0,0,0
S01007722,Solid fuel (for example wood coal) central heating,0,0,0,0,0,0,0,0,0,0,0,0
S01007722,Other central heating,0,0,0,0,0,0,0,0,0,0,0,0
S01007722,Two or more types of central heating,34,14,20,21,4,17,7,4,3,6,6,0
S01007723,All people in households,952,330,622,641,80,561,187,132,55,124,118,6
S01007723,No central heating,29,8,21,19,2,17,7,4,3,3,2,1
S01007723,Gas central heating,759,276,483,502,68,434,157,113,44,100,95,5
S01007723,Electric (including storage heaters) central heating,118,28,90,95,9,86,11,7,4,12,12,0
S01007723,Oil central heating,3,1,2,2,0,2,0,0,0,1,1,0
S01007723,Solid fuel (for example wood coal) central heating,0,0,0,0,0,0,0,0,0,0,0,0
S01007723,Other central heating,2,2,0,0,0,0,2,2,0,0,0,0
S01007723,Two or more types of central heating,41,15,26,23,1,22,10,6,4,8,8,0
S01007724,All people in households,643,105,538,523,28,495,77,37,40,43,40,3
S01007724,No central heating,77,15,62,57,3,54,13,5,8,7,7,0
S01007724,Gas central heating,391,68,323,319,20,299,48,25,23,24,23,1
S01007724,Electric (including storage heaters) central heating,142,16,126,122,4,118,10,3,7,10,9,1
S01007724,Oil central heating,0,0,0,0,0,0,0,0,0,0,0,0
S01007724,Solid fuel (for example wood coal) central heating,0,0,0,0,0,0,0,0,0,0,0,0
S01007724,Other central heating,7,3,4,4,0,4,3,3,0,0,0,0
S01007724,Two or more types of central heating,26,3,23,21,1,20,3,1,2,2,1,1
S01007725,All people in households,773,194,579,576,45,531,126,81,45,71,68,3
S01007725,No central heating,59,12,47,44,3,41,10,4,6,5,5,0
S01007725,Gas central heating,562,156,406,407,35,372,98,67,31,57,54,3
S01007725,Electric (including storage heaters) central heating,130,20,110,108,6,102,14,6,8,8,8,0
S01007725,Oil central heating,0,0,0,0,0,0,0,0,0,0,0,0
S01007725,Solid fuel (for example wood coal) central heating,0,0,0,0,0,0,0,0,0,0,0,0
S01007725,Other central heating,0,0,0,0,0,0,0,0,0,0,0,0
S01007725,Two or more types of central heating,22,6,16,17,1,16,4,4,0,1,1,0
S01007726,All people in households,786,171,615,616,42,574,106,67,39,64,62,2
S01007726,No central heating,78,17,61,59,4,55,13,7,6,6,6,0
S01007726,Gas central heating,435,102,333,342,29,313,56,38,18,37,35,2
S01007726,Electric (including storage heaters) central heating,221,40,181,176,6,170,27,16,11,18,18,0
S01007726,Oil central heating,0,0,0,0,0,0,0,0,0,0,0,0
S01007726,Solid fuel (for example wood coal) central heating,0,0,0,0,0,0,0,0,0,0,0,0
S01007726,Other central heating,6,0,6,6,0,6,0,0,0,0,0,0
S01007726,Two or more types of central heating,46,12,34,33,3,30,10,6,4,3,3,0
S01007727,All people in households,1007,220,787,802,58,744,125,86,39,80,76,4
S01007727,No central heating,96,16,80,77,4,73,15,9,6,4,3,1
S01007727,Gas central heating,530,123,407,415,30,385,67,47,20,48,46,2
S01007727,Electric (including storage heaters) central heating,356,74,282,293,23,270,39,27,12,24,24,0
S01007727,Oil central heating,0,0,0,0,0,0,0,0,0,0,0,0
S01007727,Solid fuel (for example wood coal) central heating,0,0,0,0,0,0,0,0,0,0,0,0
S01007727,Other central heating,2,0,2,2,0,2,0,0,0,0,0,0
S01007727,Two or more types of central heating,23,7,16,15,1,14,4,3,1,4,3,1
S01007728,All people in households,694,121,573,566,26,540,82,49,33,46,46,0
S01007728,No central heating,93,18,75,75,4,71,13,9,4,5,5,0
S01007728,Gas central heating,331,53,278,273,11,262,34,18,16,24,24,0
S01007728,Electric (including storage heaters) central heating,242,44,198,197,10,187,31,20,11,14,14,0
S01007728,Oil central heating,0,0,0,0,0,0,0,0,0,0,0,0
S01007728,Solid fuel (for example wood coal) central heating,0,0,0,0,0,0,0,0,0,0,0,0
S01007728,Other central heating,0,0,0,0,0,0,0,0,0,0,0,0
S01007728,Two or more types of central heating,28,6,22,21,1,20,4,2,2,3,3,0
S01007729,All people in households,772,117,655,639,35,604,101,50,51,32,32,0
S01007729,No central heating,104,19,85,78,3,75,18,8,10,8,8,0
S01007729,Gas central heating,342,45,297,296,13,283,39,25,14,7,7,0
S01007729,Electric (including storage heaters) central heating,307,50,257,246,16,230,44,17,27,17,17,0
S01007729,Oil central heating,0,0,0,0,0,0,0,0,0,0,0,0
S01007729,Solid fuel (for example wood coal) central heating,0,0,0,0,0,0,0,0,0,0,0,0
S01007729,Other central heating,1,1,0,1,1,0,0,0,0,0,0,0
S01007729,Two or more types of central heating,18,2,16,18,2,16,0,0,0,0,0,0
S01007730,All people in households,764,116,648,649,36,613,76,43,33,39,37,2
S01007730,No central heating,85,20,65,66,7,59,13,8,5,6,5,1
S01007730,Gas central heating,463,63,400,400,18,382,40,23,17,23,22,1
S01007730,Electric (including storage heaters) central heating,205,31,174,174,11,163,23,12,11,8,8,0
S01007730,Oil central heating,0,0,0,0,0,0,0,0,0,0,0,0
S01007730,Solid fuel (for example wood coal) central heating,0,0,0,0,0,0,0,0,0,0,0,0
S01007730,Other central heating,0,0,0,0,0,0,0,0,0,0,0,0
S01007730,Two or more types of central heating,11,2,9,9,0,9,0,0,0,2,2,0
S01007731,All people in households,729,93,636,630,25,605,65,37,28,34,31,3
S01007731,No central heating,56,8,48,44,0,44,8,4,4,4,4,0
S01007731,Gas central heating,442,52,390,387,17,370,36,18,18,19,17,2
S01007731,Electric (including storage heaters) central heating,214,31,183,187,7,180,17,14,3,10,10,0
S01007731,Oil central heating,0,0,0,0,0,0,0,0,0,0,0,0
S01007731,Solid fuel (for example wood coal) central heating,0,0,0,0,0,0,0,0,0,0,0,0
S01007731,Other central heating,0,0,0,0,0,0,0,0,0,0,0,0
S01007731,Two or more types of central heating,17,2,15,12,1,11,4,1,3,1,0,1
S01007732,All people in households,677,112,565,566,28,538,81,54,27,30,30,0
S01007732,No central heating,52,13,39,37,3,34,13,8,5,2,2,0
S01007732,Gas central heating,413,70,343,347,19,328,44,29,15,22,22,0
S01007732,Electric (including storage heaters) central heating,190,24,166,165,6,159,22,15,7,3,3,0
S01007732,Oil central heating,0,0,0,0,0,0,0,0,0,0,0,0
S01007732,Solid fuel (for example wood coal) central heating,0,0,0,0,0,0,0,0,0,0,0,0
S01007732,Other central heating,3,0,3,3,0,3,0,0,0,0,0,0
S01007732,Two or more types of central heating,19,5,14,14,0,14,2,2,0,3,3,0
S01007733,All people in households,853,116,737,768,48,720,64,47,17,21,21,0
S01007733,No central heating,18,1,17,15,0,15,3,1,2,0,0,0
S01007733,Gas central heating,765,104,661,694,45,649,56,44,12,15,15,0
S01007733,Electric (including storage heaters) central heating,57,10,47,46,2,44,5,2,3,6,6,0
S01007733,Oil central heating,0,0,0,0,0,0,0,0,0,0,0,0
S01007733,Solid fuel (for example wood coal) central heating,0,0,0,0,0,0,0,0,0,0,0,0
S01007733,Other central heating,0,0,0,0,0,0,0,0,0,0,0,0
S01007733,Two or more types of central heating,13,1,12,13,1,12,0,0,0,0,0,0
S01007734,All people in households,821,162,659,697,64,633,100,74,26,24,24,0
S01007734,No central heating,9,1,8,9,1,8,0,0,0,0,0,0
S01007734,Gas central heating,648,131,517,549,52,497,82,62,20,17,17,0
S01007734,Electric (including storage heaters) central heating,150,28,122,127,11,116,16,10,6,7,7,0
S01007734,Oil central heating,5,0,5,5,0,5,0,0,0,0,0,0
S01007734,Solid fuel (for example wood coal) central heating,0,0,0,0,0,0,0,0,0,0,0,0
S01007734,Other central heating,0,0,0,0,0,0,0,0,0,0,0,0
S01007734,Two or more types of central heating,9,2,7,7,0,7,2,2,0,0,0,0
S01007735,All people in households,827,158,669,705,66,639,102,72,30,20,20,0
S01007735,No central heating,25,7,18,20,2,18,3,3,0,2,2,0
S01007735,Gas central heating,607,108,499,528,48,480,69,50,19,10,10,0
S01007735,Electric (including storage heaters) central heating,175,37,138,143,14,129,25,16,9,7,7,0
S01007735,Oil central heating,1,1,0,0,0,0,1,1,0,0,0,0
S01007735,Solid fuel (for example wood coal) central heating,0,0,0,0,0,0,0,0,0,0,0,0
S01007735,Other central heating,3,1,2,1,0,1,1,0,1,1,1,0
S01007735,Two or more types of central heating,16,4,12,13,2,11,3,2,1,0,0,0
S01007736,All people in households,723,141,582,611,45,566,77,61,16,35,35,0
S01007736,No central heating,24,5,19,20,2,18,3,2,1,1,1,0
S01007736,Gas central heating,636,126,510,535,39,496,69,55,14,32,32,0
S01007736,Electric (including storage heaters) central heating,43,8,35,37,3,34,4,3,1,2,2,0
S01007736,Oil central heating,0,0,0,0,0,0,0,0,0,0,0,0
S01007736,Solid fuel (for example wood coal) central heating,0,0,0,0,0,0,0,0,0,0,0,0
S01007736,Other central heating,0,0,0,0,0,0,0,0,0,0,0,0
S01007736,Two or more types of central heating,20,2,18,19,1,18,1,1,0,0,0,0
S01007737,All people in households,1062,217,845,865,67,798,138,91,47,59,59,0
S01007737,No central heating,13,8,5,5,0,5,4,4,0,4,4,0
S01007737,Gas central heating,832,160,672,687,51,636,102,66,36,43,43,0
S01007737,Electric (including storage heaters) central heating,192,42,150,156,15,141,26,17,9,10,10,0
S01007737,Oil central heating,0,0,0,0,0,0,0,0,0,0,0,0
S01007737,Solid fuel (for example wood coal) central heating,0,0,0,0,0,0,0,0,0,0,0,0
S01007737,Other central heating,1,1,0,0,0,0,0,0,0,1,1,0
S01007737,Two or more types of central heating,24,6,18,17,1,16,6,4,2,1,1,0
S01007738,All people in households,730,158,572,599,47,552,94,75,19,37,36,1
S01007738,No central heating,3,2,1,2,1,1,0,0,0,1,1,0
S01007738,Gas central heating,668,144,524,545,41,504,89,70,19,34,33,1
S01007738,Electric (including storage heaters) central heating,46,9,37,40,3,37,4,4,0,2,2,0
S01007738,Oil central heating,2,0,2,2,0,2,0,0,0,0,0,0
S01007738,Solid fuel (for example wood coal) central heating,1,0,1,1,0,1,0,0,0,0,0,0
S01007738,Other central heating,0,0,0,0,0,0,0,0,0,0,0,0
S01007738,Two or more types of central heating,10,3,7,9,2,7,1,1,0,0,0,0
S01007739,All people in households,591,197,394,422,55,367,118,93,25,51,49,2
S01007739,No central heating,5,0,5,4,0,4,0,0,0,1,0,1
S01007739,Gas central heating,500,167,333,361,48,313,100,81,19,39,38,1
S01007739,Electric (including storage heaters) central heating,73,25,48,47,5,42,16,10,6,10,10,0
S01007739,Oil central heating,0,0,0,0,0,0,0,0,0,0,0,0
S01007739,Solid fuel (for example wood coal) central heating,0,0,0,0,0,0,0,0,0,0,0,0
S01007739,Other central heating,0,0,0,0,0,0,0,0,0,0,0,0
S01007739,Two or more types of central heating,13,5,8,10,2,8,2,2,0,1,1,0
S01007740,All people in households,541,109,432,441,30,411,72,53,19,28,26,2
S01007740,No central heating,20,2,18,17,0,17,2,1,1,1,1,0
S01007740,Gas central heating,355,65,290,297,22,275,39,25,14,19,18,1
S01007740,Electric (including storage heaters) central heating,163,40,123,126,8,118,29,25,4,8,7,1
S01007740,Oil central heating,0,0,0,0,0,0,0,0,0,0,0,0
S01007740,Solid fuel (for example wood coal) central heating,0,0,0,0,0,0,0,0,0,0,0,0
S01007740,Other central heating,0,0,0,0,0,0,0,0,0,0,0,0
S01007740,Two or more types of central heating,3,2,1,1,0,1,2,2,0,0,0,0
S01007741,All people in households,753,251,502,535,65,470,138,109,29,80,77,3
S01007741,No central heating,17,2,15,13,1,12,4,1,3,0,0,0
S01007741,Gas central heating,478,141,337,355,37,318,76,59,17,47,45,2
S01007741,Electric (including storage heaters) central heating,247,104,143,160,26,134,54,46,8,33,32,1
S01007741,Oil central heating,0,0,0,0,0,0,0,0,0,0,0,0
S01007741,Solid fuel (for example wood coal) central heating,0,0,0,0,0,0,0,0,0,0,0,0
S01007741,Other central heating,3,2,1,1,0,1,2,2,0,0,0,0
S01007741,Two or more types of central heating,8,2,6,6,1,5,2,1,1,0,0,0
S01007742,All people in households,624,165,459,473,47,426,99,67,32,52,51,1
S01007742,No central heating,7,3,4,2,0,2,4,2,2,1,1,0
S01007742,Gas central heating,554,142,412,426,42,384,83,56,27,45,44,1
S01007742,Electric (including storage heaters) central heating,38,17,21,23,4,19,11,9,2,4,4,0
S01007742,Oil central heating,0,0,0,0,0,0,0,0,0,0,0,0
S01007742,Solid fuel (for example wood coal) central heating,0,0,0,0,0,0,0,0,0,0,0,0
S01007742,Other central heating,7,1,6,6,0,6,0,0,0,1,1,0
S01007742,Two or more types of central heating,18,2,16,16,1,15,1,0,1,1,1,0
S01007743,All people in households,895,200,695,714,57,657,126,91,35,55,52,3
S01007743,No central heating,28,5,23,21,1,20,5,2,3,2,2,0
S01007743,Gas central heating,717,153,564,586,47,539,93,70,23,38,36,2
S01007743,Electric (including storage heaters) central heating,134,38,96,97,9,88,23,16,7,14,13,1
S01007743,Oil central heating,0,0,0,0,0,0,0,0,0,0,0,0
S01007743,Solid fuel (for example wood coal) central heating,0,0,0,0,0,0,0,0,0,0,0,0
S01007743,Other central heating,0,0,0,0,0,0,0,0,0,0,0,0
S01007743,Two or more types of central heating,16,4,12,10,0,10,5,3,2,1,1,0
S01007744,All people in households,766,237,529,550,60,490,125,88,37,91,89,2
S01007744,No central heating,22,8,14,15,2,13,5,4,1,2,2,0
S01007744,Gas central heating,608,197,411,433,50,383,96,70,26,79,77,2
S01007744,Electric (including storage heaters) central heating,113,21,92,92,8,84,16,8,8,5,5,0
S01007744,Oil central heating,0,0,0,0,0,0,0,0,0,0,0,0
S01007744,Solid fuel (for example wood coal) central heating,0,0,0,0,0,0,0,0,0,0,0,0
S01007744,Other central heating,4,1,3,3,0,3,1,1,0,0,0,0
S01007744,Two or more types of central heating,19,10,9,7,0,7,7,5,2,5,5,0
S01007745,All people in households,667,171,496,492,37,455,112,71,41,63,63,0
S01007745,No central heating,34,10,24,25,1,24,3,3,0,6,6,0
S01007745,Gas central heating,510,112,398,393,25,368,81,51,30,36,36,0
S01007745,Electric (including storage heaters) central heating,110,44,66,66,10,56,25,15,10,19,19,0
S01007745,Oil central heating,0,0,0,0,0,0,0,0,0,0,0,0
S01007745,Solid fuel (for example wood coal) central heating,1,1,0,0,0,0,0,0,0,1,1,0
S01007745,Other central heating,0,0,0,0,0,0,0,0,0,0,0,0
S01007745,Two or more types of central heating,12,4,8,8,1,7,3,2,1,1,1,0
S01007746,All people in households,889,204,685,682,47,635,139,91,48,68,66,2
S01007746,No central heating,39,6,33,30,0,30,7,4,3,2,2,0
S01007746,Gas central heating,726,159,567,567,38,529,105,69,36,54,52,2
S01007746,Electric (including storage heaters) central heating,93,33,60,59,8,51,24,15,9,10,10,0
S01007746,Oil central heating,0,0,0,0,0,0,0,0,0,0,0,0
S01007746,Solid fuel (for example wood coal) central heating,1,1,0,0,0,0,0,0,0,1,1,0
S01007746,Other central heating,0,0,0,0,0,0,0,0,0,0,0,0
S01007746,Two or more types of central heating,30,5,25,26,1,25,3,3,0,1,1,0
S01007747,All people in households,505,109,396,398,25,373,68,46,22,39,38,1
S01007747,No central heating,34,3,31,28,0,28,5,2,3,1,1,0
S01007747,Gas central heating,368,94,274,283,24,259,53,38,15,32,32,0
S01007747,Electric (including storage heaters) central heating,92,12,80,77,1,76,10,6,4,5,5,0
S01007747,Oil central heating,0,0,0,0,0,0,0,0,0,0,0,0
S01007747,Solid fuel (for example wood coal) central heating,0,0,0,0,0,0,0,0,0,0,0,0
S01007747,Other central heating,0,0,0,0,0,0,0,0,0,0,0,0
S01007747,Two or more types of central heating,11,0,11,10,0,10,0,0,0,1,0,1
S01007748,All people in households,704,170,534,530,40,490,106,68,38,68,62,6
S01007748,No central heating,25,8,17,16,1,15,6,4,2,3,3,0
S01007748,Gas central heating,525,128,397,398,31,367,77,52,25,50,45,5
S01007748,Electric (including storage heaters) central heating,102,30,72,71,7,64,17,10,7,14,13,1
S01007748,Oil central heating,0,0,0,0,0,0,0,0,0,0,0,0
S01007748,Solid fuel (for example wood coal) central heating,0,0,0,0,0,0,0,0,0,0,0,0
S01007748,Other central heating,0,0,0,0,0,0,0,0,0,0,0,0
S01007748,Two or more types of central heating,52,4,48,45,1,44,6,2,4,1,1,0
S01007749,All people in households,709,108,601,602,29,573,80,52,28,27,27,0
S01007749,No central heating,3,3,0,0,0,0,2,2,0,1,1,0
S01007749,Gas central heating,653,93,560,559,27,532,69,41,28,25,25,0
S01007749,Electric (including storage heaters) central heating,22,6,16,17,1,16,4,4,0,1,1,0
S01007749,Oil central heating,0,0,0,0,0,0,0,0,0,0,0,0
S01007749,Solid fuel (for example wood coal) central heating,0,0,0,0,0,0,0,0,0,0,0,0
S01007749,Other central heating,0,0,0,0,0,0,0,0,0,0,0,0
S01007749,Two or more types of central heating,31,6,25,26,1,25,5,5,0,0,0,0
S01007750,All people in households,794,148,646,689,61,628,86,68,18,19,19,0
S01007750,No central heating,5,3,2,2,0,2,2,2,0,1,1,0
S01007750,Gas central heating,745,126,619,657,55,602,73,56,17,15,15,0
S01007750,Electric (including storage heaters) central heating,34,17,17,21,5,16,10,9,1,3,3,0
S01007750,Oil central heating,0,0,0,0,0,0,0,0,0,0,0,0
S01007750,Solid fuel (for example wood coal) central heating,0,0,0,0,0,0,0,0,0,0,0,0
S01007750,Other central heating,0,0,0,0,0,0,0,0,0,0,0,0
S01007750,Two or more types of central heating,10,2,8,9,1,8,1,1,0,0,0,0
S01007751,All people in households,737,148,589,628,67,561,89,61,28,20,20,0
S01007751,No central heating,5,0,5,5,0,5,0,0,0,0,0,0
S01007751,Gas central heating,704,140,564,602,62,540,82,58,24,20,20,0
S01007751,Electric (including storage heaters) central heating,14,6,8,11,3,8,3,3,0,0,0,0
S01007751,Oil central heating,0,0,0,0,0,0,0,0,0,0,0,0
S01007751,Solid fuel (for example wood coal) central heating,0,0,0,0,0,0,0,0,0,0,0,0
S01007751,Other central heating,6,0,6,6,0,6,0,0,0,0,0,0
S01007751,Two or more types of central heating,8,2,6,4,2,2,4,0,4,0,0,0
S01007752,All people in households,689,179,510,563,70,493,94,77,17,32,32,0
S01007752,No central heating,3,0,3,3,0,3,0,0,0,0,0,0
S01007752,Gas central heating,548,108,440,480,48,432,50,42,8,18,18,0
S01007752,Electric (including storage heaters) central heating,123,66,57,70,22,48,41,32,9,12,12,0
S01007752,Oil central heating,9,0,9,9,0,9,0,0,0,0,0,0
S01007752,Solid fuel (for example wood coal) central heating,0,0,0,0,0,0,0,0,0,0,0,0
S01007752,Other central heating,1,1,0,0,0,0,0,0,0,1,1,0
S01007752,Two or more types of central heating,5,4,1,1,0,1,3,3,0,1,1,0
S01007753,All people in households,535,132,403,405,31,374,76,53,23,54,48,6
S01007753,No central heating,21,3,18,15,1,14,4,0,4,2,2,0
S01007753,Gas central heating,421,92,329,323,16,307,62,44,18,36,32,4
S01007753,Electric (including storage heaters) central heating,70,30,40,46,9,37,9,8,1,15,13,2
S01007753,Oil central heating,0,0,0,0,0,0,0,0,0,0,0,0
S01007753,Solid fuel (for example wood coal) central heating,6,4,2,6,4,2,0,0,0,0,0,0
S01007753,Other central heating,2,1,1,1,0,1,1,1,0,0,0,0
S01007753,Two or more types of central heating,15,2,13,14,1,13,0,0,0,1,1,0
S01007754,All people in households,884,255,629,654,57,597,136,104,32,94,94,0
S01007754,No central heating,27,7,20,22,2,20,3,3,0,2,2,0
S01007754,Gas central heating,705,193,512,534,46,488,105,81,24,66,66,0
S01007754,Electric (including storage heaters) central heating,110,45,65,70,8,62,19,16,3,21,21,0
S01007754,Oil central heating,0,0,0,0,0,0,0,0,0,0,0,0
S01007754,Solid fuel (for example wood coal) central heating,0,0,0,0,0,0,0,0,0,0,0,0
S01007754,Other central heating,0,0,0,0,0,0,0,0,0,0,0,0
S01007754,Two or more types of central heating,42,10,32,28,1,27,9,4,5,5,5,0
S01007755,All people in households,877,248,629,647,73,574,153,103,50,77,72,5
S01007755,No central heating,50,10,40,40,4,36,8,5,3,2,1,1
S01007755,Gas central heating,680,180,500,507,50,457,116,74,42,57,56,1
S01007755,Electric (including storage heaters) central heating,112,51,61,75,18,57,23,20,3,14,13,1
S01007755,Oil central heating,0,0,0,0,0,0,0,0,0,0,0,0
S01007755,Solid fuel (for example wood coal) central heating,0,0,0,0,0,0,0,0,0,0,0,0
S01007755,Other central heating,0,0,0,0,0,0,0,0,0,0,0,0
S01007755,Two or more types of central heating,35,7,28,25,1,24,6,4,2,4,2,2
S01007756,All people in households,629,182,447,469,57,412,111,77,34,49,48,1
S01007756,No central heating,9,2,7,7,1,6,1,0,1,1,1,0
S01007756,Gas central heating,491,129,362,376,42,334,80,53,27,35,34,1
S01007756,Electric (including storage heaters) central heating,111,45,66,71,10,61,27,22,5,13,13,0
S01007756,Oil central heating,0,0,0,0,0,0,0,0,0,0,0,0
S01007756,Solid fuel (for example wood coal) central heating,0,0,0,0,0,0,0,0,0,0,0,0
S01007756,Other central heating,1,0,1,1,0,1,0,0,0,0,0,0
S01007756,Two or more types of central heating,17,6,11,14,4,10,3,2,1,0,0,0
S01007757,All people in households,840,174,666,719,71,648,88,71,17,33,32,1
S01007757,No central heating,3,1,2,3,1,2,0,0,0,0,0,0
S01007757,Gas central heating,807,167,640,690,67,623,86,70,16,31,30,1
S01007757,Electric (including storage heaters) central heating,26,5,21,23,3,20,1,0,1,2,2,0
S01007757,Oil central heating,2,0,2,2,0,2,0,0,0,0,0,0
S01007757,Solid fuel (for example wood coal) central heating,0,0,0,0,0,0,0,0,0,0,0,0
S01007757,Other central heating,0,0,0,0,0,0,0,0,0,0,0,0
S01007757,Two or more types of central heating,2,1,1,1,0,1,1,1,0,0,0,0
S01007758,All people in households,899,184,715,761,73,688,103,76,27,35,35,0
S01007758,No central heating,9,0,9,9,0,9,0,0,0,0,0,0
S01007758,Gas central heating,808,165,643,687,66,621,88,66,22,33,33,0
S01007758,Electric (including storage heaters) central heating,68,15,53,53,5,48,13,8,5,2,2,0
S01007758,Oil central heating,1,0,1,1,0,1,0,0,0,0,0,0
S01007758,Solid fuel (for example wood coal) central heating,0,0,0,0,0,0,0,0,0,0,0,0
S01007758,Other central heating,0,0,0,0,0,0,0,0,0,0,0,0
S01007758,Two or more types of central heating,13,4,9,11,2,9,2,2,0,0,0,0
S01007759,All people in households,951,246,705,739,74,665,136,97,39,76,75,1
S01007759,No central heating,47,11,36,37,2,35,6,5,1,4,4,0
S01007759,Gas central heating,654,146,508,533,50,483,74,50,24,47,46,1
S01007759,Electric (including storage heaters) central heating,233,84,149,158,22,136,53,40,13,22,22,0
S01007759,Oil central heating,0,0,0,0,0,0,0,0,0,0,0,0
S01007759,Solid fuel (for example wood coal) central heating,0,0,0,0,0,0,0,0,0,0,0,0
S01007759,Other central heating,1,1,0,0,0,0,0,0,0,1,1,0
S01007759,Two or more types of central heating,16,4,12,11,0,11,3,2,1,2,2,0
S01007760,All people in households,588,110,478,512,48,464,59,46,13,17,16,1
S01007760,No central heating,1,0,1,1,0,1,0,0,0,0,0,0
S01007760,Gas central heating,566,102,464,493,43,450,56,43,13,17,16,1
S01007760,Electric (including storage heaters) central heating,13,6,7,11,4,7,2,2,0,0,0,0
S01007760,Oil central heating,0,0,0,0,0,0,0,0,0,0,0,0
S01007760,Solid fuel (for example wood coal) central heating,0,0,0,0,0,0,0,0,0,0,0,0
S01007760,Other central heating,0,0,0,0,0,0,0,0,0,0,0,0
S01007760,Two or more types of central heating,8,2,6,7,1,6,1,1,0,0,0,0
S01007761,All people in households,849,138,711,749,58,691,79,61,18,21,19,2
S01007761,No central heating,11,3,8,8,0,8,2,2,0,1,1,0
S01007761,Gas central heating,777,122,655,692,55,637,67,51,16,18,16,2
S01007761,Electric (including storage heaters) central heating,37,11,26,26,2,24,9,7,2,2,2,0
S01007761,Oil central heating,0,0,0,0,0,0,0,0,0,0,0,0
S01007761,Solid fuel (for example wood coal) central heating,0,0,0,0,0,0,0,0,0,0,0,0
S01007761,Other central heating,3,0,3,3,0,3,0,0,0,0,0,0
S01007761,Two or more types of central heating,21,2,19,20,1,19,1,1,0,0,0,0
S01007762,All people in households,761,162,599,646,70,576,82,60,22,33,32,1
S01007762,No central heating,42,8,34,37,4,33,4,3,1,1,1,0
S01007762,Gas central heating,533,102,431,459,43,416,49,35,14,25,24,1
S01007762,Electric (including storage heaters) central heating,172,50,122,137,22,115,28,21,7,7,7,0
S01007762,Oil central heating,2,0,2,2,0,2,0,0,0,0,0,0
S01007762,Solid fuel (for example wood coal) central heating,2,1,1,1,0,1,1,1,0,0,0,0
S01007762,Other central heating,0,0,0,0,0,0,0,0,0,0,0,0
S01007762,Two or more types of central heating,10,1,9,10,1,9,0,0,0,0,0,0
S01007763,All people in households,545,192,353,383,55,328,113,89,24,49,48,1
S01007763,No central heating,4,0,4,4,0,4,0,0,0,0,0,0
S01007763,Gas central heating,462,158,304,329,48,281,91,69,22,42,41,1
S01007763,Electric (including storage heaters) central heating,64,23,41,46,6,40,13,12,1,5,5,0
S01007763,Oil central heating,0,0,0,0,0,0,0,0,0,0,0,0
S01007763,Solid fuel (for example wood coal) central heating,0,0,0,0,0,0,0,0,0,0,0,0
S01007763,Other central heating,2,1,1,1,0,1,1,1,0,0,0,0
S01007763,Two or more types of central heating,13,10,3,3,1,2,8,7,1,2,2,0
S01007764,All people in households,756,110,646,677,42,635,59,48,11,20,20,0
S01007764,No central heating,10,5,5,6,1,5,2,2,0,2,2,0
S01007764,Gas central heating,694,101,593,622,39,583,54,44,10,18,18,0
S01007764,Electric (including storage heaters) central heating,34,4,30,31,2,29,3,2,1,0,0,0
S01007764,Oil central heating,0,0,0,0,0,0,0,0,0,0,0,0
S01007764,Solid fuel (for example wood coal) central heating,0,0,0,0,0,0,0,0,0,0,0,0
S01007764,Other central heating,5,0,5,5,0,5,0,0,0,0,0,0
S01007764,Two or more types of central heating,13,0,13,13,0,13,0,0,0,0,0,0
S01007765,All people in households,683,116,567,592,47,545,67,47,20,24,22,2
S01007765,No central heating,10,3,7,8,1,7,0,0,0,2,2,0
S01007765,Gas central heating,636,103,533,556,42,514,60,43,17,20,18,2
S01007765,Electric (including storage heaters) central heating,22,8,14,15,3,12,6,4,2,1,1,0
S01007765,Oil central heating,0,0,0,0,0,0,0,0,0,0,0,0
S01007765,Solid fuel (for example wood coal) central heating,0,0,0,0,0,0,0,0,0,0,0,0
S01007765,Other central heating,0,0,0,0,0,0,0,0,0,0,0,0
S01007765,Two or more types of central heating,15,2,13,13,1,12,1,0,1,1,1,0
S01007766,All people in households,914,157,757,802,62,740,86,69,17,26,26,0
S01007766,No central heating,5,0,5,5,0,5,0,0,0,0,0,0
S01007766,Gas central heating,892,153,739,784,60,724,83,68,15,25,25,0
S01007766,Electric (including storage heaters) central heating,11,2,9,9,2,7,2,0,2,0,0,0
S01007766,Oil central heating,1,1,0,0,0,0,1,1,0,0,0,0
S01007766,Solid fuel (for example wood coal) central heating,0,0,0,0,0,0,0,0,0,0,0,0
S01007766,Other central heating,0,0,0,0,0,0,0,0,0,0,0,0
S01007766,Two or more types of central heating,5,1,4,4,0,4,0,0,0,1,1,0
S01007767,All people in households,884,145,739,762,48,714,90,68,22,32,29,3
S01007767,No central heating,3,0,3,2,0,2,1,0,1,0,0,0
S01007767,Gas central heating,826,134,692,718,46,672,79,62,17,29,26,3
S01007767,Electric (including storage heaters) central heating,45,11,34,32,2,30,10,6,4,3,3,0
S01007767,Oil central heating,0,0,0,0,0,0,0,0,0,0,0,0
S01007767,Solid fuel (for example wood coal) central heating,0,0,0,0,0,0,0,0,0,0,0,0
S01007767,Other central heating,0,0,0,0,0,0,0,0,0,0,0,0
S01007767,Two or more types of central heating,10,0,10,10,0,10,0,0,0,0,0,0
S01007768,All people in households,649,145,504,537,52,485,72,54,18,40,39,1
S01007768,No central heating,12,1,11,10,0,10,1,0,1,1,1,0
S01007768,Gas central heating,494,98,396,418,37,381,53,38,15,23,23,0
S01007768,Electric (including storage heaters) central heating,128,36,92,103,13,90,15,13,2,10,10,0
S01007768,Oil central heating,2,2,0,0,0,0,1,1,0,1,1,0
S01007768,Solid fuel (for example wood coal) central heating,0,0,0,0,0,0,0,0,0,0,0,0
S01007768,Other central heating,4,4,0,2,2,0,2,2,0,0,0,0
S01007768,Two or more types of central heating,9,4,5,4,0,4,0,0,0,5,4,1
S01007769,All people in households,708,133,575,614,59,555,73,54,19,21,20,1
S01007769,No central heating,5,2,3,5,2,3,0,0,0,0,0,0
S01007769,Gas central heating,642,105,537,565,43,522,61,46,15,16,16,0
S01007769,Electric (including storage heaters) central heating,48,20,28,31,8,23,12,8,4,5,4,1
S01007769,Oil central heating,1,1,0,1,1,0,0,0,0,0,0,0
S01007769,Solid fuel (for example wood coal) central heating,0,0,0,0,0,0,0,0,0,0,0,0
S01007769,Other central heating,1,0,1,1,0,1,0,0,0,0,0,0
S01007769,Two or more types of central heating,11,5,6,11,5,6,0,0,0,0,0,0
S01007770,All people in households,738,104,634,669,48,621,56,43,13,13,13,0
S01007770,No central heating,7,0,7,7,0,7,0,0,0,0,0,0
S01007770,Gas central heating,678,95,583,616,46,570,50,37,13,12,12,0
S01007770,Electric (including storage heaters) central heating,42,6,36,37,1,36,5,5,0,0,0,0
S01007770,Oil central heating,5,0,5,5,0,5,0,0,0,0,0,0
S01007770,Solid fuel (for example wood coal) central heating,0,0,0,0,0,0,0,0,0,0,0,0
S01007770,Other central heating,0,0,0,0,0,0,0,0,0,0,0,0
S01007770,Two or more types of central heating,6,3,3,4,1,3,1,1,0,1,1,0
S01007771,All people in households,532,103,429,463,47,416,56,43,13,13,13,0
S01007771,No central heating,0,0,0,0,0,0,0,0,0,0,0,0
S01007771,Gas central heating,508,97,411,446,46,400,49,38,11,13,13,0
S01007771,Electric (including storage heaters) central heating,20,6,14,13,1,12,7,5,2,0,0,0
S01007771,Oil central heating,4,0,4,4,0,4,0,0,0,0,0,0
S01007771,Solid fuel (for example wood coal) central heating,0,0,0,0,0,0,0,0,0,0,0,0
S01007771,Other central heating,0,0,0,0,0,0,0,0,0,0,0,0
S01007771,Two or more types of central heating,0,0,0,0,0,0,0,0,0,0,0,0
S01007772,All people in households,964,290,674,727,85,642,161,131,30,76,74,2
S01007772,No central heating,31,10,21,23,3,20,7,6,1,1,1,0
S01007772,Gas central heating,490,129,361,388,42,346,64,49,15,38,38,0
S01007772,Electric (including storage heaters) central heating,422,142,280,303,39,264,86,72,14,33,31,2
S01007772,Oil central heating,0,0,0,0,0,0,0,0,0,0,0,0
S01007772,Solid fuel (for example wood coal) central heating,0,0,0,0,0,0,0,0,0,0,0,0
S01007772,Other central heating,9,1,8,8,0,8,1,1,0,0,0,0
S01007772,Two or more types of central heating,12,8,4,5,1,4,3,3,0,4,4,0
S01007773,All people in households,734,125,609,644,54,590,65,46,19,25,25,0
S01007773,No central heating,8,3,5,8,3,5,0,0,0,0,0,0
S01007773,Gas central heating,711,119,592,625,51,574,61,43,18,25,25,0
S01007773,Electric (including storage heaters) central heating,9,2,7,7,0,7,2,2,0,0,0,0
S01007773,Oil central heating,0,0,0,0,0,0,0,0,0,0,0,0
S01007773,Solid fuel (for example wood coal) central heating,0,0,0,0,0,0,0,0,0,0,0,0
S01007773,Other central heating,2,1,1,1,0,1,1,1,0,0,0,0
S01007773,Two or more types of central heating,4,0,4,3,0,3,1,0,1,0,0,0
S01007774,All people in households,954,63,891,894,27,867,49,25,24,11,11,0
S01007774,No central heating,3,0,3,3,0,3,0,0,0,0,0,0
S01007774,Gas central heating,913,59,854,857,26,831,45,22,23,11,11,0
S01007774,Electric (including storage heaters) central heating,27,2,25,25,1,24,2,1,1,0,0,0
S01007774,Oil central heating,0,0,0,0,0,0,0,0,0,0,0,0
S01007774,Solid fuel (for example wood coal) central heating,0,0,0,0,0,0,0,0,0,0,0,0
S01007774,Other central heating,2,1,1,1,0,1,1,1,0,0,0,0
S01007774,Two or more types of central heating,9,1,8,8,0,8,1,1,0,0,0,0
S01007775,All people in households,825,89,736,758,42,716,54,35,19,13,12,1
S01007775,No central heating,3,0,3,3,0,3,0,0,0,0,0,0
S01007775,Gas central heating,726,78,648,666,37,629,47,29,18,13,12,1
S01007775,Electric (including storage heaters) central heating,75,9,66,69,4,65,6,5,1,0,0,0
S01007775,Oil central heating,17,1,16,17,1,16,0,0,0,0,0,0
S01007775,Solid fuel (for example wood coal) central heating,0,0,0,0,0,0,0,0,0,0,0,0
S01007775,Other central heating,2,0,2,2,0,2,0,0,0,0,0,0
S01007775,Two or more types of central heating,2,1,1,1,0,1,1,1,0,0,0,0
S01007776,All people in households,727,65,662,675,29,646,35,19,16,17,17,0
S01007776,No central heating,2,0,2,2,0,2,0,0,0,0,0,0
S01007776,Gas central heating,655,54,601,612,25,587,31,17,14,12,12,0
S01007776,Electric (including storage heaters) central heating,55,10,45,46,3,43,4,2,2,5,5,0
S01007776,Oil central heating,0,0,0,0,0,0,0,0,0,0,0,0
S01007776,Solid fuel (for example wood coal) central heating,0,0,0,0,0,0,0,0,0,0,0,0
S01007776,Other central heating,0,0,0,0,0,0,0,0,0,0,0,0
S01007776,Two or more types of central heating,15,1,14,15,1,14,0,0,0,0,0,0
S01007777,All people in households,962,45,917,928,21,907,21,11,10,13,13,0
S01007777,No central heating,0,0,0,0,0,0,0,0,0,0,0,0
S01007777,Gas central heating,925,41,884,895,20,875,20,11,9,10,10,0
S01007777,Electric (including storage heaters) central heating,8,2,6,6,0,6,0,0,0,2,2,0
S01007777,Oil central heating,7,1,6,5,0,5,1,0,1,1,1,0
S01007777,Solid fuel (for example wood coal) central heating,0,0,0,0,0,0,0,0,0,0,0,0
S01007777,Other central heating,0,0,0,0,0,0,0,0,0,0,0,0
S01007777,Two or more types of central heating,22,1,21,22,1,21,0,0,0,0,0,0
S01007778,All people in households,446,36,410,415,13,402,22,14,8,9,9,0
S01007778,No central heating,0,0,0,0,0,0,0,0,0,0,0,0
S01007778,Gas central heating,395,26,369,373,11,362,15,8,7,7,7,0
S01007778,Electric (including storage heaters) central heating,5,1,4,5,1,4,0,0,0,0,0,0
S01007778,Oil central heating,33,8,25,25,1,24,6,5,1,2,2,0
S01007778,Solid fuel (for example wood coal) central heating,0,0,0,0,0,0,0,0,0,0,0,0
S01007778,Other central heating,7,0,7,7,0,7,0,0,0,0,0,0
S01007778,Two or more types of central heating,6,1,5,5,0,5,1,1,0,0,0,0
S01007779,All people in households,701,146,555,591,50,541,74,61,13,36,35,1
S01007779,No central heating,22,7,15,14,1,13,6,4,2,2,2,0
S01007779,Gas central heating,601,117,484,519,45,474,59,50,9,23,22,1
S01007779,Electric (including storage heaters) central heating,64,19,45,47,4,43,9,7,2,8,8,0
S01007779,Oil central heating,0,0,0,0,0,0,0,0,0,0,0,0
S01007779,Solid fuel (for example wood coal) central heating,0,0,0,0,0,0,0,0,0,0,0,0
S01007779,Other central heating,1,1,0,0,0,0,0,0,0,1,1,0
S01007779,Two or more types of central heating,13,2,11,11,0,11,0,0,0,2,2,0
S01007780,All people in households,795,101,694,705,35,670,57,34,23,33,32,1
S01007780,No central heating,40,6,34,33,1,32,3,1,2,4,4,0
S01007780,Gas central heating,380,44,336,338,13,325,27,16,11,15,15,0
S01007780,Electric (including storage heaters) central heating,368,48,320,327,18,309,27,17,10,14,13,1
S01007780,Oil central heating,0,0,0,0,0,0,0,0,0,0,0,0
S01007780,Solid fuel (for example wood coal) central heating,0,0,0,0,0,0,0,0,0,0,0,0
S01007780,Other central heating,0,0,0,0,0,0,0,0,0,0,0,0
S01007780,Two or more types of central heating,7,3,4,7,3,4,0,0,0,0,0,0
S01007781,All people in households,899,127,772,789,48,741,75,46,29,35,33,2
S01007781,No central heating,16,3,13,14,2,12,2,1,1,0,0,0
S01007781,Gas central heating,696,81,615,623,33,590,52,28,24,21,20,1
S01007781,Electric (including storage heaters) central heating,164,36,128,135,12,123,17,13,4,12,11,1
S01007781,Oil central heating,0,0,0,0,0,0,0,0,0,0,0,0
S01007781,Solid fuel (for example wood coal) central heating,0,0,0,0,0,0,0,0,0,0,0,0
S01007781,Other central heating,3,1,2,3,1,2,0,0,0,0,0,0
S01007781,Two or more types of central heating,20,6,14,14,0,14,4,4,0,2,2,0
S01007782,All people in households,499,93,406,412,29,383,59,37,22,28,27,1
S01007782,No central heating,29,3,26,25,0,25,4,3,1,0,0,0
S01007782,Gas central heating,178,47,131,143,18,125,22,17,5,13,12,1
S01007782,Electric (including storage heaters) central heating,279,38,241,236,10,226,30,15,15,13,13,0
S01007782,Oil central heating,6,4,2,3,1,2,2,2,0,1,1,0
S01007782,Solid fuel (for example wood coal) central heating,0,0,0,0,0,0,0,0,0,0,0,0
S01007782,Other central heating,0,0,0,0,0,0,0,0,0,0,0,0
S01007782,Two or more types of central heating,7,1,6,5,0,5,1,0,1,1,1,0
S01007783,All people in households,782,264,518,519,58,461,156,101,55,107,105,2
S01007783,No central heating,24,10,14,14,3,11,6,3,3,4,4,0
S01007783,Gas central heating,613,212,401,398,44,354,131,86,45,84,82,2
S01007783,Electric (including storage heaters) central heating,108,30,78,81,7,74,13,9,4,14,14,0
S01007783,Oil central heating,5,2,3,4,1,3,0,0,0,1,1,0
S01007783,Solid fuel (for example wood coal) central heating,0,0,0,0,0,0,0,0,0,0,0,0
S01007783,Other central heating,2,1,1,2,1,1,0,0,0,0,0,0
S01007783,Two or more types of central heating,30,9,21,20,2,18,6,3,3,4,4,0
S01007784,All people in households,711,95,616,629,42,587,58,30,28,24,23,1
S01007784,No central heating,31,3,28,29,1,28,2,2,0,0,0,0
S01007784,Gas central heating,247,39,208,213,16,197,22,11,11,12,12,0
S01007784,Electric (including storage heaters) central heating,406,52,354,360,24,336,34,17,17,12,11,1
S01007784,Oil central heating,18,1,17,18,1,17,0,0,0,0,0,0
S01007784,Solid fuel (for example wood coal) central heating,0,0,0,0,0,0,0,0,0,0,0,0
S01007784,Other central heating,0,0,0,0,0,0,0,0,0,0,0,0
S01007784,Two or more types of central heating,9,0,9,9,0,9,0,0,0,0,0,0
S01007785,All people in households,603,147,456,455,32,423,95,64,31,53,51,2
S01007785,No central heating,10,1,9,10,1,9,0,0,0,0,0,0
S01007785,Gas central heating,270,73,197,198,15,183,47,34,13,25,24,1
S01007785,Electric (including storage heaters) central heating,304,63,241,239,15,224,40,24,16,25,24,1
S01007785,Oil central heating,3,0,3,3,0,3,0,0,0,0,0,0
S01007785,Solid fuel (for example wood coal) central heating,0,0,0,0,0,0,0,0,0,0,0,0
S01007785,Other central heating,1,1,0,0,0,0,0,0,0,1,1,0
S01007785,Two or more types of central heating,15,9,6,5,1,4,8,6,2,2,2,0
S01007786,All people in households,763,184,579,592,46,546,116,83,33,55,55,0
S01007786,No central heating,35,11,24,25,4,21,7,4,3,3,3,0
S01007786,Gas central heating,584,140,444,452,35,417,89,62,27,43,43,0
S01007786,Electric (including storage heaters) central heating,114,28,86,91,7,84,16,14,2,7,7,0
S01007786,Oil central heating,2,0,2,2,0,2,0,0,0,0,0,0
S01007786,Solid fuel (for example wood coal) central heating,0,0,0,0,0,0,0,0,0,0,0,0
S01007786,Other central heating,0,0,0,0,0,0,0,0,0,0,0,0
S01007786,Two or more types of central heating,28,5,23,22,0,22,4,3,1,2,2,0
S01007787,All people in households,676,127,549,558,39,519,94,65,29,24,23,1
S01007787,No central heating,28,3,25,25,0,25,3,3,0,0,0,0
S01007787,Gas central heating,472,91,381,392,31,361,60,41,19,20,19,1
S01007787,Electric (including storage heaters) central heating,140,22,118,114,4,110,25,17,8,1,1,0
S01007787,Oil central heating,0,0,0,0,0,0,0,0,0,0,0,0
S01007787,Solid fuel (for example wood coal) central heating,0,0,0,0,0,0,0,0,0,0,0,0
S01007787,Other central heating,0,0,0,0,0,0,0,0,0,0,0,0
S01007787,Two or more types of central heating,36,11,25,27,4,23,6,4,2,3,3,0
S01007788,All people in households,708,162,546,564,43,521,87,65,22,57,54,3
S01007788,No central heating,20,6,14,15,1,14,2,2,0,3,3,0
S01007788,Gas central heating,436,92,344,356,26,330,47,35,12,33,31,2
S01007788,Electric (including storage heaters) central heating,233,63,170,175,16,159,38,28,10,20,19,1
S01007788,Oil central heating,0,0,0,0,0,0,0,0,0,0,0,0
S01007788,Solid fuel (for example wood coal) central heating,0,0,0,0,0,0,0,0,0,0,0,0
S01007788,Other central heating,0,0,0,0,0,0,0,0,0,0,0,0
S01007788,Two or more types of central heating,19,1,18,18,0,18,0,0,0,1,1,0
S01007789,All people in households,624,139,485,505,40,465,72,52,20,47,47,0
S01007789,No central heating,6,2,4,6,2,4,0,0,0,0,0,0
S01007789,Gas central heating,435,90,345,357,24,333,44,32,12,34,34,0
S01007789,Electric (including storage heaters) central heating,160,42,118,123,12,111,25,18,7,12,12,0
S01007789,Oil central heating,5,1,4,5,1,4,0,0,0,0,0,0
S01007789,Solid fuel (for example wood coal) central heating,0,0,0,0,0,0,0,0,0,0,0,0
S01007789,Other central heating,0,0,0,0,0,0,0,0,0,0,0,0
S01007789,Two or more types of central heating,18,4,14,14,1,13,3,2,1,1,1,0
S01007790,All people in households,895,146,749,751,40,711,103,68,35,41,38,3
S01007790,No central heating,9,0,9,8,0,8,1,0,1,0,0,0
S01007790,Gas central heating,348,81,267,281,24,257,43,33,10,24,24,0
S01007790,Electric (including storage heaters) central heating,515,62,453,440,13,427,58,35,23,17,14,3
S01007790,Oil central heating,0,0,0,0,0,0,0,0,0,0,0,0
S01007790,Solid fuel (for example wood coal) central heating,0,0,0,0,0,0,0,0,0,0,0,0
S01007790,Other central heating,0,0,0,0,0,0,0,0,0,0,0,0
S01007790,Two or more types of central heating,23,3,20,22,3,19,1,0,1,0,0,0
S01007791,All people in households,468,50,418,432,22,410,23,16,7,13,12,1
S01007791,No central heating,4,0,4,4,0,4,0,0,0,0,0,0
S01007791,Gas central heating,411,34,377,387,17,370,18,12,6,6,5,1
S01007791,Electric (including storage heaters) central heating,15,7,8,10,2,8,2,2,0,3,3,0
S01007791,Oil central heating,27,3,24,25,1,24,1,1,0,1,1,0
S01007791,Solid fuel (for example wood coal) central heating,0,0,0,0,0,0,0,0,0,0,0,0
S01007791,Other central heating,2,2,0,0,0,0,0,0,0,2,2,0
S01007791,Two or more types of central heating,9,4,5,6,2,4,2,1,1,1,1,0
S01007792,All people in households,879,218,661,674,52,622,125,88,37,80,78,2
S01007792,No central heating,13,4,9,9,0,9,3,3,0,1,1,0
S01007792,Gas central heating,702,163,539,553,43,510,94,66,28,55,54,1
S01007792,Electric (including storage heaters) central heating,132,37,95,94,6,88,22,15,7,16,16,0
S01007792,Oil central heating,0,0,0,0,0,0,0,0,0,0,0,0
S01007792,Solid fuel (for example wood coal) central heating,6,3,3,4,1,3,1,1,0,1,1,0
S01007792,Other central heating,0,0,0,0,0,0,0,0,0,0,0,0
S01007792,Two or more types of central heating,26,11,15,14,2,12,5,3,2,7,6,1
S01007793,All people in households,959,246,713,713,57,656,155,101,54,91,88,3
S01007793,No central heating,30,6,24,24,3,21,6,3,3,0,0,0
S01007793,Gas central heating,481,153,328,329,31,298,89,60,29,63,62,1
S01007793,Electric (including storage heaters) central heating,434,78,356,354,21,333,56,35,21,24,22,2
S01007793,Oil central heating,1,1,0,0,0,0,0,0,0,1,1,0
S01007793,Solid fuel (for example wood coal) central heating,1,1,0,0,0,0,0,0,0,1,1,0
S01007793,Other central heating,2,2,0,0,0,0,0,0,0,2,2,0
S01007793,Two or more types of central heating,10,5,5,6,2,4,4,3,1,0,0,0
S01007794,All people in households,567,89,478,472,25,447,69,38,31,26,26,0
S01007794,No central heating,16,1,15,13,0,13,2,0,2,1,1,0
S01007794,Gas central heating,419,67,352,349,19,330,49,27,22,21,21,0
S01007794,Electric (including storage heaters) central heating,113,20,93,93,6,87,17,11,6,3,3,0
S01007794,Oil central heating,0,0,0,0,0,0,0,0,0,0,0,0
S01007794,Solid fuel (for example wood coal) central heating,0,0,0,0,0,0,0,0,0,0,0,0
S01007794,Other central heating,0,0,0,0,0,0,0,0,0,0,0,0
S01007794,Two or more types of central heating,19,1,18,17,0,17,1,0,1,1,1,0
S01007795,All people in households,606,110,496,504,29,475,70,49,21,32,32,0
S01007795,No central heating,30,3,27,28,1,27,1,1,0,1,1,0
S01007795,Gas central heating,451,87,364,379,26,353,46,35,11,26,26,0
S01007795,Electric (including storage heaters) central heating,94,17,77,69,2,67,20,10,10,5,5,0
S01007795,Oil central heating,0,0,0,0,0,0,0,0,0,0,0,0
S01007795,Solid fuel (for example wood coal) central heating,2,0,2,2,0,2,0,0,0,0,0,0
S01007795,Other central heating,0,0,0,0,0,0,0,0,0,0,0,0
S01007795,Two or more types of central heating,29,3,26,26,0,26,3,3,0,0,0,0
S01007796,All people in households,724,149,575,596,50,546,89,61,28,39,38,1
S01007796,No central heating,17,7,10,12,2,10,3,3,0,2,2,0
S01007796,Gas central heating,442,76,366,375,27,348,51,33,18,16,16,0
S01007796,Electric (including storage heaters) central heating,223,56,167,173,16,157,30,21,9,20,19,1
S01007796,Oil central heating,0,0,0,0,0,0,0,0,0,0,0,0
S01007796,Solid fuel (for example wood coal) central heating,1,1,0,0,0,0,1,1,0,0,0,0
S01007796,Other central heating,0,0,0,0,0,0,0,0,0,0,0,0
S01007796,Two or more types of central heating,41,9,32,36,5,31,4,3,1,1,1,0
S01007797,All people in households,522,136,386,394,33,361,83,61,22,45,42,3
S01007797,No central heating,36,12,24,23,3,20,9,5,4,4,4,0
S01007797,Gas central heating,325,81,244,249,18,231,48,36,12,28,27,1
S01007797,Electric (including storage heaters) central heating,135,39,96,101,11,90,24,19,5,10,9,1
S01007797,Oil central heating,0,0,0,0,0,0,0,0,0,0,0,0
S01007797,Solid fuel (for example wood coal) central heating,0,0,0,0,0,0,0,0,0,0,0,0
S01007797,Other central heating,2,0,2,2,0,2,0,0,0,0,0,0
S01007797,Two or more types of central heating,24,4,20,19,1,18,2,1,1,3,2,1
S01007798,All people in households,665,78,587,605,32,573,45,31,14,15,15,0
S01007798,No central heating,0,0,0,0,0,0,0,0,0,0,0,0
S01007798,Gas central heating,623,74,549,567,31,536,43,30,13,13,13,0
S01007798,Electric (including storage heaters) central heating,24,4,20,20,1,19,2,1,1,2,2,0
S01007798,Oil central heating,0,0,0,0,0,0,0,0,0,0,0,0
S01007798,Solid fuel (for example wood coal) central heating,0,0,0,0,0,0,0,0,0,0,0,0
S01007798,Other central heating,0,0,0,0,0,0,0,0,0,0,0,0
S01007798,Two or more types of central heating,18,0,18,18,0,18,0,0,0,0,0,0
S01007799,All people in households,622,54,568,573,23,550,41,23,18,8,8,0
S01007799,No central heating,10,1,9,9,0,9,1,1,0,0,0,0
S01007799,Gas central heating,586,47,539,540,19,521,38,20,18,8,8,0
S01007799,Electric (including storage heaters) central heating,13,5,8,11,3,8,2,2,0,0,0,0
S01007799,Oil central heating,0,0,0,0,0,0,0,0,0,0,0,0
S01007799,Solid fuel (for example wood coal) central heating,0,0,0,0,0,0,0,0,0,0,0,0
S01007799,Other central heating,0,0,0,0,0,0,0,0,0,0,0,0
S01007799,Two or more types of central heating,13,1,12,13,1,12,0,0,0,0,0,0
S01007800,All people in households,913,253,660,676,63,613,148,102,46,89,88,1
S01007800,No central heating,52,8,44,40,0,40,11,7,4,1,1,0
S01007800,Gas central heating,651,185,466,481,49,432,102,69,33,68,67,1
S01007800,Electric (including storage heaters) central heating,161,44,117,119,10,109,28,20,8,14,14,0
S01007800,Oil central heating,0,0,0,0,0,0,0,0,0,0,0,0
S01007800,Solid fuel (for example wood coal) central heating,0,0,0,0,0,0,0,0,0,0,0,0
S01007800,Other central heating,0,0,0,0,0,0,0,0,0,0,0,0
S01007800,Two or more types of central heating,49,16,33,36,4,32,7,6,1,6,6,0
S01007801,All people in households,833,290,543,557,56,501,173,132,41,103,102,1
S01007801,No central heating,30,11,19,18,0,18,4,3,1,8,8,0
S01007801,Gas central heating,614,207,407,412,37,375,126,94,32,76,76,0
S01007801,Electric (including storage heaters) central heating,129,49,80,87,13,74,30,24,6,12,12,0
S01007801,Oil central heating,3,2,1,0,0,0,3,2,1,0,0,0
S01007801,Solid fuel (for example wood coal) central heating,0,0,0,0,0,0,0,0,0,0,0,0
S01007801,Other central heating,1,1,0,0,0,0,1,1,0,0,0,0
S01007801,Two or more types of central heating,56,20,36,40,6,34,9,8,1,7,6,1
S01007802,All people in households,547,60,487,500,27,473,35,21,14,12,12,0
S01007802,No central heating,11,0,11,11,0,11,0,0,0,0,0,0
S01007802,Gas central heating,140,19,121,126,8,118,10,7,3,4,4,0
S01007802,Electric (including storage heaters) central heating,390,40,350,358,19,339,24,13,11,8,8,0
S01007802,Oil central heating,0,0,0,0,0,0,0,0,0,0,0,0
S01007802,Solid fuel (for example wood coal) central heating,0,0,0,0,0,0,0,0,0,0,0,0
S01007802,Other central heating,0,0,0,0,0,0,0,0,0,0,0,0
S01007802,Two or more types of central heating,6,1,5,5,0,5,1,1,0,0,0,0
S01007803,All people in households,1087,326,761,774,76,698,191,131,60,122,119,3
S01007803,No central heating,8,5,3,3,1,2,4,3,1,1,1,0
S01007803,Gas central heating,927,269,658,672,60,612,153,109,44,102,100,2
S01007803,Electric (including storage heaters) central heating,88,33,55,58,10,48,21,14,7,9,9,0
S01007803,Oil central heating,0,0,0,0,0,0,0,0,0,0,0,0
S01007803,Solid fuel (for example wood coal) central heating,0,0,0,0,0,0,0,0,0,0,0,0
S01007803,Other central heating,1,0,1,0,0,0,1,0,1,0,0,0
S01007803,Two or more types of central heating,63,19,44,41,5,36,12,5,7,10,9,1
S01007804,All people in households,627,151,476,472,31,441,96,65,31,59,55,4
S01007804,No central heating,7,2,5,5,0,5,2,2,0,0,0,0
S01007804,Gas central heating,398,110,288,287,22,265,65,43,22,46,45,1
S01007804,Electric (including storage heaters) central heating,202,35,167,165,9,156,27,18,9,10,8,2
S01007804,Oil central heating,1,0,1,1,0,1,0,0,0,0,0,0
S01007804,Solid fuel (for example wood coal) central heating,0,0,0,0,0,0,0,0,0,0,0,0
S01007804,Other central heating,0,0,0,0,0,0,0,0,0,0,0,0
S01007804,Two or more types of central heating,19,4,15,14,0,14,2,2,0,3,2,1
S01007805,All people in households,520,95,425,427,30,397,70,44,26,23,21,2
S01007805,No central heating,11,2,9,5,0,5,4,0,4,2,2,0
S01007805,Gas central heating,418,81,337,355,29,326,48,37,11,15,15,0
S01007805,Electric (including storage heaters) central heating,67,7,60,50,0,50,13,4,9,4,3,1
S01007805,Oil central heating,0,0,0,0,0,0,0,0,0,0,0,0
S01007805,Solid fuel (for example wood coal) central heating,0,0,0,0,0,0,0,0,0,0,0,0
S01007805,Other central heating,4,0,4,4,0,4,0,0,0,0,0,0
S01007805,Two or more types of central heating,20,5,15,13,1,12,5,3,2,2,1,1
S01007806,All people in households,634,172,462,488,53,435,90,65,25,56,54,2
S01007806,No central heating,16,4,12,12,0,12,2,2,0,2,2,0
S01007806,Gas central heating,458,124,334,355,38,317,63,48,15,40,38,2
S01007806,Electric (including storage heaters) central heating,132,38,94,102,14,88,21,15,6,9,9,0
S01007806,Oil central heating,0,0,0,0,0,0,0,0,0,0,0,0
S01007806,Solid fuel (for example wood coal) central heating,3,0,3,2,0,2,1,0,1,0,0,0
S01007806,Other central heating,1,0,1,1,0,1,0,0,0,0,0,0
S01007806,Two or more types of central heating,24,6,18,16,1,15,3,0,3,5,5,0
S01007807,All people in households,707,117,590,614,44,570,60,40,20,33,33,0
S01007807,No central heating,3,2,1,2,1,1,0,0,0,1,1,0
S01007807,Gas central heating,654,97,557,577,38,539,50,32,18,27,27,0
S01007807,Electric (including storage heaters) central heating,29,11,18,20,3,17,8,7,1,1,1,0
S01007807,Oil central heating,0,0,0,0,0,0,0,0,0,0,0,0
S01007807,Solid fuel (for example wood coal) central heating,10,5,5,6,1,5,1,1,0,3,3,0
S01007807,Other central heating,0,0,0,0,0,0,0,0,0,0,0,0
S01007807,Two or more types of central heating,11,2,9,9,1,8,1,0,1,1,1,0
S01007808,All people in households,848,165,683,706,52,654,88,60,28,54,53,1
S01007808,No central heating,14,1,13,14,1,13,0,0,0,0,0,0
S01007808,Gas central heating,770,144,626,647,46,601,81,56,25,42,42,0
S01007808,Electric (including storage heaters) central heating,36,14,22,22,3,19,7,4,3,7,7,0
S01007808,Oil central heating,0,0,0,0,0,0,0,0,0,0,0,0
S01007808,Solid fuel (for example wood coal) central heating,0,0,0,0,0,0,0,0,0,0,0,0
S01007808,Other central heating,0,0,0,0,0,0,0,0,0,0,0,0
S01007808,Two or more types of central heating,28,6,22,23,2,21,0,0,0,5,4,1
S01007809,All people in households,919,169,750,788,58,730,95,76,19,36,35,1
S01007809,No central heating,5,3,2,4,2,2,1,1,0,0,0,0
S01007809,Gas central heating,829,144,685,719,52,667,81,64,17,29,28,1
S01007809,Electric (including storage heaters) central heating,66,17,49,50,3,47,10,8,2,6,6,0
S01007809,Oil central heating,0,0,0,0,0,0,0,0,0,0,0,0
S01007809,Solid fuel (for example wood coal) central heating,0,0,0,0,0,0,0,0,0,0,0,0
S01007809,Other central heating,0,0,0,0,0,0,0,0,0,0,0,0
S01007809,Two or more types of central heating,19,5,14,15,1,14,3,3,0,1,1,0
S01007810,All people in households,883,247,636,662,68,594,131,93,38,90,86,4
S01007810,No central heating,17,5,12,13,1,12,0,0,0,4,4,0
S01007810,Gas central heating,729,197,532,554,58,496,108,75,33,67,64,3
S01007810,Electric (including storage heaters) central heating,91,25,66,70,6,64,10,8,2,11,11,0
S01007810,Oil central heating,0,0,0,0,0,0,0,0,0,0,0,0
S01007810,Solid fuel (for example wood coal) central heating,7,1,6,4,0,4,3,1,2,0,0,0
S01007810,Other central heating,5,3,2,3,1,2,2,2,0,0,0,0
S01007810,Two or more types of central heating,34,16,18,18,2,16,8,7,1,8,7,1
S01007811,All people in households,871,171,700,716,57,659,107,69,38,48,45,3
S01007811,No central heating,17,3,14,10,0,10,5,1,4,2,2,0
S01007811,Gas central heating,758,142,616,633,51,582,88,57,31,37,34,3
S01007811,Electric (including storage heaters) central heating,66,15,51,53,4,49,8,6,2,5,5,0
S01007811,Oil central heating,3,0,3,2,0,2,1,0,1,0,0,0
S01007811,Solid fuel (for example wood coal) central heating,0,0,0,0,0,0,0,0,0,0,0,0
S01007811,Other central heating,2,1,1,1,0,1,0,0,0,1,1,0
S01007811,Two or more types of central heating,25,10,15,17,2,15,5,5,0,3,3,0
S01007812,All people in households,850,164,686,680,42,638,115,68,47,55,54,1
S01007812,No central heating,9,0,9,9,0,9,0,0,0,0,0,0
S01007812,Gas central heating,620,117,503,495,28,467,81,46,35,44,43,1
S01007812,Electric (including storage heaters) central heating,132,30,102,104,10,94,21,13,8,7,7,0
S01007812,Oil central heating,0,0,0,0,0,0,0,0,0,0,0,0
S01007812,Solid fuel (for example wood coal) central heating,0,0,0,0,0,0,0,0,0,0,0,0
S01007812,Other central heating,39,6,33,32,0,32,5,4,1,2,2,0
S01007812,Two or more types of central heating,50,11,39,40,4,36,8,5,3,2,2,0
S01007813,All people in households,799,189,610,629,57,572,123,86,37,47,46,1
S01007813,No central heating,5,1,4,3,0,3,0,0,0,2,1,1
S01007813,Gas central heating,689,163,526,538,46,492,112,78,34,39,39,0
S01007813,Electric (including storage heaters) central heating,71,15,56,61,7,54,6,4,2,4,4,0
S01007813,Oil central heating,7,5,2,5,3,2,1,1,0,1,1,0
S01007813,Solid fuel (for example wood coal) central heating,0,0,0,0,0,0,0,0,0,0,0,0
S01007813,Other central heating,2,2,0,0,0,0,1,1,0,1,1,0
S01007813,Two or more types of central heating,25,3,22,22,1,21,3,2,1,0,0,0
S01007814,All people in households,565,140,425,446,42,404,70,50,20,49,48,1
S01007814,No central heating,13,6,7,10,3,7,2,2,0,1,1,0
S01007814,Gas central heating,492,122,370,385,34,351,63,45,18,44,43,1
S01007814,Electric (including storage heaters) central heating,54,10,44,47,5,42,3,1,2,4,4,0
S01007814,Oil central heating,4,0,4,4,0,4,0,0,0,0,0,0
S01007814,Solid fuel (for example wood coal) central heating,0,0,0,0,0,0,0,0,0,0,0,0
S01007814,Other central heating,0,0,0,0,0,0,0,0,0,0,0,0
S01007814,Two or more types of central heating,2,2,0,0,0,0,2,2,0,0,0,0
S01007815,All people in households,856,137,719,739,53,686,84,55,29,33,29,4
S01007815,No central heating,9,3,6,6,2,4,2,1,1,1,0,1
S01007815,Gas central heating,692,106,586,606,37,569,61,45,16,25,24,1
S01007815,Electric (including storage heaters) central heating,134,24,110,111,13,98,17,7,10,6,4,2
S01007815,Oil central heating,3,0,3,3,0,3,0,0,0,0,0,0
S01007815,Solid fuel (for example wood coal) central heating,0,0,0,0,0,0,0,0,0,0,0,0
S01007815,Other central heating,5,0,5,3,0,3,2,0,2,0,0,0
S01007815,Two or more types of central heating,13,4,9,10,1,9,2,2,0,1,1,0
S01007816,All people in households,669,102,567,574,25,549,70,52,18,25,25,0
S01007816,No central heating,12,2,10,10,0,10,1,1,0,1,1,0
S01007816,Gas central heating,601,89,512,522,24,498,61,47,14,18,18,0
S01007816,Electric (including storage heaters) central heating,46,7,39,36,1,35,7,3,4,3,3,0
S01007816,Oil central heating,0,0,0,0,0,0,0,0,0,0,0,0
S01007816,Solid fuel (for example wood coal) central heating,0,0,0,0,0,0,0,0,0,0,0,0
S01007816,Other central heating,0,0,0,0,0,0,0,0,0,0,0,0
S01007816,Two or more types of central heating,10,4,6,6,0,6,1,1,0,3,3,0
S01007817,All people in households,449,121,328,348,39,309,67,48,19,34,34,0
S01007817,No central heating,6,1,5,5,0,5,0,0,0,1,1,0
S01007817,Gas central heating,383,99,284,299,30,269,56,41,15,28,28,0
S01007817,Electric (including storage heaters) central heating,51,18,33,39,8,31,8,6,2,4,4,0
S01007817,Oil central heating,0,0,0,0,0,0,0,0,0,0,0,0
S01007817,Solid fuel (for example wood coal) central heating,0,0,0,0,0,0,0,0,0,0,0,0
S01007817,Other central heating,0,0,0,0,0,0,0,0,0,0,0,0
S01007817,Two or more types of central heating,9,3,6,5,1,4,3,1,2,1,1,0
S01007818,All people in households,753,138,615,646,47,599,68,52,16,39,39,0
S01007818,No central heating,13,5,8,9,1,8,1,1,0,3,3,0
S01007818,Gas central heating,596,111,485,509,35,474,56,45,11,31,31,0
S01007818,Electric (including storage heaters) central heating,118,19,99,107,11,96,7,4,3,4,4,0
S01007818,Oil central heating,12,2,10,9,0,9,2,1,1,1,1,0
S01007818,Solid fuel (for example wood coal) central heating,0,0,0,0,0,0,0,0,0,0,0,0
S01007818,Other central heating,3,0,3,3,0,3,0,0,0,0,0,0
S01007818,Two or more types of central heating,11,1,10,9,0,9,2,1,1,0,0,0
S01007819,All people in households,803,167,636,662,54,608,100,72,28,41,41,0
S01007819,No central heating,23,5,18,19,1,18,3,3,0,1,1,0
S01007819,Gas central heating,744,155,589,611,49,562,94,67,27,39,39,0
S01007819,Electric (including storage heaters) central heating,23,4,19,21,2,19,1,1,0,1,1,0
S01007819,Oil central heating,3,0,3,3,0,3,0,0,0,0,0,0
S01007819,Solid fuel (for example wood coal) central heating,0,0,0,0,0,0,0,0,0,0,0,0
S01007819,Other central heating,0,0,0,0,0,0,0,0,0,0,0,0
S01007819,Two or more types of central heating,10,3,7,8,2,6,2,1,1,0,0,0
S01007820,All people in households,954,219,735,771,66,705,122,93,29,61,60,1
S01007820,No central heating,4,3,1,1,0,1,0,0,0,3,3,0
S01007820,Gas central heating,892,195,697,733,63,670,109,83,26,50,49,1
S01007820,Electric (including storage heaters) central heating,39,12,27,27,1,26,7,6,1,5,5,0
S01007820,Oil central heating,0,0,0,0,0,0,0,0,0,0,0,0
S01007820,Solid fuel (for example wood coal) central heating,0,0,0,0,0,0,0,0,0,0,0,0
S01007820,Other central heating,7,4,3,1,0,1,4,2,2,2,2,0
S01007820,Two or more types of central heating,12,5,7,9,2,7,2,2,0,1,1,0
S01007821,All people in households,552,104,448,469,41,428,63,43,20,20,20,0
S01007821,No central heating,17,4,13,16,3,13,0,0,0,1,1,0
S01007821,Gas central heating,439,84,355,372,32,340,52,37,15,15,15,0
S01007821,Electric (including storage heaters) central heating,77,11,66,65,4,61,9,4,5,3,3,0
S01007821,Oil central heating,2,0,2,2,0,2,0,0,0,0,0,0
S01007821,Solid fuel (for example wood coal) central heating,0,0,0,0,0,0,0,0,0,0,0,0
S01007821,Other central heating,0,0,0,0,0,0,0,0,0,0,0,0
S01007821,Two or more types of central heating,17,5,12,14,2,12,2,2,0,1,1,0
S01007822,All people in households,734,185,549,594,60,534,95,80,15,45,45,0
S01007822,No central heating,19,4,15,17,2,15,2,2,0,0,0,0
S01007822,Gas central heating,682,176,506,548,55,493,89,76,13,45,45,0
S01007822,Electric (including storage heaters) central heating,24,5,19,21,3,18,3,2,1,0,0,0
S01007822,Oil central heating,0,0,0,0,0,0,0,0,0,0,0,0
S01007822,Solid fuel (for example wood coal) central heating,0,0,0,0,0,0,0,0,0,0,0,0
S01007822,Other central heating,3,0,3,3,0,3,0,0,0,0,0,0
S01007822,Two or more types of central heating,6,0,6,5,0,5,1,0,1,0,0,0
S01007823,All people in households,696,143,553,587,54,533,74,55,19,35,34,1
S01007823,No central heating,6,2,4,5,1,4,0,0,0,1,1,0
S01007823,Gas central heating,607,122,485,518,49,469,61,45,16,28,28,0
S01007823,Electric (including storage heaters) central heating,78,17,61,61,4,57,11,8,3,6,5,1
S01007823,Oil central heating,0,0,0,0,0,0,0,0,0,0,0,0
S01007823,Solid fuel (for example wood coal) central heating,0,0,0,0,0,0,0,0,0,0,0,0
S01007823,Other central heating,2,2,0,0,0,0,2,2,0,0,0,0
S01007823,Two or more types of central heating,3,0,3,3,0,3,0,0,0,0,0,0
S01007824,All people in households,727,154,573,609,60,549,92,69,23,26,25,1
S01007824,No central heating,20,5,15,13,0,13,5,3,2,2,2,0
S01007824,Gas central heating,636,133,503,539,54,485,77,59,18,20,20,0
S01007824,Electric (including storage heaters) central heating,67,14,53,54,5,49,9,6,3,4,3,1
S01007824,Oil central heating,0,0,0,0,0,0,0,0,0,0,0,0
S01007824,Solid fuel (for example wood coal) central heating,0,0,0,0,0,0,0,0,0,0,0,0
S01007824,Other central heating,2,0,2,2,0,2,0,0,0,0,0,0
S01007824,Two or more types of central heating,2,2,0,1,1,0,1,1,0,0,0,0
S01007825,All people in households,1013,206,807,825,55,770,149,112,37,39,39,0
S01007825,No central heating,11,5,6,6,1,5,3,2,1,2,2,0
S01007825,Gas central heating,943,182,761,774,48,726,136,101,35,33,33,0
S01007825,Electric (including storage heaters) central heating,44,15,29,33,5,28,8,7,1,3,3,0
S01007825,Oil central heating,0,0,0,0,0,0,0,0,0,0,0,0
S01007825,Solid fuel (for example wood coal) central heating,1,1,0,0,0,0,1,1,0,0,0,0
S01007825,Other central heating,6,1,5,6,1,5,0,0,0,0,0,0
S01007825,Two or more types of central heating,8,2,6,6,0,6,1,1,0,1,1,0
S01007826,All people in households,573,178,395,421,43,378,83,67,16,69,68,1
S01007826,No central heating,18,4,14,15,1,14,1,1,0,2,2,0
S01007826,Gas central heating,350,108,242,266,33,233,44,36,8,40,39,1
S01007826,Electric (including storage heaters) central heating,177,52,125,126,9,117,30,22,8,21,21,0
S01007826,Oil central heating,0,0,0,0,0,0,0,0,0,0,0,0
S01007826,Solid fuel (for example wood coal) central heating,0,0,0,0,0,0,0,0,0,0,0,0
S01007826,Other central heating,2,0,2,2,0,2,0,0,0,0,0,0
S01007826,Two or more types of central heating,26,14,12,12,0,12,8,8,0,6,6,0
S01007827,All people in households,583,88,495,506,32,474,54,33,21,23,23,0
S01007827,No central heating,11,6,5,7,2,5,3,3,0,1,1,0
S01007827,Gas central heating,194,38,156,172,21,151,15,10,5,7,7,0
S01007827,Electric (including storage heaters) central heating,372,43,329,322,9,313,36,20,16,14,14,0
S01007827,Oil central heating,0,0,0,0,0,0,0,0,0,0,0,0
S01007827,Solid fuel (for example wood coal) central heating,0,0,0,0,0,0,0,0,0,0,0,0
S01007827,Other central heating,1,0,1,1,0,1,0,0,0,0,0,0
S01007827,Two or more types of central heating,5,1,4,4,0,4,0,0,0,1,1,0
S01007828,All people in households,924,260,664,690,67,623,152,114,38,82,79,3
S01007828,No central heating,64,10,54,55,4,51,7,4,3,2,2,0
S01007828,Gas central heating,648,197,451,478,49,429,109,88,21,61,60,1
S01007828,Electric (including storage heaters) central heating,172,42,130,128,9,119,30,20,10,14,13,1
S01007828,Oil central heating,0,0,0,0,0,0,0,0,0,0,0,0
S01007828,Solid fuel (for example wood coal) central heating,0,0,0,0,0,0,0,0,0,0,0,0
S01007828,Other central heating,0,0,0,0,0,0,0,0,0,0,0,0
S01007828,Two or more types of central heating,40,11,29,29,5,24,6,2,4,5,4,1
S01007829,All people in households,579,190,389,420,55,365,95,75,20,64,60,4
S01007829,No central heating,3,0,3,3,0,3,0,0,0,0,0,0
S01007829,Gas central heating,489,157,332,360,47,313,80,64,16,49,46,3
S01007829,Electric (including storage heaters) central heating,68,20,48,52,7,45,10,7,3,6,6,0
S01007829,Oil central heating,0,0,0,0,0,0,0,0,0,0,0,0
S01007829,Solid fuel (for example wood coal) central heating,0,0,0,0,0,0,0,0,0,0,0,0
S01007829,Other central heating,0,0,0,0,0,0,0,0,0,0,0,0
S01007829,Two or more types of central heating,19,13,6,5,1,4,5,4,1,9,8,1
S01007830,All people in households,928,279,649,686,85,601,138,98,40,104,96,8
S01007830,No central heating,38,9,29,28,1,27,5,3,2,5,5,0
S01007830,Gas central heating,786,244,542,583,76,507,116,88,28,87,80,7
S01007830,Electric (including storage heaters) central heating,82,16,66,64,5,59,10,4,6,8,7,1
S01007830,Oil central heating,0,0,0,0,0,0,0,0,0,0,0,0
S01007830,Solid fuel (for example wood coal) central heating,0,0,0,0,0,0,0,0,0,0,0,0
S01007830,Other central heating,0,0,0,0,0,0,0,0,0,0,0,0
S01007830,Two or more types of central heating,22,10,12,11,3,8,7,3,4,4,4,0
S01007831,All people in households,883,272,611,637,60,577,163,131,32,83,81,2
S01007831,No central heating,62,14,48,43,1,42,14,8,6,5,5,0
S01007831,Gas central heating,469,167,302,326,40,286,93,78,15,50,49,1
S01007831,Electric (including storage heaters) central heating,322,77,245,250,15,235,49,40,9,23,22,1
S01007831,Oil central heating,0,0,0,0,0,0,0,0,0,0,0,0
S01007831,Solid fuel (for example wood coal) central heating,0,0,0,0,0,0,0,0,0,0,0,0
S01007831,Other central heating,8,4,4,4,1,3,3,2,1,1,1,0
S01007831,Two or more types of central heating,22,10,12,14,3,11,4,3,1,4,4,0
S01007832,All people in households,629,183,446,479,57,422,87,67,20,63,59,4
S01007832,No central heating,12,3,9,10,2,8,1,0,1,1,1,0
S01007832,Gas central heating,507,151,356,381,44,337,74,58,16,52,49,3
S01007832,Electric (including storage heaters) central heating,76,19,57,60,5,55,8,7,1,8,7,1
S01007832,Oil central heating,0,0,0,0,0,0,0,0,0,0,0,0
S01007832,Solid fuel (for example wood coal) central heating,0,0,0,0,0,0,0,0,0,0,0,0
S01007832,Other central heating,1,1,0,1,1,0,0,0,0,0,0,0
S01007832,Two or more types of central heating,33,9,24,27,5,22,4,2,2,2,2,0
S01007833,All people in households,792,316,476,537,99,438,164,130,34,91,87,4
S01007833,No central heating,5,5,0,0,0,0,4,4,0,1,1,0
S01007833,Gas central heating,713,283,430,486,92,394,147,114,33,80,77,3
S01007833,Electric (including storage heaters) central heating,57,22,35,40,7,33,12,11,1,5,4,1
S01007833,Oil central heating,0,0,0,0,0,0,0,0,0,0,0,0
S01007833,Solid fuel (for example wood coal) central heating,0,0,0,0,0,0,0,0,0,0,0,0
S01007833,Other central heating,0,0,0,0,0,0,0,0,0,0,0,0
S01007833,Two or more types of central heating,17,6,11,11,0,11,1,1,0,5,5,0
S01007834,All people in households,742,173,569,587,45,542,92,66,26,63,62,1
S01007834,No central heating,46,9,37,37,3,34,4,1,3,5,5,0
S01007834,Gas central heating,434,97,337,343,19,324,56,44,12,35,34,1
S01007834,Electric (including storage heaters) central heating,243,61,182,195,23,172,28,18,10,20,20,0
S01007834,Oil central heating,0,0,0,0,0,0,0,0,0,0,0,0
S01007834,Solid fuel (for example wood coal) central heating,0,0,0,0,0,0,0,0,0,0,0,0
S01007834,Other central heating,0,0,0,0,0,0,0,0,0,0,0,0
S01007834,Two or more types of central heating,19,6,13,12,0,12,4,3,1,3,3,0
S01007835,All people in households,695,151,544,570,46,524,79,60,19,46,45,1
S01007835,No central heating,13,6,7,7,0,7,5,5,0,1,1,0
S01007835,Gas central heating,573,115,458,478,35,443,61,47,14,34,33,1
S01007835,Electric (including storage heaters) central heating,76,18,58,60,6,54,9,5,4,7,7,0
S01007835,Oil central heating,0,0,0,0,0,0,0,0,0,0,0,0
S01007835,Solid fuel (for example wood coal) central heating,0,0,0,0,0,0,0,0,0,0,0,0
S01007835,Other central heating,0,0,0,0,0,0,0,0,0,0,0,0
S01007835,Two or more types of central heating,33,12,21,25,5,20,4,3,1,4,4,0
S01007836,All people in households,522,144,378,408,49,359,81,62,19,33,33,0
S01007836,No central heating,7,2,5,5,0,5,1,1,0,1,1,0
S01007836,Gas central heating,378,89,289,315,38,277,43,31,12,20,20,0
S01007836,Electric (including storage heaters) central heating,120,51,69,73,11,62,35,28,7,12,12,0
S01007836,Oil central heating,0,0,0,0,0,0,0,0,0,0,0,0
S01007836,Solid fuel (for example wood coal) central heating,0,0,0,0,0,0,0,0,0,0,0,0
S01007836,Other central heating,1,0,1,1,0,1,0,0,0,0,0,0
S01007836,Two or more types of central heating,16,2,14,14,0,14,2,2,0,0,0,0
S01007837,All people in households,778,164,614,667,71,596,81,63,18,30,30,0
S01007837,No central heating,11,3,8,10,2,8,1,1,0,0,0,0
S01007837,Gas central heating,737,154,583,629,64,565,78,60,18,30,30,0
S01007837,Electric (including storage heaters) central heating,21,6,15,20,5,15,1,1,0,0,0,0
S01007837,Oil central heating,2,1,1,1,0,1,1,1,0,0,0,0
S01007837,Solid fuel (for example wood coal) central heating,0,0,0,0,0,0,0,0,0,0,0,0
S01007837,Other central heating,0,0,0,0,0,0,0,0,0,0,0,0
S01007837,Two or more types of central heating,7,0,7,7,0,7,0,0,0,0,0,0
S01007838,All people in households,845,175,670,711,65,646,94,71,23,40,39,1
S01007838,No central heating,10,2,8,8,0,8,1,1,0,1,1,0
S01007838,Gas central heating,738,143,595,631,56,575,75,56,19,32,31,1
S01007838,Electric (including storage heaters) central heating,84,26,58,61,7,54,16,12,4,7,7,0
S01007838,Oil central heating,2,2,0,1,1,0,1,1,0,0,0,0
S01007838,Solid fuel (for example wood coal) central heating,0,0,0,0,0,0,0,0,0,0,0,0
S01007838,Other central heating,0,0,0,0,0,0,0,0,0,0,0,0
S01007838,Two or more types of central heating,11,2,9,10,1,9,1,1,0,0,0,0
S01007839,All people in households,528,170,358,373,54,319,102,64,38,53,52,1
S01007839,No central heating,21,7,14,16,3,13,1,0,1,4,4,0
S01007839,Gas central heating,299,81,218,220,25,195,55,32,23,24,24,0
S01007839,Electric (including storage heaters) central heating,199,78,121,129,23,106,46,32,14,24,23,1
S01007839,Oil central heating,1,1,0,1,1,0,0,0,0,0,0,0
S01007839,Solid fuel (for example wood coal) central heating,0,0,0,0,0,0,0,0,0,0,0,0
S01007839,Other central heating,1,0,1,1,0,1,0,0,0,0,0,0
S01007839,Two or more types of central heating,7,3,4,6,2,4,0,0,0,1,1,0
S01007840,All people in households,762,174,588,609,55,554,107,74,33,46,45,1
S01007840,No central heating,44,6,38,38,1,37,4,3,1,2,2,0
S01007840,Gas central heating,242,59,183,184,12,172,42,32,10,16,15,1
S01007840,Electric (including storage heaters) central heating,472,108,364,386,42,344,58,38,20,28,28,0
S01007840,Oil central heating,2,0,2,0,0,0,2,0,2,0,0,0
S01007840,Solid fuel (for example wood coal) central heating,0,0,0,0,0,0,0,0,0,0,0,0
S01007840,Other central heating,1,0,1,1,0,1,0,0,0,0,0,0
S01007840,Two or more types of central heating,1,1,0,0,0,0,1,1,0,0,0,0
S01007841,All people in households,711,129,582,585,38,547,86,53,33,40,38,2
S01007841,No central heating,19,1,18,18,0,18,1,1,0,0,0,0
S01007841,Gas central heating,435,71,364,359,21,338,51,27,24,25,23,2
S01007841,Electric (including storage heaters) central heating,219,43,176,177,10,167,32,23,9,10,10,0
S01007841,Oil central heating,0,0,0,0,0,0,0,0,0,0,0,0
S01007841,Solid fuel (for example wood coal) central heating,0,0,0,0,0,0,0,0,0,0,0,0
S01007841,Other central heating,2,0,2,2,0,2,0,0,0,0,0,0
S01007841,Two or more types of central heating,36,14,22,29,7,22,2,2,0,5,5,0
S01007842,All people in households,770,148,622,633,47,586,84,48,36,53,53,0
S01007842,No central heating,39,7,32,35,3,32,4,4,0,0,0,0
S01007842,Gas central heating,439,91,348,355,28,327,48,27,21,36,36,0
S01007842,Electric (including storage heaters) central heating,248,40,208,211,14,197,24,13,11,13,13,0
S01007842,Oil central heating,0,0,0,0,0,0,0,0,0,0,0,0
S01007842,Solid fuel (for example wood coal) central heating,0,0,0,0,0,0,0,0,0,0,0,0
S01007842,Other central heating,0,0,0,0,0,0,0,0,0,0,0,0
S01007842,Two or more types of central heating,44,10,34,32,2,30,8,4,4,4,4,0
S01007843,All people in households,705,148,557,564,48,516,93,55,38,48,45,3
S01007843,No central heating,47,6,41,42,3,39,1,1,0,4,2,2
S01007843,Gas central heating,405,93,312,316,30,286,61,36,25,28,27,1
S01007843,Electric (including storage heaters) central heating,243,46,197,200,15,185,28,16,12,15,15,0
S01007843,Oil central heating,0,0,0,0,0,0,0,0,0,0,0,0
S01007843,Solid fuel (for example wood coal) central heating,0,0,0,0,0,0,0,0,0,0,0,0
S01007843,Other central heating,0,0,0,0,0,0,0,0,0,0,0,0
S01007843,Two or more types of central heating,10,3,7,6,0,6,3,2,1,1,1,0
S01007844,All people in households,935,183,752,766,52,714,109,73,36,60,58,2
S01007844,No central heating,25,6,19,21,3,18,1,1,0,3,2,1
S01007844,Gas central heating,638,123,515,520,29,491,76,53,23,42,41,1
S01007844,Electric (including storage heaters) central heating,218,37,181,190,16,174,21,14,7,7,7,0
S01007844,Oil central heating,0,0,0,0,0,0,0,0,0,0,0,0
S01007844,Solid fuel (for example wood coal) central heating,0,0,0,0,0,0,0,0,0,0,0,0
S01007844,Other central heating,4,1,3,4,1,3,0,0,0,0,0,0
S01007844,Two or more types of central heating,50,16,34,31,3,28,11,5,6,8,8,0
S01007845,All people in households,903,207,696,706,52,654,120,82,38,77,73,4
S01007845,No central heating,39,12,27,27,3,24,9,6,3,3,3,0
S01007845,Gas central heating,698,162,536,549,44,505,91,64,27,58,54,4
S01007845,Electric (including storage heaters) central heating,96,25,71,68,2,66,16,11,5,12,12,0
S01007845,Oil central heating,0,0,0,0,0,0,0,0,0,0,0,0
S01007845,Solid fuel (for example wood coal) central heating,0,0,0,0,0,0,0,0,0,0,0,0
S01007845,Other central heating,0,0,0,0,0,0,0,0,0,0,0,0
S01007845,Two or more types of central heating,70,8,62,62,3,59,4,1,3,4,4,0
S01007846,All people in households,744,187,557,578,46,532,107,84,23,59,57,2
S01007846,No central heating,13,1,12,13,1,12,0,0,0,0,0,0
S01007846,Gas central heating,553,135,418,430,29,401,79,63,16,44,43,1
S01007846,Electric (including storage heaters) central heating,141,44,97,106,14,92,20,16,4,15,14,1
S01007846,Oil central heating,0,0,0,0,0,0,0,0,0,0,0,0
S01007846,Solid fuel (for example wood coal) central heating,0,0,0,0,0,0,0,0,0,0,0,0
S01007846,Other central heating,0,0,0,0,0,0,0,0,0,0,0,0
S01007846,Two or more types of central heating,37,7,30,29,2,27,8,5,3,0,0,0
S01007847,All people in households,917,227,690,706,56,650,130,91,39,81,80,1
S01007847,No central heating,39,9,30,32,2,30,3,3,0,4,4,0
S01007847,Gas central heating,658,158,500,511,44,467,89,56,33,58,58,0
S01007847,Electric (including storage heaters) central heating,194,55,139,141,9,132,36,30,6,17,16,1
S01007847,Oil central heating,0,0,0,0,0,0,0,0,0,0,0,0
S01007847,Solid fuel (for example wood coal) central heating,0,0,0,0,0,0,0,0,0,0,0,0
S01007847,Other central heating,5,2,3,4,1,3,0,0,0,1,1,0
S01007847,Two or more types of central heating,21,3,18,18,0,18,2,2,0,1,1,0
S01007848,All people in households,819,221,598,603,54,549,141,92,49,75,75,0
S01007848,No central heating,36,4,32,31,0,31,3,2,1,2,2,0
S01007848,Gas central heating,547,148,399,400,36,364,100,65,35,47,47,0
S01007848,Electric (including storage heaters) central heating,214,61,153,158,16,142,34,23,11,22,22,0
S01007848,Oil central heating,0,0,0,0,0,0,0,0,0,0,0,0
S01007848,Solid fuel (for example wood coal) central heating,0,0,0,0,0,0,0,0,0,0,0,0
S01007848,Other central heating,0,0,0,0,0,0,0,0,0,0,0,0
S01007848,Two or more types of central heating,22,8,14,14,2,12,4,2,2,4,4,0
S01007849,All people in households,934,173,761,759,43,716,107,64,43,68,66,2
S01007849,No central heating,43,6,37,36,1,35,5,3,2,2,2,0
S01007849,Gas central heating,591,89,502,486,18,468,65,33,32,40,38,2
S01007849,Electric (including storage heaters) central heating,258,65,193,203,18,185,32,24,8,23,23,0
S01007849,Oil central heating,0,0,0,0,0,0,0,0,0,0,0,0
S01007849,Solid fuel (for example wood coal) central heating,0,0,0,0,0,0,0,0,0,0,0,0
S01007849,Other central heating,6,6,0,1,1,0,2,2,0,3,3,0
S01007849,Two or more types of central heating,36,7,29,33,5,28,3,2,1,0,0,0
S01007850,All people in households,754,215,539,564,64,500,129,92,37,61,59,2
S01007850,No central heating,16,6,10,11,2,9,4,3,1,1,1,0
S01007850,Gas central heating,620,170,450,464,46,418,108,77,31,48,47,1
S01007850,Electric (including storage heaters) central heating,86,22,64,71,12,59,10,6,4,5,4,1
S01007850,Oil central heating,0,0,0,0,0,0,0,0,0,0,0,0
S01007850,Solid fuel (for example wood coal) central heating,0,0,0,0,0,0,0,0,0,0,0,0
S01007850,Other central heating,0,0,0,0,0,0,0,0,0,0,0,0
S01007850,Two or more types of central heating,32,17,15,18,4,14,7,6,1,7,7,0
S01007851,All people in households,939,310,629,708,105,603,143,119,24,88,86,2
S01007851,No central heating,23,8,15,15,0,15,3,3,0,5,5,0
S01007851,Gas central heating,698,200,498,554,71,483,81,67,14,63,62,1
S01007851,Electric (including storage heaters) central heating,191,95,96,118,31,87,54,46,8,19,18,1
S01007851,Oil central heating,2,1,1,2,1,1,0,0,0,0,0,0
S01007851,Solid fuel (for example wood coal) central heating,1,0,1,1,0,1,0,0,0,0,0,0
S01007851,Other central heating,0,0,0,0,0,0,0,0,0,0,0,0
S01007851,Two or more types of central heating,24,6,18,18,2,16,5,3,2,1,1,0
S01007852,All people in households,667,151,516,539,45,494,87,67,20,41,39,2
S01007852,No central heating,12,5,7,8,2,6,2,1,1,2,2,0
S01007852,Gas central heating,376,73,303,315,22,293,44,34,10,17,17,0
S01007852,Electric (including storage heaters) central heating,267,67,200,211,21,190,35,27,8,21,19,2
S01007852,Oil central heating,0,0,0,0,0,0,0,0,0,0,0,0
S01007852,Solid fuel (for example wood coal) central heating,0,0,0,0,0,0,0,0,0,0,0,0
S01007852,Other central heating,2,1,1,1,0,1,1,1,0,0,0,0
S01007852,Two or more types of central heating,10,5,5,4,0,4,5,4,1,1,1,0
S01007853,All people in households,660,233,427,433,43,390,134,99,35,93,91,2
S01007853,No central heating,42,16,26,26,2,24,10,8,2,6,6,0
S01007853,Gas central heating,229,79,150,157,16,141,34,26,8,38,37,1
S01007853,Electric (including storage heaters) central heating,378,135,243,242,24,218,88,64,24,48,47,1
S01007853,Oil central heating,0,0,0,0,0,0,0,0,0,0,0,0
S01007853,Solid fuel (for example wood coal) central heating,0,0,0,0,0,0,0,0,0,0,0,0
S01007853,Other central heating,1,0,1,1,0,1,0,0,0,0,0,0
S01007853,Two or more types of central heating,10,3,7,7,1,6,2,1,1,1,1,0
S01007854,All people in households,1075,278,797,827,84,743,159,108,51,89,86,3
S01007854,No central heating,27,4,23,22,0,22,4,3,1,1,1,0
S01007854,Gas central heating,374,103,271,297,42,255,55,41,14,22,20,2
S01007854,Electric (including storage heaters) central heating,657,169,488,493,41,452,99,64,35,65,64,1
S01007854,Oil central heating,0,0,0,0,0,0,0,0,0,0,0,0
S01007854,Solid fuel (for example wood coal) central heating,0,0,0,0,0,0,0,0,0,0,0,0
S01007854,Other central heating,4,1,3,2,0,2,1,0,1,1,1,0
S01007854,Two or more types of central heating,13,1,12,13,1,12,0,0,0,0,0,0
S01007855,All people in households,501,127,374,371,30,341,74,44,30,56,53,3
S01007855,No central heating,59,16,43,45,3,42,10,9,1,4,4,0
S01007855,Gas central heating,233,39,194,190,13,177,30,14,16,13,12,1
S01007855,Electric (including storage heaters) central heating,200,68,132,130,13,117,33,20,13,37,35,2
S01007855,Oil central heating,0,0,0,0,0,0,0,0,0,0,0,0
S01007855,Solid fuel (for example wood coal) central heating,0,0,0,0,0,0,0,0,0,0,0,0
S01007855,Other central heating,1,1,0,0,0,0,0,0,0,1,1,0
S01007855,Two or more types of central heating,8,3,5,6,1,5,1,1,0,1,1,0
S01007856,All people in households,843,170,673,697,60,637,94,59,35,52,51,1
S01007856,No central heating,16,3,13,12,0,12,3,2,1,1,1,0
S01007856,Gas central heating,667,131,536,562,48,514,66,44,22,39,39,0
S01007856,Electric (including storage heaters) central heating,116,30,86,91,12,79,20,13,7,5,5,0
S01007856,Oil central heating,0,0,0,0,0,0,0,0,0,0,0,0
S01007856,Solid fuel (for example wood coal) central heating,2,1,1,0,0,0,0,0,0,2,1,1
S01007856,Other central heating,0,0,0,0,0,0,0,0,0,0,0,0
S01007856,Two or more types of central heating,42,5,37,32,0,32,5,0,5,5,5,0
S01007857,All people in households,492,129,363,381,40,341,69,49,20,42,40,2
S01007857,No central heating,4,1,3,2,0,2,1,0,1,1,1,0
S01007857,Gas central heating,408,97,311,326,32,294,53,38,15,29,27,2
S01007857,Electric (including storage heaters) central heating,58,23,35,38,7,31,13,9,4,7,7,0
S01007857,Oil central heating,0,0,0,0,0,0,0,0,0,0,0,0
S01007857,Solid fuel (for example wood coal) central heating,0,0,0,0,0,0,0,0,0,0,0,0
S01007857,Other central heating,0,0,0,0,0,0,0,0,0,0,0,0
S01007857,Two or more types of central heating,22,8,14,15,1,14,2,2,0,5,5,0
S01007858,All people in households,1019,308,711,738,68,670,191,151,40,90,89,1
S01007858,No central heating,7,4,3,2,0,2,3,2,1,2,2,0
S01007858,Gas central heating,788,192,596,603,41,562,131,98,33,54,53,1
S01007858,Electric (including storage heaters) central heating,189,96,93,108,19,89,48,44,4,33,33,0
S01007858,Oil central heating,3,3,0,0,0,0,3,3,0,0,0,0
S01007858,Solid fuel (for example wood coal) central heating,0,0,0,0,0,0,0,0,0,0,0,0
S01007858,Other central heating,3,2,1,3,2,1,0,0,0,0,0,0
S01007858,Two or more types of central heating,29,11,18,22,6,16,6,4,2,1,1,0
S01007859,All people in households,528,148,380,388,34,354,82,59,23,58,55,3
S01007859,No central heating,0,0,0,0,0,0,0,0,0,0,0,0
S01007859,Gas central heating,462,118,344,347,24,323,67,48,19,48,46,2
S01007859,Electric (including storage heaters) central heating,38,17,21,23,6,17,8,5,3,7,6,1
S01007859,Oil central heating,1,0,1,0,0,0,1,0,1,0,0,0
S01007859,Solid fuel (for example wood coal) central heating,0,0,0,0,0,0,0,0,0,0,0,0
S01007859,Other central heating,7,4,3,3,0,3,3,3,0,1,1,0
S01007859,Two or more types of central heating,20,9,11,15,4,11,3,3,0,2,2,0
S01007860,All people in households,637,78,559,544,17,527,65,34,31,28,27,1
S01007860,No central heating,0,0,0,0,0,0,0,0,0,0,0,0
S01007860,Gas central heating,596,70,526,513,16,497,57,29,28,26,25,1
S01007860,Electric (including storage heaters) central heating,11,2,9,6,0,6,4,1,3,1,1,0
S01007860,Oil central heating,0,0,0,0,0,0,0,0,0,0,0,0
S01007860,Solid fuel (for example wood coal) central heating,0,0,0,0,0,0,0,0,0,0,0,0
S01007860,Other central heating,1,1,0,1,1,0,0,0,0,0,0,0
S01007860,Two or more types of central heating,29,5,24,24,0,24,4,4,0,1,1,0
S01007861,All people in households,674,164,510,532,47,485,91,69,22,51,48,3
S01007861,No central heating,30,5,25,25,1,24,4,3,1,1,1,0
S01007861,Gas central heating,578,142,436,462,42,420,74,60,14,42,40,2
S01007861,Electric (including storage heaters) central heating,47,12,35,29,2,27,12,5,7,6,5,1
S01007861,Oil central heating,0,0,0,0,0,0,0,0,0,0,0,0
S01007861,Solid fuel (for example wood coal) central heating,0,0,0,0,0,0,0,0,0,0,0,0
S01007861,Other central heating,2,1,1,2,1,1,0,0,0,0,0,0
S01007861,Two or more types of central heating,17,4,13,14,1,13,1,1,0,2,2,0
S01007862,All people in households,701,154,547,565,50,515,98,66,32,38,38,0
S01007862,No central heating,24,4,20,21,1,20,3,3,0,0,0,0
S01007862,Gas central heating,591,124,467,474,34,440,84,57,27,33,33,0
S01007862,Electric (including storage heaters) central heating,66,19,47,53,11,42,10,5,5,3,3,0
S01007862,Oil central heating,0,0,0,0,0,0,0,0,0,0,0,0
S01007862,Solid fuel (for example wood coal) central heating,1,0,1,1,0,1,0,0,0,0,0,0
S01007862,Other central heating,0,0,0,0,0,0,0,0,0,0,0,0
S01007862,Two or more types of central heating,19,7,12,16,4,12,1,1,0,2,2,0
S01007863,All people in households,895,195,700,707,53,654,140,97,43,48,45,3
S01007863,No central heating,19,6,13,13,1,12,5,4,1,1,1,0
S01007863,Gas central heating,707,152,555,565,45,520,112,78,34,30,29,1
S01007863,Electric (including storage heaters) central heating,110,24,86,82,4,78,14,8,6,14,12,2
S01007863,Oil central heating,2,0,2,2,0,2,0,0,0,0,0,0
S01007863,Solid fuel (for example wood coal) central heating,0,0,0,0,0,0,0,0,0,0,0,0
S01007863,Other central heating,5,0,5,5,0,5,0,0,0,0,0,0
S01007863,Two or more types of central heating,52,13,39,40,3,37,9,7,2,3,3,0
S01007864,All people in households,938,211,727,740,48,692,136,103,33,62,60,2
S01007864,No central heating,30,13,17,18,2,16,8,7,1,4,4,0
S01007864,Gas central heating,678,137,541,554,33,521,86,67,19,38,37,1
S01007864,Electric (including storage heaters) central heating,193,56,137,137,13,124,40,28,12,16,15,1
S01007864,Oil central heating,0,0,0,0,0,0,0,0,0,0,0,0
S01007864,Solid fuel (for example wood coal) central heating,0,0,0,0,0,0,0,0,0,0,0,0
S01007864,Other central heating,2,0,2,2,0,2,0,0,0,0,0,0
S01007864,Two or more types of central heating,35,5,30,29,0,29,2,1,1,4,4,0
S01007865,All people in households,693,38,655,657,14,643,26,14,12,10,10,0
S01007865,No central heating,8,1,7,8,1,7,0,0,0,0,0,0
S01007865,Gas central heating,664,34,630,631,13,618,25,13,12,8,8,0
S01007865,Electric (including storage heaters) central heating,8,1,7,7,0,7,1,1,0,0,0,0
S01007865,Oil central heating,2,1,1,1,0,1,0,0,0,1,1,0
S01007865,Solid fuel (for example wood coal) central heating,6,0,6,6,0,6,0,0,0,0,0,0
S01007865,Other central heating,0,0,0,0,0,0,0,0,0,0,0,0
S01007865,Two or more types of central heating,5,1,4,4,0,4,0,0,0,1,1,0
S01007866,All people in households,586,39,547,552,17,535,24,12,12,10,10,0
S01007866,No central heating,3,0,3,3,0,3,0,0,0,0,0,0
S01007866,Gas central heating,567,36,531,535,16,519,23,11,12,9,9,0
S01007866,Electric (including storage heaters) central heating,1,1,0,0,0,0,0,0,0,1,1,0
S01007866,Oil central heating,7,2,5,6,1,5,1,1,0,0,0,0
S01007866,Solid fuel (for example wood coal) central heating,0,0,0,0,0,0,0,0,0,0,0,0
S01007866,Other central heating,0,0,0,0,0,0,0,0,0,0,0,0
S01007866,Two or more types of central heating,8,0,8,8,0,8,0,0,0,0,0,0
S01007867,All people in households,456,56,400,415,25,390,32,22,10,9,9,0
S01007867,No central heating,18,3,15,16,2,14,1,0,1,1,1,0
S01007867,Gas central heating,357,36,321,334,18,316,18,13,5,5,5,0
S01007867,Electric (including storage heaters) central heating,36,8,28,27,1,26,6,4,2,3,3,0
S01007867,Oil central heating,26,3,23,24,2,22,2,1,1,0,0,0
S01007867,Solid fuel (for example wood coal) central heating,2,2,0,0,0,0,2,2,0,0,0,0
S01007867,Other central heating,2,2,0,1,1,0,1,1,0,0,0,0
S01007867,Two or more types of central heating,15,2,13,13,1,12,2,1,1,0,0,0
S01007868,All people in households,861,122,739,780,55,725,55,41,14,26,26,0
S01007868,No central heating,3,0,3,3,0,3,0,0,0,0,0,0
S01007868,Gas central heating,805,114,691,729,52,677,52,38,14,24,24,0
S01007868,Electric (including storage heaters) central heating,35,4,31,33,2,31,2,2,0,0,0,0
S01007868,Oil central heating,0,0,0,0,0,0,0,0,0,0,0,0
S01007868,Solid fuel (for example wood coal) central heating,0,0,0,0,0,0,0,0,0,0,0,0
S01007868,Other central heating,0,0,0,0,0,0,0,0,0,0,0,0
S01007868,Two or more types of central heating,18,4,14,15,1,14,1,1,0,2,2,0
S01007869,All people in households,906,102,804,831,45,786,56,38,18,19,19,0
S01007869,No central heating,5,0,5,4,0,4,1,0,1,0,0,0
S01007869,Gas central heating,835,89,746,769,39,730,50,34,16,16,16,0
S01007869,Electric (including storage heaters) central heating,42,10,32,36,4,32,3,3,0,3,3,0
S01007869,Oil central heating,0,0,0,0,0,0,0,0,0,0,0,0
S01007869,Solid fuel (for example wood coal) central heating,3,0,3,3,0,3,0,0,0,0,0,0
S01007869,Other central heating,0,0,0,0,0,0,0,0,0,0,0,0
S01007869,Two or more types of central heating,21,3,18,19,2,17,2,1,1,0,0,0
S01007870,All people in households,505,119,386,398,37,361,65,41,24,42,41,1
S01007870,No central heating,5,1,4,3,0,3,2,1,1,0,0,0
S01007870,Gas central heating,319,72,247,253,19,234,40,27,13,26,26,0
S01007870,Electric (including storage heaters) central heating,10,3,7,7,1,6,2,1,1,1,1,0
S01007870,Oil central heating,110,23,87,88,9,79,14,6,8,8,8,0
S01007870,Solid fuel (for example wood coal) central heating,37,14,23,27,4,23,6,6,0,4,4,0
S01007870,Other central heating,8,4,4,5,3,2,1,0,1,2,1,1
S01007870,Two or more types of central heating,16,2,14,15,1,14,0,0,0,1,1,0
S01007871,All people in households,669,205,464,465,36,429,115,84,31,89,85,4
S01007871,No central heating,1,0,1,1,0,1,0,0,0,0,0,0
S01007871,Gas central heating,631,191,440,440,34,406,106,76,30,85,81,4
S01007871,Electric (including storage heaters) central heating,6,5,1,2,1,1,3,3,0,1,1,0
S01007871,Oil central heating,9,1,8,8,0,8,1,1,0,0,0,0
S01007871,Solid fuel (for example wood coal) central heating,13,6,7,8,1,7,3,3,0,2,2,0
S01007871,Other central heating,0,0,0,0,0,0,0,0,0,0,0,0
S01007871,Two or more types of central heating,9,2,7,6,0,6,2,1,1,1,1,0
S01007872,All people in households,705,222,483,490,40,450,124,94,30,91,88,3
S01007872,No central heating,0,0,0,0,0,0,0,0,0,0,0,0
S01007872,Gas central heating,682,216,466,474,39,435,121,92,29,87,85,2
S01007872,Electric (including storage heaters) central heating,3,2,1,2,1,1,0,0,0,1,1,0
S01007872,Oil central heating,3,0,3,3,0,3,0,0,0,0,0,0
S01007872,Solid fuel (for example wood coal) central heating,9,2,7,6,0,6,2,1,1,1,1,0
S01007872,Other central heating,0,0,0,0,0,0,0,0,0,0,0,0
S01007872,Two or more types of central heating,8,2,6,5,0,5,1,1,0,2,1,1
S01007873,All people in households,639,178,461,483,48,435,98,74,24,58,56,2
S01007873,No central heating,5,1,4,3,0,3,2,1,1,0,0,0
S01007873,Gas central heating,589,149,440,453,37,416,84,62,22,52,50,2
S01007873,Electric (including storage heaters) central heating,26,19,7,13,7,6,9,8,1,4,4,0
S01007873,Oil central heating,2,0,2,2,0,2,0,0,0,0,0,0
S01007873,Solid fuel (for example wood coal) central heating,9,6,3,5,2,3,3,3,0,1,1,0
S01007873,Other central heating,0,0,0,0,0,0,0,0,0,0,0,0
S01007873,Two or more types of central heating,8,3,5,7,2,5,0,0,0,1,1,0
S01007874,All people in households,723,255,468,494,59,435,143,111,32,86,85,1
S01007874,No central heating,4,1,3,3,0,3,1,1,0,0,0,0
S01007874,Gas central heating,693,244,449,474,56,418,136,106,30,83,82,1
S01007874,Electric (including storage heaters) central heating,5,2,3,3,0,3,1,1,0,1,1,0
S01007874,Oil central heating,0,0,0,0,0,0,0,0,0,0,0,0
S01007874,Solid fuel (for example wood coal) central heating,13,5,8,8,1,7,3,2,1,2,2,0
S01007874,Other central heating,0,0,0,0,0,0,0,0,0,0,0,0
S01007874,Two or more types of central heating,8,3,5,6,2,4,2,1,1,0,0,0
S01007875,All people in households,526,117,409,428,39,389,64,45,19,34,33,1
S01007875,No central heating,3,1,2,2,0,2,1,1,0,0,0,0
S01007875,Gas central heating,489,107,382,397,34,363,61,43,18,31,30,1
S01007875,Electric (including storage heaters) central heating,4,2,2,4,2,2,0,0,0,0,0,0
S01007875,Oil central heating,13,2,11,11,1,10,1,0,1,1,1,0
S01007875,Solid fuel (for example wood coal) central heating,16,4,12,14,2,12,1,1,0,1,1,0
S01007875,Other central heating,0,0,0,0,0,0,0,0,0,0,0,0
S01007875,Two or more types of central heating,1,1,0,0,0,0,0,0,0,1,1,0
S01007876,All people in households,1009,199,810,826,55,771,130,93,37,53,51,2
S01007876,No central heating,0,0,0,0,0,0,0,0,0,0,0,0
S01007876,Gas central heating,954,183,771,784,50,734,121,85,36,49,48,1
S01007876,Electric (including storage heaters) central heating,2,1,1,2,1,1,0,0,0,0,0,0
S01007876,Oil central heating,17,4,13,15,2,13,2,2,0,0,0,0
S01007876,Solid fuel (for example wood coal) central heating,20,6,14,13,1,12,3,2,1,4,3,1
S01007876,Other central heating,3,1,2,2,0,2,1,1,0,0,0,0
S01007876,Two or more types of central heating,13,4,9,10,1,9,3,3,0,0,0,0
S01007877,All people in households,773,229,544,570,56,514,125,99,26,78,74,4
S01007877,No central heating,1,1,0,0,0,0,1,1,0,0,0,0
S01007877,Gas central heating,705,195,510,534,46,488,105,85,20,66,64,2
S01007877,Electric (including storage heaters) central heating,34,19,15,18,7,11,9,7,2,7,5,2
S01007877,Oil central heating,16,4,12,11,0,11,3,2,1,2,2,0
S01007877,Solid fuel (for example wood coal) central heating,9,5,4,4,1,3,3,2,1,2,2,0
S01007877,Other central heating,0,0,0,0,0,0,0,0,0,0,0,0
S01007877,Two or more types of central heating,8,5,3,3,2,1,4,2,2,1,1,0
S01007878,All people in households,598,168,430,437,37,400,104,74,30,57,57,0
S01007878,No central heating,0,0,0,0,0,0,0,0,0,0,0,0
S01007878,Gas central heating,552,153,399,405,35,370,92,63,29,55,55,0
S01007878,Electric (including storage heaters) central heating,6,3,3,3,0,3,3,3,0,0,0,0
S01007878,Oil central heating,20,6,14,16,2,14,3,3,0,1,1,0
S01007878,Solid fuel (for example wood coal) central heating,12,5,7,7,0,7,4,4,0,1,1,0
S01007878,Other central heating,0,0,0,0,0,0,0,0,0,0,0,0
S01007878,Two or more types of central heating,8,1,7,6,0,6,2,1,1,0,0,0
S01007879,All people in households,764,202,562,586,54,532,110,82,28,68,66,2
S01007879,No central heating,0,0,0,0,0,0,0,0,0,0,0,0
S01007879,Gas central heating,725,195,530,553,52,501,106,79,27,66,64,2
S01007879,Electric (including storage heaters) central heating,14,5,9,11,2,9,2,2,0,1,1,0
S01007879,Oil central heating,0,0,0,0,0,0,0,0,0,0,0,0
S01007879,Solid fuel (for example wood coal) central heating,16,1,15,14,0,14,1,0,1,1,1,0
S01007879,Other central heating,0,0,0,0,0,0,0,0,0,0,0,0
S01007879,Two or more types of central heating,9,1,8,8,0,8,1,1,0,0,0,0
S01007880,All people in households,382,88,294,299,20,279,52,37,15,31,31,0
S01007880,No central heating,6,1,5,5,0,5,0,0,0,1,1,0
S01007880,Gas central heating,208,59,149,148,9,139,37,27,10,23,23,0
S01007880,Electric (including storage heaters) central heating,5,1,4,4,1,3,1,0,1,0,0,0
S01007880,Oil central heating,108,15,93,96,6,90,8,5,3,4,4,0
S01007880,Solid fuel (for example wood coal) central heating,23,10,13,17,4,13,3,3,0,3,3,0
S01007880,Other central heating,16,1,15,15,0,15,1,1,0,0,0,0
S01007880,Two or more types of central heating,16,1,15,14,0,14,2,1,1,0,0,0
S01007881,All people in households,557,151,406,414,32,382,77,58,19,66,61,5
S01007881,No central heating,1,1,0,0,0,0,0,0,0,1,1,0
S01007881,Gas central heating,104,27,77,78,6,72,11,6,5,15,15,0
S01007881,Electric (including storage heaters) central heating,153,43,110,106,6,100,25,18,7,22,19,3
S01007881,Oil central heating,152,31,121,122,6,116,15,11,4,15,14,1
S01007881,Solid fuel (for example wood coal) central heating,96,39,57,64,9,55,20,18,2,12,12,0
S01007881,Other central heating,27,7,20,22,3,19,5,4,1,0,0,0
S01007881,Two or more types of central heating,24,3,21,22,2,20,1,1,0,1,0,1
S01007882,All people in households,730,117,613,627,34,593,78,59,19,25,24,1
S01007882,No central heating,7,1,6,6,0,6,1,1,0,0,0,0
S01007882,Gas central heating,193,42,151,155,12,143,29,21,8,9,9,0
S01007882,Electric (including storage heaters) central heating,40,5,35,34,0,34,5,4,1,1,1,0
S01007882,Oil central heating,399,49,350,358,17,341,33,25,8,8,7,1
S01007882,Solid fuel (for example wood coal) central heating,17,4,13,14,1,13,2,2,0,1,1,0
S01007882,Other central heating,39,12,27,27,2,25,8,6,2,4,4,0
S01007882,Two or more types of central heating,35,4,31,33,2,31,0,0,0,2,2,0
S01007883,All people in households,1046,200,846,861,56,805,126,87,39,59,57,2
S01007883,No central heating,0,0,0,0,0,0,0,0,0,0,0,0
S01007883,Gas central heating,959,186,773,785,51,734,117,80,37,57,55,2
S01007883,Electric (including storage heaters) central heating,27,1,26,25,0,25,2,1,1,0,0,0
S01007883,Oil central heating,42,11,31,36,5,31,5,5,0,1,1,0
S01007883,Solid fuel (for example wood coal) central heating,8,2,6,5,0,5,2,1,1,1,1,0
S01007883,Other central heating,3,0,3,3,0,3,0,0,0,0,0,0
S01007883,Two or more types of central heating,7,0,7,7,0,7,0,0,0,0,0,0
S01007884,All people in households,639,128,511,521,31,490,76,56,20,42,41,1
S01007884,No central heating,0,0,0,0,0,0,0,0,0,0,0,0
S01007884,Gas central heating,603,113,490,499,27,472,66,49,17,38,37,1
S01007884,Electric (including storage heaters) central heating,12,6,6,8,2,6,3,3,0,1,1,0
S01007884,Oil central heating,6,1,5,5,0,5,0,0,0,1,1,0
S01007884,Solid fuel (for example wood coal) central heating,15,6,9,7,1,6,6,3,3,2,2,0
S01007884,Other central heating,0,0,0,0,0,0,0,0,0,0,0,0
S01007884,Two or more types of central heating,3,2,1,2,1,1,1,1,0,0,0,0
S01007885,All people in households,730,216,514,517,45,472,136,98,38,77,73,4
S01007885,No central heating,4,2,2,2,0,2,2,2,0,0,0,0
S01007885,Gas central heating,688,195,493,501,44,457,119,85,34,68,66,2
S01007885,Electric (including storage heaters) central heating,17,7,10,7,0,7,4,3,1,6,4,2
S01007885,Oil central heating,6,3,3,4,1,3,2,2,0,0,0,0
S01007885,Solid fuel (for example wood coal) central heating,8,5,3,2,0,2,5,4,1,1,1,0
S01007885,Other central heating,1,0,1,1,0,1,0,0,0,0,0,0
S01007885,Two or more types of central heating,6,4,2,0,0,0,4,2,2,2,2,0
S01007886,All people in households,867,229,638,653,51,602,134,100,34,80,78,2
S01007886,No central heating,5,1,4,3,0,3,1,0,1,1,1,0
S01007886,Gas central heating,779,194,585,604,47,557,114,88,26,61,59,2
S01007886,Electric (including storage heaters) central heating,62,28,34,30,3,27,16,9,7,16,16,0
S01007886,Oil central heating,8,1,7,7,0,7,1,1,0,0,0,0
S01007886,Solid fuel (for example wood coal) central heating,7,4,3,4,1,3,1,1,0,2,2,0
S01007886,Other central heating,0,0,0,0,0,0,0,0,0,0,0,0
S01007886,Two or more types of central heating,6,1,5,5,0,5,1,1,0,0,0,0
S01007887,All people in households,578,110,468,483,34,449,68,50,18,27,26,1
S01007887,No central heating,19,6,13,12,1,11,4,2,2,3,3,0
S01007887,Gas central heating,189,37,152,162,15,147,20,15,5,7,7,0
S01007887,Electric (including storage heaters) central heating,34,18,16,19,4,15,7,6,1,8,8,0
S01007887,Oil central heating,293,42,251,255,14,241,33,24,9,5,4,1
S01007887,Solid fuel (for example wood coal) central heating,10,4,6,6,0,6,2,2,0,2,2,0
S01007887,Other central heating,15,2,13,13,0,13,0,0,0,2,2,0
S01007887,Two or more types of central heating,18,1,17,16,0,16,2,1,1,0,0,0
S01007888,All people in households,1070,230,840,833,48,785,156,104,52,81,78,3
S01007888,No central heating,3,1,2,2,0,2,0,0,0,1,1,0
S01007888,Gas central heating,974,210,764,760,43,717,140,96,44,74,71,3
S01007888,Electric (including storage heaters) central heating,58,12,46,45,3,42,8,4,4,5,5,0
S01007888,Oil central heating,12,1,11,11,1,10,1,0,1,0,0,0
S01007888,Solid fuel (for example wood coal) central heating,9,0,9,8,0,8,1,0,1,0,0,0
S01007888,Other central heating,0,0,0,0,0,0,0,0,0,0,0,0
S01007888,Two or more types of central heating,14,6,8,7,1,6,6,4,2,1,1,0
S01007889,All people in households,533,162,371,394,38,356,92,77,15,47,47,0
S01007889,No central heating,0,0,0,0,0,0,0,0,0,0,0,0
S01007889,Gas central heating,472,141,331,351,33,318,82,69,13,39,39,0
S01007889,Electric (including storage heaters) central heating,10,6,4,6,2,4,2,2,0,2,2,0
S01007889,Oil central heating,2,0,2,2,0,2,0,0,0,0,0,0
S01007889,Solid fuel (for example wood coal) central heating,25,8,17,18,3,15,6,4,2,1,1,0
S01007889,Other central heating,0,0,0,0,0,0,0,0,0,0,0,0
S01007889,Two or more types of central heating,24,7,17,17,0,17,2,2,0,5,5,0
S01007890,All people in households,736,181,555,581,49,532,92,69,23,63,63,0
S01007890,No central heating,2,1,1,0,0,0,2,1,1,0,0,0
S01007890,Gas central heating,702,172,530,556,47,509,84,63,21,62,62,0
S01007890,Electric (including storage heaters) central heating,9,5,4,5,1,4,3,3,0,1,1,0
S01007890,Oil central heating,6,1,5,6,1,5,0,0,0,0,0,0
S01007890,Solid fuel (for example wood coal) central heating,4,0,4,3,0,3,1,0,1,0,0,0
S01007890,Other central heating,6,0,6,6,0,6,0,0,0,0,0,0
S01007890,Two or more types of central heating,7,2,5,5,0,5,2,2,0,0,0,0
S01007891,All people in households,866,202,664,680,45,635,120,91,29,66,66,0
S01007891,No central heating,5,1,4,4,0,4,1,1,0,0,0,0
S01007891,Gas central heating,821,191,630,646,45,601,113,84,29,62,62,0
S01007891,Electric (including storage heaters) central heating,21,7,14,14,0,14,4,4,0,3,3,0
S01007891,Oil central heating,5,2,3,3,0,3,2,2,0,0,0,0
S01007891,Solid fuel (for example wood coal) central heating,8,1,7,7,0,7,0,0,0,1,1,0
S01007891,Other central heating,4,0,4,4,0,4,0,0,0,0,0,0
S01007891,Two or more types of central heating,2,0,2,2,0,2,0,0,0,0,0,0
S01007892,All people in households,738,157,581,600,49,551,109,80,29,29,28,1
S01007892,No central heating,5,0,5,5,0,5,0,0,0,0,0,0
S01007892,Gas central heating,677,144,533,552,47,505,98,71,27,27,26,1
S01007892,Electric (including storage heaters) central heating,20,3,17,17,1,16,3,2,1,0,0,0
S01007892,Oil central heating,13,2,11,11,0,11,2,2,0,0,0,0
S01007892,Solid fuel (for example wood coal) central heating,10,4,6,5,0,5,3,2,1,2,2,0
S01007892,Other central heating,0,0,0,0,0,0,0,0,0,0,0,0
S01007892,Two or more types of central heating,13,4,9,10,1,9,3,3,0,0,0,0
S01007893,All people in households,1019,177,842,855,43,812,116,86,30,48,48,0
S01007893,No central heating,0,0,0,0,0,0,0,0,0,0,0,0
S01007893,Gas central heating,977,167,810,819,37,782,112,84,28,46,46,0
S01007893,Electric (including storage heaters) central heating,19,5,14,15,3,12,3,1,2,1,1,0
S01007893,Oil central heating,13,4,9,11,2,9,1,1,0,1,1,0
S01007893,Solid fuel (for example wood coal) central heating,7,0,7,7,0,7,0,0,0,0,0,0
S01007893,Other central heating,0,0,0,0,0,0,0,0,0,0,0,0
S01007893,Two or more types of central heating,3,1,2,3,1,2,0,0,0,0,0,0
S01007894,All people in households,916,190,726,761,67,694,113,82,31,42,41,1
S01007894,No central heating,0,0,0,0,0,0,0,0,0,0,0,0
S01007894,Gas central heating,860,179,681,712,62,650,107,77,30,41,40,1
S01007894,Electric (including storage heaters) central heating,16,6,10,12,3,9,3,2,1,1,1,0
S01007894,Oil central heating,17,3,14,15,1,14,2,2,0,0,0,0
S01007894,Solid fuel (for example wood coal) central heating,5,1,4,4,0,4,1,1,0,0,0,0
S01007894,Other central heating,1,0,1,1,0,1,0,0,0,0,0,0
S01007894,Two or more types of central heating,17,1,16,17,1,16,0,0,0,0,0,0
S01007895,All people in households,542,115,427,451,37,414,65,52,13,26,26,0
S01007895,No central heating,0,0,0,0,0,0,0,0,0,0,0,0
S01007895,Gas central heating,480,101,379,404,37,367,56,44,12,20,20,0
S01007895,Electric (including storage heaters) central heating,25,11,14,13,0,13,8,7,1,4,4,0
S01007895,Oil central heating,16,3,13,13,0,13,1,1,0,2,2,0
S01007895,Solid fuel (for example wood coal) central heating,4,0,4,4,0,4,0,0,0,0,0,0
S01007895,Other central heating,9,0,9,9,0,9,0,0,0,0,0,0
S01007895,Two or more types of central heating,8,0,8,8,0,8,0,0,0,0,0,0
S01007896,All people in households,867,211,656,668,42,626,122,93,29,77,76,1
S01007896,No central heating,13,3,10,12,2,10,1,1,0,0,0,0
S01007896,Gas central heating,808,195,613,624,39,585,111,84,27,73,72,1
S01007896,Electric (including storage heaters) central heating,7,1,6,6,0,6,0,0,0,1,1,0
S01007896,Oil central heating,12,0,12,12,0,12,0,0,0,0,0,0
S01007896,Solid fuel (for example wood coal) central heating,10,5,5,5,1,4,4,3,1,1,1,0
S01007896,Other central heating,2,0,2,2,0,2,0,0,0,0,0,0
S01007896,Two or more types of central heating,15,7,8,7,0,7,6,5,1,2,2,0
S01007897,All people in households,439,96,343,361,31,330,64,51,13,14,14,0
S01007897,No central heating,5,2,3,3,0,3,2,2,0,0,0,0
S01007897,Gas central heating,132,35,97,103,11,92,22,17,5,7,7,0
S01007897,Electric (including storage heaters) central heating,4,2,2,2,0,2,1,1,0,1,1,0
S01007897,Oil central heating,241,44,197,207,16,191,30,24,6,4,4,0
S01007897,Solid fuel (for example wood coal) central heating,30,12,18,20,4,16,8,6,2,2,2,0
S01007897,Other central heating,22,1,21,21,0,21,1,1,0,0,0,0
S01007897,Two or more types of central heating,5,0,5,5,0,5,0,0,0,0,0,0
S01007898,All people in households,446,87,359,383,40,343,38,23,15,25,24,1
S01007898,No central heating,5,3,2,1,0,1,3,2,1,1,1,0
S01007898,Gas central heating,256,53,203,217,22,195,24,16,8,15,15,0
S01007898,Electric (including storage heaters) central heating,11,4,7,9,2,7,1,1,0,1,1,0
S01007898,Oil central heating,131,23,108,117,14,103,7,2,5,7,7,0
S01007898,Solid fuel (for example wood coal) central heating,23,4,19,19,2,17,3,2,1,1,0,1
S01007898,Other central heating,20,0,20,20,0,20,0,0,0,0,0,0
S01007898,Two or more types of central heating,0,0,0,0,0,0,0,0,0,0,0,0
S01007899,All people in households,349,68,281,293,25,268,37,25,12,19,18,1
S01007899,No central heating,8,2,6,6,1,5,2,1,1,0,0,0
S01007899,Gas central heating,176,45,131,136,14,122,25,17,8,15,14,1
S01007899,Electric (including storage heaters) central heating,0,0,0,0,0,0,0,0,0,0,0,0
S01007899,Oil central heating,127,19,108,114,8,106,9,7,2,4,4,0
S01007899,Solid fuel (for example wood coal) central heating,9,1,8,9,1,8,0,0,0,0,0,0
S01007899,Other central heating,22,1,21,21,1,20,1,0,1,0,0,0
S01007899,Two or more types of central heating,7,0,7,7,0,7,0,0,0,0,0,0
S01007900,All people in households,549,134,415,423,35,388,80,54,26,46,45,1
S01007900,No central heating,1,1,0,0,0,0,0,0,0,1,1,0
S01007900,Gas central heating,512,126,386,393,33,360,75,50,25,44,43,1
S01007900,Electric (including storage heaters) central heating,12,3,9,10,1,9,1,1,0,1,1,0
S01007900,Oil central heating,8,0,8,7,0,7,1,0,1,0,0,0
S01007900,Solid fuel (for example wood coal) central heating,5,1,4,4,0,4,1,1,0,0,0,0
S01007900,Other central heating,0,0,0,0,0,0,0,0,0,0,0,0
S01007900,Two or more types of central heating,11,3,8,9,1,8,2,2,0,0,0,0
S01007901,All people in households,711,182,529,539,40,499,107,78,29,65,64,1
S01007901,No central heating,5,3,2,2,0,2,2,2,0,1,1,0
S01007901,Gas central heating,659,171,488,496,38,458,101,72,29,62,61,1
S01007901,Electric (including storage heaters) central heating,8,1,7,7,0,7,1,1,0,0,0,0
S01007901,Oil central heating,21,3,18,19,1,18,1,1,0,1,1,0
S01007901,Solid fuel (for example wood coal) central heating,4,2,2,2,0,2,2,2,0,0,0,0
S01007901,Other central heating,2,0,2,2,0,2,0,0,0,0,0,0
S01007901,Two or more types of central heating,12,2,10,11,1,10,0,0,0,1,1,0
S01007902,All people in households,883,290,593,609,63,546,168,122,46,106,105,1
S01007902,No central heating,4,0,4,3,0,3,1,0,1,0,0,0
S01007902,Gas central heating,814,273,541,558,58,500,155,115,40,101,100,1
S01007902,Electric (including storage heaters) central heating,6,5,1,2,1,1,3,3,0,1,1,0
S01007902,Oil central heating,11,3,8,10,2,8,0,0,0,1,1,0
S01007902,Solid fuel (for example wood coal) central heating,16,4,12,11,2,9,4,1,3,1,1,0
S01007902,Other central heating,0,0,0,0,0,0,0,0,0,0,0,0
S01007902,Two or more types of central heating,32,5,27,25,0,25,5,3,2,2,2,0
S01007903,All people in households,645,228,417,437,51,386,134,105,29,74,72,2
S01007903,No central heating,0,0,0,0,0,0,0,0,0,0,0,0
S01007903,Gas central heating,608,222,386,405,50,355,130,101,29,73,71,2
S01007903,Electric (including storage heaters) central heating,14,3,11,12,1,11,2,2,0,0,0,0
S01007903,Oil central heating,4,2,2,2,0,2,1,1,0,1,1,0
S01007903,Solid fuel (for example wood coal) central heating,0,0,0,0,0,0,0,0,0,0,0,0
S01007903,Other central heating,9,0,9,9,0,9,0,0,0,0,0,0
S01007903,Two or more types of central heating,10,1,9,9,0,9,1,1,0,0,0,0
S01007904,All people in households,787,149,638,658,47,611,78,52,26,51,50,1
S01007904,No central heating,13,3,10,9,0,9,2,2,0,2,1,1
S01007904,Gas central heating,152,33,119,123,10,113,16,10,6,13,13,0
S01007904,Electric (including storage heaters) central heating,71,20,51,54,4,50,4,3,1,13,13,0
S01007904,Oil central heating,402,72,330,337,21,316,46,32,14,19,19,0
S01007904,Solid fuel (for example wood coal) central heating,57,8,49,53,5,48,3,2,1,1,1,0
S01007904,Other central heating,31,4,27,26,1,25,3,1,2,2,2,0
S01007904,Two or more types of central heating,61,9,52,56,6,50,4,2,2,1,1,0
S01007905,All people in households,687,172,515,493,29,464,130,81,49,64,62,2
S01007905,No central heating,1,1,0,0,0,0,0,0,0,1,1,0
S01007905,Gas central heating,657,168,489,472,29,443,122,78,44,63,61,2
S01007905,Electric (including storage heaters) central heating,10,0,10,7,0,7,3,0,3,0,0,0
S01007905,Oil central heating,9,0,9,9,0,9,0,0,0,0,0,0
S01007905,Solid fuel (for example wood coal) central heating,2,2,0,0,0,0,2,2,0,0,0,0
S01007905,Other central heating,0,0,0,0,0,0,0,0,0,0,0,0
S01007905,Two or more types of central heating,8,1,7,5,0,5,3,1,2,0,0,0
S01007906,All people in households,724,277,447,458,53,405,167,130,37,99,94,5
S01007906,No central heating,3,1,2,2,0,2,0,0,0,1,1,0
S01007906,Gas central heating,682,259,423,437,52,385,152,119,33,93,88,5
S01007906,Electric (including storage heaters) central heating,8,7,1,0,0,0,4,3,1,4,4,0
S01007906,Oil central heating,7,1,6,6,0,6,1,1,0,0,0,0
S01007906,Solid fuel (for example wood coal) central heating,3,2,1,0,0,0,3,2,1,0,0,0
S01007906,Other central heating,7,5,2,2,0,2,4,4,0,1,1,0
S01007906,Two or more types of central heating,14,2,12,11,1,10,3,1,2,0,0,0
S01007907,All people in households,536,164,372,377,38,339,95,65,30,64,61,3
S01007907,No central heating,0,0,0,0,0,0,0,0,0,0,0,0
S01007907,Gas central heating,524,162,362,367,37,330,95,65,30,62,60,2
S01007907,Electric (including storage heaters) central heating,0,0,0,0,0,0,0,0,0,0,0,0
S01007907,Oil central heating,8,0,8,8,0,8,0,0,0,0,0,0
S01007907,Solid fuel (for example wood coal) central heating,0,0,0,0,0,0,0,0,0,0,0,0
S01007907,Other central heating,1,1,0,1,1,0,0,0,0,0,0,0
S01007907,Two or more types of central heating,3,1,2,1,0,1,0,0,0,2,1,1
S01007908,All people in households,913,275,638,643,59,584,189,136,53,81,80,1
S01007908,No central heating,8,1,7,8,1,7,0,0,0,0,0,0
S01007908,Gas central heating,855,256,599,603,55,548,174,124,50,78,77,1
S01007908,Electric (including storage heaters) central heating,4,1,3,3,0,3,1,1,0,0,0,0
S01007908,Oil central heating,26,9,17,17,1,16,7,6,1,2,2,0
S01007908,Solid fuel (for example wood coal) central heating,5,3,2,2,1,1,3,2,1,0,0,0
S01007908,Other central heating,1,1,0,1,1,0,0,0,0,0,0,0
S01007908,Two or more types of central heating,14,4,10,9,0,9,4,3,1,1,1,0
S01007909,All people in households,543,109,434,431,24,407,72,46,26,40,39,1
S01007909,No central heating,2,1,1,0,0,0,1,0,1,1,1,0
S01007909,Gas central heating,519,104,415,412,23,389,70,45,25,37,36,1
S01007909,Electric (including storage heaters) central heating,4,2,2,3,1,2,0,0,0,1,1,0
S01007909,Oil central heating,7,1,6,6,0,6,0,0,0,1,1,0
S01007909,Solid fuel (for example wood coal) central heating,3,1,2,2,0,2,1,1,0,0,0,0
S01007909,Other central heating,0,0,0,0,0,0,0,0,0,0,0,0
S01007909,Two or more types of central heating,8,0,8,8,0,8,0,0,0,0,0,0
S01007910,All people in households,916,223,693,721,64,657,130,94,36,65,65,0
S01007910,No central heating,1,1,0,1,1,0,0,0,0,0,0,0
S01007910,Gas central heating,878,215,663,688,61,627,128,92,36,62,62,0
S01007910,Electric (including storage heaters) central heating,0,0,0,0,0,0,0,0,0,0,0,0
S01007910,Oil central heating,2,0,2,2,0,2,0,0,0,0,0,0
S01007910,Solid fuel (for example wood coal) central heating,17,2,15,16,1,15,0,0,0,1,1,0
S01007910,Other central heating,2,2,0,0,0,0,0,0,0,2,2,0
S01007910,Two or more types of central heating,16,3,13,14,1,13,2,2,0,0,0,0
S01007911,All people in households,777,201,576,602,48,554,110,88,22,65,65,0
S01007911,No central heating,0,0,0,0,0,0,0,0,0,0,0,0
S01007911,Gas central heating,744,188,556,581,47,534,107,85,22,56,56,0
S01007911,Electric (including storage heaters) central heating,7,6,1,1,0,1,1,1,0,5,5,0
S01007911,Oil central heating,9,1,8,8,0,8,0,0,0,1,1,0
S01007911,Solid fuel (for example wood coal) central heating,11,4,7,8,1,7,0,0,0,3,3,0
S01007911,Other central heating,0,0,0,0,0,0,0,0,0,0,0,0
S01007911,Two or more types of central heating,6,2,4,4,0,4,2,2,0,0,0,0
S01007912,All people in households,757,219,538,530,38,492,161,117,44,66,64,2
S01007912,No central heating,1,1,0,0,0,0,1,1,0,0,0,0
S01007912,Gas central heating,714,208,506,497,35,462,154,112,42,63,61,2
S01007912,Electric (including storage heaters) central heating,28,4,24,25,2,23,2,1,1,1,1,0
S01007912,Oil central heating,0,0,0,0,0,0,0,0,0,0,0,0
S01007912,Solid fuel (for example wood coal) central heating,3,1,2,2,0,2,0,0,0,1,1,0
S01007912,Other central heating,0,0,0,0,0,0,0,0,0,0,0,0
S01007912,Two or more types of central heating,11,5,6,6,1,5,4,3,1,1,1,0
S01007913,All people in households,616,171,445,455,47,408,103,68,35,58,56,2
S01007913,No central heating,0,0,0,0,0,0,0,0,0,0,0,0
S01007913,Gas central heating,576,163,413,426,47,379,95,63,32,55,53,2
S01007913,Electric (including storage heaters) central heating,8,3,5,4,0,4,3,2,1,1,1,0
S01007913,Oil central heating,7,2,5,5,0,5,2,2,0,0,0,0
S01007913,Solid fuel (for example wood coal) central heating,10,0,10,10,0,10,0,0,0,0,0,0
S01007913,Other central heating,0,0,0,0,0,0,0,0,0,0,0,0
S01007913,Two or more types of central heating,15,3,12,10,0,10,3,1,2,2,2,0
S01007914,All people in households,628,152,476,494,49,445,88,59,29,46,44,2
S01007914,No central heating,0,0,0,0,0,0,0,0,0,0,0,0
S01007914,Gas central heating,587,134,453,467,43,424,79,52,27,41,39,2
S01007914,Electric (including storage heaters) central heating,24,8,16,18,3,15,4,3,1,2,2,0
S01007914,Oil central heating,0,0,0,0,0,0,0,0,0,0,0,0
S01007914,Solid fuel (for example wood coal) central heating,8,5,3,4,1,3,2,2,0,2,2,0
S01007914,Other central heating,1,0,1,1,0,1,0,0,0,0,0,0
S01007914,Two or more types of central heating,8,5,3,4,2,2,3,2,1,1,1,0
S01007915,All people in households,835,188,647,651,46,605,109,68,41,75,74,1
S01007915,No central heating,0,0,0,0,0,0,0,0,0,0,0,0
S01007915,Gas central heating,797,181,616,622,43,579,102,66,36,73,72,1
S01007915,Electric (including storage heaters) central heating,26,7,19,21,3,18,3,2,1,2,2,0
S01007915,Oil central heating,0,0,0,0,0,0,0,0,0,0,0,0
S01007915,Solid fuel (for example wood coal) central heating,7,0,7,5,0,5,2,0,2,0,0,0
S01007915,Other central heating,2,0,2,1,0,1,1,0,1,0,0,0
S01007915,Two or more types of central heating,3,0,3,2,0,2,1,0,1,0,0,0
S01007916,All people in households,810,280,530,558,71,487,167,125,42,85,84,1
S01007916,No central heating,3,2,1,1,0,1,1,1,0,1,1,0
S01007916,Gas central heating,774,265,509,533,67,466,160,118,42,81,80,1
S01007916,Electric (including storage heaters) central heating,12,8,4,7,3,4,4,4,0,1,1,0
S01007916,Oil central heating,0,0,0,0,0,0,0,0,0,0,0,0
S01007916,Solid fuel (for example wood coal) central heating,8,2,6,6,0,6,1,1,0,1,1,0
S01007916,Other central heating,0,0,0,0,0,0,0,0,0,0,0,0
S01007916,Two or more types of central heating,13,3,10,11,1,10,1,1,0,1,1,0
S01007917,All people in households,811,208,603,617,46,571,120,92,28,74,70,4
S01007917,No central heating,0,0,0,0,0,0,0,0,0,0,0,0
S01007917,Gas central heating,772,197,575,587,44,543,116,88,28,69,65,4
S01007917,Electric (including storage heaters) central heating,10,4,6,7,1,6,2,2,0,1,1,0
S01007917,Oil central heating,3,0,3,3,0,3,0,0,0,0,0,0
S01007917,Solid fuel (for example wood coal) central heating,19,3,16,17,1,16,0,0,0,2,2,0
S01007917,Other central heating,0,0,0,0,0,0,0,0,0,0,0,0
S01007917,Two or more types of central heating,7,4,3,3,0,3,2,2,0,2,2,0
S01007918,All people in households,902,249,653,681,62,619,136,108,28,85,79,6
S01007918,No central heating,11,3,8,8,0,8,3,3,0,0,0,0
S01007918,Gas central heating,822,216,606,632,54,578,116,93,23,74,69,5
S01007918,Electric (including storage heaters) central heating,51,18,33,32,5,27,14,9,5,5,4,1
S01007918,Oil central heating,2,2,0,0,0,0,1,1,0,1,1,0
S01007918,Solid fuel (for example wood coal) central heating,10,4,6,6,0,6,1,1,0,3,3,0
S01007918,Other central heating,3,3,0,1,1,0,1,1,0,1,1,0
S01007918,Two or more types of central heating,3,3,0,2,2,0,0,0,0,1,1,0
S01007919,All people in households,773,139,634,675,61,614,66,47,19,32,31,1
S01007919,No central heating,0,0,0,0,0,0,0,0,0,0,0,0
S01007919,Gas central heating,756,138,618,660,61,599,64,46,18,32,31,1
S01007919,Electric (including storage heaters) central heating,3,0,3,2,0,2,1,0,1,0,0,0
S01007919,Oil central heating,8,1,7,7,0,7,1,1,0,0,0,0
S01007919,Solid fuel (for example wood coal) central heating,0,0,0,0,0,0,0,0,0,0,0,0
S01007919,Other central heating,0,0,0,0,0,0,0,0,0,0,0,0
S01007919,Two or more types of central heating,6,0,6,6,0,6,0,0,0,0,0,0
S01007920,All people in households,615,95,520,520,27,493,70,43,27,25,25,0
S01007920,No central heating,0,0,0,0,0,0,0,0,0,0,0,0
S01007920,Gas central heating,603,94,509,509,27,482,69,42,27,25,25,0
S01007920,Electric (including storage heaters) central heating,5,0,5,5,0,5,0,0,0,0,0,0
S01007920,Oil central heating,0,0,0,0,0,0,0,0,0,0,0,0
S01007920,Solid fuel (for example wood coal) central heating,6,0,6,6,0,6,0,0,0,0,0,0
S01007920,Other central heating,0,0,0,0,0,0,0,0,0,0,0,0
S01007920,Two or more types of central heating,1,1,0,0,0,0,1,1,0,0,0,0
S01007921,All people in households,922,270,652,666,48,618,164,130,34,92,92,0
S01007921,No central heating,1,1,0,0,0,0,1,1,0,0,0,0
S01007921,Gas central heating,885,253,632,643,44,599,155,122,33,87,87,0
S01007921,Electric (including storage heaters) central heating,2,0,2,1,0,1,1,0,1,0,0,0
S01007921,Oil central heating,9,3,6,7,1,6,2,2,0,0,0,0
S01007921,Solid fuel (for example wood coal) central heating,16,10,6,7,1,6,5,5,0,4,4,0
S01007921,Other central heating,0,0,0,0,0,0,0,0,0,0,0,0
S01007921,Two or more types of central heating,9,3,6,8,2,6,0,0,0,1,1,0
S01007922,All people in households,867,254,613,622,48,574,147,114,33,98,92,6
S01007922,No central heating,1,0,1,0,0,0,1,0,1,0,0,0
S01007922,Gas central heating,841,244,597,605,46,559,139,107,32,97,91,6
S01007922,Electric (including storage heaters) central heating,10,4,6,6,0,6,3,3,0,1,1,0
S01007922,Oil central heating,8,1,7,8,1,7,0,0,0,0,0,0
S01007922,Solid fuel (for example wood coal) central heating,2,1,1,1,0,1,1,1,0,0,0,0
S01007922,Other central heating,0,0,0,0,0,0,0,0,0,0,0,0
S01007922,Two or more types of central heating,5,4,1,2,1,1,3,3,0,0,0,0
S01007923,All people in households,968,208,760,785,57,728,126,94,32,57,57,0
S01007923,No central heating,6,3,3,3,0,3,1,1,0,2,2,0
S01007923,Gas central heating,904,197,707,732,57,675,118,86,32,54,54,0
S01007923,Electric (including storage heaters) central heating,30,2,28,28,0,28,2,2,0,0,0,0
S01007923,Oil central heating,9,2,7,7,0,7,2,2,0,0,0,0
S01007923,Solid fuel (for example wood coal) central heating,11,2,9,9,0,9,1,1,0,1,1,0
S01007923,Other central heating,4,1,3,3,0,3,1,1,0,0,0,0
S01007923,Two or more types of central heating,4,1,3,3,0,3,1,1,0,0,0,0
S01007924,All people in households,984,265,719,735,67,668,166,117,49,83,81,2
S01007924,No central heating,2,0,2,2,0,2,0,0,0,0,0,0
S01007924,Gas central heating,928,244,684,698,63,635,155,107,48,75,74,1
S01007924,Electric (including storage heaters) central heating,12,7,5,6,1,5,4,4,0,2,2,0
S01007924,Oil central heating,13,4,9,8,0,8,4,3,1,1,1,0
S01007924,Solid fuel (for example wood coal) central heating,12,3,9,10,1,9,1,1,0,1,1,0
S01007924,Other central heating,0,0,0,0,0,0,0,0,0,0,0,0
S01007924,Two or more types of central heating,17,7,10,11,2,9,2,2,0,4,3,1
S01007925,All people in households,465,63,402,405,19,386,45,30,15,15,14,1
S01007925,No central heating,8,1,7,7,0,7,1,1,0,0,0,0
S01007925,Gas central heating,101,18,83,86,5,81,10,8,2,5,5,0
S01007925,Electric (including storage heaters) central heating,10,3,7,6,0,6,2,2,0,2,1,1
S01007925,Oil central heating,300,33,267,266,12,254,28,15,13,6,6,0
S01007925,Solid fuel (for example wood coal) central heating,3,1,2,2,0,2,1,1,0,0,0,0
S01007925,Other central heating,13,3,10,12,2,10,1,1,0,0,0,0
S01007925,Two or more types of central heating,30,4,26,26,0,26,2,2,0,2,2,0
S01007926,All people in households,464,63,401,399,19,380,57,36,21,8,8,0
S01007926,No central heating,6,1,5,4,0,4,2,1,1,0,0,0
S01007926,Gas central heating,137,27,110,111,9,102,19,11,8,7,7,0
S01007926,Electric (including storage heaters) central heating,18,5,13,11,1,10,6,3,3,1,1,0
S01007926,Oil central heating,252,25,227,229,9,220,23,16,7,0,0,0
S01007926,Solid fuel (for example wood coal) central heating,2,0,2,2,0,2,0,0,0,0,0,0
S01007926,Other central heating,37,4,33,31,0,31,6,4,2,0,0,0
S01007926,Two or more types of central heating,12,1,11,11,0,11,1,1,0,0,0,0
S01007927,All people in households,617,89,528,538,30,508,50,32,18,29,27,2
S01007927,No central heating,8,2,6,6,0,6,0,0,0,2,2,0
S01007927,Gas central heating,172,25,147,146,6,140,19,13,6,7,6,1
S01007927,Electric (including storage heaters) central heating,46,19,27,32,5,27,4,4,0,10,10,0
S01007927,Oil central heating,253,20,233,233,8,225,16,8,8,4,4,0
S01007927,Solid fuel (for example wood coal) central heating,25,5,20,19,1,18,5,4,1,1,0,1
S01007927,Other central heating,76,10,66,69,5,64,4,2,2,3,3,0
S01007927,Two or more types of central heating,37,8,29,33,5,28,2,1,1,2,2,0
S01007928,All people in households,998,164,834,859,55,804,97,69,28,42,40,2
S01007928,No central heating,5,0,5,5,0,5,0,0,0,0,0,0
S01007928,Gas central heating,890,140,750,771,47,724,85,60,25,34,33,1
S01007928,Electric (including storage heaters) central heating,43,15,28,27,2,25,11,9,2,5,4,1
S01007928,Oil central heating,43,5,38,40,3,37,1,0,1,2,2,0
S01007928,Solid fuel (for example wood coal) central heating,4,1,3,4,1,3,0,0,0,0,0,0
S01007928,Other central heating,6,1,5,6,1,5,0,0,0,0,0,0
S01007928,Two or more types of central heating,7,2,5,6,1,5,0,0,0,1,1,0
S01007929,All people in households,738,88,650,639,25,614,74,40,34,25,23,2
S01007929,No central heating,23,6,17,16,1,15,5,3,2,2,2,0
S01007929,Gas central heating,270,30,240,231,6,225,21,8,13,18,16,2
S01007929,Electric (including storage heaters) central heating,37,7,30,31,1,30,6,6,0,0,0,0
S01007929,Oil central heating,320,42,278,281,17,264,35,21,14,4,4,0
S01007929,Solid fuel (for example wood coal) central heating,26,1,25,22,0,22,4,1,3,0,0,0
S01007929,Other central heating,29,1,28,28,0,28,1,1,0,0,0,0
S01007929,Two or more types of central heating,33,1,32,30,0,30,2,0,2,1,1,0
S01007930,All people in households,595,60,535,546,19,527,36,28,8,13,13,0
S01007930,No central heating,19,2,17,16,0,16,3,2,1,0,0,0
S01007930,Gas central heating,110,21,89,92,4,88,13,12,1,5,5,0
S01007930,Electric (including storage heaters) central heating,40,3,37,38,1,37,1,1,0,1,1,0
S01007930,Oil central heating,326,22,304,307,7,300,16,12,4,3,3,0
S01007930,Solid fuel (for example wood coal) central heating,15,6,9,13,5,8,2,1,1,0,0,0
S01007930,Other central heating,41,1,40,40,0,40,0,0,0,1,1,0
S01007930,Two or more types of central heating,44,5,39,40,2,38,1,0,1,3,3,0
S01007931,All people in households,1124,212,912,945,66,879,125,92,33,54,54,0
S01007931,No central heating,8,2,6,5,0,5,2,1,1,1,1,0
S01007931,Gas central heating,1031,185,846,875,58,817,111,82,29,45,45,0
S01007931,Electric (including storage heaters) central heating,33,10,23,24,4,20,5,2,3,4,4,0
S01007931,Oil central heating,18,3,15,16,1,15,2,2,0,0,0,0
S01007931,Solid fuel (for example wood coal) central heating,4,3,1,2,1,1,1,1,0,1,1,0
S01007931,Other central heating,2,1,1,2,1,1,0,0,0,0,0,0
S01007931,Two or more types of central heating,28,8,20,21,1,20,4,4,0,3,3,0
S01007932,All people in households,831,146,685,711,52,659,100,75,25,20,19,1
S01007932,No central heating,5,2,3,2,0,2,2,1,1,1,1,0
S01007932,Gas central heating,781,131,650,674,48,626,91,68,23,16,15,1
S01007932,Electric (including storage heaters) central heating,15,4,11,11,1,10,2,1,1,2,2,0
S01007932,Oil central heating,16,8,8,10,2,8,5,5,0,1,1,0
S01007932,Solid fuel (for example wood coal) central heating,0,0,0,0,0,0,0,0,0,0,0,0
S01007932,Other central heating,0,0,0,0,0,0,0,0,0,0,0,0
S01007932,Two or more types of central heating,14,1,13,14,1,13,0,0,0,0,0,0
S01007933,All people in households,874,108,766,775,35,740,73,48,25,26,25,1
S01007933,No central heating,5,0,5,4,0,4,1,0,1,0,0,0
S01007933,Gas central heating,782,93,689,700,31,669,61,42,19,21,20,1
S01007933,Electric (including storage heaters) central heating,61,11,50,48,3,45,10,5,5,3,3,0
S01007933,Oil central heating,16,2,14,15,1,14,0,0,0,1,1,0
S01007933,Solid fuel (for example wood coal) central heating,0,0,0,0,0,0,0,0,0,0,0,0
S01007933,Other central heating,0,0,0,0,0,0,0,0,0,0,0,0
S01007933,Two or more types of central heating,10,2,8,8,0,8,1,1,0,1,1,0
S01007934,All people in households,720,137,583,610,47,563,66,47,19,44,43,1
S01007934,No central heating,6,2,4,5,1,4,0,0,0,1,1,0
S01007934,Gas central heating,614,117,497,522,40,482,57,43,14,35,34,1
S01007934,Electric (including storage heaters) central heating,81,16,65,65,4,61,8,4,4,8,8,0
S01007934,Oil central heating,8,0,8,8,0,8,0,0,0,0,0,0
S01007934,Solid fuel (for example wood coal) central heating,0,0,0,0,0,0,0,0,0,0,0,0
S01007934,Other central heating,1,1,0,1,1,0,0,0,0,0,0,0
S01007934,Two or more types of central heating,10,1,9,9,1,8,1,0,1,0,0,0
S01007935,All people in households,803,165,638,656,53,603,91,60,31,56,52,4
S01007935,No central heating,15,1,14,14,0,14,0,0,0,1,1,0
S01007935,Gas central heating,660,116,544,561,44,517,61,38,23,38,34,4
S01007935,Electric (including storage heaters) central heating,100,43,57,59,7,52,25,20,5,16,16,0
S01007935,Oil central heating,7,1,6,7,1,6,0,0,0,0,0,0
S01007935,Solid fuel (for example wood coal) central heating,1,0,1,1,0,1,0,0,0,0,0,0
S01007935,Other central heating,0,0,0,0,0,0,0,0,0,0,0,0
S01007935,Two or more types of central heating,20,4,16,14,1,13,5,2,3,1,1,0
S01007936,All people in households,1008,112,896,917,43,874,61,40,21,30,29,1
S01007936,No central heating,3,2,1,1,0,1,2,2,0,0,0,0
S01007936,Gas central heating,992,107,885,906,42,864,57,37,20,29,28,1
S01007936,Electric (including storage heaters) central heating,6,2,4,5,1,4,1,1,0,0,0,0
S01007936,Oil central heating,2,0,2,2,0,2,0,0,0,0,0,0
S01007936,Solid fuel (for example wood coal) central heating,0,0,0,0,0,0,0,0,0,0,0,0
S01007936,Other central heating,0,0,0,0,0,0,0,0,0,0,0,0
S01007936,Two or more types of central heating,5,1,4,3,0,3,1,0,1,1,1,0
S01007937,All people in households,1059,143,916,931,53,878,93,57,36,35,33,2
S01007937,No central heating,15,5,10,11,2,9,4,3,1,0,0,0
S01007937,Gas central heating,984,122,862,871,43,828,82,50,32,31,29,2
S01007937,Electric (including storage heaters) central heating,14,6,8,9,2,7,4,3,1,1,1,0
S01007937,Oil central heating,6,0,6,6,0,6,0,0,0,0,0,0
S01007937,Solid fuel (for example wood coal) central heating,1,1,0,0,0,0,0,0,0,1,1,0
S01007937,Other central heating,7,2,5,6,1,5,0,0,0,1,1,0
S01007937,Two or more types of central heating,32,7,25,28,5,23,3,1,2,1,1,0
S01007938,All people in households,740,163,577,585,50,535,98,58,40,57,55,2
S01007938,No central heating,2,0,2,2,0,2,0,0,0,0,0,0
S01007938,Gas central heating,713,158,555,563,48,515,95,56,39,55,54,1
S01007938,Electric (including storage heaters) central heating,3,1,2,2,0,2,0,0,0,1,1,0
S01007938,Oil central heating,0,0,0,0,0,0,0,0,0,0,0,0
S01007938,Solid fuel (for example wood coal) central heating,2,0,2,2,0,2,0,0,0,0,0,0
S01007938,Other central heating,6,2,4,5,1,4,1,1,0,0,0,0
S01007938,Two or more types of central heating,14,2,12,11,1,10,2,1,1,1,0,1
S01007939,All people in households,896,199,697,712,52,660,127,91,36,57,56,1
S01007939,No central heating,8,2,6,6,0,6,2,2,0,0,0,0
S01007939,Gas central heating,788,172,616,628,47,581,110,76,34,50,49,1
S01007939,Electric (including storage heaters) central heating,83,21,62,65,5,60,13,11,2,5,5,0
S01007939,Oil central heating,5,1,4,4,0,4,0,0,0,1,1,0
S01007939,Solid fuel (for example wood coal) central heating,3,0,3,3,0,3,0,0,0,0,0,0
S01007939,Other central heating,0,0,0,0,0,0,0,0,0,0,0,0
S01007939,Two or more types of central heating,9,3,6,6,0,6,2,2,0,1,1,0
S01007940,All people in households,1056,238,818,844,67,777,138,99,39,74,72,2
S01007940,No central heating,14,6,8,12,4,8,2,2,0,0,0,0
S01007940,Gas central heating,1015,222,793,814,61,753,128,90,38,73,71,2
S01007940,Electric (including storage heaters) central heating,6,1,5,5,0,5,0,0,0,1,1,0
S01007940,Oil central heating,8,3,5,6,1,5,2,2,0,0,0,0
S01007940,Solid fuel (for example wood coal) central heating,0,0,0,0,0,0,0,0,0,0,0,0
S01007940,Other central heating,6,4,2,2,0,2,4,4,0,0,0,0
S01007940,Two or more types of central heating,7,2,5,5,1,4,2,1,1,0,0,0
S01007941,All people in households,631,104,527,540,37,503,69,46,23,22,21,1
S01007941,No central heating,0,0,0,0,0,0,0,0,0,0,0,0
S01007941,Gas central heating,617,101,516,529,36,493,66,44,22,22,21,1
S01007941,Electric (including storage heaters) central heating,0,0,0,0,0,0,0,0,0,0,0,0
S01007941,Oil central heating,7,2,5,6,1,5,1,1,0,0,0,0
S01007941,Solid fuel (for example wood coal) central heating,0,0,0,0,0,0,0,0,0,0,0,0
S01007941,Other central heating,2,0,2,2,0,2,0,0,0,0,0,0
S01007941,Two or more types of central heating,5,1,4,3,0,3,2,1,1,0,0,0
S01007942,All people in households,508,84,424,423,25,398,55,31,24,30,28,2
S01007942,No central heating,5,1,4,3,0,3,2,1,1,0,0,0
S01007942,Gas central heating,490,80,410,410,24,386,52,30,22,28,26,2
S01007942,Electric (including storage heaters) central heating,5,2,3,4,1,3,0,0,0,1,1,0
S01007942,Oil central heating,8,1,7,6,0,6,1,0,1,1,1,0
S01007942,Solid fuel (for example wood coal) central heating,0,0,0,0,0,0,0,0,0,0,0,0
S01007942,Other central heating,0,0,0,0,0,0,0,0,0,0,0,0
S01007942,Two or more types of central heating,0,0,0,0,0,0,0,0,0,0,0,0
S01007943,All people in households,660,166,494,521,56,465,98,69,29,41,41,0
S01007943,No central heating,9,3,6,7,1,6,0,0,0,2,2,0
S01007943,Gas central heating,609,153,456,478,50,428,94,66,28,37,37,0
S01007943,Electric (including storage heaters) central heating,17,5,12,12,1,11,4,3,1,1,1,0
S01007943,Oil central heating,7,2,5,7,2,5,0,0,0,0,0,0
S01007943,Solid fuel (for example wood coal) central heating,0,0,0,0,0,0,0,0,0,0,0,0
S01007943,Other central heating,0,0,0,0,0,0,0,0,0,0,0,0
S01007943,Two or more types of central heating,18,3,15,17,2,15,0,0,0,1,1,0
S01007944,All people in households,915,200,715,716,49,667,142,95,47,57,56,1
S01007944,No central heating,3,2,1,2,1,1,1,1,0,0,0,0
S01007944,Gas central heating,878,187,691,687,42,645,137,92,45,54,53,1
S01007944,Electric (including storage heaters) central heating,9,3,6,5,0,5,2,1,1,2,2,0
S01007944,Oil central heating,4,3,1,3,2,1,1,1,0,0,0,0
S01007944,Solid fuel (for example wood coal) central heating,0,0,0,0,0,0,0,0,0,0,0,0
S01007944,Other central heating,2,0,2,2,0,2,0,0,0,0,0,0
S01007944,Two or more types of central heating,19,5,14,17,4,13,1,0,1,1,1,0
S01007945,All people in households,850,248,602,631,66,565,137,100,37,82,82,0
S01007945,No central heating,14,5,9,7,0,7,6,4,2,1,1,0
S01007945,Gas central heating,727,199,528,558,60,498,106,76,30,63,63,0
S01007945,Electric (including storage heaters) central heating,62,33,29,28,3,25,20,16,4,14,14,0
S01007945,Oil central heating,11,3,8,11,3,8,0,0,0,0,0,0
S01007945,Solid fuel (for example wood coal) central heating,2,2,0,0,0,0,2,2,0,0,0,0
S01007945,Other central heating,3,0,3,3,0,3,0,0,0,0,0,0
S01007945,Two or more types of central heating,31,6,25,24,0,24,3,2,1,4,4,0
S01007946,All people in households,780,183,597,592,42,550,124,80,44,64,61,3
S01007946,No central heating,15,4,11,9,1,8,3,1,2,3,2,1
S01007946,Gas central heating,687,155,532,535,40,495,101,66,35,51,49,2
S01007946,Electric (including storage heaters) central heating,63,21,42,38,1,37,15,10,5,10,10,0
S01007946,Oil central heating,7,1,6,6,0,6,1,1,0,0,0,0
S01007946,Solid fuel (for example wood coal) central heating,3,1,2,1,0,1,2,1,1,0,0,0
S01007946,Other central heating,2,1,1,1,0,1,1,1,0,0,0,0
S01007946,Two or more types of central heating,3,0,3,2,0,2,1,0,1,0,0,0
S01007947,All people in households,756,154,602,600,38,562,114,77,37,42,39,3
S01007947,No central heating,7,3,4,3,0,3,3,3,0,1,0,1
S01007947,Gas central heating,699,140,559,552,32,520,108,71,37,39,37,2
S01007947,Electric (including storage heaters) central heating,34,8,26,31,5,26,3,3,0,0,0,0
S01007947,Oil central heating,3,1,2,3,1,2,0,0,0,0,0,0
S01007947,Solid fuel (for example wood coal) central heating,2,0,2,2,0,2,0,0,0,0,0,0
S01007947,Other central heating,0,0,0,0,0,0,0,0,0,0,0,0
S01007947,Two or more types of central heating,11,2,9,9,0,9,0,0,0,2,2,0
S01007948,All people in households,660,164,496,495,39,456,104,66,38,61,59,2
S01007948,No central heating,1,0,1,0,0,0,1,0,1,0,0,0
S01007948,Gas central heating,622,155,467,465,37,428,100,63,37,57,55,2
S01007948,Electric (including storage heaters) central heating,11,5,6,7,1,6,2,2,0,2,2,0
S01007948,Oil central heating,16,1,15,16,1,15,0,0,0,0,0,0
S01007948,Solid fuel (for example wood coal) central heating,0,0,0,0,0,0,0,0,0,0,0,0
S01007948,Other central heating,0,0,0,0,0,0,0,0,0,0,0,0
S01007948,Two or more types of central heating,10,3,7,7,0,7,1,1,0,2,2,0
S01007949,All people in households,751,144,607,636,52,584,85,63,22,30,29,1
S01007949,No central heating,4,0,4,4,0,4,0,0,0,0,0,0
S01007949,Gas central heating,723,132,591,614,46,568,81,59,22,28,27,1
S01007949,Electric (including storage heaters) central heating,12,6,6,8,2,6,3,3,0,1,1,0
S01007949,Oil central heating,4,3,1,4,3,1,0,0,0,0,0,0
S01007949,Solid fuel (for example wood coal) central heating,0,0,0,0,0,0,0,0,0,0,0,0
S01007949,Other central heating,0,0,0,0,0,0,0,0,0,0,0,0
S01007949,Two or more types of central heating,8,3,5,6,1,5,1,1,0,1,1,0
S01007950,All people in households,881,132,749,759,46,713,81,48,33,41,38,3
S01007950,No central heating,2,0,2,2,0,2,0,0,0,0,0,0
S01007950,Gas central heating,841,123,718,729,45,684,73,41,32,39,37,2
S01007950,Electric (including storage heaters) central heating,5,1,4,4,0,4,1,1,0,0,0,0
S01007950,Oil central heating,27,7,20,19,1,18,6,5,1,2,1,1
S01007950,Solid fuel (for example wood coal) central heating,0,0,0,0,0,0,0,0,0,0,0,0
S01007950,Other central heating,3,0,3,3,0,3,0,0,0,0,0,0
S01007950,Two or more types of central heating,3,1,2,2,0,2,1,1,0,0,0,0
S01007951,All people in households,755,141,614,625,44,581,93,60,33,37,37,0
S01007951,No central heating,0,0,0,0,0,0,0,0,0,0,0,0
S01007951,Gas central heating,722,133,589,601,42,559,87,57,30,34,34,0
S01007951,Electric (including storage heaters) central heating,17,3,14,11,0,11,4,1,3,2,2,0
S01007951,Oil central heating,11,5,6,8,2,6,2,2,0,1,1,0
S01007951,Solid fuel (for example wood coal) central heating,0,0,0,0,0,0,0,0,0,0,0,0
S01007951,Other central heating,0,0,0,0,0,0,0,0,0,0,0,0
S01007951,Two or more types of central heating,5,0,5,5,0,5,0,0,0,0,0,0
S01007952,All people in households,617,211,406,423,56,367,128,90,38,66,65,1
S01007952,No central heating,9,1,8,8,0,8,0,0,0,1,1,0
S01007952,Gas central heating,555,177,378,390,47,343,111,77,34,54,53,1
S01007952,Electric (including storage heaters) central heating,36,23,13,18,6,12,9,8,1,9,9,0
S01007952,Oil central heating,6,3,3,3,1,2,2,1,1,1,1,0
S01007952,Solid fuel (for example wood coal) central heating,0,0,0,0,0,0,0,0,0,0,0,0
S01007952,Other central heating,1,1,0,1,1,0,0,0,0,0,0,0
S01007952,Two or more types of central heating,10,6,4,3,1,2,6,4,2,1,1,0
S01007953,All people in households,938,205,733,741,53,688,126,83,43,71,69,2
S01007953,No central heating,10,0,10,10,0,10,0,0,0,0,0,0
S01007953,Gas central heating,903,197,706,714,51,663,122,81,41,67,65,2
S01007953,Electric (including storage heaters) central heating,11,4,7,6,0,6,2,1,1,3,3,0
S01007953,Oil central heating,5,2,3,3,1,2,2,1,1,0,0,0
S01007953,Solid fuel (for example wood coal) central heating,1,0,1,1,0,1,0,0,0,0,0,0
S01007953,Other central heating,2,0,2,2,0,2,0,0,0,0,0,0
S01007953,Two or more types of central heating,6,2,4,5,1,4,0,0,0,1,1,0
S01007954,All people in households,728,195,533,540,47,493,121,83,38,67,65,2
S01007954,No central heating,2,1,1,1,0,1,1,1,0,0,0,0
S01007954,Gas central heating,696,185,511,522,47,475,110,76,34,64,62,2
S01007954,Electric (including storage heaters) central heating,14,6,8,6,0,6,6,4,2,2,2,0
S01007954,Oil central heating,1,1,0,0,0,0,0,0,0,1,1,0
S01007954,Solid fuel (for example wood coal) central heating,2,0,2,2,0,2,0,0,0,0,0,0
S01007954,Other central heating,5,2,3,3,0,3,2,2,0,0,0,0
S01007954,Two or more types of central heating,8,0,8,6,0,6,2,0,2,0,0,0
S01007955,All people in households,833,143,690,689,45,644,104,61,43,40,37,3
S01007955,No central heating,8,1,7,6,1,5,2,0,2,0,0,0
S01007955,Gas central heating,802,136,666,665,42,623,99,59,40,38,35,3
S01007955,Electric (including storage heaters) central heating,9,3,6,6,1,5,1,0,1,2,2,0
S01007955,Oil central heating,9,2,7,8,1,7,1,1,0,0,0,0
S01007955,Solid fuel (for example wood coal) central heating,0,0,0,0,0,0,0,0,0,0,0,0
S01007955,Other central heating,0,0,0,0,0,0,0,0,0,0,0,0
S01007955,Two or more types of central heating,5,1,4,4,0,4,1,1,0,0,0,0
S01007956,All people in households,745,146,599,612,41,571,91,66,25,42,39,3
S01007956,No central heating,2,1,1,2,1,1,0,0,0,0,0,0
S01007956,Gas central heating,718,139,579,593,40,553,87,63,24,38,36,2
S01007956,Electric (including storage heaters) central heating,8,2,6,5,0,5,0,0,0,3,2,1
S01007956,Oil central heating,3,0,3,2,0,2,1,0,1,0,0,0
S01007956,Solid fuel (for example wood coal) central heating,4,1,3,3,0,3,1,1,0,0,0,0
S01007956,Other central heating,5,1,4,4,0,4,0,0,0,1,1,0
S01007956,Two or more types of central heating,5,2,3,3,0,3,2,2,0,0,0,0
S01007957,All people in households,928,265,663,678,61,617,162,117,45,88,87,1
S01007957,No central heating,6,2,4,4,0,4,0,0,0,2,2,0
S01007957,Gas central heating,899,259,640,656,60,596,157,114,43,86,85,1
S01007957,Electric (including storage heaters) central heating,4,0,4,4,0,4,0,0,0,0,0,0
S01007957,Oil central heating,7,2,5,6,1,5,1,1,0,0,0,0
S01007957,Solid fuel (for example wood coal) central heating,1,0,1,1,0,1,0,0,0,0,0,0
S01007957,Other central heating,0,0,0,0,0,0,0,0,0,0,0,0
S01007957,Two or more types of central heating,11,2,9,7,0,7,4,2,2,0,0,0
S01007958,All people in households,809,183,626,617,52,565,122,68,54,70,63,7
S01007958,No central heating,7,2,5,5,0,5,2,2,0,0,0,0
S01007958,Gas central heating,777,176,601,591,50,541,119,66,53,67,60,7
S01007958,Electric (including storage heaters) central heating,2,0,2,2,0,2,0,0,0,0,0,0
S01007958,Oil central heating,10,3,7,7,1,6,1,0,1,2,2,0
S01007958,Solid fuel (for example wood coal) central heating,0,0,0,0,0,0,0,0,0,0,0,0
S01007958,Other central heating,2,1,1,2,1,1,0,0,0,0,0,0
S01007958,Two or more types of central heating,11,1,10,10,0,10,0,0,0,1,1,0
S01007959,All people in households,761,178,583,604,51,553,109,81,28,48,46,2
S01007959,No central heating,3,2,1,2,1,1,1,1,0,0,0,0
S01007959,Gas central heating,718,164,554,567,42,525,106,79,27,45,43,2
S01007959,Electric (including storage heaters) central heating,15,5,10,13,3,10,1,1,0,1,1,0
S01007959,Oil central heating,14,4,10,13,3,10,0,0,0,1,1,0
S01007959,Solid fuel (for example wood coal) central heating,2,1,1,2,1,1,0,0,0,0,0,0
S01007959,Other central heating,6,1,5,5,1,4,1,0,1,0,0,0
S01007959,Two or more types of central heating,3,1,2,2,0,2,0,0,0,1,1,0
S01007960,All people in households,696,149,547,550,35,515,92,63,29,54,51,3
S01007960,No central heating,0,0,0,0,0,0,0,0,0,0,0,0
S01007960,Gas central heating,679,145,534,537,33,504,90,62,28,52,50,2
S01007960,Electric (including storage heaters) central heating,0,0,0,0,0,0,0,0,0,0,0,0
S01007960,Oil central heating,10,2,8,8,1,7,1,0,1,1,1,0
S01007960,Solid fuel (for example wood coal) central heating,3,0,3,3,0,3,0,0,0,0,0,0
S01007960,Other central heating,0,0,0,0,0,0,0,0,0,0,0,0
S01007960,Two or more types of central heating,4,2,2,2,1,1,1,1,0,1,0,1
S01007961,All people in households,703,111,592,604,41,563,77,48,29,22,22,0
S01007961,No central heating,7,0,7,7,0,7,0,0,0,0,0,0
S01007961,Gas central heating,240,43,197,207,20,187,28,18,10,5,5,0
S01007961,Electric (including storage heaters) central heating,23,4,19,19,0,19,3,3,0,1,1,0
S01007961,Oil central heating,367,55,312,316,17,299,37,24,13,14,14,0
S01007961,Solid fuel (for example wood coal) central heating,11,3,8,7,1,6,3,1,2,1,1,0
S01007961,Other central heating,17,3,14,15,2,13,2,1,1,0,0,0
S01007961,Two or more types of central heating,38,3,35,33,1,32,4,1,3,1,1,0
S01007962,All people in households,597,116,481,502,40,462,59,41,18,36,35,1
S01007962,No central heating,4,0,4,4,0,4,0,0,0,0,0,0
S01007962,Gas central heating,574,109,465,484,38,446,57,39,18,33,32,1
S01007962,Electric (including storage heaters) central heating,5,2,3,3,0,3,2,2,0,0,0,0
S01007962,Oil central heating,2,1,1,1,0,1,0,0,0,1,1,0
S01007962,Solid fuel (for example wood coal) central heating,0,0,0,0,0,0,0,0,0,0,0,0
S01007962,Other central heating,0,0,0,0,0,0,0,0,0,0,0,0
S01007962,Two or more types of central heating,12,4,8,10,2,8,0,0,0,2,2,0
S01007963,All people in households,1003,252,751,755,65,690,149,92,57,99,95,4
S01007963,No central heating,2,0,2,2,0,2,0,0,0,0,0,0
S01007963,Gas central heating,968,243,725,725,60,665,147,91,56,96,92,4
S01007963,Electric (including storage heaters) central heating,5,2,3,4,1,3,1,1,0,0,0,0
S01007963,Oil central heating,4,2,2,4,2,2,0,0,0,0,0,0
S01007963,Solid fuel (for example wood coal) central heating,0,0,0,0,0,0,0,0,0,0,0,0
S01007963,Other central heating,0,0,0,0,0,0,0,0,0,0,0,0
S01007963,Two or more types of central heating,24,5,19,20,2,18,1,0,1,3,3,0
S01007964,All people in households,791,190,601,608,47,561,124,86,38,59,57,2
S01007964,No central heating,7,2,5,6,1,5,1,1,0,0,0,0
S01007964,Gas central heating,740,174,566,569,40,529,113,78,35,58,56,2
S01007964,Electric (including storage heaters) central heating,16,4,12,12,0,12,4,4,0,0,0,0
S01007964,Oil central heating,2,0,2,2,0,2,0,0,0,0,0,0
S01007964,Solid fuel (for example wood coal) central heating,0,0,0,0,0,0,0,0,0,0,0,0
S01007964,Other central heating,1,0,1,1,0,1,0,0,0,0,0,0
S01007964,Two or more types of central heating,25,10,15,18,6,12,6,3,3,1,1,0
S01007965,All people in households,576,144,432,450,41,409,82,61,21,44,42,2
S01007965,No central heating,7,1,6,6,1,5,1,0,1,0,0,0
S01007965,Gas central heating,559,139,420,436,38,398,80,60,20,43,41,2
S01007965,Electric (including storage heaters) central heating,3,2,1,2,1,1,1,1,0,0,0,0
S01007965,Oil central heating,5,0,5,5,0,5,0,0,0,0,0,0
S01007965,Solid fuel (for example wood coal) central heating,2,2,0,1,1,0,0,0,0,1,1,0
S01007965,Other central heating,0,0,0,0,0,0,0,0,0,0,0,0
S01007965,Two or more types of central heating,0,0,0,0,0,0,0,0,0,0,0,0
S01007966,All people in households,977,251,726,732,56,676,150,102,48,95,93,2
S01007966,No central heating,10,5,5,7,2,5,3,3,0,0,0,0
S01007966,Gas central heating,937,233,704,705,50,655,140,93,47,92,90,2
S01007966,Electric (including storage heaters) central heating,5,3,2,3,1,2,2,2,0,0,0,0
S01007966,Oil central heating,5,4,1,3,2,1,1,1,0,1,1,0
S01007966,Solid fuel (for example wood coal) central heating,1,0,1,1,0,1,0,0,0,0,0,0
S01007966,Other central heating,1,1,0,1,1,0,0,0,0,0,0,0
S01007966,Two or more types of central heating,18,5,13,12,0,12,4,3,1,2,2,0
S01007967,All people in households,639,124,515,513,28,485,87,57,30,39,39,0
S01007967,No central heating,2,1,1,1,1,0,1,0,1,0,0,0
S01007967,Gas central heating,607,117,490,490,26,464,78,52,26,39,39,0
S01007967,Electric (including storage heaters) central heating,10,2,8,5,0,5,5,2,3,0,0,0
S01007967,Oil central heating,9,0,9,9,0,9,0,0,0,0,0,0
S01007967,Solid fuel (for example wood coal) central heating,0,0,0,0,0,0,0,0,0,0,0,0
S01007967,Other central heating,1,1,0,0,0,0,1,1,0,0,0,0
S01007967,Two or more types of central heating,10,3,7,8,1,7,2,2,0,0,0,0
S01007968,All people in households,869,227,642,653,58,595,145,99,46,71,70,1
S01007968,No central heating,5,3,2,3,1,2,1,1,0,1,1,0
S01007968,Gas central heating,822,207,615,626,54,572,129,87,42,67,66,1
S01007968,Electric (including storage heaters) central heating,19,9,10,11,2,9,6,5,1,2,2,0
S01007968,Oil central heating,4,1,3,3,0,3,0,0,0,1,1,0
S01007968,Solid fuel (for example wood coal) central heating,9,2,7,6,0,6,3,2,1,0,0,0
S01007968,Other central heating,0,0,0,0,0,0,0,0,0,0,0,0
S01007968,Two or more types of central heating,10,5,5,4,1,3,6,4,2,0,0,0
S01007969,All people in households,840,210,630,639,49,590,145,108,37,56,53,3
S01007969,No central heating,7,1,6,4,0,4,3,1,2,0,0,0
S01007969,Gas central heating,796,192,604,614,46,568,131,98,33,51,48,3
S01007969,Electric (including storage heaters) central heating,31,14,17,18,3,15,10,8,2,3,3,0
S01007969,Oil central heating,0,0,0,0,0,0,0,0,0,0,0,0
S01007969,Solid fuel (for example wood coal) central heating,0,0,0,0,0,0,0,0,0,0,0,0
S01007969,Other central heating,0,0,0,0,0,0,0,0,0,0,0,0
S01007969,Two or more types of central heating,6,3,3,3,0,3,1,1,0,2,2,0
S01007970,All people in households,874,206,668,681,50,631,136,100,36,57,56,1
S01007970,No central heating,8,2,6,5,0,5,3,2,1,0,0,0
S01007970,Gas central heating,836,192,644,657,48,609,125,91,34,54,53,1
S01007970,Electric (including storage heaters) central heating,18,6,12,12,1,11,4,3,1,2,2,0
S01007970,Oil central heating,0,0,0,0,0,0,0,0,0,0,0,0
S01007970,Solid fuel (for example wood coal) central heating,0,0,0,0,0,0,0,0,0,0,0,0
S01007970,Other central heating,0,0,0,0,0,0,0,0,0,0,0,0
S01007970,Two or more types of central heating,12,6,6,7,1,6,4,4,0,1,1,0
S01007971,All people in households,927,247,680,679,48,631,156,108,48,92,91,1
S01007971,No central heating,4,2,2,2,0,2,1,1,0,1,1,0
S01007971,Gas central heating,884,229,655,653,45,608,145,99,46,86,85,1
S01007971,Electric (including storage heaters) central heating,30,12,18,19,2,17,7,6,1,4,4,0
S01007971,Oil central heating,2,0,2,2,0,2,0,0,0,0,0,0
S01007971,Solid fuel (for example wood coal) central heating,0,0,0,0,0,0,0,0,0,0,0,0
S01007971,Other central heating,4,2,2,3,1,2,1,1,0,0,0,0
S01007971,Two or more types of central heating,3,2,1,0,0,0,2,1,1,1,1,0
S01007972,All people in households,828,197,631,649,52,597,125,95,30,54,50,4
S01007972,No central heating,6,1,5,5,0,5,1,1,0,0,0,0
S01007972,Gas central heating,793,186,607,625,50,575,117,89,28,51,47,4
S01007972,Electric (including storage heaters) central heating,25,10,15,15,2,13,7,5,2,3,3,0
S01007972,Oil central heating,0,0,0,0,0,0,0,0,0,0,0,0
S01007972,Solid fuel (for example wood coal) central heating,0,0,0,0,0,0,0,0,0,0,0,0
S01007972,Other central heating,0,0,0,0,0,0,0,0,0,0,0,0
S01007972,Two or more types of central heating,4,0,4,4,0,4,0,0,0,0,0,0
S01007973,All people in households,816,131,685,727,63,664,70,49,21,19,19,0
S01007973,No central heating,0,0,0,0,0,0,0,0,0,0,0,0
S01007973,Gas central heating,803,129,674,718,63,655,67,48,19,18,18,0
S01007973,Electric (including storage heaters) central heating,8,1,7,5,0,5,2,0,2,1,1,0
S01007973,Oil central heating,2,1,1,1,0,1,1,1,0,0,0,0
S01007973,Solid fuel (for example wood coal) central heating,0,0,0,0,0,0,0,0,0,0,0,0
S01007973,Other central heating,0,0,0,0,0,0,0,0,0,0,0,0
S01007973,Two or more types of central heating,3,0,3,3,0,3,0,0,0,0,0,0
S01007974,All people in households,784,232,552,576,57,519,113,82,31,95,93,2
S01007974,No central heating,4,2,2,3,1,2,1,1,0,0,0,0
S01007974,Gas central heating,738,216,522,546,55,491,99,70,29,93,91,2
S01007974,Electric (including storage heaters) central heating,23,7,16,16,1,15,7,6,1,0,0,0
S01007974,Oil central heating,0,0,0,0,0,0,0,0,0,0,0,0
S01007974,Solid fuel (for example wood coal) central heating,0,0,0,0,0,0,0,0,0,0,0,0
S01007974,Other central heating,0,0,0,0,0,0,0,0,0,0,0,0
S01007974,Two or more types of central heating,19,7,12,11,0,11,6,5,1,2,2,0
S01007975,All people in households,655,170,485,488,34,454,107,78,29,60,58,2
S01007975,No central heating,12,3,9,8,0,8,2,1,1,2,2,0
S01007975,Gas central heating,612,151,461,463,32,431,96,68,28,53,51,2
S01007975,Electric (including storage heaters) central heating,26,14,12,14,2,12,8,8,0,4,4,0
S01007975,Oil central heating,0,0,0,0,0,0,0,0,0,0,0,0
S01007975,Solid fuel (for example wood coal) central heating,0,0,0,0,0,0,0,0,0,0,0,0
S01007975,Other central heating,0,0,0,0,0,0,0,0,0,0,0,0
S01007975,Two or more types of central heating,5,2,3,3,0,3,1,1,0,1,1,0
S01007976,All people in households,703,219,484,483,51,432,151,99,52,69,69,0
S01007976,No central heating,3,2,1,1,0,1,2,2,0,0,0,0
S01007976,Gas central heating,678,209,469,468,50,418,143,92,51,67,67,0
S01007976,Electric (including storage heaters) central heating,8,2,6,6,0,6,0,0,0,2,2,0
S01007976,Oil central heating,1,0,1,1,0,1,0,0,0,0,0,0
S01007976,Solid fuel (for example wood coal) central heating,0,0,0,0,0,0,0,0,0,0,0,0
S01007976,Other central heating,3,2,1,2,1,1,1,1,0,0,0,0
S01007976,Two or more types of central heating,10,4,6,5,0,5,5,4,1,0,0,0
S01007977,All people in households,645,105,540,556,28,528,58,46,12,31,31,0
S01007977,No central heating,2,0,2,2,0,2,0,0,0,0,0,0
S01007977,Gas central heating,627,100,527,540,25,515,58,46,12,29,29,0
S01007977,Electric (including storage heaters) central heating,7,2,5,7,2,5,0,0,0,0,0,0
S01007977,Oil central heating,1,0,1,1,0,1,0,0,0,0,0,0
S01007977,Solid fuel (for example wood coal) central heating,0,0,0,0,0,0,0,0,0,0,0,0
S01007977,Other central heating,5,2,3,3,0,3,0,0,0,2,2,0
S01007977,Two or more types of central heating,3,1,2,3,1,2,0,0,0,0,0,0
S01007978,All people in households,559,118,441,443,31,412,84,57,27,32,30,2
S01007978,No central heating,15,3,12,12,0,12,2,2,0,1,1,0
S01007978,Gas central heating,519,105,414,415,29,386,75,49,26,29,27,2
S01007978,Electric (including storage heaters) central heating,14,9,5,6,2,4,6,5,1,2,2,0
S01007978,Oil central heating,0,0,0,0,0,0,0,0,0,0,0,0
S01007978,Solid fuel (for example wood coal) central heating,0,0,0,0,0,0,0,0,0,0,0,0
S01007978,Other central heating,0,0,0,0,0,0,0,0,0,0,0,0
S01007978,Two or more types of central heating,11,1,10,10,0,10,1,1,0,0,0,0
S01007979,All people in households,829,141,688,696,39,657,98,67,31,35,35,0
S01007979,No central heating,7,0,7,4,0,4,3,0,3,0,0,0
S01007979,Gas central heating,794,131,663,672,37,635,91,63,28,31,31,0
S01007979,Electric (including storage heaters) central heating,13,8,5,7,2,5,3,3,0,3,3,0
S01007979,Oil central heating,5,1,4,4,0,4,1,1,0,0,0,0
S01007979,Solid fuel (for example wood coal) central heating,0,0,0,0,0,0,0,0,0,0,0,0
S01007979,Other central heating,0,0,0,0,0,0,0,0,0,0,0,0
S01007979,Two or more types of central heating,10,1,9,9,0,9,0,0,0,1,1,0
S01007980,All people in households,701,152,549,566,41,525,93,69,24,42,42,0
S01007980,No central heating,0,0,0,0,0,0,0,0,0,0,0,0
S01007980,Gas central heating,683,145,538,555,41,514,88,64,24,40,40,0
S01007980,Electric (including storage heaters) central heating,10,5,5,5,0,5,3,3,0,2,2,0
S01007980,Oil central heating,0,0,0,0,0,0,0,0,0,0,0,0
S01007980,Solid fuel (for example wood coal) central heating,2,1,1,1,0,1,1,1,0,0,0,0
S01007980,Other central heating,0,0,0,0,0,0,0,0,0,0,0,0
S01007980,Two or more types of central heating,6,1,5,5,0,5,1,1,0,0,0,0
S01007981,All people in households,547,102,445,445,29,416,74,48,26,28,25,3
S01007981,No central heating,2,1,1,1,0,1,1,1,0,0,0,0
S01007981,Gas central heating,530,97,433,431,27,404,71,45,26,28,25,3
S01007981,Electric (including storage heaters) central heating,5,2,3,4,1,3,1,1,0,0,0,0
S01007981,Oil central heating,4,1,3,3,0,3,1,1,0,0,0,0
S01007981,Solid fuel (for example wood coal) central heating,0,0,0,0,0,0,0,0,0,0,0,0
S01007981,Other central heating,0,0,0,0,0,0,0,0,0,0,0,0
S01007981,Two or more types of central heating,6,1,5,6,1,5,0,0,0,0,0,0
S01007982,All people in households,514,95,419,423,31,392,66,39,27,25,25,0
S01007982,No central heating,0,0,0,0,0,0,0,0,0,0,0,0
S01007982,Gas central heating,502,93,409,414,31,383,63,37,26,25,25,0
S01007982,Electric (including storage heaters) central heating,2,0,2,2,0,2,0,0,0,0,0,0
S01007982,Oil central heating,6,2,4,4,0,4,2,2,0,0,0,0
S01007982,Solid fuel (for example wood coal) central heating,0,0,0,0,0,0,0,0,0,0,0,0
S01007982,Other central heating,2,0,2,2,0,2,0,0,0,0,0,0
S01007982,Two or more types of central heating,2,0,2,1,0,1,1,0,1,0,0,0
S01007983,All people in households,777,216,561,570,52,518,137,95,42,70,69,1
S01007983,No central heating,0,0,0,0,0,0,0,0,0,0,0,0
S01007983,Gas central heating,733,201,532,540,50,490,128,87,41,65,64,1
S01007983,Electric (including storage heaters) central heating,19,10,9,9,1,8,7,6,1,3,3,0
S01007983,Oil central heating,0,0,0,0,0,0,0,0,0,0,0,0
S01007983,Solid fuel (for example wood coal) central heating,0,0,0,0,0,0,0,0,0,0,0,0
S01007983,Other central heating,4,1,3,3,0,3,1,1,0,0,0,0
S01007983,Two or more types of central heating,21,4,17,18,1,17,1,1,0,2,2,0
S01007984,All people in households,825,166,659,680,47,633,104,80,24,41,39,2
S01007984,No central heating,5,1,4,2,0,2,3,1,2,0,0,0
S01007984,Gas central heating,746,138,608,627,40,587,86,67,19,33,31,2
S01007984,Electric (including storage heaters) central heating,56,22,34,34,3,31,14,11,3,8,8,0
S01007984,Oil central heating,8,2,6,7,1,6,1,1,0,0,0,0
S01007984,Solid fuel (for example wood coal) central heating,0,0,0,0,0,0,0,0,0,0,0,0
S01007984,Other central heating,3,1,2,3,1,2,0,0,0,0,0,0
S01007984,Two or more types of central heating,7,2,5,7,2,5,0,0,0,0,0,0
S01007985,All people in households,923,209,714,715,53,662,152,101,51,56,55,1
S01007985,No central heating,0,0,0,0,0,0,0,0,0,0,0,0
S01007985,Gas central heating,905,204,701,702,53,649,149,98,51,54,53,1
S01007985,Electric (including storage heaters) central heating,6,1,5,5,0,5,1,1,0,0,0,0
S01007985,Oil central heating,0,0,0,0,0,0,0,0,0,0,0,0
S01007985,Solid fuel (for example wood coal) central heating,3,1,2,2,0,2,1,1,0,0,0,0
S01007985,Other central heating,1,1,0,0,0,0,0,0,0,1,1,0
S01007985,Two or more types of central heating,8,2,6,6,0,6,1,1,0,1,1,0
S01007986,All people in households,576,103,473,475,28,447,67,42,25,34,33,1
S01007986,No central heating,0,0,0,0,0,0,0,0,0,0,0,0
S01007986,Gas central heating,562,97,465,468,28,440,63,39,24,31,30,1
S01007986,Electric (including storage heaters) central heating,8,2,6,5,0,5,2,1,1,1,1,0
S01007986,Oil central heating,2,2,0,0,0,0,1,1,0,1,1,0
S01007986,Solid fuel (for example wood coal) central heating,0,0,0,0,0,0,0,0,0,0,0,0
S01007986,Other central heating,0,0,0,0,0,0,0,0,0,0,0,0
S01007986,Two or more types of central heating,4,2,2,2,0,2,1,1,0,1,1,0
S01007987,All people in households,759,127,632,635,38,597,89,54,35,35,35,0
S01007987,No central heating,10,1,9,8,1,7,2,0,2,0,0,0
S01007987,Gas central heating,624,89,535,536,28,508,67,40,27,21,21,0
S01007987,Electric (including storage heaters) central heating,118,36,82,85,9,76,19,13,6,14,14,0
S01007987,Oil central heating,0,0,0,0,0,0,0,0,0,0,0,0
S01007987,Solid fuel (for example wood coal) central heating,0,0,0,0,0,0,0,0,0,0,0,0
S01007987,Other central heating,0,0,0,0,0,0,0,0,0,0,0,0
S01007987,Two or more types of central heating,7,1,6,6,0,6,1,1,0,0,0,0
S01007988,All people in households,817,184,633,641,51,590,118,77,41,58,56,2
S01007988,No central heating,2,0,2,1,0,1,1,0,1,0,0,0
S01007988,Gas central heating,798,177,621,630,50,580,113,74,39,55,53,2
S01007988,Electric (including storage heaters) central heating,11,6,5,5,1,4,3,2,1,3,3,0
S01007988,Oil central heating,0,0,0,0,0,0,0,0,0,0,0,0
S01007988,Solid fuel (for example wood coal) central heating,1,0,1,1,0,1,0,0,0,0,0,0
S01007988,Other central heating,0,0,0,0,0,0,0,0,0,0,0,0
S01007988,Two or more types of central heating,5,1,4,4,0,4,1,1,0,0,0,0
S01007989,All people in households,722,136,586,591,38,553,93,63,30,38,35,3
S01007989,No central heating,14,2,12,14,2,12,0,0,0,0,0,0
S01007989,Gas central heating,526,110,416,427,34,393,72,50,22,27,26,1
S01007989,Electric (including storage heaters) central heating,157,23,134,126,2,124,20,12,8,11,9,2
S01007989,Oil central heating,7,0,7,7,0,7,0,0,0,0,0,0
S01007989,Solid fuel (for example wood coal) central heating,0,0,0,0,0,0,0,0,0,0,0,0
S01007989,Other central heating,13,0,13,13,0,13,0,0,0,0,0,0
S01007989,Two or more types of central heating,5,1,4,4,0,4,1,1,0,0,0,0
S01007990,All people in households,928,129,799,798,40,758,105,64,41,25,25,0
S01007990,No central heating,4,2,2,2,0,2,2,2,0,0,0,0
S01007990,Gas central heating,816,109,707,710,36,674,86,53,33,20,20,0
S01007990,Electric (including storage heaters) central heating,96,16,80,77,4,73,14,7,7,5,5,0
S01007990,Oil central heating,2,2,0,0,0,0,2,2,0,0,0,0
S01007990,Solid fuel (for example wood coal) central heating,0,0,0,0,0,0,0,0,0,0,0,0
S01007990,Other central heating,0,0,0,0,0,0,0,0,0,0,0,0
S01007990,Two or more types of central heating,10,0,10,9,0,9,1,0,1,0,0,0
S01007991,All people in households,958,78,880,889,38,851,54,25,29,15,15,0
S01007991,No central heating,1,0,1,0,0,0,1,0,1,0,0,0
S01007991,Gas central heating,911,69,842,853,35,818,48,24,24,10,10,0
S01007991,Electric (including storage heaters) central heating,1,0,1,1,0,1,0,0,0,0,0,0
S01007991,Oil central heating,23,6,17,15,1,14,4,1,3,4,4,0
S01007991,Solid fuel (for example wood coal) central heating,0,0,0,0,0,0,0,0,0,0,0,0
S01007991,Other central heating,10,1,9,8,0,8,1,0,1,1,1,0
S01007991,Two or more types of central heating,12,2,10,12,2,10,0,0,0,0,0,0
S01007992,All people in households,657,37,620,623,17,606,24,11,13,10,9,1
S01007992,No central heating,0,0,0,0,0,0,0,0,0,0,0,0
S01007992,Gas central heating,646,37,609,613,17,596,23,11,12,10,9,1
S01007992,Electric (including storage heaters) central heating,4,0,4,3,0,3,1,0,1,0,0,0
S01007992,Oil central heating,3,0,3,3,0,3,0,0,0,0,0,0
S01007992,Solid fuel (for example wood coal) central heating,0,0,0,0,0,0,0,0,0,0,0,0
S01007992,Other central heating,4,0,4,4,0,4,0,0,0,0,0,0
S01007992,Two or more types of central heating,0,0,0,0,0,0,0,0,0,0,0,0
S01007993,All people in households,818,110,708,724,44,680,72,45,27,22,21,1
S01007993,No central heating,0,0,0,0,0,0,0,0,0,0,0,0
S01007993,Gas central heating,805,108,697,714,43,671,70,45,25,21,20,1
S01007993,Electric (including storage heaters) central heating,3,1,2,2,0,2,0,0,0,1,1,0
S01007993,Oil central heating,5,1,4,4,1,3,1,0,1,0,0,0
S01007993,Solid fuel (for example wood coal) central heating,0,0,0,0,0,0,0,0,0,0,0,0
S01007993,Other central heating,1,0,1,0,0,0,1,0,1,0,0,0
S01007993,Two or more types of central heating,4,0,4,4,0,4,0,0,0,0,0,0
S01007994,All people in households,853,57,796,804,19,785,30,20,10,19,18,1
S01007994,No central heating,5,0,5,5,0,5,0,0,0,0,0,0
S01007994,Gas central heating,842,57,785,794,19,775,29,20,9,19,18,1
S01007994,Electric (including storage heaters) central heating,2,0,2,2,0,2,0,0,0,0,0,0
S01007994,Oil central heating,2,0,2,2,0,2,0,0,0,0,0,0
S01007994,Solid fuel (for example wood coal) central heating,0,0,0,0,0,0,0,0,0,0,0,0
S01007994,Other central heating,0,0,0,0,0,0,0,0,0,0,0,0
S01007994,Two or more types of central heating,2,0,2,1,0,1,1,0,1,0,0,0
S01007995,All people in households,887,84,803,813,29,784,54,37,17,20,18,2
S01007995,No central heating,8,0,8,8,0,8,0,0,0,0,0,0
S01007995,Gas central heating,867,80,787,798,29,769,49,33,16,20,18,2
S01007995,Electric (including storage heaters) central heating,0,0,0,0,0,0,0,0,0,0,0,0
S01007995,Oil central heating,4,1,3,3,0,3,1,1,0,0,0,0
S01007995,Solid fuel (for example wood coal) central heating,0,0,0,0,0,0,0,0,0,0,0,0
S01007995,Other central heating,0,0,0,0,0,0,0,0,0,0,0,0
S01007995,Two or more types of central heating,8,3,5,4,0,4,4,3,1,0,0,0
S01007996,All people in households,468,66,402,419,28,391,34,24,10,15,14,1
S01007996,No central heating,0,0,0,0,0,0,0,0,0,0,0,0
S01007996,Gas central heating,452,58,394,408,25,383,31,21,10,13,12,1
S01007996,Electric (including storage heaters) central heating,4,3,1,2,1,1,1,1,0,1,1,0
S01007996,Oil central heating,4,1,3,3,0,3,1,1,0,0,0,0
S01007996,Solid fuel (for example wood coal) central heating,0,0,0,0,0,0,0,0,0,0,0,0
S01007996,Other central heating,2,2,0,1,1,0,0,0,0,1,1,0
S01007996,Two or more types of central heating,6,2,4,5,1,4,1,1,0,0,0,0
S01007997,All people in households,669,107,562,576,39,537,75,50,25,18,18,0
S01007997,No central heating,1,1,0,0,0,0,1,1,0,0,0,0
S01007997,Gas central heating,651,99,552,562,35,527,71,46,25,18,18,0
S01007997,Electric (including storage heaters) central heating,11,5,6,9,3,6,2,2,0,0,0,0
S01007997,Oil central heating,1,0,1,1,0,1,0,0,0,0,0,0
S01007997,Solid fuel (for example wood coal) central heating,0,0,0,0,0,0,0,0,0,0,0,0
S01007997,Other central heating,0,0,0,0,0,0,0,0,0,0,0,0
S01007997,Two or more types of central heating,5,2,3,4,1,3,1,1,0,0,0,0
S01007998,All people in households,506,90,416,436,31,405,51,40,11,19,19,0
S01007998,No central heating,5,2,3,3,0,3,1,1,0,1,1,0
S01007998,Gas central heating,471,76,395,409,25,384,44,33,11,18,18,0
S01007998,Electric (including storage heaters) central heating,9,6,3,6,3,3,3,3,0,0,0,0
S01007998,Oil central heating,9,0,9,9,0,9,0,0,0,0,0,0
S01007998,Solid fuel (for example wood coal) central heating,5,1,4,4,0,4,1,1,0,0,0,0
S01007998,Other central heating,1,0,1,1,0,1,0,0,0,0,0,0
S01007998,Two or more types of central heating,6,5,1,4,3,1,2,2,0,0,0,0
S01007999,All people in households,656,144,512,515,35,480,97,66,31,44,43,1
S01007999,No central heating,2,0,2,0,0,0,2,0,2,0,0,0
S01007999,Gas central heating,648,140,508,511,33,478,93,64,29,44,43,1
S01007999,Electric (including storage heaters) central heating,0,0,0,0,0,0,0,0,0,0,0,0
S01007999,Oil central heating,0,0,0,0,0,0,0,0,0,0,0,0
S01007999,Solid fuel (for example wood coal) central heating,0,0,0,0,0,0,0,0,0,0,0,0
S01007999,Other central heating,3,1,2,2,0,2,1,1,0,0,0,0
S01007999,Two or more types of central heating,3,3,0,2,2,0,1,1,0,0,0,0
S01008000,All people in households,868,212,656,675,52,623,116,85,31,77,75,2
S01008000,No central heating,2,0,2,1,0,1,1,0,1,0,0,0
S01008000,Gas central heating,800,174,626,643,45,598,92,66,26,65,63,2
S01008000,Electric (including storage heaters) central heating,50,34,16,22,7,15,18,17,1,10,10,0
S01008000,Oil central heating,4,0,4,4,0,4,0,0,0,0,0,0
S01008000,Solid fuel (for example wood coal) central heating,0,0,0,0,0,0,0,0,0,0,0,0
S01008000,Other central heating,2,2,0,0,0,0,2,2,0,0,0,0
S01008000,Two or more types of central heating,10,2,8,5,0,5,3,0,3,2,2,0
S01008001,All people in households,858,212,646,651,57,594,143,95,48,64,60,4
S01008001,No central heating,1,0,1,1,0,1,0,0,0,0,0,0
S01008001,Gas central heating,837,210,627,632,56,576,141,94,47,64,60,4
S01008001,Electric (including storage heaters) central heating,5,1,4,4,1,3,1,0,1,0,0,0
S01008001,Oil central heating,9,1,8,8,0,8,1,1,0,0,0,0
S01008001,Solid fuel (for example wood coal) central heating,0,0,0,0,0,0,0,0,0,0,0,0
S01008001,Other central heating,0,0,0,0,0,0,0,0,0,0,0,0
S01008001,Two or more types of central heating,6,0,6,6,0,6,0,0,0,0,0,0
S01008002,All people in households,781,180,601,597,44,553,111,68,43,73,68,5
S01008002,No central heating,31,6,25,29,4,25,1,1,0,1,1,0
S01008002,Gas central heating,695,158,537,530,38,492,96,56,40,69,64,5
S01008002,Electric (including storage heaters) central heating,15,5,10,8,0,8,6,4,2,1,1,0
S01008002,Oil central heating,10,4,6,6,0,6,3,3,0,1,1,0
S01008002,Solid fuel (for example wood coal) central heating,0,0,0,0,0,0,0,0,0,0,0,0
S01008002,Other central heating,3,2,1,1,0,1,2,2,0,0,0,0
S01008002,Two or more types of central heating,27,5,22,23,2,21,3,2,1,1,1,0
S01008003,All people in households,596,99,497,491,22,469,70,42,28,35,35,0
S01008003,No central heating,1,0,1,1,0,1,0,0,0,0,0,0
S01008003,Gas central heating,582,95,487,480,21,459,70,42,28,32,32,0
S01008003,Electric (including storage heaters) central heating,4,3,1,2,1,1,0,0,0,2,2,0
S01008003,Oil central heating,3,1,2,2,0,2,0,0,0,1,1,0
S01008003,Solid fuel (for example wood coal) central heating,0,0,0,0,0,0,0,0,0,0,0,0
S01008003,Other central heating,2,0,2,2,0,2,0,0,0,0,0,0
S01008003,Two or more types of central heating,4,0,4,4,0,4,0,0,0,0,0,0
S01008004,All people in households,673,59,614,605,19,586,53,27,26,15,13,2
S01008004,No central heating,0,0,0,0,0,0,0,0,0,0,0,0
S01008004,Gas central heating,650,57,593,588,18,570,49,26,23,13,13,0
S01008004,Electric (including storage heaters) central heating,0,0,0,0,0,0,0,0,0,0,0,0
S01008004,Oil central heating,4,0,4,4,0,4,0,0,0,0,0,0
S01008004,Solid fuel (for example wood coal) central heating,0,0,0,0,0,0,0,0,0,0,0,0
S01008004,Other central heating,3,0,3,3,0,3,0,0,0,0,0,0
S01008004,Two or more types of central heating,16,2,14,10,1,9,4,1,3,2,0,2
S01008005,All people in households,565,43,522,521,19,502,35,16,19,9,8,1
S01008005,No central heating,1,0,1,1,0,1,0,0,0,0,0,0
S01008005,Gas central heating,550,41,509,507,18,489,34,15,19,9,8,1
S01008005,Electric (including storage heaters) central heating,0,0,0,0,0,0,0,0,0,0,0,0
S01008005,Oil central heating,2,1,1,2,1,1,0,0,0,0,0,0
S01008005,Solid fuel (for example wood coal) central heating,0,0,0,0,0,0,0,0,0,0,0,0
S01008005,Other central heating,0,0,0,0,0,0,0,0,0,0,0,0
S01008005,Two or more types of central heating,12,1,11,11,0,11,1,1,0,0,0,0
S01008006,All people in households,579,165,414,439,46,393,73,53,20,67,66,1
S01008006,No central heating,2,2,0,0,0,0,0,0,0,2,2,0
S01008006,Gas central heating,541,152,389,411,43,368,71,51,20,59,58,1
S01008006,Electric (including storage heaters) central heating,14,6,8,10,2,8,2,2,0,2,2,0
S01008006,Oil central heating,0,0,0,0,0,0,0,0,0,0,0,0
S01008006,Solid fuel (for example wood coal) central heating,5,0,5,5,0,5,0,0,0,0,0,0
S01008006,Other central heating,0,0,0,0,0,0,0,0,0,0,0,0
S01008006,Two or more types of central heating,17,5,12,13,1,12,0,0,0,4,4,0
S01008007,All people in households,430,90,340,333,22,311,56,30,26,41,38,3
S01008007,No central heating,5,1,4,4,0,4,1,1,0,0,0,0
S01008007,Gas central heating,397,83,314,307,20,287,52,27,25,38,36,2
S01008007,Electric (including storage heaters) central heating,5,0,5,4,0,4,0,0,0,1,0,1
S01008007,Oil central heating,0,0,0,0,0,0,0,0,0,0,0,0
S01008007,Solid fuel (for example wood coal) central heating,0,0,0,0,0,0,0,0,0,0,0,0
S01008007,Other central heating,5,2,3,2,0,2,2,1,1,1,1,0
S01008007,Two or more types of central heating,18,4,14,16,2,14,1,1,0,1,1,0
S01008008,All people in households,645,112,533,539,40,499,70,39,31,36,33,3
S01008008,No central heating,1,1,0,0,0,0,1,1,0,0,0,0
S01008008,Gas central heating,616,107,509,515,39,476,66,36,30,35,32,3
S01008008,Electric (including storage heaters) central heating,2,0,2,2,0,2,0,0,0,0,0,0
S01008008,Oil central heating,0,0,0,0,0,0,0,0,0,0,0,0
S01008008,Solid fuel (for example wood coal) central heating,0,0,0,0,0,0,0,0,0,0,0,0
S01008008,Other central heating,0,0,0,0,0,0,0,0,0,0,0,0
S01008008,Two or more types of central heating,26,4,22,22,1,21,3,2,1,1,1,0
S01008009,All people in households,785,175,610,627,45,582,92,69,23,66,61,5
S01008009,No central heating,2,1,1,0,0,0,1,0,1,1,1,0
S01008009,Gas central heating,749,168,581,595,41,554,90,68,22,64,59,5
S01008009,Electric (including storage heaters) central heating,0,0,0,0,0,0,0,0,0,0,0,0
S01008009,Oil central heating,9,1,8,9,1,8,0,0,0,0,0,0
S01008009,Solid fuel (for example wood coal) central heating,0,0,0,0,0,0,0,0,0,0,0,0
S01008009,Other central heating,4,0,4,4,0,4,0,0,0,0,0,0
S01008009,Two or more types of central heating,21,5,16,19,3,16,1,1,0,1,1,0
S01008010,All people in households,858,176,682,694,54,640,104,66,38,60,56,4
S01008010,No central heating,5,0,5,4,0,4,1,0,1,0,0,0
S01008010,Gas central heating,775,152,623,635,48,587,89,57,32,51,47,4
S01008010,Electric (including storage heaters) central heating,59,24,35,36,6,30,14,9,5,9,9,0
S01008010,Oil central heating,12,0,12,12,0,12,0,0,0,0,0,0
S01008010,Solid fuel (for example wood coal) central heating,0,0,0,0,0,0,0,0,0,0,0,0
S01008010,Other central heating,0,0,0,0,0,0,0,0,0,0,0,0
S01008010,Two or more types of central heating,7,0,7,7,0,7,0,0,0,0,0,0
S01008011,All people in households,657,236,421,421,44,377,149,111,38,87,81,6
S01008011,No central heating,1,0,1,1,0,1,0,0,0,0,0,0
S01008011,Gas central heating,577,201,376,374,34,340,129,96,33,74,71,3
S01008011,Electric (including storage heaters) central heating,58,31,27,29,10,19,19,14,5,10,7,3
S01008011,Oil central heating,2,1,1,1,0,1,0,0,0,1,1,0
S01008011,Solid fuel (for example wood coal) central heating,0,0,0,0,0,0,0,0,0,0,0,0
S01008011,Other central heating,0,0,0,0,0,0,0,0,0,0,0,0
S01008011,Two or more types of central heating,19,3,16,16,0,16,1,1,0,2,2,0
S01008012,All people in households,760,148,612,622,50,572,98,61,37,40,37,3
S01008012,No central heating,14,4,10,12,3,9,1,0,1,1,1,0
S01008012,Gas central heating,655,125,530,539,43,496,85,54,31,31,28,3
S01008012,Electric (including storage heaters) central heating,67,15,52,52,4,48,9,5,4,6,6,0
S01008012,Oil central heating,0,0,0,0,0,0,0,0,0,0,0,0
S01008012,Solid fuel (for example wood coal) central heating,0,0,0,0,0,0,0,0,0,0,0,0
S01008012,Other central heating,1,1,0,0,0,0,0,0,0,1,1,0
S01008012,Two or more types of central heating,23,3,20,19,0,19,3,2,1,1,1,0
S01008013,All people in households,605,146,459,467,36,431,89,61,28,49,49,0
S01008013,No central heating,5,1,4,4,0,4,1,1,0,0,0,0
S01008013,Gas central heating,535,123,412,416,32,384,82,54,28,37,37,0
S01008013,Electric (including storage heaters) central heating,52,20,32,35,3,32,5,5,0,12,12,0
S01008013,Oil central heating,0,0,0,0,0,0,0,0,0,0,0,0
S01008013,Solid fuel (for example wood coal) central heating,2,1,1,1,0,1,1,1,0,0,0,0
S01008013,Other central heating,4,0,4,4,0,4,0,0,0,0,0,0
S01008013,Two or more types of central heating,7,1,6,7,1,6,0,0,0,0,0,0
S01008014,All people in households,622,118,504,508,32,476,85,57,28,29,29,0
S01008014,No central heating,8,0,8,7,0,7,1,0,1,0,0,0
S01008014,Gas central heating,575,112,463,468,29,439,79,55,24,28,28,0
S01008014,Electric (including storage heaters) central heating,29,2,27,24,0,24,4,1,3,1,1,0
S01008014,Oil central heating,4,3,1,4,3,1,0,0,0,0,0,0
S01008014,Solid fuel (for example wood coal) central heating,0,0,0,0,0,0,0,0,0,0,0,0
S01008014,Other central heating,2,1,1,1,0,1,1,1,0,0,0,0
S01008014,Two or more types of central heating,4,0,4,4,0,4,0,0,0,0,0,0
S01008015,All people in households,776,193,583,610,63,547,111,76,35,55,54,1
S01008015,No central heating,7,4,3,3,1,2,2,1,1,2,2,0
S01008015,Gas central heating,744,185,559,585,61,524,106,72,34,53,52,1
S01008015,Electric (including storage heaters) central heating,17,4,13,14,1,13,3,3,0,0,0,0
S01008015,Oil central heating,0,0,0,0,0,0,0,0,0,0,0,0
S01008015,Solid fuel (for example wood coal) central heating,0,0,0,0,0,0,0,0,0,0,0,0
S01008015,Other central heating,1,0,1,1,0,1,0,0,0,0,0,0
S01008015,Two or more types of central heating,7,0,7,7,0,7,0,0,0,0,0,0
S01008016,All people in households,781,214,567,580,61,519,133,87,46,68,66,2
S01008016,No central heating,12,3,9,6,0,6,6,3,3,0,0,0
S01008016,Gas central heating,750,205,545,560,60,500,124,81,43,66,64,2
S01008016,Electric (including storage heaters) central heating,14,3,11,12,1,11,1,1,0,1,1,0
S01008016,Oil central heating,0,0,0,0,0,0,0,0,0,0,0,0
S01008016,Solid fuel (for example wood coal) central heating,1,0,1,1,0,1,0,0,0,0,0,0
S01008016,Other central heating,0,0,0,0,0,0,0,0,0,0,0,0
S01008016,Two or more types of central heating,4,3,1,1,0,1,2,2,0,1,1,0
S01008017,All people in households,879,158,721,751,58,693,112,85,27,16,15,1
S01008017,No central heating,1,0,1,0,0,0,1,0,1,0,0,0
S01008017,Gas central heating,834,135,699,724,50,674,94,70,24,16,15,1
S01008017,Electric (including storage heaters) central heating,30,17,13,17,6,11,13,11,2,0,0,0
S01008017,Oil central heating,9,2,7,8,1,7,1,1,0,0,0,0
S01008017,Solid fuel (for example wood coal) central heating,0,0,0,0,0,0,0,0,0,0,0,0
S01008017,Other central heating,0,0,0,0,0,0,0,0,0,0,0,0
S01008017,Two or more types of central heating,5,4,1,2,1,1,3,3,0,0,0,0
S01008018,All people in households,634,106,528,549,35,514,70,56,14,15,15,0
S01008018,No central heating,0,0,0,0,0,0,0,0,0,0,0,0
S01008018,Gas central heating,613,103,510,529,33,496,69,55,14,15,15,0
S01008018,Electric (including storage heaters) central heating,9,0,9,9,0,9,0,0,0,0,0,0
S01008018,Oil central heating,3,1,2,2,0,2,1,1,0,0,0,0
S01008018,Solid fuel (for example wood coal) central heating,0,0,0,0,0,0,0,0,0,0,0,0
S01008018,Other central heating,1,1,0,1,1,0,0,0,0,0,0,0
S01008018,Two or more types of central heating,8,1,7,8,1,7,0,0,0,0,0,0
S01008019,All people in households,695,80,615,633,37,596,48,31,17,14,12,2
S01008019,No central heating,1,0,1,1,0,1,0,0,0,0,0,0
S01008019,Gas central heating,659,74,585,603,35,568,43,28,15,13,11,2
S01008019,Electric (including storage heaters) central heating,7,3,4,5,1,4,1,1,0,1,1,0
S01008019,Oil central heating,12,2,10,11,1,10,1,1,0,0,0,0
S01008019,Solid fuel (for example wood coal) central heating,3,0,3,2,0,2,1,0,1,0,0,0
S01008019,Other central heating,0,0,0,0,0,0,0,0,0,0,0,0
S01008019,Two or more types of central heating,13,1,12,11,0,11,2,1,1,0,0,0
S01008020,All people in households,587,105,482,503,37,466,64,48,16,20,20,0
S01008020,No central heating,4,2,2,2,1,1,1,0,1,1,1,0
S01008020,Gas central heating,559,95,464,482,32,450,58,44,14,19,19,0
S01008020,Electric (including storage heaters) central heating,14,4,10,10,1,9,4,3,1,0,0,0
S01008020,Oil central heating,6,3,3,5,2,3,1,1,0,0,0,0
S01008020,Solid fuel (for example wood coal) central heating,2,1,1,2,1,1,0,0,0,0,0,0
S01008020,Other central heating,0,0,0,0,0,0,0,0,0,0,0,0
S01008020,Two or more types of central heating,2,0,2,2,0,2,0,0,0,0,0,0
S01008021,All people in households,571,85,486,507,35,472,51,37,14,13,13,0
S01008021,No central heating,1,1,0,0,0,0,0,0,0,1,1,0
S01008021,Gas central heating,567,84,483,504,35,469,51,37,14,12,12,0
S01008021,Electric (including storage heaters) central heating,1,0,1,1,0,1,0,0,0,0,0,0
S01008021,Oil central heating,2,0,2,2,0,2,0,0,0,0,0,0
S01008021,Solid fuel (for example wood coal) central heating,0,0,0,0,0,0,0,0,0,0,0,0
S01008021,Other central heating,0,0,0,0,0,0,0,0,0,0,0,0
S01008021,Two or more types of central heating,0,0,0,0,0,0,0,0,0,0,0,0
S01008022,All people in households,728,106,622,643,41,602,69,50,19,16,15,1
S01008022,No central heating,2,2,0,0,0,0,1,1,0,1,1,0
S01008022,Gas central heating,698,99,599,617,38,579,66,47,19,15,14,1
S01008022,Electric (including storage heaters) central heating,10,1,9,10,1,9,0,0,0,0,0,0
S01008022,Oil central heating,8,4,4,6,2,4,2,2,0,0,0,0
S01008022,Solid fuel (for example wood coal) central heating,0,0,0,0,0,0,0,0,0,0,0,0
S01008022,Other central heating,0,0,0,0,0,0,0,0,0,0,0,0
S01008022,Two or more types of central heating,10,0,10,10,0,10,0,0,0,0,0,0
S01008023,All people in households,734,56,678,686,19,667,40,29,11,8,8,0
S01008023,No central heating,0,0,0,0,0,0,0,0,0,0,0,0
S01008023,Gas central heating,716,54,662,670,19,651,39,28,11,7,7,0
S01008023,Electric (including storage heaters) central heating,5,1,4,4,0,4,1,1,0,0,0,0
S01008023,Oil central heating,9,1,8,8,0,8,0,0,0,1,1,0
S01008023,Solid fuel (for example wood coal) central heating,0,0,0,0,0,0,0,0,0,0,0,0
S01008023,Other central heating,4,0,4,4,0,4,0,0,0,0,0,0
S01008023,Two or more types of central heating,0,0,0,0,0,0,0,0,0,0,0,0
S01008024,All people in households,685,46,639,660,26,634,20,15,5,5,5,0
S01008024,No central heating,0,0,0,0,0,0,0,0,0,0,0,0
S01008024,Gas central heating,667,45,622,643,26,617,20,15,5,4,4,0
S01008024,Electric (including storage heaters) central heating,0,0,0,0,0,0,0,0,0,0,0,0
S01008024,Oil central heating,4,1,3,3,0,3,0,0,0,1,1,0
S01008024,Solid fuel (for example wood coal) central heating,0,0,0,0,0,0,0,0,0,0,0,0
S01008024,Other central heating,0,0,0,0,0,0,0,0,0,0,0,0
S01008024,Two or more types of central heating,14,0,14,14,0,14,0,0,0,0,0,0
S01008025,All people in households,685,124,561,562,31,531,89,59,30,34,34,0
S01008025,No central heating,6,2,4,5,1,4,0,0,0,1,1,0
S01008025,Gas central heating,644,111,533,531,26,505,82,54,28,31,31,0
S01008025,Electric (including storage heaters) central heating,23,8,15,16,2,14,5,4,1,2,2,0
S01008025,Oil central heating,6,2,4,5,1,4,1,1,0,0,0,0
S01008025,Solid fuel (for example wood coal) central heating,0,0,0,0,0,0,0,0,0,0,0,0
S01008025,Other central heating,0,0,0,0,0,0,0,0,0,0,0,0
S01008025,Two or more types of central heating,6,1,5,5,1,4,1,0,1,0,0,0
S01008026,All people in households,1026,228,798,785,47,738,166,108,58,75,73,2
S01008026,No central heating,2,0,2,2,0,2,0,0,0,0,0,0
S01008026,Gas central heating,980,220,760,748,46,702,159,103,56,73,71,2
S01008026,Electric (including storage heaters) central heating,17,6,11,9,0,9,6,4,2,2,2,0
S01008026,Oil central heating,6,0,6,6,0,6,0,0,0,0,0,0
S01008026,Solid fuel (for example wood coal) central heating,2,0,2,2,0,2,0,0,0,0,0,0
S01008026,Other central heating,12,1,11,12,1,11,0,0,0,0,0,0
S01008026,Two or more types of central heating,7,1,6,6,0,6,1,1,0,0,0,0
S01008027,All people in households,563,123,440,436,28,408,95,64,31,32,31,1
S01008027,No central heating,1,0,1,1,0,1,0,0,0,0,0,0
S01008027,Gas central heating,546,121,425,424,28,396,91,63,28,31,30,1
S01008027,Electric (including storage heaters) central heating,7,0,7,4,0,4,3,0,3,0,0,0
S01008027,Oil central heating,4,1,3,3,0,3,0,0,0,1,1,0
S01008027,Solid fuel (for example wood coal) central heating,2,1,1,1,0,1,1,1,0,0,0,0
S01008027,Other central heating,2,0,2,2,0,2,0,0,0,0,0,0
S01008027,Two or more types of central heating,1,0,1,1,0,1,0,0,0,0,0,0
S01008028,All people in households,585,92,493,507,26,481,52,40,12,26,26,0
S01008028,No central heating,5,2,3,4,1,3,1,1,0,0,0,0
S01008028,Gas central heating,557,87,470,482,24,458,51,39,12,24,24,0
S01008028,Electric (including storage heaters) central heating,8,0,8,8,0,8,0,0,0,0,0,0
S01008028,Oil central heating,11,2,9,9,0,9,0,0,0,2,2,0
S01008028,Solid fuel (for example wood coal) central heating,0,0,0,0,0,0,0,0,0,0,0,0
S01008028,Other central heating,0,0,0,0,0,0,0,0,0,0,0,0
S01008028,Two or more types of central heating,4,1,3,4,1,3,0,0,0,0,0,0
S01008029,All people in households,784,144,640,661,53,608,82,50,32,41,41,0
S01008029,No central heating,22,5,17,13,0,13,5,1,4,4,4,0
S01008029,Gas central heating,263,42,221,222,13,209,29,17,12,12,12,0
S01008029,Electric (including storage heaters) central heating,135,32,103,108,12,96,18,11,7,9,9,0
S01008029,Oil central heating,258,44,214,228,19,209,16,11,5,14,14,0
S01008029,Solid fuel (for example wood coal) central heating,57,13,44,47,6,41,8,5,3,2,2,0
S01008029,Other central heating,36,7,29,31,3,28,5,4,1,0,0,0
S01008029,Two or more types of central heating,13,1,12,12,0,12,1,1,0,0,0,0
S01008030,All people in households,1054,216,838,859,64,795,146,104,42,49,48,1
S01008030,No central heating,9,2,7,7,0,7,1,1,0,1,1,0
S01008030,Gas central heating,980,194,786,802,59,743,133,91,42,45,44,1
S01008030,Electric (including storage heaters) central heating,27,16,11,13,2,11,11,11,0,3,3,0
S01008030,Oil central heating,12,2,10,11,1,10,1,1,0,0,0,0
S01008030,Solid fuel (for example wood coal) central heating,5,0,5,5,0,5,0,0,0,0,0,0
S01008030,Other central heating,0,0,0,0,0,0,0,0,0,0,0,0
S01008030,Two or more types of central heating,21,2,19,21,2,19,0,0,0,0,0,0
S01008031,All people in households,881,199,682,705,61,644,121,85,36,55,53,2
S01008031,No central heating,3,0,3,3,0,3,0,0,0,0,0,0
S01008031,Gas central heating,852,194,658,680,57,623,117,84,33,55,53,2
S01008031,Electric (including storage heaters) central heating,21,5,16,17,4,13,4,1,3,0,0,0
S01008031,Oil central heating,5,0,5,5,0,5,0,0,0,0,0,0
S01008031,Solid fuel (for example wood coal) central heating,0,0,0,0,0,0,0,0,0,0,0,0
S01008031,Other central heating,0,0,0,0,0,0,0,0,0,0,0,0
S01008031,Two or more types of central heating,0,0,0,0,0,0,0,0,0,0,0,0
S01008032,All people in households,890,193,697,725,72,653,118,74,44,47,47,0
S01008032,No central heating,6,1,5,6,1,5,0,0,0,0,0,0
S01008032,Gas central heating,859,187,672,697,69,628,116,72,44,46,46,0
S01008032,Electric (including storage heaters) central heating,11,2,9,9,0,9,2,2,0,0,0,0
S01008032,Oil central heating,0,0,0,0,0,0,0,0,0,0,0,0
S01008032,Solid fuel (for example wood coal) central heating,2,1,1,1,0,1,0,0,0,1,1,0
S01008032,Other central heating,4,2,2,4,2,2,0,0,0,0,0,0
S01008032,Two or more types of central heating,8,0,8,8,0,8,0,0,0,0,0,0
S01008033,All people in households,810,68,742,760,32,728,47,33,14,3,3,0
S01008033,No central heating,1,1,0,0,0,0,0,0,0,1,1,0
S01008033,Gas central heating,746,57,689,705,30,675,39,25,14,2,2,0
S01008033,Electric (including storage heaters) central heating,12,1,11,11,0,11,1,1,0,0,0,0
S01008033,Oil central heating,17,3,14,15,1,14,2,2,0,0,0,0
S01008033,Solid fuel (for example wood coal) central heating,0,0,0,0,0,0,0,0,0,0,0,0
S01008033,Other central heating,7,2,5,5,0,5,2,2,0,0,0,0
S01008033,Two or more types of central heating,27,4,23,24,1,23,3,3,0,0,0,0
S01008034,All people in households,790,61,729,729,21,708,44,23,21,17,17,0
S01008034,No central heating,0,0,0,0,0,0,0,0,0,0,0,0
S01008034,Gas central heating,730,52,678,675,15,660,39,21,18,16,16,0
S01008034,Electric (including storage heaters) central heating,48,7,41,44,4,40,3,2,1,1,1,0
S01008034,Oil central heating,5,0,5,5,0,5,0,0,0,0,0,0
S01008034,Solid fuel (for example wood coal) central heating,0,0,0,0,0,0,0,0,0,0,0,0
S01008034,Other central heating,0,0,0,0,0,0,0,0,0,0,0,0
S01008034,Two or more types of central heating,7,2,5,5,2,3,2,0,2,0,0,0
S01008035,All people in households,627,92,535,549,32,517,54,38,16,24,22,2
S01008035,No central heating,4,2,2,4,2,2,0,0,0,0,0,0
S01008035,Gas central heating,605,84,521,533,30,503,49,33,16,23,21,2
S01008035,Electric (including storage heaters) central heating,12,5,7,7,0,7,4,4,0,1,1,0
S01008035,Oil central heating,0,0,0,0,0,0,0,0,0,0,0,0
S01008035,Solid fuel (for example wood coal) central heating,0,0,0,0,0,0,0,0,0,0,0,0
S01008035,Other central heating,0,0,0,0,0,0,0,0,0,0,0,0
S01008035,Two or more types of central heating,6,1,5,5,0,5,1,1,0,0,0,0
S01008036,All people in households,669,87,582,593,32,561,62,43,19,14,12,2
S01008036,No central heating,5,2,3,3,0,3,1,1,0,1,1,0
S01008036,Gas central heating,655,81,574,583,30,553,61,42,19,11,9,2
S01008036,Electric (including storage heaters) central heating,9,4,5,7,2,5,0,0,0,2,2,0
S01008036,Oil central heating,0,0,0,0,0,0,0,0,0,0,0,0
S01008036,Solid fuel (for example wood coal) central heating,0,0,0,0,0,0,0,0,0,0,0,0
S01008036,Other central heating,0,0,0,0,0,0,0,0,0,0,0,0
S01008036,Two or more types of central heating,0,0,0,0,0,0,0,0,0,0,0,0
S01008037,All people in households,1014,233,781,783,57,726,166,112,54,65,64,1
S01008037,No central heating,12,5,7,9,3,6,1,1,0,2,1,1
S01008037,Gas central heating,935,210,725,724,51,673,155,103,52,56,56,0
S01008037,Electric (including storage heaters) central heating,17,7,10,12,2,10,4,4,0,1,1,0
S01008037,Oil central heating,2,1,1,1,0,1,0,0,0,1,1,0
S01008037,Solid fuel (for example wood coal) central heating,0,0,0,0,0,0,0,0,0,0,0,0
S01008037,Other central heating,4,1,3,3,0,3,1,1,0,0,0,0
S01008037,Two or more types of central heating,44,9,35,34,1,33,5,3,2,5,5,0
S01008038,All people in households,761,136,625,616,28,588,95,61,34,50,47,3
S01008038,No central heating,9,2,7,7,0,7,1,1,0,1,1,0
S01008038,Gas central heating,738,128,610,602,26,576,89,57,32,47,45,2
S01008038,Electric (including storage heaters) central heating,4,0,4,1,0,1,2,0,2,1,0,1
S01008038,Oil central heating,0,0,0,0,0,0,0,0,0,0,0,0
S01008038,Solid fuel (for example wood coal) central heating,3,2,1,2,1,1,1,1,0,0,0,0
S01008038,Other central heating,3,3,0,1,1,0,1,1,0,1,1,0
S01008038,Two or more types of central heating,4,1,3,3,0,3,1,1,0,0,0,0
S01008039,All people in households,898,164,734,747,60,687,110,63,47,41,41,0
S01008039,No central heating,7,5,2,3,1,2,2,2,0,2,2,0
S01008039,Gas central heating,872,157,715,730,59,671,105,61,44,37,37,0
S01008039,Electric (including storage heaters) central heating,3,0,3,2,0,2,1,0,1,0,0,0
S01008039,Oil central heating,0,0,0,0,0,0,0,0,0,0,0,0
S01008039,Solid fuel (for example wood coal) central heating,0,0,0,0,0,0,0,0,0,0,0,0
S01008039,Other central heating,0,0,0,0,0,0,0,0,0,0,0,0
S01008039,Two or more types of central heating,16,2,14,12,0,12,2,0,2,2,2,0
S01008040,All people in households,814,118,696,700,43,657,87,50,37,27,25,2
S01008040,No central heating,5,0,5,4,0,4,0,0,0,1,0,1
S01008040,Gas central heating,758,102,656,653,34,619,80,44,36,25,24,1
S01008040,Electric (including storage heaters) central heating,18,9,9,14,5,9,4,4,0,0,0,0
S01008040,Oil central heating,24,3,21,23,2,21,1,1,0,0,0,0
S01008040,Solid fuel (for example wood coal) central heating,1,0,1,1,0,1,0,0,0,0,0,0
S01008040,Other central heating,2,0,2,1,0,1,1,0,1,0,0,0
S01008040,Two or more types of central heating,6,4,2,4,2,2,1,1,0,1,1,0
S01008041,All people in households,707,161,546,569,52,517,101,73,28,37,36,1
S01008041,No central heating,4,0,4,4,0,4,0,0,0,0,0,0
S01008041,Gas central heating,669,152,517,538,48,490,99,73,26,32,31,1
S01008041,Electric (including storage heaters) central heating,19,5,14,14,2,12,2,0,2,3,3,0
S01008041,Oil central heating,0,0,0,0,0,0,0,0,0,0,0,0
S01008041,Solid fuel (for example wood coal) central heating,0,0,0,0,0,0,0,0,0,0,0,0
S01008041,Other central heating,5,1,4,4,0,4,0,0,0,1,1,0
S01008041,Two or more types of central heating,10,3,7,9,2,7,0,0,0,1,1,0
S01008042,All people in households,597,94,503,517,37,480,68,45,23,12,12,0
S01008042,No central heating,3,1,2,2,0,2,1,1,0,0,0,0
S01008042,Gas central heating,564,83,481,493,33,460,60,39,21,11,11,0
S01008042,Electric (including storage heaters) central heating,14,6,8,9,2,7,4,3,1,1,1,0
S01008042,Oil central heating,2,1,1,0,0,0,2,1,1,0,0,0
S01008042,Solid fuel (for example wood coal) central heating,0,0,0,0,0,0,0,0,0,0,0,0
S01008042,Other central heating,9,1,8,9,1,8,0,0,0,0,0,0
S01008042,Two or more types of central heating,5,2,3,4,1,3,1,1,0,0,0,0
S01008043,All people in households,962,127,835,859,46,813,80,58,22,23,23,0
S01008043,No central heating,5,2,3,4,1,3,0,0,0,1,1,0
S01008043,Gas central heating,906,115,791,812,42,770,72,51,21,22,22,0
S01008043,Electric (including storage heaters) central heating,27,6,21,21,1,20,6,5,1,0,0,0
S01008043,Oil central heating,7,0,7,7,0,7,0,0,0,0,0,0
S01008043,Solid fuel (for example wood coal) central heating,0,0,0,0,0,0,0,0,0,0,0,0
S01008043,Other central heating,2,2,0,2,2,0,0,0,0,0,0,0
S01008043,Two or more types of central heating,15,2,13,13,0,13,2,2,0,0,0,0
S01008044,All people in households,959,138,821,853,53,800,87,67,20,19,18,1
S01008044,No central heating,3,2,1,2,1,1,1,1,0,0,0,0
S01008044,Gas central heating,866,123,743,765,41,724,82,64,18,19,18,1
S01008044,Electric (including storage heaters) central heating,63,10,53,59,8,51,4,2,2,0,0,0
S01008044,Oil central heating,2,0,2,2,0,2,0,0,0,0,0,0
S01008044,Solid fuel (for example wood coal) central heating,0,0,0,0,0,0,0,0,0,0,0,0
S01008044,Other central heating,11,2,9,11,2,9,0,0,0,0,0,0
S01008044,Two or more types of central heating,14,1,13,14,1,13,0,0,0,0,0,0
S01008045,All people in households,977,180,797,834,70,764,105,73,32,38,37,1
S01008045,No central heating,24,4,20,22,2,20,0,0,0,2,2,0
S01008045,Gas central heating,724,108,616,640,46,594,61,40,21,23,22,1
S01008045,Electric (including storage heaters) central heating,101,50,51,56,15,41,35,25,10,10,10,0
S01008045,Oil central heating,94,13,81,84,4,80,7,6,1,3,3,0
S01008045,Solid fuel (for example wood coal) central heating,6,1,5,6,1,5,0,0,0,0,0,0
S01008045,Other central heating,5,3,2,4,2,2,1,1,0,0,0,0
S01008045,Two or more types of central heating,23,1,22,22,0,22,1,1,0,0,0,0
S01008046,All people in households,847,319,528,564,86,478,196,148,48,87,85,2
S01008046,No central heating,2,1,1,1,0,1,1,1,0,0,0,0
S01008046,Gas central heating,742,257,485,510,69,441,160,118,42,72,70,2
S01008046,Electric (including storage heaters) central heating,98,59,39,49,16,33,34,28,6,15,15,0
S01008046,Oil central heating,1,0,1,1,0,1,0,0,0,0,0,0
S01008046,Solid fuel (for example wood coal) central heating,0,0,0,0,0,0,0,0,0,0,0,0
S01008046,Other central heating,0,0,0,0,0,0,0,0,0,0,0,0
S01008046,Two or more types of central heating,4,2,2,3,1,2,1,1,0,0,0,0
S01008047,All people in households,697,111,586,615,47,568,60,43,17,22,21,1
S01008047,No central heating,4,0,4,4,0,4,0,0,0,0,0,0
S01008047,Gas central heating,677,106,571,600,46,554,57,41,16,20,19,1
S01008047,Electric (including storage heaters) central heating,10,5,5,5,1,4,3,2,1,2,2,0
S01008047,Oil central heating,0,0,0,0,0,0,0,0,0,0,0,0
S01008047,Solid fuel (for example wood coal) central heating,0,0,0,0,0,0,0,0,0,0,0,0
S01008047,Other central heating,4,0,4,4,0,4,0,0,0,0,0,0
S01008047,Two or more types of central heating,2,0,2,2,0,2,0,0,0,0,0,0
S01008048,All people in households,575,98,477,514,53,461,53,38,15,8,7,1
S01008048,No central heating,2,0,2,2,0,2,0,0,0,0,0,0
S01008048,Gas central heating,562,96,466,503,53,450,51,36,15,8,7,1
S01008048,Electric (including storage heaters) central heating,2,1,1,1,0,1,1,1,0,0,0,0
S01008048,Oil central heating,4,0,4,4,0,4,0,0,0,0,0,0
S01008048,Solid fuel (for example wood coal) central heating,0,0,0,0,0,0,0,0,0,0,0,0
S01008048,Other central heating,0,0,0,0,0,0,0,0,0,0,0,0
S01008048,Two or more types of central heating,5,1,4,4,0,4,1,1,0,0,0,0
S01008049,All people in households,858,113,745,768,52,716,72,43,29,18,18,0
S01008049,No central heating,4,1,3,3,0,3,0,0,0,1,1,0
S01008049,Gas central heating,834,108,726,747,49,698,70,42,28,17,17,0
S01008049,Electric (including storage heaters) central heating,7,2,5,5,1,4,2,1,1,0,0,0
S01008049,Oil central heating,2,0,2,2,0,2,0,0,0,0,0,0
S01008049,Solid fuel (for example wood coal) central heating,0,0,0,0,0,0,0,0,0,0,0,0
S01008049,Other central heating,4,0,4,4,0,4,0,0,0,0,0,0
S01008049,Two or more types of central heating,7,2,5,7,2,5,0,0,0,0,0,0
S01008050,All people in households,618,93,525,541,38,503,56,36,20,21,19,2
S01008050,No central heating,5,1,4,4,0,4,1,1,0,0,0,0
S01008050,Gas central heating,564,82,482,494,32,462,50,32,18,20,18,2
S01008050,Electric (including storage heaters) central heating,42,9,33,36,5,31,5,3,2,1,1,0
S01008050,Oil central heating,2,1,1,2,1,1,0,0,0,0,0,0
S01008050,Solid fuel (for example wood coal) central heating,0,0,0,0,0,0,0,0,0,0,0,0
S01008050,Other central heating,0,0,0,0,0,0,0,0,0,0,0,0
S01008050,Two or more types of central heating,5,0,5,5,0,5,0,0,0,0,0,0
S01008051,All people in households,884,100,784,809,41,768,58,42,16,17,17,0
S01008051,No central heating,4,1,3,3,0,3,1,1,0,0,0,0
S01008051,Gas central heating,858,96,762,785,39,746,57,41,16,16,16,0
S01008051,Electric (including storage heaters) central heating,11,3,8,10,2,8,0,0,0,1,1,0
S01008051,Oil central heating,4,0,4,4,0,4,0,0,0,0,0,0
S01008051,Solid fuel (for example wood coal) central heating,0,0,0,0,0,0,0,0,0,0,0,0
S01008051,Other central heating,0,0,0,0,0,0,0,0,0,0,0,0
S01008051,Two or more types of central heating,7,0,7,7,0,7,0,0,0,0,0,0
S01008052,All people in households,829,91,738,754,37,717,61,40,21,14,14,0
S01008052,No central heating,0,0,0,0,0,0,0,0,0,0,0,0
S01008052,Gas central heating,802,88,714,732,37,695,58,39,19,12,12,0
S01008052,Electric (including storage heaters) central heating,5,0,5,5,0,5,0,0,0,0,0,0
S01008052,Oil central heating,10,0,10,8,0,8,2,0,2,0,0,0
S01008052,Solid fuel (for example wood coal) central heating,0,0,0,0,0,0,0,0,0,0,0,0
S01008052,Other central heating,0,0,0,0,0,0,0,0,0,0,0,0
S01008052,Two or more types of central heating,12,3,9,9,0,9,1,1,0,2,2,0
S01008053,All people in households,610,97,513,527,37,490,59,36,23,24,24,0
S01008053,No central heating,4,0,4,2,0,2,2,0,2,0,0,0
S01008053,Gas central heating,598,95,503,521,37,484,53,34,19,24,24,0
S01008053,Electric (including storage heaters) central heating,1,0,1,1,0,1,0,0,0,0,0,0
S01008053,Oil central heating,5,2,3,1,0,1,4,2,2,0,0,0
S01008053,Solid fuel (for example wood coal) central heating,0,0,0,0,0,0,0,0,0,0,0,0
S01008053,Other central heating,0,0,0,0,0,0,0,0,0,0,0,0
S01008053,Two or more types of central heating,2,0,2,2,0,2,0,0,0,0,0,0
S01008054,All people in households,769,148,621,647,43,604,87,71,16,35,34,1
S01008054,No central heating,0,0,0,0,0,0,0,0,0,0,0,0
S01008054,Gas central heating,736,140,596,619,40,579,84,68,16,33,32,1
S01008054,Electric (including storage heaters) central heating,13,3,10,10,0,10,2,2,0,1,1,0
S01008054,Oil central heating,7,2,5,6,1,5,1,1,0,0,0,0
S01008054,Solid fuel (for example wood coal) central heating,0,0,0,0,0,0,0,0,0,0,0,0
S01008054,Other central heating,0,0,0,0,0,0,0,0,0,0,0,0
S01008054,Two or more types of central heating,13,3,10,12,2,10,0,0,0,1,1,0
S01008055,All people in households,1049,125,924,970,65,905,63,44,19,16,16,0
S01008055,No central heating,0,0,0,0,0,0,0,0,0,0,0,0
S01008055,Gas central heating,1023,123,900,944,63,881,63,44,19,16,16,0
S01008055,Electric (including storage heaters) central heating,7,1,6,7,1,6,0,0,0,0,0,0
S01008055,Oil central heating,10,1,9,10,1,9,0,0,0,0,0,0
S01008055,Solid fuel (for example wood coal) central heating,3,0,3,3,0,3,0,0,0,0,0,0
S01008055,Other central heating,0,0,0,0,0,0,0,0,0,0,0,0
S01008055,Two or more types of central heating,6,0,6,6,0,6,0,0,0,0,0,0
S01008056,All people in households,755,149,606,636,50,586,92,73,19,27,26,1
S01008056,No central heating,6,1,5,5,0,5,1,1,0,0,0,0
S01008056,Gas central heating,644,95,549,570,35,535,58,45,13,16,15,1
S01008056,Electric (including storage heaters) central heating,89,51,38,46,14,32,33,27,6,10,10,0
S01008056,Oil central heating,2,1,1,2,1,1,0,0,0,0,0,0
S01008056,Solid fuel (for example wood coal) central heating,0,0,0,0,0,0,0,0,0,0,0,0
S01008056,Other central heating,6,0,6,6,0,6,0,0,0,0,0,0
S01008056,Two or more types of central heating,8,1,7,7,0,7,0,0,0,1,1,0
S01008057,All people in households,936,154,782,820,58,762,91,71,20,25,25,0
S01008057,No central heating,6,2,4,5,1,4,1,1,0,0,0,0
S01008057,Gas central heating,811,122,689,715,44,671,77,59,18,19,19,0
S01008057,Electric (including storage heaters) central heating,106,29,77,87,12,75,13,11,2,6,6,0
S01008057,Oil central heating,7,1,6,7,1,6,0,0,0,0,0,0
S01008057,Solid fuel (for example wood coal) central heating,0,0,0,0,0,0,0,0,0,0,0,0
S01008057,Other central heating,5,0,5,5,0,5,0,0,0,0,0,0
S01008057,Two or more types of central heating,1,0,1,1,0,1,0,0,0,0,0,0
S01008058,All people in households,895,74,821,834,33,801,43,23,20,18,18,0
S01008058,No central heating,3,0,3,3,0,3,0,0,0,0,0,0
S01008058,Gas central heating,814,61,753,763,28,735,36,18,18,15,15,0
S01008058,Electric (including storage heaters) central heating,72,13,59,62,5,57,7,5,2,3,3,0
S01008058,Oil central heating,6,0,6,6,0,6,0,0,0,0,0,0
S01008058,Solid fuel (for example wood coal) central heating,0,0,0,0,0,0,0,0,0,0,0,0
S01008058,Other central heating,0,0,0,0,0,0,0,0,0,0,0,0
S01008058,Two or more types of central heating,0,0,0,0,0,0,0,0,0,0,0,0
S01008059,All people in households,678,74,604,616,30,586,47,29,18,15,15,0
S01008059,No central heating,0,0,0,0,0,0,0,0,0,0,0,0
S01008059,Gas central heating,672,73,599,610,29,581,47,29,18,15,15,0
S01008059,Electric (including storage heaters) central heating,5,1,4,5,1,4,0,0,0,0,0,0
S01008059,Oil central heating,0,0,0,0,0,0,0,0,0,0,0,0
S01008059,Solid fuel (for example wood coal) central heating,0,0,0,0,0,0,0,0,0,0,0,0
S01008059,Other central heating,0,0,0,0,0,0,0,0,0,0,0,0
S01008059,Two or more types of central heating,1,0,1,1,0,1,0,0,0,0,0,0
S01008060,All people in households,903,103,800,835,56,779,54,33,21,14,14,0
S01008060,No central heating,2,0,2,2,0,2,0,0,0,0,0,0
S01008060,Gas central heating,878,98,780,816,55,761,50,31,19,12,12,0
S01008060,Electric (including storage heaters) central heating,11,3,8,7,1,6,4,2,2,0,0,0
S01008060,Oil central heating,0,0,0,0,0,0,0,0,0,0,0,0
S01008060,Solid fuel (for example wood coal) central heating,0,0,0,0,0,0,0,0,0,0,0,0
S01008060,Other central heating,0,0,0,0,0,0,0,0,0,0,0,0
S01008060,Two or more types of central heating,12,2,10,10,0,10,0,0,0,2,2,0
S01008061,All people in households,704,70,634,644,26,618,50,34,16,10,10,0
S01008061,No central heating,4,0,4,4,0,4,0,0,0,0,0,0
S01008061,Gas central heating,646,56,590,597,20,577,41,28,13,8,8,0
S01008061,Electric (including storage heaters) central heating,45,11,34,35,3,32,8,6,2,2,2,0
S01008061,Oil central heating,1,0,1,1,0,1,0,0,0,0,0,0
S01008061,Solid fuel (for example wood coal) central heating,0,0,0,0,0,0,0,0,0,0,0,0
S01008061,Other central heating,0,0,0,0,0,0,0,0,0,0,0,0
S01008061,Two or more types of central heating,8,3,5,7,3,4,1,0,1,0,0,0
S01008062,All people in households,872,149,723,748,53,695,94,70,24,30,26,4
S01008062,No central heating,8,2,6,6,0,6,2,2,0,0,0,0
S01008062,Gas central heating,828,135,693,711,45,666,89,65,24,28,25,3
S01008062,Electric (including storage heaters) central heating,13,8,5,8,4,4,3,3,0,2,1,1
S01008062,Oil central heating,0,0,0,0,0,0,0,0,0,0,0,0
S01008062,Solid fuel (for example wood coal) central heating,0,0,0,0,0,0,0,0,0,0,0,0
S01008062,Other central heating,6,0,6,6,0,6,0,0,0,0,0,0
S01008062,Two or more types of central heating,17,4,13,17,4,13,0,0,0,0,0,0
S01008063,All people in households,936,127,809,846,65,781,79,52,27,11,10,1
S01008063,No central heating,2,1,1,1,0,1,1,1,0,0,0,0
S01008063,Gas central heating,914,117,797,831,62,769,73,46,27,10,9,1
S01008063,Electric (including storage heaters) central heating,14,8,6,9,3,6,4,4,0,1,1,0
S01008063,Oil central heating,4,1,3,3,0,3,1,1,0,0,0,0
S01008063,Solid fuel (for example wood coal) central heating,0,0,0,0,0,0,0,0,0,0,0,0
S01008063,Other central heating,0,0,0,0,0,0,0,0,0,0,0,0
S01008063,Two or more types of central heating,2,0,2,2,0,2,0,0,0,0,0,0
S01008064,All people in households,701,123,578,585,35,550,80,53,27,36,35,1
S01008064,No central heating,3,0,3,3,0,3,0,0,0,0,0,0
S01008064,Gas central heating,649,117,532,539,35,504,76,49,27,34,33,1
S01008064,Electric (including storage heaters) central heating,24,5,19,19,0,19,4,4,0,1,1,0
S01008064,Oil central heating,5,0,5,5,0,5,0,0,0,0,0,0
S01008064,Solid fuel (for example wood coal) central heating,0,0,0,0,0,0,0,0,0,0,0,0
S01008064,Other central heating,0,0,0,0,0,0,0,0,0,0,0,0
S01008064,Two or more types of central heating,20,1,19,19,0,19,0,0,0,1,1,0
S01008065,All people in households,993,94,899,908,35,873,61,35,26,24,24,0
S01008065,No central heating,4,0,4,4,0,4,0,0,0,0,0,0
S01008065,Gas central heating,970,89,881,889,34,855,57,31,26,24,24,0
S01008065,Electric (including storage heaters) central heating,10,5,5,6,1,5,4,4,0,0,0,0
S01008065,Oil central heating,1,0,1,1,0,1,0,0,0,0,0,0
S01008065,Solid fuel (for example wood coal) central heating,2,0,2,2,0,2,0,0,0,0,0,0
S01008065,Other central heating,0,0,0,0,0,0,0,0,0,0,0,0
S01008065,Two or more types of central heating,6,0,6,6,0,6,0,0,0,0,0,0
S01008066,All people in households,937,108,829,878,59,819,43,33,10,16,16,0
S01008066,No central heating,1,0,1,1,0,1,0,0,0,0,0,0
S01008066,Gas central heating,915,105,810,857,57,800,42,32,10,16,16,0
S01008066,Electric (including storage heaters) central heating,6,1,5,5,0,5,1,1,0,0,0,0
S01008066,Oil central heating,0,0,0,0,0,0,0,0,0,0,0,0
S01008066,Solid fuel (for example wood coal) central heating,0,0,0,0,0,0,0,0,0,0,0,0
S01008066,Other central heating,0,0,0,0,0,0,0,0,0,0,0,0
S01008066,Two or more types of central heating,15,2,13,15,2,13,0,0,0,0,0,0
S01008067,All people in households,629,96,533,560,42,518,53,39,14,16,15,1
S01008067,No central heating,2,0,2,2,0,2,0,0,0,0,0,0
S01008067,Gas central heating,594,95,499,527,42,485,52,39,13,15,14,1
S01008067,Electric (including storage heaters) central heating,9,0,9,8,0,8,1,0,1,0,0,0
S01008067,Oil central heating,10,0,10,10,0,10,0,0,0,0,0,0
S01008067,Solid fuel (for example wood coal) central heating,0,0,0,0,0,0,0,0,0,0,0,0
S01008067,Other central heating,0,0,0,0,0,0,0,0,0,0,0,0
S01008067,Two or more types of central heating,14,1,13,13,0,13,0,0,0,1,1,0
S01008068,All people in households,914,140,774,787,41,746,99,72,27,28,27,1
S01008068,No central heating,9,6,3,4,1,3,2,2,0,3,3,0
S01008068,Gas central heating,880,129,751,762,39,723,95,68,27,23,22,1
S01008068,Electric (including storage heaters) central heating,13,2,11,12,1,11,1,1,0,0,0,0
S01008068,Oil central heating,2,0,2,2,0,2,0,0,0,0,0,0
S01008068,Solid fuel (for example wood coal) central heating,0,0,0,0,0,0,0,0,0,0,0,0
S01008068,Other central heating,0,0,0,0,0,0,0,0,0,0,0,0
S01008068,Two or more types of central heating,10,3,7,7,0,7,1,1,0,2,2,0
S01008069,All people in households,932,166,766,792,61,731,104,69,35,36,36,0
S01008069,No central heating,1,0,1,0,0,0,1,0,1,0,0,0
S01008069,Gas central heating,896,153,743,769,58,711,93,61,32,34,34,0
S01008069,Electric (including storage heaters) central heating,21,7,14,15,2,13,5,4,1,1,1,0
S01008069,Oil central heating,0,0,0,0,0,0,0,0,0,0,0,0
S01008069,Solid fuel (for example wood coal) central heating,2,1,1,1,0,1,0,0,0,1,1,0
S01008069,Other central heating,3,0,3,2,0,2,1,0,1,0,0,0
S01008069,Two or more types of central heating,9,5,4,5,1,4,4,4,0,0,0,0
S01008070,All people in households,878,136,742,760,45,715,85,58,27,33,33,0
S01008070,No central heating,7,1,6,6,0,6,1,1,0,0,0,0
S01008070,Gas central heating,846,130,716,733,43,690,81,55,26,32,32,0
S01008070,Electric (including storage heaters) central heating,23,5,18,19,2,17,3,2,1,1,1,0
S01008070,Oil central heating,2,0,2,2,0,2,0,0,0,0,0,0
S01008070,Solid fuel (for example wood coal) central heating,0,0,0,0,0,0,0,0,0,0,0,0
S01008070,Other central heating,0,0,0,0,0,0,0,0,0,0,0,0
S01008070,Two or more types of central heating,0,0,0,0,0,0,0,0,0,0,0,0
S01008071,All people in households,702,111,591,610,37,573,59,41,18,33,33,0
S01008071,No central heating,5,4,1,2,1,1,3,3,0,0,0,0
S01008071,Gas central heating,674,99,575,591,34,557,54,36,18,29,29,0
S01008071,Electric (including storage heaters) central heating,13,7,6,7,1,6,2,2,0,4,4,0
S01008071,Oil central heating,4,1,3,4,1,3,0,0,0,0,0,0
S01008071,Solid fuel (for example wood coal) central heating,0,0,0,0,0,0,0,0,0,0,0,0
S01008071,Other central heating,0,0,0,0,0,0,0,0,0,0,0,0
S01008071,Two or more types of central heating,6,0,6,6,0,6,0,0,0,0,0,0
S01008072,All people in households,769,83,686,711,32,679,41,34,7,17,17,0
S01008072,No central heating,2,1,1,1,0,1,0,0,0,1,1,0
S01008072,Gas central heating,746,78,668,693,30,663,37,32,5,16,16,0
S01008072,Electric (including storage heaters) central heating,7,2,5,6,1,5,1,1,0,0,0,0
S01008072,Oil central heating,0,0,0,0,0,0,0,0,0,0,0,0
S01008072,Solid fuel (for example wood coal) central heating,0,0,0,0,0,0,0,0,0,0,0,0
S01008072,Other central heating,7,1,6,7,1,6,0,0,0,0,0,0
S01008072,Two or more types of central heating,7,1,6,4,0,4,3,1,2,0,0,0
S01008073,All people in households,471,72,399,415,26,389,49,39,10,7,7,0
S01008073,No central heating,0,0,0,0,0,0,0,0,0,0,0,0
S01008073,Gas central heating,456,68,388,401,23,378,48,38,10,7,7,0
S01008073,Electric (including storage heaters) central heating,4,2,2,3,1,2,1,1,0,0,0,0
S01008073,Oil central heating,4,0,4,4,0,4,0,0,0,0,0,0
S01008073,Solid fuel (for example wood coal) central heating,0,0,0,0,0,0,0,0,0,0,0,0
S01008073,Other central heating,0,0,0,0,0,0,0,0,0,0,0,0
S01008073,Two or more types of central heating,7,2,5,7,2,5,0,0,0,0,0,0
S01008074,All people in households,972,131,841,871,54,817,78,54,24,23,23,0
S01008074,No central heating,2,2,0,1,1,0,1,1,0,0,0,0
S01008074,Gas central heating,936,120,816,843,50,793,72,49,23,21,21,0
S01008074,Electric (including storage heaters) central heating,18,5,13,14,2,12,3,2,1,1,1,0
S01008074,Oil central heating,6,0,6,6,0,6,0,0,0,0,0,0
S01008074,Solid fuel (for example wood coal) central heating,0,0,0,0,0,0,0,0,0,0,0,0
S01008074,Other central heating,3,1,2,2,0,2,1,1,0,0,0,0
S01008074,Two or more types of central heating,7,3,4,5,1,4,1,1,0,1,1,0
S01008075,All people in households,613,98,515,541,40,501,53,39,14,19,19,0
S01008075,No central heating,0,0,0,0,0,0,0,0,0,0,0,0
S01008075,Gas central heating,596,93,503,526,37,489,53,39,14,17,17,0
S01008075,Electric (including storage heaters) central heating,6,3,3,5,2,3,0,0,0,1,1,0
S01008075,Oil central heating,4,1,3,4,1,3,0,0,0,0,0,0
S01008075,Solid fuel (for example wood coal) central heating,0,0,0,0,0,0,0,0,0,0,0,0
S01008075,Other central heating,0,0,0,0,0,0,0,0,0,0,0,0
S01008075,Two or more types of central heating,7,1,6,6,0,6,0,0,0,1,1,0
S01008076,All people in households,624,131,493,537,68,469,71,48,23,16,15,1
S01008076,No central heating,9,3,6,7,1,6,1,1,0,1,1,0
S01008076,Gas central heating,481,88,393,422,46,376,49,33,16,10,9,1
S01008076,Electric (including storage heaters) central heating,119,37,82,94,19,75,21,14,7,4,4,0
S01008076,Oil central heating,7,1,6,6,0,6,0,0,0,1,1,0
S01008076,Solid fuel (for example wood coal) central heating,0,0,0,0,0,0,0,0,0,0,0,0
S01008076,Other central heating,3,0,3,3,0,3,0,0,0,0,0,0
S01008076,Two or more types of central heating,5,2,3,5,2,3,0,0,0,0,0,0
S01008077,All people in households,831,131,700,735,56,679,83,63,20,13,12,1
S01008077,No central heating,3,1,2,3,1,2,0,0,0,0,0,0
S01008077,Gas central heating,802,122,680,713,53,660,77,58,19,12,11,1
S01008077,Electric (including storage heaters) central heating,7,4,3,3,0,3,3,3,0,1,1,0
S01008077,Oil central heating,5,3,2,4,2,2,1,1,0,0,0,0
S01008077,Solid fuel (for example wood coal) central heating,0,0,0,0,0,0,0,0,0,0,0,0
S01008077,Other central heating,0,0,0,0,0,0,0,0,0,0,0,0
S01008077,Two or more types of central heating,14,1,13,12,0,12,2,1,1,0,0,0
S01008078,All people in households,860,127,733,763,54,709,80,57,23,17,16,1
S01008078,No central heating,4,3,1,1,0,1,2,2,0,1,1,0
S01008078,Gas central heating,813,117,696,723,49,674,75,54,21,15,14,1
S01008078,Electric (including storage heaters) central heating,22,3,19,21,2,19,1,1,0,0,0,0
S01008078,Oil central heating,5,3,2,5,3,2,0,0,0,0,0,0
S01008078,Solid fuel (for example wood coal) central heating,0,0,0,0,0,0,0,0,0,0,0,0
S01008078,Other central heating,3,1,2,1,0,1,1,0,1,1,1,0
S01008078,Two or more types of central heating,13,0,13,12,0,12,1,0,1,0,0,0
S01008079,All people in households,905,128,777,794,56,738,90,53,37,21,19,2
S01008079,No central heating,3,0,3,3,0,3,0,0,0,0,0,0
S01008079,Gas central heating,885,123,762,775,52,723,89,52,37,21,19,2
S01008079,Electric (including storage heaters) central heating,3,3,0,3,3,0,0,0,0,0,0,0
S01008079,Oil central heating,0,0,0,0,0,0,0,0,0,0,0,0
S01008079,Solid fuel (for example wood coal) central heating,0,0,0,0,0,0,0,0,0,0,0,0
S01008079,Other central heating,0,0,0,0,0,0,0,0,0,0,0,0
S01008079,Two or more types of central heating,14,2,12,13,1,12,1,1,0,0,0,0
S01008080,All people in households,699,125,574,602,44,558,71,55,16,26,26,0
S01008080,No central heating,3,0,3,3,0,3,0,0,0,0,0,0
S01008080,Gas central heating,658,110,548,573,39,534,62,48,14,23,23,0
S01008080,Electric (including storage heaters) central heating,28,14,14,17,5,12,8,6,2,3,3,0
S01008080,Oil central heating,0,0,0,0,0,0,0,0,0,0,0,0
S01008080,Solid fuel (for example wood coal) central heating,2,0,2,2,0,2,0,0,0,0,0,0
S01008080,Other central heating,0,0,0,0,0,0,0,0,0,0,0,0
S01008080,Two or more types of central heating,8,1,7,7,0,7,1,1,0,0,0,0
S01008081,All people in households,599,75,524,537,31,506,52,35,17,10,9,1
S01008081,No central heating,3,0,3,3,0,3,0,0,0,0,0,0
S01008081,Gas central heating,564,68,496,505,27,478,50,33,17,9,8,1
S01008081,Electric (including storage heaters) central heating,31,7,24,28,4,24,2,2,0,1,1,0
S01008081,Oil central heating,0,0,0,0,0,0,0,0,0,0,0,0
S01008081,Solid fuel (for example wood coal) central heating,0,0,0,0,0,0,0,0,0,0,0,0
S01008081,Other central heating,0,0,0,0,0,0,0,0,0,0,0,0
S01008081,Two or more types of central heating,1,0,1,1,0,1,0,0,0,0,0,0
S01008082,All people in households,820,126,694,726,47,679,74,60,14,20,19,1
S01008082,No central heating,4,0,4,4,0,4,0,0,0,0,0,0
S01008082,Gas central heating,795,121,674,707,47,660,70,57,13,18,17,1
S01008082,Electric (including storage heaters) central heating,9,1,8,7,0,7,2,1,1,0,0,0
S01008082,Oil central heating,2,1,1,1,0,1,1,1,0,0,0,0
S01008082,Solid fuel (for example wood coal) central heating,0,0,0,0,0,0,0,0,0,0,0,0
S01008082,Other central heating,2,0,2,2,0,2,0,0,0,0,0,0
S01008082,Two or more types of central heating,8,3,5,5,0,5,1,1,0,2,2,0
S01008083,All people in households,727,93,634,639,29,610,61,37,24,27,27,0
S01008083,No central heating,3,0,3,2,0,2,1,0,1,0,0,0
S01008083,Gas central heating,705,92,613,620,29,591,58,36,22,27,27,0
S01008083,Electric (including storage heaters) central heating,6,0,6,6,0,6,0,0,0,0,0,0
S01008083,Oil central heating,4,1,3,3,0,3,1,1,0,0,0,0
S01008083,Solid fuel (for example wood coal) central heating,0,0,0,0,0,0,0,0,0,0,0,0
S01008083,Other central heating,3,0,3,3,0,3,0,0,0,0,0,0
S01008083,Two or more types of central heating,6,0,6,5,0,5,1,0,1,0,0,0
S01008084,All people in households,853,134,719,735,43,692,87,60,27,31,31,0
S01008084,No central heating,9,2,7,5,0,5,4,2,2,0,0,0
S01008084,Gas central heating,783,125,658,678,43,635,76,53,23,29,29,0
S01008084,Electric (including storage heaters) central heating,21,1,20,19,0,19,2,1,1,0,0,0
S01008084,Oil central heating,19,3,16,15,0,15,3,2,1,1,1,0
S01008084,Solid fuel (for example wood coal) central heating,4,0,4,4,0,4,0,0,0,0,0,0
S01008084,Other central heating,3,1,2,2,0,2,1,1,0,0,0,0
S01008084,Two or more types of central heating,14,2,12,12,0,12,1,1,0,1,1,0
S01008085,All people in households,973,113,860,871,40,831,74,47,27,28,26,2
S01008085,No central heating,4,0,4,4,0,4,0,0,0,0,0,0
S01008085,Gas central heating,876,98,778,791,36,755,60,38,22,25,24,1
S01008085,Electric (including storage heaters) central heating,8,3,5,6,1,5,2,2,0,0,0,0
S01008085,Oil central heating,45,6,39,39,2,37,5,3,2,1,1,0
S01008085,Solid fuel (for example wood coal) central heating,20,3,17,15,1,14,4,2,2,1,0,1
S01008085,Other central heating,9,2,7,6,0,6,2,1,1,1,1,0
S01008085,Two or more types of central heating,11,1,10,10,0,10,1,1,0,0,0,0
S01008086,All people in households,1091,156,935,971,56,915,90,70,20,30,30,0
S01008086,No central heating,3,1,2,2,0,2,1,1,0,0,0,0
S01008086,Gas central heating,995,142,853,885,50,835,82,64,18,28,28,0
S01008086,Electric (including storage heaters) central heating,5,1,4,4,0,4,1,1,0,0,0,0
S01008086,Oil central heating,47,5,42,46,4,42,1,1,0,0,0,0
S01008086,Solid fuel (for example wood coal) central heating,0,0,0,0,0,0,0,0,0,0,0,0
S01008086,Other central heating,26,2,24,23,0,23,3,2,1,0,0,0
S01008086,Two or more types of central heating,15,5,10,11,2,9,2,1,1,2,2,0
S01008087,All people in households,856,139,717,730,51,679,99,61,38,27,27,0
S01008087,No central heating,0,0,0,0,0,0,0,0,0,0,0,0
S01008087,Gas central heating,844,133,711,722,48,674,97,60,37,25,25,0
S01008087,Electric (including storage heaters) central heating,7,3,4,6,2,4,1,1,0,0,0,0
S01008087,Oil central heating,2,2,0,0,0,0,0,0,0,2,2,0
S01008087,Solid fuel (for example wood coal) central heating,0,0,0,0,0,0,0,0,0,0,0,0
S01008087,Other central heating,0,0,0,0,0,0,0,0,0,0,0,0
S01008087,Two or more types of central heating,3,1,2,2,1,1,1,0,1,0,0,0
S01008088,All people in households,917,176,741,767,58,709,106,74,32,44,44,0
S01008088,No central heating,3,0,3,2,0,2,1,0,1,0,0,0
S01008088,Gas central heating,883,170,713,740,56,684,99,70,29,44,44,0
S01008088,Electric (including storage heaters) central heating,14,0,14,12,0,12,2,0,2,0,0,0
S01008088,Oil central heating,2,0,2,2,0,2,0,0,0,0,0,0
S01008088,Solid fuel (for example wood coal) central heating,0,0,0,0,0,0,0,0,0,0,0,0
S01008088,Other central heating,8,2,6,6,0,6,2,2,0,0,0,0
S01008088,Two or more types of central heating,7,4,3,5,2,3,2,2,0,0,0,0
S01008089,All people in households,653,85,568,573,26,547,65,44,21,15,15,0
S01008089,No central heating,6,0,6,6,0,6,0,0,0,0,0,0
S01008089,Gas central heating,604,80,524,532,25,507,57,40,17,15,15,0
S01008089,Electric (including storage heaters) central heating,6,3,3,2,0,2,4,3,1,0,0,0
S01008089,Oil central heating,2,0,2,2,0,2,0,0,0,0,0,0
S01008089,Solid fuel (for example wood coal) central heating,0,0,0,0,0,0,0,0,0,0,0,0
S01008089,Other central heating,2,1,1,1,0,1,1,1,0,0,0,0
S01008089,Two or more types of central heating,33,1,32,30,1,29,3,0,3,0,0,0
S01008090,All people in households,771,126,645,669,50,619,67,42,25,35,34,1
S01008090,No central heating,11,1,10,10,0,10,1,1,0,0,0,0
S01008090,Gas central heating,737,116,621,644,48,596,63,39,24,30,29,1
S01008090,Electric (including storage heaters) central heating,15,7,8,9,1,8,2,2,0,4,4,0
S01008090,Oil central heating,7,1,6,5,0,5,1,0,1,1,1,0
S01008090,Solid fuel (for example wood coal) central heating,0,0,0,0,0,0,0,0,0,0,0,0
S01008090,Other central heating,0,0,0,0,0,0,0,0,0,0,0,0
S01008090,Two or more types of central heating,1,1,0,1,1,0,0,0,0,0,0,0
S01008091,All people in households,385,70,315,327,25,302,48,35,13,10,10,0
S01008091,No central heating,0,0,0,0,0,0,0,0,0,0,0,0
S01008091,Gas central heating,375,67,308,322,25,297,43,32,11,10,10,0
S01008091,Electric (including storage heaters) central heating,6,2,4,2,0,2,4,2,2,0,0,0
S01008091,Oil central heating,0,0,0,0,0,0,0,0,0,0,0,0
S01008091,Solid fuel (for example wood coal) central heating,0,0,0,0,0,0,0,0,0,0,0,0
S01008091,Other central heating,2,1,1,1,0,1,1,1,0,0,0,0
S01008091,Two or more types of central heating,2,0,2,2,0,2,0,0,0,0,0,0
S01008092,All people in households,908,179,729,765,70,695,108,75,33,35,34,1
S01008092,No central heating,10,4,6,6,0,6,4,4,0,0,0,0
S01008092,Gas central heating,872,166,706,738,65,673,100,68,32,34,33,1
S01008092,Electric (including storage heaters) central heating,3,3,0,1,1,0,1,1,0,1,1,0
S01008092,Oil central heating,8,2,6,7,1,6,1,1,0,0,0,0
S01008092,Solid fuel (for example wood coal) central heating,0,0,0,0,0,0,0,0,0,0,0,0
S01008092,Other central heating,4,2,2,3,1,2,1,1,0,0,0,0
S01008092,Two or more types of central heating,11,2,9,10,2,8,1,0,1,0,0,0
S01008093,All people in households,809,172,637,661,58,603,112,82,30,36,32,4
S01008093,No central heating,1,1,0,0,0,0,0,0,0,1,1,0
S01008093,Gas central heating,770,153,617,639,56,583,100,70,30,31,27,4
S01008093,Electric (including storage heaters) central heating,34,16,18,20,2,18,11,11,0,3,3,0
S01008093,Oil central heating,0,0,0,0,0,0,0,0,0,0,0,0
S01008093,Solid fuel (for example wood coal) central heating,0,0,0,0,0,0,0,0,0,0,0,0
S01008093,Other central heating,2,1,1,1,0,1,1,1,0,0,0,0
S01008093,Two or more types of central heating,2,1,1,1,0,1,0,0,0,1,1,0
S01008094,All people in households,667,105,562,587,41,546,60,44,16,20,20,0
S01008094,No central heating,5,0,5,5,0,5,0,0,0,0,0,0
S01008094,Gas central heating,632,98,534,559,39,520,56,42,14,17,17,0
S01008094,Electric (including storage heaters) central heating,15,4,11,12,1,11,1,1,0,2,2,0
S01008094,Oil central heating,9,2,7,8,1,7,1,1,0,0,0,0
S01008094,Solid fuel (for example wood coal) central heating,0,0,0,0,0,0,0,0,0,0,0,0
S01008094,Other central heating,6,1,5,3,0,3,2,0,2,1,1,0
S01008094,Two or more types of central heating,0,0,0,0,0,0,0,0,0,0,0,0
S01008095,All people in households,744,139,605,627,57,570,89,54,35,28,28,0
S01008095,No central heating,2,1,1,1,0,1,1,1,0,0,0,0
S01008095,Gas central heating,705,131,574,598,56,542,81,49,32,26,26,0
S01008095,Electric (including storage heaters) central heating,16,4,12,11,1,10,4,2,2,1,1,0
S01008095,Oil central heating,4,1,3,3,0,3,1,1,0,0,0,0
S01008095,Solid fuel (for example wood coal) central heating,0,0,0,0,0,0,0,0,0,0,0,0
S01008095,Other central heating,6,1,5,5,0,5,0,0,0,1,1,0
S01008095,Two or more types of central heating,11,1,10,9,0,9,2,1,1,0,0,0
S01008096,All people in households,790,170,620,654,51,603,92,77,15,44,42,2
S01008096,No central heating,8,3,5,6,2,4,2,1,1,0,0,0
S01008096,Gas central heating,712,132,580,609,41,568,69,59,10,34,32,2
S01008096,Electric (including storage heaters) central heating,60,35,25,29,8,21,21,17,4,10,10,0
S01008096,Oil central heating,0,0,0,0,0,0,0,0,0,0,0,0
S01008096,Solid fuel (for example wood coal) central heating,0,0,0,0,0,0,0,0,0,0,0,0
S01008096,Other central heating,0,0,0,0,0,0,0,0,0,0,0,0
S01008096,Two or more types of central heating,10,0,10,10,0,10,0,0,0,0,0,0
S01008097,All people in households,628,124,504,519,42,477,93,67,26,16,15,1
S01008097,No central heating,1,0,1,1,0,1,0,0,0,0,0,0
S01008097,Gas central heating,541,78,463,479,31,448,54,39,15,8,8,0
S01008097,Electric (including storage heaters) central heating,80,44,36,35,10,25,38,28,10,7,6,1
S01008097,Oil central heating,2,2,0,1,1,0,0,0,0,1,1,0
S01008097,Solid fuel (for example wood coal) central heating,0,0,0,0,0,0,0,0,0,0,0,0
S01008097,Other central heating,0,0,0,0,0,0,0,0,0,0,0,0
S01008097,Two or more types of central heating,4,0,4,3,0,3,1,0,1,0,0,0
S01008098,All people in households,750,122,628,652,48,604,73,50,23,25,24,1
S01008098,No central heating,1,1,0,1,1,0,0,0,0,0,0,0
S01008098,Gas central heating,726,112,614,636,43,593,67,46,21,23,23,0
S01008098,Electric (including storage heaters) central heating,15,5,10,9,1,8,4,3,1,2,1,1
S01008098,Oil central heating,0,0,0,0,0,0,0,0,0,0,0,0
S01008098,Solid fuel (for example wood coal) central heating,0,0,0,0,0,0,0,0,0,0,0,0
S01008098,Other central heating,0,0,0,0,0,0,0,0,0,0,0,0
S01008098,Two or more types of central heating,8,4,4,6,3,3,2,1,1,0,0,0
S01008099,All people in households,521,77,444,457,28,429,48,33,15,16,16,0
S01008099,No central heating,1,0,1,1,0,1,0,0,0,0,0,0
S01008099,Gas central heating,511,76,435,448,28,420,47,32,15,16,16,0
S01008099,Electric (including storage heaters) central heating,2,0,2,2,0,2,0,0,0,0,0,0
S01008099,Oil central heating,2,1,1,1,0,1,1,1,0,0,0,0
S01008099,Solid fuel (for example wood coal) central heating,0,0,0,0,0,0,0,0,0,0,0,0
S01008099,Other central heating,0,0,0,0,0,0,0,0,0,0,0,0
S01008099,Two or more types of central heating,5,0,5,5,0,5,0,0,0,0,0,0
S01008100,All people in households,946,214,732,754,64,690,140,101,39,52,49,3
S01008100,No central heating,2,0,2,2,0,2,0,0,0,0,0,0
S01008100,Gas central heating,848,165,683,698,50,648,110,77,33,40,38,2
S01008100,Electric (including storage heaters) central heating,78,44,34,39,12,27,27,21,6,12,11,1
S01008100,Oil central heating,2,0,2,2,0,2,0,0,0,0,0,0
S01008100,Solid fuel (for example wood coal) central heating,0,0,0,0,0,0,0,0,0,0,0,0
S01008100,Other central heating,0,0,0,0,0,0,0,0,0,0,0,0
S01008100,Two or more types of central heating,16,5,11,13,2,11,3,3,0,0,0,0
S01008101,All people in households,790,108,682,697,31,666,59,44,15,34,33,1
S01008101,No central heating,5,1,4,5,1,4,0,0,0,0,0,0
S01008101,Gas central heating,684,88,596,601,21,580,51,36,15,32,31,1
S01008101,Electric (including storage heaters) central heating,92,16,76,85,9,76,5,5,0,2,2,0
S01008101,Oil central heating,5,0,5,5,0,5,0,0,0,0,0,0
S01008101,Solid fuel (for example wood coal) central heating,0,0,0,0,0,0,0,0,0,0,0,0
S01008101,Other central heating,0,0,0,0,0,0,0,0,0,0,0,0
S01008101,Two or more types of central heating,4,3,1,1,0,1,3,3,0,0,0,0
S01008102,All people in households,749,126,623,632,40,592,91,60,31,26,26,0
S01008102,No central heating,7,0,7,7,0,7,0,0,0,0,0,0
S01008102,Gas central heating,727,120,607,614,38,576,87,56,31,26,26,0
S01008102,Electric (including storage heaters) central heating,10,5,5,7,2,5,3,3,0,0,0,0
S01008102,Oil central heating,0,0,0,0,0,0,0,0,0,0,0,0
S01008102,Solid fuel (for example wood coal) central heating,0,0,0,0,0,0,0,0,0,0,0,0
S01008102,Other central heating,0,0,0,0,0,0,0,0,0,0,0,0
S01008102,Two or more types of central heating,5,1,4,4,0,4,1,1,0,0,0,0
S01008103,All people in households,610,167,443,462,57,405,94,57,37,54,53,1
S01008103,No central heating,5,1,4,4,1,3,1,0,1,0,0,0
S01008103,Gas central heating,569,152,417,438,53,385,83,52,31,48,47,1
S01008103,Electric (including storage heaters) central heating,19,8,11,12,2,10,3,2,1,4,4,0
S01008103,Oil central heating,3,2,1,1,1,0,1,0,1,1,1,0
S01008103,Solid fuel (for example wood coal) central heating,0,0,0,0,0,0,0,0,0,0,0,0
S01008103,Other central heating,0,0,0,0,0,0,0,0,0,0,0,0
S01008103,Two or more types of central heating,14,4,10,7,0,7,6,3,3,1,1,0
S01008104,All people in households,864,185,679,677,37,640,125,89,36,62,59,3
S01008104,No central heating,5,1,4,3,0,3,2,1,1,0,0,0
S01008104,Gas central heating,790,167,623,620,32,588,113,81,32,57,54,3
S01008104,Electric (including storage heaters) central heating,55,15,40,42,4,38,9,7,2,4,4,0
S01008104,Oil central heating,0,0,0,0,0,0,0,0,0,0,0,0
S01008104,Solid fuel (for example wood coal) central heating,0,0,0,0,0,0,0,0,0,0,0,0
S01008104,Other central heating,0,0,0,0,0,0,0,0,0,0,0,0
S01008104,Two or more types of central heating,14,2,12,12,1,11,1,0,1,1,1,0
S01008105,All people in households,1072,285,787,806,63,743,160,117,43,106,105,1
S01008105,No central heating,4,2,2,2,0,2,1,1,0,1,1,0
S01008105,Gas central heating,978,251,727,740,56,684,141,99,42,97,96,1
S01008105,Electric (including storage heaters) central heating,46,25,21,25,4,21,14,14,0,7,7,0
S01008105,Oil central heating,5,0,5,4,0,4,1,0,1,0,0,0
S01008105,Solid fuel (for example wood coal) central heating,0,0,0,0,0,0,0,0,0,0,0,0
S01008105,Other central heating,3,1,2,2,0,2,1,1,0,0,0,0
S01008105,Two or more types of central heating,36,6,30,33,3,30,2,2,0,1,1,0
S01008106,All people in households,785,219,566,567,43,524,138,98,40,80,78,2
S01008106,No central heating,14,2,12,8,0,8,4,0,4,2,2,0
S01008106,Gas central heating,697,195,502,504,35,469,124,91,33,69,69,0
S01008106,Electric (including storage heaters) central heating,41,10,31,31,2,29,5,4,1,5,4,1
S01008106,Oil central heating,0,0,0,0,0,0,0,0,0,0,0,0
S01008106,Solid fuel (for example wood coal) central heating,0,0,0,0,0,0,0,0,0,0,0,0
S01008106,Other central heating,6,3,3,3,0,3,2,2,0,1,1,0
S01008106,Two or more types of central heating,27,9,18,21,6,15,3,1,2,3,2,1
S01008107,All people in households,909,77,832,830,26,804,61,34,27,18,17,1
S01008107,No central heating,5,0,5,5,0,5,0,0,0,0,0,0
S01008107,Gas central heating,866,72,794,794,25,769,56,32,24,16,15,1
S01008107,Electric (including storage heaters) central heating,15,1,14,13,0,13,1,0,1,1,1,0
S01008107,Oil central heating,7,0,7,7,0,7,0,0,0,0,0,0
S01008107,Solid fuel (for example wood coal) central heating,0,0,0,0,0,0,0,0,0,0,0,0
S01008107,Other central heating,1,0,1,1,0,1,0,0,0,0,0,0
S01008107,Two or more types of central heating,15,4,11,10,1,9,4,2,2,1,1,0
S01008108,All people in households,655,78,577,580,28,552,61,36,25,14,14,0
S01008108,No central heating,0,0,0,0,0,0,0,0,0,0,0,0
S01008108,Gas central heating,645,76,569,573,28,545,59,35,24,13,13,0
S01008108,Electric (including storage heaters) central heating,7,1,6,5,0,5,2,1,1,0,0,0
S01008108,Oil central heating,0,0,0,0,0,0,0,0,0,0,0,0
S01008108,Solid fuel (for example wood coal) central heating,0,0,0,0,0,0,0,0,0,0,0,0
S01008108,Other central heating,0,0,0,0,0,0,0,0,0,0,0,0
S01008108,Two or more types of central heating,3,1,2,2,0,2,0,0,0,1,1,0
S01008109,All people in households,940,141,799,817,52,765,97,63,34,26,26,0
S01008109,No central heating,2,0,2,2,0,2,0,0,0,0,0,0
S01008109,Gas central heating,928,140,788,807,52,755,95,62,33,26,26,0
S01008109,Electric (including storage heaters) central heating,4,1,3,2,0,2,2,1,1,0,0,0
S01008109,Oil central heating,0,0,0,0,0,0,0,0,0,0,0,0
S01008109,Solid fuel (for example wood coal) central heating,0,0,0,0,0,0,0,0,0,0,0,0
S01008109,Other central heating,0,0,0,0,0,0,0,0,0,0,0,0
S01008109,Two or more types of central heating,6,0,6,6,0,6,0,0,0,0,0,0
S01008110,All people in households,881,100,781,772,33,739,88,49,39,21,18,3
S01008110,No central heating,1,0,1,1,0,1,0,0,0,0,0,0
S01008110,Gas central heating,866,99,767,757,32,725,88,49,39,21,18,3
S01008110,Electric (including storage heaters) central heating,7,1,6,7,1,6,0,0,0,0,0,0
S01008110,Oil central heating,0,0,0,0,0,0,0,0,0,0,0,0
S01008110,Solid fuel (for example wood coal) central heating,0,0,0,0,0,0,0,0,0,0,0,0
S01008110,Other central heating,0,0,0,0,0,0,0,0,0,0,0,0
S01008110,Two or more types of central heating,7,0,7,7,0,7,0,0,0,0,0,0
S01008111,All people in households,869,167,702,711,50,661,126,86,40,32,31,1
S01008111,No central heating,2,2,0,0,0,0,2,2,0,0,0,0
S01008111,Gas central heating,807,130,677,682,42,640,102,66,36,23,22,1
S01008111,Electric (including storage heaters) central heating,46,34,12,15,7,8,22,18,4,9,9,0
S01008111,Oil central heating,0,0,0,0,0,0,0,0,0,0,0,0
S01008111,Solid fuel (for example wood coal) central heating,0,0,0,0,0,0,0,0,0,0,0,0
S01008111,Other central heating,4,0,4,4,0,4,0,0,0,0,0,0
S01008111,Two or more types of central heating,10,1,9,10,1,9,0,0,0,0,0,0
S01008112,All people in households,816,150,666,698,53,645,92,71,21,26,26,0
S01008112,No central heating,5,0,5,5,0,5,0,0,0,0,0,0
S01008112,Gas central heating,800,149,651,682,52,630,92,71,21,26,26,0
S01008112,Electric (including storage heaters) central heating,8,1,7,8,1,7,0,0,0,0,0,0
S01008112,Oil central heating,0,0,0,0,0,0,0,0,0,0,0,0
S01008112,Solid fuel (for example wood coal) central heating,0,0,0,0,0,0,0,0,0,0,0,0
S01008112,Other central heating,3,0,3,3,0,3,0,0,0,0,0,0
S01008112,Two or more types of central heating,0,0,0,0,0,0,0,0,0,0,0,0
S01008113,All people in households,891,145,746,756,54,702,107,64,43,28,27,1
S01008113,No central heating,6,1,5,4,1,3,2,0,2,0,0,0
S01008113,Gas central heating,850,135,715,723,48,675,100,61,39,27,26,1
S01008113,Electric (including storage heaters) central heating,20,7,13,15,4,11,4,2,2,1,1,0
S01008113,Oil central heating,0,0,0,0,0,0,0,0,0,0,0,0
S01008113,Solid fuel (for example wood coal) central heating,0,0,0,0,0,0,0,0,0,0,0,0
S01008113,Other central heating,4,2,2,3,1,2,1,1,0,0,0,0
S01008113,Two or more types of central heating,11,0,11,11,0,11,0,0,0,0,0,0
S01008114,All people in households,685,112,573,592,46,546,68,41,27,25,25,0
S01008114,No central heating,10,2,8,7,0,7,3,2,1,0,0,0
S01008114,Gas central heating,653,106,547,567,45,522,64,39,25,22,22,0
S01008114,Electric (including storage heaters) central heating,7,2,5,5,0,5,0,0,0,2,2,0
S01008114,Oil central heating,2,0,2,2,0,2,0,0,0,0,0,0
S01008114,Solid fuel (for example wood coal) central heating,0,0,0,0,0,0,0,0,0,0,0,0
S01008114,Other central heating,0,0,0,0,0,0,0,0,0,0,0,0
S01008114,Two or more types of central heating,13,2,11,11,1,10,1,0,1,1,1,0
S01008115,All people in households,913,133,780,808,47,761,65,50,15,40,36,4
S01008115,No central heating,3,0,3,2,0,2,1,0,1,0,0,0
S01008115,Gas central heating,844,122,722,749,44,705,60,47,13,35,31,4
S01008115,Electric (including storage heaters) central heating,33,8,25,25,1,24,4,3,1,4,4,0
S01008115,Oil central heating,1,0,1,1,0,1,0,0,0,0,0,0
S01008115,Solid fuel (for example wood coal) central heating,0,0,0,0,0,0,0,0,0,0,0,0
S01008115,Other central heating,0,0,0,0,0,0,0,0,0,0,0,0
S01008115,Two or more types of central heating,32,3,29,31,2,29,0,0,0,1,1,0
S01008116,All people in households,933,116,817,833,42,791,79,53,26,21,21,0
S01008116,No central heating,1,0,1,1,0,1,0,0,0,0,0,0
S01008116,Gas central heating,901,112,789,804,41,763,77,51,26,20,20,0
S01008116,Electric (including storage heaters) central heating,9,2,7,8,1,7,0,0,0,1,1,0
S01008116,Oil central heating,0,0,0,0,0,0,0,0,0,0,0,0
S01008116,Solid fuel (for example wood coal) central heating,0,0,0,0,0,0,0,0,0,0,0,0
S01008116,Other central heating,0,0,0,0,0,0,0,0,0,0,0,0
S01008116,Two or more types of central heating,22,2,20,20,0,20,2,2,0,0,0,0
S01008117,All people in households,800,160,640,662,48,614,96,70,26,42,42,0
S01008117,No central heating,1,0,1,1,0,1,0,0,0,0,0,0
S01008117,Gas central heating,789,153,636,656,46,610,92,66,26,41,41,0
S01008117,Electric (including storage heaters) central heating,3,2,1,1,0,1,2,2,0,0,0,0
S01008117,Oil central heating,0,0,0,0,0,0,0,0,0,0,0,0
S01008117,Solid fuel (for example wood coal) central heating,1,1,0,0,0,0,1,1,0,0,0,0
S01008117,Other central heating,0,0,0,0,0,0,0,0,0,0,0,0
S01008117,Two or more types of central heating,6,4,2,4,2,2,1,1,0,1,1,0
S01008118,All people in households,882,178,704,733,59,674,99,69,30,50,50,0
S01008118,No central heating,1,0,1,0,0,0,1,0,1,0,0,0
S01008118,Gas central heating,836,165,671,697,54,643,91,63,28,48,48,0
S01008118,Electric (including storage heaters) central heating,9,4,5,5,0,5,3,3,0,1,1,0
S01008118,Oil central heating,14,4,10,11,1,10,3,3,0,0,0,0
S01008118,Solid fuel (for example wood coal) central heating,0,0,0,0,0,0,0,0,0,0,0,0
S01008118,Other central heating,4,0,4,3,0,3,1,0,1,0,0,0
S01008118,Two or more types of central heating,18,5,13,17,4,13,0,0,0,1,1,0
S01008119,All people in households,665,163,502,504,38,466,106,71,35,55,54,1
S01008119,No central heating,1,1,0,0,0,0,1,1,0,0,0,0
S01008119,Gas central heating,641,154,487,486,35,451,104,69,35,51,50,1
S01008119,Electric (including storage heaters) central heating,11,3,8,10,2,8,1,1,0,0,0,0
S01008119,Oil central heating,0,0,0,0,0,0,0,0,0,0,0,0
S01008119,Solid fuel (for example wood coal) central heating,0,0,0,0,0,0,0,0,0,0,0,0
S01008119,Other central heating,3,2,1,2,1,1,0,0,0,1,1,0
S01008119,Two or more types of central heating,9,3,6,6,0,6,0,0,0,3,3,0
S01008120,All people in households,635,131,504,532,42,490,70,56,14,33,33,0
S01008120,No central heating,4,2,2,2,0,2,2,2,0,0,0,0
S01008120,Gas central heating,574,109,465,484,33,451,61,47,14,29,29,0
S01008120,Electric (including storage heaters) central heating,41,13,28,36,8,28,2,2,0,3,3,0
S01008120,Oil central heating,8,5,3,4,1,3,3,3,0,1,1,0
S01008120,Solid fuel (for example wood coal) central heating,0,0,0,0,0,0,0,0,0,0,0,0
S01008120,Other central heating,0,0,0,0,0,0,0,0,0,0,0,0
S01008120,Two or more types of central heating,8,2,6,6,0,6,2,2,0,0,0,0
S01008121,All people in households,662,99,563,579,34,545,59,43,16,24,22,2
S01008121,No central heating,1,1,0,0,0,0,1,1,0,0,0,0
S01008121,Gas central heating,639,92,547,559,30,529,56,40,16,24,22,2
S01008121,Electric (including storage heaters) central heating,9,2,7,8,1,7,1,1,0,0,0,0
S01008121,Oil central heating,1,1,0,1,1,0,0,0,0,0,0,0
S01008121,Solid fuel (for example wood coal) central heating,1,1,0,1,1,0,0,0,0,0,0,0
S01008121,Other central heating,0,0,0,0,0,0,0,0,0,0,0,0
S01008121,Two or more types of central heating,11,2,9,10,1,9,1,1,0,0,0,0
S01008122,All people in households,752,85,667,694,42,652,44,29,15,14,14,0
S01008122,No central heating,0,0,0,0,0,0,0,0,0,0,0,0
S01008122,Gas central heating,738,85,653,680,42,638,44,29,15,14,14,0
S01008122,Electric (including storage heaters) central heating,4,0,4,4,0,4,0,0,0,0,0,0
S01008122,Oil central heating,4,0,4,4,0,4,0,0,0,0,0,0
S01008122,Solid fuel (for example wood coal) central heating,0,0,0,0,0,0,0,0,0,0,0,0
S01008122,Other central heating,0,0,0,0,0,0,0,0,0,0,0,0
S01008122,Two or more types of central heating,6,0,6,6,0,6,0,0,0,0,0,0
S01008123,All people in households,904,135,769,794,50,744,81,57,24,29,28,1
S01008123,No central heating,2,0,2,2,0,2,0,0,0,0,0,0
S01008123,Gas central heating,877,130,747,771,48,723,79,56,23,27,26,1
S01008123,Electric (including storage heaters) central heating,21,4,17,18,1,17,1,1,0,2,2,0
S01008123,Oil central heating,0,0,0,0,0,0,0,0,0,0,0,0
S01008123,Solid fuel (for example wood coal) central heating,0,0,0,0,0,0,0,0,0,0,0,0
S01008123,Other central heating,0,0,0,0,0,0,0,0,0,0,0,0
S01008123,Two or more types of central heating,4,1,3,3,1,2,1,0,1,0,0,0
S01008124,All people in households,835,85,750,770,41,729,52,31,21,13,13,0
S01008124,No central heating,4,1,3,2,0,2,2,1,1,0,0,0
S01008124,Gas central heating,814,81,733,754,40,714,48,29,19,12,12,0
S01008124,Electric (including storage heaters) central heating,4,1,3,4,1,3,0,0,0,0,0,0
S01008124,Oil central heating,7,1,6,5,0,5,1,0,1,1,1,0
S01008124,Solid fuel (for example wood coal) central heating,0,0,0,0,0,0,0,0,0,0,0,0
S01008124,Other central heating,1,1,0,0,0,0,1,1,0,0,0,0
S01008124,Two or more types of central heating,5,0,5,5,0,5,0,0,0,0,0,0
S01008125,All people in households,881,125,756,777,42,735,67,48,19,37,35,2
S01008125,No central heating,2,0,2,2,0,2,0,0,0,0,0,0
S01008125,Gas central heating,866,122,744,764,41,723,65,46,19,37,35,2
S01008125,Electric (including storage heaters) central heating,9,3,6,7,1,6,2,2,0,0,0,0
S01008125,Oil central heating,0,0,0,0,0,0,0,0,0,0,0,0
S01008125,Solid fuel (for example wood coal) central heating,0,0,0,0,0,0,0,0,0,0,0,0
S01008125,Other central heating,0,0,0,0,0,0,0,0,0,0,0,0
S01008125,Two or more types of central heating,4,0,4,4,0,4,0,0,0,0,0,0
S01008126,All people in households,812,77,735,750,37,713,48,26,22,14,14,0
S01008126,No central heating,9,0,9,9,0,9,0,0,0,0,0,0
S01008126,Gas central heating,788,76,712,727,37,690,47,25,22,14,14,0
S01008126,Electric (including storage heaters) central heating,6,0,6,6,0,6,0,0,0,0,0,0
S01008126,Oil central heating,6,0,6,6,0,6,0,0,0,0,0,0
S01008126,Solid fuel (for example wood coal) central heating,1,1,0,0,0,0,1,1,0,0,0,0
S01008126,Other central heating,0,0,0,0,0,0,0,0,0,0,0,0
S01008126,Two or more types of central heating,2,0,2,2,0,2,0,0,0,0,0,0
S01008127,All people in households,489,93,396,409,28,381,56,41,15,24,24,0
S01008127,No central heating,10,0,10,10,0,10,0,0,0,0,0,0
S01008127,Gas central heating,476,92,384,397,28,369,55,40,15,24,24,0
S01008127,Electric (including storage heaters) central heating,2,0,2,2,0,2,0,0,0,0,0,0
S01008127,Oil central heating,0,0,0,0,0,0,0,0,0,0,0,0
S01008127,Solid fuel (for example wood coal) central heating,0,0,0,0,0,0,0,0,0,0,0,0
S01008127,Other central heating,0,0,0,0,0,0,0,0,0,0,0,0
S01008127,Two or more types of central heating,1,1,0,0,0,0,1,1,0,0,0,0
S01008128,All people in households,880,127,753,773,47,726,85,59,26,22,21,1
S01008128,No central heating,3,0,3,3,0,3,0,0,0,0,0,0
S01008128,Gas central heating,840,118,722,741,45,696,81,56,25,18,17,1
S01008128,Electric (including storage heaters) central heating,35,9,26,27,2,25,4,3,1,4,4,0
S01008128,Oil central heating,2,0,2,2,0,2,0,0,0,0,0,0
S01008128,Solid fuel (for example wood coal) central heating,0,0,0,0,0,0,0,0,0,0,0,0
S01008128,Other central heating,0,0,0,0,0,0,0,0,0,0,0,0
S01008128,Two or more types of central heating,0,0,0,0,0,0,0,0,0,0,0,0
S01008129,All people in households,891,200,691,697,50,647,124,83,41,70,67,3
S01008129,No central heating,5,2,3,2,0,2,3,2,1,0,0,0
S01008129,Gas central heating,836,183,653,663,47,616,109,74,35,64,62,2
S01008129,Electric (including storage heaters) central heating,24,7,17,14,1,13,6,3,3,4,3,1
S01008129,Oil central heating,0,0,0,0,0,0,0,0,0,0,0,0
S01008129,Solid fuel (for example wood coal) central heating,0,0,0,0,0,0,0,0,0,0,0,0
S01008129,Other central heating,1,1,0,0,0,0,1,1,0,0,0,0
S01008129,Two or more types of central heating,25,7,18,18,2,16,5,3,2,2,2,0
S01008130,All people in households,955,203,752,762,64,698,135,87,48,58,52,6
S01008130,No central heating,21,2,19,17,0,17,1,1,0,3,1,2
S01008130,Gas central heating,834,184,650,668,61,607,116,77,39,50,46,4
S01008130,Electric (including storage heaters) central heating,90,14,76,69,1,68,17,9,8,4,4,0
S01008130,Oil central heating,0,0,0,0,0,0,0,0,0,0,0,0
S01008130,Solid fuel (for example wood coal) central heating,3,0,3,2,0,2,1,0,1,0,0,0
S01008130,Other central heating,0,0,0,0,0,0,0,0,0,0,0,0
S01008130,Two or more types of central heating,7,3,4,6,2,4,0,0,0,1,1,0
S01008131,All people in households,766,158,608,610,40,570,105,68,37,51,50,1
S01008131,No central heating,15,2,13,13,0,13,2,2,0,0,0,0
S01008131,Gas central heating,597,123,474,479,30,449,75,51,24,43,42,1
S01008131,Electric (including storage heaters) central heating,138,32,106,104,10,94,26,14,12,8,8,0
S01008131,Oil central heating,5,0,5,5,0,5,0,0,0,0,0,0
S01008131,Solid fuel (for example wood coal) central heating,0,0,0,0,0,0,0,0,0,0,0,0
S01008131,Other central heating,2,0,2,2,0,2,0,0,0,0,0,0
S01008131,Two or more types of central heating,9,1,8,7,0,7,2,1,1,0,0,0
S01008132,All people in households,1025,191,834,883,79,804,104,74,30,38,38,0
S01008132,No central heating,0,0,0,0,0,0,0,0,0,0,0,0
S01008132,Gas central heating,994,185,809,861,77,784,96,71,25,37,37,0
S01008132,Electric (including storage heaters) central heating,14,1,13,10,0,10,3,0,3,1,1,0
S01008132,Oil central heating,3,1,2,1,0,1,2,1,1,0,0,0
S01008132,Solid fuel (for example wood coal) central heating,0,0,0,0,0,0,0,0,0,0,0,0
S01008132,Other central heating,2,0,2,1,0,1,1,0,1,0,0,0
S01008132,Two or more types of central heating,12,4,8,10,2,8,2,2,0,0,0,0
S01008133,All people in households,630,169,461,473,39,434,101,75,26,56,55,1
S01008133,No central heating,7,3,4,5,1,4,1,1,0,1,1,0
S01008133,Gas central heating,549,120,429,438,32,406,69,47,22,42,41,1
S01008133,Electric (including storage heaters) central heating,59,40,19,20,5,15,28,24,4,11,11,0
S01008133,Oil central heating,1,0,1,1,0,1,0,0,0,0,0,0
S01008133,Solid fuel (for example wood coal) central heating,1,1,0,0,0,0,1,1,0,0,0,0
S01008133,Other central heating,2,2,0,0,0,0,1,1,0,1,1,0
S01008133,Two or more types of central heating,11,3,8,9,1,8,1,1,0,1,1,0
S01008134,All people in households,602,111,491,505,32,473,72,55,17,25,24,1
S01008134,No central heating,13,2,11,10,1,9,3,1,2,0,0,0
S01008134,Gas central heating,430,75,355,364,20,344,47,37,10,19,18,1
S01008134,Electric (including storage heaters) central heating,138,28,110,117,11,106,15,11,4,6,6,0
S01008134,Oil central heating,10,2,8,8,0,8,2,2,0,0,0,0
S01008134,Solid fuel (for example wood coal) central heating,3,2,1,1,0,1,2,2,0,0,0,0
S01008134,Other central heating,0,0,0,0,0,0,0,0,0,0,0,0
S01008134,Two or more types of central heating,8,2,6,5,0,5,3,2,1,0,0,0
S01008135,All people in households,1105,138,967,963,40,923,103,63,40,39,35,4
S01008135,No central heating,17,6,11,10,0,10,6,5,1,1,1,0
S01008135,Gas central heating,794,101,693,688,27,661,72,44,28,34,30,4
S01008135,Electric (including storage heaters) central heating,248,25,223,222,9,213,22,12,10,4,4,0
S01008135,Oil central heating,10,2,8,10,2,8,0,0,0,0,0,0
S01008135,Solid fuel (for example wood coal) central heating,0,0,0,0,0,0,0,0,0,0,0,0
S01008135,Other central heating,3,0,3,2,0,2,1,0,1,0,0,0
S01008135,Two or more types of central heating,33,4,29,31,2,29,2,2,0,0,0,0
S01008136,All people in households,875,213,662,675,60,615,147,102,45,53,51,2
S01008136,No central heating,0,0,0,0,0,0,0,0,0,0,0,0
S01008136,Gas central heating,724,172,552,558,47,511,119,79,40,47,46,1
S01008136,Electric (including storage heaters) central heating,108,33,75,83,12,71,22,18,4,3,3,0
S01008136,Oil central heating,0,0,0,0,0,0,0,0,0,0,0,0
S01008136,Solid fuel (for example wood coal) central heating,5,5,0,0,0,0,3,3,0,2,2,0
S01008136,Other central heating,8,2,6,6,1,5,2,1,1,0,0,0
S01008136,Two or more types of central heating,30,1,29,28,0,28,1,1,0,1,0,1
S01008137,All people in households,900,194,706,704,48,656,113,64,49,83,82,1
S01008137,No central heating,2,2,0,0,0,0,1,1,0,1,1,0
S01008137,Gas central heating,852,183,669,668,46,622,106,60,46,78,77,1
S01008137,Electric (including storage heaters) central heating,14,3,11,12,1,11,0,0,0,2,2,0
S01008137,Oil central heating,0,0,0,0,0,0,0,0,0,0,0,0
S01008137,Solid fuel (for example wood coal) central heating,5,1,4,5,1,4,0,0,0,0,0,0
S01008137,Other central heating,2,0,2,2,0,2,0,0,0,0,0,0
S01008137,Two or more types of central heating,25,5,20,17,0,17,6,3,3,2,2,0
S01008138,All people in households,852,223,629,636,51,585,148,105,43,68,67,1
S01008138,No central heating,8,1,7,7,0,7,1,1,0,0,0,0
S01008138,Gas central heating,755,207,548,555,49,506,138,97,41,62,61,1
S01008138,Electric (including storage heaters) central heating,66,10,56,55,0,55,6,5,1,5,5,0
S01008138,Oil central heating,0,0,0,0,0,0,0,0,0,0,0,0
S01008138,Solid fuel (for example wood coal) central heating,0,0,0,0,0,0,0,0,0,0,0,0
S01008138,Other central heating,0,0,0,0,0,0,0,0,0,0,0,0
S01008138,Two or more types of central heating,23,5,18,19,2,17,3,2,1,1,1,0
S01008139,All people in households,875,222,653,657,56,601,137,87,50,81,79,2
S01008139,No central heating,5,1,4,4,0,4,1,1,0,0,0,0
S01008139,Gas central heating,830,206,624,623,49,574,129,80,49,78,77,1
S01008139,Electric (including storage heaters) central heating,22,9,13,18,6,12,2,1,1,2,2,0
S01008139,Oil central heating,0,0,0,0,0,0,0,0,0,0,0,0
S01008139,Solid fuel (for example wood coal) central heating,1,0,1,1,0,1,0,0,0,0,0,0
S01008139,Other central heating,1,0,1,1,0,1,0,0,0,0,0,0
S01008139,Two or more types of central heating,16,6,10,10,1,9,5,5,0,1,0,1
S01008140,All people in households,522,135,387,392,27,365,70,49,21,60,59,1
S01008140,No central heating,6,3,3,4,1,3,0,0,0,2,2,0
S01008140,Gas central heating,489,121,368,371,25,346,65,44,21,53,52,1
S01008140,Electric (including storage heaters) central heating,21,6,15,15,0,15,5,5,0,1,1,0
S01008140,Oil central heating,0,0,0,0,0,0,0,0,0,0,0,0
S01008140,Solid fuel (for example wood coal) central heating,2,2,0,0,0,0,0,0,0,2,2,0
S01008140,Other central heating,2,1,1,1,0,1,0,0,0,1,1,0
S01008140,Two or more types of central heating,2,2,0,1,1,0,0,0,0,1,1,0
S01008141,All people in households,840,149,691,715,52,663,86,58,28,39,39,0
S01008141,No central heating,4,3,1,2,1,1,1,1,0,1,1,0
S01008141,Gas central heating,814,139,675,694,47,647,83,55,28,37,37,0
S01008141,Electric (including storage heaters) central heating,10,4,6,9,3,6,0,0,0,1,1,0
S01008141,Oil central heating,6,1,5,6,1,5,0,0,0,0,0,0
S01008141,Solid fuel (for example wood coal) central heating,0,0,0,0,0,0,0,0,0,0,0,0
S01008141,Other central heating,3,1,2,2,0,2,1,1,0,0,0,0
S01008141,Two or more types of central heating,3,1,2,2,0,2,1,1,0,0,0,0
S01008142,All people in households,802,96,706,716,35,681,63,38,25,23,23,0
S01008142,No central heating,5,0,5,5,0,5,0,0,0,0,0,0
S01008142,Gas central heating,795,96,699,709,35,674,63,38,25,23,23,0
S01008142,Electric (including storage heaters) central heating,0,0,0,0,0,0,0,0,0,0,0,0
S01008142,Oil central heating,0,0,0,0,0,0,0,0,0,0,0,0
S01008142,Solid fuel (for example wood coal) central heating,2,0,2,2,0,2,0,0,0,0,0,0
S01008142,Other central heating,0,0,0,0,0,0,0,0,0,0,0,0
S01008142,Two or more types of central heating,0,0,0,0,0,0,0,0,0,0,0,0
S01008143,All people in households,899,205,694,703,59,644,128,80,48,68,66,2
S01008143,No central heating,15,5,10,12,3,9,1,0,1,2,2,0
S01008143,Gas central heating,845,185,660,666,54,612,118,72,46,61,59,2
S01008143,Electric (including storage heaters) central heating,28,13,15,17,2,15,8,8,0,3,3,0
S01008143,Oil central heating,0,0,0,0,0,0,0,0,0,0,0,0
S01008143,Solid fuel (for example wood coal) central heating,0,0,0,0,0,0,0,0,0,0,0,0
S01008143,Other central heating,0,0,0,0,0,0,0,0,0,0,0,0
S01008143,Two or more types of central heating,11,2,9,8,0,8,1,0,1,2,2,0
S01008144,All people in households,614,93,521,538,34,504,55,38,17,21,21,0
S01008144,No central heating,7,1,6,6,0,6,1,1,0,0,0,0
S01008144,Gas central heating,517,70,447,460,26,434,44,31,13,13,13,0
S01008144,Electric (including storage heaters) central heating,17,3,14,14,0,14,1,1,0,2,2,0
S01008144,Oil central heating,50,17,33,37,7,30,7,4,3,6,6,0
S01008144,Solid fuel (for example wood coal) central heating,9,2,7,7,1,6,2,1,1,0,0,0
S01008144,Other central heating,8,0,8,8,0,8,0,0,0,0,0,0
S01008144,Two or more types of central heating,6,0,6,6,0,6,0,0,0,0,0,0
S01008145,All people in households,808,196,612,614,37,577,134,100,34,60,59,1
S01008145,No central heating,1,1,0,1,1,0,0,0,0,0,0,0
S01008145,Gas central heating,772,184,588,590,34,556,125,93,32,57,57,0
S01008145,Electric (including storage heaters) central heating,6,3,3,3,1,2,2,2,0,1,0,1
S01008145,Oil central heating,0,0,0,0,0,0,0,0,0,0,0,0
S01008145,Solid fuel (for example wood coal) central heating,18,6,12,11,1,10,6,4,2,1,1,0
S01008145,Other central heating,5,0,5,5,0,5,0,0,0,0,0,0
S01008145,Two or more types of central heating,6,2,4,4,0,4,1,1,0,1,1,0
S01008146,All people in households,499,114,385,385,29,356,78,50,28,36,35,1
S01008146,No central heating,5,0,5,4,0,4,1,0,1,0,0,0
S01008146,Gas central heating,442,106,336,339,28,311,73,49,24,30,29,1
S01008146,Electric (including storage heaters) central heating,27,5,22,21,0,21,1,0,1,5,5,0
S01008146,Oil central heating,13,2,11,11,1,10,1,0,1,1,1,0
S01008146,Solid fuel (for example wood coal) central heating,0,0,0,0,0,0,0,0,0,0,0,0
S01008146,Other central heating,9,0,9,8,0,8,1,0,1,0,0,0
S01008146,Two or more types of central heating,3,1,2,2,0,2,1,1,0,0,0,0
S01008147,All people in households,788,152,636,635,38,597,100,66,34,53,48,5
S01008147,No central heating,7,0,7,4,0,4,2,0,2,1,0,1
S01008147,Gas central heating,722,140,582,587,36,551,90,61,29,45,43,2
S01008147,Electric (including storage heaters) central heating,42,10,32,27,0,27,8,5,3,7,5,2
S01008147,Oil central heating,0,0,0,0,0,0,0,0,0,0,0,0
S01008147,Solid fuel (for example wood coal) central heating,2,1,1,2,1,1,0,0,0,0,0,0
S01008147,Other central heating,8,1,7,8,1,7,0,0,0,0,0,0
S01008147,Two or more types of central heating,7,0,7,7,0,7,0,0,0,0,0,0
S01008148,All people in households,747,129,618,625,38,587,70,40,30,52,51,1
S01008148,No central heating,2,1,1,1,0,1,0,0,0,1,1,0
S01008148,Gas central heating,704,113,591,598,34,564,65,38,27,41,41,0
S01008148,Electric (including storage heaters) central heating,30,13,17,17,4,13,5,2,3,8,7,1
S01008148,Oil central heating,0,0,0,0,0,0,0,0,0,0,0,0
S01008148,Solid fuel (for example wood coal) central heating,0,0,0,0,0,0,0,0,0,0,0,0
S01008148,Other central heating,1,1,0,0,0,0,0,0,0,1,1,0
S01008148,Two or more types of central heating,10,1,9,9,0,9,0,0,0,1,1,0
S01008149,All people in households,707,127,580,579,28,551,93,65,28,35,34,1
S01008149,No central heating,3,3,0,1,1,0,0,0,0,2,2,0
S01008149,Gas central heating,682,118,564,562,25,537,88,62,26,32,31,1
S01008149,Electric (including storage heaters) central heating,19,4,15,14,1,13,4,2,2,1,1,0
S01008149,Oil central heating,0,0,0,0,0,0,0,0,0,0,0,0
S01008149,Solid fuel (for example wood coal) central heating,0,0,0,0,0,0,0,0,0,0,0,0
S01008149,Other central heating,2,1,1,2,1,1,0,0,0,0,0,0
S01008149,Two or more types of central heating,1,1,0,0,0,0,1,1,0,0,0,0
S01008150,All people in households,941,221,720,733,55,678,140,98,42,68,68,0
S01008150,No central heating,5,2,3,3,0,3,1,1,0,1,1,0
S01008150,Gas central heating,861,194,667,682,53,629,121,83,38,58,58,0
S01008150,Electric (including storage heaters) central heating,61,20,41,39,2,37,16,12,4,6,6,0
S01008150,Oil central heating,0,0,0,0,0,0,0,0,0,0,0,0
S01008150,Solid fuel (for example wood coal) central heating,0,0,0,0,0,0,0,0,0,0,0,0
S01008150,Other central heating,6,0,6,6,0,6,0,0,0,0,0,0
S01008150,Two or more types of central heating,8,5,3,3,0,3,2,2,0,3,3,0
S01008151,All people in households,704,154,550,564,40,524,89,63,26,51,51,0
S01008151,No central heating,2,1,1,1,0,1,0,0,0,1,1,0
S01008151,Gas central heating,626,130,496,508,34,474,72,50,22,46,46,0
S01008151,Electric (including storage heaters) central heating,53,16,37,39,4,35,12,10,2,2,2,0
S01008151,Oil central heating,0,0,0,0,0,0,0,0,0,0,0,0
S01008151,Solid fuel (for example wood coal) central heating,4,1,3,4,1,3,0,0,0,0,0,0
S01008151,Other central heating,0,0,0,0,0,0,0,0,0,0,0,0
S01008151,Two or more types of central heating,19,6,13,12,1,11,5,3,2,2,2,0
S01008152,All people in households,1057,279,778,790,66,724,164,114,50,103,99,4
S01008152,No central heating,13,3,10,10,1,9,2,1,1,1,1,0
S01008152,Gas central heating,935,223,712,725,57,668,132,90,42,78,76,2
S01008152,Electric (including storage heaters) central heating,87,49,38,41,8,33,25,21,4,21,20,1
S01008152,Oil central heating,2,0,2,1,0,1,1,0,1,0,0,0
S01008152,Solid fuel (for example wood coal) central heating,4,2,2,2,0,2,2,2,0,0,0,0
S01008152,Other central heating,3,0,3,1,0,1,1,0,1,1,0,1
S01008152,Two or more types of central heating,13,2,11,10,0,10,1,0,1,2,2,0
S01008153,All people in households,795,112,683,702,39,663,70,50,20,23,23,0
S01008153,No central heating,3,0,3,3,0,3,0,0,0,0,0,0
S01008153,Gas central heating,772,107,665,682,37,645,70,50,20,20,20,0
S01008153,Electric (including storage heaters) central heating,6,1,5,5,0,5,0,0,0,1,1,0
S01008153,Oil central heating,0,0,0,0,0,0,0,0,0,0,0,0
S01008153,Solid fuel (for example wood coal) central heating,0,0,0,0,0,0,0,0,0,0,0,0
S01008153,Other central heating,4,2,2,3,1,2,0,0,0,1,1,0
S01008153,Two or more types of central heating,10,2,8,9,1,8,0,0,0,1,1,0
S01008154,All people in households,828,166,662,698,57,641,99,78,21,31,31,0
S01008154,No central heating,2,1,1,1,0,1,1,1,0,0,0,0
S01008154,Gas central heating,803,158,645,682,54,628,93,76,17,28,28,0
S01008154,Electric (including storage heaters) central heating,13,5,8,7,1,6,3,1,2,3,3,0
S01008154,Oil central heating,0,0,0,0,0,0,0,0,0,0,0,0
S01008154,Solid fuel (for example wood coal) central heating,2,1,1,2,1,1,0,0,0,0,0,0
S01008154,Other central heating,1,0,1,1,0,1,0,0,0,0,0,0
S01008154,Two or more types of central heating,7,1,6,5,1,4,2,0,2,0,0,0
S01008155,All people in households,670,94,576,597,44,553,49,27,22,24,23,1
S01008155,No central heating,0,0,0,0,0,0,0,0,0,0,0,0
S01008155,Gas central heating,647,86,561,580,42,538,44,22,22,23,22,1
S01008155,Electric (including storage heaters) central heating,9,3,6,6,0,6,3,3,0,0,0,0
S01008155,Oil central heating,1,1,0,0,0,0,1,1,0,0,0,0
S01008155,Solid fuel (for example wood coal) central heating,0,0,0,0,0,0,0,0,0,0,0,0
S01008155,Other central heating,3,2,1,2,1,1,0,0,0,1,1,0
S01008155,Two or more types of central heating,10,2,8,9,1,8,1,1,0,0,0,0
S01008156,All people in households,919,176,743,767,56,711,105,75,30,47,45,2
S01008156,No central heating,12,1,11,10,0,10,2,1,1,0,0,0
S01008156,Gas central heating,756,137,619,630,39,591,87,61,26,39,37,2
S01008156,Electric (including storage heaters) central heating,18,6,12,15,3,12,3,3,0,0,0,0
S01008156,Oil central heating,101,23,78,86,11,75,9,6,3,6,6,0
S01008156,Solid fuel (for example wood coal) central heating,8,2,6,8,2,6,0,0,0,0,0,0
S01008156,Other central heating,18,4,14,15,1,14,2,2,0,1,1,0
S01008156,Two or more types of central heating,6,3,3,3,0,3,2,2,0,1,1,0
S01008157,All people in households,746,101,645,648,30,618,71,44,27,27,27,0
S01008157,No central heating,1,1,0,0,0,0,1,1,0,0,0,0
S01008157,Gas central heating,723,97,626,626,27,599,70,43,27,27,27,0
S01008157,Electric (including storage heaters) central heating,7,1,6,7,1,6,0,0,0,0,0,0
S01008157,Oil central heating,7,0,7,7,0,7,0,0,0,0,0,0
S01008157,Solid fuel (for example wood coal) central heating,0,0,0,0,0,0,0,0,0,0,0,0
S01008157,Other central heating,0,0,0,0,0,0,0,0,0,0,0,0
S01008157,Two or more types of central heating,8,2,6,8,2,6,0,0,0,0,0,0
S01008158,All people in households,715,76,639,658,38,620,41,22,19,16,16,0
S01008158,No central heating,4,0,4,4,0,4,0,0,0,0,0,0
S01008158,Gas central heating,678,73,605,625,38,587,39,21,18,14,14,0
S01008158,Electric (including storage heaters) central heating,16,0,16,15,0,15,1,0,1,0,0,0
S01008158,Oil central heating,2,2,0,0,0,0,0,0,0,2,2,0
S01008158,Solid fuel (for example wood coal) central heating,0,0,0,0,0,0,0,0,0,0,0,0
S01008158,Other central heating,3,0,3,3,0,3,0,0,0,0,0,0
S01008158,Two or more types of central heating,12,1,11,11,0,11,1,1,0,0,0,0
S01008159,All people in households,987,247,740,730,46,684,160,107,53,97,94,3
S01008159,No central heating,11,6,5,8,3,5,1,1,0,2,2,0
S01008159,Gas central heating,880,191,689,668,31,637,139,89,50,73,71,2
S01008159,Electric (including storage heaters) central heating,55,41,14,19,8,11,15,13,2,21,20,1
S01008159,Oil central heating,5,0,5,5,0,5,0,0,0,0,0,0
S01008159,Solid fuel (for example wood coal) central heating,0,0,0,0,0,0,0,0,0,0,0,0
S01008159,Other central heating,6,0,6,5,0,5,1,0,1,0,0,0
S01008159,Two or more types of central heating,30,9,21,25,4,21,4,4,0,1,1,0
S01008160,All people in households,942,195,747,751,50,701,119,76,43,72,69,3
S01008160,No central heating,2,0,2,2,0,2,0,0,0,0,0,0
S01008160,Gas central heating,905,188,717,720,48,672,114,72,42,71,68,3
S01008160,Electric (including storage heaters) central heating,12,3,9,10,2,8,2,1,1,0,0,0
S01008160,Oil central heating,7,3,4,4,0,4,3,3,0,0,0,0
S01008160,Solid fuel (for example wood coal) central heating,4,0,4,4,0,4,0,0,0,0,0,0
S01008160,Other central heating,1,0,1,1,0,1,0,0,0,0,0,0
S01008160,Two or more types of central heating,11,1,10,10,0,10,0,0,0,1,1,0
S01008161,All people in households,1035,118,917,923,38,885,80,50,30,32,30,2
S01008161,No central heating,13,3,10,11,1,10,1,1,0,1,1,0
S01008161,Gas central heating,871,102,769,776,35,741,69,43,26,26,24,2
S01008161,Electric (including storage heaters) central heating,26,4,22,22,0,22,3,3,0,1,1,0
S01008161,Oil central heating,99,8,91,89,2,87,6,2,4,4,4,0
S01008161,Solid fuel (for example wood coal) central heating,0,0,0,0,0,0,0,0,0,0,0,0
S01008161,Other central heating,11,0,11,11,0,11,0,0,0,0,0,0
S01008161,Two or more types of central heating,15,1,14,14,0,14,1,1,0,0,0,0
S01008162,All people in households,993,193,800,829,59,770,114,84,30,50,50,0
S01008162,No central heating,6,2,4,3,0,3,3,2,1,0,0,0
S01008162,Gas central heating,928,178,750,775,54,721,108,79,29,45,45,0
S01008162,Electric (including storage heaters) central heating,3,2,1,1,0,1,2,2,0,0,0,0
S01008162,Oil central heating,20,5,15,18,3,15,1,1,0,1,1,0
S01008162,Solid fuel (for example wood coal) central heating,0,0,0,0,0,0,0,0,0,0,0,0
S01008162,Other central heating,6,0,6,6,0,6,0,0,0,0,0,0
S01008162,Two or more types of central heating,30,6,24,26,2,24,0,0,0,4,4,0
S01008163,All people in households,758,195,563,561,45,516,131,87,44,66,63,3
S01008163,No central heating,2,2,0,2,2,0,0,0,0,0,0,0
S01008163,Gas central heating,623,146,477,466,28,438,103,67,36,54,51,3
S01008163,Electric (including storage heaters) central heating,36,16,20,22,4,18,11,9,2,3,3,0
S01008163,Oil central heating,58,16,42,46,7,39,9,6,3,3,3,0
S01008163,Solid fuel (for example wood coal) central heating,12,7,5,5,2,3,4,2,2,3,3,0
S01008163,Other central heating,3,1,2,2,0,2,0,0,0,1,1,0
S01008163,Two or more types of central heating,24,7,17,18,2,16,4,3,1,2,2,0
S01008164,All people in households,650,119,531,543,41,502,66,39,27,41,39,2
S01008164,No central heating,8,2,6,6,0,6,0,0,0,2,2,0
S01008164,Gas central heating,515,99,416,424,33,391,55,31,24,36,35,1
S01008164,Electric (including storage heaters) central heating,76,12,64,66,5,61,8,6,2,2,1,1
S01008164,Oil central heating,5,0,5,5,0,5,0,0,0,0,0,0
S01008164,Solid fuel (for example wood coal) central heating,16,3,13,13,1,12,2,1,1,1,1,0
S01008164,Other central heating,10,0,10,10,0,10,0,0,0,0,0,0
S01008164,Two or more types of central heating,20,3,17,19,2,17,1,1,0,0,0,0
S01008165,All people in households,763,58,705,716,26,690,39,24,15,8,8,0
S01008165,No central heating,0,0,0,0,0,0,0,0,0,0,0,0
S01008165,Gas central heating,659,44,615,621,19,602,31,18,13,7,7,0
S01008165,Electric (including storage heaters) central heating,8,2,6,7,2,5,1,0,1,0,0,0
S01008165,Oil central heating,65,7,58,59,2,57,6,5,1,0,0,0
S01008165,Solid fuel (for example wood coal) central heating,1,0,1,1,0,1,0,0,0,0,0,0
S01008165,Other central heating,10,2,8,10,2,8,0,0,0,0,0,0
S01008165,Two or more types of central heating,20,3,17,18,1,17,1,1,0,1,1,0
S01008166,All people in households,559,124,435,437,31,406,89,60,29,33,33,0
S01008166,No central heating,4,2,2,1,0,1,2,1,1,1,1,0
S01008166,Gas central heating,514,108,406,410,29,381,76,51,25,28,28,0
S01008166,Electric (including storage heaters) central heating,9,5,4,4,0,4,5,5,0,0,0,0
S01008166,Oil central heating,3,0,3,3,0,3,0,0,0,0,0,0
S01008166,Solid fuel (for example wood coal) central heating,15,6,9,9,2,7,4,2,2,2,2,0
S01008166,Other central heating,0,0,0,0,0,0,0,0,0,0,0,0
S01008166,Two or more types of central heating,14,3,11,10,0,10,2,1,1,2,2,0
S01008167,All people in households,724,155,569,579,31,548,91,70,21,54,54,0
S01008167,No central heating,0,0,0,0,0,0,0,0,0,0,0,0
S01008167,Gas central heating,679,145,534,547,31,516,81,63,18,51,51,0
S01008167,Electric (including storage heaters) central heating,17,3,14,12,0,12,4,2,2,1,1,0
S01008167,Oil central heating,0,0,0,0,0,0,0,0,0,0,0,0
S01008167,Solid fuel (for example wood coal) central heating,8,1,7,7,0,7,1,1,0,0,0,0
S01008167,Other central heating,4,1,3,3,0,3,1,1,0,0,0,0
S01008167,Two or more types of central heating,16,5,11,10,0,10,4,3,1,2,2,0
S01008168,All people in households,816,185,631,647,58,589,118,77,41,51,50,1
S01008168,No central heating,8,1,7,4,0,4,3,0,3,1,1,0
S01008168,Gas central heating,753,174,579,598,55,543,106,71,35,49,48,1
S01008168,Electric (including storage heaters) central heating,26,4,22,21,0,21,5,4,1,0,0,0
S01008168,Oil central heating,1,1,0,0,0,0,1,1,0,0,0,0
S01008168,Solid fuel (for example wood coal) central heating,6,4,2,5,3,2,1,1,0,0,0,0
S01008168,Other central heating,3,0,3,3,0,3,0,0,0,0,0,0
S01008168,Two or more types of central heating,19,1,18,16,0,16,2,0,2,1,1,0
S01008169,All people in households,711,153,558,560,31,529,120,91,29,31,31,0
S01008169,No central heating,2,0,2,2,0,2,0,0,0,0,0,0
S01008169,Gas central heating,651,129,522,526,29,497,97,72,25,28,28,0
S01008169,Electric (including storage heaters) central heating,27,14,13,13,1,12,12,11,1,2,2,0
S01008169,Oil central heating,0,0,0,0,0,0,0,0,0,0,0,0
S01008169,Solid fuel (for example wood coal) central heating,19,8,11,11,1,10,8,7,1,0,0,0
S01008169,Other central heating,1,1,0,0,0,0,1,1,0,0,0,0
S01008169,Two or more types of central heating,11,1,10,8,0,8,2,0,2,1,1,0
S01008170,All people in households,575,84,491,498,26,472,57,38,19,20,20,0
S01008170,No central heating,8,2,6,6,0,6,2,2,0,0,0,0
S01008170,Gas central heating,470,69,401,407,21,386,44,29,15,19,19,0
S01008170,Electric (including storage heaters) central heating,75,9,66,68,4,64,7,5,2,0,0,0
S01008170,Oil central heating,0,0,0,0,0,0,0,0,0,0,0,0
S01008170,Solid fuel (for example wood coal) central heating,1,1,0,1,1,0,0,0,0,0,0,0
S01008170,Other central heating,3,0,3,3,0,3,0,0,0,0,0,0
S01008170,Two or more types of central heating,18,3,15,13,0,13,4,2,2,1,1,0
S01008171,All people in households,733,158,575,588,47,541,96,64,32,49,47,2
S01008171,No central heating,11,3,8,8,0,8,3,3,0,0,0,0
S01008171,Gas central heating,635,130,505,521,44,477,75,49,26,39,37,2
S01008171,Electric (including storage heaters) central heating,62,17,45,42,2,40,15,10,5,5,5,0
S01008171,Oil central heating,0,0,0,0,0,0,0,0,0,0,0,0
S01008171,Solid fuel (for example wood coal) central heating,8,3,5,5,1,4,2,1,1,1,1,0
S01008171,Other central heating,0,0,0,0,0,0,0,0,0,0,0,0
S01008171,Two or more types of central heating,17,5,12,12,0,12,1,1,0,4,4,0
S01008172,All people in households,557,101,456,463,30,433,68,45,23,26,26,0
S01008172,No central heating,2,1,1,1,0,1,0,0,0,1,1,0
S01008172,Gas central heating,527,96,431,436,28,408,67,44,23,24,24,0
S01008172,Electric (including storage heaters) central heating,14,2,12,13,1,12,0,0,0,1,1,0
S01008172,Oil central heating,2,1,1,2,1,1,0,0,0,0,0,0
S01008172,Solid fuel (for example wood coal) central heating,0,0,0,0,0,0,0,0,0,0,0,0
S01008172,Other central heating,0,0,0,0,0,0,0,0,0,0,0,0
S01008172,Two or more types of central heating,12,1,11,11,0,11,1,1,0,0,0,0
S01008173,All people in households,664,106,558,571,47,524,78,45,33,15,14,1
S01008173,No central heating,4,1,3,2,0,2,2,1,1,0,0,0
S01008173,Gas central heating,580,79,501,511,38,473,58,31,27,11,10,1
S01008173,Electric (including storage heaters) central heating,63,21,42,47,9,38,12,8,4,4,4,0
S01008173,Oil central heating,4,3,1,1,0,1,3,3,0,0,0,0
S01008173,Solid fuel (for example wood coal) central heating,0,0,0,0,0,0,0,0,0,0,0,0
S01008173,Other central heating,4,0,4,4,0,4,0,0,0,0,0,0
S01008173,Two or more types of central heating,9,2,7,6,0,6,3,2,1,0,0,0
S01008174,All people in households,532,84,448,457,32,425,53,30,23,22,22,0
S01008174,No central heating,6,1,5,5,1,4,1,0,1,0,0,0
S01008174,Gas central heating,474,71,403,408,27,381,47,25,22,19,19,0
S01008174,Electric (including storage heaters) central heating,52,12,40,44,4,40,5,5,0,3,3,0
S01008174,Oil central heating,0,0,0,0,0,0,0,0,0,0,0,0
S01008174,Solid fuel (for example wood coal) central heating,0,0,0,0,0,0,0,0,0,0,0,0
S01008174,Other central heating,0,0,0,0,0,0,0,0,0,0,0,0
S01008174,Two or more types of central heating,0,0,0,0,0,0,0,0,0,0,0,0
S01008175,All people in households,750,119,631,640,35,605,71,46,25,39,38,1
S01008175,No central heating,29,5,24,26,3,23,1,0,1,2,2,0
S01008175,Gas central heating,601,99,502,507,29,478,60,37,23,34,33,1
S01008175,Electric (including storage heaters) central heating,96,12,84,87,3,84,7,7,0,2,2,0
S01008175,Oil central heating,3,0,3,3,0,3,0,0,0,0,0,0
S01008175,Solid fuel (for example wood coal) central heating,0,0,0,0,0,0,0,0,0,0,0,0
S01008175,Other central heating,0,0,0,0,0,0,0,0,0,0,0,0
S01008175,Two or more types of central heating,21,3,18,17,0,17,3,2,1,1,1,0
S01008176,All people in households,727,94,633,657,40,617,48,32,16,22,22,0
S01008176,No central heating,9,3,6,6,0,6,2,2,0,1,1,0
S01008176,Gas central heating,642,76,566,587,36,551,38,23,15,17,17,0
S01008176,Electric (including storage heaters) central heating,57,14,43,46,3,43,7,7,0,4,4,0
S01008176,Oil central heating,0,0,0,0,0,0,0,0,0,0,0,0
S01008176,Solid fuel (for example wood coal) central heating,0,0,0,0,0,0,0,0,0,0,0,0
S01008176,Other central heating,4,0,4,4,0,4,0,0,0,0,0,0
S01008176,Two or more types of central heating,15,1,14,14,1,13,1,0,1,0,0,0
S01008177,All people in households,776,181,595,607,47,560,124,91,33,45,43,2
S01008177,No central heating,14,2,12,11,1,10,3,1,2,0,0,0
S01008177,Gas central heating,632,137,495,501,34,467,94,68,26,37,35,2
S01008177,Electric (including storage heaters) central heating,120,38,82,88,11,77,25,20,5,7,7,0
S01008177,Oil central heating,0,0,0,0,0,0,0,0,0,0,0,0
S01008177,Solid fuel (for example wood coal) central heating,1,1,0,0,0,0,1,1,0,0,0,0
S01008177,Other central heating,0,0,0,0,0,0,0,0,0,0,0,0
S01008177,Two or more types of central heating,9,3,6,7,1,6,1,1,0,1,1,0
S01008178,All people in households,640,102,538,556,36,520,59,41,18,25,25,0
S01008178,No central heating,18,3,15,16,1,15,1,1,0,1,1,0
S01008178,Gas central heating,557,86,471,488,33,455,50,34,16,19,19,0
S01008178,Electric (including storage heaters) central heating,55,8,47,47,1,46,4,3,1,4,4,0
S01008178,Oil central heating,0,0,0,0,0,0,0,0,0,0,0,0
S01008178,Solid fuel (for example wood coal) central heating,6,5,1,1,1,0,4,3,1,1,1,0
S01008178,Other central heating,0,0,0,0,0,0,0,0,0,0,0,0
S01008178,Two or more types of central heating,4,0,4,4,0,4,0,0,0,0,0,0
S01008179,All people in households,512,51,461,477,22,455,29,23,6,6,6,0
S01008179,No central heating,2,0,2,2,0,2,0,0,0,0,0,0
S01008179,Gas central heating,494,47,447,462,21,441,27,21,6,5,5,0
S01008179,Electric (including storage heaters) central heating,4,2,2,2,0,2,1,1,0,1,1,0
S01008179,Oil central heating,0,0,0,0,0,0,0,0,0,0,0,0
S01008179,Solid fuel (for example wood coal) central heating,4,1,3,4,1,3,0,0,0,0,0,0
S01008179,Other central heating,0,0,0,0,0,0,0,0,0,0,0,0
S01008179,Two or more types of central heating,8,1,7,7,0,7,1,1,0,0,0,0
S01008180,All people in households,473,41,432,441,16,425,22,15,7,10,10,0
S01008180,No central heating,2,0,2,2,0,2,0,0,0,0,0,0
S01008180,Gas central heating,465,40,425,434,16,418,21,14,7,10,10,0
S01008180,Electric (including storage heaters) central heating,6,1,5,5,0,5,1,1,0,0,0,0
S01008180,Oil central heating,0,0,0,0,0,0,0,0,0,0,0,0
S01008180,Solid fuel (for example wood coal) central heating,0,0,0,0,0,0,0,0,0,0,0,0
S01008180,Other central heating,0,0,0,0,0,0,0,0,0,0,0,0
S01008180,Two or more types of central heating,0,0,0,0,0,0,0,0,0,0,0,0
S01008181,All people in households,678,119,559,573,41,532,80,54,26,25,24,1
S01008181,No central heating,5,1,4,4,0,4,0,0,0,1,1,0
S01008181,Gas central heating,647,112,535,547,39,508,77,51,26,23,22,1
S01008181,Electric (including storage heaters) central heating,14,4,10,12,2,10,1,1,0,1,1,0
S01008181,Oil central heating,0,0,0,0,0,0,0,0,0,0,0,0
S01008181,Solid fuel (for example wood coal) central heating,0,0,0,0,0,0,0,0,0,0,0,0
S01008181,Other central heating,4,1,3,3,0,3,1,1,0,0,0,0
S01008181,Two or more types of central heating,8,1,7,7,0,7,1,1,0,0,0,0
S01008182,All people in households,924,183,741,740,55,685,133,77,56,51,51,0
S01008182,No central heating,66,17,49,57,9,48,7,6,1,2,2,0
S01008182,Gas central heating,723,138,585,580,40,540,100,55,45,43,43,0
S01008182,Electric (including storage heaters) central heating,118,26,92,88,5,83,24,15,9,6,6,0
S01008182,Oil central heating,2,0,2,2,0,2,0,0,0,0,0,0
S01008182,Solid fuel (for example wood coal) central heating,0,0,0,0,0,0,0,0,0,0,0,0
S01008182,Other central heating,1,0,1,1,0,1,0,0,0,0,0,0
S01008182,Two or more types of central heating,14,2,12,12,1,11,2,1,1,0,0,0
S01008183,All people in households,642,93,549,569,40,529,60,40,20,13,13,0
S01008183,No central heating,27,6,21,20,1,19,5,3,2,2,2,0
S01008183,Gas central heating,513,75,438,457,34,423,45,30,15,11,11,0
S01008183,Electric (including storage heaters) central heating,99,12,87,89,5,84,10,7,3,0,0,0
S01008183,Oil central heating,0,0,0,0,0,0,0,0,0,0,0,0
S01008183,Solid fuel (for example wood coal) central heating,1,0,1,1,0,1,0,0,0,0,0,0
S01008183,Other central heating,0,0,0,0,0,0,0,0,0,0,0,0
S01008183,Two or more types of central heating,2,0,2,2,0,2,0,0,0,0,0,0
S01008184,All people in households,798,213,585,603,67,536,139,91,48,56,55,1
S01008184,No central heating,22,3,19,20,2,18,2,1,1,0,0,0
S01008184,Gas central heating,590,136,454,472,49,423,84,54,30,34,33,1
S01008184,Electric (including storage heaters) central heating,170,67,103,100,14,86,50,33,17,20,20,0
S01008184,Oil central heating,7,2,5,5,0,5,2,2,0,0,0,0
S01008184,Solid fuel (for example wood coal) central heating,1,0,1,1,0,1,0,0,0,0,0,0
S01008184,Other central heating,4,4,0,1,1,0,1,1,0,2,2,0
S01008184,Two or more types of central heating,4,1,3,4,1,3,0,0,0,0,0,0
S01008185,All people in households,1012,236,776,805,76,729,131,86,45,76,74,2
S01008185,No central heating,31,7,24,27,6,21,3,0,3,1,1,0
S01008185,Gas central heating,787,177,610,632,54,578,97,66,31,58,57,1
S01008185,Electric (including storage heaters) central heating,178,45,133,135,14,121,29,18,11,14,13,1
S01008185,Oil central heating,0,0,0,0,0,0,0,0,0,0,0,0
S01008185,Solid fuel (for example wood coal) central heating,4,3,1,3,2,1,1,1,0,0,0,0
S01008185,Other central heating,0,0,0,0,0,0,0,0,0,0,0,0
S01008185,Two or more types of central heating,12,4,8,8,0,8,1,1,0,3,3,0
S01008186,All people in households,628,123,505,514,37,477,84,56,28,30,30,0
S01008186,No central heating,27,4,23,24,2,22,3,2,1,0,0,0
S01008186,Gas central heating,403,70,333,335,16,319,48,34,14,20,20,0
S01008186,Electric (including storage heaters) central heating,188,48,140,145,18,127,33,20,13,10,10,0
S01008186,Oil central heating,0,0,0,0,0,0,0,0,0,0,0,0
S01008186,Solid fuel (for example wood coal) central heating,2,0,2,2,0,2,0,0,0,0,0,0
S01008186,Other central heating,0,0,0,0,0,0,0,0,0,0,0,0
S01008186,Two or more types of central heating,8,1,7,8,1,7,0,0,0,0,0,0
S01008187,All people in households,617,133,484,502,41,461,67,45,22,48,47,1
S01008187,No central heating,10,2,8,9,1,8,1,1,0,0,0,0
S01008187,Gas central heating,531,119,412,431,37,394,53,36,17,47,46,1
S01008187,Electric (including storage heaters) central heating,64,10,54,52,3,49,12,7,5,0,0,0
S01008187,Oil central heating,0,0,0,0,0,0,0,0,0,0,0,0
S01008187,Solid fuel (for example wood coal) central heating,3,0,3,3,0,3,0,0,0,0,0,0
S01008187,Other central heating,0,0,0,0,0,0,0,0,0,0,0,0
S01008187,Two or more types of central heating,9,2,7,7,0,7,1,1,0,1,1,0
S01008188,All people in households,920,241,679,702,63,639,149,111,38,69,67,2
S01008188,No central heating,19,6,13,13,1,12,4,3,1,2,2,0
S01008188,Gas central heating,755,188,567,583,49,534,118,86,32,54,53,1
S01008188,Electric (including storage heaters) central heating,104,32,72,75,7,68,19,15,4,10,10,0
S01008188,Oil central heating,3,0,3,3,0,3,0,0,0,0,0,0
S01008188,Solid fuel (for example wood coal) central heating,3,0,3,3,0,3,0,0,0,0,0,0
S01008188,Other central heating,14,6,8,11,3,8,3,3,0,0,0,0
S01008188,Two or more types of central heating,22,9,13,14,3,11,5,4,1,3,2,1
S01008189,All people in households,565,108,457,470,39,431,54,29,25,41,40,1
S01008189,No central heating,10,4,6,6,0,6,0,0,0,4,4,0
S01008189,Gas central heating,464,85,379,389,30,359,44,25,19,31,30,1
S01008189,Electric (including storage heaters) central heating,78,16,62,64,7,57,9,4,5,5,5,0
S01008189,Oil central heating,2,0,2,2,0,2,0,0,0,0,0,0
S01008189,Solid fuel (for example wood coal) central heating,0,0,0,0,0,0,0,0,0,0,0,0
S01008189,Other central heating,0,0,0,0,0,0,0,0,0,0,0,0
S01008189,Two or more types of central heating,11,3,8,9,2,7,1,0,1,1,1,0
S01008190,All people in households,877,194,683,689,61,628,147,94,53,41,39,2
S01008190,No central heating,3,0,3,3,0,3,0,0,0,0,0,0
S01008190,Gas central heating,830,178,652,655,55,600,136,86,50,39,37,2
S01008190,Electric (including storage heaters) central heating,20,7,13,14,1,13,4,4,0,2,2,0
S01008190,Oil central heating,0,0,0,0,0,0,0,0,0,0,0,0
S01008190,Solid fuel (for example wood coal) central heating,10,2,8,7,1,6,3,1,2,0,0,0
S01008190,Other central heating,1,0,1,1,0,1,0,0,0,0,0,0
S01008190,Two or more types of central heating,13,7,6,9,4,5,4,3,1,0,0,0
S01008191,All people in households,478,103,375,399,41,358,60,43,17,19,19,0
S01008191,No central heating,17,7,10,15,5,10,1,1,0,1,1,0
S01008191,Gas central heating,444,92,352,370,35,335,57,40,17,17,17,0
S01008191,Electric (including storage heaters) central heating,7,3,4,5,1,4,1,1,0,1,1,0
S01008191,Oil central heating,3,0,3,3,0,3,0,0,0,0,0,0
S01008191,Solid fuel (for example wood coal) central heating,1,1,0,0,0,0,1,1,0,0,0,0
S01008191,Other central heating,0,0,0,0,0,0,0,0,0,0,0,0
S01008191,Two or more types of central heating,6,0,6,6,0,6,0,0,0,0,0,0
S01008192,All people in households,773,156,617,643,53,590,83,58,25,47,45,2
S01008192,No central heating,15,2,13,14,2,12,0,0,0,1,0,1
S01008192,Gas central heating,687,140,547,567,44,523,76,53,23,44,43,1
S01008192,Electric (including storage heaters) central heating,48,9,39,42,5,37,5,3,2,1,1,0
S01008192,Oil central heating,3,0,3,3,0,3,0,0,0,0,0,0
S01008192,Solid fuel (for example wood coal) central heating,6,1,5,6,1,5,0,0,0,0,0,0
S01008192,Other central heating,0,0,0,0,0,0,0,0,0,0,0,0
S01008192,Two or more types of central heating,14,4,10,11,1,10,2,2,0,1,1,0
S01008193,All people in households,790,127,663,689,51,638,69,45,24,32,31,1
S01008193,No central heating,2,0,2,2,0,2,0,0,0,0,0,0
S01008193,Gas central heating,721,106,615,632,39,593,61,40,21,28,27,1
S01008193,Electric (including storage heaters) central heating,51,17,34,44,12,32,6,4,2,1,1,0
S01008193,Oil central heating,0,0,0,0,0,0,0,0,0,0,0,0
S01008193,Solid fuel (for example wood coal) central heating,2,1,1,1,0,1,0,0,0,1,1,0
S01008193,Other central heating,2,0,2,1,0,1,1,0,1,0,0,0
S01008193,Two or more types of central heating,12,3,9,9,0,9,1,1,0,2,2,0
S01008194,All people in households,584,105,479,469,18,451,89,62,27,26,25,1
S01008194,No central heating,5,5,0,0,0,0,1,1,0,4,4,0
S01008194,Gas central heating,546,84,462,449,15,434,80,53,27,17,16,1
S01008194,Electric (including storage heaters) central heating,26,15,11,14,3,11,8,8,0,4,4,0
S01008194,Oil central heating,0,0,0,0,0,0,0,0,0,0,0,0
S01008194,Solid fuel (for example wood coal) central heating,0,0,0,0,0,0,0,0,0,0,0,0
S01008194,Other central heating,0,0,0,0,0,0,0,0,0,0,0,0
S01008194,Two or more types of central heating,7,1,6,6,0,6,0,0,0,1,1,0
S01008195,All people in households,796,133,663,661,26,635,85,60,25,50,47,3
S01008195,No central heating,2,0,2,2,0,2,0,0,0,0,0,0
S01008195,Gas central heating,744,127,617,617,25,592,80,58,22,47,44,3
S01008195,Electric (including storage heaters) central heating,15,2,13,12,1,11,2,0,2,1,1,0
S01008195,Oil central heating,3,0,3,3,0,3,0,0,0,0,0,0
S01008195,Solid fuel (for example wood coal) central heating,8,2,6,6,0,6,1,1,0,1,1,0
S01008195,Other central heating,5,0,5,5,0,5,0,0,0,0,0,0
S01008195,Two or more types of central heating,19,2,17,16,0,16,2,1,1,1,1,0
S01008196,All people in households,796,163,633,656,54,602,103,72,31,37,37,0
S01008196,No central heating,11,3,8,10,2,8,1,1,0,0,0,0
S01008196,Gas central heating,669,135,534,555,46,509,80,55,25,34,34,0
S01008196,Electric (including storage heaters) central heating,89,22,67,68,5,63,18,14,4,3,3,0
S01008196,Oil central heating,0,0,0,0,0,0,0,0,0,0,0,0
S01008196,Solid fuel (for example wood coal) central heating,0,0,0,0,0,0,0,0,0,0,0,0
S01008196,Other central heating,0,0,0,0,0,0,0,0,0,0,0,0
S01008196,Two or more types of central heating,27,3,24,23,1,22,4,2,2,0,0,0
S01008197,All people in households,940,80,860,871,36,835,47,22,25,22,22,0
S01008197,No central heating,1,0,1,1,0,1,0,0,0,0,0,0
S01008197,Gas central heating,919,74,845,852,31,821,46,22,24,21,21,0
S01008197,Electric (including storage heaters) central heating,11,6,5,9,5,4,1,0,1,1,1,0
S01008197,Oil central heating,0,0,0,0,0,0,0,0,0,0,0,0
S01008197,Solid fuel (for example wood coal) central heating,3,0,3,3,0,3,0,0,0,0,0,0
S01008197,Other central heating,0,0,0,0,0,0,0,0,0,0,0,0
S01008197,Two or more types of central heating,6,0,6,6,0,6,0,0,0,0,0,0
S01008198,All people in households,693,143,550,552,39,513,98,63,35,43,41,2
S01008198,No central heating,1,0,1,1,0,1,0,0,0,0,0,0
S01008198,Gas central heating,656,134,522,525,37,488,89,57,32,42,40,2
S01008198,Electric (including storage heaters) central heating,15,3,12,12,1,11,3,2,1,0,0,0
S01008198,Oil central heating,0,0,0,0,0,0,0,0,0,0,0,0
S01008198,Solid fuel (for example wood coal) central heating,3,2,1,1,1,0,2,1,1,0,0,0
S01008198,Other central heating,0,0,0,0,0,0,0,0,0,0,0,0
S01008198,Two or more types of central heating,18,4,14,13,0,13,4,3,1,1,1,0
S01008199,All people in households,776,185,591,597,48,549,111,71,40,68,66,2
S01008199,No central heating,3,0,3,2,0,2,1,0,1,0,0,0
S01008199,Gas central heating,742,179,563,572,46,526,105,70,35,65,63,2
S01008199,Electric (including storage heaters) central heating,13,5,8,7,2,5,4,1,3,2,2,0
S01008199,Oil central heating,0,0,0,0,0,0,0,0,0,0,0,0
S01008199,Solid fuel (for example wood coal) central heating,0,0,0,0,0,0,0,0,0,0,0,0
S01008199,Other central heating,0,0,0,0,0,0,0,0,0,0,0,0
S01008199,Two or more types of central heating,18,1,17,16,0,16,1,0,1,1,1,0
S01008200,All people in households,628,175,453,462,46,416,101,66,35,65,63,2
S01008200,No central heating,3,3,0,0,0,0,2,2,0,1,1,0
S01008200,Gas central heating,535,148,387,399,41,358,82,55,27,54,52,2
S01008200,Electric (including storage heaters) central heating,73,22,51,50,5,45,14,8,6,9,9,0
S01008200,Oil central heating,0,0,0,0,0,0,0,0,0,0,0,0
S01008200,Solid fuel (for example wood coal) central heating,0,0,0,0,0,0,0,0,0,0,0,0
S01008200,Other central heating,1,0,1,1,0,1,0,0,0,0,0,0
S01008200,Two or more types of central heating,16,2,14,12,0,12,3,1,2,1,1,0
S01008201,All people in households,797,201,596,612,56,556,109,72,37,76,73,3
S01008201,No central heating,3,0,3,2,0,2,1,0,1,0,0,0
S01008201,Gas central heating,765,187,578,595,55,540,101,66,35,69,66,3
S01008201,Electric (including storage heaters) central heating,8,4,4,4,0,4,0,0,0,4,4,0
S01008201,Oil central heating,0,0,0,0,0,0,0,0,0,0,0,0
S01008201,Solid fuel (for example wood coal) central heating,8,5,3,3,0,3,3,3,0,2,2,0
S01008201,Other central heating,0,0,0,0,0,0,0,0,0,0,0,0
S01008201,Two or more types of central heating,13,5,8,8,1,7,4,3,1,1,1,0
S01008202,All people in households,567,143,424,437,37,400,86,62,24,44,44,0
S01008202,No central heating,4,0,4,3,0,3,1,0,1,0,0,0
S01008202,Gas central heating,449,119,330,344,31,313,69,52,17,36,36,0
S01008202,Electric (including storage heaters) central heating,92,19,73,71,2,69,13,9,4,8,8,0
S01008202,Oil central heating,7,0,7,7,0,7,0,0,0,0,0,0
S01008202,Solid fuel (for example wood coal) central heating,2,0,2,2,0,2,0,0,0,0,0,0
S01008202,Other central heating,0,0,0,0,0,0,0,0,0,0,0,0
S01008202,Two or more types of central heating,13,5,8,10,4,6,3,1,2,0,0,0
S01008203,All people in households,556,121,435,432,31,401,91,58,33,33,32,1
S01008203,No central heating,14,3,11,11,2,9,3,1,2,0,0,0
S01008203,Gas central heating,404,84,320,317,21,296,64,41,23,23,22,1
S01008203,Electric (including storage heaters) central heating,124,29,95,96,8,88,19,12,7,9,9,0
S01008203,Oil central heating,0,0,0,0,0,0,0,0,0,0,0,0
S01008203,Solid fuel (for example wood coal) central heating,2,2,0,0,0,0,2,2,0,0,0,0
S01008203,Other central heating,1,0,1,0,0,0,1,0,1,0,0,0
S01008203,Two or more types of central heating,11,3,8,8,0,8,2,2,0,1,1,0
S01008204,All people in households,875,301,574,589,66,523,195,147,48,91,88,3
S01008204,No central heating,2,2,0,0,0,0,2,2,0,0,0,0
S01008204,Gas central heating,824,280,544,556,61,495,181,135,46,87,84,3
S01008204,Electric (including storage heaters) central heating,36,10,26,28,4,24,5,3,2,3,3,0
S01008204,Oil central heating,2,1,1,2,1,1,0,0,0,0,0,0
S01008204,Solid fuel (for example wood coal) central heating,5,3,2,2,0,2,3,3,0,0,0,0
S01008204,Other central heating,1,1,0,0,0,0,1,1,0,0,0,0
S01008204,Two or more types of central heating,5,4,1,1,0,1,3,3,0,1,1,0
S01008205,All people in households,680,149,531,537,48,489,102,63,39,41,38,3
S01008205,No central heating,7,0,7,6,0,6,0,0,0,1,0,1
S01008205,Gas central heating,618,139,479,483,42,441,98,62,36,37,35,2
S01008205,Electric (including storage heaters) central heating,31,5,26,27,3,24,2,0,2,2,2,0
S01008205,Oil central heating,0,0,0,0,0,0,0,0,0,0,0,0
S01008205,Solid fuel (for example wood coal) central heating,8,1,7,7,1,6,1,0,1,0,0,0
S01008205,Other central heating,0,0,0,0,0,0,0,0,0,0,0,0
S01008205,Two or more types of central heating,16,4,12,14,2,12,1,1,0,1,1,0
S01008206,All people in households,654,173,481,483,44,439,123,82,41,48,47,1
S01008206,No central heating,4,1,3,3,0,3,0,0,0,1,1,0
S01008206,Gas central heating,611,165,446,448,43,405,117,77,40,46,45,1
S01008206,Electric (including storage heaters) central heating,16,5,11,11,1,10,4,3,1,1,1,0
S01008206,Oil central heating,0,0,0,0,0,0,0,0,0,0,0,0
S01008206,Solid fuel (for example wood coal) central heating,5,1,4,4,0,4,1,1,0,0,0,0
S01008206,Other central heating,0,0,0,0,0,0,0,0,0,0,0,0
S01008206,Two or more types of central heating,18,1,17,17,0,17,1,1,0,0,0,0
S01008207,All people in households,618,106,512,516,33,483,72,44,28,30,29,1
S01008207,No central heating,0,0,0,0,0,0,0,0,0,0,0,0
S01008207,Gas central heating,571,102,469,474,31,443,68,43,25,29,28,1
S01008207,Electric (including storage heaters) central heating,17,2,15,14,1,13,2,0,2,1,1,0
S01008207,Oil central heating,0,0,0,0,0,0,0,0,0,0,0,0
S01008207,Solid fuel (for example wood coal) central heating,0,0,0,0,0,0,0,0,0,0,0,0
S01008207,Other central heating,0,0,0,0,0,0,0,0,0,0,0,0
S01008207,Two or more types of central heating,30,2,28,28,1,27,2,1,1,0,0,0
S01008208,All people in households,793,98,695,711,40,671,56,35,21,26,23,3
S01008208,No central heating,0,0,0,0,0,0,0,0,0,0,0,0
S01008208,Gas central heating,755,96,659,676,39,637,56,35,21,23,22,1
S01008208,Electric (including storage heaters) central heating,24,2,22,21,1,20,0,0,0,3,1,2
S01008208,Oil central heating,2,0,2,2,0,2,0,0,0,0,0,0
S01008208,Solid fuel (for example wood coal) central heating,0,0,0,0,0,0,0,0,0,0,0,0
S01008208,Other central heating,0,0,0,0,0,0,0,0,0,0,0,0
S01008208,Two or more types of central heating,12,0,12,12,0,12,0,0,0,0,0,0
S01008209,All people in households,563,49,514,524,24,500,31,19,12,8,6,2
S01008209,No central heating,0,0,0,0,0,0,0,0,0,0,0,0
S01008209,Gas central heating,555,49,506,516,24,492,31,19,12,8,6,2
S01008209,Electric (including storage heaters) central heating,0,0,0,0,0,0,0,0,0,0,0,0
S01008209,Oil central heating,0,0,0,0,0,0,0,0,0,0,0,0
S01008209,Solid fuel (for example wood coal) central heating,0,0,0,0,0,0,0,0,0,0,0,0
S01008209,Other central heating,0,0,0,0,0,0,0,0,0,0,0,0
S01008209,Two or more types of central heating,8,0,8,8,0,8,0,0,0,0,0,0
S01008210,All people in households,935,200,735,744,62,682,137,85,52,54,53,1
S01008210,No central heating,13,4,9,7,2,5,6,2,4,0,0,0
S01008210,Gas central heating,872,186,686,698,58,640,123,78,45,51,50,1
S01008210,Electric (including storage heaters) central heating,16,2,14,12,0,12,3,1,2,1,1,0
S01008210,Oil central heating,0,0,0,0,0,0,0,0,0,0,0,0
S01008210,Solid fuel (for example wood coal) central heating,4,2,2,2,0,2,1,1,0,1,1,0
S01008210,Other central heating,8,1,7,8,1,7,0,0,0,0,0,0
S01008210,Two or more types of central heating,22,5,17,17,1,16,4,3,1,1,1,0
S01008211,All people in households,887,191,696,714,56,658,113,76,37,60,59,1
S01008211,No central heating,19,5,14,13,1,12,5,3,2,1,1,0
S01008211,Gas central heating,807,160,647,659,47,612,94,60,34,54,53,1
S01008211,Electric (including storage heaters) central heating,48,20,28,31,4,27,12,11,1,5,5,0
S01008211,Oil central heating,0,0,0,0,0,0,0,0,0,0,0,0
S01008211,Solid fuel (for example wood coal) central heating,3,1,2,3,1,2,0,0,0,0,0,0
S01008211,Other central heating,3,1,2,3,1,2,0,0,0,0,0,0
S01008211,Two or more types of central heating,7,4,3,5,2,3,2,2,0,0,0,0
S01008212,All people in households,583,57,526,538,27,511,38,23,15,7,7,0
S01008212,No central heating,0,0,0,0,0,0,0,0,0,0,0,0
S01008212,Gas central heating,569,55,514,527,27,500,35,21,14,7,7,0
S01008212,Electric (including storage heaters) central heating,7,2,5,4,0,4,3,2,1,0,0,0
S01008212,Oil central heating,2,0,2,2,0,2,0,0,0,0,0,0
S01008212,Solid fuel (for example wood coal) central heating,2,0,2,2,0,2,0,0,0,0,0,0
S01008212,Other central heating,0,0,0,0,0,0,0,0,0,0,0,0
S01008212,Two or more types of central heating,3,0,3,3,0,3,0,0,0,0,0,0
S01008213,All people in households,1029,115,914,932,46,886,72,44,28,25,25,0
S01008213,No central heating,6,0,6,6,0,6,0,0,0,0,0,0
S01008213,Gas central heating,986,107,879,896,43,853,66,40,26,24,24,0
S01008213,Electric (including storage heaters) central heating,26,7,19,20,3,17,6,4,2,0,0,0
S01008213,Oil central heating,0,0,0,0,0,0,0,0,0,0,0,0
S01008213,Solid fuel (for example wood coal) central heating,0,0,0,0,0,0,0,0,0,0,0,0
S01008213,Other central heating,0,0,0,0,0,0,0,0,0,0,0,0
S01008213,Two or more types of central heating,11,1,10,10,0,10,0,0,0,1,1,0
S01008214,All people in households,704,217,487,513,51,462,125,101,24,66,65,1
S01008214,No central heating,4,1,3,3,0,3,1,1,0,0,0,0
S01008214,Gas central heating,625,192,433,458,45,413,105,86,19,62,61,1
S01008214,Electric (including storage heaters) central heating,55,20,35,35,5,30,17,12,5,3,3,0
S01008214,Oil central heating,4,0,4,4,0,4,0,0,0,0,0,0
S01008214,Solid fuel (for example wood coal) central heating,4,0,4,4,0,4,0,0,0,0,0,0
S01008214,Other central heating,0,0,0,0,0,0,0,0,0,0,0,0
S01008214,Two or more types of central heating,12,4,8,9,1,8,2,2,0,1,1,0
S01008215,All people in households,735,135,600,605,41,564,92,58,34,38,36,2
S01008215,No central heating,14,2,12,12,0,12,1,1,0,1,1,0
S01008215,Gas central heating,630,119,511,514,34,480,84,55,29,32,30,2
S01008215,Electric (including storage heaters) central heating,84,11,73,73,5,68,6,1,5,5,5,0
S01008215,Oil central heating,0,0,0,0,0,0,0,0,0,0,0,0
S01008215,Solid fuel (for example wood coal) central heating,0,0,0,0,0,0,0,0,0,0,0,0
S01008215,Other central heating,0,0,0,0,0,0,0,0,0,0,0,0
S01008215,Two or more types of central heating,7,3,4,6,2,4,1,1,0,0,0,0
S01008216,All people in households,515,80,435,460,39,421,41,28,13,14,13,1
S01008216,No central heating,4,3,1,3,2,1,1,1,0,0,0,0
S01008216,Gas central heating,497,69,428,449,35,414,38,25,13,10,9,1
S01008216,Electric (including storage heaters) central heating,12,8,4,6,2,4,2,2,0,4,4,0
S01008216,Oil central heating,0,0,0,0,0,0,0,0,0,0,0,0
S01008216,Solid fuel (for example wood coal) central heating,0,0,0,0,0,0,0,0,0,0,0,0
S01008216,Other central heating,0,0,0,0,0,0,0,0,0,0,0,0
S01008216,Two or more types of central heating,2,0,2,2,0,2,0,0,0,0,0,0
S01008217,All people in households,557,74,483,499,30,469,44,30,14,14,14,0
S01008217,No central heating,4,2,2,3,1,2,0,0,0,1,1,0
S01008217,Gas central heating,489,57,432,442,22,420,37,25,12,10,10,0
S01008217,Electric (including storage heaters) central heating,21,7,14,17,4,13,4,3,1,0,0,0
S01008217,Oil central heating,31,5,26,28,2,26,1,1,0,2,2,0
S01008217,Solid fuel (for example wood coal) central heating,3,0,3,3,0,3,0,0,0,0,0,0
S01008217,Other central heating,5,3,2,2,1,1,2,1,1,1,1,0
S01008217,Two or more types of central heating,4,0,4,4,0,4,0,0,0,0,0,0
S01008218,All people in households,1077,104,973,985,43,942,70,40,30,22,21,1
S01008218,No central heating,11,3,8,7,0,7,3,2,1,1,1,0
S01008218,Gas central heating,993,88,905,913,37,876,61,33,28,19,18,1
S01008218,Electric (including storage heaters) central heating,9,2,7,8,1,7,1,1,0,0,0,0
S01008218,Oil central heating,26,4,22,23,1,22,3,3,0,0,0,0
S01008218,Solid fuel (for example wood coal) central heating,9,2,7,8,1,7,0,0,0,1,1,0
S01008218,Other central heating,7,3,4,6,2,4,0,0,0,1,1,0
S01008218,Two or more types of central heating,22,2,20,20,1,19,2,1,1,0,0,0
S01008219,All people in households,933,164,769,778,48,730,104,66,38,51,50,1
S01008219,No central heating,7,2,5,5,0,5,0,0,0,2,2,0
S01008219,Gas central heating,814,121,693,701,40,661,78,46,32,35,35,0
S01008219,Electric (including storage heaters) central heating,82,30,52,52,5,47,19,15,4,11,10,1
S01008219,Oil central heating,5,3,2,3,1,2,1,1,0,1,1,0
S01008219,Solid fuel (for example wood coal) central heating,14,4,10,8,0,8,4,2,2,2,2,0
S01008219,Other central heating,2,1,1,2,1,1,0,0,0,0,0,0
S01008219,Two or more types of central heating,9,3,6,7,1,6,2,2,0,0,0,0
S01008220,All people in households,644,125,519,538,50,488,77,47,30,29,28,1
S01008220,No central heating,0,0,0,0,0,0,0,0,0,0,0,0
S01008220,Gas central heating,618,116,502,519,47,472,74,45,29,25,24,1
S01008220,Electric (including storage heaters) central heating,13,4,9,10,1,9,2,2,0,1,1,0
S01008220,Oil central heating,3,1,2,3,1,2,0,0,0,0,0,0
S01008220,Solid fuel (for example wood coal) central heating,2,1,1,2,1,1,0,0,0,0,0,0
S01008220,Other central heating,0,0,0,0,0,0,0,0,0,0,0,0
S01008220,Two or more types of central heating,8,3,5,4,0,4,1,0,1,3,3,0
S01008221,All people in households,718,121,597,582,36,546,106,56,50,30,29,1
S01008221,No central heating,4,1,3,2,0,2,1,0,1,1,1,0
S01008221,Gas central heating,684,116,568,556,34,522,100,55,45,28,27,1
S01008221,Electric (including storage heaters) central heating,17,1,16,15,1,14,2,0,2,0,0,0
S01008221,Oil central heating,0,0,0,0,0,0,0,0,0,0,0,0
S01008221,Solid fuel (for example wood coal) central heating,0,0,0,0,0,0,0,0,0,0,0,0
S01008221,Other central heating,0,0,0,0,0,0,0,0,0,0,0,0
S01008221,Two or more types of central heating,13,3,10,9,1,8,3,1,2,1,1,0
S01008222,All people in households,641,160,481,497,41,456,97,72,25,47,47,0
S01008222,No central heating,0,0,0,0,0,0,0,0,0,0,0,0
S01008222,Gas central heating,589,151,438,453,39,414,92,68,24,44,44,0
S01008222,Electric (including storage heaters) central heating,24,4,20,21,1,20,2,2,0,1,1,0
S01008222,Oil central heating,6,1,5,5,0,5,0,0,0,1,1,0
S01008222,Solid fuel (for example wood coal) central heating,7,3,4,4,0,4,2,2,0,1,1,0
S01008222,Other central heating,2,1,1,2,1,1,0,0,0,0,0,0
S01008222,Two or more types of central heating,13,0,13,12,0,12,1,0,1,0,0,0
S01008223,All people in households,597,189,408,444,52,392,101,85,16,52,52,0
S01008223,No central heating,0,0,0,0,0,0,0,0,0,0,0,0
S01008223,Gas central heating,536,163,373,407,46,361,83,71,12,46,46,0
S01008223,Electric (including storage heaters) central heating,25,13,12,10,2,8,11,7,4,4,4,0
S01008223,Oil central heating,12,4,8,11,3,8,1,1,0,0,0,0
S01008223,Solid fuel (for example wood coal) central heating,9,2,7,7,0,7,2,2,0,0,0,0
S01008223,Other central heating,2,1,1,1,0,1,1,1,0,0,0,0
S01008223,Two or more types of central heating,13,6,7,8,1,7,3,3,0,2,2,0
S01008224,All people in households,907,144,763,777,51,726,101,64,37,29,29,0
S01008224,No central heating,24,2,22,21,1,20,3,1,2,0,0,0
S01008224,Gas central heating,861,132,729,742,47,695,95,61,34,24,24,0
S01008224,Electric (including storage heaters) central heating,14,6,8,11,3,8,1,1,0,2,2,0
S01008224,Oil central heating,1,1,0,0,0,0,1,1,0,0,0,0
S01008224,Solid fuel (for example wood coal) central heating,2,0,2,1,0,1,1,0,1,0,0,0
S01008224,Other central heating,3,3,0,0,0,0,0,0,0,3,3,0
S01008224,Two or more types of central heating,2,0,2,2,0,2,0,0,0,0,0,0
S01008225,All people in households,714,124,590,606,38,568,77,56,21,31,30,1
S01008225,No central heating,0,0,0,0,0,0,0,0,0,0,0,0
S01008225,Gas central heating,659,112,547,558,31,527,73,53,20,28,28,0
S01008225,Electric (including storage heaters) central heating,35,5,30,32,3,29,3,2,1,0,0,0
S01008225,Oil central heating,2,0,2,2,0,2,0,0,0,0,0,0
S01008225,Solid fuel (for example wood coal) central heating,4,0,4,4,0,4,0,0,0,0,0,0
S01008225,Other central heating,0,0,0,0,0,0,0,0,0,0,0,0
S01008225,Two or more types of central heating,14,7,7,10,4,6,1,1,0,3,2,1
S01008226,All people in households,755,233,522,564,75,489,117,87,30,74,71,3
S01008226,No central heating,7,2,5,5,0,5,0,0,0,2,2,0
S01008226,Gas central heating,650,197,453,485,57,428,100,78,22,65,62,3
S01008226,Electric (including storage heaters) central heating,65,19,46,56,12,44,4,2,2,5,5,0
S01008226,Oil central heating,4,0,4,4,0,4,0,0,0,0,0,0
S01008226,Solid fuel (for example wood coal) central heating,5,5,0,1,1,0,2,2,0,2,2,0
S01008226,Other central heating,8,3,5,1,0,1,7,3,4,0,0,0
S01008226,Two or more types of central heating,16,7,9,12,5,7,4,2,2,0,0,0
S01008227,All people in households,819,195,624,644,56,588,109,77,32,66,62,4
S01008227,No central heating,5,0,5,5,0,5,0,0,0,0,0,0
S01008227,Gas central heating,739,176,563,583,50,533,99,71,28,57,55,2
S01008227,Electric (including storage heaters) central heating,35,11,24,24,3,21,5,4,1,6,4,2
S01008227,Oil central heating,5,1,4,5,1,4,0,0,0,0,0,0
S01008227,Solid fuel (for example wood coal) central heating,7,1,6,5,1,4,2,0,2,0,0,0
S01008227,Other central heating,0,0,0,0,0,0,0,0,0,0,0,0
S01008227,Two or more types of central heating,28,6,22,22,1,21,3,2,1,3,3,0
S01008228,All people in households,639,113,526,545,43,502,65,41,24,29,29,0
S01008228,No central heating,0,0,0,0,0,0,0,0,0,0,0,0
S01008228,Gas central heating,584,100,484,507,39,468,51,35,16,26,26,0
S01008228,Electric (including storage heaters) central heating,24,10,14,15,4,11,6,3,3,3,3,0
S01008228,Oil central heating,8,0,8,8,0,8,0,0,0,0,0,0
S01008228,Solid fuel (for example wood coal) central heating,5,1,4,1,0,1,4,1,3,0,0,0
S01008228,Other central heating,1,0,1,1,0,1,0,0,0,0,0,0
S01008228,Two or more types of central heating,17,2,15,13,0,13,4,2,2,0,0,0
S01008229,All people in households,686,149,537,549,39,510,95,68,27,42,42,0
S01008229,No central heating,7,0,7,6,0,6,1,0,1,0,0,0
S01008229,Gas central heating,511,119,392,398,28,370,79,57,22,34,34,0
S01008229,Electric (including storage heaters) central heating,88,19,69,75,8,67,10,8,2,3,3,0
S01008229,Oil central heating,6,0,6,6,0,6,0,0,0,0,0,0
S01008229,Solid fuel (for example wood coal) central heating,2,0,2,2,0,2,0,0,0,0,0,0
S01008229,Other central heating,53,5,48,47,1,46,4,2,2,2,2,0
S01008229,Two or more types of central heating,19,6,13,15,2,13,1,1,0,3,3,0
S01008230,All people in households,811,88,723,742,39,703,52,32,20,17,17,0
S01008230,No central heating,8,0,8,8,0,8,0,0,0,0,0,0
S01008230,Gas central heating,703,79,624,641,34,607,48,31,17,14,14,0
S01008230,Electric (including storage heaters) central heating,85,9,76,78,5,73,4,1,3,3,3,0
S01008230,Oil central heating,0,0,0,0,0,0,0,0,0,0,0,0
S01008230,Solid fuel (for example wood coal) central heating,0,0,0,0,0,0,0,0,0,0,0,0
S01008230,Other central heating,0,0,0,0,0,0,0,0,0,0,0,0
S01008230,Two or more types of central heating,15,0,15,15,0,15,0,0,0,0,0,0
S01008231,All people in households,794,46,748,760,23,737,27,16,11,7,7,0
S01008231,No central heating,0,0,0,0,0,0,0,0,0,0,0,0
S01008231,Gas central heating,766,45,721,733,23,710,27,16,11,6,6,0
S01008231,Electric (including storage heaters) central heating,9,0,9,9,0,9,0,0,0,0,0,0
S01008231,Oil central heating,3,0,3,3,0,3,0,0,0,0,0,0
S01008231,Solid fuel (for example wood coal) central heating,1,0,1,1,0,1,0,0,0,0,0,0
S01008231,Other central heating,0,0,0,0,0,0,0,0,0,0,0,0
S01008231,Two or more types of central heating,15,1,14,14,0,14,0,0,0,1,1,0
S01008232,All people in households,686,54,632,637,20,617,36,21,15,13,13,0
S01008232,No central heating,1,1,0,0,0,0,1,1,0,0,0,0
S01008232,Gas central heating,666,53,613,618,20,598,35,20,15,13,13,0
S01008232,Electric (including storage heaters) central heating,8,0,8,8,0,8,0,0,0,0,0,0
S01008232,Oil central heating,4,0,4,4,0,4,0,0,0,0,0,0
S01008232,Solid fuel (for example wood coal) central heating,0,0,0,0,0,0,0,0,0,0,0,0
S01008232,Other central heating,0,0,0,0,0,0,0,0,0,0,0,0
S01008232,Two or more types of central heating,7,0,7,7,0,7,0,0,0,0,0,0
S01008233,All people in households,467,55,412,439,34,405,22,16,6,6,5,1
S01008233,No central heating,5,0,5,5,0,5,0,0,0,0,0,0
S01008233,Gas central heating,327,20,307,318,14,304,6,4,2,3,2,1
S01008233,Electric (including storage heaters) central heating,79,21,58,65,9,56,12,10,2,2,2,0
S01008233,Oil central heating,34,8,26,34,8,26,0,0,0,0,0,0
S01008233,Solid fuel (for example wood coal) central heating,17,4,13,12,1,11,4,2,2,1,1,0
S01008233,Other central heating,5,2,3,5,2,3,0,0,0,0,0,0
S01008233,Two or more types of central heating,0,0,0,0,0,0,0,0,0,0,0,0
S01008234,All people in households,387,114,273,282,37,245,75,49,26,30,28,2
S01008234,No central heating,2,0,2,2,0,2,0,0,0,0,0,0
S01008234,Gas central heating,188,49,139,142,17,125,30,17,13,16,15,1
S01008234,Electric (including storage heaters) central heating,85,34,51,54,8,46,24,19,5,7,7,0
S01008234,Oil central heating,73,20,53,54,8,46,15,9,6,4,3,1
S01008234,Solid fuel (for example wood coal) central heating,24,8,16,18,2,16,3,3,0,3,3,0
S01008234,Other central heating,4,1,3,4,1,3,0,0,0,0,0,0
S01008234,Two or more types of central heating,11,2,9,8,1,7,3,1,2,0,0,0
S01008235,All people in households,829,214,615,642,61,581,120,87,33,67,66,1
S01008235,No central heating,1,0,1,0,0,0,1,0,1,0,0,0
S01008235,Gas central heating,660,173,487,504,46,458,97,69,28,59,58,1
S01008235,Electric (including storage heaters) central heating,50,17,33,37,5,32,8,7,1,5,5,0
S01008235,Oil central heating,57,11,46,51,7,44,6,4,2,0,0,0
S01008235,Solid fuel (for example wood coal) central heating,42,12,30,33,3,30,6,6,0,3,3,0
S01008235,Other central heating,7,0,7,6,0,6,1,0,1,0,0,0
S01008235,Two or more types of central heating,12,1,11,11,0,11,1,1,0,0,0,0
S01008236,All people in households,845,153,692,703,54,649,111,69,42,31,30,1
S01008236,No central heating,2,1,1,1,0,1,0,0,0,1,1,0
S01008236,Gas central heating,665,113,552,563,44,519,80,48,32,22,21,1
S01008236,Electric (including storage heaters) central heating,87,22,65,63,5,58,18,11,7,6,6,0
S01008236,Oil central heating,63,11,52,55,4,51,7,6,1,1,1,0
S01008236,Solid fuel (for example wood coal) central heating,21,4,17,18,1,17,3,3,0,0,0,0
S01008236,Other central heating,0,0,0,0,0,0,0,0,0,0,0,0
S01008236,Two or more types of central heating,7,2,5,3,0,3,3,1,2,1,1,0
S01008237,All people in households,864,153,711,743,62,681,81,52,29,40,39,1
S01008237,No central heating,12,1,11,11,1,10,1,0,1,0,0,0
S01008237,Gas central heating,514,99,415,428,35,393,54,32,22,32,32,0
S01008237,Electric (including storage heaters) central heating,61,16,45,50,8,42,7,5,2,4,3,1
S01008237,Oil central heating,190,23,167,174,11,163,13,9,4,3,3,0
S01008237,Solid fuel (for example wood coal) central heating,47,7,40,42,2,40,4,4,0,1,1,0
S01008237,Other central heating,22,1,21,22,1,21,0,0,0,0,0,0
S01008237,Two or more types of central heating,18,6,12,16,4,12,2,2,0,0,0,0
S01008238,All people in households,756,174,582,590,46,544,117,80,37,49,48,1
S01008238,No central heating,0,0,0,0,0,0,0,0,0,0,0,0
S01008238,Gas central heating,526,121,405,419,34,385,74,54,20,33,33,0
S01008238,Electric (including storage heaters) central heating,126,41,85,85,10,75,31,22,9,10,9,1
S01008238,Oil central heating,60,4,56,54,1,53,5,2,3,1,1,0
S01008238,Solid fuel (for example wood coal) central heating,13,0,13,9,0,9,4,0,4,0,0,0
S01008238,Other central heating,9,3,6,5,0,5,2,1,1,2,2,0
S01008238,Two or more types of central heating,22,5,17,18,1,17,1,1,0,3,3,0
S01008239,All people in households,760,124,636,656,47,609,79,54,25,25,23,2
S01008239,No central heating,8,0,8,5,0,5,3,0,3,0,0,0
S01008239,Gas central heating,460,66,394,405,27,378,44,30,14,11,9,2
S01008239,Electric (including storage heaters) central heating,89,27,62,68,10,58,15,11,4,6,6,0
S01008239,Oil central heating,128,16,112,117,7,110,6,4,2,5,5,0
S01008239,Solid fuel (for example wood coal) central heating,50,10,40,41,2,39,8,7,1,1,1,0
S01008239,Other central heating,8,2,6,6,0,6,0,0,0,2,2,0
S01008239,Two or more types of central heating,17,3,14,14,1,13,3,2,1,0,0,0
S01008240,All people in households,885,130,755,799,62,737,63,45,18,23,23,0
S01008240,No central heating,15,1,14,14,0,14,1,1,0,0,0,0
S01008240,Gas central heating,776,113,663,699,54,645,55,37,18,22,22,0
S01008240,Electric (including storage heaters) central heating,33,4,29,30,1,29,2,2,0,1,1,0
S01008240,Oil central heating,38,8,30,35,5,30,3,3,0,0,0,0
S01008240,Solid fuel (for example wood coal) central heating,11,1,10,10,0,10,1,1,0,0,0,0
S01008240,Other central heating,4,0,4,4,0,4,0,0,0,0,0,0
S01008240,Two or more types of central heating,8,3,5,7,2,5,1,1,0,0,0,0
S01008241,All people in households,648,87,561,578,32,546,52,37,15,18,18,0
S01008241,No central heating,1,1,0,0,0,0,1,1,0,0,0,0
S01008241,Gas central heating,612,76,536,551,30,521,46,31,15,15,15,0
S01008241,Electric (including storage heaters) central heating,18,3,15,16,1,15,2,2,0,0,0,0
S01008241,Oil central heating,10,1,9,10,1,9,0,0,0,0,0,0
S01008241,Solid fuel (for example wood coal) central heating,0,0,0,0,0,0,0,0,0,0,0,0
S01008241,Other central heating,0,0,0,0,0,0,0,0,0,0,0,0
S01008241,Two or more types of central heating,7,6,1,1,0,1,3,3,0,3,3,0
S01008242,All people in households,900,247,653,698,80,618,134,100,34,68,67,1
S01008242,No central heating,11,1,10,9,0,9,2,1,1,0,0,0
S01008242,Gas central heating,753,204,549,590,69,521,103,76,27,60,59,1
S01008242,Electric (including storage heaters) central heating,66,29,37,43,7,36,18,17,1,5,5,0
S01008242,Oil central heating,29,4,25,26,2,24,2,1,1,1,1,0
S01008242,Solid fuel (for example wood coal) central heating,13,4,9,10,1,9,2,2,0,1,1,0
S01008242,Other central heating,1,0,1,0,0,0,1,0,1,0,0,0
S01008242,Two or more types of central heating,27,5,22,20,1,19,6,3,3,1,1,0
S01008243,All people in households,936,121,815,838,50,788,73,48,25,25,23,2
S01008243,No central heating,6,1,5,6,1,5,0,0,0,0,0,0
S01008243,Gas central heating,796,100,696,718,40,678,58,41,17,20,19,1
S01008243,Electric (including storage heaters) central heating,21,12,9,15,7,8,4,3,1,2,2,0
S01008243,Oil central heating,54,5,49,48,1,47,5,3,2,1,1,0
S01008243,Solid fuel (for example wood coal) central heating,16,2,14,13,1,12,1,0,1,2,1,1
S01008243,Other central heating,13,1,12,12,0,12,1,1,0,0,0,0
S01008243,Two or more types of central heating,30,0,30,26,0,26,4,0,4,0,0,0
S01008244,All people in households,574,98,476,496,35,461,51,38,13,27,25,2
S01008244,No central heating,4,1,3,4,1,3,0,0,0,0,0,0
S01008244,Gas central heating,509,82,427,442,28,414,46,34,12,21,20,1
S01008244,Electric (including storage heaters) central heating,26,7,19,19,1,18,2,2,0,5,4,1
S01008244,Oil central heating,27,5,22,25,4,21,2,1,1,0,0,0
S01008244,Solid fuel (for example wood coal) central heating,0,0,0,0,0,0,0,0,0,0,0,0
S01008244,Other central heating,0,0,0,0,0,0,0,0,0,0,0,0
S01008244,Two or more types of central heating,8,3,5,6,1,5,1,1,0,1,1,0
S01008245,All people in households,992,165,827,845,57,788,115,77,38,32,31,1
S01008245,No central heating,5,3,2,2,1,1,2,1,1,1,1,0
S01008245,Gas central heating,826,137,689,701,44,657,98,67,31,27,26,1
S01008245,Electric (including storage heaters) central heating,30,10,20,19,3,16,8,4,4,3,3,0
S01008245,Oil central heating,59,7,52,55,4,51,4,3,1,0,0,0
S01008245,Solid fuel (for example wood coal) central heating,19,4,15,18,3,15,1,1,0,0,0,0
S01008245,Other central heating,15,2,13,14,1,13,1,1,0,0,0,0
S01008245,Two or more types of central heating,38,2,36,36,1,35,1,0,1,1,1,0
S01008246,All people in households,933,110,823,853,55,798,65,40,25,15,15,0
S01008246,No central heating,2,0,2,2,0,2,0,0,0,0,0,0
S01008246,Gas central heating,606,72,534,556,36,520,39,25,14,11,11,0
S01008246,Electric (including storage heaters) central heating,47,11,36,36,3,33,8,5,3,3,3,0
S01008246,Oil central heating,186,18,168,176,12,164,10,6,4,0,0,0
S01008246,Solid fuel (for example wood coal) central heating,34,5,29,30,3,27,4,2,2,0,0,0
S01008246,Other central heating,22,1,21,21,0,21,1,1,0,0,0,0
S01008246,Two or more types of central heating,36,3,33,32,1,31,3,1,2,1,1,0
S01008247,All people in households,789,122,667,699,54,645,68,47,21,22,21,1
S01008247,No central heating,15,2,13,13,1,12,0,0,0,2,1,1
S01008247,Gas central heating,148,29,119,129,13,116,11,8,3,8,8,0
S01008247,Electric (including storage heaters) central heating,124,31,93,94,9,85,22,14,8,8,8,0
S01008247,Oil central heating,327,38,289,304,19,285,21,17,4,2,2,0
S01008247,Solid fuel (for example wood coal) central heating,67,6,61,62,4,58,5,2,3,0,0,0
S01008247,Other central heating,45,7,38,38,2,36,6,4,2,1,1,0
S01008247,Two or more types of central heating,63,9,54,59,6,53,3,2,1,1,1,0
S01008248,All people in households,936,156,780,823,58,765,84,69,15,29,29,0
S01008248,No central heating,7,2,5,6,1,5,1,1,0,0,0,0
S01008248,Gas central heating,103,22,81,81,4,77,11,7,4,11,11,0
S01008248,Electric (including storage heaters) central heating,267,61,206,220,20,200,37,31,6,10,10,0
S01008248,Oil central heating,420,51,369,393,27,366,23,20,3,4,4,0
S01008248,Solid fuel (for example wood coal) central heating,90,12,78,79,2,77,10,9,1,1,1,0
S01008248,Other central heating,18,3,15,16,1,15,0,0,0,2,2,0
S01008248,Two or more types of central heating,31,5,26,28,3,25,2,1,1,1,1,0
S01008249,All people in households,883,125,758,775,44,731,84,57,27,24,24,0
S01008249,No central heating,12,0,12,11,0,11,1,0,1,0,0,0
S01008249,Gas central heating,139,25,114,117,7,110,17,13,4,5,5,0
S01008249,Electric (including storage heaters) central heating,142,29,113,120,12,108,18,13,5,4,4,0
S01008249,Oil central heating,407,36,371,373,14,359,30,18,12,4,4,0
S01008249,Solid fuel (for example wood coal) central heating,87,19,68,70,5,65,9,6,3,8,8,0
S01008249,Other central heating,45,7,38,40,2,38,3,3,0,2,2,0
S01008249,Two or more types of central heating,51,9,42,44,4,40,6,4,2,1,1,0
S01008250,All people in households,1024,147,877,914,64,850,95,69,26,15,14,1
S01008250,No central heating,18,4,14,16,2,14,2,2,0,0,0,0
S01008250,Gas central heating,363,50,313,321,18,303,35,25,10,7,7,0
S01008250,Electric (including storage heaters) central heating,135,35,100,113,15,98,19,17,2,3,3,0
S01008250,Oil central heating,400,50,350,359,22,337,36,24,12,5,4,1
S01008250,Solid fuel (for example wood coal) central heating,37,3,34,36,3,33,1,0,1,0,0,0
S01008250,Other central heating,31,4,27,29,3,26,2,1,1,0,0,0
S01008250,Two or more types of central heating,40,1,39,40,1,39,0,0,0,0,0,0
S01008251,All people in households,754,60,694,702,25,677,48,31,17,4,4,0
S01008251,No central heating,4,0,4,4,0,4,0,0,0,0,0,0
S01008251,Gas central heating,743,57,686,693,24,669,47,30,17,3,3,0
S01008251,Electric (including storage heaters) central heating,3,2,1,1,0,1,1,1,0,1,1,0
S01008251,Oil central heating,3,0,3,3,0,3,0,0,0,0,0,0
S01008251,Solid fuel (for example wood coal) central heating,0,0,0,0,0,0,0,0,0,0,0,0
S01008251,Other central heating,0,0,0,0,0,0,0,0,0,0,0,0
S01008251,Two or more types of central heating,1,1,0,1,1,0,0,0,0,0,0,0
S01008252,All people in households,825,113,712,746,57,689,55,34,21,24,22,2
S01008252,No central heating,3,1,2,2,1,1,1,0,1,0,0,0
S01008252,Gas central heating,754,96,658,690,52,638,45,27,18,19,17,2
S01008252,Electric (including storage heaters) central heating,39,11,28,28,2,26,6,4,2,5,5,0
S01008252,Oil central heating,9,0,9,9,0,9,0,0,0,0,0,0
S01008252,Solid fuel (for example wood coal) central heating,5,1,4,4,0,4,1,1,0,0,0,0
S01008252,Other central heating,3,2,1,2,1,1,1,1,0,0,0,0
S01008252,Two or more types of central heating,12,2,10,11,1,10,1,1,0,0,0,0
S01008253,All people in households,755,214,541,561,53,508,134,101,33,60,60,0
S01008253,No central heating,7,4,3,3,1,2,3,2,1,1,1,0
S01008253,Gas central heating,689,187,502,517,45,472,119,89,30,53,53,0
S01008253,Electric (including storage heaters) central heating,37,14,23,26,4,22,7,6,1,4,4,0
S01008253,Oil central heating,1,0,1,1,0,1,0,0,0,0,0,0
S01008253,Solid fuel (for example wood coal) central heating,3,1,2,2,0,2,1,1,0,0,0,0
S01008253,Other central heating,1,1,0,0,0,0,0,0,0,1,1,0
S01008253,Two or more types of central heating,17,7,10,12,3,9,4,3,1,1,1,0
S01008254,All people in households,973,198,775,801,71,730,117,75,42,55,52,3
S01008254,No central heating,0,0,0,0,0,0,0,0,0,0,0,0
S01008254,Gas central heating,919,176,743,768,68,700,106,66,40,45,42,3
S01008254,Electric (including storage heaters) central heating,34,16,18,18,2,16,10,8,2,6,6,0
S01008254,Oil central heating,4,1,3,3,0,3,0,0,0,1,1,0
S01008254,Solid fuel (for example wood coal) central heating,4,0,4,4,0,4,0,0,0,0,0,0
S01008254,Other central heating,2,2,0,0,0,0,0,0,0,2,2,0
S01008254,Two or more types of central heating,10,3,7,8,1,7,1,1,0,1,1,0
S01008255,All people in households,725,110,615,621,34,587,75,48,27,29,28,1
S01008255,No central heating,11,3,8,9,1,8,2,2,0,0,0,0
S01008255,Gas central heating,678,98,580,585,29,556,64,41,23,29,28,1
S01008255,Electric (including storage heaters) central heating,17,7,10,11,4,7,6,3,3,0,0,0
S01008255,Oil central heating,2,0,2,2,0,2,0,0,0,0,0,0
S01008255,Solid fuel (for example wood coal) central heating,2,0,2,2,0,2,0,0,0,0,0,0
S01008255,Other central heating,0,0,0,0,0,0,0,0,0,0,0,0
S01008255,Two or more types of central heating,15,2,13,12,0,12,3,2,1,0,0,0
S01008256,All people in households,838,158,680,702,57,645,90,56,34,46,45,1
S01008256,No central heating,7,2,5,5,0,5,1,1,0,1,1,0
S01008256,Gas central heating,726,142,584,614,54,560,75,51,24,37,37,0
S01008256,Electric (including storage heaters) central heating,70,9,61,54,1,53,10,2,8,6,6,0
S01008256,Oil central heating,2,1,1,2,1,1,0,0,0,0,0,0
S01008256,Solid fuel (for example wood coal) central heating,0,0,0,0,0,0,0,0,0,0,0,0
S01008256,Other central heating,0,0,0,0,0,0,0,0,0,0,0,0
S01008256,Two or more types of central heating,33,4,29,27,1,26,4,2,2,2,1,1
S01008257,All people in households,642,177,465,493,53,440,103,78,25,46,46,0
S01008257,No central heating,6,4,2,3,2,1,3,2,1,0,0,0
S01008257,Gas central heating,427,87,340,351,26,325,53,38,15,23,23,0
S01008257,Electric (including storage heaters) central heating,190,85,105,121,24,97,46,38,8,23,23,0
S01008257,Oil central heating,9,0,9,9,0,9,0,0,0,0,0,0
S01008257,Solid fuel (for example wood coal) central heating,3,1,2,2,1,1,1,0,1,0,0,0
S01008257,Other central heating,0,0,0,0,0,0,0,0,0,0,0,0
S01008257,Two or more types of central heating,7,0,7,7,0,7,0,0,0,0,0,0
S01008258,All people in households,809,142,667,701,55,646,79,60,19,29,27,2
S01008258,No central heating,26,5,21,21,2,19,4,2,2,1,1,0
S01008258,Gas central heating,651,110,541,569,44,525,62,48,14,20,18,2
S01008258,Electric (including storage heaters) central heating,105,21,84,89,8,81,12,9,3,4,4,0
S01008258,Oil central heating,17,2,15,15,0,15,0,0,0,2,2,0
S01008258,Solid fuel (for example wood coal) central heating,3,3,0,1,1,0,1,1,0,1,1,0
S01008258,Other central heating,3,1,2,2,0,2,0,0,0,1,1,0
S01008258,Two or more types of central heating,4,0,4,4,0,4,0,0,0,0,0,0
S01008259,All people in households,777,129,648,654,35,619,93,64,29,30,30,0
S01008259,No central heating,10,2,8,8,1,7,1,0,1,1,1,0
S01008259,Gas central heating,665,106,559,566,30,536,76,53,23,23,23,0
S01008259,Electric (including storage heaters) central heating,56,11,45,45,2,43,8,6,2,3,3,0
S01008259,Oil central heating,10,4,6,8,2,6,2,2,0,0,0,0
S01008259,Solid fuel (for example wood coal) central heating,5,1,4,3,0,3,2,1,1,0,0,0
S01008259,Other central heating,0,0,0,0,0,0,0,0,0,0,0,0
S01008259,Two or more types of central heating,31,5,26,24,0,24,4,2,2,3,3,0
S01008260,All people in households,780,154,626,641,46,595,94,63,31,45,45,0
S01008260,No central heating,3,1,2,2,0,2,0,0,0,1,1,0
S01008260,Gas central heating,668,124,544,556,38,518,77,51,26,35,35,0
S01008260,Electric (including storage heaters) central heating,67,17,50,51,5,46,11,7,4,5,5,0
S01008260,Oil central heating,18,7,11,12,2,10,5,4,1,1,1,0
S01008260,Solid fuel (for example wood coal) central heating,7,3,4,5,1,4,0,0,0,2,2,0
S01008260,Other central heating,0,0,0,0,0,0,0,0,0,0,0,0
S01008260,Two or more types of central heating,17,2,15,15,0,15,1,1,0,1,1,0
S01008261,All people in households,901,194,707,735,57,678,93,65,28,73,72,1
S01008261,No central heating,3,1,2,2,0,2,0,0,0,1,1,0
S01008261,Gas central heating,806,161,645,670,50,620,74,50,24,62,61,1
S01008261,Electric (including storage heaters) central heating,39,17,22,24,4,20,9,7,2,6,6,0
S01008261,Oil central heating,4,0,4,4,0,4,0,0,0,0,0,0
S01008261,Solid fuel (for example wood coal) central heating,17,6,11,13,2,11,3,3,0,1,1,0
S01008261,Other central heating,6,1,5,3,0,3,3,1,2,0,0,0
S01008261,Two or more types of central heating,26,8,18,19,1,18,4,4,0,3,3,0
S01008262,All people in households,612,101,511,539,47,492,53,38,15,20,16,4
S01008262,No central heating,18,9,9,10,4,6,6,3,3,2,2,0
S01008262,Gas central heating,119,15,104,111,8,103,7,6,1,1,1,0
S01008262,Electric (including storage heaters) central heating,131,26,105,112,12,100,11,9,2,8,5,3
S01008262,Oil central heating,240,32,208,220,17,203,14,9,5,6,6,0
S01008262,Solid fuel (for example wood coal) central heating,44,9,35,35,3,32,9,6,3,0,0,0
S01008262,Other central heating,27,4,23,22,0,22,4,3,1,1,1,0
S01008262,Two or more types of central heating,33,6,27,29,3,26,2,2,0,2,1,1
S01008263,All people in households,560,112,448,472,37,435,52,40,12,36,35,1
S01008263,No central heating,11,5,6,7,2,5,4,3,1,0,0,0
S01008263,Gas central heating,425,85,340,361,28,333,34,27,7,30,30,0
S01008263,Electric (including storage heaters) central heating,33,13,20,22,3,19,7,6,1,4,4,0
S01008263,Oil central heating,44,4,40,40,1,39,2,2,0,2,1,1
S01008263,Solid fuel (for example wood coal) central heating,9,0,9,7,0,7,2,0,2,0,0,0
S01008263,Other central heating,16,3,13,13,1,12,3,2,1,0,0,0
S01008263,Two or more types of central heating,22,2,20,22,2,20,0,0,0,0,0,0
S01008264,All people in households,751,123,628,644,44,600,83,57,26,24,22,2
S01008264,No central heating,1,1,0,1,1,0,0,0,0,0,0,0
S01008264,Gas central heating,716,113,603,616,38,578,77,54,23,23,21,2
S01008264,Electric (including storage heaters) central heating,24,8,16,17,4,13,6,3,3,1,1,0
S01008264,Oil central heating,4,1,3,4,1,3,0,0,0,0,0,0
S01008264,Solid fuel (for example wood coal) central heating,0,0,0,0,0,0,0,0,0,0,0,0
S01008264,Other central heating,4,0,4,4,0,4,0,0,0,0,0,0
S01008264,Two or more types of central heating,2,0,2,2,0,2,0,0,0,0,0,0
S01008265,All people in households,706,114,592,633,54,579,53,40,13,20,20,0
S01008265,No central heating,9,3,6,6,0,6,2,2,0,1,1,0
S01008265,Gas central heating,630,79,551,586,43,543,30,22,8,14,14,0
S01008265,Electric (including storage heaters) central heating,58,31,27,32,10,22,21,16,5,5,5,0
S01008265,Oil central heating,1,0,1,1,0,1,0,0,0,0,0,0
S01008265,Solid fuel (for example wood coal) central heating,4,0,4,4,0,4,0,0,0,0,0,0
S01008265,Other central heating,0,0,0,0,0,0,0,0,0,0,0,0
S01008265,Two or more types of central heating,4,1,3,4,1,3,0,0,0,0,0,0
S01008266,All people in households,678,114,564,605,58,547,63,46,17,10,10,0
S01008266,No central heating,9,0,9,8,0,8,1,0,1,0,0,0
S01008266,Gas central heating,638,106,532,571,55,516,57,41,16,10,10,0
S01008266,Electric (including storage heaters) central heating,17,4,13,13,0,13,4,4,0,0,0,0
S01008266,Oil central heating,5,1,4,4,0,4,1,1,0,0,0,0
S01008266,Solid fuel (for example wood coal) central heating,2,0,2,2,0,2,0,0,0,0,0,0
S01008266,Other central heating,2,0,2,2,0,2,0,0,0,0,0,0
S01008266,Two or more types of central heating,5,3,2,5,3,2,0,0,0,0,0,0
S01008267,All people in households,808,120,688,702,42,660,77,50,27,29,28,1
S01008267,No central heating,14,3,11,11,0,11,3,3,0,0,0,0
S01008267,Gas central heating,638,102,536,552,36,516,62,43,19,24,23,1
S01008267,Electric (including storage heaters) central heating,19,3,16,14,0,14,4,2,2,1,1,0
S01008267,Oil central heating,84,6,78,74,2,72,8,2,6,2,2,0
S01008267,Solid fuel (for example wood coal) central heating,12,3,9,11,2,9,0,0,0,1,1,0
S01008267,Other central heating,25,1,24,24,0,24,0,0,0,1,1,0
S01008267,Two or more types of central heating,16,2,14,16,2,14,0,0,0,0,0,0
S01008268,All people in households,827,100,727,767,59,708,48,31,17,12,10,2
S01008268,No central heating,12,3,9,10,1,9,1,1,0,1,1,0
S01008268,Gas central heating,746,85,661,698,53,645,38,24,14,10,8,2
S01008268,Electric (including storage heaters) central heating,49,8,41,42,4,38,7,4,3,0,0,0
S01008268,Oil central heating,0,0,0,0,0,0,0,0,0,0,0,0
S01008268,Solid fuel (for example wood coal) central heating,0,0,0,0,0,0,0,0,0,0,0,0
S01008268,Other central heating,3,0,3,3,0,3,0,0,0,0,0,0
S01008268,Two or more types of central heating,17,4,13,14,1,13,2,2,0,1,1,0
S01008269,All people in households,808,165,643,679,67,612,98,68,30,31,30,1
S01008269,No central heating,5,0,5,5,0,5,0,0,0,0,0,0
S01008269,Gas central heating,718,133,585,612,56,556,82,53,29,24,24,0
S01008269,Electric (including storage heaters) central heating,80,31,49,58,11,47,15,14,1,7,6,1
S01008269,Oil central heating,0,0,0,0,0,0,0,0,0,0,0,0
S01008269,Solid fuel (for example wood coal) central heating,0,0,0,0,0,0,0,0,0,0,0,0
S01008269,Other central heating,3,1,2,2,0,2,1,1,0,0,0,0
S01008269,Two or more types of central heating,2,0,2,2,0,2,0,0,0,0,0,0
S01008270,All people in households,785,168,617,666,81,585,89,58,31,30,29,1
S01008270,No central heating,3,1,2,3,1,2,0,0,0,0,0,0
S01008270,Gas central heating,671,126,545,576,59,517,70,43,27,25,24,1
S01008270,Electric (including storage heaters) central heating,88,35,53,66,17,49,18,14,4,4,4,0
S01008270,Oil central heating,2,2,0,1,1,0,1,1,0,0,0,0
S01008270,Solid fuel (for example wood coal) central heating,0,0,0,0,0,0,0,0,0,0,0,0
S01008270,Other central heating,0,0,0,0,0,0,0,0,0,0,0,0
S01008270,Two or more types of central heating,21,4,17,20,3,17,0,0,0,1,1,0
S01008271,All people in households,664,142,522,532,37,495,100,74,26,32,31,1
S01008271,No central heating,24,5,19,19,3,16,5,2,3,0,0,0
S01008271,Gas central heating,497,86,411,411,21,390,65,44,21,21,21,0
S01008271,Electric (including storage heaters) central heating,126,47,79,86,10,76,29,27,2,11,10,1
S01008271,Oil central heating,0,0,0,0,0,0,0,0,0,0,0,0
S01008271,Solid fuel (for example wood coal) central heating,0,0,0,0,0,0,0,0,0,0,0,0
S01008271,Other central heating,0,0,0,0,0,0,0,0,0,0,0,0
S01008271,Two or more types of central heating,17,4,13,16,3,13,1,1,0,0,0,0
S01008272,All people in households,1002,160,842,860,56,804,103,66,37,39,38,1
S01008272,No central heating,8,2,6,6,0,6,2,2,0,0,0,0
S01008272,Gas central heating,698,109,589,599,35,564,72,47,25,27,27,0
S01008272,Electric (including storage heaters) central heating,78,19,59,63,9,54,11,6,5,4,4,0
S01008272,Oil central heating,118,16,102,105,6,99,8,6,2,5,4,1
S01008272,Solid fuel (for example wood coal) central heating,39,2,37,34,0,34,4,1,3,1,1,0
S01008272,Other central heating,32,7,25,26,3,23,4,2,2,2,2,0
S01008272,Two or more types of central heating,29,5,24,27,3,24,2,2,0,0,0,0
S01008273,All people in households,841,138,703,737,57,680,82,60,22,22,21,1
S01008273,No central heating,4,1,3,2,1,1,2,0,2,0,0,0
S01008273,Gas central heating,786,124,662,691,50,641,76,56,20,19,18,1
S01008273,Electric (including storage heaters) central heating,28,7,21,24,3,21,2,2,0,2,2,0
S01008273,Oil central heating,10,5,5,7,2,5,2,2,0,1,1,0
S01008273,Solid fuel (for example wood coal) central heating,0,0,0,0,0,0,0,0,0,0,0,0
S01008273,Other central heating,0,0,0,0,0,0,0,0,0,0,0,0
S01008273,Two or more types of central heating,13,1,12,13,1,12,0,0,0,0,0,0
S01008274,All people in households,729,133,596,607,43,564,90,60,30,32,30,2
S01008274,No central heating,2,1,1,1,0,1,0,0,0,1,1,0
S01008274,Gas central heating,688,120,568,578,39,539,83,55,28,27,26,1
S01008274,Electric (including storage heaters) central heating,28,12,16,20,4,16,5,5,0,3,3,0
S01008274,Oil central heating,0,0,0,0,0,0,0,0,0,0,0,0
S01008274,Solid fuel (for example wood coal) central heating,4,0,4,4,0,4,0,0,0,0,0,0
S01008274,Other central heating,0,0,0,0,0,0,0,0,0,0,0,0
S01008274,Two or more types of central heating,7,0,7,4,0,4,2,0,2,1,0,1
S01008275,All people in households,558,99,459,470,30,440,64,45,19,24,24,0
S01008275,No central heating,6,1,5,6,1,5,0,0,0,0,0,0
S01008275,Gas central heating,510,90,420,431,26,405,58,43,15,21,21,0
S01008275,Electric (including storage heaters) central heating,28,5,23,21,2,19,6,2,4,1,1,0
S01008275,Oil central heating,2,0,2,2,0,2,0,0,0,0,0,0
S01008275,Solid fuel (for example wood coal) central heating,2,0,2,2,0,2,0,0,0,0,0,0
S01008275,Other central heating,7,0,7,7,0,7,0,0,0,0,0,0
S01008275,Two or more types of central heating,3,3,0,1,1,0,0,0,0,2,2,0
S01008276,All people in households,557,64,493,500,27,473,45,25,20,12,12,0
S01008276,No central heating,4,0,4,4,0,4,0,0,0,0,0,0
S01008276,Gas central heating,524,56,468,475,26,449,42,23,19,7,7,0
S01008276,Electric (including storage heaters) central heating,3,1,2,2,0,2,1,1,0,0,0,0
S01008276,Oil central heating,10,3,7,7,1,6,1,0,1,2,2,0
S01008276,Solid fuel (for example wood coal) central heating,0,0,0,0,0,0,0,0,0,0,0,0
S01008276,Other central heating,6,1,5,5,0,5,1,1,0,0,0,0
S01008276,Two or more types of central heating,10,3,7,7,0,7,0,0,0,3,3,0
S01008277,All people in households,502,52,450,456,19,437,39,26,13,7,7,0
S01008277,No central heating,23,2,21,22,1,21,1,1,0,0,0,0
S01008277,Gas central heating,150,15,135,134,3,131,13,9,4,3,3,0
S01008277,Electric (including storage heaters) central heating,73,8,65,68,4,64,4,3,1,1,1,0
S01008277,Oil central heating,156,16,140,142,7,135,11,6,5,3,3,0
S01008277,Solid fuel (for example wood coal) central heating,35,5,30,30,2,28,5,3,2,0,0,0
S01008277,Other central heating,33,3,30,31,1,30,2,2,0,0,0,0
S01008277,Two or more types of central heating,32,3,29,29,1,28,3,2,1,0,0,0
S01008278,All people in households,774,102,672,697,54,643,63,36,27,14,12,2
S01008278,No central heating,27,2,25,24,0,24,2,1,1,1,1,0
S01008278,Gas central heating,403,62,341,356,31,325,37,23,14,10,8,2
S01008278,Electric (including storage heaters) central heating,111,14,97,99,7,92,12,7,5,0,0,0
S01008278,Oil central heating,169,14,155,160,9,151,7,3,4,2,2,0
S01008278,Solid fuel (for example wood coal) central heating,24,6,18,22,4,18,1,1,0,1,1,0
S01008278,Other central heating,19,2,17,19,2,17,0,0,0,0,0,0
S01008278,Two or more types of central heating,21,2,19,17,1,16,4,1,3,0,0,0
S01008279,All people in households,733,143,590,623,53,570,73,55,18,37,35,2
S01008279,No central heating,3,1,2,3,1,2,0,0,0,0,0,0
S01008279,Gas central heating,657,123,534,559,43,516,67,51,16,31,29,2
S01008279,Electric (including storage heaters) central heating,52,14,38,42,6,36,5,3,2,5,5,0
S01008279,Oil central heating,10,1,9,10,1,9,0,0,0,0,0,0
S01008279,Solid fuel (for example wood coal) central heating,2,1,1,1,0,1,0,0,0,1,1,0
S01008279,Other central heating,0,0,0,0,0,0,0,0,0,0,0,0
S01008279,Two or more types of central heating,9,3,6,8,2,6,1,1,0,0,0,0
S01008280,All people in households,939,149,790,804,53,751,104,65,39,31,31,0
S01008280,No central heating,22,2,20,20,1,19,1,0,1,1,1,0
S01008280,Gas central heating,559,78,481,483,28,455,57,31,26,19,19,0
S01008280,Electric (including storage heaters) central heating,160,50,110,118,16,102,35,27,8,7,7,0
S01008280,Oil central heating,128,15,113,117,6,111,8,6,2,3,3,0
S01008280,Solid fuel (for example wood coal) central heating,24,3,21,21,2,19,3,1,2,0,0,0
S01008280,Other central heating,26,1,25,25,0,25,0,0,0,1,1,0
S01008280,Two or more types of central heating,20,0,20,20,0,20,0,0,0,0,0,0
S01008281,All people in households,726,96,630,642,34,608,59,37,22,25,25,0
S01008281,No central heating,22,0,22,22,0,22,0,0,0,0,0,0
S01008281,Gas central heating,241,38,203,205,10,195,22,14,8,14,14,0
S01008281,Electric (including storage heaters) central heating,82,6,76,77,3,74,4,2,2,1,1,0
S01008281,Oil central heating,234,37,197,207,17,190,21,14,7,6,6,0
S01008281,Solid fuel (for example wood coal) central heating,72,9,63,62,2,60,6,3,3,4,4,0
S01008281,Other central heating,20,2,18,18,1,17,2,1,1,0,0,0
S01008281,Two or more types of central heating,55,4,51,51,1,50,4,3,1,0,0,0
S01008282,All people in households,686,126,560,589,49,540,77,58,19,20,19,1
S01008282,No central heating,46,2,44,43,1,42,3,1,2,0,0,0
S01008282,Gas central heating,145,26,119,128,11,117,13,11,2,4,4,0
S01008282,Electric (including storage heaters) central heating,103,29,74,81,9,72,15,13,2,7,7,0
S01008282,Oil central heating,271,37,234,245,19,226,24,17,7,2,1,1
S01008282,Solid fuel (for example wood coal) central heating,70,18,52,51,2,49,14,11,3,5,5,0
S01008282,Other central heating,39,13,26,30,6,24,7,5,2,2,2,0
S01008282,Two or more types of central heating,12,1,11,11,1,10,1,0,1,0,0,0
S01008283,All people in households,504,58,446,461,27,434,29,18,11,14,13,1
S01008283,No central heating,2,1,1,1,0,1,1,1,0,0,0,0
S01008283,Gas central heating,260,19,241,241,9,232,15,7,8,4,3,1
S01008283,Electric (including storage heaters) central heating,50,7,43,45,3,42,2,1,1,3,3,0
S01008283,Oil central heating,131,19,112,120,10,110,8,6,2,3,3,0
S01008283,Solid fuel (for example wood coal) central heating,36,8,28,31,3,28,2,2,0,3,3,0
S01008283,Other central heating,9,3,6,7,1,6,1,1,0,1,1,0
S01008283,Two or more types of central heating,16,1,15,16,1,15,0,0,0,0,0,0
S01008284,All people in households,892,126,766,776,35,741,83,59,24,33,32,1
S01008284,No central heating,2,1,1,1,0,1,1,1,0,0,0,0
S01008284,Gas central heating,763,112,651,656,29,627,77,54,23,30,29,1
S01008284,Electric (including storage heaters) central heating,68,7,61,62,1,61,4,4,0,2,2,0
S01008284,Oil central heating,35,4,31,34,3,31,0,0,0,1,1,0
S01008284,Solid fuel (for example wood coal) central heating,11,0,11,10,0,10,1,0,1,0,0,0
S01008284,Other central heating,2,0,2,2,0,2,0,0,0,0,0,0
S01008284,Two or more types of central heating,11,2,9,11,2,9,0,0,0,0,0,0
S01008285,All people in households,754,187,567,578,54,524,119,77,42,57,56,1
S01008285,No central heating,1,0,1,1,0,1,0,0,0,0,0,0
S01008285,Gas central heating,644,159,485,495,44,451,99,65,34,50,50,0
S01008285,Electric (including storage heaters) central heating,64,19,45,49,9,40,11,6,5,4,4,0
S01008285,Oil central heating,3,0,3,3,0,3,0,0,0,0,0,0
S01008285,Solid fuel (for example wood coal) central heating,10,1,9,8,0,8,1,0,1,1,1,0
S01008285,Other central heating,6,0,6,6,0,6,0,0,0,0,0,0
S01008285,Two or more types of central heating,26,8,18,16,1,15,8,6,2,2,1,1
S01008286,All people in households,724,139,585,609,58,551,91,59,32,24,22,2
S01008286,No central heating,3,1,2,2,1,1,1,0,1,0,0,0
S01008286,Gas central heating,654,122,532,552,48,504,79,53,26,23,21,2
S01008286,Electric (including storage heaters) central heating,28,9,19,24,5,19,3,3,0,1,1,0
S01008286,Oil central heating,17,3,14,11,1,10,6,2,4,0,0,0
S01008286,Solid fuel (for example wood coal) central heating,3,0,3,3,0,3,0,0,0,0,0,0
S01008286,Other central heating,2,2,0,2,2,0,0,0,0,0,0,0
S01008286,Two or more types of central heating,17,2,15,15,1,14,2,1,1,0,0,0
S01008287,All people in households,737,109,628,623,31,592,85,50,35,29,28,1
S01008287,No central heating,10,3,7,9,2,7,1,1,0,0,0,0
S01008287,Gas central heating,477,58,419,421,23,398,42,22,20,14,13,1
S01008287,Electric (including storage heaters) central heating,236,47,189,181,6,175,40,26,14,15,15,0
S01008287,Oil central heating,4,1,3,3,0,3,1,1,0,0,0,0
S01008287,Solid fuel (for example wood coal) central heating,3,0,3,2,0,2,1,0,1,0,0,0
S01008287,Other central heating,0,0,0,0,0,0,0,0,0,0,0,0
S01008287,Two or more types of central heating,7,0,7,7,0,7,0,0,0,0,0,0
S01008288,All people in households,899,211,688,729,71,658,132,102,30,38,38,0
S01008288,No central heating,23,3,20,21,1,20,0,0,0,2,2,0
S01008288,Gas central heating,749,159,590,627,61,566,94,70,24,28,28,0
S01008288,Electric (including storage heaters) central heating,87,35,52,54,7,47,26,21,5,7,7,0
S01008288,Oil central heating,10,4,6,6,0,6,4,4,0,0,0,0
S01008288,Solid fuel (for example wood coal) central heating,3,3,0,1,1,0,2,2,0,0,0,0
S01008288,Other central heating,17,7,10,11,1,10,5,5,0,1,1,0
S01008288,Two or more types of central heating,10,0,10,9,0,9,1,0,1,0,0,0
S01008289,All people in households,617,134,483,495,32,463,78,59,19,44,43,1
S01008289,No central heating,30,8,22,20,1,19,6,4,2,4,3,1
S01008289,Gas central heating,408,78,330,336,18,318,43,31,12,29,29,0
S01008289,Electric (including storage heaters) central heating,152,39,113,121,12,109,20,16,4,11,11,0
S01008289,Oil central heating,7,3,4,5,1,4,2,2,0,0,0,0
S01008289,Solid fuel (for example wood coal) central heating,1,1,0,0,0,0,1,1,0,0,0,0
S01008289,Other central heating,6,2,4,4,0,4,2,2,0,0,0,0
S01008289,Two or more types of central heating,13,3,10,9,0,9,4,3,1,0,0,0
S01008290,All people in households,864,143,721,753,67,686,84,50,34,27,26,1
S01008290,No central heating,28,6,22,24,2,22,2,2,0,2,2,0
S01008290,Gas central heating,671,108,563,588,55,533,67,38,29,16,15,1
S01008290,Electric (including storage heaters) central heating,126,24,102,106,9,97,12,7,5,8,8,0
S01008290,Oil central heating,14,2,12,12,0,12,2,2,0,0,0,0
S01008290,Solid fuel (for example wood coal) central heating,9,1,8,8,0,8,1,1,0,0,0,0
S01008290,Other central heating,6,1,5,5,0,5,0,0,0,1,1,0
S01008290,Two or more types of central heating,10,1,9,10,1,9,0,0,0,0,0,0
S01008291,All people in households,717,187,530,579,78,501,104,77,27,34,32,2
S01008291,No central heating,12,2,10,10,0,10,2,2,0,0,0,0
S01008291,Gas central heating,558,133,425,463,59,404,70,51,19,25,23,2
S01008291,Electric (including storage heaters) central heating,128,48,80,90,17,73,30,23,7,8,8,0
S01008291,Oil central heating,5,1,4,3,0,3,2,1,1,0,0,0
S01008291,Solid fuel (for example wood coal) central heating,3,0,3,3,0,3,0,0,0,0,0,0
S01008291,Other central heating,2,1,1,2,1,1,0,0,0,0,0,0
S01008291,Two or more types of central heating,9,2,7,8,1,7,0,0,0,1,1,0
S01008292,All people in households,831,122,709,723,36,687,67,46,21,41,40,1
S01008292,No central heating,3,0,3,3,0,3,0,0,0,0,0,0
S01008292,Gas central heating,714,107,607,622,33,589,54,37,17,38,37,1
S01008292,Electric (including storage heaters) central heating,80,11,69,68,3,65,11,7,4,1,1,0
S01008292,Oil central heating,11,0,11,11,0,11,0,0,0,0,0,0
S01008292,Solid fuel (for example wood coal) central heating,0,0,0,0,0,0,0,0,0,0,0,0
S01008292,Other central heating,1,1,0,0,0,0,0,0,0,1,1,0
S01008292,Two or more types of central heating,22,3,19,19,0,19,2,2,0,1,1,0
S01008293,All people in households,606,51,555,572,25,547,30,22,8,4,4,0
S01008293,No central heating,3,0,3,3,0,3,0,0,0,0,0,0
S01008293,Gas central heating,593,48,545,560,23,537,29,21,8,4,4,0
S01008293,Electric (including storage heaters) central heating,10,3,7,9,2,7,1,1,0,0,0,0
S01008293,Oil central heating,0,0,0,0,0,0,0,0,0,0,0,0
S01008293,Solid fuel (for example wood coal) central heating,0,0,0,0,0,0,0,0,0,0,0,0
S01008293,Other central heating,0,0,0,0,0,0,0,0,0,0,0,0
S01008293,Two or more types of central heating,0,0,0,0,0,0,0,0,0,0,0,0
S01008294,All people in households,937,116,821,851,54,797,64,42,22,22,20,2
S01008294,No central heating,5,1,4,5,1,4,0,0,0,0,0,0
S01008294,Gas central heating,781,86,695,726,44,682,42,29,13,13,13,0
S01008294,Electric (including storage heaters) central heating,102,23,79,78,7,71,18,11,7,6,5,1
S01008294,Oil central heating,5,0,5,4,0,4,1,0,1,0,0,0
S01008294,Solid fuel (for example wood coal) central heating,19,3,16,16,1,15,3,2,1,0,0,0
S01008294,Other central heating,4,0,4,4,0,4,0,0,0,0,0,0
S01008294,Two or more types of central heating,21,3,18,18,1,17,0,0,0,3,2,1
S01008295,All people in households,957,124,833,842,44,798,89,55,34,26,25,1
S01008295,No central heating,7,4,3,5,2,3,2,2,0,0,0,0
S01008295,Gas central heating,923,111,812,817,39,778,83,50,33,23,22,1
S01008295,Electric (including storage heaters) central heating,11,4,7,8,2,6,2,1,1,1,1,0
S01008295,Oil central heating,8,5,3,4,1,3,2,2,0,2,2,0
S01008295,Solid fuel (for example wood coal) central heating,0,0,0,0,0,0,0,0,0,0,0,0
S01008295,Other central heating,1,0,1,1,0,1,0,0,0,0,0,0
S01008295,Two or more types of central heating,7,0,7,7,0,7,0,0,0,0,0,0
S01008296,All people in households,687,168,519,533,48,485,109,76,33,45,44,1
S01008296,No central heating,3,1,2,0,0,0,2,1,1,1,0,1
S01008296,Gas central heating,646,155,491,507,46,461,101,71,30,38,38,0
S01008296,Electric (including storage heaters) central heating,17,5,12,11,0,11,4,3,1,2,2,0
S01008296,Oil central heating,1,1,0,1,1,0,0,0,0,0,0,0
S01008296,Solid fuel (for example wood coal) central heating,0,0,0,0,0,0,0,0,0,0,0,0
S01008296,Other central heating,0,0,0,0,0,0,0,0,0,0,0,0
S01008296,Two or more types of central heating,20,6,14,14,1,13,2,1,1,4,4,0
S01008297,All people in households,789,114,675,692,35,657,63,46,17,34,33,1
S01008297,No central heating,5,3,2,1,0,1,3,2,1,1,1,0
S01008297,Gas central heating,774,105,669,684,32,652,59,43,16,31,30,1
S01008297,Electric (including storage heaters) central heating,5,4,1,4,3,1,0,0,0,1,1,0
S01008297,Oil central heating,1,1,0,0,0,0,0,0,0,1,1,0
S01008297,Solid fuel (for example wood coal) central heating,0,0,0,0,0,0,0,0,0,0,0,0
S01008297,Other central heating,0,0,0,0,0,0,0,0,0,0,0,0
S01008297,Two or more types of central heating,4,1,3,3,0,3,1,1,0,0,0,0
S01008298,All people in households,745,125,620,636,41,595,77,52,25,32,32,0
S01008298,No central heating,14,1,13,10,0,10,4,1,3,0,0,0
S01008298,Gas central heating,622,101,521,539,34,505,57,41,16,26,26,0
S01008298,Electric (including storage heaters) central heating,12,4,8,7,0,7,4,3,1,1,1,0
S01008298,Oil central heating,50,4,46,44,0,44,5,3,2,1,1,0
S01008298,Solid fuel (for example wood coal) central heating,5,1,4,3,0,3,2,1,1,0,0,0
S01008298,Other central heating,24,9,15,18,5,13,4,2,2,2,2,0
S01008298,Two or more types of central heating,18,5,13,15,2,13,1,1,0,2,2,0
S01008299,All people in households,813,206,607,625,48,577,117,88,29,71,70,1
S01008299,No central heating,29,7,22,21,1,20,6,4,2,2,2,0
S01008299,Gas central heating,722,179,543,558,41,517,101,76,25,63,62,1
S01008299,Electric (including storage heaters) central heating,34,13,21,24,4,20,7,6,1,3,3,0
S01008299,Oil central heating,3,0,3,3,0,3,0,0,0,0,0,0
S01008299,Solid fuel (for example wood coal) central heating,0,0,0,0,0,0,0,0,0,0,0,0
S01008299,Other central heating,0,0,0,0,0,0,0,0,0,0,0,0
S01008299,Two or more types of central heating,25,7,18,19,2,17,3,2,1,3,3,0
S01008300,All people in households,846,194,652,667,50,617,111,81,30,68,63,5
S01008300,No central heating,21,6,15,16,1,15,4,4,0,1,1,0
S01008300,Gas central heating,785,175,610,627,48,579,94,68,26,64,59,5
S01008300,Electric (including storage heaters) central heating,23,10,13,12,1,11,9,7,2,2,2,0
S01008300,Oil central heating,4,0,4,4,0,4,0,0,0,0,0,0
S01008300,Solid fuel (for example wood coal) central heating,4,0,4,3,0,3,1,0,1,0,0,0
S01008300,Other central heating,0,0,0,0,0,0,0,0,0,0,0,0
S01008300,Two or more types of central heating,9,3,6,5,0,5,3,2,1,1,1,0
S01008301,All people in households,832,115,717,731,37,694,69,46,23,32,32,0
S01008301,No central heating,7,2,5,4,0,4,2,1,1,1,1,0
S01008301,Gas central heating,726,105,621,638,35,603,61,43,18,27,27,0
S01008301,Electric (including storage heaters) central heating,10,3,7,7,2,5,3,1,2,0,0,0
S01008301,Oil central heating,55,2,53,52,0,52,1,0,1,2,2,0
S01008301,Solid fuel (for example wood coal) central heating,2,0,2,2,0,2,0,0,0,0,0,0
S01008301,Other central heating,6,2,4,4,0,4,1,1,0,1,1,0
S01008301,Two or more types of central heating,26,1,25,24,0,24,1,0,1,1,1,0
S01008302,All people in households,745,104,641,662,43,619,62,40,22,21,21,0
S01008302,No central heating,7,4,3,5,2,3,1,1,0,1,1,0
S01008302,Gas central heating,528,64,464,474,26,448,41,25,16,13,13,0
S01008302,Electric (including storage heaters) central heating,22,9,13,17,5,12,3,2,1,2,2,0
S01008302,Oil central heating,134,20,114,117,7,110,13,9,4,4,4,0
S01008302,Solid fuel (for example wood coal) central heating,4,1,3,3,0,3,1,1,0,0,0,0
S01008302,Other central heating,26,4,22,24,2,22,1,1,0,1,1,0
S01008302,Two or more types of central heating,24,2,22,22,1,21,2,1,1,0,0,0
S01008303,All people in households,558,121,437,445,32,413,70,47,23,43,42,1
S01008303,No central heating,7,1,6,4,0,4,2,0,2,1,1,0
S01008303,Gas central heating,526,110,416,425,29,396,62,42,20,39,39,0
S01008303,Electric (including storage heaters) central heating,19,5,14,13,1,12,4,3,1,2,1,1
S01008303,Oil central heating,0,0,0,0,0,0,0,0,0,0,0,0
S01008303,Solid fuel (for example wood coal) central heating,0,0,0,0,0,0,0,0,0,0,0,0
S01008303,Other central heating,0,0,0,0,0,0,0,0,0,0,0,0
S01008303,Two or more types of central heating,6,5,1,3,2,1,2,2,0,1,1,0
S01008304,All people in households,476,89,387,411,32,379,45,37,8,20,20,0
S01008304,No central heating,8,2,6,7,1,6,0,0,0,1,1,0
S01008304,Gas central heating,422,75,347,365,26,339,39,31,8,18,18,0
S01008304,Electric (including storage heaters) central heating,18,9,9,12,3,9,5,5,0,1,1,0
S01008304,Oil central heating,18,1,17,17,0,17,1,1,0,0,0,0
S01008304,Solid fuel (for example wood coal) central heating,0,0,0,0,0,0,0,0,0,0,0,0
S01008304,Other central heating,0,0,0,0,0,0,0,0,0,0,0,0
S01008304,Two or more types of central heating,10,2,8,10,2,8,0,0,0,0,0,0
S01008305,All people in households,791,121,670,683,45,638,80,49,31,28,27,1
S01008305,No central heating,0,0,0,0,0,0,0,0,0,0,0,0
S01008305,Gas central heating,762,114,648,659,41,618,77,48,29,26,25,1
S01008305,Electric (including storage heaters) central heating,29,7,22,24,4,20,3,1,2,2,2,0
S01008305,Oil central heating,0,0,0,0,0,0,0,0,0,0,0,0
S01008305,Solid fuel (for example wood coal) central heating,0,0,0,0,0,0,0,0,0,0,0,0
S01008305,Other central heating,0,0,0,0,0,0,0,0,0,0,0,0
S01008305,Two or more types of central heating,0,0,0,0,0,0,0,0,0,0,0,0
S01008306,All people in households,611,91,520,540,41,499,53,33,20,18,17,1
S01008306,No central heating,2,0,2,2,0,2,0,0,0,0,0,0
S01008306,Gas central heating,597,89,508,527,40,487,52,32,20,18,17,1
S01008306,Electric (including storage heaters) central heating,8,2,6,7,1,6,1,1,0,0,0,0
S01008306,Oil central heating,0,0,0,0,0,0,0,0,0,0,0,0
S01008306,Solid fuel (for example wood coal) central heating,0,0,0,0,0,0,0,0,0,0,0,0
S01008306,Other central heating,0,0,0,0,0,0,0,0,0,0,0,0
S01008306,Two or more types of central heating,4,0,4,4,0,4,0,0,0,0,0,0
S01008307,All people in households,589,68,521,521,20,501,51,31,20,17,17,0
S01008307,No central heating,0,0,0,0,0,0,0,0,0,0,0,0
S01008307,Gas central heating,580,67,513,513,19,494,50,31,19,17,17,0
S01008307,Electric (including storage heaters) central heating,9,1,8,8,1,7,1,0,1,0,0,0
S01008307,Oil central heating,0,0,0,0,0,0,0,0,0,0,0,0
S01008307,Solid fuel (for example wood coal) central heating,0,0,0,0,0,0,0,0,0,0,0,0
S01008307,Other central heating,0,0,0,0,0,0,0,0,0,0,0,0
S01008307,Two or more types of central heating,0,0,0,0,0,0,0,0,0,0,0,0
S01008308,All people in households,566,88,478,496,38,458,56,36,20,14,14,0
S01008308,No central heating,0,0,0,0,0,0,0,0,0,0,0,0
S01008308,Gas central heating,542,81,461,476,35,441,53,33,20,13,13,0
S01008308,Electric (including storage heaters) central heating,11,1,10,11,1,10,0,0,0,0,0,0
S01008308,Oil central heating,6,3,3,3,0,3,2,2,0,1,1,0
S01008308,Solid fuel (for example wood coal) central heating,0,0,0,0,0,0,0,0,0,0,0,0
S01008308,Other central heating,0,0,0,0,0,0,0,0,0,0,0,0
S01008308,Two or more types of central heating,7,3,4,6,2,4,1,1,0,0,0,0
S01008309,All people in households,706,200,506,522,46,476,117,89,28,67,65,2
S01008309,No central heating,36,7,29,28,1,27,5,3,2,3,3,0
S01008309,Gas central heating,529,152,377,395,39,356,80,60,20,54,53,1
S01008309,Electric (including storage heaters) central heating,117,33,84,87,6,81,22,19,3,8,8,0
S01008309,Oil central heating,0,0,0,0,0,0,0,0,0,0,0,0
S01008309,Solid fuel (for example wood coal) central heating,0,0,0,0,0,0,0,0,0,0,0,0
S01008309,Other central heating,0,0,0,0,0,0,0,0,0,0,0,0
S01008309,Two or more types of central heating,24,8,16,12,0,12,10,7,3,2,1,1
S01008310,All people in households,949,241,708,744,79,665,150,110,40,55,52,3
S01008310,No central heating,26,11,15,19,4,15,4,4,0,3,3,0
S01008310,Gas central heating,752,169,583,599,53,546,117,83,34,36,33,3
S01008310,Electric (including storage heaters) central heating,160,56,104,119,21,98,28,22,6,13,13,0
S01008310,Oil central heating,0,0,0,0,0,0,0,0,0,0,0,0
S01008310,Solid fuel (for example wood coal) central heating,0,0,0,0,0,0,0,0,0,0,0,0
S01008310,Other central heating,1,0,1,1,0,1,0,0,0,0,0,0
S01008310,Two or more types of central heating,10,5,5,6,1,5,1,1,0,3,3,0
S01008311,All people in households,384,78,306,307,16,291,54,40,14,23,22,1
S01008311,No central heating,3,2,1,1,0,1,1,1,0,1,1,0
S01008311,Gas central heating,361,65,296,295,14,281,51,37,14,15,14,1
S01008311,Electric (including storage heaters) central heating,16,9,7,8,1,7,2,2,0,6,6,0
S01008311,Oil central heating,0,0,0,0,0,0,0,0,0,0,0,0
S01008311,Solid fuel (for example wood coal) central heating,0,0,0,0,0,0,0,0,0,0,0,0
S01008311,Other central heating,0,0,0,0,0,0,0,0,0,0,0,0
S01008311,Two or more types of central heating,4,2,2,3,1,2,0,0,0,1,1,0
S01008312,All people in households,413,69,344,354,27,327,41,26,15,18,16,2
S01008312,No central heating,4,0,4,4,0,4,0,0,0,0,0,0
S01008312,Gas central heating,386,65,321,331,25,306,38,25,13,17,15,2
S01008312,Electric (including storage heaters) central heating,21,3,18,18,2,16,2,0,2,1,1,0
S01008312,Oil central heating,0,0,0,0,0,0,0,0,0,0,0,0
S01008312,Solid fuel (for example wood coal) central heating,0,0,0,0,0,0,0,0,0,0,0,0
S01008312,Other central heating,2,1,1,1,0,1,1,1,0,0,0,0
S01008312,Two or more types of central heating,0,0,0,0,0,0,0,0,0,0,0,0
S01008313,All people in households,834,238,596,597,45,552,144,103,41,93,90,3
S01008313,No central heating,8,2,6,7,1,6,0,0,0,1,1,0
S01008313,Gas central heating,783,220,563,562,39,523,136,99,37,85,82,3
S01008313,Electric (including storage heaters) central heating,28,11,17,17,4,13,6,2,4,5,5,0
S01008313,Oil central heating,0,0,0,0,0,0,0,0,0,0,0,0
S01008313,Solid fuel (for example wood coal) central heating,0,0,0,0,0,0,0,0,0,0,0,0
S01008313,Other central heating,2,0,2,2,0,2,0,0,0,0,0,0
S01008313,Two or more types of central heating,13,5,8,9,1,8,2,2,0,2,2,0
S01008314,All people in households,566,119,447,452,29,423,60,39,21,54,51,3
S01008314,No central heating,4,1,3,2,0,2,1,0,1,1,1,0
S01008314,Gas central heating,521,110,411,417,28,389,54,35,19,50,47,3
S01008314,Electric (including storage heaters) central heating,21,2,19,18,0,18,3,2,1,0,0,0
S01008314,Oil central heating,0,0,0,0,0,0,0,0,0,0,0,0
S01008314,Solid fuel (for example wood coal) central heating,0,0,0,0,0,0,0,0,0,0,0,0
S01008314,Other central heating,6,0,6,6,0,6,0,0,0,0,0,0
S01008314,Two or more types of central heating,14,6,8,9,1,8,2,2,0,3,3,0
S01008315,All people in households,748,188,560,573,51,522,102,65,37,73,72,1
S01008315,No central heating,7,2,5,5,0,5,1,1,0,1,1,0
S01008315,Gas central heating,612,155,457,475,46,429,80,53,27,57,56,1
S01008315,Electric (including storage heaters) central heating,110,26,84,81,4,77,17,10,7,12,12,0
S01008315,Oil central heating,0,0,0,0,0,0,0,0,0,0,0,0
S01008315,Solid fuel (for example wood coal) central heating,0,0,0,0,0,0,0,0,0,0,0,0
S01008315,Other central heating,5,2,3,2,0,2,1,0,1,2,2,0
S01008315,Two or more types of central heating,14,3,11,10,1,9,3,1,2,1,1,0
S01008316,All people in households,598,150,448,449,33,416,69,38,31,80,79,1
S01008316,No central heating,3,2,1,0,0,0,1,0,1,2,2,0
S01008316,Gas central heating,555,131,424,427,30,397,59,33,26,69,68,1
S01008316,Electric (including storage heaters) central heating,4,3,1,0,0,0,1,0,1,3,3,0
S01008316,Oil central heating,1,1,0,1,1,0,0,0,0,0,0,0
S01008316,Solid fuel (for example wood coal) central heating,0,0,0,0,0,0,0,0,0,0,0,0
S01008316,Other central heating,5,1,4,4,0,4,0,0,0,1,1,0
S01008316,Two or more types of central heating,30,12,18,17,2,15,8,5,3,5,5,0
S01008317,All people in households,738,142,596,612,41,571,87,63,24,39,38,1
S01008317,No central heating,3,0,3,3,0,3,0,0,0,0,0,0
S01008317,Gas central heating,683,135,548,563,39,524,84,61,23,36,35,1
S01008317,Electric (including storage heaters) central heating,18,6,12,13,2,11,2,1,1,3,3,0
S01008317,Oil central heating,3,0,3,3,0,3,0,0,0,0,0,0
S01008317,Solid fuel (for example wood coal) central heating,0,0,0,0,0,0,0,0,0,0,0,0
S01008317,Other central heating,0,0,0,0,0,0,0,0,0,0,0,0
S01008317,Two or more types of central heating,31,1,30,30,0,30,1,1,0,0,0,0
S01008318,All people in households,923,135,788,823,61,762,77,52,25,23,22,1
S01008318,No central heating,6,1,5,5,0,5,0,0,0,1,1,0
S01008318,Gas central heating,778,119,659,690,53,637,69,47,22,19,19,0
S01008318,Electric (including storage heaters) central heating,110,10,100,102,5,97,6,4,2,2,1,1
S01008318,Oil central heating,10,1,9,10,1,9,0,0,0,0,0,0
S01008318,Solid fuel (for example wood coal) central heating,0,0,0,0,0,0,0,0,0,0,0,0
S01008318,Other central heating,5,0,5,5,0,5,0,0,0,0,0,0
S01008318,Two or more types of central heating,14,4,10,11,2,9,2,1,1,1,1,0
S01008319,All people in households,739,200,539,550,47,503,123,88,35,66,65,1
S01008319,No central heating,2,1,1,0,0,0,1,0,1,1,1,0
S01008319,Gas central heating,683,172,511,522,42,480,108,78,30,53,52,1
S01008319,Electric (including storage heaters) central heating,38,16,22,19,1,18,9,5,4,10,10,0
S01008319,Oil central heating,1,1,0,1,1,0,0,0,0,0,0,0
S01008319,Solid fuel (for example wood coal) central heating,0,0,0,0,0,0,0,0,0,0,0,0
S01008319,Other central heating,3,3,0,3,3,0,0,0,0,0,0,0
S01008319,Two or more types of central heating,12,7,5,5,0,5,5,5,0,2,2,0
S01008320,All people in households,633,171,462,483,51,432,108,79,29,42,41,1
S01008320,No central heating,10,5,5,6,1,5,0,0,0,4,4,0
S01008320,Gas central heating,580,158,422,444,49,395,102,76,26,34,33,1
S01008320,Electric (including storage heaters) central heating,29,6,23,22,1,21,4,2,2,3,3,0
S01008320,Oil central heating,2,1,1,0,0,0,2,1,1,0,0,0
S01008320,Solid fuel (for example wood coal) central heating,0,0,0,0,0,0,0,0,0,0,0,0
S01008320,Other central heating,0,0,0,0,0,0,0,0,0,0,0,0
S01008320,Two or more types of central heating,12,1,11,11,0,11,0,0,0,1,1,0
S01008321,All people in households,546,62,484,484,27,457,47,21,26,15,14,1
S01008321,No central heating,0,0,0,0,0,0,0,0,0,0,0,0
S01008321,Gas central heating,541,62,479,479,27,452,47,21,26,15,14,1
S01008321,Electric (including storage heaters) central heating,0,0,0,0,0,0,0,0,0,0,0,0
S01008321,Oil central heating,2,0,2,2,0,2,0,0,0,0,0,0
S01008321,Solid fuel (for example wood coal) central heating,0,0,0,0,0,0,0,0,0,0,0,0
S01008321,Other central heating,0,0,0,0,0,0,0,0,0,0,0,0
S01008321,Two or more types of central heating,3,0,3,3,0,3,0,0,0,0,0,0
S01008322,All people in households,1055,223,832,841,57,784,146,99,47,68,67,1
S01008322,No central heating,10,2,8,8,0,8,0,0,0,2,2,0
S01008322,Gas central heating,991,208,783,790,52,738,139,95,44,62,61,1
S01008322,Electric (including storage heaters) central heating,34,8,26,27,3,24,6,4,2,1,1,0
S01008322,Oil central heating,3,0,3,3,0,3,0,0,0,0,0,0
S01008322,Solid fuel (for example wood coal) central heating,0,0,0,0,0,0,0,0,0,0,0,0
S01008322,Other central heating,3,0,3,3,0,3,0,0,0,0,0,0
S01008322,Two or more types of central heating,14,5,9,10,2,8,1,0,1,3,3,0
S01008323,All people in households,799,181,618,631,48,583,100,65,35,68,68,0
S01008323,No central heating,11,3,8,7,0,7,2,1,1,2,2,0
S01008323,Gas central heating,732,164,568,580,44,536,91,59,32,61,61,0
S01008323,Electric (including storage heaters) central heating,39,9,30,30,2,28,6,4,2,3,3,0
S01008323,Oil central heating,4,1,3,4,1,3,0,0,0,0,0,0
S01008323,Solid fuel (for example wood coal) central heating,0,0,0,0,0,0,0,0,0,0,0,0
S01008323,Other central heating,0,0,0,0,0,0,0,0,0,0,0,0
S01008323,Two or more types of central heating,13,4,9,10,1,9,1,1,0,2,2,0
S01008324,All people in households,651,146,505,538,50,488,60,43,17,53,53,0
S01008324,No central heating,7,1,6,4,0,4,2,0,2,1,1,0
S01008324,Gas central heating,575,131,444,478,45,433,51,40,11,46,46,0
S01008324,Electric (including storage heaters) central heating,48,8,40,41,3,38,3,1,2,4,4,0
S01008324,Oil central heating,1,0,1,1,0,1,0,0,0,0,0,0
S01008324,Solid fuel (for example wood coal) central heating,3,3,0,2,2,0,0,0,0,1,1,0
S01008324,Other central heating,4,0,4,4,0,4,0,0,0,0,0,0
S01008324,Two or more types of central heating,13,3,10,8,0,8,4,2,2,1,1,0
S01008325,All people in households,764,147,617,622,45,577,92,55,37,50,47,3
S01008325,No central heating,3,0,3,3,0,3,0,0,0,0,0,0
S01008325,Gas central heating,680,127,553,562,43,519,77,46,31,41,38,3
S01008325,Electric (including storage heaters) central heating,68,15,53,48,1,47,13,7,6,7,7,0
S01008325,Oil central heating,0,0,0,0,0,0,0,0,0,0,0,0
S01008325,Solid fuel (for example wood coal) central heating,0,0,0,0,0,0,0,0,0,0,0,0
S01008325,Other central heating,0,0,0,0,0,0,0,0,0,0,0,0
S01008325,Two or more types of central heating,13,5,8,9,1,8,2,2,0,2,2,0
S01008326,All people in households,990,228,762,795,70,725,121,86,35,74,72,2
S01008326,No central heating,16,8,8,14,6,8,1,1,0,1,1,0
S01008326,Gas central heating,819,178,641,659,51,608,100,69,31,60,58,2
S01008326,Electric (including storage heaters) central heating,132,38,94,103,13,90,17,13,4,12,12,0
S01008326,Oil central heating,0,0,0,0,0,0,0,0,0,0,0,0
S01008326,Solid fuel (for example wood coal) central heating,0,0,0,0,0,0,0,0,0,0,0,0
S01008326,Other central heating,0,0,0,0,0,0,0,0,0,0,0,0
S01008326,Two or more types of central heating,23,4,19,19,0,19,3,3,0,1,1,0
S01008327,All people in households,857,204,653,660,48,612,136,97,39,61,59,2
S01008327,No central heating,9,7,2,2,1,1,5,4,1,2,2,0
S01008327,Gas central heating,823,189,634,640,45,595,127,90,37,56,54,2
S01008327,Electric (including storage heaters) central heating,11,5,6,8,2,6,1,1,0,2,2,0
S01008327,Oil central heating,0,0,0,0,0,0,0,0,0,0,0,0
S01008327,Solid fuel (for example wood coal) central heating,0,0,0,0,0,0,0,0,0,0,0,0
S01008327,Other central heating,0,0,0,0,0,0,0,0,0,0,0,0
S01008327,Two or more types of central heating,14,3,11,10,0,10,3,2,1,1,1,0
S01008328,All people in households,699,71,628,639,30,609,45,27,18,15,14,1
S01008328,No central heating,4,1,3,3,0,3,0,0,0,1,1,0
S01008328,Gas central heating,620,63,557,565,26,539,42,25,17,13,12,1
S01008328,Electric (including storage heaters) central heating,12,2,10,10,0,10,1,1,0,1,1,0
S01008328,Oil central heating,38,2,36,37,2,35,1,0,1,0,0,0
S01008328,Solid fuel (for example wood coal) central heating,0,0,0,0,0,0,0,0,0,0,0,0
S01008328,Other central heating,5,0,5,5,0,5,0,0,0,0,0,0
S01008328,Two or more types of central heating,20,3,17,19,2,17,1,1,0,0,0,0
S01008329,All people in households,883,87,796,806,37,769,60,35,25,17,15,2
S01008329,No central heating,0,0,0,0,0,0,0,0,0,0,0,0
S01008329,Gas central heating,878,86,792,803,37,766,58,34,24,17,15,2
S01008329,Electric (including storage heaters) central heating,2,0,2,1,0,1,1,0,1,0,0,0
S01008329,Oil central heating,0,0,0,0,0,0,0,0,0,0,0,0
S01008329,Solid fuel (for example wood coal) central heating,0,0,0,0,0,0,0,0,0,0,0,0
S01008329,Other central heating,0,0,0,0,0,0,0,0,0,0,0,0
S01008329,Two or more types of central heating,3,1,2,2,0,2,1,1,0,0,0,0
S01008330,All people in households,871,122,749,778,47,731,58,42,16,35,33,2
S01008330,No central heating,2,2,0,0,0,0,1,1,0,1,1,0
S01008330,Gas central heating,859,119,740,770,47,723,56,40,16,33,32,1
S01008330,Electric (including storage heaters) central heating,8,1,7,6,0,6,1,1,0,1,0,1
S01008330,Oil central heating,0,0,0,0,0,0,0,0,0,0,0,0
S01008330,Solid fuel (for example wood coal) central heating,0,0,0,0,0,0,0,0,0,0,0,0
S01008330,Other central heating,2,0,2,2,0,2,0,0,0,0,0,0
S01008330,Two or more types of central heating,0,0,0,0,0,0,0,0,0,0,0,0
S01008331,All people in households,602,64,538,558,34,524,31,17,14,13,13,0
S01008331,No central heating,1,0,1,1,0,1,0,0,0,0,0,0
S01008331,Gas central heating,545,49,496,508,24,484,26,14,12,11,11,0
S01008331,Electric (including storage heaters) central heating,36,5,31,31,2,29,3,1,2,2,2,0
S01008331,Oil central heating,2,2,0,1,1,0,1,1,0,0,0,0
S01008331,Solid fuel (for example wood coal) central heating,0,0,0,0,0,0,0,0,0,0,0,0
S01008331,Other central heating,6,5,1,6,5,1,0,0,0,0,0,0
S01008331,Two or more types of central heating,12,3,9,11,2,9,1,1,0,0,0,0
S01008332,All people in households,884,146,738,760,50,710,95,67,28,29,29,0
S01008332,No central heating,12,3,9,9,1,8,2,1,1,1,1,0
S01008332,Gas central heating,801,116,685,705,42,663,74,52,22,22,22,0
S01008332,Electric (including storage heaters) central heating,52,23,29,32,5,27,14,12,2,6,6,0
S01008332,Oil central heating,1,0,1,0,0,0,1,0,1,0,0,0
S01008332,Solid fuel (for example wood coal) central heating,1,0,1,1,0,1,0,0,0,0,0,0
S01008332,Other central heating,3,1,2,2,0,2,1,1,0,0,0,0
S01008332,Two or more types of central heating,14,3,11,11,2,9,3,1,2,0,0,0
S01008333,All people in households,943,222,721,761,65,696,122,98,24,60,59,1
S01008333,No central heating,1,1,0,0,0,0,0,0,0,1,1,0
S01008333,Gas central heating,924,211,713,753,64,689,116,92,24,55,55,0
S01008333,Electric (including storage heaters) central heating,6,3,3,3,0,3,3,3,0,0,0,0
S01008333,Oil central heating,4,2,2,1,0,1,1,1,0,2,1,1
S01008333,Solid fuel (for example wood coal) central heating,0,0,0,0,0,0,0,0,0,0,0,0
S01008333,Other central heating,0,0,0,0,0,0,0,0,0,0,0,0
S01008333,Two or more types of central heating,8,5,3,4,1,3,2,2,0,2,2,0
S01008334,All people in households,731,109,622,628,41,587,80,45,35,23,23,0
S01008334,No central heating,7,1,6,5,0,5,1,0,1,1,1,0
S01008334,Gas central heating,595,79,516,516,29,487,63,34,29,16,16,0
S01008334,Electric (including storage heaters) central heating,118,27,91,97,10,87,15,11,4,6,6,0
S01008334,Oil central heating,1,0,1,1,0,1,0,0,0,0,0,0
S01008334,Solid fuel (for example wood coal) central heating,0,0,0,0,0,0,0,0,0,0,0,0
S01008334,Other central heating,5,1,4,4,1,3,1,0,1,0,0,0
S01008334,Two or more types of central heating,5,1,4,5,1,4,0,0,0,0,0,0
S01008335,All people in households,763,157,606,619,46,573,97,67,30,47,44,3
S01008335,No central heating,4,2,2,2,0,2,2,2,0,0,0,0
S01008335,Gas central heating,727,142,585,600,45,555,86,59,27,41,38,3
S01008335,Electric (including storage heaters) central heating,22,8,14,13,1,12,7,5,2,2,2,0
S01008335,Oil central heating,5,2,3,2,0,2,2,1,1,1,1,0
S01008335,Solid fuel (for example wood coal) central heating,0,0,0,0,0,0,0,0,0,0,0,0
S01008335,Other central heating,0,0,0,0,0,0,0,0,0,0,0,0
S01008335,Two or more types of central heating,5,3,2,2,0,2,0,0,0,3,3,0
S01008336,All people in households,662,138,524,531,40,491,99,67,32,32,31,1
S01008336,No central heating,0,0,0,0,0,0,0,0,0,0,0,0
S01008336,Gas central heating,616,124,492,495,36,459,90,58,32,31,30,1
S01008336,Electric (including storage heaters) central heating,18,7,11,11,0,11,6,6,0,1,1,0
S01008336,Oil central heating,3,2,1,2,1,1,1,1,0,0,0,0
S01008336,Solid fuel (for example wood coal) central heating,0,0,0,0,0,0,0,0,0,0,0,0
S01008336,Other central heating,4,3,1,2,1,1,2,2,0,0,0,0
S01008336,Two or more types of central heating,21,2,19,21,2,19,0,0,0,0,0,0
S01008337,All people in households,906,106,800,814,31,783,66,50,16,26,25,1
S01008337,No central heating,3,0,3,3,0,3,0,0,0,0,0,0
S01008337,Gas central heating,860,96,764,774,27,747,63,47,16,23,22,1
S01008337,Electric (including storage heaters) central heating,10,5,5,6,1,5,2,2,0,2,2,0
S01008337,Oil central heating,0,0,0,0,0,0,0,0,0,0,0,0
S01008337,Solid fuel (for example wood coal) central heating,0,0,0,0,0,0,0,0,0,0,0,0
S01008337,Other central heating,10,0,10,10,0,10,0,0,0,0,0,0
S01008337,Two or more types of central heating,23,5,18,21,3,18,1,1,0,1,1,0
S01008338,All people in households,876,61,815,834,29,805,33,23,10,9,9,0
S01008338,No central heating,2,1,1,1,0,1,0,0,0,1,1,0
S01008338,Gas central heating,855,57,798,817,29,788,30,20,10,8,8,0
S01008338,Electric (including storage heaters) central heating,5,2,3,3,0,3,2,2,0,0,0,0
S01008338,Oil central heating,4,0,4,4,0,4,0,0,0,0,0,0
S01008338,Solid fuel (for example wood coal) central heating,0,0,0,0,0,0,0,0,0,0,0,0
S01008338,Other central heating,5,1,4,4,0,4,1,1,0,0,0,0
S01008338,Two or more types of central heating,5,0,5,5,0,5,0,0,0,0,0,0
S01008339,All people in households,629,65,564,584,36,548,29,15,14,16,14,2
S01008339,No central heating,8,2,6,6,0,6,1,1,0,1,1,0
S01008339,Gas central heating,576,61,515,537,35,502,25,14,11,14,12,2
S01008339,Electric (including storage heaters) central heating,41,2,39,38,1,37,2,0,2,1,1,0
S01008339,Oil central heating,0,0,0,0,0,0,0,0,0,0,0,0
S01008339,Solid fuel (for example wood coal) central heating,0,0,0,0,0,0,0,0,0,0,0,0
S01008339,Other central heating,0,0,0,0,0,0,0,0,0,0,0,0
S01008339,Two or more types of central heating,4,0,4,3,0,3,1,0,1,0,0,0
S01008340,All people in households,822,85,737,753,31,722,52,38,14,17,16,1
S01008340,No central heating,3,0,3,3,0,3,0,0,0,0,0,0
S01008340,Gas central heating,788,80,708,724,30,694,48,35,13,16,15,1
S01008340,Electric (including storage heaters) central heating,24,5,19,19,1,18,4,3,1,1,1,0
S01008340,Oil central heating,3,0,3,3,0,3,0,0,0,0,0,0
S01008340,Solid fuel (for example wood coal) central heating,0,0,0,0,0,0,0,0,0,0,0,0
S01008340,Other central heating,4,0,4,4,0,4,0,0,0,0,0,0
S01008340,Two or more types of central heating,0,0,0,0,0,0,0,0,0,0,0,0
S01008341,All people in households,700,45,655,669,25,644,22,11,11,9,9,0
S01008341,No central heating,0,0,0,0,0,0,0,0,0,0,0,0
S01008341,Gas central heating,684,45,639,653,25,628,22,11,11,9,9,0
S01008341,Electric (including storage heaters) central heating,3,0,3,3,0,3,0,0,0,0,0,0
S01008341,Oil central heating,4,0,4,4,0,4,0,0,0,0,0,0
S01008341,Solid fuel (for example wood coal) central heating,0,0,0,0,0,0,0,0,0,0,0,0
S01008341,Other central heating,0,0,0,0,0,0,0,0,0,0,0,0
S01008341,Two or more types of central heating,9,0,9,9,0,9,0,0,0,0,0,0
S01008342,All people in households,853,155,698,733,65,668,94,65,29,26,25,1
S01008342,No central heating,6,2,4,4,0,4,2,2,0,0,0,0
S01008342,Gas central heating,801,136,665,697,60,637,82,55,27,22,21,1
S01008342,Electric (including storage heaters) central heating,30,14,16,17,3,14,9,7,2,4,4,0
S01008342,Oil central heating,0,0,0,0,0,0,0,0,0,0,0,0
S01008342,Solid fuel (for example wood coal) central heating,0,0,0,0,0,0,0,0,0,0,0,0
S01008342,Other central heating,2,0,2,2,0,2,0,0,0,0,0,0
S01008342,Two or more types of central heating,14,3,11,13,2,11,1,1,0,0,0,0
S01008343,All people in households,848,111,737,768,57,711,68,43,25,12,11,1
S01008343,No central heating,4,0,4,3,0,3,1,0,1,0,0,0
S01008343,Gas central heating,825,107,718,747,54,693,66,42,24,12,11,1
S01008343,Electric (including storage heaters) central heating,6,3,3,5,2,3,1,1,0,0,0,0
S01008343,Oil central heating,6,1,5,6,1,5,0,0,0,0,0,0
S01008343,Solid fuel (for example wood coal) central heating,0,0,0,0,0,0,0,0,0,0,0,0
S01008343,Other central heating,0,0,0,0,0,0,0,0,0,0,0,0
S01008343,Two or more types of central heating,7,0,7,7,0,7,0,0,0,0,0,0
S01008344,All people in households,872,88,784,797,40,757,64,37,27,11,11,0
S01008344,No central heating,0,0,0,0,0,0,0,0,0,0,0,0
S01008344,Gas central heating,842,83,759,774,38,736,58,35,23,10,10,0
S01008344,Electric (including storage heaters) central heating,4,1,3,4,1,3,0,0,0,0,0,0
S01008344,Oil central heating,9,2,7,4,0,4,5,2,3,0,0,0
S01008344,Solid fuel (for example wood coal) central heating,0,0,0,0,0,0,0,0,0,0,0,0
S01008344,Other central heating,3,0,3,2,0,2,1,0,1,0,0,0
S01008344,Two or more types of central heating,14,2,12,13,1,12,0,0,0,1,1,0
S01008345,All people in households,916,106,810,834,43,791,67,48,19,15,15,0
S01008345,No central heating,1,1,0,1,1,0,0,0,0,0,0,0
S01008345,Gas central heating,876,93,783,805,37,768,57,42,15,14,14,0
S01008345,Electric (including storage heaters) central heating,5,1,4,4,1,3,1,0,1,0,0,0
S01008345,Oil central heating,18,5,13,13,3,10,4,1,3,1,1,0
S01008345,Solid fuel (for example wood coal) central heating,0,0,0,0,0,0,0,0,0,0,0,0
S01008345,Other central heating,2,1,1,1,0,1,1,1,0,0,0,0
S01008345,Two or more types of central heating,14,5,9,10,1,9,4,4,0,0,0,0
S01008346,All people in households,1023,114,909,932,45,887,64,43,21,27,26,1
S01008346,No central heating,1,0,1,0,0,0,1,0,1,0,0,0
S01008346,Gas central heating,984,110,874,898,44,854,61,42,19,25,24,1
S01008346,Electric (including storage heaters) central heating,17,2,15,15,0,15,0,0,0,2,2,0
S01008346,Oil central heating,5,1,4,5,1,4,0,0,0,0,0,0
S01008346,Solid fuel (for example wood coal) central heating,0,0,0,0,0,0,0,0,0,0,0,0
S01008346,Other central heating,0,0,0,0,0,0,0,0,0,0,0,0
S01008346,Two or more types of central heating,16,1,15,14,0,14,2,1,1,0,0,0
S01008347,All people in households,980,197,783,813,68,745,126,88,38,41,41,0
S01008347,No central heating,23,3,20,20,1,19,1,0,1,2,2,0
S01008347,Gas central heating,691,88,603,613,36,577,63,37,26,15,15,0
S01008347,Electric (including storage heaters) central heating,254,105,149,168,30,138,62,51,11,24,24,0
S01008347,Oil central heating,3,0,3,3,0,3,0,0,0,0,0,0
S01008347,Solid fuel (for example wood coal) central heating,0,0,0,0,0,0,0,0,0,0,0,0
S01008347,Other central heating,1,1,0,1,1,0,0,0,0,0,0,0
S01008347,Two or more types of central heating,8,0,8,8,0,8,0,0,0,0,0,0
S01008348,All people in households,734,125,609,630,45,585,81,57,24,23,23,0
S01008348,No central heating,12,1,11,11,0,11,0,0,0,1,1,0
S01008348,Gas central heating,588,88,500,517,33,484,58,42,16,13,13,0
S01008348,Electric (including storage heaters) central heating,125,36,89,94,12,82,22,15,7,9,9,0
S01008348,Oil central heating,5,0,5,4,0,4,1,0,1,0,0,0
S01008348,Solid fuel (for example wood coal) central heating,0,0,0,0,0,0,0,0,0,0,0,0
S01008348,Other central heating,1,0,1,1,0,1,0,0,0,0,0,0
S01008348,Two or more types of central heating,3,0,3,3,0,3,0,0,0,0,0,0
S01008349,All people in households,890,90,800,815,36,779,60,39,21,15,15,0
S01008349,No central heating,0,0,0,0,0,0,0,0,0,0,0,0
S01008349,Gas central heating,877,90,787,802,36,766,60,39,21,15,15,0
S01008349,Electric (including storage heaters) central heating,10,0,10,10,0,10,0,0,0,0,0,0
S01008349,Oil central heating,0,0,0,0,0,0,0,0,0,0,0,0
S01008349,Solid fuel (for example wood coal) central heating,0,0,0,0,0,0,0,0,0,0,0,0
S01008349,Other central heating,3,0,3,3,0,3,0,0,0,0,0,0
S01008349,Two or more types of central heating,0,0,0,0,0,0,0,0,0,0,0,0
S01008350,All people in households,589,96,493,508,32,476,57,41,16,24,23,1
S01008350,No central heating,2,1,1,0,0,0,2,1,1,0,0,0
S01008350,Gas central heating,575,94,481,499,32,467,53,40,13,23,22,1
S01008350,Electric (including storage heaters) central heating,8,1,7,6,0,6,1,0,1,1,1,0
S01008350,Oil central heating,3,0,3,2,0,2,1,0,1,0,0,0
S01008350,Solid fuel (for example wood coal) central heating,0,0,0,0,0,0,0,0,0,0,0,0
S01008350,Other central heating,0,0,0,0,0,0,0,0,0,0,0,0
S01008350,Two or more types of central heating,1,0,1,1,0,1,0,0,0,0,0,0
S01008351,All people in households,893,123,770,785,43,742,84,56,28,24,24,0
S01008351,No central heating,3,1,2,2,0,2,1,1,0,0,0,0
S01008351,Gas central heating,830,104,726,735,34,701,74,49,25,21,21,0
S01008351,Electric (including storage heaters) central heating,47,17,30,36,9,27,9,6,3,2,2,0
S01008351,Oil central heating,3,0,3,3,0,3,0,0,0,0,0,0
S01008351,Solid fuel (for example wood coal) central heating,0,0,0,0,0,0,0,0,0,0,0,0
S01008351,Other central heating,0,0,0,0,0,0,0,0,0,0,0,0
S01008351,Two or more types of central heating,10,1,9,9,0,9,0,0,0,1,1,0
S01008352,All people in households,674,82,592,603,26,577,48,33,15,23,23,0
S01008352,No central heating,0,0,0,0,0,0,0,0,0,0,0,0
S01008352,Gas central heating,668,81,587,600,26,574,45,32,13,23,23,0
S01008352,Electric (including storage heaters) central heating,0,0,0,0,0,0,0,0,0,0,0,0
S01008352,Oil central heating,1,1,0,0,0,0,1,1,0,0,0,0
S01008352,Solid fuel (for example wood coal) central heating,0,0,0,0,0,0,0,0,0,0,0,0
S01008352,Other central heating,0,0,0,0,0,0,0,0,0,0,0,0
S01008352,Two or more types of central heating,5,0,5,3,0,3,2,0,2,0,0,0
S01008353,All people in households,525,65,460,479,32,447,34,21,13,12,12,0
S01008353,No central heating,3,0,3,3,0,3,0,0,0,0,0,0
S01008353,Gas central heating,463,47,416,430,25,405,25,14,11,8,8,0
S01008353,Electric (including storage heaters) central heating,49,16,33,37,6,31,9,7,2,3,3,0
S01008353,Oil central heating,0,0,0,0,0,0,0,0,0,0,0,0
S01008353,Solid fuel (for example wood coal) central heating,0,0,0,0,0,0,0,0,0,0,0,0
S01008353,Other central heating,2,0,2,2,0,2,0,0,0,0,0,0
S01008353,Two or more types of central heating,8,2,6,7,1,6,0,0,0,1,1,0
S01008354,All people in households,698,107,591,618,44,574,61,44,17,19,19,0
S01008354,No central heating,11,2,9,10,1,9,0,0,0,1,1,0
S01008354,Gas central heating,458,69,389,402,24,378,42,31,11,14,14,0
S01008354,Electric (including storage heaters) central heating,14,3,11,11,1,10,3,2,1,0,0,0
S01008354,Oil central heating,184,28,156,168,15,153,12,9,3,4,4,0
S01008354,Solid fuel (for example wood coal) central heating,9,1,8,8,1,7,1,0,1,0,0,0
S01008354,Other central heating,11,0,11,10,0,10,1,0,1,0,0,0
S01008354,Two or more types of central heating,11,4,7,9,2,7,2,2,0,0,0,0
S01008355,All people in households,658,156,502,531,49,482,93,74,19,34,33,1
S01008355,No central heating,3,1,2,1,0,1,2,1,1,0,0,0
S01008355,Gas central heating,609,136,473,498,42,456,82,66,16,29,28,1
S01008355,Electric (including storage heaters) central heating,17,12,5,10,7,3,4,2,2,3,3,0
S01008355,Oil central heating,5,1,4,4,0,4,1,1,0,0,0,0
S01008355,Solid fuel (for example wood coal) central heating,0,0,0,0,0,0,0,0,0,0,0,0
S01008355,Other central heating,3,1,2,2,0,2,0,0,0,1,1,0
S01008355,Two or more types of central heating,21,5,16,16,0,16,4,4,0,1,1,0
S01008356,All people in households,587,70,517,517,21,496,49,34,15,21,15,6
S01008356,No central heating,2,2,0,0,0,0,1,1,0,1,1,0
S01008356,Gas central heating,568,59,509,505,15,490,45,31,14,18,13,5
S01008356,Electric (including storage heaters) central heating,4,3,1,2,2,0,2,1,1,0,0,0
S01008356,Oil central heating,4,4,0,3,3,0,0,0,0,1,1,0
S01008356,Solid fuel (for example wood coal) central heating,0,0,0,0,0,0,0,0,0,0,0,0
S01008356,Other central heating,1,0,1,0,0,0,0,0,0,1,0,1
S01008356,Two or more types of central heating,8,2,6,7,1,6,1,1,0,0,0,0
S01008357,All people in households,706,101,605,614,34,580,68,44,24,24,23,1
S01008357,No central heating,4,0,4,4,0,4,0,0,0,0,0,0
S01008357,Gas central heating,664,92,572,579,30,549,62,40,22,23,22,1
S01008357,Electric (including storage heaters) central heating,18,9,9,12,4,8,5,4,1,1,1,0
S01008357,Oil central heating,8,0,8,8,0,8,0,0,0,0,0,0
S01008357,Solid fuel (for example wood coal) central heating,0,0,0,0,0,0,0,0,0,0,0,0
S01008357,Other central heating,0,0,0,0,0,0,0,0,0,0,0,0
S01008357,Two or more types of central heating,12,0,12,11,0,11,1,0,1,0,0,0
S01008358,All people in households,697,164,533,552,48,504,89,62,27,56,54,2
S01008358,No central heating,12,6,6,5,1,4,5,3,2,2,2,0
S01008358,Gas central heating,645,148,497,515,43,472,81,58,23,49,47,2
S01008358,Electric (including storage heaters) central heating,15,4,11,10,1,9,2,0,2,3,3,0
S01008358,Oil central heating,21,6,15,18,3,15,1,1,0,2,2,0
S01008358,Solid fuel (for example wood coal) central heating,0,0,0,0,0,0,0,0,0,0,0,0
S01008358,Other central heating,0,0,0,0,0,0,0,0,0,0,0,0
S01008358,Two or more types of central heating,4,0,4,4,0,4,0,0,0,0,0,0
S01008359,All people in households,639,93,546,565,34,531,59,44,15,15,15,0
S01008359,No central heating,1,0,1,1,0,1,0,0,0,0,0,0
S01008359,Gas central heating,474,72,402,417,27,390,47,35,12,10,10,0
S01008359,Electric (including storage heaters) central heating,13,4,9,11,2,9,1,1,0,1,1,0
S01008359,Oil central heating,118,10,108,109,3,106,6,4,2,3,3,0
S01008359,Solid fuel (for example wood coal) central heating,2,1,1,1,0,1,1,1,0,0,0,0
S01008359,Other central heating,3,1,2,2,0,2,0,0,0,1,1,0
S01008359,Two or more types of central heating,28,5,23,24,2,22,4,3,1,0,0,0
S01008360,All people in households,844,100,744,762,42,720,59,39,20,23,19,4
S01008360,No central heating,4,0,4,3,0,3,0,0,0,1,0,1
S01008360,Gas central heating,800,92,708,725,39,686,54,35,19,21,18,3
S01008360,Electric (including storage heaters) central heating,9,4,5,6,2,4,3,2,1,0,0,0
S01008360,Oil central heating,14,1,13,13,0,13,1,1,0,0,0,0
S01008360,Solid fuel (for example wood coal) central heating,0,0,0,0,0,0,0,0,0,0,0,0
S01008360,Other central heating,2,1,1,1,0,1,1,1,0,0,0,0
S01008360,Two or more types of central heating,15,2,13,14,1,13,0,0,0,1,1,0
S01008361,All people in households,516,61,455,462,23,439,38,22,16,16,16,0
S01008361,No central heating,4,1,3,2,0,2,2,1,1,0,0,0
S01008361,Gas central heating,448,53,395,403,20,383,30,18,12,15,15,0
S01008361,Electric (including storage heaters) central heating,8,1,7,8,1,7,0,0,0,0,0,0
S01008361,Oil central heating,46,5,41,40,1,39,5,3,2,1,1,0
S01008361,Solid fuel (for example wood coal) central heating,0,0,0,0,0,0,0,0,0,0,0,0
S01008361,Other central heating,8,1,7,7,1,6,1,0,1,0,0,0
S01008361,Two or more types of central heating,2,0,2,2,0,2,0,0,0,0,0,0
S01008362,All people in households,956,105,851,855,38,817,78,46,32,23,21,2
S01008362,No central heating,1,0,1,1,0,1,0,0,0,0,0,0
S01008362,Gas central heating,916,98,818,821,37,784,75,43,32,20,18,2
S01008362,Electric (including storage heaters) central heating,17,4,13,13,0,13,2,2,0,2,2,0
S01008362,Oil central heating,4,1,3,3,0,3,1,1,0,0,0,0
S01008362,Solid fuel (for example wood coal) central heating,0,0,0,0,0,0,0,0,0,0,0,0
S01008362,Other central heating,0,0,0,0,0,0,0,0,0,0,0,0
S01008362,Two or more types of central heating,18,2,16,17,1,16,0,0,0,1,1,0
S01008363,All people in households,739,103,636,658,47,611,57,36,21,24,20,4
S01008363,No central heating,11,2,9,7,0,7,3,1,2,1,1,0
S01008363,Gas central heating,699,95,604,628,46,582,50,32,18,21,17,4
S01008363,Electric (including storage heaters) central heating,24,5,19,19,0,19,3,3,0,2,2,0
S01008363,Oil central heating,2,0,2,2,0,2,0,0,0,0,0,0
S01008363,Solid fuel (for example wood coal) central heating,0,0,0,0,0,0,0,0,0,0,0,0
S01008363,Other central heating,0,0,0,0,0,0,0,0,0,0,0,0
S01008363,Two or more types of central heating,3,1,2,2,1,1,1,0,1,0,0,0
S01008364,All people in households,761,105,656,677,43,634,67,45,22,17,17,0
S01008364,No central heating,10,1,9,10,1,9,0,0,0,0,0,0
S01008364,Gas central heating,735,102,633,652,41,611,66,44,22,17,17,0
S01008364,Electric (including storage heaters) central heating,7,1,6,7,1,6,0,0,0,0,0,0
S01008364,Oil central heating,5,1,4,4,0,4,1,1,0,0,0,0
S01008364,Solid fuel (for example wood coal) central heating,0,0,0,0,0,0,0,0,0,0,0,0
S01008364,Other central heating,0,0,0,0,0,0,0,0,0,0,0,0
S01008364,Two or more types of central heating,4,0,4,4,0,4,0,0,0,0,0,0
S01008365,All people in households,674,98,576,584,36,548,66,38,28,24,24,0
S01008365,No central heating,0,0,0,0,0,0,0,0,0,0,0,0
S01008365,Gas central heating,612,88,524,533,34,499,57,32,25,22,22,0
S01008365,Electric (including storage heaters) central heating,30,4,26,25,0,25,3,2,1,2,2,0
S01008365,Oil central heating,25,4,21,23,2,21,2,2,0,0,0,0
S01008365,Solid fuel (for example wood coal) central heating,2,0,2,2,0,2,0,0,0,0,0,0
S01008365,Other central heating,0,0,0,0,0,0,0,0,0,0,0,0
S01008365,Two or more types of central heating,5,2,3,1,0,1,4,2,2,0,0,0
S01008366,All people in households,897,196,701,734,63,671,110,80,30,53,53,0
S01008366,No central heating,4,1,3,3,0,3,1,1,0,0,0,0
S01008366,Gas central heating,762,139,623,643,40,603,78,58,20,41,41,0
S01008366,Electric (including storage heaters) central heating,114,49,65,77,22,55,29,19,10,8,8,0
S01008366,Oil central heating,0,0,0,0,0,0,0,0,0,0,0,0
S01008366,Solid fuel (for example wood coal) central heating,0,0,0,0,0,0,0,0,0,0,0,0
S01008366,Other central heating,2,2,0,0,0,0,1,1,0,1,1,0
S01008366,Two or more types of central heating,15,5,10,11,1,10,1,1,0,3,3,0
S01008367,All people in households,727,163,564,575,53,522,102,66,36,50,44,6
S01008367,No central heating,4,0,4,4,0,4,0,0,0,0,0,0
S01008367,Gas central heating,667,150,517,526,48,478,93,60,33,48,42,6
S01008367,Electric (including storage heaters) central heating,33,11,22,23,4,19,8,5,3,2,2,0
S01008367,Oil central heating,2,0,2,2,0,2,0,0,0,0,0,0
S01008367,Solid fuel (for example wood coal) central heating,0,0,0,0,0,0,0,0,0,0,0,0
S01008367,Other central heating,3,0,3,3,0,3,0,0,0,0,0,0
S01008367,Two or more types of central heating,18,2,16,17,1,16,1,1,0,0,0,0
S01008368,All people in households,657,104,553,566,34,532,75,56,19,16,14,2
S01008368,No central heating,10,4,6,7,1,6,3,3,0,0,0,0
S01008368,Gas central heating,552,89,463,471,28,443,65,47,18,16,14,2
S01008368,Electric (including storage heaters) central heating,90,11,79,83,5,78,7,6,1,0,0,0
S01008368,Oil central heating,1,0,1,1,0,1,0,0,0,0,0,0
S01008368,Solid fuel (for example wood coal) central heating,0,0,0,0,0,0,0,0,0,0,0,0
S01008368,Other central heating,1,0,1,1,0,1,0,0,0,0,0,0
S01008368,Two or more types of central heating,3,0,3,3,0,3,0,0,0,0,0,0
S01008369,All people in households,529,76,453,458,21,437,46,31,15,25,24,1
S01008369,No central heating,1,1,0,0,0,0,0,0,0,1,1,0
S01008369,Gas central heating,509,74,435,439,20,419,46,31,15,24,23,1
S01008369,Electric (including storage heaters) central heating,8,0,8,8,0,8,0,0,0,0,0,0
S01008369,Oil central heating,4,1,3,4,1,3,0,0,0,0,0,0
S01008369,Solid fuel (for example wood coal) central heating,0,0,0,0,0,0,0,0,0,0,0,0
S01008369,Other central heating,0,0,0,0,0,0,0,0,0,0,0,0
S01008369,Two or more types of central heating,7,0,7,7,0,7,0,0,0,0,0,0
S01008370,All people in households,692,97,595,614,40,574,63,42,21,15,15,0
S01008370,No central heating,10,1,9,9,0,9,1,1,0,0,0,0
S01008370,Gas central heating,651,94,557,578,39,539,58,40,18,15,15,0
S01008370,Electric (including storage heaters) central heating,22,1,21,19,0,19,3,1,2,0,0,0
S01008370,Oil central heating,2,0,2,2,0,2,0,0,0,0,0,0
S01008370,Solid fuel (for example wood coal) central heating,0,0,0,0,0,0,0,0,0,0,0,0
S01008370,Other central heating,0,0,0,0,0,0,0,0,0,0,0,0
S01008370,Two or more types of central heating,7,1,6,6,1,5,1,0,1,0,0,0
S01008371,All people in households,808,80,728,745,28,717,44,33,11,19,19,0
S01008371,No central heating,2,0,2,2,0,2,0,0,0,0,0,0
S01008371,Gas central heating,783,74,709,724,26,698,42,31,11,17,17,0
S01008371,Electric (including storage heaters) central heating,10,2,8,9,1,8,0,0,0,1,1,0
S01008371,Oil central heating,7,3,4,5,1,4,1,1,0,1,1,0
S01008371,Solid fuel (for example wood coal) central heating,0,0,0,0,0,0,0,0,0,0,0,0
S01008371,Other central heating,0,0,0,0,0,0,0,0,0,0,0,0
S01008371,Two or more types of central heating,6,1,5,5,0,5,1,1,0,0,0,0
S01008372,All people in households,790,84,706,715,38,677,58,30,28,17,16,1
S01008372,No central heating,8,2,6,7,1,6,1,1,0,0,0,0
S01008372,Gas central heating,757,73,684,691,35,656,52,25,27,14,13,1
S01008372,Electric (including storage heaters) central heating,12,7,5,5,1,4,5,4,1,2,2,0
S01008372,Oil central heating,3,0,3,3,0,3,0,0,0,0,0,0
S01008372,Solid fuel (for example wood coal) central heating,0,0,0,0,0,0,0,0,0,0,0,0
S01008372,Other central heating,0,0,0,0,0,0,0,0,0,0,0,0
S01008372,Two or more types of central heating,10,2,8,9,1,8,0,0,0,1,1,0
S01008373,All people in households,795,74,721,738,32,706,40,26,14,17,16,1
S01008373,No central heating,1,0,1,1,0,1,0,0,0,0,0,0
S01008373,Gas central heating,785,71,714,730,31,699,40,26,14,15,14,1
S01008373,Electric (including storage heaters) central heating,5,2,3,4,1,3,0,0,0,1,1,0
S01008373,Oil central heating,0,0,0,0,0,0,0,0,0,0,0,0
S01008373,Solid fuel (for example wood coal) central heating,2,0,2,2,0,2,0,0,0,0,0,0
S01008373,Other central heating,0,0,0,0,0,0,0,0,0,0,0,0
S01008373,Two or more types of central heating,2,1,1,1,0,1,0,0,0,1,1,0
S01008374,All people in households,705,93,612,632,46,586,62,38,24,11,9,2
S01008374,No central heating,0,0,0,0,0,0,0,0,0,0,0,0
S01008374,Gas central heating,659,80,579,596,40,556,54,33,21,9,7,2
S01008374,Electric (including storage heaters) central heating,24,6,18,18,2,16,4,2,2,2,2,0
S01008374,Oil central heating,4,3,1,3,2,1,1,1,0,0,0,0
S01008374,Solid fuel (for example wood coal) central heating,0,0,0,0,0,0,0,0,0,0,0,0
S01008374,Other central heating,5,2,3,3,0,3,2,2,0,0,0,0
S01008374,Two or more types of central heating,13,2,11,12,2,10,1,0,1,0,0,0
S01008375,All people in households,789,102,687,714,41,673,59,47,12,16,14,2
S01008375,No central heating,0,0,0,0,0,0,0,0,0,0,0,0
S01008375,Gas central heating,775,98,677,706,41,665,56,44,12,13,13,0
S01008375,Electric (including storage heaters) central heating,2,2,0,0,0,0,1,1,0,1,1,0
S01008375,Oil central heating,1,0,1,1,0,1,0,0,0,0,0,0
S01008375,Solid fuel (for example wood coal) central heating,0,0,0,0,0,0,0,0,0,0,0,0
S01008375,Other central heating,0,0,0,0,0,0,0,0,0,0,0,0
S01008375,Two or more types of central heating,11,2,9,7,0,7,2,2,0,2,0,2
S01008376,All people in households,550,55,495,490,16,474,45,25,20,15,14,1
S01008376,No central heating,3,0,3,2,0,2,1,0,1,0,0,0
S01008376,Gas central heating,530,53,477,475,16,459,41,24,17,14,13,1
S01008376,Electric (including storage heaters) central heating,11,2,9,7,0,7,3,1,2,1,1,0
S01008376,Oil central heating,0,0,0,0,0,0,0,0,0,0,0,0
S01008376,Solid fuel (for example wood coal) central heating,0,0,0,0,0,0,0,0,0,0,0,0
S01008376,Other central heating,0,0,0,0,0,0,0,0,0,0,0,0
S01008376,Two or more types of central heating,6,0,6,6,0,6,0,0,0,0,0,0
S01008377,All people in households,746,92,654,672,34,638,60,44,16,14,14,0
S01008377,No central heating,5,3,2,2,0,2,3,3,0,0,0,0
S01008377,Gas central heating,694,80,614,629,31,598,53,37,16,12,12,0
S01008377,Electric (including storage heaters) central heating,35,8,27,30,3,27,4,4,0,1,1,0
S01008377,Oil central heating,0,0,0,0,0,0,0,0,0,0,0,0
S01008377,Solid fuel (for example wood coal) central heating,0,0,0,0,0,0,0,0,0,0,0,0
S01008377,Other central heating,0,0,0,0,0,0,0,0,0,0,0,0
S01008377,Two or more types of central heating,12,1,11,11,0,11,0,0,0,1,1,0
S01008378,All people in households,1015,174,841,891,73,818,99,78,21,25,23,2
S01008378,No central heating,4,2,2,2,0,2,2,2,0,0,0,0
S01008378,Gas central heating,906,110,796,826,52,774,64,44,20,16,14,2
S01008378,Electric (including storage heaters) central heating,84,57,27,46,20,26,31,30,1,7,7,0
S01008378,Oil central heating,4,0,4,4,0,4,0,0,0,0,0,0
S01008378,Solid fuel (for example wood coal) central heating,0,0,0,0,0,0,0,0,0,0,0,0
S01008378,Other central heating,0,0,0,0,0,0,0,0,0,0,0,0
S01008378,Two or more types of central heating,17,5,12,13,1,12,2,2,0,2,2,0
S01008379,All people in households,530,86,444,464,33,431,47,34,13,19,19,0
S01008379,No central heating,2,1,1,1,0,1,1,1,0,0,0,0
S01008379,Gas central heating,516,81,435,456,33,423,43,31,12,17,17,0
S01008379,Electric (including storage heaters) central heating,6,1,5,4,0,4,1,0,1,1,1,0
S01008379,Oil central heating,0,0,0,0,0,0,0,0,0,0,0,0
S01008379,Solid fuel (for example wood coal) central heating,0,0,0,0,0,0,0,0,0,0,0,0
S01008379,Other central heating,0,0,0,0,0,0,0,0,0,0,0,0
S01008379,Two or more types of central heating,6,3,3,3,0,3,2,2,0,1,1,0
S01008380,All people in households,649,63,586,594,24,570,42,26,16,13,13,0
S01008380,No central heating,4,0,4,4,0,4,0,0,0,0,0,0
S01008380,Gas central heating,639,61,578,585,23,562,41,25,16,13,13,0
S01008380,Electric (including storage heaters) central heating,3,1,2,2,0,2,1,1,0,0,0,0
S01008380,Oil central heating,2,0,2,2,0,2,0,0,0,0,0,0
S01008380,Solid fuel (for example wood coal) central heating,0,0,0,0,0,0,0,0,0,0,0,0
S01008380,Other central heating,0,0,0,0,0,0,0,0,0,0,0,0
S01008380,Two or more types of central heating,1,1,0,1,1,0,0,0,0,0,0,0
S01008381,All people in households,649,54,595,603,21,582,31,18,13,15,15,0
S01008381,No central heating,0,0,0,0,0,0,0,0,0,0,0,0
S01008381,Gas central heating,642,51,591,599,21,578,28,15,13,15,15,0
S01008381,Electric (including storage heaters) central heating,5,3,2,2,0,2,3,3,0,0,0,0
S01008381,Oil central heating,0,0,0,0,0,0,0,0,0,0,0,0
S01008381,Solid fuel (for example wood coal) central heating,0,0,0,0,0,0,0,0,0,0,0,0
S01008381,Other central heating,0,0,0,0,0,0,0,0,0,0,0,0
S01008381,Two or more types of central heating,2,0,2,2,0,2,0,0,0,0,0,0
S01008382,All people in households,650,100,550,567,30,537,58,46,12,25,24,1
S01008382,No central heating,3,0,3,3,0,3,0,0,0,0,0,0
S01008382,Gas central heating,618,96,522,538,29,509,56,44,12,24,23,1
S01008382,Electric (including storage heaters) central heating,9,4,5,6,1,5,2,2,0,1,1,0
S01008382,Oil central heating,0,0,0,0,0,0,0,0,0,0,0,0
S01008382,Solid fuel (for example wood coal) central heating,0,0,0,0,0,0,0,0,0,0,0,0
S01008382,Other central heating,9,0,9,9,0,9,0,0,0,0,0,0
S01008382,Two or more types of central heating,11,0,11,11,0,11,0,0,0,0,0,0
S01008383,All people in households,480,61,419,434,24,410,33,24,9,13,13,0
S01008383,No central heating,2,2,0,1,1,0,1,1,0,0,0,0
S01008383,Gas central heating,464,55,409,423,23,400,29,20,9,12,12,0
S01008383,Electric (including storage heaters) central heating,11,2,9,9,0,9,1,1,0,1,1,0
S01008383,Oil central heating,2,1,1,1,0,1,1,1,0,0,0,0
S01008383,Solid fuel (for example wood coal) central heating,0,0,0,0,0,0,0,0,0,0,0,0
S01008383,Other central heating,0,0,0,0,0,0,0,0,0,0,0,0
S01008383,Two or more types of central heating,1,1,0,0,0,0,1,1,0,0,0,0
S01008384,All people in households,968,142,826,840,43,797,93,67,26,35,32,3
S01008384,No central heating,4,0,4,4,0,4,0,0,0,0,0,0
S01008384,Gas central heating,943,135,808,822,41,781,86,62,24,35,32,3
S01008384,Electric (including storage heaters) central heating,13,7,6,6,2,4,7,5,2,0,0,0
S01008384,Oil central heating,1,0,1,1,0,1,0,0,0,0,0,0
S01008384,Solid fuel (for example wood coal) central heating,0,0,0,0,0,0,0,0,0,0,0,0
S01008384,Other central heating,0,0,0,0,0,0,0,0,0,0,0,0
S01008384,Two or more types of central heating,7,0,7,7,0,7,0,0,0,0,0,0
S01008385,All people in households,674,100,574,592,39,553,55,34,21,27,27,0
S01008385,No central heating,2,0,2,2,0,2,0,0,0,0,0,0
S01008385,Gas central heating,656,97,559,575,37,538,54,33,21,27,27,0
S01008385,Electric (including storage heaters) central heating,10,1,9,10,1,9,0,0,0,0,0,0
S01008385,Oil central heating,0,0,0,0,0,0,0,0,0,0,0,0
S01008385,Solid fuel (for example wood coal) central heating,0,0,0,0,0,0,0,0,0,0,0,0
S01008385,Other central heating,0,0,0,0,0,0,0,0,0,0,0,0
S01008385,Two or more types of central heating,6,2,4,5,1,4,1,1,0,0,0,0
S01008386,All people in households,795,109,686,694,37,657,83,55,28,18,17,1
S01008386,No central heating,6,2,4,4,0,4,2,2,0,0,0,0
S01008386,Gas central heating,773,103,670,679,37,642,77,50,27,17,16,1
S01008386,Electric (including storage heaters) central heating,11,4,7,6,0,6,4,3,1,1,1,0
S01008386,Oil central heating,0,0,0,0,0,0,0,0,0,0,0,0
S01008386,Solid fuel (for example wood coal) central heating,0,0,0,0,0,0,0,0,0,0,0,0
S01008386,Other central heating,0,0,0,0,0,0,0,0,0,0,0,0
S01008386,Two or more types of central heating,5,0,5,5,0,5,0,0,0,0,0,0
S01008387,All people in households,609,61,548,534,14,520,58,30,28,17,17,0
S01008387,No central heating,7,2,5,4,0,4,2,1,1,1,1,0
S01008387,Gas central heating,584,57,527,514,14,500,54,27,27,16,16,0
S01008387,Electric (including storage heaters) central heating,7,1,6,6,0,6,1,1,0,0,0,0
S01008387,Oil central heating,0,0,0,0,0,0,0,0,0,0,0,0
S01008387,Solid fuel (for example wood coal) central heating,0,0,0,0,0,0,0,0,0,0,0,0
S01008387,Other central heating,2,1,1,1,0,1,1,1,0,0,0,0
S01008387,Two or more types of central heating,9,0,9,9,0,9,0,0,0,0,0,0
S01008388,All people in households,637,74,563,584,25,559,30,26,4,23,23,0
S01008388,No central heating,7,1,6,7,1,6,0,0,0,0,0,0
S01008388,Gas central heating,589,70,519,537,22,515,29,25,4,23,23,0
S01008388,Electric (including storage heaters) central heating,18,2,16,18,2,16,0,0,0,0,0,0
S01008388,Oil central heating,0,0,0,0,0,0,0,0,0,0,0,0
S01008388,Solid fuel (for example wood coal) central heating,0,0,0,0,0,0,0,0,0,0,0,0
S01008388,Other central heating,0,0,0,0,0,0,0,0,0,0,0,0
S01008388,Two or more types of central heating,23,1,22,22,0,22,1,1,0,0,0,0
S01008389,All people in households,621,163,458,500,56,444,88,74,14,33,33,0
S01008389,No central heating,7,0,7,7,0,7,0,0,0,0,0,0
S01008389,Gas central heating,519,120,399,434,46,388,61,50,11,24,24,0
S01008389,Electric (including storage heaters) central heating,94,42,52,59,10,49,26,23,3,9,9,0
S01008389,Oil central heating,0,0,0,0,0,0,0,0,0,0,0,0
S01008389,Solid fuel (for example wood coal) central heating,0,0,0,0,0,0,0,0,0,0,0,0
S01008389,Other central heating,0,0,0,0,0,0,0,0,0,0,0,0
S01008389,Two or more types of central heating,1,1,0,0,0,0,1,1,0,0,0,0
S01008390,All people in households,619,86,533,551,31,520,57,44,13,11,11,0
S01008390,No central heating,4,0,4,4,0,4,0,0,0,0,0,0
S01008390,Gas central heating,592,79,513,529,29,500,54,41,13,9,9,0
S01008390,Electric (including storage heaters) central heating,11,5,6,6,0,6,3,3,0,2,2,0
S01008390,Oil central heating,0,0,0,0,0,0,0,0,0,0,0,0
S01008390,Solid fuel (for example wood coal) central heating,0,0,0,0,0,0,0,0,0,0,0,0
S01008390,Other central heating,5,2,3,5,2,3,0,0,0,0,0,0
S01008390,Two or more types of central heating,7,0,7,7,0,7,0,0,0,0,0,0
S01008391,All people in households,785,156,629,654,45,609,106,86,20,25,25,0
S01008391,No central heating,2,0,2,2,0,2,0,0,0,0,0,0
S01008391,Gas central heating,735,128,607,629,41,588,85,66,19,21,21,0
S01008391,Electric (including storage heaters) central heating,42,26,16,19,4,15,20,19,1,3,3,0
S01008391,Oil central heating,0,0,0,0,0,0,0,0,0,0,0,0
S01008391,Solid fuel (for example wood coal) central heating,0,0,0,0,0,0,0,0,0,0,0,0
S01008391,Other central heating,0,0,0,0,0,0,0,0,0,0,0,0
S01008391,Two or more types of central heating,6,2,4,4,0,4,1,1,0,1,1,0
S01008392,All people in households,906,101,805,826,38,788,64,48,16,16,15,1
S01008392,No central heating,1,0,1,1,0,1,0,0,0,0,0,0
S01008392,Gas central heating,887,98,789,812,38,774,61,47,14,14,13,1
S01008392,Electric (including storage heaters) central heating,9,3,6,6,0,6,1,1,0,2,2,0
S01008392,Oil central heating,1,0,1,1,0,1,0,0,0,0,0,0
S01008392,Solid fuel (for example wood coal) central heating,2,0,2,2,0,2,0,0,0,0,0,0
S01008392,Other central heating,0,0,0,0,0,0,0,0,0,0,0,0
S01008392,Two or more types of central heating,6,0,6,4,0,4,2,0,2,0,0,0
S01008393,All people in households,836,163,673,708,60,648,105,80,25,23,23,0
S01008393,No central heating,5,0,5,5,0,5,0,0,0,0,0,0
S01008393,Gas central heating,771,129,642,669,49,620,86,64,22,16,16,0
S01008393,Electric (including storage heaters) central heating,52,33,19,26,10,16,19,16,3,7,7,0
S01008393,Oil central heating,0,0,0,0,0,0,0,0,0,0,0,0
S01008393,Solid fuel (for example wood coal) central heating,0,0,0,0,0,0,0,0,0,0,0,0
S01008393,Other central heating,0,0,0,0,0,0,0,0,0,0,0,0
S01008393,Two or more types of central heating,8,1,7,8,1,7,0,0,0,0,0,0
S01008394,All people in households,832,67,765,779,26,753,43,31,12,10,10,0
S01008394,No central heating,0,0,0,0,0,0,0,0,0,0,0,0
S01008394,Gas central heating,810,63,747,759,24,735,41,29,12,10,10,0
S01008394,Electric (including storage heaters) central heating,12,2,10,11,1,10,1,1,0,0,0,0
S01008394,Oil central heating,0,0,0,0,0,0,0,0,0,0,0,0
S01008394,Solid fuel (for example wood coal) central heating,0,0,0,0,0,0,0,0,0,0,0,0
S01008394,Other central heating,3,1,2,3,1,2,0,0,0,0,0,0
S01008394,Two or more types of central heating,7,1,6,6,0,6,1,1,0,0,0,0
S01008395,All people in households,531,59,472,478,21,457,42,27,15,11,11,0
S01008395,No central heating,0,0,0,0,0,0,0,0,0,0,0,0
S01008395,Gas central heating,520,55,465,469,19,450,42,27,15,9,9,0
S01008395,Electric (including storage heaters) central heating,7,3,4,6,2,4,0,0,0,1,1,0
S01008395,Oil central heating,0,0,0,0,0,0,0,0,0,0,0,0
S01008395,Solid fuel (for example wood coal) central heating,0,0,0,0,0,0,0,0,0,0,0,0
S01008395,Other central heating,0,0,0,0,0,0,0,0,0,0,0,0
S01008395,Two or more types of central heating,4,1,3,3,0,3,0,0,0,1,1,0
S01008396,All people in households,626,134,492,503,35,468,91,67,24,32,32,0
S01008396,No central heating,9,4,5,6,1,5,3,3,0,0,0,0
S01008396,Gas central heating,433,60,373,378,18,360,40,27,13,15,15,0
S01008396,Electric (including storage heaters) central heating,181,69,112,118,16,102,47,37,10,16,16,0
S01008396,Oil central heating,1,0,1,1,0,1,0,0,0,0,0,0
S01008396,Solid fuel (for example wood coal) central heating,0,0,0,0,0,0,0,0,0,0,0,0
S01008396,Other central heating,0,0,0,0,0,0,0,0,0,0,0,0
S01008396,Two or more types of central heating,2,1,1,0,0,0,1,0,1,1,1,0
S01008397,All people in households,935,87,848,855,30,825,64,41,23,16,16,0
S01008397,No central heating,6,0,6,6,0,6,0,0,0,0,0,0
S01008397,Gas central heating,914,87,827,834,30,804,64,41,23,16,16,0
S01008397,Electric (including storage heaters) central heating,3,0,3,3,0,3,0,0,0,0,0,0
S01008397,Oil central heating,2,0,2,2,0,2,0,0,0,0,0,0
S01008397,Solid fuel (for example wood coal) central heating,0,0,0,0,0,0,0,0,0,0,0,0
S01008397,Other central heating,0,0,0,0,0,0,0,0,0,0,0,0
S01008397,Two or more types of central heating,10,0,10,10,0,10,0,0,0,0,0,0
S01008398,All people in households,587,117,470,499,47,452,69,51,18,19,19,0
S01008398,No central heating,2,2,0,0,0,0,2,2,0,0,0,0
S01008398,Gas central heating,565,108,457,485,46,439,61,43,18,19,19,0
S01008398,Electric (including storage heaters) central heating,12,4,8,9,1,8,3,3,0,0,0,0
S01008398,Oil central heating,4,1,3,3,0,3,1,1,0,0,0,0
S01008398,Solid fuel (for example wood coal) central heating,0,0,0,0,0,0,0,0,0,0,0,0
S01008398,Other central heating,0,0,0,0,0,0,0,0,0,0,0,0
S01008398,Two or more types of central heating,4,2,2,2,0,2,2,2,0,0,0,0
S01008399,All people in households,536,107,429,439,37,402,84,58,26,13,12,1
S01008399,No central heating,3,1,2,1,0,1,2,1,1,0,0,0
S01008399,Gas central heating,503,101,402,415,35,380,77,55,22,11,11,0
S01008399,Electric (including storage heaters) central heating,15,3,12,12,2,10,3,1,2,0,0,0
S01008399,Oil central heating,1,0,1,1,0,1,0,0,0,0,0,0
S01008399,Solid fuel (for example wood coal) central heating,0,0,0,0,0,0,0,0,0,0,0,0
S01008399,Other central heating,0,0,0,0,0,0,0,0,0,0,0,0
S01008399,Two or more types of central heating,14,2,12,10,0,10,2,1,1,2,1,1
S01008400,All people in households,690,95,595,602,30,572,68,45,23,20,20,0
S01008400,No central heating,1,0,1,1,0,1,0,0,0,0,0,0
S01008400,Gas central heating,666,88,578,582,27,555,64,41,23,20,20,0
S01008400,Electric (including storage heaters) central heating,14,6,8,11,3,8,3,3,0,0,0,0
S01008400,Oil central heating,0,0,0,0,0,0,0,0,0,0,0,0
S01008400,Solid fuel (for example wood coal) central heating,0,0,0,0,0,0,0,0,0,0,0,0
S01008400,Other central heating,0,0,0,0,0,0,0,0,0,0,0,0
S01008400,Two or more types of central heating,9,1,8,8,0,8,1,1,0,0,0,0
S01008401,All people in households,968,170,798,826,66,760,110,75,35,32,29,3
S01008401,No central heating,4,3,1,1,1,0,3,2,1,0,0,0
S01008401,Gas central heating,878,120,758,783,57,726,75,46,29,20,17,3
S01008401,Electric (including storage heaters) central heating,77,45,32,35,8,27,31,26,5,11,11,0
S01008401,Oil central heating,3,0,3,3,0,3,0,0,0,0,0,0
S01008401,Solid fuel (for example wood coal) central heating,0,0,0,0,0,0,0,0,0,0,0,0
S01008401,Other central heating,2,0,2,2,0,2,0,0,0,0,0,0
S01008401,Two or more types of central heating,4,2,2,2,0,2,1,1,0,1,1,0
S01008402,All people in households,1092,158,934,949,58,891,107,67,40,36,33,3
S01008402,No central heating,2,0,2,2,0,2,0,0,0,0,0,0
S01008402,Gas central heating,1063,150,913,926,55,871,103,64,39,34,31,3
S01008402,Electric (including storage heaters) central heating,15,7,8,10,3,7,3,2,1,2,2,0
S01008402,Oil central heating,4,1,3,3,0,3,1,1,0,0,0,0
S01008402,Solid fuel (for example wood coal) central heating,0,0,0,0,0,0,0,0,0,0,0,0
S01008402,Other central heating,0,0,0,0,0,0,0,0,0,0,0,0
S01008402,Two or more types of central heating,8,0,8,8,0,8,0,0,0,0,0,0
S01008403,All people in households,610,71,539,556,28,528,43,33,10,11,10,1
S01008403,No central heating,0,0,0,0,0,0,0,0,0,0,0,0
S01008403,Gas central heating,601,70,531,548,28,520,42,32,10,11,10,1
S01008403,Electric (including storage heaters) central heating,0,0,0,0,0,0,0,0,0,0,0,0
S01008403,Oil central heating,0,0,0,0,0,0,0,0,0,0,0,0
S01008403,Solid fuel (for example wood coal) central heating,0,0,0,0,0,0,0,0,0,0,0,0
S01008403,Other central heating,1,0,1,1,0,1,0,0,0,0,0,0
S01008403,Two or more types of central heating,8,1,7,7,0,7,1,1,0,0,0,0
S01008404,All people in households,886,114,772,781,41,740,78,47,31,27,26,1
S01008404,No central heating,3,0,3,2,0,2,1,0,1,0,0,0
S01008404,Gas central heating,826,89,737,742,31,711,65,39,26,19,19,0
S01008404,Electric (including storage heaters) central heating,54,25,29,34,10,24,12,8,4,8,7,1
S01008404,Oil central heating,0,0,0,0,0,0,0,0,0,0,0,0
S01008404,Solid fuel (for example wood coal) central heating,0,0,0,0,0,0,0,0,0,0,0,0
S01008404,Other central heating,0,0,0,0,0,0,0,0,0,0,0,0
S01008404,Two or more types of central heating,3,0,3,3,0,3,0,0,0,0,0,0
S01008405,All people in households,771,58,713,716,18,698,39,24,15,16,16,0
S01008405,No central heating,1,0,1,1,0,1,0,0,0,0,0,0
S01008405,Gas central heating,753,56,697,699,17,682,39,24,15,15,15,0
S01008405,Electric (including storage heaters) central heating,10,2,8,9,1,8,0,0,0,1,1,0
S01008405,Oil central heating,0,0,0,0,0,0,0,0,0,0,0,0
S01008405,Solid fuel (for example wood coal) central heating,0,0,0,0,0,0,0,0,0,0,0,0
S01008405,Other central heating,0,0,0,0,0,0,0,0,0,0,0,0
S01008405,Two or more types of central heating,7,0,7,7,0,7,0,0,0,0,0,0
S01008406,All people in households,966,234,732,770,65,705,137,110,27,59,59,0
S01008406,No central heating,0,0,0,0,0,0,0,0,0,0,0,0
S01008406,Gas central heating,837,141,696,707,35,672,98,74,24,32,32,0
S01008406,Electric (including storage heaters) central heating,120,88,32,57,28,29,37,34,3,26,26,0
S01008406,Oil central heating,3,3,0,1,1,0,1,1,0,1,1,0
S01008406,Solid fuel (for example wood coal) central heating,1,1,0,0,0,0,1,1,0,0,0,0
S01008406,Other central heating,0,0,0,0,0,0,0,0,0,0,0,0
S01008406,Two or more types of central heating,5,1,4,5,1,4,0,0,0,0,0,0
S01008407,All people in households,522,163,359,398,56,342,87,70,17,37,37,0
S01008407,No central heating,9,6,3,3,0,3,5,5,0,1,1,0
S01008407,Gas central heating,377,96,281,310,41,269,51,39,12,16,16,0
S01008407,Electric (including storage heaters) central heating,126,57,69,76,12,64,31,26,5,19,19,0
S01008407,Oil central heating,1,1,0,1,1,0,0,0,0,0,0,0
S01008407,Solid fuel (for example wood coal) central heating,0,0,0,0,0,0,0,0,0,0,0,0
S01008407,Other central heating,4,1,3,4,1,3,0,0,0,0,0,0
S01008407,Two or more types of central heating,5,2,3,4,1,3,0,0,0,1,1,0
S01008408,All people in households,667,71,596,605,33,572,51,28,23,11,10,1
S01008408,No central heating,14,0,14,12,0,12,2,0,2,0,0,0
S01008408,Gas central heating,632,65,567,575,30,545,47,26,21,10,9,1
S01008408,Electric (including storage heaters) central heating,7,2,5,7,2,5,0,0,0,0,0,0
S01008408,Oil central heating,0,0,0,0,0,0,0,0,0,0,0,0
S01008408,Solid fuel (for example wood coal) central heating,0,0,0,0,0,0,0,0,0,0,0,0
S01008408,Other central heating,2,0,2,2,0,2,0,0,0,0,0,0
S01008408,Two or more types of central heating,12,4,8,9,1,8,2,2,0,1,1,0
S01008409,All people in households,832,177,655,665,46,619,117,83,34,50,48,2
S01008409,No central heating,11,2,9,10,1,9,0,0,0,1,1,0
S01008409,Gas central heating,683,134,549,555,38,517,89,59,30,39,37,2
S01008409,Electric (including storage heaters) central heating,118,40,78,81,7,74,28,24,4,9,9,0
S01008409,Oil central heating,1,0,1,1,0,1,0,0,0,0,0,0
S01008409,Solid fuel (for example wood coal) central heating,0,0,0,0,0,0,0,0,0,0,0,0
S01008409,Other central heating,0,0,0,0,0,0,0,0,0,0,0,0
S01008409,Two or more types of central heating,19,1,18,18,0,18,0,0,0,1,1,0
S01008410,All people in households,589,135,454,467,40,427,88,61,27,34,34,0
S01008410,No central heating,6,1,5,5,0,5,1,1,0,0,0,0
S01008410,Gas central heating,515,96,419,423,29,394,64,39,25,28,28,0
S01008410,Electric (including storage heaters) central heating,57,37,20,29,11,18,23,21,2,5,5,0
S01008410,Oil central heating,0,0,0,0,0,0,0,0,0,0,0,0
S01008410,Solid fuel (for example wood coal) central heating,0,0,0,0,0,0,0,0,0,0,0,0
S01008410,Other central heating,0,0,0,0,0,0,0,0,0,0,0,0
S01008410,Two or more types of central heating,11,1,10,10,0,10,0,0,0,1,1,0
S01008411,All people in households,604,98,506,523,42,481,55,31,24,26,25,1
S01008411,No central heating,17,2,15,15,0,15,2,2,0,0,0,0
S01008411,Gas central heating,493,73,420,438,33,405,36,22,14,19,18,1
S01008411,Electric (including storage heaters) central heating,88,21,67,65,8,57,16,6,10,7,7,0
S01008411,Oil central heating,0,0,0,0,0,0,0,0,0,0,0,0
S01008411,Solid fuel (for example wood coal) central heating,3,1,2,3,1,2,0,0,0,0,0,0
S01008411,Other central heating,1,0,1,1,0,1,0,0,0,0,0,0
S01008411,Two or more types of central heating,2,1,1,1,0,1,1,1,0,0,0,0
S01008412,All people in households,706,132,574,598,46,552,76,54,22,32,32,0
S01008412,No central heating,6,5,1,2,1,1,2,2,0,2,2,0
S01008412,Gas central heating,680,121,559,579,41,538,72,51,21,29,29,0
S01008412,Electric (including storage heaters) central heating,6,1,5,4,0,4,1,0,1,1,1,0
S01008412,Oil central heating,0,0,0,0,0,0,0,0,0,0,0,0
S01008412,Solid fuel (for example wood coal) central heating,0,0,0,0,0,0,0,0,0,0,0,0
S01008412,Other central heating,1,0,1,1,0,1,0,0,0,0,0,0
S01008412,Two or more types of central heating,13,5,8,12,4,8,1,1,0,0,0,0
S01008413,All people in households,549,110,439,446,30,416,68,46,22,35,34,1
S01008413,No central heating,2,1,1,2,1,1,0,0,0,0,0,0
S01008413,Gas central heating,521,102,419,424,26,398,63,43,20,34,33,1
S01008413,Electric (including storage heaters) central heating,25,7,18,20,3,17,4,3,1,1,1,0
S01008413,Oil central heating,0,0,0,0,0,0,0,0,0,0,0,0
S01008413,Solid fuel (for example wood coal) central heating,0,0,0,0,0,0,0,0,0,0,0,0
S01008413,Other central heating,0,0,0,0,0,0,0,0,0,0,0,0
S01008413,Two or more types of central heating,1,0,1,0,0,0,1,0,1,0,0,0
S01008414,All people in households,458,59,399,420,26,394,22,17,5,16,16,0
S01008414,No central heating,7,0,7,7,0,7,0,0,0,0,0,0
S01008414,Gas central heating,447,57,390,409,24,385,22,17,5,16,16,0
S01008414,Electric (including storage heaters) central heating,4,2,2,4,2,2,0,0,0,0,0,0
S01008414,Oil central heating,0,0,0,0,0,0,0,0,0,0,0,0
S01008414,Solid fuel (for example wood coal) central heating,0,0,0,0,0,0,0,0,0,0,0,0
S01008414,Other central heating,0,0,0,0,0,0,0,0,0,0,0,0
S01008414,Two or more types of central heating,0,0,0,0,0,0,0,0,0,0,0,0
S01008415,All people in households,841,158,683,723,61,662,75,55,20,43,42,1
S01008415,No central heating,14,7,7,12,5,7,1,1,0,1,1,0
S01008415,Gas central heating,802,144,658,693,55,638,68,49,19,41,40,1
S01008415,Electric (including storage heaters) central heating,13,4,9,9,1,8,4,3,1,0,0,0
S01008415,Oil central heating,0,0,0,0,0,0,0,0,0,0,0,0
S01008415,Solid fuel (for example wood coal) central heating,0,0,0,0,0,0,0,0,0,0,0,0
S01008415,Other central heating,3,1,2,2,0,2,1,1,0,0,0,0
S01008415,Two or more types of central heating,9,2,7,7,0,7,1,1,0,1,1,0
S01008416,All people in households,941,191,750,757,51,706,113,72,41,71,68,3
S01008416,No central heating,13,5,8,7,2,5,5,2,3,1,1,0
S01008416,Gas central heating,808,155,653,660,43,617,89,56,33,59,56,3
S01008416,Electric (including storage heaters) central heating,107,27,80,81,6,75,17,12,5,9,9,0
S01008416,Oil central heating,3,2,1,1,0,1,2,2,0,0,0,0
S01008416,Solid fuel (for example wood coal) central heating,0,0,0,0,0,0,0,0,0,0,0,0
S01008416,Other central heating,0,0,0,0,0,0,0,0,0,0,0,0
S01008416,Two or more types of central heating,10,2,8,8,0,8,0,0,0,2,2,0
S01008417,All people in households,726,95,631,657,43,614,52,36,16,17,16,1
S01008417,No central heating,8,4,4,4,0,4,3,3,0,1,1,0
S01008417,Gas central heating,614,81,533,559,40,519,41,28,13,14,13,1
S01008417,Electric (including storage heaters) central heating,15,2,13,13,1,12,2,1,1,0,0,0
S01008417,Oil central heating,68,2,66,65,1,64,2,0,2,1,1,0
S01008417,Solid fuel (for example wood coal) central heating,2,0,2,2,0,2,0,0,0,0,0,0
S01008417,Other central heating,7,3,4,4,0,4,2,2,0,1,1,0
S01008417,Two or more types of central heating,12,3,9,10,1,9,2,2,0,0,0,0
S01008418,All people in households,692,101,591,612,41,571,61,41,20,19,19,0
S01008418,No central heating,10,1,9,8,0,8,2,1,1,0,0,0
S01008418,Gas central heating,584,84,500,520,32,488,48,36,12,16,16,0
S01008418,Electric (including storage heaters) central heating,8,5,3,5,3,2,2,1,1,1,1,0
S01008418,Oil central heating,67,6,61,59,2,57,6,2,4,2,2,0
S01008418,Solid fuel (for example wood coal) central heating,0,0,0,0,0,0,0,0,0,0,0,0
S01008418,Other central heating,2,1,1,2,1,1,0,0,0,0,0,0
S01008418,Two or more types of central heating,21,4,17,18,3,15,3,1,2,0,0,0
S01008419,All people in households,500,64,436,449,20,429,34,27,7,17,17,0
S01008419,No central heating,0,0,0,0,0,0,0,0,0,0,0,0
S01008419,Gas central heating,453,56,397,407,16,391,32,26,6,14,14,0
S01008419,Electric (including storage heaters) central heating,15,5,10,12,3,9,1,0,1,2,2,0
S01008419,Oil central heating,16,0,16,16,0,16,0,0,0,0,0,0
S01008419,Solid fuel (for example wood coal) central heating,2,0,2,2,0,2,0,0,0,0,0,0
S01008419,Other central heating,13,2,11,11,0,11,1,1,0,1,1,0
S01008419,Two or more types of central heating,1,1,0,1,1,0,0,0,0,0,0,0
S01008420,All people in households,476,72,404,413,29,384,53,33,20,10,10,0
S01008420,No central heating,0,0,0,0,0,0,0,0,0,0,0,0
S01008420,Gas central heating,460,70,390,398,28,370,53,33,20,9,9,0
S01008420,Electric (including storage heaters) central heating,10,0,10,10,0,10,0,0,0,0,0,0
S01008420,Oil central heating,4,1,3,4,1,3,0,0,0,0,0,0
S01008420,Solid fuel (for example wood coal) central heating,0,0,0,0,0,0,0,0,0,0,0,0
S01008420,Other central heating,2,1,1,1,0,1,0,0,0,1,1,0
S01008420,Two or more types of central heating,0,0,0,0,0,0,0,0,0,0,0,0
S01008421,All people in households,858,155,703,730,55,675,87,61,26,41,39,2
S01008421,No central heating,6,1,5,5,1,4,1,0,1,0,0,0
S01008421,Gas central heating,768,131,637,657,47,610,77,52,25,34,32,2
S01008421,Electric (including storage heaters) central heating,52,18,34,39,5,34,8,8,0,5,5,0
S01008421,Oil central heating,9,1,8,9,1,8,0,0,0,0,0,0
S01008421,Solid fuel (for example wood coal) central heating,3,1,2,3,1,2,0,0,0,0,0,0
S01008421,Other central heating,2,2,0,0,0,0,0,0,0,2,2,0
S01008421,Two or more types of central heating,18,1,17,17,0,17,1,1,0,0,0,0
S01008422,All people in households,621,87,534,558,34,524,49,39,10,14,14,0
S01008422,No central heating,4,2,2,2,0,2,2,2,0,0,0,0
S01008422,Gas central heating,557,61,496,516,26,490,32,26,6,9,9,0
S01008422,Electric (including storage heaters) central heating,46,24,22,26,8,18,15,11,4,5,5,0
S01008422,Oil central heating,0,0,0,0,0,0,0,0,0,0,0,0
S01008422,Solid fuel (for example wood coal) central heating,0,0,0,0,0,0,0,0,0,0,0,0
S01008422,Other central heating,0,0,0,0,0,0,0,0,0,0,0,0
S01008422,Two or more types of central heating,14,0,14,14,0,14,0,0,0,0,0,0
S01008423,All people in households,1063,134,929,987,70,917,54,44,10,22,20,2
S01008423,No central heating,3,1,2,2,0,2,0,0,0,1,1,0
S01008423,Gas central heating,917,106,811,858,54,804,43,36,7,16,16,0
S01008423,Electric (including storage heaters) central heating,19,8,11,15,5,10,3,3,0,1,0,1
S01008423,Oil central heating,81,9,72,77,7,70,2,0,2,2,2,0
S01008423,Solid fuel (for example wood coal) central heating,14,2,12,11,0,11,2,2,0,1,0,1
S01008423,Other central heating,12,2,10,10,1,9,1,0,1,1,1,0
S01008423,Two or more types of central heating,17,6,11,14,3,11,3,3,0,0,0,0
S01008424,All people in households,835,136,699,746,61,685,66,52,14,23,23,0
S01008424,No central heating,3,3,0,2,2,0,1,1,0,0,0,0
S01008424,Gas central heating,808,131,677,723,58,665,63,51,12,22,22,0
S01008424,Electric (including storage heaters) central heating,7,0,7,6,0,6,1,0,1,0,0,0
S01008424,Oil central heating,4,0,4,3,0,3,1,0,1,0,0,0
S01008424,Solid fuel (for example wood coal) central heating,0,0,0,0,0,0,0,0,0,0,0,0
S01008424,Other central heating,0,0,0,0,0,0,0,0,0,0,0,0
S01008424,Two or more types of central heating,13,2,11,12,1,11,0,0,0,1,1,0
S01008425,All people in households,955,143,812,840,60,780,88,58,30,27,25,2
S01008425,No central heating,8,1,7,7,0,7,1,1,0,0,0,0
S01008425,Gas central heating,832,122,710,728,48,680,78,50,28,26,24,2
S01008425,Electric (including storage heaters) central heating,65,11,54,58,6,52,7,5,2,0,0,0
S01008425,Oil central heating,24,2,22,24,2,22,0,0,0,0,0,0
S01008425,Solid fuel (for example wood coal) central heating,12,2,10,12,2,10,0,0,0,0,0,0
S01008425,Other central heating,9,3,6,7,1,6,2,2,0,0,0,0
S01008425,Two or more types of central heating,5,2,3,4,1,3,0,0,0,1,1,0
S01008426,All people in households,573,125,448,470,49,421,81,55,26,22,21,1
S01008426,No central heating,6,4,2,4,2,2,1,1,0,1,1,0
S01008426,Gas central heating,539,116,423,443,45,398,75,51,24,21,20,1
S01008426,Electric (including storage heaters) central heating,19,3,16,17,2,15,2,1,1,0,0,0
S01008426,Oil central heating,0,0,0,0,0,0,0,0,0,0,0,0
S01008426,Solid fuel (for example wood coal) central heating,0,0,0,0,0,0,0,0,0,0,0,0
S01008426,Other central heating,0,0,0,0,0,0,0,0,0,0,0,0
S01008426,Two or more types of central heating,9,2,7,6,0,6,3,2,1,0,0,0
S01008427,All people in households,1068,105,963,992,54,938,57,33,24,19,18,1
S01008427,No central heating,4,1,3,3,0,3,0,0,0,1,1,0
S01008427,Gas central heating,1044,103,941,970,54,916,56,32,24,18,17,1
S01008427,Electric (including storage heaters) central heating,9,1,8,8,0,8,1,1,0,0,0,0
S01008427,Oil central heating,2,0,2,2,0,2,0,0,0,0,0,0
S01008427,Solid fuel (for example wood coal) central heating,0,0,0,0,0,0,0,0,0,0,0,0
S01008427,Other central heating,0,0,0,0,0,0,0,0,0,0,0,0
S01008427,Two or more types of central heating,9,0,9,9,0,9,0,0,0,0,0,0
S01008428,All people in households,676,169,507,529,52,477,102,72,30,45,45,0
S01008428,No central heating,4,2,2,2,0,2,1,1,0,1,1,0
S01008428,Gas central heating,642,151,491,514,51,463,88,60,28,40,40,0
S01008428,Electric (including storage heaters) central heating,20,9,11,11,1,10,8,7,1,1,1,0
S01008428,Oil central heating,0,0,0,0,0,0,0,0,0,0,0,0
S01008428,Solid fuel (for example wood coal) central heating,0,0,0,0,0,0,0,0,0,0,0,0
S01008428,Other central heating,0,0,0,0,0,0,0,0,0,0,0,0
S01008428,Two or more types of central heating,10,7,3,2,0,2,5,4,1,3,3,0
S01008429,All people in households,841,146,695,737,62,675,81,61,20,23,23,0
S01008429,No central heating,6,2,4,5,2,3,1,0,1,0,0,0
S01008429,Gas central heating,819,138,681,720,58,662,77,58,19,22,22,0
S01008429,Electric (including storage heaters) central heating,7,3,4,5,1,4,2,2,0,0,0,0
S01008429,Oil central heating,0,0,0,0,0,0,0,0,0,0,0,0
S01008429,Solid fuel (for example wood coal) central heating,0,0,0,0,0,0,0,0,0,0,0,0
S01008429,Other central heating,1,1,0,1,1,0,0,0,0,0,0,0
S01008429,Two or more types of central heating,8,2,6,6,0,6,1,1,0,1,1,0
S01008430,All people in households,666,112,554,586,48,538,62,47,15,18,17,1
S01008430,No central heating,9,1,8,8,0,8,1,1,0,0,0,0
S01008430,Gas central heating,638,107,531,563,47,516,59,45,14,16,15,1
S01008430,Electric (including storage heaters) central heating,10,2,8,8,0,8,0,0,0,2,2,0
S01008430,Oil central heating,6,1,5,6,1,5,0,0,0,0,0,0
S01008430,Solid fuel (for example wood coal) central heating,2,1,1,0,0,0,2,1,1,0,0,0
S01008430,Other central heating,0,0,0,0,0,0,0,0,0,0,0,0
S01008430,Two or more types of central heating,1,0,1,1,0,1,0,0,0,0,0,0
S01008431,All people in households,842,148,694,727,55,672,91,71,20,24,22,2
S01008431,No central heating,3,2,1,1,0,1,2,2,0,0,0,0
S01008431,Gas central heating,811,136,675,707,53,654,81,62,19,23,21,2
S01008431,Electric (including storage heaters) central heating,19,8,11,11,1,10,7,6,1,1,1,0
S01008431,Oil central heating,0,0,0,0,0,0,0,0,0,0,0,0
S01008431,Solid fuel (for example wood coal) central heating,3,1,2,2,0,2,1,1,0,0,0,0
S01008431,Other central heating,0,0,0,0,0,0,0,0,0,0,0,0
S01008431,Two or more types of central heating,6,1,5,6,1,5,0,0,0,0,0,0
S01008432,All people in households,701,100,601,634,50,584,53,38,15,14,12,2
S01008432,No central heating,2,1,1,2,1,1,0,0,0,0,0,0
S01008432,Gas central heating,666,94,572,603,47,556,50,36,14,13,11,2
S01008432,Electric (including storage heaters) central heating,13,5,8,9,2,7,3,2,1,1,1,0
S01008432,Oil central heating,12,0,12,12,0,12,0,0,0,0,0,0
S01008432,Solid fuel (for example wood coal) central heating,0,0,0,0,0,0,0,0,0,0,0,0
S01008432,Other central heating,8,0,8,8,0,8,0,0,0,0,0,0
S01008432,Two or more types of central heating,0,0,0,0,0,0,0,0,0,0,0,0
S01008433,All people in households,807,116,691,701,44,657,85,55,30,21,17,4
S01008433,No central heating,9,2,7,7,0,7,2,2,0,0,0,0
S01008433,Gas central heating,787,114,673,683,44,639,83,53,30,21,17,4
S01008433,Electric (including storage heaters) central heating,8,0,8,8,0,8,0,0,0,0,0,0
S01008433,Oil central heating,0,0,0,0,0,0,0,0,0,0,0,0
S01008433,Solid fuel (for example wood coal) central heating,0,0,0,0,0,0,0,0,0,0,0,0
S01008433,Other central heating,0,0,0,0,0,0,0,0,0,0,0,0
S01008433,Two or more types of central heating,3,0,3,3,0,3,0,0,0,0,0,0
S01008434,All people in households,801,114,687,725,57,668,60,41,19,16,16,0
S01008434,No central heating,18,5,13,14,2,12,4,3,1,0,0,0
S01008434,Gas central heating,756,102,654,692,53,639,49,34,15,15,15,0
S01008434,Electric (including storage heaters) central heating,22,4,18,16,1,15,5,2,3,1,1,0
S01008434,Oil central heating,0,0,0,0,0,0,0,0,0,0,0,0
S01008434,Solid fuel (for example wood coal) central heating,0,0,0,0,0,0,0,0,0,0,0,0
S01008434,Other central heating,0,0,0,0,0,0,0,0,0,0,0,0
S01008434,Two or more types of central heating,5,3,2,3,1,2,2,2,0,0,0,0
S01008435,All people in households,766,98,668,700,48,652,50,35,15,16,15,1
S01008435,No central heating,5,1,4,4,0,4,0,0,0,1,1,0
S01008435,Gas central heating,746,93,653,683,46,637,48,33,15,15,14,1
S01008435,Electric (including storage heaters) central heating,11,4,7,9,2,7,2,2,0,0,0,0
S01008435,Oil central heating,0,0,0,0,0,0,0,0,0,0,0,0
S01008435,Solid fuel (for example wood coal) central heating,0,0,0,0,0,0,0,0,0,0,0,0
S01008435,Other central heating,0,0,0,0,0,0,0,0,0,0,0,0
S01008435,Two or more types of central heating,4,0,4,4,0,4,0,0,0,0,0,0
S01008436,All people in households,836,105,731,762,46,716,56,41,15,18,18,0
S01008436,No central heating,2,0,2,2,0,2,0,0,0,0,0,0
S01008436,Gas central heating,814,101,713,744,46,698,54,39,15,16,16,0
S01008436,Electric (including storage heaters) central heating,18,4,14,14,0,14,2,2,0,2,2,0
S01008436,Oil central heating,0,0,0,0,0,0,0,0,0,0,0,0
S01008436,Solid fuel (for example wood coal) central heating,0,0,0,0,0,0,0,0,0,0,0,0
S01008436,Other central heating,0,0,0,0,0,0,0,0,0,0,0,0
S01008436,Two or more types of central heating,2,0,2,2,0,2,0,0,0,0,0,0
S01008437,All people in households,708,140,568,606,59,547,73,53,20,29,28,1
S01008437,No central heating,12,1,11,11,1,10,1,0,1,0,0,0
S01008437,Gas central heating,596,121,475,513,51,462,57,45,12,26,25,1
S01008437,Electric (including storage heaters) central heating,80,14,66,64,5,59,13,6,7,3,3,0
S01008437,Oil central heating,13,2,11,11,0,11,2,2,0,0,0,0
S01008437,Solid fuel (for example wood coal) central heating,0,0,0,0,0,0,0,0,0,0,0,0
S01008437,Other central heating,4,2,2,4,2,2,0,0,0,0,0,0
S01008437,Two or more types of central heating,3,0,3,3,0,3,0,0,0,0,0,0
S01008438,All people in households,437,60,377,396,25,371,31,25,6,10,10,0
S01008438,No central heating,2,0,2,2,0,2,0,0,0,0,0,0
S01008438,Gas central heating,369,49,320,335,21,314,26,20,6,8,8,0
S01008438,Electric (including storage heaters) central heating,24,3,21,22,1,21,1,1,0,1,1,0
S01008438,Oil central heating,36,8,28,31,3,28,4,4,0,1,1,0
S01008438,Solid fuel (for example wood coal) central heating,0,0,0,0,0,0,0,0,0,0,0,0
S01008438,Other central heating,3,0,3,3,0,3,0,0,0,0,0,0
S01008438,Two or more types of central heating,3,0,3,3,0,3,0,0,0,0,0,0
S01008439,All people in households,1112,107,1005,1041,54,987,60,43,17,11,10,1
S01008439,No central heating,5,3,2,2,1,1,3,2,1,0,0,0
S01008439,Gas central heating,1070,97,973,1006,48,958,53,39,14,11,10,1
S01008439,Electric (including storage heaters) central heating,25,4,21,22,3,19,3,1,2,0,0,0
S01008439,Oil central heating,0,0,0,0,0,0,0,0,0,0,0,0
S01008439,Solid fuel (for example wood coal) central heating,0,0,0,0,0,0,0,0,0,0,0,0
S01008439,Other central heating,0,0,0,0,0,0,0,0,0,0,0,0
S01008439,Two or more types of central heating,12,3,9,11,2,9,1,1,0,0,0,0
S01008440,All people in households,997,143,854,893,55,838,79,63,16,25,25,0
S01008440,No central heating,3,0,3,3,0,3,0,0,0,0,0,0
S01008440,Gas central heating,976,136,840,878,53,825,74,59,15,24,24,0
S01008440,Electric (including storage heaters) central heating,14,3,11,11,1,10,3,2,1,0,0,0
S01008440,Oil central heating,4,4,0,1,1,0,2,2,0,1,1,0
S01008440,Solid fuel (for example wood coal) central heating,0,0,0,0,0,0,0,0,0,0,0,0
S01008440,Other central heating,0,0,0,0,0,0,0,0,0,0,0,0
S01008440,Two or more types of central heating,0,0,0,0,0,0,0,0,0,0,0,0
S01008441,All people in households,465,66,399,430,36,394,27,23,4,8,7,1
S01008441,No central heating,8,2,6,6,0,6,2,2,0,0,0,0
S01008441,Gas central heating,444,57,387,415,32,383,21,18,3,8,7,1
S01008441,Electric (including storage heaters) central heating,7,6,1,3,3,0,4,3,1,0,0,0
S01008441,Oil central heating,3,0,3,3,0,3,0,0,0,0,0,0
S01008441,Solid fuel (for example wood coal) central heating,0,0,0,0,0,0,0,0,0,0,0,0
S01008441,Other central heating,0,0,0,0,0,0,0,0,0,0,0,0
S01008441,Two or more types of central heating,3,1,2,3,1,2,0,0,0,0,0,0
S01008442,All people in households,680,58,622,640,28,612,30,20,10,10,10,0
S01008442,No central heating,12,1,11,12,1,11,0,0,0,0,0,0
S01008442,Gas central heating,647,51,596,609,23,586,30,20,10,8,8,0
S01008442,Electric (including storage heaters) central heating,13,4,9,12,3,9,0,0,0,1,1,0
S01008442,Oil central heating,2,0,2,2,0,2,0,0,0,0,0,0
S01008442,Solid fuel (for example wood coal) central heating,0,0,0,0,0,0,0,0,0,0,0,0
S01008442,Other central heating,0,0,0,0,0,0,0,0,0,0,0,0
S01008442,Two or more types of central heating,6,2,4,5,1,4,0,0,0,1,1,0
S01008443,All people in households,582,81,501,523,36,487,42,28,14,17,17,0
S01008443,No central heating,4,1,3,4,1,3,0,0,0,0,0,0
S01008443,Gas central heating,556,76,480,497,31,466,42,28,14,17,17,0
S01008443,Electric (including storage heaters) central heating,6,2,4,6,2,4,0,0,0,0,0,0
S01008443,Oil central heating,0,0,0,0,0,0,0,0,0,0,0,0
S01008443,Solid fuel (for example wood coal) central heating,0,0,0,0,0,0,0,0,0,0,0,0
S01008443,Other central heating,0,0,0,0,0,0,0,0,0,0,0,0
S01008443,Two or more types of central heating,16,2,14,16,2,14,0,0,0,0,0,0
S01008444,All people in households,623,81,542,561,33,528,44,32,12,18,16,2
S01008444,No central heating,6,1,5,5,0,5,1,1,0,0,0,0
S01008444,Gas central heating,530,68,462,478,27,451,37,27,10,15,14,1
S01008444,Electric (including storage heaters) central heating,78,12,66,70,6,64,6,4,2,2,2,0
S01008444,Oil central heating,0,0,0,0,0,0,0,0,0,0,0,0
S01008444,Solid fuel (for example wood coal) central heating,0,0,0,0,0,0,0,0,0,0,0,0
S01008444,Other central heating,2,0,2,2,0,2,0,0,0,0,0,0
S01008444,Two or more types of central heating,7,0,7,6,0,6,0,0,0,1,0,1
S01008445,All people in households,909,191,718,757,65,692,108,83,25,44,43,1
S01008445,No central heating,6,2,4,4,0,4,2,2,0,0,0,0
S01008445,Gas central heating,811,156,655,679,47,632,94,72,22,38,37,1
S01008445,Electric (including storage heaters) central heating,54,29,25,39,17,22,11,8,3,4,4,0
S01008445,Oil central heating,4,3,1,2,1,1,0,0,0,2,2,0
S01008445,Solid fuel (for example wood coal) central heating,0,0,0,0,0,0,0,0,0,0,0,0
S01008445,Other central heating,4,1,3,3,0,3,1,1,0,0,0,0
S01008445,Two or more types of central heating,30,0,30,30,0,30,0,0,0,0,0,0
S01008446,All people in households,781,94,687,716,45,671,48,32,16,17,17,0
S01008446,No central heating,3,2,1,2,1,1,0,0,0,1,1,0
S01008446,Gas central heating,749,84,665,691,42,649,46,30,16,12,12,0
S01008446,Electric (including storage heaters) central heating,6,1,5,6,1,5,0,0,0,0,0,0
S01008446,Oil central heating,5,1,4,4,0,4,1,1,0,0,0,0
S01008446,Solid fuel (for example wood coal) central heating,0,0,0,0,0,0,0,0,0,0,0,0
S01008446,Other central heating,5,0,5,5,0,5,0,0,0,0,0,0
S01008446,Two or more types of central heating,13,6,7,8,1,7,1,1,0,4,4,0
S01008447,All people in households,675,67,608,624,32,592,37,22,15,14,13,1
S01008447,No central heating,11,3,8,10,3,7,1,0,1,0,0,0
S01008447,Gas central heating,648,60,588,601,28,573,33,19,14,14,13,1
S01008447,Electric (including storage heaters) central heating,10,2,8,8,0,8,2,2,0,0,0,0
S01008447,Oil central heating,3,1,2,3,1,2,0,0,0,0,0,0
S01008447,Solid fuel (for example wood coal) central heating,0,0,0,0,0,0,0,0,0,0,0,0
S01008447,Other central heating,0,0,0,0,0,0,0,0,0,0,0,0
S01008447,Two or more types of central heating,3,1,2,2,0,2,1,1,0,0,0,0
S01008448,All people in households,755,123,632,657,48,609,73,52,21,25,23,2
S01008448,No central heating,3,0,3,2,0,2,1,0,1,0,0,0
S01008448,Gas central heating,723,115,608,631,45,586,69,49,20,23,21,2
S01008448,Electric (including storage heaters) central heating,8,1,7,7,0,7,0,0,0,1,1,0
S01008448,Oil central heating,4,3,1,1,0,1,3,3,0,0,0,0
S01008448,Solid fuel (for example wood coal) central heating,0,0,0,0,0,0,0,0,0,0,0,0
S01008448,Other central heating,6,2,4,6,2,4,0,0,0,0,0,0
S01008448,Two or more types of central heating,11,2,9,10,1,9,0,0,0,1,1,0
S01008449,All people in households,795,139,656,638,32,606,107,57,50,50,50,0
S01008449,No central heating,14,0,14,14,0,14,0,0,0,0,0,0
S01008449,Gas central heating,680,114,566,550,25,525,88,47,41,42,42,0
S01008449,Electric (including storage heaters) central heating,64,15,49,48,4,44,12,7,5,4,4,0
S01008449,Oil central heating,0,0,0,0,0,0,0,0,0,0,0,0
S01008449,Solid fuel (for example wood coal) central heating,0,0,0,0,0,0,0,0,0,0,0,0
S01008449,Other central heating,3,0,3,3,0,3,0,0,0,0,0,0
S01008449,Two or more types of central heating,34,10,24,23,3,20,7,3,4,4,4,0
S01008450,All people in households,555,101,454,472,30,442,52,40,12,31,31,0
S01008450,No central heating,11,2,9,8,0,8,3,2,1,0,0,0
S01008450,Gas central heating,456,71,385,394,19,375,39,29,10,23,23,0
S01008450,Electric (including storage heaters) central heating,72,26,46,55,10,45,10,9,1,7,7,0
S01008450,Oil central heating,0,0,0,0,0,0,0,0,0,0,0,0
S01008450,Solid fuel (for example wood coal) central heating,0,0,0,0,0,0,0,0,0,0,0,0
S01008450,Other central heating,0,0,0,0,0,0,0,0,0,0,0,0
S01008450,Two or more types of central heating,16,2,14,15,1,14,0,0,0,1,1,0
S01008451,All people in households,699,147,552,558,39,519,102,72,30,39,36,3
S01008451,No central heating,10,3,7,7,0,7,2,2,0,1,1,0
S01008451,Gas central heating,612,122,490,496,31,465,81,59,22,35,32,3
S01008451,Electric (including storage heaters) central heating,52,17,35,39,7,32,12,9,3,1,1,0
S01008451,Oil central heating,0,0,0,0,0,0,0,0,0,0,0,0
S01008451,Solid fuel (for example wood coal) central heating,3,0,3,3,0,3,0,0,0,0,0,0
S01008451,Other central heating,0,0,0,0,0,0,0,0,0,0,0,0
S01008451,Two or more types of central heating,22,5,17,13,1,12,7,2,5,2,2,0
S01008452,All people in households,631,103,528,519,32,487,74,36,38,38,35,3
S01008452,No central heating,4,2,2,3,1,2,1,1,0,0,0,0
S01008452,Gas central heating,529,81,448,440,26,414,57,26,31,32,29,3
S01008452,Electric (including storage heaters) central heating,73,12,61,60,5,55,10,4,6,3,3,0
S01008452,Oil central heating,0,0,0,0,0,0,0,0,0,0,0,0
S01008452,Solid fuel (for example wood coal) central heating,0,0,0,0,0,0,0,0,0,0,0,0
S01008452,Other central heating,0,0,0,0,0,0,0,0,0,0,0,0
S01008452,Two or more types of central heating,25,8,17,16,0,16,6,5,1,3,3,0
S01008453,All people in households,506,53,453,446,10,436,37,21,16,23,22,1
S01008453,No central heating,4,1,3,3,0,3,1,1,0,0,0,0
S01008453,Gas central heating,158,19,139,138,2,136,14,12,2,6,5,1
S01008453,Electric (including storage heaters) central heating,336,32,304,299,7,292,20,8,12,17,17,0
S01008453,Oil central heating,0,0,0,0,0,0,0,0,0,0,0,0
S01008453,Solid fuel (for example wood coal) central heating,0,0,0,0,0,0,0,0,0,0,0,0
S01008453,Other central heating,3,0,3,2,0,2,1,0,1,0,0,0
S01008453,Two or more types of central heating,5,1,4,4,1,3,1,0,1,0,0,0
S01008454,All people in households,951,210,741,765,68,697,111,70,41,75,72,3
S01008454,No central heating,16,1,15,14,1,13,2,0,2,0,0,0
S01008454,Gas central heating,799,174,625,653,62,591,88,55,33,58,57,1
S01008454,Electric (including storage heaters) central heating,119,29,90,88,4,84,18,13,5,13,12,1
S01008454,Oil central heating,0,0,0,0,0,0,0,0,0,0,0,0
S01008454,Solid fuel (for example wood coal) central heating,0,0,0,0,0,0,0,0,0,0,0,0
S01008454,Other central heating,0,0,0,0,0,0,0,0,0,0,0,0
S01008454,Two or more types of central heating,17,6,11,10,1,9,3,2,1,4,3,1
S01008455,All people in households,1000,196,804,811,55,756,123,77,46,66,64,2
S01008455,No central heating,4,2,2,1,0,1,2,1,1,1,1,0
S01008455,Gas central heating,739,147,592,599,42,557,89,56,33,51,49,2
S01008455,Electric (including storage heaters) central heating,215,42,173,172,10,162,30,19,11,13,13,0
S01008455,Oil central heating,0,0,0,0,0,0,0,0,0,0,0,0
S01008455,Solid fuel (for example wood coal) central heating,0,0,0,0,0,0,0,0,0,0,0,0
S01008455,Other central heating,4,0,4,4,0,4,0,0,0,0,0,0
S01008455,Two or more types of central heating,38,5,33,35,3,32,2,1,1,1,1,0
S01008456,All people in households,973,213,760,749,48,701,144,89,55,80,76,4
S01008456,No central heating,26,5,21,20,0,20,4,3,1,2,2,0
S01008456,Gas central heating,528,119,409,412,33,379,78,49,29,38,37,1
S01008456,Electric (including storage heaters) central heating,390,87,303,290,14,276,60,36,24,40,37,3
S01008456,Oil central heating,0,0,0,0,0,0,0,0,0,0,0,0
S01008456,Solid fuel (for example wood coal) central heating,0,0,0,0,0,0,0,0,0,0,0,0
S01008456,Other central heating,5,0,5,5,0,5,0,0,0,0,0,0
S01008456,Two or more types of central heating,24,2,22,22,1,21,2,1,1,0,0,0
S01008457,All people in households,616,167,449,455,37,418,95,66,29,66,64,2
S01008457,No central heating,9,2,7,7,0,7,2,2,0,0,0,0
S01008457,Gas central heating,556,145,411,415,33,382,83,55,28,58,57,1
S01008457,Electric (including storage heaters) central heating,30,11,19,20,2,18,6,6,0,4,3,1
S01008457,Oil central heating,0,0,0,0,0,0,0,0,0,0,0,0
S01008457,Solid fuel (for example wood coal) central heating,0,0,0,0,0,0,0,0,0,0,0,0
S01008457,Other central heating,2,2,0,0,0,0,1,1,0,1,1,0
S01008457,Two or more types of central heating,19,7,12,13,2,11,3,2,1,3,3,0
S01008458,All people in households,994,181,813,832,61,771,110,68,42,52,52,0
S01008458,No central heating,19,5,14,14,0,14,3,3,0,2,2,0
S01008458,Gas central heating,903,160,743,762,58,704,97,58,39,44,44,0
S01008458,Electric (including storage heaters) central heating,58,14,44,46,3,43,7,6,1,5,5,0
S01008458,Oil central heating,0,0,0,0,0,0,0,0,0,0,0,0
S01008458,Solid fuel (for example wood coal) central heating,0,0,0,0,0,0,0,0,0,0,0,0
S01008458,Other central heating,1,0,1,0,0,0,1,0,1,0,0,0
S01008458,Two or more types of central heating,13,2,11,10,0,10,2,1,1,1,1,0
S01008459,All people in households,741,171,570,566,39,527,113,75,38,62,57,5
S01008459,No central heating,34,10,24,29,5,24,3,3,0,2,2,0
S01008459,Gas central heating,609,135,474,462,29,433,97,60,37,50,46,4
S01008459,Electric (including storage heaters) central heating,51,9,42,44,2,42,5,5,0,2,2,0
S01008459,Oil central heating,0,0,0,0,0,0,0,0,0,0,0,0
S01008459,Solid fuel (for example wood coal) central heating,0,0,0,0,0,0,0,0,0,0,0,0
S01008459,Other central heating,0,0,0,0,0,0,0,0,0,0,0,0
S01008459,Two or more types of central heating,47,17,30,31,3,28,8,7,1,8,7,1
S01008460,All people in households,805,169,636,634,47,587,103,62,41,68,60,8
S01008460,No central heating,2,0,2,2,0,2,0,0,0,0,0,0
S01008460,Gas central heating,754,164,590,595,45,550,96,61,35,63,58,5
S01008460,Electric (including storage heaters) central heating,5,2,3,3,1,2,2,1,1,0,0,0
S01008460,Oil central heating,0,0,0,0,0,0,0,0,0,0,0,0
S01008460,Solid fuel (for example wood coal) central heating,0,0,0,0,0,0,0,0,0,0,0,0
S01008460,Other central heating,3,0,3,2,0,2,1,0,1,0,0,0
S01008460,Two or more types of central heating,41,3,38,32,1,31,4,0,4,5,2,3
S01008461,All people in households,914,181,733,706,48,658,144,82,62,64,51,13
S01008461,No central heating,14,7,7,6,1,5,7,5,2,1,1,0
S01008461,Gas central heating,814,163,651,633,44,589,126,73,53,55,46,9
S01008461,Electric (including storage heaters) central heating,22,6,16,19,3,16,3,3,0,0,0,0
S01008461,Oil central heating,0,0,0,0,0,0,0,0,0,0,0,0
S01008461,Solid fuel (for example wood coal) central heating,0,0,0,0,0,0,0,0,0,0,0,0
S01008461,Other central heating,2,0,2,2,0,2,0,0,0,0,0,0
S01008461,Two or more types of central heating,62,5,57,46,0,46,8,1,7,8,4,4
S01008462,All people in households,564,213,351,348,49,299,140,91,49,76,73,3
S01008462,No central heating,1,1,0,1,1,0,0,0,0,0,0,0
S01008462,Gas central heating,243,66,177,187,22,165,35,23,12,21,21,0
S01008462,Electric (including storage heaters) central heating,306,143,163,148,25,123,104,67,37,54,51,3
S01008462,Oil central heating,0,0,0,0,0,0,0,0,0,0,0,0
S01008462,Solid fuel (for example wood coal) central heating,0,0,0,0,0,0,0,0,0,0,0,0
S01008462,Other central heating,3,1,2,3,1,2,0,0,0,0,0,0
S01008462,Two or more types of central heating,11,2,9,9,0,9,1,1,0,1,1,0
S01008463,All people in households,670,151,519,521,34,487,93,63,30,56,54,2
S01008463,No central heating,7,1,6,4,0,4,2,0,2,1,1,0
S01008463,Gas central heating,614,134,480,484,32,452,84,57,27,46,45,1
S01008463,Electric (including storage heaters) central heating,12,3,9,9,1,8,2,2,0,1,0,1
S01008463,Oil central heating,0,0,0,0,0,0,0,0,0,0,0,0
S01008463,Solid fuel (for example wood coal) central heating,0,0,0,0,0,0,0,0,0,0,0,0
S01008463,Other central heating,2,1,1,1,0,1,0,0,0,1,1,0
S01008463,Two or more types of central heating,35,12,23,23,1,22,5,4,1,7,7,0
S01008464,All people in households,850,166,684,717,74,643,99,63,36,34,29,5
S01008464,No central heating,34,11,23,28,6,22,3,2,1,3,3,0
S01008464,Gas central heating,765,146,619,649,66,583,89,56,33,27,24,3
S01008464,Electric (including storage heaters) central heating,30,8,22,22,2,20,6,5,1,2,1,1
S01008464,Oil central heating,0,0,0,0,0,0,0,0,0,0,0,0
S01008464,Solid fuel (for example wood coal) central heating,0,0,0,0,0,0,0,0,0,0,0,0
S01008464,Other central heating,0,0,0,0,0,0,0,0,0,0,0,0
S01008464,Two or more types of central heating,21,1,20,18,0,18,1,0,1,2,1,1
S01008465,All people in households,742,108,634,634,39,595,89,52,37,19,17,2
S01008465,No central heating,24,6,18,14,0,14,7,3,4,3,3,0
S01008465,Gas central heating,659,87,572,582,37,545,63,37,26,14,13,1
S01008465,Electric (including storage heaters) central heating,40,12,28,23,2,21,16,10,6,1,0,1
S01008465,Oil central heating,0,0,0,0,0,0,0,0,0,0,0,0
S01008465,Solid fuel (for example wood coal) central heating,0,0,0,0,0,0,0,0,0,0,0,0
S01008465,Other central heating,0,0,0,0,0,0,0,0,0,0,0,0
S01008465,Two or more types of central heating,19,3,16,15,0,15,3,2,1,1,1,0
S01008466,All people in households,744,101,643,646,36,610,72,42,30,26,23,3
S01008466,No central heating,18,0,18,17,0,17,1,0,1,0,0,0
S01008466,Gas central heating,669,89,580,582,32,550,63,36,27,24,21,3
S01008466,Electric (including storage heaters) central heating,40,12,28,31,4,27,7,6,1,2,2,0
S01008466,Oil central heating,0,0,0,0,0,0,0,0,0,0,0,0
S01008466,Solid fuel (for example wood coal) central heating,0,0,0,0,0,0,0,0,0,0,0,0
S01008466,Other central heating,2,0,2,2,0,2,0,0,0,0,0,0
S01008466,Two or more types of central heating,15,0,15,14,0,14,1,0,1,0,0,0
S01008467,All people in households,785,128,657,672,44,628,76,50,26,37,34,3
S01008467,No central heating,17,2,15,17,2,15,0,0,0,0,0,0
S01008467,Gas central heating,719,119,600,614,41,573,70,46,24,35,32,3
S01008467,Electric (including storage heaters) central heating,32,7,25,25,1,24,5,4,1,2,2,0
S01008467,Oil central heating,0,0,0,0,0,0,0,0,0,0,0,0
S01008467,Solid fuel (for example wood coal) central heating,0,0,0,0,0,0,0,0,0,0,0,0
S01008467,Other central heating,0,0,0,0,0,0,0,0,0,0,0,0
S01008467,Two or more types of central heating,17,0,17,16,0,16,1,0,1,0,0,0
S01008468,All people in households,615,98,517,513,27,486,70,44,26,32,27,5
S01008468,No central heating,8,1,7,7,0,7,0,0,0,1,1,0
S01008468,Gas central heating,553,89,464,463,25,438,64,41,23,26,23,3
S01008468,Electric (including storage heaters) central heating,25,6,19,21,2,19,2,2,0,2,2,0
S01008468,Oil central heating,0,0,0,0,0,0,0,0,0,0,0,0
S01008468,Solid fuel (for example wood coal) central heating,0,0,0,0,0,0,0,0,0,0,0,0
S01008468,Other central heating,2,1,1,1,0,1,1,1,0,0,0,0
S01008468,Two or more types of central heating,27,1,26,21,0,21,3,0,3,3,1,2
S01008469,All people in households,577,81,496,498,35,463,57,25,32,22,21,1
S01008469,No central heating,3,1,2,2,0,2,0,0,0,1,1,0
S01008469,Gas central heating,531,75,456,459,33,426,53,24,29,19,18,1
S01008469,Electric (including storage heaters) central heating,15,4,11,13,2,11,0,0,0,2,2,0
S01008469,Oil central heating,0,0,0,0,0,0,0,0,0,0,0,0
S01008469,Solid fuel (for example wood coal) central heating,0,0,0,0,0,0,0,0,0,0,0,0
S01008469,Other central heating,0,0,0,0,0,0,0,0,0,0,0,0
S01008469,Two or more types of central heating,28,1,27,24,0,24,4,1,3,0,0,0
S01008470,All people in households,728,191,537,535,42,493,123,79,44,70,70,0
S01008470,No central heating,14,1,13,14,1,13,0,0,0,0,0,0
S01008470,Gas central heating,634,173,461,459,39,420,109,68,41,66,66,0
S01008470,Electric (including storage heaters) central heating,31,9,22,22,1,21,8,7,1,1,1,0
S01008470,Oil central heating,0,0,0,0,0,0,0,0,0,0,0,0
S01008470,Solid fuel (for example wood coal) central heating,0,0,0,0,0,0,0,0,0,0,0,0
S01008470,Other central heating,4,0,4,4,0,4,0,0,0,0,0,0
S01008470,Two or more types of central heating,45,8,37,36,1,35,6,4,2,3,3,0
S01008471,All people in households,858,186,672,706,69,637,99,66,33,53,51,2
S01008471,No central heating,10,1,9,8,0,8,2,1,1,0,0,0
S01008471,Gas central heating,771,167,604,635,60,575,88,61,27,48,46,2
S01008471,Electric (including storage heaters) central heating,33,7,26,27,3,24,4,2,2,2,2,0
S01008471,Oil central heating,0,0,0,0,0,0,0,0,0,0,0,0
S01008471,Solid fuel (for example wood coal) central heating,0,0,0,0,0,0,0,0,0,0,0,0
S01008471,Other central heating,5,0,5,4,0,4,1,0,1,0,0,0
S01008471,Two or more types of central heating,39,11,28,32,6,26,4,2,2,3,3,0
S01008472,All people in households,714,151,563,579,41,538,84,62,22,51,48,3
S01008472,No central heating,4,1,3,3,0,3,1,1,0,0,0,0
S01008472,Gas central heating,605,134,471,487,36,451,72,55,17,46,43,3
S01008472,Electric (including storage heaters) central heating,84,11,73,74,4,70,5,2,3,5,5,0
S01008472,Oil central heating,0,0,0,0,0,0,0,0,0,0,0,0
S01008472,Solid fuel (for example wood coal) central heating,0,0,0,0,0,0,0,0,0,0,0,0
S01008472,Other central heating,0,0,0,0,0,0,0,0,0,0,0,0
S01008472,Two or more types of central heating,21,5,16,15,1,14,6,4,2,0,0,0
S01008473,All people in households,700,167,533,556,62,494,91,54,37,53,51,2
S01008473,No central heating,14,5,9,8,1,7,4,2,2,2,2,0
S01008473,Gas central heating,607,137,470,488,49,439,75,45,30,44,43,1
S01008473,Electric (including storage heaters) central heating,47,16,31,38,9,29,7,6,1,2,1,1
S01008473,Oil central heating,0,0,0,0,0,0,0,0,0,0,0,0
S01008473,Solid fuel (for example wood coal) central heating,0,0,0,0,0,0,0,0,0,0,0,0
S01008473,Other central heating,7,2,5,5,0,5,0,0,0,2,2,0
S01008473,Two or more types of central heating,25,7,18,17,3,14,5,1,4,3,3,0
S01008474,All people in households,779,212,567,574,47,527,122,86,36,83,79,4
S01008474,No central heating,24,5,19,18,0,18,3,2,1,3,3,0
S01008474,Gas central heating,662,183,479,486,41,445,105,74,31,71,68,3
S01008474,Electric (including storage heaters) central heating,47,16,31,33,6,27,10,7,3,4,3,1
S01008474,Oil central heating,0,0,0,0,0,0,0,0,0,0,0,0
S01008474,Solid fuel (for example wood coal) central heating,0,0,0,0,0,0,0,0,0,0,0,0
S01008474,Other central heating,8,1,7,7,0,7,0,0,0,1,1,0
S01008474,Two or more types of central heating,38,7,31,30,0,30,4,3,1,4,4,0
S01008475,All people in households,610,137,473,485,37,448,89,64,25,36,36,0
S01008475,No central heating,3,3,0,1,1,0,2,2,0,0,0,0
S01008475,Gas central heating,559,122,437,443,31,412,84,59,25,32,32,0
S01008475,Electric (including storage heaters) central heating,21,5,16,17,1,16,1,1,0,3,3,0
S01008475,Oil central heating,0,0,0,0,0,0,0,0,0,0,0,0
S01008475,Solid fuel (for example wood coal) central heating,0,0,0,0,0,0,0,0,0,0,0,0
S01008475,Other central heating,1,1,0,0,0,0,1,1,0,0,0,0
S01008475,Two or more types of central heating,26,6,20,24,4,20,1,1,0,1,1,0
S01008476,All people in households,699,205,494,514,47,467,112,86,26,73,72,1
S01008476,No central heating,5,0,5,3,0,3,2,0,2,0,0,0
S01008476,Gas central heating,660,199,461,483,45,438,106,84,22,71,70,1
S01008476,Electric (including storage heaters) central heating,9,1,8,9,1,8,0,0,0,0,0,0
S01008476,Oil central heating,0,0,0,0,0,0,0,0,0,0,0,0
S01008476,Solid fuel (for example wood coal) central heating,1,1,0,0,0,0,1,1,0,0,0,0
S01008476,Other central heating,5,0,5,4,0,4,1,0,1,0,0,0
S01008476,Two or more types of central heating,19,4,15,15,1,14,2,1,1,2,2,0
S01008477,All people in households,773,229,544,562,61,501,137,95,42,74,73,1
S01008477,No central heating,5,2,3,3,0,3,2,2,0,0,0,0
S01008477,Gas central heating,711,208,503,519,54,465,122,85,37,70,69,1
S01008477,Electric (including storage heaters) central heating,30,11,19,17,2,15,10,6,4,3,3,0
S01008477,Oil central heating,0,0,0,0,0,0,0,0,0,0,0,0
S01008477,Solid fuel (for example wood coal) central heating,1,0,1,1,0,1,0,0,0,0,0,0
S01008477,Other central heating,7,2,5,7,2,5,0,0,0,0,0,0
S01008477,Two or more types of central heating,19,6,13,15,3,12,3,2,1,1,1,0
S01008478,All people in households,803,218,585,621,69,552,111,83,28,71,66,5
S01008478,No central heating,6,0,6,6,0,6,0,0,0,0,0,0
S01008478,Gas central heating,612,137,475,499,49,450,73,51,22,40,37,3
S01008478,Electric (including storage heaters) central heating,161,71,90,101,17,84,33,27,6,27,27,0
S01008478,Oil central heating,0,0,0,0,0,0,0,0,0,0,0,0
S01008478,Solid fuel (for example wood coal) central heating,0,0,0,0,0,0,0,0,0,0,0,0
S01008478,Other central heating,6,0,6,6,0,6,0,0,0,0,0,0
S01008478,Two or more types of central heating,18,10,8,9,3,6,5,5,0,4,2,2
S01008479,All people in households,755,198,557,571,53,518,129,92,37,55,53,2
S01008479,No central heating,11,1,10,10,1,9,1,0,1,0,0,0
S01008479,Gas central heating,690,176,514,523,46,477,117,82,35,50,48,2
S01008479,Electric (including storage heaters) central heating,25,14,11,16,5,11,6,6,0,3,3,0
S01008479,Oil central heating,0,0,0,0,0,0,0,0,0,0,0,0
S01008479,Solid fuel (for example wood coal) central heating,0,0,0,0,0,0,0,0,0,0,0,0
S01008479,Other central heating,2,0,2,2,0,2,0,0,0,0,0,0
S01008479,Two or more types of central heating,27,7,20,20,1,19,5,4,1,2,2,0
S01008480,All people in households,607,102,505,508,26,482,68,45,23,31,31,0
S01008480,No central heating,3,3,0,0,0,0,2,2,0,1,1,0
S01008480,Gas central heating,553,85,468,469,21,448,58,38,20,26,26,0
S01008480,Electric (including storage heaters) central heating,34,12,22,25,4,21,5,4,1,4,4,0
S01008480,Oil central heating,0,0,0,0,0,0,0,0,0,0,0,0
S01008480,Solid fuel (for example wood coal) central heating,0,0,0,0,0,0,0,0,0,0,0,0
S01008480,Other central heating,0,0,0,0,0,0,0,0,0,0,0,0
S01008480,Two or more types of central heating,17,2,15,14,1,13,3,1,2,0,0,0
S01008481,All people in households,983,218,765,805,79,726,109,73,36,69,66,3
S01008481,No central heating,16,1,15,15,0,15,1,1,0,0,0,0
S01008481,Gas central heating,834,178,656,686,63,623,94,62,32,54,53,1
S01008481,Electric (including storage heaters) central heating,73,27,46,52,9,43,9,7,2,12,11,1
S01008481,Oil central heating,3,1,2,2,0,2,0,0,0,1,1,0
S01008481,Solid fuel (for example wood coal) central heating,2,2,0,0,0,0,1,1,0,1,1,0
S01008481,Other central heating,16,3,13,14,2,12,1,1,0,1,0,1
S01008481,Two or more types of central heating,39,6,33,36,5,31,3,1,2,0,0,0
S01008482,All people in households,607,185,422,464,61,403,107,89,18,36,35,1
S01008482,No central heating,22,7,15,18,3,15,3,3,0,1,1,0
S01008482,Gas central heating,530,156,374,406,47,359,94,79,15,30,30,0
S01008482,Electric (including storage heaters) central heating,33,17,16,21,7,14,9,7,2,3,3,0
S01008482,Oil central heating,1,0,1,1,0,1,0,0,0,0,0,0
S01008482,Solid fuel (for example wood coal) central heating,0,0,0,0,0,0,0,0,0,0,0,0
S01008482,Other central heating,3,1,2,3,1,2,0,0,0,0,0,0
S01008482,Two or more types of central heating,18,4,14,15,3,12,1,0,1,2,1,1
S01008483,All people in households,598,160,438,437,31,406,100,73,27,61,56,5
S01008483,No central heating,5,1,4,5,1,4,0,0,0,0,0,0
S01008483,Gas central heating,513,117,396,393,23,370,80,58,22,40,36,4
S01008483,Electric (including storage heaters) central heating,51,35,16,19,6,13,16,14,2,16,15,1
S01008483,Oil central heating,0,0,0,0,0,0,0,0,0,0,0,0
S01008483,Solid fuel (for example wood coal) central heating,0,0,0,0,0,0,0,0,0,0,0,0
S01008483,Other central heating,2,0,2,2,0,2,0,0,0,0,0,0
S01008483,Two or more types of central heating,27,7,20,18,1,17,4,1,3,5,5,0
S01008484,All people in households,754,175,579,613,56,557,98,78,20,43,41,2
S01008484,No central heating,19,6,13,11,0,11,5,4,1,3,2,1
S01008484,Gas central heating,690,156,534,570,52,518,83,68,15,37,36,1
S01008484,Electric (including storage heaters) central heating,18,10,8,9,3,6,7,5,2,2,2,0
S01008484,Oil central heating,0,0,0,0,0,0,0,0,0,0,0,0
S01008484,Solid fuel (for example wood coal) central heating,0,0,0,0,0,0,0,0,0,0,0,0
S01008484,Other central heating,0,0,0,0,0,0,0,0,0,0,0,0
S01008484,Two or more types of central heating,27,3,24,23,1,22,3,1,2,1,1,0
S01008485,All people in households,1015,155,860,884,61,823,98,63,35,33,31,2
S01008485,No central heating,11,6,5,5,0,5,4,4,0,2,2,0
S01008485,Gas central heating,941,138,803,828,58,770,84,53,31,29,27,2
S01008485,Electric (including storage heaters) central heating,30,6,24,22,1,21,7,4,3,1,1,0
S01008485,Oil central heating,0,0,0,0,0,0,0,0,0,0,0,0
S01008485,Solid fuel (for example wood coal) central heating,0,0,0,0,0,0,0,0,0,0,0,0
S01008485,Other central heating,2,0,2,2,0,2,0,0,0,0,0,0
S01008485,Two or more types of central heating,31,5,26,27,2,25,3,2,1,1,1,0
S01008486,All people in households,867,219,648,679,68,611,130,93,37,58,58,0
S01008486,No central heating,12,2,10,10,0,10,2,2,0,0,0,0
S01008486,Gas central heating,779,185,594,618,59,559,110,75,35,51,51,0
S01008486,Electric (including storage heaters) central heating,53,28,25,31,8,23,16,14,2,6,6,0
S01008486,Oil central heating,0,0,0,0,0,0,0,0,0,0,0,0
S01008486,Solid fuel (for example wood coal) central heating,0,0,0,0,0,0,0,0,0,0,0,0
S01008486,Other central heating,1,0,1,1,0,1,0,0,0,0,0,0
S01008486,Two or more types of central heating,22,4,18,19,1,18,2,2,0,1,1,0
S01008487,All people in households,759,89,670,676,32,644,65,43,22,18,14,4
S01008487,No central heating,16,2,14,15,1,14,1,1,0,0,0,0
S01008487,Gas central heating,662,76,586,587,24,563,58,38,20,17,14,3
S01008487,Electric (including storage heaters) central heating,50,6,44,46,5,41,3,1,2,1,0,1
S01008487,Oil central heating,0,0,0,0,0,0,0,0,0,0,0,0
S01008487,Solid fuel (for example wood coal) central heating,0,0,0,0,0,0,0,0,0,0,0,0
S01008487,Other central heating,0,0,0,0,0,0,0,0,0,0,0,0
S01008487,Two or more types of central heating,31,5,26,28,2,26,3,3,0,0,0,0
S01008488,All people in households,764,144,620,624,43,581,103,65,38,37,36,1
S01008488,No central heating,19,1,18,18,0,18,1,1,0,0,0,0
S01008488,Gas central heating,683,134,549,553,38,515,93,60,33,37,36,1
S01008488,Electric (including storage heaters) central heating,31,3,28,27,2,25,4,1,3,0,0,0
S01008488,Oil central heating,0,0,0,0,0,0,0,0,0,0,0,0
S01008488,Solid fuel (for example wood coal) central heating,1,1,0,0,0,0,1,1,0,0,0,0
S01008488,Other central heating,0,0,0,0,0,0,0,0,0,0,0,0
S01008488,Two or more types of central heating,30,5,25,26,3,23,4,2,2,0,0,0
S01008489,All people in households,620,145,475,496,42,454,84,64,20,40,39,1
S01008489,No central heating,17,1,16,16,0,16,1,1,0,0,0,0
S01008489,Gas central heating,530,123,407,428,38,390,69,53,16,33,32,1
S01008489,Electric (including storage heaters) central heating,63,17,46,49,4,45,10,9,1,4,4,0
S01008489,Oil central heating,0,0,0,0,0,0,0,0,0,0,0,0
S01008489,Solid fuel (for example wood coal) central heating,0,0,0,0,0,0,0,0,0,0,0,0
S01008489,Other central heating,0,0,0,0,0,0,0,0,0,0,0,0
S01008489,Two or more types of central heating,10,4,6,3,0,3,4,1,3,3,3,0
S01008490,All people in households,893,134,759,758,41,717,104,64,40,31,29,2
S01008490,No central heating,51,6,45,44,2,42,6,3,3,1,1,0
S01008490,Gas central heating,770,117,653,655,37,618,89,55,34,26,25,1
S01008490,Electric (including storage heaters) central heating,51,8,43,42,2,40,7,4,3,2,2,0
S01008490,Oil central heating,0,0,0,0,0,0,0,0,0,0,0,0
S01008490,Solid fuel (for example wood coal) central heating,0,0,0,0,0,0,0,0,0,0,0,0
S01008490,Other central heating,1,1,0,0,0,0,1,1,0,0,0,0
S01008490,Two or more types of central heating,20,2,18,17,0,17,1,1,0,2,1,1
S01008491,All people in households,914,116,798,817,42,775,68,46,22,29,28,1
S01008491,No central heating,46,5,41,42,2,40,3,2,1,1,1,0
S01008491,Gas central heating,580,84,496,512,29,483,45,33,12,23,22,1
S01008491,Electric (including storage heaters) central heating,261,25,236,241,11,230,16,10,6,4,4,0
S01008491,Oil central heating,0,0,0,0,0,0,0,0,0,0,0,0
S01008491,Solid fuel (for example wood coal) central heating,0,0,0,0,0,0,0,0,0,0,0,0
S01008491,Other central heating,4,2,2,2,0,2,1,1,0,1,1,0
S01008491,Two or more types of central heating,23,0,23,20,0,20,3,0,3,0,0,0
S01008492,All people in households,944,138,806,830,52,778,67,40,27,47,46,1
S01008492,No central heating,40,8,32,34,2,32,4,4,0,2,2,0
S01008492,Gas central heating,632,60,572,581,24,557,31,16,15,20,20,0
S01008492,Electric (including storage heaters) central heating,197,46,151,152,12,140,23,13,10,22,21,1
S01008492,Oil central heating,0,0,0,0,0,0,0,0,0,0,0,0
S01008492,Solid fuel (for example wood coal) central heating,1,0,1,1,0,1,0,0,0,0,0,0
S01008492,Other central heating,51,21,30,41,13,28,7,5,2,3,3,0
S01008492,Two or more types of central heating,23,3,20,21,1,20,2,2,0,0,0,0
S01008493,All people in households,793,170,623,641,53,588,105,72,33,47,45,2
S01008493,No central heating,27,5,22,18,1,17,7,3,4,2,1,1
S01008493,Gas central heating,586,137,449,465,40,425,81,57,24,40,40,0
S01008493,Electric (including storage heaters) central heating,133,24,109,116,11,105,15,11,4,2,2,0
S01008493,Oil central heating,9,1,8,8,0,8,0,0,0,1,1,0
S01008493,Solid fuel (for example wood coal) central heating,0,0,0,0,0,0,0,0,0,0,0,0
S01008493,Other central heating,22,2,20,19,0,19,1,1,0,2,1,1
S01008493,Two or more types of central heating,16,1,15,15,1,14,1,0,1,0,0,0
S01008494,All people in households,688,106,582,579,23,556,75,51,24,34,32,2
S01008494,No central heating,102,15,87,87,3,84,11,8,3,4,4,0
S01008494,Gas central heating,464,77,387,388,18,370,48,33,15,28,26,2
S01008494,Electric (including storage heaters) central heating,95,9,86,84,2,82,11,7,4,0,0,0
S01008494,Oil central heating,0,0,0,0,0,0,0,0,0,0,0,0
S01008494,Solid fuel (for example wood coal) central heating,1,0,1,1,0,1,0,0,0,0,0,0
S01008494,Other central heating,5,1,4,4,0,4,0,0,0,1,1,0
S01008494,Two or more types of central heating,21,4,17,15,0,15,5,3,2,1,1,0
S01008495,All people in households,891,89,802,787,21,766,72,38,34,32,30,2
S01008495,No central heating,155,22,133,138,8,130,11,8,3,6,6,0
S01008495,Gas central heating,596,45,551,536,11,525,43,18,25,17,16,1
S01008495,Electric (including storage heaters) central heating,106,13,93,89,0,89,12,8,4,5,5,0
S01008495,Oil central heating,0,0,0,0,0,0,0,0,0,0,0,0
S01008495,Solid fuel (for example wood coal) central heating,0,0,0,0,0,0,0,0,0,0,0,0
S01008495,Other central heating,3,3,0,0,0,0,3,3,0,0,0,0
S01008495,Two or more types of central heating,31,6,25,24,2,22,3,1,2,4,3,1
S01008496,All people in households,956,94,862,849,35,814,84,40,44,23,19,4
S01008496,No central heating,187,23,164,163,7,156,20,12,8,4,4,0
S01008496,Gas central heating,591,53,538,531,23,508,47,20,27,13,10,3
S01008496,Electric (including storage heaters) central heating,146,18,128,123,5,118,17,8,9,6,5,1
S01008496,Oil central heating,0,0,0,0,0,0,0,0,0,0,0,0
S01008496,Solid fuel (for example wood coal) central heating,1,0,1,1,0,1,0,0,0,0,0,0
S01008496,Other central heating,2,0,2,2,0,2,0,0,0,0,0,0
S01008496,Two or more types of central heating,29,0,29,29,0,29,0,0,0,0,0,0
S01008497,All people in households,786,98,688,694,37,657,64,34,30,28,27,1
S01008497,No central heating,159,19,140,138,8,130,15,5,10,6,6,0
S01008497,Gas central heating,423,55,368,374,19,355,32,19,13,17,17,0
S01008497,Electric (including storage heaters) central heating,185,21,164,165,9,156,15,8,7,5,4,1
S01008497,Oil central heating,0,0,0,0,0,0,0,0,0,0,0,0
S01008497,Solid fuel (for example wood coal) central heating,0,0,0,0,0,0,0,0,0,0,0,0
S01008497,Other central heating,0,0,0,0,0,0,0,0,0,0,0,0
S01008497,Two or more types of central heating,19,3,16,17,1,16,2,2,0,0,0,0
S01008498,All people in households,764,111,653,650,32,618,81,48,33,33,31,2
S01008498,No central heating,110,19,91,90,6,84,18,11,7,2,2,0
S01008498,Gas central heating,474,75,399,398,20,378,52,32,20,24,23,1
S01008498,Electric (including storage heaters) central heating,163,17,146,147,6,141,9,5,4,7,6,1
S01008498,Oil central heating,0,0,0,0,0,0,0,0,0,0,0,0
S01008498,Solid fuel (for example wood coal) central heating,0,0,0,0,0,0,0,0,0,0,0,0
S01008498,Other central heating,2,0,2,2,0,2,0,0,0,0,0,0
S01008498,Two or more types of central heating,15,0,15,13,0,13,2,0,2,0,0,0
S01008499,All people in households,996,120,876,865,32,833,93,54,39,38,34,4
S01008499,No central heating,123,15,108,105,3,102,12,7,5,6,5,1
S01008499,Gas central heating,691,83,608,605,21,584,61,37,24,25,25,0
S01008499,Electric (including storage heaters) central heating,139,14,125,120,5,115,15,7,8,4,2,2
S01008499,Oil central heating,1,0,1,1,0,1,0,0,0,0,0,0
S01008499,Solid fuel (for example wood coal) central heating,0,0,0,0,0,0,0,0,0,0,0,0
S01008499,Other central heating,1,0,1,1,0,1,0,0,0,0,0,0
S01008499,Two or more types of central heating,41,8,33,33,3,30,5,3,2,3,2,1
S01008500,All people in households,402,68,334,333,19,314,42,23,19,27,26,1
S01008500,No central heating,7,2,5,6,1,5,0,0,0,1,1,0
S01008500,Gas central heating,229,28,201,194,8,186,23,8,15,12,12,0
S01008500,Electric (including storage heaters) central heating,156,36,120,125,10,115,18,14,4,13,12,1
S01008500,Oil central heating,0,0,0,0,0,0,0,0,0,0,0,0
S01008500,Solid fuel (for example wood coal) central heating,0,0,0,0,0,0,0,0,0,0,0,0
S01008500,Other central heating,1,1,0,0,0,0,1,1,0,0,0,0
S01008500,Two or more types of central heating,9,1,8,8,0,8,0,0,0,1,1,0
S01008501,All people in households,607,28,579,571,11,560,33,14,19,3,3,0
S01008501,No central heating,11,3,8,9,1,8,2,2,0,0,0,0
S01008501,Gas central heating,513,22,491,486,9,477,26,12,14,1,1,0
S01008501,Electric (including storage heaters) central heating,57,3,54,50,1,49,5,0,5,2,2,0
S01008501,Oil central heating,0,0,0,0,0,0,0,0,0,0,0,0
S01008501,Solid fuel (for example wood coal) central heating,0,0,0,0,0,0,0,0,0,0,0,0
S01008501,Other central heating,10,0,10,10,0,10,0,0,0,0,0,0
S01008501,Two or more types of central heating,16,0,16,16,0,16,0,0,0,0,0,0
S01008502,All people in households,635,42,593,595,17,578,38,23,15,2,2,0
S01008502,No central heating,46,3,43,44,3,41,2,0,2,0,0,0
S01008502,Gas central heating,522,29,493,494,12,482,27,16,11,1,1,0
S01008502,Electric (including storage heaters) central heating,61,10,51,51,2,49,9,7,2,1,1,0
S01008502,Oil central heating,0,0,0,0,0,0,0,0,0,0,0,0
S01008502,Solid fuel (for example wood coal) central heating,0,0,0,0,0,0,0,0,0,0,0,0
S01008502,Other central heating,0,0,0,0,0,0,0,0,0,0,0,0
S01008502,Two or more types of central heating,6,0,6,6,0,6,0,0,0,0,0,0
S01008503,All people in households,833,57,776,778,26,752,47,23,24,8,8,0
S01008503,No central heating,39,4,35,36,2,34,3,2,1,0,0,0
S01008503,Gas central heating,585,36,549,548,16,532,30,13,17,7,7,0
S01008503,Electric (including storage heaters) central heating,182,16,166,169,8,161,12,7,5,1,1,0
S01008503,Oil central heating,0,0,0,0,0,0,0,0,0,0,0,0
S01008503,Solid fuel (for example wood coal) central heating,0,0,0,0,0,0,0,0,0,0,0,0
S01008503,Other central heating,0,0,0,0,0,0,0,0,0,0,0,0
S01008503,Two or more types of central heating,27,1,26,25,0,25,2,1,1,0,0,0
S01008504,All people in households,1107,89,1018,1032,38,994,56,35,21,19,16,3
S01008504,No central heating,46,11,35,36,4,32,9,6,3,1,1,0
S01008504,Gas central heating,947,67,880,894,30,864,37,24,13,16,13,3
S01008504,Electric (including storage heaters) central heating,91,9,82,81,4,77,8,3,5,2,2,0
S01008504,Oil central heating,2,0,2,2,0,2,0,0,0,0,0,0
S01008504,Solid fuel (for example wood coal) central heating,1,0,1,1,0,1,0,0,0,0,0,0
S01008504,Other central heating,4,0,4,4,0,4,0,0,0,0,0,0
S01008504,Two or more types of central heating,16,2,14,14,0,14,2,2,0,0,0,0
S01008505,All people in households,711,69,642,645,25,620,51,30,21,15,14,1
S01008505,No central heating,22,7,15,16,2,14,3,2,1,3,3,0
S01008505,Gas central heating,633,54,579,582,22,560,42,24,18,9,8,1
S01008505,Electric (including storage heaters) central heating,29,7,22,21,0,21,5,4,1,3,3,0
S01008505,Oil central heating,0,0,0,0,0,0,0,0,0,0,0,0
S01008505,Solid fuel (for example wood coal) central heating,1,0,1,1,0,1,0,0,0,0,0,0
S01008505,Other central heating,0,0,0,0,0,0,0,0,0,0,0,0
S01008505,Two or more types of central heating,26,1,25,25,1,24,1,0,1,0,0,0
S01008506,All people in households,788,119,669,698,50,648,69,49,20,21,20,1
S01008506,No central heating,28,6,22,23,1,22,3,3,0,2,2,0
S01008506,Gas central heating,638,72,566,580,28,552,46,33,13,12,11,1
S01008506,Electric (including storage heaters) central heating,114,37,77,91,21,70,19,12,7,4,4,0
S01008506,Oil central heating,0,0,0,0,0,0,0,0,0,0,0,0
S01008506,Solid fuel (for example wood coal) central heating,0,0,0,0,0,0,0,0,0,0,0,0
S01008506,Other central heating,2,2,0,0,0,0,0,0,0,2,2,0
S01008506,Two or more types of central heating,6,2,4,4,0,4,1,1,0,1,1,0
S01008507,All people in households,755,62,693,700,25,675,41,24,17,14,13,1
S01008507,No central heating,26,6,20,23,4,19,2,1,1,1,1,0
S01008507,Gas central heating,637,37,600,601,16,585,30,16,14,6,5,1
S01008507,Electric (including storage heaters) central heating,82,17,65,68,5,63,7,5,2,7,7,0
S01008507,Oil central heating,0,0,0,0,0,0,0,0,0,0,0,0
S01008507,Solid fuel (for example wood coal) central heating,1,0,1,1,0,1,0,0,0,0,0,0
S01008507,Other central heating,0,0,0,0,0,0,0,0,0,0,0,0
S01008507,Two or more types of central heating,9,2,7,7,0,7,2,2,0,0,0,0
S01008508,All people in households,847,105,742,765,43,722,60,40,20,22,22,0
S01008508,No central heating,6,2,4,4,0,4,1,1,0,1,1,0
S01008508,Gas central heating,808,97,711,734,41,693,55,37,18,19,19,0
S01008508,Electric (including storage heaters) central heating,27,6,21,22,2,20,3,2,1,2,2,0
S01008508,Oil central heating,0,0,0,0,0,0,0,0,0,0,0,0
S01008508,Solid fuel (for example wood coal) central heating,0,0,0,0,0,0,0,0,0,0,0,0
S01008508,Other central heating,0,0,0,0,0,0,0,0,0,0,0,0
S01008508,Two or more types of central heating,6,0,6,5,0,5,1,0,1,0,0,0
S01008509,All people in households,994,153,841,900,80,820,70,49,21,24,24,0
S01008509,No central heating,6,3,3,4,1,3,2,2,0,0,0,0
S01008509,Gas central heating,925,121,804,857,71,786,49,31,18,19,19,0
S01008509,Electric (including storage heaters) central heating,40,23,17,20,6,14,15,12,3,5,5,0
S01008509,Oil central heating,0,0,0,0,0,0,0,0,0,0,0,0
S01008509,Solid fuel (for example wood coal) central heating,0,0,0,0,0,0,0,0,0,0,0,0
S01008509,Other central heating,0,0,0,0,0,0,0,0,0,0,0,0
S01008509,Two or more types of central heating,23,6,17,19,2,17,4,4,0,0,0,0
S01008510,All people in households,904,104,800,823,46,777,62,40,22,19,18,1
S01008510,No central heating,11,2,9,9,0,9,1,1,0,1,1,0
S01008510,Gas central heating,853,96,757,779,44,735,56,35,21,18,17,1
S01008510,Electric (including storage heaters) central heating,18,6,12,14,2,12,4,4,0,0,0,0
S01008510,Oil central heating,4,0,4,4,0,4,0,0,0,0,0,0
S01008510,Solid fuel (for example wood coal) central heating,0,0,0,0,0,0,0,0,0,0,0,0
S01008510,Other central heating,3,0,3,2,0,2,1,0,1,0,0,0
S01008510,Two or more types of central heating,15,0,15,15,0,15,0,0,0,0,0,0
S01008511,All people in households,879,105,774,796,42,754,56,37,19,27,26,1
S01008511,No central heating,6,0,6,4,0,4,2,0,2,0,0,0
S01008511,Gas central heating,852,99,753,777,41,736,50,34,16,25,24,1
S01008511,Electric (including storage heaters) central heating,17,6,11,11,1,10,4,3,1,2,2,0
S01008511,Oil central heating,0,0,0,0,0,0,0,0,0,0,0,0
S01008511,Solid fuel (for example wood coal) central heating,0,0,0,0,0,0,0,0,0,0,0,0
S01008511,Other central heating,2,0,2,2,0,2,0,0,0,0,0,0
S01008511,Two or more types of central heating,2,0,2,2,0,2,0,0,0,0,0,0
S01008512,All people in households,505,75,430,455,31,424,45,39,6,5,5,0
S01008512,No central heating,2,2,0,1,1,0,1,1,0,0,0,0
S01008512,Gas central heating,498,72,426,450,30,420,43,37,6,5,5,0
S01008512,Electric (including storage heaters) central heating,3,1,2,2,0,2,1,1,0,0,0,0
S01008512,Oil central heating,0,0,0,0,0,0,0,0,0,0,0,0
S01008512,Solid fuel (for example wood coal) central heating,0,0,0,0,0,0,0,0,0,0,0,0
S01008512,Other central heating,0,0,0,0,0,0,0,0,0,0,0,0
S01008512,Two or more types of central heating,2,0,2,2,0,2,0,0,0,0,0,0
S01008513,All people in households,669,86,583,612,42,570,40,27,13,17,17,0
S01008513,No central heating,4,2,2,1,0,1,3,2,1,0,0,0
S01008513,Gas central heating,636,79,557,586,41,545,33,21,12,17,17,0
S01008513,Electric (including storage heaters) central heating,7,4,3,3,0,3,4,4,0,0,0,0
S01008513,Oil central heating,0,0,0,0,0,0,0,0,0,0,0,0
S01008513,Solid fuel (for example wood coal) central heating,0,0,0,0,0,0,0,0,0,0,0,0
S01008513,Other central heating,4,0,4,4,0,4,0,0,0,0,0,0
S01008513,Two or more types of central heating,18,1,17,18,1,17,0,0,0,0,0,0
S01008514,All people in households,877,133,744,776,60,716,81,54,27,20,19,1
S01008514,No central heating,9,5,4,5,1,4,4,4,0,0,0,0
S01008514,Gas central heating,767,85,682,700,41,659,53,31,22,14,13,1
S01008514,Electric (including storage heaters) central heating,92,42,50,63,18,45,24,19,5,5,5,0
S01008514,Oil central heating,0,0,0,0,0,0,0,0,0,0,0,0
S01008514,Solid fuel (for example wood coal) central heating,0,0,0,0,0,0,0,0,0,0,0,0
S01008514,Other central heating,0,0,0,0,0,0,0,0,0,0,0,0
S01008514,Two or more types of central heating,9,1,8,8,0,8,0,0,0,1,1,0
S01008515,All people in households,747,74,673,699,34,665,38,30,8,10,10,0
S01008515,No central heating,14,1,13,12,0,12,2,1,1,0,0,0
S01008515,Gas central heating,713,69,644,670,33,637,34,27,7,9,9,0
S01008515,Electric (including storage heaters) central heating,16,3,13,14,1,13,2,2,0,0,0,0
S01008515,Oil central heating,0,0,0,0,0,0,0,0,0,0,0,0
S01008515,Solid fuel (for example wood coal) central heating,0,0,0,0,0,0,0,0,0,0,0,0
S01008515,Other central heating,0,0,0,0,0,0,0,0,0,0,0,0
S01008515,Two or more types of central heating,4,1,3,3,0,3,0,0,0,1,1,0
S01008516,All people in households,901,127,774,797,54,743,76,49,27,28,24,4
S01008516,No central heating,94,11,83,80,2,78,8,5,3,6,4,2
S01008516,Gas central heating,437,65,372,391,29,362,34,25,9,12,11,1
S01008516,Electric (including storage heaters) central heating,354,49,305,312,23,289,33,18,15,9,8,1
S01008516,Oil central heating,2,0,2,2,0,2,0,0,0,0,0,0
S01008516,Solid fuel (for example wood coal) central heating,0,0,0,0,0,0,0,0,0,0,0,0
S01008516,Other central heating,0,0,0,0,0,0,0,0,0,0,0,0
S01008516,Two or more types of central heating,14,2,12,12,0,12,1,1,0,1,1,0
S01008517,All people in households,860,128,732,766,53,713,64,45,19,30,30,0
S01008517,No central heating,18,4,14,17,3,14,1,1,0,0,0,0
S01008517,Gas central heating,691,77,614,632,32,600,43,29,14,16,16,0
S01008517,Electric (including storage heaters) central heating,137,46,91,104,18,86,20,15,5,13,13,0
S01008517,Oil central heating,0,0,0,0,0,0,0,0,0,0,0,0
S01008517,Solid fuel (for example wood coal) central heating,0,0,0,0,0,0,0,0,0,0,0,0
S01008517,Other central heating,0,0,0,0,0,0,0,0,0,0,0,0
S01008517,Two or more types of central heating,14,1,13,13,0,13,0,0,0,1,1,0
S01008518,All people in households,905,95,810,845,53,792,50,32,18,10,10,0
S01008518,No central heating,19,2,17,17,1,16,2,1,1,0,0,0
S01008518,Gas central heating,775,66,709,732,39,693,38,22,16,5,5,0
S01008518,Electric (including storage heaters) central heating,101,25,76,87,12,75,10,9,1,4,4,0
S01008518,Oil central heating,2,1,1,2,1,1,0,0,0,0,0,0
S01008518,Solid fuel (for example wood coal) central heating,0,0,0,0,0,0,0,0,0,0,0,0
S01008518,Other central heating,0,0,0,0,0,0,0,0,0,0,0,0
S01008518,Two or more types of central heating,8,1,7,7,0,7,0,0,0,1,1,0
S01008519,All people in households,809,91,718,741,38,703,53,38,15,15,15,0
S01008519,No central heating,13,8,5,6,2,4,5,4,1,2,2,0
S01008519,Gas central heating,728,67,661,677,29,648,42,29,13,9,9,0
S01008519,Electric (including storage heaters) central heating,60,16,44,50,7,43,6,5,1,4,4,0
S01008519,Oil central heating,4,0,4,4,0,4,0,0,0,0,0,0
S01008519,Solid fuel (for example wood coal) central heating,0,0,0,0,0,0,0,0,0,0,0,0
S01008519,Other central heating,0,0,0,0,0,0,0,0,0,0,0,0
S01008519,Two or more types of central heating,4,0,4,4,0,4,0,0,0,0,0,0
S01008520,All people in households,1076,130,946,1003,69,934,63,52,11,10,9,1
S01008520,No central heating,1,0,1,1,0,1,0,0,0,0,0,0
S01008520,Gas central heating,1035,125,910,966,68,898,59,48,11,10,9,1
S01008520,Electric (including storage heaters) central heating,22,3,19,19,0,19,3,3,0,0,0,0
S01008520,Oil central heating,2,2,0,1,1,0,1,1,0,0,0,0
S01008520,Solid fuel (for example wood coal) central heating,0,0,0,0,0,0,0,0,0,0,0,0
S01008520,Other central heating,0,0,0,0,0,0,0,0,0,0,0,0
S01008520,Two or more types of central heating,16,0,16,16,0,16,0,0,0,0,0,0
S01008521,All people in households,902,93,809,837,41,796,54,41,13,11,11,0
S01008521,No central heating,4,0,4,4,0,4,0,0,0,0,0,0
S01008521,Gas central heating,868,85,783,811,40,771,48,36,12,9,9,0
S01008521,Electric (including storage heaters) central heating,13,2,11,10,0,10,2,1,1,1,1,0
S01008521,Oil central heating,5,2,3,3,0,3,2,2,0,0,0,0
S01008521,Solid fuel (for example wood coal) central heating,0,0,0,0,0,0,0,0,0,0,0,0
S01008521,Other central heating,0,0,0,0,0,0,0,0,0,0,0,0
S01008521,Two or more types of central heating,12,4,8,9,1,8,2,2,0,1,1,0
S01008522,All people in households,532,45,487,490,18,472,38,23,15,4,4,0
S01008522,No central heating,0,0,0,0,0,0,0,0,0,0,0,0
S01008522,Gas central heating,517,42,475,478,18,460,35,20,15,4,4,0
S01008522,Electric (including storage heaters) central heating,4,1,3,3,0,3,1,1,0,0,0,0
S01008522,Oil central heating,0,0,0,0,0,0,0,0,0,0,0,0
S01008522,Solid fuel (for example wood coal) central heating,0,0,0,0,0,0,0,0,0,0,0,0
S01008522,Other central heating,0,0,0,0,0,0,0,0,0,0,0,0
S01008522,Two or more types of central heating,11,2,9,9,0,9,2,2,0,0,0,0
S01008523,All people in households,967,87,880,905,43,862,51,34,17,11,10,1
S01008523,No central heating,6,0,6,6,0,6,0,0,0,0,0,0
S01008523,Gas central heating,943,84,859,881,40,841,51,34,17,11,10,1
S01008523,Electric (including storage heaters) central heating,7,2,5,7,2,5,0,0,0,0,0,0
S01008523,Oil central heating,0,0,0,0,0,0,0,0,0,0,0,0
S01008523,Solid fuel (for example wood coal) central heating,0,0,0,0,0,0,0,0,0,0,0,0
S01008523,Other central heating,0,0,0,0,0,0,0,0,0,0,0,0
S01008523,Two or more types of central heating,11,1,10,11,1,10,0,0,0,0,0,0
S01008524,All people in households,863,197,666,688,67,621,103,63,40,72,67,5
S01008524,No central heating,37,10,27,27,2,25,5,3,2,5,5,0
S01008524,Gas central heating,724,158,566,580,54,526,87,51,36,57,53,4
S01008524,Electric (including storage heaters) central heating,85,27,58,66,11,55,10,8,2,9,8,1
S01008524,Oil central heating,0,0,0,0,0,0,0,0,0,0,0,0
S01008524,Solid fuel (for example wood coal) central heating,0,0,0,0,0,0,0,0,0,0,0,0
S01008524,Other central heating,2,0,2,2,0,2,0,0,0,0,0,0
S01008524,Two or more types of central heating,15,2,13,13,0,13,1,1,0,1,1,0
S01008525,All people in households,775,217,558,596,64,532,118,95,23,61,58,3
S01008525,No central heating,13,6,7,9,2,7,1,1,0,3,3,0
S01008525,Gas central heating,710,198,512,551,60,491,107,88,19,52,50,2
S01008525,Electric (including storage heaters) central heating,21,7,14,14,2,12,5,3,2,2,2,0
S01008525,Oil central heating,0,0,0,0,0,0,0,0,0,0,0,0
S01008525,Solid fuel (for example wood coal) central heating,0,0,0,0,0,0,0,0,0,0,0,0
S01008525,Other central heating,0,0,0,0,0,0,0,0,0,0,0,0
S01008525,Two or more types of central heating,31,6,25,22,0,22,5,3,2,4,3,1
S01008526,All people in households,846,193,653,689,69,620,113,80,33,44,44,0
S01008526,No central heating,23,5,18,18,0,18,2,2,0,3,3,0
S01008526,Gas central heating,738,152,586,613,53,560,88,62,26,37,37,0
S01008526,Electric (including storage heaters) central heating,78,34,44,53,15,38,21,15,6,4,4,0
S01008526,Oil central heating,0,0,0,0,0,0,0,0,0,0,0,0
S01008526,Solid fuel (for example wood coal) central heating,0,0,0,0,0,0,0,0,0,0,0,0
S01008526,Other central heating,1,0,1,1,0,1,0,0,0,0,0,0
S01008526,Two or more types of central heating,6,2,4,4,1,3,2,1,1,0,0,0
S01008527,All people in households,726,100,626,628,37,591,83,48,35,15,15,0
S01008527,No central heating,17,4,13,12,2,10,5,2,3,0,0,0
S01008527,Gas central heating,657,91,566,571,33,538,73,45,28,13,13,0
S01008527,Electric (including storage heaters) central heating,43,4,39,37,1,36,4,1,3,2,2,0
S01008527,Oil central heating,0,0,0,0,0,0,0,0,0,0,0,0
S01008527,Solid fuel (for example wood coal) central heating,0,0,0,0,0,0,0,0,0,0,0,0
S01008527,Other central heating,0,0,0,0,0,0,0,0,0,0,0,0
S01008527,Two or more types of central heating,9,1,8,8,1,7,1,0,1,0,0,0
S01008528,All people in households,720,102,618,634,41,593,70,45,25,16,16,0
S01008528,No central heating,16,5,11,12,1,11,2,2,0,2,2,0
S01008528,Gas central heating,653,85,568,580,35,545,59,36,23,14,14,0
S01008528,Electric (including storage heaters) central heating,47,11,36,38,4,34,9,7,2,0,0,0
S01008528,Oil central heating,0,0,0,0,0,0,0,0,0,0,0,0
S01008528,Solid fuel (for example wood coal) central heating,0,0,0,0,0,0,0,0,0,0,0,0
S01008528,Other central heating,0,0,0,0,0,0,0,0,0,0,0,0
S01008528,Two or more types of central heating,4,1,3,4,1,3,0,0,0,0,0,0
S01008529,All people in households,724,163,561,592,58,534,98,75,23,34,30,4
S01008529,No central heating,33,13,20,22,4,18,7,5,2,4,4,0
S01008529,Gas central heating,652,138,514,544,53,491,82,63,19,26,22,4
S01008529,Electric (including storage heaters) central heating,27,10,17,16,0,16,7,6,1,4,4,0
S01008529,Oil central heating,0,0,0,0,0,0,0,0,0,0,0,0
S01008529,Solid fuel (for example wood coal) central heating,0,0,0,0,0,0,0,0,0,0,0,0
S01008529,Other central heating,0,0,0,0,0,0,0,0,0,0,0,0
S01008529,Two or more types of central heating,12,2,10,10,1,9,2,1,1,0,0,0
S01008530,All people in households,724,152,572,594,50,544,86,59,27,44,43,1
S01008530,No central heating,26,9,17,17,1,16,5,4,1,4,4,0
S01008530,Gas central heating,661,131,530,551,46,505,74,50,24,36,35,1
S01008530,Electric (including storage heaters) central heating,27,9,18,21,3,18,3,3,0,3,3,0
S01008530,Oil central heating,0,0,0,0,0,0,0,0,0,0,0,0
S01008530,Solid fuel (for example wood coal) central heating,0,0,0,0,0,0,0,0,0,0,0,0
S01008530,Other central heating,0,0,0,0,0,0,0,0,0,0,0,0
S01008530,Two or more types of central heating,10,3,7,5,0,5,4,2,2,1,1,0
S01008531,All people in households,748,182,566,574,52,522,117,75,42,57,55,2
S01008531,No central heating,19,4,15,16,1,15,2,2,0,1,1,0
S01008531,Gas central heating,654,157,497,505,46,459,102,66,36,47,45,2
S01008531,Electric (including storage heaters) central heating,56,13,43,41,2,39,8,4,4,7,7,0
S01008531,Oil central heating,0,0,0,0,0,0,0,0,0,0,0,0
S01008531,Solid fuel (for example wood coal) central heating,0,0,0,0,0,0,0,0,0,0,0,0
S01008531,Other central heating,5,3,2,4,2,2,1,1,0,0,0,0
S01008531,Two or more types of central heating,14,5,9,8,1,7,4,2,2,2,2,0
S01008532,All people in households,443,128,315,339,39,300,73,59,14,31,30,1
S01008532,No central heating,14,4,10,12,2,10,2,2,0,0,0,0
S01008532,Gas central heating,387,101,286,303,30,273,57,45,12,27,26,1
S01008532,Electric (including storage heaters) central heating,31,20,11,18,7,11,10,10,0,3,3,0
S01008532,Oil central heating,0,0,0,0,0,0,0,0,0,0,0,0
S01008532,Solid fuel (for example wood coal) central heating,2,0,2,2,0,2,0,0,0,0,0,0
S01008532,Other central heating,0,0,0,0,0,0,0,0,0,0,0,0
S01008532,Two or more types of central heating,9,3,6,4,0,4,4,2,2,1,1,0
S01008533,All people in households,541,45,496,496,16,480,33,18,15,12,11,1
S01008533,No central heating,1,0,1,1,0,1,0,0,0,0,0,0
S01008533,Gas central heating,474,43,431,433,16,417,30,17,13,11,10,1
S01008533,Electric (including storage heaters) central heating,15,1,14,14,0,14,1,1,0,0,0,0
S01008533,Oil central heating,1,0,1,1,0,1,0,0,0,0,0,0
S01008533,Solid fuel (for example wood coal) central heating,0,0,0,0,0,0,0,0,0,0,0,0
S01008533,Other central heating,4,1,3,3,0,3,0,0,0,1,1,0
S01008533,Two or more types of central heating,46,0,46,44,0,44,2,0,2,0,0,0
S01008534,All people in households,723,80,643,656,32,624,50,31,19,17,17,0
S01008534,No central heating,0,0,0,0,0,0,0,0,0,0,0,0
S01008534,Gas central heating,675,72,603,621,30,591,39,27,12,15,15,0
S01008534,Electric (including storage heaters) central heating,37,6,31,25,0,25,10,4,6,2,2,0
S01008534,Oil central heating,0,0,0,0,0,0,0,0,0,0,0,0
S01008534,Solid fuel (for example wood coal) central heating,0,0,0,0,0,0,0,0,0,0,0,0
S01008534,Other central heating,0,0,0,0,0,0,0,0,0,0,0,0
S01008534,Two or more types of central heating,11,2,9,10,2,8,1,0,1,0,0,0
S01008535,All people in households,709,86,623,644,36,608,50,35,15,15,15,0
S01008535,No central heating,2,0,2,2,0,2,0,0,0,0,0,0
S01008535,Gas central heating,672,85,587,608,35,573,49,35,14,15,15,0
S01008535,Electric (including storage heaters) central heating,17,1,16,17,1,16,0,0,0,0,0,0
S01008535,Oil central heating,0,0,0,0,0,0,0,0,0,0,0,0
S01008535,Solid fuel (for example wood coal) central heating,0,0,0,0,0,0,0,0,0,0,0,0
S01008535,Other central heating,12,0,12,12,0,12,0,0,0,0,0,0
S01008535,Two or more types of central heating,6,0,6,5,0,5,1,0,1,0,0,0
S01008536,All people in households,569,90,479,512,43,469,42,32,10,15,15,0
S01008536,No central heating,8,1,7,7,1,6,1,0,1,0,0,0
S01008536,Gas central heating,524,78,446,476,38,438,34,26,8,14,14,0
S01008536,Electric (including storage heaters) central heating,33,10,23,25,3,22,7,6,1,1,1,0
S01008536,Oil central heating,4,1,3,4,1,3,0,0,0,0,0,0
S01008536,Solid fuel (for example wood coal) central heating,0,0,0,0,0,0,0,0,0,0,0,0
S01008536,Other central heating,0,0,0,0,0,0,0,0,0,0,0,0
S01008536,Two or more types of central heating,0,0,0,0,0,0,0,0,0,0,0,0
S01008537,All people in households,673,79,594,626,42,584,35,26,9,12,11,1
S01008537,No central heating,6,2,4,6,2,4,0,0,0,0,0,0
S01008537,Gas central heating,648,77,571,602,40,562,34,26,8,12,11,1
S01008537,Electric (including storage heaters) central heating,9,0,9,9,0,9,0,0,0,0,0,0
S01008537,Oil central heating,2,0,2,2,0,2,0,0,0,0,0,0
S01008537,Solid fuel (for example wood coal) central heating,0,0,0,0,0,0,0,0,0,0,0,0
S01008537,Other central heating,0,0,0,0,0,0,0,0,0,0,0,0
S01008537,Two or more types of central heating,8,0,8,7,0,7,1,0,1,0,0,0
S01008538,All people in households,542,95,447,484,45,439,45,37,8,13,13,0
S01008538,No central heating,9,1,8,7,0,7,2,1,1,0,0,0
S01008538,Gas central heating,522,87,435,471,42,429,40,34,6,11,11,0
S01008538,Electric (including storage heaters) central heating,8,4,4,3,0,3,3,2,1,2,2,0
S01008538,Oil central heating,1,1,0,1,1,0,0,0,0,0,0,0
S01008538,Solid fuel (for example wood coal) central heating,0,0,0,0,0,0,0,0,0,0,0,0
S01008538,Other central heating,0,0,0,0,0,0,0,0,0,0,0,0
S01008538,Two or more types of central heating,2,2,0,2,2,0,0,0,0,0,0,0
S01008539,All people in households,833,94,739,755,45,710,61,33,28,17,16,1
S01008539,No central heating,14,4,10,10,2,8,2,0,2,2,2,0
S01008539,Gas central heating,754,73,681,693,36,657,49,26,23,12,11,1
S01008539,Electric (including storage heaters) central heating,51,17,34,38,7,31,10,7,3,3,3,0
S01008539,Oil central heating,0,0,0,0,0,0,0,0,0,0,0,0
S01008539,Solid fuel (for example wood coal) central heating,0,0,0,0,0,0,0,0,0,0,0,0
S01008539,Other central heating,0,0,0,0,0,0,0,0,0,0,0,0
S01008539,Two or more types of central heating,14,0,14,14,0,14,0,0,0,0,0,0
S01008540,All people in households,861,140,721,739,48,691,98,68,30,24,24,0
S01008540,No central heating,9,7,2,5,3,2,3,3,0,1,1,0
S01008540,Gas central heating,823,119,704,718,41,677,84,57,27,21,21,0
S01008540,Electric (including storage heaters) central heating,19,10,9,10,3,7,8,6,2,1,1,0
S01008540,Oil central heating,4,1,3,2,0,2,2,1,1,0,0,0
S01008540,Solid fuel (for example wood coal) central heating,0,0,0,0,0,0,0,0,0,0,0,0
S01008540,Other central heating,2,0,2,2,0,2,0,0,0,0,0,0
S01008540,Two or more types of central heating,4,3,1,2,1,1,1,1,0,1,1,0
S01008541,All people in households,886,78,808,831,43,788,40,22,18,15,13,2
S01008541,No central heating,5,0,5,5,0,5,0,0,0,0,0,0
S01008541,Gas central heating,872,75,797,820,43,777,40,22,18,12,10,2
S01008541,Electric (including storage heaters) central heating,6,3,3,3,0,3,0,0,0,3,3,0
S01008541,Oil central heating,0,0,0,0,0,0,0,0,0,0,0,0
S01008541,Solid fuel (for example wood coal) central heating,0,0,0,0,0,0,0,0,0,0,0,0
S01008541,Other central heating,0,0,0,0,0,0,0,0,0,0,0,0
S01008541,Two or more types of central heating,3,0,3,3,0,3,0,0,0,0,0,0
S01008542,All people in households,942,103,839,873,50,823,53,38,15,16,15,1
S01008542,No central heating,10,1,9,7,0,7,3,1,2,0,0,0
S01008542,Gas central heating,916,97,819,854,48,806,46,34,12,16,15,1
S01008542,Electric (including storage heaters) central heating,8,2,6,7,2,5,1,0,1,0,0,0
S01008542,Oil central heating,0,0,0,0,0,0,0,0,0,0,0,0
S01008542,Solid fuel (for example wood coal) central heating,0,0,0,0,0,0,0,0,0,0,0,0
S01008542,Other central heating,0,0,0,0,0,0,0,0,0,0,0,0
S01008542,Two or more types of central heating,8,3,5,5,0,5,3,3,0,0,0,0
S01008543,All people in households,740,66,674,681,25,656,44,26,18,15,15,0
S01008543,No central heating,4,0,4,4,0,4,0,0,0,0,0,0
S01008543,Gas central heating,728,66,662,670,25,645,43,26,17,15,15,0
S01008543,Electric (including storage heaters) central heating,0,0,0,0,0,0,0,0,0,0,0,0
S01008543,Oil central heating,0,0,0,0,0,0,0,0,0,0,0,0
S01008543,Solid fuel (for example wood coal) central heating,0,0,0,0,0,0,0,0,0,0,0,0
S01008543,Other central heating,0,0,0,0,0,0,0,0,0,0,0,0
S01008543,Two or more types of central heating,8,0,8,7,0,7,1,0,1,0,0,0
S01008544,All people in households,653,41,612,623,21,602,22,13,9,8,7,1
S01008544,No central heating,12,3,9,11,2,9,0,0,0,1,1,0
S01008544,Gas central heating,619,34,585,594,18,576,22,13,9,3,3,0
S01008544,Electric (including storage heaters) central heating,19,4,15,15,1,14,0,0,0,4,3,1
S01008544,Oil central heating,0,0,0,0,0,0,0,0,0,0,0,0
S01008544,Solid fuel (for example wood coal) central heating,0,0,0,0,0,0,0,0,0,0,0,0
S01008544,Other central heating,0,0,0,0,0,0,0,0,0,0,0,0
S01008544,Two or more types of central heating,3,0,3,3,0,3,0,0,0,0,0,0
S01008545,All people in households,898,90,808,830,37,793,51,36,15,17,17,0
S01008545,No central heating,3,0,3,2,0,2,1,0,1,0,0,0
S01008545,Gas central heating,846,85,761,784,35,749,45,33,12,17,17,0
S01008545,Electric (including storage heaters) central heating,31,1,30,29,0,29,2,1,1,0,0,0
S01008545,Oil central heating,3,0,3,2,0,2,1,0,1,0,0,0
S01008545,Solid fuel (for example wood coal) central heating,4,2,2,3,1,2,1,1,0,0,0,0
S01008545,Other central heating,1,1,0,1,1,0,0,0,0,0,0,0
S01008545,Two or more types of central heating,10,1,9,9,0,9,1,1,0,0,0,0
S01008546,All people in households,806,118,688,728,58,670,67,49,18,11,11,0
S01008546,No central heating,1,0,1,1,0,1,0,0,0,0,0,0
S01008546,Gas central heating,791,112,679,717,56,661,63,45,18,11,11,0
S01008546,Electric (including storage heaters) central heating,9,4,5,6,1,5,3,3,0,0,0,0
S01008546,Oil central heating,0,0,0,0,0,0,0,0,0,0,0,0
S01008546,Solid fuel (for example wood coal) central heating,0,0,0,0,0,0,0,0,0,0,0,0
S01008546,Other central heating,0,0,0,0,0,0,0,0,0,0,0,0
S01008546,Two or more types of central heating,5,2,3,4,1,3,1,1,0,0,0,0
S01008547,All people in households,1010,133,877,900,57,843,85,52,33,25,24,1
S01008547,No central heating,7,0,7,5,0,5,2,0,2,0,0,0
S01008547,Gas central heating,815,116,699,725,52,673,70,44,26,20,20,0
S01008547,Electric (including storage heaters) central heating,173,15,158,158,4,154,11,8,3,4,3,1
S01008547,Oil central heating,0,0,0,0,0,0,0,0,0,0,0,0
S01008547,Solid fuel (for example wood coal) central heating,0,0,0,0,0,0,0,0,0,0,0,0
S01008547,Other central heating,6,1,5,4,0,4,1,0,1,1,1,0
S01008547,Two or more types of central heating,9,1,8,8,1,7,1,0,1,0,0,0
S01008548,All people in households,835,89,746,748,28,720,66,41,25,21,20,1
S01008548,No central heating,6,0,6,6,0,6,0,0,0,0,0,0
S01008548,Gas central heating,685,76,609,615,24,591,55,37,18,15,15,0
S01008548,Electric (including storage heaters) central heating,123,8,115,110,2,108,8,2,6,5,4,1
S01008548,Oil central heating,1,0,1,1,0,1,0,0,0,0,0,0
S01008548,Solid fuel (for example wood coal) central heating,4,0,4,3,0,3,1,0,1,0,0,0
S01008548,Other central heating,0,0,0,0,0,0,0,0,0,0,0,0
S01008548,Two or more types of central heating,16,5,11,13,2,11,2,2,0,1,1,0
S01008549,All people in households,948,191,757,778,67,711,122,80,42,48,44,4
S01008549,No central heating,23,5,18,15,2,13,5,1,4,3,2,1
S01008549,Gas central heating,705,145,560,591,56,535,86,64,22,28,25,3
S01008549,Electric (including storage heaters) central heating,165,30,135,130,7,123,23,11,12,12,12,0
S01008549,Oil central heating,39,9,30,28,1,27,6,3,3,5,5,0
S01008549,Solid fuel (for example wood coal) central heating,0,0,0,0,0,0,0,0,0,0,0,0
S01008549,Other central heating,9,0,9,9,0,9,0,0,0,0,0,0
S01008549,Two or more types of central heating,7,2,5,5,1,4,2,1,1,0,0,0
S01008550,All people in households,798,93,705,715,36,679,56,33,23,27,24,3
S01008550,No central heating,19,4,15,17,2,15,2,2,0,0,0,0
S01008550,Gas central heating,736,87,649,655,32,623,54,31,23,27,24,3
S01008550,Electric (including storage heaters) central heating,35,2,33,35,2,33,0,0,0,0,0,0
S01008550,Oil central heating,4,0,4,4,0,4,0,0,0,0,0,0
S01008550,Solid fuel (for example wood coal) central heating,0,0,0,0,0,0,0,0,0,0,0,0
S01008550,Other central heating,0,0,0,0,0,0,0,0,0,0,0,0
S01008550,Two or more types of central heating,4,0,4,4,0,4,0,0,0,0,0,0
S01008551,All people in households,969,166,803,828,66,762,104,64,40,37,36,1
S01008551,No central heating,17,2,15,12,0,12,4,1,3,1,1,0
S01008551,Gas central heating,907,154,753,779,63,716,96,60,36,32,31,1
S01008551,Electric (including storage heaters) central heating,25,9,16,18,3,15,4,3,1,3,3,0
S01008551,Oil central heating,0,0,0,0,0,0,0,0,0,0,0,0
S01008551,Solid fuel (for example wood coal) central heating,1,1,0,0,0,0,0,0,0,1,1,0
S01008551,Other central heating,4,0,4,4,0,4,0,0,0,0,0,0
S01008551,Two or more types of central heating,15,0,15,15,0,15,0,0,0,0,0,0
S01008552,All people in households,876,129,747,777,60,717,80,50,30,19,19,0
S01008552,No central heating,12,0,12,11,0,11,1,0,1,0,0,0
S01008552,Gas central heating,705,98,607,627,46,581,64,38,26,14,14,0
S01008552,Electric (including storage heaters) central heating,125,21,104,110,8,102,11,9,2,4,4,0
S01008552,Oil central heating,24,10,14,19,6,13,4,3,1,1,1,0
S01008552,Solid fuel (for example wood coal) central heating,0,0,0,0,0,0,0,0,0,0,0,0
S01008552,Other central heating,0,0,0,0,0,0,0,0,0,0,0,0
S01008552,Two or more types of central heating,10,0,10,10,0,10,0,0,0,0,0,0
S01008553,All people in households,523,114,409,427,35,392,64,48,16,32,31,1
S01008553,No central heating,7,2,5,5,0,5,1,1,0,1,1,0
S01008553,Gas central heating,475,102,373,391,32,359,56,43,13,28,27,1
S01008553,Electric (including storage heaters) central heating,28,7,21,21,2,19,6,4,2,1,1,0
S01008553,Oil central heating,0,0,0,0,0,0,0,0,0,0,0,0
S01008553,Solid fuel (for example wood coal) central heating,0,0,0,0,0,0,0,0,0,0,0,0
S01008553,Other central heating,6,0,6,5,0,5,1,0,1,0,0,0
S01008553,Two or more types of central heating,7,3,4,5,1,4,0,0,0,2,2,0
S01008554,All people in households,1090,250,840,875,70,805,137,102,35,78,78,0
S01008554,No central heating,14,8,6,8,2,6,4,4,0,2,2,0
S01008554,Gas central heating,1004,228,776,809,64,745,126,95,31,69,69,0
S01008554,Electric (including storage heaters) central heating,40,8,32,31,2,29,5,2,3,4,4,0
S01008554,Oil central heating,0,0,0,0,0,0,0,0,0,0,0,0
S01008554,Solid fuel (for example wood coal) central heating,0,0,0,0,0,0,0,0,0,0,0,0
S01008554,Other central heating,3,1,2,3,1,2,0,0,0,0,0,0
S01008554,Two or more types of central heating,29,5,24,24,1,23,2,1,1,3,3,0
S01008555,All people in households,1027,201,826,819,56,763,133,74,59,75,71,4
S01008555,No central heating,23,5,18,21,3,18,1,1,0,1,1,0
S01008555,Gas central heating,901,178,723,713,46,667,118,66,52,70,66,4
S01008555,Electric (including storage heaters) central heating,64,11,53,55,6,49,8,4,4,1,1,0
S01008555,Oil central heating,0,0,0,0,0,0,0,0,0,0,0,0
S01008555,Solid fuel (for example wood coal) central heating,0,0,0,0,0,0,0,0,0,0,0,0
S01008555,Other central heating,8,0,8,8,0,8,0,0,0,0,0,0
S01008555,Two or more types of central heating,31,7,24,22,1,21,6,3,3,3,3,0
S01008556,All people in households,778,184,594,622,66,556,108,71,37,48,47,1
S01008556,No central heating,13,3,10,6,0,6,5,2,3,2,1,1
S01008556,Gas central heating,711,167,544,573,62,511,98,65,33,40,40,0
S01008556,Electric (including storage heaters) central heating,30,9,21,24,3,21,2,2,0,4,4,0
S01008556,Oil central heating,0,0,0,0,0,0,0,0,0,0,0,0
S01008556,Solid fuel (for example wood coal) central heating,0,0,0,0,0,0,0,0,0,0,0,0
S01008556,Other central heating,0,0,0,0,0,0,0,0,0,0,0,0
S01008556,Two or more types of central heating,24,5,19,19,1,18,3,2,1,2,2,0
S01008557,All people in households,914,227,687,689,56,633,151,100,51,74,71,3
S01008557,No central heating,28,4,24,26,2,24,0,0,0,2,2,0
S01008557,Gas central heating,763,184,579,573,40,533,129,84,45,61,60,1
S01008557,Electric (including storage heaters) central heating,54,21,33,34,5,29,13,10,3,7,6,1
S01008557,Oil central heating,0,0,0,0,0,0,0,0,0,0,0,0
S01008557,Solid fuel (for example wood coal) central heating,9,2,7,7,1,6,1,0,1,1,1,0
S01008557,Other central heating,32,9,23,30,7,23,2,2,0,0,0,0
S01008557,Two or more types of central heating,28,7,21,19,1,18,6,4,2,3,2,1
S01008558,All people in households,912,217,695,714,62,652,127,84,43,71,71,0
S01008558,No central heating,36,10,26,25,1,24,9,7,2,2,2,0
S01008558,Gas central heating,744,163,581,593,47,546,99,64,35,52,52,0
S01008558,Electric (including storage heaters) central heating,104,32,72,79,11,68,14,10,4,11,11,0
S01008558,Oil central heating,0,0,0,0,0,0,0,0,0,0,0,0
S01008558,Solid fuel (for example wood coal) central heating,0,0,0,0,0,0,0,0,0,0,0,0
S01008558,Other central heating,5,4,1,1,0,1,1,1,0,3,3,0
S01008558,Two or more types of central heating,23,8,15,16,3,13,4,2,2,3,3,0
S01008559,All people in households,715,186,529,541,52,489,109,73,36,65,61,4
S01008559,No central heating,20,3,17,15,1,14,5,2,3,0,0,0
S01008559,Gas central heating,665,170,495,515,51,464,88,61,27,62,58,4
S01008559,Electric (including storage heaters) central heating,16,6,10,5,0,5,11,6,5,0,0,0
S01008559,Oil central heating,0,0,0,0,0,0,0,0,0,0,0,0
S01008559,Solid fuel (for example wood coal) central heating,0,0,0,0,0,0,0,0,0,0,0,0
S01008559,Other central heating,1,0,1,1,0,1,0,0,0,0,0,0
S01008559,Two or more types of central heating,13,7,6,5,0,5,5,4,1,3,3,0
S01008560,All people in households,699,163,536,547,43,504,104,76,28,48,44,4
S01008560,No central heating,11,8,3,4,1,3,4,4,0,3,3,0
S01008560,Gas central heating,649,143,506,513,39,474,96,68,28,40,36,4
S01008560,Electric (including storage heaters) central heating,33,8,25,27,2,25,3,3,0,3,3,0
S01008560,Oil central heating,0,0,0,0,0,0,0,0,0,0,0,0
S01008560,Solid fuel (for example wood coal) central heating,2,1,1,1,0,1,0,0,0,1,1,0
S01008560,Other central heating,1,0,1,1,0,1,0,0,0,0,0,0
S01008560,Two or more types of central heating,3,3,0,1,1,0,1,1,0,1,1,0
S01008561,All people in households,674,124,550,561,35,526,76,52,24,37,37,0
S01008561,No central heating,16,3,13,12,1,11,4,2,2,0,0,0
S01008561,Gas central heating,566,107,459,466,28,438,67,46,21,33,33,0
S01008561,Electric (including storage heaters) central heating,47,9,38,42,5,37,4,3,1,1,1,0
S01008561,Oil central heating,2,1,1,1,0,1,0,0,0,1,1,0
S01008561,Solid fuel (for example wood coal) central heating,1,1,0,0,0,0,1,1,0,0,0,0
S01008561,Other central heating,0,0,0,0,0,0,0,0,0,0,0,0
S01008561,Two or more types of central heating,42,3,39,40,1,39,0,0,0,2,2,0
S01008562,All people in households,675,201,474,494,54,440,109,75,34,72,72,0
S01008562,No central heating,9,3,6,6,1,5,2,1,1,1,1,0
S01008562,Gas central heating,561,146,415,433,42,391,77,53,24,51,51,0
S01008562,Electric (including storage heaters) central heating,66,42,24,27,9,18,22,16,6,17,17,0
S01008562,Oil central heating,1,1,0,0,0,0,0,0,0,1,1,0
S01008562,Solid fuel (for example wood coal) central heating,0,0,0,0,0,0,0,0,0,0,0,0
S01008562,Other central heating,5,3,2,2,0,2,3,3,0,0,0,0
S01008562,Two or more types of central heating,33,6,27,26,2,24,5,2,3,2,2,0
S01008563,All people in households,805,145,660,642,33,609,123,74,49,40,38,2
S01008563,No central heating,17,2,15,14,0,14,1,0,1,2,2,0
S01008563,Gas central heating,749,135,614,598,30,568,114,70,44,37,35,2
S01008563,Electric (including storage heaters) central heating,18,3,15,14,1,13,4,2,2,0,0,0
S01008563,Oil central heating,0,0,0,0,0,0,0,0,0,0,0,0
S01008563,Solid fuel (for example wood coal) central heating,0,0,0,0,0,0,0,0,0,0,0,0
S01008563,Other central heating,1,1,0,0,0,0,1,1,0,0,0,0
S01008563,Two or more types of central heating,20,4,16,16,2,14,3,1,2,1,1,0
S01008564,All people in households,587,166,421,431,42,389,103,72,31,53,52,1
S01008564,No central heating,15,6,9,6,0,6,8,5,3,1,1,0
S01008564,Gas central heating,520,138,382,393,38,355,82,55,27,45,45,0
S01008564,Electric (including storage heaters) central heating,40,15,25,25,2,23,10,9,1,5,4,1
S01008564,Oil central heating,0,0,0,0,0,0,0,0,0,0,0,0
S01008564,Solid fuel (for example wood coal) central heating,0,0,0,0,0,0,0,0,0,0,0,0
S01008564,Other central heating,2,2,0,1,1,0,1,1,0,0,0,0
S01008564,Two or more types of central heating,10,5,5,6,1,5,2,2,0,2,2,0
S01008565,All people in households,928,215,713,732,52,680,133,102,31,63,61,2
S01008565,No central heating,7,3,4,5,1,4,1,1,0,1,1,0
S01008565,Gas central heating,877,197,680,696,48,648,123,93,30,58,56,2
S01008565,Electric (including storage heaters) central heating,25,8,17,20,3,17,4,4,0,1,1,0
S01008565,Oil central heating,0,0,0,0,0,0,0,0,0,0,0,0
S01008565,Solid fuel (for example wood coal) central heating,0,0,0,0,0,0,0,0,0,0,0,0
S01008565,Other central heating,3,1,2,1,0,1,2,1,1,0,0,0
S01008565,Two or more types of central heating,16,6,10,10,0,10,3,3,0,3,3,0
S01008566,All people in households,1064,247,817,839,74,765,145,95,50,80,78,2
S01008566,No central heating,15,6,9,9,1,8,5,4,1,1,1,0
S01008566,Gas central heating,970,214,756,779,68,711,123,80,43,68,66,2
S01008566,Electric (including storage heaters) central heating,65,19,46,45,4,41,12,7,5,8,8,0
S01008566,Oil central heating,3,0,3,3,0,3,0,0,0,0,0,0
S01008566,Solid fuel (for example wood coal) central heating,4,4,0,1,1,0,3,3,0,0,0,0
S01008566,Other central heating,0,0,0,0,0,0,0,0,0,0,0,0
S01008566,Two or more types of central heating,7,4,3,2,0,2,2,1,1,3,3,0
S01008567,All people in households,744,163,581,588,42,546,97,69,28,59,52,7
S01008567,No central heating,3,1,2,2,0,2,1,1,0,0,0,0
S01008567,Gas central heating,703,152,551,560,42,518,92,65,27,51,45,6
S01008567,Electric (including storage heaters) central heating,29,10,19,18,0,18,3,3,0,8,7,1
S01008567,Oil central heating,0,0,0,0,0,0,0,0,0,0,0,0
S01008567,Solid fuel (for example wood coal) central heating,2,0,2,2,0,2,0,0,0,0,0,0
S01008567,Other central heating,0,0,0,0,0,0,0,0,0,0,0,0
S01008567,Two or more types of central heating,7,0,7,6,0,6,1,0,1,0,0,0
S01008568,All people in households,793,100,693,692,30,662,63,32,31,38,38,0
S01008568,No central heating,12,1,11,11,0,11,1,1,0,0,0,0
S01008568,Gas central heating,527,60,467,464,18,446,42,21,21,21,21,0
S01008568,Electric (including storage heaters) central heating,241,35,206,209,12,197,18,9,9,14,14,0
S01008568,Oil central heating,0,0,0,0,0,0,0,0,0,0,0,0
S01008568,Solid fuel (for example wood coal) central heating,0,0,0,0,0,0,0,0,0,0,0,0
S01008568,Other central heating,9,1,8,7,0,7,1,0,1,1,1,0
S01008568,Two or more types of central heating,4,3,1,1,0,1,1,1,0,2,2,0
S01008569,All people in households,640,157,483,496,44,452,87,60,27,57,53,4
S01008569,No central heating,14,5,9,8,0,8,2,1,1,4,4,0
S01008569,Gas central heating,126,30,96,101,7,94,16,14,2,9,9,0
S01008569,Electric (including storage heaters) central heating,488,121,367,377,36,341,68,45,23,43,40,3
S01008569,Oil central heating,0,0,0,0,0,0,0,0,0,0,0,0
S01008569,Solid fuel (for example wood coal) central heating,0,0,0,0,0,0,0,0,0,0,0,0
S01008569,Other central heating,0,0,0,0,0,0,0,0,0,0,0,0
S01008569,Two or more types of central heating,12,1,11,10,1,9,1,0,1,1,0,1
S01008570,All people in households,961,196,765,782,53,729,110,75,35,69,68,1
S01008570,No central heating,24,3,21,21,0,21,1,1,0,2,2,0
S01008570,Gas central heating,620,117,503,524,40,484,56,37,19,40,40,0
S01008570,Electric (including storage heaters) central heating,285,69,216,213,13,200,50,35,15,22,21,1
S01008570,Oil central heating,0,0,0,0,0,0,0,0,0,0,0,0
S01008570,Solid fuel (for example wood coal) central heating,0,0,0,0,0,0,0,0,0,0,0,0
S01008570,Other central heating,4,2,2,2,0,2,1,1,0,1,1,0
S01008570,Two or more types of central heating,28,5,23,22,0,22,2,1,1,4,4,0
S01008571,All people in households,672,161,511,532,56,476,94,62,32,46,43,3
S01008571,No central heating,1,0,1,1,0,1,0,0,0,0,0,0
S01008571,Gas central heating,626,151,475,493,52,441,93,61,32,40,38,2
S01008571,Electric (including storage heaters) central heating,26,4,22,21,0,21,0,0,0,5,4,1
S01008571,Oil central heating,0,0,0,0,0,0,0,0,0,0,0,0
S01008571,Solid fuel (for example wood coal) central heating,0,0,0,0,0,0,0,0,0,0,0,0
S01008571,Other central heating,8,3,5,7,2,5,0,0,0,1,1,0
S01008571,Two or more types of central heating,11,3,8,10,2,8,1,1,0,0,0,0
S01008572,All people in households,817,156,661,685,50,635,84,59,25,48,47,1
S01008572,No central heating,10,4,6,6,0,6,0,0,0,4,4,0
S01008572,Gas central heating,761,141,620,640,45,595,79,55,24,42,41,1
S01008572,Electric (including storage heaters) central heating,24,4,20,22,2,20,2,2,0,0,0,0
S01008572,Oil central heating,0,0,0,0,0,0,0,0,0,0,0,0
S01008572,Solid fuel (for example wood coal) central heating,0,0,0,0,0,0,0,0,0,0,0,0
S01008572,Other central heating,5,4,1,4,3,1,1,1,0,0,0,0
S01008572,Two or more types of central heating,17,3,14,13,0,13,2,1,1,2,2,0
S01008573,All people in households,819,102,717,730,39,691,62,36,26,27,27,0
S01008573,No central heating,1,0,1,1,0,1,0,0,0,0,0,0
S01008573,Gas central heating,755,86,669,677,31,646,54,31,23,24,24,0
S01008573,Electric (including storage heaters) central heating,54,13,41,44,6,38,7,4,3,3,3,0
S01008573,Oil central heating,0,0,0,0,0,0,0,0,0,0,0,0
S01008573,Solid fuel (for example wood coal) central heating,0,0,0,0,0,0,0,0,0,0,0,0
S01008573,Other central heating,0,0,0,0,0,0,0,0,0,0,0,0
S01008573,Two or more types of central heating,9,3,6,8,2,6,1,1,0,0,0,0
S01008574,All people in households,727,64,663,661,26,635,54,26,28,12,12,0
S01008574,No central heating,4,0,4,4,0,4,0,0,0,0,0,0
S01008574,Gas central heating,683,58,625,626,25,601,46,22,24,11,11,0
S01008574,Electric (including storage heaters) central heating,30,6,24,21,1,20,8,4,4,1,1,0
S01008574,Oil central heating,0,0,0,0,0,0,0,0,0,0,0,0
S01008574,Solid fuel (for example wood coal) central heating,0,0,0,0,0,0,0,0,0,0,0,0
S01008574,Other central heating,0,0,0,0,0,0,0,0,0,0,0,0
S01008574,Two or more types of central heating,10,0,10,10,0,10,0,0,0,0,0,0
S01008575,All people in households,801,87,714,724,35,689,63,39,24,14,13,1
S01008575,No central heating,3,1,2,2,0,2,0,0,0,1,1,0
S01008575,Gas central heating,780,82,698,708,34,674,59,36,23,13,12,1
S01008575,Electric (including storage heaters) central heating,3,3,0,1,1,0,2,2,0,0,0,0
S01008575,Oil central heating,3,0,3,3,0,3,0,0,0,0,0,0
S01008575,Solid fuel (for example wood coal) central heating,0,0,0,0,0,0,0,0,0,0,0,0
S01008575,Other central heating,0,0,0,0,0,0,0,0,0,0,0,0
S01008575,Two or more types of central heating,12,1,11,10,0,10,2,1,1,0,0,0
S01008576,All people in households,820,127,693,716,48,668,88,63,25,16,16,0
S01008576,No central heating,13,4,9,9,0,9,4,4,0,0,0,0
S01008576,Gas central heating,738,102,636,655,41,614,69,47,22,14,14,0
S01008576,Electric (including storage heaters) central heating,51,19,32,36,6,30,14,12,2,1,1,0
S01008576,Oil central heating,0,0,0,0,0,0,0,0,0,0,0,0
S01008576,Solid fuel (for example wood coal) central heating,0,0,0,0,0,0,0,0,0,0,0,0
S01008576,Other central heating,9,1,8,8,0,8,0,0,0,1,1,0
S01008576,Two or more types of central heating,9,1,8,8,1,7,1,0,1,0,0,0
S01008577,All people in households,792,140,652,693,63,630,83,61,22,16,16,0
S01008577,No central heating,1,0,1,1,0,1,0,0,0,0,0,0
S01008577,Gas central heating,689,96,593,622,45,577,57,41,16,10,10,0
S01008577,Electric (including storage heaters) central heating,74,41,33,45,17,28,24,19,5,5,5,0
S01008577,Oil central heating,2,1,1,0,0,0,2,1,1,0,0,0
S01008577,Solid fuel (for example wood coal) central heating,0,0,0,0,0,0,0,0,0,0,0,0
S01008577,Other central heating,0,0,0,0,0,0,0,0,0,0,0,0
S01008577,Two or more types of central heating,26,2,24,25,1,24,0,0,0,1,1,0
S01008578,All people in households,741,107,634,678,57,621,44,32,12,19,18,1
S01008578,No central heating,8,5,3,4,1,3,1,1,0,3,3,0
S01008578,Gas central heating,711,91,620,660,51,609,39,28,11,12,12,0
S01008578,Electric (including storage heaters) central heating,13,5,8,8,1,7,4,3,1,1,1,0
S01008578,Oil central heating,1,1,0,1,1,0,0,0,0,0,0,0
S01008578,Solid fuel (for example wood coal) central heating,0,0,0,0,0,0,0,0,0,0,0,0
S01008578,Other central heating,0,0,0,0,0,0,0,0,0,0,0,0
S01008578,Two or more types of central heating,8,5,3,5,3,2,0,0,0,3,2,1
S01008579,All people in households,639,113,526,554,46,508,65,47,18,20,20,0
S01008579,No central heating,10,2,8,9,1,8,0,0,0,1,1,0
S01008579,Gas central heating,612,107,505,533,45,488,60,43,17,19,19,0
S01008579,Electric (including storage heaters) central heating,11,4,7,7,0,7,4,4,0,0,0,0
S01008579,Oil central heating,1,0,1,1,0,1,0,0,0,0,0,0
S01008579,Solid fuel (for example wood coal) central heating,0,0,0,0,0,0,0,0,0,0,0,0
S01008579,Other central heating,0,0,0,0,0,0,0,0,0,0,0,0
S01008579,Two or more types of central heating,5,0,5,4,0,4,1,0,1,0,0,0
S01008580,All people in households,542,91,451,463,27,436,55,40,15,24,24,0
S01008580,No central heating,16,0,16,16,0,16,0,0,0,0,0,0
S01008580,Gas central heating,485,86,399,412,27,385,51,37,14,22,22,0
S01008580,Electric (including storage heaters) central heating,34,4,30,29,0,29,3,2,1,2,2,0
S01008580,Oil central heating,0,0,0,0,0,0,0,0,0,0,0,0
S01008580,Solid fuel (for example wood coal) central heating,0,0,0,0,0,0,0,0,0,0,0,0
S01008580,Other central heating,1,0,1,1,0,1,0,0,0,0,0,0
S01008580,Two or more types of central heating,6,1,5,5,0,5,1,1,0,0,0,0
S01008581,All people in households,894,238,656,680,68,612,142,99,43,72,71,1
S01008581,No central heating,26,9,17,20,4,16,2,1,1,4,4,0
S01008581,Gas central heating,748,193,555,568,52,516,119,81,38,61,60,1
S01008581,Electric (including storage heaters) central heating,87,26,61,65,8,57,17,13,4,5,5,0
S01008581,Oil central heating,0,0,0,0,0,0,0,0,0,0,0,0
S01008581,Solid fuel (for example wood coal) central heating,0,0,0,0,0,0,0,0,0,0,0,0
S01008581,Other central heating,11,2,9,11,2,9,0,0,0,0,0,0
S01008581,Two or more types of central heating,22,8,14,16,2,14,4,4,0,2,2,0
S01008582,All people in households,1020,231,789,812,67,745,137,97,40,71,67,4
S01008582,No central heating,23,8,15,15,2,13,7,5,2,1,1,0
S01008582,Gas central heating,935,204,731,754,61,693,120,85,35,61,58,3
S01008582,Electric (including storage heaters) central heating,36,10,26,26,3,23,7,5,2,3,2,1
S01008582,Oil central heating,5,0,5,4,0,4,1,0,1,0,0,0
S01008582,Solid fuel (for example wood coal) central heating,0,0,0,0,0,0,0,0,0,0,0,0
S01008582,Other central heating,1,1,0,0,0,0,1,1,0,0,0,0
S01008582,Two or more types of central heating,20,8,12,13,1,12,1,1,0,6,6,0
S01008583,All people in households,713,166,547,563,41,522,97,77,20,53,48,5
S01008583,No central heating,10,3,7,6,0,6,1,0,1,3,3,0
S01008583,Gas central heating,652,151,501,518,38,480,89,70,19,45,43,2
S01008583,Electric (including storage heaters) central heating,24,9,15,16,1,15,6,6,0,2,2,0
S01008583,Oil central heating,0,0,0,0,0,0,0,0,0,0,0,0
S01008583,Solid fuel (for example wood coal) central heating,0,0,0,0,0,0,0,0,0,0,0,0
S01008583,Other central heating,13,2,11,13,2,11,0,0,0,0,0,0
S01008583,Two or more types of central heating,14,1,13,10,0,10,1,1,0,3,0,3
S01008584,All people in households,857,156,701,719,49,670,98,71,27,40,36,4
S01008584,No central heating,18,3,15,17,2,15,0,0,0,1,1,0
S01008584,Gas central heating,784,141,643,659,46,613,90,63,27,35,32,3
S01008584,Electric (including storage heaters) central heating,28,6,22,22,1,21,4,4,0,2,1,1
S01008584,Oil central heating,0,0,0,0,0,0,0,0,0,0,0,0
S01008584,Solid fuel (for example wood coal) central heating,2,0,2,2,0,2,0,0,0,0,0,0
S01008584,Other central heating,3,1,2,2,0,2,1,1,0,0,0,0
S01008584,Two or more types of central heating,22,5,17,17,0,17,3,3,0,2,2,0
S01008585,All people in households,598,120,478,466,32,434,97,54,43,35,34,1
S01008585,No central heating,13,4,9,4,2,2,9,2,7,0,0,0
S01008585,Gas central heating,541,104,437,431,28,403,77,44,33,33,32,1
S01008585,Electric (including storage heaters) central heating,19,8,11,11,1,10,6,5,1,2,2,0
S01008585,Oil central heating,0,0,0,0,0,0,0,0,0,0,0,0
S01008585,Solid fuel (for example wood coal) central heating,0,0,0,0,0,0,0,0,0,0,0,0
S01008585,Other central heating,6,4,2,3,1,2,3,3,0,0,0,0
S01008585,Two or more types of central heating,19,0,19,17,0,17,2,0,2,0,0,0
S01008586,All people in households,811,228,583,604,61,543,128,88,40,79,79,0
S01008586,No central heating,26,9,17,18,2,16,3,2,1,5,5,0
S01008586,Gas central heating,727,192,535,552,53,499,110,74,36,65,65,0
S01008586,Electric (including storage heaters) central heating,39,20,19,24,6,18,10,9,1,5,5,0
S01008586,Oil central heating,0,0,0,0,0,0,0,0,0,0,0,0
S01008586,Solid fuel (for example wood coal) central heating,0,0,0,0,0,0,0,0,0,0,0,0
S01008586,Other central heating,0,0,0,0,0,0,0,0,0,0,0,0
S01008586,Two or more types of central heating,19,7,12,10,0,10,5,3,2,4,4,0
S01008587,All people in households,754,95,659,672,33,639,68,49,19,14,13,1
S01008587,No central heating,6,1,5,5,0,5,1,1,0,0,0,0
S01008587,Gas central heating,716,90,626,639,32,607,63,45,18,14,13,1
S01008587,Electric (including storage heaters) central heating,12,3,9,9,1,8,3,2,1,0,0,0
S01008587,Oil central heating,2,0,2,2,0,2,0,0,0,0,0,0
S01008587,Solid fuel (for example wood coal) central heating,0,0,0,0,0,0,0,0,0,0,0,0
S01008587,Other central heating,0,0,0,0,0,0,0,0,0,0,0,0
S01008587,Two or more types of central heating,18,1,17,17,0,17,1,1,0,0,0,0
S01008588,All people in households,775,115,660,703,61,642,56,40,16,16,14,2
S01008588,No central heating,6,1,5,5,0,5,0,0,0,1,1,0
S01008588,Gas central heating,658,72,586,610,35,575,37,27,10,11,10,1
S01008588,Electric (including storage heaters) central heating,97,40,57,76,26,50,18,12,6,3,2,1
S01008588,Oil central heating,0,0,0,0,0,0,0,0,0,0,0,0
S01008588,Solid fuel (for example wood coal) central heating,0,0,0,0,0,0,0,0,0,0,0,0
S01008588,Other central heating,0,0,0,0,0,0,0,0,0,0,0,0
S01008588,Two or more types of central heating,14,2,12,12,0,12,1,1,0,1,1,0
S01008589,All people in households,390,65,325,340,27,313,40,28,12,10,10,0
S01008589,No central heating,1,0,1,1,0,1,0,0,0,0,0,0
S01008589,Gas central heating,371,57,314,327,25,302,35,23,12,9,9,0
S01008589,Electric (including storage heaters) central heating,16,6,10,12,2,10,4,4,0,0,0,0
S01008589,Oil central heating,0,0,0,0,0,0,0,0,0,0,0,0
S01008589,Solid fuel (for example wood coal) central heating,0,0,0,0,0,0,0,0,0,0,0,0
S01008589,Other central heating,2,2,0,0,0,0,1,1,0,1,1,0
S01008589,Two or more types of central heating,0,0,0,0,0,0,0,0,0,0,0,0
S01008590,All people in households,759,141,618,656,60,596,77,55,22,26,26,0
S01008590,No central heating,11,3,8,10,2,8,1,1,0,0,0,0
S01008590,Gas central heating,609,77,532,547,28,519,47,34,13,15,15,0
S01008590,Electric (including storage heaters) central heating,121,59,62,82,29,53,28,19,9,11,11,0
S01008590,Oil central heating,3,1,2,2,0,2,1,1,0,0,0,0
S01008590,Solid fuel (for example wood coal) central heating,0,0,0,0,0,0,0,0,0,0,0,0
S01008590,Other central heating,0,0,0,0,0,0,0,0,0,0,0,0
S01008590,Two or more types of central heating,15,1,14,15,1,14,0,0,0,0,0,0
S01008591,All people in households,807,95,712,732,41,691,55,34,21,20,20,0
S01008591,No central heating,9,2,7,8,1,7,1,1,0,0,0,0
S01008591,Gas central heating,762,87,675,692,36,656,51,32,19,19,19,0
S01008591,Electric (including storage heaters) central heating,23,4,19,19,2,17,3,1,2,1,1,0
S01008591,Oil central heating,2,1,1,2,1,1,0,0,0,0,0,0
S01008591,Solid fuel (for example wood coal) central heating,0,0,0,0,0,0,0,0,0,0,0,0
S01008591,Other central heating,0,0,0,0,0,0,0,0,0,0,0,0
S01008591,Two or more types of central heating,11,1,10,11,1,10,0,0,0,0,0,0
S01008592,All people in households,760,140,620,648,49,599,75,54,21,37,37,0
S01008592,No central heating,12,5,7,7,0,7,3,3,0,2,2,0
S01008592,Gas central heating,699,120,579,604,46,558,65,44,21,30,30,0
S01008592,Electric (including storage heaters) central heating,27,10,17,19,2,17,5,5,0,3,3,0
S01008592,Oil central heating,0,0,0,0,0,0,0,0,0,0,0,0
S01008592,Solid fuel (for example wood coal) central heating,2,0,2,2,0,2,0,0,0,0,0,0
S01008592,Other central heating,4,0,4,4,0,4,0,0,0,0,0,0
S01008592,Two or more types of central heating,16,5,11,12,1,11,2,2,0,2,2,0
S01008593,All people in households,776,113,663,702,55,647,60,46,14,14,12,2
S01008593,No central heating,7,2,5,6,1,5,0,0,0,1,1,0
S01008593,Gas central heating,745,104,641,676,50,626,57,43,14,12,11,1
S01008593,Electric (including storage heaters) central heating,15,6,9,12,4,8,2,2,0,1,0,1
S01008593,Oil central heating,1,1,0,0,0,0,1,1,0,0,0,0
S01008593,Solid fuel (for example wood coal) central heating,0,0,0,0,0,0,0,0,0,0,0,0
S01008593,Other central heating,0,0,0,0,0,0,0,0,0,0,0,0
S01008593,Two or more types of central heating,8,0,8,8,0,8,0,0,0,0,0,0
S01008594,All people in households,961,128,833,876,68,808,68,43,25,17,17,0
S01008594,No central heating,17,6,11,13,4,9,4,2,2,0,0,0
S01008594,Gas central heating,915,117,798,838,62,776,60,38,22,17,17,0
S01008594,Electric (including storage heaters) central heating,14,4,10,11,2,9,3,2,1,0,0,0
S01008594,Oil central heating,5,0,5,5,0,5,0,0,0,0,0,0
S01008594,Solid fuel (for example wood coal) central heating,2,0,2,2,0,2,0,0,0,0,0,0
S01008594,Other central heating,0,0,0,0,0,0,0,0,0,0,0,0
S01008594,Two or more types of central heating,8,1,7,7,0,7,1,1,0,0,0,0
S01008595,All people in households,842,257,585,603,65,538,161,118,43,78,74,4
S01008595,No central heating,8,0,8,8,0,8,0,0,0,0,0,0
S01008595,Gas central heating,755,210,545,562,54,508,133,98,35,60,58,2
S01008595,Electric (including storage heaters) central heating,56,37,19,24,8,16,20,18,2,12,11,1
S01008595,Oil central heating,0,0,0,0,0,0,0,0,0,0,0,0
S01008595,Solid fuel (for example wood coal) central heating,0,0,0,0,0,0,0,0,0,0,0,0
S01008595,Other central heating,0,0,0,0,0,0,0,0,0,0,0,0
S01008595,Two or more types of central heating,23,10,13,9,3,6,8,2,6,6,5,1
S01008596,All people in households,852,207,645,664,54,610,123,92,31,65,61,4
S01008596,No central heating,9,2,7,8,1,7,0,0,0,1,1,0
S01008596,Gas central heating,761,180,581,597,48,549,108,78,30,56,54,2
S01008596,Electric (including storage heaters) central heating,55,16,39,41,4,37,9,9,0,5,3,2
S01008596,Oil central heating,0,0,0,0,0,0,0,0,0,0,0,0
S01008596,Solid fuel (for example wood coal) central heating,0,0,0,0,0,0,0,0,0,0,0,0
S01008596,Other central heating,0,0,0,0,0,0,0,0,0,0,0,0
S01008596,Two or more types of central heating,27,9,18,18,1,17,6,5,1,3,3,0
S01008597,All people in households,880,162,718,759,71,688,80,51,29,41,40,1
S01008597,No central heating,10,6,4,7,4,3,2,1,1,1,1,0
S01008597,Gas central heating,852,150,702,738,65,673,75,47,28,39,38,1
S01008597,Electric (including storage heaters) central heating,9,5,4,5,1,4,3,3,0,1,1,0
S01008597,Oil central heating,0,0,0,0,0,0,0,0,0,0,0,0
S01008597,Solid fuel (for example wood coal) central heating,0,0,0,0,0,0,0,0,0,0,0,0
S01008597,Other central heating,0,0,0,0,0,0,0,0,0,0,0,0
S01008597,Two or more types of central heating,9,1,8,9,1,8,0,0,0,0,0,0
S01008598,All people in households,812,99,713,734,37,697,49,34,15,29,28,1
S01008598,No central heating,17,1,16,17,1,16,0,0,0,0,0,0
S01008598,Gas central heating,722,81,641,660,32,628,39,26,13,23,23,0
S01008598,Electric (including storage heaters) central heating,58,12,46,45,2,43,9,7,2,4,3,1
S01008598,Oil central heating,0,0,0,0,0,0,0,0,0,0,0,0
S01008598,Solid fuel (for example wood coal) central heating,0,0,0,0,0,0,0,0,0,0,0,0
S01008598,Other central heating,0,0,0,0,0,0,0,0,0,0,0,0
S01008598,Two or more types of central heating,15,5,10,12,2,10,1,1,0,2,2,0
S01008599,All people in households,896,89,807,835,43,792,41,27,14,20,19,1
S01008599,No central heating,10,2,8,7,0,7,2,2,0,1,0,1
S01008599,Gas central heating,845,84,761,788,41,747,39,25,14,18,18,0
S01008599,Electric (including storage heaters) central heating,16,3,13,15,2,13,0,0,0,1,1,0
S01008599,Oil central heating,4,0,4,4,0,4,0,0,0,0,0,0
S01008599,Solid fuel (for example wood coal) central heating,0,0,0,0,0,0,0,0,0,0,0,0
S01008599,Other central heating,2,0,2,2,0,2,0,0,0,0,0,0
S01008599,Two or more types of central heating,19,0,19,19,0,19,0,0,0,0,0,0
S01008600,All people in households,797,85,712,737,38,699,48,36,12,12,11,1
S01008600,No central heating,33,1,32,32,1,31,1,0,1,0,0,0
S01008600,Gas central heating,595,74,521,542,31,511,43,33,10,10,10,0
S01008600,Electric (including storage heaters) central heating,157,7,150,152,4,148,3,2,1,2,1,1
S01008600,Oil central heating,6,1,5,5,0,5,1,1,0,0,0,0
S01008600,Solid fuel (for example wood coal) central heating,0,0,0,0,0,0,0,0,0,0,0,0
S01008600,Other central heating,0,0,0,0,0,0,0,0,0,0,0,0
S01008600,Two or more types of central heating,6,2,4,6,2,4,0,0,0,0,0,0
S01008601,All people in households,752,62,690,691,22,669,49,28,21,12,12,0
S01008601,No central heating,15,0,15,15,0,15,0,0,0,0,0,0
S01008601,Gas central heating,615,54,561,563,19,544,41,24,17,11,11,0
S01008601,Electric (including storage heaters) central heating,90,6,84,84,2,82,6,4,2,0,0,0
S01008601,Oil central heating,3,0,3,3,0,3,0,0,0,0,0,0
S01008601,Solid fuel (for example wood coal) central heating,0,0,0,0,0,0,0,0,0,0,0,0
S01008601,Other central heating,7,0,7,6,0,6,1,0,1,0,0,0
S01008601,Two or more types of central heating,22,2,20,20,1,19,1,0,1,1,1,0
S01008602,All people in households,557,73,484,500,30,470,36,23,13,21,20,1
S01008602,No central heating,19,0,19,19,0,19,0,0,0,0,0,0
S01008602,Gas central heating,390,52,338,349,23,326,25,14,11,16,15,1
S01008602,Electric (including storage heaters) central heating,142,20,122,127,7,120,10,8,2,5,5,0
S01008602,Oil central heating,0,0,0,0,0,0,0,0,0,0,0,0
S01008602,Solid fuel (for example wood coal) central heating,0,0,0,0,0,0,0,0,0,0,0,0
S01008602,Other central heating,0,0,0,0,0,0,0,0,0,0,0,0
S01008602,Two or more types of central heating,6,1,5,5,0,5,1,1,0,0,0,0
S01008603,All people in households,1121,133,988,1003,49,954,79,49,30,39,35,4
S01008603,No central heating,78,16,62,63,4,59,10,7,3,5,5,0
S01008603,Gas central heating,883,102,781,797,41,756,58,37,21,28,24,4
S01008603,Electric (including storage heaters) central heating,130,13,117,116,4,112,10,5,5,4,4,0
S01008603,Oil central heating,6,0,6,5,0,5,1,0,1,0,0,0
S01008603,Solid fuel (for example wood coal) central heating,0,0,0,0,0,0,0,0,0,0,0,0
S01008603,Other central heating,0,0,0,0,0,0,0,0,0,0,0,0
S01008603,Two or more types of central heating,24,2,22,22,0,22,0,0,0,2,2,0
S01008604,All people in households,863,77,786,793,30,763,56,34,22,14,13,1
S01008604,No central heating,13,1,12,12,0,12,1,1,0,0,0,0
S01008604,Gas central heating,739,64,675,680,24,656,47,28,19,12,12,0
S01008604,Electric (including storage heaters) central heating,100,11,89,91,6,85,7,4,3,2,1,1
S01008604,Oil central heating,0,0,0,0,0,0,0,0,0,0,0,0
S01008604,Solid fuel (for example wood coal) central heating,0,0,0,0,0,0,0,0,0,0,0,0
S01008604,Other central heating,2,0,2,2,0,2,0,0,0,0,0,0
S01008604,Two or more types of central heating,9,1,8,8,0,8,1,1,0,0,0,0
S01008605,All people in households,702,49,653,652,14,638,38,23,15,12,12,0
S01008605,No central heating,33,4,29,30,1,29,3,3,0,0,0,0
S01008605,Gas central heating,623,42,581,580,12,568,32,19,13,11,11,0
S01008605,Electric (including storage heaters) central heating,41,3,38,37,1,36,3,1,2,1,1,0
S01008605,Oil central heating,2,0,2,2,0,2,0,0,0,0,0,0
S01008605,Solid fuel (for example wood coal) central heating,0,0,0,0,0,0,0,0,0,0,0,0
S01008605,Other central heating,0,0,0,0,0,0,0,0,0,0,0,0
S01008605,Two or more types of central heating,3,0,3,3,0,3,0,0,0,0,0,0
S01008606,All people in households,763,69,694,715,34,681,40,27,13,8,8,0
S01008606,No central heating,6,0,6,6,0,6,0,0,0,0,0,0
S01008606,Gas central heating,721,65,656,677,34,643,38,25,13,6,6,0
S01008606,Electric (including storage heaters) central heating,33,4,29,29,0,29,2,2,0,2,2,0
S01008606,Oil central heating,0,0,0,0,0,0,0,0,0,0,0,0
S01008606,Solid fuel (for example wood coal) central heating,0,0,0,0,0,0,0,0,0,0,0,0
S01008606,Other central heating,0,0,0,0,0,0,0,0,0,0,0,0
S01008606,Two or more types of central heating,3,0,3,3,0,3,0,0,0,0,0,0
S01008607,All people in households,628,96,532,556,37,519,50,37,13,22,22,0
S01008607,No central heating,3,1,2,2,1,1,1,0,1,0,0,0
S01008607,Gas central heating,594,81,513,531,30,501,45,33,12,18,18,0
S01008607,Electric (including storage heaters) central heating,17,11,6,11,5,6,3,3,0,3,3,0
S01008607,Oil central heating,5,2,3,4,1,3,1,1,0,0,0,0
S01008607,Solid fuel (for example wood coal) central heating,0,0,0,0,0,0,0,0,0,0,0,0
S01008607,Other central heating,3,1,2,2,0,2,0,0,0,1,1,0
S01008607,Two or more types of central heating,6,0,6,6,0,6,0,0,0,0,0,0
S01008608,All people in households,706,104,602,634,49,585,53,37,16,19,18,1
S01008608,No central heating,9,3,6,7,1,6,1,1,0,1,1,0
S01008608,Gas central heating,627,83,544,569,39,530,44,31,13,14,13,1
S01008608,Electric (including storage heaters) central heating,65,18,47,55,9,46,6,5,1,4,4,0
S01008608,Oil central heating,0,0,0,0,0,0,0,0,0,0,0,0
S01008608,Solid fuel (for example wood coal) central heating,0,0,0,0,0,0,0,0,0,0,0,0
S01008608,Other central heating,0,0,0,0,0,0,0,0,0,0,0,0
S01008608,Two or more types of central heating,5,0,5,3,0,3,2,0,2,0,0,0
S01008609,All people in households,900,141,759,807,64,743,73,58,15,20,19,1
S01008609,No central heating,17,3,14,14,0,14,2,2,0,1,1,0
S01008609,Gas central heating,767,94,673,708,46,662,46,35,11,13,13,0
S01008609,Electric (including storage heaters) central heating,97,35,62,71,14,57,21,17,4,5,4,1
S01008609,Oil central heating,5,5,0,3,3,0,1,1,0,1,1,0
S01008609,Solid fuel (for example wood coal) central heating,2,0,2,2,0,2,0,0,0,0,0,0
S01008609,Other central heating,1,1,0,1,1,0,0,0,0,0,0,0
S01008609,Two or more types of central heating,11,3,8,8,0,8,3,3,0,0,0,0
S01008610,All people in households,848,161,687,740,70,670,86,71,15,22,20,2
S01008610,No central heating,18,3,15,13,0,13,3,2,1,2,1,1
S01008610,Gas central heating,646,67,579,597,28,569,37,28,9,12,11,1
S01008610,Electric (including storage heaters) central heating,171,90,81,117,41,76,46,41,5,8,8,0
S01008610,Oil central heating,0,0,0,0,0,0,0,0,0,0,0,0
S01008610,Solid fuel (for example wood coal) central heating,0,0,0,0,0,0,0,0,0,0,0,0
S01008610,Other central heating,0,0,0,0,0,0,0,0,0,0,0,0
S01008610,Two or more types of central heating,13,1,12,13,1,12,0,0,0,0,0,0
S01008611,All people in households,1111,100,1011,1009,40,969,86,45,41,16,15,1
S01008611,No central heating,77,13,64,68,8,60,8,4,4,1,1,0
S01008611,Gas central heating,855,71,784,781,24,757,60,34,26,14,13,1
S01008611,Electric (including storage heaters) central heating,160,14,146,143,8,135,17,6,11,0,0,0
S01008611,Oil central heating,0,0,0,0,0,0,0,0,0,0,0,0
S01008611,Solid fuel (for example wood coal) central heating,1,0,1,1,0,1,0,0,0,0,0,0
S01008611,Other central heating,4,1,3,3,0,3,1,1,0,0,0,0
S01008611,Two or more types of central heating,14,1,13,13,0,13,0,0,0,1,1,0
S01008612,All people in households,779,93,686,702,43,659,66,41,25,11,9,2
S01008612,No central heating,28,8,20,25,5,20,2,2,0,1,1,0
S01008612,Gas central heating,694,77,617,627,34,593,57,35,22,10,8,2
S01008612,Electric (including storage heaters) central heating,46,8,38,41,4,37,5,4,1,0,0,0
S01008612,Oil central heating,3,0,3,3,0,3,0,0,0,0,0,0
S01008612,Solid fuel (for example wood coal) central heating,0,0,0,0,0,0,0,0,0,0,0,0
S01008612,Other central heating,2,0,2,2,0,2,0,0,0,0,0,0
S01008612,Two or more types of central heating,6,0,6,4,0,4,2,0,2,0,0,0
S01008613,All people in households,798,91,707,731,43,688,47,31,16,20,17,3
S01008613,No central heating,25,6,19,18,2,16,6,3,3,1,1,0
S01008613,Gas central heating,670,53,617,643,32,611,17,12,5,10,9,1
S01008613,Electric (including storage heaters) central heating,92,32,60,63,9,54,21,16,5,8,7,1
S01008613,Oil central heating,0,0,0,0,0,0,0,0,0,0,0,0
S01008613,Solid fuel (for example wood coal) central heating,0,0,0,0,0,0,0,0,0,0,0,0
S01008613,Other central heating,4,0,4,1,0,1,2,0,2,1,0,1
S01008613,Two or more types of central heating,7,0,7,6,0,6,1,0,1,0,0,0
S01008614,All people in households,677,56,621,631,18,613,27,20,7,19,18,1
S01008614,No central heating,27,1,26,26,0,26,1,1,0,0,0,0
S01008614,Gas central heating,587,48,539,549,16,533,22,17,5,16,15,1
S01008614,Electric (including storage heaters) central heating,42,6,36,36,1,35,3,2,1,3,3,0
S01008614,Oil central heating,4,0,4,4,0,4,0,0,0,0,0,0
S01008614,Solid fuel (for example wood coal) central heating,0,0,0,0,0,0,0,0,0,0,0,0
S01008614,Other central heating,0,0,0,0,0,0,0,0,0,0,0,0
S01008614,Two or more types of central heating,17,1,16,16,1,15,1,0,1,0,0,0
S01008615,All people in households,846,57,789,794,23,771,38,22,16,14,12,2
S01008615,No central heating,33,6,27,30,3,27,3,3,0,0,0,0
S01008615,Gas central heating,741,44,697,702,19,683,28,15,13,11,10,1
S01008615,Electric (including storage heaters) central heating,55,6,49,45,0,45,7,4,3,3,2,1
S01008615,Oil central heating,0,0,0,0,0,0,0,0,0,0,0,0
S01008615,Solid fuel (for example wood coal) central heating,0,0,0,0,0,0,0,0,0,0,0,0
S01008615,Other central heating,0,0,0,0,0,0,0,0,0,0,0,0
S01008615,Two or more types of central heating,17,1,16,17,1,16,0,0,0,0,0,0
S01008616,All people in households,733,45,688,707,27,680,18,13,5,8,5,3
S01008616,No central heating,24,6,18,19,2,17,4,3,1,1,1,0
S01008616,Gas central heating,670,38,632,651,24,627,13,10,3,6,4,2
S01008616,Electric (including storage heaters) central heating,28,0,28,27,0,27,0,0,0,1,0,1
S01008616,Oil central heating,0,0,0,0,0,0,0,0,0,0,0,0
S01008616,Solid fuel (for example wood coal) central heating,0,0,0,0,0,0,0,0,0,0,0,0
S01008616,Other central heating,0,0,0,0,0,0,0,0,0,0,0,0
S01008616,Two or more types of central heating,11,1,10,10,1,9,1,0,1,0,0,0
S01008617,All people in households,829,40,789,792,19,773,30,15,15,7,6,1
S01008617,No central heating,6,4,2,4,2,2,2,2,0,0,0,0
S01008617,Gas central heating,770,33,737,738,17,721,25,10,15,7,6,1
S01008617,Electric (including storage heaters) central heating,43,2,41,41,0,41,2,2,0,0,0,0
S01008617,Oil central heating,0,0,0,0,0,0,0,0,0,0,0,0
S01008617,Solid fuel (for example wood coal) central heating,0,0,0,0,0,0,0,0,0,0,0,0
S01008617,Other central heating,0,0,0,0,0,0,0,0,0,0,0,0
S01008617,Two or more types of central heating,10,1,9,9,0,9,1,1,0,0,0,0
S01008618,All people in households,739,47,692,703,22,681,28,17,11,8,8,0
S01008618,No central heating,15,2,13,13,1,12,1,0,1,1,1,0
S01008618,Gas central heating,676,43,633,644,21,623,25,15,10,7,7,0
S01008618,Electric (including storage heaters) central heating,36,2,34,34,0,34,2,2,0,0,0,0
S01008618,Oil central heating,0,0,0,0,0,0,0,0,0,0,0,0
S01008618,Solid fuel (for example wood coal) central heating,0,0,0,0,0,0,0,0,0,0,0,0
S01008618,Other central heating,0,0,0,0,0,0,0,0,0,0,0,0
S01008618,Two or more types of central heating,12,0,12,12,0,12,0,0,0,0,0,0
S01008619,All people in households,520,41,479,475,15,460,37,18,19,8,8,0
S01008619,No central heating,10,1,9,6,0,6,4,1,3,0,0,0
S01008619,Gas central heating,484,32,452,451,14,437,27,12,15,6,6,0
S01008619,Electric (including storage heaters) central heating,16,8,8,8,1,7,6,5,1,2,2,0
S01008619,Oil central heating,0,0,0,0,0,0,0,0,0,0,0,0
S01008619,Solid fuel (for example wood coal) central heating,0,0,0,0,0,0,0,0,0,0,0,0
S01008619,Other central heating,0,0,0,0,0,0,0,0,0,0,0,0
S01008619,Two or more types of central heating,10,0,10,10,0,10,0,0,0,0,0,0
S01008620,All people in households,815,51,764,771,24,747,32,15,17,12,12,0
S01008620,No central heating,13,4,9,11,2,9,1,1,0,1,1,0
S01008620,Gas central heating,742,41,701,706,20,686,25,10,15,11,11,0
S01008620,Electric (including storage heaters) central heating,43,6,37,37,2,35,6,4,2,0,0,0
S01008620,Oil central heating,0,0,0,0,0,0,0,0,0,0,0,0
S01008620,Solid fuel (for example wood coal) central heating,0,0,0,0,0,0,0,0,0,0,0,0
S01008620,Other central heating,0,0,0,0,0,0,0,0,0,0,0,0
S01008620,Two or more types of central heating,17,0,17,17,0,17,0,0,0,0,0,0
S01008621,All people in households,770,37,733,742,18,724,22,13,9,6,6,0
S01008621,No central heating,23,2,21,21,1,20,2,1,1,0,0,0
S01008621,Gas central heating,705,33,672,680,16,664,19,11,8,6,6,0
S01008621,Electric (including storage heaters) central heating,29,2,27,28,1,27,1,1,0,0,0,0
S01008621,Oil central heating,0,0,0,0,0,0,0,0,0,0,0,0
S01008621,Solid fuel (for example wood coal) central heating,0,0,0,0,0,0,0,0,0,0,0,0
S01008621,Other central heating,0,0,0,0,0,0,0,0,0,0,0,0
S01008621,Two or more types of central heating,13,0,13,13,0,13,0,0,0,0,0,0
S01008622,All people in households,517,30,487,490,18,472,27,12,15,0,0,0
S01008622,No central heating,15,2,13,10,0,10,5,2,3,0,0,0
S01008622,Gas central heating,469,25,444,447,15,432,22,10,12,0,0,0
S01008622,Electric (including storage heaters) central heating,18,1,17,18,1,17,0,0,0,0,0,0
S01008622,Oil central heating,0,0,0,0,0,0,0,0,0,0,0,0
S01008622,Solid fuel (for example wood coal) central heating,0,0,0,0,0,0,0,0,0,0,0,0
S01008622,Other central heating,0,0,0,0,0,0,0,0,0,0,0,0
S01008622,Two or more types of central heating,15,2,13,15,2,13,0,0,0,0,0,0
S01008623,All people in households,869,83,786,808,38,770,53,38,15,8,7,1
S01008623,No central heating,6,1,5,6,1,5,0,0,0,0,0,0
S01008623,Gas central heating,820,74,746,764,33,731,48,34,14,8,7,1
S01008623,Electric (including storage heaters) central heating,21,3,18,19,1,18,2,2,0,0,0,0
S01008623,Oil central heating,0,0,0,0,0,0,0,0,0,0,0,0
S01008623,Solid fuel (for example wood coal) central heating,0,0,0,0,0,0,0,0,0,0,0,0
S01008623,Other central heating,2,2,0,2,2,0,0,0,0,0,0,0
S01008623,Two or more types of central heating,20,3,17,17,1,16,3,2,1,0,0,0
S01008624,All people in households,683,125,558,603,57,546,61,49,12,19,19,0
S01008624,No central heating,4,0,4,4,0,4,0,0,0,0,0,0
S01008624,Gas central heating,643,117,526,567,53,514,58,46,12,18,18,0
S01008624,Electric (including storage heaters) central heating,15,5,10,11,1,10,3,3,0,1,1,0
S01008624,Oil central heating,4,0,4,4,0,4,0,0,0,0,0,0
S01008624,Solid fuel (for example wood coal) central heating,1,1,0,1,1,0,0,0,0,0,0,0
S01008624,Other central heating,5,0,5,5,0,5,0,0,0,0,0,0
S01008624,Two or more types of central heating,11,2,9,11,2,9,0,0,0,0,0,0
S01008625,All people in households,566,75,491,519,37,482,34,26,8,13,12,1
S01008625,No central heating,7,3,4,6,2,4,1,1,0,0,0,0
S01008625,Gas central heating,550,71,479,505,35,470,33,25,8,12,11,1
S01008625,Electric (including storage heaters) central heating,0,0,0,0,0,0,0,0,0,0,0,0
S01008625,Oil central heating,0,0,0,0,0,0,0,0,0,0,0,0
S01008625,Solid fuel (for example wood coal) central heating,0,0,0,0,0,0,0,0,0,0,0,0
S01008625,Other central heating,0,0,0,0,0,0,0,0,0,0,0,0
S01008625,Two or more types of central heating,9,1,8,8,0,8,0,0,0,1,1,0
S01008626,All people in households,919,79,840,860,32,828,42,30,12,17,17,0
S01008626,No central heating,10,3,7,9,2,7,1,1,0,0,0,0
S01008626,Gas central heating,880,71,809,824,27,797,39,27,12,17,17,0
S01008626,Electric (including storage heaters) central heating,15,3,12,13,1,12,2,2,0,0,0,0
S01008626,Oil central heating,0,0,0,0,0,0,0,0,0,0,0,0
S01008626,Solid fuel (for example wood coal) central heating,0,0,0,0,0,0,0,0,0,0,0,0
S01008626,Other central heating,0,0,0,0,0,0,0,0,0,0,0,0
S01008626,Two or more types of central heating,14,2,12,14,2,12,0,0,0,0,0,0
S01008627,All people in households,695,61,634,657,34,623,28,18,10,10,9,1
S01008627,No central heating,6,0,6,6,0,6,0,0,0,0,0,0
S01008627,Gas central heating,662,58,604,625,32,593,28,18,10,9,8,1
S01008627,Electric (including storage heaters) central heating,6,1,5,5,0,5,0,0,0,1,1,0
S01008627,Oil central heating,0,0,0,0,0,0,0,0,0,0,0,0
S01008627,Solid fuel (for example wood coal) central heating,0,0,0,0,0,0,0,0,0,0,0,0
S01008627,Other central heating,0,0,0,0,0,0,0,0,0,0,0,0
S01008627,Two or more types of central heating,21,2,19,21,2,19,0,0,0,0,0,0
S01008628,All people in households,581,59,522,533,28,505,37,22,15,11,9,2
S01008628,No central heating,14,3,11,11,0,11,2,2,0,1,1,0
S01008628,Gas central heating,531,47,484,494,27,467,29,14,15,8,6,2
S01008628,Electric (including storage heaters) central heating,29,9,20,21,1,20,6,6,0,2,2,0
S01008628,Oil central heating,0,0,0,0,0,0,0,0,0,0,0,0
S01008628,Solid fuel (for example wood coal) central heating,0,0,0,0,0,0,0,0,0,0,0,0
S01008628,Other central heating,0,0,0,0,0,0,0,0,0,0,0,0
S01008628,Two or more types of central heating,7,0,7,7,0,7,0,0,0,0,0,0
S01008629,All people in households,571,91,480,510,41,469,41,30,11,20,20,0
S01008629,No central heating,18,8,10,13,3,10,4,4,0,1,1,0
S01008629,Gas central heating,497,70,427,453,35,418,27,18,9,17,17,0
S01008629,Electric (including storage heaters) central heating,47,12,35,35,2,33,10,8,2,2,2,0
S01008629,Oil central heating,0,0,0,0,0,0,0,0,0,0,0,0
S01008629,Solid fuel (for example wood coal) central heating,0,0,0,0,0,0,0,0,0,0,0,0
S01008629,Other central heating,0,0,0,0,0,0,0,0,0,0,0,0
S01008629,Two or more types of central heating,9,1,8,9,1,8,0,0,0,0,0,0
S01008630,All people in households,556,62,494,508,29,479,32,18,14,16,15,1
S01008630,No central heating,23,5,18,22,4,18,1,1,0,0,0,0
S01008630,Gas central heating,405,31,374,374,12,362,19,8,11,12,11,1
S01008630,Electric (including storage heaters) central heating,113,26,87,97,13,84,12,9,3,4,4,0
S01008630,Oil central heating,0,0,0,0,0,0,0,0,0,0,0,0
S01008630,Solid fuel (for example wood coal) central heating,4,0,4,4,0,4,0,0,0,0,0,0
S01008630,Other central heating,1,0,1,1,0,1,0,0,0,0,0,0
S01008630,Two or more types of central heating,10,0,10,10,0,10,0,0,0,0,0,0
S01008631,All people in households,786,66,720,720,21,699,48,27,21,18,18,0
S01008631,No central heating,48,9,39,38,2,36,6,3,3,4,4,0
S01008631,Gas central heating,655,49,606,609,18,591,34,19,15,12,12,0
S01008631,Electric (including storage heaters) central heating,65,7,58,56,1,55,7,4,3,2,2,0
S01008631,Oil central heating,3,0,3,3,0,3,0,0,0,0,0,0
S01008631,Solid fuel (for example wood coal) central heating,0,0,0,0,0,0,0,0,0,0,0,0
S01008631,Other central heating,0,0,0,0,0,0,0,0,0,0,0,0
S01008631,Two or more types of central heating,15,1,14,14,0,14,1,1,0,0,0,0
S01008632,All people in households,711,94,617,649,42,607,46,36,10,16,16,0
S01008632,No central heating,39,9,30,31,3,28,5,3,2,3,3,0
S01008632,Gas central heating,626,78,548,577,37,540,36,28,8,13,13,0
S01008632,Electric (including storage heaters) central heating,30,5,25,27,2,25,3,3,0,0,0,0
S01008632,Oil central heating,0,0,0,0,0,0,0,0,0,0,0,0
S01008632,Solid fuel (for example wood coal) central heating,0,0,0,0,0,0,0,0,0,0,0,0
S01008632,Other central heating,0,0,0,0,0,0,0,0,0,0,0,0
S01008632,Two or more types of central heating,16,2,14,14,0,14,2,2,0,0,0,0
S01008633,All people in households,928,161,767,812,66,746,83,62,21,33,33,0
S01008633,No central heating,15,2,13,13,0,13,1,1,0,1,1,0
S01008633,Gas central heating,766,106,660,685,40,645,60,45,15,21,21,0
S01008633,Electric (including storage heaters) central heating,136,51,85,104,25,79,22,16,6,10,10,0
S01008633,Oil central heating,2,1,1,2,1,1,0,0,0,0,0,0
S01008633,Solid fuel (for example wood coal) central heating,0,0,0,0,0,0,0,0,0,0,0,0
S01008633,Other central heating,2,1,1,1,0,1,0,0,0,1,1,0
S01008633,Two or more types of central heating,7,0,7,7,0,7,0,0,0,0,0,0
S01008634,All people in households,727,73,654,661,29,632,51,31,20,15,13,2
S01008634,No central heating,24,9,15,14,1,13,8,6,2,2,2,0
S01008634,Gas central heating,661,55,606,614,25,589,37,22,15,10,8,2
S01008634,Electric (including storage heaters) central heating,27,5,22,22,1,21,4,3,1,1,1,0
S01008634,Oil central heating,0,0,0,0,0,0,0,0,0,0,0,0
S01008634,Solid fuel (for example wood coal) central heating,0,0,0,0,0,0,0,0,0,0,0,0
S01008634,Other central heating,0,0,0,0,0,0,0,0,0,0,0,0
S01008634,Two or more types of central heating,15,4,11,11,2,9,2,0,2,2,2,0
S01008635,All people in households,824,75,749,772,40,732,42,26,16,10,9,1
S01008635,No central heating,11,3,8,7,0,7,4,3,1,0,0,0
S01008635,Gas central heating,767,68,699,721,37,684,36,22,14,10,9,1
S01008635,Electric (including storage heaters) central heating,21,3,18,19,2,17,2,1,1,0,0,0
S01008635,Oil central heating,2,1,1,2,1,1,0,0,0,0,0,0
S01008635,Solid fuel (for example wood coal) central heating,0,0,0,0,0,0,0,0,0,0,0,0
S01008635,Other central heating,4,0,4,4,0,4,0,0,0,0,0,0
S01008635,Two or more types of central heating,19,0,19,19,0,19,0,0,0,0,0,0
S01008636,All people in households,861,109,752,794,59,735,55,38,17,12,12,0
S01008636,No central heating,17,4,13,15,2,13,1,1,0,1,1,0
S01008636,Gas central heating,759,71,688,713,40,673,39,24,15,7,7,0
S01008636,Electric (including storage heaters) central heating,57,30,27,41,16,25,12,10,2,4,4,0
S01008636,Oil central heating,0,0,0,0,0,0,0,0,0,0,0,0
S01008636,Solid fuel (for example wood coal) central heating,0,0,0,0,0,0,0,0,0,0,0,0
S01008636,Other central heating,0,0,0,0,0,0,0,0,0,0,0,0
S01008636,Two or more types of central heating,28,4,24,25,1,24,3,3,0,0,0,0
S01008637,All people in households,679,82,597,612,28,584,48,36,12,19,18,1
S01008637,No central heating,17,4,13,12,0,12,3,2,1,2,2,0
S01008637,Gas central heating,619,67,552,563,23,540,40,29,11,16,15,1
S01008637,Electric (including storage heaters) central heating,30,9,21,25,4,21,4,4,0,1,1,0
S01008637,Oil central heating,2,2,0,1,1,0,1,1,0,0,0,0
S01008637,Solid fuel (for example wood coal) central heating,0,0,0,0,0,0,0,0,0,0,0,0
S01008637,Other central heating,0,0,0,0,0,0,0,0,0,0,0,0
S01008637,Two or more types of central heating,11,0,11,11,0,11,0,0,0,0,0,0
S01008638,All people in households,798,138,660,672,45,627,91,59,32,35,34,1
S01008638,No central heating,12,3,9,10,2,8,1,0,1,1,1,0
S01008638,Gas central heating,676,105,571,586,35,551,64,45,19,26,25,1
S01008638,Electric (including storage heaters) central heating,70,23,47,46,6,40,17,10,7,7,7,0
S01008638,Oil central heating,2,1,1,1,0,1,1,1,0,0,0,0
S01008638,Solid fuel (for example wood coal) central heating,0,0,0,0,0,0,0,0,0,0,0,0
S01008638,Other central heating,4,2,2,1,1,0,3,1,2,0,0,0
S01008638,Two or more types of central heating,34,4,30,28,1,27,5,2,3,1,1,0
S01008639,All people in households,866,76,790,796,33,763,58,31,27,12,12,0
S01008639,No central heating,39,7,32,33,3,30,4,2,2,2,2,0
S01008639,Gas central heating,777,61,716,721,28,693,47,24,23,9,9,0
S01008639,Electric (including storage heaters) central heating,36,6,30,29,1,28,7,5,2,0,0,0
S01008639,Oil central heating,0,0,0,0,0,0,0,0,0,0,0,0
S01008639,Solid fuel (for example wood coal) central heating,0,0,0,0,0,0,0,0,0,0,0,0
S01008639,Other central heating,0,0,0,0,0,0,0,0,0,0,0,0
S01008639,Two or more types of central heating,14,2,12,13,1,12,0,0,0,1,1,0
S01008640,All people in households,776,60,716,727,29,698,35,18,17,14,13,1
S01008640,No central heating,17,7,10,14,4,10,3,3,0,0,0,0
S01008640,Gas central heating,714,49,665,672,23,649,28,13,15,14,13,1
S01008640,Electric (including storage heaters) central heating,19,4,15,16,2,14,3,2,1,0,0,0
S01008640,Oil central heating,0,0,0,0,0,0,0,0,0,0,0,0
S01008640,Solid fuel (for example wood coal) central heating,0,0,0,0,0,0,0,0,0,0,0,0
S01008640,Other central heating,0,0,0,0,0,0,0,0,0,0,0,0
S01008640,Two or more types of central heating,26,0,26,25,0,25,1,0,1,0,0,0
S01008641,All people in households,825,55,770,776,21,755,40,25,15,9,9,0
S01008641,No central heating,27,5,22,21,1,20,6,4,2,0,0,0
S01008641,Gas central heating,731,43,688,694,19,675,30,17,13,7,7,0
S01008641,Electric (including storage heaters) central heating,37,7,30,31,1,30,4,4,0,2,2,0
S01008641,Oil central heating,0,0,0,0,0,0,0,0,0,0,0,0
S01008641,Solid fuel (for example wood coal) central heating,0,0,0,0,0,0,0,0,0,0,0,0
S01008641,Other central heating,0,0,0,0,0,0,0,0,0,0,0,0
S01008641,Two or more types of central heating,30,0,30,30,0,30,0,0,0,0,0,0
S01008642,All people in households,932,63,869,877,31,846,41,21,20,14,11,3
S01008642,No central heating,28,4,24,27,3,24,0,0,0,1,1,0
S01008642,Gas central heating,852,53,799,802,25,777,38,19,19,12,9,3
S01008642,Electric (including storage heaters) central heating,39,5,34,36,3,33,2,1,1,1,1,0
S01008642,Oil central heating,0,0,0,0,0,0,0,0,0,0,0,0
S01008642,Solid fuel (for example wood coal) central heating,0,0,0,0,0,0,0,0,0,0,0,0
S01008642,Other central heating,0,0,0,0,0,0,0,0,0,0,0,0
S01008642,Two or more types of central heating,13,1,12,12,0,12,1,1,0,0,0,0
S01008643,All people in households,702,65,637,655,37,618,36,18,18,11,10,1
S01008643,No central heating,28,3,25,21,0,21,6,2,4,1,1,0
S01008643,Gas central heating,642,57,585,607,37,570,27,13,14,8,7,1
S01008643,Electric (including storage heaters) central heating,21,4,17,17,0,17,2,2,0,2,2,0
S01008643,Oil central heating,0,0,0,0,0,0,0,0,0,0,0,0
S01008643,Solid fuel (for example wood coal) central heating,0,0,0,0,0,0,0,0,0,0,0,0
S01008643,Other central heating,0,0,0,0,0,0,0,0,0,0,0,0
S01008643,Two or more types of central heating,11,1,10,10,0,10,1,1,0,0,0,0
S01008644,All people in households,769,92,677,668,32,636,70,31,39,31,29,2
S01008644,No central heating,36,4,32,30,3,27,6,1,5,0,0,0
S01008644,Gas central heating,527,69,458,454,20,434,47,24,23,26,25,1
S01008644,Electric (including storage heaters) central heating,193,17,176,174,9,165,15,5,10,4,3,1
S01008644,Oil central heating,0,0,0,0,0,0,0,0,0,0,0,0
S01008644,Solid fuel (for example wood coal) central heating,0,0,0,0,0,0,0,0,0,0,0,0
S01008644,Other central heating,1,1,0,0,0,0,0,0,0,1,1,0
S01008644,Two or more types of central heating,12,1,11,10,0,10,2,1,1,0,0,0
S01008645,All people in households,825,61,764,767,26,741,47,24,23,11,11,0
S01008645,No central heating,15,0,15,14,0,14,1,0,1,0,0,0
S01008645,Gas central heating,693,35,658,656,18,638,30,10,20,7,7,0
S01008645,Electric (including storage heaters) central heating,92,26,66,73,8,65,15,14,1,4,4,0
S01008645,Oil central heating,0,0,0,0,0,0,0,0,0,0,0,0
S01008645,Solid fuel (for example wood coal) central heating,2,0,2,2,0,2,0,0,0,0,0,0
S01008645,Other central heating,4,0,4,4,0,4,0,0,0,0,0,0
S01008645,Two or more types of central heating,19,0,19,18,0,18,1,0,1,0,0,0
S01008646,All people in households,812,71,741,741,29,712,54,25,29,17,17,0
S01008646,No central heating,62,10,52,57,7,50,5,3,2,0,0,0
S01008646,Gas central heating,671,52,619,614,20,594,44,19,25,13,13,0
S01008646,Electric (including storage heaters) central heating,62,7,55,55,2,53,4,2,2,3,3,0
S01008646,Oil central heating,0,0,0,0,0,0,0,0,0,0,0,0
S01008646,Solid fuel (for example wood coal) central heating,0,0,0,0,0,0,0,0,0,0,0,0
S01008646,Other central heating,2,0,2,2,0,2,0,0,0,0,0,0
S01008646,Two or more types of central heating,15,2,13,13,0,13,1,1,0,1,1,0
S01008647,All people in households,589,45,544,551,18,533,25,15,10,13,12,1
S01008647,No central heating,48,4,44,43,2,41,4,1,3,1,1,0
S01008647,Gas central heating,381,27,354,361,12,349,12,7,5,8,8,0
S01008647,Electric (including storage heaters) central heating,152,13,139,139,3,136,9,7,2,4,3,1
S01008647,Oil central heating,0,0,0,0,0,0,0,0,0,0,0,0
S01008647,Solid fuel (for example wood coal) central heating,0,0,0,0,0,0,0,0,0,0,0,0
S01008647,Other central heating,2,0,2,2,0,2,0,0,0,0,0,0
S01008647,Two or more types of central heating,6,1,5,6,1,5,0,0,0,0,0,0
S01008648,All people in households,610,64,546,547,16,531,45,31,14,18,17,1
S01008648,No central heating,39,4,35,35,1,34,3,2,1,1,1,0
S01008648,Gas central heating,403,46,357,358,12,346,33,23,10,12,11,1
S01008648,Electric (including storage heaters) central heating,160,13,147,147,3,144,9,6,3,4,4,0
S01008648,Oil central heating,0,0,0,0,0,0,0,0,0,0,0,0
S01008648,Solid fuel (for example wood coal) central heating,0,0,0,0,0,0,0,0,0,0,0,0
S01008648,Other central heating,1,0,1,1,0,1,0,0,0,0,0,0
S01008648,Two or more types of central heating,7,1,6,6,0,6,0,0,0,1,1,0
S01008649,All people in households,841,94,747,738,30,708,74,36,38,29,28,1
S01008649,No central heating,119,13,106,104,5,99,13,6,7,2,2,0
S01008649,Gas central heating,474,61,413,409,18,391,43,22,21,22,21,1
S01008649,Electric (including storage heaters) central heating,226,18,208,205,7,198,17,7,10,4,4,0
S01008649,Oil central heating,0,0,0,0,0,0,0,0,0,0,0,0
S01008649,Solid fuel (for example wood coal) central heating,0,0,0,0,0,0,0,0,0,0,0,0
S01008649,Other central heating,1,1,0,0,0,0,1,1,0,0,0,0
S01008649,Two or more types of central heating,21,1,20,20,0,20,0,0,0,1,1,0
S01008650,All people in households,731,88,643,658,39,619,51,29,22,22,20,2
S01008650,No central heating,118,14,104,106,6,100,8,4,4,4,4,0
S01008650,Gas central heating,521,61,460,472,29,443,34,19,15,15,13,2
S01008650,Electric (including storage heaters) central heating,66,13,53,54,4,50,9,6,3,3,3,0
S01008650,Oil central heating,0,0,0,0,0,0,0,0,0,0,0,0
S01008650,Solid fuel (for example wood coal) central heating,0,0,0,0,0,0,0,0,0,0,0,0
S01008650,Other central heating,5,0,5,5,0,5,0,0,0,0,0,0
S01008650,Two or more types of central heating,21,0,21,21,0,21,0,0,0,0,0,0
S01008651,All people in households,686,110,576,586,38,548,67,43,24,33,29,4
S01008651,No central heating,68,9,59,60,2,58,5,4,1,3,3,0
S01008651,Gas central heating,431,73,358,369,26,343,38,27,11,24,20,4
S01008651,Electric (including storage heaters) central heating,163,23,140,138,9,129,20,9,11,5,5,0
S01008651,Oil central heating,0,0,0,0,0,0,0,0,0,0,0,0
S01008651,Solid fuel (for example wood coal) central heating,0,0,0,0,0,0,0,0,0,0,0,0
S01008651,Other central heating,0,0,0,0,0,0,0,0,0,0,0,0
S01008651,Two or more types of central heating,24,5,19,19,1,18,4,3,1,1,1,0
S01008652,All people in households,567,102,465,469,28,441,68,45,23,30,29,1
S01008652,No central heating,98,16,82,78,5,73,14,5,9,6,6,0
S01008652,Gas central heating,253,55,198,203,15,188,35,26,9,15,14,1
S01008652,Electric (including storage heaters) central heating,194,27,167,172,8,164,14,11,3,8,8,0
S01008652,Oil central heating,0,0,0,0,0,0,0,0,0,0,0,0
S01008652,Solid fuel (for example wood coal) central heating,0,0,0,0,0,0,0,0,0,0,0,0
S01008652,Other central heating,1,0,1,1,0,1,0,0,0,0,0,0
S01008652,Two or more types of central heating,21,4,17,15,0,15,5,3,2,1,1,0
S01008653,All people in households,684,105,579,569,35,534,82,41,41,33,29,4
S01008653,No central heating,60,9,51,51,2,49,6,5,1,3,2,1
S01008653,Gas central heating,416,59,357,352,20,332,48,24,24,16,15,1
S01008653,Electric (including storage heaters) central heating,185,31,154,149,12,137,24,9,15,12,10,2
S01008653,Oil central heating,0,0,0,0,0,0,0,0,0,0,0,0
S01008653,Solid fuel (for example wood coal) central heating,0,0,0,0,0,0,0,0,0,0,0,0
S01008653,Other central heating,1,1,0,0,0,0,0,0,0,1,1,0
S01008653,Two or more types of central heating,22,5,17,17,1,16,4,3,1,1,1,0
S01008654,All people in households,937,116,821,813,40,773,85,39,46,39,37,2
S01008654,No central heating,128,20,108,107,9,98,17,7,10,4,4,0
S01008654,Gas central heating,594,68,526,523,25,498,46,19,27,25,24,1
S01008654,Electric (including storage heaters) central heating,185,27,158,157,5,152,19,13,6,9,9,0
S01008654,Oil central heating,1,0,1,1,0,1,0,0,0,0,0,0
S01008654,Solid fuel (for example wood coal) central heating,2,0,2,2,0,2,0,0,0,0,0,0
S01008654,Other central heating,2,0,2,2,0,2,0,0,0,0,0,0
S01008654,Two or more types of central heating,25,1,24,21,1,20,3,0,3,1,0,1
S01008655,All people in households,796,90,706,709,32,677,63,36,27,24,22,2
S01008655,No central heating,46,8,38,39,4,35,6,3,3,1,1,0
S01008655,Gas central heating,517,30,487,483,12,471,25,10,15,9,8,1
S01008655,Electric (including storage heaters) central heating,189,48,141,146,15,131,31,22,9,12,11,1
S01008655,Oil central heating,0,0,0,0,0,0,0,0,0,0,0,0
S01008655,Solid fuel (for example wood coal) central heating,0,0,0,0,0,0,0,0,0,0,0,0
S01008655,Other central heating,8,2,6,7,1,6,0,0,0,1,1,0
S01008655,Two or more types of central heating,36,2,34,34,0,34,1,1,0,1,1,0
S01008656,All people in households,644,103,541,519,28,491,87,46,41,38,29,9
S01008656,No central heating,83,13,70,59,2,57,14,7,7,10,4,6
S01008656,Gas central heating,455,69,386,375,20,355,61,32,29,19,17,2
S01008656,Electric (including storage heaters) central heating,82,17,65,66,6,60,8,4,4,8,7,1
S01008656,Oil central heating,0,0,0,0,0,0,0,0,0,0,0,0
S01008656,Solid fuel (for example wood coal) central heating,0,0,0,0,0,0,0,0,0,0,0,0
S01008656,Other central heating,1,1,0,0,0,0,0,0,0,1,1,0
S01008656,Two or more types of central heating,23,3,20,19,0,19,4,3,1,0,0,0
S01008657,All people in households,664,98,566,592,45,547,48,31,17,24,22,2
S01008657,No central heating,43,9,34,35,3,32,7,5,2,1,1,0
S01008657,Gas central heating,355,39,316,322,18,304,22,11,11,11,10,1
S01008657,Electric (including storage heaters) central heating,260,49,211,229,23,206,19,15,4,12,11,1
S01008657,Oil central heating,0,0,0,0,0,0,0,0,0,0,0,0
S01008657,Solid fuel (for example wood coal) central heating,0,0,0,0,0,0,0,0,0,0,0,0
S01008657,Other central heating,0,0,0,0,0,0,0,0,0,0,0,0
S01008657,Two or more types of central heating,6,1,5,6,1,5,0,0,0,0,0,0
S01008658,All people in households,900,168,732,736,52,684,114,69,45,50,47,3
S01008658,No central heating,74,22,52,53,8,45,16,10,6,5,4,1
S01008658,Gas central heating,720,129,591,593,39,554,87,52,35,40,38,2
S01008658,Electric (including storage heaters) central heating,86,11,75,74,3,71,10,6,4,2,2,0
S01008658,Oil central heating,0,0,0,0,0,0,0,0,0,0,0,0
S01008658,Solid fuel (for example wood coal) central heating,0,0,0,0,0,0,0,0,0,0,0,0
S01008658,Other central heating,0,0,0,0,0,0,0,0,0,0,0,0
S01008658,Two or more types of central heating,20,6,14,16,2,14,1,1,0,3,3,0
S01008659,All people in households,825,94,731,742,37,705,52,27,25,31,30,1
S01008659,No central heating,44,8,36,38,4,34,2,0,2,4,4,0
S01008659,Gas central heating,671,79,592,601,31,570,46,25,21,24,23,1
S01008659,Electric (including storage heaters) central heating,89,4,85,86,1,85,2,2,0,1,1,0
S01008659,Oil central heating,0,0,0,0,0,0,0,0,0,0,0,0
S01008659,Solid fuel (for example wood coal) central heating,0,0,0,0,0,0,0,0,0,0,0,0
S01008659,Other central heating,2,0,2,2,0,2,0,0,0,0,0,0
S01008659,Two or more types of central heating,19,3,16,15,1,14,2,0,2,2,2,0
S01008660,All people in households,936,71,865,860,24,836,49,24,25,27,23,4
S01008660,No central heating,26,2,24,24,0,24,1,1,0,1,1,0
S01008660,Gas central heating,775,59,716,712,20,692,43,22,21,20,17,3
S01008660,Electric (including storage heaters) central heating,107,9,98,97,3,94,4,1,3,6,5,1
S01008660,Oil central heating,0,0,0,0,0,0,0,0,0,0,0,0
S01008660,Solid fuel (for example wood coal) central heating,2,0,2,2,0,2,0,0,0,0,0,0
S01008660,Other central heating,2,0,2,2,0,2,0,0,0,0,0,0
S01008660,Two or more types of central heating,24,1,23,23,1,22,1,0,1,0,0,0
S01008661,All people in households,754,131,623,632,39,593,83,54,29,39,38,1
S01008661,No central heating,76,7,69,67,1,66,6,4,2,3,2,1
S01008661,Gas central heating,508,95,413,429,35,394,55,36,19,24,24,0
S01008661,Electric (including storage heaters) central heating,160,28,132,127,3,124,21,13,8,12,12,0
S01008661,Oil central heating,0,0,0,0,0,0,0,0,0,0,0,0
S01008661,Solid fuel (for example wood coal) central heating,0,0,0,0,0,0,0,0,0,0,0,0
S01008661,Other central heating,0,0,0,0,0,0,0,0,0,0,0,0
S01008661,Two or more types of central heating,10,1,9,9,0,9,1,1,0,0,0,0
S01008662,All people in households,512,55,457,472,20,452,22,17,5,18,18,0
S01008662,No central heating,29,5,24,24,1,23,4,3,1,1,1,0
S01008662,Gas central heating,428,43,385,399,18,381,16,12,4,13,13,0
S01008662,Electric (including storage heaters) central heating,37,6,31,32,1,31,2,2,0,3,3,0
S01008662,Oil central heating,0,0,0,0,0,0,0,0,0,0,0,0
S01008662,Solid fuel (for example wood coal) central heating,0,0,0,0,0,0,0,0,0,0,0,0
S01008662,Other central heating,1,0,1,1,0,1,0,0,0,0,0,0
S01008662,Two or more types of central heating,17,1,16,16,0,16,0,0,0,1,1,0
S01008663,All people in households,829,110,719,721,30,691,71,45,26,37,35,2
S01008663,No central heating,76,8,68,66,2,64,9,5,4,1,1,0
S01008663,Gas central heating,595,70,525,533,24,509,40,25,15,22,21,1
S01008663,Electric (including storage heaters) central heating,137,26,111,107,3,104,18,12,6,12,11,1
S01008663,Oil central heating,0,0,0,0,0,0,0,0,0,0,0,0
S01008663,Solid fuel (for example wood coal) central heating,0,0,0,0,0,0,0,0,0,0,0,0
S01008663,Other central heating,2,2,0,0,0,0,1,1,0,1,1,0
S01008663,Two or more types of central heating,19,4,15,15,1,14,3,2,1,1,1,0
S01008664,All people in households,705,86,619,629,32,597,54,33,21,22,21,1
S01008664,No central heating,66,11,55,56,5,51,7,3,4,3,3,0
S01008664,Gas central heating,550,62,488,493,20,473,40,25,15,17,17,0
S01008664,Electric (including storage heaters) central heating,66,9,57,59,5,54,5,3,2,2,1,1
S01008664,Oil central heating,0,0,0,0,0,0,0,0,0,0,0,0
S01008664,Solid fuel (for example wood coal) central heating,0,0,0,0,0,0,0,0,0,0,0,0
S01008664,Other central heating,3,0,3,3,0,3,0,0,0,0,0,0
S01008664,Two or more types of central heating,20,4,16,18,2,16,2,2,0,0,0,0
S01008665,All people in households,941,112,829,843,44,799,65,36,29,33,32,1
S01008665,No central heating,72,13,59,56,5,51,12,4,8,4,4,0
S01008665,Gas central heating,651,68,583,599,27,572,33,22,11,19,19,0
S01008665,Electric (including storage heaters) central heating,167,25,142,144,11,133,18,10,8,5,4,1
S01008665,Oil central heating,0,0,0,0,0,0,0,0,0,0,0,0
S01008665,Solid fuel (for example wood coal) central heating,0,0,0,0,0,0,0,0,0,0,0,0
S01008665,Other central heating,0,0,0,0,0,0,0,0,0,0,0,0
S01008665,Two or more types of central heating,51,6,45,44,1,43,2,0,2,5,5,0
S01008666,All people in households,770,63,707,713,24,689,41,23,18,16,16,0
S01008666,No central heating,38,2,36,32,1,31,6,1,5,0,0,0
S01008666,Gas central heating,669,49,620,627,18,609,28,17,11,14,14,0
S01008666,Electric (including storage heaters) central heating,32,7,25,26,2,24,4,3,1,2,2,0
S01008666,Oil central heating,1,1,0,1,1,0,0,0,0,0,0,0
S01008666,Solid fuel (for example wood coal) central heating,0,0,0,0,0,0,0,0,0,0,0,0
S01008666,Other central heating,3,0,3,3,0,3,0,0,0,0,0,0
S01008666,Two or more types of central heating,27,4,23,24,2,22,3,2,1,0,0,0
S01008667,All people in households,725,77,648,662,27,635,50,37,13,13,13,0
S01008667,No central heating,25,1,24,24,0,24,1,1,0,0,0,0
S01008667,Gas central heating,632,61,571,583,23,560,39,28,11,10,10,0
S01008667,Electric (including storage heaters) central heating,56,13,43,46,4,42,8,7,1,2,2,0
S01008667,Oil central heating,0,0,0,0,0,0,0,0,0,0,0,0
S01008667,Solid fuel (for example wood coal) central heating,0,0,0,0,0,0,0,0,0,0,0,0
S01008667,Other central heating,0,0,0,0,0,0,0,0,0,0,0,0
S01008667,Two or more types of central heating,12,2,10,9,0,9,2,1,1,1,1,0
S01008668,All people in households,557,47,510,511,21,490,34,14,20,12,12,0
S01008668,No central heating,69,8,61,59,2,57,7,3,4,3,3,0
S01008668,Gas central heating,413,35,378,382,18,364,23,9,14,8,8,0
S01008668,Electric (including storage heaters) central heating,55,3,52,52,1,51,2,1,1,1,1,0
S01008668,Oil central heating,0,0,0,0,0,0,0,0,0,0,0,0
S01008668,Solid fuel (for example wood coal) central heating,0,0,0,0,0,0,0,0,0,0,0,0
S01008668,Other central heating,2,1,1,1,0,1,1,1,0,0,0,0
S01008668,Two or more types of central heating,18,0,18,17,0,17,1,0,1,0,0,0
S01008669,All people in households,578,35,543,546,17,529,22,10,12,10,8,2
S01008669,No central heating,7,1,6,6,1,5,1,0,1,0,0,0
S01008669,Gas central heating,533,32,501,503,15,488,20,9,11,10,8,2
S01008669,Electric (including storage heaters) central heating,27,2,25,26,1,25,1,1,0,0,0,0
S01008669,Oil central heating,0,0,0,0,0,0,0,0,0,0,0,0
S01008669,Solid fuel (for example wood coal) central heating,0,0,0,0,0,0,0,0,0,0,0,0
S01008669,Other central heating,4,0,4,4,0,4,0,0,0,0,0,0
S01008669,Two or more types of central heating,7,0,7,7,0,7,0,0,0,0,0,0
S01008670,All people in households,757,51,706,713,25,688,28,13,15,16,13,3
S01008670,No central heating,34,6,28,30,2,28,1,1,0,3,3,0
S01008670,Gas central heating,626,42,584,589,20,569,25,12,13,12,10,2
S01008670,Electric (including storage heaters) central heating,80,3,77,77,3,74,2,0,2,1,0,1
S01008670,Oil central heating,0,0,0,0,0,0,0,0,0,0,0,0
S01008670,Solid fuel (for example wood coal) central heating,0,0,0,0,0,0,0,0,0,0,0,0
S01008670,Other central heating,7,0,7,7,0,7,0,0,0,0,0,0
S01008670,Two or more types of central heating,10,0,10,10,0,10,0,0,0,0,0,0
S01008671,All people in households,751,66,685,677,21,656,61,33,28,13,12,1
S01008671,No central heating,52,8,44,43,1,42,8,6,2,1,1,0
S01008671,Gas central heating,597,52,545,537,17,520,50,26,24,10,9,1
S01008671,Electric (including storage heaters) central heating,95,6,89,90,3,87,3,1,2,2,2,0
S01008671,Oil central heating,0,0,0,0,0,0,0,0,0,0,0,0
S01008671,Solid fuel (for example wood coal) central heating,0,0,0,0,0,0,0,0,0,0,0,0
S01008671,Other central heating,0,0,0,0,0,0,0,0,0,0,0,0
S01008671,Two or more types of central heating,7,0,7,7,0,7,0,0,0,0,0,0
S01008672,All people in households,686,83,603,610,28,582,55,34,21,21,21,0
S01008672,No central heating,41,5,36,36,2,34,2,0,2,3,3,0
S01008672,Gas central heating,477,42,435,435,12,423,28,16,12,14,14,0
S01008672,Electric (including storage heaters) central heating,154,35,119,127,14,113,23,17,6,4,4,0
S01008672,Oil central heating,0,0,0,0,0,0,0,0,0,0,0,0
S01008672,Solid fuel (for example wood coal) central heating,0,0,0,0,0,0,0,0,0,0,0,0
S01008672,Other central heating,0,0,0,0,0,0,0,0,0,0,0,0
S01008672,Two or more types of central heating,14,1,13,12,0,12,2,1,1,0,0,0
S01008673,All people in households,1064,110,954,955,34,921,76,43,33,33,33,0
S01008673,No central heating,77,13,64,62,2,60,10,6,4,5,5,0
S01008673,Gas central heating,737,68,669,676,23,653,44,28,16,17,17,0
S01008673,Electric (including storage heaters) central heating,214,22,192,189,7,182,17,7,10,8,8,0
S01008673,Oil central heating,0,0,0,0,0,0,0,0,0,0,0,0
S01008673,Solid fuel (for example wood coal) central heating,0,0,0,0,0,0,0,0,0,0,0,0
S01008673,Other central heating,7,5,2,2,1,1,3,2,1,2,2,0
S01008673,Two or more types of central heating,29,2,27,26,1,25,2,0,2,1,1,0
S01008674,All people in households,784,73,711,712,24,688,48,27,21,24,22,2
S01008674,No central heating,81,6,75,75,1,74,5,4,1,1,1,0
S01008674,Gas central heating,463,40,423,423,16,407,30,15,15,10,9,1
S01008674,Electric (including storage heaters) central heating,199,21,178,178,5,173,12,8,4,9,8,1
S01008674,Oil central heating,0,0,0,0,0,0,0,0,0,0,0,0
S01008674,Solid fuel (for example wood coal) central heating,0,0,0,0,0,0,0,0,0,0,0,0
S01008674,Other central heating,10,5,5,6,1,5,0,0,0,4,4,0
S01008674,Two or more types of central heating,31,1,30,30,1,29,1,0,1,0,0,0
S01008675,All people in households,705,106,599,616,34,582,51,35,16,38,37,1
S01008675,No central heating,84,9,75,74,1,73,8,6,2,2,2,0
S01008675,Gas central heating,332,68,264,275,21,254,30,20,10,27,27,0
S01008675,Electric (including storage heaters) central heating,264,25,239,246,12,234,11,7,4,7,6,1
S01008675,Oil central heating,0,0,0,0,0,0,0,0,0,0,0,0
S01008675,Solid fuel (for example wood coal) central heating,0,0,0,0,0,0,0,0,0,0,0,0
S01008675,Other central heating,6,1,5,5,0,5,0,0,0,1,1,0
S01008675,Two or more types of central heating,19,3,16,16,0,16,2,2,0,1,1,0
S01008676,All people in households,690,47,643,653,26,627,24,10,14,13,11,2
S01008676,No central heating,28,2,26,25,0,25,2,1,1,1,1,0
S01008676,Gas central heating,577,34,543,557,23,534,13,6,7,7,5,2
S01008676,Electric (including storage heaters) central heating,71,11,60,57,3,54,9,3,6,5,5,0
S01008676,Oil central heating,3,0,3,3,0,3,0,0,0,0,0,0
S01008676,Solid fuel (for example wood coal) central heating,0,0,0,0,0,0,0,0,0,0,0,0
S01008676,Other central heating,0,0,0,0,0,0,0,0,0,0,0,0
S01008676,Two or more types of central heating,11,0,11,11,0,11,0,0,0,0,0,0
S01008677,All people in households,731,75,656,674,36,638,40,25,15,17,14,3
S01008677,No central heating,70,8,62,65,3,62,3,3,0,2,2,0
S01008677,Gas central heating,481,44,437,445,21,424,27,16,11,9,7,2
S01008677,Electric (including storage heaters) central heating,161,22,139,146,12,134,10,6,4,5,4,1
S01008677,Oil central heating,0,0,0,0,0,0,0,0,0,0,0,0
S01008677,Solid fuel (for example wood coal) central heating,1,0,1,1,0,1,0,0,0,0,0,0
S01008677,Other central heating,1,0,1,1,0,1,0,0,0,0,0,0
S01008677,Two or more types of central heating,17,1,16,16,0,16,0,0,0,1,1,0
S01008678,All people in households,721,78,643,656,32,624,45,27,18,20,19,1
S01008678,No central heating,47,2,45,47,2,45,0,0,0,0,0,0
S01008678,Gas central heating,436,47,389,399,23,376,27,15,12,10,9,1
S01008678,Electric (including storage heaters) central heating,209,24,185,185,5,180,16,11,5,8,8,0
S01008678,Oil central heating,4,0,4,4,0,4,0,0,0,0,0,0
S01008678,Solid fuel (for example wood coal) central heating,0,0,0,0,0,0,0,0,0,0,0,0
S01008678,Other central heating,2,0,2,2,0,2,0,0,0,0,0,0
S01008678,Two or more types of central heating,23,5,18,19,2,17,2,1,1,2,2,0
S01008679,All people in households,877,179,698,698,46,652,111,66,45,68,67,1
S01008679,No central heating,46,10,36,36,3,33,6,3,3,4,4,0
S01008679,Gas central heating,545,114,431,439,35,404,68,42,26,38,37,1
S01008679,Electric (including storage heaters) central heating,237,49,188,186,7,179,27,18,9,24,24,0
S01008679,Oil central heating,0,0,0,0,0,0,0,0,0,0,0,0
S01008679,Solid fuel (for example wood coal) central heating,0,0,0,0,0,0,0,0,0,0,0,0
S01008679,Other central heating,7,1,6,5,0,5,1,0,1,1,1,0
S01008679,Two or more types of central heating,42,5,37,32,1,31,9,3,6,1,1,0
S01008680,All people in households,597,79,518,516,19,497,55,35,20,26,25,1
S01008680,No central heating,56,8,48,49,2,47,5,4,1,2,2,0
S01008680,Gas central heating,378,52,326,325,13,312,35,22,13,18,17,1
S01008680,Electric (including storage heaters) central heating,153,19,134,132,4,128,15,9,6,6,6,0
S01008680,Oil central heating,0,0,0,0,0,0,0,0,0,0,0,0
S01008680,Solid fuel (for example wood coal) central heating,0,0,0,0,0,0,0,0,0,0,0,0
S01008680,Other central heating,1,0,1,1,0,1,0,0,0,0,0,0
S01008680,Two or more types of central heating,9,0,9,9,0,9,0,0,0,0,0,0
S01008681,All people in households,971,185,786,780,39,741,119,79,40,72,67,5
S01008681,No central heating,21,4,17,17,2,15,4,2,2,0,0,0
S01008681,Gas central heating,759,158,601,602,33,569,94,65,29,63,60,3
S01008681,Electric (including storage heaters) central heating,158,18,140,133,4,129,19,10,9,6,4,2
S01008681,Oil central heating,1,0,1,1,0,1,0,0,0,0,0,0
S01008681,Solid fuel (for example wood coal) central heating,0,0,0,0,0,0,0,0,0,0,0,0
S01008681,Other central heating,2,0,2,2,0,2,0,0,0,0,0,0
S01008681,Two or more types of central heating,30,5,25,25,0,25,2,2,0,3,3,0
S01008682,All people in households,783,129,654,671,39,632,73,53,20,39,37,2
S01008682,No central heating,48,3,45,44,1,43,2,0,2,2,2,0
S01008682,Gas central heating,459,94,365,376,23,353,52,41,11,31,30,1
S01008682,Electric (including storage heaters) central heating,262,31,231,240,15,225,18,12,6,4,4,0
S01008682,Oil central heating,0,0,0,0,0,0,0,0,0,0,0,0
S01008682,Solid fuel (for example wood coal) central heating,0,0,0,0,0,0,0,0,0,0,0,0
S01008682,Other central heating,2,0,2,2,0,2,0,0,0,0,0,0
S01008682,Two or more types of central heating,12,1,11,9,0,9,1,0,1,2,1,1
S01008683,All people in households,1074,235,839,839,62,777,138,79,59,97,94,3
S01008683,No central heating,68,8,60,59,2,57,5,2,3,4,4,0
S01008683,Gas central heating,817,198,619,620,50,570,110,64,46,87,84,3
S01008683,Electric (including storage heaters) central heating,138,24,114,114,7,107,18,11,7,6,6,0
S01008683,Oil central heating,2,0,2,1,0,1,1,0,1,0,0,0
S01008683,Solid fuel (for example wood coal) central heating,0,0,0,0,0,0,0,0,0,0,0,0
S01008683,Other central heating,2,0,2,1,0,1,1,0,1,0,0,0
S01008683,Two or more types of central heating,47,5,42,44,3,41,3,2,1,0,0,0
S01008684,All people in households,923,199,724,724,48,676,138,92,46,61,59,2
S01008684,No central heating,62,14,48,49,6,43,12,7,5,1,1,0
S01008684,Gas central heating,515,101,414,421,23,398,61,46,15,33,32,1
S01008684,Electric (including storage heaters) central heating,324,77,247,240,18,222,59,35,24,25,24,1
S01008684,Oil central heating,2,1,1,1,0,1,0,0,0,1,1,0
S01008684,Solid fuel (for example wood coal) central heating,0,0,0,0,0,0,0,0,0,0,0,0
S01008684,Other central heating,2,1,1,2,1,1,0,0,0,0,0,0
S01008684,Two or more types of central heating,18,5,13,11,0,11,6,4,2,1,1,0
S01008685,All people in households,777,163,614,630,49,581,91,61,30,56,53,3
S01008685,No central heating,46,11,35,36,3,33,5,3,2,5,5,0
S01008685,Gas central heating,510,109,401,410,32,378,63,42,21,37,35,2
S01008685,Electric (including storage heaters) central heating,180,36,144,151,14,137,19,13,6,10,9,1
S01008685,Oil central heating,1,1,0,0,0,0,0,0,0,1,1,0
S01008685,Solid fuel (for example wood coal) central heating,0,0,0,0,0,0,0,0,0,0,0,0
S01008685,Other central heating,7,5,2,2,0,2,3,3,0,2,2,0
S01008685,Two or more types of central heating,33,1,32,31,0,31,1,0,1,1,1,0
S01008686,All people in households,955,253,702,727,79,648,146,98,48,82,76,6
S01008686,No central heating,73,9,64,62,5,57,8,2,6,3,2,1
S01008686,Gas central heating,669,192,477,498,54,444,108,77,31,63,61,2
S01008686,Electric (including storage heaters) central heating,199,46,153,158,18,140,28,18,10,13,10,3
S01008686,Oil central heating,1,1,0,1,1,0,0,0,0,0,0,0
S01008686,Solid fuel (for example wood coal) central heating,0,0,0,0,0,0,0,0,0,0,0,0
S01008686,Other central heating,0,0,0,0,0,0,0,0,0,0,0,0
S01008686,Two or more types of central heating,13,5,8,8,1,7,2,1,1,3,3,0
S01008687,All people in households,648,69,579,582,21,561,46,32,14,20,16,4
S01008687,No central heating,110,13,97,93,1,92,15,10,5,2,2,0
S01008687,Gas central heating,388,32,356,358,12,346,18,11,7,12,9,3
S01008687,Electric (including storage heaters) central heating,130,19,111,113,5,108,11,9,2,6,5,1
S01008687,Oil central heating,3,0,3,3,0,3,0,0,0,0,0,0
S01008687,Solid fuel (for example wood coal) central heating,0,0,0,0,0,0,0,0,0,0,0,0
S01008687,Other central heating,0,0,0,0,0,0,0,0,0,0,0,0
S01008687,Two or more types of central heating,17,5,12,15,3,12,2,2,0,0,0,0
S01008688,All people in households,807,88,719,728,39,689,55,28,27,24,21,3
S01008688,No central heating,80,7,73,68,0,68,9,4,5,3,3,0
S01008688,Gas central heating,652,74,578,601,37,564,32,19,13,19,18,1
S01008688,Electric (including storage heaters) central heating,54,6,48,42,2,40,11,4,7,1,0,1
S01008688,Oil central heating,0,0,0,0,0,0,0,0,0,0,0,0
S01008688,Solid fuel (for example wood coal) central heating,0,0,0,0,0,0,0,0,0,0,0,0
S01008688,Other central heating,5,0,5,4,0,4,1,0,1,0,0,0
S01008688,Two or more types of central heating,16,1,15,13,0,13,2,1,1,1,0,1
S01008689,All people in households,860,149,711,736,54,682,90,61,29,34,34,0
S01008689,No central heating,120,20,100,97,5,92,18,10,8,5,5,0
S01008689,Gas central heating,648,109,539,566,41,525,58,44,14,24,24,0
S01008689,Electric (including storage heaters) central heating,81,17,64,64,7,57,12,5,7,5,5,0
S01008689,Oil central heating,2,1,1,1,0,1,1,1,0,0,0,0
S01008689,Solid fuel (for example wood coal) central heating,0,0,0,0,0,0,0,0,0,0,0,0
S01008689,Other central heating,3,0,3,3,0,3,0,0,0,0,0,0
S01008689,Two or more types of central heating,6,2,4,5,1,4,1,1,0,0,0,0
S01008690,All people in households,990,120,870,873,44,829,94,53,41,23,23,0
S01008690,No central heating,78,17,61,61,7,54,14,7,7,3,3,0
S01008690,Gas central heating,797,87,710,713,32,681,69,40,29,15,15,0
S01008690,Electric (including storage heaters) central heating,87,14,73,73,3,70,9,6,3,5,5,0
S01008690,Oil central heating,0,0,0,0,0,0,0,0,0,0,0,0
S01008690,Solid fuel (for example wood coal) central heating,0,0,0,0,0,0,0,0,0,0,0,0
S01008690,Other central heating,3,2,1,3,2,1,0,0,0,0,0,0
S01008690,Two or more types of central heating,25,0,25,23,0,23,2,0,2,0,0,0
S01008691,All people in households,1050,145,905,923,51,872,86,54,32,41,40,1
S01008691,No central heating,136,24,112,106,7,99,22,10,12,8,7,1
S01008691,Gas central heating,768,92,676,695,36,659,52,35,17,21,21,0
S01008691,Electric (including storage heaters) central heating,117,28,89,94,8,86,11,8,3,12,12,0
S01008691,Oil central heating,0,0,0,0,0,0,0,0,0,0,0,0
S01008691,Solid fuel (for example wood coal) central heating,0,0,0,0,0,0,0,0,0,0,0,0
S01008691,Other central heating,2,0,2,2,0,2,0,0,0,0,0,0
S01008691,Two or more types of central heating,27,1,26,26,0,26,1,1,0,0,0,0
S01008692,All people in households,627,103,524,545,40,505,57,38,19,25,25,0
S01008692,No central heating,46,9,37,41,4,37,4,4,0,1,1,0
S01008692,Gas central heating,312,42,270,285,20,265,17,12,5,10,10,0
S01008692,Electric (including storage heaters) central heating,255,50,205,207,16,191,34,20,14,14,14,0
S01008692,Oil central heating,0,0,0,0,0,0,0,0,0,0,0,0
S01008692,Solid fuel (for example wood coal) central heating,0,0,0,0,0,0,0,0,0,0,0,0
S01008692,Other central heating,2,0,2,2,0,2,0,0,0,0,0,0
S01008692,Two or more types of central heating,12,2,10,10,0,10,2,2,0,0,0,0
S01008693,All people in households,487,107,380,411,43,368,52,41,11,24,23,1
S01008693,No central heating,6,3,3,4,1,3,2,2,0,0,0,0
S01008693,Gas central heating,462,99,363,393,41,352,46,36,10,23,22,1
S01008693,Electric (including storage heaters) central heating,17,4,13,13,1,12,3,2,1,1,1,0
S01008693,Oil central heating,0,0,0,0,0,0,0,0,0,0,0,0
S01008693,Solid fuel (for example wood coal) central heating,0,0,0,0,0,0,0,0,0,0,0,0
S01008693,Other central heating,0,0,0,0,0,0,0,0,0,0,0,0
S01008693,Two or more types of central heating,2,1,1,1,0,1,1,1,0,0,0,0
S01008694,All people in households,1000,116,884,894,39,855,71,43,28,35,34,1
S01008694,No central heating,72,16,56,53,3,50,13,7,6,6,6,0
S01008694,Gas central heating,847,82,765,776,30,746,48,30,18,23,22,1
S01008694,Electric (including storage heaters) central heating,72,17,55,57,6,51,9,5,4,6,6,0
S01008694,Oil central heating,0,0,0,0,0,0,0,0,0,0,0,0
S01008694,Solid fuel (for example wood coal) central heating,0,0,0,0,0,0,0,0,0,0,0,0
S01008694,Other central heating,1,1,0,0,0,0,1,1,0,0,0,0
S01008694,Two or more types of central heating,8,0,8,8,0,8,0,0,0,0,0,0
S01008695,All people in households,703,72,631,643,28,615,45,31,14,15,13,2
S01008695,No central heating,23,5,18,19,2,17,2,2,0,2,1,1
S01008695,Gas central heating,633,56,577,588,24,564,34,21,13,11,11,0
S01008695,Electric (including storage heaters) central heating,38,11,27,27,2,25,9,8,1,2,1,1
S01008695,Oil central heating,0,0,0,0,0,0,0,0,0,0,0,0
S01008695,Solid fuel (for example wood coal) central heating,0,0,0,0,0,0,0,0,0,0,0,0
S01008695,Other central heating,3,0,3,3,0,3,0,0,0,0,0,0
S01008695,Two or more types of central heating,6,0,6,6,0,6,0,0,0,0,0,0
S01008696,All people in households,675,77,598,612,39,573,47,25,22,16,13,3
S01008696,No central heating,19,3,16,16,0,16,3,3,0,0,0,0
S01008696,Gas central heating,595,63,532,540,29,511,40,21,19,15,13,2
S01008696,Electric (including storage heaters) central heating,49,9,40,46,8,38,3,1,2,0,0,0
S01008696,Oil central heating,0,0,0,0,0,0,0,0,0,0,0,0
S01008696,Solid fuel (for example wood coal) central heating,0,0,0,0,0,0,0,0,0,0,0,0
S01008696,Other central heating,0,0,0,0,0,0,0,0,0,0,0,0
S01008696,Two or more types of central heating,12,2,10,10,2,8,1,0,1,1,0,1
S01008697,All people in households,1055,165,890,937,69,868,86,65,21,32,31,1
S01008697,No central heating,19,4,15,15,1,14,3,2,1,1,1,0
S01008697,Gas central heating,998,153,845,888,64,824,79,59,20,31,30,1
S01008697,Electric (including storage heaters) central heating,28,7,21,24,3,21,4,4,0,0,0,0
S01008697,Oil central heating,0,0,0,0,0,0,0,0,0,0,0,0
S01008697,Solid fuel (for example wood coal) central heating,0,0,0,0,0,0,0,0,0,0,0,0
S01008697,Other central heating,0,0,0,0,0,0,0,0,0,0,0,0
S01008697,Two or more types of central heating,10,1,9,10,1,9,0,0,0,0,0,0
S01008698,All people in households,492,71,421,437,24,413,41,33,8,14,14,0
S01008698,No central heating,0,0,0,0,0,0,0,0,0,0,0,0
S01008698,Gas central heating,458,65,393,410,24,386,36,29,7,12,12,0
S01008698,Electric (including storage heaters) central heating,21,4,17,16,0,16,4,3,1,1,1,0
S01008698,Oil central heating,0,0,0,0,0,0,0,0,0,0,0,0
S01008698,Solid fuel (for example wood coal) central heating,1,0,1,1,0,1,0,0,0,0,0,0
S01008698,Other central heating,0,0,0,0,0,0,0,0,0,0,0,0
S01008698,Two or more types of central heating,12,2,10,10,0,10,1,1,0,1,1,0
S01008699,All people in households,905,209,696,729,62,667,119,91,28,57,56,1
S01008699,No central heating,37,7,30,31,3,28,6,4,2,0,0,0
S01008699,Gas central heating,706,155,551,576,44,532,83,65,18,47,46,1
S01008699,Electric (including storage heaters) central heating,137,42,95,102,15,87,27,19,8,8,8,0
S01008699,Oil central heating,3,0,3,3,0,3,0,0,0,0,0,0
S01008699,Solid fuel (for example wood coal) central heating,0,0,0,0,0,0,0,0,0,0,0,0
S01008699,Other central heating,5,1,4,4,0,4,0,0,0,1,1,0
S01008699,Two or more types of central heating,17,4,13,13,0,13,3,3,0,1,1,0
S01008700,All people in households,569,95,474,496,45,451,53,32,21,20,18,2
S01008700,No central heating,18,3,15,15,1,14,3,2,1,0,0,0
S01008700,Gas central heating,521,84,437,458,41,417,46,27,19,17,16,1
S01008700,Electric (including storage heaters) central heating,14,4,10,11,2,9,3,2,1,0,0,0
S01008700,Oil central heating,2,1,1,1,0,1,1,1,0,0,0,0
S01008700,Solid fuel (for example wood coal) central heating,1,0,1,1,0,1,0,0,0,0,0,0
S01008700,Other central heating,0,0,0,0,0,0,0,0,0,0,0,0
S01008700,Two or more types of central heating,13,3,10,10,1,9,0,0,0,3,2,1
S01008701,All people in households,396,95,301,310,36,274,52,28,24,34,31,3
S01008701,No central heating,2,0,2,2,0,2,0,0,0,0,0,0
S01008701,Gas central heating,330,72,258,262,28,234,42,19,23,26,25,1
S01008701,Electric (including storage heaters) central heating,38,19,19,22,6,16,9,8,1,7,5,2
S01008701,Oil central heating,0,0,0,0,0,0,0,0,0,0,0,0
S01008701,Solid fuel (for example wood coal) central heating,0,0,0,0,0,0,0,0,0,0,0,0
S01008701,Other central heating,0,0,0,0,0,0,0,0,0,0,0,0
S01008701,Two or more types of central heating,26,4,22,24,2,22,1,1,0,1,1,0
S01008702,All people in households,584,71,513,514,25,489,49,26,23,21,20,1
S01008702,No central heating,20,6,14,15,2,13,4,3,1,1,1,0
S01008702,Gas central heating,487,56,431,431,18,413,37,19,18,19,19,0
S01008702,Electric (including storage heaters) central heating,26,1,25,23,1,22,2,0,2,1,0,1
S01008702,Oil central heating,5,2,3,3,0,3,2,2,0,0,0,0
S01008702,Solid fuel (for example wood coal) central heating,1,0,1,0,0,0,1,0,1,0,0,0
S01008702,Other central heating,14,0,14,13,0,13,1,0,1,0,0,0
S01008702,Two or more types of central heating,31,6,25,29,4,25,2,2,0,0,0,0
S01008703,All people in households,961,214,747,720,40,680,163,103,60,78,71,7
S01008703,No central heating,20,8,12,13,1,12,3,3,0,4,4,0
S01008703,Gas central heating,717,144,573,557,30,527,109,68,41,51,46,5
S01008703,Electric (including storage heaters) central heating,193,53,140,128,5,123,44,29,15,21,19,2
S01008703,Oil central heating,0,0,0,0,0,0,0,0,0,0,0,0
S01008703,Solid fuel (for example wood coal) central heating,0,0,0,0,0,0,0,0,0,0,0,0
S01008703,Other central heating,0,0,0,0,0,0,0,0,0,0,0,0
S01008703,Two or more types of central heating,31,9,22,22,4,18,7,3,4,2,2,0
S01008704,All people in households,700,191,509,519,51,468,124,86,38,57,54,3
S01008704,No central heating,8,0,8,7,0,7,1,0,1,0,0,0
S01008704,Gas central heating,623,175,448,462,47,415,108,78,30,53,50,3
S01008704,Electric (including storage heaters) central heating,34,9,25,28,3,25,4,4,0,2,2,0
S01008704,Oil central heating,7,3,4,5,1,4,1,1,0,1,1,0
S01008704,Solid fuel (for example wood coal) central heating,0,0,0,0,0,0,0,0,0,0,0,0
S01008704,Other central heating,2,0,2,2,0,2,0,0,0,0,0,0
S01008704,Two or more types of central heating,26,4,22,15,0,15,10,3,7,1,1,0
S01008705,All people in households,494,119,375,371,20,351,76,55,21,47,44,3
S01008705,No central heating,2,0,2,2,0,2,0,0,0,0,0,0
S01008705,Gas central heating,413,104,309,306,18,288,66,46,20,41,40,1
S01008705,Electric (including storage heaters) central heating,42,5,37,36,0,36,5,4,1,1,1,0
S01008705,Oil central heating,0,0,0,0,0,0,0,0,0,0,0,0
S01008705,Solid fuel (for example wood coal) central heating,0,0,0,0,0,0,0,0,0,0,0,0
S01008705,Other central heating,11,4,7,8,1,7,3,3,0,0,0,0
S01008705,Two or more types of central heating,26,6,20,19,1,18,2,2,0,5,3,2
S01008706,All people in households,577,127,450,453,30,423,80,55,25,44,42,2
S01008706,No central heating,1,0,1,1,0,1,0,0,0,0,0,0
S01008706,Gas central heating,522,115,407,410,28,382,75,52,23,37,35,2
S01008706,Electric (including storage heaters) central heating,26,6,20,19,0,19,3,2,1,4,4,0
S01008706,Oil central heating,0,0,0,0,0,0,0,0,0,0,0,0
S01008706,Solid fuel (for example wood coal) central heating,0,0,0,0,0,0,0,0,0,0,0,0
S01008706,Other central heating,5,2,3,4,1,3,0,0,0,1,1,0
S01008706,Two or more types of central heating,23,4,19,19,1,18,2,1,1,2,2,0
S01008707,All people in households,862,190,672,679,49,630,114,78,36,69,63,6
S01008707,No central heating,6,3,3,4,1,3,1,1,0,1,1,0
S01008707,Gas central heating,711,152,559,563,39,524,91,61,30,57,52,5
S01008707,Electric (including storage heaters) central heating,86,21,65,66,4,62,13,11,2,7,6,1
S01008707,Oil central heating,0,0,0,0,0,0,0,0,0,0,0,0
S01008707,Solid fuel (for example wood coal) central heating,0,0,0,0,0,0,0,0,0,0,0,0
S01008707,Other central heating,2,1,1,1,0,1,1,1,0,0,0,0
S01008707,Two or more types of central heating,57,13,44,45,5,40,8,4,4,4,4,0
S01008708,All people in households,859,237,622,624,52,572,135,88,47,100,97,3
S01008708,No central heating,40,19,21,25,5,20,5,5,0,10,9,1
S01008708,Gas central heating,618,149,469,469,34,435,87,53,34,62,62,0
S01008708,Electric (including storage heaters) central heating,106,30,76,79,9,70,16,12,4,11,9,2
S01008708,Oil central heating,0,0,0,0,0,0,0,0,0,0,0,0
S01008708,Solid fuel (for example wood coal) central heating,0,0,0,0,0,0,0,0,0,0,0,0
S01008708,Other central heating,21,6,15,15,1,14,5,4,1,1,1,0
S01008708,Two or more types of central heating,74,33,41,36,3,33,22,14,8,16,16,0
S01008709,All people in households,763,193,570,592,55,537,104,74,30,67,64,3
S01008709,No central heating,13,2,11,10,0,10,1,0,1,2,2,0
S01008709,Gas central heating,576,153,423,443,42,401,75,56,19,58,55,3
S01008709,Electric (including storage heaters) central heating,142,29,113,112,8,104,24,15,9,6,6,0
S01008709,Oil central heating,0,0,0,0,0,0,0,0,0,0,0,0
S01008709,Solid fuel (for example wood coal) central heating,0,0,0,0,0,0,0,0,0,0,0,0
S01008709,Other central heating,0,0,0,0,0,0,0,0,0,0,0,0
S01008709,Two or more types of central heating,32,9,23,27,5,22,4,3,1,1,1,0
S01008710,All people in households,494,107,387,392,31,361,60,35,25,42,41,1
S01008710,No central heating,4,2,2,3,1,2,1,1,0,0,0,0
S01008710,Gas central heating,466,104,362,367,30,337,58,34,24,41,40,1
S01008710,Electric (including storage heaters) central heating,4,1,3,3,0,3,0,0,0,1,1,0
S01008710,Oil central heating,0,0,0,0,0,0,0,0,0,0,0,0
S01008710,Solid fuel (for example wood coal) central heating,0,0,0,0,0,0,0,0,0,0,0,0
S01008710,Other central heating,3,0,3,3,0,3,0,0,0,0,0,0
S01008710,Two or more types of central heating,17,0,17,16,0,16,1,0,1,0,0,0
S01008711,All people in households,706,191,515,535,60,475,114,78,36,57,53,4
S01008711,No central heating,12,5,7,8,1,7,3,3,0,1,1,0
S01008711,Gas central heating,599,153,446,457,49,408,100,65,35,42,39,3
S01008711,Electric (including storage heaters) central heating,38,18,20,24,5,19,6,5,1,8,8,0
S01008711,Oil central heating,0,0,0,0,0,0,0,0,0,0,0,0
S01008711,Solid fuel (for example wood coal) central heating,0,0,0,0,0,0,0,0,0,0,0,0
S01008711,Other central heating,0,0,0,0,0,0,0,0,0,0,0,0
S01008711,Two or more types of central heating,57,15,42,46,5,41,5,5,0,6,5,1
S01008712,All people in households,1038,348,690,709,67,642,199,154,45,130,127,3
S01008712,No central heating,10,2,8,8,0,8,1,1,0,1,1,0
S01008712,Gas central heating,915,303,612,635,64,571,168,130,38,112,109,3
S01008712,Electric (including storage heaters) central heating,58,25,33,30,0,30,18,15,3,10,10,0
S01008712,Oil central heating,0,0,0,0,0,0,0,0,0,0,0,0
S01008712,Solid fuel (for example wood coal) central heating,5,3,2,2,1,1,2,1,1,1,1,0
S01008712,Other central heating,1,1,0,1,1,0,0,0,0,0,0,0
S01008712,Two or more types of central heating,49,14,35,33,1,32,10,7,3,6,6,0
S01008713,All people in households,635,131,504,500,39,461,98,56,42,37,36,1
S01008713,No central heating,21,3,18,18,1,17,2,1,1,1,1,0
S01008713,Gas central heating,559,115,444,439,34,405,91,52,39,29,29,0
S01008713,Electric (including storage heaters) central heating,25,11,14,16,4,12,4,2,2,5,5,0
S01008713,Oil central heating,0,0,0,0,0,0,0,0,0,0,0,0
S01008713,Solid fuel (for example wood coal) central heating,0,0,0,0,0,0,0,0,0,0,0,0
S01008713,Other central heating,2,0,2,1,0,1,0,0,0,1,0,1
S01008713,Two or more types of central heating,28,2,26,26,0,26,1,1,0,1,1,0
S01008714,All people in households,554,145,409,424,40,384,92,67,25,38,38,0
S01008714,No central heating,22,4,18,16,1,15,4,1,3,2,2,0
S01008714,Gas central heating,478,123,355,371,36,335,77,57,20,30,30,0
S01008714,Electric (including storage heaters) central heating,36,11,25,27,2,25,6,6,0,3,3,0
S01008714,Oil central heating,2,2,0,0,0,0,2,2,0,0,0,0
S01008714,Solid fuel (for example wood coal) central heating,0,0,0,0,0,0,0,0,0,0,0,0
S01008714,Other central heating,5,2,3,2,1,1,2,0,2,1,1,0
S01008714,Two or more types of central heating,11,3,8,8,0,8,1,1,0,2,2,0
S01008715,All people in households,763,238,525,565,66,499,125,99,26,73,73,0
S01008715,No central heating,20,10,10,12,3,9,3,2,1,5,5,0
S01008715,Gas central heating,690,208,482,518,59,459,116,93,23,56,56,0
S01008715,Electric (including storage heaters) central heating,31,10,21,24,3,21,1,1,0,6,6,0
S01008715,Oil central heating,0,0,0,0,0,0,0,0,0,0,0,0
S01008715,Solid fuel (for example wood coal) central heating,0,0,0,0,0,0,0,0,0,0,0,0
S01008715,Other central heating,0,0,0,0,0,0,0,0,0,0,0,0
S01008715,Two or more types of central heating,22,10,12,11,1,10,5,3,2,6,6,0
S01008716,All people in households,545,167,378,397,39,358,92,74,18,56,54,2
S01008716,No central heating,5,2,3,2,0,2,2,1,1,1,1,0
S01008716,Gas central heating,470,128,342,352,27,325,72,57,15,46,44,2
S01008716,Electric (including storage heaters) central heating,51,30,21,29,10,19,15,13,2,7,7,0
S01008716,Oil central heating,0,0,0,0,0,0,0,0,0,0,0,0
S01008716,Solid fuel (for example wood coal) central heating,1,1,0,1,1,0,0,0,0,0,0,0
S01008716,Other central heating,2,0,2,2,0,2,0,0,0,0,0,0
S01008716,Two or more types of central heating,16,6,10,11,1,10,3,3,0,2,2,0
S01008717,All people in households,440,49,391,396,21,375,33,18,15,11,10,1
S01008717,No central heating,4,1,3,2,0,2,0,0,0,2,1,1
S01008717,Gas central heating,422,46,376,381,19,362,32,18,14,9,9,0
S01008717,Electric (including storage heaters) central heating,5,0,5,5,0,5,0,0,0,0,0,0
S01008717,Oil central heating,0,0,0,0,0,0,0,0,0,0,0,0
S01008717,Solid fuel (for example wood coal) central heating,0,0,0,0,0,0,0,0,0,0,0,0
S01008717,Other central heating,0,0,0,0,0,0,0,0,0,0,0,0
S01008717,Two or more types of central heating,9,2,7,8,2,6,1,0,1,0,0,0
S01008718,All people in households,510,97,413,424,31,393,64,44,20,22,22,0
S01008718,No central heating,20,2,18,17,0,17,2,1,1,1,1,0
S01008718,Gas central heating,369,69,300,309,23,286,45,31,14,15,15,0
S01008718,Electric (including storage heaters) central heating,117,25,92,94,7,87,17,12,5,6,6,0
S01008718,Oil central heating,1,1,0,1,1,0,0,0,0,0,0,0
S01008718,Solid fuel (for example wood coal) central heating,0,0,0,0,0,0,0,0,0,0,0,0
S01008718,Other central heating,0,0,0,0,0,0,0,0,0,0,0,0
S01008718,Two or more types of central heating,3,0,3,3,0,3,0,0,0,0,0,0
S01008719,All people in households,1003,164,839,873,59,814,80,57,23,50,48,2
S01008719,No central heating,23,4,19,19,0,19,3,3,0,1,1,0
S01008719,Gas central heating,931,149,782,813,55,758,73,51,22,45,43,2
S01008719,Electric (including storage heaters) central heating,33,8,25,28,3,25,2,2,0,3,3,0
S01008719,Oil central heating,0,0,0,0,0,0,0,0,0,0,0,0
S01008719,Solid fuel (for example wood coal) central heating,0,0,0,0,0,0,0,0,0,0,0,0
S01008719,Other central heating,0,0,0,0,0,0,0,0,0,0,0,0
S01008719,Two or more types of central heating,16,3,13,13,1,12,2,1,1,1,1,0
S01008720,All people in households,508,124,384,393,38,355,84,56,28,31,30,1
S01008720,No central heating,20,7,13,13,1,12,4,3,1,3,3,0
S01008720,Gas central heating,442,103,339,349,36,313,66,41,25,27,26,1
S01008720,Electric (including storage heaters) central heating,9,5,4,4,0,4,5,5,0,0,0,0
S01008720,Oil central heating,9,3,6,6,0,6,2,2,0,1,1,0
S01008720,Solid fuel (for example wood coal) central heating,9,1,8,7,0,7,2,1,1,0,0,0
S01008720,Other central heating,3,0,3,3,0,3,0,0,0,0,0,0
S01008720,Two or more types of central heating,16,5,11,11,1,10,5,4,1,0,0,0
S01008721,All people in households,809,89,720,736,36,700,54,36,18,19,17,2
S01008721,No central heating,5,2,3,4,2,2,1,0,1,0,0,0
S01008721,Gas central heating,716,76,640,650,27,623,47,32,15,19,17,2
S01008721,Electric (including storage heaters) central heating,84,11,73,78,7,71,6,4,2,0,0,0
S01008721,Oil central heating,0,0,0,0,0,0,0,0,0,0,0,0
S01008721,Solid fuel (for example wood coal) central heating,0,0,0,0,0,0,0,0,0,0,0,0
S01008721,Other central heating,0,0,0,0,0,0,0,0,0,0,0,0
S01008721,Two or more types of central heating,4,0,4,4,0,4,0,0,0,0,0,0
S01008722,All people in households,1057,240,817,867,81,786,135,106,29,55,53,2
S01008722,No central heating,16,2,14,13,0,13,3,2,1,0,0,0
S01008722,Gas central heating,988,214,774,822,75,747,119,94,25,47,45,2
S01008722,Electric (including storage heaters) central heating,41,18,23,23,3,20,13,10,3,5,5,0
S01008722,Oil central heating,0,0,0,0,0,0,0,0,0,0,0,0
S01008722,Solid fuel (for example wood coal) central heating,4,3,1,3,2,1,0,0,0,1,1,0
S01008722,Other central heating,0,0,0,0,0,0,0,0,0,0,0,0
S01008722,Two or more types of central heating,8,3,5,6,1,5,0,0,0,2,2,0
S01008723,All people in households,625,80,545,561,27,534,48,37,11,16,16,0
S01008723,No central heating,6,3,3,4,1,3,1,1,0,1,1,0
S01008723,Gas central heating,594,76,518,533,25,508,46,36,10,15,15,0
S01008723,Electric (including storage heaters) central heating,6,1,5,6,1,5,0,0,0,0,0,0
S01008723,Oil central heating,4,0,4,4,0,4,0,0,0,0,0,0
S01008723,Solid fuel (for example wood coal) central heating,0,0,0,0,0,0,0,0,0,0,0,0
S01008723,Other central heating,0,0,0,0,0,0,0,0,0,0,0,0
S01008723,Two or more types of central heating,15,0,15,14,0,14,1,0,1,0,0,0
S01008724,All people in households,934,145,789,825,60,765,87,66,21,22,19,3
S01008724,No central heating,11,4,7,8,1,7,3,3,0,0,0,0
S01008724,Gas central heating,888,126,762,796,52,744,76,59,17,16,15,1
S01008724,Electric (including storage heaters) central heating,22,11,11,14,6,8,6,3,3,2,2,0
S01008724,Oil central heating,1,1,0,0,0,0,0,0,0,1,1,0
S01008724,Solid fuel (for example wood coal) central heating,0,0,0,0,0,0,0,0,0,0,0,0
S01008724,Other central heating,4,2,2,0,0,0,1,1,0,3,1,2
S01008724,Two or more types of central heating,8,1,7,7,1,6,1,0,1,0,0,0
S01008725,All people in households,749,113,636,659,44,615,66,46,20,24,23,1
S01008725,No central heating,24,4,20,21,1,20,1,1,0,2,2,0
S01008725,Gas central heating,608,79,529,548,33,515,45,31,14,15,15,0
S01008725,Electric (including storage heaters) central heating,107,30,77,80,10,70,20,14,6,7,6,1
S01008725,Oil central heating,0,0,0,0,0,0,0,0,0,0,0,0
S01008725,Solid fuel (for example wood coal) central heating,0,0,0,0,0,0,0,0,0,0,0,0
S01008725,Other central heating,4,0,4,4,0,4,0,0,0,0,0,0
S01008725,Two or more types of central heating,6,0,6,6,0,6,0,0,0,0,0,0
S01008726,All people in households,576,65,511,529,27,502,36,27,9,11,11,0
S01008726,No central heating,4,0,4,3,0,3,1,0,1,0,0,0
S01008726,Gas central heating,549,62,487,505,26,479,33,25,8,11,11,0
S01008726,Electric (including storage heaters) central heating,13,3,10,11,1,10,2,2,0,0,0,0
S01008726,Oil central heating,0,0,0,0,0,0,0,0,0,0,0,0
S01008726,Solid fuel (for example wood coal) central heating,0,0,0,0,0,0,0,0,0,0,0,0
S01008726,Other central heating,0,0,0,0,0,0,0,0,0,0,0,0
S01008726,Two or more types of central heating,10,0,10,10,0,10,0,0,0,0,0,0
S01008727,All people in households,1034,165,869,911,78,833,90,55,35,33,32,1
S01008727,No central heating,37,9,28,32,6,26,5,3,2,0,0,0
S01008727,Gas central heating,845,110,735,759,47,712,63,41,22,23,22,1
S01008727,Electric (including storage heaters) central heating,126,37,89,99,20,79,19,9,10,8,8,0
S01008727,Oil central heating,2,1,1,2,1,1,0,0,0,0,0,0
S01008727,Solid fuel (for example wood coal) central heating,5,0,5,5,0,5,0,0,0,0,0,0
S01008727,Other central heating,0,0,0,0,0,0,0,0,0,0,0,0
S01008727,Two or more types of central heating,19,8,11,14,4,10,3,2,1,2,2,0
S01008728,All people in households,552,102,450,470,36,434,51,36,15,31,30,1
S01008728,No central heating,14,2,12,12,0,12,2,2,0,0,0,0
S01008728,Gas central heating,430,73,357,371,28,343,33,20,13,26,25,1
S01008728,Electric (including storage heaters) central heating,91,22,69,75,8,67,13,11,2,3,3,0
S01008728,Oil central heating,0,0,0,0,0,0,0,0,0,0,0,0
S01008728,Solid fuel (for example wood coal) central heating,0,0,0,0,0,0,0,0,0,0,0,0
S01008728,Other central heating,0,0,0,0,0,0,0,0,0,0,0,0
S01008728,Two or more types of central heating,17,5,12,12,0,12,3,3,0,2,2,0
S01008729,All people in households,740,109,631,651,35,616,59,46,13,30,28,2
S01008729,No central heating,19,5,14,13,0,13,5,4,1,1,1,0
S01008729,Gas central heating,688,95,593,613,34,579,49,37,12,26,24,2
S01008729,Electric (including storage heaters) central heating,17,6,11,12,1,11,4,4,0,1,1,0
S01008729,Oil central heating,0,0,0,0,0,0,0,0,0,0,0,0
S01008729,Solid fuel (for example wood coal) central heating,0,0,0,0,0,0,0,0,0,0,0,0
S01008729,Other central heating,0,0,0,0,0,0,0,0,0,0,0,0
S01008729,Two or more types of central heating,16,3,13,13,0,13,1,1,0,2,2,0
S01008730,All people in households,794,87,707,715,31,684,55,32,23,24,24,0
S01008730,No central heating,72,13,59,55,4,51,15,7,8,2,2,0
S01008730,Gas central heating,649,66,583,595,27,568,35,20,15,19,19,0
S01008730,Electric (including storage heaters) central heating,53,3,50,50,0,50,2,2,0,1,1,0
S01008730,Oil central heating,3,0,3,3,0,3,0,0,0,0,0,0
S01008730,Solid fuel (for example wood coal) central heating,3,1,2,2,0,2,0,0,0,1,1,0
S01008730,Other central heating,0,0,0,0,0,0,0,0,0,0,0,0
S01008730,Two or more types of central heating,14,4,10,10,0,10,3,3,0,1,1,0
S01008731,All people in households,430,127,303,323,34,289,55,43,12,52,50,2
S01008731,No central heating,14,3,11,13,2,11,0,0,0,1,1,0
S01008731,Gas central heating,375,110,265,281,30,251,47,35,12,47,45,2
S01008731,Electric (including storage heaters) central heating,34,10,24,26,2,24,5,5,0,3,3,0
S01008731,Oil central heating,0,0,0,0,0,0,0,0,0,0,0,0
S01008731,Solid fuel (for example wood coal) central heating,0,0,0,0,0,0,0,0,0,0,0,0
S01008731,Other central heating,0,0,0,0,0,0,0,0,0,0,0,0
S01008731,Two or more types of central heating,7,4,3,3,0,3,3,3,0,1,1,0
S01008732,All people in households,610,124,486,501,31,470,73,58,15,36,35,1
S01008732,No central heating,35,6,29,29,1,28,3,2,1,3,3,0
S01008732,Gas central heating,408,67,341,349,17,332,46,38,8,13,12,1
S01008732,Electric (including storage heaters) central heating,157,48,109,115,12,103,24,18,6,18,18,0
S01008732,Oil central heating,0,0,0,0,0,0,0,0,0,0,0,0
S01008732,Solid fuel (for example wood coal) central heating,0,0,0,0,0,0,0,0,0,0,0,0
S01008732,Other central heating,0,0,0,0,0,0,0,0,0,0,0,0
S01008732,Two or more types of central heating,10,3,7,8,1,7,0,0,0,2,2,0
S01008733,All people in households,793,118,675,686,40,646,75,48,27,32,30,2
S01008733,No central heating,85,12,73,77,5,72,6,5,1,2,2,0
S01008733,Gas central heating,356,61,295,303,20,283,39,27,12,14,14,0
S01008733,Electric (including storage heaters) central heating,344,45,299,299,15,284,29,16,13,16,14,2
S01008733,Oil central heating,0,0,0,0,0,0,0,0,0,0,0,0
S01008733,Solid fuel (for example wood coal) central heating,2,0,2,2,0,2,0,0,0,0,0,0
S01008733,Other central heating,0,0,0,0,0,0,0,0,0,0,0,0
S01008733,Two or more types of central heating,6,0,6,5,0,5,1,0,1,0,0,0
S01008734,All people in households,564,91,473,488,31,457,55,39,16,21,21,0
S01008734,No central heating,7,0,7,7,0,7,0,0,0,0,0,0
S01008734,Gas central heating,421,61,360,370,23,347,40,27,13,11,11,0
S01008734,Electric (including storage heaters) central heating,128,30,98,103,8,95,15,12,3,10,10,0
S01008734,Oil central heating,0,0,0,0,0,0,0,0,0,0,0,0
S01008734,Solid fuel (for example wood coal) central heating,0,0,0,0,0,0,0,0,0,0,0,0
S01008734,Other central heating,0,0,0,0,0,0,0,0,0,0,0,0
S01008734,Two or more types of central heating,8,0,8,8,0,8,0,0,0,0,0,0
S01008735,All people in households,996,142,854,882,59,823,84,54,30,30,29,1
S01008735,No central heating,3,1,2,2,1,1,1,0,1,0,0,0
S01008735,Gas central heating,960,137,823,852,57,795,79,52,27,29,28,1
S01008735,Electric (including storage heaters) central heating,22,4,18,17,1,16,4,2,2,1,1,0
S01008735,Oil central heating,1,0,1,1,0,1,0,0,0,0,0,0
S01008735,Solid fuel (for example wood coal) central heating,0,0,0,0,0,0,0,0,0,0,0,0
S01008735,Other central heating,0,0,0,0,0,0,0,0,0,0,0,0
S01008735,Two or more types of central heating,10,0,10,10,0,10,0,0,0,0,0,0
S01008736,All people in households,734,145,589,623,51,572,81,66,15,30,28,2
S01008736,No central heating,7,0,7,6,0,6,1,0,1,0,0,0
S01008736,Gas central heating,689,135,554,587,48,539,75,61,14,27,26,1
S01008736,Electric (including storage heaters) central heating,27,9,18,20,3,17,5,5,0,2,1,1
S01008736,Oil central heating,0,0,0,0,0,0,0,0,0,0,0,0
S01008736,Solid fuel (for example wood coal) central heating,0,0,0,0,0,0,0,0,0,0,0,0
S01008736,Other central heating,0,0,0,0,0,0,0,0,0,0,0,0
S01008736,Two or more types of central heating,11,1,10,10,0,10,0,0,0,1,1,0
S01008737,All people in households,801,155,646,685,64,621,86,61,25,30,30,0
S01008737,No central heating,6,2,4,5,2,3,1,0,1,0,0,0
S01008737,Gas central heating,740,137,603,640,59,581,75,53,22,25,25,0
S01008737,Electric (including storage heaters) central heating,45,15,30,31,2,29,9,8,1,5,5,0
S01008737,Oil central heating,2,0,2,2,0,2,0,0,0,0,0,0
S01008737,Solid fuel (for example wood coal) central heating,0,0,0,0,0,0,0,0,0,0,0,0
S01008737,Other central heating,0,0,0,0,0,0,0,0,0,0,0,0
S01008737,Two or more types of central heating,8,1,7,7,1,6,1,0,1,0,0,0
S01008738,All people in households,754,106,648,680,48,632,57,41,16,17,17,0
S01008738,No central heating,0,0,0,0,0,0,0,0,0,0,0,0
S01008738,Gas central heating,725,102,623,654,47,607,54,38,16,17,17,0
S01008738,Electric (including storage heaters) central heating,8,2,6,7,1,6,1,1,0,0,0,0
S01008738,Oil central heating,2,0,2,2,0,2,0,0,0,0,0,0
S01008738,Solid fuel (for example wood coal) central heating,0,0,0,0,0,0,0,0,0,0,0,0
S01008738,Other central heating,0,0,0,0,0,0,0,0,0,0,0,0
S01008738,Two or more types of central heating,19,2,17,17,0,17,2,2,0,0,0,0
S01008739,All people in households,559,86,473,476,29,447,56,31,25,27,26,1
S01008739,No central heating,7,2,5,7,2,5,0,0,0,0,0,0
S01008739,Gas central heating,536,79,457,460,27,433,51,28,23,25,24,1
S01008739,Electric (including storage heaters) central heating,11,4,7,6,0,6,3,2,1,2,2,0
S01008739,Oil central heating,0,0,0,0,0,0,0,0,0,0,0,0
S01008739,Solid fuel (for example wood coal) central heating,0,0,0,0,0,0,0,0,0,0,0,0
S01008739,Other central heating,3,1,2,1,0,1,2,1,1,0,0,0
S01008739,Two or more types of central heating,2,0,2,2,0,2,0,0,0,0,0,0
S01008740,All people in households,553,79,474,489,34,455,49,30,19,15,15,0
S01008740,No central heating,14,1,13,13,0,13,0,0,0,1,1,0
S01008740,Gas central heating,494,67,427,438,28,410,43,26,17,13,13,0
S01008740,Electric (including storage heaters) central heating,26,8,18,21,4,17,4,3,1,1,1,0
S01008740,Oil central heating,0,0,0,0,0,0,0,0,0,0,0,0
S01008740,Solid fuel (for example wood coal) central heating,0,0,0,0,0,0,0,0,0,0,0,0
S01008740,Other central heating,0,0,0,0,0,0,0,0,0,0,0,0
S01008740,Two or more types of central heating,19,3,16,17,2,15,2,1,1,0,0,0
S01008741,All people in households,953,159,794,831,66,765,94,65,29,28,28,0
S01008741,No central heating,8,1,7,8,1,7,0,0,0,0,0,0
S01008741,Gas central heating,902,149,753,785,61,724,90,61,29,27,27,0
S01008741,Electric (including storage heaters) central heating,41,9,32,36,4,32,4,4,0,1,1,0
S01008741,Oil central heating,0,0,0,0,0,0,0,0,0,0,0,0
S01008741,Solid fuel (for example wood coal) central heating,0,0,0,0,0,0,0,0,0,0,0,0
S01008741,Other central heating,0,0,0,0,0,0,0,0,0,0,0,0
S01008741,Two or more types of central heating,2,0,2,2,0,2,0,0,0,0,0,0
S01008742,All people in households,484,144,340,369,52,317,87,65,22,28,27,1
S01008742,No central heating,15,5,10,11,1,10,2,2,0,2,2,0
S01008742,Gas central heating,266,89,177,201,33,168,46,37,9,19,19,0
S01008742,Electric (including storage heaters) central heating,189,41,148,150,16,134,33,20,13,6,5,1
S01008742,Oil central heating,0,0,0,0,0,0,0,0,0,0,0,0
S01008742,Solid fuel (for example wood coal) central heating,0,0,0,0,0,0,0,0,0,0,0,0
S01008742,Other central heating,0,0,0,0,0,0,0,0,0,0,0,0
S01008742,Two or more types of central heating,14,9,5,7,2,5,6,6,0,1,1,0
S01008743,All people in households,914,194,720,735,58,677,120,77,43,59,59,0
S01008743,No central heating,34,7,27,24,1,23,10,6,4,0,0,0
S01008743,Gas central heating,710,159,551,569,49,520,90,59,31,51,51,0
S01008743,Electric (including storage heaters) central heating,143,24,119,120,7,113,16,10,6,7,7,0
S01008743,Oil central heating,0,0,0,0,0,0,0,0,0,0,0,0
S01008743,Solid fuel (for example wood coal) central heating,0,0,0,0,0,0,0,0,0,0,0,0
S01008743,Other central heating,0,0,0,0,0,0,0,0,0,0,0,0
S01008743,Two or more types of central heating,27,4,23,22,1,21,4,2,2,1,1,0
S01008744,All people in households,1058,225,833,869,73,796,142,105,37,47,47,0
S01008744,No central heating,10,6,4,5,1,4,4,4,0,1,1,0
S01008744,Gas central heating,982,199,783,813,65,748,129,94,35,40,40,0
S01008744,Electric (including storage heaters) central heating,39,17,22,29,7,22,6,6,0,4,4,0
S01008744,Oil central heating,0,0,0,0,0,0,0,0,0,0,0,0
S01008744,Solid fuel (for example wood coal) central heating,3,0,3,2,0,2,1,0,1,0,0,0
S01008744,Other central heating,2,0,2,2,0,2,0,0,0,0,0,0
S01008744,Two or more types of central heating,22,3,19,18,0,18,2,1,1,2,2,0
S01008745,All people in households,466,65,401,415,27,388,41,28,13,10,10,0
S01008745,No central heating,12,3,9,7,0,7,5,3,2,0,0,0
S01008745,Gas central heating,333,46,287,300,21,279,24,16,8,9,9,0
S01008745,Electric (including storage heaters) central heating,106,15,91,94,6,88,11,8,3,1,1,0
S01008745,Oil central heating,0,0,0,0,0,0,0,0,0,0,0,0
S01008745,Solid fuel (for example wood coal) central heating,0,0,0,0,0,0,0,0,0,0,0,0
S01008745,Other central heating,0,0,0,0,0,0,0,0,0,0,0,0
S01008745,Two or more types of central heating,15,1,14,14,0,14,1,1,0,0,0,0
S01008746,All people in households,1062,240,822,848,68,780,133,93,40,81,79,2
S01008746,No central heating,49,10,39,40,4,36,9,6,3,0,0,0
S01008746,Gas central heating,877,196,681,700,55,645,105,71,34,72,70,2
S01008746,Electric (including storage heaters) central heating,108,26,82,87,7,80,14,12,2,7,7,0
S01008746,Oil central heating,0,0,0,0,0,0,0,0,0,0,0,0
S01008746,Solid fuel (for example wood coal) central heating,0,0,0,0,0,0,0,0,0,0,0,0
S01008746,Other central heating,2,0,2,2,0,2,0,0,0,0,0,0
S01008746,Two or more types of central heating,26,8,18,19,2,17,5,4,1,2,2,0
S01008747,All people in households,501,89,412,443,41,402,44,35,9,14,13,1
S01008747,No central heating,0,0,0,0,0,0,0,0,0,0,0,0
S01008747,Gas central heating,409,71,338,367,36,331,33,26,7,9,9,0
S01008747,Electric (including storage heaters) central heating,91,18,73,75,5,70,11,9,2,5,4,1
S01008747,Oil central heating,0,0,0,0,0,0,0,0,0,0,0,0
S01008747,Solid fuel (for example wood coal) central heating,0,0,0,0,0,0,0,0,0,0,0,0
S01008747,Other central heating,1,0,1,1,0,1,0,0,0,0,0,0
S01008747,Two or more types of central heating,0,0,0,0,0,0,0,0,0,0,0,0
S01008748,All people in households,667,113,554,576,48,528,70,44,26,21,21,0
S01008748,No central heating,7,1,6,7,1,6,0,0,0,0,0,0
S01008748,Gas central heating,635,103,532,550,44,506,65,39,26,20,20,0
S01008748,Electric (including storage heaters) central heating,21,9,12,15,3,12,5,5,0,1,1,0
S01008748,Oil central heating,0,0,0,0,0,0,0,0,0,0,0,0
S01008748,Solid fuel (for example wood coal) central heating,0,0,0,0,0,0,0,0,0,0,0,0
S01008748,Other central heating,0,0,0,0,0,0,0,0,0,0,0,0
S01008748,Two or more types of central heating,4,0,4,4,0,4,0,0,0,0,0,0
S01008749,All people in households,983,177,806,850,75,775,100,69,31,33,33,0
S01008749,No central heating,2,2,0,1,1,0,1,1,0,0,0,0
S01008749,Gas central heating,941,165,776,817,71,746,92,62,30,32,32,0
S01008749,Electric (including storage heaters) central heating,24,6,18,18,1,17,6,5,1,0,0,0
S01008749,Oil central heating,0,0,0,0,0,0,0,0,0,0,0,0
S01008749,Solid fuel (for example wood coal) central heating,5,0,5,5,0,5,0,0,0,0,0,0
S01008749,Other central heating,5,3,2,3,1,2,1,1,0,1,1,0
S01008749,Two or more types of central heating,6,1,5,6,1,5,0,0,0,0,0,0
S01008750,All people in households,703,143,560,603,58,545,69,54,15,31,31,0
S01008750,No central heating,5,1,4,3,0,3,1,0,1,1,1,0
S01008750,Gas central heating,674,132,542,581,53,528,65,51,14,28,28,0
S01008750,Electric (including storage heaters) central heating,12,5,7,10,3,7,0,0,0,2,2,0
S01008750,Oil central heating,0,0,0,0,0,0,0,0,0,0,0,0
S01008750,Solid fuel (for example wood coal) central heating,2,2,0,0,0,0,2,2,0,0,0,0
S01008750,Other central heating,0,0,0,0,0,0,0,0,0,0,0,0
S01008750,Two or more types of central heating,10,3,7,9,2,7,1,1,0,0,0,0
S01008751,All people in households,622,161,461,478,49,429,88,57,31,56,55,1
S01008751,No central heating,6,3,3,3,0,3,2,2,0,1,1,0
S01008751,Gas central heating,581,141,440,456,46,410,76,47,29,49,48,1
S01008751,Electric (including storage heaters) central heating,15,6,9,10,2,8,3,2,1,2,2,0
S01008751,Oil central heating,5,2,3,3,0,3,1,1,0,1,1,0
S01008751,Solid fuel (for example wood coal) central heating,1,1,0,0,0,0,1,1,0,0,0,0
S01008751,Other central heating,1,1,0,0,0,0,1,1,0,0,0,0
S01008751,Two or more types of central heating,13,7,6,6,1,5,4,3,1,3,3,0
S01008752,All people in households,787,245,542,573,66,507,130,98,32,84,81,3
S01008752,No central heating,13,2,11,10,0,10,3,2,1,0,0,0
S01008752,Gas central heating,699,211,488,516,61,455,110,79,31,73,71,2
S01008752,Electric (including storage heaters) central heating,54,26,28,31,4,27,14,14,0,9,8,1
S01008752,Oil central heating,0,0,0,0,0,0,0,0,0,0,0,0
S01008752,Solid fuel (for example wood coal) central heating,0,0,0,0,0,0,0,0,0,0,0,0
S01008752,Other central heating,1,1,0,0,0,0,0,0,0,1,1,0
S01008752,Two or more types of central heating,20,5,15,16,1,15,3,3,0,1,1,0
S01008753,All people in households,536,139,397,392,25,367,82,55,27,62,59,3
S01008753,No central heating,5,1,4,5,1,4,0,0,0,0,0,0
S01008753,Gas central heating,498,133,365,361,22,339,78,54,24,59,57,2
S01008753,Electric (including storage heaters) central heating,21,5,16,16,2,14,2,1,1,3,2,1
S01008753,Oil central heating,0,0,0,0,0,0,0,0,0,0,0,0
S01008753,Solid fuel (for example wood coal) central heating,0,0,0,0,0,0,0,0,0,0,0,0
S01008753,Other central heating,0,0,0,0,0,0,0,0,0,0,0,0
S01008753,Two or more types of central heating,12,0,12,10,0,10,2,0,2,0,0,0
S01008754,All people in households,590,116,474,479,28,451,75,53,22,36,35,1
S01008754,No central heating,12,3,9,9,0,9,1,1,0,2,2,0
S01008754,Gas central heating,449,100,349,353,23,330,65,47,18,31,30,1
S01008754,Electric (including storage heaters) central heating,117,11,106,107,4,103,7,4,3,3,3,0
S01008754,Oil central heating,0,0,0,0,0,0,0,0,0,0,0,0
S01008754,Solid fuel (for example wood coal) central heating,0,0,0,0,0,0,0,0,0,0,0,0
S01008754,Other central heating,0,0,0,0,0,0,0,0,0,0,0,0
S01008754,Two or more types of central heating,12,2,10,10,1,9,2,1,1,0,0,0
S01008755,All people in households,941,198,743,751,60,691,127,83,44,63,55,8
S01008755,No central heating,44,6,38,38,2,36,4,2,2,2,2,0
S01008755,Gas central heating,771,172,599,612,50,562,105,73,32,54,49,5
S01008755,Electric (including storage heaters) central heating,100,11,89,82,5,77,13,4,9,5,2,3
S01008755,Oil central heating,0,0,0,0,0,0,0,0,0,0,0,0
S01008755,Solid fuel (for example wood coal) central heating,0,0,0,0,0,0,0,0,0,0,0,0
S01008755,Other central heating,4,3,1,1,0,1,2,2,0,1,1,0
S01008755,Two or more types of central heating,22,6,16,18,3,15,3,2,1,1,1,0
S01008756,All people in households,708,190,518,522,51,471,122,76,46,64,63,1
S01008756,No central heating,16,6,10,10,2,8,5,3,2,1,1,0
S01008756,Gas central heating,604,153,451,449,40,409,101,60,41,54,53,1
S01008756,Electric (including storage heaters) central heating,59,16,43,46,4,42,9,8,1,4,4,0
S01008756,Oil central heating,0,0,0,0,0,0,0,0,0,0,0,0
S01008756,Solid fuel (for example wood coal) central heating,0,0,0,0,0,0,0,0,0,0,0,0
S01008756,Other central heating,2,0,2,2,0,2,0,0,0,0,0,0
S01008756,Two or more types of central heating,27,15,12,15,5,10,7,5,2,5,5,0
S01008757,All people in households,638,226,412,407,37,370,139,101,38,92,88,4
S01008757,No central heating,6,4,2,4,2,2,0,0,0,2,2,0
S01008757,Gas central heating,562,184,378,369,28,341,116,83,33,77,73,4
S01008757,Electric (including storage heaters) central heating,33,16,17,16,2,14,13,10,3,4,4,0
S01008757,Oil central heating,2,0,2,1,0,1,1,0,1,0,0,0
S01008757,Solid fuel (for example wood coal) central heating,0,0,0,0,0,0,0,0,0,0,0,0
S01008757,Other central heating,5,4,1,1,0,1,3,3,0,1,1,0
S01008757,Two or more types of central heating,30,18,12,16,5,11,6,5,1,8,8,0
S01008758,All people in households,823,229,594,625,54,571,108,87,21,90,88,2
S01008758,No central heating,3,1,2,2,0,2,0,0,0,1,1,0
S01008758,Gas central heating,733,211,522,551,48,503,95,78,17,87,85,2
S01008758,Electric (including storage heaters) central heating,63,12,51,53,4,49,9,7,2,1,1,0
S01008758,Oil central heating,0,0,0,0,0,0,0,0,0,0,0,0
S01008758,Solid fuel (for example wood coal) central heating,0,0,0,0,0,0,0,0,0,0,0,0
S01008758,Other central heating,3,0,3,3,0,3,0,0,0,0,0,0
S01008758,Two or more types of central heating,21,5,16,16,2,14,4,2,2,1,1,0
S01008759,All people in households,564,167,397,412,43,369,85,58,27,67,66,1
S01008759,No central heating,3,1,2,2,0,2,0,0,0,1,1,0
S01008759,Gas central heating,519,152,367,382,40,342,76,52,24,61,60,1
S01008759,Electric (including storage heaters) central heating,19,7,12,12,2,10,5,3,2,2,2,0
S01008759,Oil central heating,0,0,0,0,0,0,0,0,0,0,0,0
S01008759,Solid fuel (for example wood coal) central heating,0,0,0,0,0,0,0,0,0,0,0,0
S01008759,Other central heating,3,2,1,0,0,0,3,2,1,0,0,0
S01008759,Two or more types of central heating,20,5,15,16,1,15,1,1,0,3,3,0
S01008760,All people in households,941,270,671,692,75,617,166,115,51,83,80,3
S01008760,No central heating,20,8,12,11,0,11,6,6,0,3,2,1
S01008760,Gas central heating,668,181,487,514,59,455,101,70,31,53,52,1
S01008760,Electric (including storage heaters) central heating,223,72,151,147,15,132,52,34,18,24,23,1
S01008760,Oil central heating,0,0,0,0,0,0,0,0,0,0,0,0
S01008760,Solid fuel (for example wood coal) central heating,0,0,0,0,0,0,0,0,0,0,0,0
S01008760,Other central heating,0,0,0,0,0,0,0,0,0,0,0,0
S01008760,Two or more types of central heating,30,9,21,20,1,19,7,5,2,3,3,0
S01008761,All people in households,690,67,623,625,21,604,51,33,18,14,13,1
S01008761,No central heating,0,0,0,0,0,0,0,0,0,0,0,0
S01008761,Gas central heating,652,62,590,594,21,573,45,29,16,13,12,1
S01008761,Electric (including storage heaters) central heating,13,1,12,12,0,12,1,1,0,0,0,0
S01008761,Oil central heating,0,0,0,0,0,0,0,0,0,0,0,0
S01008761,Solid fuel (for example wood coal) central heating,0,0,0,0,0,0,0,0,0,0,0,0
S01008761,Other central heating,2,0,2,2,0,2,0,0,0,0,0,0
S01008761,Two or more types of central heating,23,4,19,17,0,17,5,3,2,1,1,0
S01008762,All people in households,608,111,497,508,37,471,70,44,26,30,30,0
S01008762,No central heating,31,5,26,23,0,23,4,1,3,4,4,0
S01008762,Gas central heating,490,95,395,410,31,379,57,41,16,23,23,0
S01008762,Electric (including storage heaters) central heating,79,10,69,68,6,62,9,2,7,2,2,0
S01008762,Oil central heating,0,0,0,0,0,0,0,0,0,0,0,0
S01008762,Solid fuel (for example wood coal) central heating,0,0,0,0,0,0,0,0,0,0,0,0
S01008762,Other central heating,0,0,0,0,0,0,0,0,0,0,0,0
S01008762,Two or more types of central heating,8,1,7,7,0,7,0,0,0,1,1,0
S01008763,All people in households,925,101,824,835,40,795,67,39,28,23,22,1
S01008763,No central heating,32,4,28,25,2,23,6,1,5,1,1,0
S01008763,Gas central heating,848,91,757,769,36,733,58,35,23,21,20,1
S01008763,Electric (including storage heaters) central heating,23,5,18,20,2,18,2,2,0,1,1,0
S01008763,Oil central heating,0,0,0,0,0,0,0,0,0,0,0,0
S01008763,Solid fuel (for example wood coal) central heating,0,0,0,0,0,0,0,0,0,0,0,0
S01008763,Other central heating,8,0,8,8,0,8,0,0,0,0,0,0
S01008763,Two or more types of central heating,14,1,13,13,0,13,1,1,0,0,0,0
S01008764,All people in households,714,108,606,622,40,582,67,43,24,25,25,0
S01008764,No central heating,7,3,4,5,2,3,2,1,1,0,0,0
S01008764,Gas central heating,661,96,565,581,38,543,59,37,22,21,21,0
S01008764,Electric (including storage heaters) central heating,26,5,21,21,0,21,1,1,0,4,4,0
S01008764,Oil central heating,0,0,0,0,0,0,0,0,0,0,0,0
S01008764,Solid fuel (for example wood coal) central heating,0,0,0,0,0,0,0,0,0,0,0,0
S01008764,Other central heating,2,0,2,2,0,2,0,0,0,0,0,0
S01008764,Two or more types of central heating,18,4,14,13,0,13,5,4,1,0,0,0
S01008765,All people in households,850,113,737,764,46,718,62,43,19,24,24,0
S01008765,No central heating,37,8,29,29,3,26,4,1,3,4,4,0
S01008765,Gas central heating,747,90,657,682,39,643,47,33,14,18,18,0
S01008765,Electric (including storage heaters) central heating,57,14,43,45,4,41,10,8,2,2,2,0
S01008765,Oil central heating,2,0,2,2,0,2,0,0,0,0,0,0
S01008765,Solid fuel (for example wood coal) central heating,0,0,0,0,0,0,0,0,0,0,0,0
S01008765,Other central heating,0,0,0,0,0,0,0,0,0,0,0,0
S01008765,Two or more types of central heating,7,1,6,6,0,6,1,1,0,0,0,0
S01008766,All people in households,1013,141,872,916,66,850,71,50,21,26,25,1
S01008766,No central heating,17,2,15,14,0,14,3,2,1,0,0,0
S01008766,Gas central heating,940,127,813,855,62,793,62,43,19,23,22,1
S01008766,Electric (including storage heaters) central heating,36,8,28,31,3,28,4,4,0,1,1,0
S01008766,Oil central heating,1,1,0,1,1,0,0,0,0,0,0,0
S01008766,Solid fuel (for example wood coal) central heating,0,0,0,0,0,0,0,0,0,0,0,0
S01008766,Other central heating,0,0,0,0,0,0,0,0,0,0,0,0
S01008766,Two or more types of central heating,19,3,16,15,0,15,2,1,1,2,2,0
S01008767,All people in households,542,100,442,464,45,419,54,33,21,24,22,2
S01008767,No central heating,15,4,11,10,0,10,4,3,1,1,1,0
S01008767,Gas central heating,476,85,391,411,42,369,47,27,20,18,16,2
S01008767,Electric (including storage heaters) central heating,45,9,36,39,3,36,1,1,0,5,5,0
S01008767,Oil central heating,0,0,0,0,0,0,0,0,0,0,0,0
S01008767,Solid fuel (for example wood coal) central heating,0,0,0,0,0,0,0,0,0,0,0,0
S01008767,Other central heating,0,0,0,0,0,0,0,0,0,0,0,0
S01008767,Two or more types of central heating,6,2,4,4,0,4,2,2,0,0,0,0
S01008768,All people in households,490,93,397,407,35,372,63,40,23,20,18,2
S01008768,No central heating,19,2,17,14,0,14,5,2,3,0,0,0
S01008768,Gas central heating,424,83,341,354,32,322,53,35,18,17,16,1
S01008768,Electric (including storage heaters) central heating,30,5,25,24,1,23,3,2,1,3,2,1
S01008768,Oil central heating,0,0,0,0,0,0,0,0,0,0,0,0
S01008768,Solid fuel (for example wood coal) central heating,0,0,0,0,0,0,0,0,0,0,0,0
S01008768,Other central heating,0,0,0,0,0,0,0,0,0,0,0,0
S01008768,Two or more types of central heating,17,3,14,15,2,13,2,1,1,0,0,0
S01008769,All people in households,666,46,620,631,27,604,29,13,16,6,6,0
S01008769,No central heating,6,0,6,6,0,6,0,0,0,0,0,0
S01008769,Gas central heating,474,37,437,447,21,426,22,11,11,5,5,0
S01008769,Electric (including storage heaters) central heating,176,9,167,168,6,162,7,2,5,1,1,0
S01008769,Oil central heating,0,0,0,0,0,0,0,0,0,0,0,0
S01008769,Solid fuel (for example wood coal) central heating,0,0,0,0,0,0,0,0,0,0,0,0
S01008769,Other central heating,1,0,1,1,0,1,0,0,0,0,0,0
S01008769,Two or more types of central heating,9,0,9,9,0,9,0,0,0,0,0,0
S01008770,All people in households,855,58,797,806,34,772,41,16,25,8,8,0
S01008770,No central heating,15,2,13,15,2,13,0,0,0,0,0,0
S01008770,Gas central heating,501,32,469,471,19,452,25,8,17,5,5,0
S01008770,Electric (including storage heaters) central heating,313,23,290,295,13,282,16,8,8,2,2,0
S01008770,Oil central heating,0,0,0,0,0,0,0,0,0,0,0,0
S01008770,Solid fuel (for example wood coal) central heating,0,0,0,0,0,0,0,0,0,0,0,0
S01008770,Other central heating,2,1,1,1,0,1,0,0,0,1,1,0
S01008770,Two or more types of central heating,24,0,24,24,0,24,0,0,0,0,0,0
S01008771,All people in households,778,90,688,664,21,643,85,44,41,29,25,4
S01008771,No central heating,4,2,2,2,0,2,1,1,0,1,1,0
S01008771,Gas central heating,685,69,616,593,18,575,75,36,39,17,15,2
S01008771,Electric (including storage heaters) central heating,26,7,19,20,2,18,2,2,0,4,3,1
S01008771,Oil central heating,0,0,0,0,0,0,0,0,0,0,0,0
S01008771,Solid fuel (for example wood coal) central heating,5,2,3,1,0,1,3,1,2,1,1,0
S01008771,Other central heating,25,7,18,19,1,18,3,3,0,3,3,0
S01008771,Two or more types of central heating,33,3,30,29,0,29,1,1,0,3,2,1
S01008772,All people in households,767,128,639,666,47,619,69,50,19,32,31,1
S01008772,No central heating,34,9,25,28,3,25,3,3,0,3,3,0
S01008772,Gas central heating,677,106,571,594,39,555,57,42,15,26,25,1
S01008772,Electric (including storage heaters) central heating,41,8,33,32,3,29,8,4,4,1,1,0
S01008772,Oil central heating,2,0,2,2,0,2,0,0,0,0,0,0
S01008772,Solid fuel (for example wood coal) central heating,0,0,0,0,0,0,0,0,0,0,0,0
S01008772,Other central heating,0,0,0,0,0,0,0,0,0,0,0,0
S01008772,Two or more types of central heating,13,5,8,10,2,8,1,1,0,2,2,0
S01008773,All people in households,1019,184,835,846,60,786,107,62,45,66,62,4
S01008773,No central heating,74,14,60,58,4,54,9,3,6,7,7,0
S01008773,Gas central heating,818,134,684,693,45,648,78,46,32,47,43,4
S01008773,Electric (including storage heaters) central heating,93,24,69,75,9,66,9,6,3,9,9,0
S01008773,Oil central heating,0,0,0,0,0,0,0,0,0,0,0,0
S01008773,Solid fuel (for example wood coal) central heating,2,1,1,1,0,1,1,1,0,0,0,0
S01008773,Other central heating,3,2,1,1,0,1,1,1,0,1,1,0
S01008773,Two or more types of central heating,29,9,20,18,2,16,9,5,4,2,2,0
S01008774,All people in households,897,162,735,740,40,700,105,71,34,52,51,1
S01008774,No central heating,49,9,40,42,3,39,5,4,1,2,2,0
S01008774,Gas central heating,692,124,568,569,29,540,81,54,27,42,41,1
S01008774,Electric (including storage heaters) central heating,103,24,79,82,6,76,15,12,3,6,6,0
S01008774,Oil central heating,0,0,0,0,0,0,0,0,0,0,0,0
S01008774,Solid fuel (for example wood coal) central heating,0,0,0,0,0,0,0,0,0,0,0,0
S01008774,Other central heating,3,1,2,2,0,2,1,1,0,0,0,0
S01008774,Two or more types of central heating,50,4,46,45,2,43,3,0,3,2,2,0
S01008775,All people in households,471,66,405,408,24,384,52,31,21,11,11,0
S01008775,No central heating,22,8,14,14,2,12,8,6,2,0,0,0
S01008775,Gas central heating,401,51,350,352,19,333,39,22,17,10,10,0
S01008775,Electric (including storage heaters) central heating,28,5,23,24,3,21,3,1,2,1,1,0
S01008775,Oil central heating,0,0,0,0,0,0,0,0,0,0,0,0
S01008775,Solid fuel (for example wood coal) central heating,0,0,0,0,0,0,0,0,0,0,0,0
S01008775,Other central heating,0,0,0,0,0,0,0,0,0,0,0,0
S01008775,Two or more types of central heating,20,2,18,18,0,18,2,2,0,0,0,0
S01008776,All people in households,799,168,631,639,42,597,99,65,34,61,61,0
S01008776,No central heating,76,14,62,66,6,60,7,5,2,3,3,0
S01008776,Gas central heating,619,121,498,498,29,469,78,49,29,43,43,0
S01008776,Electric (including storage heaters) central heating,82,26,56,58,3,55,11,10,1,13,13,0
S01008776,Oil central heating,0,0,0,0,0,0,0,0,0,0,0,0
S01008776,Solid fuel (for example wood coal) central heating,0,0,0,0,0,0,0,0,0,0,0,0
S01008776,Other central heating,5,2,3,3,1,2,1,0,1,1,1,0
S01008776,Two or more types of central heating,17,5,12,14,3,11,2,1,1,1,1,0
S01008777,All people in households,991,311,680,697,81,616,182,127,55,112,103,9
S01008777,No central heating,77,16,61,61,5,56,11,8,3,5,3,2
S01008777,Gas central heating,579,163,416,426,42,384,96,66,30,57,55,2
S01008777,Electric (including storage heaters) central heating,320,125,195,198,28,170,73,53,20,49,44,5
S01008777,Oil central heating,0,0,0,0,0,0,0,0,0,0,0,0
S01008777,Solid fuel (for example wood coal) central heating,0,0,0,0,0,0,0,0,0,0,0,0
S01008777,Other central heating,2,0,2,2,0,2,0,0,0,0,0,0
S01008777,Two or more types of central heating,13,7,6,10,6,4,2,0,2,1,1,0
S01008778,All people in households,1086,118,968,966,42,924,84,41,43,36,35,1
S01008778,No central heating,52,9,43,46,4,42,3,2,1,3,3,0
S01008778,Gas central heating,664,64,600,602,23,579,45,25,20,17,16,1
S01008778,Electric (including storage heaters) central heating,340,42,298,294,15,279,31,12,19,15,15,0
S01008778,Oil central heating,0,0,0,0,0,0,0,0,0,0,0,0
S01008778,Solid fuel (for example wood coal) central heating,0,0,0,0,0,0,0,0,0,0,0,0
S01008778,Other central heating,1,0,1,0,0,0,1,0,1,0,0,0
S01008778,Two or more types of central heating,29,3,26,24,0,24,4,2,2,1,1,0
S01008779,All people in households,718,55,663,671,23,648,38,23,15,9,9,0
S01008779,No central heating,8,2,6,7,1,6,0,0,0,1,1,0
S01008779,Gas central heating,590,43,547,554,20,534,30,17,13,6,6,0
S01008779,Electric (including storage heaters) central heating,102,9,93,94,2,92,6,5,1,2,2,0
S01008779,Oil central heating,0,0,0,0,0,0,0,0,0,0,0,0
S01008779,Solid fuel (for example wood coal) central heating,0,0,0,0,0,0,0,0,0,0,0,0
S01008779,Other central heating,0,0,0,0,0,0,0,0,0,0,0,0
S01008779,Two or more types of central heating,18,1,17,16,0,16,2,1,1,0,0,0
S01008780,All people in households,583,65,518,515,22,493,47,23,24,21,20,1
S01008780,No central heating,15,4,11,13,3,10,1,0,1,1,1,0
S01008780,Gas central heating,251,23,228,229,10,219,15,7,8,7,6,1
S01008780,Electric (including storage heaters) central heating,292,38,254,248,9,239,31,16,15,13,13,0
S01008780,Oil central heating,0,0,0,0,0,0,0,0,0,0,0,0
S01008780,Solid fuel (for example wood coal) central heating,0,0,0,0,0,0,0,0,0,0,0,0
S01008780,Other central heating,2,0,2,2,0,2,0,0,0,0,0,0
S01008780,Two or more types of central heating,23,0,23,23,0,23,0,0,0,0,0,0
S01008781,All people in households,891,126,765,754,36,718,94,47,47,43,43,0
S01008781,No central heating,38,7,31,28,2,26,6,1,5,4,4,0
S01008781,Gas central heating,692,90,602,598,24,574,65,37,28,29,29,0
S01008781,Electric (including storage heaters) central heating,122,17,105,103,9,94,17,6,11,2,2,0
S01008781,Oil central heating,0,0,0,0,0,0,0,0,0,0,0,0
S01008781,Solid fuel (for example wood coal) central heating,0,0,0,0,0,0,0,0,0,0,0,0
S01008781,Other central heating,0,0,0,0,0,0,0,0,0,0,0,0
S01008781,Two or more types of central heating,39,12,27,25,1,24,6,3,3,8,8,0
S01008782,All people in households,749,98,651,670,45,625,55,32,23,24,21,3
S01008782,No central heating,25,5,20,18,0,18,5,4,1,2,1,1
S01008782,Gas central heating,461,75,386,408,37,371,36,22,14,17,16,1
S01008782,Electric (including storage heaters) central heating,247,18,229,231,8,223,12,6,6,4,4,0
S01008782,Oil central heating,0,0,0,0,0,0,0,0,0,0,0,0
S01008782,Solid fuel (for example wood coal) central heating,0,0,0,0,0,0,0,0,0,0,0,0
S01008782,Other central heating,0,0,0,0,0,0,0,0,0,0,0,0
S01008782,Two or more types of central heating,16,0,16,13,0,13,2,0,2,1,0,1
S01008783,All people in households,417,40,377,373,14,359,37,19,18,7,7,0
S01008783,No central heating,30,5,25,28,4,24,2,1,1,0,0,0
S01008783,Gas central heating,237,15,222,221,6,215,13,6,7,3,3,0
S01008783,Electric (including storage heaters) central heating,141,20,121,116,4,112,21,12,9,4,4,0
S01008783,Oil central heating,0,0,0,0,0,0,0,0,0,0,0,0
S01008783,Solid fuel (for example wood coal) central heating,0,0,0,0,0,0,0,0,0,0,0,0
S01008783,Other central heating,0,0,0,0,0,0,0,0,0,0,0,0
S01008783,Two or more types of central heating,9,0,9,8,0,8,1,0,1,0,0,0
S01008784,All people in households,442,38,404,394,14,380,40,16,24,8,8,0
S01008784,No central heating,19,1,18,18,0,18,0,0,0,1,1,0
S01008784,Gas central heating,160,13,147,140,3,137,17,7,10,3,3,0
S01008784,Electric (including storage heaters) central heating,259,24,235,232,11,221,23,9,14,4,4,0
S01008784,Oil central heating,0,0,0,0,0,0,0,0,0,0,0,0
S01008784,Solid fuel (for example wood coal) central heating,0,0,0,0,0,0,0,0,0,0,0,0
S01008784,Other central heating,3,0,3,3,0,3,0,0,0,0,0,0
S01008784,Two or more types of central heating,1,0,1,1,0,1,0,0,0,0,0,0
S01008785,All people in households,867,195,672,679,59,620,135,85,50,53,51,2
S01008785,No central heating,39,9,30,30,3,27,6,3,3,3,3,0
S01008785,Gas central heating,525,143,382,387,36,351,99,69,30,39,38,1
S01008785,Electric (including storage heaters) central heating,235,33,202,202,16,186,26,10,16,7,7,0
S01008785,Oil central heating,0,0,0,0,0,0,0,0,0,0,0,0
S01008785,Solid fuel (for example wood coal) central heating,0,0,0,0,0,0,0,0,0,0,0,0
S01008785,Other central heating,18,1,17,16,0,16,2,1,1,0,0,0
S01008785,Two or more types of central heating,50,9,41,44,4,40,2,2,0,4,3,1
S01008786,All people in households,894,101,793,784,25,759,85,57,28,25,19,6
S01008786,No central heating,122,20,102,102,4,98,15,12,3,5,4,1
S01008786,Gas central heating,463,57,406,403,12,391,47,33,14,13,12,1
S01008786,Electric (including storage heaters) central heating,280,20,260,255,8,247,21,10,11,4,2,2
S01008786,Oil central heating,0,0,0,0,0,0,0,0,0,0,0,0
S01008786,Solid fuel (for example wood coal) central heating,0,0,0,0,0,0,0,0,0,0,0,0
S01008786,Other central heating,6,1,5,4,0,4,0,0,0,2,1,1
S01008786,Two or more types of central heating,23,3,20,20,1,19,2,2,0,1,0,1
S01008787,All people in households,374,72,302,303,20,283,51,32,19,20,20,0
S01008787,No central heating,25,5,20,21,2,19,3,2,1,1,1,0
S01008787,Gas central heating,31,8,23,27,4,23,2,2,0,2,2,0
S01008787,Electric (including storage heaters) central heating,314,58,256,252,14,238,45,27,18,17,17,0
S01008787,Oil central heating,0,0,0,0,0,0,0,0,0,0,0,0
S01008787,Solid fuel (for example wood coal) central heating,0,0,0,0,0,0,0,0,0,0,0,0
S01008787,Other central heating,0,0,0,0,0,0,0,0,0,0,0,0
S01008787,Two or more types of central heating,4,1,3,3,0,3,1,1,0,0,0,0
S01008788,All people in households,690,71,619,622,25,597,48,27,21,20,19,1
S01008788,No central heating,51,4,47,46,1,45,4,2,2,1,1,0
S01008788,Gas central heating,454,32,422,423,12,411,22,12,10,9,8,1
S01008788,Electric (including storage heaters) central heating,152,31,121,125,10,115,17,11,6,10,10,0
S01008788,Oil central heating,3,0,3,3,0,3,0,0,0,0,0,0
S01008788,Solid fuel (for example wood coal) central heating,0,0,0,0,0,0,0,0,0,0,0,0
S01008788,Other central heating,1,0,1,1,0,1,0,0,0,0,0,0
S01008788,Two or more types of central heating,29,4,25,24,2,22,5,2,3,0,0,0
S01008789,All people in households,654,203,451,491,61,430,111,91,20,52,51,1
S01008789,No central heating,34,5,29,29,1,28,3,2,1,2,2,0
S01008789,Gas central heating,554,181,373,409,52,357,100,84,16,45,45,0
S01008789,Electric (including storage heaters) central heating,52,11,41,45,6,39,6,4,2,1,1,0
S01008789,Oil central heating,1,1,0,1,1,0,0,0,0,0,0,0
S01008789,Solid fuel (for example wood coal) central heating,0,0,0,0,0,0,0,0,0,0,0,0
S01008789,Other central heating,4,2,2,3,1,2,0,0,0,1,1,0
S01008789,Two or more types of central heating,9,3,6,4,0,4,2,1,1,3,2,1
S01008790,All people in households,624,100,524,533,37,496,56,32,24,35,31,4
S01008790,No central heating,35,6,29,30,3,27,4,2,2,1,1,0
S01008790,Gas central heating,467,62,405,406,19,387,36,22,14,25,21,4
S01008790,Electric (including storage heaters) central heating,92,22,70,72,8,64,14,8,6,6,6,0
S01008790,Oil central heating,1,0,1,1,0,1,0,0,0,0,0,0
S01008790,Solid fuel (for example wood coal) central heating,0,0,0,0,0,0,0,0,0,0,0,0
S01008790,Other central heating,1,1,0,0,0,0,0,0,0,1,1,0
S01008790,Two or more types of central heating,28,9,19,24,7,17,2,0,2,2,2,0
S01008791,All people in households,877,88,789,785,28,757,69,38,31,23,22,1
S01008791,No central heating,39,3,36,35,1,34,2,0,2,2,2,0
S01008791,Gas central heating,718,70,648,646,23,623,53,29,24,19,18,1
S01008791,Electric (including storage heaters) central heating,88,11,77,74,2,72,12,7,5,2,2,0
S01008791,Oil central heating,0,0,0,0,0,0,0,0,0,0,0,0
S01008791,Solid fuel (for example wood coal) central heating,0,0,0,0,0,0,0,0,0,0,0,0
S01008791,Other central heating,0,0,0,0,0,0,0,0,0,0,0,0
S01008791,Two or more types of central heating,32,4,28,30,2,28,2,2,0,0,0,0
S01008792,All people in households,774,127,647,652,33,619,85,58,27,37,36,1
S01008792,No central heating,50,11,39,39,5,34,9,4,5,2,2,0
S01008792,Gas central heating,660,100,560,564,25,539,70,49,21,26,26,0
S01008792,Electric (including storage heaters) central heating,45,12,33,34,2,32,6,5,1,5,5,0
S01008792,Oil central heating,2,0,2,2,0,2,0,0,0,0,0,0
S01008792,Solid fuel (for example wood coal) central heating,0,0,0,0,0,0,0,0,0,0,0,0
S01008792,Other central heating,4,1,3,4,1,3,0,0,0,0,0,0
S01008792,Two or more types of central heating,13,3,10,9,0,9,0,0,0,4,3,1
S01008793,All people in households,427,100,327,336,35,301,56,34,22,35,31,4
S01008793,No central heating,39,9,30,33,5,28,3,2,1,3,2,1
S01008793,Gas central heating,268,54,214,216,16,200,34,20,14,18,18,0
S01008793,Electric (including storage heaters) central heating,102,35,67,71,12,59,17,12,5,14,11,3
S01008793,Oil central heating,0,0,0,0,0,0,0,0,0,0,0,0
S01008793,Solid fuel (for example wood coal) central heating,0,0,0,0,0,0,0,0,0,0,0,0
S01008793,Other central heating,4,0,4,2,0,2,2,0,2,0,0,0
S01008793,Two or more types of central heating,14,2,12,14,2,12,0,0,0,0,0,0
S01008794,All people in households,857,240,617,643,65,578,146,107,39,68,68,0
S01008794,No central heating,28,7,21,25,4,21,2,2,0,1,1,0
S01008794,Gas central heating,515,137,378,396,37,359,77,58,19,42,42,0
S01008794,Electric (including storage heaters) central heating,293,87,206,207,21,186,62,42,20,24,24,0
S01008794,Oil central heating,2,1,1,1,0,1,0,0,0,1,1,0
S01008794,Solid fuel (for example wood coal) central heating,0,0,0,0,0,0,0,0,0,0,0,0
S01008794,Other central heating,7,5,2,2,0,2,5,5,0,0,0,0
S01008794,Two or more types of central heating,12,3,9,12,3,9,0,0,0,0,0,0
S01008795,All people in households,1122,137,985,1003,52,951,84,53,31,35,32,3
S01008795,No central heating,116,22,94,100,8,92,10,8,2,6,6,0
S01008795,Gas central heating,867,97,770,782,40,742,57,32,25,28,25,3
S01008795,Electric (including storage heaters) central heating,92,13,79,80,4,76,11,8,3,1,1,0
S01008795,Oil central heating,0,0,0,0,0,0,0,0,0,0,0,0
S01008795,Solid fuel (for example wood coal) central heating,1,1,0,0,0,0,1,1,0,0,0,0
S01008795,Other central heating,0,0,0,0,0,0,0,0,0,0,0,0
S01008795,Two or more types of central heating,46,4,42,41,0,41,5,4,1,0,0,0
S01008796,All people in households,1117,207,910,902,54,848,148,89,59,67,64,3
S01008796,No central heating,121,24,97,90,5,85,24,12,12,7,7,0
S01008796,Gas central heating,689,114,575,576,34,542,73,43,30,40,37,3
S01008796,Electric (including storage heaters) central heating,277,63,214,212,14,198,48,32,16,17,17,0
S01008796,Oil central heating,0,0,0,0,0,0,0,0,0,0,0,0
S01008796,Solid fuel (for example wood coal) central heating,0,0,0,0,0,0,0,0,0,0,0,0
S01008796,Other central heating,2,1,1,1,0,1,1,1,0,0,0,0
S01008796,Two or more types of central heating,28,5,23,23,1,22,2,1,1,3,3,0
S01008797,All people in households,947,147,800,796,43,753,101,58,43,50,46,4
S01008797,No central heating,115,16,99,99,6,93,12,8,4,4,2,2
S01008797,Gas central heating,649,86,563,562,27,535,57,30,27,30,29,1
S01008797,Electric (including storage heaters) central heating,161,41,120,119,10,109,27,17,10,15,14,1
S01008797,Oil central heating,0,0,0,0,0,0,0,0,0,0,0,0
S01008797,Solid fuel (for example wood coal) central heating,0,0,0,0,0,0,0,0,0,0,0,0
S01008797,Other central heating,3,0,3,3,0,3,0,0,0,0,0,0
S01008797,Two or more types of central heating,19,4,15,13,0,13,5,3,2,1,1,0
S01008798,All people in households,783,138,645,648,47,601,95,53,42,40,38,2
S01008798,No central heating,71,16,55,61,8,53,8,6,2,2,2,0
S01008798,Gas central heating,594,99,495,493,32,461,70,38,32,31,29,2
S01008798,Electric (including storage heaters) central heating,97,14,83,82,4,78,12,7,5,3,3,0
S01008798,Oil central heating,0,0,0,0,0,0,0,0,0,0,0,0
S01008798,Solid fuel (for example wood coal) central heating,0,0,0,0,0,0,0,0,0,0,0,0
S01008798,Other central heating,2,2,0,1,1,0,0,0,0,1,1,0
S01008798,Two or more types of central heating,19,7,12,11,2,9,5,2,3,3,3,0
S01008799,All people in households,665,75,590,594,19,575,45,30,15,26,26,0
S01008799,No central heating,2,1,1,1,0,1,0,0,0,1,1,0
S01008799,Gas central heating,616,67,549,553,18,535,43,29,14,20,20,0
S01008799,Electric (including storage heaters) central heating,19,4,15,15,0,15,0,0,0,4,4,0
S01008799,Oil central heating,0,0,0,0,0,0,0,0,0,0,0,0
S01008799,Solid fuel (for example wood coal) central heating,0,0,0,0,0,0,0,0,0,0,0,0
S01008799,Other central heating,5,0,5,5,0,5,0,0,0,0,0,0
S01008799,Two or more types of central heating,23,3,20,20,1,19,2,1,1,1,1,0
S01008800,All people in households,1035,113,922,947,45,902,60,43,17,28,25,3
S01008800,No central heating,157,28,129,131,7,124,15,11,4,11,10,1
S01008800,Gas central heating,752,63,689,706,30,676,34,23,11,12,10,2
S01008800,Electric (including storage heaters) central heating,99,18,81,86,7,79,9,7,2,4,4,0
S01008800,Oil central heating,0,0,0,0,0,0,0,0,0,0,0,0
S01008800,Solid fuel (for example wood coal) central heating,0,0,0,0,0,0,0,0,0,0,0,0
S01008800,Other central heating,5,2,3,3,0,3,2,2,0,0,0,0
S01008800,Two or more types of central heating,22,2,20,21,1,20,0,0,0,1,1,0
S01008801,All people in households,936,111,825,806,37,769,99,44,55,31,30,1
S01008801,No central heating,102,12,90,85,1,84,10,4,6,7,7,0
S01008801,Gas central heating,625,73,552,546,23,523,62,33,29,17,17,0
S01008801,Electric (including storage heaters) central heating,192,24,168,161,13,148,25,6,19,6,5,1
S01008801,Oil central heating,0,0,0,0,0,0,0,0,0,0,0,0
S01008801,Solid fuel (for example wood coal) central heating,2,0,2,2,0,2,0,0,0,0,0,0
S01008801,Other central heating,1,1,0,0,0,0,0,0,0,1,1,0
S01008801,Two or more types of central heating,14,1,13,12,0,12,2,1,1,0,0,0
S01008802,All people in households,958,131,827,825,50,775,95,44,51,38,37,1
S01008802,No central heating,134,15,119,117,6,111,14,6,8,3,3,0
S01008802,Gas central heating,607,97,510,514,35,479,63,32,31,30,30,0
S01008802,Electric (including storage heaters) central heating,182,17,165,162,9,153,16,5,11,4,3,1
S01008802,Oil central heating,2,0,2,2,0,2,0,0,0,0,0,0
S01008802,Solid fuel (for example wood coal) central heating,0,0,0,0,0,0,0,0,0,0,0,0
S01008802,Other central heating,4,1,3,3,0,3,1,1,0,0,0,0
S01008802,Two or more types of central heating,29,1,28,27,0,27,1,0,1,1,1,0
S01008803,All people in households,952,157,795,795,44,751,102,60,42,55,53,2
S01008803,No central heating,89,26,63,66,7,59,11,8,3,12,11,1
S01008803,Gas central heating,748,111,637,637,33,604,75,43,32,36,35,1
S01008803,Electric (including storage heaters) central heating,74,13,61,61,4,57,7,3,4,6,6,0
S01008803,Oil central heating,0,0,0,0,0,0,0,0,0,0,0,0
S01008803,Solid fuel (for example wood coal) central heating,1,0,1,1,0,1,0,0,0,0,0,0
S01008803,Other central heating,0,0,0,0,0,0,0,0,0,0,0,0
S01008803,Two or more types of central heating,40,7,33,30,0,30,9,6,3,1,1,0
S01008804,All people in households,535,82,453,447,24,423,58,31,27,30,27,3
S01008804,No central heating,83,16,67,62,3,59,17,9,8,4,4,0
S01008804,Gas central heating,339,55,284,281,15,266,36,21,15,22,19,3
S01008804,Electric (including storage heaters) central heating,94,8,86,88,5,83,4,1,3,2,2,0
S01008804,Oil central heating,0,0,0,0,0,0,0,0,0,0,0,0
S01008804,Solid fuel (for example wood coal) central heating,2,0,2,2,0,2,0,0,0,0,0,0
S01008804,Other central heating,3,2,1,2,1,1,0,0,0,1,1,0
S01008804,Two or more types of central heating,14,1,13,12,0,12,1,0,1,1,1,0
S01008805,All people in households,623,62,561,561,25,536,50,26,24,12,11,1
S01008805,No central heating,73,13,60,57,4,53,13,6,7,3,3,0
S01008805,Gas central heating,376,24,352,347,11,336,24,9,15,5,4,1
S01008805,Electric (including storage heaters) central heating,143,23,120,127,9,118,12,10,2,4,4,0
S01008805,Oil central heating,0,0,0,0,0,0,0,0,0,0,0,0
S01008805,Solid fuel (for example wood coal) central heating,0,0,0,0,0,0,0,0,0,0,0,0
S01008805,Other central heating,2,0,2,2,0,2,0,0,0,0,0,0
S01008805,Two or more types of central heating,29,2,27,28,1,27,1,1,0,0,0,0
S01008806,All people in households,1019,107,912,928,40,888,70,47,23,21,20,1
S01008806,No central heating,66,10,56,61,7,54,5,3,2,0,0,0
S01008806,Gas central heating,711,58,653,662,22,640,39,26,13,10,10,0
S01008806,Electric (including storage heaters) central heating,210,36,174,174,9,165,25,17,8,11,10,1
S01008806,Oil central heating,0,0,0,0,0,0,0,0,0,0,0,0
S01008806,Solid fuel (for example wood coal) central heating,0,0,0,0,0,0,0,0,0,0,0,0
S01008806,Other central heating,4,1,3,3,0,3,1,1,0,0,0,0
S01008806,Two or more types of central heating,28,2,26,28,2,26,0,0,0,0,0,0
S01008807,All people in households,792,126,666,673,34,639,80,54,26,39,38,1
S01008807,No central heating,84,14,70,71,3,68,8,7,1,5,4,1
S01008807,Gas central heating,564,89,475,478,24,454,59,38,21,27,27,0
S01008807,Electric (including storage heaters) central heating,127,19,108,110,6,104,10,6,4,7,7,0
S01008807,Oil central heating,0,0,0,0,0,0,0,0,0,0,0,0
S01008807,Solid fuel (for example wood coal) central heating,0,0,0,0,0,0,0,0,0,0,0,0
S01008807,Other central heating,2,0,2,2,0,2,0,0,0,0,0,0
S01008807,Two or more types of central heating,15,4,11,12,1,11,3,3,0,0,0,0
S01008808,All people in households,663,101,562,571,31,540,61,41,20,31,29,2
S01008808,No central heating,40,8,32,33,3,30,5,3,2,2,2,0
S01008808,Gas central heating,506,45,461,461,15,446,33,20,13,12,10,2
S01008808,Electric (including storage heaters) central heating,105,47,58,67,13,54,21,17,4,17,17,0
S01008808,Oil central heating,0,0,0,0,0,0,0,0,0,0,0,0
S01008808,Solid fuel (for example wood coal) central heating,0,0,0,0,0,0,0,0,0,0,0,0
S01008808,Other central heating,0,0,0,0,0,0,0,0,0,0,0,0
S01008808,Two or more types of central heating,12,1,11,10,0,10,2,1,1,0,0,0
S01008809,All people in households,636,61,575,586,33,553,36,17,19,14,11,3
S01008809,No central heating,33,5,28,29,2,27,2,1,1,2,2,0
S01008809,Gas central heating,530,46,484,490,25,465,31,14,17,9,7,2
S01008809,Electric (including storage heaters) central heating,47,7,40,43,4,39,2,1,1,2,2,0
S01008809,Oil central heating,4,0,4,3,0,3,0,0,0,1,0,1
S01008809,Solid fuel (for example wood coal) central heating,0,0,0,0,0,0,0,0,0,0,0,0
S01008809,Other central heating,0,0,0,0,0,0,0,0,0,0,0,0
S01008809,Two or more types of central heating,22,3,19,21,2,19,1,1,0,0,0,0
S01008810,All people in households,733,61,672,683,31,652,45,25,20,5,5,0
S01008810,No central heating,32,10,22,27,6,21,5,4,1,0,0,0
S01008810,Gas central heating,636,46,590,596,22,574,36,20,16,4,4,0
S01008810,Electric (including storage heaters) central heating,56,4,52,53,3,50,3,1,2,0,0,0
S01008810,Oil central heating,0,0,0,0,0,0,0,0,0,0,0,0
S01008810,Solid fuel (for example wood coal) central heating,0,0,0,0,0,0,0,0,0,0,0,0
S01008810,Other central heating,1,1,0,0,0,0,0,0,0,1,1,0
S01008810,Two or more types of central heating,8,0,8,7,0,7,1,0,1,0,0,0
S01008811,All people in households,829,76,753,767,31,736,46,30,16,16,15,1
S01008811,No central heating,43,18,25,27,3,24,8,8,0,8,7,1
S01008811,Gas central heating,713,50,663,676,24,652,30,19,11,7,7,0
S01008811,Electric (including storage heaters) central heating,62,7,55,53,3,50,8,3,5,1,1,0
S01008811,Oil central heating,0,0,0,0,0,0,0,0,0,0,0,0
S01008811,Solid fuel (for example wood coal) central heating,1,0,1,1,0,1,0,0,0,0,0,0
S01008811,Other central heating,0,0,0,0,0,0,0,0,0,0,0,0
S01008811,Two or more types of central heating,10,1,9,10,1,9,0,0,0,0,0,0
S01008812,All people in households,471,36,435,440,17,423,23,11,12,8,8,0
S01008812,No central heating,31,8,23,26,4,22,3,2,1,2,2,0
S01008812,Gas central heating,416,26,390,392,13,379,20,9,11,4,4,0
S01008812,Electric (including storage heaters) central heating,15,1,14,14,0,14,0,0,0,1,1,0
S01008812,Oil central heating,0,0,0,0,0,0,0,0,0,0,0,0
S01008812,Solid fuel (for example wood coal) central heating,0,0,0,0,0,0,0,0,0,0,0,0
S01008812,Other central heating,0,0,0,0,0,0,0,0,0,0,0,0
S01008812,Two or more types of central heating,9,1,8,8,0,8,0,0,0,1,1,0
S01008813,All people in households,955,184,771,791,51,740,105,75,30,59,58,1
S01008813,No central heating,47,8,39,39,1,38,4,3,1,4,4,0
S01008813,Gas central heating,714,135,579,599,41,558,76,56,20,39,38,1
S01008813,Electric (including storage heaters) central heating,176,36,140,138,7,131,22,13,9,16,16,0
S01008813,Oil central heating,0,0,0,0,0,0,0,0,0,0,0,0
S01008813,Solid fuel (for example wood coal) central heating,0,0,0,0,0,0,0,0,0,0,0,0
S01008813,Other central heating,1,1,0,0,0,0,1,1,0,0,0,0
S01008813,Two or more types of central heating,17,4,13,15,2,13,2,2,0,0,0,0
S01008814,All people in households,841,102,739,756,39,717,62,42,20,23,21,2
S01008814,No central heating,43,5,38,38,1,37,4,3,1,1,1,0
S01008814,Gas central heating,686,83,603,615,31,584,53,36,17,18,16,2
S01008814,Electric (including storage heaters) central heating,74,12,62,67,7,60,4,2,2,3,3,0
S01008814,Oil central heating,3,0,3,3,0,3,0,0,0,0,0,0
S01008814,Solid fuel (for example wood coal) central heating,0,0,0,0,0,0,0,0,0,0,0,0
S01008814,Other central heating,0,0,0,0,0,0,0,0,0,0,0,0
S01008814,Two or more types of central heating,35,2,33,33,0,33,1,1,0,1,1,0
S01008815,All people in households,908,141,767,783,50,733,89,56,33,36,35,1
S01008815,No central heating,66,17,49,52,5,47,7,5,2,7,7,0
S01008815,Gas central heating,501,84,417,424,28,396,56,35,21,21,21,0
S01008815,Electric (including storage heaters) central heating,316,31,285,289,15,274,23,13,10,4,3,1
S01008815,Oil central heating,0,0,0,0,0,0,0,0,0,0,0,0
S01008815,Solid fuel (for example wood coal) central heating,0,0,0,0,0,0,0,0,0,0,0,0
S01008815,Other central heating,1,1,0,0,0,0,0,0,0,1,1,0
S01008815,Two or more types of central heating,24,8,16,18,2,16,3,3,0,3,3,0
S01008816,All people in households,523,91,432,418,26,392,79,42,37,26,23,3
S01008816,No central heating,27,5,22,20,2,18,6,2,4,1,1,0
S01008816,Gas central heating,263,38,225,211,9,202,34,14,20,18,15,3
S01008816,Electric (including storage heaters) central heating,212,46,166,169,15,154,36,24,12,7,7,0
S01008816,Oil central heating,0,0,0,0,0,0,0,0,0,0,0,0
S01008816,Solid fuel (for example wood coal) central heating,0,0,0,0,0,0,0,0,0,0,0,0
S01008816,Other central heating,8,0,8,8,0,8,0,0,0,0,0,0
S01008816,Two or more types of central heating,13,2,11,10,0,10,3,2,1,0,0,0
S01008817,All people in households,764,127,637,641,41,600,81,45,36,42,41,1
S01008817,No central heating,37,6,31,29,2,27,5,1,4,3,3,0
S01008817,Gas central heating,583,102,481,492,34,458,57,35,22,34,33,1
S01008817,Electric (including storage heaters) central heating,124,14,110,105,5,100,18,8,10,1,1,0
S01008817,Oil central heating,0,0,0,0,0,0,0,0,0,0,0,0
S01008817,Solid fuel (for example wood coal) central heating,0,0,0,0,0,0,0,0,0,0,0,0
S01008817,Other central heating,5,0,5,5,0,5,0,0,0,0,0,0
S01008817,Two or more types of central heating,15,5,10,10,0,10,1,1,0,4,4,0
S01008818,All people in households,775,78,697,710,34,676,53,33,20,12,11,1
S01008818,No central heating,16,2,14,15,2,13,0,0,0,1,0,1
S01008818,Gas central heating,715,71,644,653,29,624,52,32,20,10,10,0
S01008818,Electric (including storage heaters) central heating,28,5,23,26,3,23,1,1,0,1,1,0
S01008818,Oil central heating,0,0,0,0,0,0,0,0,0,0,0,0
S01008818,Solid fuel (for example wood coal) central heating,0,0,0,0,0,0,0,0,0,0,0,0
S01008818,Other central heating,3,0,3,3,0,3,0,0,0,0,0,0
S01008818,Two or more types of central heating,13,0,13,13,0,13,0,0,0,0,0,0
S01008819,All people in households,705,90,615,637,39,598,53,36,17,15,15,0
S01008819,No central heating,33,6,27,27,1,26,3,2,1,3,3,0
S01008819,Gas central heating,640,78,562,581,35,546,47,31,16,12,12,0
S01008819,Electric (including storage heaters) central heating,26,6,20,23,3,20,3,3,0,0,0,0
S01008819,Oil central heating,0,0,0,0,0,0,0,0,0,0,0,0
S01008819,Solid fuel (for example wood coal) central heating,0,0,0,0,0,0,0,0,0,0,0,0
S01008819,Other central heating,0,0,0,0,0,0,0,0,0,0,0,0
S01008819,Two or more types of central heating,6,0,6,6,0,6,0,0,0,0,0,0
S01008820,All people in households,1113,214,899,910,69,841,141,86,55,62,59,3
S01008820,No central heating,57,12,45,48,5,43,7,5,2,2,2,0
S01008820,Gas central heating,899,158,741,759,57,702,96,59,37,44,42,2
S01008820,Electric (including storage heaters) central heating,118,37,81,75,6,69,30,18,12,13,13,0
S01008820,Oil central heating,0,0,0,0,0,0,0,0,0,0,0,0
S01008820,Solid fuel (for example wood coal) central heating,4,1,3,3,0,3,0,0,0,1,1,0
S01008820,Other central heating,1,0,1,1,0,1,0,0,0,0,0,0
S01008820,Two or more types of central heating,34,6,28,24,1,23,8,4,4,2,1,1
S01008821,All people in households,712,59,653,657,26,631,42,20,22,13,13,0
S01008821,No central heating,15,3,12,12,1,11,3,2,1,0,0,0
S01008821,Gas central heating,640,51,589,594,23,571,33,15,18,13,13,0
S01008821,Electric (including storage heaters) central heating,42,5,37,36,2,34,6,3,3,0,0,0
S01008821,Oil central heating,0,0,0,0,0,0,0,0,0,0,0,0
S01008821,Solid fuel (for example wood coal) central heating,0,0,0,0,0,0,0,0,0,0,0,0
S01008821,Other central heating,8,0,8,8,0,8,0,0,0,0,0,0
S01008821,Two or more types of central heating,7,0,7,7,0,7,0,0,0,0,0,0
S01008822,All people in households,726,82,644,663,38,625,56,37,19,7,7,0
S01008822,No central heating,13,5,8,9,2,7,3,2,1,1,1,0
S01008822,Gas central heating,677,69,608,622,32,590,50,32,18,5,5,0
S01008822,Electric (including storage heaters) central heating,21,8,13,17,4,13,3,3,0,1,1,0
S01008822,Oil central heating,0,0,0,0,0,0,0,0,0,0,0,0
S01008822,Solid fuel (for example wood coal) central heating,0,0,0,0,0,0,0,0,0,0,0,0
S01008822,Other central heating,0,0,0,0,0,0,0,0,0,0,0,0
S01008822,Two or more types of central heating,15,0,15,15,0,15,0,0,0,0,0,0
S01008823,All people in households,626,92,534,570,47,523,41,30,11,15,15,0
S01008823,No central heating,3,0,3,3,0,3,0,0,0,0,0,0
S01008823,Gas central heating,597,86,511,545,44,501,38,28,10,14,14,0
S01008823,Electric (including storage heaters) central heating,16,3,13,14,2,12,2,1,1,0,0,0
S01008823,Oil central heating,0,0,0,0,0,0,0,0,0,0,0,0
S01008823,Solid fuel (for example wood coal) central heating,0,0,0,0,0,0,0,0,0,0,0,0
S01008823,Other central heating,0,0,0,0,0,0,0,0,0,0,0,0
S01008823,Two or more types of central heating,10,3,7,8,1,7,1,1,0,1,1,0
S01008824,All people in households,961,133,828,837,53,784,98,56,42,26,24,2
S01008824,No central heating,29,6,23,25,4,21,3,1,2,1,1,0
S01008824,Gas central heating,776,94,682,691,39,652,65,37,28,20,18,2
S01008824,Electric (including storage heaters) central heating,148,31,117,114,9,105,30,18,12,4,4,0
S01008824,Oil central heating,0,0,0,0,0,0,0,0,0,0,0,0
S01008824,Solid fuel (for example wood coal) central heating,2,1,1,2,1,1,0,0,0,0,0,0
S01008824,Other central heating,1,1,0,0,0,0,0,0,0,1,1,0
S01008824,Two or more types of central heating,5,0,5,5,0,5,0,0,0,0,0,0
S01008825,All people in households,610,82,528,546,31,515,47,34,13,17,17,0
S01008825,No central heating,21,2,19,19,1,18,1,0,1,1,1,0
S01008825,Gas central heating,538,68,470,488,25,463,37,30,7,13,13,0
S01008825,Electric (including storage heaters) central heating,44,9,35,36,5,31,6,2,4,2,2,0
S01008825,Oil central heating,5,3,2,2,0,2,2,2,0,1,1,0
S01008825,Solid fuel (for example wood coal) central heating,0,0,0,0,0,0,0,0,0,0,0,0
S01008825,Other central heating,0,0,0,0,0,0,0,0,0,0,0,0
S01008825,Two or more types of central heating,2,0,2,1,0,1,1,0,1,0,0,0
S01008826,All people in households,650,106,544,543,32,511,74,42,32,33,32,1
S01008826,No central heating,37,7,30,31,2,29,2,1,1,4,4,0
S01008826,Gas central heating,544,85,459,462,27,435,58,35,23,24,23,1
S01008826,Electric (including storage heaters) central heating,42,8,34,31,2,29,8,3,5,3,3,0
S01008826,Oil central heating,0,0,0,0,0,0,0,0,0,0,0,0
S01008826,Solid fuel (for example wood coal) central heating,0,0,0,0,0,0,0,0,0,0,0,0
S01008826,Other central heating,9,2,7,6,1,5,3,1,2,0,0,0
S01008826,Two or more types of central heating,18,4,14,13,0,13,3,2,1,2,2,0
S01008827,All people in households,698,73,625,649,33,616,37,28,9,12,12,0
S01008827,No central heating,14,5,9,10,1,9,4,4,0,0,0,0
S01008827,Gas central heating,658,65,593,615,31,584,31,22,9,12,12,0
S01008827,Electric (including storage heaters) central heating,17,2,15,16,1,15,1,1,0,0,0,0
S01008827,Oil central heating,0,0,0,0,0,0,0,0,0,0,0,0
S01008827,Solid fuel (for example wood coal) central heating,0,0,0,0,0,0,0,0,0,0,0,0
S01008827,Other central heating,0,0,0,0,0,0,0,0,0,0,0,0
S01008827,Two or more types of central heating,9,1,8,8,0,8,1,1,0,0,0,0
S01008828,All people in households,882,132,750,791,54,737,60,48,12,31,30,1
S01008828,No central heating,27,5,22,24,3,21,2,1,1,1,1,0
S01008828,Gas central heating,762,104,658,694,45,649,44,35,9,24,24,0
S01008828,Electric (including storage heaters) central heating,77,19,58,59,4,55,13,11,2,5,4,1
S01008828,Oil central heating,3,1,2,3,1,2,0,0,0,0,0,0
S01008828,Solid fuel (for example wood coal) central heating,0,0,0,0,0,0,0,0,0,0,0,0
S01008828,Other central heating,1,1,0,1,1,0,0,0,0,0,0,0
S01008828,Two or more types of central heating,12,2,10,10,0,10,1,1,0,1,1,0
S01008829,All people in households,715,103,612,621,30,591,71,50,21,23,23,0
S01008829,No central heating,11,1,10,11,1,10,0,0,0,0,0,0
S01008829,Gas central heating,664,93,571,579,26,553,66,48,18,19,19,0
S01008829,Electric (including storage heaters) central heating,19,3,16,16,2,14,2,0,2,1,1,0
S01008829,Oil central heating,0,0,0,0,0,0,0,0,0,0,0,0
S01008829,Solid fuel (for example wood coal) central heating,0,0,0,0,0,0,0,0,0,0,0,0
S01008829,Other central heating,1,1,0,0,0,0,1,1,0,0,0,0
S01008829,Two or more types of central heating,20,5,15,15,1,14,2,1,1,3,3,0
S01008830,All people in households,689,118,571,609,59,550,63,43,20,17,16,1
S01008830,No central heating,16,2,14,14,0,14,1,1,0,1,1,0
S01008830,Gas central heating,601,98,503,540,53,487,50,34,16,11,11,0
S01008830,Electric (including storage heaters) central heating,65,15,50,51,6,45,10,6,4,4,3,1
S01008830,Oil central heating,0,0,0,0,0,0,0,0,0,0,0,0
S01008830,Solid fuel (for example wood coal) central heating,0,0,0,0,0,0,0,0,0,0,0,0
S01008830,Other central heating,0,0,0,0,0,0,0,0,0,0,0,0
S01008830,Two or more types of central heating,7,3,4,4,0,4,2,2,0,1,1,0
S01008831,All people in households,774,127,647,684,61,623,77,53,24,13,13,0
S01008831,No central heating,3,0,3,3,0,3,0,0,0,0,0,0
S01008831,Gas central heating,733,115,618,653,56,597,70,49,21,10,10,0
S01008831,Electric (including storage heaters) central heating,35,12,23,25,5,20,7,4,3,3,3,0
S01008831,Oil central heating,0,0,0,0,0,0,0,0,0,0,0,0
S01008831,Solid fuel (for example wood coal) central heating,0,0,0,0,0,0,0,0,0,0,0,0
S01008831,Other central heating,0,0,0,0,0,0,0,0,0,0,0,0
S01008831,Two or more types of central heating,3,0,3,3,0,3,0,0,0,0,0,0
S01008832,All people in households,697,103,594,618,47,571,62,40,22,17,16,1
S01008832,No central heating,7,2,5,5,1,4,2,1,1,0,0,0
S01008832,Gas central heating,651,86,565,582,39,543,56,35,21,13,12,1
S01008832,Electric (including storage heaters) central heating,35,14,21,27,6,21,4,4,0,4,4,0
S01008832,Oil central heating,1,0,1,1,0,1,0,0,0,0,0,0
S01008832,Solid fuel (for example wood coal) central heating,0,0,0,0,0,0,0,0,0,0,0,0
S01008832,Other central heating,0,0,0,0,0,0,0,0,0,0,0,0
S01008832,Two or more types of central heating,3,1,2,3,1,2,0,0,0,0,0,0
S01008833,All people in households,985,178,807,860,78,782,94,69,25,31,31,0
S01008833,No central heating,26,6,20,22,2,20,2,2,0,2,2,0
S01008833,Gas central heating,835,108,727,760,55,705,63,41,22,12,12,0
S01008833,Electric (including storage heaters) central heating,104,60,44,59,17,42,28,26,2,17,17,0
S01008833,Oil central heating,0,0,0,0,0,0,0,0,0,0,0,0
S01008833,Solid fuel (for example wood coal) central heating,0,0,0,0,0,0,0,0,0,0,0,0
S01008833,Other central heating,0,0,0,0,0,0,0,0,0,0,0,0
S01008833,Two or more types of central heating,20,4,16,19,4,15,1,0,1,0,0,0
S01008834,All people in households,1078,155,923,966,67,899,89,65,24,23,23,0
S01008834,No central heating,21,4,17,19,2,17,1,1,0,1,1,0
S01008834,Gas central heating,994,145,849,892,64,828,82,61,21,20,20,0
S01008834,Electric (including storage heaters) central heating,42,5,37,35,1,34,5,2,3,2,2,0
S01008834,Oil central heating,1,1,0,0,0,0,1,1,0,0,0,0
S01008834,Solid fuel (for example wood coal) central heating,0,0,0,0,0,0,0,0,0,0,0,0
S01008834,Other central heating,0,0,0,0,0,0,0,0,0,0,0,0
S01008834,Two or more types of central heating,20,0,20,20,0,20,0,0,0,0,0,0
S01008835,All people in households,813,152,661,691,58,633,89,62,27,33,32,1
S01008835,No central heating,14,1,13,13,1,12,1,0,1,0,0,0
S01008835,Gas central heating,760,142,618,647,53,594,82,59,23,31,30,1
S01008835,Electric (including storage heaters) central heating,27,7,20,21,2,19,4,3,1,2,2,0
S01008835,Oil central heating,0,0,0,0,0,0,0,0,0,0,0,0
S01008835,Solid fuel (for example wood coal) central heating,0,0,0,0,0,0,0,0,0,0,0,0
S01008835,Other central heating,2,0,2,0,0,0,2,0,2,0,0,0
S01008835,Two or more types of central heating,10,2,8,10,2,8,0,0,0,0,0,0
S01008836,All people in households,675,136,539,540,31,509,83,56,27,52,49,3
S01008836,No central heating,24,6,18,16,0,16,5,3,2,3,3,0
S01008836,Gas central heating,585,118,467,474,31,443,71,49,22,40,38,2
S01008836,Electric (including storage heaters) central heating,36,6,30,27,0,27,6,3,3,3,3,0
S01008836,Oil central heating,0,0,0,0,0,0,0,0,0,0,0,0
S01008836,Solid fuel (for example wood coal) central heating,0,0,0,0,0,0,0,0,0,0,0,0
S01008836,Other central heating,2,1,1,0,0,0,0,0,0,2,1,1
S01008836,Two or more types of central heating,28,5,23,23,0,23,1,1,0,4,4,0
S01008837,All people in households,1015,107,908,911,36,875,72,39,33,32,32,0
S01008837,No central heating,106,11,95,94,4,90,10,5,5,2,2,0
S01008837,Gas central heating,801,79,722,724,28,696,52,26,26,25,25,0
S01008837,Electric (including storage heaters) central heating,83,14,69,72,4,68,7,6,1,4,4,0
S01008837,Oil central heating,0,0,0,0,0,0,0,0,0,0,0,0
S01008837,Solid fuel (for example wood coal) central heating,1,1,0,0,0,0,1,1,0,0,0,0
S01008837,Other central heating,5,1,4,4,0,4,0,0,0,1,1,0
S01008837,Two or more types of central heating,19,1,18,17,0,17,2,1,1,0,0,0
S01008838,All people in households,1009,126,883,898,45,853,80,50,30,31,31,0
S01008838,No central heating,72,8,64,60,2,58,9,3,6,3,3,0
S01008838,Gas central heating,783,96,687,704,35,669,55,37,18,24,24,0
S01008838,Electric (including storage heaters) central heating,121,16,105,105,5,100,12,7,5,4,4,0
S01008838,Oil central heating,0,0,0,0,0,0,0,0,0,0,0,0
S01008838,Solid fuel (for example wood coal) central heating,0,0,0,0,0,0,0,0,0,0,0,0
S01008838,Other central heating,0,0,0,0,0,0,0,0,0,0,0,0
S01008838,Two or more types of central heating,33,6,27,29,3,26,4,3,1,0,0,0
S01008839,All people in households,1024,109,915,919,38,881,79,46,33,26,25,1
S01008839,No central heating,62,7,55,58,6,52,4,1,3,0,0,0
S01008839,Gas central heating,887,89,798,799,27,772,65,39,26,23,23,0
S01008839,Electric (including storage heaters) central heating,63,8,55,54,3,51,7,4,3,2,1,1
S01008839,Oil central heating,0,0,0,0,0,0,0,0,0,0,0,0
S01008839,Solid fuel (for example wood coal) central heating,0,0,0,0,0,0,0,0,0,0,0,0
S01008839,Other central heating,1,1,0,1,1,0,0,0,0,0,0,0
S01008839,Two or more types of central heating,11,4,7,7,1,6,3,2,1,1,1,0
S01008840,All people in households,1073,112,961,979,44,935,75,50,25,19,18,1
S01008840,No central heating,39,8,31,32,2,30,6,5,1,1,1,0
S01008840,Gas central heating,967,89,878,897,39,858,55,36,19,15,14,1
S01008840,Electric (including storage heaters) central heating,54,14,40,38,3,35,14,9,5,2,2,0
S01008840,Oil central heating,5,1,4,4,0,4,0,0,0,1,1,0
S01008840,Solid fuel (for example wood coal) central heating,0,0,0,0,0,0,0,0,0,0,0,0
S01008840,Other central heating,0,0,0,0,0,0,0,0,0,0,0,0
S01008840,Two or more types of central heating,8,0,8,8,0,8,0,0,0,0,0,0
S01008841,All people in households,568,50,518,516,21,495,39,17,22,13,12,1
S01008841,No central heating,22,2,20,21,1,20,1,1,0,0,0,0
S01008841,Gas central heating,310,38,272,266,13,253,33,15,18,11,10,1
S01008841,Electric (including storage heaters) central heating,225,10,215,218,7,211,5,1,4,2,2,0
S01008841,Oil central heating,0,0,0,0,0,0,0,0,0,0,0,0
S01008841,Solid fuel (for example wood coal) central heating,0,0,0,0,0,0,0,0,0,0,0,0
S01008841,Other central heating,0,0,0,0,0,0,0,0,0,0,0,0
S01008841,Two or more types of central heating,11,0,11,11,0,11,0,0,0,0,0,0
S01008842,All people in households,882,61,821,826,28,798,44,22,22,12,11,1
S01008842,No central heating,6,2,4,4,0,4,1,1,0,1,1,0
S01008842,Gas central heating,777,54,723,729,28,701,41,20,21,7,6,1
S01008842,Electric (including storage heaters) central heating,64,3,61,61,0,61,0,0,0,3,3,0
S01008842,Oil central heating,0,0,0,0,0,0,0,0,0,0,0,0
S01008842,Solid fuel (for example wood coal) central heating,0,0,0,0,0,0,0,0,0,0,0,0
S01008842,Other central heating,0,0,0,0,0,0,0,0,0,0,0,0
S01008842,Two or more types of central heating,35,2,33,32,0,32,2,1,1,1,1,0
S01008843,All people in households,881,76,805,801,26,775,57,30,27,23,20,3
S01008843,No central heating,43,10,33,35,4,31,6,5,1,2,1,1
S01008843,Gas central heating,724,58,666,661,20,641,45,22,23,18,16,2
S01008843,Electric (including storage heaters) central heating,94,7,87,88,2,86,3,2,1,3,3,0
S01008843,Oil central heating,0,0,0,0,0,0,0,0,0,0,0,0
S01008843,Solid fuel (for example wood coal) central heating,0,0,0,0,0,0,0,0,0,0,0,0
S01008843,Other central heating,5,1,4,4,0,4,1,1,0,0,0,0
S01008843,Two or more types of central heating,15,0,15,13,0,13,2,0,2,0,0,0
S01008844,All people in households,695,68,627,637,28,609,40,23,17,18,17,1
S01008844,No central heating,7,2,5,6,1,5,0,0,0,1,1,0
S01008844,Gas central heating,625,64,561,570,27,543,38,21,17,17,16,1
S01008844,Electric (including storage heaters) central heating,27,0,27,27,0,27,0,0,0,0,0,0
S01008844,Oil central heating,0,0,0,0,0,0,0,0,0,0,0,0
S01008844,Solid fuel (for example wood coal) central heating,0,0,0,0,0,0,0,0,0,0,0,0
S01008844,Other central heating,1,0,1,1,0,1,0,0,0,0,0,0
S01008844,Two or more types of central heating,35,2,33,33,0,33,2,2,0,0,0,0
S01008845,All people in households,851,57,794,801,25,776,37,19,18,13,13,0
S01008845,No central heating,9,2,7,8,1,7,0,0,0,1,1,0
S01008845,Gas central heating,734,47,687,690,21,669,35,17,18,9,9,0
S01008845,Electric (including storage heaters) central heating,74,6,68,71,3,68,2,2,0,1,1,0
S01008845,Oil central heating,1,0,1,1,0,1,0,0,0,0,0,0
S01008845,Solid fuel (for example wood coal) central heating,0,0,0,0,0,0,0,0,0,0,0,0
S01008845,Other central heating,3,0,3,3,0,3,0,0,0,0,0,0
S01008845,Two or more types of central heating,30,2,28,28,0,28,0,0,0,2,2,0
S01008846,All people in households,807,69,738,743,31,712,51,25,26,13,13,0
S01008846,No central heating,18,1,17,17,0,17,0,0,0,1,1,0
S01008846,Gas central heating,720,62,658,663,29,634,46,22,24,11,11,0
S01008846,Electric (including storage heaters) central heating,64,6,58,58,2,56,5,3,2,1,1,0
S01008846,Oil central heating,0,0,0,0,0,0,0,0,0,0,0,0
S01008846,Solid fuel (for example wood coal) central heating,0,0,0,0,0,0,0,0,0,0,0,0
S01008846,Other central heating,0,0,0,0,0,0,0,0,0,0,0,0
S01008846,Two or more types of central heating,5,0,5,5,0,5,0,0,0,0,0,0
S01008847,All people in households,573,31,542,544,18,526,23,8,15,6,5,1
S01008847,No central heating,10,1,9,10,1,9,0,0,0,0,0,0
S01008847,Gas central heating,482,26,456,458,15,443,20,8,12,4,3,1
S01008847,Electric (including storage heaters) central heating,61,4,57,56,2,54,3,0,3,2,2,0
S01008847,Oil central heating,0,0,0,0,0,0,0,0,0,0,0,0
S01008847,Solid fuel (for example wood coal) central heating,0,0,0,0,0,0,0,0,0,0,0,0
S01008847,Other central heating,1,0,1,1,0,1,0,0,0,0,0,0
S01008847,Two or more types of central heating,19,0,19,19,0,19,0,0,0,0,0,0
S01008848,All people in households,765,64,701,709,27,682,41,23,18,15,14,1
S01008848,No central heating,22,5,17,19,2,17,2,2,0,1,1,0
S01008848,Gas central heating,677,54,623,628,22,606,36,20,16,13,12,1
S01008848,Electric (including storage heaters) central heating,51,4,47,49,3,46,2,1,1,0,0,0
S01008848,Oil central heating,2,0,2,1,0,1,1,0,1,0,0,0
S01008848,Solid fuel (for example wood coal) central heating,0,0,0,0,0,0,0,0,0,0,0,0
S01008848,Other central heating,1,0,1,1,0,1,0,0,0,0,0,0
S01008848,Two or more types of central heating,12,1,11,11,0,11,0,0,0,1,1,0
S01008849,All people in households,727,48,679,679,18,661,37,19,18,11,11,0
S01008849,No central heating,35,7,28,27,0,27,6,5,1,2,2,0
S01008849,Gas central heating,595,33,562,560,14,546,28,12,16,7,7,0
S01008849,Electric (including storage heaters) central heating,68,6,62,64,3,61,3,2,1,1,1,0
S01008849,Oil central heating,1,0,1,1,0,1,0,0,0,0,0,0
S01008849,Solid fuel (for example wood coal) central heating,0,0,0,0,0,0,0,0,0,0,0,0
S01008849,Other central heating,0,0,0,0,0,0,0,0,0,0,0,0
S01008849,Two or more types of central heating,28,2,26,27,1,26,0,0,0,1,1,0
S01008850,All people in households,818,69,749,763,30,733,45,29,16,10,10,0
S01008850,No central heating,23,7,16,16,3,13,6,3,3,1,1,0
S01008850,Gas central heating,697,50,647,661,24,637,32,22,10,4,4,0
S01008850,Electric (including storage heaters) central heating,65,11,54,55,3,52,6,4,2,4,4,0
S01008850,Oil central heating,0,0,0,0,0,0,0,0,0,0,0,0
S01008850,Solid fuel (for example wood coal) central heating,0,0,0,0,0,0,0,0,0,0,0,0
S01008850,Other central heating,6,0,6,5,0,5,1,0,1,0,0,0
S01008850,Two or more types of central heating,27,1,26,26,0,26,0,0,0,1,1,0
S01008851,All people in households,1021,178,843,871,62,809,113,80,33,37,36,1
S01008851,No central heating,43,11,32,32,3,29,9,6,3,2,2,0
S01008851,Gas central heating,830,126,704,726,47,679,75,51,24,29,28,1
S01008851,Electric (including storage heaters) central heating,117,31,86,91,10,81,22,17,5,4,4,0
S01008851,Oil central heating,1,0,1,1,0,1,0,0,0,0,0,0
S01008851,Solid fuel (for example wood coal) central heating,0,0,0,0,0,0,0,0,0,0,0,0
S01008851,Other central heating,6,2,4,4,0,4,1,1,0,1,1,0
S01008851,Two or more types of central heating,24,8,16,17,2,15,6,5,1,1,1,0
S01008852,All people in households,992,105,887,914,48,866,63,42,21,15,15,0
S01008852,No central heating,10,4,6,8,2,6,2,2,0,0,0,0
S01008852,Gas central heating,891,89,802,822,39,783,54,35,19,15,15,0
S01008852,Electric (including storage heaters) central heating,58,8,50,54,4,50,4,4,0,0,0,0
S01008852,Oil central heating,2,0,2,1,0,1,1,0,1,0,0,0
S01008852,Solid fuel (for example wood coal) central heating,0,0,0,0,0,0,0,0,0,0,0,0
S01008852,Other central heating,0,0,0,0,0,0,0,0,0,0,0,0
S01008852,Two or more types of central heating,31,4,27,29,3,26,2,1,1,0,0,0
S01008853,All people in households,680,42,638,628,16,612,41,15,26,11,11,0
S01008853,No central heating,53,5,48,46,1,45,7,4,3,0,0,0
S01008853,Gas central heating,499,31,468,463,13,450,27,9,18,9,9,0
S01008853,Electric (including storage heaters) central heating,102,5,97,95,2,93,5,1,4,2,2,0
S01008853,Oil central heating,0,0,0,0,0,0,0,0,0,0,0,0
S01008853,Solid fuel (for example wood coal) central heating,0,0,0,0,0,0,0,0,0,0,0,0
S01008853,Other central heating,3,0,3,3,0,3,0,0,0,0,0,0
S01008853,Two or more types of central heating,23,1,22,21,0,21,2,1,1,0,0,0
S01008854,All people in households,908,67,841,844,29,815,52,27,25,12,11,1
S01008854,No central heating,37,4,33,32,1,31,3,1,2,2,2,0
S01008854,Gas central heating,752,58,694,698,26,672,45,24,21,9,8,1
S01008854,Electric (including storage heaters) central heating,78,4,74,75,2,73,2,1,1,1,1,0
S01008854,Oil central heating,0,0,0,0,0,0,0,0,0,0,0,0
S01008854,Solid fuel (for example wood coal) central heating,0,0,0,0,0,0,0,0,0,0,0,0
S01008854,Other central heating,8,0,8,8,0,8,0,0,0,0,0,0
S01008854,Two or more types of central heating,33,1,32,31,0,31,2,1,1,0,0,0
S01008855,All people in households,1056,109,947,975,54,921,59,34,25,22,21,1
S01008855,No central heating,48,11,37,40,6,34,4,1,3,4,4,0
S01008855,Gas central heating,901,79,822,842,39,803,43,25,18,16,15,1
S01008855,Electric (including storage heaters) central heating,89,17,72,77,8,69,11,8,3,1,1,0
S01008855,Oil central heating,0,0,0,0,0,0,0,0,0,0,0,0
S01008855,Solid fuel (for example wood coal) central heating,0,0,0,0,0,0,0,0,0,0,0,0
S01008855,Other central heating,0,0,0,0,0,0,0,0,0,0,0,0
S01008855,Two or more types of central heating,18,2,16,16,1,15,1,0,1,1,1,0
S01008856,All people in households,562,50,512,517,20,497,33,18,15,12,12,0
S01008856,No central heating,49,7,42,43,3,40,4,2,2,2,2,0
S01008856,Gas central heating,429,32,397,398,13,385,23,11,12,8,8,0
S01008856,Electric (including storage heaters) central heating,78,10,68,71,4,67,6,5,1,1,1,0
S01008856,Oil central heating,0,0,0,0,0,0,0,0,0,0,0,0
S01008856,Solid fuel (for example wood coal) central heating,0,0,0,0,0,0,0,0,0,0,0,0
S01008856,Other central heating,1,0,1,1,0,1,0,0,0,0,0,0
S01008856,Two or more types of central heating,5,1,4,4,0,4,0,0,0,1,1,0
S01008857,All people in households,764,80,684,698,36,662,53,32,21,13,12,1
S01008857,No central heating,33,5,28,26,0,26,6,4,2,1,1,0
S01008857,Gas central heating,683,69,614,630,34,596,42,25,17,11,10,1
S01008857,Electric (including storage heaters) central heating,29,4,25,25,1,24,3,2,1,1,1,0
S01008857,Oil central heating,0,0,0,0,0,0,0,0,0,0,0,0
S01008857,Solid fuel (for example wood coal) central heating,0,0,0,0,0,0,0,0,0,0,0,0
S01008857,Other central heating,0,0,0,0,0,0,0,0,0,0,0,0
S01008857,Two or more types of central heating,19,2,17,17,1,16,2,1,1,0,0,0
S01008858,All people in households,552,57,495,501,21,480,39,24,15,12,12,0
S01008858,No central heating,24,9,15,14,2,12,6,3,3,4,4,0
S01008858,Gas central heating,489,39,450,458,18,440,24,14,10,7,7,0
S01008858,Electric (including storage heaters) central heating,30,8,22,21,0,21,8,7,1,1,1,0
S01008858,Oil central heating,0,0,0,0,0,0,0,0,0,0,0,0
S01008858,Solid fuel (for example wood coal) central heating,0,0,0,0,0,0,0,0,0,0,0,0
S01008858,Other central heating,0,0,0,0,0,0,0,0,0,0,0,0
S01008858,Two or more types of central heating,9,1,8,8,1,7,1,0,1,0,0,0
S01008859,All people in households,1103,181,922,960,68,892,111,81,30,32,32,0
S01008859,No central heating,63,10,53,52,2,50,10,7,3,1,1,0
S01008859,Gas central heating,842,122,720,749,53,696,71,47,24,22,22,0
S01008859,Electric (including storage heaters) central heating,172,43,129,139,11,128,25,24,1,8,8,0
S01008859,Oil central heating,2,2,0,2,2,0,0,0,0,0,0,0
S01008859,Solid fuel (for example wood coal) central heating,0,0,0,0,0,0,0,0,0,0,0,0
S01008859,Other central heating,3,2,1,0,0,0,2,1,1,1,1,0
S01008859,Two or more types of central heating,21,2,19,18,0,18,3,2,1,0,0,0
S01008860,All people in households,882,122,760,788,55,733,65,38,27,29,29,0
S01008860,No central heating,45,12,33,37,5,32,4,3,1,4,4,0
S01008860,Gas central heating,782,98,684,708,45,663,50,29,21,24,24,0
S01008860,Electric (including storage heaters) central heating,43,10,33,31,3,28,11,6,5,1,1,0
S01008860,Oil central heating,0,0,0,0,0,0,0,0,0,0,0,0
S01008860,Solid fuel (for example wood coal) central heating,0,0,0,0,0,0,0,0,0,0,0,0
S01008860,Other central heating,0,0,0,0,0,0,0,0,0,0,0,0
S01008860,Two or more types of central heating,12,2,10,12,2,10,0,0,0,0,0,0
S01008861,All people in households,760,84,676,698,35,663,51,39,12,11,10,1
S01008861,No central heating,15,2,13,15,2,13,0,0,0,0,0,0
S01008861,Gas central heating,703,70,633,648,28,620,44,32,12,11,10,1
S01008861,Electric (including storage heaters) central heating,29,11,18,23,5,18,6,6,0,0,0,0
S01008861,Oil central heating,3,0,3,3,0,3,0,0,0,0,0,0
S01008861,Solid fuel (for example wood coal) central heating,0,0,0,0,0,0,0,0,0,0,0,0
S01008861,Other central heating,2,0,2,2,0,2,0,0,0,0,0,0
S01008861,Two or more types of central heating,8,1,7,7,0,7,1,1,0,0,0,0
S01008862,All people in households,877,96,781,793,38,755,58,34,24,26,24,2
S01008862,No central heating,58,11,47,48,4,44,5,2,3,5,5,0
S01008862,Gas central heating,682,63,619,631,29,602,38,22,16,13,12,1
S01008862,Electric (including storage heaters) central heating,123,22,101,100,5,95,15,10,5,8,7,1
S01008862,Oil central heating,4,0,4,4,0,4,0,0,0,0,0,0
S01008862,Solid fuel (for example wood coal) central heating,0,0,0,0,0,0,0,0,0,0,0,0
S01008862,Other central heating,2,0,2,2,0,2,0,0,0,0,0,0
S01008862,Two or more types of central heating,8,0,8,8,0,8,0,0,0,0,0,0
S01008863,All people in households,733,84,649,663,30,633,42,27,15,28,27,1
S01008863,No central heating,29,4,25,23,0,23,2,0,2,4,4,0
S01008863,Gas central heating,648,69,579,592,27,565,33,20,13,23,22,1
S01008863,Electric (including storage heaters) central heating,47,11,36,39,3,36,7,7,0,1,1,0
S01008863,Oil central heating,0,0,0,0,0,0,0,0,0,0,0,0
S01008863,Solid fuel (for example wood coal) central heating,0,0,0,0,0,0,0,0,0,0,0,0
S01008863,Other central heating,0,0,0,0,0,0,0,0,0,0,0,0
S01008863,Two or more types of central heating,9,0,9,9,0,9,0,0,0,0,0,0
S01008864,All people in households,721,105,616,645,47,598,59,43,16,17,15,2
S01008864,No central heating,16,8,8,10,2,8,5,5,0,1,1,0
S01008864,Gas central heating,593,48,545,554,24,530,31,18,13,8,6,2
S01008864,Electric (including storage heaters) central heating,87,47,40,58,20,38,21,19,2,8,8,0
S01008864,Oil central heating,10,0,10,10,0,10,0,0,0,0,0,0
S01008864,Solid fuel (for example wood coal) central heating,0,0,0,0,0,0,0,0,0,0,0,0
S01008864,Other central heating,2,0,2,2,0,2,0,0,0,0,0,0
S01008864,Two or more types of central heating,13,2,11,11,1,10,2,1,1,0,0,0
S01008865,All people in households,850,105,745,777,47,730,58,43,15,15,15,0
S01008865,No central heating,43,9,34,36,3,33,6,5,1,1,1,0
S01008865,Gas central heating,690,72,618,637,31,606,43,31,12,10,10,0
S01008865,Electric (including storage heaters) central heating,103,21,82,93,12,81,7,6,1,3,3,0
S01008865,Oil central heating,2,1,1,1,0,1,1,1,0,0,0,0
S01008865,Solid fuel (for example wood coal) central heating,0,0,0,0,0,0,0,0,0,0,0,0
S01008865,Other central heating,0,0,0,0,0,0,0,0,0,0,0,0
S01008865,Two or more types of central heating,12,2,10,10,1,9,1,0,1,1,1,0
S01008866,All people in households,798,75,723,736,29,707,46,30,16,16,16,0
S01008866,No central heating,28,9,19,19,2,17,3,1,2,6,6,0
S01008866,Gas central heating,713,54,659,671,24,647,32,20,12,10,10,0
S01008866,Electric (including storage heaters) central heating,42,10,32,34,3,31,8,7,1,0,0,0
S01008866,Oil central heating,0,0,0,0,0,0,0,0,0,0,0,0
S01008866,Solid fuel (for example wood coal) central heating,0,0,0,0,0,0,0,0,0,0,0,0
S01008866,Other central heating,0,0,0,0,0,0,0,0,0,0,0,0
S01008866,Two or more types of central heating,15,2,13,12,0,12,3,2,1,0,0,0
S01008867,All people in households,800,78,722,737,28,709,47,34,13,16,16,0
S01008867,No central heating,30,11,19,28,9,19,2,2,0,0,0,0
S01008867,Gas central heating,701,61,640,646,18,628,42,30,12,13,13,0
S01008867,Electric (including storage heaters) central heating,62,6,56,56,1,55,3,2,1,3,3,0
S01008867,Oil central heating,2,0,2,2,0,2,0,0,0,0,0,0
S01008867,Solid fuel (for example wood coal) central heating,0,0,0,0,0,0,0,0,0,0,0,0
S01008867,Other central heating,0,0,0,0,0,0,0,0,0,0,0,0
S01008867,Two or more types of central heating,5,0,5,5,0,5,0,0,0,0,0,0
S01008868,All people in households,726,37,689,682,15,667,33,13,20,11,9,2
S01008868,No central heating,40,1,39,39,1,38,1,0,1,0,0,0
S01008868,Gas central heating,559,31,528,521,11,510,27,11,16,11,9,2
S01008868,Electric (including storage heaters) central heating,109,3,106,105,2,103,4,1,3,0,0,0
S01008868,Oil central heating,0,0,0,0,0,0,0,0,0,0,0,0
S01008868,Solid fuel (for example wood coal) central heating,0,0,0,0,0,0,0,0,0,0,0,0
S01008868,Other central heating,2,1,1,2,1,1,0,0,0,0,0,0
S01008868,Two or more types of central heating,16,1,15,15,0,15,1,1,0,0,0,0
S01008869,All people in households,998,122,876,901,50,851,79,54,25,18,18,0
S01008869,No central heating,27,3,24,24,1,23,2,1,1,1,1,0
S01008869,Gas central heating,816,97,719,741,39,702,61,44,17,14,14,0
S01008869,Electric (including storage heaters) central heating,137,21,116,118,9,109,16,9,7,3,3,0
S01008869,Oil central heating,0,0,0,0,0,0,0,0,0,0,0,0
S01008869,Solid fuel (for example wood coal) central heating,0,0,0,0,0,0,0,0,0,0,0,0
S01008869,Other central heating,8,1,7,8,1,7,0,0,0,0,0,0
S01008869,Two or more types of central heating,10,0,10,10,0,10,0,0,0,0,0,0
S01008870,All people in households,757,90,667,673,35,638,66,39,27,18,16,2
S01008870,No central heating,36,7,29,31,3,28,3,2,1,2,2,0
S01008870,Gas central heating,594,61,533,538,24,514,45,27,18,11,10,1
S01008870,Electric (including storage heaters) central heating,119,22,97,96,8,88,18,10,8,5,4,1
S01008870,Oil central heating,0,0,0,0,0,0,0,0,0,0,0,0
S01008870,Solid fuel (for example wood coal) central heating,0,0,0,0,0,0,0,0,0,0,0,0
S01008870,Other central heating,0,0,0,0,0,0,0,0,0,0,0,0
S01008870,Two or more types of central heating,8,0,8,8,0,8,0,0,0,0,0,0
S01008871,All people in households,1031,87,944,958,36,922,57,35,22,16,16,0
S01008871,No central heating,12,4,8,11,3,8,0,0,0,1,1,0
S01008871,Gas central heating,907,77,830,840,31,809,53,32,21,14,14,0
S01008871,Electric (including storage heaters) central heating,98,4,94,95,1,94,2,2,0,1,1,0
S01008871,Oil central heating,0,0,0,0,0,0,0,0,0,0,0,0
S01008871,Solid fuel (for example wood coal) central heating,0,0,0,0,0,0,0,0,0,0,0,0
S01008871,Other central heating,0,0,0,0,0,0,0,0,0,0,0,0
S01008871,Two or more types of central heating,14,2,12,12,1,11,2,1,1,0,0,0
S01008872,All people in households,851,65,786,799,31,768,36,20,16,16,14,2
S01008872,No central heating,11,2,9,9,0,9,0,0,0,2,2,0
S01008872,Gas central heating,760,57,703,715,28,687,33,19,14,12,10,2
S01008872,Electric (including storage heaters) central heating,56,2,54,53,1,52,2,0,2,1,1,0
S01008872,Oil central heating,4,0,4,4,0,4,0,0,0,0,0,0
S01008872,Solid fuel (for example wood coal) central heating,0,0,0,0,0,0,0,0,0,0,0,0
S01008872,Other central heating,11,2,9,10,1,9,0,0,0,1,1,0
S01008872,Two or more types of central heating,9,2,7,8,1,7,1,1,0,0,0,0
S01008873,All people in households,688,59,629,644,31,613,29,15,14,15,13,2
S01008873,No central heating,17,2,15,17,2,15,0,0,0,0,0,0
S01008873,Gas central heating,621,51,570,583,26,557,26,14,12,12,11,1
S01008873,Electric (including storage heaters) central heating,31,5,26,28,3,25,1,0,1,2,2,0
S01008873,Oil central heating,4,0,4,3,0,3,1,0,1,0,0,0
S01008873,Solid fuel (for example wood coal) central heating,0,0,0,0,0,0,0,0,0,0,0,0
S01008873,Other central heating,0,0,0,0,0,0,0,0,0,0,0,0
S01008873,Two or more types of central heating,15,1,14,13,0,13,1,1,0,1,0,1
S01008874,All people in households,848,118,730,761,48,713,65,50,15,22,20,2
S01008874,No central heating,8,1,7,7,0,7,0,0,0,1,1,0
S01008874,Gas central heating,708,101,607,637,41,596,56,45,11,15,15,0
S01008874,Electric (including storage heaters) central heating,121,14,107,106,5,101,9,5,4,6,4,2
S01008874,Oil central heating,0,0,0,0,0,0,0,0,0,0,0,0
S01008874,Solid fuel (for example wood coal) central heating,0,0,0,0,0,0,0,0,0,0,0,0
S01008874,Other central heating,6,1,5,6,1,5,0,0,0,0,0,0
S01008874,Two or more types of central heating,5,1,4,5,1,4,0,0,0,0,0,0
S01008875,All people in households,820,121,699,707,39,668,88,57,31,25,25,0
S01008875,No central heating,47,9,38,36,3,33,9,4,5,2,2,0
S01008875,Gas central heating,609,56,553,544,14,530,52,29,23,13,13,0
S01008875,Electric (including storage heaters) central heating,148,55,93,111,21,90,27,24,3,10,10,0
S01008875,Oil central heating,0,0,0,0,0,0,0,0,0,0,0,0
S01008875,Solid fuel (for example wood coal) central heating,0,0,0,0,0,0,0,0,0,0,0,0
S01008875,Other central heating,2,0,2,2,0,2,0,0,0,0,0,0
S01008875,Two or more types of central heating,14,1,13,14,1,13,0,0,0,0,0,0
S01008876,All people in households,587,120,467,502,46,456,57,47,10,28,27,1
S01008876,No central heating,6,2,4,5,1,4,1,1,0,0,0,0
S01008876,Gas central heating,490,67,423,442,28,414,34,26,8,14,13,1
S01008876,Electric (including storage heaters) central heating,83,51,32,48,17,31,21,20,1,14,14,0
S01008876,Oil central heating,0,0,0,0,0,0,0,0,0,0,0,0
S01008876,Solid fuel (for example wood coal) central heating,0,0,0,0,0,0,0,0,0,0,0,0
S01008876,Other central heating,0,0,0,0,0,0,0,0,0,0,0,0
S01008876,Two or more types of central heating,8,0,8,7,0,7,1,0,1,0,0,0
S01008877,All people in households,548,58,490,504,28,476,37,23,14,7,7,0
S01008877,No central heating,6,0,6,6,0,6,0,0,0,0,0,0
S01008877,Gas central heating,511,53,458,472,27,445,33,20,13,6,6,0
S01008877,Electric (including storage heaters) central heating,24,4,20,20,0,20,3,3,0,1,1,0
S01008877,Oil central heating,0,0,0,0,0,0,0,0,0,0,0,0
S01008877,Solid fuel (for example wood coal) central heating,0,0,0,0,0,0,0,0,0,0,0,0
S01008877,Other central heating,2,0,2,2,0,2,0,0,0,0,0,0
S01008877,Two or more types of central heating,5,1,4,4,1,3,1,0,1,0,0,0
S01008878,All people in households,907,216,691,743,78,665,110,85,25,54,53,1
S01008878,No central heating,11,5,6,8,2,6,2,2,0,1,1,0
S01008878,Gas central heating,837,187,650,697,70,627,94,72,22,46,45,1
S01008878,Electric (including storage heaters) central heating,37,18,19,23,5,18,10,9,1,4,4,0
S01008878,Oil central heating,2,0,2,2,0,2,0,0,0,0,0,0
S01008878,Solid fuel (for example wood coal) central heating,0,0,0,0,0,0,0,0,0,0,0,0
S01008878,Other central heating,0,0,0,0,0,0,0,0,0,0,0,0
S01008878,Two or more types of central heating,20,6,14,13,1,12,4,2,2,3,3,0
S01008879,All people in households,817,150,667,704,65,639,87,59,28,26,26,0
S01008879,No central heating,17,8,9,11,2,9,6,6,0,0,0,0
S01008879,Gas central heating,758,132,626,662,60,602,74,50,24,22,22,0
S01008879,Electric (including storage heaters) central heating,25,9,16,17,3,14,5,3,2,3,3,0
S01008879,Oil central heating,0,0,0,0,0,0,0,0,0,0,0,0
S01008879,Solid fuel (for example wood coal) central heating,0,0,0,0,0,0,0,0,0,0,0,0
S01008879,Other central heating,0,0,0,0,0,0,0,0,0,0,0,0
S01008879,Two or more types of central heating,17,1,16,14,0,14,2,0,2,1,1,0
S01008880,All people in households,595,98,497,517,42,475,60,39,21,18,17,1
S01008880,No central heating,2,2,0,1,1,0,1,1,0,0,0,0
S01008880,Gas central heating,569,90,479,499,40,459,55,36,19,15,14,1
S01008880,Electric (including storage heaters) central heating,12,4,8,8,1,7,2,1,1,2,2,0
S01008880,Oil central heating,0,0,0,0,0,0,0,0,0,0,0,0
S01008880,Solid fuel (for example wood coal) central heating,0,0,0,0,0,0,0,0,0,0,0,0
S01008880,Other central heating,0,0,0,0,0,0,0,0,0,0,0,0
S01008880,Two or more types of central heating,12,2,10,9,0,9,2,1,1,1,1,0
S01008881,All people in households,520,70,450,469,34,435,40,26,14,11,10,1
S01008881,No central heating,12,0,12,12,0,12,0,0,0,0,0,0
S01008881,Gas central heating,459,67,392,411,33,378,37,24,13,11,10,1
S01008881,Electric (including storage heaters) central heating,46,2,44,43,0,43,3,2,1,0,0,0
S01008881,Oil central heating,1,0,1,1,0,1,0,0,0,0,0,0
S01008881,Solid fuel (for example wood coal) central heating,0,0,0,0,0,0,0,0,0,0,0,0
S01008881,Other central heating,0,0,0,0,0,0,0,0,0,0,0,0
S01008881,Two or more types of central heating,2,1,1,2,1,1,0,0,0,0,0,0
S01008882,All people in households,976,93,883,913,47,866,48,32,16,15,14,1
S01008882,No central heating,7,3,4,7,3,4,0,0,0,0,0,0
S01008882,Gas central heating,943,87,856,882,43,839,47,31,16,14,13,1
S01008882,Electric (including storage heaters) central heating,9,2,7,8,1,7,1,1,0,0,0,0
S01008882,Oil central heating,4,0,4,4,0,4,0,0,0,0,0,0
S01008882,Solid fuel (for example wood coal) central heating,0,0,0,0,0,0,0,0,0,0,0,0
S01008882,Other central heating,0,0,0,0,0,0,0,0,0,0,0,0
S01008882,Two or more types of central heating,13,1,12,12,0,12,0,0,0,1,1,0
S01008883,All people in households,869,110,759,791,52,739,66,49,17,12,9,3
S01008883,No central heating,3,0,3,2,0,2,1,0,1,0,0,0
S01008883,Gas central heating,827,101,726,754,47,707,61,45,16,12,9,3
S01008883,Electric (including storage heaters) central heating,26,5,21,23,2,21,3,3,0,0,0,0
S01008883,Oil central heating,4,1,3,4,1,3,0,0,0,0,0,0
S01008883,Solid fuel (for example wood coal) central heating,0,0,0,0,0,0,0,0,0,0,0,0
S01008883,Other central heating,5,1,4,4,0,4,1,1,0,0,0,0
S01008883,Two or more types of central heating,4,2,2,4,2,2,0,0,0,0,0,0
S01008884,All people in households,706,114,592,627,52,575,64,47,17,15,15,0
S01008884,No central heating,10,3,7,7,1,6,3,2,1,0,0,0
S01008884,Gas central heating,640,98,542,574,44,530,51,39,12,15,15,0
S01008884,Electric (including storage heaters) central heating,48,9,39,38,3,35,10,6,4,0,0,0
S01008884,Oil central heating,0,0,0,0,0,0,0,0,0,0,0,0
S01008884,Solid fuel (for example wood coal) central heating,0,0,0,0,0,0,0,0,0,0,0,0
S01008884,Other central heating,0,0,0,0,0,0,0,0,0,0,0,0
S01008884,Two or more types of central heating,8,4,4,8,4,4,0,0,0,0,0,0
S01008885,All people in households,888,95,793,832,51,781,44,32,12,12,12,0
S01008885,No central heating,4,1,3,3,0,3,1,1,0,0,0,0
S01008885,Gas central heating,839,83,756,791,46,745,36,25,11,12,12,0
S01008885,Electric (including storage heaters) central heating,20,8,12,14,3,11,6,5,1,0,0,0
S01008885,Oil central heating,0,0,0,0,0,0,0,0,0,0,0,0
S01008885,Solid fuel (for example wood coal) central heating,0,0,0,0,0,0,0,0,0,0,0,0
S01008885,Other central heating,5,0,5,5,0,5,0,0,0,0,0,0
S01008885,Two or more types of central heating,20,3,17,19,2,17,1,1,0,0,0,0
S01008886,All people in households,804,107,697,717,46,671,69,43,26,18,18,0
S01008886,No central heating,5,1,4,4,0,4,0,0,0,1,1,0
S01008886,Gas central heating,706,92,614,634,41,593,57,36,21,15,15,0
S01008886,Electric (including storage heaters) central heating,83,14,69,69,5,64,12,7,5,2,2,0
S01008886,Oil central heating,0,0,0,0,0,0,0,0,0,0,0,0
S01008886,Solid fuel (for example wood coal) central heating,0,0,0,0,0,0,0,0,0,0,0,0
S01008886,Other central heating,5,0,5,5,0,5,0,0,0,0,0,0
S01008886,Two or more types of central heating,5,0,5,5,0,5,0,0,0,0,0,0
S01008887,All people in households,766,131,635,676,62,614,74,53,21,16,16,0
S01008887,No central heating,12,2,10,9,0,9,3,2,1,0,0,0
S01008887,Gas central heating,687,107,580,613,49,564,59,43,16,15,15,0
S01008887,Electric (including storage heaters) central heating,59,20,39,46,11,35,12,8,4,1,1,0
S01008887,Oil central heating,0,0,0,0,0,0,0,0,0,0,0,0
S01008887,Solid fuel (for example wood coal) central heating,0,0,0,0,0,0,0,0,0,0,0,0
S01008887,Other central heating,8,2,6,8,2,6,0,0,0,0,0,0
S01008887,Two or more types of central heating,0,0,0,0,0,0,0,0,0,0,0,0
S01008888,All people in households,592,62,530,551,35,516,35,21,14,6,6,0
S01008888,No central heating,2,0,2,2,0,2,0,0,0,0,0,0
S01008888,Gas central heating,476,49,427,443,29,414,28,15,13,5,5,0
S01008888,Electric (including storage heaters) central heating,100,12,88,92,5,87,7,6,1,1,1,0
S01008888,Oil central heating,0,0,0,0,0,0,0,0,0,0,0,0
S01008888,Solid fuel (for example wood coal) central heating,0,0,0,0,0,0,0,0,0,0,0,0
S01008888,Other central heating,0,0,0,0,0,0,0,0,0,0,0,0
S01008888,Two or more types of central heating,14,1,13,14,1,13,0,0,0,0,0,0
S01008889,All people in households,542,64,478,489,31,458,39,19,20,14,14,0
S01008889,No central heating,7,1,6,6,0,6,0,0,0,1,1,0
S01008889,Gas central heating,493,59,434,443,29,414,39,19,20,11,11,0
S01008889,Electric (including storage heaters) central heating,37,4,33,35,2,33,0,0,0,2,2,0
S01008889,Oil central heating,0,0,0,0,0,0,0,0,0,0,0,0
S01008889,Solid fuel (for example wood coal) central heating,0,0,0,0,0,0,0,0,0,0,0,0
S01008889,Other central heating,0,0,0,0,0,0,0,0,0,0,0,0
S01008889,Two or more types of central heating,5,0,5,5,0,5,0,0,0,0,0,0
S01008890,All people in households,716,123,593,620,51,569,69,45,24,27,27,0
S01008890,No central heating,7,1,6,6,0,6,1,1,0,0,0,0
S01008890,Gas central heating,666,108,558,582,47,535,65,42,23,19,19,0
S01008890,Electric (including storage heaters) central heating,32,9,23,24,2,22,3,2,1,5,5,0
S01008890,Oil central heating,0,0,0,0,0,0,0,0,0,0,0,0
S01008890,Solid fuel (for example wood coal) central heating,0,0,0,0,0,0,0,0,0,0,0,0
S01008890,Other central heating,0,0,0,0,0,0,0,0,0,0,0,0
S01008890,Two or more types of central heating,11,5,6,8,2,6,0,0,0,3,3,0
S01008891,All people in households,763,124,639,672,54,618,74,53,21,17,17,0
S01008891,No central heating,10,5,5,8,3,5,2,2,0,0,0,0
S01008891,Gas central heating,718,111,607,636,50,586,66,45,21,16,16,0
S01008891,Electric (including storage heaters) central heating,20,6,14,15,1,14,5,5,0,0,0,0
S01008891,Oil central heating,3,2,1,1,0,1,1,1,0,1,1,0
S01008891,Solid fuel (for example wood coal) central heating,0,0,0,0,0,0,0,0,0,0,0,0
S01008891,Other central heating,0,0,0,0,0,0,0,0,0,0,0,0
S01008891,Two or more types of central heating,12,0,12,12,0,12,0,0,0,0,0,0
S01008892,All people in households,971,187,784,822,70,752,108,76,32,41,41,0
S01008892,No central heating,12,2,10,11,1,10,1,1,0,0,0,0
S01008892,Gas central heating,658,107,551,572,41,531,62,42,20,24,24,0
S01008892,Electric (including storage heaters) central heating,260,69,191,205,24,181,39,29,10,16,16,0
S01008892,Oil central heating,2,0,2,2,0,2,0,0,0,0,0,0
S01008892,Solid fuel (for example wood coal) central heating,0,0,0,0,0,0,0,0,0,0,0,0
S01008892,Other central heating,25,6,19,19,2,17,6,4,2,0,0,0
S01008892,Two or more types of central heating,14,3,11,13,2,11,0,0,0,1,1,0
S01008893,All people in households,899,115,784,818,55,763,59,38,21,22,22,0
S01008893,No central heating,11,3,8,10,2,8,1,1,0,0,0,0
S01008893,Gas central heating,851,103,748,780,52,728,52,32,20,19,19,0
S01008893,Electric (including storage heaters) central heating,17,7,10,10,1,9,6,5,1,1,1,0
S01008893,Oil central heating,0,0,0,0,0,0,0,0,0,0,0,0
S01008893,Solid fuel (for example wood coal) central heating,4,0,4,4,0,4,0,0,0,0,0,0
S01008893,Other central heating,4,1,3,3,0,3,0,0,0,1,1,0
S01008893,Two or more types of central heating,12,1,11,11,0,11,0,0,0,1,1,0
S01008894,All people in households,868,107,761,789,44,745,63,47,16,16,16,0
S01008894,No central heating,4,1,3,3,0,3,0,0,0,1,1,0
S01008894,Gas central heating,827,97,730,757,43,714,57,41,16,13,13,0
S01008894,Electric (including storage heaters) central heating,27,7,20,21,1,20,5,5,0,1,1,0
S01008894,Oil central heating,0,0,0,0,0,0,0,0,0,0,0,0
S01008894,Solid fuel (for example wood coal) central heating,0,0,0,0,0,0,0,0,0,0,0,0
S01008894,Other central heating,4,2,2,2,0,2,1,1,0,1,1,0
S01008894,Two or more types of central heating,6,0,6,6,0,6,0,0,0,0,0,0
S01008895,All people in households,715,87,628,656,39,617,45,34,11,14,14,0
S01008895,No central heating,8,1,7,7,0,7,0,0,0,1,1,0
S01008895,Gas central heating,678,84,594,622,39,583,43,32,11,13,13,0
S01008895,Electric (including storage heaters) central heating,6,1,5,5,0,5,1,1,0,0,0,0
S01008895,Oil central heating,0,0,0,0,0,0,0,0,0,0,0,0
S01008895,Solid fuel (for example wood coal) central heating,0,0,0,0,0,0,0,0,0,0,0,0
S01008895,Other central heating,9,0,9,9,0,9,0,0,0,0,0,0
S01008895,Two or more types of central heating,14,1,13,13,0,13,1,1,0,0,0,0
S01008896,All people in households,566,44,522,529,22,507,28,14,14,9,8,1
S01008896,No central heating,0,0,0,0,0,0,0,0,0,0,0,0
S01008896,Gas central heating,558,43,515,522,22,500,28,14,14,8,7,1
S01008896,Electric (including storage heaters) central heating,8,1,7,7,0,7,0,0,0,1,1,0
S01008896,Oil central heating,0,0,0,0,0,0,0,0,0,0,0,0
S01008896,Solid fuel (for example wood coal) central heating,0,0,0,0,0,0,0,0,0,0,0,0
S01008896,Other central heating,0,0,0,0,0,0,0,0,0,0,0,0
S01008896,Two or more types of central heating,0,0,0,0,0,0,0,0,0,0,0,0
S01008897,All people in households,689,110,579,626,65,561,46,29,17,17,16,1
S01008897,No central heating,5,2,3,4,2,2,1,0,1,0,0,0
S01008897,Gas central heating,682,106,576,620,61,559,45,29,16,17,16,1
S01008897,Electric (including storage heaters) central heating,2,2,0,2,2,0,0,0,0,0,0,0
S01008897,Oil central heating,0,0,0,0,0,0,0,0,0,0,0,0
S01008897,Solid fuel (for example wood coal) central heating,0,0,0,0,0,0,0,0,0,0,0,0
S01008897,Other central heating,0,0,0,0,0,0,0,0,0,0,0,0
S01008897,Two or more types of central heating,0,0,0,0,0,0,0,0,0,0,0,0
S01008898,All people in households,870,104,766,793,51,742,58,34,24,19,19,0
S01008898,No central heating,9,2,7,8,1,7,0,0,0,1,1,0
S01008898,Gas central heating,829,96,733,757,47,710,54,31,23,18,18,0
S01008898,Electric (including storage heaters) central heating,11,5,6,8,2,6,3,3,0,0,0,0
S01008898,Oil central heating,1,0,1,1,0,1,0,0,0,0,0,0
S01008898,Solid fuel (for example wood coal) central heating,0,0,0,0,0,0,0,0,0,0,0,0
S01008898,Other central heating,0,0,0,0,0,0,0,0,0,0,0,0
S01008898,Two or more types of central heating,20,1,19,19,1,18,1,0,1,0,0,0
S01008899,All people in households,843,219,624,653,70,583,125,88,37,65,61,4
S01008899,No central heating,11,2,9,10,1,9,0,0,0,1,1,0
S01008899,Gas central heating,780,207,573,604,68,536,116,82,34,60,57,3
S01008899,Electric (including storage heaters) central heating,32,5,27,25,0,25,6,4,2,1,1,0
S01008899,Oil central heating,0,0,0,0,0,0,0,0,0,0,0,0
S01008899,Solid fuel (for example wood coal) central heating,0,0,0,0,0,0,0,0,0,0,0,0
S01008899,Other central heating,1,0,1,0,0,0,1,0,1,0,0,0
S01008899,Two or more types of central heating,19,5,14,14,1,13,2,2,0,3,2,1
S01008900,All people in households,948,200,748,760,63,697,137,89,48,51,48,3
S01008900,No central heating,33,8,25,23,1,22,8,5,3,2,2,0
S01008900,Gas central heating,864,182,682,696,59,637,120,78,42,48,45,3
S01008900,Electric (including storage heaters) central heating,32,7,25,25,2,23,7,5,2,0,0,0
S01008900,Oil central heating,1,1,0,0,0,0,1,1,0,0,0,0
S01008900,Solid fuel (for example wood coal) central heating,2,0,2,1,0,1,1,0,1,0,0,0
S01008900,Other central heating,0,0,0,0,0,0,0,0,0,0,0,0
S01008900,Two or more types of central heating,16,2,14,15,1,14,0,0,0,1,1,0
S01008901,All people in households,846,193,653,664,54,610,121,79,42,61,60,1
S01008901,No central heating,16,5,11,11,2,9,3,1,2,2,2,0
S01008901,Gas central heating,753,173,580,589,46,543,108,72,36,56,55,1
S01008901,Electric (including storage heaters) central heating,52,9,43,44,5,39,7,3,4,1,1,0
S01008901,Oil central heating,0,0,0,0,0,0,0,0,0,0,0,0
S01008901,Solid fuel (for example wood coal) central heating,0,0,0,0,0,0,0,0,0,0,0,0
S01008901,Other central heating,0,0,0,0,0,0,0,0,0,0,0,0
S01008901,Two or more types of central heating,25,6,19,20,1,19,3,3,0,2,2,0
S01008902,All people in households,1012,212,800,817,69,748,132,83,49,63,60,3
S01008902,No central heating,55,8,47,47,3,44,4,1,3,4,4,0
S01008902,Gas central heating,853,181,672,691,60,631,111,73,38,51,48,3
S01008902,Electric (including storage heaters) central heating,78,15,63,65,6,59,10,6,4,3,3,0
S01008902,Oil central heating,0,0,0,0,0,0,0,0,0,0,0,0
S01008902,Solid fuel (for example wood coal) central heating,0,0,0,0,0,0,0,0,0,0,0,0
S01008902,Other central heating,3,0,3,2,0,2,1,0,1,0,0,0
S01008902,Two or more types of central heating,23,8,15,12,0,12,6,3,3,5,5,0
S01008903,All people in households,962,229,733,751,57,694,154,115,39,57,57,0
S01008903,No central heating,15,4,11,12,1,11,1,1,0,2,2,0
S01008903,Gas central heating,846,177,669,691,49,642,118,91,27,37,37,0
S01008903,Electric (including storage heaters) central heating,78,44,34,31,6,25,30,21,9,17,17,0
S01008903,Oil central heating,0,0,0,0,0,0,0,0,0,0,0,0
S01008903,Solid fuel (for example wood coal) central heating,1,0,1,0,0,0,1,0,1,0,0,0
S01008903,Other central heating,7,2,5,3,0,3,3,1,2,1,1,0
S01008903,Two or more types of central heating,15,2,13,14,1,13,1,1,0,0,0,0
S01008904,All people in households,1073,200,873,868,53,815,138,82,56,67,65,2
S01008904,No central heating,31,5,26,25,1,24,3,1,2,3,3,0
S01008904,Gas central heating,855,173,682,683,49,634,114,68,46,58,56,2
S01008904,Electric (including storage heaters) central heating,118,15,103,99,2,97,16,10,6,3,3,0
S01008904,Oil central heating,0,0,0,0,0,0,0,0,0,0,0,0
S01008904,Solid fuel (for example wood coal) central heating,1,0,1,1,0,1,0,0,0,0,0,0
S01008904,Other central heating,1,0,1,1,0,1,0,0,0,0,0,0
S01008904,Two or more types of central heating,67,7,60,59,1,58,5,3,2,3,3,0
S01008905,All people in households,1104,226,878,878,55,823,161,108,53,65,63,2
S01008905,No central heating,89,8,81,73,0,73,13,5,8,3,3,0
S01008905,Gas central heating,522,136,386,398,34,364,90,69,21,34,33,1
S01008905,Electric (including storage heaters) central heating,438,70,368,361,17,344,54,31,23,23,22,1
S01008905,Oil central heating,0,0,0,0,0,0,0,0,0,0,0,0
S01008905,Solid fuel (for example wood coal) central heating,1,0,1,1,0,1,0,0,0,0,0,0
S01008905,Other central heating,3,1,2,3,1,2,0,0,0,0,0,0
S01008905,Two or more types of central heating,51,11,40,42,3,39,4,3,1,5,5,0
S01008906,All people in households,813,177,636,647,63,584,111,59,52,55,55,0
S01008906,No central heating,21,3,18,14,0,14,5,1,4,2,2,0
S01008906,Gas central heating,524,96,428,438,38,400,58,30,28,28,28,0
S01008906,Electric (including storage heaters) central heating,223,70,153,156,19,137,42,26,16,25,25,0
S01008906,Oil central heating,0,0,0,0,0,0,0,0,0,0,0,0
S01008906,Solid fuel (for example wood coal) central heating,0,0,0,0,0,0,0,0,0,0,0,0
S01008906,Other central heating,0,0,0,0,0,0,0,0,0,0,0,0
S01008906,Two or more types of central heating,45,8,37,39,6,33,6,2,4,0,0,0
S01008907,All people in households,692,152,540,560,51,509,86,55,31,46,46,0
S01008907,No central heating,5,0,5,5,0,5,0,0,0,0,0,0
S01008907,Gas central heating,600,134,466,484,45,439,74,47,27,42,42,0
S01008907,Electric (including storage heaters) central heating,48,11,37,37,2,35,7,5,2,4,4,0
S01008907,Oil central heating,0,0,0,0,0,0,0,0,0,0,0,0
S01008907,Solid fuel (for example wood coal) central heating,0,0,0,0,0,0,0,0,0,0,0,0
S01008907,Other central heating,0,0,0,0,0,0,0,0,0,0,0,0
S01008907,Two or more types of central heating,39,7,32,34,4,30,5,3,2,0,0,0
S01008908,All people in households,929,179,750,748,50,698,123,75,48,58,54,4
S01008908,No central heating,14,2,12,11,0,11,1,0,1,2,2,0
S01008908,Gas central heating,824,154,670,675,47,628,99,60,39,50,47,3
S01008908,Electric (including storage heaters) central heating,59,18,41,41,2,39,13,11,2,5,5,0
S01008908,Oil central heating,0,0,0,0,0,0,0,0,0,0,0,0
S01008908,Solid fuel (for example wood coal) central heating,0,0,0,0,0,0,0,0,0,0,0,0
S01008908,Other central heating,0,0,0,0,0,0,0,0,0,0,0,0
S01008908,Two or more types of central heating,32,5,27,21,1,20,10,4,6,1,0,1
S01008909,All people in households,797,114,683,698,42,656,77,50,27,22,22,0
S01008909,No central heating,25,2,23,24,1,23,1,1,0,0,0,0
S01008909,Gas central heating,715,101,614,626,38,588,67,41,26,22,22,0
S01008909,Electric (including storage heaters) central heating,51,10,41,43,3,40,8,7,1,0,0,0
S01008909,Oil central heating,0,0,0,0,0,0,0,0,0,0,0,0
S01008909,Solid fuel (for example wood coal) central heating,0,0,0,0,0,0,0,0,0,0,0,0
S01008909,Other central heating,0,0,0,0,0,0,0,0,0,0,0,0
S01008909,Two or more types of central heating,6,1,5,5,0,5,1,1,0,0,0,0
S01008910,All people in households,476,64,412,402,19,383,59,30,29,15,15,0
S01008910,No central heating,22,5,17,19,3,16,2,1,1,1,1,0
S01008910,Gas central heating,405,53,352,343,14,329,50,27,23,12,12,0
S01008910,Electric (including storage heaters) central heating,45,5,40,38,2,36,6,2,4,1,1,0
S01008910,Oil central heating,3,1,2,1,0,1,1,0,1,1,1,0
S01008910,Solid fuel (for example wood coal) central heating,0,0,0,0,0,0,0,0,0,0,0,0
S01008910,Other central heating,0,0,0,0,0,0,0,0,0,0,0,0
S01008910,Two or more types of central heating,1,0,1,1,0,1,0,0,0,0,0,0
S01008911,All people in households,861,55,806,813,27,786,36,17,19,12,11,1
S01008911,No central heating,5,1,4,5,1,4,0,0,0,0,0,0
S01008911,Gas central heating,786,53,733,742,26,716,32,16,16,12,11,1
S01008911,Electric (including storage heaters) central heating,31,0,31,31,0,31,0,0,0,0,0,0
S01008911,Oil central heating,0,0,0,0,0,0,0,0,0,0,0,0
S01008911,Solid fuel (for example wood coal) central heating,0,0,0,0,0,0,0,0,0,0,0,0
S01008911,Other central heating,0,0,0,0,0,0,0,0,0,0,0,0
S01008911,Two or more types of central heating,39,1,38,35,0,35,4,1,3,0,0,0
S01008912,All people in households,792,117,675,701,44,657,63,46,17,28,27,1
S01008912,No central heating,4,1,3,3,0,3,1,1,0,0,0,0
S01008912,Gas central heating,768,107,661,686,42,644,56,40,16,26,25,1
S01008912,Electric (including storage heaters) central heating,10,5,5,6,1,5,2,2,0,2,2,0
S01008912,Oil central heating,0,0,0,0,0,0,0,0,0,0,0,0
S01008912,Solid fuel (for example wood coal) central heating,0,0,0,0,0,0,0,0,0,0,0,0
S01008912,Other central heating,6,1,5,4,0,4,2,1,1,0,0,0
S01008912,Two or more types of central heating,4,3,1,2,1,1,2,2,0,0,0,0
S01008913,All people in households,684,66,618,627,27,600,43,26,17,14,13,1
S01008913,No central heating,19,3,16,14,0,14,4,2,2,1,1,0
S01008913,Gas central heating,619,60,559,569,25,544,38,24,14,12,11,1
S01008913,Electric (including storage heaters) central heating,40,3,37,39,2,37,0,0,0,1,1,0
S01008913,Oil central heating,0,0,0,0,0,0,0,0,0,0,0,0
S01008913,Solid fuel (for example wood coal) central heating,0,0,0,0,0,0,0,0,0,0,0,0
S01008913,Other central heating,0,0,0,0,0,0,0,0,0,0,0,0
S01008913,Two or more types of central heating,6,0,6,5,0,5,1,0,1,0,0,0
S01008914,All people in households,868,209,659,689,63,626,123,92,31,56,54,2
S01008914,No central heating,12,4,8,9,1,8,3,3,0,0,0,0
S01008914,Gas central heating,805,196,609,640,58,582,111,86,25,54,52,2
S01008914,Electric (including storage heaters) central heating,23,7,16,15,2,13,6,3,3,2,2,0
S01008914,Oil central heating,0,0,0,0,0,0,0,0,0,0,0,0
S01008914,Solid fuel (for example wood coal) central heating,0,0,0,0,0,0,0,0,0,0,0,0
S01008914,Other central heating,0,0,0,0,0,0,0,0,0,0,0,0
S01008914,Two or more types of central heating,28,2,26,25,2,23,3,0,3,0,0,0
S01008915,All people in households,569,88,481,508,38,470,43,32,11,18,18,0
S01008915,No central heating,1,0,1,0,0,0,1,0,1,0,0,0
S01008915,Gas central heating,553,84,469,495,36,459,41,31,10,17,17,0
S01008915,Electric (including storage heaters) central heating,5,2,3,5,2,3,0,0,0,0,0,0
S01008915,Oil central heating,0,0,0,0,0,0,0,0,0,0,0,0
S01008915,Solid fuel (for example wood coal) central heating,7,2,5,5,0,5,1,1,0,1,1,0
S01008915,Other central heating,0,0,0,0,0,0,0,0,0,0,0,0
S01008915,Two or more types of central heating,3,0,3,3,0,3,0,0,0,0,0,0
S01008916,All people in households,1085,337,748,774,79,695,217,166,51,94,92,2
S01008916,No central heating,11,6,5,6,1,5,5,5,0,0,0,0
S01008916,Gas central heating,951,291,660,679,64,615,185,142,43,87,85,2
S01008916,Electric (including storage heaters) central heating,88,32,56,63,13,50,19,13,6,6,6,0
S01008916,Oil central heating,0,0,0,0,0,0,0,0,0,0,0,0
S01008916,Solid fuel (for example wood coal) central heating,0,0,0,0,0,0,0,0,0,0,0,0
S01008916,Other central heating,1,1,0,0,0,0,1,1,0,0,0,0
S01008916,Two or more types of central heating,34,7,27,26,1,25,7,5,2,1,1,0
S01008917,All people in households,681,164,517,523,45,478,98,61,37,60,58,2
S01008917,No central heating,10,4,6,4,0,4,4,2,2,2,2,0
S01008917,Gas central heating,562,126,436,443,36,407,71,43,28,48,47,1
S01008917,Electric (including storage heaters) central heating,73,20,53,54,6,48,13,9,4,6,5,1
S01008917,Oil central heating,0,0,0,0,0,0,0,0,0,0,0,0
S01008917,Solid fuel (for example wood coal) central heating,0,0,0,0,0,0,0,0,0,0,0,0
S01008917,Other central heating,2,0,2,2,0,2,0,0,0,0,0,0
S01008917,Two or more types of central heating,34,14,20,20,3,17,10,7,3,4,4,0
S01008918,All people in households,584,107,477,454,19,435,86,51,35,44,37,7
S01008918,No central heating,3,2,1,1,0,1,2,2,0,0,0,0
S01008918,Gas central heating,529,88,441,417,13,404,73,43,30,39,32,7
S01008918,Electric (including storage heaters) central heating,17,7,10,12,3,9,4,3,1,1,1,0
S01008918,Oil central heating,0,0,0,0,0,0,0,0,0,0,0,0
S01008918,Solid fuel (for example wood coal) central heating,0,0,0,0,0,0,0,0,0,0,0,0
S01008918,Other central heating,1,1,0,0,0,0,0,0,0,1,1,0
S01008918,Two or more types of central heating,34,9,25,24,3,21,7,3,4,3,3,0
S01008919,All people in households,544,119,425,410,26,384,96,58,38,38,35,3
S01008919,No central heating,13,6,7,10,3,7,1,1,0,2,2,0
S01008919,Gas central heating,471,94,377,357,18,339,85,50,35,29,26,3
S01008919,Electric (including storage heaters) central heating,31,8,23,23,2,21,5,3,2,3,3,0
S01008919,Oil central heating,0,0,0,0,0,0,0,0,0,0,0,0
S01008919,Solid fuel (for example wood coal) central heating,0,0,0,0,0,0,0,0,0,0,0,0
S01008919,Other central heating,0,0,0,0,0,0,0,0,0,0,0,0
S01008919,Two or more types of central heating,29,11,18,20,3,17,5,4,1,4,4,0
S01008920,All people in households,1075,119,956,971,45,926,72,43,29,32,31,1
S01008920,No central heating,10,1,9,9,0,9,1,1,0,0,0,0
S01008920,Gas central heating,816,93,723,741,36,705,51,33,18,24,24,0
S01008920,Electric (including storage heaters) central heating,162,16,146,142,4,138,14,6,8,6,6,0
S01008920,Oil central heating,2,0,2,2,0,2,0,0,0,0,0,0
S01008920,Solid fuel (for example wood coal) central heating,2,1,1,2,1,1,0,0,0,0,0,0
S01008920,Other central heating,56,7,49,53,4,49,2,2,0,1,1,0
S01008920,Two or more types of central heating,27,1,26,22,0,22,4,1,3,1,0,1
S01008921,All people in households,755,198,557,550,49,501,131,75,56,74,74,0
S01008921,No central heating,10,4,6,7,1,6,1,1,0,2,2,0
S01008921,Gas central heating,652,170,482,480,44,436,109,63,46,63,63,0
S01008921,Electric (including storage heaters) central heating,43,11,32,28,2,26,11,5,6,4,4,0
S01008921,Oil central heating,0,0,0,0,0,0,0,0,0,0,0,0
S01008921,Solid fuel (for example wood coal) central heating,0,0,0,0,0,0,0,0,0,0,0,0
S01008921,Other central heating,3,1,2,2,0,2,1,1,0,0,0,0
S01008921,Two or more types of central heating,47,12,35,33,2,31,9,5,4,5,5,0
S01008922,All people in households,785,208,577,607,61,546,113,85,28,65,62,3
S01008922,No central heating,27,8,19,21,3,18,6,5,1,0,0,0
S01008922,Gas central heating,678,168,510,535,51,484,86,63,23,57,54,3
S01008922,Electric (including storage heaters) central heating,51,23,28,30,4,26,17,15,2,4,4,0
S01008922,Oil central heating,0,0,0,0,0,0,0,0,0,0,0,0
S01008922,Solid fuel (for example wood coal) central heating,0,0,0,0,0,0,0,0,0,0,0,0
S01008922,Other central heating,2,2,0,0,0,0,0,0,0,2,2,0
S01008922,Two or more types of central heating,27,7,20,21,3,18,4,2,2,2,2,0
S01008923,All people in households,749,168,581,576,45,531,126,79,47,47,44,3
S01008923,No central heating,24,11,13,16,5,11,6,4,2,2,2,0
S01008923,Gas central heating,620,131,489,489,33,456,95,65,30,36,33,3
S01008923,Electric (including storage heaters) central heating,81,25,56,51,7,44,22,10,12,8,8,0
S01008923,Oil central heating,2,0,2,2,0,2,0,0,0,0,0,0
S01008923,Solid fuel (for example wood coal) central heating,0,0,0,0,0,0,0,0,0,0,0,0
S01008923,Other central heating,0,0,0,0,0,0,0,0,0,0,0,0
S01008923,Two or more types of central heating,22,1,21,18,0,18,3,0,3,1,1,0
S01008924,All people in households,982,189,793,799,49,750,122,81,41,61,59,2
S01008924,No central heating,28,4,24,25,1,24,3,3,0,0,0,0
S01008924,Gas central heating,859,169,690,691,43,648,113,73,40,55,53,2
S01008924,Electric (including storage heaters) central heating,69,7,62,64,3,61,3,2,1,2,2,0
S01008924,Oil central heating,0,0,0,0,0,0,0,0,0,0,0,0
S01008924,Solid fuel (for example wood coal) central heating,0,0,0,0,0,0,0,0,0,0,0,0
S01008924,Other central heating,0,0,0,0,0,0,0,0,0,0,0,0
S01008924,Two or more types of central heating,26,9,17,19,2,17,3,3,0,4,4,0
S01008925,All people in households,691,94,597,599,33,566,59,32,27,33,29,4
S01008925,No central heating,57,4,53,52,1,51,4,2,2,1,1,0
S01008925,Gas central heating,269,41,228,231,12,219,21,13,8,17,16,1
S01008925,Electric (including storage heaters) central heating,302,45,257,259,18,241,29,16,13,14,11,3
S01008925,Oil central heating,10,0,10,8,0,8,2,0,2,0,0,0
S01008925,Solid fuel (for example wood coal) central heating,0,0,0,0,0,0,0,0,0,0,0,0
S01008925,Other central heating,3,1,2,3,1,2,0,0,0,0,0,0
S01008925,Two or more types of central heating,50,3,47,46,1,45,3,1,2,1,1,0
S01008926,All people in households,607,85,522,530,30,500,51,31,20,26,24,2
S01008926,No central heating,2,2,0,1,1,0,1,1,0,0,0,0
S01008926,Gas central heating,586,77,509,516,28,488,46,27,19,24,22,2
S01008926,Electric (including storage heaters) central heating,17,6,11,11,1,10,4,3,1,2,2,0
S01008926,Oil central heating,0,0,0,0,0,0,0,0,0,0,0,0
S01008926,Solid fuel (for example wood coal) central heating,0,0,0,0,0,0,0,0,0,0,0,0
S01008926,Other central heating,0,0,0,0,0,0,0,0,0,0,0,0
S01008926,Two or more types of central heating,2,0,2,2,0,2,0,0,0,0,0,0
S01008927,All people in households,799,91,708,718,31,687,56,35,21,25,25,0
S01008927,No central heating,0,0,0,0,0,0,0,0,0,0,0,0
S01008927,Gas central heating,750,88,662,673,30,643,53,34,19,24,24,0
S01008927,Electric (including storage heaters) central heating,22,1,21,21,1,20,1,0,1,0,0,0
S01008927,Oil central heating,0,0,0,0,0,0,0,0,0,0,0,0
S01008927,Solid fuel (for example wood coal) central heating,0,0,0,0,0,0,0,0,0,0,0,0
S01008927,Other central heating,0,0,0,0,0,0,0,0,0,0,0,0
S01008927,Two or more types of central heating,27,2,25,24,0,24,2,1,1,1,1,0
S01008928,All people in households,609,161,448,462,44,418,91,64,27,56,53,3
S01008928,No central heating,5,2,3,1,0,1,2,0,2,2,2,0
S01008928,Gas central heating,544,151,393,410,40,370,81,60,21,53,51,2
S01008928,Electric (including storage heaters) central heating,25,2,23,20,1,19,4,1,3,1,0,1
S01008928,Oil central heating,0,0,0,0,0,0,0,0,0,0,0,0
S01008928,Solid fuel (for example wood coal) central heating,5,2,3,4,1,3,1,1,0,0,0,0
S01008928,Other central heating,11,2,9,11,2,9,0,0,0,0,0,0
S01008928,Two or more types of central heating,19,2,17,16,0,16,3,2,1,0,0,0
S01008929,All people in households,762,213,549,541,54,487,133,80,53,88,79,9
S01008929,No central heating,47,11,36,33,1,32,7,4,3,7,6,1
S01008929,Gas central heating,138,37,101,115,20,95,15,9,6,8,8,0
S01008929,Electric (including storage heaters) central heating,558,161,397,378,33,345,109,65,44,71,63,8
S01008929,Oil central heating,0,0,0,0,0,0,0,0,0,0,0,0
S01008929,Solid fuel (for example wood coal) central heating,0,0,0,0,0,0,0,0,0,0,0,0
S01008929,Other central heating,1,1,0,0,0,0,1,1,0,0,0,0
S01008929,Two or more types of central heating,18,3,15,15,0,15,1,1,0,2,2,0
S01008930,All people in households,913,234,679,684,58,626,144,96,48,85,80,5
S01008930,No central heating,11,4,7,7,1,6,1,0,1,3,3,0
S01008930,Gas central heating,651,137,514,519,41,478,95,63,32,37,33,4
S01008930,Electric (including storage heaters) central heating,198,79,119,115,11,104,45,31,14,38,37,1
S01008930,Oil central heating,4,0,4,3,0,3,1,0,1,0,0,0
S01008930,Solid fuel (for example wood coal) central heating,0,0,0,0,0,0,0,0,0,0,0,0
S01008930,Other central heating,2,0,2,2,0,2,0,0,0,0,0,0
S01008930,Two or more types of central heating,47,14,33,38,5,33,2,2,0,7,7,0
S01008931,All people in households,776,185,591,610,58,552,110,74,36,56,53,3
S01008931,No central heating,31,4,27,27,0,27,1,1,0,3,3,0
S01008931,Gas central heating,648,155,493,514,52,462,92,64,28,42,39,3
S01008931,Electric (including storage heaters) central heating,69,20,49,47,4,43,15,9,6,7,7,0
S01008931,Oil central heating,0,0,0,0,0,0,0,0,0,0,0,0
S01008931,Solid fuel (for example wood coal) central heating,0,0,0,0,0,0,0,0,0,0,0,0
S01008931,Other central heating,3,0,3,3,0,3,0,0,0,0,0,0
S01008931,Two or more types of central heating,25,6,19,19,2,17,2,0,2,4,4,0
S01008932,All people in households,885,102,783,775,31,744,81,43,38,29,28,1
S01008932,No central heating,18,4,14,13,2,11,4,1,3,1,1,0
S01008932,Gas central heating,375,64,311,305,15,290,52,31,21,18,18,0
S01008932,Electric (including storage heaters) central heating,477,31,446,445,14,431,24,10,14,8,7,1
S01008932,Oil central heating,0,0,0,0,0,0,0,0,0,0,0,0
S01008932,Solid fuel (for example wood coal) central heating,0,0,0,0,0,0,0,0,0,0,0,0
S01008932,Other central heating,0,0,0,0,0,0,0,0,0,0,0,0
S01008932,Two or more types of central heating,15,3,12,12,0,12,1,1,0,2,2,0
S01008933,All people in households,686,135,551,553,34,519,89,61,28,44,40,4
S01008933,No central heating,10,3,7,7,0,7,0,0,0,3,3,0
S01008933,Gas central heating,556,111,445,449,26,423,70,51,19,37,34,3
S01008933,Electric (including storage heaters) central heating,85,15,70,68,4,64,14,9,5,3,2,1
S01008933,Oil central heating,0,0,0,0,0,0,0,0,0,0,0,0
S01008933,Solid fuel (for example wood coal) central heating,0,0,0,0,0,0,0,0,0,0,0,0
S01008933,Other central heating,5,0,5,5,0,5,0,0,0,0,0,0
S01008933,Two or more types of central heating,30,6,24,24,4,20,5,1,4,1,1,0
S01008934,All people in households,792,121,671,666,36,630,89,51,38,37,34,3
S01008934,No central heating,15,2,13,12,0,12,2,1,1,1,1,0
S01008934,Gas central heating,686,100,586,582,31,551,76,43,33,28,26,2
S01008934,Electric (including storage heaters) central heating,42,11,31,31,4,27,8,5,3,3,2,1
S01008934,Oil central heating,0,0,0,0,0,0,0,0,0,0,0,0
S01008934,Solid fuel (for example wood coal) central heating,0,0,0,0,0,0,0,0,0,0,0,0
S01008934,Other central heating,22,6,16,16,1,15,3,2,1,3,3,0
S01008934,Two or more types of central heating,27,2,25,25,0,25,0,0,0,2,2,0
S01008935,All people in households,893,145,748,775,61,714,90,57,33,28,27,1
S01008935,No central heating,20,5,15,16,1,15,3,3,0,1,1,0
S01008935,Gas central heating,737,117,620,655,51,604,60,45,15,22,21,1
S01008935,Electric (including storage heaters) central heating,130,21,109,100,9,91,26,8,18,4,4,0
S01008935,Oil central heating,3,2,1,1,0,1,1,1,0,1,1,0
S01008935,Solid fuel (for example wood coal) central heating,0,0,0,0,0,0,0,0,0,0,0,0
S01008935,Other central heating,0,0,0,0,0,0,0,0,0,0,0,0
S01008935,Two or more types of central heating,3,0,3,3,0,3,0,0,0,0,0,0
S01008936,All people in households,397,55,342,357,23,334,36,28,8,4,4,0
S01008936,No central heating,3,2,1,2,1,1,1,1,0,0,0,0
S01008936,Gas central heating,372,46,326,339,21,318,29,21,8,4,4,0
S01008936,Electric (including storage heaters) central heating,8,3,5,6,1,5,2,2,0,0,0,0
S01008936,Oil central heating,2,1,1,1,0,1,1,1,0,0,0,0
S01008936,Solid fuel (for example wood coal) central heating,0,0,0,0,0,0,0,0,0,0,0,0
S01008936,Other central heating,0,0,0,0,0,0,0,0,0,0,0,0
S01008936,Two or more types of central heating,12,3,9,9,0,9,3,3,0,0,0,0
S01008937,All people in households,831,155,676,707,59,648,88,63,25,36,33,3
S01008937,No central heating,27,7,20,21,1,20,4,4,0,2,2,0
S01008937,Gas central heating,724,130,594,624,51,573,72,52,20,28,27,1
S01008937,Electric (including storage heaters) central heating,72,17,55,54,6,48,12,7,5,6,4,2
S01008937,Oil central heating,0,0,0,0,0,0,0,0,0,0,0,0
S01008937,Solid fuel (for example wood coal) central heating,0,0,0,0,0,0,0,0,0,0,0,0
S01008937,Other central heating,0,0,0,0,0,0,0,0,0,0,0,0
S01008937,Two or more types of central heating,8,1,7,8,1,7,0,0,0,0,0,0
S01008938,All people in households,750,123,627,672,60,612,63,49,14,15,14,1
S01008938,No central heating,4,1,3,3,0,3,1,1,0,0,0,0
S01008938,Gas central heating,731,116,615,656,56,600,60,46,14,15,14,1
S01008938,Electric (including storage heaters) central heating,3,3,0,2,2,0,1,1,0,0,0,0
S01008938,Oil central heating,1,0,1,1,0,1,0,0,0,0,0,0
S01008938,Solid fuel (for example wood coal) central heating,0,0,0,0,0,0,0,0,0,0,0,0
S01008938,Other central heating,0,0,0,0,0,0,0,0,0,0,0,0
S01008938,Two or more types of central heating,11,3,8,10,2,8,1,1,0,0,0,0
S01008939,All people in households,781,134,647,666,44,622,84,59,25,31,31,0
S01008939,No central heating,5,0,5,4,0,4,1,0,1,0,0,0
S01008939,Gas central heating,742,121,621,638,40,598,79,56,23,25,25,0
S01008939,Electric (including storage heaters) central heating,28,10,18,20,3,17,3,2,1,5,5,0
S01008939,Oil central heating,0,0,0,0,0,0,0,0,0,0,0,0
S01008939,Solid fuel (for example wood coal) central heating,0,0,0,0,0,0,0,0,0,0,0,0
S01008939,Other central heating,1,0,1,1,0,1,0,0,0,0,0,0
S01008939,Two or more types of central heating,5,3,2,3,1,2,1,1,0,1,1,0
S01008940,All people in households,636,95,541,566,45,521,54,35,19,16,15,1
S01008940,No central heating,6,5,1,2,1,1,2,2,0,2,2,0
S01008940,Gas central heating,610,85,525,546,41,505,50,31,19,14,13,1
S01008940,Electric (including storage heaters) central heating,12,2,10,11,1,10,1,1,0,0,0,0
S01008940,Oil central heating,2,0,2,2,0,2,0,0,0,0,0,0
S01008940,Solid fuel (for example wood coal) central heating,0,0,0,0,0,0,0,0,0,0,0,0
S01008940,Other central heating,1,0,1,1,0,1,0,0,0,0,0,0
S01008940,Two or more types of central heating,5,3,2,4,2,2,1,1,0,0,0,0
S01008941,All people in households,881,101,780,810,47,763,52,36,16,19,18,1
S01008941,No central heating,13,3,10,10,1,9,2,1,1,1,1,0
S01008941,Gas central heating,818,76,742,763,34,729,41,29,12,14,13,1
S01008941,Electric (including storage heaters) central heating,31,16,15,21,9,12,7,4,3,3,3,0
S01008941,Oil central heating,5,1,4,5,1,4,0,0,0,0,0,0
S01008941,Solid fuel (for example wood coal) central heating,0,0,0,0,0,0,0,0,0,0,0,0
S01008941,Other central heating,5,0,5,5,0,5,0,0,0,0,0,0
S01008941,Two or more types of central heating,9,5,4,6,2,4,2,2,0,1,1,0
S01008942,All people in households,727,106,621,652,45,607,51,38,13,24,23,1
S01008942,No central heating,14,5,9,12,3,9,2,2,0,0,0,0
S01008942,Gas central heating,601,81,520,544,34,510,37,28,9,20,19,1
S01008942,Electric (including storage heaters) central heating,105,20,85,89,8,81,12,8,4,4,4,0
S01008942,Oil central heating,4,0,4,4,0,4,0,0,0,0,0,0
S01008942,Solid fuel (for example wood coal) central heating,0,0,0,0,0,0,0,0,0,0,0,0
S01008942,Other central heating,0,0,0,0,0,0,0,0,0,0,0,0
S01008942,Two or more types of central heating,3,0,3,3,0,3,0,0,0,0,0,0
S01008943,All people in households,826,100,726,751,37,714,62,50,12,13,13,0
S01008943,No central heating,0,0,0,0,0,0,0,0,0,0,0,0
S01008943,Gas central heating,793,91,702,725,34,691,56,45,11,12,12,0
S01008943,Electric (including storage heaters) central heating,28,8,20,22,3,19,5,4,1,1,1,0
S01008943,Oil central heating,2,1,1,1,0,1,1,1,0,0,0,0
S01008943,Solid fuel (for example wood coal) central heating,0,0,0,0,0,0,0,0,0,0,0,0
S01008943,Other central heating,0,0,0,0,0,0,0,0,0,0,0,0
S01008943,Two or more types of central heating,3,0,3,3,0,3,0,0,0,0,0,0
S01008944,All people in households,1013,145,868,910,68,842,84,59,25,19,18,1
S01008944,No central heating,14,4,10,12,2,10,2,2,0,0,0,0
S01008944,Gas central heating,873,92,781,806,47,759,57,36,21,10,9,1
S01008944,Electric (including storage heaters) central heating,100,48,52,69,19,50,22,20,2,9,9,0
S01008944,Oil central heating,2,0,2,1,0,1,1,0,1,0,0,0
S01008944,Solid fuel (for example wood coal) central heating,0,0,0,0,0,0,0,0,0,0,0,0
S01008944,Other central heating,7,0,7,7,0,7,0,0,0,0,0,0
S01008944,Two or more types of central heating,17,1,16,15,0,15,2,1,1,0,0,0
S01008945,All people in households,782,111,671,698,44,654,64,48,16,20,19,1
S01008945,No central heating,2,0,2,2,0,2,0,0,0,0,0,0
S01008945,Gas central heating,745,102,643,666,40,626,60,44,16,19,18,1
S01008945,Electric (including storage heaters) central heating,11,4,7,9,2,7,2,2,0,0,0,0
S01008945,Oil central heating,5,2,3,3,0,3,2,2,0,0,0,0
S01008945,Solid fuel (for example wood coal) central heating,1,0,1,1,0,1,0,0,0,0,0,0
S01008945,Other central heating,3,2,1,2,1,1,0,0,0,1,1,0
S01008945,Two or more types of central heating,15,1,14,15,1,14,0,0,0,0,0,0
S01008946,All people in households,912,131,781,806,50,756,83,58,25,23,23,0
S01008946,No central heating,10,2,8,8,0,8,1,1,0,1,1,0
S01008946,Gas central heating,808,100,708,723,38,685,67,44,23,18,18,0
S01008946,Electric (including storage heaters) central heating,64,23,41,50,10,40,12,11,1,2,2,0
S01008946,Oil central heating,3,2,1,1,0,1,0,0,0,2,2,0
S01008946,Solid fuel (for example wood coal) central heating,0,0,0,0,0,0,0,0,0,0,0,0
S01008946,Other central heating,1,1,0,1,1,0,0,0,0,0,0,0
S01008946,Two or more types of central heating,26,3,23,23,1,22,3,2,1,0,0,0
S01008947,All people in households,1063,181,882,928,81,847,114,79,35,21,21,0
S01008947,No central heating,1,1,0,0,0,0,1,1,0,0,0,0
S01008947,Gas central heating,935,125,810,842,59,783,78,51,27,15,15,0
S01008947,Electric (including storage heaters) central heating,117,51,66,78,20,58,33,25,8,6,6,0
S01008947,Oil central heating,1,1,0,1,1,0,0,0,0,0,0,0
S01008947,Solid fuel (for example wood coal) central heating,0,0,0,0,0,0,0,0,0,0,0,0
S01008947,Other central heating,2,2,0,1,1,0,1,1,0,0,0,0
S01008947,Two or more types of central heating,7,1,6,6,0,6,1,1,0,0,0,0
S01008948,All people in households,699,88,611,628,35,593,52,35,17,19,18,1
S01008948,No central heating,14,0,14,14,0,14,0,0,0,0,0,0
S01008948,Gas central heating,673,84,589,604,33,571,51,34,17,18,17,1
S01008948,Electric (including storage heaters) central heating,6,3,3,4,1,3,1,1,0,1,1,0
S01008948,Oil central heating,0,0,0,0,0,0,0,0,0,0,0,0
S01008948,Solid fuel (for example wood coal) central heating,0,0,0,0,0,0,0,0,0,0,0,0
S01008948,Other central heating,0,0,0,0,0,0,0,0,0,0,0,0
S01008948,Two or more types of central heating,6,1,5,6,1,5,0,0,0,0,0,0
S01008949,All people in households,924,214,710,751,73,678,117,87,30,56,54,2
S01008949,No central heating,15,4,11,10,1,9,3,1,2,2,2,0
S01008949,Gas central heating,879,194,685,726,69,657,106,79,27,47,46,1
S01008949,Electric (including storage heaters) central heating,20,11,9,11,2,9,6,6,0,3,3,0
S01008949,Oil central heating,0,0,0,0,0,0,0,0,0,0,0,0
S01008949,Solid fuel (for example wood coal) central heating,0,0,0,0,0,0,0,0,0,0,0,0
S01008949,Other central heating,0,0,0,0,0,0,0,0,0,0,0,0
S01008949,Two or more types of central heating,10,5,5,4,1,3,2,1,1,4,3,1
S01008950,All people in households,935,219,716,761,76,685,124,94,30,50,49,1
S01008950,No central heating,10,5,5,6,1,5,4,4,0,0,0,0
S01008950,Gas central heating,891,202,689,731,72,659,113,84,29,47,46,1
S01008950,Electric (including storage heaters) central heating,24,9,15,17,2,15,5,5,0,2,2,0
S01008950,Oil central heating,0,0,0,0,0,0,0,0,0,0,0,0
S01008950,Solid fuel (for example wood coal) central heating,0,0,0,0,0,0,0,0,0,0,0,0
S01008950,Other central heating,0,0,0,0,0,0,0,0,0,0,0,0
S01008950,Two or more types of central heating,10,3,7,7,1,6,2,1,1,1,1,0
S01008951,All people in households,822,200,622,643,69,574,118,70,48,61,61,0
S01008951,No central heating,24,1,23,23,0,23,1,1,0,0,0,0
S01008951,Gas central heating,753,188,565,583,65,518,113,66,47,57,57,0
S01008951,Electric (including storage heaters) central heating,30,6,24,27,3,24,1,1,0,2,2,0
S01008951,Oil central heating,0,0,0,0,0,0,0,0,0,0,0,0
S01008951,Solid fuel (for example wood coal) central heating,0,0,0,0,0,0,0,0,0,0,0,0
S01008951,Other central heating,0,0,0,0,0,0,0,0,0,0,0,0
S01008951,Two or more types of central heating,15,5,10,10,1,9,3,2,1,2,2,0
S01008952,All people in households,803,164,639,640,49,591,107,61,46,56,54,2
S01008952,No central heating,18,4,14,16,2,14,1,1,0,1,1,0
S01008952,Gas central heating,700,141,559,559,42,517,95,54,41,46,45,1
S01008952,Electric (including storage heaters) central heating,66,10,56,56,3,53,7,4,3,3,3,0
S01008952,Oil central heating,0,0,0,0,0,0,0,0,0,0,0,0
S01008952,Solid fuel (for example wood coal) central heating,0,0,0,0,0,0,0,0,0,0,0,0
S01008952,Other central heating,6,2,4,5,1,4,1,1,0,0,0,0
S01008952,Two or more types of central heating,13,7,6,4,1,3,3,1,2,6,5,1
S01008953,All people in households,903,222,681,713,60,653,110,83,27,80,79,1
S01008953,No central heating,30,10,20,24,5,19,2,1,1,4,4,0
S01008953,Gas central heating,815,191,624,649,51,598,99,74,25,67,66,1
S01008953,Electric (including storage heaters) central heating,48,13,35,37,3,34,7,6,1,4,4,0
S01008953,Oil central heating,0,0,0,0,0,0,0,0,0,0,0,0
S01008953,Solid fuel (for example wood coal) central heating,0,0,0,0,0,0,0,0,0,0,0,0
S01008953,Other central heating,1,1,0,0,0,0,1,1,0,0,0,0
S01008953,Two or more types of central heating,9,7,2,3,1,2,1,1,0,5,5,0
S01008954,All people in households,839,228,611,648,70,578,122,92,30,69,66,3
S01008954,No central heating,12,2,10,10,0,10,2,2,0,0,0,0
S01008954,Gas central heating,756,199,557,584,57,527,109,80,29,63,62,1
S01008954,Electric (including storage heaters) central heating,46,19,27,35,10,25,8,7,1,3,2,1
S01008954,Oil central heating,0,0,0,0,0,0,0,0,0,0,0,0
S01008954,Solid fuel (for example wood coal) central heating,0,0,0,0,0,0,0,0,0,0,0,0
S01008954,Other central heating,4,2,2,3,1,2,1,1,0,0,0,0
S01008954,Two or more types of central heating,21,6,15,16,2,14,2,2,0,3,2,1
S01008955,All people in households,637,82,555,571,37,534,51,32,19,15,13,2
S01008955,No central heating,10,1,9,9,0,9,1,1,0,0,0,0
S01008955,Gas central heating,569,72,497,511,33,478,46,29,17,12,10,2
S01008955,Electric (including storage heaters) central heating,53,8,45,47,3,44,3,2,1,3,3,0
S01008955,Oil central heating,0,0,0,0,0,0,0,0,0,0,0,0
S01008955,Solid fuel (for example wood coal) central heating,0,0,0,0,0,0,0,0,0,0,0,0
S01008955,Other central heating,1,0,1,1,0,1,0,0,0,0,0,0
S01008955,Two or more types of central heating,4,1,3,3,1,2,1,0,1,0,0,0
S01008956,All people in households,878,119,759,791,53,738,68,48,20,19,18,1
S01008956,No central heating,34,8,26,30,4,26,2,2,0,2,2,0
S01008956,Gas central heating,762,98,664,689,44,645,57,39,18,16,15,1
S01008956,Electric (including storage heaters) central heating,74,13,61,65,5,60,8,7,1,1,1,0
S01008956,Oil central heating,0,0,0,0,0,0,0,0,0,0,0,0
S01008956,Solid fuel (for example wood coal) central heating,0,0,0,0,0,0,0,0,0,0,0,0
S01008956,Other central heating,2,0,2,2,0,2,0,0,0,0,0,0
S01008956,Two or more types of central heating,6,0,6,5,0,5,1,0,1,0,0,0
S01008957,All people in households,1010,194,816,871,79,792,94,72,22,45,43,2
S01008957,No central heating,4,1,3,4,1,3,0,0,0,0,0,0
S01008957,Gas central heating,922,173,749,796,68,728,83,64,19,43,41,2
S01008957,Electric (including storage heaters) central heating,68,16,52,57,8,49,9,6,3,2,2,0
S01008957,Oil central heating,0,0,0,0,0,0,0,0,0,0,0,0
S01008957,Solid fuel (for example wood coal) central heating,0,0,0,0,0,0,0,0,0,0,0,0
S01008957,Other central heating,0,0,0,0,0,0,0,0,0,0,0,0
S01008957,Two or more types of central heating,16,4,12,14,2,12,2,2,0,0,0,0
S01008958,All people in households,722,179,543,584,61,523,92,75,17,46,43,3
S01008958,No central heating,10,0,10,10,0,10,0,0,0,0,0,0
S01008958,Gas central heating,582,106,476,503,40,463,51,41,10,28,25,3
S01008958,Electric (including storage heaters) central heating,123,73,50,65,21,44,40,34,6,18,18,0
S01008958,Oil central heating,0,0,0,0,0,0,0,0,0,0,0,0
S01008958,Solid fuel (for example wood coal) central heating,0,0,0,0,0,0,0,0,0,0,0,0
S01008958,Other central heating,2,0,2,1,0,1,1,0,1,0,0,0
S01008958,Two or more types of central heating,5,0,5,5,0,5,0,0,0,0,0,0
S01008959,All people in households,859,157,702,727,60,667,93,61,32,39,36,3
S01008959,No central heating,6,1,5,4,0,4,2,1,1,0,0,0
S01008959,Gas central heating,805,145,660,685,55,630,85,57,28,35,33,2
S01008959,Electric (including storage heaters) central heating,29,8,21,20,2,18,5,3,2,4,3,1
S01008959,Oil central heating,0,0,0,0,0,0,0,0,0,0,0,0
S01008959,Solid fuel (for example wood coal) central heating,0,0,0,0,0,0,0,0,0,0,0,0
S01008959,Other central heating,12,2,10,12,2,10,0,0,0,0,0,0
S01008959,Two or more types of central heating,7,1,6,6,1,5,1,0,1,0,0,0
S01008960,All people in households,916,68,848,873,37,836,33,21,12,10,10,0
S01008960,No central heating,7,0,7,6,0,6,1,0,1,0,0,0
S01008960,Gas central heating,883,64,819,845,37,808,30,19,11,8,8,0
S01008960,Electric (including storage heaters) central heating,4,2,2,2,0,2,1,1,0,1,1,0
S01008960,Oil central heating,0,0,0,0,0,0,0,0,0,0,0,0
S01008960,Solid fuel (for example wood coal) central heating,3,1,2,2,0,2,1,1,0,0,0,0
S01008960,Other central heating,0,0,0,0,0,0,0,0,0,0,0,0
S01008960,Two or more types of central heating,19,1,18,18,0,18,0,0,0,1,1,0
S01008961,All people in households,715,97,618,637,41,596,60,38,22,18,18,0
S01008961,No central heating,15,2,13,14,1,13,1,1,0,0,0,0
S01008961,Gas central heating,654,89,565,582,38,544,54,33,21,18,18,0
S01008961,Electric (including storage heaters) central heating,37,5,32,32,1,31,5,4,1,0,0,0
S01008961,Oil central heating,0,0,0,0,0,0,0,0,0,0,0,0
S01008961,Solid fuel (for example wood coal) central heating,0,0,0,0,0,0,0,0,0,0,0,0
S01008961,Other central heating,0,0,0,0,0,0,0,0,0,0,0,0
S01008961,Two or more types of central heating,9,1,8,9,1,8,0,0,0,0,0,0
S01008962,All people in households,616,99,517,537,47,490,59,34,25,20,18,2
S01008962,No central heating,7,1,6,6,1,5,1,0,1,0,0,0
S01008962,Gas central heating,574,88,486,502,41,461,52,29,23,20,18,2
S01008962,Electric (including storage heaters) central heating,32,10,22,26,5,21,6,5,1,0,0,0
S01008962,Oil central heating,0,0,0,0,0,0,0,0,0,0,0,0
S01008962,Solid fuel (for example wood coal) central heating,0,0,0,0,0,0,0,0,0,0,0,0
S01008962,Other central heating,0,0,0,0,0,0,0,0,0,0,0,0
S01008962,Two or more types of central heating,3,0,3,3,0,3,0,0,0,0,0,0
S01008963,All people in households,783,131,652,688,61,627,68,45,23,27,25,2
S01008963,No central heating,10,1,9,8,1,7,2,0,2,0,0,0
S01008963,Gas central heating,678,115,563,598,54,544,54,37,17,26,24,2
S01008963,Electric (including storage heaters) central heating,85,14,71,73,6,67,11,7,4,1,1,0
S01008963,Oil central heating,1,1,0,0,0,0,1,1,0,0,0,0
S01008963,Solid fuel (for example wood coal) central heating,0,0,0,0,0,0,0,0,0,0,0,0
S01008963,Other central heating,0,0,0,0,0,0,0,0,0,0,0,0
S01008963,Two or more types of central heating,9,0,9,9,0,9,0,0,0,0,0,0
S01008964,All people in households,525,83,442,453,30,423,62,45,17,10,8,2
S01008964,No central heating,3,3,0,2,2,0,1,1,0,0,0,0
S01008964,Gas central heating,490,72,418,425,25,400,57,41,16,8,6,2
S01008964,Electric (including storage heaters) central heating,13,3,10,11,2,9,1,0,1,1,1,0
S01008964,Oil central heating,9,0,9,9,0,9,0,0,0,0,0,0
S01008964,Solid fuel (for example wood coal) central heating,0,0,0,0,0,0,0,0,0,0,0,0
S01008964,Other central heating,0,0,0,0,0,0,0,0,0,0,0,0
S01008964,Two or more types of central heating,10,5,5,6,1,5,3,3,0,1,1,0
S01008965,All people in households,742,127,615,645,55,590,77,53,24,20,19,1
S01008965,No central heating,8,1,7,6,1,5,2,0,2,0,0,0
S01008965,Gas central heating,715,114,601,626,48,578,70,48,22,19,18,1
S01008965,Electric (including storage heaters) central heating,5,4,1,2,1,1,3,3,0,0,0,0
S01008965,Oil central heating,0,0,0,0,0,0,0,0,0,0,0,0
S01008965,Solid fuel (for example wood coal) central heating,4,4,0,3,3,0,0,0,0,1,1,0
S01008965,Other central heating,2,0,2,2,0,2,0,0,0,0,0,0
S01008965,Two or more types of central heating,8,4,4,6,2,4,2,2,0,0,0,0
S01008966,All people in households,590,82,508,528,30,498,48,38,10,14,14,0
S01008966,No central heating,1,0,1,1,0,1,0,0,0,0,0,0
S01008966,Gas central heating,570,80,490,509,29,480,47,37,10,14,14,0
S01008966,Electric (including storage heaters) central heating,13,2,11,12,1,11,1,1,0,0,0,0
S01008966,Oil central heating,2,0,2,2,0,2,0,0,0,0,0,0
S01008966,Solid fuel (for example wood coal) central heating,0,0,0,0,0,0,0,0,0,0,0,0
S01008966,Other central heating,0,0,0,0,0,0,0,0,0,0,0,0
S01008966,Two or more types of central heating,4,0,4,4,0,4,0,0,0,0,0,0
S01008967,All people in households,1045,173,872,936,78,858,81,67,14,28,28,0
S01008967,No central heating,3,1,2,3,1,2,0,0,0,0,0,0
S01008967,Gas central heating,1019,166,853,916,76,840,77,64,13,26,26,0
S01008967,Electric (including storage heaters) central heating,16,3,13,12,0,12,2,1,1,2,2,0
S01008967,Oil central heating,0,0,0,0,0,0,0,0,0,0,0,0
S01008967,Solid fuel (for example wood coal) central heating,2,0,2,2,0,2,0,0,0,0,0,0
S01008967,Other central heating,0,0,0,0,0,0,0,0,0,0,0,0
S01008967,Two or more types of central heating,5,3,2,3,1,2,2,2,0,0,0,0
S01008968,All people in households,997,141,856,888,54,834,85,64,21,24,23,1
S01008968,No central heating,2,0,2,2,0,2,0,0,0,0,0,0
S01008968,Gas central heating,958,130,828,858,51,807,80,60,20,20,19,1
S01008968,Electric (including storage heaters) central heating,19,7,12,13,1,12,4,4,0,2,2,0
S01008968,Oil central heating,3,0,3,2,0,2,1,0,1,0,0,0
S01008968,Solid fuel (for example wood coal) central heating,0,0,0,0,0,0,0,0,0,0,0,0
S01008968,Other central heating,2,2,0,1,1,0,0,0,0,1,1,0
S01008968,Two or more types of central heating,13,2,11,12,1,11,0,0,0,1,1,0
S01008969,All people in households,1088,193,895,939,76,863,117,86,31,32,31,1
S01008969,No central heating,10,2,8,7,1,6,3,1,2,0,0,0
S01008969,Gas central heating,1037,175,862,902,70,832,105,76,29,30,29,1
S01008969,Electric (including storage heaters) central heating,20,10,10,13,3,10,7,7,0,0,0,0
S01008969,Oil central heating,0,0,0,0,0,0,0,0,0,0,0,0
S01008969,Solid fuel (for example wood coal) central heating,0,0,0,0,0,0,0,0,0,0,0,0
S01008969,Other central heating,5,0,5,5,0,5,0,0,0,0,0,0
S01008969,Two or more types of central heating,16,6,10,12,2,10,2,2,0,2,2,0
S01008970,All people in households,1014,126,888,920,62,858,69,41,28,25,23,2
S01008970,No central heating,11,4,7,8,1,7,0,0,0,3,3,0
S01008970,Gas central heating,952,104,848,869,50,819,62,35,27,21,19,2
S01008970,Electric (including storage heaters) central heating,30,13,17,25,9,16,4,3,1,1,1,0
S01008970,Oil central heating,0,0,0,0,0,0,0,0,0,0,0,0
S01008970,Solid fuel (for example wood coal) central heating,0,0,0,0,0,0,0,0,0,0,0,0
S01008970,Other central heating,0,0,0,0,0,0,0,0,0,0,0,0
S01008970,Two or more types of central heating,21,5,16,18,2,16,3,3,0,0,0,0
S01008971,All people in households,697,70,627,640,33,607,49,29,20,8,8,0
S01008971,No central heating,6,1,5,6,1,5,0,0,0,0,0,0
S01008971,Gas central heating,686,68,618,631,32,599,47,28,19,8,8,0
S01008971,Electric (including storage heaters) central heating,5,1,4,3,0,3,2,1,1,0,0,0
S01008971,Oil central heating,0,0,0,0,0,0,0,0,0,0,0,0
S01008971,Solid fuel (for example wood coal) central heating,0,0,0,0,0,0,0,0,0,0,0,0
S01008971,Other central heating,0,0,0,0,0,0,0,0,0,0,0,0
S01008971,Two or more types of central heating,0,0,0,0,0,0,0,0,0,0,0,0
S01008972,All people in households,765,102,663,715,60,655,41,33,8,9,9,0
S01008972,No central heating,4,0,4,4,0,4,0,0,0,0,0,0
S01008972,Gas central heating,738,99,639,689,58,631,41,33,8,8,8,0
S01008972,Electric (including storage heaters) central heating,17,2,15,16,1,15,0,0,0,1,1,0
S01008972,Oil central heating,1,1,0,1,1,0,0,0,0,0,0,0
S01008972,Solid fuel (for example wood coal) central heating,0,0,0,0,0,0,0,0,0,0,0,0
S01008972,Other central heating,0,0,0,0,0,0,0,0,0,0,0,0
S01008972,Two or more types of central heating,5,0,5,5,0,5,0,0,0,0,0,0
S01008973,All people in households,708,111,597,620,44,576,72,51,21,16,16,0
S01008973,No central heating,10,0,10,10,0,10,0,0,0,0,0,0
S01008973,Gas central heating,668,108,560,582,42,540,70,50,20,16,16,0
S01008973,Electric (including storage heaters) central heating,16,3,13,14,2,12,2,1,1,0,0,0
S01008973,Oil central heating,0,0,0,0,0,0,0,0,0,0,0,0
S01008973,Solid fuel (for example wood coal) central heating,0,0,0,0,0,0,0,0,0,0,0,0
S01008973,Other central heating,1,0,1,1,0,1,0,0,0,0,0,0
S01008973,Two or more types of central heating,13,0,13,13,0,13,0,0,0,0,0,0
S01008974,All people in households,803,146,657,684,54,630,85,60,25,34,32,2
S01008974,No central heating,18,6,12,12,1,11,2,2,0,4,3,1
S01008974,Gas central heating,722,102,620,632,37,595,64,40,24,26,25,1
S01008974,Electric (including storage heaters) central heating,54,36,18,31,14,17,19,18,1,4,4,0
S01008974,Oil central heating,0,0,0,0,0,0,0,0,0,0,0,0
S01008974,Solid fuel (for example wood coal) central heating,0,0,0,0,0,0,0,0,0,0,0,0
S01008974,Other central heating,0,0,0,0,0,0,0,0,0,0,0,0
S01008974,Two or more types of central heating,9,2,7,9,2,7,0,0,0,0,0,0
S01008975,All people in households,728,246,482,526,72,454,140,115,25,62,59,3
S01008975,No central heating,12,6,6,7,2,5,4,3,1,1,1,0
S01008975,Gas central heating,566,155,411,439,48,391,87,69,18,40,38,2
S01008975,Electric (including storage heaters) central heating,142,84,58,73,22,51,48,42,6,21,20,1
S01008975,Oil central heating,1,1,0,0,0,0,1,1,0,0,0,0
S01008975,Solid fuel (for example wood coal) central heating,0,0,0,0,0,0,0,0,0,0,0,0
S01008975,Other central heating,0,0,0,0,0,0,0,0,0,0,0,0
S01008975,Two or more types of central heating,7,0,7,7,0,7,0,0,0,0,0,0
S01008976,All people in households,525,78,447,478,43,435,42,30,12,5,5,0
S01008976,No central heating,5,1,4,4,0,4,0,0,0,1,1,0
S01008976,Gas central heating,504,71,433,462,41,421,39,27,12,3,3,0
S01008976,Electric (including storage heaters) central heating,10,4,6,8,2,6,1,1,0,1,1,0
S01008976,Oil central heating,0,0,0,0,0,0,0,0,0,0,0,0
S01008976,Solid fuel (for example wood coal) central heating,0,0,0,0,0,0,0,0,0,0,0,0
S01008976,Other central heating,0,0,0,0,0,0,0,0,0,0,0,0
S01008976,Two or more types of central heating,6,2,4,4,0,4,2,2,0,0,0,0
S01008977,All people in households,605,85,520,539,37,502,51,33,18,15,15,0
S01008977,No central heating,9,3,6,6,0,6,3,3,0,0,0,0
S01008977,Gas central heating,556,74,482,502,34,468,41,27,14,13,13,0
S01008977,Electric (including storage heaters) central heating,30,5,25,22,1,21,7,3,4,1,1,0
S01008977,Oil central heating,0,0,0,0,0,0,0,0,0,0,0,0
S01008977,Solid fuel (for example wood coal) central heating,0,0,0,0,0,0,0,0,0,0,0,0
S01008977,Other central heating,9,2,7,9,2,7,0,0,0,0,0,0
S01008977,Two or more types of central heating,1,1,0,0,0,0,0,0,0,1,1,0
S01008978,All people in households,580,64,516,525,29,496,44,25,19,11,10,1
S01008978,No central heating,12,5,7,9,2,7,3,3,0,0,0,0
S01008978,Gas central heating,537,54,483,491,25,466,37,20,17,9,9,0
S01008978,Electric (including storage heaters) central heating,15,5,10,10,2,8,3,2,1,2,1,1
S01008978,Oil central heating,0,0,0,0,0,0,0,0,0,0,0,0
S01008978,Solid fuel (for example wood coal) central heating,1,0,1,0,0,0,1,0,1,0,0,0
S01008978,Other central heating,0,0,0,0,0,0,0,0,0,0,0,0
S01008978,Two or more types of central heating,15,0,15,15,0,15,0,0,0,0,0,0
S01008979,All people in households,743,67,676,681,31,650,52,27,25,10,9,1
S01008979,No central heating,4,3,1,2,1,1,2,2,0,0,0,0
S01008979,Gas central heating,698,58,640,641,25,616,47,24,23,10,9,1
S01008979,Electric (including storage heaters) central heating,24,5,19,22,4,18,2,1,1,0,0,0
S01008979,Oil central heating,0,0,0,0,0,0,0,0,0,0,0,0
S01008979,Solid fuel (for example wood coal) central heating,0,0,0,0,0,0,0,0,0,0,0,0
S01008979,Other central heating,0,0,0,0,0,0,0,0,0,0,0,0
S01008979,Two or more types of central heating,17,1,16,16,1,15,1,0,1,0,0,0
S01008980,All people in households,834,99,735,744,34,710,66,41,25,24,24,0
S01008980,No central heating,10,3,7,7,0,7,0,0,0,3,3,0
S01008980,Gas central heating,805,93,712,722,34,688,64,40,24,19,19,0
S01008980,Electric (including storage heaters) central heating,16,3,13,12,0,12,2,1,1,2,2,0
S01008980,Oil central heating,0,0,0,0,0,0,0,0,0,0,0,0
S01008980,Solid fuel (for example wood coal) central heating,0,0,0,0,0,0,0,0,0,0,0,0
S01008980,Other central heating,0,0,0,0,0,0,0,0,0,0,0,0
S01008980,Two or more types of central heating,3,0,3,3,0,3,0,0,0,0,0,0
S01008981,All people in households,708,127,581,620,60,560,72,51,21,16,16,0
S01008981,No central heating,8,1,7,8,1,7,0,0,0,0,0,0
S01008981,Gas central heating,686,121,565,601,56,545,69,49,20,16,16,0
S01008981,Electric (including storage heaters) central heating,12,4,8,10,3,7,2,1,1,0,0,0
S01008981,Oil central heating,1,1,0,0,0,0,1,1,0,0,0,0
S01008981,Solid fuel (for example wood coal) central heating,0,0,0,0,0,0,0,0,0,0,0,0
S01008981,Other central heating,0,0,0,0,0,0,0,0,0,0,0,0
S01008981,Two or more types of central heating,1,0,1,1,0,1,0,0,0,0,0,0
S01008982,All people in households,789,97,692,703,39,664,61,34,27,25,24,1
S01008982,No central heating,13,1,12,13,1,12,0,0,0,0,0,0
S01008982,Gas central heating,726,86,640,647,34,613,58,31,27,21,21,0
S01008982,Electric (including storage heaters) central heating,40,8,32,35,3,32,2,2,0,3,3,0
S01008982,Oil central heating,0,0,0,0,0,0,0,0,0,0,0,0
S01008982,Solid fuel (for example wood coal) central heating,0,0,0,0,0,0,0,0,0,0,0,0
S01008982,Other central heating,1,1,0,0,0,0,1,1,0,0,0,0
S01008982,Two or more types of central heating,9,1,8,8,1,7,0,0,0,1,0,1
S01008983,All people in households,650,64,586,593,29,564,43,22,21,14,13,1
S01008983,No central heating,29,4,25,26,2,24,2,1,1,1,1,0
S01008983,Gas central heating,498,46,452,454,21,433,33,15,18,11,10,1
S01008983,Electric (including storage heaters) central heating,114,13,101,104,5,99,8,6,2,2,2,0
S01008983,Oil central heating,3,0,3,3,0,3,0,0,0,0,0,0
S01008983,Solid fuel (for example wood coal) central heating,0,0,0,0,0,0,0,0,0,0,0,0
S01008983,Other central heating,4,1,3,4,1,3,0,0,0,0,0,0
S01008983,Two or more types of central heating,2,0,2,2,0,2,0,0,0,0,0,0
S01008984,All people in households,518,74,444,444,17,427,50,35,15,24,22,2
S01008984,No central heating,13,4,9,9,0,9,3,3,0,1,1,0
S01008984,Gas central heating,454,66,388,387,15,372,45,31,14,22,20,2
S01008984,Electric (including storage heaters) central heating,43,4,39,41,2,39,1,1,0,1,1,0
S01008984,Oil central heating,0,0,0,0,0,0,0,0,0,0,0,0
S01008984,Solid fuel (for example wood coal) central heating,0,0,0,0,0,0,0,0,0,0,0,0
S01008984,Other central heating,0,0,0,0,0,0,0,0,0,0,0,0
S01008984,Two or more types of central heating,8,0,8,7,0,7,1,0,1,0,0,0
S01008985,All people in households,679,102,577,597,46,551,66,40,26,16,16,0
S01008985,No central heating,22,7,15,18,3,15,4,4,0,0,0,0
S01008985,Gas central heating,577,81,496,515,38,477,48,29,19,14,14,0
S01008985,Electric (including storage heaters) central heating,62,12,50,49,5,44,12,6,6,1,1,0
S01008985,Oil central heating,0,0,0,0,0,0,0,0,0,0,0,0
S01008985,Solid fuel (for example wood coal) central heating,0,0,0,0,0,0,0,0,0,0,0,0
S01008985,Other central heating,0,0,0,0,0,0,0,0,0,0,0,0
S01008985,Two or more types of central heating,18,2,16,15,0,15,2,1,1,1,1,0
S01008986,All people in households,802,134,668,697,56,641,85,58,27,20,20,0
S01008986,No central heating,9,3,6,4,0,4,5,3,2,0,0,0
S01008986,Gas central heating,752,115,637,666,50,616,68,47,21,18,18,0
S01008986,Electric (including storage heaters) central heating,33,13,20,24,5,19,8,7,1,1,1,0
S01008986,Oil central heating,0,0,0,0,0,0,0,0,0,0,0,0
S01008986,Solid fuel (for example wood coal) central heating,1,1,0,0,0,0,1,1,0,0,0,0
S01008986,Other central heating,0,0,0,0,0,0,0,0,0,0,0,0
S01008986,Two or more types of central heating,7,2,5,3,1,2,3,0,3,1,1,0
S01008987,All people in households,822,130,692,730,62,668,71,49,22,21,19,2
S01008987,No central heating,2,0,2,2,0,2,0,0,0,0,0,0
S01008987,Gas central heating,801,123,678,714,58,656,68,48,20,19,17,2
S01008987,Electric (including storage heaters) central heating,11,4,7,9,3,6,1,0,1,1,1,0
S01008987,Oil central heating,0,0,0,0,0,0,0,0,0,0,0,0
S01008987,Solid fuel (for example wood coal) central heating,0,0,0,0,0,0,0,0,0,0,0,0
S01008987,Other central heating,0,0,0,0,0,0,0,0,0,0,0,0
S01008987,Two or more types of central heating,8,3,5,5,1,4,2,1,1,1,1,0
S01008988,All people in households,941,162,779,812,58,754,102,77,25,27,27,0
S01008988,No central heating,23,4,19,16,0,16,6,3,3,1,1,0
S01008988,Gas central heating,830,148,682,717,54,663,88,69,19,25,25,0
S01008988,Electric (including storage heaters) central heating,66,8,58,60,3,57,5,4,1,1,1,0
S01008988,Oil central heating,1,0,1,0,0,0,1,0,1,0,0,0
S01008988,Solid fuel (for example wood coal) central heating,0,0,0,0,0,0,0,0,0,0,0,0
S01008988,Other central heating,0,0,0,0,0,0,0,0,0,0,0,0
S01008988,Two or more types of central heating,21,2,19,19,1,18,2,1,1,0,0,0
S01008989,All people in households,653,59,594,595,25,570,48,25,23,10,9,1
S01008989,No central heating,18,0,18,18,0,18,0,0,0,0,0,0
S01008989,Gas central heating,606,56,550,552,25,527,45,23,22,9,8,1
S01008989,Electric (including storage heaters) central heating,20,2,18,17,0,17,3,2,1,0,0,0
S01008989,Oil central heating,5,0,5,5,0,5,0,0,0,0,0,0
S01008989,Solid fuel (for example wood coal) central heating,0,0,0,0,0,0,0,0,0,0,0,0
S01008989,Other central heating,0,0,0,0,0,0,0,0,0,0,0,0
S01008989,Two or more types of central heating,4,1,3,3,0,3,0,0,0,1,1,0
S01008990,All people in households,737,63,674,680,29,651,45,23,22,12,11,1
S01008990,No central heating,28,5,23,25,2,23,2,2,0,1,1,0
S01008990,Gas central heating,664,52,612,616,24,592,38,19,19,10,9,1
S01008990,Electric (including storage heaters) central heating,30,4,26,24,1,23,5,2,3,1,1,0
S01008990,Oil central heating,1,1,0,1,1,0,0,0,0,0,0,0
S01008990,Solid fuel (for example wood coal) central heating,0,0,0,0,0,0,0,0,0,0,0,0
S01008990,Other central heating,1,0,1,1,0,1,0,0,0,0,0,0
S01008990,Two or more types of central heating,13,1,12,13,1,12,0,0,0,0,0,0
S01008991,All people in households,935,85,850,869,38,831,44,25,19,22,22,0
S01008991,No central heating,16,1,15,16,1,15,0,0,0,0,0,0
S01008991,Gas central heating,785,61,724,740,28,712,33,21,12,12,12,0
S01008991,Electric (including storage heaters) central heating,120,18,102,101,6,95,10,3,7,9,9,0
S01008991,Oil central heating,3,1,2,3,1,2,0,0,0,0,0,0
S01008991,Solid fuel (for example wood coal) central heating,3,1,2,3,1,2,0,0,0,0,0,0
S01008991,Other central heating,3,2,1,1,0,1,1,1,0,1,1,0
S01008991,Two or more types of central heating,5,1,4,5,1,4,0,0,0,0,0,0
S01008992,All people in households,562,108,454,469,42,427,70,45,25,23,21,2
S01008992,No central heating,17,4,13,15,3,12,2,1,1,0,0,0
S01008992,Gas central heating,470,82,388,395,30,365,57,36,21,18,16,2
S01008992,Electric (including storage heaters) central heating,65,21,44,49,8,41,11,8,3,5,5,0
S01008992,Oil central heating,0,0,0,0,0,0,0,0,0,0,0,0
S01008992,Solid fuel (for example wood coal) central heating,0,0,0,0,0,0,0,0,0,0,0,0
S01008992,Other central heating,0,0,0,0,0,0,0,0,0,0,0,0
S01008992,Two or more types of central heating,10,1,9,10,1,9,0,0,0,0,0,0
S01008993,All people in households,1068,146,922,938,64,874,107,59,48,23,23,0
S01008993,No central heating,23,5,18,19,2,17,3,2,1,1,1,0
S01008993,Gas central heating,625,85,540,554,36,518,56,34,22,15,15,0
S01008993,Electric (including storage heaters) central heating,154,25,129,132,12,120,19,10,9,3,3,0
S01008993,Oil central heating,153,23,130,133,9,124,16,10,6,4,4,0
S01008993,Solid fuel (for example wood coal) central heating,44,4,40,42,4,38,2,0,2,0,0,0
S01008993,Other central heating,32,4,28,25,1,24,7,3,4,0,0,0
S01008993,Two or more types of central heating,37,0,37,33,0,33,4,0,4,0,0,0
S01008994,All people in households,773,139,634,657,53,604,88,60,28,28,26,2
S01008994,No central heating,13,2,11,9,0,9,2,1,1,2,1,1
S01008994,Gas central heating,718,127,591,610,47,563,83,56,27,25,24,1
S01008994,Electric (including storage heaters) central heating,14,2,12,13,1,12,1,1,0,0,0,0
S01008994,Oil central heating,5,2,3,3,0,3,1,1,0,1,1,0
S01008994,Solid fuel (for example wood coal) central heating,4,2,2,4,2,2,0,0,0,0,0,0
S01008994,Other central heating,11,1,10,10,0,10,1,1,0,0,0,0
S01008994,Two or more types of central heating,8,3,5,8,3,5,0,0,0,0,0,0
S01008995,All people in households,861,93,768,780,39,741,58,31,27,23,23,0
S01008995,No central heating,11,2,9,9,0,9,0,0,0,2,2,0
S01008995,Gas central heating,786,79,707,717,34,683,51,27,24,18,18,0
S01008995,Electric (including storage heaters) central heating,29,6,23,22,1,21,5,3,2,2,2,0
S01008995,Oil central heating,4,1,3,4,1,3,0,0,0,0,0,0
S01008995,Solid fuel (for example wood coal) central heating,3,0,3,3,0,3,0,0,0,0,0,0
S01008995,Other central heating,1,1,0,0,0,0,1,1,0,0,0,0
S01008995,Two or more types of central heating,27,4,23,25,3,22,1,0,1,1,1,0
S01008996,All people in households,562,123,439,456,38,418,77,57,20,29,28,1
S01008996,No central heating,13,3,10,10,1,9,3,2,1,0,0,0
S01008996,Gas central heating,483,112,371,387,34,353,69,52,17,27,26,1
S01008996,Electric (including storage heaters) central heating,20,1,19,17,0,17,3,1,2,0,0,0
S01008996,Oil central heating,20,1,19,20,1,19,0,0,0,0,0,0
S01008996,Solid fuel (for example wood coal) central heating,2,2,0,0,0,0,0,0,0,2,2,0
S01008996,Other central heating,9,2,7,9,2,7,0,0,0,0,0,0
S01008996,Two or more types of central heating,15,2,13,13,0,13,2,2,0,0,0,0
S01008997,All people in households,984,156,828,853,58,795,90,58,32,41,40,1
S01008997,No central heating,18,4,14,12,0,12,6,4,2,0,0,0
S01008997,Gas central heating,768,119,649,663,41,622,71,45,26,34,33,1
S01008997,Electric (including storage heaters) central heating,39,6,33,33,2,31,4,2,2,2,2,0
S01008997,Oil central heating,115,20,95,106,11,95,5,5,0,4,4,0
S01008997,Solid fuel (for example wood coal) central heating,5,0,5,5,0,5,0,0,0,0,0,0
S01008997,Other central heating,20,3,17,18,3,15,2,0,2,0,0,0
S01008997,Two or more types of central heating,19,4,15,16,1,15,2,2,0,1,1,0
S01008998,All people in households,628,111,517,538,41,497,60,40,20,30,30,0
S01008998,No central heating,42,7,35,40,5,35,1,1,0,1,1,0
S01008998,Gas central heating,426,76,350,366,28,338,40,28,12,20,20,0
S01008998,Electric (including storage heaters) central heating,145,25,120,121,7,114,16,10,6,8,8,0
S01008998,Oil central heating,0,0,0,0,0,0,0,0,0,0,0,0
S01008998,Solid fuel (for example wood coal) central heating,2,0,2,2,0,2,0,0,0,0,0,0
S01008998,Other central heating,0,0,0,0,0,0,0,0,0,0,0,0
S01008998,Two or more types of central heating,13,3,10,9,1,8,3,1,2,1,1,0
S01008999,All people in households,854,197,657,687,72,615,115,73,42,52,52,0
S01008999,No central heating,10,3,7,8,2,6,1,0,1,1,1,0
S01008999,Gas central heating,751,157,594,621,60,561,92,59,33,38,38,0
S01008999,Electric (including storage heaters) central heating,79,32,47,46,6,40,20,13,7,13,13,0
S01008999,Oil central heating,2,1,1,2,1,1,0,0,0,0,0,0
S01008999,Solid fuel (for example wood coal) central heating,5,0,5,5,0,5,0,0,0,0,0,0
S01008999,Other central heating,0,0,0,0,0,0,0,0,0,0,0,0
S01008999,Two or more types of central heating,7,4,3,5,3,2,2,1,1,0,0,0
S01009000,All people in households,911,147,764,813,68,745,76,58,18,22,21,1
S01009000,No central heating,8,2,6,8,2,6,0,0,0,0,0,0
S01009000,Gas central heating,772,131,641,685,61,624,67,51,16,20,19,1
S01009000,Electric (including storage heaters) central heating,62,6,56,56,2,54,5,3,2,1,1,0
S01009000,Oil central heating,52,8,44,47,3,44,4,4,0,1,1,0
S01009000,Solid fuel (for example wood coal) central heating,8,0,8,8,0,8,0,0,0,0,0,0
S01009000,Other central heating,4,0,4,4,0,4,0,0,0,0,0,0
S01009000,Two or more types of central heating,5,0,5,5,0,5,0,0,0,0,0,0
S01009001,All people in households,880,97,783,810,50,760,61,38,23,9,9,0
S01009001,No central heating,8,0,8,7,0,7,1,0,1,0,0,0
S01009001,Gas central heating,856,97,759,788,50,738,59,38,21,9,9,0
S01009001,Electric (including storage heaters) central heating,6,0,6,5,0,5,1,0,1,0,0,0
S01009001,Oil central heating,2,0,2,2,0,2,0,0,0,0,0,0
S01009001,Solid fuel (for example wood coal) central heating,0,0,0,0,0,0,0,0,0,0,0,0
S01009001,Other central heating,4,0,4,4,0,4,0,0,0,0,0,0
S01009001,Two or more types of central heating,4,0,4,4,0,4,0,0,0,0,0,0
S01009002,All people in households,807,121,686,715,52,663,69,48,21,23,21,2
S01009002,No central heating,8,2,6,6,2,4,2,0,2,0,0,0
S01009002,Gas central heating,589,87,502,526,39,487,46,32,14,17,16,1
S01009002,Electric (including storage heaters) central heating,70,21,49,57,9,48,8,8,0,5,4,1
S01009002,Oil central heating,101,5,96,94,1,93,7,4,3,0,0,0
S01009002,Solid fuel (for example wood coal) central heating,10,3,7,7,0,7,2,2,0,1,1,0
S01009002,Other central heating,3,1,2,3,1,2,0,0,0,0,0,0
S01009002,Two or more types of central heating,26,2,24,22,0,22,4,2,2,0,0,0
S01009003,All people in households,960,118,842,870,51,819,69,46,23,21,21,0
S01009003,No central heating,14,4,10,11,1,10,2,2,0,1,1,0
S01009003,Gas central heating,913,106,807,834,48,786,62,41,21,17,17,0
S01009003,Electric (including storage heaters) central heating,17,6,11,10,1,9,4,2,2,3,3,0
S01009003,Oil central heating,5,1,4,4,0,4,1,1,0,0,0,0
S01009003,Solid fuel (for example wood coal) central heating,0,0,0,0,0,0,0,0,0,0,0,0
S01009003,Other central heating,0,0,0,0,0,0,0,0,0,0,0,0
S01009003,Two or more types of central heating,11,1,10,11,1,10,0,0,0,0,0,0
S01009004,All people in households,680,90,590,599,39,560,67,38,29,14,13,1
S01009004,No central heating,3,0,3,3,0,3,0,0,0,0,0,0
S01009004,Gas central heating,635,87,548,560,38,522,61,36,25,14,13,1
S01009004,Electric (including storage heaters) central heating,32,1,31,27,0,27,5,1,4,0,0,0
S01009004,Oil central heating,0,0,0,0,0,0,0,0,0,0,0,0
S01009004,Solid fuel (for example wood coal) central heating,0,0,0,0,0,0,0,0,0,0,0,0
S01009004,Other central heating,0,0,0,0,0,0,0,0,0,0,0,0
S01009004,Two or more types of central heating,10,2,8,9,1,8,1,1,0,0,0,0
S01009005,All people in households,730,104,626,644,42,602,68,44,24,18,18,0
S01009005,No central heating,11,3,8,8,0,8,3,3,0,0,0,0
S01009005,Gas central heating,643,84,559,574,34,540,55,36,19,14,14,0
S01009005,Electric (including storage heaters) central heating,67,13,54,55,6,49,9,4,5,3,3,0
S01009005,Oil central heating,0,0,0,0,0,0,0,0,0,0,0,0
S01009005,Solid fuel (for example wood coal) central heating,0,0,0,0,0,0,0,0,0,0,0,0
S01009005,Other central heating,0,0,0,0,0,0,0,0,0,0,0,0
S01009005,Two or more types of central heating,9,4,5,7,2,5,1,1,0,1,1,0
S01009006,All people in households,766,136,630,645,47,598,80,50,30,41,39,2
S01009006,No central heating,4,1,3,3,0,3,1,1,0,0,0,0
S01009006,Gas central heating,663,111,552,566,40,526,62,37,25,35,34,1
S01009006,Electric (including storage heaters) central heating,82,19,63,65,5,60,13,10,3,4,4,0
S01009006,Oil central heating,1,0,1,0,0,0,1,0,1,0,0,0
S01009006,Solid fuel (for example wood coal) central heating,0,0,0,0,0,0,0,0,0,0,0,0
S01009006,Other central heating,12,5,7,8,2,6,3,2,1,1,1,0
S01009006,Two or more types of central heating,4,0,4,3,0,3,0,0,0,1,0,1
S01009007,All people in households,701,131,570,590,43,547,74,52,22,37,36,1
S01009007,No central heating,13,6,7,8,1,7,5,5,0,0,0,0
S01009007,Gas central heating,632,107,525,540,35,505,60,41,19,32,31,1
S01009007,Electric (including storage heaters) central heating,30,13,17,18,4,14,7,4,3,5,5,0
S01009007,Oil central heating,6,1,5,5,0,5,1,1,0,0,0,0
S01009007,Solid fuel (for example wood coal) central heating,0,0,0,0,0,0,0,0,0,0,0,0
S01009007,Other central heating,0,0,0,0,0,0,0,0,0,0,0,0
S01009007,Two or more types of central heating,20,4,16,19,3,16,1,1,0,0,0,0
S01009008,All people in households,916,176,740,786,75,711,100,71,29,30,30,0
S01009008,No central heating,13,5,8,9,1,8,3,3,0,1,1,0
S01009008,Gas central heating,804,148,656,698,66,632,84,60,24,22,22,0
S01009008,Electric (including storage heaters) central heating,84,19,65,69,7,62,9,6,3,6,6,0
S01009008,Oil central heating,0,0,0,0,0,0,0,0,0,0,0,0
S01009008,Solid fuel (for example wood coal) central heating,3,2,1,2,1,1,1,1,0,0,0,0
S01009008,Other central heating,1,1,0,0,0,0,0,0,0,1,1,0
S01009008,Two or more types of central heating,11,1,10,8,0,8,3,1,2,0,0,0
S01009009,All people in households,476,125,351,361,29,332,84,65,19,31,31,0
S01009009,No central heating,9,1,8,9,1,8,0,0,0,0,0,0
S01009009,Gas central heating,425,103,322,329,24,305,70,53,17,26,26,0
S01009009,Electric (including storage heaters) central heating,31,20,11,14,3,11,12,12,0,5,5,0
S01009009,Oil central heating,0,0,0,0,0,0,0,0,0,0,0,0
S01009009,Solid fuel (for example wood coal) central heating,0,0,0,0,0,0,0,0,0,0,0,0
S01009009,Other central heating,2,0,2,2,0,2,0,0,0,0,0,0
S01009009,Two or more types of central heating,9,1,8,7,1,6,2,0,2,0,0,0
S01009010,All people in households,1021,106,915,936,47,889,68,42,26,17,17,0
S01009010,No central heating,12,1,11,12,1,11,0,0,0,0,0,0
S01009010,Gas central heating,921,93,828,850,43,807,58,37,21,13,13,0
S01009010,Electric (including storage heaters) central heating,78,11,67,66,3,63,8,4,4,4,4,0
S01009010,Oil central heating,0,0,0,0,0,0,0,0,0,0,0,0
S01009010,Solid fuel (for example wood coal) central heating,0,0,0,0,0,0,0,0,0,0,0,0
S01009010,Other central heating,2,1,1,0,0,0,2,1,1,0,0,0
S01009010,Two or more types of central heating,8,0,8,8,0,8,0,0,0,0,0,0
S01009011,All people in households,869,69,800,808,29,779,51,30,21,10,10,0
S01009011,No central heating,4,0,4,4,0,4,0,0,0,0,0,0
S01009011,Gas central heating,840,63,777,783,26,757,47,27,20,10,10,0
S01009011,Electric (including storage heaters) central heating,16,3,13,14,2,12,2,1,1,0,0,0
S01009011,Oil central heating,0,0,0,0,0,0,0,0,0,0,0,0
S01009011,Solid fuel (for example wood coal) central heating,0,0,0,0,0,0,0,0,0,0,0,0
S01009011,Other central heating,3,3,0,1,1,0,2,2,0,0,0,0
S01009011,Two or more types of central heating,6,0,6,6,0,6,0,0,0,0,0,0
S01009012,All people in households,752,82,670,682,33,649,57,37,20,13,12,1
S01009012,No central heating,11,2,9,10,1,9,1,1,0,0,0,0
S01009012,Gas central heating,707,73,634,645,31,614,50,31,19,12,11,1
S01009012,Electric (including storage heaters) central heating,30,6,24,25,1,24,4,4,0,1,1,0
S01009012,Oil central heating,2,1,1,0,0,0,2,1,1,0,0,0
S01009012,Solid fuel (for example wood coal) central heating,0,0,0,0,0,0,0,0,0,0,0,0
S01009012,Other central heating,0,0,0,0,0,0,0,0,0,0,0,0
S01009012,Two or more types of central heating,2,0,2,2,0,2,0,0,0,0,0,0
S01009013,All people in households,893,100,793,805,38,767,64,39,25,24,23,1
S01009013,No central heating,7,1,6,5,0,5,2,1,1,0,0,0
S01009013,Gas central heating,842,92,750,761,35,726,58,35,23,23,22,1
S01009013,Electric (including storage heaters) central heating,19,2,17,18,1,17,1,1,0,0,0,0
S01009013,Oil central heating,12,3,9,10,2,8,2,1,1,0,0,0
S01009013,Solid fuel (for example wood coal) central heating,0,0,0,0,0,0,0,0,0,0,0,0
S01009013,Other central heating,4,1,3,3,0,3,1,1,0,0,0,0
S01009013,Two or more types of central heating,9,1,8,8,0,8,0,0,0,1,1,0
S01009014,All people in households,609,92,517,515,29,486,76,45,31,18,18,0
S01009014,No central heating,17,4,13,12,0,12,3,2,1,2,2,0
S01009014,Gas central heating,12,2,10,11,1,10,1,1,0,0,0,0
S01009014,Electric (including storage heaters) central heating,217,37,180,172,6,166,36,22,14,9,9,0
S01009014,Oil central heating,268,40,228,243,21,222,20,14,6,5,5,0
S01009014,Solid fuel (for example wood coal) central heating,40,2,38,31,0,31,8,1,7,1,1,0
S01009014,Other central heating,6,0,6,6,0,6,0,0,0,0,0,0
S01009014,Two or more types of central heating,49,7,42,40,1,39,8,5,3,1,1,0
S01009015,All people in households,637,101,536,552,35,517,65,46,19,20,20,0
S01009015,No central heating,16,5,11,10,0,10,3,2,1,3,3,0
S01009015,Gas central heating,21,0,21,21,0,21,0,0,0,0,0,0
S01009015,Electric (including storage heaters) central heating,189,36,153,160,13,147,21,15,6,8,8,0
S01009015,Oil central heating,301,46,255,264,17,247,30,22,8,7,7,0
S01009015,Solid fuel (for example wood coal) central heating,40,3,37,37,1,36,2,1,1,1,1,0
S01009015,Other central heating,16,1,15,14,0,14,2,1,1,0,0,0
S01009015,Two or more types of central heating,54,10,44,46,4,42,7,5,2,1,1,0
S01009016,All people in households,528,113,415,445,49,396,66,48,18,17,16,1
S01009016,No central heating,11,4,7,6,0,6,4,3,1,1,1,0
S01009016,Gas central heating,17,3,14,14,0,14,2,2,0,1,1,0
S01009016,Electric (including storage heaters) central heating,132,38,94,105,17,88,23,17,6,4,4,0
S01009016,Oil central heating,213,44,169,183,19,164,22,18,4,8,7,1
S01009016,Solid fuel (for example wood coal) central heating,63,11,52,56,7,49,6,3,3,1,1,0
S01009016,Other central heating,2,0,2,2,0,2,0,0,0,0,0,0
S01009016,Two or more types of central heating,90,13,77,79,6,73,9,5,4,2,2,0
S01009017,All people in households,604,110,494,493,30,463,81,50,31,30,30,0
S01009017,No central heating,9,2,7,7,0,7,0,0,0,2,2,0
S01009017,Gas central heating,15,1,14,14,0,14,0,0,0,1,1,0
S01009017,Electric (including storage heaters) central heating,161,40,121,118,11,107,33,19,14,10,10,0
S01009017,Oil central heating,258,38,220,220,10,210,27,17,10,11,11,0
S01009017,Solid fuel (for example wood coal) central heating,66,18,48,53,7,46,10,8,2,3,3,0
S01009017,Other central heating,6,0,6,5,0,5,1,0,1,0,0,0
S01009017,Two or more types of central heating,89,11,78,76,2,74,10,6,4,3,3,0
S01009018,All people in households,743,123,620,616,28,588,104,74,30,23,21,2
S01009018,No central heating,17,5,12,13,3,10,4,2,2,0,0,0
S01009018,Gas central heating,50,4,46,47,2,45,3,2,1,0,0,0
S01009018,Electric (including storage heaters) central heating,156,31,125,130,9,121,18,14,4,8,8,0
S01009018,Oil central heating,328,56,272,268,10,258,50,38,12,10,8,2
S01009018,Solid fuel (for example wood coal) central heating,111,17,94,89,4,85,19,10,9,3,3,0
S01009018,Other central heating,7,1,6,6,0,6,1,1,0,0,0,0
S01009018,Two or more types of central heating,74,9,65,63,0,63,9,7,2,2,2,0
S01009019,All people in households,517,107,410,431,36,395,65,50,15,21,21,0
S01009019,No central heating,10,2,8,6,0,6,4,2,2,0,0,0
S01009019,Gas central heating,16,2,14,16,2,14,0,0,0,0,0,0
S01009019,Electric (including storage heaters) central heating,141,26,115,122,8,114,12,11,1,7,7,0
S01009019,Oil central heating,224,58,166,174,17,157,37,28,9,13,13,0
S01009019,Solid fuel (for example wood coal) central heating,60,7,53,54,4,50,5,2,3,1,1,0
S01009019,Other central heating,3,2,1,3,2,1,0,0,0,0,0,0
S01009019,Two or more types of central heating,63,10,53,56,3,53,7,7,0,0,0,0
S01009020,All people in households,807,130,677,678,38,640,102,65,37,27,27,0
S01009020,No central heating,24,1,23,21,1,20,3,0,3,0,0,0
S01009020,Gas central heating,9,5,4,5,1,4,3,3,0,1,1,0
S01009020,Electric (including storage heaters) central heating,408,66,342,343,18,325,50,33,17,15,15,0
S01009020,Oil central heating,261,45,216,222,16,206,31,21,10,8,8,0
S01009020,Solid fuel (for example wood coal) central heating,51,6,45,42,1,41,8,4,4,1,1,0
S01009020,Other central heating,3,0,3,3,0,3,0,0,0,0,0,0
S01009020,Two or more types of central heating,51,7,44,42,1,41,7,4,3,2,2,0
S01009021,All people in households,731,149,582,619,60,559,90,67,23,22,22,0
S01009021,No central heating,33,4,29,29,0,29,3,3,0,1,1,0
S01009021,Gas central heating,26,5,21,23,2,21,2,2,0,1,1,0
S01009021,Electric (including storage heaters) central heating,101,22,79,82,9,73,17,11,6,2,2,0
S01009021,Oil central heating,404,88,316,341,35,306,49,39,10,14,14,0
S01009021,Solid fuel (for example wood coal) central heating,80,10,70,73,7,66,7,3,4,0,0,0
S01009021,Other central heating,10,1,9,9,0,9,1,1,0,0,0,0
S01009021,Two or more types of central heating,77,19,58,62,7,55,11,8,3,4,4,0
S01009022,All people in households,873,157,716,727,42,685,118,88,30,28,27,1
S01009022,No central heating,30,7,23,23,2,21,5,3,2,2,2,0
S01009022,Gas central heating,34,5,29,28,0,28,4,3,1,2,2,0
S01009022,Electric (including storage heaters) central heating,163,40,123,127,15,112,30,19,11,6,6,0
S01009022,Oil central heating,378,60,318,323,15,308,45,35,10,10,10,0
S01009022,Solid fuel (for example wood coal) central heating,136,18,118,119,4,115,14,11,3,3,3,0
S01009022,Other central heating,16,7,9,10,1,9,5,5,0,1,1,0
S01009022,Two or more types of central heating,116,20,96,97,5,92,15,12,3,4,3,1
S01009023,All people in households,908,194,714,747,74,673,125,87,38,36,33,3
S01009023,No central heating,33,11,22,22,3,19,9,6,3,2,2,0
S01009023,Gas central heating,26,0,26,25,0,25,1,0,1,0,0,0
S01009023,Electric (including storage heaters) central heating,206,55,151,163,23,140,29,19,10,14,13,1
S01009023,Oil central heating,414,80,334,354,32,322,49,38,11,11,10,1
S01009023,Solid fuel (for example wood coal) central heating,94,15,79,78,6,72,13,6,7,3,3,0
S01009023,Other central heating,5,1,4,4,0,4,1,1,0,0,0,0
S01009023,Two or more types of central heating,130,32,98,101,10,91,23,17,6,6,5,1
S01009024,All people in households,959,213,746,775,66,709,135,99,36,49,48,1
S01009024,No central heating,26,8,18,18,1,17,5,4,1,3,3,0
S01009024,Gas central heating,19,6,13,13,1,12,4,3,1,2,2,0
S01009024,Electric (including storage heaters) central heating,352,82,270,280,27,253,55,39,16,17,16,1
S01009024,Oil central heating,352,74,278,291,23,268,45,35,10,16,16,0
S01009024,Solid fuel (for example wood coal) central heating,118,21,97,99,7,92,12,7,5,7,7,0
S01009024,Other central heating,10,1,9,9,0,9,0,0,0,1,1,0
S01009024,Two or more types of central heating,82,21,61,65,7,58,14,11,3,3,3,0
S01009025,All people in households,918,197,721,747,68,679,136,95,41,35,34,1
S01009025,No central heating,37,7,30,31,3,28,6,4,2,0,0,0
S01009025,Gas central heating,22,5,17,19,2,17,3,3,0,0,0,0
S01009025,Electric (including storage heaters) central heating,128,40,88,93,17,76,27,15,12,8,8,0
S01009025,Oil central heating,479,99,380,395,32,363,65,49,16,19,18,1
S01009025,Solid fuel (for example wood coal) central heating,105,26,79,88,12,76,14,11,3,3,3,0
S01009025,Other central heating,5,1,4,4,0,4,1,1,0,0,0,0
S01009025,Two or more types of central heating,142,19,123,117,2,115,20,12,8,5,5,0
S01009026,All people in households,892,207,685,701,57,644,137,99,38,54,51,3
S01009026,No central heating,17,2,15,14,1,13,3,1,2,0,0,0
S01009026,Gas central heating,36,8,28,31,4,27,3,3,0,2,1,1
S01009026,Electric (including storage heaters) central heating,146,41,105,112,13,99,25,20,5,9,8,1
S01009026,Oil central heating,458,103,355,358,21,337,69,52,17,31,30,1
S01009026,Solid fuel (for example wood coal) central heating,85,14,71,71,5,66,11,6,5,3,3,0
S01009026,Other central heating,8,3,5,8,3,5,0,0,0,0,0,0
S01009026,Two or more types of central heating,142,36,106,107,10,97,26,17,9,9,9,0
S01009027,All people in households,768,173,595,605,42,563,118,87,31,45,44,1
S01009027,No central heating,32,8,24,17,1,16,10,2,8,5,5,0
S01009027,Gas central heating,19,3,16,17,1,16,0,0,0,2,2,0
S01009027,Electric (including storage heaters) central heating,108,34,74,78,8,70,23,19,4,7,7,0
S01009027,Oil central heating,393,91,302,311,22,289,61,49,12,21,20,1
S01009027,Solid fuel (for example wood coal) central heating,77,11,66,70,5,65,4,3,1,3,3,0
S01009027,Other central heating,6,2,4,4,0,4,1,1,0,1,1,0
S01009027,Two or more types of central heating,133,24,109,108,5,103,19,13,6,6,6,0
S01009028,All people in households,494,112,382,402,37,365,66,49,17,26,26,0
S01009028,No central heating,5,2,3,2,0,2,2,1,1,1,1,0
S01009028,Gas central heating,29,5,24,24,3,21,4,1,3,1,1,0
S01009028,Electric (including storage heaters) central heating,65,15,50,52,4,48,9,7,2,4,4,0
S01009028,Oil central heating,234,59,175,189,20,169,32,26,6,13,13,0
S01009028,Solid fuel (for example wood coal) central heating,54,12,42,43,4,39,10,7,3,1,1,0
S01009028,Other central heating,13,4,9,9,0,9,2,2,0,2,2,0
S01009028,Two or more types of central heating,94,15,79,83,6,77,7,5,2,4,4,0
S01009029,All people in households,617,159,458,492,52,440,88,70,18,37,37,0
S01009029,No central heating,16,6,10,10,0,10,3,3,0,3,3,0
S01009029,Gas central heating,16,2,14,13,0,13,3,2,1,0,0,0
S01009029,Electric (including storage heaters) central heating,95,25,70,72,4,68,13,11,2,10,10,0
S01009029,Oil central heating,279,70,209,225,24,201,43,35,8,11,11,0
S01009029,Solid fuel (for example wood coal) central heating,80,27,53,61,10,51,12,10,2,7,7,0
S01009029,Other central heating,7,1,6,6,0,6,1,1,0,0,0,0
S01009029,Two or more types of central heating,124,28,96,105,14,91,13,8,5,6,6,0
S01009030,All people in households,733,148,585,589,44,545,113,76,37,31,28,3
S01009030,No central heating,17,4,13,12,1,11,4,2,2,1,1,0
S01009030,Gas central heating,16,2,14,14,0,14,1,1,0,1,1,0
S01009030,Electric (including storage heaters) central heating,101,25,76,75,8,67,18,9,9,8,8,0
S01009030,Oil central heating,390,73,317,326,21,305,51,40,11,13,12,1
S01009030,Solid fuel (for example wood coal) central heating,81,16,65,65,4,61,13,10,3,3,2,1
S01009030,Other central heating,44,7,37,34,3,31,9,4,5,1,0,1
S01009030,Two or more types of central heating,84,21,63,63,7,56,17,10,7,4,4,0
S01009031,All people in households,761,172,589,590,44,546,138,95,43,33,33,0
S01009031,No central heating,20,3,17,16,0,16,2,1,1,2,2,0
S01009031,Gas central heating,10,1,9,9,0,9,0,0,0,1,1,0
S01009031,Electric (including storage heaters) central heating,149,35,114,110,8,102,29,17,12,10,10,0
S01009031,Oil central heating,405,87,318,316,21,295,77,54,23,12,12,0
S01009031,Solid fuel (for example wood coal) central heating,83,24,59,64,8,56,17,14,3,2,2,0
S01009031,Other central heating,15,2,13,14,1,13,1,1,0,0,0,0
S01009031,Two or more types of central heating,79,20,59,61,6,55,12,8,4,6,6,0
S01009032,All people in households,656,148,508,527,45,482,102,76,26,27,27,0
S01009032,No central heating,16,8,8,9,3,6,5,3,2,2,2,0
S01009032,Gas central heating,21,5,16,17,1,16,3,3,0,1,1,0
S01009032,Electric (including storage heaters) central heating,101,27,74,78,5,73,14,13,1,9,9,0
S01009032,Oil central heating,342,76,266,275,25,250,58,42,16,9,9,0
S01009032,Solid fuel (for example wood coal) central heating,56,12,44,49,6,43,5,4,1,2,2,0
S01009032,Other central heating,13,3,10,9,0,9,3,2,1,1,1,0
S01009032,Two or more types of central heating,107,17,90,90,5,85,14,9,5,3,3,0
S01009033,All people in households,795,187,608,638,54,584,117,93,24,40,40,0
S01009033,No central heating,30,11,19,20,1,19,5,5,0,5,5,0
S01009033,Gas central heating,21,0,21,21,0,21,0,0,0,0,0,0
S01009033,Electric (including storage heaters) central heating,123,38,85,94,14,80,20,15,5,9,9,0
S01009033,Oil central heating,426,98,328,339,26,313,70,55,15,17,17,0
S01009033,Solid fuel (for example wood coal) central heating,71,11,60,61,3,58,6,4,2,4,4,0
S01009033,Other central heating,15,4,11,14,3,11,0,0,0,1,1,0
S01009033,Two or more types of central heating,109,25,84,89,7,82,16,14,2,4,4,0
S01009034,All people in households,709,152,557,585,54,531,90,65,25,34,33,1
S01009034,No central heating,12,2,10,7,0,7,4,1,3,1,1,0
S01009034,Gas central heating,13,5,8,8,1,7,3,2,1,2,2,0
S01009034,Electric (including storage heaters) central heating,143,39,104,106,8,98,22,17,5,15,14,1
S01009034,Oil central heating,362,71,291,304,27,277,48,34,14,10,10,0
S01009034,Solid fuel (for example wood coal) central heating,55,13,42,48,6,42,4,4,0,3,3,0
S01009034,Other central heating,4,1,3,4,1,3,0,0,0,0,0,0
S01009034,Two or more types of central heating,120,21,99,108,11,97,9,7,2,3,3,0
S01009035,All people in households,927,179,748,769,48,721,110,84,26,48,47,1
S01009035,No central heating,19,5,14,13,1,12,4,2,2,2,2,0
S01009035,Gas central heating,12,1,11,11,1,10,1,0,1,0,0,0
S01009035,Electric (including storage heaters) central heating,160,51,109,111,9,102,34,27,7,15,15,0
S01009035,Oil central heating,535,89,446,460,27,433,53,41,12,22,21,1
S01009035,Solid fuel (for example wood coal) central heating,80,15,65,67,2,65,7,7,0,6,6,0
S01009035,Other central heating,15,0,15,14,0,14,1,0,1,0,0,0
S01009035,Two or more types of central heating,106,18,88,93,8,85,10,7,3,3,3,0
S01009036,All people in households,1074,181,893,924,63,861,104,73,31,46,45,1
S01009036,No central heating,12,3,9,11,2,9,1,1,0,0,0,0
S01009036,Gas central heating,25,3,22,22,1,21,3,2,1,0,0,0
S01009036,Electric (including storage heaters) central heating,232,56,176,186,18,168,30,22,8,16,16,0
S01009036,Oil central heating,553,82,471,485,31,454,48,32,16,20,19,1
S01009036,Solid fuel (for example wood coal) central heating,83,18,65,65,4,61,12,8,4,6,6,0
S01009036,Other central heating,38,4,34,37,3,34,1,1,0,0,0,0
S01009036,Two or more types of central heating,131,15,116,118,4,114,9,7,2,4,4,0
S01009037,All people in households,893,134,759,789,55,734,78,53,25,26,26,0
S01009037,No central heating,6,0,6,5,0,5,1,0,1,0,0,0
S01009037,Gas central heating,30,5,25,25,0,25,3,3,0,2,2,0
S01009037,Electric (including storage heaters) central heating,242,46,196,207,20,187,24,15,9,11,11,0
S01009037,Oil central heating,465,58,407,419,23,396,36,25,11,10,10,0
S01009037,Solid fuel (for example wood coal) central heating,22,5,17,17,2,15,4,2,2,1,1,0
S01009037,Other central heating,22,3,19,21,2,19,1,1,0,0,0,0
S01009037,Two or more types of central heating,106,17,89,95,8,87,9,7,2,2,2,0
S01009038,All people in households,1081,167,914,911,43,868,122,78,44,48,46,2
S01009038,No central heating,7,1,6,6,0,6,0,0,0,1,1,0
S01009038,Gas central heating,33,2,31,30,1,29,2,1,1,1,0,1
S01009038,Electric (including storage heaters) central heating,327,57,270,272,17,255,35,21,14,20,19,1
S01009038,Oil central heating,515,69,446,442,16,426,55,35,20,18,18,0
S01009038,Solid fuel (for example wood coal) central heating,84,12,72,73,4,69,9,6,3,2,2,0
S01009038,Other central heating,22,4,18,17,0,17,4,3,1,1,1,0
S01009038,Two or more types of central heating,93,22,71,71,5,66,17,12,5,5,5,0
S01009039,All people in households,656,108,548,537,22,515,83,50,33,36,36,0
S01009039,No central heating,11,0,11,10,0,10,1,0,1,0,0,0
S01009039,Gas central heating,139,23,116,113,3,110,19,13,6,7,7,0
S01009039,Electric (including storage heaters) central heating,261,46,215,217,14,203,29,17,12,15,15,0
S01009039,Oil central heating,135,17,118,116,2,114,15,11,4,4,4,0
S01009039,Solid fuel (for example wood coal) central heating,68,16,52,47,2,45,13,6,7,8,8,0
S01009039,Other central heating,4,0,4,4,0,4,0,0,0,0,0,0
S01009039,Two or more types of central heating,38,6,32,30,1,29,6,3,3,2,2,0
S01009040,All people in households,620,141,479,490,35,455,93,69,24,37,37,0
S01009040,No central heating,9,0,9,8,0,8,1,0,1,0,0,0
S01009040,Gas central heating,431,83,348,352,21,331,58,41,17,21,21,0
S01009040,Electric (including storage heaters) central heating,130,30,100,102,7,95,18,13,5,10,10,0
S01009040,Oil central heating,36,22,14,19,6,13,12,11,1,5,5,0
S01009040,Solid fuel (for example wood coal) central heating,6,3,3,4,1,3,2,2,0,0,0,0
S01009040,Other central heating,1,1,0,0,0,0,1,1,0,0,0,0
S01009040,Two or more types of central heating,7,2,5,5,0,5,1,1,0,1,1,0
S01009041,All people in households,846,209,637,665,61,604,124,95,29,57,53,4
S01009041,No central heating,12,5,7,7,0,7,2,2,0,3,3,0
S01009041,Gas central heating,525,92,433,441,28,413,56,38,18,28,26,2
S01009041,Electric (including storage heaters) central heating,202,83,119,130,21,109,52,43,9,20,19,1
S01009041,Oil central heating,63,15,48,51,5,46,10,8,2,2,2,0
S01009041,Solid fuel (for example wood coal) central heating,12,6,6,10,4,6,2,2,0,0,0,0
S01009041,Other central heating,7,2,5,5,0,5,2,2,0,0,0,0
S01009041,Two or more types of central heating,25,6,19,21,3,18,0,0,0,4,3,1
S01009042,All people in households,808,141,667,674,42,632,95,60,35,39,39,0
S01009042,No central heating,15,7,8,10,2,8,1,1,0,4,4,0
S01009042,Gas central heating,378,59,319,319,15,304,46,31,15,13,13,0
S01009042,Electric (including storage heaters) central heating,216,48,168,170,15,155,30,17,13,16,16,0
S01009042,Oil central heating,130,19,111,115,7,108,10,7,3,5,5,0
S01009042,Solid fuel (for example wood coal) central heating,29,3,26,24,0,24,4,2,2,1,1,0
S01009042,Other central heating,1,0,1,1,0,1,0,0,0,0,0,0
S01009042,Two or more types of central heating,39,5,34,35,3,32,4,2,2,0,0,0
S01009043,All people in households,600,113,487,478,22,456,88,57,31,34,34,0
S01009043,No central heating,5,2,3,3,0,3,2,2,0,0,0,0
S01009043,Gas central heating,388,74,314,312,17,295,58,39,19,18,18,0
S01009043,Electric (including storage heaters) central heating,145,24,121,116,3,113,18,10,8,11,11,0
S01009043,Oil central heating,29,3,26,25,0,25,3,2,1,1,1,0
S01009043,Solid fuel (for example wood coal) central heating,11,2,9,9,0,9,2,2,0,0,0,0
S01009043,Other central heating,1,0,1,1,0,1,0,0,0,0,0,0
S01009043,Two or more types of central heating,21,8,13,12,2,10,5,2,3,4,4,0
S01009044,All people in households,801,194,607,623,52,571,123,88,35,55,54,1
S01009044,No central heating,18,4,14,11,0,11,7,4,3,0,0,0
S01009044,Gas central heating,570,135,435,445,37,408,88,61,27,37,37,0
S01009044,Electric (including storage heaters) central heating,143,37,106,113,10,103,19,16,3,11,11,0
S01009044,Oil central heating,37,13,24,25,3,22,7,6,1,5,4,1
S01009044,Solid fuel (for example wood coal) central heating,6,1,5,5,0,5,1,1,0,0,0,0
S01009044,Other central heating,1,1,0,0,0,0,0,0,0,1,1,0
S01009044,Two or more types of central heating,26,3,23,24,2,22,1,0,1,1,1,0
S01009045,All people in households,630,128,502,512,31,481,86,65,21,32,32,0
S01009045,No central heating,7,3,4,3,0,3,4,3,1,0,0,0
S01009045,Gas central heating,176,35,141,148,12,136,19,14,5,9,9,0
S01009045,Electric (including storage heaters) central heating,150,42,108,115,8,107,21,20,1,14,14,0
S01009045,Oil central heating,228,37,191,194,11,183,27,19,8,7,7,0
S01009045,Solid fuel (for example wood coal) central heating,35,5,30,27,0,27,7,4,3,1,1,0
S01009045,Other central heating,9,0,9,9,0,9,0,0,0,0,0,0
S01009045,Two or more types of central heating,25,6,19,16,0,16,8,5,3,1,1,0
S01009046,All people in households,868,176,692,715,56,659,116,85,31,37,35,2
S01009046,No central heating,5,0,5,5,0,5,0,0,0,0,0,0
S01009046,Gas central heating,25,8,17,21,4,17,3,3,0,1,1,0
S01009046,Electric (including storage heaters) central heating,187,40,147,148,8,140,26,19,7,13,13,0
S01009046,Oil central heating,502,99,403,425,37,388,60,47,13,17,15,2
S01009046,Solid fuel (for example wood coal) central heating,58,12,46,40,0,40,15,9,6,3,3,0
S01009046,Other central heating,15,0,15,15,0,15,0,0,0,0,0,0
S01009046,Two or more types of central heating,76,17,59,61,7,54,12,7,5,3,3,0
S01009047,All people in households,802,133,669,677,37,640,90,62,28,35,34,1
S01009047,No central heating,13,6,7,9,2,7,2,2,0,2,2,0
S01009047,Gas central heating,20,3,17,17,2,15,3,1,2,0,0,0
S01009047,Electric (including storage heaters) central heating,151,38,113,112,7,105,28,21,7,11,10,1
S01009047,Oil central heating,465,71,394,403,21,382,46,34,12,16,16,0
S01009047,Solid fuel (for example wood coal) central heating,48,8,40,40,3,37,5,2,3,3,3,0
S01009047,Other central heating,19,0,19,19,0,19,0,0,0,0,0,0
S01009047,Two or more types of central heating,86,7,79,77,2,75,6,2,4,3,3,0
S01009048,All people in households,837,151,686,697,39,658,102,74,28,38,38,0
S01009048,No central heating,34,2,32,29,0,29,5,2,3,0,0,0
S01009048,Gas central heating,25,1,24,24,0,24,1,1,0,0,0,0
S01009048,Electric (including storage heaters) central heating,113,28,85,82,7,75,20,10,10,11,11,0
S01009048,Oil central heating,505,83,422,435,25,410,57,45,12,13,13,0
S01009048,Solid fuel (for example wood coal) central heating,23,6,17,18,1,17,3,3,0,2,2,0
S01009048,Other central heating,15,2,13,12,1,11,3,1,2,0,0,0
S01009048,Two or more types of central heating,122,29,93,97,5,92,13,12,1,12,12,0
S01009049,All people in households,616,121,495,510,35,475,76,56,20,30,30,0
S01009049,No central heating,26,9,17,19,3,16,5,4,1,2,2,0
S01009049,Gas central heating,10,3,7,7,0,7,2,2,0,1,1,0
S01009049,Electric (including storage heaters) central heating,146,27,119,118,5,113,17,11,6,11,11,0
S01009049,Oil central heating,310,65,245,260,22,238,40,33,7,10,10,0
S01009049,Solid fuel (for example wood coal) central heating,48,6,42,37,1,36,8,2,6,3,3,0
S01009049,Other central heating,15,0,15,15,0,15,0,0,0,0,0,0
S01009049,Two or more types of central heating,61,11,50,54,4,50,4,4,0,3,3,0
S01009050,All people in households,775,161,614,627,48,579,114,80,34,34,33,1
S01009050,No central heating,6,2,4,5,1,4,1,1,0,0,0,0
S01009050,Gas central heating,616,127,489,494,36,458,97,67,30,25,24,1
S01009050,Electric (including storage heaters) central heating,29,6,23,24,2,22,4,3,1,1,1,0
S01009050,Oil central heating,75,13,62,66,5,61,7,6,1,2,2,0
S01009050,Solid fuel (for example wood coal) central heating,20,6,14,15,2,13,1,0,1,4,4,0
S01009050,Other central heating,12,1,11,11,0,11,1,1,0,0,0,0
S01009050,Two or more types of central heating,17,6,11,12,2,10,3,2,1,2,2,0
S01009051,All people in households,761,116,645,659,41,618,70,44,26,32,31,1
S01009051,No central heating,5,1,4,4,0,4,0,0,0,1,1,0
S01009051,Gas central heating,692,101,591,606,38,568,63,41,22,23,22,1
S01009051,Electric (including storage heaters) central heating,45,11,34,32,1,31,5,2,3,8,8,0
S01009051,Oil central heating,0,0,0,0,0,0,0,0,0,0,0,0
S01009051,Solid fuel (for example wood coal) central heating,4,0,4,4,0,4,0,0,0,0,0,0
S01009051,Other central heating,0,0,0,0,0,0,0,0,0,0,0,0
S01009051,Two or more types of central heating,15,3,12,13,2,11,2,1,1,0,0,0
S01009052,All people in households,598,133,465,477,41,436,82,55,27,39,37,2
S01009052,No central heating,1,1,0,0,0,0,1,1,0,0,0,0
S01009052,Gas central heating,562,121,441,453,37,416,72,48,24,37,36,1
S01009052,Electric (including storage heaters) central heating,25,8,17,19,4,15,5,3,2,1,1,0
S01009052,Oil central heating,3,1,2,2,0,2,1,1,0,0,0,0
S01009052,Solid fuel (for example wood coal) central heating,0,0,0,0,0,0,0,0,0,0,0,0
S01009052,Other central heating,1,0,1,0,0,0,1,0,1,0,0,0
S01009052,Two or more types of central heating,6,2,4,3,0,3,2,2,0,1,0,1
S01009053,All people in households,532,136,396,404,34,370,76,52,24,52,50,2
S01009053,No central heating,1,0,1,1,0,1,0,0,0,0,0,0
S01009053,Gas central heating,503,126,377,383,32,351,72,48,24,48,46,2
S01009053,Electric (including storage heaters) central heating,10,3,7,7,0,7,1,1,0,2,2,0
S01009053,Oil central heating,4,1,3,4,1,3,0,0,0,0,0,0
S01009053,Solid fuel (for example wood coal) central heating,4,2,2,2,0,2,2,2,0,0,0,0
S01009053,Other central heating,0,0,0,0,0,0,0,0,0,0,0,0
S01009053,Two or more types of central heating,10,4,6,7,1,6,1,1,0,2,2,0
S01009054,All people in households,583,123,460,460,30,430,88,61,27,35,32,3
S01009054,No central heating,5,1,4,3,0,3,2,1,1,0,0,0
S01009054,Gas central heating,542,112,430,430,28,402,82,57,25,30,27,3
S01009054,Electric (including storage heaters) central heating,27,9,18,19,2,17,3,2,1,5,5,0
S01009054,Oil central heating,2,1,1,1,0,1,1,1,0,0,0,0
S01009054,Solid fuel (for example wood coal) central heating,0,0,0,0,0,0,0,0,0,0,0,0
S01009054,Other central heating,3,0,3,3,0,3,0,0,0,0,0,0
S01009054,Two or more types of central heating,4,0,4,4,0,4,0,0,0,0,0,0
S01009055,All people in households,807,147,660,680,48,632,93,65,28,34,34,0
S01009055,No central heating,5,1,4,0,0,0,5,1,4,0,0,0
S01009055,Gas central heating,595,108,487,506,37,469,63,45,18,26,26,0
S01009055,Electric (including storage heaters) central heating,32,9,23,23,2,21,6,4,2,3,3,0
S01009055,Oil central heating,113,21,92,96,7,89,13,10,3,4,4,0
S01009055,Solid fuel (for example wood coal) central heating,17,2,15,15,1,14,1,0,1,1,1,0
S01009055,Other central heating,33,3,30,30,0,30,3,3,0,0,0,0
S01009055,Two or more types of central heating,12,3,9,10,1,9,2,2,0,0,0,0
S01009056,All people in households,554,153,401,424,42,382,75,56,19,55,55,0
S01009056,No central heating,2,2,0,0,0,0,1,1,0,1,1,0
S01009056,Gas central heating,475,126,349,368,37,331,65,47,18,42,42,0
S01009056,Electric (including storage heaters) central heating,66,21,45,48,3,45,6,6,0,12,12,0
S01009056,Oil central heating,0,0,0,0,0,0,0,0,0,0,0,0
S01009056,Solid fuel (for example wood coal) central heating,5,1,4,5,1,4,0,0,0,0,0,0
S01009056,Other central heating,0,0,0,0,0,0,0,0,0,0,0,0
S01009056,Two or more types of central heating,6,3,3,3,1,2,3,2,1,0,0,0
S01009057,All people in households,554,121,433,433,34,399,81,49,32,40,38,2
S01009057,No central heating,2,0,2,2,0,2,0,0,0,0,0,0
S01009057,Gas central heating,505,112,393,393,31,362,73,44,29,39,37,2
S01009057,Electric (including storage heaters) central heating,38,8,30,32,3,29,5,4,1,1,1,0
S01009057,Oil central heating,0,0,0,0,0,0,0,0,0,0,0,0
S01009057,Solid fuel (for example wood coal) central heating,1,0,1,0,0,0,1,0,1,0,0,0
S01009057,Other central heating,1,0,1,1,0,1,0,0,0,0,0,0
S01009057,Two or more types of central heating,7,1,6,5,0,5,2,1,1,0,0,0
S01009058,All people in households,786,199,587,595,52,543,126,84,42,65,63,2
S01009058,No central heating,5,4,1,0,0,0,2,2,0,3,2,1
S01009058,Gas central heating,699,170,529,537,47,490,106,68,38,56,55,1
S01009058,Electric (including storage heaters) central heating,61,18,43,44,5,39,14,10,4,3,3,0
S01009058,Oil central heating,1,0,1,1,0,1,0,0,0,0,0,0
S01009058,Solid fuel (for example wood coal) central heating,2,2,0,0,0,0,0,0,0,2,2,0
S01009058,Other central heating,0,0,0,0,0,0,0,0,0,0,0,0
S01009058,Two or more types of central heating,18,5,13,13,0,13,4,4,0,1,1,0
S01009059,All people in households,881,120,761,773,36,737,81,58,23,27,26,1
S01009059,No central heating,1,0,1,1,0,1,0,0,0,0,0,0
S01009059,Gas central heating,827,108,719,732,34,698,72,52,20,23,22,1
S01009059,Electric (including storage heaters) central heating,16,6,10,10,2,8,5,3,2,1,1,0
S01009059,Oil central heating,4,0,4,4,0,4,0,0,0,0,0,0
S01009059,Solid fuel (for example wood coal) central heating,3,0,3,3,0,3,0,0,0,0,0,0
S01009059,Other central heating,1,1,0,0,0,0,0,0,0,1,1,0
S01009059,Two or more types of central heating,29,5,24,23,0,23,4,3,1,2,2,0
S01009060,All people in households,560,45,515,521,21,500,35,21,14,4,3,1
S01009060,No central heating,0,0,0,0,0,0,0,0,0,0,0,0
S01009060,Gas central heating,530,41,489,494,19,475,32,19,13,4,3,1
S01009060,Electric (including storage heaters) central heating,6,1,5,4,0,4,2,1,1,0,0,0
S01009060,Oil central heating,7,0,7,7,0,7,0,0,0,0,0,0
S01009060,Solid fuel (for example wood coal) central heating,8,2,6,8,2,6,0,0,0,0,0,0
S01009060,Other central heating,6,1,5,5,0,5,1,1,0,0,0,0
S01009060,Two or more types of central heating,3,0,3,3,0,3,0,0,0,0,0,0
S01009061,All people in households,810,143,667,684,52,632,92,58,34,34,33,1
S01009061,No central heating,1,1,0,1,1,0,0,0,0,0,0,0
S01009061,Gas central heating,786,132,654,667,47,620,86,53,33,33,32,1
S01009061,Electric (including storage heaters) central heating,18,8,10,12,3,9,5,4,1,1,1,0
S01009061,Oil central heating,0,0,0,0,0,0,0,0,0,0,0,0
S01009061,Solid fuel (for example wood coal) central heating,0,0,0,0,0,0,0,0,0,0,0,0
S01009061,Other central heating,0,0,0,0,0,0,0,0,0,0,0,0
S01009061,Two or more types of central heating,5,2,3,4,1,3,1,1,0,0,0,0
S01009062,All people in households,647,153,494,515,45,470,91,67,24,41,41,0
S01009062,No central heating,1,0,1,1,0,1,0,0,0,0,0,0
S01009062,Gas central heating,583,129,454,469,38,431,78,55,23,36,36,0
S01009062,Electric (including storage heaters) central heating,60,21,39,45,7,38,10,9,1,5,5,0
S01009062,Oil central heating,0,0,0,0,0,0,0,0,0,0,0,0
S01009062,Solid fuel (for example wood coal) central heating,0,0,0,0,0,0,0,0,0,0,0,0
S01009062,Other central heating,0,0,0,0,0,0,0,0,0,0,0,0
S01009062,Two or more types of central heating,3,3,0,0,0,0,3,3,0,0,0,0
S01009063,All people in households,733,109,624,625,38,587,83,46,37,25,25,0
S01009063,No central heating,2,0,2,1,0,1,1,0,1,0,0,0
S01009063,Gas central heating,684,97,587,586,33,553,75,41,34,23,23,0
S01009063,Electric (including storage heaters) central heating,21,5,16,17,2,15,3,2,1,1,1,0
S01009063,Oil central heating,2,0,2,2,0,2,0,0,0,0,0,0
S01009063,Solid fuel (for example wood coal) central heating,0,0,0,0,0,0,0,0,0,0,0,0
S01009063,Other central heating,5,1,4,5,1,4,0,0,0,0,0,0
S01009063,Two or more types of central heating,19,6,13,14,2,12,4,3,1,1,1,0
S01009064,All people in households,583,106,477,472,28,444,80,48,32,31,30,1
S01009064,No central heating,2,1,1,1,0,1,1,1,0,0,0,0
S01009064,Gas central heating,533,98,435,434,28,406,70,42,28,29,28,1
S01009064,Electric (including storage heaters) central heating,29,5,24,21,0,21,7,4,3,1,1,0
S01009064,Oil central heating,3,0,3,3,0,3,0,0,0,0,0,0
S01009064,Solid fuel (for example wood coal) central heating,0,0,0,0,0,0,0,0,0,0,0,0
S01009064,Other central heating,3,1,2,2,0,2,1,1,0,0,0,0
S01009064,Two or more types of central heating,13,1,12,11,0,11,1,0,1,1,1,0
S01009065,All people in households,686,147,539,557,53,504,83,48,35,46,46,0
S01009065,No central heating,14,2,12,12,0,12,0,0,0,2,2,0
S01009065,Gas central heating,557,111,446,462,45,417,63,34,29,32,32,0
S01009065,Electric (including storage heaters) central heating,105,30,75,77,7,70,16,11,5,12,12,0
S01009065,Oil central heating,5,2,3,3,1,2,2,1,1,0,0,0
S01009065,Solid fuel (for example wood coal) central heating,3,1,2,2,0,2,1,1,0,0,0,0
S01009065,Other central heating,0,0,0,0,0,0,0,0,0,0,0,0
S01009065,Two or more types of central heating,2,1,1,1,0,1,1,1,0,0,0,0
S01009066,All people in households,693,154,539,553,42,511,94,66,28,46,46,0
S01009066,No central heating,1,0,1,1,0,1,0,0,0,0,0,0
S01009066,Gas central heating,631,142,489,508,40,468,82,61,21,41,41,0
S01009066,Electric (including storage heaters) central heating,48,6,42,36,1,35,9,2,7,3,3,0
S01009066,Oil central heating,0,0,0,0,0,0,0,0,0,0,0,0
S01009066,Solid fuel (for example wood coal) central heating,1,1,0,1,1,0,0,0,0,0,0,0
S01009066,Other central heating,3,2,1,1,0,1,0,0,0,2,2,0
S01009066,Two or more types of central heating,9,3,6,6,0,6,3,3,0,0,0,0
S01009067,All people in households,863,102,761,786,49,737,57,34,23,20,19,1
S01009067,No central heating,3,3,0,3,3,0,0,0,0,0,0,0
S01009067,Gas central heating,826,96,730,752,45,707,54,32,22,20,19,1
S01009067,Electric (including storage heaters) central heating,13,0,13,12,0,12,1,0,1,0,0,0
S01009067,Oil central heating,0,0,0,0,0,0,0,0,0,0,0,0
S01009067,Solid fuel (for example wood coal) central heating,0,0,0,0,0,0,0,0,0,0,0,0
S01009067,Other central heating,0,0,0,0,0,0,0,0,0,0,0,0
S01009067,Two or more types of central heating,21,3,18,19,1,18,2,2,0,0,0,0
S01009068,All people in households,895,179,716,737,50,687,110,83,27,48,46,2
S01009068,No central heating,7,0,7,7,0,7,0,0,0,0,0,0
S01009068,Gas central heating,845,167,678,695,43,652,104,80,24,46,44,2
S01009068,Electric (including storage heaters) central heating,29,7,22,23,4,19,4,1,3,2,2,0
S01009068,Oil central heating,0,0,0,0,0,0,0,0,0,0,0,0
S01009068,Solid fuel (for example wood coal) central heating,3,1,2,3,1,2,0,0,0,0,0,0
S01009068,Other central heating,0,0,0,0,0,0,0,0,0,0,0,0
S01009068,Two or more types of central heating,11,4,7,9,2,7,2,2,0,0,0,0
S01009069,All people in households,631,75,556,575,35,540,46,30,16,10,10,0
S01009069,No central heating,2,0,2,2,0,2,0,0,0,0,0,0
S01009069,Gas central heating,609,72,537,555,34,521,45,29,16,9,9,0
S01009069,Electric (including storage heaters) central heating,14,1,13,13,0,13,1,1,0,0,0,0
S01009069,Oil central heating,6,2,4,5,1,4,0,0,0,1,1,0
S01009069,Solid fuel (for example wood coal) central heating,0,0,0,0,0,0,0,0,0,0,0,0
S01009069,Other central heating,0,0,0,0,0,0,0,0,0,0,0,0
S01009069,Two or more types of central heating,0,0,0,0,0,0,0,0,0,0,0,0
S01009070,All people in households,627,90,537,542,28,514,63,40,23,22,22,0
S01009070,No central heating,0,0,0,0,0,0,0,0,0,0,0,0
S01009070,Gas central heating,593,86,507,513,28,485,59,37,22,21,21,0
S01009070,Electric (including storage heaters) central heating,26,3,23,23,0,23,3,3,0,0,0,0
S01009070,Oil central heating,4,0,4,3,0,3,1,0,1,0,0,0
S01009070,Solid fuel (for example wood coal) central heating,0,0,0,0,0,0,0,0,0,0,0,0
S01009070,Other central heating,0,0,0,0,0,0,0,0,0,0,0,0
S01009070,Two or more types of central heating,4,1,3,3,0,3,0,0,0,1,1,0
S01009071,All people in households,508,110,398,417,40,377,62,41,21,29,29,0
S01009071,No central heating,2,1,1,1,0,1,1,1,0,0,0,0
S01009071,Gas central heating,419,95,324,344,36,308,51,35,16,24,24,0
S01009071,Electric (including storage heaters) central heating,14,3,11,10,0,10,3,2,1,1,1,0
S01009071,Oil central heating,47,6,41,42,4,38,4,1,3,1,1,0
S01009071,Solid fuel (for example wood coal) central heating,3,2,1,1,0,1,0,0,0,2,2,0
S01009071,Other central heating,14,1,13,12,0,12,2,1,1,0,0,0
S01009071,Two or more types of central heating,9,2,7,7,0,7,1,1,0,1,1,0
S01009072,All people in households,528,75,453,456,23,433,48,28,20,24,24,0
S01009072,No central heating,5,2,3,4,1,3,1,1,0,0,0,0
S01009072,Gas central heating,501,69,432,432,20,412,45,25,20,24,24,0
S01009072,Electric (including storage heaters) central heating,2,2,0,1,1,0,1,1,0,0,0,0
S01009072,Oil central heating,3,0,3,3,0,3,0,0,0,0,0,0
S01009072,Solid fuel (for example wood coal) central heating,0,0,0,0,0,0,0,0,0,0,0,0
S01009072,Other central heating,2,1,1,1,0,1,1,1,0,0,0,0
S01009072,Two or more types of central heating,15,1,14,15,1,14,0,0,0,0,0,0
S01009073,All people in households,585,122,463,477,38,439,62,38,24,46,46,0
S01009073,No central heating,3,1,2,3,1,2,0,0,0,0,0,0
S01009073,Gas central heating,555,118,437,449,36,413,60,36,24,46,46,0
S01009073,Electric (including storage heaters) central heating,7,0,7,7,0,7,0,0,0,0,0,0
S01009073,Oil central heating,0,0,0,0,0,0,0,0,0,0,0,0
S01009073,Solid fuel (for example wood coal) central heating,6,2,4,4,0,4,2,2,0,0,0,0
S01009073,Other central heating,2,1,1,2,1,1,0,0,0,0,0,0
S01009073,Two or more types of central heating,12,0,12,12,0,12,0,0,0,0,0,0
S01009074,All people in households,721,149,572,570,31,539,100,68,32,51,50,1
S01009074,No central heating,3,0,3,3,0,3,0,0,0,0,0,0
S01009074,Gas central heating,701,145,556,554,31,523,97,65,32,50,49,1
S01009074,Electric (including storage heaters) central heating,6,3,3,3,0,3,3,3,0,0,0,0
S01009074,Oil central heating,0,0,0,0,0,0,0,0,0,0,0,0
S01009074,Solid fuel (for example wood coal) central heating,1,1,0,0,0,0,0,0,0,1,1,0
S01009074,Other central heating,8,0,8,8,0,8,0,0,0,0,0,0
S01009074,Two or more types of central heating,2,0,2,2,0,2,0,0,0,0,0,0
S01009075,All people in households,536,137,399,405,35,370,76,49,27,55,53,2
S01009075,No central heating,5,3,2,4,2,2,1,1,0,0,0,0
S01009075,Gas central heating,476,124,352,354,29,325,70,45,25,52,50,2
S01009075,Electric (including storage heaters) central heating,10,0,10,10,0,10,0,0,0,0,0,0
S01009075,Oil central heating,26,7,19,22,3,19,2,2,0,2,2,0
S01009075,Solid fuel (for example wood coal) central heating,4,0,4,2,0,2,2,0,2,0,0,0
S01009075,Other central heating,6,1,5,5,0,5,1,1,0,0,0,0
S01009075,Two or more types of central heating,9,2,7,8,1,7,0,0,0,1,1,0
S01009076,All people in households,918,139,779,788,42,746,95,63,32,35,34,1
S01009076,No central heating,18,2,16,16,1,15,2,1,1,0,0,0
S01009076,Gas central heating,852,130,722,730,40,690,90,59,31,32,31,1
S01009076,Electric (including storage heaters) central heating,31,5,26,26,0,26,3,3,0,2,2,0
S01009076,Oil central heating,0,0,0,0,0,0,0,0,0,0,0,0
S01009076,Solid fuel (for example wood coal) central heating,0,0,0,0,0,0,0,0,0,0,0,0
S01009076,Other central heating,2,0,2,2,0,2,0,0,0,0,0,0
S01009076,Two or more types of central heating,15,2,13,14,1,13,0,0,0,1,1,0
S01009077,All people in households,626,100,526,528,26,502,68,45,23,30,29,1
S01009077,No central heating,0,0,0,0,0,0,0,0,0,0,0,0
S01009077,Gas central heating,603,94,509,511,25,486,65,42,23,27,27,0
S01009077,Electric (including storage heaters) central heating,11,1,10,11,1,10,0,0,0,0,0,0
S01009077,Oil central heating,6,2,4,3,0,3,2,2,0,1,0,1
S01009077,Solid fuel (for example wood coal) central heating,0,0,0,0,0,0,0,0,0,0,0,0
S01009077,Other central heating,2,2,0,0,0,0,1,1,0,1,1,0
S01009077,Two or more types of central heating,4,1,3,3,0,3,0,0,0,1,1,0
S01009078,All people in households,821,75,746,762,31,731,49,34,15,10,10,0
S01009078,No central heating,0,0,0,0,0,0,0,0,0,0,0,0
S01009078,Gas central heating,812,74,738,754,31,723,48,33,15,10,10,0
S01009078,Electric (including storage heaters) central heating,2,1,1,1,0,1,1,1,0,0,0,0
S01009078,Oil central heating,0,0,0,0,0,0,0,0,0,0,0,0
S01009078,Solid fuel (for example wood coal) central heating,0,0,0,0,0,0,0,0,0,0,0,0
S01009078,Other central heating,0,0,0,0,0,0,0,0,0,0,0,0
S01009078,Two or more types of central heating,7,0,7,7,0,7,0,0,0,0,0,0
S01009079,All people in households,837,213,624,634,49,585,135,98,37,68,66,2
S01009079,No central heating,8,0,8,8,0,8,0,0,0,0,0,0
S01009079,Gas central heating,716,181,535,541,39,502,114,83,31,61,59,2
S01009079,Electric (including storage heaters) central heating,103,26,77,82,9,73,16,12,4,5,5,0
S01009079,Oil central heating,0,0,0,0,0,0,0,0,0,0,0,0
S01009079,Solid fuel (for example wood coal) central heating,0,0,0,0,0,0,0,0,0,0,0,0
S01009079,Other central heating,0,0,0,0,0,0,0,0,0,0,0,0
S01009079,Two or more types of central heating,10,6,4,3,1,2,5,3,2,2,2,0
S01009080,All people in households,934,232,702,715,68,647,156,103,53,63,61,2
S01009080,No central heating,4,1,3,3,0,3,1,1,0,0,0,0
S01009080,Gas central heating,837,203,634,646,58,588,137,92,45,54,53,1
S01009080,Electric (including storage heaters) central heating,63,16,47,41,3,38,13,5,8,9,8,1
S01009080,Oil central heating,7,2,5,7,2,5,0,0,0,0,0,0
S01009080,Solid fuel (for example wood coal) central heating,9,6,3,4,1,3,5,5,0,0,0,0
S01009080,Other central heating,2,0,2,2,0,2,0,0,0,0,0,0
S01009080,Two or more types of central heating,12,4,8,12,4,8,0,0,0,0,0,0
S01009081,All people in households,654,159,495,521,55,466,96,70,26,37,34,3
S01009081,No central heating,0,0,0,0,0,0,0,0,0,0,0,0
S01009081,Gas central heating,612,138,474,494,49,445,85,59,26,33,30,3
S01009081,Electric (including storage heaters) central heating,32,17,15,20,5,15,9,9,0,3,3,0
S01009081,Oil central heating,3,1,2,2,0,2,1,1,0,0,0,0
S01009081,Solid fuel (for example wood coal) central heating,1,1,0,1,1,0,0,0,0,0,0,0
S01009081,Other central heating,0,0,0,0,0,0,0,0,0,0,0,0
S01009081,Two or more types of central heating,6,2,4,4,0,4,1,1,0,1,1,0
S01009082,All people in households,974,226,748,766,57,709,130,91,39,78,78,0
S01009082,No central heating,6,0,6,6,0,6,0,0,0,0,0,0
S01009082,Gas central heating,910,210,700,719,56,663,124,87,37,67,67,0
S01009082,Electric (including storage heaters) central heating,37,14,23,22,1,21,6,4,2,9,9,0
S01009082,Oil central heating,4,0,4,4,0,4,0,0,0,0,0,0
S01009082,Solid fuel (for example wood coal) central heating,2,0,2,2,0,2,0,0,0,0,0,0
S01009082,Other central heating,5,0,5,5,0,5,0,0,0,0,0,0
S01009082,Two or more types of central heating,10,2,8,8,0,8,0,0,0,2,2,0
S01009083,All people in households,774,179,595,616,55,561,101,68,33,57,56,1
S01009083,No central heating,5,2,3,3,1,2,2,1,1,0,0,0
S01009083,Gas central heating,678,153,525,541,47,494,87,57,30,50,49,1
S01009083,Electric (including storage heaters) central heating,66,16,50,52,4,48,8,6,2,6,6,0
S01009083,Oil central heating,3,0,3,3,0,3,0,0,0,0,0,0
S01009083,Solid fuel (for example wood coal) central heating,6,3,3,5,2,3,1,1,0,0,0,0
S01009083,Other central heating,2,0,2,2,0,2,0,0,0,0,0,0
S01009083,Two or more types of central heating,14,5,9,10,1,9,3,3,0,1,1,0
S01009084,All people in households,490,65,425,439,25,414,33,25,8,18,15,3
S01009084,No central heating,0,0,0,0,0,0,0,0,0,0,0,0
S01009084,Gas central heating,388,53,335,346,19,327,25,20,5,17,14,3
S01009084,Electric (including storage heaters) central heating,12,2,10,9,0,9,2,1,1,1,1,0
S01009084,Oil central heating,60,5,55,57,3,54,3,2,1,0,0,0
S01009084,Solid fuel (for example wood coal) central heating,5,0,5,5,0,5,0,0,0,0,0,0
S01009084,Other central heating,5,0,5,5,0,5,0,0,0,0,0,0
S01009084,Two or more types of central heating,20,5,15,17,3,14,3,2,1,0,0,0
S01009085,All people in households,834,62,772,793,35,758,31,17,14,10,10,0
S01009085,No central heating,0,0,0,0,0,0,0,0,0,0,0,0
S01009085,Gas central heating,810,58,752,773,33,740,27,15,12,10,10,0
S01009085,Electric (including storage heaters) central heating,9,3,6,6,1,5,3,2,1,0,0,0
S01009085,Oil central heating,0,0,0,0,0,0,0,0,0,0,0,0
S01009085,Solid fuel (for example wood coal) central heating,2,0,2,2,0,2,0,0,0,0,0,0
S01009085,Other central heating,0,0,0,0,0,0,0,0,0,0,0,0
S01009085,Two or more types of central heating,13,1,12,12,1,11,1,0,1,0,0,0
S01009086,All people in households,715,163,552,568,52,516,88,56,32,59,55,4
S01009086,No central heating,4,2,2,2,0,2,1,1,0,1,1,0
S01009086,Gas central heating,682,158,524,543,52,491,83,54,29,56,52,4
S01009086,Electric (including storage heaters) central heating,12,1,11,8,0,8,3,0,3,1,1,0
S01009086,Oil central heating,6,1,5,5,0,5,1,1,0,0,0,0
S01009086,Solid fuel (for example wood coal) central heating,0,0,0,0,0,0,0,0,0,0,0,0
S01009086,Other central heating,0,0,0,0,0,0,0,0,0,0,0,0
S01009086,Two or more types of central heating,11,1,10,10,0,10,0,0,0,1,1,0
S01009087,All people in households,571,138,433,446,44,402,101,71,30,24,23,1
S01009087,No central heating,0,0,0,0,0,0,0,0,0,0,0,0
S01009087,Gas central heating,557,134,423,435,43,392,99,69,30,23,22,1
S01009087,Electric (including storage heaters) central heating,11,4,7,8,1,7,2,2,0,1,1,0
S01009087,Oil central heating,0,0,0,0,0,0,0,0,0,0,0,0
S01009087,Solid fuel (for example wood coal) central heating,3,0,3,3,0,3,0,0,0,0,0,0
S01009087,Other central heating,0,0,0,0,0,0,0,0,0,0,0,0
S01009087,Two or more types of central heating,0,0,0,0,0,0,0,0,0,0,0,0
S01009088,All people in households,1012,161,851,883,62,821,94,65,29,35,34,1
S01009088,No central heating,8,0,8,8,0,8,0,0,0,0,0,0
S01009088,Gas central heating,818,133,685,712,51,661,76,53,23,30,29,1
S01009088,Electric (including storage heaters) central heating,39,5,34,32,0,32,6,4,2,1,1,0
S01009088,Oil central heating,59,10,49,52,4,48,6,5,1,1,1,0
S01009088,Solid fuel (for example wood coal) central heating,24,4,20,20,1,19,4,3,1,0,0,0
S01009088,Other central heating,46,6,40,42,4,38,2,0,2,2,2,0
S01009088,Two or more types of central heating,18,3,15,17,2,15,0,0,0,1,1,0
S01009089,All people in households,977,54,923,925,25,900,42,20,22,10,9,1
S01009089,No central heating,2,1,1,2,1,1,0,0,0,0,0,0
S01009089,Gas central heating,941,53,888,890,24,866,41,20,21,10,9,1
S01009089,Electric (including storage heaters) central heating,10,0,10,9,0,9,1,0,1,0,0,0
S01009089,Oil central heating,0,0,0,0,0,0,0,0,0,0,0,0
S01009089,Solid fuel (for example wood coal) central heating,0,0,0,0,0,0,0,0,0,0,0,0
S01009089,Other central heating,0,0,0,0,0,0,0,0,0,0,0,0
S01009089,Two or more types of central heating,24,0,24,24,0,24,0,0,0,0,0,0
S01009090,All people in households,764,49,715,729,24,705,27,17,10,8,8,0
S01009090,No central heating,2,0,2,2,0,2,0,0,0,0,0,0
S01009090,Gas central heating,746,44,702,713,21,692,25,15,10,8,8,0
S01009090,Electric (including storage heaters) central heating,0,0,0,0,0,0,0,0,0,0,0,0
S01009090,Oil central heating,1,1,0,1,1,0,0,0,0,0,0,0
S01009090,Solid fuel (for example wood coal) central heating,2,1,1,1,0,1,1,1,0,0,0,0
S01009090,Other central heating,0,0,0,0,0,0,0,0,0,0,0,0
S01009090,Two or more types of central heating,13,3,10,12,2,10,1,1,0,0,0,0
S01009091,All people in households,711,50,661,676,25,651,23,13,10,12,12,0
S01009091,No central heating,9,0,9,9,0,9,0,0,0,0,0,0
S01009091,Gas central heating,691,49,642,657,25,632,23,13,10,11,11,0
S01009091,Electric (including storage heaters) central heating,0,0,0,0,0,0,0,0,0,0,0,0
S01009091,Oil central heating,0,0,0,0,0,0,0,0,0,0,0,0
S01009091,Solid fuel (for example wood coal) central heating,0,0,0,0,0,0,0,0,0,0,0,0
S01009091,Other central heating,0,0,0,0,0,0,0,0,0,0,0,0
S01009091,Two or more types of central heating,11,1,10,10,0,10,0,0,0,1,1,0
S01009092,All people in households,1047,245,802,828,72,756,160,115,45,59,58,1
S01009092,No central heating,8,4,4,3,0,3,5,4,1,0,0,0
S01009092,Gas central heating,995,228,767,793,71,722,145,101,44,57,56,1
S01009092,Electric (including storage heaters) central heating,32,11,21,22,1,21,8,8,0,2,2,0
S01009092,Oil central heating,1,1,0,0,0,0,1,1,0,0,0,0
S01009092,Solid fuel (for example wood coal) central heating,0,0,0,0,0,0,0,0,0,0,0,0
S01009092,Other central heating,1,0,1,1,0,1,0,0,0,0,0,0
S01009092,Two or more types of central heating,10,1,9,9,0,9,1,1,0,0,0,0
S01009093,All people in households,775,141,634,633,32,601,101,68,33,41,41,0
S01009093,No central heating,6,0,6,4,0,4,2,0,2,0,0,0
S01009093,Gas central heating,692,133,559,564,29,535,87,63,24,41,41,0
S01009093,Electric (including storage heaters) central heating,51,6,45,41,2,39,10,4,6,0,0,0
S01009093,Oil central heating,2,0,2,2,0,2,0,0,0,0,0,0
S01009093,Solid fuel (for example wood coal) central heating,0,0,0,0,0,0,0,0,0,0,0,0
S01009093,Other central heating,0,0,0,0,0,0,0,0,0,0,0,0
S01009093,Two or more types of central heating,24,2,22,22,1,21,2,1,1,0,0,0
S01009094,All people in households,682,111,571,600,45,555,63,48,15,19,18,1
S01009094,No central heating,0,0,0,0,0,0,0,0,0,0,0,0
S01009094,Gas central heating,654,100,554,579,41,538,57,42,15,18,17,1
S01009094,Electric (including storage heaters) central heating,12,8,4,6,2,4,5,5,0,1,1,0
S01009094,Oil central heating,6,1,5,5,0,5,1,1,0,0,0,0
S01009094,Solid fuel (for example wood coal) central heating,0,0,0,0,0,0,0,0,0,0,0,0
S01009094,Other central heating,0,0,0,0,0,0,0,0,0,0,0,0
S01009094,Two or more types of central heating,10,2,8,10,2,8,0,0,0,0,0,0
S01009095,All people in households,763,164,599,621,45,576,97,74,23,45,45,0
S01009095,No central heating,12,3,9,8,0,8,4,3,1,0,0,0
S01009095,Gas central heating,713,145,568,589,42,547,82,61,21,42,42,0
S01009095,Electric (including storage heaters) central heating,22,13,9,11,2,9,9,9,0,2,2,0
S01009095,Oil central heating,8,0,8,8,0,8,0,0,0,0,0,0
S01009095,Solid fuel (for example wood coal) central heating,2,1,1,0,0,0,1,0,1,1,1,0
S01009095,Other central heating,0,0,0,0,0,0,0,0,0,0,0,0
S01009095,Two or more types of central heating,6,2,4,5,1,4,1,1,0,0,0,0
S01009096,All people in households,942,108,834,837,30,807,71,46,25,34,32,2
S01009096,No central heating,1,1,0,0,0,0,0,0,0,1,1,0
S01009096,Gas central heating,879,91,788,795,27,768,58,38,20,26,26,0
S01009096,Electric (including storage heaters) central heating,45,13,32,31,3,28,9,6,3,5,4,1
S01009096,Oil central heating,0,0,0,0,0,0,0,0,0,0,0,0
S01009096,Solid fuel (for example wood coal) central heating,2,1,1,1,0,1,1,1,0,0,0,0
S01009096,Other central heating,0,0,0,0,0,0,0,0,0,0,0,0
S01009096,Two or more types of central heating,15,2,13,10,0,10,3,1,2,2,1,1
S01009097,All people in households,900,107,793,804,39,765,69,42,27,27,26,1
S01009097,No central heating,9,2,7,6,1,5,3,1,2,0,0,0
S01009097,Gas central heating,856,97,759,771,35,736,61,38,23,24,24,0
S01009097,Electric (including storage heaters) central heating,24,5,19,19,2,17,2,1,1,3,2,1
S01009097,Oil central heating,2,1,1,1,0,1,1,1,0,0,0,0
S01009097,Solid fuel (for example wood coal) central heating,0,0,0,0,0,0,0,0,0,0,0,0
S01009097,Other central heating,2,1,1,1,1,0,1,0,1,0,0,0
S01009097,Two or more types of central heating,7,1,6,6,0,6,1,1,0,0,0,0
S01009098,All people in households,509,76,433,446,28,418,50,37,13,13,11,2
S01009098,No central heating,1,0,1,1,0,1,0,0,0,0,0,0
S01009098,Gas central heating,485,69,416,428,27,401,44,31,13,13,11,2
S01009098,Electric (including storage heaters) central heating,11,5,6,7,1,6,4,4,0,0,0,0
S01009098,Oil central heating,2,0,2,2,0,2,0,0,0,0,0,0
S01009098,Solid fuel (for example wood coal) central heating,0,0,0,0,0,0,0,0,0,0,0,0
S01009098,Other central heating,0,0,0,0,0,0,0,0,0,0,0,0
S01009098,Two or more types of central heating,10,2,8,8,0,8,2,2,0,0,0,0
S01009099,All people in households,755,181,574,594,53,541,125,92,33,36,36,0
S01009099,No central heating,4,2,2,2,0,2,2,2,0,0,0,0
S01009099,Gas central heating,646,143,503,521,44,477,95,69,26,30,30,0
S01009099,Electric (including storage heaters) central heating,88,30,58,61,9,52,22,16,6,5,5,0
S01009099,Oil central heating,0,0,0,0,0,0,0,0,0,0,0,0
S01009099,Solid fuel (for example wood coal) central heating,0,0,0,0,0,0,0,0,0,0,0,0
S01009099,Other central heating,3,1,2,1,0,1,2,1,1,0,0,0
S01009099,Two or more types of central heating,14,5,9,9,0,9,4,4,0,1,1,0
S01009100,All people in households,745,212,533,552,55,497,130,95,35,63,62,1
S01009100,No central heating,6,0,6,4,0,4,2,0,2,0,0,0
S01009100,Gas central heating,655,180,475,498,51,447,104,76,28,53,53,0
S01009100,Electric (including storage heaters) central heating,67,23,44,42,4,38,19,14,5,6,5,1
S01009100,Oil central heating,0,0,0,0,0,0,0,0,0,0,0,0
S01009100,Solid fuel (for example wood coal) central heating,0,0,0,0,0,0,0,0,0,0,0,0
S01009100,Other central heating,8,5,3,3,0,3,2,2,0,3,3,0
S01009100,Two or more types of central heating,9,4,5,5,0,5,3,3,0,1,1,0
S01009101,All people in households,935,219,716,724,53,671,135,94,41,76,72,4
S01009101,No central heating,4,3,1,1,0,1,3,3,0,0,0,0
S01009101,Gas central heating,852,198,654,662,50,612,123,85,38,67,63,4
S01009101,Electric (including storage heaters) central heating,53,15,38,39,3,36,7,5,2,7,7,0
S01009101,Oil central heating,0,0,0,0,0,0,0,0,0,0,0,0
S01009101,Solid fuel (for example wood coal) central heating,0,0,0,0,0,0,0,0,0,0,0,0
S01009101,Other central heating,0,0,0,0,0,0,0,0,0,0,0,0
S01009101,Two or more types of central heating,26,3,23,22,0,22,2,1,1,2,2,0
S01009102,All people in households,819,159,660,666,49,617,105,63,42,48,47,1
S01009102,No central heating,3,3,0,0,0,0,3,3,0,0,0,0
S01009102,Gas central heating,766,150,616,626,47,579,94,58,36,46,45,1
S01009102,Electric (including storage heaters) central heating,20,4,16,16,1,15,3,2,1,1,1,0
S01009102,Oil central heating,0,0,0,0,0,0,0,0,0,0,0,0
S01009102,Solid fuel (for example wood coal) central heating,3,0,3,3,0,3,0,0,0,0,0,0
S01009102,Other central heating,8,0,8,8,0,8,0,0,0,0,0,0
S01009102,Two or more types of central heating,19,2,17,13,1,12,5,0,5,1,1,0
S01009103,All people in households,570,108,462,489,41,448,60,46,14,21,21,0
S01009103,No central heating,5,3,2,3,1,2,0,0,0,2,2,0
S01009103,Gas central heating,535,98,437,462,38,424,55,42,13,18,18,0
S01009103,Electric (including storage heaters) central heating,25,7,18,20,2,18,4,4,0,1,1,0
S01009103,Oil central heating,0,0,0,0,0,0,0,0,0,0,0,0
S01009103,Solid fuel (for example wood coal) central heating,4,0,4,3,0,3,1,0,1,0,0,0
S01009103,Other central heating,0,0,0,0,0,0,0,0,0,0,0,0
S01009103,Two or more types of central heating,1,0,1,1,0,1,0,0,0,0,0,0
S01009104,All people in households,775,176,599,633,58,575,92,70,22,50,48,2
S01009104,No central heating,1,1,0,0,0,0,0,0,0,1,1,0
S01009104,Gas central heating,729,158,571,598,51,547,84,62,22,47,45,2
S01009104,Electric (including storage heaters) central heating,36,11,25,29,4,25,5,5,0,2,2,0
S01009104,Oil central heating,0,0,0,0,0,0,0,0,0,0,0,0
S01009104,Solid fuel (for example wood coal) central heating,1,1,0,0,0,0,1,1,0,0,0,0
S01009104,Other central heating,4,1,3,4,1,3,0,0,0,0,0,0
S01009104,Two or more types of central heating,4,4,0,2,2,0,2,2,0,0,0,0
S01009105,All people in households,796,144,652,658,38,620,89,57,32,49,49,0
S01009105,No central heating,5,1,4,5,1,4,0,0,0,0,0,0
S01009105,Gas central heating,734,133,601,601,31,570,88,57,31,45,45,0
S01009105,Electric (including storage heaters) central heating,42,6,36,39,4,35,1,0,1,2,2,0
S01009105,Oil central heating,0,0,0,0,0,0,0,0,0,0,0,0
S01009105,Solid fuel (for example wood coal) central heating,0,0,0,0,0,0,0,0,0,0,0,0
S01009105,Other central heating,0,0,0,0,0,0,0,0,0,0,0,0
S01009105,Two or more types of central heating,15,4,11,13,2,11,0,0,0,2,2,0
S01009106,All people in households,551,129,422,441,38,403,76,58,18,34,33,1
S01009106,No central heating,2,0,2,2,0,2,0,0,0,0,0,0
S01009106,Gas central heating,526,121,405,421,34,387,72,55,17,33,32,1
S01009106,Electric (including storage heaters) central heating,14,5,9,12,4,8,2,1,1,0,0,0
S01009106,Oil central heating,4,1,3,3,0,3,1,1,0,0,0,0
S01009106,Solid fuel (for example wood coal) central heating,0,0,0,0,0,0,0,0,0,0,0,0
S01009106,Other central heating,0,0,0,0,0,0,0,0,0,0,0,0
S01009106,Two or more types of central heating,5,2,3,3,0,3,1,1,0,1,1,0
S01009107,All people in households,845,126,719,734,44,690,78,50,28,33,32,1
S01009107,No central heating,4,1,3,2,0,2,2,1,1,0,0,0
S01009107,Gas central heating,816,116,700,713,41,672,73,46,27,30,29,1
S01009107,Electric (including storage heaters) central heating,23,9,14,17,3,14,3,3,0,3,3,0
S01009107,Oil central heating,0,0,0,0,0,0,0,0,0,0,0,0
S01009107,Solid fuel (for example wood coal) central heating,0,0,0,0,0,0,0,0,0,0,0,0
S01009107,Other central heating,0,0,0,0,0,0,0,0,0,0,0,0
S01009107,Two or more types of central heating,2,0,2,2,0,2,0,0,0,0,0,0
S01009108,All people in households,714,94,620,637,37,600,59,39,20,18,18,0
S01009108,No central heating,2,0,2,1,0,1,1,0,1,0,0,0
S01009108,Gas central heating,693,91,602,618,35,583,57,38,19,18,18,0
S01009108,Electric (including storage heaters) central heating,4,0,4,4,0,4,0,0,0,0,0,0
S01009108,Oil central heating,0,0,0,0,0,0,0,0,0,0,0,0
S01009108,Solid fuel (for example wood coal) central heating,0,0,0,0,0,0,0,0,0,0,0,0
S01009108,Other central heating,3,0,3,3,0,3,0,0,0,0,0,0
S01009108,Two or more types of central heating,12,3,9,11,2,9,1,1,0,0,0,0
S01009109,All people in households,670,89,581,590,28,562,58,40,18,22,21,1
S01009109,No central heating,2,1,1,0,0,0,2,1,1,0,0,0
S01009109,Gas central heating,651,82,569,576,25,551,55,38,17,20,19,1
S01009109,Electric (including storage heaters) central heating,6,0,6,6,0,6,0,0,0,0,0,0
S01009109,Oil central heating,0,0,0,0,0,0,0,0,0,0,0,0
S01009109,Solid fuel (for example wood coal) central heating,0,0,0,0,0,0,0,0,0,0,0,0
S01009109,Other central heating,5,1,4,5,1,4,0,0,0,0,0,0
S01009109,Two or more types of central heating,6,5,1,3,2,1,1,1,0,2,2,0
S01009110,All people in households,607,139,468,485,45,440,92,64,28,30,30,0
S01009110,No central heating,0,0,0,0,0,0,0,0,0,0,0,0
S01009110,Gas central heating,572,125,447,465,42,423,81,57,24,26,26,0
S01009110,Electric (including storage heaters) central heating,13,6,7,8,2,6,3,2,1,2,2,0
S01009110,Oil central heating,0,0,0,0,0,0,0,0,0,0,0,0
S01009110,Solid fuel (for example wood coal) central heating,4,2,2,1,0,1,3,2,1,0,0,0
S01009110,Other central heating,7,2,5,5,1,4,1,0,1,1,1,0
S01009110,Two or more types of central heating,11,4,7,6,0,6,4,3,1,1,1,0
S01009111,All people in households,848,126,722,741,41,700,68,49,19,39,36,3
S01009111,No central heating,7,2,5,6,1,5,0,0,0,1,1,0
S01009111,Gas central heating,755,111,644,665,38,627,55,41,14,35,32,3
S01009111,Electric (including storage heaters) central heating,57,9,48,47,2,45,8,5,3,2,2,0
S01009111,Oil central heating,0,0,0,0,0,0,0,0,0,0,0,0
S01009111,Solid fuel (for example wood coal) central heating,0,0,0,0,0,0,0,0,0,0,0,0
S01009111,Other central heating,4,0,4,4,0,4,0,0,0,0,0,0
S01009111,Two or more types of central heating,25,4,21,19,0,19,5,3,2,1,1,0
S01009112,All people in households,560,91,469,474,36,438,73,42,31,13,13,0
S01009112,No central heating,1,1,0,0,0,0,0,0,0,1,1,0
S01009112,Gas central heating,547,86,461,468,36,432,69,40,29,10,10,0
S01009112,Electric (including storage heaters) central heating,3,0,3,1,0,1,2,0,2,0,0,0
S01009112,Oil central heating,0,0,0,0,0,0,0,0,0,0,0,0
S01009112,Solid fuel (for example wood coal) central heating,4,1,3,3,0,3,0,0,0,1,1,0
S01009112,Other central heating,0,0,0,0,0,0,0,0,0,0,0,0
S01009112,Two or more types of central heating,5,3,2,2,0,2,2,2,0,1,1,0
S01009113,All people in households,852,131,721,738,48,690,88,58,30,26,25,1
S01009113,No central heating,14,1,13,11,0,11,2,1,1,1,0,1
S01009113,Gas central heating,723,117,606,624,45,579,74,47,27,25,25,0
S01009113,Electric (including storage heaters) central heating,108,12,96,97,3,94,11,9,2,0,0,0
S01009113,Oil central heating,0,0,0,0,0,0,0,0,0,0,0,0
S01009113,Solid fuel (for example wood coal) central heating,3,1,2,2,0,2,1,1,0,0,0,0
S01009113,Other central heating,0,0,0,0,0,0,0,0,0,0,0,0
S01009113,Two or more types of central heating,4,0,4,4,0,4,0,0,0,0,0,0
S01009114,All people in households,786,106,680,681,36,645,81,47,34,24,23,1
S01009114,No central heating,6,1,5,6,1,5,0,0,0,0,0,0
S01009114,Gas central heating,733,103,630,631,35,596,80,47,33,22,21,1
S01009114,Electric (including storage heaters) central heating,34,2,32,31,0,31,1,0,1,2,2,0
S01009114,Oil central heating,0,0,0,0,0,0,0,0,0,0,0,0
S01009114,Solid fuel (for example wood coal) central heating,0,0,0,0,0,0,0,0,0,0,0,0
S01009114,Other central heating,0,0,0,0,0,0,0,0,0,0,0,0
S01009114,Two or more types of central heating,13,0,13,13,0,13,0,0,0,0,0,0
S01009115,All people in households,582,83,499,496,21,475,59,38,21,27,24,3
S01009115,No central heating,6,2,4,3,0,3,2,1,1,1,1,0
S01009115,Gas central heating,480,63,417,413,16,397,47,30,17,20,17,3
S01009115,Electric (including storage heaters) central heating,76,14,62,64,4,60,8,6,2,4,4,0
S01009115,Oil central heating,3,1,2,2,0,2,0,0,0,1,1,0
S01009115,Solid fuel (for example wood coal) central heating,4,0,4,3,0,3,1,0,1,0,0,0
S01009115,Other central heating,0,0,0,0,0,0,0,0,0,0,0,0
S01009115,Two or more types of central heating,13,3,10,11,1,10,1,1,0,1,1,0
S01009116,All people in households,464,63,401,405,20,385,48,32,16,11,11,0
S01009116,No central heating,5,1,4,4,0,4,0,0,0,1,1,0
S01009116,Gas central heating,446,59,387,391,19,372,45,30,15,10,10,0
S01009116,Electric (including storage heaters) central heating,4,2,2,3,1,2,1,1,0,0,0,0
S01009116,Oil central heating,5,1,4,3,0,3,2,1,1,0,0,0
S01009116,Solid fuel (for example wood coal) central heating,0,0,0,0,0,0,0,0,0,0,0,0
S01009116,Other central heating,4,0,4,4,0,4,0,0,0,0,0,0
S01009116,Two or more types of central heating,0,0,0,0,0,0,0,0,0,0,0,0
S01009117,All people in households,857,164,693,713,50,663,105,76,29,39,38,1
S01009117,No central heating,5,1,4,4,0,4,1,1,0,0,0,0
S01009117,Gas central heating,778,138,640,656,41,615,88,64,24,34,33,1
S01009117,Electric (including storage heaters) central heating,57,18,39,42,8,34,12,7,5,3,3,0
S01009117,Oil central heating,8,4,4,5,1,4,2,2,0,1,1,0
S01009117,Solid fuel (for example wood coal) central heating,0,0,0,0,0,0,0,0,0,0,0,0
S01009117,Other central heating,2,2,0,0,0,0,1,1,0,1,1,0
S01009117,Two or more types of central heating,7,1,6,6,0,6,1,1,0,0,0,0
S01009118,All people in households,632,61,571,588,25,563,31,23,8,13,13,0
S01009118,No central heating,6,0,6,6,0,6,0,0,0,0,0,0
S01009118,Gas central heating,598,58,540,556,24,532,31,23,8,11,11,0
S01009118,Electric (including storage heaters) central heating,14,2,12,12,0,12,0,0,0,2,2,0
S01009118,Oil central heating,0,0,0,0,0,0,0,0,0,0,0,0
S01009118,Solid fuel (for example wood coal) central heating,0,0,0,0,0,0,0,0,0,0,0,0
S01009118,Other central heating,0,0,0,0,0,0,0,0,0,0,0,0
S01009118,Two or more types of central heating,14,1,13,14,1,13,0,0,0,0,0,0
S01009119,All people in households,752,174,578,588,47,541,117,82,35,47,45,2
S01009119,No central heating,2,2,0,2,2,0,0,0,0,0,0,0
S01009119,Gas central heating,718,164,554,562,44,518,110,76,34,46,44,2
S01009119,Electric (including storage heaters) central heating,23,6,17,18,1,17,5,5,0,0,0,0
S01009119,Oil central heating,0,0,0,0,0,0,0,0,0,0,0,0
S01009119,Solid fuel (for example wood coal) central heating,0,0,0,0,0,0,0,0,0,0,0,0
S01009119,Other central heating,2,0,2,2,0,2,0,0,0,0,0,0
S01009119,Two or more types of central heating,7,2,5,4,0,4,2,1,1,1,1,0
S01009120,All people in households,530,132,398,409,36,373,75,50,25,46,46,0
S01009120,No central heating,4,0,4,4,0,4,0,0,0,0,0,0
S01009120,Gas central heating,472,110,362,365,28,337,66,41,25,41,41,0
S01009120,Electric (including storage heaters) central heating,31,10,21,23,2,21,6,6,0,2,2,0
S01009120,Oil central heating,0,0,0,0,0,0,0,0,0,0,0,0
S01009120,Solid fuel (for example wood coal) central heating,10,5,5,7,2,5,3,3,0,0,0,0
S01009120,Other central heating,0,0,0,0,0,0,0,0,0,0,0,0
S01009120,Two or more types of central heating,13,7,6,10,4,6,0,0,0,3,3,0
S01009121,All people in households,811,203,608,622,54,568,130,92,38,59,57,2
S01009121,No central heating,6,2,4,6,2,4,0,0,0,0,0,0
S01009121,Gas central heating,742,186,556,570,48,522,121,88,33,51,50,1
S01009121,Electric (including storage heaters) central heating,29,8,21,19,2,17,6,2,4,4,4,0
S01009121,Oil central heating,3,0,3,3,0,3,0,0,0,0,0,0
S01009121,Solid fuel (for example wood coal) central heating,3,0,3,3,0,3,0,0,0,0,0,0
S01009121,Other central heating,2,1,1,0,0,0,1,0,1,1,1,0
S01009121,Two or more types of central heating,26,6,20,21,2,19,2,2,0,3,2,1
S01009122,All people in households,919,205,714,731,62,669,141,99,42,47,44,3
S01009122,No central heating,10,4,6,7,2,5,3,2,1,0,0,0
S01009122,Gas central heating,348,89,259,270,28,242,53,38,15,25,23,2
S01009122,Electric (including storage heaters) central heating,202,55,147,150,14,136,38,28,10,14,13,1
S01009122,Oil central heating,222,32,190,193,10,183,26,19,7,3,3,0
S01009122,Solid fuel (for example wood coal) central heating,65,13,52,49,3,46,12,6,6,4,4,0
S01009122,Other central heating,33,6,27,27,2,25,6,4,2,0,0,0
S01009122,Two or more types of central heating,39,6,33,35,3,32,3,2,1,1,1,0
S01009123,All people in households,574,77,497,494,27,467,61,31,30,19,19,0
S01009123,No central heating,0,0,0,0,0,0,0,0,0,0,0,0
S01009123,Gas central heating,534,72,462,461,24,437,54,29,25,19,19,0
S01009123,Electric (including storage heaters) central heating,17,2,15,12,2,10,5,0,5,0,0,0
S01009123,Oil central heating,0,0,0,0,0,0,0,0,0,0,0,0
S01009123,Solid fuel (for example wood coal) central heating,4,0,4,4,0,4,0,0,0,0,0,0
S01009123,Other central heating,0,0,0,0,0,0,0,0,0,0,0,0
S01009123,Two or more types of central heating,19,3,16,17,1,16,2,2,0,0,0,0
S01009124,All people in households,584,80,504,508,22,486,52,36,16,24,22,2
S01009124,No central heating,9,1,8,8,0,8,0,0,0,1,1,0
S01009124,Gas central heating,532,68,464,468,21,447,47,32,15,17,15,2
S01009124,Electric (including storage heaters) central heating,31,7,24,25,1,24,2,2,0,4,4,0
S01009124,Oil central heating,5,1,4,4,0,4,0,0,0,1,1,0
S01009124,Solid fuel (for example wood coal) central heating,0,0,0,0,0,0,0,0,0,0,0,0
S01009124,Other central heating,0,0,0,0,0,0,0,0,0,0,0,0
S01009124,Two or more types of central heating,7,3,4,3,0,3,3,2,1,1,1,0
S01009125,All people in households,659,164,495,498,35,463,108,77,31,53,52,1
S01009125,No central heating,5,0,5,5,0,5,0,0,0,0,0,0
S01009125,Gas central heating,538,134,404,405,30,375,92,63,29,41,41,0
S01009125,Electric (including storage heaters) central heating,79,23,56,58,5,53,12,10,2,9,8,1
S01009125,Oil central heating,1,0,1,1,0,1,0,0,0,0,0,0
S01009125,Solid fuel (for example wood coal) central heating,18,5,13,13,0,13,3,3,0,2,2,0
S01009125,Other central heating,4,0,4,4,0,4,0,0,0,0,0,0
S01009125,Two or more types of central heating,14,2,12,12,0,12,1,1,0,1,1,0
S01009126,All people in households,579,145,434,454,50,404,82,53,29,43,42,1
S01009126,No central heating,9,1,8,8,0,8,1,1,0,0,0,0
S01009126,Gas central heating,447,118,329,349,44,305,67,44,23,31,30,1
S01009126,Electric (including storage heaters) central heating,92,20,72,73,5,68,10,6,4,9,9,0
S01009126,Oil central heating,0,0,0,0,0,0,0,0,0,0,0,0
S01009126,Solid fuel (for example wood coal) central heating,21,4,17,16,0,16,3,2,1,2,2,0
S01009126,Other central heating,0,0,0,0,0,0,0,0,0,0,0,0
S01009126,Two or more types of central heating,10,2,8,8,1,7,1,0,1,1,1,0
S01009127,All people in households,626,135,491,490,32,458,97,64,33,39,39,0
S01009127,No central heating,6,0,6,5,0,5,1,0,1,0,0,0
S01009127,Gas central heating,470,93,377,380,26,354,68,45,23,22,22,0
S01009127,Electric (including storage heaters) central heating,102,33,69,65,3,62,22,15,7,15,15,0
S01009127,Oil central heating,0,0,0,0,0,0,0,0,0,0,0,0
S01009127,Solid fuel (for example wood coal) central heating,28,4,24,24,1,23,3,2,1,1,1,0
S01009127,Other central heating,0,0,0,0,0,0,0,0,0,0,0,0
S01009127,Two or more types of central heating,20,5,15,16,2,14,3,2,1,1,1,0
S01009128,All people in households,806,259,547,558,62,496,164,113,51,84,84,0
S01009128,No central heating,9,1,8,7,0,7,2,1,1,0,0,0
S01009128,Gas central heating,697,223,474,483,51,432,140,98,42,74,74,0
S01009128,Electric (including storage heaters) central heating,78,30,48,55,11,44,14,10,4,9,9,0
S01009128,Oil central heating,3,0,3,3,0,3,0,0,0,0,0,0
S01009128,Solid fuel (for example wood coal) central heating,2,1,1,0,0,0,2,1,1,0,0,0
S01009128,Other central heating,2,0,2,1,0,1,1,0,1,0,0,0
S01009128,Two or more types of central heating,15,4,11,9,0,9,5,3,2,1,1,0
S01009129,All people in households,486,125,361,383,40,343,63,45,18,40,40,0
S01009129,No central heating,4,0,4,4,0,4,0,0,0,0,0,0
S01009129,Gas central heating,448,115,333,353,37,316,58,41,17,37,37,0
S01009129,Electric (including storage heaters) central heating,24,8,16,18,3,15,3,2,1,3,3,0
S01009129,Oil central heating,0,0,0,0,0,0,0,0,0,0,0,0
S01009129,Solid fuel (for example wood coal) central heating,1,1,0,0,0,0,1,1,0,0,0,0
S01009129,Other central heating,0,0,0,0,0,0,0,0,0,0,0,0
S01009129,Two or more types of central heating,9,1,8,8,0,8,1,1,0,0,0,0
S01009130,All people in households,661,102,559,575,35,540,53,34,19,33,33,0
S01009130,No central heating,4,1,3,4,1,3,0,0,0,0,0,0
S01009130,Gas central heating,612,98,514,528,33,495,53,34,19,31,31,0
S01009130,Electric (including storage heaters) central heating,7,0,7,7,0,7,0,0,0,0,0,0
S01009130,Oil central heating,10,0,10,10,0,10,0,0,0,0,0,0
S01009130,Solid fuel (for example wood coal) central heating,0,0,0,0,0,0,0,0,0,0,0,0
S01009130,Other central heating,0,0,0,0,0,0,0,0,0,0,0,0
S01009130,Two or more types of central heating,28,3,25,26,1,25,0,0,0,2,2,0
S01009131,All people in households,482,117,365,366,32,334,88,59,29,28,26,2
S01009131,No central heating,17,4,13,11,0,11,4,2,2,2,2,0
S01009131,Gas central heating,432,110,322,326,32,294,81,55,26,25,23,2
S01009131,Electric (including storage heaters) central heating,18,0,18,17,0,17,1,0,1,0,0,0
S01009131,Oil central heating,0,0,0,0,0,0,0,0,0,0,0,0
S01009131,Solid fuel (for example wood coal) central heating,1,0,1,1,0,1,0,0,0,0,0,0
S01009131,Other central heating,0,0,0,0,0,0,0,0,0,0,0,0
S01009131,Two or more types of central heating,14,3,11,11,0,11,2,2,0,1,1,0
S01009132,All people in households,822,100,722,731,34,697,69,45,24,22,21,1
S01009132,No central heating,8,1,7,8,1,7,0,0,0,0,0,0
S01009132,Gas central heating,686,84,602,607,28,579,60,38,22,19,18,1
S01009132,Electric (including storage heaters) central heating,110,12,98,100,4,96,7,5,2,3,3,0
S01009132,Oil central heating,0,0,0,0,0,0,0,0,0,0,0,0
S01009132,Solid fuel (for example wood coal) central heating,0,0,0,0,0,0,0,0,0,0,0,0
S01009132,Other central heating,0,0,0,0,0,0,0,0,0,0,0,0
S01009132,Two or more types of central heating,18,3,15,16,1,15,2,2,0,0,0,0
S01009133,All people in households,567,147,420,429,32,397,81,60,21,57,55,2
S01009133,No central heating,5,3,2,2,0,2,2,2,0,1,1,0
S01009133,Gas central heating,505,130,375,381,29,352,77,56,21,47,45,2
S01009133,Electric (including storage heaters) central heating,27,9,18,21,3,18,0,0,0,6,6,0
S01009133,Oil central heating,0,0,0,0,0,0,0,0,0,0,0,0
S01009133,Solid fuel (for example wood coal) central heating,0,0,0,0,0,0,0,0,0,0,0,0
S01009133,Other central heating,3,0,3,3,0,3,0,0,0,0,0,0
S01009133,Two or more types of central heating,27,5,22,22,0,22,2,2,0,3,3,0
S01009134,All people in households,920,182,738,766,66,700,109,76,33,45,40,5
S01009134,No central heating,9,2,7,6,0,6,2,1,1,1,1,0
S01009134,Gas central heating,871,172,699,726,60,666,104,73,31,41,39,2
S01009134,Electric (including storage heaters) central heating,17,5,12,14,4,10,1,1,0,2,0,2
S01009134,Oil central heating,1,1,0,1,1,0,0,0,0,0,0,0
S01009134,Solid fuel (for example wood coal) central heating,2,1,1,0,0,0,2,1,1,0,0,0
S01009134,Other central heating,3,0,3,3,0,3,0,0,0,0,0,0
S01009134,Two or more types of central heating,17,1,16,16,1,15,0,0,0,1,0,1
S01009135,All people in households,565,65,500,514,30,484,41,27,14,10,8,2
S01009135,No central heating,1,0,1,1,0,1,0,0,0,0,0,0
S01009135,Gas central heating,438,46,392,401,22,379,31,19,12,6,5,1
S01009135,Electric (including storage heaters) central heating,118,17,101,105,7,98,10,8,2,3,2,1
S01009135,Oil central heating,0,0,0,0,0,0,0,0,0,0,0,0
S01009135,Solid fuel (for example wood coal) central heating,0,0,0,0,0,0,0,0,0,0,0,0
S01009135,Other central heating,3,1,2,2,0,2,0,0,0,1,1,0
S01009135,Two or more types of central heating,5,1,4,5,1,4,0,0,0,0,0,0
S01009136,All people in households,691,87,604,615,35,580,53,31,22,23,21,2
S01009136,No central heating,1,0,1,1,0,1,0,0,0,0,0,0
S01009136,Gas central heating,569,59,510,520,28,492,33,17,16,16,14,2
S01009136,Electric (including storage heaters) central heating,102,25,77,76,5,71,19,13,6,7,7,0
S01009136,Oil central heating,0,0,0,0,0,0,0,0,0,0,0,0
S01009136,Solid fuel (for example wood coal) central heating,1,1,0,1,1,0,0,0,0,0,0,0
S01009136,Other central heating,2,0,2,2,0,2,0,0,0,0,0,0
S01009136,Two or more types of central heating,16,2,14,15,1,14,1,1,0,0,0,0
S01009137,All people in households,616,26,590,598,16,582,16,8,8,2,2,0
S01009137,No central heating,0,0,0,0,0,0,0,0,0,0,0,0
S01009137,Gas central heating,584,21,563,568,13,555,15,7,8,1,1,0
S01009137,Electric (including storage heaters) central heating,14,5,9,12,3,9,1,1,0,1,1,0
S01009137,Oil central heating,0,0,0,0,0,0,0,0,0,0,0,0
S01009137,Solid fuel (for example wood coal) central heating,0,0,0,0,0,0,0,0,0,0,0,0
S01009137,Other central heating,8,0,8,8,0,8,0,0,0,0,0,0
S01009137,Two or more types of central heating,10,0,10,10,0,10,0,0,0,0,0,0
S01009138,All people in households,861,114,747,758,42,716,82,52,30,21,20,1
S01009138,No central heating,7,0,7,7,0,7,0,0,0,0,0,0
S01009138,Gas central heating,804,104,700,711,38,673,74,48,26,19,18,1
S01009138,Electric (including storage heaters) central heating,32,9,23,22,3,19,8,4,4,2,2,0
S01009138,Oil central heating,0,0,0,0,0,0,0,0,0,0,0,0
S01009138,Solid fuel (for example wood coal) central heating,0,0,0,0,0,0,0,0,0,0,0,0
S01009138,Other central heating,1,0,1,1,0,1,0,0,0,0,0,0
S01009138,Two or more types of central heating,17,1,16,17,1,16,0,0,0,0,0,0
S01009139,All people in households,406,72,334,328,19,309,45,20,25,33,33,0
S01009139,No central heating,12,1,11,11,0,11,0,0,0,1,1,0
S01009139,Gas central heating,327,53,274,266,13,253,33,12,21,28,28,0
S01009139,Electric (including storage heaters) central heating,53,15,38,41,5,36,10,8,2,2,2,0
S01009139,Oil central heating,0,0,0,0,0,0,0,0,0,0,0,0
S01009139,Solid fuel (for example wood coal) central heating,1,1,0,0,0,0,0,0,0,1,1,0
S01009139,Other central heating,0,0,0,0,0,0,0,0,0,0,0,0
S01009139,Two or more types of central heating,13,2,11,10,1,9,2,0,2,1,1,0
S01009140,All people in households,700,158,542,546,35,511,94,65,29,60,58,2
S01009140,No central heating,3,1,2,2,0,2,0,0,0,1,1,0
S01009140,Gas central heating,587,126,461,464,31,433,80,53,27,43,42,1
S01009140,Electric (including storage heaters) central heating,73,23,50,51,4,47,12,10,2,10,9,1
S01009140,Oil central heating,1,1,0,0,0,0,0,0,0,1,1,0
S01009140,Solid fuel (for example wood coal) central heating,15,2,13,13,0,13,0,0,0,2,2,0
S01009140,Other central heating,1,1,0,0,0,0,1,1,0,0,0,0
S01009140,Two or more types of central heating,20,4,16,16,0,16,1,1,0,3,3,0
S01009141,All people in households,780,210,570,573,51,522,120,73,47,87,86,1
S01009141,No central heating,22,5,17,17,3,14,3,0,3,2,2,0
S01009141,Gas central heating,461,124,337,350,32,318,60,41,19,51,51,0
S01009141,Electric (including storage heaters) central heating,289,76,213,203,16,187,55,30,25,31,30,1
S01009141,Oil central heating,0,0,0,0,0,0,0,0,0,0,0,0
S01009141,Solid fuel (for example wood coal) central heating,0,0,0,0,0,0,0,0,0,0,0,0
S01009141,Other central heating,1,1,0,0,0,0,1,1,0,0,0,0
S01009141,Two or more types of central heating,7,4,3,3,0,3,1,1,0,3,3,0
S01009142,All people in households,600,168,432,444,50,394,106,72,34,50,46,4
S01009142,No central heating,47,6,41,40,1,39,4,2,2,3,3,0
S01009142,Gas central heating,376,95,281,285,30,255,62,38,24,29,27,2
S01009142,Electric (including storage heaters) central heating,169,64,105,113,18,95,39,31,8,17,15,2
S01009142,Oil central heating,0,0,0,0,0,0,0,0,0,0,0,0
S01009142,Solid fuel (for example wood coal) central heating,0,0,0,0,0,0,0,0,0,0,0,0
S01009142,Other central heating,0,0,0,0,0,0,0,0,0,0,0,0
S01009142,Two or more types of central heating,8,3,5,6,1,5,1,1,0,1,1,0
S01009143,All people in households,600,187,413,409,39,370,116,75,41,75,73,2
S01009143,No central heating,1,0,1,1,0,1,0,0,0,0,0,0
S01009143,Gas central heating,561,166,395,386,34,352,108,67,41,67,65,2
S01009143,Electric (including storage heaters) central heating,20,12,8,11,3,8,6,6,0,3,3,0
S01009143,Oil central heating,0,0,0,0,0,0,0,0,0,0,0,0
S01009143,Solid fuel (for example wood coal) central heating,5,3,2,2,0,2,1,1,0,2,2,0
S01009143,Other central heating,4,3,1,2,1,1,1,1,0,1,1,0
S01009143,Two or more types of central heating,9,3,6,7,1,6,0,0,0,2,2,0
S01009144,All people in households,668,36,632,627,13,614,28,11,17,13,12,1
S01009144,No central heating,5,0,5,5,0,5,0,0,0,0,0,0
S01009144,Gas central heating,497,30,467,465,11,454,23,10,13,9,9,0
S01009144,Electric (including storage heaters) central heating,147,5,142,139,2,137,5,1,4,3,2,1
S01009144,Oil central heating,0,0,0,0,0,0,0,0,0,0,0,0
S01009144,Solid fuel (for example wood coal) central heating,0,0,0,0,0,0,0,0,0,0,0,0
S01009144,Other central heating,0,0,0,0,0,0,0,0,0,0,0,0
S01009144,Two or more types of central heating,19,1,18,18,0,18,0,0,0,1,1,0
S01009145,All people in households,1056,271,785,815,78,737,158,110,48,83,83,0
S01009145,No central heating,14,1,13,13,0,13,0,0,0,1,1,0
S01009145,Gas central heating,944,234,710,747,73,674,128,92,36,69,69,0
S01009145,Electric (including storage heaters) central heating,74,28,46,41,5,36,22,12,10,11,11,0
S01009145,Oil central heating,0,0,0,0,0,0,0,0,0,0,0,0
S01009145,Solid fuel (for example wood coal) central heating,5,1,4,4,0,4,0,0,0,1,1,0
S01009145,Other central heating,0,0,0,0,0,0,0,0,0,0,0,0
S01009145,Two or more types of central heating,19,7,12,10,0,10,8,6,2,1,1,0
S01009146,All people in households,904,180,724,723,50,673,120,70,50,61,60,1
S01009146,No central heating,5,2,3,2,0,2,1,0,1,2,2,0
S01009146,Gas central heating,809,160,649,650,46,604,107,62,45,52,52,0
S01009146,Electric (including storage heaters) central heating,62,16,46,48,4,44,7,6,1,7,6,1
S01009146,Oil central heating,0,0,0,0,0,0,0,0,0,0,0,0
S01009146,Solid fuel (for example wood coal) central heating,0,0,0,0,0,0,0,0,0,0,0,0
S01009146,Other central heating,2,0,2,2,0,2,0,0,0,0,0,0
S01009146,Two or more types of central heating,26,2,24,21,0,21,5,2,3,0,0,0
S01009147,All people in households,832,210,622,640,58,582,116,79,37,76,73,3
S01009147,No central heating,4,0,4,3,0,3,0,0,0,1,0,1
S01009147,Gas central heating,684,178,506,522,52,470,99,65,34,63,61,2
S01009147,Electric (including storage heaters) central heating,128,30,98,101,6,95,16,13,3,11,11,0
S01009147,Oil central heating,0,0,0,0,0,0,0,0,0,0,0,0
S01009147,Solid fuel (for example wood coal) central heating,0,0,0,0,0,0,0,0,0,0,0,0
S01009147,Other central heating,6,0,6,6,0,6,0,0,0,0,0,0
S01009147,Two or more types of central heating,10,2,8,8,0,8,1,1,0,1,1,0
S01009148,All people in households,694,139,555,553,36,517,109,71,38,32,32,0
S01009148,No central heating,4,4,0,1,1,0,2,2,0,1,1,0
S01009148,Gas central heating,658,125,533,527,31,496,103,66,37,28,28,0
S01009148,Electric (including storage heaters) central heating,18,6,12,11,0,11,4,3,1,3,3,0
S01009148,Oil central heating,0,0,0,0,0,0,0,0,0,0,0,0
S01009148,Solid fuel (for example wood coal) central heating,9,3,6,9,3,6,0,0,0,0,0,0
S01009148,Other central heating,0,0,0,0,0,0,0,0,0,0,0,0
S01009148,Two or more types of central heating,5,1,4,5,1,4,0,0,0,0,0,0
S01009149,All people in households,799,164,635,646,44,602,113,81,32,40,39,1
S01009149,No central heating,14,4,10,10,0,10,3,3,0,1,1,0
S01009149,Gas central heating,717,138,579,589,37,552,95,69,26,33,32,1
S01009149,Electric (including storage heaters) central heating,53,16,37,36,5,31,12,6,6,5,5,0
S01009149,Oil central heating,3,0,3,3,0,3,0,0,0,0,0,0
S01009149,Solid fuel (for example wood coal) central heating,0,0,0,0,0,0,0,0,0,0,0,0
S01009149,Other central heating,0,0,0,0,0,0,0,0,0,0,0,0
S01009149,Two or more types of central heating,12,6,6,8,2,6,3,3,0,1,1,0
S01009150,All people in households,747,425,322,361,93,268,246,200,46,140,132,8
S01009150,No central heating,31,16,15,15,2,13,11,9,2,5,5,0
S01009150,Gas central heating,355,212,143,165,46,119,115,95,20,75,71,4
S01009150,Electric (including storage heaters) central heating,225,121,104,116,31,85,75,60,15,34,30,4
S01009150,Oil central heating,3,2,1,1,0,1,0,0,0,2,2,0
S01009150,Solid fuel (for example wood coal) central heating,9,3,6,7,1,6,2,2,0,0,0,0
S01009150,Other central heating,118,67,51,56,13,43,41,33,8,21,21,0
S01009150,Two or more types of central heating,6,4,2,1,0,1,2,1,1,3,3,0
S01009151,All people in households,890,260,630,673,77,596,148,115,33,69,68,1
S01009151,No central heating,10,3,7,7,0,7,1,1,0,2,2,0
S01009151,Gas central heating,621,100,521,543,41,502,63,45,18,15,14,1
S01009151,Electric (including storage heaters) central heating,235,152,83,103,34,69,83,69,14,49,49,0
S01009151,Oil central heating,4,2,2,4,2,2,0,0,0,0,0,0
S01009151,Solid fuel (for example wood coal) central heating,4,1,3,3,0,3,0,0,0,1,1,0
S01009151,Other central heating,2,2,0,0,0,0,0,0,0,2,2,0
S01009151,Two or more types of central heating,14,0,14,13,0,13,1,0,1,0,0,0
S01009152,All people in households,667,199,468,477,49,428,132,94,38,58,56,2
S01009152,No central heating,36,11,25,24,3,21,9,5,4,3,3,0
S01009152,Gas central heating,379,71,308,321,22,299,43,34,9,15,15,0
S01009152,Electric (including storage heaters) central heating,204,99,105,101,20,81,68,46,22,35,33,2
S01009152,Oil central heating,2,2,0,0,0,0,2,2,0,0,0,0
S01009152,Solid fuel (for example wood coal) central heating,1,0,1,0,0,0,1,0,1,0,0,0
S01009152,Other central heating,31,16,15,17,4,13,9,7,2,5,5,0
S01009152,Two or more types of central heating,14,0,14,14,0,14,0,0,0,0,0,0
S01009153,All people in households,472,89,383,391,25,366,56,39,17,25,25,0
S01009153,No central heating,20,6,14,13,2,11,6,3,3,1,1,0
S01009153,Gas central heating,355,68,287,298,22,276,40,29,11,17,17,0
S01009153,Electric (including storage heaters) central heating,93,13,80,78,1,77,9,6,3,6,6,0
S01009153,Oil central heating,2,0,2,2,0,2,0,0,0,0,0,0
S01009153,Solid fuel (for example wood coal) central heating,1,1,0,0,0,0,1,1,0,0,0,0
S01009153,Other central heating,0,0,0,0,0,0,0,0,0,0,0,0
S01009153,Two or more types of central heating,1,1,0,0,0,0,0,0,0,1,1,0
S01009154,All people in households,899,163,736,779,70,709,96,71,25,24,22,2
S01009154,No central heating,4,1,3,4,1,3,0,0,0,0,0,0
S01009154,Gas central heating,782,107,675,704,51,653,60,40,20,18,16,2
S01009154,Electric (including storage heaters) central heating,86,49,37,49,16,33,31,27,4,6,6,0
S01009154,Oil central heating,0,0,0,0,0,0,0,0,0,0,0,0
S01009154,Solid fuel (for example wood coal) central heating,2,2,0,0,0,0,2,2,0,0,0,0
S01009154,Other central heating,11,3,8,10,2,8,1,1,0,0,0,0
S01009154,Two or more types of central heating,14,1,13,12,0,12,2,1,1,0,0,0
S01009155,All people in households,550,86,464,486,31,455,39,30,9,25,25,0
S01009155,No central heating,3,0,3,2,0,2,1,0,1,0,0,0
S01009155,Gas central heating,527,79,448,472,31,441,33,26,7,22,22,0
S01009155,Electric (including storage heaters) central heating,16,4,12,11,0,11,2,1,1,3,3,0
S01009155,Oil central heating,2,1,1,1,0,1,1,1,0,0,0,0
S01009155,Solid fuel (for example wood coal) central heating,0,0,0,0,0,0,0,0,0,0,0,0
S01009155,Other central heating,0,0,0,0,0,0,0,0,0,0,0,0
S01009155,Two or more types of central heating,2,2,0,0,0,0,2,2,0,0,0,0
S01009156,All people in households,548,95,453,469,34,435,67,49,18,12,12,0
S01009156,No central heating,3,0,3,3,0,3,0,0,0,0,0,0
S01009156,Gas central heating,514,86,428,441,31,410,62,44,18,11,11,0
S01009156,Electric (including storage heaters) central heating,22,9,13,16,3,13,5,5,0,1,1,0
S01009156,Oil central heating,0,0,0,0,0,0,0,0,0,0,0,0
S01009156,Solid fuel (for example wood coal) central heating,0,0,0,0,0,0,0,0,0,0,0,0
S01009156,Other central heating,0,0,0,0,0,0,0,0,0,0,0,0
S01009156,Two or more types of central heating,9,0,9,9,0,9,0,0,0,0,0,0
S01009157,All people in households,838,159,679,681,44,637,117,77,40,40,38,2
S01009157,No central heating,7,1,6,6,1,5,1,0,1,0,0,0
S01009157,Gas central heating,743,140,603,611,41,570,100,68,32,32,31,1
S01009157,Electric (including storage heaters) central heating,76,17,59,55,2,53,13,8,5,8,7,1
S01009157,Oil central heating,6,0,6,4,0,4,2,0,2,0,0,0
S01009157,Solid fuel (for example wood coal) central heating,0,0,0,0,0,0,0,0,0,0,0,0
S01009157,Other central heating,2,1,1,1,0,1,1,1,0,0,0,0
S01009157,Two or more types of central heating,4,0,4,4,0,4,0,0,0,0,0,0
S01009158,All people in households,558,114,444,441,32,409,89,56,33,28,26,2
S01009158,No central heating,7,2,5,6,1,5,0,0,0,1,1,0
S01009158,Gas central heating,393,67,326,318,17,301,54,31,23,21,19,2
S01009158,Electric (including storage heaters) central heating,143,43,100,103,12,91,34,25,9,6,6,0
S01009158,Oil central heating,0,0,0,0,0,0,0,0,0,0,0,0
S01009158,Solid fuel (for example wood coal) central heating,3,0,3,3,0,3,0,0,0,0,0,0
S01009158,Other central heating,5,2,3,5,2,3,0,0,0,0,0,0
S01009158,Two or more types of central heating,7,0,7,6,0,6,1,0,1,0,0,0
S01009159,All people in households,511,148,363,364,31,333,97,68,29,50,49,1
S01009159,No central heating,7,6,1,2,1,1,3,3,0,2,2,0
S01009159,Gas central heating,416,119,297,296,25,271,83,57,26,37,37,0
S01009159,Electric (including storage heaters) central heating,74,18,56,54,2,52,10,7,3,10,9,1
S01009159,Oil central heating,0,0,0,0,0,0,0,0,0,0,0,0
S01009159,Solid fuel (for example wood coal) central heating,0,0,0,0,0,0,0,0,0,0,0,0
S01009159,Other central heating,0,0,0,0,0,0,0,0,0,0,0,0
S01009159,Two or more types of central heating,14,5,9,12,3,9,1,1,0,1,1,0
S01009160,All people in households,618,152,466,465,40,425,102,64,38,51,48,3
S01009160,No central heating,9,3,6,7,1,6,2,2,0,0,0,0
S01009160,Gas central heating,571,135,436,431,34,397,94,58,36,46,43,3
S01009160,Electric (including storage heaters) central heating,26,5,21,20,1,19,4,2,2,2,2,0
S01009160,Oil central heating,1,1,0,0,0,0,1,1,0,0,0,0
S01009160,Solid fuel (for example wood coal) central heating,1,0,1,1,0,1,0,0,0,0,0,0
S01009160,Other central heating,0,0,0,0,0,0,0,0,0,0,0,0
S01009160,Two or more types of central heating,10,8,2,6,4,2,1,1,0,3,3,0
S01009161,All people in households,647,196,451,474,59,415,112,76,36,61,61,0
S01009161,No central heating,19,2,17,18,1,17,0,0,0,1,1,0
S01009161,Gas central heating,383,114,269,281,30,251,58,40,18,44,44,0
S01009161,Electric (including storage heaters) central heating,225,73,152,165,28,137,46,31,15,14,14,0
S01009161,Oil central heating,2,0,2,2,0,2,0,0,0,0,0,0
S01009161,Solid fuel (for example wood coal) central heating,2,1,1,0,0,0,1,0,1,1,1,0
S01009161,Other central heating,1,1,0,0,0,0,1,1,0,0,0,0
S01009161,Two or more types of central heating,15,5,10,8,0,8,6,4,2,1,1,0
S01009162,All people in households,709,200,509,522,53,469,133,97,36,54,50,4
S01009162,No central heating,8,4,4,4,1,3,3,3,0,1,0,1
S01009162,Gas central heating,599,161,438,441,39,402,110,77,33,48,45,3
S01009162,Electric (including storage heaters) central heating,86,29,57,65,10,55,17,15,2,4,4,0
S01009162,Oil central heating,0,0,0,0,0,0,0,0,0,0,0,0
S01009162,Solid fuel (for example wood coal) central heating,0,0,0,0,0,0,0,0,0,0,0,0
S01009162,Other central heating,2,2,0,0,0,0,2,2,0,0,0,0
S01009162,Two or more types of central heating,14,4,10,12,3,9,1,0,1,1,1,0
S01009163,All people in households,465,118,347,374,49,325,68,49,19,23,20,3
S01009163,No central heating,3,2,1,3,2,1,0,0,0,0,0,0
S01009163,Gas central heating,346,88,258,282,39,243,45,32,13,19,17,2
S01009163,Electric (including storage heaters) central heating,100,24,76,79,8,71,17,13,4,4,3,1
S01009163,Oil central heating,0,0,0,0,0,0,0,0,0,0,0,0
S01009163,Solid fuel (for example wood coal) central heating,1,0,1,0,0,0,1,0,1,0,0,0
S01009163,Other central heating,5,1,4,4,0,4,1,1,0,0,0,0
S01009163,Two or more types of central heating,10,3,7,6,0,6,4,3,1,0,0,0
S01009164,All people in households,750,175,575,594,53,541,111,78,33,45,44,1
S01009164,No central heating,22,4,18,17,1,16,5,3,2,0,0,0
S01009164,Gas central heating,688,160,528,549,49,500,96,69,27,43,42,1
S01009164,Electric (including storage heaters) central heating,17,8,9,9,2,7,6,4,2,2,2,0
S01009164,Oil central heating,0,0,0,0,0,0,0,0,0,0,0,0
S01009164,Solid fuel (for example wood coal) central heating,4,1,3,4,1,3,0,0,0,0,0,0
S01009164,Other central heating,2,2,0,0,0,0,2,2,0,0,0,0
S01009164,Two or more types of central heating,17,0,17,15,0,15,2,0,2,0,0,0
S01009165,All people in households,720,162,558,552,41,511,116,70,46,52,51,1
S01009165,No central heating,0,0,0,0,0,0,0,0,0,0,0,0
S01009165,Gas central heating,649,148,501,501,39,462,105,67,38,43,42,1
S01009165,Electric (including storage heaters) central heating,42,10,32,30,2,28,5,1,4,7,7,0
S01009165,Oil central heating,0,0,0,0,0,0,0,0,0,0,0,0
S01009165,Solid fuel (for example wood coal) central heating,5,0,5,5,0,5,0,0,0,0,0,0
S01009165,Other central heating,1,0,1,0,0,0,1,0,1,0,0,0
S01009165,Two or more types of central heating,23,4,19,16,0,16,5,2,3,2,2,0
S01009166,All people in households,839,241,598,605,62,543,151,96,55,83,83,0
S01009166,No central heating,1,1,0,0,0,0,1,1,0,0,0,0
S01009166,Gas central heating,778,229,549,558,60,498,141,90,51,79,79,0
S01009166,Electric (including storage heaters) central heating,24,4,20,18,1,17,5,2,3,1,1,0
S01009166,Oil central heating,0,0,0,0,0,0,0,0,0,0,0,0
S01009166,Solid fuel (for example wood coal) central heating,0,0,0,0,0,0,0,0,0,0,0,0
S01009166,Other central heating,0,0,0,0,0,0,0,0,0,0,0,0
S01009166,Two or more types of central heating,36,7,29,29,1,28,4,3,1,3,3,0
S01009167,All people in households,548,129,419,427,36,391,87,59,28,34,34,0
S01009167,No central heating,5,4,1,3,2,1,2,2,0,0,0,0
S01009167,Gas central heating,501,116,385,390,32,358,82,55,27,29,29,0
S01009167,Electric (including storage heaters) central heating,26,5,21,21,1,20,2,1,1,3,3,0
S01009167,Oil central heating,0,0,0,0,0,0,0,0,0,0,0,0
S01009167,Solid fuel (for example wood coal) central heating,6,1,5,5,0,5,0,0,0,1,1,0
S01009167,Other central heating,0,0,0,0,0,0,0,0,0,0,0,0
S01009167,Two or more types of central heating,10,3,7,8,1,7,1,1,0,1,1,0
S01009168,All people in households,634,106,528,549,47,502,67,41,26,18,18,0
S01009168,No central heating,10,1,9,10,1,9,0,0,0,0,0,0
S01009168,Gas central heating,569,94,475,492,39,453,61,39,22,16,16,0
S01009168,Electric (including storage heaters) central heating,55,11,44,47,7,40,6,2,4,2,2,0
S01009168,Oil central heating,0,0,0,0,0,0,0,0,0,0,0,0
S01009168,Solid fuel (for example wood coal) central heating,0,0,0,0,0,0,0,0,0,0,0,0
S01009168,Other central heating,0,0,0,0,0,0,0,0,0,0,0,0
S01009168,Two or more types of central heating,0,0,0,0,0,0,0,0,0,0,0,0
S01009169,All people in households,746,284,462,485,69,416,171,126,45,90,89,1
S01009169,No central heating,7,3,4,4,0,4,1,1,0,2,2,0
S01009169,Gas central heating,495,128,367,384,40,344,78,56,22,33,32,1
S01009169,Electric (including storage heaters) central heating,228,148,80,86,27,59,89,68,21,53,53,0
S01009169,Oil central heating,0,0,0,0,0,0,0,0,0,0,0,0
S01009169,Solid fuel (for example wood coal) central heating,1,1,0,0,0,0,0,0,0,1,1,0
S01009169,Other central heating,2,1,1,1,0,1,1,1,0,0,0,0
S01009169,Two or more types of central heating,13,3,10,10,2,8,2,0,2,1,1,0
S01009170,All people in households,677,130,547,560,34,526,80,60,20,37,36,1
S01009170,No central heating,13,5,8,9,2,7,2,1,1,2,2,0
S01009170,Gas central heating,631,119,512,524,31,493,74,56,18,33,32,1
S01009170,Electric (including storage heaters) central heating,21,1,20,19,0,19,1,0,1,1,1,0
S01009170,Oil central heating,0,0,0,0,0,0,0,0,0,0,0,0
S01009170,Solid fuel (for example wood coal) central heating,0,0,0,0,0,0,0,0,0,0,0,0
S01009170,Other central heating,3,0,3,3,0,3,0,0,0,0,0,0
S01009170,Two or more types of central heating,9,5,4,5,1,4,3,3,0,1,1,0
S01009171,All people in households,664,114,550,559,39,520,77,47,30,28,28,0
S01009171,No central heating,8,2,6,6,0,6,2,2,0,0,0,0
S01009171,Gas central heating,610,102,508,519,37,482,65,39,26,26,26,0
S01009171,Electric (including storage heaters) central heating,35,9,26,27,2,25,7,6,1,1,1,0
S01009171,Oil central heating,0,0,0,0,0,0,0,0,0,0,0,0
S01009171,Solid fuel (for example wood coal) central heating,0,0,0,0,0,0,0,0,0,0,0,0
S01009171,Other central heating,0,0,0,0,0,0,0,0,0,0,0,0
S01009171,Two or more types of central heating,11,1,10,7,0,7,3,0,3,1,1,0
S01009172,All people in households,656,96,560,585,46,539,57,36,21,14,14,0
S01009172,No central heating,0,0,0,0,0,0,0,0,0,0,0,0
S01009172,Gas central heating,640,93,547,571,44,527,55,35,20,14,14,0
S01009172,Electric (including storage heaters) central heating,5,1,4,4,1,3,1,0,1,0,0,0
S01009172,Oil central heating,2,1,1,1,0,1,1,1,0,0,0,0
S01009172,Solid fuel (for example wood coal) central heating,2,1,1,2,1,1,0,0,0,0,0,0
S01009172,Other central heating,0,0,0,0,0,0,0,0,0,0,0,0
S01009172,Two or more types of central heating,7,0,7,7,0,7,0,0,0,0,0,0
S01009173,All people in households,768,89,679,689,34,655,66,42,24,13,13,0
S01009173,No central heating,2,0,2,2,0,2,0,0,0,0,0,0
S01009173,Gas central heating,694,77,617,630,33,597,53,33,20,11,11,0
S01009173,Electric (including storage heaters) central heating,58,10,48,48,1,47,8,7,1,2,2,0
S01009173,Oil central heating,4,0,4,2,0,2,2,0,2,0,0,0
S01009173,Solid fuel (for example wood coal) central heating,3,0,3,3,0,3,0,0,0,0,0,0
S01009173,Other central heating,4,0,4,4,0,4,0,0,0,0,0,0
S01009173,Two or more types of central heating,3,2,1,0,0,0,3,2,1,0,0,0
S01009174,All people in households,487,24,463,468,14,454,18,9,9,1,1,0
S01009174,No central heating,0,0,0,0,0,0,0,0,0,0,0,0
S01009174,Gas central heating,474,22,452,457,14,443,16,7,9,1,1,0
S01009174,Electric (including storage heaters) central heating,6,2,4,4,0,4,2,2,0,0,0,0
S01009174,Oil central heating,2,0,2,2,0,2,0,0,0,0,0,0
S01009174,Solid fuel (for example wood coal) central heating,0,0,0,0,0,0,0,0,0,0,0,0
S01009174,Other central heating,0,0,0,0,0,0,0,0,0,0,0,0
S01009174,Two or more types of central heating,5,0,5,5,0,5,0,0,0,0,0,0
S01009175,All people in households,848,57,791,804,27,777,34,20,14,10,10,0
S01009175,No central heating,4,0,4,3,0,3,1,0,1,0,0,0
S01009175,Gas central heating,819,52,767,780,26,754,29,16,13,10,10,0
S01009175,Electric (including storage heaters) central heating,13,2,11,11,0,11,2,2,0,0,0,0
S01009175,Oil central heating,0,0,0,0,0,0,0,0,0,0,0,0
S01009175,Solid fuel (for example wood coal) central heating,3,2,1,1,0,1,2,2,0,0,0,0
S01009175,Other central heating,0,0,0,0,0,0,0,0,0,0,0,0
S01009175,Two or more types of central heating,9,1,8,9,1,8,0,0,0,0,0,0
S01009176,All people in households,984,157,827,862,59,803,96,72,24,26,26,0
S01009176,No central heating,5,0,5,5,0,5,0,0,0,0,0,0
S01009176,Gas central heating,866,140,726,754,50,704,88,66,22,24,24,0
S01009176,Electric (including storage heaters) central heating,29,5,24,27,3,24,2,2,0,0,0,0
S01009176,Oil central heating,58,7,51,54,4,50,3,2,1,1,1,0
S01009176,Solid fuel (for example wood coal) central heating,5,3,2,2,0,2,2,2,0,1,1,0
S01009176,Other central heating,1,0,1,1,0,1,0,0,0,0,0,0
S01009176,Two or more types of central heating,20,2,18,19,2,17,1,0,1,0,0,0
S01009177,All people in households,817,169,648,645,40,605,115,73,42,57,56,1
S01009177,No central heating,12,2,10,10,0,10,1,1,0,1,1,0
S01009177,Gas central heating,665,136,529,524,28,496,94,62,32,47,46,1
S01009177,Electric (including storage heaters) central heating,93,22,71,69,5,64,15,8,7,9,9,0
S01009177,Oil central heating,5,3,2,3,2,1,2,1,1,0,0,0
S01009177,Solid fuel (for example wood coal) central heating,0,0,0,0,0,0,0,0,0,0,0,0
S01009177,Other central heating,14,1,13,14,1,13,0,0,0,0,0,0
S01009177,Two or more types of central heating,28,5,23,25,4,21,3,1,2,0,0,0
S01009178,All people in households,743,146,597,616,57,559,90,53,37,37,36,1
S01009178,No central heating,2,0,2,2,0,2,0,0,0,0,0,0
S01009178,Gas central heating,674,130,544,563,53,510,80,47,33,31,30,1
S01009178,Electric (including storage heaters) central heating,35,5,30,31,2,29,3,2,1,1,1,0
S01009178,Oil central heating,6,4,2,2,0,2,1,1,0,3,3,0
S01009178,Solid fuel (for example wood coal) central heating,3,1,2,2,0,2,1,1,0,0,0,0
S01009178,Other central heating,5,1,4,4,0,4,1,1,0,0,0,0
S01009178,Two or more types of central heating,18,5,13,12,2,10,4,1,3,2,2,0
S01009179,All people in households,683,148,535,554,45,509,97,71,26,32,32,0
S01009179,No central heating,37,12,25,24,1,23,13,11,2,0,0,0
S01009179,Gas central heating,285,53,232,240,17,223,33,24,9,12,12,0
S01009179,Electric (including storage heaters) central heating,317,71,246,256,23,233,46,33,13,15,15,0
S01009179,Oil central heating,9,2,7,7,0,7,1,1,0,1,1,0
S01009179,Solid fuel (for example wood coal) central heating,25,6,19,18,1,17,4,2,2,3,3,0
S01009179,Other central heating,3,2,1,3,2,1,0,0,0,0,0,0
S01009179,Two or more types of central heating,7,2,5,6,1,5,0,0,0,1,1,0
S01009180,All people in households,984,230,754,752,57,695,164,106,58,68,67,1
S01009180,No central heating,0,0,0,0,0,0,0,0,0,0,0,0
S01009180,Gas central heating,628,139,489,487,36,451,98,60,38,43,43,0
S01009180,Electric (including storage heaters) central heating,258,72,186,186,15,171,49,35,14,23,22,1
S01009180,Oil central heating,33,3,30,28,1,27,5,2,3,0,0,0
S01009180,Solid fuel (for example wood coal) central heating,39,12,27,32,5,27,6,6,0,1,1,0
S01009180,Other central heating,5,2,3,3,0,3,2,2,0,0,0,0
S01009180,Two or more types of central heating,21,2,19,16,0,16,4,1,3,1,1,0
S01009181,All people in households,855,183,672,687,50,637,122,88,34,46,45,1
S01009181,No central heating,6,3,3,3,0,3,2,2,0,1,1,0
S01009181,Gas central heating,720,153,567,581,40,541,100,75,25,39,38,1
S01009181,Electric (including storage heaters) central heating,33,5,28,25,1,24,6,2,4,2,2,0
S01009181,Oil central heating,46,11,35,38,3,35,6,6,0,2,2,0
S01009181,Solid fuel (for example wood coal) central heating,16,1,15,15,0,15,1,1,0,0,0,0
S01009181,Other central heating,4,0,4,4,0,4,0,0,0,0,0,0
S01009181,Two or more types of central heating,30,10,20,21,6,15,7,2,5,2,2,0
S01009182,All people in households,1002,160,842,849,49,800,110,71,39,43,40,3
S01009182,No central heating,1,1,0,0,0,0,1,1,0,0,0,0
S01009182,Gas central heating,950,146,804,813,47,766,99,64,35,38,35,3
S01009182,Electric (including storage heaters) central heating,22,6,16,15,0,15,5,4,1,2,2,0
S01009182,Oil central heating,5,1,4,4,0,4,0,0,0,1,1,0
S01009182,Solid fuel (for example wood coal) central heating,1,0,1,1,0,1,0,0,0,0,0,0
S01009182,Other central heating,3,1,2,2,0,2,0,0,0,1,1,0
S01009182,Two or more types of central heating,20,5,15,14,2,12,5,2,3,1,1,0
S01009183,All people in households,737,75,662,672,25,647,48,34,14,17,16,1
S01009183,No central heating,3,0,3,3,0,3,0,0,0,0,0,0
S01009183,Gas central heating,689,67,622,628,21,607,46,32,14,15,14,1
S01009183,Electric (including storage heaters) central heating,15,4,11,11,0,11,2,2,0,2,2,0
S01009183,Oil central heating,4,0,4,4,0,4,0,0,0,0,0,0
S01009183,Solid fuel (for example wood coal) central heating,2,0,2,2,0,2,0,0,0,0,0,0
S01009183,Other central heating,13,0,13,13,0,13,0,0,0,0,0,0
S01009183,Two or more types of central heating,11,4,7,11,4,7,0,0,0,0,0,0
S01009184,All people in households,858,204,654,653,43,610,139,98,41,66,63,3
S01009184,No central heating,6,1,5,5,0,5,0,0,0,1,1,0
S01009184,Gas central heating,96,21,75,72,4,68,18,11,7,6,6,0
S01009184,Electric (including storage heaters) central heating,417,119,298,299,21,278,73,55,18,45,43,2
S01009184,Oil central heating,220,37,183,189,12,177,24,18,6,7,7,0
S01009184,Solid fuel (for example wood coal) central heating,78,19,59,53,3,50,19,11,8,6,5,1
S01009184,Other central heating,22,1,21,22,1,21,0,0,0,0,0,0
S01009184,Two or more types of central heating,19,6,13,13,2,11,5,3,2,1,1,0
S01009185,All people in households,888,215,673,696,55,641,132,101,31,60,59,1
S01009185,No central heating,11,1,10,10,0,10,0,0,0,1,1,0
S01009185,Gas central heating,102,18,84,88,4,84,9,9,0,5,5,0
S01009185,Electric (including storage heaters) central heating,338,97,241,252,26,226,58,43,15,28,28,0
S01009185,Oil central heating,174,32,142,144,8,136,25,20,5,5,4,1
S01009185,Solid fuel (for example wood coal) central heating,236,57,179,182,13,169,35,25,10,19,19,0
S01009185,Other central heating,12,3,9,10,1,9,2,2,0,0,0,0
S01009185,Two or more types of central heating,15,7,8,10,3,7,3,2,1,2,2,0
S01009186,All people in households,810,145,665,669,43,626,104,66,38,37,36,1
S01009186,No central heating,3,2,1,2,1,1,0,0,0,1,1,0
S01009186,Gas central heating,174,29,145,149,10,139,19,13,6,6,6,0
S01009186,Electric (including storage heaters) central heating,258,55,203,198,12,186,41,24,17,19,19,0
S01009186,Oil central heating,155,24,131,131,7,124,19,12,7,5,5,0
S01009186,Solid fuel (for example wood coal) central heating,140,24,116,119,10,109,17,11,6,4,3,1
S01009186,Other central heating,65,11,54,55,3,52,8,6,2,2,2,0
S01009186,Two or more types of central heating,15,0,15,15,0,15,0,0,0,0,0,0
S01009187,All people in households,512,100,412,433,29,404,53,46,7,26,25,1
S01009187,No central heating,16,5,11,11,0,11,2,2,0,3,3,0
S01009187,Gas central heating,113,19,94,99,7,92,8,6,2,6,6,0
S01009187,Electric (including storage heaters) central heating,83,19,64,64,4,60,11,8,3,8,7,1
S01009187,Oil central heating,181,29,152,164,13,151,15,14,1,2,2,0
S01009187,Solid fuel (for example wood coal) central heating,44,17,27,30,3,27,9,9,0,5,5,0
S01009187,Other central heating,40,3,37,39,2,37,0,0,0,1,1,0
S01009187,Two or more types of central heating,35,8,27,26,0,26,8,7,1,1,1,0
S01009188,All people in households,890,183,707,704,54,650,134,77,57,52,52,0
S01009188,No central heating,6,3,3,4,1,3,2,2,0,0,0,0
S01009188,Gas central heating,105,21,84,81,5,76,15,7,8,9,9,0
S01009188,Electric (including storage heaters) central heating,251,57,194,190,16,174,45,25,20,16,16,0
S01009188,Oil central heating,258,38,220,221,14,207,30,17,13,7,7,0
S01009188,Solid fuel (for example wood coal) central heating,200,48,152,152,12,140,31,19,12,17,17,0
S01009188,Other central heating,30,4,26,26,2,24,3,1,2,1,1,0
S01009188,Two or more types of central heating,40,12,28,30,4,26,8,6,2,2,2,0
S01009189,All people in households,776,185,591,601,43,558,109,78,31,66,64,2
S01009189,No central heating,1,0,1,0,0,0,1,0,1,0,0,0
S01009189,Gas central heating,66,12,54,58,4,54,2,2,0,6,6,0
S01009189,Electric (including storage heaters) central heating,437,110,327,328,23,305,70,50,20,39,37,2
S01009189,Oil central heating,146,32,114,122,10,112,17,15,2,7,7,0
S01009189,Solid fuel (for example wood coal) central heating,117,29,88,86,5,81,18,11,7,13,13,0
S01009189,Other central heating,1,0,1,0,0,0,1,0,1,0,0,0
S01009189,Two or more types of central heating,8,2,6,7,1,6,0,0,0,1,1,0
S01009190,All people in households,796,88,708,726,35,691,46,29,17,24,24,0
S01009190,No central heating,3,0,3,2,0,2,1,0,1,0,0,0
S01009190,Gas central heating,770,83,687,710,35,675,39,27,12,21,21,0
S01009190,Electric (including storage heaters) central heating,10,3,7,5,0,5,4,2,2,1,1,0
S01009190,Oil central heating,0,0,0,0,0,0,0,0,0,0,0,0
S01009190,Solid fuel (for example wood coal) central heating,0,0,0,0,0,0,0,0,0,0,0,0
S01009190,Other central heating,0,0,0,0,0,0,0,0,0,0,0,0
S01009190,Two or more types of central heating,13,2,11,9,0,9,2,0,2,2,2,0
S01009191,All people in households,746,37,709,717,18,699,22,13,9,7,6,1
S01009191,No central heating,0,0,0,0,0,0,0,0,0,0,0,0
S01009191,Gas central heating,714,33,681,686,15,671,21,12,9,7,6,1
S01009191,Electric (including storage heaters) central heating,7,0,7,7,0,7,0,0,0,0,0,0
S01009191,Oil central heating,0,0,0,0,0,0,0,0,0,0,0,0
S01009191,Solid fuel (for example wood coal) central heating,5,3,2,4,2,2,1,1,0,0,0,0
S01009191,Other central heating,6,0,6,6,0,6,0,0,0,0,0,0
S01009191,Two or more types of central heating,14,1,13,14,1,13,0,0,0,0,0,0
S01009192,All people in households,625,98,527,539,36,503,56,32,24,30,30,0
S01009192,No central heating,1,0,1,1,0,1,0,0,0,0,0,0
S01009192,Gas central heating,607,91,516,525,33,492,54,30,24,28,28,0
S01009192,Electric (including storage heaters) central heating,7,3,4,5,1,4,1,1,0,1,1,0
S01009192,Oil central heating,4,1,3,3,0,3,1,1,0,0,0,0
S01009192,Solid fuel (for example wood coal) central heating,2,0,2,2,0,2,0,0,0,0,0,0
S01009192,Other central heating,0,0,0,0,0,0,0,0,0,0,0,0
S01009192,Two or more types of central heating,4,3,1,3,2,1,0,0,0,1,1,0
S01009193,All people in households,309,18,291,289,8,281,17,7,10,3,3,0
S01009193,No central heating,0,0,0,0,0,0,0,0,0,0,0,0
S01009193,Gas central heating,309,18,291,289,8,281,17,7,10,3,3,0
S01009193,Electric (including storage heaters) central heating,0,0,0,0,0,0,0,0,0,0,0,0
S01009193,Oil central heating,0,0,0,0,0,0,0,0,0,0,0,0
S01009193,Solid fuel (for example wood coal) central heating,0,0,0,0,0,0,0,0,0,0,0,0
S01009193,Other central heating,0,0,0,0,0,0,0,0,0,0,0,0
S01009193,Two or more types of central heating,0,0,0,0,0,0,0,0,0,0,0,0
S01009194,All people in households,788,112,676,692,39,653,74,53,21,22,20,2
S01009194,No central heating,0,0,0,0,0,0,0,0,0,0,0,0
S01009194,Gas central heating,762,102,660,674,36,638,68,48,20,20,18,2
S01009194,Electric (including storage heaters) central heating,13,6,7,8,2,6,5,4,1,0,0,0
S01009194,Oil central heating,4,0,4,4,0,4,0,0,0,0,0,0
S01009194,Solid fuel (for example wood coal) central heating,0,0,0,0,0,0,0,0,0,0,0,0
S01009194,Other central heating,0,0,0,0,0,0,0,0,0,0,0,0
S01009194,Two or more types of central heating,9,4,5,6,1,5,1,1,0,2,2,0
S01009195,All people in households,860,89,771,781,35,746,65,40,25,14,14,0
S01009195,No central heating,1,1,0,0,0,0,0,0,0,1,1,0
S01009195,Gas central heating,831,83,748,759,33,726,61,39,22,11,11,0
S01009195,Electric (including storage heaters) central heating,10,4,6,5,1,4,3,1,2,2,2,0
S01009195,Oil central heating,2,0,2,2,0,2,0,0,0,0,0,0
S01009195,Solid fuel (for example wood coal) central heating,0,0,0,0,0,0,0,0,0,0,0,0
S01009195,Other central heating,7,1,6,6,1,5,1,0,1,0,0,0
S01009195,Two or more types of central heating,9,0,9,9,0,9,0,0,0,0,0,0
S01009196,All people in households,693,139,554,576,45,531,87,64,23,30,30,0
S01009196,No central heating,0,0,0,0,0,0,0,0,0,0,0,0
S01009196,Gas central heating,654,129,525,547,45,502,80,57,23,27,27,0
S01009196,Electric (including storage heaters) central heating,29,8,21,21,0,21,5,5,0,3,3,0
S01009196,Oil central heating,0,0,0,0,0,0,0,0,0,0,0,0
S01009196,Solid fuel (for example wood coal) central heating,2,2,0,0,0,0,2,2,0,0,0,0
S01009196,Other central heating,0,0,0,0,0,0,0,0,0,0,0,0
S01009196,Two or more types of central heating,8,0,8,8,0,8,0,0,0,0,0,0
S01009197,All people in households,1027,140,887,925,55,870,74,58,16,28,27,1
S01009197,No central heating,1,0,1,1,0,1,0,0,0,0,0,0
S01009197,Gas central heating,984,128,856,895,52,843,67,55,12,22,21,1
S01009197,Electric (including storage heaters) central heating,18,8,10,9,1,8,4,2,2,5,5,0
S01009197,Oil central heating,7,1,6,6,0,6,1,1,0,0,0,0
S01009197,Solid fuel (for example wood coal) central heating,4,0,4,2,0,2,2,0,2,0,0,0
S01009197,Other central heating,0,0,0,0,0,0,0,0,0,0,0,0
S01009197,Two or more types of central heating,13,3,10,12,2,10,0,0,0,1,1,0
S01009198,All people in households,730,99,631,630,34,596,69,38,31,31,27,4
S01009198,No central heating,1,1,0,0,0,0,0,0,0,1,1,0
S01009198,Gas central heating,712,92,620,618,32,586,67,37,30,27,23,4
S01009198,Electric (including storage heaters) central heating,10,4,6,8,2,6,1,1,0,1,1,0
S01009198,Oil central heating,2,1,1,0,0,0,1,0,1,1,1,0
S01009198,Solid fuel (for example wood coal) central heating,3,1,2,2,0,2,0,0,0,1,1,0
S01009198,Other central heating,0,0,0,0,0,0,0,0,0,0,0,0
S01009198,Two or more types of central heating,2,0,2,2,0,2,0,0,0,0,0,0
S01009199,All people in households,616,100,516,527,33,494,56,34,22,33,33,0
S01009199,No central heating,3,0,3,3,0,3,0,0,0,0,0,0
S01009199,Gas central heating,594,93,501,509,30,479,54,32,22,31,31,0
S01009199,Electric (including storage heaters) central heating,8,5,3,5,2,3,1,1,0,2,2,0
S01009199,Oil central heating,6,1,5,5,0,5,1,1,0,0,0,0
S01009199,Solid fuel (for example wood coal) central heating,4,0,4,4,0,4,0,0,0,0,0,0
S01009199,Other central heating,0,0,0,0,0,0,0,0,0,0,0,0
S01009199,Two or more types of central heating,1,1,0,1,1,0,0,0,0,0,0,0
S01009200,All people in households,1121,150,971,1001,59,942,90,65,25,30,26,4
S01009200,No central heating,10,1,9,10,1,9,0,0,0,0,0,0
S01009200,Gas central heating,1047,135,912,943,57,886,78,56,22,26,22,4
S01009200,Electric (including storage heaters) central heating,15,2,13,13,1,12,1,0,1,1,1,0
S01009200,Oil central heating,25,6,19,18,0,18,4,3,1,3,3,0
S01009200,Solid fuel (for example wood coal) central heating,3,2,1,0,0,0,3,2,1,0,0,0
S01009200,Other central heating,2,0,2,2,0,2,0,0,0,0,0,0
S01009200,Two or more types of central heating,19,4,15,15,0,15,4,4,0,0,0,0
S01009201,All people in households,630,91,539,533,21,512,69,44,25,28,26,2
S01009201,No central heating,0,0,0,0,0,0,0,0,0,0,0,0
S01009201,Gas central heating,590,86,504,499,21,478,67,43,24,24,22,2
S01009201,Electric (including storage heaters) central heating,23,1,22,22,0,22,1,1,0,0,0,0
S01009201,Oil central heating,2,2,0,0,0,0,0,0,0,2,2,0
S01009201,Solid fuel (for example wood coal) central heating,0,0,0,0,0,0,0,0,0,0,0,0
S01009201,Other central heating,0,0,0,0,0,0,0,0,0,0,0,0
S01009201,Two or more types of central heating,15,2,13,12,0,12,1,0,1,2,2,0
S01009202,All people in households,525,60,465,485,31,454,35,24,11,5,5,0
S01009202,No central heating,0,0,0,0,0,0,0,0,0,0,0,0
S01009202,Gas central heating,498,54,444,460,27,433,34,23,11,4,4,0
S01009202,Electric (including storage heaters) central heating,1,1,0,0,0,0,0,0,0,1,1,0
S01009202,Oil central heating,0,0,0,0,0,0,0,0,0,0,0,0
S01009202,Solid fuel (for example wood coal) central heating,10,4,6,9,3,6,1,1,0,0,0,0
S01009202,Other central heating,2,0,2,2,0,2,0,0,0,0,0,0
S01009202,Two or more types of central heating,14,1,13,14,1,13,0,0,0,0,0,0
S01009203,All people in households,633,189,444,453,31,422,103,82,21,77,76,1
S01009203,No central heating,2,0,2,2,0,2,0,0,0,0,0,0
S01009203,Gas central heating,514,142,372,387,28,359,70,58,12,57,56,1
S01009203,Electric (including storage heaters) central heating,92,33,59,55,3,52,24,17,7,13,13,0
S01009203,Oil central heating,2,0,2,2,0,2,0,0,0,0,0,0
S01009203,Solid fuel (for example wood coal) central heating,8,5,3,3,0,3,2,2,0,3,3,0
S01009203,Other central heating,0,0,0,0,0,0,0,0,0,0,0,0
S01009203,Two or more types of central heating,15,9,6,4,0,4,7,5,2,4,4,0
S01009204,All people in households,895,163,732,750,51,699,105,73,32,40,39,1
S01009204,No central heating,9,1,8,8,0,8,0,0,0,1,1,0
S01009204,Gas central heating,459,72,387,402,31,371,45,29,16,12,12,0
S01009204,Electric (including storage heaters) central heating,288,53,235,234,14,220,38,24,14,16,15,1
S01009204,Oil central heating,38,5,33,33,1,32,5,4,1,0,0,0
S01009204,Solid fuel (for example wood coal) central heating,88,28,60,64,5,59,14,13,1,10,10,0
S01009204,Other central heating,1,1,0,0,0,0,1,1,0,0,0,0
S01009204,Two or more types of central heating,12,3,9,9,0,9,2,2,0,1,1,0
S01009205,All people in households,702,84,618,626,33,593,54,29,25,22,22,0
S01009205,No central heating,6,3,3,1,0,1,4,2,2,1,1,0
S01009205,Gas central heating,665,77,588,599,31,568,45,25,20,21,21,0
S01009205,Electric (including storage heaters) central heating,23,3,20,18,1,17,5,2,3,0,0,0
S01009205,Oil central heating,0,0,0,0,0,0,0,0,0,0,0,0
S01009205,Solid fuel (for example wood coal) central heating,0,0,0,0,0,0,0,0,0,0,0,0
S01009205,Other central heating,3,1,2,3,1,2,0,0,0,0,0,0
S01009205,Two or more types of central heating,5,0,5,5,0,5,0,0,0,0,0,0
S01009206,All people in households,807,112,695,724,44,680,62,47,15,21,21,0
S01009206,No central heating,6,0,6,5,0,5,1,0,1,0,0,0
S01009206,Gas central heating,747,103,644,668,36,632,59,47,12,20,20,0
S01009206,Electric (including storage heaters) central heating,44,6,38,42,6,36,2,0,2,0,0,0
S01009206,Oil central heating,2,1,1,2,1,1,0,0,0,0,0,0
S01009206,Solid fuel (for example wood coal) central heating,0,0,0,0,0,0,0,0,0,0,0,0
S01009206,Other central heating,0,0,0,0,0,0,0,0,0,0,0,0
S01009206,Two or more types of central heating,8,2,6,7,1,6,0,0,0,1,1,0
S01009207,All people in households,760,127,633,663,63,600,72,40,32,25,24,1
S01009207,No central heating,15,3,12,11,1,10,3,1,2,1,1,0
S01009207,Gas central heating,667,115,552,585,57,528,59,36,23,23,22,1
S01009207,Electric (including storage heaters) central heating,65,6,59,56,3,53,8,2,6,1,1,0
S01009207,Oil central heating,2,1,1,2,1,1,0,0,0,0,0,0
S01009207,Solid fuel (for example wood coal) central heating,0,0,0,0,0,0,0,0,0,0,0,0
S01009207,Other central heating,0,0,0,0,0,0,0,0,0,0,0,0
S01009207,Two or more types of central heating,11,2,9,9,1,8,2,1,1,0,0,0
S01009208,All people in households,631,141,490,505,47,458,96,64,32,30,30,0
S01009208,No central heating,7,4,3,4,1,3,1,1,0,2,2,0
S01009208,Gas central heating,595,133,462,476,45,431,92,61,31,27,27,0
S01009208,Electric (including storage heaters) central heating,20,3,17,16,0,16,3,2,1,1,1,0
S01009208,Oil central heating,0,0,0,0,0,0,0,0,0,0,0,0
S01009208,Solid fuel (for example wood coal) central heating,0,0,0,0,0,0,0,0,0,0,0,0
S01009208,Other central heating,4,1,3,4,1,3,0,0,0,0,0,0
S01009208,Two or more types of central heating,5,0,5,5,0,5,0,0,0,0,0,0
S01009209,All people in households,597,113,484,496,37,459,86,61,25,15,15,0
S01009209,No central heating,1,0,1,1,0,1,0,0,0,0,0,0
S01009209,Gas central heating,575,106,469,479,35,444,82,57,25,14,14,0
S01009209,Electric (including storage heaters) central heating,8,5,3,5,2,3,2,2,0,1,1,0
S01009209,Oil central heating,5,1,4,4,0,4,1,1,0,0,0,0
S01009209,Solid fuel (for example wood coal) central heating,0,0,0,0,0,0,0,0,0,0,0,0
S01009209,Other central heating,0,0,0,0,0,0,0,0,0,0,0,0
S01009209,Two or more types of central heating,8,1,7,7,0,7,1,1,0,0,0,0
S01009210,All people in households,569,97,472,498,39,459,50,37,13,21,21,0
S01009210,No central heating,6,1,5,6,1,5,0,0,0,0,0,0
S01009210,Gas central heating,468,79,389,411,34,377,39,27,12,18,18,0
S01009210,Electric (including storage heaters) central heating,12,7,5,8,3,5,3,3,0,1,1,0
S01009210,Oil central heating,64,4,60,60,0,60,3,3,0,1,1,0
S01009210,Solid fuel (for example wood coal) central heating,8,2,6,7,1,6,0,0,0,1,1,0
S01009210,Other central heating,4,1,3,2,0,2,2,1,1,0,0,0
S01009210,Two or more types of central heating,7,3,4,4,0,4,3,3,0,0,0,0
S01009211,All people in households,628,89,539,543,32,511,60,32,28,25,25,0
S01009211,No central heating,4,0,4,4,0,4,0,0,0,0,0,0
S01009211,Gas central heating,540,76,464,469,29,440,50,26,24,21,21,0
S01009211,Electric (including storage heaters) central heating,61,9,52,50,2,48,9,5,4,2,2,0
S01009211,Oil central heating,0,0,0,0,0,0,0,0,0,0,0,0
S01009211,Solid fuel (for example wood coal) central heating,8,1,7,7,0,7,0,0,0,1,1,0
S01009211,Other central heating,0,0,0,0,0,0,0,0,0,0,0,0
S01009211,Two or more types of central heating,15,3,12,13,1,12,1,1,0,1,1,0
S01009212,All people in households,829,231,598,633,61,572,126,102,24,70,68,2
S01009212,No central heating,2,0,2,2,0,2,0,0,0,0,0,0
S01009212,Gas central heating,763,210,553,586,58,528,115,92,23,62,60,2
S01009212,Electric (including storage heaters) central heating,50,17,33,35,3,32,9,8,1,6,6,0
S01009212,Oil central heating,0,0,0,0,0,0,0,0,0,0,0,0
S01009212,Solid fuel (for example wood coal) central heating,2,0,2,2,0,2,0,0,0,0,0,0
S01009212,Other central heating,2,0,2,2,0,2,0,0,0,0,0,0
S01009212,Two or more types of central heating,10,4,6,6,0,6,2,2,0,2,2,0
S01009213,All people in households,836,186,650,659,40,619,130,100,30,47,46,1
S01009213,No central heating,5,2,3,3,0,3,0,0,0,2,2,0
S01009213,Gas central heating,759,166,593,604,38,566,116,90,26,39,38,1
S01009213,Electric (including storage heaters) central heating,34,10,24,21,0,21,10,7,3,3,3,0
S01009213,Oil central heating,2,0,2,1,0,1,1,0,1,0,0,0
S01009213,Solid fuel (for example wood coal) central heating,4,0,4,4,0,4,0,0,0,0,0,0
S01009213,Other central heating,2,2,0,0,0,0,1,1,0,1,1,0
S01009213,Two or more types of central heating,30,6,24,26,2,24,2,2,0,2,2,0
S01009214,All people in households,972,148,824,865,64,801,72,49,23,35,35,0
S01009214,No central heating,3,1,2,3,1,2,0,0,0,0,0,0
S01009214,Gas central heating,888,125,763,797,55,742,63,42,21,28,28,0
S01009214,Electric (including storage heaters) central heating,55,19,36,43,8,35,8,7,1,4,4,0
S01009214,Oil central heating,2,0,2,2,0,2,0,0,0,0,0,0
S01009214,Solid fuel (for example wood coal) central heating,5,0,5,4,0,4,1,0,1,0,0,0
S01009214,Other central heating,0,0,0,0,0,0,0,0,0,0,0,0
S01009214,Two or more types of central heating,19,3,16,16,0,16,0,0,0,3,3,0
S01009215,All people in households,926,212,714,741,69,672,118,76,42,67,67,0
S01009215,No central heating,10,1,9,9,0,9,0,0,0,1,1,0
S01009215,Gas central heating,808,178,630,651,60,591,104,65,39,53,53,0
S01009215,Electric (including storage heaters) central heating,77,30,47,52,8,44,13,10,3,12,12,0
S01009215,Oil central heating,0,0,0,0,0,0,0,0,0,0,0,0
S01009215,Solid fuel (for example wood coal) central heating,1,0,1,1,0,1,0,0,0,0,0,0
S01009215,Other central heating,1,1,0,0,0,0,1,1,0,0,0,0
S01009215,Two or more types of central heating,29,2,27,28,1,27,0,0,0,1,1,0
S01009216,All people in households,886,206,680,692,56,636,139,95,44,55,55,0
S01009216,No central heating,2,2,0,0,0,0,2,2,0,0,0,0
S01009216,Gas central heating,682,151,531,546,47,499,98,66,32,38,38,0
S01009216,Electric (including storage heaters) central heating,148,44,104,103,7,96,32,24,8,13,13,0
S01009216,Oil central heating,4,1,3,2,0,2,1,0,1,1,1,0
S01009216,Solid fuel (for example wood coal) central heating,30,6,24,24,1,23,4,3,1,2,2,0
S01009216,Other central heating,0,0,0,0,0,0,0,0,0,0,0,0
S01009216,Two or more types of central heating,20,2,18,17,1,16,2,0,2,1,1,0
S01009217,All people in households,623,160,463,469,42,427,100,65,35,54,53,1
S01009217,No central heating,6,2,4,4,0,4,2,2,0,0,0,0
S01009217,Gas central heating,574,143,431,437,40,397,89,56,33,48,47,1
S01009217,Electric (including storage heaters) central heating,20,7,13,14,1,13,4,4,0,2,2,0
S01009217,Oil central heating,0,0,0,0,0,0,0,0,0,0,0,0
S01009217,Solid fuel (for example wood coal) central heating,11,6,5,5,1,4,3,2,1,3,3,0
S01009217,Other central heating,0,0,0,0,0,0,0,0,0,0,0,0
S01009217,Two or more types of central heating,12,2,10,9,0,9,2,1,1,1,1,0
S01009218,All people in households,821,163,658,661,36,625,115,83,32,45,44,1
S01009218,No central heating,3,0,3,3,0,3,0,0,0,0,0,0
S01009218,Gas central heating,773,150,623,628,36,592,108,78,30,37,36,1
S01009218,Electric (including storage heaters) central heating,32,9,23,22,0,22,5,4,1,5,5,0
S01009218,Oil central heating,0,0,0,0,0,0,0,0,0,0,0,0
S01009218,Solid fuel (for example wood coal) central heating,0,0,0,0,0,0,0,0,0,0,0,0
S01009218,Other central heating,0,0,0,0,0,0,0,0,0,0,0,0
S01009218,Two or more types of central heating,13,4,9,8,0,8,2,1,1,3,3,0
S01009219,All people in households,630,161,469,473,41,432,116,80,36,41,40,1
S01009219,No central heating,15,4,11,14,3,11,1,1,0,0,0,0
S01009219,Gas central heating,552,133,419,418,32,386,101,68,33,33,33,0
S01009219,Electric (including storage heaters) central heating,46,17,29,31,4,27,10,8,2,5,5,0
S01009219,Oil central heating,4,1,3,4,1,3,0,0,0,0,0,0
S01009219,Solid fuel (for example wood coal) central heating,4,2,2,1,0,1,1,1,0,2,1,1
S01009219,Other central heating,0,0,0,0,0,0,0,0,0,0,0,0
S01009219,Two or more types of central heating,9,4,5,5,1,4,3,2,1,1,1,0
S01009220,All people in households,550,134,416,429,40,389,88,61,27,33,33,0
S01009220,No central heating,9,6,3,5,2,3,2,2,0,2,2,0
S01009220,Gas central heating,521,123,398,410,37,373,81,56,25,30,30,0
S01009220,Electric (including storage heaters) central heating,14,4,10,9,1,8,4,2,2,1,1,0
S01009220,Oil central heating,1,0,1,1,0,1,0,0,0,0,0,0
S01009220,Solid fuel (for example wood coal) central heating,0,0,0,0,0,0,0,0,0,0,0,0
S01009220,Other central heating,0,0,0,0,0,0,0,0,0,0,0,0
S01009220,Two or more types of central heating,5,1,4,4,0,4,1,1,0,0,0,0
S01009221,All people in households,574,127,447,458,40,418,85,57,28,31,30,1
S01009221,No central heating,16,4,12,11,0,11,5,4,1,0,0,0
S01009221,Gas central heating,507,109,398,405,34,371,77,51,26,25,24,1
S01009221,Electric (including storage heaters) central heating,23,9,14,16,2,14,1,1,0,6,6,0
S01009221,Oil central heating,0,0,0,0,0,0,0,0,0,0,0,0
S01009221,Solid fuel (for example wood coal) central heating,0,0,0,0,0,0,0,0,0,0,0,0
S01009221,Other central heating,0,0,0,0,0,0,0,0,0,0,0,0
S01009221,Two or more types of central heating,28,5,23,26,4,22,2,1,1,0,0,0
S01009222,All people in households,538,112,426,435,35,400,64,39,25,39,38,1
S01009222,No central heating,2,1,1,2,1,1,0,0,0,0,0,0
S01009222,Gas central heating,502,101,401,410,33,377,56,33,23,36,35,1
S01009222,Electric (including storage heaters) central heating,17,5,12,10,0,10,6,4,2,1,1,0
S01009222,Oil central heating,2,2,0,1,1,0,1,1,0,0,0,0
S01009222,Solid fuel (for example wood coal) central heating,0,0,0,0,0,0,0,0,0,0,0,0
S01009222,Other central heating,0,0,0,0,0,0,0,0,0,0,0,0
S01009222,Two or more types of central heating,15,3,12,12,0,12,1,1,0,2,2,0
S01009223,All people in households,556,135,421,426,36,390,89,58,31,41,41,0
S01009223,No central heating,3,1,2,1,0,1,1,0,1,1,1,0
S01009223,Gas central heating,508,119,389,394,33,361,80,52,28,34,34,0
S01009223,Electric (including storage heaters) central heating,33,11,22,23,2,21,5,4,1,5,5,0
S01009223,Oil central heating,0,0,0,0,0,0,0,0,0,0,0,0
S01009223,Solid fuel (for example wood coal) central heating,0,0,0,0,0,0,0,0,0,0,0,0
S01009223,Other central heating,5,1,4,4,0,4,0,0,0,1,1,0
S01009223,Two or more types of central heating,7,3,4,4,1,3,3,2,1,0,0,0
S01009224,All people in households,627,149,478,478,33,445,93,64,29,56,52,4
S01009224,No central heating,5,1,4,4,0,4,0,0,0,1,1,0
S01009224,Gas central heating,589,133,456,453,29,424,84,56,28,52,48,4
S01009224,Electric (including storage heaters) central heating,23,11,12,13,2,11,8,7,1,2,2,0
S01009224,Oil central heating,0,0,0,0,0,0,0,0,0,0,0,0
S01009224,Solid fuel (for example wood coal) central heating,0,0,0,0,0,0,0,0,0,0,0,0
S01009224,Other central heating,0,0,0,0,0,0,0,0,0,0,0,0
S01009224,Two or more types of central heating,10,4,6,8,2,6,1,1,0,1,1,0
S01009225,All people in households,536,140,396,402,33,369,91,67,24,43,40,3
S01009225,No central heating,0,0,0,0,0,0,0,0,0,0,0,0
S01009225,Gas central heating,496,125,371,373,28,345,81,58,23,42,39,3
S01009225,Electric (including storage heaters) central heating,22,9,13,16,4,12,5,4,1,1,1,0
S01009225,Oil central heating,4,2,2,2,0,2,2,2,0,0,0,0
S01009225,Solid fuel (for example wood coal) central heating,3,1,2,2,0,2,1,1,0,0,0,0
S01009225,Other central heating,1,1,0,0,0,0,1,1,0,0,0,0
S01009225,Two or more types of central heating,10,2,8,9,1,8,1,1,0,0,0,0
S01009226,All people in households,909,262,647,649,55,594,145,97,48,115,110,5
S01009226,No central heating,7,2,5,5,0,5,1,1,0,1,1,0
S01009226,Gas central heating,861,244,617,617,50,567,135,90,45,109,104,5
S01009226,Electric (including storage heaters) central heating,21,9,12,14,5,9,6,3,3,1,1,0
S01009226,Oil central heating,0,0,0,0,0,0,0,0,0,0,0,0
S01009226,Solid fuel (for example wood coal) central heating,0,0,0,0,0,0,0,0,0,0,0,0
S01009226,Other central heating,0,0,0,0,0,0,0,0,0,0,0,0
S01009226,Two or more types of central heating,20,7,13,13,0,13,3,3,0,4,4,0
S01009227,All people in households,589,172,417,428,37,391,113,87,26,48,48,0
S01009227,No central heating,4,0,4,3,0,3,1,0,1,0,0,0
S01009227,Gas central heating,511,148,363,379,35,344,97,78,19,35,35,0
S01009227,Electric (including storage heaters) central heating,61,21,40,36,2,34,14,8,6,11,11,0
S01009227,Oil central heating,0,0,0,0,0,0,0,0,0,0,0,0
S01009227,Solid fuel (for example wood coal) central heating,0,0,0,0,0,0,0,0,0,0,0,0
S01009227,Other central heating,0,0,0,0,0,0,0,0,0,0,0,0
S01009227,Two or more types of central heating,13,3,10,10,0,10,1,1,0,2,2,0
S01009228,All people in households,602,161,441,446,46,400,108,69,39,48,46,2
S01009228,No central heating,7,1,6,6,0,6,1,1,0,0,0,0
S01009228,Gas central heating,391,105,286,289,28,261,70,47,23,32,30,2
S01009228,Electric (including storage heaters) central heating,191,53,138,138,16,122,37,21,16,16,16,0
S01009228,Oil central heating,0,0,0,0,0,0,0,0,0,0,0,0
S01009228,Solid fuel (for example wood coal) central heating,0,0,0,0,0,0,0,0,0,0,0,0
S01009228,Other central heating,0,0,0,0,0,0,0,0,0,0,0,0
S01009228,Two or more types of central heating,13,2,11,13,2,11,0,0,0,0,0,0
S01009229,All people in households,579,117,462,473,43,430,71,41,30,35,33,2
S01009229,No central heating,4,0,4,4,0,4,0,0,0,0,0,0
S01009229,Gas central heating,456,87,369,384,36,348,51,30,21,21,21,0
S01009229,Electric (including storage heaters) central heating,115,29,86,82,7,75,19,10,9,14,12,2
S01009229,Oil central heating,0,0,0,0,0,0,0,0,0,0,0,0
S01009229,Solid fuel (for example wood coal) central heating,0,0,0,0,0,0,0,0,0,0,0,0
S01009229,Other central heating,0,0,0,0,0,0,0,0,0,0,0,0
S01009229,Two or more types of central heating,4,1,3,3,0,3,1,1,0,0,0,0
S01009230,All people in households,558,100,458,470,28,442,62,46,16,26,26,0
S01009230,No central heating,13,5,8,8,1,7,2,1,1,3,3,0
S01009230,Gas central heating,480,85,395,404,24,380,53,38,15,23,23,0
S01009230,Electric (including storage heaters) central heating,52,8,44,45,1,44,7,7,0,0,0,0
S01009230,Oil central heating,0,0,0,0,0,0,0,0,0,0,0,0
S01009230,Solid fuel (for example wood coal) central heating,0,0,0,0,0,0,0,0,0,0,0,0
S01009230,Other central heating,2,0,2,2,0,2,0,0,0,0,0,0
S01009230,Two or more types of central heating,11,2,9,11,2,9,0,0,0,0,0,0
S01009231,All people in households,958,191,767,789,61,728,119,84,35,50,46,4
S01009231,No central heating,17,4,13,11,0,11,4,2,2,2,2,0
S01009231,Gas central heating,869,164,705,728,52,676,96,70,26,45,42,3
S01009231,Electric (including storage heaters) central heating,48,18,30,32,9,23,14,8,6,2,1,1
S01009231,Oil central heating,0,0,0,0,0,0,0,0,0,0,0,0
S01009231,Solid fuel (for example wood coal) central heating,0,0,0,0,0,0,0,0,0,0,0,0
S01009231,Other central heating,0,0,0,0,0,0,0,0,0,0,0,0
S01009231,Two or more types of central heating,24,5,19,18,0,18,5,4,1,1,1,0
S01009232,All people in households,581,136,445,436,35,401,106,63,43,39,38,1
S01009232,No central heating,6,3,3,3,0,3,2,2,0,1,1,0
S01009232,Gas central heating,366,71,295,295,21,274,51,31,20,20,19,1
S01009232,Electric (including storage heaters) central heating,201,60,141,132,14,118,53,30,23,16,16,0
S01009232,Oil central heating,0,0,0,0,0,0,0,0,0,0,0,0
S01009232,Solid fuel (for example wood coal) central heating,2,0,2,2,0,2,0,0,0,0,0,0
S01009232,Other central heating,0,0,0,0,0,0,0,0,0,0,0,0
S01009232,Two or more types of central heating,6,2,4,4,0,4,0,0,0,2,2,0
S01009233,All people in households,567,149,418,418,36,382,105,73,32,44,40,4
S01009233,No central heating,6,3,3,2,0,2,2,1,1,2,2,0
S01009233,Gas central heating,509,123,386,386,32,354,86,58,28,37,33,4
S01009233,Electric (including storage heaters) central heating,39,19,20,20,3,17,14,11,3,5,5,0
S01009233,Oil central heating,0,0,0,0,0,0,0,0,0,0,0,0
S01009233,Solid fuel (for example wood coal) central heating,2,0,2,2,0,2,0,0,0,0,0,0
S01009233,Other central heating,0,0,0,0,0,0,0,0,0,0,0,0
S01009233,Two or more types of central heating,11,4,7,8,1,7,3,3,0,0,0,0
S01009234,All people in households,1021,206,815,810,55,755,145,89,56,66,62,4
S01009234,No central heating,34,10,24,23,3,20,7,3,4,4,4,0
S01009234,Gas central heating,781,158,623,625,43,582,107,69,38,49,46,3
S01009234,Electric (including storage heaters) central heating,169,26,143,137,7,130,26,13,13,6,6,0
S01009234,Oil central heating,0,0,0,0,0,0,0,0,0,0,0,0
S01009234,Solid fuel (for example wood coal) central heating,0,0,0,0,0,0,0,0,0,0,0,0
S01009234,Other central heating,0,0,0,0,0,0,0,0,0,0,0,0
S01009234,Two or more types of central heating,37,12,25,25,2,23,5,4,1,7,6,1
S01009235,All people in households,921,193,728,717,43,674,147,94,53,57,56,1
S01009235,No central heating,17,5,12,13,1,12,3,3,0,1,1,0
S01009235,Gas central heating,588,115,473,479,32,447,78,52,26,31,31,0
S01009235,Electric (including storage heaters) central heating,288,70,218,202,10,192,61,36,25,25,24,1
S01009235,Oil central heating,0,0,0,0,0,0,0,0,0,0,0,0
S01009235,Solid fuel (for example wood coal) central heating,0,0,0,0,0,0,0,0,0,0,0,0
S01009235,Other central heating,2,0,2,2,0,2,0,0,0,0,0,0
S01009235,Two or more types of central heating,26,3,23,21,0,21,5,3,2,0,0,0
S01009236,All people in households,483,125,358,376,36,340,83,65,18,24,24,0
S01009236,No central heating,8,3,5,5,1,4,3,2,1,0,0,0
S01009236,Gas central heating,428,106,322,339,29,310,68,56,12,21,21,0
S01009236,Electric (including storage heaters) central heating,41,14,27,28,5,23,10,6,4,3,3,0
S01009236,Oil central heating,0,0,0,0,0,0,0,0,0,0,0,0
S01009236,Solid fuel (for example wood coal) central heating,0,0,0,0,0,0,0,0,0,0,0,0
S01009236,Other central heating,1,0,1,1,0,1,0,0,0,0,0,0
S01009236,Two or more types of central heating,5,2,3,3,1,2,2,1,1,0,0,0
S01009237,All people in households,847,157,690,720,53,667,97,74,23,30,30,0
S01009237,No central heating,4,3,1,1,0,1,2,2,0,1,1,0
S01009237,Gas central heating,782,144,638,669,50,619,86,67,19,27,27,0
S01009237,Electric (including storage heaters) central heating,44,6,38,38,3,35,5,2,3,1,1,0
S01009237,Oil central heating,12,4,8,7,0,7,4,3,1,1,1,0
S01009237,Solid fuel (for example wood coal) central heating,0,0,0,0,0,0,0,0,0,0,0,0
S01009237,Other central heating,0,0,0,0,0,0,0,0,0,0,0,0
S01009237,Two or more types of central heating,5,0,5,5,0,5,0,0,0,0,0,0
S01009238,All people in households,726,146,580,578,35,543,107,71,36,41,40,1
S01009238,No central heating,9,1,8,8,1,7,1,0,1,0,0,0
S01009238,Gas central heating,535,96,439,434,22,412,71,44,27,30,30,0
S01009238,Electric (including storage heaters) central heating,163,43,120,120,9,111,32,24,8,11,10,1
S01009238,Oil central heating,6,1,5,6,1,5,0,0,0,0,0,0
S01009238,Solid fuel (for example wood coal) central heating,0,0,0,0,0,0,0,0,0,0,0,0
S01009238,Other central heating,5,1,4,5,1,4,0,0,0,0,0,0
S01009238,Two or more types of central heating,8,4,4,5,1,4,3,3,0,0,0,0
S01009239,All people in households,866,176,690,712,51,661,102,74,28,52,51,1
S01009239,No central heating,7,0,7,7,0,7,0,0,0,0,0,0
S01009239,Gas central heating,311,72,239,252,27,225,40,26,14,19,19,0
S01009239,Electric (including storage heaters) central heating,543,101,442,451,24,427,62,48,14,30,29,1
S01009239,Oil central heating,0,0,0,0,0,0,0,0,0,0,0,0
S01009239,Solid fuel (for example wood coal) central heating,0,0,0,0,0,0,0,0,0,0,0,0
S01009239,Other central heating,2,2,0,0,0,0,0,0,0,2,2,0
S01009239,Two or more types of central heating,3,1,2,2,0,2,0,0,0,1,1,0
S01009240,All people in households,672,161,511,511,51,460,114,67,47,47,43,4
S01009240,No central heating,5,2,3,2,1,1,3,1,2,0,0,0
S01009240,Gas central heating,443,117,326,334,34,300,76,51,25,33,32,1
S01009240,Electric (including storage heaters) central heating,183,35,148,143,13,130,29,13,16,11,9,2
S01009240,Oil central heating,2,0,2,2,0,2,0,0,0,0,0,0
S01009240,Solid fuel (for example wood coal) central heating,4,1,3,4,1,3,0,0,0,0,0,0
S01009240,Other central heating,0,0,0,0,0,0,0,0,0,0,0,0
S01009240,Two or more types of central heating,35,6,29,26,2,24,6,2,4,3,2,1
S01009241,All people in households,895,215,680,666,48,618,157,95,62,72,72,0
S01009241,No central heating,8,3,5,7,2,5,0,0,0,1,1,0
S01009241,Gas central heating,656,150,506,495,34,461,116,71,45,45,45,0
S01009241,Electric (including storage heaters) central heating,198,57,141,135,10,125,38,22,16,25,25,0
S01009241,Oil central heating,9,0,9,8,0,8,1,0,1,0,0,0
S01009241,Solid fuel (for example wood coal) central heating,6,2,4,6,2,4,0,0,0,0,0,0
S01009241,Other central heating,2,2,0,0,0,0,2,2,0,0,0,0
S01009241,Two or more types of central heating,16,1,15,15,0,15,0,0,0,1,1,0
S01009242,All people in households,725,119,606,621,42,579,86,59,27,18,18,0
S01009242,No central heating,6,3,3,3,0,3,1,1,0,2,2,0
S01009242,Gas central heating,580,91,489,508,31,477,58,46,12,14,14,0
S01009242,Electric (including storage heaters) central heating,128,22,106,102,11,91,24,9,15,2,2,0
S01009242,Oil central heating,5,1,4,4,0,4,1,1,0,0,0,0
S01009242,Solid fuel (for example wood coal) central heating,2,2,0,0,0,0,2,2,0,0,0,0
S01009242,Other central heating,0,0,0,0,0,0,0,0,0,0,0,0
S01009242,Two or more types of central heating,4,0,4,4,0,4,0,0,0,0,0,0
S01009243,All people in households,1003,192,811,824,60,764,112,69,43,67,63,4
S01009243,No central heating,2,0,2,1,0,1,1,0,1,0,0,0
S01009243,Gas central heating,896,163,733,742,52,690,93,54,39,61,57,4
S01009243,Electric (including storage heaters) central heating,89,23,66,72,8,64,12,10,2,5,5,0
S01009243,Oil central heating,6,1,5,5,0,5,1,1,0,0,0,0
S01009243,Solid fuel (for example wood coal) central heating,0,0,0,0,0,0,0,0,0,0,0,0
S01009243,Other central heating,3,3,0,0,0,0,3,3,0,0,0,0
S01009243,Two or more types of central heating,7,2,5,4,0,4,2,1,1,1,1,0
S01009244,All people in households,809,118,691,708,40,668,70,47,23,31,31,0
S01009244,No central heating,7,0,7,7,0,7,0,0,0,0,0,0
S01009244,Gas central heating,664,96,568,584,36,548,58,38,20,22,22,0
S01009244,Electric (including storage heaters) central heating,51,15,36,37,3,34,8,6,2,6,6,0
S01009244,Oil central heating,66,2,64,64,1,63,2,1,1,0,0,0
S01009244,Solid fuel (for example wood coal) central heating,5,2,3,3,0,3,0,0,0,2,2,0
S01009244,Other central heating,6,2,4,4,0,4,1,1,0,1,1,0
S01009244,Two or more types of central heating,10,1,9,9,0,9,1,1,0,0,0,0
S01009245,All people in households,830,150,680,704,62,642,94,56,38,32,32,0
S01009245,No central heating,13,1,12,9,0,9,3,0,3,1,1,0
S01009245,Gas central heating,756,140,616,640,56,584,86,54,32,30,30,0
S01009245,Electric (including storage heaters) central heating,49,7,42,45,5,40,3,1,2,1,1,0
S01009245,Oil central heating,5,1,4,5,1,4,0,0,0,0,0,0
S01009245,Solid fuel (for example wood coal) central heating,0,0,0,0,0,0,0,0,0,0,0,0
S01009245,Other central heating,3,0,3,3,0,3,0,0,0,0,0,0
S01009245,Two or more types of central heating,4,1,3,2,0,2,2,1,1,0,0,0
S01009246,All people in households,803,187,616,618,46,572,131,89,42,54,52,2
S01009246,No central heating,5,1,4,4,0,4,0,0,0,1,1,0
S01009246,Gas central heating,739,173,566,567,41,526,122,84,38,50,48,2
S01009246,Electric (including storage heaters) central heating,30,3,27,24,0,24,5,2,3,1,1,0
S01009246,Oil central heating,6,3,3,4,1,3,2,2,0,0,0,0
S01009246,Solid fuel (for example wood coal) central heating,3,1,2,2,0,2,0,0,0,1,1,0
S01009246,Other central heating,7,3,4,6,2,4,1,1,0,0,0,0
S01009246,Two or more types of central heating,13,3,10,11,2,9,1,0,1,1,1,0
S01009247,All people in households,1010,191,819,812,49,763,138,85,53,60,57,3
S01009247,No central heating,13,3,10,11,1,10,0,0,0,2,2,0
S01009247,Gas central heating,951,173,778,770,44,726,131,80,51,50,49,1
S01009247,Electric (including storage heaters) central heating,16,5,11,13,3,10,3,2,1,0,0,0
S01009247,Oil central heating,2,1,1,1,0,1,1,1,0,0,0,0
S01009247,Solid fuel (for example wood coal) central heating,10,3,7,7,0,7,2,2,0,1,1,0
S01009247,Other central heating,0,0,0,0,0,0,0,0,0,0,0,0
S01009247,Two or more types of central heating,18,6,12,10,1,9,1,0,1,7,5,2
S01009248,All people in households,688,131,557,573,40,533,83,60,23,32,31,1
S01009248,No central heating,0,0,0,0,0,0,0,0,0,0,0,0
S01009248,Gas central heating,627,112,515,526,32,494,74,53,21,27,27,0
S01009248,Electric (including storage heaters) central heating,45,17,28,33,7,26,7,6,1,5,4,1
S01009248,Oil central heating,7,0,7,7,0,7,0,0,0,0,0,0
S01009248,Solid fuel (for example wood coal) central heating,0,0,0,0,0,0,0,0,0,0,0,0
S01009248,Other central heating,2,1,1,0,0,0,2,1,1,0,0,0
S01009248,Two or more types of central heating,7,1,6,7,1,6,0,0,0,0,0,0
S01009249,All people in households,810,189,621,632,49,583,125,89,36,53,51,2
S01009249,No central heating,3,0,3,3,0,3,0,0,0,0,0,0
S01009249,Gas central heating,671,156,515,527,40,487,100,74,26,44,42,2
S01009249,Electric (including storage heaters) central heating,103,26,77,77,8,69,19,11,8,7,7,0
S01009249,Oil central heating,0,0,0,0,0,0,0,0,0,0,0,0
S01009249,Solid fuel (for example wood coal) central heating,2,0,2,1,0,1,1,0,1,0,0,0
S01009249,Other central heating,0,0,0,0,0,0,0,0,0,0,0,0
S01009249,Two or more types of central heating,31,7,24,24,1,23,5,4,1,2,2,0
S01009250,All people in households,638,135,503,485,23,462,110,71,39,43,41,2
S01009250,No central heating,1,1,0,0,0,0,1,1,0,0,0,0
S01009250,Gas central heating,550,106,444,433,19,414,85,57,28,32,30,2
S01009250,Electric (including storage heaters) central heating,73,22,51,42,2,40,21,10,11,10,10,0
S01009250,Oil central heating,2,1,1,1,0,1,1,1,0,0,0,0
S01009250,Solid fuel (for example wood coal) central heating,5,4,1,2,1,1,2,2,0,1,1,0
S01009250,Other central heating,0,0,0,0,0,0,0,0,0,0,0,0
S01009250,Two or more types of central heating,7,1,6,7,1,6,0,0,0,0,0,0
S01009251,All people in households,553,96,457,450,25,425,75,44,31,28,27,1
S01009251,No central heating,6,1,5,6,1,5,0,0,0,0,0,0
S01009251,Gas central heating,300,42,258,257,13,244,33,19,14,10,10,0
S01009251,Electric (including storage heaters) central heating,233,49,184,177,11,166,39,22,17,17,16,1
S01009251,Oil central heating,0,0,0,0,0,0,0,0,0,0,0,0
S01009251,Solid fuel (for example wood coal) central heating,5,2,3,3,0,3,1,1,0,1,1,0
S01009251,Other central heating,7,2,5,5,0,5,2,2,0,0,0,0
S01009251,Two or more types of central heating,2,0,2,2,0,2,0,0,0,0,0,0
S01009252,All people in households,478,29,449,457,17,440,19,10,9,2,2,0
S01009252,No central heating,0,0,0,0,0,0,0,0,0,0,0,0
S01009252,Gas central heating,470,28,442,449,16,433,19,10,9,2,2,0
S01009252,Electric (including storage heaters) central heating,3,1,2,3,1,2,0,0,0,0,0,0
S01009252,Oil central heating,5,0,5,5,0,5,0,0,0,0,0,0
S01009252,Solid fuel (for example wood coal) central heating,0,0,0,0,0,0,0,0,0,0,0,0
S01009252,Other central heating,0,0,0,0,0,0,0,0,0,0,0,0
S01009252,Two or more types of central heating,0,0,0,0,0,0,0,0,0,0,0,0
S01009253,All people in households,476,151,325,333,34,299,91,67,24,52,50,2
S01009253,No central heating,2,1,1,1,0,1,1,1,0,0,0,0
S01009253,Gas central heating,430,138,292,301,31,270,83,62,21,46,45,1
S01009253,Electric (including storage heaters) central heating,14,7,7,5,1,4,5,2,3,4,4,0
S01009253,Oil central heating,0,0,0,0,0,0,0,0,0,0,0,0
S01009253,Solid fuel (for example wood coal) central heating,12,0,12,12,0,12,0,0,0,0,0,0
S01009253,Other central heating,1,1,0,0,0,0,1,1,0,0,0,0
S01009253,Two or more types of central heating,17,4,13,14,2,12,1,1,0,2,1,1
S01009254,All people in households,822,220,602,610,58,552,131,85,46,81,77,4
S01009254,No central heating,4,1,3,4,1,3,0,0,0,0,0,0
S01009254,Gas central heating,762,202,560,570,54,516,118,77,41,74,71,3
S01009254,Electric (including storage heaters) central heating,7,2,5,5,0,5,2,2,0,0,0,0
S01009254,Oil central heating,2,0,2,2,0,2,0,0,0,0,0,0
S01009254,Solid fuel (for example wood coal) central heating,4,3,1,2,1,1,2,2,0,0,0,0
S01009254,Other central heating,17,5,12,12,0,12,4,4,0,1,1,0
S01009254,Two or more types of central heating,26,7,19,15,2,13,5,0,5,6,5,1
S01009255,All people in households,633,131,502,507,40,467,92,58,34,34,33,1
S01009255,No central heating,25,4,21,23,3,20,1,0,1,1,1,0
S01009255,Gas central heating,502,101,401,401,29,372,73,45,28,28,27,1
S01009255,Electric (including storage heaters) central heating,93,24,69,74,8,66,14,11,3,5,5,0
S01009255,Oil central heating,2,0,2,2,0,2,0,0,0,0,0,0
S01009255,Solid fuel (for example wood coal) central heating,0,0,0,0,0,0,0,0,0,0,0,0
S01009255,Other central heating,3,0,3,3,0,3,0,0,0,0,0,0
S01009255,Two or more types of central heating,8,2,6,4,0,4,4,2,2,0,0,0
S01009256,All people in households,478,115,363,376,30,346,67,51,16,35,34,1
S01009256,No central heating,2,0,2,2,0,2,0,0,0,0,0,0
S01009256,Gas central heating,443,101,342,356,27,329,57,45,12,30,29,1
S01009256,Electric (including storage heaters) central heating,19,10,9,8,2,6,9,6,3,2,2,0
S01009256,Oil central heating,6,1,5,5,0,5,0,0,0,1,1,0
S01009256,Solid fuel (for example wood coal) central heating,0,0,0,0,0,0,0,0,0,0,0,0
S01009256,Other central heating,0,0,0,0,0,0,0,0,0,0,0,0
S01009256,Two or more types of central heating,8,3,5,5,1,4,1,0,1,2,2,0
S01009257,All people in households,640,100,540,547,33,514,69,44,25,24,23,1
S01009257,No central heating,8,0,8,6,0,6,2,0,2,0,0,0
S01009257,Gas central heating,582,87,495,502,27,475,60,40,20,20,20,0
S01009257,Electric (including storage heaters) central heating,27,8,19,19,2,17,5,3,2,3,3,0
S01009257,Oil central heating,3,1,2,3,1,2,0,0,0,0,0,0
S01009257,Solid fuel (for example wood coal) central heating,2,0,2,2,0,2,0,0,0,0,0,0
S01009257,Other central heating,3,1,2,2,0,2,1,1,0,0,0,0
S01009257,Two or more types of central heating,15,3,12,13,3,10,1,0,1,1,0,1
S01009258,All people in households,633,118,515,534,40,494,73,53,20,26,25,1
S01009258,No central heating,26,3,23,24,1,23,2,2,0,0,0,0
S01009258,Gas central heating,273,55,218,218,14,204,35,22,13,20,19,1
S01009258,Electric (including storage heaters) central heating,60,13,47,48,3,45,9,7,2,3,3,0
S01009258,Oil central heating,214,37,177,193,18,175,18,16,2,3,3,0
S01009258,Solid fuel (for example wood coal) central heating,21,6,15,17,2,15,4,4,0,0,0,0
S01009258,Other central heating,30,3,27,27,2,25,3,1,2,0,0,0
S01009258,Two or more types of central heating,9,1,8,7,0,7,2,1,1,0,0,0
S01009259,All people in households,942,149,793,812,52,760,99,69,30,31,28,3
S01009259,No central heating,2,0,2,2,0,2,0,0,0,0,0,0
S01009259,Gas central heating,903,142,761,777,48,729,96,67,29,30,27,3
S01009259,Electric (including storage heaters) central heating,15,6,9,11,3,8,3,2,1,1,1,0
S01009259,Oil central heating,8,0,8,8,0,8,0,0,0,0,0,0
S01009259,Solid fuel (for example wood coal) central heating,0,0,0,0,0,0,0,0,0,0,0,0
S01009259,Other central heating,4,1,3,4,1,3,0,0,0,0,0,0
S01009259,Two or more types of central heating,10,0,10,10,0,10,0,0,0,0,0,0
S01009260,All people in households,1121,162,959,971,61,910,115,66,49,35,35,0
S01009260,No central heating,12,6,6,11,5,6,1,1,0,0,0,0
S01009260,Gas central heating,952,123,829,822,38,784,105,60,45,25,25,0
S01009260,Electric (including storage heaters) central heating,128,24,104,116,16,100,7,3,4,5,5,0
S01009260,Oil central heating,1,1,0,0,0,0,0,0,0,1,1,0
S01009260,Solid fuel (for example wood coal) central heating,4,2,2,3,1,2,0,0,0,1,1,0
S01009260,Other central heating,1,0,1,1,0,1,0,0,0,0,0,0
S01009260,Two or more types of central heating,23,6,17,18,1,17,2,2,0,3,3,0
S01009261,All people in households,738,187,551,566,48,518,114,84,30,58,55,3
S01009261,No central heating,4,1,3,3,0,3,1,1,0,0,0,0
S01009261,Gas central heating,409,83,326,330,21,309,49,34,15,30,28,2
S01009261,Electric (including storage heaters) central heating,296,98,198,208,26,182,62,47,15,26,25,1
S01009261,Oil central heating,1,0,1,1,0,1,0,0,0,0,0,0
S01009261,Solid fuel (for example wood coal) central heating,0,0,0,0,0,0,0,0,0,0,0,0
S01009261,Other central heating,6,0,6,6,0,6,0,0,0,0,0,0
S01009261,Two or more types of central heating,22,5,17,18,1,17,2,2,0,2,2,0
S01009262,All people in households,604,146,458,461,43,418,93,56,37,50,47,3
S01009262,No central heating,2,1,1,1,0,1,0,0,0,1,1,0
S01009262,Gas central heating,527,126,401,404,38,366,81,49,32,42,39,3
S01009262,Electric (including storage heaters) central heating,40,9,31,34,3,31,4,4,0,2,2,0
S01009262,Oil central heating,0,0,0,0,0,0,0,0,0,0,0,0
S01009262,Solid fuel (for example wood coal) central heating,0,0,0,0,0,0,0,0,0,0,0,0
S01009262,Other central heating,6,3,3,2,0,2,1,0,1,3,3,0
S01009262,Two or more types of central heating,29,7,22,20,2,18,7,3,4,2,2,0
S01009263,All people in households,817,90,727,738,39,699,62,34,28,17,17,0
S01009263,No central heating,0,0,0,0,0,0,0,0,0,0,0,0
S01009263,Gas central heating,796,88,708,721,38,683,59,34,25,16,16,0
S01009263,Electric (including storage heaters) central heating,12,2,10,10,1,9,1,0,1,1,1,0
S01009263,Oil central heating,0,0,0,0,0,0,0,0,0,0,0,0
S01009263,Solid fuel (for example wood coal) central heating,0,0,0,0,0,0,0,0,0,0,0,0
S01009263,Other central heating,0,0,0,0,0,0,0,0,0,0,0,0
S01009263,Two or more types of central heating,9,0,9,7,0,7,2,0,2,0,0,0
S01009264,All people in households,517,86,431,443,31,412,55,38,17,19,17,2
S01009264,No central heating,12,1,11,9,0,9,2,0,2,1,1,0
S01009264,Gas central heating,404,69,335,350,27,323,41,30,11,13,12,1
S01009264,Electric (including storage heaters) central heating,33,8,25,24,1,23,6,4,2,3,3,0
S01009264,Oil central heating,38,4,34,36,2,34,1,1,0,1,1,0
S01009264,Solid fuel (for example wood coal) central heating,13,2,11,9,0,9,3,2,1,1,0,1
S01009264,Other central heating,5,1,4,4,0,4,1,1,0,0,0,0
S01009264,Two or more types of central heating,12,1,11,11,1,10,1,0,1,0,0,0
S01009265,All people in households,791,161,630,661,55,606,100,77,23,30,29,1
S01009265,No central heating,6,0,6,5,0,5,1,0,1,0,0,0
S01009265,Gas central heating,594,110,484,506,38,468,71,56,15,17,16,1
S01009265,Electric (including storage heaters) central heating,169,42,127,138,17,121,23,17,6,8,8,0
S01009265,Oil central heating,0,0,0,0,0,0,0,0,0,0,0,0
S01009265,Solid fuel (for example wood coal) central heating,5,2,3,2,0,2,1,0,1,2,2,0
S01009265,Other central heating,3,0,3,3,0,3,0,0,0,0,0,0
S01009265,Two or more types of central heating,14,7,7,7,0,7,4,4,0,3,3,0
S01009266,All people in households,853,202,651,681,67,614,120,84,36,52,51,1
S01009266,No central heating,0,0,0,0,0,0,0,0,0,0,0,0
S01009266,Gas central heating,774,180,594,621,60,561,107,75,32,46,45,1
S01009266,Electric (including storage heaters) central heating,44,18,26,30,5,25,8,7,1,6,6,0
S01009266,Oil central heating,0,0,0,0,0,0,0,0,0,0,0,0
S01009266,Solid fuel (for example wood coal) central heating,7,1,6,6,1,5,1,0,1,0,0,0
S01009266,Other central heating,9,2,7,8,1,7,1,1,0,0,0,0
S01009266,Two or more types of central heating,19,1,18,16,0,16,3,1,2,0,0,0
S01009267,All people in households,790,144,646,650,40,610,110,75,35,30,29,1
S01009267,No central heating,22,3,19,18,1,17,4,2,2,0,0,0
S01009267,Gas central heating,709,122,587,591,34,557,93,64,29,25,24,1
S01009267,Electric (including storage heaters) central heating,37,13,24,25,4,21,8,5,3,4,4,0
S01009267,Oil central heating,8,4,4,5,1,4,2,2,0,1,1,0
S01009267,Solid fuel (for example wood coal) central heating,0,0,0,0,0,0,0,0,0,0,0,0
S01009267,Other central heating,0,0,0,0,0,0,0,0,0,0,0,0
S01009267,Two or more types of central heating,14,2,12,11,0,11,3,2,1,0,0,0
S01009268,All people in households,1002,202,800,829,61,768,115,85,30,58,56,2
S01009268,No central heating,2,1,1,1,0,1,1,1,0,0,0,0
S01009268,Gas central heating,897,182,715,736,52,684,105,76,29,56,54,2
S01009268,Electric (including storage heaters) central heating,15,2,13,15,2,13,0,0,0,0,0,0
S01009268,Oil central heating,31,6,25,30,5,25,1,1,0,0,0,0
S01009268,Solid fuel (for example wood coal) central heating,20,9,11,13,2,11,6,6,0,1,1,0
S01009268,Other central heating,2,0,2,1,0,1,1,0,1,0,0,0
S01009268,Two or more types of central heating,35,2,33,33,0,33,1,1,0,1,1,0
S01009269,All people in households,892,196,696,710,60,650,130,85,45,52,51,1
S01009269,No central heating,4,0,4,4,0,4,0,0,0,0,0,0
S01009269,Gas central heating,822,175,647,660,53,607,118,79,39,44,43,1
S01009269,Electric (including storage heaters) central heating,22,9,13,13,1,12,4,3,1,5,5,0
S01009269,Oil central heating,11,2,9,11,2,9,0,0,0,0,0,0
S01009269,Solid fuel (for example wood coal) central heating,9,2,7,7,1,6,2,1,1,0,0,0
S01009269,Other central heating,3,2,1,2,2,0,1,0,1,0,0,0
S01009269,Two or more types of central heating,21,6,15,13,1,12,5,2,3,3,3,0
S01009270,All people in households,595,171,424,425,49,376,118,75,43,52,47,5
S01009270,No central heating,3,2,1,1,1,0,2,1,1,0,0,0
S01009270,Gas central heating,563,160,403,403,45,358,109,69,40,51,46,5
S01009270,Electric (including storage heaters) central heating,3,1,2,3,1,2,0,0,0,0,0,0
S01009270,Oil central heating,0,0,0,0,0,0,0,0,0,0,0,0
S01009270,Solid fuel (for example wood coal) central heating,4,1,3,3,0,3,0,0,0,1,1,0
S01009270,Other central heating,5,0,5,5,0,5,0,0,0,0,0,0
S01009270,Two or more types of central heating,17,7,10,10,2,8,7,5,2,0,0,0
S01009271,All people in households,885,137,748,784,59,725,69,46,23,32,32,0
S01009271,No central heating,2,0,2,1,0,1,1,0,1,0,0,0
S01009271,Gas central heating,854,134,720,756,58,698,67,45,22,31,31,0
S01009271,Electric (including storage heaters) central heating,3,2,1,2,1,1,0,0,0,1,1,0
S01009271,Oil central heating,12,0,12,12,0,12,0,0,0,0,0,0
S01009271,Solid fuel (for example wood coal) central heating,3,1,2,2,0,2,1,1,0,0,0,0
S01009271,Other central heating,2,0,2,2,0,2,0,0,0,0,0,0
S01009271,Two or more types of central heating,9,0,9,9,0,9,0,0,0,0,0,0
S01009272,All people in households,704,137,567,549,34,515,112,63,49,43,40,3
S01009272,No central heating,0,0,0,0,0,0,0,0,0,0,0,0
S01009272,Gas central heating,677,129,548,531,33,498,105,58,47,41,38,3
S01009272,Electric (including storage heaters) central heating,5,1,4,4,0,4,1,1,0,0,0,0
S01009272,Oil central heating,0,0,0,0,0,0,0,0,0,0,0,0
S01009272,Solid fuel (for example wood coal) central heating,14,5,9,8,0,8,4,3,1,2,2,0
S01009272,Other central heating,0,0,0,0,0,0,0,0,0,0,0,0
S01009272,Two or more types of central heating,8,2,6,6,1,5,2,1,1,0,0,0
S01009273,All people in households,466,88,378,399,35,364,53,39,14,14,14,0
S01009273,No central heating,1,0,1,1,0,1,0,0,0,0,0,0
S01009273,Gas central heating,401,69,332,346,28,318,45,31,14,10,10,0
S01009273,Electric (including storage heaters) central heating,14,5,9,11,2,9,2,2,0,1,1,0
S01009273,Oil central heating,37,8,29,31,2,29,4,4,0,2,2,0
S01009273,Solid fuel (for example wood coal) central heating,7,4,3,5,2,3,2,2,0,0,0,0
S01009273,Other central heating,0,0,0,0,0,0,0,0,0,0,0,0
S01009273,Two or more types of central heating,6,2,4,5,1,4,0,0,0,1,1,0
S01009274,All people in households,631,139,492,519,49,470,76,55,21,36,35,1
S01009274,No central heating,3,0,3,3,0,3,0,0,0,0,0,0
S01009274,Gas central heating,537,125,412,441,45,396,66,50,16,30,30,0
S01009274,Electric (including storage heaters) central heating,10,4,6,8,2,6,1,1,0,1,1,0
S01009274,Oil central heating,52,5,47,46,2,44,5,2,3,1,1,0
S01009274,Solid fuel (for example wood coal) central heating,14,2,12,11,0,11,1,0,1,2,2,0
S01009274,Other central heating,0,0,0,0,0,0,0,0,0,0,0,0
S01009274,Two or more types of central heating,15,3,12,10,0,10,3,2,1,2,1,1
S01009275,All people in households,579,102,477,491,31,460,58,41,17,30,30,0
S01009275,No central heating,6,0,6,6,0,6,0,0,0,0,0,0
S01009275,Gas central heating,319,67,252,262,21,241,39,28,11,18,18,0
S01009275,Electric (including storage heaters) central heating,6,1,5,4,0,4,1,0,1,1,1,0
S01009275,Oil central heating,194,24,170,174,8,166,12,8,4,8,8,0
S01009275,Solid fuel (for example wood coal) central heating,22,1,21,22,1,21,0,0,0,0,0,0
S01009275,Other central heating,17,2,15,14,0,14,2,1,1,1,1,0
S01009275,Two or more types of central heating,15,7,8,9,1,8,4,4,0,2,2,0
S01009276,All people in households,889,158,731,753,52,701,97,67,30,39,39,0
S01009276,No central heating,4,0,4,4,0,4,0,0,0,0,0,0
S01009276,Gas central heating,805,145,660,680,47,633,87,60,27,38,38,0
S01009276,Electric (including storage heaters) central heating,41,6,35,36,2,34,5,4,1,0,0,0
S01009276,Oil central heating,21,4,17,18,2,16,3,2,1,0,0,0
S01009276,Solid fuel (for example wood coal) central heating,2,2,0,0,0,0,1,1,0,1,1,0
S01009276,Other central heating,5,0,5,5,0,5,0,0,0,0,0,0
S01009276,Two or more types of central heating,11,1,10,10,1,9,1,0,1,0,0,0
S01009277,All people in households,527,82,445,460,38,422,54,31,23,13,13,0
S01009277,No central heating,1,0,1,1,0,1,0,0,0,0,0,0
S01009277,Gas central heating,326,54,272,280,24,256,35,19,16,11,11,0
S01009277,Electric (including storage heaters) central heating,19,3,16,17,2,15,2,1,1,0,0,0
S01009277,Oil central heating,110,13,97,102,7,95,8,6,2,0,0,0
S01009277,Solid fuel (for example wood coal) central heating,8,4,4,4,1,3,4,3,1,0,0,0
S01009277,Other central heating,26,4,22,23,3,20,2,0,2,1,1,0
S01009277,Two or more types of central heating,37,4,33,33,1,32,3,2,1,1,1,0
S01009278,All people in households,559,90,469,494,36,458,51,40,11,14,14,0
S01009278,No central heating,3,2,1,1,0,1,2,2,0,0,0,0
S01009278,Gas central heating,531,82,449,472,33,439,46,36,10,13,13,0
S01009278,Electric (including storage heaters) central heating,20,5,15,17,2,15,2,2,0,1,1,0
S01009278,Oil central heating,0,0,0,0,0,0,0,0,0,0,0,0
S01009278,Solid fuel (for example wood coal) central heating,1,1,0,1,1,0,0,0,0,0,0,0
S01009278,Other central heating,0,0,0,0,0,0,0,0,0,0,0,0
S01009278,Two or more types of central heating,4,0,4,3,0,3,1,0,1,0,0,0
S01009279,All people in households,584,132,452,465,38,427,80,55,25,39,39,0
S01009279,No central heating,4,1,3,3,0,3,0,0,0,1,1,0
S01009279,Gas central heating,470,106,364,371,30,341,67,44,23,32,32,0
S01009279,Electric (including storage heaters) central heating,37,8,29,29,2,27,7,5,2,1,1,0
S01009279,Oil central heating,42,9,33,36,3,33,3,3,0,3,3,0
S01009279,Solid fuel (for example wood coal) central heating,11,3,8,9,1,8,1,1,0,1,1,0
S01009279,Other central heating,7,0,7,7,0,7,0,0,0,0,0,0
S01009279,Two or more types of central heating,13,5,8,10,2,8,2,2,0,1,1,0
S01009280,All people in households,898,260,638,646,57,589,146,100,46,106,103,3
S01009280,No central heating,4,2,2,2,1,1,2,1,1,0,0,0
S01009280,Gas central heating,849,239,610,619,54,565,132,90,42,98,95,3
S01009280,Electric (including storage heaters) central heating,14,7,7,8,1,7,2,2,0,4,4,0
S01009280,Oil central heating,0,0,0,0,0,0,0,0,0,0,0,0
S01009280,Solid fuel (for example wood coal) central heating,14,7,7,5,0,5,6,4,2,3,3,0
S01009280,Other central heating,0,0,0,0,0,0,0,0,0,0,0,0
S01009280,Two or more types of central heating,17,5,12,12,1,11,4,3,1,1,1,0
S01009281,All people in households,826,251,575,600,50,550,131,107,24,95,94,1
S01009281,No central heating,2,0,2,2,0,2,0,0,0,0,0,0
S01009281,Gas central heating,783,236,547,572,48,524,124,102,22,87,86,1
S01009281,Electric (including storage heaters) central heating,10,4,6,5,0,5,2,1,1,3,3,0
S01009281,Oil central heating,0,0,0,0,0,0,0,0,0,0,0,0
S01009281,Solid fuel (for example wood coal) central heating,8,4,4,6,2,4,2,2,0,0,0,0
S01009281,Other central heating,3,1,2,2,0,2,1,1,0,0,0,0
S01009281,Two or more types of central heating,20,6,14,13,0,13,2,1,1,5,5,0
S01009282,All people in households,737,164,573,606,57,549,99,75,24,32,32,0
S01009282,No central heating,10,1,9,7,0,7,2,0,2,1,1,0
S01009282,Gas central heating,630,134,496,520,46,474,83,61,22,27,27,0
S01009282,Electric (including storage heaters) central heating,20,8,12,17,5,12,2,2,0,1,1,0
S01009282,Oil central heating,51,14,37,42,5,37,8,8,0,1,1,0
S01009282,Solid fuel (for example wood coal) central heating,6,0,6,6,0,6,0,0,0,0,0,0
S01009282,Other central heating,7,4,3,3,0,3,2,2,0,2,2,0
S01009282,Two or more types of central heating,13,3,10,11,1,10,2,2,0,0,0,0
S01009283,All people in households,444,59,385,396,22,374,34,23,11,14,14,0
S01009283,No central heating,31,3,28,26,1,25,3,0,3,2,2,0
S01009283,Gas central heating,118,14,104,111,9,102,5,3,2,2,2,0
S01009283,Electric (including storage heaters) central heating,118,24,94,98,6,92,14,12,2,6,6,0
S01009283,Oil central heating,137,16,121,124,5,119,9,7,2,4,4,0
S01009283,Solid fuel (for example wood coal) central heating,19,1,18,17,0,17,2,1,1,0,0,0
S01009283,Other central heating,8,0,8,8,0,8,0,0,0,0,0,0
S01009283,Two or more types of central heating,13,1,12,12,1,11,1,0,1,0,0,0
S01009284,All people in households,822,106,716,736,41,695,58,39,19,28,26,2
S01009284,No central heating,4,2,2,2,0,2,2,2,0,0,0,0
S01009284,Gas central heating,779,93,686,705,38,667,51,34,17,23,21,2
S01009284,Electric (including storage heaters) central heating,30,6,24,25,2,23,2,1,1,3,3,0
S01009284,Oil central heating,8,4,4,4,1,3,2,1,1,2,2,0
S01009284,Solid fuel (for example wood coal) central heating,1,1,0,0,0,0,1,1,0,0,0,0
S01009284,Other central heating,0,0,0,0,0,0,0,0,0,0,0,0
S01009284,Two or more types of central heating,0,0,0,0,0,0,0,0,0,0,0,0
S01009285,All people in households,906,108,798,806,43,763,85,50,35,15,15,0
S01009285,No central heating,1,1,0,1,1,0,0,0,0,0,0,0
S01009285,Gas central heating,890,105,785,791,41,750,85,50,35,14,14,0
S01009285,Electric (including storage heaters) central heating,13,2,11,12,1,11,0,0,0,1,1,0
S01009285,Oil central heating,0,0,0,0,0,0,0,0,0,0,0,0
S01009285,Solid fuel (for example wood coal) central heating,0,0,0,0,0,0,0,0,0,0,0,0
S01009285,Other central heating,0,0,0,0,0,0,0,0,0,0,0,0
S01009285,Two or more types of central heating,2,0,2,2,0,2,0,0,0,0,0,0
S01009286,All people in households,737,127,610,630,46,584,76,54,22,31,27,4
S01009286,No central heating,10,0,10,10,0,10,0,0,0,0,0,0
S01009286,Gas central heating,666,112,554,572,41,531,70,50,20,24,21,3
S01009286,Electric (including storage heaters) central heating,51,13,38,40,5,35,5,3,2,6,5,1
S01009286,Oil central heating,0,0,0,0,0,0,0,0,0,0,0,0
S01009286,Solid fuel (for example wood coal) central heating,4,1,3,3,0,3,1,1,0,0,0,0
S01009286,Other central heating,2,0,2,2,0,2,0,0,0,0,0,0
S01009286,Two or more types of central heating,4,1,3,3,0,3,0,0,0,1,1,0
S01009287,All people in households,754,145,609,656,63,593,84,68,16,14,14,0
S01009287,No central heating,2,1,1,1,0,1,1,1,0,0,0,0
S01009287,Gas central heating,721,133,588,630,58,572,79,63,16,12,12,0
S01009287,Electric (including storage heaters) central heating,9,5,4,5,1,4,2,2,0,2,2,0
S01009287,Oil central heating,4,1,3,4,1,3,0,0,0,0,0,0
S01009287,Solid fuel (for example wood coal) central heating,0,0,0,0,0,0,0,0,0,0,0,0
S01009287,Other central heating,4,0,4,4,0,4,0,0,0,0,0,0
S01009287,Two or more types of central heating,14,5,9,12,3,9,2,2,0,0,0,0
S01009288,All people in households,829,166,663,704,65,639,99,77,22,26,24,2
S01009288,No central heating,6,1,5,5,0,5,0,0,0,1,1,0
S01009288,Gas central heating,724,138,586,627,58,569,77,60,17,20,20,0
S01009288,Electric (including storage heaters) central heating,27,12,15,17,4,13,6,6,0,4,2,2
S01009288,Oil central heating,46,9,37,34,1,33,12,8,4,0,0,0
S01009288,Solid fuel (for example wood coal) central heating,7,2,5,6,2,4,1,0,1,0,0,0
S01009288,Other central heating,6,0,6,6,0,6,0,0,0,0,0,0
S01009288,Two or more types of central heating,13,4,9,9,0,9,3,3,0,1,1,0
S01009289,All people in households,871,169,702,737,66,671,100,70,30,34,33,1
S01009289,No central heating,2,0,2,1,0,1,1,0,1,0,0,0
S01009289,Gas central heating,823,159,664,698,62,636,93,66,27,32,31,1
S01009289,Electric (including storage heaters) central heating,22,8,14,17,3,14,3,3,0,2,2,0
S01009289,Oil central heating,3,0,3,2,0,2,1,0,1,0,0,0
S01009289,Solid fuel (for example wood coal) central heating,2,0,2,2,0,2,0,0,0,0,0,0
S01009289,Other central heating,7,0,7,7,0,7,0,0,0,0,0,0
S01009289,Two or more types of central heating,12,2,10,10,1,9,2,1,1,0,0,0
S01009290,All people in households,646,116,530,576,59,517,49,36,13,21,21,0
S01009290,No central heating,1,1,0,1,1,0,0,0,0,0,0,0
S01009290,Gas central heating,621,106,515,559,56,503,44,32,12,18,18,0
S01009290,Electric (including storage heaters) central heating,8,6,2,4,2,2,3,3,0,1,1,0
S01009290,Oil central heating,0,0,0,0,0,0,0,0,0,0,0,0
S01009290,Solid fuel (for example wood coal) central heating,2,1,1,1,0,1,0,0,0,1,1,0
S01009290,Other central heating,0,0,0,0,0,0,0,0,0,0,0,0
S01009290,Two or more types of central heating,14,2,12,11,0,11,2,1,1,1,1,0
S01009291,All people in households,979,148,831,852,49,803,101,73,28,26,26,0
S01009291,No central heating,4,1,3,3,0,3,1,1,0,0,0,0
S01009291,Gas central heating,965,141,824,844,48,796,99,71,28,22,22,0
S01009291,Electric (including storage heaters) central heating,4,2,2,2,0,2,1,1,0,1,1,0
S01009291,Oil central heating,2,1,1,1,0,1,0,0,0,1,1,0
S01009291,Solid fuel (for example wood coal) central heating,0,0,0,0,0,0,0,0,0,0,0,0
S01009291,Other central heating,0,0,0,0,0,0,0,0,0,0,0,0
S01009291,Two or more types of central heating,4,3,1,2,1,1,0,0,0,2,2,0
S01009292,All people in households,511,132,379,393,39,354,89,65,24,29,28,1
S01009292,No central heating,5,1,4,4,0,4,1,1,0,0,0,0
S01009292,Gas central heating,486,123,363,374,35,339,86,63,23,26,25,1
S01009292,Electric (including storage heaters) central heating,13,3,10,11,2,9,2,1,1,0,0,0
S01009292,Oil central heating,1,1,0,0,0,0,0,0,0,1,1,0
S01009292,Solid fuel (for example wood coal) central heating,0,0,0,0,0,0,0,0,0,0,0,0
S01009292,Other central heating,0,0,0,0,0,0,0,0,0,0,0,0
S01009292,Two or more types of central heating,6,4,2,4,2,2,0,0,0,2,2,0
S01009293,All people in households,723,128,595,608,41,567,75,47,28,40,40,0
S01009293,No central heating,0,0,0,0,0,0,0,0,0,0,0,0
S01009293,Gas central heating,701,119,582,595,37,558,70,46,24,36,36,0
S01009293,Electric (including storage heaters) central heating,15,7,8,10,4,6,3,1,2,2,2,0
S01009293,Oil central heating,0,0,0,0,0,0,0,0,0,0,0,0
S01009293,Solid fuel (for example wood coal) central heating,0,0,0,0,0,0,0,0,0,0,0,0
S01009293,Other central heating,2,2,0,0,0,0,0,0,0,2,2,0
S01009293,Two or more types of central heating,5,0,5,3,0,3,2,0,2,0,0,0
S01009294,All people in households,506,56,450,462,29,433,33,16,17,11,11,0
S01009294,No central heating,0,0,0,0,0,0,0,0,0,0,0,0
S01009294,Gas central heating,475,49,426,438,29,409,29,12,17,8,8,0
S01009294,Electric (including storage heaters) central heating,17,4,13,13,0,13,3,3,0,1,1,0
S01009294,Oil central heating,7,3,4,4,0,4,1,1,0,2,2,0
S01009294,Solid fuel (for example wood coal) central heating,0,0,0,0,0,0,0,0,0,0,0,0
S01009294,Other central heating,0,0,0,0,0,0,0,0,0,0,0,0
S01009294,Two or more types of central heating,7,0,7,7,0,7,0,0,0,0,0,0
S01009295,All people in households,611,90,521,531,35,496,65,40,25,15,15,0
S01009295,No central heating,0,0,0,0,0,0,0,0,0,0,0,0
S01009295,Gas central heating,597,86,511,523,35,488,60,37,23,14,14,0
S01009295,Electric (including storage heaters) central heating,8,3,5,4,0,4,4,3,1,0,0,0
S01009295,Oil central heating,2,1,1,1,0,1,0,0,0,1,1,0
S01009295,Solid fuel (for example wood coal) central heating,0,0,0,0,0,0,0,0,0,0,0,0
S01009295,Other central heating,0,0,0,0,0,0,0,0,0,0,0,0
S01009295,Two or more types of central heating,4,0,4,3,0,3,1,0,1,0,0,0
S01009296,All people in households,506,66,440,453,25,428,40,29,11,13,12,1
S01009296,No central heating,0,0,0,0,0,0,0,0,0,0,0,0
S01009296,Gas central heating,477,63,414,427,25,402,37,26,11,13,12,1
S01009296,Electric (including storage heaters) central heating,20,1,19,19,0,19,1,1,0,0,0,0
S01009296,Oil central heating,0,0,0,0,0,0,0,0,0,0,0,0
S01009296,Solid fuel (for example wood coal) central heating,2,0,2,2,0,2,0,0,0,0,0,0
S01009296,Other central heating,0,0,0,0,0,0,0,0,0,0,0,0
S01009296,Two or more types of central heating,7,2,5,5,0,5,2,2,0,0,0,0
S01009297,All people in households,826,95,731,755,40,715,54,39,15,17,16,1
S01009297,No central heating,11,1,10,9,1,8,1,0,1,1,0,1
S01009297,Gas central heating,778,84,694,716,36,680,49,35,14,13,13,0
S01009297,Electric (including storage heaters) central heating,21,7,14,17,3,14,1,1,0,3,3,0
S01009297,Oil central heating,6,2,4,4,0,4,2,2,0,0,0,0
S01009297,Solid fuel (for example wood coal) central heating,1,0,1,1,0,1,0,0,0,0,0,0
S01009297,Other central heating,0,0,0,0,0,0,0,0,0,0,0,0
S01009297,Two or more types of central heating,9,1,8,8,0,8,1,1,0,0,0,0
S01009298,All people in households,971,288,683,689,62,627,193,139,54,89,87,2
S01009298,No central heating,13,6,7,7,0,7,4,4,0,2,2,0
S01009298,Gas central heating,703,201,502,504,42,462,140,101,39,59,58,1
S01009298,Electric (including storage heaters) central heating,236,75,161,164,19,145,46,31,15,26,25,1
S01009298,Oil central heating,0,0,0,0,0,0,0,0,0,0,0,0
S01009298,Solid fuel (for example wood coal) central heating,4,2,2,2,0,2,1,1,0,1,1,0
S01009298,Other central heating,2,1,1,1,0,1,1,1,0,0,0,0
S01009298,Two or more types of central heating,13,3,10,11,1,10,1,1,0,1,1,0
S01009299,All people in households,972,165,807,833,52,781,93,69,24,46,44,2
S01009299,No central heating,9,1,8,9,1,8,0,0,0,0,0,0
S01009299,Gas central heating,819,129,690,712,40,672,72,56,16,35,33,2
S01009299,Electric (including storage heaters) central heating,105,31,74,79,11,68,18,12,6,8,8,0
S01009299,Oil central heating,5,0,5,5,0,5,0,0,0,0,0,0
S01009299,Solid fuel (for example wood coal) central heating,2,0,2,2,0,2,0,0,0,0,0,0
S01009299,Other central heating,4,0,4,4,0,4,0,0,0,0,0,0
S01009299,Two or more types of central heating,28,4,24,22,0,22,3,1,2,3,3,0
S01009300,All people in households,510,94,416,421,36,385,68,39,29,21,19,2
S01009300,No central heating,15,1,14,10,0,10,5,1,4,0,0,0
S01009300,Gas central heating,438,76,362,373,33,340,51,30,21,14,13,1
S01009300,Electric (including storage heaters) central heating,38,12,26,25,2,23,6,4,2,7,6,1
S01009300,Oil central heating,0,0,0,0,0,0,0,0,0,0,0,0
S01009300,Solid fuel (for example wood coal) central heating,1,1,0,1,1,0,0,0,0,0,0,0
S01009300,Other central heating,1,0,1,1,0,1,0,0,0,0,0,0
S01009300,Two or more types of central heating,17,4,13,11,0,11,6,4,2,0,0,0
S01009301,All people in households,921,199,722,719,50,669,128,76,52,74,73,1
S01009301,No central heating,14,6,8,6,1,5,5,2,3,3,3,0
S01009301,Gas central heating,690,133,557,561,35,526,81,51,30,48,47,1
S01009301,Electric (including storage heaters) central heating,121,30,91,92,11,81,20,10,10,9,9,0
S01009301,Oil central heating,4,0,4,4,0,4,0,0,0,0,0,0
S01009301,Solid fuel (for example wood coal) central heating,0,0,0,0,0,0,0,0,0,0,0,0
S01009301,Other central heating,72,27,45,41,2,39,18,12,6,13,13,0
S01009301,Two or more types of central heating,20,3,17,15,1,14,4,1,3,1,1,0
S01009302,All people in households,845,193,652,643,53,590,133,78,55,69,62,7
S01009302,No central heating,11,2,9,7,0,7,2,1,1,2,1,1
S01009302,Gas central heating,730,150,580,571,42,529,107,60,47,52,48,4
S01009302,Electric (including storage heaters) central heating,61,28,33,32,7,25,19,13,6,10,8,2
S01009302,Oil central heating,1,1,0,0,0,0,0,0,0,1,1,0
S01009302,Solid fuel (for example wood coal) central heating,9,6,3,4,1,3,3,3,0,2,2,0
S01009302,Other central heating,0,0,0,0,0,0,0,0,0,0,0,0
S01009302,Two or more types of central heating,33,6,27,29,3,26,2,1,1,2,2,0
S01009303,All people in households,717,127,590,602,43,559,87,56,31,28,28,0
S01009303,No central heating,2,0,2,2,0,2,0,0,0,0,0,0
S01009303,Gas central heating,667,109,558,566,36,530,75,47,28,26,26,0
S01009303,Electric (including storage heaters) central heating,26,12,14,17,4,13,7,6,1,2,2,0
S01009303,Oil central heating,1,0,1,0,0,0,1,0,1,0,0,0
S01009303,Solid fuel (for example wood coal) central heating,0,0,0,0,0,0,0,0,0,0,0,0
S01009303,Other central heating,2,2,0,0,0,0,2,2,0,0,0,0
S01009303,Two or more types of central heating,19,4,15,17,3,14,2,1,1,0,0,0
S01009304,All people in households,964,157,807,825,54,771,106,70,36,33,33,0
S01009304,No central heating,2,2,0,0,0,0,0,0,0,2,2,0
S01009304,Gas central heating,889,137,752,764,46,718,96,62,34,29,29,0
S01009304,Electric (including storage heaters) central heating,19,9,10,15,5,10,4,4,0,0,0,0
S01009304,Oil central heating,9,2,7,8,1,7,1,1,0,0,0,0
S01009304,Solid fuel (for example wood coal) central heating,0,0,0,0,0,0,0,0,0,0,0,0
S01009304,Other central heating,10,0,10,10,0,10,0,0,0,0,0,0
S01009304,Two or more types of central heating,35,7,28,28,2,26,5,3,2,2,2,0
S01009305,All people in households,736,182,554,569,49,520,120,87,33,47,46,1
S01009305,No central heating,4,0,4,4,0,4,0,0,0,0,0,0
S01009305,Gas central heating,685,163,522,537,46,491,108,78,30,40,39,1
S01009305,Electric (including storage heaters) central heating,33,13,20,18,1,17,10,7,3,5,5,0
S01009305,Oil central heating,4,1,3,3,0,3,1,1,0,0,0,0
S01009305,Solid fuel (for example wood coal) central heating,2,1,1,2,1,1,0,0,0,0,0,0
S01009305,Other central heating,3,1,2,2,0,2,0,0,0,1,1,0
S01009305,Two or more types of central heating,5,3,2,3,1,2,1,1,0,1,1,0
S01009306,All people in households,1094,193,901,919,66,853,123,75,48,52,52,0
S01009306,No central heating,7,2,5,4,0,4,1,0,1,2,2,0
S01009306,Gas central heating,990,164,826,843,59,784,102,60,42,45,45,0
S01009306,Electric (including storage heaters) central heating,56,20,36,35,4,31,16,11,5,5,5,0
S01009306,Oil central heating,1,1,0,1,1,0,0,0,0,0,0,0
S01009306,Solid fuel (for example wood coal) central heating,6,2,4,4,0,4,2,2,0,0,0,0
S01009306,Other central heating,0,0,0,0,0,0,0,0,0,0,0,0
S01009306,Two or more types of central heating,34,4,30,32,2,30,2,2,0,0,0,0
S01009307,All people in households,979,159,820,832,55,777,113,71,42,34,33,1
S01009307,No central heating,38,4,34,33,2,31,4,1,3,1,1,0
S01009307,Gas central heating,812,134,678,694,46,648,94,65,29,24,23,1
S01009307,Electric (including storage heaters) central heating,108,19,89,84,5,79,15,5,10,9,9,0
S01009307,Oil central heating,5,0,5,5,0,5,0,0,0,0,0,0
S01009307,Solid fuel (for example wood coal) central heating,0,0,0,0,0,0,0,0,0,0,0,0
S01009307,Other central heating,3,1,2,3,1,2,0,0,0,0,0,0
S01009307,Two or more types of central heating,13,1,12,13,1,12,0,0,0,0,0,0
S01009308,All people in households,513,82,431,439,26,413,55,39,16,19,17,2
S01009308,No central heating,4,1,3,3,0,3,0,0,0,1,1,0
S01009308,Gas central heating,392,44,348,350,15,335,32,20,12,10,9,1
S01009308,Electric (including storage heaters) central heating,115,37,78,84,11,73,23,19,4,8,7,1
S01009308,Oil central heating,0,0,0,0,0,0,0,0,0,0,0,0
S01009308,Solid fuel (for example wood coal) central heating,0,0,0,0,0,0,0,0,0,0,0,0
S01009308,Other central heating,0,0,0,0,0,0,0,0,0,0,0,0
S01009308,Two or more types of central heating,2,0,2,2,0,2,0,0,0,0,0,0
S01009309,All people in households,726,106,620,629,39,590,73,44,29,24,23,1
S01009309,No central heating,18,2,16,15,0,15,2,1,1,1,1,0
S01009309,Gas central heating,554,88,466,480,33,447,54,36,18,20,19,1
S01009309,Electric (including storage heaters) central heating,125,14,111,107,5,102,16,7,9,2,2,0
S01009309,Oil central heating,0,0,0,0,0,0,0,0,0,0,0,0
S01009309,Solid fuel (for example wood coal) central heating,0,0,0,0,0,0,0,0,0,0,0,0
S01009309,Other central heating,1,1,0,0,0,0,0,0,0,1,1,0
S01009309,Two or more types of central heating,28,1,27,27,1,26,1,0,1,0,0,0
S01009310,All people in households,891,135,756,781,56,725,87,56,31,23,23,0
S01009310,No central heating,3,1,2,2,0,2,1,1,0,0,0,0
S01009310,Gas central heating,857,128,729,752,53,699,83,53,30,22,22,0
S01009310,Electric (including storage heaters) central heating,21,2,19,19,1,18,1,0,1,1,1,0
S01009310,Oil central heating,1,1,0,1,1,0,0,0,0,0,0,0
S01009310,Solid fuel (for example wood coal) central heating,0,0,0,0,0,0,0,0,0,0,0,0
S01009310,Other central heating,0,0,0,0,0,0,0,0,0,0,0,0
S01009310,Two or more types of central heating,9,3,6,7,1,6,2,2,0,0,0,0
S01009311,All people in households,753,178,575,595,53,542,101,71,30,57,54,3
S01009311,No central heating,2,1,1,1,0,1,0,0,0,1,1,0
S01009311,Gas central heating,706,163,543,565,50,515,93,65,28,48,48,0
S01009311,Electric (including storage heaters) central heating,12,8,4,6,2,4,4,4,0,2,2,0
S01009311,Oil central heating,0,0,0,0,0,0,0,0,0,0,0,0
S01009311,Solid fuel (for example wood coal) central heating,6,0,6,6,0,6,0,0,0,0,0,0
S01009311,Other central heating,4,1,3,4,1,3,0,0,0,0,0,0
S01009311,Two or more types of central heating,23,5,18,13,0,13,4,2,2,6,3,3
S01009312,All people in households,650,103,547,557,37,520,67,43,24,26,23,3
S01009312,No central heating,18,2,16,16,1,15,1,0,1,1,1,0
S01009312,Gas central heating,541,82,459,464,26,438,56,36,20,21,20,1
S01009312,Electric (including storage heaters) central heating,73,16,57,61,9,52,9,6,3,3,1,2
S01009312,Oil central heating,0,0,0,0,0,0,0,0,0,0,0,0
S01009312,Solid fuel (for example wood coal) central heating,0,0,0,0,0,0,0,0,0,0,0,0
S01009312,Other central heating,0,0,0,0,0,0,0,0,0,0,0,0
S01009312,Two or more types of central heating,18,3,15,16,1,15,1,1,0,1,1,0
S01009313,All people in households,542,152,390,419,53,366,81,59,22,42,40,2
S01009313,No central heating,0,0,0,0,0,0,0,0,0,0,0,0
S01009313,Gas central heating,466,115,351,370,40,330,63,44,19,33,31,2
S01009313,Electric (including storage heaters) central heating,63,35,28,38,12,26,17,15,2,8,8,0
S01009313,Oil central heating,2,0,2,2,0,2,0,0,0,0,0,0
S01009313,Solid fuel (for example wood coal) central heating,0,0,0,0,0,0,0,0,0,0,0,0
S01009313,Other central heating,0,0,0,0,0,0,0,0,0,0,0,0
S01009313,Two or more types of central heating,11,2,9,9,1,8,1,0,1,1,1,0
S01009314,All people in households,650,105,545,560,43,517,59,34,25,31,28,3
S01009314,No central heating,3,0,3,3,0,3,0,0,0,0,0,0
S01009314,Gas central heating,611,98,513,530,41,489,52,31,21,29,26,3
S01009314,Electric (including storage heaters) central heating,26,6,20,19,2,17,5,2,3,2,2,0
S01009314,Oil central heating,0,0,0,0,0,0,0,0,0,0,0,0
S01009314,Solid fuel (for example wood coal) central heating,0,0,0,0,0,0,0,0,0,0,0,0
S01009314,Other central heating,1,0,1,1,0,1,0,0,0,0,0,0
S01009314,Two or more types of central heating,9,1,8,7,0,7,2,1,1,0,0,0
S01009315,All people in households,616,155,461,477,48,429,99,68,31,40,39,1
S01009315,No central heating,2,2,0,1,1,0,1,1,0,0,0,0
S01009315,Gas central heating,574,139,435,452,46,406,91,62,29,31,31,0
S01009315,Electric (including storage heaters) central heating,18,7,11,10,0,10,3,3,0,5,4,1
S01009315,Oil central heating,0,0,0,0,0,0,0,0,0,0,0,0
S01009315,Solid fuel (for example wood coal) central heating,0,0,0,0,0,0,0,0,0,0,0,0
S01009315,Other central heating,0,0,0,0,0,0,0,0,0,0,0,0
S01009315,Two or more types of central heating,22,7,15,14,1,13,4,2,2,4,4,0
S01009316,All people in households,749,85,664,684,39,645,56,37,19,9,9,0
S01009316,No central heating,1,1,0,1,1,0,0,0,0,0,0,0
S01009316,Gas central heating,716,79,637,653,35,618,54,35,19,9,9,0
S01009316,Electric (including storage heaters) central heating,18,5,13,16,3,13,2,2,0,0,0,0
S01009316,Oil central heating,0,0,0,0,0,0,0,0,0,0,0,0
S01009316,Solid fuel (for example wood coal) central heating,0,0,0,0,0,0,0,0,0,0,0,0
S01009316,Other central heating,1,0,1,1,0,1,0,0,0,0,0,0
S01009316,Two or more types of central heating,13,0,13,13,0,13,0,0,0,0,0,0
S01009317,All people in households,847,120,727,751,47,704,79,57,22,17,16,1
S01009317,No central heating,1,0,1,1,0,1,0,0,0,0,0,0
S01009317,Gas central heating,823,108,715,735,42,693,73,52,21,15,14,1
S01009317,Electric (including storage heaters) central heating,7,6,1,4,3,1,1,1,0,2,2,0
S01009317,Oil central heating,2,0,2,2,0,2,0,0,0,0,0,0
S01009317,Solid fuel (for example wood coal) central heating,3,1,2,3,1,2,0,0,0,0,0,0
S01009317,Other central heating,0,0,0,0,0,0,0,0,0,0,0,0
S01009317,Two or more types of central heating,11,5,6,6,1,5,5,4,1,0,0,0
S01009318,All people in households,619,63,556,560,24,536,42,24,18,17,15,2
S01009318,No central heating,3,0,3,1,0,1,0,0,0,2,0,2
S01009318,Gas central heating,590,58,532,538,24,514,38,20,18,14,14,0
S01009318,Electric (including storage heaters) central heating,11,4,7,7,0,7,3,3,0,1,1,0
S01009318,Oil central heating,2,0,2,2,0,2,0,0,0,0,0,0
S01009318,Solid fuel (for example wood coal) central heating,0,0,0,0,0,0,0,0,0,0,0,0
S01009318,Other central heating,0,0,0,0,0,0,0,0,0,0,0,0
S01009318,Two or more types of central heating,13,1,12,12,0,12,1,1,0,0,0,0
S01009319,All people in households,903,190,713,753,68,685,118,92,26,32,30,2
S01009319,No central heating,0,0,0,0,0,0,0,0,0,0,0,0
S01009319,Gas central heating,852,169,683,716,59,657,107,83,24,29,27,2
S01009319,Electric (including storage heaters) central heating,38,18,20,26,8,18,9,7,2,3,3,0
S01009319,Oil central heating,4,2,2,2,0,2,2,2,0,0,0,0
S01009319,Solid fuel (for example wood coal) central heating,2,1,1,2,1,1,0,0,0,0,0,0
S01009319,Other central heating,0,0,0,0,0,0,0,0,0,0,0,0
S01009319,Two or more types of central heating,7,0,7,7,0,7,0,0,0,0,0,0
S01009320,All people in households,704,189,515,539,48,491,104,80,24,61,61,0
S01009320,No central heating,1,0,1,1,0,1,0,0,0,0,0,0
S01009320,Gas central heating,645,158,487,505,39,466,91,70,21,49,49,0
S01009320,Electric (including storage heaters) central heating,39,19,20,24,7,17,11,8,3,4,4,0
S01009320,Oil central heating,2,2,0,1,1,0,0,0,0,1,1,0
S01009320,Solid fuel (for example wood coal) central heating,6,5,1,2,1,1,0,0,0,4,4,0
S01009320,Other central heating,0,0,0,0,0,0,0,0,0,0,0,0
S01009320,Two or more types of central heating,11,5,6,6,0,6,2,2,0,3,3,0
S01009321,All people in households,676,115,561,587,52,535,67,43,24,22,20,2
S01009321,No central heating,0,0,0,0,0,0,0,0,0,0,0,0
S01009321,Gas central heating,655,111,544,568,50,518,67,43,24,20,18,2
S01009321,Electric (including storage heaters) central heating,7,0,7,7,0,7,0,0,0,0,0,0
S01009321,Oil central heating,2,0,2,2,0,2,0,0,0,0,0,0
S01009321,Solid fuel (for example wood coal) central heating,0,0,0,0,0,0,0,0,0,0,0,0
S01009321,Other central heating,0,0,0,0,0,0,0,0,0,0,0,0
S01009321,Two or more types of central heating,12,4,8,10,2,8,0,0,0,2,2,0
S01009322,All people in households,798,166,632,656,55,601,98,68,30,44,43,1
S01009322,No central heating,0,0,0,0,0,0,0,0,0,0,0,0
S01009322,Gas central heating,669,134,535,554,45,509,81,56,25,34,33,1
S01009322,Electric (including storage heaters) central heating,27,7,20,20,2,18,3,1,2,4,4,0
S01009322,Oil central heating,86,20,66,72,8,64,11,9,2,3,3,0
S01009322,Solid fuel (for example wood coal) central heating,1,0,1,1,0,1,0,0,0,0,0,0
S01009322,Other central heating,6,1,5,5,0,5,0,0,0,1,1,0
S01009322,Two or more types of central heating,9,4,5,4,0,4,3,2,1,2,2,0
S01009323,All people in households,622,146,476,499,48,451,91,66,25,32,32,0
S01009323,No central heating,6,3,3,3,0,3,3,3,0,0,0,0
S01009323,Gas central heating,578,136,442,467,44,423,79,60,19,32,32,0
S01009323,Electric (including storage heaters) central heating,18,4,14,14,3,11,4,1,3,0,0,0
S01009323,Oil central heating,4,0,4,4,0,4,0,0,0,0,0,0
S01009323,Solid fuel (for example wood coal) central heating,5,2,3,2,0,2,3,2,1,0,0,0
S01009323,Other central heating,0,0,0,0,0,0,0,0,0,0,0,0
S01009323,Two or more types of central heating,11,1,10,9,1,8,2,0,2,0,0,0
S01009324,All people in households,528,118,410,424,37,387,69,46,23,35,35,0
S01009324,No central heating,9,1,8,7,1,6,2,0,2,0,0,0
S01009324,Gas central heating,485,108,377,394,35,359,62,44,18,29,29,0
S01009324,Electric (including storage heaters) central heating,30,7,23,22,1,21,2,0,2,6,6,0
S01009324,Oil central heating,0,0,0,0,0,0,0,0,0,0,0,0
S01009324,Solid fuel (for example wood coal) central heating,0,0,0,0,0,0,0,0,0,0,0,0
S01009324,Other central heating,0,0,0,0,0,0,0,0,0,0,0,0
S01009324,Two or more types of central heating,4,2,2,1,0,1,3,2,1,0,0,0
S01009325,All people in households,730,83,647,662,28,634,46,33,13,22,22,0
S01009325,No central heating,1,0,1,1,0,1,0,0,0,0,0,0
S01009325,Gas central heating,533,57,476,483,18,465,35,24,11,15,15,0
S01009325,Electric (including storage heaters) central heating,91,12,79,82,4,78,6,5,1,3,3,0
S01009325,Oil central heating,65,11,54,58,5,53,4,3,1,3,3,0
S01009325,Solid fuel (for example wood coal) central heating,13,0,13,13,0,13,0,0,0,0,0,0
S01009325,Other central heating,15,2,13,14,1,13,1,1,0,0,0,0
S01009325,Two or more types of central heating,12,1,11,11,0,11,0,0,0,1,1,0
S01009326,All people in households,602,64,538,548,22,526,45,34,11,9,8,1
S01009326,No central heating,0,0,0,0,0,0,0,0,0,0,0,0
S01009326,Gas central heating,591,60,531,541,22,519,42,31,11,8,7,1
S01009326,Electric (including storage heaters) central heating,0,0,0,0,0,0,0,0,0,0,0,0
S01009326,Oil central heating,3,1,2,2,0,2,1,1,0,0,0,0
S01009326,Solid fuel (for example wood coal) central heating,0,0,0,0,0,0,0,0,0,0,0,0
S01009326,Other central heating,0,0,0,0,0,0,0,0,0,0,0,0
S01009326,Two or more types of central heating,8,3,5,5,0,5,2,2,0,1,1,0
S01009327,All people in households,579,116,463,497,47,450,58,48,10,24,21,3
S01009327,No central heating,2,0,2,1,0,1,1,0,1,0,0,0
S01009327,Gas central heating,546,110,436,472,47,425,51,43,8,23,20,3
S01009327,Electric (including storage heaters) central heating,10,3,7,6,0,6,4,3,1,0,0,0
S01009327,Oil central heating,4,3,1,1,0,1,2,2,0,1,1,0
S01009327,Solid fuel (for example wood coal) central heating,0,0,0,0,0,0,0,0,0,0,0,0
S01009327,Other central heating,0,0,0,0,0,0,0,0,0,0,0,0
S01009327,Two or more types of central heating,17,0,17,17,0,17,0,0,0,0,0,0
S01009328,All people in households,683,27,656,656,14,642,22,8,14,5,5,0
S01009328,No central heating,0,0,0,0,0,0,0,0,0,0,0,0
S01009328,Gas central heating,674,27,647,647,14,633,22,8,14,5,5,0
S01009328,Electric (including storage heaters) central heating,5,0,5,5,0,5,0,0,0,0,0,0
S01009328,Oil central heating,0,0,0,0,0,0,0,0,0,0,0,0
S01009328,Solid fuel (for example wood coal) central heating,0,0,0,0,0,0,0,0,0,0,0,0
S01009328,Other central heating,0,0,0,0,0,0,0,0,0,0,0,0
S01009328,Two or more types of central heating,4,0,4,4,0,4,0,0,0,0,0,0
S01009329,All people in households,442,27,415,412,8,404,24,13,11,6,6,0
S01009329,No central heating,0,0,0,0,0,0,0,0,0,0,0,0
S01009329,Gas central heating,415,21,394,390,7,383,22,11,11,3,3,0
S01009329,Electric (including storage heaters) central heating,18,6,12,13,1,12,2,2,0,3,3,0
S01009329,Oil central heating,0,0,0,0,0,0,0,0,0,0,0,0
S01009329,Solid fuel (for example wood coal) central heating,0,0,0,0,0,0,0,0,0,0,0,0
S01009329,Other central heating,0,0,0,0,0,0,0,0,0,0,0,0
S01009329,Two or more types of central heating,9,0,9,9,0,9,0,0,0,0,0,0
S01009330,All people in households,503,59,444,448,18,430,33,19,14,22,22,0
S01009330,No central heating,0,0,0,0,0,0,0,0,0,0,0,0
S01009330,Gas central heating,498,59,439,443,18,425,33,19,14,22,22,0
S01009330,Electric (including storage heaters) central heating,2,0,2,2,0,2,0,0,0,0,0,0
S01009330,Oil central heating,0,0,0,0,0,0,0,0,0,0,0,0
S01009330,Solid fuel (for example wood coal) central heating,0,0,0,0,0,0,0,0,0,0,0,0
S01009330,Other central heating,0,0,0,0,0,0,0,0,0,0,0,0
S01009330,Two or more types of central heating,3,0,3,3,0,3,0,0,0,0,0,0
S01009331,All people in households,573,44,529,531,18,513,37,21,16,5,5,0
S01009331,No central heating,0,0,0,0,0,0,0,0,0,0,0,0
S01009331,Gas central heating,562,42,520,521,17,504,37,21,16,4,4,0
S01009331,Electric (including storage heaters) central heating,0,0,0,0,0,0,0,0,0,0,0,0
S01009331,Oil central heating,4,1,3,3,0,3,0,0,0,1,1,0
S01009331,Solid fuel (for example wood coal) central heating,0,0,0,0,0,0,0,0,0,0,0,0
S01009331,Other central heating,0,0,0,0,0,0,0,0,0,0,0,0
S01009331,Two or more types of central heating,7,1,6,7,1,6,0,0,0,0,0,0
S01009332,All people in households,867,119,748,761,41,720,83,56,27,23,22,1
S01009332,No central heating,5,1,4,5,1,4,0,0,0,0,0,0
S01009332,Gas central heating,857,116,741,752,39,713,82,55,27,23,22,1
S01009332,Electric (including storage heaters) central heating,3,0,3,3,0,3,0,0,0,0,0,0
S01009332,Oil central heating,0,0,0,0,0,0,0,0,0,0,0,0
S01009332,Solid fuel (for example wood coal) central heating,0,0,0,0,0,0,0,0,0,0,0,0
S01009332,Other central heating,0,0,0,0,0,0,0,0,0,0,0,0
S01009332,Two or more types of central heating,2,2,0,1,1,0,1,1,0,0,0,0
S01009333,All people in households,738,150,588,598,47,551,94,60,34,46,43,3
S01009333,No central heating,5,3,2,2,0,2,3,3,0,0,0,0
S01009333,Gas central heating,687,137,550,560,44,516,84,52,32,43,41,2
S01009333,Electric (including storage heaters) central heating,32,7,25,24,2,22,6,4,2,2,1,1
S01009333,Oil central heating,0,0,0,0,0,0,0,0,0,0,0,0
S01009333,Solid fuel (for example wood coal) central heating,2,1,1,1,0,1,0,0,0,1,1,0
S01009333,Other central heating,0,0,0,0,0,0,0,0,0,0,0,0
S01009333,Two or more types of central heating,12,2,10,11,1,10,1,1,0,0,0,0
S01009334,All people in households,636,149,487,499,48,451,92,58,34,45,43,2
S01009334,No central heating,5,3,2,2,0,2,1,1,0,2,2,0
S01009334,Gas central heating,421,96,325,327,30,297,67,41,26,27,25,2
S01009334,Electric (including storage heaters) central heating,185,45,140,149,16,133,21,14,7,15,15,0
S01009334,Oil central heating,4,0,4,4,0,4,0,0,0,0,0,0
S01009334,Solid fuel (for example wood coal) central heating,7,1,6,7,1,6,0,0,0,0,0,0
S01009334,Other central heating,7,1,6,7,1,6,0,0,0,0,0,0
S01009334,Two or more types of central heating,7,3,4,3,0,3,3,2,1,1,1,0
S01009335,All people in households,772,187,585,593,53,540,134,89,45,45,45,0
S01009335,No central heating,2,0,2,2,0,2,0,0,0,0,0,0
S01009335,Gas central heating,687,158,529,534,42,492,116,79,37,37,37,0
S01009335,Electric (including storage heaters) central heating,52,22,30,38,10,28,8,6,2,6,6,0
S01009335,Oil central heating,4,2,2,2,0,2,1,1,0,1,1,0
S01009335,Solid fuel (for example wood coal) central heating,15,3,12,11,1,10,3,1,2,1,1,0
S01009335,Other central heating,6,1,5,2,0,2,4,1,3,0,0,0
S01009335,Two or more types of central heating,6,1,5,4,0,4,2,1,1,0,0,0
S01009336,All people in households,655,161,494,507,40,467,104,77,27,44,44,0
S01009336,No central heating,8,5,3,3,0,3,5,5,0,0,0,0
S01009336,Gas central heating,570,133,437,449,36,413,85,61,24,36,36,0
S01009336,Electric (including storage heaters) central heating,61,17,44,46,3,43,10,9,1,5,5,0
S01009336,Oil central heating,0,0,0,0,0,0,0,0,0,0,0,0
S01009336,Solid fuel (for example wood coal) central heating,2,0,2,0,0,0,2,0,2,0,0,0
S01009336,Other central heating,1,0,1,1,0,1,0,0,0,0,0,0
S01009336,Two or more types of central heating,13,6,7,8,1,7,2,2,0,3,3,0
S01009337,All people in households,743,175,568,571,46,525,104,66,38,68,63,5
S01009337,No central heating,5,0,5,5,0,5,0,0,0,0,0,0
S01009337,Gas central heating,698,160,538,541,43,498,92,57,35,65,60,5
S01009337,Electric (including storage heaters) central heating,25,10,15,17,2,15,6,6,0,2,2,0
S01009337,Oil central heating,0,0,0,0,0,0,0,0,0,0,0,0
S01009337,Solid fuel (for example wood coal) central heating,6,1,5,5,0,5,0,0,0,1,1,0
S01009337,Other central heating,0,0,0,0,0,0,0,0,0,0,0,0
S01009337,Two or more types of central heating,9,4,5,3,1,2,6,3,3,0,0,0
S01009338,All people in households,725,223,502,497,54,443,154,98,56,74,71,3
S01009338,No central heating,2,1,1,0,0,0,1,0,1,1,1,0
S01009338,Gas central heating,681,207,474,467,48,419,144,91,53,70,68,2
S01009338,Electric (including storage heaters) central heating,16,10,6,9,3,6,5,5,0,2,2,0
S01009338,Oil central heating,2,1,1,2,1,1,0,0,0,0,0,0
S01009338,Solid fuel (for example wood coal) central heating,3,2,1,1,0,1,2,2,0,0,0,0
S01009338,Other central heating,0,0,0,0,0,0,0,0,0,0,0,0
S01009338,Two or more types of central heating,21,2,19,18,2,16,2,0,2,1,0,1
S01009339,All people in households,853,183,670,668,49,619,131,83,48,54,51,3
S01009339,No central heating,10,4,6,6,0,6,4,4,0,0,0,0
S01009339,Gas central heating,792,172,620,618,47,571,121,75,46,53,50,3
S01009339,Electric (including storage heaters) central heating,16,6,10,11,2,9,4,3,1,1,1,0
S01009339,Oil central heating,0,0,0,0,0,0,0,0,0,0,0,0
S01009339,Solid fuel (for example wood coal) central heating,1,1,0,0,0,0,1,1,0,0,0,0
S01009339,Other central heating,0,0,0,0,0,0,0,0,0,0,0,0
S01009339,Two or more types of central heating,34,0,34,33,0,33,1,0,1,0,0,0
S01009340,All people in households,596,144,452,459,41,418,95,63,32,42,40,2
S01009340,No central heating,6,4,2,2,1,1,1,0,1,3,3,0
S01009340,Gas central heating,513,125,388,399,36,363,81,58,23,33,31,2
S01009340,Electric (including storage heaters) central heating,37,8,29,28,3,25,6,2,4,3,3,0
S01009340,Oil central heating,0,0,0,0,0,0,0,0,0,0,0,0
S01009340,Solid fuel (for example wood coal) central heating,14,5,9,9,1,8,3,2,1,2,2,0
S01009340,Other central heating,7,1,6,4,0,4,3,1,2,0,0,0
S01009340,Two or more types of central heating,19,1,18,17,0,17,1,0,1,1,1,0
S01009341,All people in households,583,131,452,449,35,414,94,59,35,40,37,3
S01009341,No central heating,0,0,0,0,0,0,0,0,0,0,0,0
S01009341,Gas central heating,547,124,423,421,32,389,88,56,32,38,36,2
S01009341,Electric (including storage heaters) central heating,15,2,13,12,1,11,3,1,2,0,0,0
S01009341,Oil central heating,2,0,2,2,0,2,0,0,0,0,0,0
S01009341,Solid fuel (for example wood coal) central heating,2,1,1,1,0,1,0,0,0,1,1,0
S01009341,Other central heating,0,0,0,0,0,0,0,0,0,0,0,0
S01009341,Two or more types of central heating,17,4,13,13,2,11,3,2,1,1,0,1
S01009342,All people in households,742,146,596,598,39,559,96,60,36,48,47,1
S01009342,No central heating,5,0,5,2,0,2,3,0,3,0,0,0
S01009342,Gas central heating,685,128,557,559,34,525,86,55,31,40,39,1
S01009342,Electric (including storage heaters) central heating,25,8,17,19,3,16,3,2,1,3,3,0
S01009342,Oil central heating,2,0,2,2,0,2,0,0,0,0,0,0
S01009342,Solid fuel (for example wood coal) central heating,13,8,5,7,2,5,3,3,0,3,3,0
S01009342,Other central heating,0,0,0,0,0,0,0,0,0,0,0,0
S01009342,Two or more types of central heating,12,2,10,9,0,9,1,0,1,2,2,0
S01009343,All people in households,574,90,484,482,24,458,64,39,25,28,27,1
S01009343,No central heating,6,1,5,4,0,4,2,1,1,0,0,0
S01009343,Gas central heating,504,68,436,434,19,415,47,27,20,23,22,1
S01009343,Electric (including storage heaters) central heating,57,19,38,39,4,35,14,11,3,4,4,0
S01009343,Oil central heating,0,0,0,0,0,0,0,0,0,0,0,0
S01009343,Solid fuel (for example wood coal) central heating,6,2,4,5,1,4,0,0,0,1,1,0
S01009343,Other central heating,0,0,0,0,0,0,0,0,0,0,0,0
S01009343,Two or more types of central heating,1,0,1,0,0,0,1,0,1,0,0,0
S01009344,All people in households,630,165,465,473,45,428,104,69,35,53,51,2
S01009344,No central heating,3,1,2,0,0,0,3,1,2,0,0,0
S01009344,Gas central heating,585,157,428,438,43,395,97,66,31,50,48,2
S01009344,Electric (including storage heaters) central heating,18,5,13,14,2,12,3,2,1,1,1,0
S01009344,Oil central heating,0,0,0,0,0,0,0,0,0,0,0,0
S01009344,Solid fuel (for example wood coal) central heating,3,0,3,3,0,3,0,0,0,0,0,0
S01009344,Other central heating,5,0,5,5,0,5,0,0,0,0,0,0
S01009344,Two or more types of central heating,16,2,14,13,0,13,1,0,1,2,2,0
S01009345,All people in households,942,141,801,809,45,764,96,60,36,37,36,1
S01009345,No central heating,15,1,14,15,1,14,0,0,0,0,0,0
S01009345,Gas central heating,811,110,701,707,35,672,79,51,28,25,24,1
S01009345,Electric (including storage heaters) central heating,91,23,68,67,7,60,15,7,8,9,9,0
S01009345,Oil central heating,3,0,3,3,0,3,0,0,0,0,0,0
S01009345,Solid fuel (for example wood coal) central heating,10,5,5,7,2,5,1,1,0,2,2,0
S01009345,Other central heating,2,2,0,0,0,0,1,1,0,1,1,0
S01009345,Two or more types of central heating,10,0,10,10,0,10,0,0,0,0,0,0
S01009346,All people in households,719,37,682,681,17,664,32,14,18,6,6,0
S01009346,No central heating,2,0,2,2,0,2,0,0,0,0,0,0
S01009346,Gas central heating,699,36,663,662,17,645,32,14,18,5,5,0
S01009346,Electric (including storage heaters) central heating,7,1,6,6,0,6,0,0,0,1,1,0
S01009346,Oil central heating,0,0,0,0,0,0,0,0,0,0,0,0
S01009346,Solid fuel (for example wood coal) central heating,0,0,0,0,0,0,0,0,0,0,0,0
S01009346,Other central heating,2,0,2,2,0,2,0,0,0,0,0,0
S01009346,Two or more types of central heating,9,0,9,9,0,9,0,0,0,0,0,0
S01009347,All people in households,691,41,650,665,22,643,24,17,7,2,2,0
S01009347,No central heating,0,0,0,0,0,0,0,0,0,0,0,0
S01009347,Gas central heating,679,41,638,653,22,631,24,17,7,2,2,0
S01009347,Electric (including storage heaters) central heating,0,0,0,0,0,0,0,0,0,0,0,0
S01009347,Oil central heating,3,0,3,3,0,3,0,0,0,0,0,0
S01009347,Solid fuel (for example wood coal) central heating,0,0,0,0,0,0,0,0,0,0,0,0
S01009347,Other central heating,0,0,0,0,0,0,0,0,0,0,0,0
S01009347,Two or more types of central heating,9,0,9,9,0,9,0,0,0,0,0,0
S01009348,All people in households,510,21,489,491,9,482,16,9,7,3,3,0
S01009348,No central heating,0,0,0,0,0,0,0,0,0,0,0,0
S01009348,Gas central heating,502,21,481,483,9,474,16,9,7,3,3,0
S01009348,Electric (including storage heaters) central heating,0,0,0,0,0,0,0,0,0,0,0,0
S01009348,Oil central heating,0,0,0,0,0,0,0,0,0,0,0,0
S01009348,Solid fuel (for example wood coal) central heating,0,0,0,0,0,0,0,0,0,0,0,0
S01009348,Other central heating,0,0,0,0,0,0,0,0,0,0,0,0
S01009348,Two or more types of central heating,8,0,8,8,0,8,0,0,0,0,0,0
S01009349,All people in households,830,54,776,788,26,762,33,20,13,9,8,1
S01009349,No central heating,1,1,0,0,0,0,0,0,0,1,1,0
S01009349,Gas central heating,792,52,740,751,25,726,33,20,13,8,7,1
S01009349,Electric (including storage heaters) central heating,7,0,7,7,0,7,0,0,0,0,0,0
S01009349,Oil central heating,7,0,7,7,0,7,0,0,0,0,0,0
S01009349,Solid fuel (for example wood coal) central heating,0,0,0,0,0,0,0,0,0,0,0,0
S01009349,Other central heating,0,0,0,0,0,0,0,0,0,0,0,0
S01009349,Two or more types of central heating,23,1,22,23,1,22,0,0,0,0,0,0
S01009350,All people in households,622,49,573,582,23,559,34,20,14,6,6,0
S01009350,No central heating,4,1,3,4,1,3,0,0,0,0,0,0
S01009350,Gas central heating,607,47,560,567,21,546,34,20,14,6,6,0
S01009350,Electric (including storage heaters) central heating,2,1,1,2,1,1,0,0,0,0,0,0
S01009350,Oil central heating,0,0,0,0,0,0,0,0,0,0,0,0
S01009350,Solid fuel (for example wood coal) central heating,0,0,0,0,0,0,0,0,0,0,0,0
S01009350,Other central heating,0,0,0,0,0,0,0,0,0,0,0,0
S01009350,Two or more types of central heating,9,0,9,9,0,9,0,0,0,0,0,0
S01009351,All people in households,527,29,498,493,15,478,30,10,20,4,4,0
S01009351,No central heating,9,1,8,8,0,8,0,0,0,1,1,0
S01009351,Gas central heating,395,27,368,367,15,352,25,9,16,3,3,0
S01009351,Electric (including storage heaters) central heating,113,1,112,108,0,108,5,1,4,0,0,0
S01009351,Oil central heating,0,0,0,0,0,0,0,0,0,0,0,0
S01009351,Solid fuel (for example wood coal) central heating,0,0,0,0,0,0,0,0,0,0,0,0
S01009351,Other central heating,4,0,4,4,0,4,0,0,0,0,0,0
S01009351,Two or more types of central heating,6,0,6,6,0,6,0,0,0,0,0,0
S01009352,All people in households,797,36,761,772,23,749,21,9,12,4,4,0
S01009352,No central heating,9,0,9,9,0,9,0,0,0,0,0,0
S01009352,Gas central heating,749,30,719,727,19,708,19,8,11,3,3,0
S01009352,Electric (including storage heaters) central heating,30,3,27,28,2,26,1,0,1,1,1,0
S01009352,Oil central heating,3,0,3,3,0,3,0,0,0,0,0,0
S01009352,Solid fuel (for example wood coal) central heating,0,0,0,0,0,0,0,0,0,0,0,0
S01009352,Other central heating,2,1,1,1,0,1,1,1,0,0,0,0
S01009352,Two or more types of central heating,4,2,2,4,2,2,0,0,0,0,0,0
S01009353,All people in households,403,30,373,375,11,364,22,13,9,6,6,0
S01009353,No central heating,7,2,5,3,0,3,3,1,2,1,1,0
S01009353,Gas central heating,337,19,318,319,7,312,15,9,6,3,3,0
S01009353,Electric (including storage heaters) central heating,19,2,17,17,0,17,1,1,0,1,1,0
S01009353,Oil central heating,24,4,20,22,2,20,1,1,0,1,1,0
S01009353,Solid fuel (for example wood coal) central heating,2,1,1,2,1,1,0,0,0,0,0,0
S01009353,Other central heating,5,1,4,5,1,4,0,0,0,0,0,0
S01009353,Two or more types of central heating,9,1,8,7,0,7,2,1,1,0,0,0
S01009354,All people in households,925,68,857,881,41,840,33,16,17,11,11,0
S01009354,No central heating,0,0,0,0,0,0,0,0,0,0,0,0
S01009354,Gas central heating,901,65,836,860,40,820,32,16,16,9,9,0
S01009354,Electric (including storage heaters) central heating,9,2,7,8,1,7,0,0,0,1,1,0
S01009354,Oil central heating,0,0,0,0,0,0,0,0,0,0,0,0
S01009354,Solid fuel (for example wood coal) central heating,0,0,0,0,0,0,0,0,0,0,0,0
S01009354,Other central heating,0,0,0,0,0,0,0,0,0,0,0,0
S01009354,Two or more types of central heating,15,1,14,13,0,13,1,0,1,1,1,0
S01009355,All people in households,866,122,744,758,49,709,83,49,34,25,24,1
S01009355,No central heating,3,1,2,2,0,2,1,1,0,0,0,0
S01009355,Gas central heating,829,118,711,726,48,678,79,47,32,24,23,1
S01009355,Electric (including storage heaters) central heating,18,1,17,16,1,15,2,0,2,0,0,0
S01009355,Oil central heating,4,0,4,4,0,4,0,0,0,0,0,0
S01009355,Solid fuel (for example wood coal) central heating,0,0,0,0,0,0,0,0,0,0,0,0
S01009355,Other central heating,0,0,0,0,0,0,0,0,0,0,0,0
S01009355,Two or more types of central heating,12,2,10,10,0,10,1,1,0,1,1,0
S01009356,All people in households,963,170,793,836,75,761,106,76,30,21,19,2
S01009356,No central heating,1,0,1,1,0,1,0,0,0,0,0,0
S01009356,Gas central heating,927,160,767,809,73,736,98,69,29,20,18,2
S01009356,Electric (including storage heaters) central heating,12,4,8,10,2,8,2,2,0,0,0,0
S01009356,Oil central heating,3,0,3,3,0,3,0,0,0,0,0,0
S01009356,Solid fuel (for example wood coal) central heating,0,0,0,0,0,0,0,0,0,0,0,0
S01009356,Other central heating,3,1,2,2,0,2,1,1,0,0,0,0
S01009356,Two or more types of central heating,17,5,12,11,0,11,5,4,1,1,1,0
S01009357,All people in households,485,40,445,452,21,431,28,14,14,5,5,0
S01009357,No central heating,4,0,4,4,0,4,0,0,0,0,0,0
S01009357,Gas central heating,476,40,436,444,21,423,27,14,13,5,5,0
S01009357,Electric (including storage heaters) central heating,3,0,3,2,0,2,1,0,1,0,0,0
S01009357,Oil central heating,0,0,0,0,0,0,0,0,0,0,0,0
S01009357,Solid fuel (for example wood coal) central heating,0,0,0,0,0,0,0,0,0,0,0,0
S01009357,Other central heating,0,0,0,0,0,0,0,0,0,0,0,0
S01009357,Two or more types of central heating,2,0,2,2,0,2,0,0,0,0,0,0
S01009358,All people in households,725,76,649,663,33,630,47,28,19,15,15,0
S01009358,No central heating,0,0,0,0,0,0,0,0,0,0,0,0
S01009358,Gas central heating,716,75,641,657,33,624,45,28,17,14,14,0
S01009358,Electric (including storage heaters) central heating,2,0,2,2,0,2,0,0,0,0,0,0
S01009358,Oil central heating,3,1,2,2,0,2,0,0,0,1,1,0
S01009358,Solid fuel (for example wood coal) central heating,0,0,0,0,0,0,0,0,0,0,0,0
S01009358,Other central heating,0,0,0,0,0,0,0,0,0,0,0,0
S01009358,Two or more types of central heating,4,0,4,2,0,2,2,0,2,0,0,0
S01009359,All people in households,774,46,728,735,25,710,33,16,17,6,5,1
S01009359,No central heating,7,0,7,7,0,7,0,0,0,0,0,0
S01009359,Gas central heating,715,44,671,678,24,654,31,15,16,6,5,1
S01009359,Electric (including storage heaters) central heating,40,2,38,38,1,37,2,1,1,0,0,0
S01009359,Oil central heating,0,0,0,0,0,0,0,0,0,0,0,0
S01009359,Solid fuel (for example wood coal) central heating,0,0,0,0,0,0,0,0,0,0,0,0
S01009359,Other central heating,0,0,0,0,0,0,0,0,0,0,0,0
S01009359,Two or more types of central heating,12,0,12,12,0,12,0,0,0,0,0,0
S01009360,All people in households,835,143,692,715,52,663,87,59,28,33,32,1
S01009360,No central heating,9,1,8,6,0,6,3,1,2,0,0,0
S01009360,Gas central heating,741,126,615,643,46,597,69,52,17,29,28,1
S01009360,Electric (including storage heaters) central heating,60,14,46,43,5,38,13,5,8,4,4,0
S01009360,Oil central heating,2,0,2,2,0,2,0,0,0,0,0,0
S01009360,Solid fuel (for example wood coal) central heating,6,0,6,6,0,6,0,0,0,0,0,0
S01009360,Other central heating,0,0,0,0,0,0,0,0,0,0,0,0
S01009360,Two or more types of central heating,17,2,15,15,1,14,2,1,1,0,0,0
S01009361,All people in households,768,141,627,657,51,606,77,57,20,34,33,1
S01009361,No central heating,7,2,5,6,2,4,1,0,1,0,0,0
S01009361,Gas central heating,717,124,593,616,42,574,69,51,18,32,31,1
S01009361,Electric (including storage heaters) central heating,34,13,21,28,7,21,4,4,0,2,2,0
S01009361,Oil central heating,1,0,1,1,0,1,0,0,0,0,0,0
S01009361,Solid fuel (for example wood coal) central heating,8,2,6,5,0,5,3,2,1,0,0,0
S01009361,Other central heating,1,0,1,1,0,1,0,0,0,0,0,0
S01009361,Two or more types of central heating,0,0,0,0,0,0,0,0,0,0,0,0
S01009362,All people in households,1015,144,871,895,62,833,101,63,38,19,19,0
S01009362,No central heating,12,0,12,12,0,12,0,0,0,0,0,0
S01009362,Gas central heating,883,128,755,775,56,719,92,56,36,16,16,0
S01009362,Electric (including storage heaters) central heating,100,13,87,91,6,85,7,5,2,2,2,0
S01009362,Oil central heating,1,0,1,1,0,1,0,0,0,0,0,0
S01009362,Solid fuel (for example wood coal) central heating,3,0,3,3,0,3,0,0,0,0,0,0
S01009362,Other central heating,3,2,1,1,0,1,1,1,0,1,1,0
S01009362,Two or more types of central heating,13,1,12,12,0,12,1,1,0,0,0,0
S01009363,All people in households,833,160,673,679,46,633,111,74,37,43,40,3
S01009363,No central heating,7,2,5,5,1,4,1,1,0,1,0,1
S01009363,Gas central heating,729,143,586,596,41,555,95,66,29,38,36,2
S01009363,Electric (including storage heaters) central heating,73,13,60,59,4,55,10,5,5,4,4,0
S01009363,Oil central heating,0,0,0,0,0,0,0,0,0,0,0,0
S01009363,Solid fuel (for example wood coal) central heating,5,0,5,4,0,4,1,0,1,0,0,0
S01009363,Other central heating,0,0,0,0,0,0,0,0,0,0,0,0
S01009363,Two or more types of central heating,19,2,17,15,0,15,4,2,2,0,0,0
S01009364,All people in households,860,138,722,747,50,697,78,54,24,35,34,1
S01009364,No central heating,9,2,7,7,0,7,0,0,0,2,2,0
S01009364,Gas central heating,824,130,694,718,48,670,75,52,23,31,30,1
S01009364,Electric (including storage heaters) central heating,3,0,3,3,0,3,0,0,0,0,0,0
S01009364,Oil central heating,0,0,0,0,0,0,0,0,0,0,0,0
S01009364,Solid fuel (for example wood coal) central heating,2,2,0,1,1,0,1,1,0,0,0,0
S01009364,Other central heating,0,0,0,0,0,0,0,0,0,0,0,0
S01009364,Two or more types of central heating,22,4,18,18,1,17,2,1,1,2,2,0
S01009365,All people in households,565,123,442,449,39,410,90,59,31,26,25,1
S01009365,No central heating,6,3,3,4,1,3,2,2,0,0,0,0
S01009365,Gas central heating,488,102,386,395,32,363,72,50,22,21,20,1
S01009365,Electric (including storage heaters) central heating,65,17,48,45,6,39,16,7,9,4,4,0
S01009365,Oil central heating,0,0,0,0,0,0,0,0,0,0,0,0
S01009365,Solid fuel (for example wood coal) central heating,0,0,0,0,0,0,0,0,0,0,0,0
S01009365,Other central heating,0,0,0,0,0,0,0,0,0,0,0,0
S01009365,Two or more types of central heating,6,1,5,5,0,5,0,0,0,1,1,0
S01009366,All people in households,758,188,570,584,46,538,114,83,31,60,59,1
S01009366,No central heating,7,3,4,5,1,4,2,2,0,0,0,0
S01009366,Gas central heating,717,168,549,560,43,517,101,70,31,56,55,1
S01009366,Electric (including storage heaters) central heating,12,7,5,6,1,5,4,4,0,2,2,0
S01009366,Oil central heating,0,0,0,0,0,0,0,0,0,0,0,0
S01009366,Solid fuel (for example wood coal) central heating,0,0,0,0,0,0,0,0,0,0,0,0
S01009366,Other central heating,0,0,0,0,0,0,0,0,0,0,0,0
S01009366,Two or more types of central heating,22,10,12,13,1,12,7,7,0,2,2,0
S01009367,All people in households,628,114,514,499,35,464,96,48,48,33,31,2
S01009367,No central heating,6,3,3,5,2,3,0,0,0,1,1,0
S01009367,Gas central heating,584,104,480,464,31,433,92,46,46,28,27,1
S01009367,Electric (including storage heaters) central heating,31,7,24,24,2,22,4,2,2,3,3,0
S01009367,Oil central heating,0,0,0,0,0,0,0,0,0,0,0,0
S01009367,Solid fuel (for example wood coal) central heating,0,0,0,0,0,0,0,0,0,0,0,0
S01009367,Other central heating,0,0,0,0,0,0,0,0,0,0,0,0
S01009367,Two or more types of central heating,7,0,7,6,0,6,0,0,0,1,0,1
S01009368,All people in households,581,94,487,469,24,445,83,42,41,29,28,1
S01009368,No central heating,2,1,1,1,0,1,0,0,0,1,1,0
S01009368,Gas central heating,559,88,471,452,22,430,81,41,40,26,25,1
S01009368,Electric (including storage heaters) central heating,1,1,0,1,1,0,0,0,0,0,0,0
S01009368,Oil central heating,0,0,0,0,0,0,0,0,0,0,0,0
S01009368,Solid fuel (for example wood coal) central heating,8,0,8,7,0,7,1,0,1,0,0,0
S01009368,Other central heating,0,0,0,0,0,0,0,0,0,0,0,0
S01009368,Two or more types of central heating,11,4,7,8,1,7,1,1,0,2,2,0
S01009369,All people in households,598,131,467,493,51,442,75,51,24,30,29,1
S01009369,No central heating,6,3,3,4,2,2,1,0,1,1,1,0
S01009369,Gas central heating,560,119,441,466,48,418,69,47,22,25,24,1
S01009369,Electric (including storage heaters) central heating,17,5,12,12,1,11,3,2,1,2,2,0
S01009369,Oil central heating,5,2,3,3,0,3,1,1,0,1,1,0
S01009369,Solid fuel (for example wood coal) central heating,0,0,0,0,0,0,0,0,0,0,0,0
S01009369,Other central heating,1,1,0,0,0,0,0,0,0,1,1,0
S01009369,Two or more types of central heating,9,1,8,8,0,8,1,1,0,0,0,0
S01009370,All people in households,828,198,630,638,50,588,141,100,41,49,48,1
S01009370,No central heating,2,1,1,1,0,1,0,0,0,1,1,0
S01009370,Gas central heating,788,184,604,613,46,567,129,93,36,46,45,1
S01009370,Electric (including storage heaters) central heating,15,5,10,8,1,7,5,2,3,2,2,0
S01009370,Oil central heating,0,0,0,0,0,0,0,0,0,0,0,0
S01009370,Solid fuel (for example wood coal) central heating,2,2,0,2,2,0,0,0,0,0,0,0
S01009370,Other central heating,1,1,0,0,0,0,1,1,0,0,0,0
S01009370,Two or more types of central heating,20,5,15,14,1,13,6,4,2,0,0,0
S01009371,All people in households,526,106,420,419,23,396,77,54,23,30,29,1
S01009371,No central heating,2,1,1,1,0,1,1,1,0,0,0,0
S01009371,Gas central heating,518,101,417,416,23,393,73,50,23,29,28,1
S01009371,Electric (including storage heaters) central heating,3,2,1,1,0,1,1,1,0,1,1,0
S01009371,Oil central heating,0,0,0,0,0,0,0,0,0,0,0,0
S01009371,Solid fuel (for example wood coal) central heating,0,0,0,0,0,0,0,0,0,0,0,0
S01009371,Other central heating,1,0,1,1,0,1,0,0,0,0,0,0
S01009371,Two or more types of central heating,2,2,0,0,0,0,2,2,0,0,0,0
S01009372,All people in households,521,81,440,437,26,411,67,39,28,17,16,1
S01009372,No central heating,1,0,1,1,0,1,0,0,0,0,0,0
S01009372,Gas central heating,509,77,432,426,23,403,66,38,28,17,16,1
S01009372,Electric (including storage heaters) central heating,7,3,4,6,2,4,1,1,0,0,0,0
S01009372,Oil central heating,0,0,0,0,0,0,0,0,0,0,0,0
S01009372,Solid fuel (for example wood coal) central heating,0,0,0,0,0,0,0,0,0,0,0,0
S01009372,Other central heating,0,0,0,0,0,0,0,0,0,0,0,0
S01009372,Two or more types of central heating,4,1,3,4,1,3,0,0,0,0,0,0
S01009373,All people in households,799,192,607,612,49,563,121,78,43,66,65,1
S01009373,No central heating,5,2,3,3,0,3,2,2,0,0,0,0
S01009373,Gas central heating,691,160,531,534,42,492,98,60,38,59,58,1
S01009373,Electric (including storage heaters) central heating,81,20,61,60,4,56,19,14,5,2,2,0
S01009373,Oil central heating,0,0,0,0,0,0,0,0,0,0,0,0
S01009373,Solid fuel (for example wood coal) central heating,4,3,1,1,0,1,0,0,0,3,3,0
S01009373,Other central heating,1,1,0,0,0,0,0,0,0,1,1,0
S01009373,Two or more types of central heating,17,6,11,14,3,11,2,2,0,1,1,0
S01009374,All people in households,846,228,618,626,49,577,152,112,40,68,67,1
S01009374,No central heating,3,1,2,2,0,2,0,0,0,1,1,0
S01009374,Gas central heating,728,186,542,551,45,506,124,89,35,53,52,1
S01009374,Electric (including storage heaters) central heating,103,40,63,62,4,58,27,22,5,14,14,0
S01009374,Oil central heating,1,0,1,1,0,1,0,0,0,0,0,0
S01009374,Solid fuel (for example wood coal) central heating,0,0,0,0,0,0,0,0,0,0,0,0
S01009374,Other central heating,1,1,0,0,0,0,1,1,0,0,0,0
S01009374,Two or more types of central heating,10,0,10,10,0,10,0,0,0,0,0,0
S01009375,All people in households,797,177,620,638,53,585,113,80,33,46,44,2
S01009375,No central heating,1,1,0,0,0,0,1,1,0,0,0,0
S01009375,Gas central heating,764,164,600,618,51,567,106,75,31,40,38,2
S01009375,Electric (including storage heaters) central heating,19,9,10,10,1,9,5,4,1,4,4,0
S01009375,Oil central heating,0,0,0,0,0,0,0,0,0,0,0,0
S01009375,Solid fuel (for example wood coal) central heating,5,3,2,3,1,2,0,0,0,2,2,0
S01009375,Other central heating,0,0,0,0,0,0,0,0,0,0,0,0
S01009375,Two or more types of central heating,8,0,8,7,0,7,1,0,1,0,0,0
S01009376,All people in households,577,161,416,433,48,385,106,76,30,38,37,1
S01009376,No central heating,4,1,3,3,0,3,1,1,0,0,0,0
S01009376,Gas central heating,485,125,360,376,43,333,80,54,26,29,28,1
S01009376,Electric (including storage heaters) central heating,78,35,43,45,5,40,24,21,3,9,9,0
S01009376,Oil central heating,2,0,2,2,0,2,0,0,0,0,0,0
S01009376,Solid fuel (for example wood coal) central heating,1,0,1,1,0,1,0,0,0,0,0,0
S01009376,Other central heating,0,0,0,0,0,0,0,0,0,0,0,0
S01009376,Two or more types of central heating,7,0,7,6,0,6,1,0,1,0,0,0
S01009377,All people in households,971,93,878,880,32,848,71,41,30,20,20,0
S01009377,No central heating,0,0,0,0,0,0,0,0,0,0,0,0
S01009377,Gas central heating,867,84,783,785,30,755,64,36,28,18,18,0
S01009377,Electric (including storage heaters) central heating,73,5,68,67,1,66,4,2,2,2,2,0
S01009377,Oil central heating,3,0,3,3,0,3,0,0,0,0,0,0
S01009377,Solid fuel (for example wood coal) central heating,2,0,2,2,0,2,0,0,0,0,0,0
S01009377,Other central heating,1,0,1,1,0,1,0,0,0,0,0,0
S01009377,Two or more types of central heating,25,4,21,22,1,21,3,3,0,0,0,0
S01009378,All people in households,994,151,843,870,58,812,84,53,31,40,40,0
S01009378,No central heating,0,0,0,0,0,0,0,0,0,0,0,0
S01009378,Gas central heating,949,144,805,834,57,777,80,52,28,35,35,0
S01009378,Electric (including storage heaters) central heating,23,6,17,16,1,15,3,1,2,4,4,0
S01009378,Oil central heating,0,0,0,0,0,0,0,0,0,0,0,0
S01009378,Solid fuel (for example wood coal) central heating,0,0,0,0,0,0,0,0,0,0,0,0
S01009378,Other central heating,4,0,4,4,0,4,0,0,0,0,0,0
S01009378,Two or more types of central heating,18,1,17,16,0,16,1,0,1,1,1,0
S01009379,All people in households,981,92,889,893,30,863,65,42,23,23,20,3
S01009379,No central heating,0,0,0,0,0,0,0,0,0,0,0,0
S01009379,Gas central heating,923,87,836,845,30,815,57,37,20,21,20,1
S01009379,Electric (including storage heaters) central heating,16,0,16,15,0,15,1,0,1,0,0,0
S01009379,Oil central heating,5,1,4,4,0,4,1,1,0,0,0,0
S01009379,Solid fuel (for example wood coal) central heating,0,0,0,0,0,0,0,0,0,0,0,0
S01009379,Other central heating,4,0,4,4,0,4,0,0,0,0,0,0
S01009379,Two or more types of central heating,33,4,29,25,0,25,6,4,2,2,0,2
S01009380,All people in households,554,67,487,492,28,464,44,22,22,18,17,1
S01009380,No central heating,6,3,3,5,2,3,0,0,0,1,1,0
S01009380,Gas central heating,505,58,447,449,23,426,39,19,20,17,16,1
S01009380,Electric (including storage heaters) central heating,0,0,0,0,0,0,0,0,0,0,0,0
S01009380,Oil central heating,21,2,19,19,0,19,2,2,0,0,0,0
S01009380,Solid fuel (for example wood coal) central heating,10,2,8,7,1,6,3,1,2,0,0,0
S01009380,Other central heating,0,0,0,0,0,0,0,0,0,0,0,0
S01009380,Two or more types of central heating,12,2,10,12,2,10,0,0,0,0,0,0
S01009381,All people in households,632,98,534,541,34,507,69,43,26,22,21,1
S01009381,No central heating,2,1,1,1,0,1,1,1,0,0,0,0
S01009381,Gas central heating,523,81,442,456,33,423,52,33,19,15,15,0
S01009381,Electric (including storage heaters) central heating,97,14,83,79,1,78,14,9,5,4,4,0
S01009381,Oil central heating,0,0,0,0,0,0,0,0,0,0,0,0
S01009381,Solid fuel (for example wood coal) central heating,3,2,1,0,0,0,0,0,0,3,2,1
S01009381,Other central heating,0,0,0,0,0,0,0,0,0,0,0,0
S01009381,Two or more types of central heating,7,0,7,5,0,5,2,0,2,0,0,0
S01009382,All people in households,782,208,574,590,57,533,132,94,38,60,57,3
S01009382,No central heating,4,3,1,1,1,0,2,1,1,1,1,0
S01009382,Gas central heating,739,190,549,565,51,514,118,86,32,56,53,3
S01009382,Electric (including storage heaters) central heating,11,4,7,9,2,7,1,1,0,1,1,0
S01009382,Oil central heating,0,0,0,0,0,0,0,0,0,0,0,0
S01009382,Solid fuel (for example wood coal) central heating,13,4,9,6,1,5,6,2,4,1,1,0
S01009382,Other central heating,8,4,4,6,2,4,2,2,0,0,0,0
S01009382,Two or more types of central heating,7,3,4,3,0,3,3,2,1,1,1,0
S01009383,All people in households,811,162,649,638,43,595,116,63,53,57,56,1
S01009383,No central heating,18,2,16,16,1,15,2,1,1,0,0,0
S01009383,Gas central heating,732,147,585,574,38,536,106,58,48,52,51,1
S01009383,Electric (including storage heaters) central heating,48,7,41,41,4,37,5,1,4,2,2,0
S01009383,Oil central heating,2,2,0,0,0,0,2,2,0,0,0,0
S01009383,Solid fuel (for example wood coal) central heating,3,2,1,1,0,1,0,0,0,2,2,0
S01009383,Other central heating,0,0,0,0,0,0,0,0,0,0,0,0
S01009383,Two or more types of central heating,8,2,6,6,0,6,1,1,0,1,1,0
S01009384,All people in households,560,95,465,491,37,454,46,36,10,23,22,1
S01009384,No central heating,4,2,2,2,0,2,2,2,0,0,0,0
S01009384,Gas central heating,516,86,430,455,36,419,41,31,10,20,19,1
S01009384,Electric (including storage heaters) central heating,14,4,10,10,0,10,2,2,0,2,2,0
S01009384,Oil central heating,6,0,6,6,0,6,0,0,0,0,0,0
S01009384,Solid fuel (for example wood coal) central heating,0,0,0,0,0,0,0,0,0,0,0,0
S01009384,Other central heating,2,0,2,2,0,2,0,0,0,0,0,0
S01009384,Two or more types of central heating,18,3,15,16,1,15,1,1,0,1,1,0
S01009385,All people in households,512,90,422,447,42,405,41,25,16,24,23,1
S01009385,No central heating,0,0,0,0,0,0,0,0,0,0,0,0
S01009385,Gas central heating,483,82,401,423,38,385,39,24,15,21,20,1
S01009385,Electric (including storage heaters) central heating,15,5,10,13,4,9,2,1,1,0,0,0
S01009385,Oil central heating,0,0,0,0,0,0,0,0,0,0,0,0
S01009385,Solid fuel (for example wood coal) central heating,2,2,0,0,0,0,0,0,0,2,2,0
S01009385,Other central heating,1,1,0,0,0,0,0,0,0,1,1,0
S01009385,Two or more types of central heating,11,0,11,11,0,11,0,0,0,0,0,0
S01009386,All people in households,670,132,538,553,40,513,79,55,24,38,37,1
S01009386,No central heating,0,0,0,0,0,0,0,0,0,0,0,0
S01009386,Gas central heating,642,126,516,529,37,492,78,55,23,35,34,1
S01009386,Electric (including storage heaters) central heating,6,1,5,6,1,5,0,0,0,0,0,0
S01009386,Oil central heating,2,0,2,2,0,2,0,0,0,0,0,0
S01009386,Solid fuel (for example wood coal) central heating,4,1,3,4,1,3,0,0,0,0,0,0
S01009386,Other central heating,4,1,3,3,0,3,0,0,0,1,1,0
S01009386,Two or more types of central heating,12,3,9,9,1,8,1,0,1,2,2,0
S01009387,All people in households,604,121,483,495,41,454,69,40,29,40,40,0
S01009387,No central heating,6,0,6,6,0,6,0,0,0,0,0,0
S01009387,Gas central heating,555,112,443,456,39,417,64,38,26,35,35,0
S01009387,Electric (including storage heaters) central heating,9,2,7,8,1,7,0,0,0,1,1,0
S01009387,Oil central heating,0,0,0,0,0,0,0,0,0,0,0,0
S01009387,Solid fuel (for example wood coal) central heating,2,0,2,2,0,2,0,0,0,0,0,0
S01009387,Other central heating,7,3,4,2,0,2,3,1,2,2,2,0
S01009387,Two or more types of central heating,25,4,21,21,1,20,2,1,1,2,2,0
S01009388,All people in households,929,155,774,764,43,721,116,66,50,49,46,3
S01009388,No central heating,4,1,3,3,0,3,0,0,0,1,1,0
S01009388,Gas central heating,785,140,645,642,39,603,105,64,41,38,37,1
S01009388,Electric (including storage heaters) central heating,75,2,73,71,0,71,2,0,2,2,2,0
S01009388,Oil central heating,1,1,0,0,0,0,0,0,0,1,1,0
S01009388,Solid fuel (for example wood coal) central heating,2,1,1,1,0,1,0,0,0,1,1,0
S01009388,Other central heating,6,0,6,3,0,3,3,0,3,0,0,0
S01009388,Two or more types of central heating,56,10,46,44,4,40,6,2,4,6,4,2
S01009389,All people in households,902,194,708,731,64,667,111,71,40,60,59,1
S01009389,No central heating,10,2,8,8,0,8,1,1,0,1,1,0
S01009389,Gas central heating,816,165,651,669,55,614,95,59,36,52,51,1
S01009389,Electric (including storage heaters) central heating,66,27,39,46,9,37,13,11,2,7,7,0
S01009389,Oil central heating,0,0,0,0,0,0,0,0,0,0,0,0
S01009389,Solid fuel (for example wood coal) central heating,0,0,0,0,0,0,0,0,0,0,0,0
S01009389,Other central heating,1,0,1,1,0,1,0,0,0,0,0,0
S01009389,Two or more types of central heating,9,0,9,7,0,7,2,0,2,0,0,0
S01009390,All people in households,777,61,716,738,34,704,32,20,12,7,7,0
S01009390,No central heating,0,0,0,0,0,0,0,0,0,0,0,0
S01009390,Gas central heating,769,60,709,731,34,697,32,20,12,6,6,0
S01009390,Electric (including storage heaters) central heating,4,1,3,3,0,3,0,0,0,1,1,0
S01009390,Oil central heating,0,0,0,0,0,0,0,0,0,0,0,0
S01009390,Solid fuel (for example wood coal) central heating,0,0,0,0,0,0,0,0,0,0,0,0
S01009390,Other central heating,0,0,0,0,0,0,0,0,0,0,0,0
S01009390,Two or more types of central heating,4,0,4,4,0,4,0,0,0,0,0,0
S01009391,All people in households,695,45,650,644,20,624,43,17,26,8,8,0
S01009391,No central heating,0,0,0,0,0,0,0,0,0,0,0,0
S01009391,Gas central heating,681,43,638,633,20,613,41,16,25,7,7,0
S01009391,Electric (including storage heaters) central heating,6,0,6,6,0,6,0,0,0,0,0,0
S01009391,Oil central heating,3,2,1,0,0,0,2,1,1,1,1,0
S01009391,Solid fuel (for example wood coal) central heating,0,0,0,0,0,0,0,0,0,0,0,0
S01009391,Other central heating,0,0,0,0,0,0,0,0,0,0,0,0
S01009391,Two or more types of central heating,5,0,5,5,0,5,0,0,0,0,0,0
S01009392,All people in households,581,42,539,550,22,528,20,9,11,11,11,0
S01009392,No central heating,0,0,0,0,0,0,0,0,0,0,0,0
S01009392,Gas central heating,570,42,528,539,22,517,20,9,11,11,11,0
S01009392,Electric (including storage heaters) central heating,2,0,2,2,0,2,0,0,0,0,0,0
S01009392,Oil central heating,0,0,0,0,0,0,0,0,0,0,0,0
S01009392,Solid fuel (for example wood coal) central heating,0,0,0,0,0,0,0,0,0,0,0,0
S01009392,Other central heating,0,0,0,0,0,0,0,0,0,0,0,0
S01009392,Two or more types of central heating,9,0,9,9,0,9,0,0,0,0,0,0
S01009393,All people in households,686,93,593,603,30,573,65,46,19,18,17,1
S01009393,No central heating,0,0,0,0,0,0,0,0,0,0,0,0
S01009393,Gas central heating,649,92,557,570,30,540,61,45,16,18,17,1
S01009393,Electric (including storage heaters) central heating,26,1,25,22,0,22,4,1,3,0,0,0
S01009393,Oil central heating,0,0,0,0,0,0,0,0,0,0,0,0
S01009393,Solid fuel (for example wood coal) central heating,0,0,0,0,0,0,0,0,0,0,0,0
S01009393,Other central heating,0,0,0,0,0,0,0,0,0,0,0,0
S01009393,Two or more types of central heating,11,0,11,11,0,11,0,0,0,0,0,0
S01009394,All people in households,891,135,756,796,60,736,69,50,19,26,25,1
S01009394,No central heating,15,0,15,15,0,15,0,0,0,0,0,0
S01009394,Gas central heating,595,89,506,536,41,495,40,29,11,19,19,0
S01009394,Electric (including storage heaters) central heating,273,45,228,238,19,219,29,21,8,6,5,1
S01009394,Oil central heating,0,0,0,0,0,0,0,0,0,0,0,0
S01009394,Solid fuel (for example wood coal) central heating,0,0,0,0,0,0,0,0,0,0,0,0
S01009394,Other central heating,0,0,0,0,0,0,0,0,0,0,0,0
S01009394,Two or more types of central heating,8,1,7,7,0,7,0,0,0,1,1,0
S01009395,All people in households,677,122,555,574,40,534,78,57,21,25,25,0
S01009395,No central heating,0,0,0,0,0,0,0,0,0,0,0,0
S01009395,Gas central heating,666,120,546,565,39,526,76,56,20,25,25,0
S01009395,Electric (including storage heaters) central heating,6,0,6,5,0,5,1,0,1,0,0,0
S01009395,Oil central heating,2,1,1,1,0,1,1,1,0,0,0,0
S01009395,Solid fuel (for example wood coal) central heating,0,0,0,0,0,0,0,0,0,0,0,0
S01009395,Other central heating,0,0,0,0,0,0,0,0,0,0,0,0
S01009395,Two or more types of central heating,3,1,2,3,1,2,0,0,0,0,0,0
S01009396,All people in households,736,110,626,648,45,603,67,45,22,21,20,1
S01009396,No central heating,0,0,0,0,0,0,0,0,0,0,0,0
S01009396,Gas central heating,717,109,608,629,44,585,67,45,22,21,20,1
S01009396,Electric (including storage heaters) central heating,10,0,10,10,0,10,0,0,0,0,0,0
S01009396,Oil central heating,0,0,0,0,0,0,0,0,0,0,0,0
S01009396,Solid fuel (for example wood coal) central heating,0,0,0,0,0,0,0,0,0,0,0,0
S01009396,Other central heating,0,0,0,0,0,0,0,0,0,0,0,0
S01009396,Two or more types of central heating,9,1,8,9,1,8,0,0,0,0,0,0
S01009397,All people in households,703,104,599,613,38,575,71,47,24,19,19,0
S01009397,No central heating,17,6,11,11,0,11,4,4,0,2,2,0
S01009397,Gas central heating,627,85,542,553,31,522,58,38,20,16,16,0
S01009397,Electric (including storage heaters) central heating,51,12,39,42,7,35,8,4,4,1,1,0
S01009397,Oil central heating,0,0,0,0,0,0,0,0,0,0,0,0
S01009397,Solid fuel (for example wood coal) central heating,0,0,0,0,0,0,0,0,0,0,0,0
S01009397,Other central heating,0,0,0,0,0,0,0,0,0,0,0,0
S01009397,Two or more types of central heating,8,1,7,7,0,7,1,1,0,0,0,0
S01009398,All people in households,688,107,581,602,41,561,64,44,20,22,22,0
S01009398,No central heating,7,0,7,7,0,7,0,0,0,0,0,0
S01009398,Gas central heating,618,94,524,544,36,508,56,40,16,18,18,0
S01009398,Electric (including storage heaters) central heating,46,11,35,38,5,33,5,3,2,3,3,0
S01009398,Oil central heating,0,0,0,0,0,0,0,0,0,0,0,0
S01009398,Solid fuel (for example wood coal) central heating,0,0,0,0,0,0,0,0,0,0,0,0
S01009398,Other central heating,5,1,4,3,0,3,1,0,1,1,1,0
S01009398,Two or more types of central heating,12,1,11,10,0,10,2,1,1,0,0,0
S01009399,All people in households,705,113,592,616,42,574,69,51,18,20,20,0
S01009399,No central heating,3,1,2,1,0,1,1,0,1,1,1,0
S01009399,Gas central heating,665,107,558,583,40,543,63,48,15,19,19,0
S01009399,Electric (including storage heaters) central heating,26,1,25,24,1,23,2,0,2,0,0,0
S01009399,Oil central heating,0,0,0,0,0,0,0,0,0,0,0,0
S01009399,Solid fuel (for example wood coal) central heating,0,0,0,0,0,0,0,0,0,0,0,0
S01009399,Other central heating,2,1,1,1,0,1,1,1,0,0,0,0
S01009399,Two or more types of central heating,9,3,6,7,1,6,2,2,0,0,0,0
S01009400,All people in households,519,94,425,436,39,397,66,38,28,17,17,0
S01009400,No central heating,5,0,5,5,0,5,0,0,0,0,0,0
S01009400,Gas central heating,499,89,410,423,39,384,61,35,26,15,15,0
S01009400,Electric (including storage heaters) central heating,9,5,4,2,0,2,5,3,2,2,2,0
S01009400,Oil central heating,0,0,0,0,0,0,0,0,0,0,0,0
S01009400,Solid fuel (for example wood coal) central heating,0,0,0,0,0,0,0,0,0,0,0,0
S01009400,Other central heating,0,0,0,0,0,0,0,0,0,0,0,0
S01009400,Two or more types of central heating,6,0,6,6,0,6,0,0,0,0,0,0
S01009401,All people in households,681,122,559,569,35,534,91,68,23,21,19,2
S01009401,No central heating,0,0,0,0,0,0,0,0,0,0,0,0
S01009401,Gas central heating,663,113,550,559,34,525,86,63,23,18,16,2
S01009401,Electric (including storage heaters) central heating,10,6,4,4,0,4,3,3,0,3,3,0
S01009401,Oil central heating,0,0,0,0,0,0,0,0,0,0,0,0
S01009401,Solid fuel (for example wood coal) central heating,0,0,0,0,0,0,0,0,0,0,0,0
S01009401,Other central heating,3,0,3,3,0,3,0,0,0,0,0,0
S01009401,Two or more types of central heating,5,3,2,3,1,2,2,2,0,0,0,0
S01009402,All people in households,944,165,779,803,57,746,102,70,32,39,38,1
S01009402,No central heating,2,0,2,2,0,2,0,0,0,0,0,0
S01009402,Gas central heating,900,142,758,775,49,726,91,60,31,34,33,1
S01009402,Electric (including storage heaters) central heating,26,14,12,15,4,11,7,6,1,4,4,0
S01009402,Oil central heating,0,0,0,0,0,0,0,0,0,0,0,0
S01009402,Solid fuel (for example wood coal) central heating,0,0,0,0,0,0,0,0,0,0,0,0
S01009402,Other central heating,0,0,0,0,0,0,0,0,0,0,0,0
S01009402,Two or more types of central heating,16,9,7,11,4,7,4,4,0,1,1,0
S01009403,All people in households,539,89,450,476,40,436,50,36,14,13,13,0
S01009403,No central heating,1,0,1,0,0,0,1,0,1,0,0,0
S01009403,Gas central heating,515,82,433,458,37,421,44,32,12,13,13,0
S01009403,Electric (including storage heaters) central heating,10,3,7,9,2,7,1,1,0,0,0,0
S01009403,Oil central heating,1,1,0,1,1,0,0,0,0,0,0,0
S01009403,Solid fuel (for example wood coal) central heating,8,0,8,7,0,7,1,0,1,0,0,0
S01009403,Other central heating,2,1,1,1,0,1,1,1,0,0,0,0
S01009403,Two or more types of central heating,2,2,0,0,0,0,2,2,0,0,0,0
S01009404,All people in households,546,128,418,435,40,395,71,49,22,40,39,1
S01009404,No central heating,0,0,0,0,0,0,0,0,0,0,0,0
S01009404,Gas central heating,520,120,400,416,38,378,66,45,21,38,37,1
S01009404,Electric (including storage heaters) central heating,11,5,6,6,1,5,4,3,1,1,1,0
S01009404,Oil central heating,4,1,3,3,0,3,1,1,0,0,0,0
S01009404,Solid fuel (for example wood coal) central heating,0,0,0,0,0,0,0,0,0,0,0,0
S01009404,Other central heating,6,0,6,6,0,6,0,0,0,0,0,0
S01009404,Two or more types of central heating,5,2,3,4,1,3,0,0,0,1,1,0
S01009405,All people in households,401,69,332,344,23,321,40,29,11,17,17,0
S01009405,No central heating,3,0,3,3,0,3,0,0,0,0,0,0
S01009405,Gas central heating,287,44,243,250,16,234,26,17,9,11,11,0
S01009405,Electric (including storage heaters) central heating,3,1,2,2,0,2,1,1,0,0,0,0
S01009405,Oil central heating,71,13,58,59,3,56,7,5,2,5,5,0
S01009405,Solid fuel (for example wood coal) central heating,5,2,3,3,0,3,1,1,0,1,1,0
S01009405,Other central heating,20,6,14,15,1,14,5,5,0,0,0,0
S01009405,Two or more types of central heating,12,3,9,12,3,9,0,0,0,0,0,0
S01009406,All people in households,904,191,713,729,53,676,122,89,33,53,49,4
S01009406,No central heating,9,2,7,5,0,5,3,1,2,1,1,0
S01009406,Gas central heating,850,177,673,689,50,639,114,83,31,47,44,3
S01009406,Electric (including storage heaters) central heating,22,9,13,13,1,12,4,4,0,5,4,1
S01009406,Oil central heating,2,0,2,2,0,2,0,0,0,0,0,0
S01009406,Solid fuel (for example wood coal) central heating,1,0,1,1,0,1,0,0,0,0,0,0
S01009406,Other central heating,0,0,0,0,0,0,0,0,0,0,0,0
S01009406,Two or more types of central heating,20,3,17,19,2,17,1,1,0,0,0,0
S01009407,All people in households,502,108,394,413,39,374,71,51,20,18,18,0
S01009407,No central heating,0,0,0,0,0,0,0,0,0,0,0,0
S01009407,Gas central heating,482,105,377,395,37,358,69,50,19,18,18,0
S01009407,Electric (including storage heaters) central heating,2,0,2,1,0,1,1,0,1,0,0,0
S01009407,Oil central heating,2,1,1,1,0,1,1,1,0,0,0,0
S01009407,Solid fuel (for example wood coal) central heating,0,0,0,0,0,0,0,0,0,0,0,0
S01009407,Other central heating,5,0,5,5,0,5,0,0,0,0,0,0
S01009407,Two or more types of central heating,11,2,9,11,2,9,0,0,0,0,0,0
S01009408,All people in households,739,103,636,645,37,608,78,50,28,16,16,0
S01009408,No central heating,0,0,0,0,0,0,0,0,0,0,0,0
S01009408,Gas central heating,698,93,605,611,33,578,71,44,27,16,16,0
S01009408,Electric (including storage heaters) central heating,14,5,9,10,1,9,4,4,0,0,0,0
S01009408,Oil central heating,6,0,6,6,0,6,0,0,0,0,0,0
S01009408,Solid fuel (for example wood coal) central heating,9,2,7,7,1,6,2,1,1,0,0,0
S01009408,Other central heating,3,2,1,2,1,1,1,1,0,0,0,0
S01009408,Two or more types of central heating,9,1,8,9,1,8,0,0,0,0,0,0
S01009409,All people in households,665,172,493,508,53,455,109,73,36,48,46,2
S01009409,No central heating,4,2,2,2,0,2,2,2,0,0,0,0
S01009409,Gas central heating,593,156,437,454,48,406,93,63,30,46,45,1
S01009409,Electric (including storage heaters) central heating,21,6,15,15,2,13,5,4,1,1,0,1
S01009409,Oil central heating,15,3,12,10,0,10,4,2,2,1,1,0
S01009409,Solid fuel (for example wood coal) central heating,3,1,2,2,0,2,1,1,0,0,0,0
S01009409,Other central heating,7,1,6,7,1,6,0,0,0,0,0,0
S01009409,Two or more types of central heating,22,3,19,18,2,16,4,1,3,0,0,0
S01009410,All people in households,877,174,703,697,46,651,124,76,48,56,52,4
S01009410,No central heating,0,0,0,0,0,0,0,0,0,0,0,0
S01009410,Gas central heating,837,160,677,670,43,627,116,70,46,51,47,4
S01009410,Electric (including storage heaters) central heating,16,6,10,12,3,9,2,1,1,2,2,0
S01009410,Oil central heating,0,0,0,0,0,0,0,0,0,0,0,0
S01009410,Solid fuel (for example wood coal) central heating,8,2,6,6,0,6,1,1,0,1,1,0
S01009410,Other central heating,0,0,0,0,0,0,0,0,0,0,0,0
S01009410,Two or more types of central heating,16,6,10,9,0,9,5,4,1,2,2,0
S01009411,All people in households,875,211,664,663,44,619,143,100,43,69,67,2
S01009411,No central heating,0,0,0,0,0,0,0,0,0,0,0,0
S01009411,Gas central heating,842,198,644,643,43,600,134,92,42,65,63,2
S01009411,Electric (including storage heaters) central heating,7,4,3,3,0,3,3,3,0,1,1,0
S01009411,Oil central heating,3,1,2,2,0,2,1,1,0,0,0,0
S01009411,Solid fuel (for example wood coal) central heating,8,4,4,4,1,3,4,3,1,0,0,0
S01009411,Other central heating,5,0,5,5,0,5,0,0,0,0,0,0
S01009411,Two or more types of central heating,10,4,6,6,0,6,1,1,0,3,3,0
S01009412,All people in households,848,214,634,632,47,585,143,94,49,73,73,0
S01009412,No central heating,9,1,8,7,0,7,2,1,1,0,0,0
S01009412,Gas central heating,808,202,606,608,47,561,127,82,45,73,73,0
S01009412,Electric (including storage heaters) central heating,7,3,4,4,0,4,3,3,0,0,0,0
S01009412,Oil central heating,1,1,0,0,0,0,1,1,0,0,0,0
S01009412,Solid fuel (for example wood coal) central heating,6,3,3,1,0,1,5,3,2,0,0,0
S01009412,Other central heating,2,0,2,1,0,1,1,0,1,0,0,0
S01009412,Two or more types of central heating,15,4,11,11,0,11,4,4,0,0,0,0
S01009413,All people in households,988,199,789,799,61,738,138,91,47,51,47,4
S01009413,No central heating,4,0,4,4,0,4,0,0,0,0,0,0
S01009413,Gas central heating,938,183,755,761,56,705,132,86,46,45,41,4
S01009413,Electric (including storage heaters) central heating,8,3,5,5,0,5,1,1,0,2,2,0
S01009413,Oil central heating,2,1,1,2,1,1,0,0,0,0,0,0
S01009413,Solid fuel (for example wood coal) central heating,6,3,3,3,0,3,2,2,0,1,1,0
S01009413,Other central heating,0,0,0,0,0,0,0,0,0,0,0,0
S01009413,Two or more types of central heating,30,9,21,24,4,20,3,2,1,3,3,0
S01009414,All people in households,682,153,529,528,42,486,104,62,42,50,49,1
S01009414,No central heating,5,1,4,5,1,4,0,0,0,0,0,0
S01009414,Gas central heating,612,135,477,478,35,443,92,59,33,42,41,1
S01009414,Electric (including storage heaters) central heating,43,13,30,27,5,22,9,1,8,7,7,0
S01009414,Oil central heating,2,1,1,1,0,1,1,1,0,0,0,0
S01009414,Solid fuel (for example wood coal) central heating,5,1,4,3,0,3,1,0,1,1,1,0
S01009414,Other central heating,5,1,4,5,1,4,0,0,0,0,0,0
S01009414,Two or more types of central heating,10,1,9,9,0,9,1,1,0,0,0,0
S01009415,All people in households,791,204,587,586,48,538,149,103,46,56,53,3
S01009415,No central heating,4,0,4,3,0,3,1,0,1,0,0,0
S01009415,Gas central heating,729,191,538,539,45,494,138,97,41,52,49,3
S01009415,Electric (including storage heaters) central heating,40,9,31,32,3,29,5,3,2,3,3,0
S01009415,Oil central heating,0,0,0,0,0,0,0,0,0,0,0,0
S01009415,Solid fuel (for example wood coal) central heating,0,0,0,0,0,0,0,0,0,0,0,0
S01009415,Other central heating,3,0,3,3,0,3,0,0,0,0,0,0
S01009415,Two or more types of central heating,15,4,11,9,0,9,5,3,2,1,1,0
S01009416,All people in households,528,89,439,450,33,417,64,42,22,14,14,0
S01009416,No central heating,0,0,0,0,0,0,0,0,0,0,0,0
S01009416,Gas central heating,514,82,432,441,31,410,62,40,22,11,11,0
S01009416,Electric (including storage heaters) central heating,3,1,2,2,0,2,1,1,0,0,0,0
S01009416,Oil central heating,0,0,0,0,0,0,0,0,0,0,0,0
S01009416,Solid fuel (for example wood coal) central heating,2,2,0,0,0,0,0,0,0,2,2,0
S01009416,Other central heating,8,4,4,6,2,4,1,1,0,1,1,0
S01009416,Two or more types of central heating,1,0,1,1,0,1,0,0,0,0,0,0
S01009417,All people in households,304,43,261,265,14,251,29,20,9,10,9,1
S01009417,No central heating,2,1,1,1,0,1,1,1,0,0,0,0
S01009417,Gas central heating,233,34,199,204,13,191,21,14,7,8,7,1
S01009417,Electric (including storage heaters) central heating,5,1,4,4,0,4,0,0,0,1,1,0
S01009417,Oil central heating,48,4,44,44,1,43,4,3,1,0,0,0
S01009417,Solid fuel (for example wood coal) central heating,4,1,3,3,0,3,1,1,0,0,0,0
S01009417,Other central heating,6,2,4,4,0,4,1,1,0,1,1,0
S01009417,Two or more types of central heating,6,0,6,5,0,5,1,0,1,0,0,0
S01009418,All people in households,1078,291,787,789,71,718,197,131,66,92,89,3
S01009418,No central heating,7,2,5,3,1,2,4,1,3,0,0,0
S01009418,Gas central heating,1014,275,739,741,64,677,184,125,59,89,86,3
S01009418,Electric (including storage heaters) central heating,22,7,15,13,2,11,7,3,4,2,2,0
S01009418,Oil central heating,0,0,0,0,0,0,0,0,0,0,0,0
S01009418,Solid fuel (for example wood coal) central heating,2,1,1,1,0,1,1,1,0,0,0,0
S01009418,Other central heating,0,0,0,0,0,0,0,0,0,0,0,0
S01009418,Two or more types of central heating,33,6,27,31,4,27,1,1,0,1,1,0
S01009419,All people in households,574,137,437,442,34,408,94,65,29,38,38,0
S01009419,No central heating,0,0,0,0,0,0,0,0,0,0,0,0
S01009419,Gas central heating,554,133,421,426,33,393,90,62,28,38,38,0
S01009419,Electric (including storage heaters) central heating,0,0,0,0,0,0,0,0,0,0,0,0
S01009419,Oil central heating,0,0,0,0,0,0,0,0,0,0,0,0
S01009419,Solid fuel (for example wood coal) central heating,7,2,5,4,0,4,3,2,1,0,0,0
S01009419,Other central heating,0,0,0,0,0,0,0,0,0,0,0,0
S01009419,Two or more types of central heating,13,2,11,12,1,11,1,1,0,0,0,0
S01009420,All people in households,632,146,486,498,40,458,80,52,28,54,54,0
S01009420,No central heating,0,0,0,0,0,0,0,0,0,0,0,0
S01009420,Gas central heating,597,139,458,470,39,431,74,47,27,53,53,0
S01009420,Electric (including storage heaters) central heating,7,1,6,6,0,6,0,0,0,1,1,0
S01009420,Oil central heating,2,1,1,1,0,1,1,1,0,0,0,0
S01009420,Solid fuel (for example wood coal) central heating,13,5,8,8,1,7,5,4,1,0,0,0
S01009420,Other central heating,6,0,6,6,0,6,0,0,0,0,0,0
S01009420,Two or more types of central heating,7,0,7,7,0,7,0,0,0,0,0,0
S01009421,All people in households,722,148,574,573,43,530,104,62,42,45,43,2
S01009421,No central heating,0,0,0,0,0,0,0,0,0,0,0,0
S01009421,Gas central heating,701,146,555,556,43,513,102,61,41,43,42,1
S01009421,Electric (including storage heaters) central heating,10,1,9,9,0,9,1,1,0,0,0,0
S01009421,Oil central heating,0,0,0,0,0,0,0,0,0,0,0,0
S01009421,Solid fuel (for example wood coal) central heating,0,0,0,0,0,0,0,0,0,0,0,0
S01009421,Other central heating,0,0,0,0,0,0,0,0,0,0,0,0
S01009421,Two or more types of central heating,11,1,10,8,0,8,1,0,1,2,1,1
S01009422,All people in households,810,210,600,632,67,565,128,95,33,50,48,2
S01009422,No central heating,2,0,2,2,0,2,0,0,0,0,0,0
S01009422,Gas central heating,775,198,577,604,61,543,123,91,32,48,46,2
S01009422,Electric (including storage heaters) central heating,7,3,4,6,2,4,0,0,0,1,1,0
S01009422,Oil central heating,0,0,0,0,0,0,0,0,0,0,0,0
S01009422,Solid fuel (for example wood coal) central heating,7,3,4,7,3,4,0,0,0,0,0,0
S01009422,Other central heating,1,1,0,0,0,0,1,1,0,0,0,0
S01009422,Two or more types of central heating,18,5,13,13,1,12,4,3,1,1,1,0
S01009423,All people in households,932,97,835,867,47,820,48,33,15,17,17,0
S01009423,No central heating,0,0,0,0,0,0,0,0,0,0,0,0
S01009423,Gas central heating,930,97,833,865,47,818,48,33,15,17,17,0
S01009423,Electric (including storage heaters) central heating,0,0,0,0,0,0,0,0,0,0,0,0
S01009423,Oil central heating,0,0,0,0,0,0,0,0,0,0,0,0
S01009423,Solid fuel (for example wood coal) central heating,0,0,0,0,0,0,0,0,0,0,0,0
S01009423,Other central heating,0,0,0,0,0,0,0,0,0,0,0,0
S01009423,Two or more types of central heating,2,0,2,2,0,2,0,0,0,0,0,0
S01009424,All people in households,551,140,411,439,45,394,82,65,17,30,30,0
S01009424,No central heating,2,2,0,0,0,0,1,1,0,1,1,0
S01009424,Gas central heating,531,133,398,425,43,382,78,62,16,28,28,0
S01009424,Electric (including storage heaters) central heating,14,2,12,12,1,11,1,0,1,1,1,0
S01009424,Oil central heating,1,1,0,1,1,0,0,0,0,0,0,0
S01009424,Solid fuel (for example wood coal) central heating,0,0,0,0,0,0,0,0,0,0,0,0
S01009424,Other central heating,0,0,0,0,0,0,0,0,0,0,0,0
S01009424,Two or more types of central heating,3,2,1,1,0,1,2,2,0,0,0,0
S01009425,All people in households,739,199,540,562,64,498,114,75,39,63,60,3
S01009425,No central heating,0,0,0,0,0,0,0,0,0,0,0,0
S01009425,Gas central heating,711,187,524,543,61,482,111,72,39,57,54,3
S01009425,Electric (including storage heaters) central heating,8,2,6,7,1,6,0,0,0,1,1,0
S01009425,Oil central heating,5,1,4,5,1,4,0,0,0,0,0,0
S01009425,Solid fuel (for example wood coal) central heating,7,5,2,3,1,2,2,2,0,2,2,0
S01009425,Other central heating,0,0,0,0,0,0,0,0,0,0,0,0
S01009425,Two or more types of central heating,8,4,4,4,0,4,1,1,0,3,3,0
S01009426,All people in households,776,239,537,555,60,495,148,110,38,73,69,4
S01009426,No central heating,5,3,2,3,1,2,1,1,0,1,1,0
S01009426,Gas central heating,738,220,518,530,51,479,137,102,35,71,67,4
S01009426,Electric (including storage heaters) central heating,15,6,9,10,3,7,5,3,2,0,0,0
S01009426,Oil central heating,0,0,0,0,0,0,0,0,0,0,0,0
S01009426,Solid fuel (for example wood coal) central heating,6,3,3,4,2,2,2,1,1,0,0,0
S01009426,Other central heating,1,1,0,1,1,0,0,0,0,0,0,0
S01009426,Two or more types of central heating,11,6,5,7,2,5,3,3,0,1,1,0
S01009427,All people in households,608,187,421,426,44,382,131,93,38,51,50,1
S01009427,No central heating,1,0,1,1,0,1,0,0,0,0,0,0
S01009427,Gas central heating,577,182,395,399,42,357,127,90,37,51,50,1
S01009427,Electric (including storage heaters) central heating,10,1,9,10,1,9,0,0,0,0,0,0
S01009427,Oil central heating,0,0,0,0,0,0,0,0,0,0,0,0
S01009427,Solid fuel (for example wood coal) central heating,6,2,4,5,1,4,1,1,0,0,0,0
S01009427,Other central heating,0,0,0,0,0,0,0,0,0,0,0,0
S01009427,Two or more types of central heating,14,2,12,11,0,11,3,2,1,0,0,0
S01009428,All people in households,588,141,447,467,38,429,83,66,17,38,37,1
S01009428,No central heating,6,1,5,4,0,4,2,1,1,0,0,0
S01009428,Gas central heating,473,110,363,379,31,348,67,53,14,27,26,1
S01009428,Electric (including storage heaters) central heating,100,28,72,77,7,70,14,12,2,9,9,0
S01009428,Oil central heating,2,0,2,2,0,2,0,0,0,0,0,0
S01009428,Solid fuel (for example wood coal) central heating,3,2,1,1,0,1,0,0,0,2,2,0
S01009428,Other central heating,0,0,0,0,0,0,0,0,0,0,0,0
S01009428,Two or more types of central heating,4,0,4,4,0,4,0,0,0,0,0,0
S01009429,All people in households,704,239,465,477,50,427,145,107,38,82,82,0
S01009429,No central heating,6,0,6,6,0,6,0,0,0,0,0,0
S01009429,Gas central heating,669,226,443,456,48,408,138,103,35,75,75,0
S01009429,Electric (including storage heaters) central heating,7,1,6,4,0,4,2,0,2,1,1,0
S01009429,Oil central heating,0,0,0,0,0,0,0,0,0,0,0,0
S01009429,Solid fuel (for example wood coal) central heating,12,9,3,3,0,3,3,3,0,6,6,0
S01009429,Other central heating,3,1,2,2,0,2,1,1,0,0,0,0
S01009429,Two or more types of central heating,7,2,5,6,2,4,1,0,1,0,0,0
S01009430,All people in households,737,191,546,551,46,505,129,89,40,57,56,1
S01009430,No central heating,1,0,1,1,0,1,0,0,0,0,0,0
S01009430,Gas central heating,688,177,511,515,45,470,122,82,40,51,50,1
S01009430,Electric (including storage heaters) central heating,13,0,13,13,0,13,0,0,0,0,0,0
S01009430,Oil central heating,0,0,0,0,0,0,0,0,0,0,0,0
S01009430,Solid fuel (for example wood coal) central heating,5,2,3,3,0,3,1,1,0,1,1,0
S01009430,Other central heating,2,0,2,2,0,2,0,0,0,0,0,0
S01009430,Two or more types of central heating,28,12,16,17,1,16,6,6,0,5,5,0
S01009431,All people in households,672,197,475,498,56,442,110,80,30,64,61,3
S01009431,No central heating,8,0,8,6,0,6,2,0,2,0,0,0
S01009431,Gas central heating,563,166,397,405,37,368,100,74,26,58,55,3
S01009431,Electric (including storage heaters) central heating,61,17,44,50,8,42,7,5,2,4,4,0
S01009431,Oil central heating,13,5,8,13,5,8,0,0,0,0,0,0
S01009431,Solid fuel (for example wood coal) central heating,16,8,8,13,5,8,1,1,0,2,2,0
S01009431,Other central heating,5,1,4,5,1,4,0,0,0,0,0,0
S01009431,Two or more types of central heating,6,0,6,6,0,6,0,0,0,0,0,0
S01009432,All people in households,809,218,591,595,53,542,122,75,47,92,90,2
S01009432,No central heating,0,0,0,0,0,0,0,0,0,0,0,0
S01009432,Gas central heating,767,210,557,563,51,512,113,70,43,91,89,2
S01009432,Electric (including storage heaters) central heating,12,3,9,9,1,8,2,1,1,1,1,0
S01009432,Oil central heating,2,0,2,2,0,2,0,0,0,0,0,0
S01009432,Solid fuel (for example wood coal) central heating,0,0,0,0,0,0,0,0,0,0,0,0
S01009432,Other central heating,8,1,7,6,0,6,2,1,1,0,0,0
S01009432,Two or more types of central heating,20,4,16,15,1,14,5,3,2,0,0,0
S01009433,All people in households,824,201,623,625,43,582,142,104,38,57,54,3
S01009433,No central heating,0,0,0,0,0,0,0,0,0,0,0,0
S01009433,Gas central heating,791,189,602,607,42,565,132,98,34,52,49,3
S01009433,Electric (including storage heaters) central heating,23,9,14,11,1,10,8,4,4,4,4,0
S01009433,Oil central heating,0,0,0,0,0,0,0,0,0,0,0,0
S01009433,Solid fuel (for example wood coal) central heating,2,1,1,1,0,1,1,1,0,0,0,0
S01009433,Other central heating,0,0,0,0,0,0,0,0,0,0,0,0
S01009433,Two or more types of central heating,8,2,6,6,0,6,1,1,0,1,1,0
S01009434,All people in households,543,160,383,394,41,353,105,76,29,44,43,1
S01009434,No central heating,0,0,0,0,0,0,0,0,0,0,0,0
S01009434,Gas central heating,485,146,339,350,37,313,95,70,25,40,39,1
S01009434,Electric (including storage heaters) central heating,7,3,4,5,1,4,2,2,0,0,0,0
S01009434,Oil central heating,6,2,4,4,0,4,1,1,0,1,1,0
S01009434,Solid fuel (for example wood coal) central heating,32,8,24,25,3,22,4,2,2,3,3,0
S01009434,Other central heating,4,1,3,3,0,3,1,1,0,0,0,0
S01009434,Two or more types of central heating,9,0,9,7,0,7,2,0,2,0,0,0
S01009435,All people in households,774,191,583,594,55,539,116,76,40,64,60,4
S01009435,No central heating,5,3,2,3,1,2,2,2,0,0,0,0
S01009435,Gas central heating,716,176,540,554,51,503,101,68,33,61,57,4
S01009435,Electric (including storage heaters) central heating,16,1,15,13,1,12,3,0,3,0,0,0
S01009435,Oil central heating,0,0,0,0,0,0,0,0,0,0,0,0
S01009435,Solid fuel (for example wood coal) central heating,7,1,6,5,0,5,2,1,1,0,0,0
S01009435,Other central heating,0,0,0,0,0,0,0,0,0,0,0,0
S01009435,Two or more types of central heating,30,10,20,19,2,17,8,5,3,3,3,0
S01009436,All people in households,701,163,538,551,46,505,106,77,29,44,40,4
S01009436,No central heating,6,0,6,6,0,6,0,0,0,0,0,0
S01009436,Gas central heating,677,154,523,535,43,492,102,74,28,40,37,3
S01009436,Electric (including storage heaters) central heating,3,2,1,2,1,1,1,1,0,0,0,0
S01009436,Oil central heating,0,0,0,0,0,0,0,0,0,0,0,0
S01009436,Solid fuel (for example wood coal) central heating,1,1,0,0,0,0,0,0,0,1,1,0
S01009436,Other central heating,0,0,0,0,0,0,0,0,0,0,0,0
S01009436,Two or more types of central heating,14,6,8,8,2,6,3,2,1,3,2,1
S01009437,All people in households,678,173,505,525,49,476,94,65,29,59,59,0
S01009437,No central heating,5,1,4,4,0,4,0,0,0,1,1,0
S01009437,Gas central heating,635,160,475,496,47,449,86,60,26,53,53,0
S01009437,Electric (including storage heaters) central heating,5,2,3,4,1,3,1,1,0,0,0,0
S01009437,Oil central heating,0,0,0,0,0,0,0,0,0,0,0,0
S01009437,Solid fuel (for example wood coal) central heating,2,1,1,0,0,0,1,0,1,1,1,0
S01009437,Other central heating,0,0,0,0,0,0,0,0,0,0,0,0
S01009437,Two or more types of central heating,31,9,22,21,1,20,6,4,2,4,4,0
S01009438,All people in households,872,244,628,631,47,584,160,121,39,81,76,5
S01009438,No central heating,2,0,2,1,0,1,1,0,1,0,0,0
S01009438,Gas central heating,808,232,576,583,46,537,154,117,37,71,69,2
S01009438,Electric (including storage heaters) central heating,30,6,24,23,0,23,3,2,1,4,4,0
S01009438,Oil central heating,8,1,7,7,0,7,0,0,0,1,1,0
S01009438,Solid fuel (for example wood coal) central heating,0,0,0,0,0,0,0,0,0,0,0,0
S01009438,Other central heating,0,0,0,0,0,0,0,0,0,0,0,0
S01009438,Two or more types of central heating,24,5,19,17,1,16,2,2,0,5,2,3
S01009439,All people in households,923,242,681,693,53,640,148,109,39,82,80,2
S01009439,No central heating,0,0,0,0,0,0,0,0,0,0,0,0
S01009439,Gas central heating,878,233,645,658,52,606,143,106,37,77,75,2
S01009439,Electric (including storage heaters) central heating,14,0,14,14,0,14,0,0,0,0,0,0
S01009439,Oil central heating,1,1,0,0,0,0,0,0,0,1,1,0
S01009439,Solid fuel (for example wood coal) central heating,6,5,1,1,0,1,2,2,0,3,3,0
S01009439,Other central heating,0,0,0,0,0,0,0,0,0,0,0,0
S01009439,Two or more types of central heating,24,3,21,20,1,19,3,1,2,1,1,0
S01009440,All people in households,638,188,450,475,50,425,112,87,25,51,51,0
S01009440,No central heating,0,0,0,0,0,0,0,0,0,0,0,0
S01009440,Gas central heating,603,179,424,446,46,400,107,83,24,50,50,0
S01009440,Electric (including storage heaters) central heating,5,1,4,5,1,4,0,0,0,0,0,0
S01009440,Oil central heating,2,0,2,2,0,2,0,0,0,0,0,0
S01009440,Solid fuel (for example wood coal) central heating,3,3,0,2,2,0,1,1,0,0,0,0
S01009440,Other central heating,0,0,0,0,0,0,0,0,0,0,0,0
S01009440,Two or more types of central heating,25,5,20,20,1,19,4,3,1,1,1,0
S01009441,All people in households,836,178,658,662,50,612,118,72,46,56,56,0
S01009441,No central heating,7,1,6,5,0,5,2,1,1,0,0,0
S01009441,Gas central heating,806,168,638,642,46,596,109,67,42,55,55,0
S01009441,Electric (including storage heaters) central heating,2,2,0,0,0,0,2,2,0,0,0,0
S01009441,Oil central heating,3,0,3,3,0,3,0,0,0,0,0,0
S01009441,Solid fuel (for example wood coal) central heating,4,3,1,1,0,1,2,2,0,1,1,0
S01009441,Other central heating,3,0,3,2,0,2,1,0,1,0,0,0
S01009441,Two or more types of central heating,11,4,7,9,4,5,2,0,2,0,0,0
S01009442,All people in households,563,94,469,487,32,455,47,33,14,29,29,0
S01009442,No central heating,8,3,5,5,0,5,1,1,0,2,2,0
S01009442,Gas central heating,467,79,388,401,24,377,40,29,11,26,26,0
S01009442,Electric (including storage heaters) central heating,9,2,7,7,1,6,2,1,1,0,0,0
S01009442,Oil central heating,55,6,49,52,5,47,2,0,2,1,1,0
S01009442,Solid fuel (for example wood coal) central heating,10,2,8,9,1,8,1,1,0,0,0,0
S01009442,Other central heating,10,2,8,9,1,8,1,1,0,0,0,0
S01009442,Two or more types of central heating,4,0,4,4,0,4,0,0,0,0,0,0
S01009443,All people in households,666,170,496,511,41,470,99,77,22,56,52,4
S01009443,No central heating,9,1,8,8,0,8,1,1,0,0,0,0
S01009443,Gas central heating,449,126,323,334,27,307,69,57,12,46,42,4
S01009443,Electric (including storage heaters) central heating,41,9,32,32,4,28,8,4,4,1,1,0
S01009443,Oil central heating,121,25,96,101,9,92,14,10,4,6,6,0
S01009443,Solid fuel (for example wood coal) central heating,14,2,12,13,1,12,1,1,0,0,0,0
S01009443,Other central heating,9,1,8,8,0,8,1,1,0,0,0,0
S01009443,Two or more types of central heating,23,6,17,15,0,15,5,3,2,3,3,0
S01009444,All people in households,846,162,684,724,67,657,93,68,25,29,27,2
S01009444,No central heating,2,0,2,2,0,2,0,0,0,0,0,0
S01009444,Gas central heating,813,155,658,701,66,635,85,64,21,27,25,2
S01009444,Electric (including storage heaters) central heating,8,3,5,3,0,3,4,2,2,1,1,0
S01009444,Oil central heating,9,2,7,7,0,7,1,1,0,1,1,0
S01009444,Solid fuel (for example wood coal) central heating,0,0,0,0,0,0,0,0,0,0,0,0
S01009444,Other central heating,1,0,1,1,0,1,0,0,0,0,0,0
S01009444,Two or more types of central heating,13,2,11,10,1,9,3,1,2,0,0,0
S01009445,All people in households,778,198,580,580,48,532,135,87,48,63,63,0
S01009445,No central heating,3,2,1,1,0,1,0,0,0,2,2,0
S01009445,Gas central heating,731,189,542,545,46,499,128,85,43,58,58,0
S01009445,Electric (including storage heaters) central heating,14,1,13,11,0,11,2,0,2,1,1,0
S01009445,Oil central heating,3,0,3,3,0,3,0,0,0,0,0,0
S01009445,Solid fuel (for example wood coal) central heating,6,3,3,2,1,1,3,1,2,1,1,0
S01009445,Other central heating,2,0,2,2,0,2,0,0,0,0,0,0
S01009445,Two or more types of central heating,19,3,16,16,1,15,2,1,1,1,1,0
S01009446,All people in households,878,273,605,612,58,554,184,134,50,82,81,1
S01009446,No central heating,9,1,8,9,1,8,0,0,0,0,0,0
S01009446,Gas central heating,791,244,547,550,51,499,168,121,47,73,72,1
S01009446,Electric (including storage heaters) central heating,58,22,36,37,3,34,14,12,2,7,7,0
S01009446,Oil central heating,3,1,2,3,1,2,0,0,0,0,0,0
S01009446,Solid fuel (for example wood coal) central heating,2,1,1,1,0,1,1,1,0,0,0,0
S01009446,Other central heating,0,0,0,0,0,0,0,0,0,0,0,0
S01009446,Two or more types of central heating,15,4,11,12,2,10,1,0,1,2,2,0
S01009447,All people in households,486,128,358,363,30,333,77,54,23,46,44,2
S01009447,No central heating,2,2,0,0,0,0,2,2,0,0,0,0
S01009447,Gas central heating,463,117,346,345,24,321,74,51,23,44,42,2
S01009447,Electric (including storage heaters) central heating,8,3,5,7,2,5,0,0,0,1,1,0
S01009447,Oil central heating,2,1,1,1,0,1,0,0,0,1,1,0
S01009447,Solid fuel (for example wood coal) central heating,3,3,0,3,3,0,0,0,0,0,0,0
S01009447,Other central heating,6,2,4,5,1,4,1,1,0,0,0,0
S01009447,Two or more types of central heating,2,0,2,2,0,2,0,0,0,0,0,0
S01009448,All people in households,808,180,628,637,46,591,121,84,37,50,50,0
S01009448,No central heating,2,0,2,2,0,2,0,0,0,0,0,0
S01009448,Gas central heating,775,172,603,615,46,569,113,79,34,47,47,0
S01009448,Electric (including storage heaters) central heating,12,5,7,5,0,5,6,4,2,1,1,0
S01009448,Oil central heating,0,0,0,0,0,0,0,0,0,0,0,0
S01009448,Solid fuel (for example wood coal) central heating,3,1,2,2,0,2,0,0,0,1,1,0
S01009448,Other central heating,3,0,3,3,0,3,0,0,0,0,0,0
S01009448,Two or more types of central heating,13,2,11,10,0,10,2,1,1,1,1,0
S01009449,All people in households,528,131,397,396,32,364,84,53,31,48,46,2
S01009449,No central heating,4,3,1,2,1,1,2,2,0,0,0,0
S01009449,Gas central heating,497,113,384,377,25,352,78,48,30,42,40,2
S01009449,Electric (including storage heaters) central heating,14,7,7,9,2,7,3,3,0,2,2,0
S01009449,Oil central heating,0,0,0,0,0,0,0,0,0,0,0,0
S01009449,Solid fuel (for example wood coal) central heating,10,6,4,6,3,3,1,0,1,3,3,0
S01009449,Other central heating,0,0,0,0,0,0,0,0,0,0,0,0
S01009449,Two or more types of central heating,3,2,1,2,1,1,0,0,0,1,1,0
S01009450,All people in households,596,152,444,437,35,402,110,68,42,49,49,0
S01009450,No central heating,2,0,2,2,0,2,0,0,0,0,0,0
S01009450,Gas central heating,438,131,307,306,33,273,87,53,34,45,45,0
S01009450,Electric (including storage heaters) central heating,131,13,118,113,2,111,15,8,7,3,3,0
S01009450,Oil central heating,0,0,0,0,0,0,0,0,0,0,0,0
S01009450,Solid fuel (for example wood coal) central heating,4,3,1,1,0,1,3,3,0,0,0,0
S01009450,Other central heating,17,5,12,11,0,11,5,4,1,1,1,0
S01009450,Two or more types of central heating,4,0,4,4,0,4,0,0,0,0,0,0
S01009451,All people in households,1014,259,755,795,82,713,144,104,40,75,73,2
S01009451,No central heating,0,0,0,0,0,0,0,0,0,0,0,0
S01009451,Gas central heating,960,253,707,748,81,667,138,100,38,74,72,2
S01009451,Electric (including storage heaters) central heating,34,5,29,29,1,28,5,4,1,0,0,0
S01009451,Oil central heating,0,0,0,0,0,0,0,0,0,0,0,0
S01009451,Solid fuel (for example wood coal) central heating,4,0,4,4,0,4,0,0,0,0,0,0
S01009451,Other central heating,0,0,0,0,0,0,0,0,0,0,0,0
S01009451,Two or more types of central heating,16,1,15,14,0,14,1,0,1,1,1,0
S01009452,All people in households,503,142,361,368,29,339,81,61,20,54,52,2
S01009452,No central heating,0,0,0,0,0,0,0,0,0,0,0,0
S01009452,Gas central heating,460,134,326,333,26,307,76,59,17,51,49,2
S01009452,Electric (including storage heaters) central heating,26,5,21,20,1,19,4,2,2,2,2,0
S01009452,Oil central heating,3,0,3,3,0,3,0,0,0,0,0,0
S01009452,Solid fuel (for example wood coal) central heating,1,1,0,1,1,0,0,0,0,0,0,0
S01009452,Other central heating,1,0,1,1,0,1,0,0,0,0,0,0
S01009452,Two or more types of central heating,12,2,10,10,1,9,1,0,1,1,1,0
S01009453,All people in households,981,299,682,721,87,634,167,122,45,93,90,3
S01009453,No central heating,0,0,0,0,0,0,0,0,0,0,0,0
S01009453,Gas central heating,887,269,618,657,80,577,149,111,38,81,78,3
S01009453,Electric (including storage heaters) central heating,71,25,46,47,6,41,13,8,5,11,11,0
S01009453,Oil central heating,0,0,0,0,0,0,0,0,0,0,0,0
S01009453,Solid fuel (for example wood coal) central heating,3,1,2,2,0,2,0,0,0,1,1,0
S01009453,Other central heating,3,0,3,2,0,2,1,0,1,0,0,0
S01009453,Two or more types of central heating,17,4,13,13,1,12,4,3,1,0,0,0
S01009454,All people in households,878,128,750,780,55,725,73,48,25,25,25,0
S01009454,No central heating,6,0,6,5,0,5,1,0,1,0,0,0
S01009454,Gas central heating,821,115,706,735,50,685,63,42,21,23,23,0
S01009454,Electric (including storage heaters) central heating,21,7,14,15,3,12,5,3,2,1,1,0
S01009454,Oil central heating,8,1,7,8,1,7,0,0,0,0,0,0
S01009454,Solid fuel (for example wood coal) central heating,5,2,3,3,0,3,1,1,0,1,1,0
S01009454,Other central heating,0,0,0,0,0,0,0,0,0,0,0,0
S01009454,Two or more types of central heating,17,3,14,14,1,13,3,2,1,0,0,0
S01009455,All people in households,847,156,691,726,55,671,82,67,15,39,34,5
S01009455,No central heating,16,5,11,14,3,11,0,0,0,2,2,0
S01009455,Gas central heating,709,130,579,611,48,563,68,57,11,30,25,5
S01009455,Electric (including storage heaters) central heating,31,9,22,22,2,20,6,4,2,3,3,0
S01009455,Oil central heating,62,5,57,56,0,56,5,4,1,1,1,0
S01009455,Solid fuel (for example wood coal) central heating,6,3,3,3,1,2,1,0,1,2,2,0
S01009455,Other central heating,7,0,7,7,0,7,0,0,0,0,0,0
S01009455,Two or more types of central heating,16,4,12,13,1,12,2,2,0,1,1,0
S01009456,All people in households,664,180,484,491,49,442,120,80,40,53,51,2
S01009456,No central heating,8,0,8,6,0,6,2,0,2,0,0,0
S01009456,Gas central heating,582,164,418,427,44,383,104,71,33,51,49,2
S01009456,Electric (including storage heaters) central heating,8,3,5,5,0,5,3,3,0,0,0,0
S01009456,Oil central heating,34,1,33,32,1,31,2,0,2,0,0,0
S01009456,Solid fuel (for example wood coal) central heating,9,5,4,5,1,4,3,3,0,1,1,0
S01009456,Other central heating,5,1,4,3,0,3,2,1,1,0,0,0
S01009456,Two or more types of central heating,18,6,12,13,3,10,4,2,2,1,1,0
S01009457,All people in households,587,113,474,495,38,457,63,46,17,29,29,0
S01009457,No central heating,25,4,21,20,1,19,2,0,2,3,3,0
S01009457,Gas central heating,103,21,82,83,4,79,11,8,3,9,9,0
S01009457,Electric (including storage heaters) central heating,97,23,74,78,8,70,14,10,4,5,5,0
S01009457,Oil central heating,253,46,207,224,24,200,24,17,7,5,5,0
S01009457,Solid fuel (for example wood coal) central heating,43,6,37,37,0,37,3,3,0,3,3,0
S01009457,Other central heating,50,8,42,41,0,41,7,6,1,2,2,0
S01009457,Two or more types of central heating,16,5,11,12,1,11,2,2,0,2,2,0
S01009458,All people in households,661,144,517,541,49,492,84,60,24,36,35,1
S01009458,No central heating,7,2,5,3,0,3,3,1,2,1,1,0
S01009458,Gas central heating,575,124,451,478,43,435,66,51,15,31,30,1
S01009458,Electric (including storage heaters) central heating,49,13,36,39,6,33,9,6,3,1,1,0
S01009458,Oil central heating,0,0,0,0,0,0,0,0,0,0,0,0
S01009458,Solid fuel (for example wood coal) central heating,2,0,2,2,0,2,0,0,0,0,0,0
S01009458,Other central heating,0,0,0,0,0,0,0,0,0,0,0,0
S01009458,Two or more types of central heating,28,5,23,19,0,19,6,2,4,3,3,0
S01009459,All people in households,865,196,669,682,59,623,123,81,42,60,56,4
S01009459,No central heating,15,9,6,7,2,5,2,2,0,6,5,1
S01009459,Gas central heating,791,163,628,637,51,586,107,68,39,47,44,3
S01009459,Electric (including storage heaters) central heating,47,19,28,29,4,25,12,9,3,6,6,0
S01009459,Oil central heating,2,2,0,1,1,0,0,0,0,1,1,0
S01009459,Solid fuel (for example wood coal) central heating,0,0,0,0,0,0,0,0,0,0,0,0
S01009459,Other central heating,2,1,1,2,1,1,0,0,0,0,0,0
S01009459,Two or more types of central heating,8,2,6,6,0,6,2,2,0,0,0,0
S01009460,All people in households,854,175,679,682,55,627,129,78,51,43,42,1
S01009460,No central heating,6,0,6,6,0,6,0,0,0,0,0,0
S01009460,Gas central heating,804,164,640,642,49,593,120,74,46,42,41,1
S01009460,Electric (including storage heaters) central heating,20,6,14,16,3,13,3,2,1,1,1,0
S01009460,Oil central heating,2,2,0,2,2,0,0,0,0,0,0,0
S01009460,Solid fuel (for example wood coal) central heating,1,0,1,1,0,1,0,0,0,0,0,0
S01009460,Other central heating,3,0,3,3,0,3,0,0,0,0,0,0
S01009460,Two or more types of central heating,18,3,15,12,1,11,6,2,4,0,0,0
S01009461,All people in households,576,48,528,522,13,509,36,17,19,18,18,0
S01009461,No central heating,2,0,2,2,0,2,0,0,0,0,0,0
S01009461,Gas central heating,554,47,507,501,13,488,35,16,19,18,18,0
S01009461,Electric (including storage heaters) central heating,6,1,5,5,0,5,1,1,0,0,0,0
S01009461,Oil central heating,5,0,5,5,0,5,0,0,0,0,0,0
S01009461,Solid fuel (for example wood coal) central heating,0,0,0,0,0,0,0,0,0,0,0,0
S01009461,Other central heating,0,0,0,0,0,0,0,0,0,0,0,0
S01009461,Two or more types of central heating,9,0,9,9,0,9,0,0,0,0,0,0
S01009462,All people in households,694,130,564,568,37,531,96,63,33,30,30,0
S01009462,No central heating,7,0,7,7,0,7,0,0,0,0,0,0
S01009462,Gas central heating,578,109,469,477,33,444,76,51,25,25,25,0
S01009462,Electric (including storage heaters) central heating,41,11,30,30,2,28,6,4,2,5,5,0
S01009462,Oil central heating,38,3,35,32,1,31,6,2,4,0,0,0
S01009462,Solid fuel (for example wood coal) central heating,15,3,12,10,0,10,5,3,2,0,0,0
S01009462,Other central heating,2,0,2,2,0,2,0,0,0,0,0,0
S01009462,Two or more types of central heating,13,4,9,10,1,9,3,3,0,0,0,0
S01009463,All people in households,667,137,530,550,53,497,88,55,33,29,29,0
S01009463,No central heating,4,0,4,4,0,4,0,0,0,0,0,0
S01009463,Gas central heating,629,127,502,517,48,469,86,53,33,26,26,0
S01009463,Electric (including storage heaters) central heating,26,8,18,22,4,18,1,1,0,3,3,0
S01009463,Oil central heating,3,0,3,3,0,3,0,0,0,0,0,0
S01009463,Solid fuel (for example wood coal) central heating,0,0,0,0,0,0,0,0,0,0,0,0
S01009463,Other central heating,0,0,0,0,0,0,0,0,0,0,0,0
S01009463,Two or more types of central heating,5,2,3,4,1,3,1,1,0,0,0,0
S01009464,All people in households,842,138,704,724,47,677,83,58,25,35,33,2
S01009464,No central heating,4,2,2,2,0,2,2,2,0,0,0,0
S01009464,Gas central heating,798,129,669,688,44,644,77,54,23,33,31,2
S01009464,Electric (including storage heaters) central heating,24,6,18,19,2,17,3,2,1,2,2,0
S01009464,Oil central heating,0,0,0,0,0,0,0,0,0,0,0,0
S01009464,Solid fuel (for example wood coal) central heating,1,1,0,1,1,0,0,0,0,0,0,0
S01009464,Other central heating,0,0,0,0,0,0,0,0,0,0,0,0
S01009464,Two or more types of central heating,15,0,15,14,0,14,1,0,1,0,0,0
S01009465,All people in households,609,104,505,509,31,478,83,58,25,17,15,2
S01009465,No central heating,7,1,6,6,1,5,1,0,1,0,0,0
S01009465,Gas central heating,567,96,471,476,27,449,75,55,20,16,14,2
S01009465,Electric (including storage heaters) central heating,25,6,19,19,3,16,6,3,3,0,0,0
S01009465,Oil central heating,3,1,2,1,0,1,1,0,1,1,1,0
S01009465,Solid fuel (for example wood coal) central heating,0,0,0,0,0,0,0,0,0,0,0,0
S01009465,Other central heating,0,0,0,0,0,0,0,0,0,0,0,0
S01009465,Two or more types of central heating,7,0,7,7,0,7,0,0,0,0,0,0
S01009466,All people in households,569,107,462,477,37,440,77,55,22,15,15,0
S01009466,No central heating,2,1,1,1,0,1,1,1,0,0,0,0
S01009466,Gas central heating,540,101,439,452,35,417,73,51,22,15,15,0
S01009466,Electric (including storage heaters) central heating,2,0,2,2,0,2,0,0,0,0,0,0
S01009466,Oil central heating,11,3,8,10,2,8,1,1,0,0,0,0
S01009466,Solid fuel (for example wood coal) central heating,5,0,5,5,0,5,0,0,0,0,0,0
S01009466,Other central heating,3,0,3,3,0,3,0,0,0,0,0,0
S01009466,Two or more types of central heating,6,2,4,4,0,4,2,2,0,0,0,0
S01009467,All people in households,770,120,650,672,47,625,75,50,25,23,23,0
S01009467,No central heating,5,1,4,4,0,4,1,1,0,0,0,0
S01009467,Gas central heating,728,110,618,634,41,593,71,46,25,23,23,0
S01009467,Electric (including storage heaters) central heating,12,4,8,10,2,8,2,2,0,0,0,0
S01009467,Oil central heating,11,2,9,10,1,9,1,1,0,0,0,0
S01009467,Solid fuel (for example wood coal) central heating,0,0,0,0,0,0,0,0,0,0,0,0
S01009467,Other central heating,0,0,0,0,0,0,0,0,0,0,0,0
S01009467,Two or more types of central heating,14,3,11,14,3,11,0,0,0,0,0,0
S01009468,All people in households,748,205,543,551,49,502,139,99,40,58,57,1
S01009468,No central heating,8,5,3,3,0,3,3,3,0,2,2,0
S01009468,Gas central heating,624,147,477,481,36,445,109,78,31,34,33,1
S01009468,Electric (including storage heaters) central heating,84,41,43,45,9,36,21,14,7,18,18,0
S01009468,Oil central heating,8,2,6,8,2,6,0,0,0,0,0,0
S01009468,Solid fuel (for example wood coal) central heating,6,2,4,3,0,3,2,1,1,1,1,0
S01009468,Other central heating,2,1,1,1,0,1,0,0,0,1,1,0
S01009468,Two or more types of central heating,16,7,9,10,2,8,4,3,1,2,2,0
S01009469,All people in households,791,160,631,677,68,609,84,62,22,30,30,0
S01009469,No central heating,16,6,10,9,0,9,5,4,1,2,2,0
S01009469,Gas central heating,690,130,560,599,60,539,67,46,21,24,24,0
S01009469,Electric (including storage heaters) central heating,72,23,49,56,7,49,12,12,0,4,4,0
S01009469,Oil central heating,2,1,1,2,1,1,0,0,0,0,0,0
S01009469,Solid fuel (for example wood coal) central heating,0,0,0,0,0,0,0,0,0,0,0,0
S01009469,Other central heating,3,0,3,3,0,3,0,0,0,0,0,0
S01009469,Two or more types of central heating,8,0,8,8,0,8,0,0,0,0,0,0
S01009470,All people in households,473,96,377,398,40,358,58,39,19,17,17,0
S01009470,No central heating,2,2,0,0,0,0,2,2,0,0,0,0
S01009470,Gas central heating,458,92,366,386,39,347,55,36,19,17,17,0
S01009470,Electric (including storage heaters) central heating,6,2,4,5,1,4,1,1,0,0,0,0
S01009470,Oil central heating,0,0,0,0,0,0,0,0,0,0,0,0
S01009470,Solid fuel (for example wood coal) central heating,0,0,0,0,0,0,0,0,0,0,0,0
S01009470,Other central heating,3,0,3,3,0,3,0,0,0,0,0,0
S01009470,Two or more types of central heating,4,0,4,4,0,4,0,0,0,0,0,0
S01009471,All people in households,659,263,396,407,49,358,159,123,36,93,91,2
S01009471,No central heating,5,1,4,2,0,2,2,0,2,1,1,0
S01009471,Gas central heating,360,79,281,284,21,263,49,32,17,27,26,1
S01009471,Electric (including storage heaters) central heating,273,173,100,107,25,82,103,86,17,63,62,1
S01009471,Oil central heating,0,0,0,0,0,0,0,0,0,0,0,0
S01009471,Solid fuel (for example wood coal) central heating,0,0,0,0,0,0,0,0,0,0,0,0
S01009471,Other central heating,3,2,1,1,0,1,2,2,0,0,0,0
S01009471,Two or more types of central heating,18,8,10,13,3,10,3,3,0,2,2,0
S01009472,All people in households,932,173,759,737,41,696,140,81,59,55,51,4
S01009472,No central heating,7,3,4,3,0,3,3,2,1,1,1,0
S01009472,Gas central heating,873,163,710,691,41,650,131,75,56,51,47,4
S01009472,Electric (including storage heaters) central heating,23,3,20,19,0,19,2,1,1,2,2,0
S01009472,Oil central heating,7,0,7,7,0,7,0,0,0,0,0,0
S01009472,Solid fuel (for example wood coal) central heating,2,1,1,0,0,0,2,1,1,0,0,0
S01009472,Other central heating,0,0,0,0,0,0,0,0,0,0,0,0
S01009472,Two or more types of central heating,20,3,17,17,0,17,2,2,0,1,1,0
S01009473,All people in households,902,188,714,718,64,654,139,83,56,45,41,4
S01009473,No central heating,6,3,3,3,0,3,0,0,0,3,3,0
S01009473,Gas central heating,851,169,682,688,59,629,125,76,49,38,34,4
S01009473,Electric (including storage heaters) central heating,25,10,15,17,5,12,7,4,3,1,1,0
S01009473,Oil central heating,0,0,0,0,0,0,0,0,0,0,0,0
S01009473,Solid fuel (for example wood coal) central heating,0,0,0,0,0,0,0,0,0,0,0,0
S01009473,Other central heating,0,0,0,0,0,0,0,0,0,0,0,0
S01009473,Two or more types of central heating,20,6,14,10,0,10,7,3,4,3,3,0
S01009474,All people in households,900,148,752,774,54,720,93,62,31,33,32,1
S01009474,No central heating,1,1,0,0,0,0,1,1,0,0,0,0
S01009474,Gas central heating,827,129,698,720,51,669,84,56,28,23,22,1
S01009474,Electric (including storage heaters) central heating,43,14,29,30,3,27,7,5,2,6,6,0
S01009474,Oil central heating,0,0,0,0,0,0,0,0,0,0,0,0
S01009474,Solid fuel (for example wood coal) central heating,0,0,0,0,0,0,0,0,0,0,0,0
S01009474,Other central heating,0,0,0,0,0,0,0,0,0,0,0,0
S01009474,Two or more types of central heating,29,4,25,24,0,24,1,0,1,4,4,0
S01009475,All people in households,585,57,528,540,30,510,33,16,17,12,11,1
S01009475,No central heating,5,1,4,5,1,4,0,0,0,0,0,0
S01009475,Gas central heating,566,55,511,522,28,494,32,16,16,12,11,1
S01009475,Electric (including storage heaters) central heating,5,0,5,5,0,5,0,0,0,0,0,0
S01009475,Oil central heating,0,0,0,0,0,0,0,0,0,0,0,0
S01009475,Solid fuel (for example wood coal) central heating,0,0,0,0,0,0,0,0,0,0,0,0
S01009475,Other central heating,0,0,0,0,0,0,0,0,0,0,0,0
S01009475,Two or more types of central heating,9,1,8,8,1,7,1,0,1,0,0,0
S01009476,All people in households,479,36,443,450,13,437,21,15,6,8,8,0
S01009476,No central heating,1,0,1,1,0,1,0,0,0,0,0,0
S01009476,Gas central heating,397,20,377,379,6,373,12,8,4,6,6,0
S01009476,Electric (including storage heaters) central heating,8,2,6,7,1,6,1,1,0,0,0,0
S01009476,Oil central heating,53,8,45,47,3,44,5,4,1,1,1,0
S01009476,Solid fuel (for example wood coal) central heating,4,0,4,4,0,4,0,0,0,0,0,0
S01009476,Other central heating,7,4,3,5,2,3,2,2,0,0,0,0
S01009476,Two or more types of central heating,9,2,7,7,1,6,1,0,1,1,1,0
S01009477,All people in households,701,120,581,599,49,550,71,44,27,31,27,4
S01009477,No central heating,7,4,3,3,0,3,2,2,0,2,2,0
S01009477,Gas central heating,630,90,540,560,44,516,51,29,22,19,17,2
S01009477,Electric (including storage heaters) central heating,53,22,31,29,4,25,15,11,4,9,7,2
S01009477,Oil central heating,2,1,1,1,0,1,0,0,0,1,1,0
S01009477,Solid fuel (for example wood coal) central heating,0,0,0,0,0,0,0,0,0,0,0,0
S01009477,Other central heating,2,0,2,2,0,2,0,0,0,0,0,0
S01009477,Two or more types of central heating,7,3,4,4,1,3,3,2,1,0,0,0
S01009478,All people in households,832,137,695,711,51,660,84,50,34,37,36,1
S01009478,No central heating,19,5,14,15,1,14,2,2,0,2,2,0
S01009478,Gas central heating,720,129,591,610,49,561,75,46,29,35,34,1
S01009478,Electric (including storage heaters) central heating,66,2,64,61,1,60,5,1,4,0,0,0
S01009478,Oil central heating,0,0,0,0,0,0,0,0,0,0,0,0
S01009478,Solid fuel (for example wood coal) central heating,1,0,1,1,0,1,0,0,0,0,0,0
S01009478,Other central heating,7,0,7,7,0,7,0,0,0,0,0,0
S01009478,Two or more types of central heating,19,1,18,17,0,17,2,1,1,0,0,0
S01009479,All people in households,777,166,611,646,63,583,99,71,28,32,32,0
S01009479,No central heating,13,4,9,12,3,9,1,1,0,0,0,0
S01009479,Gas central heating,645,124,521,549,50,499,71,49,22,25,25,0
S01009479,Electric (including storage heaters) central heating,93,34,59,64,9,55,25,21,4,4,4,0
S01009479,Oil central heating,1,0,1,1,0,1,0,0,0,0,0,0
S01009479,Solid fuel (for example wood coal) central heating,0,0,0,0,0,0,0,0,0,0,0,0
S01009479,Other central heating,5,1,4,4,0,4,0,0,0,1,1,0
S01009479,Two or more types of central heating,20,3,17,16,1,15,2,0,2,2,2,0
S01009480,All people in households,822,191,631,664,70,594,124,89,35,34,32,2
S01009480,No central heating,8,3,5,5,0,5,3,3,0,0,0,0
S01009480,Gas central heating,602,104,498,522,47,475,66,44,22,14,13,1
S01009480,Electric (including storage heaters) central heating,191,80,111,119,22,97,52,39,13,20,19,1
S01009480,Oil central heating,0,0,0,0,0,0,0,0,0,0,0,0
S01009480,Solid fuel (for example wood coal) central heating,0,0,0,0,0,0,0,0,0,0,0,0
S01009480,Other central heating,0,0,0,0,0,0,0,0,0,0,0,0
S01009480,Two or more types of central heating,21,4,17,18,1,17,3,3,0,0,0,0
S01009481,All people in households,895,165,730,750,55,695,113,79,34,32,31,1
S01009481,No central heating,1,0,1,1,0,1,0,0,0,0,0,0
S01009481,Gas central heating,843,149,694,717,52,665,99,70,29,27,27,0
S01009481,Electric (including storage heaters) central heating,33,12,21,19,2,17,9,6,3,5,4,1
S01009481,Oil central heating,1,0,1,1,0,1,0,0,0,0,0,0
S01009481,Solid fuel (for example wood coal) central heating,0,0,0,0,0,0,0,0,0,0,0,0
S01009481,Other central heating,0,0,0,0,0,0,0,0,0,0,0,0
S01009481,Two or more types of central heating,17,4,13,12,1,11,5,3,2,0,0,0
S01009482,All people in households,584,89,495,513,35,478,52,38,14,19,16,3
S01009482,No central heating,10,4,6,8,2,6,1,1,0,1,1,0
S01009482,Gas central heating,523,74,449,463,28,435,45,33,12,15,13,2
S01009482,Electric (including storage heaters) central heating,30,8,22,24,4,20,4,3,1,2,1,1
S01009482,Oil central heating,6,2,4,5,1,4,0,0,0,1,1,0
S01009482,Solid fuel (for example wood coal) central heating,0,0,0,0,0,0,0,0,0,0,0,0
S01009482,Other central heating,0,0,0,0,0,0,0,0,0,0,0,0
S01009482,Two or more types of central heating,15,1,14,13,0,13,2,1,1,0,0,0
S01009483,All people in households,724,84,640,633,27,606,71,37,34,20,20,0
S01009483,No central heating,14,2,12,11,0,11,3,2,1,0,0,0
S01009483,Gas central heating,642,70,572,568,26,542,60,30,30,14,14,0
S01009483,Electric (including storage heaters) central heating,33,8,25,25,1,24,4,3,1,4,4,0
S01009483,Oil central heating,0,0,0,0,0,0,0,0,0,0,0,0
S01009483,Solid fuel (for example wood coal) central heating,0,0,0,0,0,0,0,0,0,0,0,0
S01009483,Other central heating,2,0,2,2,0,2,0,0,0,0,0,0
S01009483,Two or more types of central heating,33,4,29,27,0,27,4,2,2,2,2,0
S01009484,All people in households,739,198,541,554,49,505,127,92,35,58,57,1
S01009484,No central heating,3,2,1,1,0,1,1,1,0,1,1,0
S01009484,Gas central heating,684,185,499,514,46,468,117,86,31,53,53,0
S01009484,Electric (including storage heaters) central heating,16,4,12,12,1,11,4,3,1,0,0,0
S01009484,Oil central heating,3,1,2,2,0,2,1,1,0,0,0,0
S01009484,Solid fuel (for example wood coal) central heating,2,1,1,0,0,0,1,0,1,1,1,0
S01009484,Other central heating,3,0,3,3,0,3,0,0,0,0,0,0
S01009484,Two or more types of central heating,28,5,23,22,2,20,3,1,2,3,2,1
S01009485,All people in households,786,204,582,613,76,537,122,78,44,51,50,1
S01009485,No central heating,0,0,0,0,0,0,0,0,0,0,0,0
S01009485,Gas central heating,723,184,539,564,65,499,112,73,39,47,46,1
S01009485,Electric (including storage heaters) central heating,25,5,20,20,2,18,3,1,2,2,2,0
S01009485,Oil central heating,6,3,3,4,1,3,2,2,0,0,0,0
S01009485,Solid fuel (for example wood coal) central heating,0,0,0,0,0,0,0,0,0,0,0,0
S01009485,Other central heating,4,3,1,3,2,1,1,1,0,0,0,0
S01009485,Two or more types of central heating,28,9,19,22,6,16,4,1,3,2,2,0
S01009486,All people in households,650,143,507,523,50,473,101,67,34,26,26,0
S01009486,No central heating,2,1,1,2,1,1,0,0,0,0,0,0
S01009486,Gas central heating,622,135,487,497,44,453,100,66,34,25,25,0
S01009486,Electric (including storage heaters) central heating,11,1,10,11,1,10,0,0,0,0,0,0
S01009486,Oil central heating,0,0,0,0,0,0,0,0,0,0,0,0
S01009486,Solid fuel (for example wood coal) central heating,0,0,0,0,0,0,0,0,0,0,0,0
S01009486,Other central heating,0,0,0,0,0,0,0,0,0,0,0,0
S01009486,Two or more types of central heating,15,6,9,13,4,9,1,1,0,1,1,0
S01009487,All people in households,789,212,577,597,56,541,153,118,35,39,38,1
S01009487,No central heating,7,1,6,6,0,6,1,1,0,0,0,0
S01009487,Gas central heating,706,188,518,538,51,487,134,103,31,34,34,0
S01009487,Electric (including storage heaters) central heating,54,18,36,36,4,32,13,10,3,5,4,1
S01009487,Oil central heating,5,3,2,3,1,2,2,2,0,0,0,0
S01009487,Solid fuel (for example wood coal) central heating,1,0,1,1,0,1,0,0,0,0,0,0
S01009487,Other central heating,0,0,0,0,0,0,0,0,0,0,0,0
S01009487,Two or more types of central heating,16,2,14,13,0,13,3,2,1,0,0,0
S01009488,All people in households,705,114,591,605,38,567,76,52,24,24,24,0
S01009488,No central heating,0,0,0,0,0,0,0,0,0,0,0,0
S01009488,Gas central heating,666,109,557,572,36,536,70,49,21,24,24,0
S01009488,Electric (including storage heaters) central heating,15,4,11,12,2,10,3,2,1,0,0,0
S01009488,Oil central heating,0,0,0,0,0,0,0,0,0,0,0,0
S01009488,Solid fuel (for example wood coal) central heating,0,0,0,0,0,0,0,0,0,0,0,0
S01009488,Other central heating,1,0,1,0,0,0,1,0,1,0,0,0
S01009488,Two or more types of central heating,23,1,22,21,0,21,2,1,1,0,0,0
S01009489,All people in households,775,201,574,577,52,525,124,79,45,74,70,4
S01009489,No central heating,0,0,0,0,0,0,0,0,0,0,0,0
S01009489,Gas central heating,734,195,539,543,50,493,117,75,42,74,70,4
S01009489,Electric (including storage heaters) central heating,13,2,11,11,1,10,2,1,1,0,0,0
S01009489,Oil central heating,2,0,2,2,0,2,0,0,0,0,0,0
S01009489,Solid fuel (for example wood coal) central heating,2,0,2,2,0,2,0,0,0,0,0,0
S01009489,Other central heating,2,1,1,1,0,1,1,1,0,0,0,0
S01009489,Two or more types of central heating,22,3,19,18,1,17,4,2,2,0,0,0
S01009490,All people in households,853,209,644,658,54,604,125,89,36,70,66,4
S01009490,No central heating,4,3,1,2,1,1,0,0,0,2,2,0
S01009490,Gas central heating,816,194,622,632,47,585,120,87,33,64,60,4
S01009490,Electric (including storage heaters) central heating,6,3,3,2,0,2,1,0,1,3,3,0
S01009490,Oil central heating,1,1,0,1,1,0,0,0,0,0,0,0
S01009490,Solid fuel (for example wood coal) central heating,1,0,1,0,0,0,1,0,1,0,0,0
S01009490,Other central heating,4,1,3,3,0,3,0,0,0,1,1,0
S01009490,Two or more types of central heating,21,7,14,18,5,13,3,2,1,0,0,0
S01009491,All people in households,677,202,475,480,43,437,122,86,36,75,73,2
S01009491,No central heating,1,1,0,1,1,0,0,0,0,0,0,0
S01009491,Gas central heating,639,190,449,454,41,413,116,82,34,69,67,2
S01009491,Electric (including storage heaters) central heating,10,1,9,8,0,8,2,1,1,0,0,0
S01009491,Oil central heating,0,0,0,0,0,0,0,0,0,0,0,0
S01009491,Solid fuel (for example wood coal) central heating,4,1,3,2,0,2,2,1,1,0,0,0
S01009491,Other central heating,9,4,5,5,0,5,2,2,0,2,2,0
S01009491,Two or more types of central heating,14,5,9,10,1,9,0,0,0,4,4,0
S01009492,All people in households,740,157,583,590,46,544,101,63,38,49,48,1
S01009492,No central heating,0,0,0,0,0,0,0,0,0,0,0,0
S01009492,Gas central heating,697,148,549,557,43,514,95,61,34,45,44,1
S01009492,Electric (including storage heaters) central heating,23,3,20,21,2,19,1,0,1,1,1,0
S01009492,Oil central heating,2,2,0,1,1,0,0,0,0,1,1,0
S01009492,Solid fuel (for example wood coal) central heating,7,2,5,4,0,4,2,1,1,1,1,0
S01009492,Other central heating,0,0,0,0,0,0,0,0,0,0,0,0
S01009492,Two or more types of central heating,11,2,9,7,0,7,3,1,2,1,1,0
S01009493,All people in households,821,142,679,726,62,664,75,60,15,20,20,0
S01009493,No central heating,2,1,1,2,1,1,0,0,0,0,0,0
S01009493,Gas central heating,783,131,652,698,60,638,70,56,14,15,15,0
S01009493,Electric (including storage heaters) central heating,11,3,8,8,0,8,1,1,0,2,2,0
S01009493,Oil central heating,20,4,16,15,0,15,3,2,1,2,2,0
S01009493,Solid fuel (for example wood coal) central heating,0,0,0,0,0,0,0,0,0,0,0,0
S01009493,Other central heating,4,2,2,2,0,2,1,1,0,1,1,0
S01009493,Two or more types of central heating,1,1,0,1,1,0,0,0,0,0,0,0
S01009494,All people in households,947,129,818,841,56,785,86,53,33,20,20,0
S01009494,No central heating,18,7,11,14,4,10,3,2,1,1,1,0
S01009494,Gas central heating,826,106,720,739,46,693,72,45,27,15,15,0
S01009494,Electric (including storage heaters) central heating,53,4,49,48,3,45,4,0,4,1,1,0
S01009494,Oil central heating,19,4,15,15,0,15,3,3,0,1,1,0
S01009494,Solid fuel (for example wood coal) central heating,9,2,7,9,2,7,0,0,0,0,0,0
S01009494,Other central heating,10,5,5,4,0,4,4,3,1,2,2,0
S01009494,Two or more types of central heating,12,1,11,12,1,11,0,0,0,0,0,0
S01009495,All people in households,871,97,774,775,39,736,84,47,37,12,11,1
S01009495,No central heating,3,3,0,2,2,0,1,1,0,0,0,0
S01009495,Gas central heating,808,91,717,718,36,682,79,45,34,11,10,1
S01009495,Electric (including storage heaters) central heating,51,1,50,49,1,48,2,0,2,0,0,0
S01009495,Oil central heating,0,0,0,0,0,0,0,0,0,0,0,0
S01009495,Solid fuel (for example wood coal) central heating,2,2,0,0,0,0,1,1,0,1,1,0
S01009495,Other central heating,0,0,0,0,0,0,0,0,0,0,0,0
S01009495,Two or more types of central heating,7,0,7,6,0,6,1,0,1,0,0,0
S01009496,All people in households,785,179,606,626,52,574,117,87,30,42,40,2
S01009496,No central heating,4,2,2,2,0,2,1,1,0,1,1,0
S01009496,Gas central heating,626,129,497,512,37,475,83,63,20,31,29,2
S01009496,Electric (including storage heaters) central heating,136,42,94,99,14,85,29,20,9,8,8,0
S01009496,Oil central heating,0,0,0,0,0,0,0,0,0,0,0,0
S01009496,Solid fuel (for example wood coal) central heating,9,4,5,6,1,5,1,1,0,2,2,0
S01009496,Other central heating,0,0,0,0,0,0,0,0,0,0,0,0
S01009496,Two or more types of central heating,10,2,8,7,0,7,3,2,1,0,0,0
S01009497,All people in households,955,182,773,792,62,730,121,79,42,42,41,1
S01009497,No central heating,2,0,2,1,0,1,1,0,1,0,0,0
S01009497,Gas central heating,741,131,610,617,41,576,92,58,34,32,32,0
S01009497,Electric (including storage heaters) central heating,193,44,149,159,18,141,25,18,7,9,8,1
S01009497,Oil central heating,0,0,0,0,0,0,0,0,0,0,0,0
S01009497,Solid fuel (for example wood coal) central heating,9,5,4,7,3,4,2,2,0,0,0,0
S01009497,Other central heating,5,1,4,4,0,4,0,0,0,1,1,0
S01009497,Two or more types of central heating,5,1,4,4,0,4,1,1,0,0,0,0
S01009498,All people in households,643,117,526,550,49,501,72,47,25,21,21,0
S01009498,No central heating,0,0,0,0,0,0,0,0,0,0,0,0
S01009498,Gas central heating,628,110,518,539,46,493,71,46,25,18,18,0
S01009498,Electric (including storage heaters) central heating,14,6,8,10,2,8,1,1,0,3,3,0
S01009498,Oil central heating,0,0,0,0,0,0,0,0,0,0,0,0
S01009498,Solid fuel (for example wood coal) central heating,0,0,0,0,0,0,0,0,0,0,0,0
S01009498,Other central heating,0,0,0,0,0,0,0,0,0,0,0,0
S01009498,Two or more types of central heating,1,1,0,1,1,0,0,0,0,0,0,0
S01009499,All people in households,796,169,627,655,64,591,100,66,34,41,39,2
S01009499,No central heating,0,0,0,0,0,0,0,0,0,0,0,0
S01009499,Gas central heating,748,150,598,620,56,564,92,60,32,36,34,2
S01009499,Electric (including storage heaters) central heating,28,13,15,17,3,14,7,6,1,4,4,0
S01009499,Oil central heating,0,0,0,0,0,0,0,0,0,0,0,0
S01009499,Solid fuel (for example wood coal) central heating,5,1,4,5,1,4,0,0,0,0,0,0
S01009499,Other central heating,3,0,3,3,0,3,0,0,0,0,0,0
S01009499,Two or more types of central heating,12,5,7,10,4,6,1,0,1,1,1,0
S01009500,All people in households,778,203,575,591,53,538,135,98,37,52,52,0
S01009500,No central heating,1,1,0,0,0,0,0,0,0,1,1,0
S01009500,Gas central heating,666,157,509,517,41,476,108,75,33,41,41,0
S01009500,Electric (including storage heaters) central heating,88,37,51,59,11,48,22,19,3,7,7,0
S01009500,Oil central heating,0,0,0,0,0,0,0,0,0,0,0,0
S01009500,Solid fuel (for example wood coal) central heating,3,1,2,1,0,1,2,1,1,0,0,0
S01009500,Other central heating,0,0,0,0,0,0,0,0,0,0,0,0
S01009500,Two or more types of central heating,20,7,13,14,1,13,3,3,0,3,3,0
S01009501,All people in households,654,161,493,495,43,452,120,81,39,39,37,2
S01009501,No central heating,3,0,3,3,0,3,0,0,0,0,0,0
S01009501,Gas central heating,580,130,450,445,33,412,105,68,37,30,29,1
S01009501,Electric (including storage heaters) central heating,58,22,36,41,7,34,11,10,1,6,5,1
S01009501,Oil central heating,0,0,0,0,0,0,0,0,0,0,0,0
S01009501,Solid fuel (for example wood coal) central heating,1,1,0,0,0,0,0,0,0,1,1,0
S01009501,Other central heating,1,0,1,0,0,0,1,0,1,0,0,0
S01009501,Two or more types of central heating,11,8,3,6,3,3,3,3,0,2,2,0
S01009502,All people in households,823,181,642,645,49,596,120,76,44,58,56,2
S01009502,No central heating,0,0,0,0,0,0,0,0,0,0,0,0
S01009502,Gas central heating,740,156,584,589,43,546,102,65,37,49,48,1
S01009502,Electric (including storage heaters) central heating,48,16,32,30,4,26,13,7,6,5,5,0
S01009502,Oil central heating,7,2,5,6,1,5,1,1,0,0,0,0
S01009502,Solid fuel (for example wood coal) central heating,15,3,12,12,1,11,2,1,1,1,1,0
S01009502,Other central heating,0,0,0,0,0,0,0,0,0,0,0,0
S01009502,Two or more types of central heating,13,4,9,8,0,8,2,2,0,3,2,1
S01009503,All people in households,729,133,596,589,43,546,107,59,48,33,31,2
S01009503,No central heating,8,1,7,6,0,6,1,0,1,1,1,0
S01009503,Gas central heating,593,101,492,491,34,457,78,45,33,24,22,2
S01009503,Electric (including storage heaters) central heating,114,26,88,82,8,74,27,13,14,5,5,0
S01009503,Oil central heating,0,0,0,0,0,0,0,0,0,0,0,0
S01009503,Solid fuel (for example wood coal) central heating,1,1,0,0,0,0,0,0,0,1,1,0
S01009503,Other central heating,0,0,0,0,0,0,0,0,0,0,0,0
S01009503,Two or more types of central heating,13,4,9,10,1,9,1,1,0,2,2,0
S01009504,All people in households,695,151,544,543,42,501,114,74,40,38,35,3
S01009504,No central heating,3,0,3,3,0,3,0,0,0,0,0,0
S01009504,Gas central heating,581,111,470,469,32,437,85,53,32,27,26,1
S01009504,Electric (including storage heaters) central heating,78,25,53,51,4,47,19,13,6,8,8,0
S01009504,Oil central heating,1,0,1,1,0,1,0,0,0,0,0,0
S01009504,Solid fuel (for example wood coal) central heating,15,11,4,8,5,3,5,5,0,2,1,1
S01009504,Other central heating,0,0,0,0,0,0,0,0,0,0,0,0
S01009504,Two or more types of central heating,17,4,13,11,1,10,5,3,2,1,0,1
S01009505,All people in households,817,181,636,640,46,594,121,80,41,56,55,1
S01009505,No central heating,0,0,0,0,0,0,0,0,0,0,0,0
S01009505,Gas central heating,753,165,588,593,41,552,110,75,35,50,49,1
S01009505,Electric (including storage heaters) central heating,35,9,26,25,3,22,7,3,4,3,3,0
S01009505,Oil central heating,0,0,0,0,0,0,0,0,0,0,0,0
S01009505,Solid fuel (for example wood coal) central heating,3,1,2,1,0,1,1,0,1,1,1,0
S01009505,Other central heating,0,0,0,0,0,0,0,0,0,0,0,0
S01009505,Two or more types of central heating,26,6,20,21,2,19,3,2,1,2,2,0
S01009506,All people in households,735,189,546,551,45,506,117,78,39,67,66,1
S01009506,No central heating,4,1,3,3,0,3,1,1,0,0,0,0
S01009506,Gas central heating,632,150,482,487,40,447,97,63,34,48,47,1
S01009506,Electric (including storage heaters) central heating,61,35,26,28,5,23,16,13,3,17,17,0
S01009506,Oil central heating,0,0,0,0,0,0,0,0,0,0,0,0
S01009506,Solid fuel (for example wood coal) central heating,7,2,5,5,0,5,0,0,0,2,2,0
S01009506,Other central heating,2,0,2,2,0,2,0,0,0,0,0,0
S01009506,Two or more types of central heating,29,1,28,26,0,26,3,1,2,0,0,0
S01009507,All people in households,889,146,743,761,53,708,94,59,35,34,34,0
S01009507,No central heating,5,1,4,4,0,4,0,0,0,1,1,0
S01009507,Gas central heating,817,130,687,705,49,656,84,53,31,28,28,0
S01009507,Electric (including storage heaters) central heating,29,10,19,20,4,16,6,3,3,3,3,0
S01009507,Oil central heating,3,1,2,2,0,2,1,1,0,0,0,0
S01009507,Solid fuel (for example wood coal) central heating,6,1,5,5,0,5,0,0,0,1,1,0
S01009507,Other central heating,6,1,5,5,0,5,1,1,0,0,0,0
S01009507,Two or more types of central heating,23,2,21,20,0,20,2,1,1,1,1,0
S01009508,All people in households,876,187,689,689,47,642,128,84,44,59,56,3
S01009508,No central heating,0,0,0,0,0,0,0,0,0,0,0,0
S01009508,Gas central heating,774,160,614,613,44,569,114,72,42,47,44,3
S01009508,Electric (including storage heaters) central heating,46,18,28,30,3,27,8,7,1,8,8,0
S01009508,Oil central heating,2,0,2,2,0,2,0,0,0,0,0,0
S01009508,Solid fuel (for example wood coal) central heating,9,3,6,6,0,6,1,1,0,2,2,0
S01009508,Other central heating,8,1,7,7,0,7,1,1,0,0,0,0
S01009508,Two or more types of central heating,37,5,32,31,0,31,4,3,1,2,2,0
S01009509,All people in households,1006,204,802,805,68,737,148,88,60,53,48,5
S01009509,No central heating,4,1,3,3,0,3,1,1,0,0,0,0
S01009509,Gas central heating,940,184,756,761,63,698,129,76,53,50,45,5
S01009509,Electric (including storage heaters) central heating,36,11,25,22,2,20,13,8,5,1,1,0
S01009509,Oil central heating,1,0,1,1,0,1,0,0,0,0,0,0
S01009509,Solid fuel (for example wood coal) central heating,7,2,5,5,1,4,1,0,1,1,1,0
S01009509,Other central heating,0,0,0,0,0,0,0,0,0,0,0,0
S01009509,Two or more types of central heating,18,6,12,13,2,11,4,3,1,1,1,0
S01009510,All people in households,700,124,576,608,47,561,75,60,15,17,17,0
S01009510,No central heating,4,0,4,4,0,4,0,0,0,0,0,0
S01009510,Gas central heating,674,118,556,587,46,541,70,55,15,17,17,0
S01009510,Electric (including storage heaters) central heating,15,5,10,11,1,10,4,4,0,0,0,0
S01009510,Oil central heating,4,0,4,4,0,4,0,0,0,0,0,0
S01009510,Solid fuel (for example wood coal) central heating,3,1,2,2,0,2,1,1,0,0,0,0
S01009510,Other central heating,0,0,0,0,0,0,0,0,0,0,0,0
S01009510,Two or more types of central heating,0,0,0,0,0,0,0,0,0,0,0,0
S01009511,All people in households,597,117,480,513,49,464,69,54,15,15,14,1
S01009511,No central heating,0,0,0,0,0,0,0,0,0,0,0,0
S01009511,Gas central heating,583,110,473,505,47,458,65,51,14,13,12,1
S01009511,Electric (including storage heaters) central heating,10,4,6,6,0,6,3,3,0,1,1,0
S01009511,Oil central heating,0,0,0,0,0,0,0,0,0,0,0,0
S01009511,Solid fuel (for example wood coal) central heating,4,3,1,2,2,0,1,0,1,1,1,0
S01009511,Other central heating,0,0,0,0,0,0,0,0,0,0,0,0
S01009511,Two or more types of central heating,0,0,0,0,0,0,0,0,0,0,0,0
S01009512,All people in households,771,105,666,681,41,640,72,48,24,18,16,2
S01009512,No central heating,4,0,4,2,0,2,2,0,2,0,0,0
S01009512,Gas central heating,745,103,642,659,41,618,68,46,22,18,16,2
S01009512,Electric (including storage heaters) central heating,14,2,12,12,0,12,2,2,0,0,0,0
S01009512,Oil central heating,0,0,0,0,0,0,0,0,0,0,0,0
S01009512,Solid fuel (for example wood coal) central heating,0,0,0,0,0,0,0,0,0,0,0,0
S01009512,Other central heating,0,0,0,0,0,0,0,0,0,0,0,0
S01009512,Two or more types of central heating,8,0,8,8,0,8,0,0,0,0,0,0
S01009513,All people in households,575,93,482,494,33,461,58,38,20,23,22,1
S01009513,No central heating,0,0,0,0,0,0,0,0,0,0,0,0
S01009513,Gas central heating,554,88,466,477,31,446,54,35,19,23,22,1
S01009513,Electric (including storage heaters) central heating,8,4,4,4,1,3,4,3,1,0,0,0
S01009513,Oil central heating,1,1,0,1,1,0,0,0,0,0,0,0
S01009513,Solid fuel (for example wood coal) central heating,1,0,1,1,0,1,0,0,0,0,0,0
S01009513,Other central heating,2,0,2,2,0,2,0,0,0,0,0,0
S01009513,Two or more types of central heating,9,0,9,9,0,9,0,0,0,0,0,0
S01009514,All people in households,706,86,620,622,31,591,69,40,29,15,15,0
S01009514,No central heating,0,0,0,0,0,0,0,0,0,0,0,0
S01009514,Gas central heating,688,81,607,609,29,580,64,37,27,15,15,0
S01009514,Electric (including storage heaters) central heating,10,4,6,8,2,6,2,2,0,0,0,0
S01009514,Oil central heating,0,0,0,0,0,0,0,0,0,0,0,0
S01009514,Solid fuel (for example wood coal) central heating,0,0,0,0,0,0,0,0,0,0,0,0
S01009514,Other central heating,2,0,2,2,0,2,0,0,0,0,0,0
S01009514,Two or more types of central heating,6,1,5,3,0,3,3,1,2,0,0,0
S01009515,All people in households,738,195,543,559,55,504,122,85,37,57,55,2
S01009515,No central heating,5,1,4,5,1,4,0,0,0,0,0,0
S01009515,Gas central heating,571,135,436,446,36,410,85,60,25,40,39,1
S01009515,Electric (including storage heaters) central heating,144,53,91,93,14,79,34,23,11,17,16,1
S01009515,Oil central heating,0,0,0,0,0,0,0,0,0,0,0,0
S01009515,Solid fuel (for example wood coal) central heating,3,2,1,1,0,1,2,2,0,0,0,0
S01009515,Other central heating,0,0,0,0,0,0,0,0,0,0,0,0
S01009515,Two or more types of central heating,15,4,11,14,4,10,1,0,1,0,0,0
S01009516,All people in households,839,238,601,623,72,551,155,107,48,61,59,2
S01009516,No central heating,7,2,5,4,1,3,3,1,2,0,0,0
S01009516,Gas central heating,649,162,487,495,45,450,112,76,36,42,41,1
S01009516,Electric (including storage heaters) central heating,168,69,99,114,25,89,37,27,10,17,17,0
S01009516,Oil central heating,5,0,5,4,0,4,0,0,0,1,0,1
S01009516,Solid fuel (for example wood coal) central heating,2,1,1,2,1,1,0,0,0,0,0,0
S01009516,Other central heating,2,2,0,0,0,0,1,1,0,1,1,0
S01009516,Two or more types of central heating,6,2,4,4,0,4,2,2,0,0,0,0
S01009517,All people in households,982,83,899,921,42,879,44,24,20,17,17,0
S01009517,No central heating,3,0,3,3,0,3,0,0,0,0,0,0
S01009517,Gas central heating,968,81,887,909,42,867,44,24,20,15,15,0
S01009517,Electric (including storage heaters) central heating,6,2,4,4,0,4,0,0,0,2,2,0
S01009517,Oil central heating,0,0,0,0,0,0,0,0,0,0,0,0
S01009517,Solid fuel (for example wood coal) central heating,0,0,0,0,0,0,0,0,0,0,0,0
S01009517,Other central heating,1,0,1,1,0,1,0,0,0,0,0,0
S01009517,Two or more types of central heating,4,0,4,4,0,4,0,0,0,0,0,0
S01009518,All people in households,936,56,880,881,20,861,43,24,19,12,12,0
S01009518,No central heating,0,0,0,0,0,0,0,0,0,0,0,0
S01009518,Gas central heating,908,47,861,863,19,844,34,17,17,11,11,0
S01009518,Electric (including storage heaters) central heating,9,4,5,4,0,4,4,3,1,1,1,0
S01009518,Oil central heating,4,1,3,4,1,3,0,0,0,0,0,0
S01009518,Solid fuel (for example wood coal) central heating,0,0,0,0,0,0,0,0,0,0,0,0
S01009518,Other central heating,9,4,5,4,0,4,5,4,1,0,0,0
S01009518,Two or more types of central heating,6,0,6,6,0,6,0,0,0,0,0,0
S01009519,All people in households,487,75,412,416,27,389,52,31,21,19,17,2
S01009519,No central heating,2,0,2,2,0,2,0,0,0,0,0,0
S01009519,Gas central heating,459,72,387,391,26,365,49,29,20,19,17,2
S01009519,Electric (including storage heaters) central heating,13,3,10,10,1,9,3,2,1,0,0,0
S01009519,Oil central heating,0,0,0,0,0,0,0,0,0,0,0,0
S01009519,Solid fuel (for example wood coal) central heating,0,0,0,0,0,0,0,0,0,0,0,0
S01009519,Other central heating,0,0,0,0,0,0,0,0,0,0,0,0
S01009519,Two or more types of central heating,13,0,13,13,0,13,0,0,0,0,0,0
S01009520,All people in households,837,136,701,700,34,666,101,66,35,36,36,0
S01009520,No central heating,2,1,1,0,0,0,2,1,1,0,0,0
S01009520,Gas central heating,723,109,614,614,29,585,85,56,29,24,24,0
S01009520,Electric (including storage heaters) central heating,83,22,61,62,4,58,12,9,3,9,9,0
S01009520,Oil central heating,0,0,0,0,0,0,0,0,0,0,0,0
S01009520,Solid fuel (for example wood coal) central heating,13,1,12,11,1,10,2,0,2,0,0,0
S01009520,Other central heating,0,0,0,0,0,0,0,0,0,0,0,0
S01009520,Two or more types of central heating,16,3,13,13,0,13,0,0,0,3,3,0
S01009521,All people in households,873,241,632,644,67,577,151,97,54,78,77,1
S01009521,No central heating,0,0,0,0,0,0,0,0,0,0,0,0
S01009521,Gas central heating,806,216,590,597,60,537,144,92,52,65,64,1
S01009521,Electric (including storage heaters) central heating,16,9,7,9,3,6,4,3,1,3,3,0
S01009521,Oil central heating,0,0,0,0,0,0,0,0,0,0,0,0
S01009521,Solid fuel (for example wood coal) central heating,10,3,7,7,0,7,1,1,0,2,2,0
S01009521,Other central heating,11,6,5,8,3,5,0,0,0,3,3,0
S01009521,Two or more types of central heating,30,7,23,23,1,22,2,1,1,5,5,0
S01009522,All people in households,1013,177,836,839,55,784,119,71,48,55,51,4
S01009522,No central heating,1,1,0,0,0,0,1,1,0,0,0,0
S01009522,Gas central heating,953,161,792,797,55,742,107,61,46,49,45,4
S01009522,Electric (including storage heaters) central heating,14,5,9,9,0,9,4,4,0,1,1,0
S01009522,Oil central heating,0,0,0,0,0,0,0,0,0,0,0,0
S01009522,Solid fuel (for example wood coal) central heating,13,4,9,9,0,9,3,3,0,1,1,0
S01009522,Other central heating,0,0,0,0,0,0,0,0,0,0,0,0
S01009522,Two or more types of central heating,32,6,26,24,0,24,4,2,2,4,4,0
S01009523,All people in households,581,150,431,415,32,383,106,63,43,60,55,5
S01009523,No central heating,0,0,0,0,0,0,0,0,0,0,0,0
S01009523,Gas central heating,543,139,404,388,30,358,99,58,41,56,51,5
S01009523,Electric (including storage heaters) central heating,23,11,12,12,2,10,7,5,2,4,4,0
S01009523,Oil central heating,0,0,0,0,0,0,0,0,0,0,0,0
S01009523,Solid fuel (for example wood coal) central heating,0,0,0,0,0,0,0,0,0,0,0,0
S01009523,Other central heating,0,0,0,0,0,0,0,0,0,0,0,0
S01009523,Two or more types of central heating,15,0,15,15,0,15,0,0,0,0,0,0
S01009524,All people in households,668,170,498,523,54,469,87,63,24,58,53,5
S01009524,No central heating,4,3,1,2,1,1,0,0,0,2,2,0
S01009524,Gas central heating,584,141,443,463,45,418,73,53,20,48,43,5
S01009524,Electric (including storage heaters) central heating,58,20,38,41,6,35,11,8,3,6,6,0
S01009524,Oil central heating,0,0,0,0,0,0,0,0,0,0,0,0
S01009524,Solid fuel (for example wood coal) central heating,3,2,1,1,1,0,2,1,1,0,0,0
S01009524,Other central heating,5,1,4,4,0,4,0,0,0,1,1,0
S01009524,Two or more types of central heating,14,3,11,12,1,11,1,1,0,1,1,0
S01009525,All people in households,532,123,409,400,33,367,101,60,41,31,30,1
S01009525,No central heating,8,5,3,1,0,1,4,3,1,3,2,1
S01009525,Gas central heating,469,99,370,366,28,338,81,49,32,22,22,0
S01009525,Electric (including storage heaters) central heating,33,16,17,17,5,12,11,6,5,5,5,0
S01009525,Oil central heating,0,0,0,0,0,0,0,0,0,0,0,0
S01009525,Solid fuel (for example wood coal) central heating,5,1,4,2,0,2,3,1,2,0,0,0
S01009525,Other central heating,2,1,1,1,0,1,0,0,0,1,1,0
S01009525,Two or more types of central heating,15,1,14,13,0,13,2,1,1,0,0,0
S01009526,All people in households,650,90,560,570,30,540,55,35,20,25,25,0
S01009526,No central heating,3,0,3,3,0,3,0,0,0,0,0,0
S01009526,Gas central heating,616,84,532,544,30,514,48,30,18,24,24,0
S01009526,Electric (including storage heaters) central heating,12,1,11,11,0,11,1,1,0,0,0,0
S01009526,Oil central heating,0,0,0,0,0,0,0,0,0,0,0,0
S01009526,Solid fuel (for example wood coal) central heating,1,0,1,0,0,0,1,0,1,0,0,0
S01009526,Other central heating,0,0,0,0,0,0,0,0,0,0,0,0
S01009526,Two or more types of central heating,18,5,13,12,0,12,5,4,1,1,1,0
S01009527,All people in households,639,140,499,499,38,461,101,65,36,39,37,2
S01009527,No central heating,8,2,6,7,1,6,1,1,0,0,0,0
S01009527,Gas central heating,484,85,399,401,25,376,63,41,22,20,19,1
S01009527,Electric (including storage heaters) central heating,133,52,81,79,12,67,35,22,13,19,18,1
S01009527,Oil central heating,0,0,0,0,0,0,0,0,0,0,0,0
S01009527,Solid fuel (for example wood coal) central heating,0,0,0,0,0,0,0,0,0,0,0,0
S01009527,Other central heating,3,0,3,2,0,2,1,0,1,0,0,0
S01009527,Two or more types of central heating,11,1,10,10,0,10,1,1,0,0,0,0
S01009528,All people in households,520,188,332,350,42,308,119,96,23,51,50,1
S01009528,No central heating,3,2,1,2,1,1,1,1,0,0,0,0
S01009528,Gas central heating,303,67,236,238,17,221,40,26,14,25,24,1
S01009528,Electric (including storage heaters) central heating,206,118,88,103,24,79,78,69,9,25,25,0
S01009528,Oil central heating,0,0,0,0,0,0,0,0,0,0,0,0
S01009528,Solid fuel (for example wood coal) central heating,0,0,0,0,0,0,0,0,0,0,0,0
S01009528,Other central heating,0,0,0,0,0,0,0,0,0,0,0,0
S01009528,Two or more types of central heating,8,1,7,7,0,7,0,0,0,1,1,0
S01009529,All people in households,535,99,436,453,39,414,56,34,22,26,26,0
S01009529,No central heating,2,0,2,2,0,2,0,0,0,0,0,0
S01009529,Gas central heating,516,97,419,437,38,399,53,33,20,26,26,0
S01009529,Electric (including storage heaters) central heating,5,2,3,4,1,3,1,1,0,0,0,0
S01009529,Oil central heating,1,0,1,1,0,1,0,0,0,0,0,0
S01009529,Solid fuel (for example wood coal) central heating,0,0,0,0,0,0,0,0,0,0,0,0
S01009529,Other central heating,0,0,0,0,0,0,0,0,0,0,0,0
S01009529,Two or more types of central heating,11,0,11,9,0,9,2,0,2,0,0,0
S01009530,All people in households,575,107,468,501,47,454,50,36,14,24,24,0
S01009530,No central heating,4,3,1,1,0,1,0,0,0,3,3,0
S01009530,Gas central heating,553,99,454,487,46,441,46,33,13,20,20,0
S01009530,Electric (including storage heaters) central heating,11,4,7,6,0,6,4,3,1,1,1,0
S01009530,Oil central heating,1,0,1,1,0,1,0,0,0,0,0,0
S01009530,Solid fuel (for example wood coal) central heating,0,0,0,0,0,0,0,0,0,0,0,0
S01009530,Other central heating,0,0,0,0,0,0,0,0,0,0,0,0
S01009530,Two or more types of central heating,6,1,5,6,1,5,0,0,0,0,0,0
S01009531,All people in households,795,219,576,585,54,531,128,87,41,82,78,4
S01009531,No central heating,1,0,1,1,0,1,0,0,0,0,0,0
S01009531,Gas central heating,679,179,500,497,37,460,116,80,36,66,62,4
S01009531,Electric (including storage heaters) central heating,80,31,49,58,13,45,10,6,4,12,12,0
S01009531,Oil central heating,3,1,2,3,1,2,0,0,0,0,0,0
S01009531,Solid fuel (for example wood coal) central heating,3,0,3,3,0,3,0,0,0,0,0,0
S01009531,Other central heating,2,1,1,2,1,1,0,0,0,0,0,0
S01009531,Two or more types of central heating,27,7,20,21,2,19,2,1,1,4,4,0
S01009532,All people in households,779,273,506,518,60,458,163,118,45,98,95,3
S01009532,No central heating,11,0,11,11,0,11,0,0,0,0,0,0
S01009532,Gas central heating,704,254,450,463,54,409,147,109,38,94,91,3
S01009532,Electric (including storage heaters) central heating,46,15,31,32,5,27,11,7,4,3,3,0
S01009532,Oil central heating,0,0,0,0,0,0,0,0,0,0,0,0
S01009532,Solid fuel (for example wood coal) central heating,3,1,2,3,1,2,0,0,0,0,0,0
S01009532,Other central heating,0,0,0,0,0,0,0,0,0,0,0,0
S01009532,Two or more types of central heating,15,3,12,9,0,9,5,2,3,1,1,0
S01009533,All people in households,783,208,575,568,55,513,143,84,59,72,69,3
S01009533,No central heating,2,1,1,0,0,0,2,1,1,0,0,0
S01009533,Gas central heating,707,187,520,515,51,464,128,75,53,64,61,3
S01009533,Electric (including storage heaters) central heating,40,15,25,24,3,21,10,6,4,6,6,0
S01009533,Oil central heating,0,0,0,0,0,0,0,0,0,0,0,0
S01009533,Solid fuel (for example wood coal) central heating,4,4,0,1,1,0,1,1,0,2,2,0
S01009533,Other central heating,0,0,0,0,0,0,0,0,0,0,0,0
S01009533,Two or more types of central heating,30,1,29,28,0,28,2,1,1,0,0,0
S01009534,All people in households,856,212,644,643,49,594,137,90,47,76,73,3
S01009534,No central heating,1,1,0,0,0,0,0,0,0,1,1,0
S01009534,Gas central heating,754,193,561,565,46,519,122,82,40,67,65,2
S01009534,Electric (including storage heaters) central heating,41,7,34,32,1,31,7,4,3,2,2,0
S01009534,Oil central heating,0,0,0,0,0,0,0,0,0,0,0,0
S01009534,Solid fuel (for example wood coal) central heating,12,3,9,8,0,8,3,2,1,1,1,0
S01009534,Other central heating,8,1,7,8,1,7,0,0,0,0,0,0
S01009534,Two or more types of central heating,40,7,33,30,1,29,5,2,3,5,4,1
S01009535,All people in households,629,134,495,493,35,458,83,51,32,53,48,5
S01009535,No central heating,2,1,1,2,1,1,0,0,0,0,0,0
S01009535,Gas central heating,566,119,447,445,32,413,73,44,29,48,43,5
S01009535,Electric (including storage heaters) central heating,11,3,8,6,0,6,3,1,2,2,2,0
S01009535,Oil central heating,0,0,0,0,0,0,0,0,0,0,0,0
S01009535,Solid fuel (for example wood coal) central heating,2,1,1,1,0,1,1,1,0,0,0,0
S01009535,Other central heating,0,0,0,0,0,0,0,0,0,0,0,0
S01009535,Two or more types of central heating,48,10,38,39,2,37,6,5,1,3,3,0
S01009536,All people in households,548,104,444,457,39,418,60,35,25,31,30,1
S01009536,No central heating,0,0,0,0,0,0,0,0,0,0,0,0
S01009536,Gas central heating,512,91,421,431,33,398,52,30,22,29,28,1
S01009536,Electric (including storage heaters) central heating,20,8,12,11,1,10,7,5,2,2,2,0
S01009536,Oil central heating,2,2,0,2,2,0,0,0,0,0,0,0
S01009536,Solid fuel (for example wood coal) central heating,3,1,2,2,1,1,1,0,1,0,0,0
S01009536,Other central heating,0,0,0,0,0,0,0,0,0,0,0,0
S01009536,Two or more types of central heating,11,2,9,11,2,9,0,0,0,0,0,0
S01009537,All people in households,539,127,412,421,35,386,84,59,25,34,33,1
S01009537,No central heating,4,1,3,4,1,3,0,0,0,0,0,0
S01009537,Gas central heating,457,96,361,368,27,341,64,45,19,25,24,1
S01009537,Electric (including storage heaters) central heating,58,21,37,36,5,31,16,10,6,6,6,0
S01009537,Oil central heating,5,2,3,3,0,3,1,1,0,1,1,0
S01009537,Solid fuel (for example wood coal) central heating,1,0,1,1,0,1,0,0,0,0,0,0
S01009537,Other central heating,3,2,1,1,0,1,1,1,0,1,1,0
S01009537,Two or more types of central heating,11,5,6,8,2,6,2,2,0,1,1,0
S01009538,All people in households,708,190,518,514,46,468,146,98,48,48,46,2
S01009538,No central heating,4,0,4,3,0,3,1,0,1,0,0,0
S01009538,Gas central heating,537,143,394,392,34,358,110,75,35,35,34,1
S01009538,Electric (including storage heaters) central heating,144,41,103,104,10,94,29,21,8,11,10,1
S01009538,Oil central heating,0,0,0,0,0,0,0,0,0,0,0,0
S01009538,Solid fuel (for example wood coal) central heating,0,0,0,0,0,0,0,0,0,0,0,0
S01009538,Other central heating,5,2,3,2,0,2,1,0,1,2,2,0
S01009538,Two or more types of central heating,18,4,14,13,2,11,5,2,3,0,0,0
S01009539,All people in households,865,230,635,648,51,597,154,117,37,63,62,1
S01009539,No central heating,1,1,0,0,0,0,1,1,0,0,0,0
S01009539,Gas central heating,826,211,615,625,48,577,143,106,37,58,57,1
S01009539,Electric (including storage heaters) central heating,26,11,15,17,2,15,6,6,0,3,3,0
S01009539,Oil central heating,0,0,0,0,0,0,0,0,0,0,0,0
S01009539,Solid fuel (for example wood coal) central heating,4,4,0,1,1,0,1,1,0,2,2,0
S01009539,Other central heating,0,0,0,0,0,0,0,0,0,0,0,0
S01009539,Two or more types of central heating,8,3,5,5,0,5,3,3,0,0,0,0
S01009540,All people in households,815,198,617,624,47,577,130,93,37,61,58,3
S01009540,No central heating,5,1,4,3,0,3,2,1,1,0,0,0
S01009540,Gas central heating,577,144,433,447,34,413,87,69,18,43,41,2
S01009540,Electric (including storage heaters) central heating,203,42,161,155,12,143,33,16,17,15,14,1
S01009540,Oil central heating,3,1,2,2,0,2,1,1,0,0,0,0
S01009540,Solid fuel (for example wood coal) central heating,11,6,5,6,1,5,3,3,0,2,2,0
S01009540,Other central heating,0,0,0,0,0,0,0,0,0,0,0,0
S01009540,Two or more types of central heating,16,4,12,11,0,11,4,3,1,1,1,0
S01009541,All people in households,725,129,596,612,40,572,78,55,23,35,34,1
S01009541,No central heating,2,1,1,1,0,1,0,0,0,1,1,0
S01009541,Gas central heating,627,109,518,534,35,499,65,47,18,28,27,1
S01009541,Electric (including storage heaters) central heating,15,2,13,14,2,12,1,0,1,0,0,0
S01009541,Oil central heating,55,10,45,42,0,42,8,5,3,5,5,0
S01009541,Solid fuel (for example wood coal) central heating,16,5,11,13,2,11,2,2,0,1,1,0
S01009541,Other central heating,2,0,2,2,0,2,0,0,0,0,0,0
S01009541,Two or more types of central heating,8,2,6,6,1,5,2,1,1,0,0,0
S01009542,All people in households,753,163,590,581,32,549,120,81,39,52,50,2
S01009542,No central heating,0,0,0,0,0,0,0,0,0,0,0,0
S01009542,Gas central heating,714,143,571,561,28,533,103,67,36,50,48,2
S01009542,Electric (including storage heaters) central heating,19,6,13,11,0,11,7,5,2,1,1,0
S01009542,Oil central heating,0,0,0,0,0,0,0,0,0,0,0,0
S01009542,Solid fuel (for example wood coal) central heating,7,7,0,2,2,0,5,5,0,0,0,0
S01009542,Other central heating,2,2,0,0,0,0,1,1,0,1,1,0
S01009542,Two or more types of central heating,11,5,6,7,2,5,4,3,1,0,0,0
S01009543,All people in households,523,176,347,364,43,321,114,89,25,45,44,1
S01009543,No central heating,9,3,6,6,0,6,0,0,0,3,3,0
S01009543,Gas central heating,488,157,331,346,40,306,104,80,24,38,37,1
S01009543,Electric (including storage heaters) central heating,14,12,2,5,3,2,5,5,0,4,4,0
S01009543,Oil central heating,0,0,0,0,0,0,0,0,0,0,0,0
S01009543,Solid fuel (for example wood coal) central heating,4,1,3,2,0,2,2,1,1,0,0,0
S01009543,Other central heating,0,0,0,0,0,0,0,0,0,0,0,0
S01009543,Two or more types of central heating,8,3,5,5,0,5,3,3,0,0,0,0
S01009544,All people in households,855,211,644,644,54,590,151,101,50,60,56,4
S01009544,No central heating,0,0,0,0,0,0,0,0,0,0,0,0
S01009544,Gas central heating,805,191,614,609,48,561,142,93,49,54,50,4
S01009544,Electric (including storage heaters) central heating,16,11,5,9,5,4,7,6,1,0,0,0
S01009544,Oil central heating,2,2,0,0,0,0,0,0,0,2,2,0
S01009544,Solid fuel (for example wood coal) central heating,5,1,4,4,0,4,1,1,0,0,0,0
S01009544,Other central heating,6,0,6,6,0,6,0,0,0,0,0,0
S01009544,Two or more types of central heating,21,6,15,16,1,15,1,1,0,4,4,0
S01009545,All people in households,789,176,613,617,50,567,120,77,43,52,49,3
S01009545,No central heating,2,1,1,2,1,1,0,0,0,0,0,0
S01009545,Gas central heating,684,157,527,529,42,487,107,69,38,48,46,2
S01009545,Electric (including storage heaters) central heating,13,4,9,10,3,7,3,1,2,0,0,0
S01009545,Oil central heating,57,3,54,52,1,51,4,2,2,1,0,1
S01009545,Solid fuel (for example wood coal) central heating,4,4,0,0,0,0,2,2,0,2,2,0
S01009545,Other central heating,4,1,3,4,1,3,0,0,0,0,0,0
S01009545,Two or more types of central heating,25,6,19,20,2,18,4,3,1,1,1,0
S01009546,All people in households,967,167,800,809,56,753,109,62,47,49,49,0
S01009546,No central heating,3,0,3,3,0,3,0,0,0,0,0,0
S01009546,Gas central heating,915,156,759,767,53,714,101,56,45,47,47,0
S01009546,Electric (including storage heaters) central heating,13,7,6,6,1,5,6,5,1,1,1,0
S01009546,Oil central heating,6,1,5,6,1,5,0,0,0,0,0,0
S01009546,Solid fuel (for example wood coal) central heating,1,0,1,1,0,1,0,0,0,0,0,0
S01009546,Other central heating,0,0,0,0,0,0,0,0,0,0,0,0
S01009546,Two or more types of central heating,29,3,26,26,1,25,2,1,1,1,1,0
S01009547,All people in households,744,151,593,601,47,554,105,66,39,38,38,0
S01009547,No central heating,12,8,4,5,2,3,2,1,1,5,5,0
S01009547,Gas central heating,615,128,487,497,39,458,88,59,29,30,30,0
S01009547,Electric (including storage heaters) central heating,28,7,21,24,5,19,3,1,2,1,1,0
S01009547,Oil central heating,46,1,45,45,0,45,1,1,0,0,0,0
S01009547,Solid fuel (for example wood coal) central heating,11,1,10,11,1,10,0,0,0,0,0,0
S01009547,Other central heating,17,6,11,7,0,7,8,4,4,2,2,0
S01009547,Two or more types of central heating,15,0,15,12,0,12,3,0,3,0,0,0
S01009548,All people in households,694,141,553,571,50,521,74,47,27,49,44,5
S01009548,No central heating,0,0,0,0,0,0,0,0,0,0,0,0
S01009548,Gas central heating,656,131,525,545,49,496,68,44,24,43,38,5
S01009548,Electric (including storage heaters) central heating,21,7,14,12,0,12,5,3,2,4,4,0
S01009548,Oil central heating,2,0,2,2,0,2,0,0,0,0,0,0
S01009548,Solid fuel (for example wood coal) central heating,2,1,1,1,1,0,1,0,1,0,0,0
S01009548,Other central heating,4,1,3,3,0,3,0,0,0,1,1,0
S01009548,Two or more types of central heating,9,1,8,8,0,8,0,0,0,1,1,0
S01009549,All people in households,778,158,620,649,57,592,97,69,28,32,32,0
S01009549,No central heating,0,0,0,0,0,0,0,0,0,0,0,0
S01009549,Gas central heating,728,146,582,604,50,554,95,67,28,29,29,0
S01009549,Electric (including storage heaters) central heating,26,9,17,23,6,17,1,1,0,2,2,0
S01009549,Oil central heating,3,0,3,3,0,3,0,0,0,0,0,0
S01009549,Solid fuel (for example wood coal) central heating,2,0,2,2,0,2,0,0,0,0,0,0
S01009549,Other central heating,4,2,2,2,0,2,1,1,0,1,1,0
S01009549,Two or more types of central heating,15,1,14,15,1,14,0,0,0,0,0,0
S01009550,All people in households,515,93,422,447,35,412,45,35,10,23,23,0
S01009550,No central heating,4,0,4,4,0,4,0,0,0,0,0,0
S01009550,Gas central heating,478,85,393,419,35,384,38,29,9,21,21,0
S01009550,Electric (including storage heaters) central heating,12,3,9,9,0,9,2,2,0,1,1,0
S01009550,Oil central heating,0,0,0,0,0,0,0,0,0,0,0,0
S01009550,Solid fuel (for example wood coal) central heating,3,0,3,3,0,3,0,0,0,0,0,0
S01009550,Other central heating,6,4,2,2,0,2,4,4,0,0,0,0
S01009550,Two or more types of central heating,12,1,11,10,0,10,1,0,1,1,1,0
S01009551,All people in households,533,91,442,446,24,422,61,42,19,26,25,1
S01009551,No central heating,0,0,0,0,0,0,0,0,0,0,0,0
S01009551,Gas central heating,503,84,419,423,23,400,57,39,18,23,22,1
S01009551,Electric (including storage heaters) central heating,19,5,14,13,0,13,3,2,1,3,3,0
S01009551,Oil central heating,0,0,0,0,0,0,0,0,0,0,0,0
S01009551,Solid fuel (for example wood coal) central heating,3,0,3,3,0,3,0,0,0,0,0,0
S01009551,Other central heating,1,1,0,1,1,0,0,0,0,0,0,0
S01009551,Two or more types of central heating,7,1,6,6,0,6,1,1,0,0,0,0
S01009552,All people in households,862,173,689,695,40,655,115,82,33,52,51,1
S01009552,No central heating,2,1,1,0,0,0,2,1,1,0,0,0
S01009552,Gas central heating,792,160,632,639,36,603,102,74,28,51,50,1
S01009552,Electric (including storage heaters) central heating,14,2,12,11,0,11,3,2,1,0,0,0
S01009552,Oil central heating,41,7,34,35,4,31,6,3,3,0,0,0
S01009552,Solid fuel (for example wood coal) central heating,8,1,7,7,0,7,0,0,0,1,1,0
S01009552,Other central heating,2,1,1,1,0,1,1,1,0,0,0,0
S01009552,Two or more types of central heating,3,1,2,2,0,2,1,1,0,0,0,0
S01009553,All people in households,852,203,649,643,45,598,139,90,49,70,68,2
S01009553,No central heating,2,2,0,2,2,0,0,0,0,0,0,0
S01009553,Gas central heating,804,186,618,607,38,569,132,84,48,65,64,1
S01009553,Electric (including storage heaters) central heating,16,7,9,10,3,7,2,1,1,4,3,1
S01009553,Oil central heating,5,1,4,4,0,4,1,1,0,0,0,0
S01009553,Solid fuel (for example wood coal) central heating,8,2,6,6,0,6,2,2,0,0,0,0
S01009553,Other central heating,0,0,0,0,0,0,0,0,0,0,0,0
S01009553,Two or more types of central heating,17,5,12,14,2,12,2,2,0,1,1,0
S01009554,All people in households,651,151,500,514,46,468,96,67,29,41,38,3
S01009554,No central heating,3,1,2,2,0,2,1,1,0,0,0,0
S01009554,Gas central heating,545,128,417,424,37,387,83,56,27,38,35,3
S01009554,Electric (including storage heaters) central heating,14,4,10,9,0,9,4,3,1,1,1,0
S01009554,Oil central heating,52,10,42,47,5,42,3,3,0,2,2,0
S01009554,Solid fuel (for example wood coal) central heating,3,0,3,3,0,3,0,0,0,0,0,0
S01009554,Other central heating,2,1,1,1,0,1,1,1,0,0,0,0
S01009554,Two or more types of central heating,32,7,25,28,4,24,4,3,1,0,0,0
S01009555,All people in households,735,147,588,606,52,554,102,70,32,27,25,2
S01009555,No central heating,13,4,9,7,1,6,6,3,3,0,0,0
S01009555,Gas central heating,665,134,531,549,48,501,92,63,29,24,23,1
S01009555,Electric (including storage heaters) central heating,21,6,15,17,2,15,3,3,0,1,1,0
S01009555,Oil central heating,5,1,4,4,0,4,0,0,0,1,1,0
S01009555,Solid fuel (for example wood coal) central heating,10,2,8,9,1,8,1,1,0,0,0,0
S01009555,Other central heating,0,0,0,0,0,0,0,0,0,0,0,0
S01009555,Two or more types of central heating,21,0,21,20,0,20,0,0,0,1,0,1
S01009556,All people in households,767,155,612,628,45,583,90,61,29,49,49,0
S01009556,No central heating,2,0,2,1,0,1,1,0,1,0,0,0
S01009556,Gas central heating,689,135,554,571,42,529,74,49,25,44,44,0
S01009556,Electric (including storage heaters) central heating,54,14,40,41,3,38,11,9,2,2,2,0
S01009556,Oil central heating,0,0,0,0,0,0,0,0,0,0,0,0
S01009556,Solid fuel (for example wood coal) central heating,0,0,0,0,0,0,0,0,0,0,0,0
S01009556,Other central heating,2,1,1,1,0,1,0,0,0,1,1,0
S01009556,Two or more types of central heating,20,5,15,14,0,14,4,3,1,2,2,0
S01009557,All people in households,675,142,533,525,34,491,111,69,42,39,39,0
S01009557,No central heating,11,2,9,8,1,7,2,0,2,1,1,0
S01009557,Gas central heating,560,118,442,438,27,411,85,54,31,37,37,0
S01009557,Electric (including storage heaters) central heating,73,16,57,53,4,49,20,12,8,0,0,0
S01009557,Oil central heating,4,0,4,4,0,4,0,0,0,0,0,0
S01009557,Solid fuel (for example wood coal) central heating,6,2,4,4,1,3,1,0,1,1,1,0
S01009557,Other central heating,0,0,0,0,0,0,0,0,0,0,0,0
S01009557,Two or more types of central heating,21,4,17,18,1,17,3,3,0,0,0,0
S01009558,All people in households,673,147,526,534,40,494,104,73,31,35,34,1
S01009558,No central heating,4,1,3,3,0,3,1,1,0,0,0,0
S01009558,Gas central heating,566,127,439,450,37,413,86,61,25,30,29,1
S01009558,Electric (including storage heaters) central heating,71,13,58,56,3,53,12,7,5,3,3,0
S01009558,Oil central heating,3,0,3,3,0,3,0,0,0,0,0,0
S01009558,Solid fuel (for example wood coal) central heating,12,2,10,9,0,9,1,0,1,2,2,0
S01009558,Other central heating,0,0,0,0,0,0,0,0,0,0,0,0
S01009558,Two or more types of central heating,17,4,13,13,0,13,4,4,0,0,0,0
S01009559,All people in households,857,193,664,667,55,612,137,85,52,53,53,0
S01009559,No central heating,17,4,13,14,1,13,3,3,0,0,0,0
S01009559,Gas central heating,686,147,539,540,43,497,105,63,42,41,41,0
S01009559,Electric (including storage heaters) central heating,109,33,76,77,7,70,22,16,6,10,10,0
S01009559,Oil central heating,0,0,0,0,0,0,0,0,0,0,0,0
S01009559,Solid fuel (for example wood coal) central heating,9,3,6,5,1,4,3,1,2,1,1,0
S01009559,Other central heating,0,0,0,0,0,0,0,0,0,0,0,0
S01009559,Two or more types of central heating,36,6,30,31,3,28,4,2,2,1,1,0
S01009560,All people in households,748,177,571,587,51,536,101,69,32,60,57,3
S01009560,No central heating,8,1,7,7,0,7,1,1,0,0,0,0
S01009560,Gas central heating,667,162,505,523,46,477,88,62,26,56,54,2
S01009560,Electric (including storage heaters) central heating,44,8,36,36,4,32,7,3,4,1,1,0
S01009560,Oil central heating,0,0,0,0,0,0,0,0,0,0,0,0
S01009560,Solid fuel (for example wood coal) central heating,1,1,0,0,0,0,1,1,0,0,0,0
S01009560,Other central heating,2,0,2,1,0,1,1,0,1,0,0,0
S01009560,Two or more types of central heating,26,5,21,20,1,19,3,2,1,3,2,1
S01009561,All people in households,536,125,411,410,28,382,94,65,29,32,32,0
S01009561,No central heating,12,3,9,9,0,9,2,2,0,1,1,0
S01009561,Gas central heating,473,106,367,361,22,339,84,56,28,28,28,0
S01009561,Electric (including storage heaters) central heating,38,12,26,31,6,25,4,3,1,3,3,0
S01009561,Oil central heating,2,0,2,2,0,2,0,0,0,0,0,0
S01009561,Solid fuel (for example wood coal) central heating,0,0,0,0,0,0,0,0,0,0,0,0
S01009561,Other central heating,1,0,1,1,0,1,0,0,0,0,0,0
S01009561,Two or more types of central heating,10,4,6,6,0,6,4,4,0,0,0,0
S01009562,All people in households,715,129,586,596,48,548,92,56,36,27,25,2
S01009562,No central heating,7,3,4,5,2,3,2,1,1,0,0,0
S01009562,Gas central heating,667,121,546,554,45,509,89,54,35,24,22,2
S01009562,Electric (including storage heaters) central heating,13,3,10,11,1,10,0,0,0,2,2,0
S01009562,Oil central heating,5,1,4,4,0,4,0,0,0,1,1,0
S01009562,Solid fuel (for example wood coal) central heating,4,0,4,4,0,4,0,0,0,0,0,0
S01009562,Other central heating,2,0,2,2,0,2,0,0,0,0,0,0
S01009562,Two or more types of central heating,17,1,16,16,0,16,1,1,0,0,0,0
S01009563,All people in households,793,195,598,618,61,557,133,93,40,42,41,1
S01009563,No central heating,8,4,4,6,2,4,2,2,0,0,0,0
S01009563,Gas central heating,689,154,535,545,45,500,106,71,35,38,38,0
S01009563,Electric (including storage heaters) central heating,91,34,57,64,13,51,24,19,5,3,2,1
S01009563,Oil central heating,0,0,0,0,0,0,0,0,0,0,0,0
S01009563,Solid fuel (for example wood coal) central heating,1,1,0,0,0,0,0,0,0,1,1,0
S01009563,Other central heating,1,0,1,1,0,1,0,0,0,0,0,0
S01009563,Two or more types of central heating,3,2,1,2,1,1,1,1,0,0,0,0
S01009564,All people in households,681,159,522,533,47,486,110,74,36,38,38,0
S01009564,No central heating,1,0,1,1,0,1,0,0,0,0,0,0
S01009564,Gas central heating,655,151,504,512,43,469,107,72,35,36,36,0
S01009564,Electric (including storage heaters) central heating,5,3,2,3,1,2,1,1,0,1,1,0
S01009564,Oil central heating,5,0,5,4,0,4,1,0,1,0,0,0
S01009564,Solid fuel (for example wood coal) central heating,0,0,0,0,0,0,0,0,0,0,0,0
S01009564,Other central heating,1,1,0,0,0,0,1,1,0,0,0,0
S01009564,Two or more types of central heating,14,4,10,13,3,10,0,0,0,1,1,0
S01009565,All people in households,588,121,467,485,41,444,69,48,21,34,32,2
S01009565,No central heating,3,1,2,2,0,2,0,0,0,1,1,0
S01009565,Gas central heating,537,109,428,444,37,407,64,45,19,29,27,2
S01009565,Electric (including storage heaters) central heating,37,7,30,31,3,28,5,3,2,1,1,0
S01009565,Oil central heating,3,1,2,3,1,2,0,0,0,0,0,0
S01009565,Solid fuel (for example wood coal) central heating,0,0,0,0,0,0,0,0,0,0,0,0
S01009565,Other central heating,0,0,0,0,0,0,0,0,0,0,0,0
S01009565,Two or more types of central heating,8,3,5,5,0,5,0,0,0,3,3,0
S01009566,All people in households,1070,168,902,910,49,861,118,77,41,42,42,0
S01009566,No central heating,2,1,1,1,0,1,0,0,0,1,1,0
S01009566,Gas central heating,992,155,837,847,46,801,108,72,36,37,37,0
S01009566,Electric (including storage heaters) central heating,35,7,28,27,1,26,5,3,2,3,3,0
S01009566,Oil central heating,0,0,0,0,0,0,0,0,0,0,0,0
S01009566,Solid fuel (for example wood coal) central heating,1,0,1,1,0,1,0,0,0,0,0,0
S01009566,Other central heating,14,0,14,14,0,14,0,0,0,0,0,0
S01009566,Two or more types of central heating,26,5,21,20,2,18,5,2,3,1,1,0
S01009567,All people in households,882,173,709,735,57,678,110,79,31,37,37,0
S01009567,No central heating,8,1,7,7,1,6,1,0,1,0,0,0
S01009567,Gas central heating,786,154,632,652,48,604,103,75,28,31,31,0
S01009567,Electric (including storage heaters) central heating,74,15,59,67,8,59,3,3,0,4,4,0
S01009567,Oil central heating,2,1,1,1,0,1,1,1,0,0,0,0
S01009567,Solid fuel (for example wood coal) central heating,4,1,3,1,0,1,2,0,2,1,1,0
S01009567,Other central heating,4,0,4,4,0,4,0,0,0,0,0,0
S01009567,Two or more types of central heating,4,1,3,3,0,3,0,0,0,1,1,0
S01009568,All people in households,736,170,566,561,40,521,118,74,44,57,56,1
S01009568,No central heating,4,1,3,3,0,3,1,1,0,0,0,0
S01009568,Gas central heating,678,157,521,514,38,476,109,65,44,55,54,1
S01009568,Electric (including storage heaters) central heating,28,10,18,20,2,18,6,6,0,2,2,0
S01009568,Oil central heating,0,0,0,0,0,0,0,0,0,0,0,0
S01009568,Solid fuel (for example wood coal) central heating,2,0,2,2,0,2,0,0,0,0,0,0
S01009568,Other central heating,4,0,4,4,0,4,0,0,0,0,0,0
S01009568,Two or more types of central heating,20,2,18,18,0,18,2,2,0,0,0,0
S01009569,All people in households,812,188,624,633,49,584,129,89,40,50,50,0
S01009569,No central heating,2,1,1,1,0,1,1,1,0,0,0,0
S01009569,Gas central heating,762,168,594,597,42,555,122,83,39,43,43,0
S01009569,Electric (including storage heaters) central heating,27,12,15,19,4,15,4,4,0,4,4,0
S01009569,Oil central heating,0,0,0,0,0,0,0,0,0,0,0,0
S01009569,Solid fuel (for example wood coal) central heating,6,3,3,5,2,3,0,0,0,1,1,0
S01009569,Other central heating,2,1,1,1,0,1,0,0,0,1,1,0
S01009569,Two or more types of central heating,13,3,10,10,1,9,2,1,1,1,1,0
S01009570,All people in households,559,134,425,442,46,396,83,55,28,34,33,1
S01009570,No central heating,5,1,4,4,0,4,1,1,0,0,0,0
S01009570,Gas central heating,523,124,399,419,45,374,74,49,25,30,30,0
S01009570,Electric (including storage heaters) central heating,21,7,14,12,1,11,8,5,3,1,1,0
S01009570,Oil central heating,2,0,2,2,0,2,0,0,0,0,0,0
S01009570,Solid fuel (for example wood coal) central heating,5,1,4,3,0,3,0,0,0,2,1,1
S01009570,Other central heating,0,0,0,0,0,0,0,0,0,0,0,0
S01009570,Two or more types of central heating,3,1,2,2,0,2,0,0,0,1,1,0
S01009571,All people in households,686,158,528,534,42,492,111,75,36,41,41,0
S01009571,No central heating,3,2,1,0,0,0,2,1,1,1,1,0
S01009571,Gas central heating,611,134,477,478,35,443,97,63,34,36,36,0
S01009571,Electric (including storage heaters) central heating,36,12,24,29,5,24,5,5,0,2,2,0
S01009571,Oil central heating,0,0,0,0,0,0,0,0,0,0,0,0
S01009571,Solid fuel (for example wood coal) central heating,2,0,2,2,0,2,0,0,0,0,0,0
S01009571,Other central heating,2,2,0,2,2,0,0,0,0,0,0,0
S01009571,Two or more types of central heating,32,8,24,23,0,23,7,6,1,2,2,0
S01009572,All people in households,1030,261,769,776,69,707,177,116,61,77,76,1
S01009572,No central heating,6,4,2,3,1,2,1,1,0,2,2,0
S01009572,Gas central heating,939,232,707,719,62,657,150,101,49,70,69,1
S01009572,Electric (including storage heaters) central heating,34,13,21,20,3,17,12,8,4,2,2,0
S01009572,Oil central heating,3,1,2,3,1,2,0,0,0,0,0,0
S01009572,Solid fuel (for example wood coal) central heating,10,5,5,3,1,2,6,3,3,1,1,0
S01009572,Other central heating,0,0,0,0,0,0,0,0,0,0,0,0
S01009572,Two or more types of central heating,38,6,32,28,1,27,8,3,5,2,2,0
S01009573,All people in households,743,198,545,566,51,515,103,75,28,74,72,2
S01009573,No central heating,5,1,4,4,0,4,0,0,0,1,1,0
S01009573,Gas central heating,685,180,505,524,46,478,93,68,25,68,66,2
S01009573,Electric (including storage heaters) central heating,29,11,18,20,3,17,7,6,1,2,2,0
S01009573,Oil central heating,0,0,0,0,0,0,0,0,0,0,0,0
S01009573,Solid fuel (for example wood coal) central heating,5,3,2,3,2,1,2,1,1,0,0,0
S01009573,Other central heating,5,1,4,4,0,4,0,0,0,1,1,0
S01009573,Two or more types of central heating,14,2,12,11,0,11,1,0,1,2,2,0
S01009574,All people in households,970,247,723,739,67,672,166,115,51,65,65,0
S01009574,No central heating,11,3,8,7,0,7,3,2,1,1,1,0
S01009574,Gas central heating,931,233,698,712,63,649,159,110,49,60,60,0
S01009574,Electric (including storage heaters) central heating,18,7,11,12,2,10,4,3,1,2,2,0
S01009574,Oil central heating,0,0,0,0,0,0,0,0,0,0,0,0
S01009574,Solid fuel (for example wood coal) central heating,1,1,0,1,1,0,0,0,0,0,0,0
S01009574,Other central heating,0,0,0,0,0,0,0,0,0,0,0,0
S01009574,Two or more types of central heating,9,3,6,7,1,6,0,0,0,2,2,0
S01009575,All people in households,523,120,403,410,32,378,86,61,25,27,27,0
S01009575,No central heating,4,2,2,4,2,2,0,0,0,0,0,0
S01009575,Gas central heating,488,104,384,386,24,362,78,56,22,24,24,0
S01009575,Electric (including storage heaters) central heating,11,7,4,5,2,3,4,3,1,2,2,0
S01009575,Oil central heating,0,0,0,0,0,0,0,0,0,0,0,0
S01009575,Solid fuel (for example wood coal) central heating,0,0,0,0,0,0,0,0,0,0,0,0
S01009575,Other central heating,9,3,6,9,3,6,0,0,0,0,0,0
S01009575,Two or more types of central heating,11,4,7,6,1,5,4,2,2,1,1,0
S01009576,All people in households,516,78,438,439,26,413,57,35,22,20,17,3
S01009576,No central heating,1,0,1,1,0,1,0,0,0,0,0,0
S01009576,Gas central heating,484,76,408,411,26,385,55,33,22,18,17,1
S01009576,Electric (including storage heaters) central heating,19,1,18,16,0,16,1,1,0,2,0,2
S01009576,Oil central heating,2,0,2,2,0,2,0,0,0,0,0,0
S01009576,Solid fuel (for example wood coal) central heating,0,0,0,0,0,0,0,0,0,0,0,0
S01009576,Other central heating,0,0,0,0,0,0,0,0,0,0,0,0
S01009576,Two or more types of central heating,10,1,9,9,0,9,1,1,0,0,0,0
S01009577,All people in households,660,110,550,581,46,535,54,39,15,25,25,0
S01009577,No central heating,0,0,0,0,0,0,0,0,0,0,0,0
S01009577,Gas central heating,640,102,538,567,43,524,52,38,14,21,21,0
S01009577,Electric (including storage heaters) central heating,5,1,4,4,0,4,1,1,0,0,0,0
S01009577,Oil central heating,0,0,0,0,0,0,0,0,0,0,0,0
S01009577,Solid fuel (for example wood coal) central heating,0,0,0,0,0,0,0,0,0,0,0,0
S01009577,Other central heating,12,7,5,8,3,5,0,0,0,4,4,0
S01009577,Two or more types of central heating,3,0,3,2,0,2,1,0,1,0,0,0
S01009578,All people in households,771,155,616,626,38,588,104,76,28,41,41,0
S01009578,No central heating,10,2,8,6,0,6,3,1,2,1,1,0
S01009578,Gas central heating,722,150,572,587,38,549,98,75,23,37,37,0
S01009578,Electric (including storage heaters) central heating,15,2,13,12,0,12,1,0,1,2,2,0
S01009578,Oil central heating,0,0,0,0,0,0,0,0,0,0,0,0
S01009578,Solid fuel (for example wood coal) central heating,0,0,0,0,0,0,0,0,0,0,0,0
S01009578,Other central heating,0,0,0,0,0,0,0,0,0,0,0,0
S01009578,Two or more types of central heating,24,1,23,21,0,21,2,0,2,1,1,0
S01009579,All people in households,1029,195,834,854,55,799,102,70,32,73,70,3
S01009579,No central heating,2,0,2,2,0,2,0,0,0,0,0,0
S01009579,Gas central heating,997,186,811,828,50,778,98,67,31,71,69,2
S01009579,Electric (including storage heaters) central heating,8,3,5,6,1,5,2,2,0,0,0,0
S01009579,Oil central heating,2,1,1,1,0,1,1,1,0,0,0,0
S01009579,Solid fuel (for example wood coal) central heating,0,0,0,0,0,0,0,0,0,0,0,0
S01009579,Other central heating,5,0,5,4,0,4,0,0,0,1,0,1
S01009579,Two or more types of central heating,15,5,10,13,4,9,1,0,1,1,1,0
S01009580,All people in households,970,109,861,878,46,832,76,48,28,16,15,1
S01009580,No central heating,1,0,1,1,0,1,0,0,0,0,0,0
S01009580,Gas central heating,924,105,819,834,44,790,74,46,28,16,15,1
S01009580,Electric (including storage heaters) central heating,6,0,6,6,0,6,0,0,0,0,0,0
S01009580,Oil central heating,4,2,2,3,1,2,1,1,0,0,0,0
S01009580,Solid fuel (for example wood coal) central heating,0,0,0,0,0,0,0,0,0,0,0,0
S01009580,Other central heating,0,0,0,0,0,0,0,0,0,0,0,0
S01009580,Two or more types of central heating,35,2,33,34,1,33,1,1,0,0,0,0
S01009581,All people in households,553,126,427,424,28,396,82,54,28,47,44,3
S01009581,No central heating,8,1,7,8,1,7,0,0,0,0,0,0
S01009581,Gas central heating,311,74,237,232,13,219,48,33,15,31,28,3
S01009581,Electric (including storage heaters) central heating,213,46,167,168,12,156,31,20,11,14,14,0
S01009581,Oil central heating,0,0,0,0,0,0,0,0,0,0,0,0
S01009581,Solid fuel (for example wood coal) central heating,0,0,0,0,0,0,0,0,0,0,0,0
S01009581,Other central heating,11,3,8,6,0,6,3,1,2,2,2,0
S01009581,Two or more types of central heating,10,2,8,10,2,8,0,0,0,0,0,0
S01009582,All people in households,533,98,435,445,36,409,66,40,26,22,22,0
S01009582,No central heating,7,1,6,6,0,6,0,0,0,1,1,0
S01009582,Gas central heating,350,68,282,289,27,262,44,24,20,17,17,0
S01009582,Electric (including storage heaters) central heating,163,25,138,140,8,132,19,13,6,4,4,0
S01009582,Oil central heating,2,2,0,0,0,0,2,2,0,0,0,0
S01009582,Solid fuel (for example wood coal) central heating,1,0,1,1,0,1,0,0,0,0,0,0
S01009582,Other central heating,7,1,6,6,0,6,1,1,0,0,0,0
S01009582,Two or more types of central heating,3,1,2,3,1,2,0,0,0,0,0,0
S01009583,All people in households,812,146,666,678,46,632,89,56,33,45,44,1
S01009583,No central heating,4,1,3,4,1,3,0,0,0,0,0,0
S01009583,Gas central heating,773,142,631,640,43,597,89,56,33,44,43,1
S01009583,Electric (including storage heaters) central heating,17,2,15,16,1,15,0,0,0,1,1,0
S01009583,Oil central heating,0,0,0,0,0,0,0,0,0,0,0,0
S01009583,Solid fuel (for example wood coal) central heating,0,0,0,0,0,0,0,0,0,0,0,0
S01009583,Other central heating,4,0,4,4,0,4,0,0,0,0,0,0
S01009583,Two or more types of central heating,14,1,13,14,1,13,0,0,0,0,0,0
S01009584,All people in households,537,89,448,466,32,434,50,36,14,21,21,0
S01009584,No central heating,0,0,0,0,0,0,0,0,0,0,0,0
S01009584,Gas central heating,511,83,428,443,29,414,48,34,14,20,20,0
S01009584,Electric (including storage heaters) central heating,25,6,19,22,3,19,2,2,0,1,1,0
S01009584,Oil central heating,0,0,0,0,0,0,0,0,0,0,0,0
S01009584,Solid fuel (for example wood coal) central heating,0,0,0,0,0,0,0,0,0,0,0,0
S01009584,Other central heating,0,0,0,0,0,0,0,0,0,0,0,0
S01009584,Two or more types of central heating,1,0,1,1,0,1,0,0,0,0,0,0
S01009585,All people in households,969,174,795,802,43,759,113,77,36,54,54,0
S01009585,No central heating,6,2,4,4,0,4,1,1,0,1,1,0
S01009585,Gas central heating,914,162,752,756,38,718,107,73,34,51,51,0
S01009585,Electric (including storage heaters) central heating,13,2,11,11,1,10,2,1,1,0,0,0
S01009585,Oil central heating,0,0,0,0,0,0,0,0,0,0,0,0
S01009585,Solid fuel (for example wood coal) central heating,0,0,0,0,0,0,0,0,0,0,0,0
S01009585,Other central heating,10,3,7,7,1,6,2,1,1,1,1,0
S01009585,Two or more types of central heating,26,5,21,24,3,21,1,1,0,1,1,0
S01009586,All people in households,647,193,454,482,50,432,104,83,21,61,60,1
S01009586,No central heating,0,0,0,0,0,0,0,0,0,0,0,0
S01009586,Gas central heating,607,170,437,458,41,417,95,75,20,54,54,0
S01009586,Electric (including storage heaters) central heating,22,12,10,12,4,8,5,4,1,5,4,1
S01009586,Oil central heating,0,0,0,0,0,0,0,0,0,0,0,0
S01009586,Solid fuel (for example wood coal) central heating,0,0,0,0,0,0,0,0,0,0,0,0
S01009586,Other central heating,10,5,5,7,2,5,2,2,0,1,1,0
S01009586,Two or more types of central heating,8,6,2,5,3,2,2,2,0,1,1,0
S01009587,All people in households,684,205,479,512,68,444,124,90,34,48,47,1
S01009587,No central heating,7,3,4,5,1,4,1,1,0,1,1,0
S01009587,Gas central heating,630,181,449,478,61,417,107,76,31,45,44,1
S01009587,Electric (including storage heaters) central heating,21,13,8,10,2,8,9,9,0,2,2,0
S01009587,Oil central heating,0,0,0,0,0,0,0,0,0,0,0,0
S01009587,Solid fuel (for example wood coal) central heating,3,1,2,2,0,2,1,1,0,0,0,0
S01009587,Other central heating,3,3,0,2,2,0,1,1,0,0,0,0
S01009587,Two or more types of central heating,20,4,16,15,2,13,5,2,3,0,0,0
S01009588,All people in households,977,243,734,747,58,689,155,111,44,75,74,1
S01009588,No central heating,1,1,0,0,0,0,0,0,0,1,1,0
S01009588,Gas central heating,943,234,709,723,56,667,148,107,41,72,71,1
S01009588,Electric (including storage heaters) central heating,19,5,14,15,2,13,3,2,1,1,1,0
S01009588,Oil central heating,0,0,0,0,0,0,0,0,0,0,0,0
S01009588,Solid fuel (for example wood coal) central heating,2,0,2,2,0,2,0,0,0,0,0,0
S01009588,Other central heating,1,0,1,1,0,1,0,0,0,0,0,0
S01009588,Two or more types of central heating,11,3,8,6,0,6,4,2,2,1,1,0
S01009589,All people in households,954,194,760,773,56,717,139,97,42,42,41,1
S01009589,No central heating,0,0,0,0,0,0,0,0,0,0,0,0
S01009589,Gas central heating,905,184,721,733,53,680,131,91,40,41,40,1
S01009589,Electric (including storage heaters) central heating,16,5,11,9,0,9,6,4,2,1,1,0
S01009589,Oil central heating,4,0,4,4,0,4,0,0,0,0,0,0
S01009589,Solid fuel (for example wood coal) central heating,0,0,0,0,0,0,0,0,0,0,0,0
S01009589,Other central heating,4,1,3,4,1,3,0,0,0,0,0,0
S01009589,Two or more types of central heating,25,4,21,23,2,21,2,2,0,0,0,0
S01009590,All people in households,718,116,602,646,58,588,58,45,13,14,13,1
S01009590,No central heating,0,0,0,0,0,0,0,0,0,0,0,0
S01009590,Gas central heating,702,108,594,634,54,580,56,43,13,12,11,1
S01009590,Electric (including storage heaters) central heating,12,7,5,8,3,5,2,2,0,2,2,0
S01009590,Oil central heating,0,0,0,0,0,0,0,0,0,0,0,0
S01009590,Solid fuel (for example wood coal) central heating,0,0,0,0,0,0,0,0,0,0,0,0
S01009590,Other central heating,0,0,0,0,0,0,0,0,0,0,0,0
S01009590,Two or more types of central heating,4,1,3,4,1,3,0,0,0,0,0,0
S01009591,All people in households,643,102,541,543,32,511,73,44,29,27,26,1
S01009591,No central heating,10,2,8,8,2,6,2,0,2,0,0,0
S01009591,Gas central heating,575,85,490,487,21,466,63,40,23,25,24,1
S01009591,Electric (including storage heaters) central heating,45,10,35,35,4,31,8,4,4,2,2,0
S01009591,Oil central heating,6,1,5,6,1,5,0,0,0,0,0,0
S01009591,Solid fuel (for example wood coal) central heating,0,0,0,0,0,0,0,0,0,0,0,0
S01009591,Other central heating,5,3,2,5,3,2,0,0,0,0,0,0
S01009591,Two or more types of central heating,2,1,1,2,1,1,0,0,0,0,0,0
S01009592,All people in households,554,102,452,477,41,436,58,43,15,19,18,1
S01009592,No central heating,0,0,0,0,0,0,0,0,0,0,0,0
S01009592,Gas central heating,544,101,443,468,40,428,57,43,14,19,18,1
S01009592,Electric (including storage heaters) central heating,0,0,0,0,0,0,0,0,0,0,0,0
S01009592,Oil central heating,1,0,1,1,0,1,0,0,0,0,0,0
S01009592,Solid fuel (for example wood coal) central heating,6,1,5,6,1,5,0,0,0,0,0,0
S01009592,Other central heating,2,0,2,2,0,2,0,0,0,0,0,0
S01009592,Two or more types of central heating,1,0,1,0,0,0,1,0,1,0,0,0
S01009593,All people in households,592,82,510,543,44,499,35,24,11,14,14,0
S01009593,No central heating,0,0,0,0,0,0,0,0,0,0,0,0
S01009593,Gas central heating,567,78,489,522,43,479,33,23,10,12,12,0
S01009593,Electric (including storage heaters) central heating,8,1,7,7,0,7,1,1,0,0,0,0
S01009593,Oil central heating,10,1,9,9,0,9,0,0,0,1,1,0
S01009593,Solid fuel (for example wood coal) central heating,0,0,0,0,0,0,0,0,0,0,0,0
S01009593,Other central heating,0,0,0,0,0,0,0,0,0,0,0,0
S01009593,Two or more types of central heating,7,2,5,5,1,4,1,0,1,1,1,0
S01009594,All people in households,675,79,596,596,25,571,50,27,23,29,27,2
S01009594,No central heating,0,0,0,0,0,0,0,0,0,0,0,0
S01009594,Gas central heating,665,77,588,588,24,564,49,27,22,28,26,2
S01009594,Electric (including storage heaters) central heating,1,1,0,0,0,0,0,0,0,1,1,0
S01009594,Oil central heating,0,0,0,0,0,0,0,0,0,0,0,0
S01009594,Solid fuel (for example wood coal) central heating,0,0,0,0,0,0,0,0,0,0,0,0
S01009594,Other central heating,1,1,0,1,1,0,0,0,0,0,0,0
S01009594,Two or more types of central heating,8,0,8,7,0,7,1,0,1,0,0,0
S01009595,All people in households,514,50,464,470,19,451,32,19,13,12,12,0
S01009595,No central heating,0,0,0,0,0,0,0,0,0,0,0,0
S01009595,Gas central heating,503,48,455,462,19,443,31,19,12,10,10,0
S01009595,Electric (including storage heaters) central heating,0,0,0,0,0,0,0,0,0,0,0,0
S01009595,Oil central heating,0,0,0,0,0,0,0,0,0,0,0,0
S01009595,Solid fuel (for example wood coal) central heating,0,0,0,0,0,0,0,0,0,0,0,0
S01009595,Other central heating,0,0,0,0,0,0,0,0,0,0,0,0
S01009595,Two or more types of central heating,11,2,9,8,0,8,1,0,1,2,2,0
S01009596,All people in households,783,148,635,642,42,600,88,54,34,53,52,1
S01009596,No central heating,0,0,0,0,0,0,0,0,0,0,0,0
S01009596,Gas central heating,728,135,593,600,39,561,82,51,31,46,45,1
S01009596,Electric (including storage heaters) central heating,18,4,14,13,1,12,3,1,2,2,2,0
S01009596,Oil central heating,1,1,0,0,0,0,0,0,0,1,1,0
S01009596,Solid fuel (for example wood coal) central heating,0,0,0,0,0,0,0,0,0,0,0,0
S01009596,Other central heating,14,2,12,13,1,12,1,1,0,0,0,0
S01009596,Two or more types of central heating,22,6,16,16,1,15,2,1,1,4,4,0
S01009597,All people in households,875,174,701,698,41,657,122,79,43,55,54,1
S01009597,No central heating,9,1,8,8,0,8,0,0,0,1,1,0
S01009597,Gas central heating,801,160,641,642,38,604,112,75,37,47,47,0
S01009597,Electric (including storage heaters) central heating,38,8,30,29,3,26,6,2,4,3,3,0
S01009597,Oil central heating,1,1,0,0,0,0,0,0,0,1,1,0
S01009597,Solid fuel (for example wood coal) central heating,0,0,0,0,0,0,0,0,0,0,0,0
S01009597,Other central heating,0,0,0,0,0,0,0,0,0,0,0,0
S01009597,Two or more types of central heating,26,4,22,19,0,19,4,2,2,3,2,1
S01009598,All people in households,664,168,496,505,41,464,106,74,32,53,53,0
S01009598,No central heating,4,0,4,4,0,4,0,0,0,0,0,0
S01009598,Gas central heating,644,164,480,489,41,448,105,73,32,50,50,0
S01009598,Electric (including storage heaters) central heating,6,0,6,6,0,6,0,0,0,0,0,0
S01009598,Oil central heating,6,1,5,5,0,5,0,0,0,1,1,0
S01009598,Solid fuel (for example wood coal) central heating,0,0,0,0,0,0,0,0,0,0,0,0
S01009598,Other central heating,0,0,0,0,0,0,0,0,0,0,0,0
S01009598,Two or more types of central heating,4,3,1,1,0,1,1,1,0,2,2,0
S01009599,All people in households,888,210,678,691,59,632,133,89,44,64,62,2
S01009599,No central heating,15,2,13,12,0,12,2,1,1,1,1,0
S01009599,Gas central heating,704,168,536,547,47,500,105,71,34,52,50,2
S01009599,Electric (including storage heaters) central heating,141,33,108,110,10,100,22,14,8,9,9,0
S01009599,Oil central heating,0,0,0,0,0,0,0,0,0,0,0,0
S01009599,Solid fuel (for example wood coal) central heating,0,0,0,0,0,0,0,0,0,0,0,0
S01009599,Other central heating,8,2,6,7,1,6,0,0,0,1,1,0
S01009599,Two or more types of central heating,20,5,15,15,1,14,4,3,1,1,1,0
S01009600,All people in households,634,196,438,463,47,416,113,91,22,58,58,0
S01009600,No central heating,2,0,2,1,0,1,1,0,1,0,0,0
S01009600,Gas central heating,542,148,394,414,39,375,87,68,19,41,41,0
S01009600,Electric (including storage heaters) central heating,63,41,22,28,7,21,24,23,1,11,11,0
S01009600,Oil central heating,0,0,0,0,0,0,0,0,0,0,0,0
S01009600,Solid fuel (for example wood coal) central heating,0,0,0,0,0,0,0,0,0,0,0,0
S01009600,Other central heating,21,5,16,17,1,16,0,0,0,4,4,0
S01009600,Two or more types of central heating,6,2,4,3,0,3,1,0,1,2,2,0
S01009601,All people in households,672,132,540,541,43,498,88,47,41,43,42,1
S01009601,No central heating,0,0,0,0,0,0,0,0,0,0,0,0
S01009601,Gas central heating,580,107,473,467,30,437,79,43,36,34,34,0
S01009601,Electric (including storage heaters) central heating,60,20,40,48,12,36,7,3,4,5,5,0
S01009601,Oil central heating,2,2,0,0,0,0,0,0,0,2,2,0
S01009601,Solid fuel (for example wood coal) central heating,0,0,0,0,0,0,0,0,0,0,0,0
S01009601,Other central heating,14,1,13,13,1,12,1,0,1,0,0,0
S01009601,Two or more types of central heating,16,2,14,13,0,13,1,1,0,2,1,1
S01009602,All people in households,770,93,677,708,42,666,35,24,11,27,27,0
S01009602,No central heating,2,0,2,2,0,2,0,0,0,0,0,0
S01009602,Gas central heating,747,92,655,686,41,645,34,24,10,27,27,0
S01009602,Electric (including storage heaters) central heating,9,1,8,8,1,7,1,0,1,0,0,0
S01009602,Oil central heating,5,0,5,5,0,5,0,0,0,0,0,0
S01009602,Solid fuel (for example wood coal) central heating,0,0,0,0,0,0,0,0,0,0,0,0
S01009602,Other central heating,0,0,0,0,0,0,0,0,0,0,0,0
S01009602,Two or more types of central heating,7,0,7,7,0,7,0,0,0,0,0,0
S01009603,All people in households,560,116,444,467,46,421,72,50,22,21,20,1
S01009603,No central heating,2,0,2,1,0,1,1,0,1,0,0,0
S01009603,Gas central heating,546,114,432,457,46,411,70,50,20,19,18,1
S01009603,Electric (including storage heaters) central heating,6,0,6,5,0,5,1,0,1,0,0,0
S01009603,Oil central heating,0,0,0,0,0,0,0,0,0,0,0,0
S01009603,Solid fuel (for example wood coal) central heating,0,0,0,0,0,0,0,0,0,0,0,0
S01009603,Other central heating,2,2,0,0,0,0,0,0,0,2,2,0
S01009603,Two or more types of central heating,4,0,4,4,0,4,0,0,0,0,0,0
S01009604,All people in households,857,185,672,683,47,636,116,82,34,58,56,2
S01009604,No central heating,3,1,2,2,0,2,1,1,0,0,0,0
S01009604,Gas central heating,822,175,647,656,45,611,111,77,34,55,53,2
S01009604,Electric (including storage heaters) central heating,5,3,2,3,1,2,2,2,0,0,0,0
S01009604,Oil central heating,0,0,0,0,0,0,0,0,0,0,0,0
S01009604,Solid fuel (for example wood coal) central heating,0,0,0,0,0,0,0,0,0,0,0,0
S01009604,Other central heating,0,0,0,0,0,0,0,0,0,0,0,0
S01009604,Two or more types of central heating,27,6,21,22,1,21,2,2,0,3,3,0
S01009605,All people in households,765,220,545,576,62,514,120,89,31,69,69,0
S01009605,No central heating,0,0,0,0,0,0,0,0,0,0,0,0
S01009605,Gas central heating,723,215,508,539,60,479,117,88,29,67,67,0
S01009605,Electric (including storage heaters) central heating,8,0,8,8,0,8,0,0,0,0,0,0
S01009605,Oil central heating,0,0,0,0,0,0,0,0,0,0,0,0
S01009605,Solid fuel (for example wood coal) central heating,0,0,0,0,0,0,0,0,0,0,0,0
S01009605,Other central heating,20,1,19,19,0,19,0,0,0,1,1,0
S01009605,Two or more types of central heating,14,4,10,10,2,8,3,1,2,1,1,0
S01009606,All people in households,545,69,476,487,25,462,43,29,14,15,15,0
S01009606,No central heating,0,0,0,0,0,0,0,0,0,0,0,0
S01009606,Gas central heating,517,62,455,465,23,442,39,26,13,13,13,0
S01009606,Electric (including storage heaters) central heating,8,3,5,4,0,4,3,2,1,1,1,0
S01009606,Oil central heating,6,1,5,5,0,5,1,1,0,0,0,0
S01009606,Solid fuel (for example wood coal) central heating,0,0,0,0,0,0,0,0,0,0,0,0
S01009606,Other central heating,0,0,0,0,0,0,0,0,0,0,0,0
S01009606,Two or more types of central heating,14,3,11,13,2,11,0,0,0,1,1,0
S01009607,All people in households,528,69,459,463,26,437,53,32,21,12,11,1
S01009607,No central heating,0,0,0,0,0,0,0,0,0,0,0,0
S01009607,Gas central heating,513,64,449,451,24,427,50,29,21,12,11,1
S01009607,Electric (including storage heaters) central heating,5,4,1,2,1,1,3,3,0,0,0,0
S01009607,Oil central heating,0,0,0,0,0,0,0,0,0,0,0,0
S01009607,Solid fuel (for example wood coal) central heating,0,0,0,0,0,0,0,0,0,0,0,0
S01009607,Other central heating,2,0,2,2,0,2,0,0,0,0,0,0
S01009607,Two or more types of central heating,8,1,7,8,1,7,0,0,0,0,0,0
S01009608,All people in households,606,120,486,491,39,452,78,45,33,37,36,1
S01009608,No central heating,5,2,3,2,2,0,2,0,2,1,0,1
S01009608,Gas central heating,540,90,450,457,32,425,56,31,25,27,27,0
S01009608,Electric (including storage heaters) central heating,42,22,20,22,4,18,13,11,2,7,7,0
S01009608,Oil central heating,2,1,1,1,0,1,0,0,0,1,1,0
S01009608,Solid fuel (for example wood coal) central heating,3,1,2,2,0,2,1,1,0,0,0,0
S01009608,Other central heating,3,0,3,2,0,2,1,0,1,0,0,0
S01009608,Two or more types of central heating,11,4,7,5,1,4,5,2,3,1,1,0
S01009609,All people in households,808,140,668,689,53,636,93,61,32,26,26,0
S01009609,No central heating,5,0,5,5,0,5,0,0,0,0,0,0
S01009609,Gas central heating,749,122,627,640,44,596,84,53,31,25,25,0
S01009609,Electric (including storage heaters) central heating,31,11,20,25,5,20,6,6,0,0,0,0
S01009609,Oil central heating,0,0,0,0,0,0,0,0,0,0,0,0
S01009609,Solid fuel (for example wood coal) central heating,2,0,2,1,0,1,1,0,1,0,0,0
S01009609,Other central heating,3,1,2,3,1,2,0,0,0,0,0,0
S01009609,Two or more types of central heating,18,6,12,15,3,12,2,2,0,1,1,0
S01009610,All people in households,982,232,750,770,66,704,145,101,44,67,65,2
S01009610,No central heating,6,3,3,4,1,3,1,1,0,1,1,0
S01009610,Gas central heating,914,218,696,721,65,656,131,93,38,62,60,2
S01009610,Electric (including storage heaters) central heating,32,9,23,19,0,19,9,5,4,4,4,0
S01009610,Oil central heating,5,0,5,5,0,5,0,0,0,0,0,0
S01009610,Solid fuel (for example wood coal) central heating,0,0,0,0,0,0,0,0,0,0,0,0
S01009610,Other central heating,5,1,4,4,0,4,1,1,0,0,0,0
S01009610,Two or more types of central heating,20,1,19,17,0,17,3,1,2,0,0,0
S01009611,All people in households,520,85,435,439,20,419,56,41,15,25,24,1
S01009611,No central heating,4,1,3,3,0,3,0,0,0,1,1,0
S01009611,Gas central heating,355,58,297,301,17,284,43,31,12,11,10,1
S01009611,Electric (including storage heaters) central heating,19,8,11,12,1,11,4,4,0,3,3,0
S01009611,Oil central heating,101,11,90,88,0,88,7,5,2,6,6,0
S01009611,Solid fuel (for example wood coal) central heating,11,2,9,8,0,8,1,0,1,2,2,0
S01009611,Other central heating,7,3,4,5,1,4,0,0,0,2,2,0
S01009611,Two or more types of central heating,23,2,21,22,1,21,1,1,0,0,0,0
S01009612,All people in households,597,135,462,487,44,443,78,59,19,32,32,0
S01009612,No central heating,4,1,3,4,1,3,0,0,0,0,0,0
S01009612,Gas central heating,560,126,434,456,40,416,74,56,18,30,30,0
S01009612,Electric (including storage heaters) central heating,19,2,17,18,2,16,1,0,1,0,0,0
S01009612,Oil central heating,4,1,3,3,0,3,1,1,0,0,0,0
S01009612,Solid fuel (for example wood coal) central heating,9,5,4,5,1,4,2,2,0,2,2,0
S01009612,Other central heating,1,0,1,1,0,1,0,0,0,0,0,0
S01009612,Two or more types of central heating,0,0,0,0,0,0,0,0,0,0,0,0
S01009613,All people in households,462,84,378,411,48,363,37,22,15,14,14,0
S01009613,No central heating,4,0,4,4,0,4,0,0,0,0,0,0
S01009613,Gas central heating,448,80,368,398,45,353,37,22,15,13,13,0
S01009613,Electric (including storage heaters) central heating,5,0,5,5,0,5,0,0,0,0,0,0
S01009613,Oil central heating,1,1,0,1,1,0,0,0,0,0,0,0
S01009613,Solid fuel (for example wood coal) central heating,2,2,0,1,1,0,0,0,0,1,1,0
S01009613,Other central heating,0,0,0,0,0,0,0,0,0,0,0,0
S01009613,Two or more types of central heating,2,1,1,2,1,1,0,0,0,0,0,0
S01009614,All people in households,506,116,390,406,40,366,74,50,24,26,26,0
S01009614,No central heating,7,3,4,3,0,3,3,2,1,1,1,0
S01009614,Gas central heating,369,89,280,296,33,263,56,39,17,17,17,0
S01009614,Electric (including storage heaters) central heating,12,3,9,11,2,9,0,0,0,1,1,0
S01009614,Oil central heating,87,15,72,72,3,69,11,8,3,4,4,0
S01009614,Solid fuel (for example wood coal) central heating,6,2,4,5,1,4,0,0,0,1,1,0
S01009614,Other central heating,9,1,8,7,0,7,1,0,1,1,1,0
S01009614,Two or more types of central heating,16,3,13,12,1,11,3,1,2,1,1,0
S01009615,All people in households,398,107,291,306,32,274,73,56,17,19,19,0
S01009615,No central heating,2,0,2,2,0,2,0,0,0,0,0,0
S01009615,Gas central heating,389,103,286,300,30,270,70,54,16,19,19,0
S01009615,Electric (including storage heaters) central heating,0,0,0,0,0,0,0,0,0,0,0,0
S01009615,Oil central heating,0,0,0,0,0,0,0,0,0,0,0,0
S01009615,Solid fuel (for example wood coal) central heating,5,2,3,4,2,2,1,0,1,0,0,0
S01009615,Other central heating,0,0,0,0,0,0,0,0,0,0,0,0
S01009615,Two or more types of central heating,2,2,0,0,0,0,2,2,0,0,0,0
S01009616,All people in households,725,151,574,593,46,547,87,61,26,45,44,1
S01009616,No central heating,9,3,6,5,0,5,1,0,1,3,3,0
S01009616,Gas central heating,693,142,551,570,44,526,82,58,24,41,40,1
S01009616,Electric (including storage heaters) central heating,12,4,8,9,2,7,3,2,1,0,0,0
S01009616,Oil central heating,0,0,0,0,0,0,0,0,0,0,0,0
S01009616,Solid fuel (for example wood coal) central heating,7,0,7,7,0,7,0,0,0,0,0,0
S01009616,Other central heating,0,0,0,0,0,0,0,0,0,0,0,0
S01009616,Two or more types of central heating,4,2,2,2,0,2,1,1,0,1,1,0
S01009617,All people in households,724,117,607,615,35,580,69,43,26,40,39,1
S01009617,No central heating,9,2,7,7,0,7,0,0,0,2,2,0
S01009617,Gas central heating,677,105,572,575,29,546,67,42,25,35,34,1
S01009617,Electric (including storage heaters) central heating,16,3,13,15,2,13,0,0,0,1,1,0
S01009617,Oil central heating,11,3,8,8,0,8,1,1,0,2,2,0
S01009617,Solid fuel (for example wood coal) central heating,1,0,1,1,0,1,0,0,0,0,0,0
S01009617,Other central heating,0,0,0,0,0,0,0,0,0,0,0,0
S01009617,Two or more types of central heating,10,4,6,9,4,5,1,0,1,0,0,0
S01009618,All people in households,682,164,518,527,43,484,98,67,31,57,54,3
S01009618,No central heating,2,0,2,2,0,2,0,0,0,0,0,0
S01009618,Gas central heating,653,147,506,511,39,472,93,62,31,49,46,3
S01009618,Electric (including storage heaters) central heating,20,15,5,9,4,5,5,5,0,6,6,0
S01009618,Oil central heating,0,0,0,0,0,0,0,0,0,0,0,0
S01009618,Solid fuel (for example wood coal) central heating,1,1,0,0,0,0,0,0,0,1,1,0
S01009618,Other central heating,0,0,0,0,0,0,0,0,0,0,0,0
S01009618,Two or more types of central heating,6,1,5,5,0,5,0,0,0,1,1,0
S01009619,All people in households,609,188,421,428,42,386,110,78,32,71,68,3
S01009619,No central heating,5,2,3,4,2,2,1,0,1,0,0,0
S01009619,Gas central heating,579,174,405,407,36,371,104,73,31,68,65,3
S01009619,Electric (including storage heaters) central heating,8,5,3,5,2,3,3,3,0,0,0,0
S01009619,Oil central heating,0,0,0,0,0,0,0,0,0,0,0,0
S01009619,Solid fuel (for example wood coal) central heating,8,4,4,6,2,4,2,2,0,0,0,0
S01009619,Other central heating,0,0,0,0,0,0,0,0,0,0,0,0
S01009619,Two or more types of central heating,9,3,6,6,0,6,0,0,0,3,3,0
S01009620,All people in households,797,241,556,562,48,514,161,122,39,74,71,3
S01009620,No central heating,0,0,0,0,0,0,0,0,0,0,0,0
S01009620,Gas central heating,746,230,516,524,46,478,153,117,36,69,67,2
S01009620,Electric (including storage heaters) central heating,16,2,14,14,0,14,2,2,0,0,0,0
S01009620,Oil central heating,0,0,0,0,0,0,0,0,0,0,0,0
S01009620,Solid fuel (for example wood coal) central heating,19,4,15,12,1,11,5,2,3,2,1,1
S01009620,Other central heating,1,1,0,0,0,0,0,0,0,1,1,0
S01009620,Two or more types of central heating,15,4,11,12,1,11,1,1,0,2,2,0
S01009621,All people in households,768,217,551,565,50,515,143,108,35,60,59,1
S01009621,No central heating,6,4,2,1,0,1,2,1,1,3,3,0
S01009621,Gas central heating,723,199,524,539,47,492,131,100,31,53,52,1
S01009621,Electric (including storage heaters) central heating,30,12,18,18,3,15,8,5,3,4,4,0
S01009621,Oil central heating,0,0,0,0,0,0,0,0,0,0,0,0
S01009621,Solid fuel (for example wood coal) central heating,0,0,0,0,0,0,0,0,0,0,0,0
S01009621,Other central heating,0,0,0,0,0,0,0,0,0,0,0,0
S01009621,Two or more types of central heating,9,2,7,7,0,7,2,2,0,0,0,0
S01009622,All people in households,729,199,530,532,51,481,137,89,48,60,59,1
S01009622,No central heating,2,2,0,0,0,0,1,1,0,1,1,0
S01009622,Gas central heating,679,181,498,500,44,456,123,81,42,56,56,0
S01009622,Electric (including storage heaters) central heating,19,5,14,11,0,11,8,5,3,0,0,0
S01009622,Oil central heating,0,0,0,0,0,0,0,0,0,0,0,0
S01009622,Solid fuel (for example wood coal) central heating,2,0,2,1,0,1,1,0,1,0,0,0
S01009622,Other central heating,0,0,0,0,0,0,0,0,0,0,0,0
S01009622,Two or more types of central heating,27,11,16,20,7,13,4,2,2,3,2,1
S01009623,All people in households,495,122,373,372,34,338,82,47,35,41,41,0
S01009623,No central heating,8,0,8,6,0,6,2,0,2,0,0,0
S01009623,Gas central heating,460,120,340,340,32,308,79,47,32,41,41,0
S01009623,Electric (including storage heaters) central heating,3,0,3,2,0,2,1,0,1,0,0,0
S01009623,Oil central heating,5,2,3,5,2,3,0,0,0,0,0,0
S01009623,Solid fuel (for example wood coal) central heating,0,0,0,0,0,0,0,0,0,0,0,0
S01009623,Other central heating,1,0,1,1,0,1,0,0,0,0,0,0
S01009623,Two or more types of central heating,18,0,18,18,0,18,0,0,0,0,0,0
S01009624,All people in households,876,250,626,632,59,573,172,121,51,72,70,2
S01009624,No central heating,8,2,6,5,0,5,3,2,1,0,0,0
S01009624,Gas central heating,846,240,606,613,58,555,164,115,49,69,67,2
S01009624,Electric (including storage heaters) central heating,9,5,4,4,0,4,4,4,0,1,1,0
S01009624,Oil central heating,1,0,1,1,0,1,0,0,0,0,0,0
S01009624,Solid fuel (for example wood coal) central heating,0,0,0,0,0,0,0,0,0,0,0,0
S01009624,Other central heating,3,1,2,2,0,2,0,0,0,1,1,0
S01009624,Two or more types of central heating,9,2,7,7,1,6,1,0,1,1,1,0
S01009625,All people in households,868,187,681,684,55,629,122,72,50,62,60,2
S01009625,No central heating,4,0,4,2,0,2,2,0,2,0,0,0
S01009625,Gas central heating,813,178,635,640,52,588,114,69,45,59,57,2
S01009625,Electric (including storage heaters) central heating,16,6,10,8,1,7,6,3,3,2,2,0
S01009625,Oil central heating,5,1,4,5,1,4,0,0,0,0,0,0
S01009625,Solid fuel (for example wood coal) central heating,3,2,1,2,1,1,0,0,0,1,1,0
S01009625,Other central heating,0,0,0,0,0,0,0,0,0,0,0,0
S01009625,Two or more types of central heating,27,0,27,27,0,27,0,0,0,0,0,0
S01009626,All people in households,601,165,436,443,41,402,96,64,32,62,60,2
S01009626,No central heating,9,7,2,4,2,2,4,4,0,1,1,0
S01009626,Gas central heating,570,150,420,424,34,390,88,59,29,58,57,1
S01009626,Electric (including storage heaters) central heating,2,0,2,2,0,2,0,0,0,0,0,0
S01009626,Oil central heating,0,0,0,0,0,0,0,0,0,0,0,0
S01009626,Solid fuel (for example wood coal) central heating,0,0,0,0,0,0,0,0,0,0,0,0
S01009626,Other central heating,0,0,0,0,0,0,0,0,0,0,0,0
S01009626,Two or more types of central heating,20,8,12,13,5,8,4,1,3,3,2,1
S01009627,All people in households,825,209,616,622,51,571,138,94,44,65,64,1
S01009627,No central heating,1,1,0,0,0,0,1,1,0,0,0,0
S01009627,Gas central heating,799,205,594,601,51,550,135,92,43,63,62,1
S01009627,Electric (including storage heaters) central heating,20,2,18,17,0,17,2,1,1,1,1,0
S01009627,Oil central heating,0,0,0,0,0,0,0,0,0,0,0,0
S01009627,Solid fuel (for example wood coal) central heating,2,1,1,1,0,1,0,0,0,1,1,0
S01009627,Other central heating,2,0,2,2,0,2,0,0,0,0,0,0
S01009627,Two or more types of central heating,1,0,1,1,0,1,0,0,0,0,0,0
S01009628,All people in households,495,218,277,299,48,251,114,89,25,82,81,1
S01009628,No central heating,0,0,0,0,0,0,0,0,0,0,0,0
S01009628,Gas central heating,472,203,269,290,46,244,103,79,24,79,78,1
S01009628,Electric (including storage heaters) central heating,10,5,5,4,0,4,5,4,1,1,1,0
S01009628,Oil central heating,0,0,0,0,0,0,0,0,0,0,0,0
S01009628,Solid fuel (for example wood coal) central heating,4,3,1,2,1,1,0,0,0,2,2,0
S01009628,Other central heating,0,0,0,0,0,0,0,0,0,0,0,0
S01009628,Two or more types of central heating,9,7,2,3,1,2,6,6,0,0,0,0
S01009629,All people in households,1082,220,862,861,61,800,155,94,61,66,65,1
S01009629,No central heating,2,1,1,2,1,1,0,0,0,0,0,0
S01009629,Gas central heating,1044,207,837,838,59,779,147,89,58,59,59,0
S01009629,Electric (including storage heaters) central heating,7,3,4,4,1,3,2,1,1,1,1,0
S01009629,Oil central heating,0,0,0,0,0,0,0,0,0,0,0,0
S01009629,Solid fuel (for example wood coal) central heating,0,0,0,0,0,0,0,0,0,0,0,0
S01009629,Other central heating,6,2,4,4,0,4,1,1,0,1,1,0
S01009629,Two or more types of central heating,23,7,16,13,0,13,5,3,2,5,4,1
S01009630,All people in households,811,207,604,613,57,556,131,85,46,67,65,2
S01009630,No central heating,5,1,4,4,0,4,0,0,0,1,1,0
S01009630,Gas central heating,780,197,583,591,55,536,124,79,45,65,63,2
S01009630,Electric (including storage heaters) central heating,9,6,3,5,2,3,4,4,0,0,0,0
S01009630,Oil central heating,0,0,0,0,0,0,0,0,0,0,0,0
S01009630,Solid fuel (for example wood coal) central heating,5,0,5,4,0,4,1,0,1,0,0,0
S01009630,Other central heating,0,0,0,0,0,0,0,0,0,0,0,0
S01009630,Two or more types of central heating,12,3,9,9,0,9,2,2,0,1,1,0
S01009631,All people in households,677,217,460,456,48,408,152,104,48,69,65,4
S01009631,No central heating,4,2,2,2,0,2,0,0,0,2,2,0
S01009631,Gas central heating,478,131,347,348,31,317,91,65,26,39,35,4
S01009631,Electric (including storage heaters) central heating,185,81,104,98,16,82,59,37,22,28,28,0
S01009631,Oil central heating,4,0,4,4,0,4,0,0,0,0,0,0
S01009631,Solid fuel (for example wood coal) central heating,2,1,1,2,1,1,0,0,0,0,0,0
S01009631,Other central heating,0,0,0,0,0,0,0,0,0,0,0,0
S01009631,Two or more types of central heating,4,2,2,2,0,2,2,2,0,0,0,0
S01009632,All people in households,558,166,392,392,39,353,117,80,37,49,47,2
S01009632,No central heating,1,0,1,1,0,1,0,0,0,0,0,0
S01009632,Gas central heating,522,149,373,372,37,335,108,72,36,42,40,2
S01009632,Electric (including storage heaters) central heating,20,11,9,8,0,8,7,6,1,5,5,0
S01009632,Oil central heating,0,0,0,0,0,0,0,0,0,0,0,0
S01009632,Solid fuel (for example wood coal) central heating,0,0,0,0,0,0,0,0,0,0,0,0
S01009632,Other central heating,3,2,1,2,1,1,1,1,0,0,0,0
S01009632,Two or more types of central heating,12,4,8,9,1,8,1,1,0,2,2,0
S01009633,All people in households,755,174,581,590,50,540,104,65,39,61,59,2
S01009633,No central heating,6,2,4,5,1,4,0,0,0,1,1,0
S01009633,Gas central heating,711,163,548,553,44,509,100,63,37,58,56,2
S01009633,Electric (including storage heaters) central heating,20,3,17,17,1,16,2,1,1,1,1,0
S01009633,Oil central heating,0,0,0,0,0,0,0,0,0,0,0,0
S01009633,Solid fuel (for example wood coal) central heating,0,0,0,0,0,0,0,0,0,0,0,0
S01009633,Other central heating,0,0,0,0,0,0,0,0,0,0,0,0
S01009633,Two or more types of central heating,18,6,12,15,4,11,2,1,1,1,1,0
S01009634,All people in households,485,166,319,333,45,288,103,73,30,49,48,1
S01009634,No central heating,2,2,0,0,0,0,2,2,0,0,0,0
S01009634,Gas central heating,455,151,304,318,43,275,94,66,28,43,42,1
S01009634,Electric (including storage heaters) central heating,17,7,10,9,1,8,5,3,2,3,3,0
S01009634,Oil central heating,0,0,0,0,0,0,0,0,0,0,0,0
S01009634,Solid fuel (for example wood coal) central heating,0,0,0,0,0,0,0,0,0,0,0,0
S01009634,Other central heating,0,0,0,0,0,0,0,0,0,0,0,0
S01009634,Two or more types of central heating,11,6,5,6,1,5,2,2,0,3,3,0
S01009635,All people in households,842,199,643,654,52,602,112,72,40,76,75,1
S01009635,No central heating,2,1,1,1,0,1,0,0,0,1,1,0
S01009635,Gas central heating,809,190,619,632,52,580,106,68,38,71,70,1
S01009635,Electric (including storage heaters) central heating,9,2,7,6,0,6,3,2,1,0,0,0
S01009635,Oil central heating,1,1,0,0,0,0,1,1,0,0,0,0
S01009635,Solid fuel (for example wood coal) central heating,0,0,0,0,0,0,0,0,0,0,0,0
S01009635,Other central heating,1,1,0,0,0,0,0,0,0,1,1,0
S01009635,Two or more types of central heating,20,4,16,15,0,15,2,1,1,3,3,0
S01009636,All people in households,904,221,683,675,52,623,160,100,60,69,69,0
S01009636,No central heating,13,3,10,10,1,9,2,1,1,1,1,0
S01009636,Gas central heating,836,208,628,622,49,573,150,95,55,64,64,0
S01009636,Electric (including storage heaters) central heating,28,5,23,22,1,21,4,2,2,2,2,0
S01009636,Oil central heating,0,0,0,0,0,0,0,0,0,0,0,0
S01009636,Solid fuel (for example wood coal) central heating,5,1,4,4,0,4,0,0,0,1,1,0
S01009636,Other central heating,1,0,1,1,0,1,0,0,0,0,0,0
S01009636,Two or more types of central heating,21,4,17,16,1,15,4,2,2,1,1,0
S01009637,All people in households,705,163,542,549,48,501,106,69,37,50,46,4
S01009637,No central heating,6,2,4,5,1,4,1,1,0,0,0,0
S01009637,Gas central heating,619,144,475,479,41,438,95,62,33,45,41,4
S01009637,Electric (including storage heaters) central heating,52,9,43,43,2,41,7,5,2,2,2,0
S01009637,Oil central heating,0,0,0,0,0,0,0,0,0,0,0,0
S01009637,Solid fuel (for example wood coal) central heating,0,0,0,0,0,0,0,0,0,0,0,0
S01009637,Other central heating,0,0,0,0,0,0,0,0,0,0,0,0
S01009637,Two or more types of central heating,28,8,20,22,4,18,3,1,2,3,3,0
S01009638,All people in households,781,203,578,597,65,532,125,81,44,59,57,2
S01009638,No central heating,0,0,0,0,0,0,0,0,0,0,0,0
S01009638,Gas central heating,750,189,561,582,63,519,114,74,40,54,52,2
S01009638,Electric (including storage heaters) central heating,3,3,0,0,0,0,3,3,0,0,0,0
S01009638,Oil central heating,8,3,5,6,1,5,2,2,0,0,0,0
S01009638,Solid fuel (for example wood coal) central heating,0,0,0,0,0,0,0,0,0,0,0,0
S01009638,Other central heating,1,1,0,0,0,0,1,1,0,0,0,0
S01009638,Two or more types of central heating,19,7,12,9,1,8,5,1,4,5,5,0
S01009639,All people in households,755,140,615,637,51,586,85,56,29,33,33,0
S01009639,No central heating,6,0,6,5,0,5,1,0,1,0,0,0
S01009639,Gas central heating,707,132,575,602,50,552,76,53,23,29,29,0
S01009639,Electric (including storage heaters) central heating,19,4,15,12,0,12,4,1,3,3,3,0
S01009639,Oil central heating,0,0,0,0,0,0,0,0,0,0,0,0
S01009639,Solid fuel (for example wood coal) central heating,0,0,0,0,0,0,0,0,0,0,0,0
S01009639,Other central heating,0,0,0,0,0,0,0,0,0,0,0,0
S01009639,Two or more types of central heating,23,4,19,18,1,17,4,2,2,1,1,0
S01009640,All people in households,586,205,381,404,53,351,111,83,28,71,69,2
S01009640,No central heating,2,0,2,2,0,2,0,0,0,0,0,0
S01009640,Gas central heating,548,189,359,380,49,331,102,76,26,66,64,2
S01009640,Electric (including storage heaters) central heating,27,14,13,13,2,11,9,7,2,5,5,0
S01009640,Oil central heating,0,0,0,0,0,0,0,0,0,0,0,0
S01009640,Solid fuel (for example wood coal) central heating,1,1,0,1,1,0,0,0,0,0,0,0
S01009640,Other central heating,0,0,0,0,0,0,0,0,0,0,0,0
S01009640,Two or more types of central heating,8,1,7,8,1,7,0,0,0,0,0,0
S01009641,All people in households,770,240,530,531,51,480,160,111,49,79,78,1
S01009641,No central heating,7,2,5,4,0,4,3,2,1,0,0,0
S01009641,Gas central heating,681,187,494,498,47,451,121,79,42,62,61,1
S01009641,Electric (including storage heaters) central heating,74,48,26,24,4,20,35,29,6,15,15,0
S01009641,Oil central heating,0,0,0,0,0,0,0,0,0,0,0,0
S01009641,Solid fuel (for example wood coal) central heating,0,0,0,0,0,0,0,0,0,0,0,0
S01009641,Other central heating,2,0,2,2,0,2,0,0,0,0,0,0
S01009641,Two or more types of central heating,6,3,3,3,0,3,1,1,0,2,2,0
S01009642,All people in households,910,194,716,724,59,665,136,86,50,50,49,1
S01009642,No central heating,8,1,7,7,0,7,1,1,0,0,0,0
S01009642,Gas central heating,831,175,656,661,50,611,121,77,44,49,48,1
S01009642,Electric (including storage heaters) central heating,45,16,29,35,8,27,9,7,2,1,1,0
S01009642,Oil central heating,0,0,0,0,0,0,0,0,0,0,0,0
S01009642,Solid fuel (for example wood coal) central heating,0,0,0,0,0,0,0,0,0,0,0,0
S01009642,Other central heating,0,0,0,0,0,0,0,0,0,0,0,0
S01009642,Two or more types of central heating,26,2,24,21,1,20,5,1,4,0,0,0
S01009643,All people in households,584,59,525,539,29,510,34,20,14,11,10,1
S01009643,No central heating,0,0,0,0,0,0,0,0,0,0,0,0
S01009643,Gas central heating,569,57,512,524,27,497,34,20,14,11,10,1
S01009643,Electric (including storage heaters) central heating,2,1,1,2,1,1,0,0,0,0,0,0
S01009643,Oil central heating,0,0,0,0,0,0,0,0,0,0,0,0
S01009643,Solid fuel (for example wood coal) central heating,0,0,0,0,0,0,0,0,0,0,0,0
S01009643,Other central heating,0,0,0,0,0,0,0,0,0,0,0,0
S01009643,Two or more types of central heating,13,1,12,13,1,12,0,0,0,0,0,0
S01009644,All people in households,815,201,614,636,49,587,116,90,26,63,62,1
S01009644,No central heating,7,1,6,7,1,6,0,0,0,0,0,0
S01009644,Gas central heating,780,187,593,615,48,567,109,84,25,56,55,1
S01009644,Electric (including storage heaters) central heating,14,8,6,6,0,6,3,3,0,5,5,0
S01009644,Oil central heating,0,0,0,0,0,0,0,0,0,0,0,0
S01009644,Solid fuel (for example wood coal) central heating,2,2,0,0,0,0,2,2,0,0,0,0
S01009644,Other central heating,0,0,0,0,0,0,0,0,0,0,0,0
S01009644,Two or more types of central heating,12,3,9,8,0,8,2,1,1,2,2,0
S01009645,All people in households,649,154,495,511,52,459,91,56,35,47,46,1
S01009645,No central heating,1,0,1,0,0,0,1,0,1,0,0,0
S01009645,Gas central heating,615,138,477,495,49,446,81,50,31,39,39,0
S01009645,Electric (including storage heaters) central heating,11,3,8,9,2,7,2,1,1,0,0,0
S01009645,Oil central heating,0,0,0,0,0,0,0,0,0,0,0,0
S01009645,Solid fuel (for example wood coal) central heating,2,1,1,0,0,0,1,0,1,1,1,0
S01009645,Other central heating,0,0,0,0,0,0,0,0,0,0,0,0
S01009645,Two or more types of central heating,20,12,8,7,1,6,6,5,1,7,6,1
S01009646,All people in households,592,134,458,461,37,424,86,54,32,45,43,2
S01009646,No central heating,1,1,0,0,0,0,0,0,0,1,1,0
S01009646,Gas central heating,562,121,441,447,36,411,79,51,28,36,34,2
S01009646,Electric (including storage heaters) central heating,19,8,11,7,0,7,6,2,4,6,6,0
S01009646,Oil central heating,0,0,0,0,0,0,0,0,0,0,0,0
S01009646,Solid fuel (for example wood coal) central heating,7,3,4,5,1,4,1,1,0,1,1,0
S01009646,Other central heating,0,0,0,0,0,0,0,0,0,0,0,0
S01009646,Two or more types of central heating,3,1,2,2,0,2,0,0,0,1,1,0
S01009647,All people in households,562,159,403,406,37,369,115,86,29,41,36,5
S01009647,No central heating,0,0,0,0,0,0,0,0,0,0,0,0
S01009647,Gas central heating,527,144,383,387,34,353,105,77,28,35,33,2
S01009647,Electric (including storage heaters) central heating,20,7,13,14,2,12,5,4,1,1,1,0
S01009647,Oil central heating,0,0,0,0,0,0,0,0,0,0,0,0
S01009647,Solid fuel (for example wood coal) central heating,0,0,0,0,0,0,0,0,0,0,0,0
S01009647,Other central heating,1,1,0,0,0,0,0,0,0,1,1,0
S01009647,Two or more types of central heating,14,7,7,5,1,4,5,5,0,4,1,3
S01009648,All people in households,872,241,631,671,65,606,144,119,25,57,57,0
S01009648,No central heating,11,7,4,3,0,3,5,4,1,3,3,0
S01009648,Gas central heating,819,215,604,638,58,580,132,108,24,49,49,0
S01009648,Electric (including storage heaters) central heating,13,7,6,8,2,6,4,4,0,1,1,0
S01009648,Oil central heating,3,2,1,1,0,1,1,1,0,1,1,0
S01009648,Solid fuel (for example wood coal) central heating,1,1,0,0,0,0,1,1,0,0,0,0
S01009648,Other central heating,7,2,5,6,1,5,0,0,0,1,1,0
S01009648,Two or more types of central heating,18,7,11,15,4,11,1,1,0,2,2,0
S01009649,All people in households,1037,231,806,833,70,763,130,91,39,74,70,4
S01009649,No central heating,10,1,9,9,0,9,0,0,0,1,1,0
S01009649,Gas central heating,926,202,724,748,58,690,114,82,32,64,62,2
S01009649,Electric (including storage heaters) central heating,44,15,29,26,3,23,13,8,5,5,4,1
S01009649,Oil central heating,18,10,8,16,8,8,1,1,0,1,1,0
S01009649,Solid fuel (for example wood coal) central heating,3,0,3,3,0,3,0,0,0,0,0,0
S01009649,Other central heating,11,1,10,10,0,10,0,0,0,1,1,0
S01009649,Two or more types of central heating,25,2,23,21,1,20,2,0,2,2,1,1
S01009650,All people in households,755,164,591,635,72,563,98,71,27,22,21,1
S01009650,No central heating,4,0,4,3,0,3,1,0,1,0,0,0
S01009650,Gas central heating,734,159,575,622,72,550,91,67,24,21,20,1
S01009650,Electric (including storage heaters) central heating,9,4,5,5,0,5,3,3,0,1,1,0
S01009650,Oil central heating,2,0,2,1,0,1,1,0,1,0,0,0
S01009650,Solid fuel (for example wood coal) central heating,0,0,0,0,0,0,0,0,0,0,0,0
S01009650,Other central heating,0,0,0,0,0,0,0,0,0,0,0,0
S01009650,Two or more types of central heating,6,1,5,4,0,4,2,1,1,0,0,0
S01009651,All people in households,913,221,692,752,89,663,114,87,27,47,45,2
S01009651,No central heating,15,7,8,10,2,8,3,3,0,2,2,0
S01009651,Gas central heating,508,135,373,412,59,353,69,50,19,27,26,1
S01009651,Electric (including storage heaters) central heating,43,11,32,38,7,31,3,2,1,2,2,0
S01009651,Oil central heating,251,41,210,222,16,206,21,18,3,8,7,1
S01009651,Solid fuel (for example wood coal) central heating,31,18,13,15,4,11,12,10,2,4,4,0
S01009651,Other central heating,44,5,39,38,0,38,4,3,1,2,2,0
S01009651,Two or more types of central heating,21,4,17,17,1,16,2,1,1,2,2,0
S01009652,All people in households,760,174,586,622,60,562,94,70,24,44,44,0
S01009652,No central heating,4,0,4,3,0,3,1,0,1,0,0,0
S01009652,Gas central heating,708,155,553,585,55,530,85,62,23,38,38,0
S01009652,Electric (including storage heaters) central heating,29,15,14,19,5,14,5,5,0,5,5,0
S01009652,Oil central heating,8,0,8,8,0,8,0,0,0,0,0,0
S01009652,Solid fuel (for example wood coal) central heating,8,2,6,6,0,6,1,1,0,1,1,0
S01009652,Other central heating,0,0,0,0,0,0,0,0,0,0,0,0
S01009652,Two or more types of central heating,3,2,1,1,0,1,2,2,0,0,0,0
S01009653,All people in households,530,90,440,464,36,428,47,36,11,19,18,1
S01009653,No central heating,5,1,4,4,0,4,1,1,0,0,0,0
S01009653,Gas central heating,510,83,427,448,33,415,46,35,11,16,15,1
S01009653,Electric (including storage heaters) central heating,5,3,2,4,2,2,0,0,0,1,1,0
S01009653,Oil central heating,0,0,0,0,0,0,0,0,0,0,0,0
S01009653,Solid fuel (for example wood coal) central heating,3,0,3,3,0,3,0,0,0,0,0,0
S01009653,Other central heating,2,2,0,0,0,0,0,0,0,2,2,0
S01009653,Two or more types of central heating,5,1,4,5,1,4,0,0,0,0,0,0
S01009654,All people in households,583,122,461,478,40,438,74,51,23,31,31,0
S01009654,No central heating,8,1,7,7,0,7,1,1,0,0,0,0
S01009654,Gas central heating,527,111,416,431,37,394,66,44,22,30,30,0
S01009654,Electric (including storage heaters) central heating,20,5,15,16,1,15,3,3,0,1,1,0
S01009654,Oil central heating,11,3,8,9,2,7,2,1,1,0,0,0
S01009654,Solid fuel (for example wood coal) central heating,2,1,1,1,0,1,1,1,0,0,0,0
S01009654,Other central heating,4,1,3,3,0,3,1,1,0,0,0,0
S01009654,Two or more types of central heating,11,0,11,11,0,11,0,0,0,0,0,0
S01009655,All people in households,846,203,643,644,49,595,137,91,46,65,63,2
S01009655,No central heating,0,0,0,0,0,0,0,0,0,0,0,0
S01009655,Gas central heating,810,192,618,619,47,572,129,85,44,62,60,2
S01009655,Electric (including storage heaters) central heating,12,3,9,8,0,8,2,1,1,2,2,0
S01009655,Oil central heating,1,1,0,1,1,0,0,0,0,0,0,0
S01009655,Solid fuel (for example wood coal) central heating,7,3,4,5,1,4,2,2,0,0,0,0
S01009655,Other central heating,3,1,2,2,0,2,1,1,0,0,0,0
S01009655,Two or more types of central heating,13,3,10,9,0,9,3,2,1,1,1,0
S01009656,All people in households,728,242,486,494,53,441,137,96,41,97,93,4
S01009656,No central heating,2,2,0,1,1,0,0,0,0,1,1,0
S01009656,Gas central heating,655,218,437,446,47,399,125,90,35,84,81,3
S01009656,Electric (including storage heaters) central heating,51,16,35,32,2,30,9,5,4,10,9,1
S01009656,Oil central heating,5,0,5,5,0,5,0,0,0,0,0,0
S01009656,Solid fuel (for example wood coal) central heating,0,0,0,0,0,0,0,0,0,0,0,0
S01009656,Other central heating,1,1,0,0,0,0,0,0,0,1,1,0
S01009656,Two or more types of central heating,14,5,9,10,3,7,3,1,2,1,1,0
S01009657,All people in households,763,161,602,630,58,572,102,73,29,31,30,1
S01009657,No central heating,3,0,3,3,0,3,0,0,0,0,0,0
S01009657,Gas central heating,731,154,577,599,51,548,101,73,28,31,30,1
S01009657,Electric (including storage heaters) central heating,13,4,9,12,4,8,1,0,1,0,0,0
S01009657,Oil central heating,2,0,2,2,0,2,0,0,0,0,0,0
S01009657,Solid fuel (for example wood coal) central heating,0,0,0,0,0,0,0,0,0,0,0,0
S01009657,Other central heating,4,1,3,4,1,3,0,0,0,0,0,0
S01009657,Two or more types of central heating,10,2,8,10,2,8,0,0,0,0,0,0
S01009658,All people in households,738,156,582,567,26,541,115,75,40,56,55,1
S01009658,No central heating,0,0,0,0,0,0,0,0,0,0,0,0
S01009658,Gas central heating,711,150,561,546,26,520,113,73,40,52,51,1
S01009658,Electric (including storage heaters) central heating,11,3,8,8,0,8,2,2,0,1,1,0
S01009658,Oil central heating,9,2,7,7,0,7,0,0,0,2,2,0
S01009658,Solid fuel (for example wood coal) central heating,0,0,0,0,0,0,0,0,0,0,0,0
S01009658,Other central heating,7,1,6,6,0,6,0,0,0,1,1,0
S01009658,Two or more types of central heating,0,0,0,0,0,0,0,0,0,0,0,0
S01009659,All people in households,480,116,364,367,32,335,82,54,28,31,30,1
S01009659,No central heating,0,0,0,0,0,0,0,0,0,0,0,0
S01009659,Gas central heating,468,111,357,360,32,328,80,52,28,28,27,1
S01009659,Electric (including storage heaters) central heating,6,2,4,4,0,4,1,1,0,1,1,0
S01009659,Oil central heating,1,0,1,1,0,1,0,0,0,0,0,0
S01009659,Solid fuel (for example wood coal) central heating,0,0,0,0,0,0,0,0,0,0,0,0
S01009659,Other central heating,0,0,0,0,0,0,0,0,0,0,0,0
S01009659,Two or more types of central heating,5,3,2,2,0,2,1,1,0,2,2,0
S01009660,All people in households,1085,238,847,855,63,792,158,103,55,72,72,0
S01009660,No central heating,0,0,0,0,0,0,0,0,0,0,0,0
S01009660,Gas central heating,1026,226,800,808,57,751,148,99,49,70,70,0
S01009660,Electric (including storage heaters) central heating,22,5,17,18,2,16,3,2,1,1,1,0
S01009660,Oil central heating,5,0,5,5,0,5,0,0,0,0,0,0
S01009660,Solid fuel (for example wood coal) central heating,6,1,5,5,0,5,1,1,0,0,0,0
S01009660,Other central heating,6,2,4,4,1,3,1,0,1,1,1,0
S01009660,Two or more types of central heating,20,4,16,15,3,12,5,1,4,0,0,0
S01009661,All people in households,774,120,654,671,38,633,82,62,20,21,20,1
S01009661,No central heating,18,2,16,15,0,15,2,1,1,1,1,0
S01009661,Gas central heating,277,51,226,228,9,219,37,31,6,12,11,1
S01009661,Electric (including storage heaters) central heating,21,1,20,21,1,20,0,0,0,0,0,0
S01009661,Oil central heating,364,56,308,320,23,297,38,27,11,6,6,0
S01009661,Solid fuel (for example wood coal) central heating,15,1,14,14,0,14,1,1,0,0,0,0
S01009661,Other central heating,39,2,37,37,2,35,2,0,2,0,0,0
S01009661,Two or more types of central heating,40,7,33,36,3,33,2,2,0,2,2,0
S01009662,All people in households,708,119,589,608,44,564,70,47,23,30,28,2
S01009662,No central heating,13,5,8,9,2,7,2,1,1,2,2,0
S01009662,Gas central heating,575,92,483,498,34,464,56,38,18,21,20,1
S01009662,Electric (including storage heaters) central heating,21,4,17,19,2,17,1,1,0,1,1,0
S01009662,Oil central heating,77,13,64,64,5,59,7,3,4,6,5,1
S01009662,Solid fuel (for example wood coal) central heating,6,2,4,5,1,4,1,1,0,0,0,0
S01009662,Other central heating,6,1,5,5,0,5,1,1,0,0,0,0
S01009662,Two or more types of central heating,10,2,8,8,0,8,2,2,0,0,0,0
S01009663,All people in households,641,120,521,540,33,507,67,55,12,34,32,2
S01009663,No central heating,7,3,4,5,1,4,1,1,0,1,1,0
S01009663,Gas central heating,449,88,361,372,20,352,50,42,8,27,26,1
S01009663,Electric (including storage heaters) central heating,35,11,24,27,5,22,4,2,2,4,4,0
S01009663,Oil central heating,100,8,92,94,4,90,6,4,2,0,0,0
S01009663,Solid fuel (for example wood coal) central heating,17,5,12,14,2,12,3,3,0,0,0,0
S01009663,Other central heating,10,1,9,9,1,8,0,0,0,1,0,1
S01009663,Two or more types of central heating,23,4,19,19,0,19,3,3,0,1,1,0
S01009664,All people in households,889,123,766,790,54,736,77,47,30,22,22,0
S01009664,No central heating,29,3,26,23,2,21,5,0,5,1,1,0
S01009664,Gas central heating,244,34,210,219,17,202,18,10,8,7,7,0
S01009664,Electric (including storage heaters) central heating,150,23,127,132,10,122,12,7,5,6,6,0
S01009664,Oil central heating,329,47,282,293,19,274,29,21,8,7,7,0
S01009664,Solid fuel (for example wood coal) central heating,53,11,42,44,4,40,8,6,2,1,1,0
S01009664,Other central heating,44,2,42,41,1,40,3,1,2,0,0,0
S01009664,Two or more types of central heating,40,3,37,38,1,37,2,2,0,0,0,0
S01009665,All people in households,662,130,532,561,43,518,71,57,14,30,30,0
S01009665,No central heating,3,0,3,3,0,3,0,0,0,0,0,0
S01009665,Gas central heating,609,113,496,519,36,483,65,52,13,25,25,0
S01009665,Electric (including storage heaters) central heating,26,12,14,19,5,14,3,3,0,4,4,0
S01009665,Oil central heating,11,2,9,9,0,9,2,2,0,0,0,0
S01009665,Solid fuel (for example wood coal) central heating,2,0,2,2,0,2,0,0,0,0,0,0
S01009665,Other central heating,5,1,4,4,0,4,0,0,0,1,1,0
S01009665,Two or more types of central heating,6,2,4,5,2,3,1,0,1,0,0,0
S01009666,All people in households,758,181,577,624,72,552,87,64,23,47,45,2
S01009666,No central heating,3,2,1,2,1,1,0,0,0,1,1,0
S01009666,Gas central heating,668,141,527,563,60,503,70,48,22,35,33,2
S01009666,Electric (including storage heaters) central heating,61,35,26,35,10,25,15,14,1,11,11,0
S01009666,Oil central heating,12,2,10,11,1,10,1,1,0,0,0,0
S01009666,Solid fuel (for example wood coal) central heating,4,1,3,3,0,3,1,1,0,0,0,0
S01009666,Other central heating,2,0,2,2,0,2,0,0,0,0,0,0
S01009666,Two or more types of central heating,8,0,8,8,0,8,0,0,0,0,0,0
S01009667,All people in households,523,79,444,454,26,428,52,36,16,17,17,0
S01009667,No central heating,2,1,1,0,0,0,2,1,1,0,0,0
S01009667,Gas central heating,359,50,309,313,14,299,33,23,10,13,13,0
S01009667,Electric (including storage heaters) central heating,10,5,5,7,3,4,3,2,1,0,0,0
S01009667,Oil central heating,109,16,93,98,8,90,9,6,3,2,2,0
S01009667,Solid fuel (for example wood coal) central heating,3,2,1,1,0,1,2,2,0,0,0,0
S01009667,Other central heating,23,4,19,20,1,19,1,1,0,2,2,0
S01009667,Two or more types of central heating,17,1,16,15,0,15,2,1,1,0,0,0
S01009668,All people in households,586,70,516,525,32,493,48,25,23,13,13,0
S01009668,No central heating,1,1,0,0,0,0,1,1,0,0,0,0
S01009668,Gas central heating,548,62,486,495,30,465,41,20,21,12,12,0
S01009668,Electric (including storage heaters) central heating,12,3,9,8,1,7,4,2,2,0,0,0
S01009668,Oil central heating,8,1,7,8,1,7,0,0,0,0,0,0
S01009668,Solid fuel (for example wood coal) central heating,0,0,0,0,0,0,0,0,0,0,0,0
S01009668,Other central heating,1,1,0,0,0,0,1,1,0,0,0,0
S01009668,Two or more types of central heating,16,2,14,14,0,14,1,1,0,1,1,0
S01009669,All people in households,502,109,393,411,35,376,70,53,17,21,21,0
S01009669,No central heating,6,3,3,4,1,3,1,1,0,1,1,0
S01009669,Gas central heating,397,88,309,319,25,294,59,44,15,19,19,0
S01009669,Electric (including storage heaters) central heating,18,4,14,14,1,13,4,3,1,0,0,0
S01009669,Oil central heating,69,11,58,63,6,57,5,4,1,1,1,0
S01009669,Solid fuel (for example wood coal) central heating,2,0,2,2,0,2,0,0,0,0,0,0
S01009669,Other central heating,7,2,5,6,1,5,1,1,0,0,0,0
S01009669,Two or more types of central heating,3,1,2,3,1,2,0,0,0,0,0,0
S01009670,All people in households,777,151,626,649,47,602,99,75,24,29,29,0
S01009670,No central heating,10,2,8,9,1,8,1,1,0,0,0,0
S01009670,Gas central heating,693,132,561,580,41,539,85,63,22,28,28,0
S01009670,Electric (including storage heaters) central heating,24,6,18,17,1,16,7,5,2,0,0,0
S01009670,Oil central heating,31,6,25,27,2,25,4,4,0,0,0,0
S01009670,Solid fuel (for example wood coal) central heating,0,0,0,0,0,0,0,0,0,0,0,0
S01009670,Other central heating,5,1,4,4,0,4,1,1,0,0,0,0
S01009670,Two or more types of central heating,14,4,10,12,2,10,1,1,0,1,1,0
S01009671,All people in households,607,94,513,538,46,492,57,37,20,12,11,1
S01009671,No central heating,4,0,4,3,0,3,1,0,1,0,0,0
S01009671,Gas central heating,497,84,413,434,40,394,51,33,18,12,11,1
S01009671,Electric (including storage heaters) central heating,13,2,11,12,1,11,1,1,0,0,0,0
S01009671,Oil central heating,64,4,60,61,2,59,3,2,1,0,0,0
S01009671,Solid fuel (for example wood coal) central heating,11,3,8,10,2,8,1,1,0,0,0,0
S01009671,Other central heating,2,0,2,2,0,2,0,0,0,0,0,0
S01009671,Two or more types of central heating,16,1,15,16,1,15,0,0,0,0,0,0
S01009672,All people in households,807,171,636,638,49,589,118,74,44,51,48,3
S01009672,No central heating,1,0,1,1,0,1,0,0,0,0,0,0
S01009672,Gas central heating,728,152,576,575,44,531,107,65,42,46,43,3
S01009672,Electric (including storage heaters) central heating,36,10,26,29,3,26,4,4,0,3,3,0
S01009672,Oil central heating,14,4,10,11,2,9,3,2,1,0,0,0
S01009672,Solid fuel (for example wood coal) central heating,2,0,2,2,0,2,0,0,0,0,0,0
S01009672,Other central heating,10,1,9,8,0,8,2,1,1,0,0,0
S01009672,Two or more types of central heating,16,4,12,12,0,12,2,2,0,2,2,0
S01009673,All people in households,779,148,631,658,56,602,86,59,27,35,33,2
S01009673,No central heating,13,3,10,9,0,9,4,3,1,0,0,0
S01009673,Gas central heating,700,139,561,590,54,536,79,56,23,31,29,2
S01009673,Electric (including storage heaters) central heating,37,4,33,32,1,31,2,0,2,3,3,0
S01009673,Oil central heating,5,0,5,5,0,5,0,0,0,0,0,0
S01009673,Solid fuel (for example wood coal) central heating,0,0,0,0,0,0,0,0,0,0,0,0
S01009673,Other central heating,2,1,1,2,1,1,0,0,0,0,0,0
S01009673,Two or more types of central heating,22,1,21,20,0,20,1,0,1,1,1,0
S01009674,All people in households,875,144,731,744,48,696,90,57,33,41,39,2
S01009674,No central heating,4,0,4,4,0,4,0,0,0,0,0,0
S01009674,Gas central heating,523,96,427,428,27,401,66,41,25,29,28,1
S01009674,Electric (including storage heaters) central heating,45,9,36,36,4,32,4,1,3,5,4,1
S01009674,Oil central heating,214,19,195,203,10,193,9,7,2,2,2,0
S01009674,Solid fuel (for example wood coal) central heating,28,7,21,23,2,21,4,4,0,1,1,0
S01009674,Other central heating,19,2,17,17,1,16,2,1,1,0,0,0
S01009674,Two or more types of central heating,42,11,31,33,4,29,5,3,2,4,4,0
S01009675,All people in households,882,157,725,756,59,697,102,74,28,24,24,0
S01009675,No central heating,14,3,11,11,0,11,2,2,0,1,1,0
S01009675,Gas central heating,741,129,612,637,50,587,85,60,25,19,19,0
S01009675,Electric (including storage heaters) central heating,23,9,14,14,1,13,7,6,1,2,2,0
S01009675,Oil central heating,77,13,64,68,6,62,7,5,2,2,2,0
S01009675,Solid fuel (for example wood coal) central heating,11,0,11,11,0,11,0,0,0,0,0,0
S01009675,Other central heating,2,2,0,2,2,0,0,0,0,0,0,0
S01009675,Two or more types of central heating,14,1,13,13,0,13,1,1,0,0,0,0
S01009676,All people in households,833,151,682,712,60,652,94,64,30,27,27,0
S01009676,No central heating,5,1,4,3,0,3,2,1,1,0,0,0
S01009676,Gas central heating,478,103,375,403,44,359,57,41,16,18,18,0
S01009676,Electric (including storage heaters) central heating,84,15,69,70,4,66,10,7,3,4,4,0
S01009676,Oil central heating,190,19,171,172,7,165,14,8,6,4,4,0
S01009676,Solid fuel (for example wood coal) central heating,33,6,27,26,1,25,7,5,2,0,0,0
S01009676,Other central heating,21,3,18,17,1,16,3,1,2,1,1,0
S01009676,Two or more types of central heating,22,4,18,21,3,18,1,1,0,0,0,0
S01009677,All people in households,592,109,483,505,37,468,65,51,14,22,21,1
S01009677,No central heating,21,6,15,14,0,14,6,5,1,1,1,0
S01009677,Gas central heating,106,20,86,89,6,83,7,5,2,10,9,1
S01009677,Electric (including storage heaters) central heating,54,18,36,38,4,34,12,10,2,4,4,0
S01009677,Oil central heating,318,47,271,281,17,264,30,23,7,7,7,0
S01009677,Solid fuel (for example wood coal) central heating,30,5,25,26,3,23,4,2,2,0,0,0
S01009677,Other central heating,23,8,15,20,5,15,3,3,0,0,0,0
S01009677,Two or more types of central heating,40,5,35,37,2,35,3,3,0,0,0,0
S01009678,All people in households,591,118,473,486,40,446,81,55,26,24,23,1
S01009678,No central heating,9,2,7,8,1,7,1,1,0,0,0,0
S01009678,Gas central heating,472,93,379,388,33,355,64,41,23,20,19,1
S01009678,Electric (including storage heaters) central heating,36,4,32,30,1,29,5,2,3,1,1,0
S01009678,Oil central heating,36,10,26,29,3,26,7,7,0,0,0,0
S01009678,Solid fuel (for example wood coal) central heating,5,2,3,3,0,3,2,2,0,0,0,0
S01009678,Other central heating,24,4,20,21,1,20,2,2,0,1,1,0
S01009678,Two or more types of central heating,9,3,6,7,1,6,0,0,0,2,2,0
S01009679,All people in households,875,181,694,712,59,653,112,73,39,51,49,2
S01009679,No central heating,15,4,11,13,2,11,0,0,0,2,2,0
S01009679,Gas central heating,744,142,602,618,46,572,86,58,28,40,38,2
S01009679,Electric (including storage heaters) central heating,65,23,42,38,6,32,19,9,10,8,8,0
S01009679,Oil central heating,18,4,14,15,1,14,3,3,0,0,0,0
S01009679,Solid fuel (for example wood coal) central heating,6,1,5,4,0,4,2,1,1,0,0,0
S01009679,Other central heating,7,3,4,7,3,4,0,0,0,0,0,0
S01009679,Two or more types of central heating,20,4,16,17,1,16,2,2,0,1,1,0
S01009680,All people in households,817,150,667,700,66,634,92,59,33,25,25,0
S01009680,No central heating,20,8,12,15,3,12,5,5,0,0,0,0
S01009680,Gas central heating,688,111,577,601,50,551,66,40,26,21,21,0
S01009680,Electric (including storage heaters) central heating,41,18,23,26,5,21,12,10,2,3,3,0
S01009680,Oil central heating,41,5,36,38,3,35,3,2,1,0,0,0
S01009680,Solid fuel (for example wood coal) central heating,2,0,2,1,0,1,1,0,1,0,0,0
S01009680,Other central heating,4,2,2,4,2,2,0,0,0,0,0,0
S01009680,Two or more types of central heating,21,6,15,15,3,12,5,2,3,1,1,0
S01009681,All people in households,558,116,442,447,37,410,83,52,31,28,27,1
S01009681,No central heating,5,1,4,4,0,4,0,0,0,1,1,0
S01009681,Gas central heating,499,96,403,409,32,377,69,44,25,21,20,1
S01009681,Electric (including storage heaters) central heating,34,10,24,24,4,20,9,5,4,1,1,0
S01009681,Oil central heating,5,0,5,4,0,4,1,0,1,0,0,0
S01009681,Solid fuel (for example wood coal) central heating,2,0,2,1,0,1,1,0,1,0,0,0
S01009681,Other central heating,0,0,0,0,0,0,0,0,0,0,0,0
S01009681,Two or more types of central heating,13,9,4,5,1,4,3,3,0,5,5,0
S01009682,All people in households,624,87,537,548,30,518,61,42,19,15,15,0
S01009682,No central heating,3,1,2,2,0,2,1,1,0,0,0,0
S01009682,Gas central heating,573,77,496,506,27,479,55,38,17,12,12,0
S01009682,Electric (including storage heaters) central heating,17,5,12,14,3,11,2,1,1,1,1,0
S01009682,Oil central heating,3,1,2,2,0,2,0,0,0,1,1,0
S01009682,Solid fuel (for example wood coal) central heating,0,0,0,0,0,0,0,0,0,0,0,0
S01009682,Other central heating,5,1,4,3,0,3,2,1,1,0,0,0
S01009682,Two or more types of central heating,23,2,21,21,0,21,1,1,0,1,1,0
S01009683,All people in households,765,170,595,647,75,572,86,63,23,32,32,0
S01009683,No central heating,4,1,3,3,0,3,1,1,0,0,0,0
S01009683,Gas central heating,688,134,554,591,56,535,69,50,19,28,28,0
S01009683,Electric (including storage heaters) central heating,56,32,24,38,18,20,14,10,4,4,4,0
S01009683,Oil central heating,9,0,9,9,0,9,0,0,0,0,0,0
S01009683,Solid fuel (for example wood coal) central heating,1,0,1,1,0,1,0,0,0,0,0,0
S01009683,Other central heating,0,0,0,0,0,0,0,0,0,0,0,0
S01009683,Two or more types of central heating,7,3,4,5,1,4,2,2,0,0,0,0
S01009684,All people in households,1085,119,966,989,48,941,71,46,25,25,25,0
S01009684,No central heating,39,5,34,31,1,30,6,2,4,2,2,0
S01009684,Gas central heating,704,63,641,663,30,633,31,23,8,10,10,0
S01009684,Electric (including storage heaters) central heating,67,15,52,50,4,46,12,6,6,5,5,0
S01009684,Oil central heating,163,20,143,148,10,138,11,6,5,4,4,0
S01009684,Solid fuel (for example wood coal) central heating,35,10,25,27,2,25,4,4,0,4,4,0
S01009684,Other central heating,23,1,22,22,0,22,1,1,0,0,0,0
S01009684,Two or more types of central heating,54,5,49,48,1,47,6,4,2,0,0,0
S01009685,All people in households,608,113,495,524,48,476,59,42,17,25,23,2
S01009685,No central heating,1,0,1,1,0,1,0,0,0,0,0,0
S01009685,Gas central heating,474,92,382,398,33,365,52,36,16,24,23,1
S01009685,Electric (including storage heaters) central heating,34,6,28,32,4,28,2,2,0,0,0,0
S01009685,Oil central heating,65,10,55,63,9,54,2,1,1,0,0,0
S01009685,Solid fuel (for example wood coal) central heating,6,0,6,6,0,6,0,0,0,0,0,0
S01009685,Other central heating,8,1,7,7,0,7,1,1,0,0,0,0
S01009685,Two or more types of central heating,20,4,16,17,2,15,2,2,0,1,0,1
S01009686,All people in households,1123,219,904,912,65,847,161,109,52,50,45,5
S01009686,No central heating,22,5,17,17,1,16,4,4,0,1,0,1
S01009686,Gas central heating,946,179,767,780,56,724,129,87,42,37,36,1
S01009686,Electric (including storage heaters) central heating,113,24,89,84,5,79,23,14,9,6,5,1
S01009686,Oil central heating,9,3,6,5,0,5,4,3,1,0,0,0
S01009686,Solid fuel (for example wood coal) central heating,0,0,0,0,0,0,0,0,0,0,0,0
S01009686,Other central heating,0,0,0,0,0,0,0,0,0,0,0,0
S01009686,Two or more types of central heating,33,8,25,26,3,23,1,1,0,6,4,2
S01009687,All people in households,723,122,601,624,46,578,76,54,22,23,22,1
S01009687,No central heating,5,2,3,3,0,3,2,2,0,0,0,0
S01009687,Gas central heating,675,109,566,589,44,545,68,48,20,18,17,1
S01009687,Electric (including storage heaters) central heating,26,8,18,20,2,18,4,4,0,2,2,0
S01009687,Oil central heating,9,1,8,8,0,8,0,0,0,1,1,0
S01009687,Solid fuel (for example wood coal) central heating,0,0,0,0,0,0,0,0,0,0,0,0
S01009687,Other central heating,0,0,0,0,0,0,0,0,0,0,0,0
S01009687,Two or more types of central heating,8,2,6,4,0,4,2,0,2,2,2,0
S01009688,All people in households,904,203,701,725,68,657,125,81,44,54,54,0
S01009688,No central heating,14,2,12,12,0,12,1,1,0,1,1,0
S01009688,Gas central heating,736,155,581,593,49,544,102,65,37,41,41,0
S01009688,Electric (including storage heaters) central heating,112,35,77,85,14,71,18,12,6,9,9,0
S01009688,Oil central heating,15,7,8,11,3,8,2,2,0,2,2,0
S01009688,Solid fuel (for example wood coal) central heating,0,0,0,0,0,0,0,0,0,0,0,0
S01009688,Other central heating,2,0,2,2,0,2,0,0,0,0,0,0
S01009688,Two or more types of central heating,25,4,21,22,2,20,2,1,1,1,1,0
S01009689,All people in households,605,131,474,494,44,450,84,61,23,27,26,1
S01009689,No central heating,20,6,14,15,1,14,3,3,0,2,2,0
S01009689,Gas central heating,474,90,384,398,33,365,57,39,18,19,18,1
S01009689,Electric (including storage heaters) central heating,95,30,65,69,8,61,20,16,4,6,6,0
S01009689,Oil central heating,4,2,2,2,0,2,2,2,0,0,0,0
S01009689,Solid fuel (for example wood coal) central heating,2,0,2,2,0,2,0,0,0,0,0,0
S01009689,Other central heating,1,1,0,1,1,0,0,0,0,0,0,0
S01009689,Two or more types of central heating,9,2,7,7,1,6,2,1,1,0,0,0
S01009690,All people in households,701,143,558,599,57,542,72,57,15,30,29,1
S01009690,No central heating,17,2,15,14,0,14,2,1,1,1,1,0
S01009690,Gas central heating,610,122,488,527,50,477,57,47,10,26,25,1
S01009690,Electric (including storage heaters) central heating,59,14,45,45,4,41,12,8,4,2,2,0
S01009690,Oil central heating,2,2,0,1,1,0,0,0,0,1,1,0
S01009690,Solid fuel (for example wood coal) central heating,3,0,3,3,0,3,0,0,0,0,0,0
S01009690,Other central heating,0,0,0,0,0,0,0,0,0,0,0,0
S01009690,Two or more types of central heating,10,3,7,9,2,7,1,1,0,0,0,0
S01009691,All people in households,611,95,516,528,36,492,69,47,22,14,12,2
S01009691,No central heating,7,3,4,4,1,3,2,1,1,1,1,0
S01009691,Gas central heating,504,57,447,454,25,429,40,24,16,10,8,2
S01009691,Electric (including storage heaters) central heating,71,33,38,44,9,35,25,22,3,2,2,0
S01009691,Oil central heating,11,2,9,10,1,9,0,0,0,1,1,0
S01009691,Solid fuel (for example wood coal) central heating,0,0,0,0,0,0,0,0,0,0,0,0
S01009691,Other central heating,10,0,10,10,0,10,0,0,0,0,0,0
S01009691,Two or more types of central heating,8,0,8,6,0,6,2,0,2,0,0,0
S01009692,All people in households,1034,218,816,858,89,769,141,94,47,35,35,0
S01009692,No central heating,16,1,15,15,1,14,1,0,1,0,0,0
S01009692,Gas central heating,952,209,743,785,85,700,133,90,43,34,34,0
S01009692,Electric (including storage heaters) central heating,34,5,29,31,2,29,3,3,0,0,0,0
S01009692,Oil central heating,14,0,14,14,0,14,0,0,0,0,0,0
S01009692,Solid fuel (for example wood coal) central heating,4,1,3,3,0,3,1,1,0,0,0,0
S01009692,Other central heating,0,0,0,0,0,0,0,0,0,0,0,0
S01009692,Two or more types of central heating,14,2,12,10,1,9,3,0,3,1,1,0
S01009693,All people in households,632,128,504,539,54,485,63,44,19,30,30,0
S01009693,No central heating,3,0,3,2,0,2,1,0,1,0,0,0
S01009693,Gas central heating,610,118,492,527,53,474,58,40,18,25,25,0
S01009693,Electric (including storage heaters) central heating,9,5,4,4,0,4,2,2,0,3,3,0
S01009693,Oil central heating,5,2,3,4,1,3,1,1,0,0,0,0
S01009693,Solid fuel (for example wood coal) central heating,0,0,0,0,0,0,0,0,0,0,0,0
S01009693,Other central heating,0,0,0,0,0,0,0,0,0,0,0,0
S01009693,Two or more types of central heating,5,3,2,2,0,2,1,1,0,2,2,0
S01009694,All people in households,962,199,763,805,78,727,125,90,35,32,31,1
S01009694,No central heating,0,0,0,0,0,0,0,0,0,0,0,0
S01009694,Gas central heating,911,187,724,767,77,690,115,82,33,29,28,1
S01009694,Electric (including storage heaters) central heating,27,7,20,20,1,19,5,4,1,2,2,0
S01009694,Oil central heating,5,1,4,4,0,4,1,1,0,0,0,0
S01009694,Solid fuel (for example wood coal) central heating,0,0,0,0,0,0,0,0,0,0,0,0
S01009694,Other central heating,0,0,0,0,0,0,0,0,0,0,0,0
S01009694,Two or more types of central heating,19,4,15,14,0,14,4,3,1,1,1,0
S01009695,All people in households,623,103,520,543,42,501,63,45,18,17,16,1
S01009695,No central heating,9,1,8,8,0,8,1,1,0,0,0,0
S01009695,Gas central heating,249,37,212,218,18,200,26,15,11,5,4,1
S01009695,Electric (including storage heaters) central heating,88,25,63,67,6,61,11,9,2,10,10,0
S01009695,Oil central heating,221,35,186,201,18,183,19,16,3,1,1,0
S01009695,Solid fuel (for example wood coal) central heating,8,1,7,7,0,7,1,1,0,0,0,0
S01009695,Other central heating,31,3,28,27,0,27,3,2,1,1,1,0
S01009695,Two or more types of central heating,17,1,16,15,0,15,2,1,1,0,0,0
S01009696,All people in households,945,175,770,816,68,748,96,75,21,33,32,1
S01009696,No central heating,7,5,2,5,3,2,1,1,0,1,1,0
S01009696,Gas central heating,555,87,468,490,33,457,46,36,10,19,18,1
S01009696,Electric (including storage heaters) central heating,149,41,108,121,17,104,20,16,4,8,8,0
S01009696,Oil central heating,182,31,151,153,9,144,25,18,7,4,4,0
S01009696,Solid fuel (for example wood coal) central heating,19,4,15,17,2,15,1,1,0,1,1,0
S01009696,Other central heating,12,1,11,12,1,11,0,0,0,0,0,0
S01009696,Two or more types of central heating,21,6,15,18,3,15,3,3,0,0,0,0
S01009697,All people in households,702,148,554,599,64,535,76,57,19,27,27,0
S01009697,No central heating,24,2,22,24,2,22,0,0,0,0,0,0
S01009697,Gas central heating,370,87,283,310,38,272,45,34,11,15,15,0
S01009697,Electric (including storage heaters) central heating,78,23,55,61,9,52,13,10,3,4,4,0
S01009697,Oil central heating,156,26,130,138,12,126,13,9,4,5,5,0
S01009697,Solid fuel (for example wood coal) central heating,11,4,7,8,1,7,1,1,0,2,2,0
S01009697,Other central heating,36,3,33,33,1,32,2,1,1,1,1,0
S01009697,Two or more types of central heating,27,3,24,25,1,24,2,2,0,0,0,0
S01009698,All people in households,564,91,473,489,37,452,51,30,21,24,24,0
S01009698,No central heating,16,3,13,14,2,12,2,1,1,0,0,0
S01009698,Gas central heating,100,20,80,86,10,76,7,3,4,7,7,0
S01009698,Electric (including storage heaters) central heating,35,4,31,31,0,31,2,2,0,2,2,0
S01009698,Oil central heating,329,44,285,288,16,272,31,18,13,10,10,0
S01009698,Solid fuel (for example wood coal) central heating,12,3,9,8,0,8,3,2,1,1,1,0
S01009698,Other central heating,33,11,22,27,6,21,3,2,1,3,3,0
S01009698,Two or more types of central heating,39,6,33,35,3,32,3,2,1,1,1,0
S01009699,All people in households,468,104,364,385,35,350,54,40,14,29,29,0
S01009699,No central heating,6,1,5,5,0,5,1,1,0,0,0,0
S01009699,Gas central heating,349,77,272,294,30,264,37,29,8,18,18,0
S01009699,Electric (including storage heaters) central heating,50,18,32,31,2,29,10,7,3,9,9,0
S01009699,Oil central heating,47,6,41,41,2,39,4,2,2,2,2,0
S01009699,Solid fuel (for example wood coal) central heating,0,0,0,0,0,0,0,0,0,0,0,0
S01009699,Other central heating,0,0,0,0,0,0,0,0,0,0,0,0
S01009699,Two or more types of central heating,16,2,14,14,1,13,2,1,1,0,0,0
S01009700,All people in households,649,137,512,529,44,485,87,61,26,33,32,1
S01009700,No central heating,13,3,10,11,1,10,2,2,0,0,0,0
S01009700,Gas central heating,392,79,313,319,24,295,53,35,18,20,20,0
S01009700,Electric (including storage heaters) central heating,75,22,53,59,10,49,12,8,4,4,4,0
S01009700,Oil central heating,119,24,95,101,8,93,15,13,2,3,3,0
S01009700,Solid fuel (for example wood coal) central heating,8,4,4,4,0,4,1,1,0,3,3,0
S01009700,Other central heating,15,1,14,13,1,12,1,0,1,1,0,1
S01009700,Two or more types of central heating,27,4,23,22,0,22,3,2,1,2,2,0
S01009701,All people in households,426,100,326,348,36,312,55,42,13,23,22,1
S01009701,No central heating,8,3,5,4,1,3,2,0,2,2,2,0
S01009701,Gas central heating,348,81,267,291,33,258,42,33,9,15,15,0
S01009701,Electric (including storage heaters) central heating,43,11,32,32,1,31,6,5,1,5,5,0
S01009701,Oil central heating,11,3,8,9,1,8,2,2,0,0,0,0
S01009701,Solid fuel (for example wood coal) central heating,0,0,0,0,0,0,0,0,0,0,0,0
S01009701,Other central heating,2,1,1,1,0,1,1,1,0,0,0,0
S01009701,Two or more types of central heating,14,1,13,11,0,11,2,1,1,1,0,1
S01009702,All people in households,631,107,524,534,36,498,71,45,26,26,26,0
S01009702,No central heating,12,2,10,11,1,10,0,0,0,1,1,0
S01009702,Gas central heating,109,20,89,89,7,82,17,10,7,3,3,0
S01009702,Electric (including storage heaters) central heating,102,27,75,78,6,72,16,13,3,8,8,0
S01009702,Oil central heating,317,41,276,276,13,263,30,17,13,11,11,0
S01009702,Solid fuel (for example wood coal) central heating,25,4,21,22,2,20,2,1,1,1,1,0
S01009702,Other central heating,33,5,28,29,1,28,3,3,0,1,1,0
S01009702,Two or more types of central heating,33,8,25,29,6,23,3,1,2,1,1,0
S01009703,All people in households,569,148,421,434,34,400,93,74,19,42,40,2
S01009703,No central heating,12,5,7,9,2,7,3,3,0,0,0,0
S01009703,Gas central heating,492,121,371,382,27,355,74,60,14,36,34,2
S01009703,Electric (including storage heaters) central heating,51,20,31,31,5,26,14,9,5,6,6,0
S01009703,Oil central heating,4,0,4,4,0,4,0,0,0,0,0,0
S01009703,Solid fuel (for example wood coal) central heating,3,1,2,2,0,2,1,1,0,0,0,0
S01009703,Other central heating,2,0,2,2,0,2,0,0,0,0,0,0
S01009703,Two or more types of central heating,5,1,4,4,0,4,1,1,0,0,0,0
S01009704,All people in households,917,160,757,779,64,715,100,60,40,38,36,2
S01009704,No central heating,16,4,12,12,1,11,2,1,1,2,2,0
S01009704,Gas central heating,817,130,687,705,54,651,83,49,34,29,27,2
S01009704,Electric (including storage heaters) central heating,47,15,32,38,8,30,6,4,2,3,3,0
S01009704,Oil central heating,18,7,11,9,1,8,7,4,3,2,2,0
S01009704,Solid fuel (for example wood coal) central heating,0,0,0,0,0,0,0,0,0,0,0,0
S01009704,Other central heating,9,0,9,9,0,9,0,0,0,0,0,0
S01009704,Two or more types of central heating,10,4,6,6,0,6,2,2,0,2,2,0
S01009705,All people in households,732,184,548,566,57,509,123,86,37,43,41,2
S01009705,No central heating,4,2,2,3,1,2,0,0,0,1,1,0
S01009705,Gas central heating,627,160,467,485,53,432,107,74,33,35,33,2
S01009705,Electric (including storage heaters) central heating,79,16,63,61,2,59,12,8,4,6,6,0
S01009705,Oil central heating,8,3,5,5,0,5,2,2,0,1,1,0
S01009705,Solid fuel (for example wood coal) central heating,0,0,0,0,0,0,0,0,0,0,0,0
S01009705,Other central heating,0,0,0,0,0,0,0,0,0,0,0,0
S01009705,Two or more types of central heating,14,3,11,12,1,11,2,2,0,0,0,0
S01009706,All people in households,625,117,508,520,35,485,75,53,22,30,29,1
S01009706,No central heating,7,1,6,5,0,5,1,0,1,1,1,0
S01009706,Gas central heating,531,91,440,448,27,421,60,42,18,23,22,1
S01009706,Electric (including storage heaters) central heating,17,7,10,10,2,8,4,2,2,3,3,0
S01009706,Oil central heating,59,13,46,52,6,46,5,5,0,2,2,0
S01009706,Solid fuel (for example wood coal) central heating,2,2,0,0,0,0,2,2,0,0,0,0
S01009706,Other central heating,1,0,1,0,0,0,1,0,1,0,0,0
S01009706,Two or more types of central heating,8,3,5,5,0,5,2,2,0,1,1,0
S01009707,All people in households,477,84,393,405,30,375,50,33,17,22,21,1
S01009707,No central heating,13,3,10,11,2,9,2,1,1,0,0,0
S01009707,Gas central heating,440,72,368,377,25,352,43,28,15,20,19,1
S01009707,Electric (including storage heaters) central heating,19,8,11,12,2,10,5,4,1,2,2,0
S01009707,Oil central heating,2,1,1,2,1,1,0,0,0,0,0,0
S01009707,Solid fuel (for example wood coal) central heating,0,0,0,0,0,0,0,0,0,0,0,0
S01009707,Other central heating,0,0,0,0,0,0,0,0,0,0,0,0
S01009707,Two or more types of central heating,3,0,3,3,0,3,0,0,0,0,0,0
S01009708,All people in households,573,125,448,469,45,424,63,39,24,41,41,0
S01009708,No central heating,6,0,6,6,0,6,0,0,0,0,0,0
S01009708,Gas central heating,471,108,363,381,39,342,54,33,21,36,36,0
S01009708,Electric (including storage heaters) central heating,71,14,57,58,4,54,9,6,3,4,4,0
S01009708,Oil central heating,15,2,13,15,2,13,0,0,0,0,0,0
S01009708,Solid fuel (for example wood coal) central heating,5,0,5,5,0,5,0,0,0,0,0,0
S01009708,Other central heating,0,0,0,0,0,0,0,0,0,0,0,0
S01009708,Two or more types of central heating,5,1,4,4,0,4,0,0,0,1,1,0
S01009709,All people in households,794,178,616,641,52,589,110,83,27,43,43,0
S01009709,No central heating,22,5,17,17,1,16,5,4,1,0,0,0
S01009709,Gas central heating,693,151,542,564,46,518,95,71,24,34,34,0
S01009709,Electric (including storage heaters) central heating,53,14,39,41,3,38,7,6,1,5,5,0
S01009709,Oil central heating,0,0,0,0,0,0,0,0,0,0,0,0
S01009709,Solid fuel (for example wood coal) central heating,0,0,0,0,0,0,0,0,0,0,0,0
S01009709,Other central heating,2,1,1,1,0,1,1,1,0,0,0,0
S01009709,Two or more types of central heating,24,7,17,18,2,16,2,1,1,4,4,0
S01009710,All people in households,567,86,481,498,32,466,47,34,13,22,20,2
S01009710,No central heating,1,0,1,1,0,1,0,0,0,0,0,0
S01009710,Gas central heating,533,79,454,470,29,441,43,31,12,20,19,1
S01009710,Electric (including storage heaters) central heating,18,3,15,14,1,13,2,1,1,2,1,1
S01009710,Oil central heating,2,0,2,2,0,2,0,0,0,0,0,0
S01009710,Solid fuel (for example wood coal) central heating,5,0,5,5,0,5,0,0,0,0,0,0
S01009710,Other central heating,2,1,1,1,0,1,1,1,0,0,0,0
S01009710,Two or more types of central heating,6,3,3,5,2,3,1,1,0,0,0,0
S01009711,All people in households,760,180,580,601,54,547,107,75,32,52,51,1
S01009711,No central heating,20,5,15,18,3,15,1,1,0,1,1,0
S01009711,Gas central heating,620,132,488,509,41,468,74,54,20,37,37,0
S01009711,Electric (including storage heaters) central heating,102,38,64,63,7,56,28,20,8,11,11,0
S01009711,Oil central heating,0,0,0,0,0,0,0,0,0,0,0,0
S01009711,Solid fuel (for example wood coal) central heating,1,1,0,1,1,0,0,0,0,0,0,0
S01009711,Other central heating,3,1,2,1,0,1,0,0,0,2,1,1
S01009711,Two or more types of central heating,14,3,11,9,2,7,4,0,4,1,1,0
S01009712,All people in households,593,150,443,464,44,420,87,65,22,42,41,1
S01009712,No central heating,16,3,13,10,0,10,4,1,3,2,2,0
S01009712,Gas central heating,377,96,281,299,30,269,48,36,12,30,30,0
S01009712,Electric (including storage heaters) central heating,39,15,24,26,6,20,11,8,3,2,1,1
S01009712,Oil central heating,124,24,100,102,5,97,17,14,3,5,5,0
S01009712,Solid fuel (for example wood coal) central heating,2,2,0,1,1,0,1,1,0,0,0,0
S01009712,Other central heating,22,7,15,17,2,15,3,3,0,2,2,0
S01009712,Two or more types of central heating,13,3,10,9,0,9,3,2,1,1,1,0
S01009713,All people in households,887,200,687,718,69,649,124,86,38,45,45,0
S01009713,No central heating,16,3,13,14,1,13,2,2,0,0,0,0
S01009713,Gas central heating,687,148,539,554,48,506,98,65,33,35,35,0
S01009713,Electric (including storage heaters) central heating,59,25,34,40,8,32,12,10,2,7,7,0
S01009713,Oil central heating,91,14,77,82,8,74,9,6,3,0,0,0
S01009713,Solid fuel (for example wood coal) central heating,4,3,1,1,0,1,1,1,0,2,2,0
S01009713,Other central heating,11,1,10,11,1,10,0,0,0,0,0,0
S01009713,Two or more types of central heating,19,6,13,16,3,13,2,2,0,1,1,0
S01009714,All people in households,915,201,714,765,82,683,121,91,30,29,28,1
S01009714,No central heating,9,7,2,5,3,2,3,3,0,1,1,0
S01009714,Gas central heating,842,179,663,708,74,634,108,80,28,26,25,1
S01009714,Electric (including storage heaters) central heating,40,13,27,31,5,26,7,6,1,2,2,0
S01009714,Oil central heating,8,2,6,6,0,6,2,2,0,0,0,0
S01009714,Solid fuel (for example wood coal) central heating,0,0,0,0,0,0,0,0,0,0,0,0
S01009714,Other central heating,0,0,0,0,0,0,0,0,0,0,0,0
S01009714,Two or more types of central heating,16,0,16,15,0,15,1,0,1,0,0,0
S01009715,All people in households,638,124,514,542,47,495,80,62,18,16,15,1
S01009715,No central heating,40,10,30,31,2,29,8,7,1,1,1,0
S01009715,Gas central heating,142,34,108,114,13,101,23,16,7,5,5,0
S01009715,Electric (including storage heaters) central heating,164,37,127,136,13,123,24,21,3,4,3,1
S01009715,Oil central heating,208,32,176,187,16,171,18,13,5,3,3,0
S01009715,Solid fuel (for example wood coal) central heating,42,5,37,37,1,36,3,2,1,2,2,0
S01009715,Other central heating,16,1,15,16,1,15,0,0,0,0,0,0
S01009715,Two or more types of central heating,26,5,21,21,1,20,4,3,1,1,1,0
S01009716,All people in households,726,132,594,623,56,567,79,53,26,24,23,1
S01009716,No central heating,0,0,0,0,0,0,0,0,0,0,0,0
S01009716,Gas central heating,662,120,542,570,50,520,70,48,22,22,22,0
S01009716,Electric (including storage heaters) central heating,45,11,34,34,5,29,9,5,4,2,1,1
S01009716,Oil central heating,8,0,8,8,0,8,0,0,0,0,0,0
S01009716,Solid fuel (for example wood coal) central heating,0,0,0,0,0,0,0,0,0,0,0,0
S01009716,Other central heating,9,1,8,9,1,8,0,0,0,0,0,0
S01009716,Two or more types of central heating,2,0,2,2,0,2,0,0,0,0,0,0
S01009717,All people in households,701,137,564,575,42,533,95,64,31,31,31,0
S01009717,No central heating,0,0,0,0,0,0,0,0,0,0,0,0
S01009717,Gas central heating,636,121,515,527,37,490,83,58,25,26,26,0
S01009717,Electric (including storage heaters) central heating,32,10,22,22,2,20,6,4,2,4,4,0
S01009717,Oil central heating,5,0,5,5,0,5,0,0,0,0,0,0
S01009717,Solid fuel (for example wood coal) central heating,0,0,0,0,0,0,0,0,0,0,0,0
S01009717,Other central heating,0,0,0,0,0,0,0,0,0,0,0,0
S01009717,Two or more types of central heating,28,6,22,21,3,18,6,2,4,1,1,0
S01009718,All people in households,731,125,606,607,42,565,96,56,40,28,27,1
S01009718,No central heating,5,0,5,5,0,5,0,0,0,0,0,0
S01009718,Gas central heating,660,110,550,551,38,513,87,51,36,22,21,1
S01009718,Electric (including storage heaters) central heating,45,10,35,35,3,32,5,2,3,5,5,0
S01009718,Oil central heating,5,2,3,4,1,3,0,0,0,1,1,0
S01009718,Solid fuel (for example wood coal) central heating,0,0,0,0,0,0,0,0,0,0,0,0
S01009718,Other central heating,2,1,1,0,0,0,2,1,1,0,0,0
S01009718,Two or more types of central heating,14,2,12,12,0,12,2,2,0,0,0,0
S01009719,All people in households,745,149,596,592,36,556,117,81,36,36,32,4
S01009719,No central heating,9,0,9,8,0,8,1,0,1,0,0,0
S01009719,Gas central heating,584,109,475,474,28,446,86,60,26,24,21,3
S01009719,Electric (including storage heaters) central heating,138,35,103,101,7,94,26,17,9,11,11,0
S01009719,Oil central heating,0,0,0,0,0,0,0,0,0,0,0,0
S01009719,Solid fuel (for example wood coal) central heating,1,0,1,1,0,1,0,0,0,0,0,0
S01009719,Other central heating,0,0,0,0,0,0,0,0,0,0,0,0
S01009719,Two or more types of central heating,13,5,8,8,1,7,4,4,0,1,0,1
S01009720,All people in households,797,166,631,627,40,587,112,71,41,58,55,3
S01009720,No central heating,0,0,0,0,0,0,0,0,0,0,0,0
S01009720,Gas central heating,686,144,542,540,36,504,95,60,35,51,48,3
S01009720,Electric (including storage heaters) central heating,86,18,68,71,4,67,9,8,1,6,6,0
S01009720,Oil central heating,3,0,3,1,0,1,2,0,2,0,0,0
S01009720,Solid fuel (for example wood coal) central heating,0,0,0,0,0,0,0,0,0,0,0,0
S01009720,Other central heating,2,0,2,2,0,2,0,0,0,0,0,0
S01009720,Two or more types of central heating,20,4,16,13,0,13,6,3,3,1,1,0
S01009721,All people in households,580,43,537,552,26,526,22,11,11,6,6,0
S01009721,No central heating,23,4,19,20,1,19,2,2,0,1,1,0
S01009721,Gas central heating,443,31,412,423,19,404,16,8,8,4,4,0
S01009721,Electric (including storage heaters) central heating,83,6,77,80,4,76,2,1,1,1,1,0
S01009721,Oil central heating,6,2,4,6,2,4,0,0,0,0,0,0
S01009721,Solid fuel (for example wood coal) central heating,0,0,0,0,0,0,0,0,0,0,0,0
S01009721,Other central heating,0,0,0,0,0,0,0,0,0,0,0,0
S01009721,Two or more types of central heating,25,0,25,23,0,23,2,0,2,0,0,0
S01009722,All people in households,831,100,731,758,46,712,54,37,17,19,17,2
S01009722,No central heating,25,0,25,25,0,25,0,0,0,0,0,0
S01009722,Gas central heating,633,75,558,580,38,542,39,25,14,14,12,2
S01009722,Electric (including storage heaters) central heating,141,23,118,124,8,116,13,11,2,4,4,0
S01009722,Oil central heating,1,1,0,0,0,0,1,1,0,0,0,0
S01009722,Solid fuel (for example wood coal) central heating,0,0,0,0,0,0,0,0,0,0,0,0
S01009722,Other central heating,3,0,3,3,0,3,0,0,0,0,0,0
S01009722,Two or more types of central heating,28,1,27,26,0,26,1,0,1,1,1,0
S01009723,All people in households,638,83,555,579,40,539,42,27,15,17,16,1
S01009723,No central heating,27,2,25,27,2,25,0,0,0,0,0,0
S01009723,Gas central heating,456,55,401,415,28,387,29,16,13,12,11,1
S01009723,Electric (including storage heaters) central heating,125,18,107,113,7,106,8,7,1,4,4,0
S01009723,Oil central heating,2,1,1,0,0,0,1,0,1,1,1,0
S01009723,Solid fuel (for example wood coal) central heating,0,0,0,0,0,0,0,0,0,0,0,0
S01009723,Other central heating,6,2,4,5,1,4,1,1,0,0,0,0
S01009723,Two or more types of central heating,22,5,17,19,2,17,3,3,0,0,0,0
S01009724,All people in households,959,169,790,807,65,742,108,68,40,44,36,8
S01009724,No central heating,17,2,15,14,1,13,3,1,2,0,0,0
S01009724,Gas central heating,834,147,687,709,59,650,91,60,31,34,28,6
S01009724,Electric (including storage heaters) central heating,77,9,68,66,4,62,7,2,5,4,3,1
S01009724,Oil central heating,0,0,0,0,0,0,0,0,0,0,0,0
S01009724,Solid fuel (for example wood coal) central heating,0,0,0,0,0,0,0,0,0,0,0,0
S01009724,Other central heating,2,0,2,2,0,2,0,0,0,0,0,0
S01009724,Two or more types of central heating,29,11,18,16,1,15,7,5,2,6,5,1
S01009725,All people in households,680,77,603,631,41,590,37,24,13,12,12,0
S01009725,No central heating,6,0,6,6,0,6,0,0,0,0,0,0
S01009725,Gas central heating,596,71,525,552,39,513,33,21,12,11,11,0
S01009725,Electric (including storage heaters) central heating,54,3,51,52,2,50,2,1,1,0,0,0
S01009725,Oil central heating,4,3,1,1,0,1,2,2,0,1,1,0
S01009725,Solid fuel (for example wood coal) central heating,0,0,0,0,0,0,0,0,0,0,0,0
S01009725,Other central heating,0,0,0,0,0,0,0,0,0,0,0,0
S01009725,Two or more types of central heating,20,0,20,20,0,20,0,0,0,0,0,0
S01009726,All people in households,557,45,512,526,23,503,23,15,8,8,7,1
S01009726,No central heating,20,0,20,20,0,20,0,0,0,0,0,0
S01009726,Gas central heating,450,34,416,424,15,409,20,13,7,6,6,0
S01009726,Electric (including storage heaters) central heating,38,2,36,36,1,35,0,0,0,2,1,1
S01009726,Oil central heating,10,7,3,10,7,3,0,0,0,0,0,0
S01009726,Solid fuel (for example wood coal) central heating,0,0,0,0,0,0,0,0,0,0,0,0
S01009726,Other central heating,0,0,0,0,0,0,0,0,0,0,0,0
S01009726,Two or more types of central heating,39,2,37,36,0,36,3,2,1,0,0,0
S01009727,All people in households,853,88,765,785,36,749,52,36,16,16,16,0
S01009727,No central heating,19,2,17,19,2,17,0,0,0,0,0,0
S01009727,Gas central heating,670,68,602,610,22,588,46,32,14,14,14,0
S01009727,Electric (including storage heaters) central heating,22,3,19,19,1,18,3,2,1,0,0,0
S01009727,Oil central heating,129,14,115,125,10,115,2,2,0,2,2,0
S01009727,Solid fuel (for example wood coal) central heating,0,0,0,0,0,0,0,0,0,0,0,0
S01009727,Other central heating,6,0,6,6,0,6,0,0,0,0,0,0
S01009727,Two or more types of central heating,7,1,6,6,1,5,1,0,1,0,0,0
S01009728,All people in households,727,105,622,641,38,603,61,42,19,25,25,0
S01009728,No central heating,5,0,5,5,0,5,0,0,0,0,0,0
S01009728,Gas central heating,684,101,583,604,38,566,55,38,17,25,25,0
S01009728,Electric (including storage heaters) central heating,29,4,25,23,0,23,6,4,2,0,0,0
S01009728,Oil central heating,2,0,2,2,0,2,0,0,0,0,0,0
S01009728,Solid fuel (for example wood coal) central heating,0,0,0,0,0,0,0,0,0,0,0,0
S01009728,Other central heating,0,0,0,0,0,0,0,0,0,0,0,0
S01009728,Two or more types of central heating,7,0,7,7,0,7,0,0,0,0,0,0
S01009729,All people in households,620,113,507,533,51,482,67,42,25,20,20,0
S01009729,No central heating,4,3,1,1,0,1,0,0,0,3,3,0
S01009729,Gas central heating,591,105,486,511,49,462,63,39,24,17,17,0
S01009729,Electric (including storage heaters) central heating,13,1,12,12,1,11,1,0,1,0,0,0
S01009729,Oil central heating,8,2,6,7,1,6,1,1,0,0,0,0
S01009729,Solid fuel (for example wood coal) central heating,0,0,0,0,0,0,0,0,0,0,0,0
S01009729,Other central heating,2,0,2,2,0,2,0,0,0,0,0,0
S01009729,Two or more types of central heating,2,2,0,0,0,0,2,2,0,0,0,0
S01009730,All people in households,522,83,439,461,35,426,45,32,13,16,16,0
S01009730,No central heating,5,0,5,4,0,4,1,0,1,0,0,0
S01009730,Gas central heating,466,78,388,408,31,377,43,32,11,15,15,0
S01009730,Electric (including storage heaters) central heating,44,5,39,42,4,38,1,0,1,1,1,0
S01009730,Oil central heating,3,0,3,3,0,3,0,0,0,0,0,0
S01009730,Solid fuel (for example wood coal) central heating,0,0,0,0,0,0,0,0,0,0,0,0
S01009730,Other central heating,0,0,0,0,0,0,0,0,0,0,0,0
S01009730,Two or more types of central heating,4,0,4,4,0,4,0,0,0,0,0,0
S01009731,All people in households,585,121,464,512,59,453,57,46,11,16,16,0
S01009731,No central heating,2,1,1,1,0,1,1,1,0,0,0,0
S01009731,Gas central heating,541,110,431,477,56,421,50,40,10,14,14,0
S01009731,Electric (including storage heaters) central heating,23,8,15,16,2,14,6,5,1,1,1,0
S01009731,Oil central heating,8,1,7,7,0,7,0,0,0,1,1,0
S01009731,Solid fuel (for example wood coal) central heating,0,0,0,0,0,0,0,0,0,0,0,0
S01009731,Other central heating,1,0,1,1,0,1,0,0,0,0,0,0
S01009731,Two or more types of central heating,10,1,9,10,1,9,0,0,0,0,0,0
S01009732,All people in households,798,115,683,708,53,655,69,42,27,21,20,1
S01009732,No central heating,34,6,28,27,1,26,5,3,2,2,2,0
S01009732,Gas central heating,617,85,532,550,40,510,52,30,22,15,15,0
S01009732,Electric (including storage heaters) central heating,101,21,80,89,11,78,8,7,1,4,3,1
S01009732,Oil central heating,3,1,2,2,0,2,1,1,0,0,0,0
S01009732,Solid fuel (for example wood coal) central heating,0,0,0,0,0,0,0,0,0,0,0,0
S01009732,Other central heating,5,0,5,5,0,5,0,0,0,0,0,0
S01009732,Two or more types of central heating,38,2,36,35,1,34,3,1,2,0,0,0
S01009733,All people in households,485,84,401,408,28,380,58,37,21,19,19,0
S01009733,No central heating,21,7,14,14,2,12,5,3,2,2,2,0
S01009733,Gas central heating,270,44,226,232,16,216,27,17,10,11,11,0
S01009733,Electric (including storage heaters) central heating,42,5,37,38,1,37,4,4,0,0,0,0
S01009733,Oil central heating,111,17,94,93,5,88,16,10,6,2,2,0
S01009733,Solid fuel (for example wood coal) central heating,4,1,3,3,0,3,0,0,0,1,1,0
S01009733,Other central heating,28,6,22,22,3,19,4,1,3,2,2,0
S01009733,Two or more types of central heating,9,4,5,6,1,5,2,2,0,1,1,0
S01009734,All people in households,875,133,742,774,53,721,78,58,20,23,22,1
S01009734,No central heating,8,2,6,7,1,6,1,1,0,0,0,0
S01009734,Gas central heating,620,95,525,545,34,511,60,46,14,15,15,0
S01009734,Electric (including storage heaters) central heating,53,8,45,42,2,40,9,5,4,2,1,1
S01009734,Oil central heating,153,23,130,141,13,128,8,6,2,4,4,0
S01009734,Solid fuel (for example wood coal) central heating,7,0,7,7,0,7,0,0,0,0,0,0
S01009734,Other central heating,16,0,16,16,0,16,0,0,0,0,0,0
S01009734,Two or more types of central heating,18,5,13,16,3,13,0,0,0,2,2,0
S01009735,All people in households,741,119,622,650,46,604,73,56,17,18,17,1
S01009735,No central heating,16,2,14,14,1,13,2,1,1,0,0,0
S01009735,Gas central heating,680,111,569,596,44,552,66,50,16,18,17,1
S01009735,Electric (including storage heaters) central heating,23,5,18,18,0,18,5,5,0,0,0,0
S01009735,Oil central heating,8,0,8,8,0,8,0,0,0,0,0,0
S01009735,Solid fuel (for example wood coal) central heating,0,0,0,0,0,0,0,0,0,0,0,0
S01009735,Other central heating,0,0,0,0,0,0,0,0,0,0,0,0
S01009735,Two or more types of central heating,14,1,13,14,1,13,0,0,0,0,0,0
S01009736,All people in households,710,116,594,628,56,572,65,44,21,17,16,1
S01009736,No central heating,10,4,6,8,2,6,2,2,0,0,0,0
S01009736,Gas central heating,543,63,480,500,34,466,35,22,13,8,7,1
S01009736,Electric (including storage heaters) central heating,133,46,87,99,18,81,26,20,6,8,8,0
S01009736,Oil central heating,0,0,0,0,0,0,0,0,0,0,0,0
S01009736,Solid fuel (for example wood coal) central heating,0,0,0,0,0,0,0,0,0,0,0,0
S01009736,Other central heating,7,2,5,7,2,5,0,0,0,0,0,0
S01009736,Two or more types of central heating,17,1,16,14,0,14,2,0,2,1,1,0
S01009737,All people in households,782,116,666,679,43,636,83,53,30,20,20,0
S01009737,No central heating,4,0,4,4,0,4,0,0,0,0,0,0
S01009737,Gas central heating,684,100,584,593,36,557,75,48,27,16,16,0
S01009737,Electric (including storage heaters) central heating,37,7,30,33,4,29,3,2,1,1,1,0
S01009737,Oil central heating,11,1,10,8,0,8,3,1,2,0,0,0
S01009737,Solid fuel (for example wood coal) central heating,6,0,6,6,0,6,0,0,0,0,0,0
S01009737,Other central heating,4,2,2,3,1,2,0,0,0,1,1,0
S01009737,Two or more types of central heating,36,6,30,32,2,30,2,2,0,2,2,0
S01009738,All people in households,420,64,356,358,23,335,49,28,21,13,13,0
S01009738,No central heating,6,2,4,4,0,4,2,2,0,0,0,0
S01009738,Gas central heating,345,49,296,296,19,277,39,20,19,10,10,0
S01009738,Electric (including storage heaters) central heating,60,11,49,50,3,47,8,6,2,2,2,0
S01009738,Oil central heating,3,0,3,3,0,3,0,0,0,0,0,0
S01009738,Solid fuel (for example wood coal) central heating,0,0,0,0,0,0,0,0,0,0,0,0
S01009738,Other central heating,2,2,0,1,1,0,0,0,0,1,1,0
S01009738,Two or more types of central heating,4,0,4,4,0,4,0,0,0,0,0,0
S01009739,All people in households,761,63,698,709,26,683,36,21,15,16,16,0
S01009739,No central heating,1,0,1,1,0,1,0,0,0,0,0,0
S01009739,Gas central heating,612,51,561,573,23,550,24,13,11,15,15,0
S01009739,Electric (including storage heaters) central heating,30,2,28,28,1,27,2,1,1,0,0,0
S01009739,Oil central heating,83,8,75,73,1,72,9,6,3,1,1,0
S01009739,Solid fuel (for example wood coal) central heating,4,1,3,3,0,3,1,1,0,0,0,0
S01009739,Other central heating,2,0,2,2,0,2,0,0,0,0,0,0
S01009739,Two or more types of central heating,29,1,28,29,1,28,0,0,0,0,0,0
S01009740,All people in households,541,106,435,439,37,402,78,46,32,24,23,1
S01009740,No central heating,3,2,1,1,1,0,2,1,1,0,0,0
S01009740,Gas central heating,399,64,335,333,20,313,49,28,21,17,16,1
S01009740,Electric (including storage heaters) central heating,99,33,66,71,13,58,24,16,8,4,4,0
S01009740,Oil central heating,15,5,10,12,2,10,1,1,0,2,2,0
S01009740,Solid fuel (for example wood coal) central heating,4,0,4,4,0,4,0,0,0,0,0,0
S01009740,Other central heating,3,0,3,3,0,3,0,0,0,0,0,0
S01009740,Two or more types of central heating,18,2,16,15,1,14,2,0,2,1,1,0
S01009741,All people in households,583,50,533,552,25,527,23,17,6,8,8,0
S01009741,No central heating,0,0,0,0,0,0,0,0,0,0,0,0
S01009741,Gas central heating,517,33,484,501,22,479,13,8,5,3,3,0
S01009741,Electric (including storage heaters) central heating,43,15,28,30,2,28,8,8,0,5,5,0
S01009741,Oil central heating,9,1,8,9,1,8,0,0,0,0,0,0
S01009741,Solid fuel (for example wood coal) central heating,0,0,0,0,0,0,0,0,0,0,0,0
S01009741,Other central heating,0,0,0,0,0,0,0,0,0,0,0,0
S01009741,Two or more types of central heating,14,1,13,12,0,12,2,1,1,0,0,0
S01009742,All people in households,495,66,429,441,29,412,45,29,16,9,8,1
S01009742,No central heating,12,2,10,11,1,10,1,1,0,0,0,0
S01009742,Gas central heating,197,34,163,170,11,159,21,17,4,6,6,0
S01009742,Electric (including storage heaters) central heating,38,1,37,37,1,36,1,0,1,0,0,0
S01009742,Oil central heating,174,23,151,154,12,142,18,10,8,2,1,1
S01009742,Solid fuel (for example wood coal) central heating,15,2,13,10,0,10,4,1,3,1,1,0
S01009742,Other central heating,44,3,41,44,3,41,0,0,0,0,0,0
S01009742,Two or more types of central heating,15,1,14,15,1,14,0,0,0,0,0,0
S01009743,All people in households,946,153,793,825,61,764,98,70,28,23,22,1
S01009743,No central heating,10,2,8,7,0,7,3,2,1,0,0,0
S01009743,Gas central heating,652,95,557,571,38,533,67,44,23,14,13,1
S01009743,Electric (including storage heaters) central heating,73,28,45,56,13,43,14,12,2,3,3,0
S01009743,Oil central heating,157,20,137,141,6,135,11,9,2,5,5,0
S01009743,Solid fuel (for example wood coal) central heating,18,4,14,16,2,14,1,1,0,1,1,0
S01009743,Other central heating,14,2,12,14,2,12,0,0,0,0,0,0
S01009743,Two or more types of central heating,22,2,20,20,0,20,2,2,0,0,0,0
S01009744,All people in households,698,114,584,598,43,555,79,53,26,21,18,3
S01009744,No central heating,3,2,1,2,1,1,0,0,0,1,1,0
S01009744,Gas central heating,460,72,388,401,29,372,47,31,16,12,12,0
S01009744,Electric (including storage heaters) central heating,64,19,45,44,6,38,13,9,4,7,4,3
S01009744,Oil central heating,103,9,94,96,5,91,6,3,3,1,1,0
S01009744,Solid fuel (for example wood coal) central heating,6,2,4,4,0,4,2,2,0,0,0,0
S01009744,Other central heating,35,3,32,30,0,30,5,3,2,0,0,0
S01009744,Two or more types of central heating,27,7,20,21,2,19,6,5,1,0,0,0
S01009745,All people in households,1078,160,918,948,70,878,104,67,37,26,23,3
S01009745,No central heating,10,4,6,5,0,5,3,2,1,2,2,0
S01009745,Gas central heating,891,123,768,789,53,736,84,54,30,18,16,2
S01009745,Electric (including storage heaters) central heating,95,17,78,84,10,74,8,5,3,3,2,1
S01009745,Oil central heating,49,11,38,39,4,35,9,6,3,1,1,0
S01009745,Solid fuel (for example wood coal) central heating,6,2,4,5,1,4,0,0,0,1,1,0
S01009745,Other central heating,6,0,6,6,0,6,0,0,0,0,0,0
S01009745,Two or more types of central heating,21,3,18,20,2,18,0,0,0,1,1,0
S01009746,All people in households,557,82,475,491,36,455,48,30,18,18,16,2
S01009746,No central heating,21,2,19,17,1,16,2,0,2,2,1,1
S01009746,Gas central heating,95,26,69,77,10,67,11,9,2,7,7,0
S01009746,Electric (including storage heaters) central heating,43,8,35,37,3,34,5,5,0,1,0,1
S01009746,Oil central heating,298,37,261,264,16,248,29,16,13,5,5,0
S01009746,Solid fuel (for example wood coal) central heating,14,3,11,12,1,11,0,0,0,2,2,0
S01009746,Other central heating,28,2,26,26,1,25,1,0,1,1,1,0
S01009746,Two or more types of central heating,58,4,54,58,4,54,0,0,0,0,0,0
S01009747,All people in households,656,140,516,532,48,484,92,62,30,32,30,2
S01009747,No central heating,10,0,10,8,0,8,2,0,2,0,0,0
S01009747,Gas central heating,540,118,422,434,39,395,80,55,25,26,24,2
S01009747,Electric (including storage heaters) central heating,84,19,65,69,7,62,9,6,3,6,6,0
S01009747,Oil central heating,0,0,0,0,0,0,0,0,0,0,0,0
S01009747,Solid fuel (for example wood coal) central heating,2,1,1,1,0,1,1,1,0,0,0,0
S01009747,Other central heating,1,0,1,1,0,1,0,0,0,0,0,0
S01009747,Two or more types of central heating,19,2,17,19,2,17,0,0,0,0,0,0
S01009748,All people in households,703,124,579,584,40,544,81,46,35,38,38,0
S01009748,No central heating,4,2,2,2,0,2,2,2,0,0,0,0
S01009748,Gas central heating,674,116,558,565,39,526,73,41,32,36,36,0
S01009748,Electric (including storage heaters) central heating,16,5,11,9,1,8,6,3,3,1,1,0
S01009748,Oil central heating,2,0,2,2,0,2,0,0,0,0,0,0
S01009748,Solid fuel (for example wood coal) central heating,0,0,0,0,0,0,0,0,0,0,0,0
S01009748,Other central heating,3,0,3,3,0,3,0,0,0,0,0,0
S01009748,Two or more types of central heating,4,1,3,3,0,3,0,0,0,1,1,0
S01009749,All people in households,954,175,779,813,60,753,99,75,24,42,40,2
S01009749,No central heating,11,2,9,9,0,9,1,1,0,1,1,0
S01009749,Gas central heating,880,160,720,749,54,695,94,71,23,37,35,2
S01009749,Electric (including storage heaters) central heating,30,6,24,26,3,23,2,1,1,2,2,0
S01009749,Oil central heating,6,2,4,6,2,4,0,0,0,0,0,0
S01009749,Solid fuel (for example wood coal) central heating,0,0,0,0,0,0,0,0,0,0,0,0
S01009749,Other central heating,9,3,6,6,0,6,2,2,0,1,1,0
S01009749,Two or more types of central heating,18,2,16,17,1,16,0,0,0,1,1,0
S01009750,All people in households,679,142,537,551,49,502,95,61,34,33,32,1
S01009750,No central heating,5,2,3,4,1,3,1,1,0,0,0,0
S01009750,Gas central heating,627,133,494,507,45,462,87,56,31,33,32,1
S01009750,Electric (including storage heaters) central heating,31,6,25,25,2,23,6,4,2,0,0,0
S01009750,Oil central heating,5,0,5,5,0,5,0,0,0,0,0,0
S01009750,Solid fuel (for example wood coal) central heating,2,1,1,2,1,1,0,0,0,0,0,0
S01009750,Other central heating,0,0,0,0,0,0,0,0,0,0,0,0
S01009750,Two or more types of central heating,9,0,9,8,0,8,1,0,1,0,0,0
S01009751,All people in households,778,151,627,639,58,581,100,56,44,39,37,2
S01009751,No central heating,5,2,3,4,1,3,1,1,0,0,0,0
S01009751,Gas central heating,733,137,596,605,52,553,91,50,41,37,35,2
S01009751,Electric (including storage heaters) central heating,24,7,17,18,3,15,5,3,2,1,1,0
S01009751,Oil central heating,1,0,1,1,0,1,0,0,0,0,0,0
S01009751,Solid fuel (for example wood coal) central heating,3,1,2,2,0,2,0,0,0,1,1,0
S01009751,Other central heating,0,0,0,0,0,0,0,0,0,0,0,0
S01009751,Two or more types of central heating,12,4,8,9,2,7,3,2,1,0,0,0
S01009752,All people in households,596,78,518,525,28,497,58,39,19,13,11,2
S01009752,No central heating,3,2,1,1,0,1,2,2,0,0,0,0
S01009752,Gas central heating,533,55,478,480,20,460,42,26,16,11,9,2
S01009752,Electric (including storage heaters) central heating,37,16,21,26,6,20,9,8,1,2,2,0
S01009752,Oil central heating,13,2,11,12,2,10,1,0,1,0,0,0
S01009752,Solid fuel (for example wood coal) central heating,2,2,0,0,0,0,2,2,0,0,0,0
S01009752,Other central heating,0,0,0,0,0,0,0,0,0,0,0,0
S01009752,Two or more types of central heating,8,1,7,6,0,6,2,1,1,0,0,0
S01009753,All people in households,694,152,542,570,59,511,101,70,31,23,23,0
S01009753,No central heating,8,3,5,5,0,5,3,3,0,0,0,0
S01009753,Gas central heating,581,104,477,498,44,454,71,48,23,12,12,0
S01009753,Electric (including storage heaters) central heating,80,39,41,47,12,35,23,17,6,10,10,0
S01009753,Oil central heating,14,3,11,11,1,10,2,1,1,1,1,0
S01009753,Solid fuel (for example wood coal) central heating,1,1,0,0,0,0,1,1,0,0,0,0
S01009753,Other central heating,0,0,0,0,0,0,0,0,0,0,0,0
S01009753,Two or more types of central heating,10,2,8,9,2,7,1,0,1,0,0,0
S01009754,All people in households,804,139,665,704,57,647,73,55,18,27,27,0
S01009754,No central heating,20,2,18,16,0,16,3,1,2,1,1,0
S01009754,Gas central heating,718,122,596,633,52,581,64,49,15,21,21,0
S01009754,Electric (including storage heaters) central heating,28,7,21,23,2,21,4,4,0,1,1,0
S01009754,Oil central heating,13,3,10,12,2,10,0,0,0,1,1,0
S01009754,Solid fuel (for example wood coal) central heating,2,2,0,0,0,0,1,1,0,1,1,0
S01009754,Other central heating,2,0,2,2,0,2,0,0,0,0,0,0
S01009754,Two or more types of central heating,21,3,18,18,1,17,1,0,1,2,2,0
S01009755,All people in households,660,103,557,581,35,546,59,49,10,20,19,1
S01009755,No central heating,4,2,2,2,0,2,1,1,0,1,1,0
S01009755,Gas central heating,610,94,516,541,35,506,52,43,9,17,16,1
S01009755,Electric (including storage heaters) central heating,19,5,14,13,0,13,5,4,1,1,1,0
S01009755,Oil central heating,14,0,14,14,0,14,0,0,0,0,0,0
S01009755,Solid fuel (for example wood coal) central heating,1,1,0,0,0,0,0,0,0,1,1,0
S01009755,Other central heating,5,0,5,5,0,5,0,0,0,0,0,0
S01009755,Two or more types of central heating,7,1,6,6,0,6,1,1,0,0,0,0
S01009756,All people in households,740,98,642,661,39,622,53,34,19,26,25,1
S01009756,No central heating,4,1,3,3,1,2,1,0,1,0,0,0
S01009756,Gas central heating,708,92,616,635,37,598,50,33,17,23,22,1
S01009756,Electric (including storage heaters) central heating,10,2,8,8,0,8,1,1,0,1,1,0
S01009756,Oil central heating,1,1,0,0,0,0,0,0,0,1,1,0
S01009756,Solid fuel (for example wood coal) central heating,4,0,4,4,0,4,0,0,0,0,0,0
S01009756,Other central heating,1,0,1,0,0,0,1,0,1,0,0,0
S01009756,Two or more types of central heating,12,2,10,11,1,10,0,0,0,1,1,0
S01009757,All people in households,665,100,565,604,49,555,45,35,10,16,16,0
S01009757,No central heating,0,0,0,0,0,0,0,0,0,0,0,0
S01009757,Gas central heating,646,94,552,589,47,542,41,31,10,16,16,0
S01009757,Electric (including storage heaters) central heating,11,3,8,10,2,8,1,1,0,0,0,0
S01009757,Oil central heating,0,0,0,0,0,0,0,0,0,0,0,0
S01009757,Solid fuel (for example wood coal) central heating,0,0,0,0,0,0,0,0,0,0,0,0
S01009757,Other central heating,0,0,0,0,0,0,0,0,0,0,0,0
S01009757,Two or more types of central heating,8,3,5,5,0,5,3,3,0,0,0,0
S01009758,All people in households,547,89,458,459,28,431,65,38,27,23,23,0
S01009758,No central heating,43,10,33,31,3,28,9,4,5,3,3,0
S01009758,Gas central heating,475,75,400,403,23,380,52,32,20,20,20,0
S01009758,Electric (including storage heaters) central heating,25,4,21,21,2,19,4,2,2,0,0,0
S01009758,Oil central heating,0,0,0,0,0,0,0,0,0,0,0,0
S01009758,Solid fuel (for example wood coal) central heating,0,0,0,0,0,0,0,0,0,0,0,0
S01009758,Other central heating,0,0,0,0,0,0,0,0,0,0,0,0
S01009758,Two or more types of central heating,4,0,4,4,0,4,0,0,0,0,0,0
S01009759,All people in households,927,155,772,738,38,700,128,61,67,61,56,5
S01009759,No central heating,29,3,26,23,0,23,4,2,2,2,1,1
S01009759,Gas central heating,643,99,544,523,26,497,79,34,45,41,39,2
S01009759,Electric (including storage heaters) central heating,207,50,157,149,10,139,41,24,17,17,16,1
S01009759,Oil central heating,0,0,0,0,0,0,0,0,0,0,0,0
S01009759,Solid fuel (for example wood coal) central heating,0,0,0,0,0,0,0,0,0,0,0,0
S01009759,Other central heating,7,0,7,7,0,7,0,0,0,0,0,0
S01009759,Two or more types of central heating,41,3,38,36,2,34,4,1,3,1,0,1
S01009760,All people in households,893,222,671,667,50,617,138,86,52,88,86,2
S01009760,No central heating,8,3,5,6,1,5,1,1,0,1,1,0
S01009760,Gas central heating,821,194,627,616,40,576,125,76,49,80,78,2
S01009760,Electric (including storage heaters) central heating,23,10,13,16,5,11,4,2,2,3,3,0
S01009760,Oil central heating,0,0,0,0,0,0,0,0,0,0,0,0
S01009760,Solid fuel (for example wood coal) central heating,0,0,0,0,0,0,0,0,0,0,0,0
S01009760,Other central heating,7,3,4,5,1,4,1,1,0,1,1,0
S01009760,Two or more types of central heating,34,12,22,24,3,21,7,6,1,3,3,0
S01009761,All people in households,910,148,762,757,48,709,107,60,47,46,40,6
S01009761,No central heating,24,2,22,18,0,18,4,1,3,2,1,1
S01009761,Gas central heating,810,130,680,680,44,636,90,50,40,40,36,4
S01009761,Electric (including storage heaters) central heating,39,12,27,29,4,25,8,6,2,2,2,0
S01009761,Oil central heating,0,0,0,0,0,0,0,0,0,0,0,0
S01009761,Solid fuel (for example wood coal) central heating,0,0,0,0,0,0,0,0,0,0,0,0
S01009761,Other central heating,12,1,11,10,0,10,1,0,1,1,1,0
S01009761,Two or more types of central heating,25,3,22,20,0,20,4,3,1,1,0,1
S01009762,All people in households,921,212,709,699,36,663,127,85,42,95,91,4
S01009762,No central heating,6,1,5,6,1,5,0,0,0,0,0,0
S01009762,Gas central heating,841,195,646,637,30,607,117,78,39,87,87,0
S01009762,Electric (including storage heaters) central heating,34,9,25,25,2,23,6,4,2,3,3,0
S01009762,Oil central heating,0,0,0,0,0,0,0,0,0,0,0,0
S01009762,Solid fuel (for example wood coal) central heating,0,0,0,0,0,0,0,0,0,0,0,0
S01009762,Other central heating,2,0,2,2,0,2,0,0,0,0,0,0
S01009762,Two or more types of central heating,38,7,31,29,3,26,4,3,1,5,1,4
S01009763,All people in households,772,66,706,704,22,682,48,24,24,20,20,0
S01009763,No central heating,9,3,6,6,0,6,0,0,0,3,3,0
S01009763,Gas central heating,723,61,662,662,22,640,45,23,22,16,16,0
S01009763,Electric (including storage heaters) central heating,26,2,24,24,0,24,1,1,0,1,1,0
S01009763,Oil central heating,0,0,0,0,0,0,0,0,0,0,0,0
S01009763,Solid fuel (for example wood coal) central heating,0,0,0,0,0,0,0,0,0,0,0,0
S01009763,Other central heating,0,0,0,0,0,0,0,0,0,0,0,0
S01009763,Two or more types of central heating,14,0,14,12,0,12,2,0,2,0,0,0
S01009764,All people in households,674,125,549,536,30,506,85,43,42,53,52,1
S01009764,No central heating,7,2,5,5,0,5,1,1,0,1,1,0
S01009764,Gas central heating,449,56,393,387,19,368,45,21,24,17,16,1
S01009764,Electric (including storage heaters) central heating,202,64,138,131,11,120,39,21,18,32,32,0
S01009764,Oil central heating,0,0,0,0,0,0,0,0,0,0,0,0
S01009764,Solid fuel (for example wood coal) central heating,1,1,0,0,0,0,0,0,0,1,1,0
S01009764,Other central heating,9,2,7,7,0,7,0,0,0,2,2,0
S01009764,Two or more types of central heating,6,0,6,6,0,6,0,0,0,0,0,0
S01009765,All people in households,970,176,794,794,38,756,110,73,37,66,65,1
S01009765,No central heating,17,3,14,14,1,13,1,0,1,2,2,0
S01009765,Gas central heating,829,133,696,699,34,665,82,52,30,48,47,1
S01009765,Electric (including storage heaters) central heating,112,36,76,73,3,70,24,18,6,15,15,0
S01009765,Oil central heating,1,0,1,1,0,1,0,0,0,0,0,0
S01009765,Solid fuel (for example wood coal) central heating,0,0,0,0,0,0,0,0,0,0,0,0
S01009765,Other central heating,4,4,0,0,0,0,3,3,0,1,1,0
S01009765,Two or more types of central heating,7,0,7,7,0,7,0,0,0,0,0,0
S01009766,All people in households,563,68,495,500,29,471,51,27,24,12,12,0
S01009766,No central heating,23,2,21,17,1,16,6,1,5,0,0,0
S01009766,Gas central heating,493,54,439,442,22,420,41,22,19,10,10,0
S01009766,Electric (including storage heaters) central heating,34,8,26,31,5,26,1,1,0,2,2,0
S01009766,Oil central heating,0,0,0,0,0,0,0,0,0,0,0,0
S01009766,Solid fuel (for example wood coal) central heating,2,1,1,1,0,1,1,1,0,0,0,0
S01009766,Other central heating,2,1,1,1,0,1,1,1,0,0,0,0
S01009766,Two or more types of central heating,9,2,7,8,1,7,1,1,0,0,0,0
S01009767,All people in households,509,133,376,366,23,343,79,48,31,64,62,2
S01009767,No central heating,3,1,2,2,0,2,0,0,0,1,1,0
S01009767,Gas central heating,466,116,350,344,22,322,69,43,26,53,51,2
S01009767,Electric (including storage heaters) central heating,8,5,3,0,0,0,6,3,3,2,2,0
S01009767,Oil central heating,0,0,0,0,0,0,0,0,0,0,0,0
S01009767,Solid fuel (for example wood coal) central heating,1,1,0,0,0,0,0,0,0,1,1,0
S01009767,Other central heating,0,0,0,0,0,0,0,0,0,0,0,0
S01009767,Two or more types of central heating,31,10,21,20,1,19,4,2,2,7,7,0
S01009768,All people in households,610,109,501,483,22,461,83,44,39,44,43,1
S01009768,No central heating,6,0,6,5,0,5,1,0,1,0,0,0
S01009768,Gas central heating,565,99,466,450,21,429,76,40,36,39,38,1
S01009768,Electric (including storage heaters) central heating,13,4,9,9,1,8,2,1,1,2,2,0
S01009768,Oil central heating,0,0,0,0,0,0,0,0,0,0,0,0
S01009768,Solid fuel (for example wood coal) central heating,0,0,0,0,0,0,0,0,0,0,0,0
S01009768,Other central heating,4,1,3,3,0,3,1,1,0,0,0,0
S01009768,Two or more types of central heating,22,5,17,16,0,16,3,2,1,3,3,0
S01009769,All people in households,606,55,551,554,15,539,42,31,11,10,9,1
S01009769,No central heating,12,3,9,10,1,9,1,1,0,1,1,0
S01009769,Gas central heating,559,50,509,511,13,498,39,29,10,9,8,1
S01009769,Electric (including storage heaters) central heating,24,2,22,22,1,21,2,1,1,0,0,0
S01009769,Oil central heating,0,0,0,0,0,0,0,0,0,0,0,0
S01009769,Solid fuel (for example wood coal) central heating,0,0,0,0,0,0,0,0,0,0,0,0
S01009769,Other central heating,2,0,2,2,0,2,0,0,0,0,0,0
S01009769,Two or more types of central heating,9,0,9,9,0,9,0,0,0,0,0,0
S01009770,All people in households,711,104,607,603,28,575,73,41,32,35,35,0
S01009770,No central heating,3,0,3,3,0,3,0,0,0,0,0,0
S01009770,Gas central heating,652,93,559,551,24,527,71,39,32,30,30,0
S01009770,Electric (including storage heaters) central heating,26,9,17,21,4,17,2,2,0,3,3,0
S01009770,Oil central heating,0,0,0,0,0,0,0,0,0,0,0,0
S01009770,Solid fuel (for example wood coal) central heating,0,0,0,0,0,0,0,0,0,0,0,0
S01009770,Other central heating,18,2,16,16,0,16,0,0,0,2,2,0
S01009770,Two or more types of central heating,12,0,12,12,0,12,0,0,0,0,0,0
S01009771,All people in households,888,114,774,770,29,741,74,42,32,44,43,1
S01009771,No central heating,1,1,0,0,0,0,0,0,0,1,1,0
S01009771,Gas central heating,818,103,715,710,25,685,67,38,29,41,40,1
S01009771,Electric (including storage heaters) central heating,25,3,22,20,0,20,4,2,2,1,1,0
S01009771,Oil central heating,0,0,0,0,0,0,0,0,0,0,0,0
S01009771,Solid fuel (for example wood coal) central heating,0,0,0,0,0,0,0,0,0,0,0,0
S01009771,Other central heating,26,2,24,26,2,24,0,0,0,0,0,0
S01009771,Two or more types of central heating,18,5,13,14,2,12,3,2,1,1,1,0
S01009772,All people in households,635,84,551,556,28,528,66,43,23,13,13,0
S01009772,No central heating,33,1,32,30,0,30,2,0,2,1,1,0
S01009772,Gas central heating,541,75,466,473,26,447,59,40,19,9,9,0
S01009772,Electric (including storage heaters) central heating,52,7,45,46,2,44,4,3,1,2,2,0
S01009772,Oil central heating,2,1,1,1,0,1,0,0,0,1,1,0
S01009772,Solid fuel (for example wood coal) central heating,0,0,0,0,0,0,0,0,0,0,0,0
S01009772,Other central heating,4,0,4,4,0,4,0,0,0,0,0,0
S01009772,Two or more types of central heating,3,0,3,2,0,2,1,0,1,0,0,0
S01009773,All people in households,629,52,577,575,18,557,36,17,19,18,17,1
S01009773,No central heating,3,0,3,3,0,3,0,0,0,0,0,0
S01009773,Gas central heating,578,44,534,532,15,517,31,15,16,15,14,1
S01009773,Electric (including storage heaters) central heating,13,2,11,10,0,10,2,1,1,1,1,0
S01009773,Oil central heating,0,0,0,0,0,0,0,0,0,0,0,0
S01009773,Solid fuel (for example wood coal) central heating,0,0,0,0,0,0,0,0,0,0,0,0
S01009773,Other central heating,9,3,6,6,1,5,2,1,1,1,1,0
S01009773,Two or more types of central heating,26,3,23,24,2,22,1,0,1,1,1,0
S01009774,All people in households,563,43,520,513,16,497,39,17,22,11,10,1
S01009774,No central heating,10,1,9,8,0,8,1,0,1,1,1,0
S01009774,Gas central heating,533,40,493,487,15,472,37,17,20,9,8,1
S01009774,Electric (including storage heaters) central heating,15,2,13,13,1,12,1,0,1,1,1,0
S01009774,Oil central heating,0,0,0,0,0,0,0,0,0,0,0,0
S01009774,Solid fuel (for example wood coal) central heating,0,0,0,0,0,0,0,0,0,0,0,0
S01009774,Other central heating,0,0,0,0,0,0,0,0,0,0,0,0
S01009774,Two or more types of central heating,5,0,5,5,0,5,0,0,0,0,0,0
S01009775,All people in households,797,277,520,527,53,474,148,109,39,122,115,7
S01009775,No central heating,10,2,8,6,0,6,2,2,0,2,0,2
S01009775,Gas central heating,758,259,499,508,52,456,136,98,38,114,109,5
S01009775,Electric (including storage heaters) central heating,4,1,3,3,0,3,0,0,0,1,1,0
S01009775,Oil central heating,0,0,0,0,0,0,0,0,0,0,0,0
S01009775,Solid fuel (for example wood coal) central heating,0,0,0,0,0,0,0,0,0,0,0,0
S01009775,Other central heating,4,4,0,0,0,0,3,3,0,1,1,0
S01009775,Two or more types of central heating,21,11,10,10,1,9,7,6,1,4,4,0
S01009776,All people in households,659,161,498,500,31,469,103,75,28,56,55,1
S01009776,No central heating,7,3,4,4,1,3,2,1,1,1,1,0
S01009776,Gas central heating,616,145,471,473,28,445,94,68,26,49,49,0
S01009776,Electric (including storage heaters) central heating,18,6,12,13,2,11,3,2,1,2,2,0
S01009776,Oil central heating,0,0,0,0,0,0,0,0,0,0,0,0
S01009776,Solid fuel (for example wood coal) central heating,0,0,0,0,0,0,0,0,0,0,0,0
S01009776,Other central heating,3,2,1,1,0,1,1,1,0,1,1,0
S01009776,Two or more types of central heating,15,5,10,9,0,9,3,3,0,3,2,1
S01009777,All people in households,482,119,363,352,23,329,81,47,34,49,49,0
S01009777,No central heating,67,15,52,56,4,52,3,3,0,8,8,0
S01009777,Gas central heating,243,69,174,171,10,161,43,30,13,29,29,0
S01009777,Electric (including storage heaters) central heating,154,33,121,113,9,104,30,13,17,11,11,0
S01009777,Oil central heating,3,2,1,1,0,1,1,1,0,1,1,0
S01009777,Solid fuel (for example wood coal) central heating,0,0,0,0,0,0,0,0,0,0,0,0
S01009777,Other central heating,1,0,1,1,0,1,0,0,0,0,0,0
S01009777,Two or more types of central heating,14,0,14,10,0,10,4,0,4,0,0,0
S01009778,All people in households,822,304,518,494,52,442,200,126,74,128,126,2
S01009778,No central heating,6,2,4,4,0,4,0,0,0,2,2,0
S01009778,Gas central heating,760,280,480,456,50,406,188,116,72,116,114,2
S01009778,Electric (including storage heaters) central heating,43,12,31,29,0,29,9,7,2,5,5,0
S01009778,Oil central heating,0,0,0,0,0,0,0,0,0,0,0,0
S01009778,Solid fuel (for example wood coal) central heating,0,0,0,0,0,0,0,0,0,0,0,0
S01009778,Other central heating,1,1,0,0,0,0,1,1,0,0,0,0
S01009778,Two or more types of central heating,12,9,3,5,2,3,2,2,0,5,5,0
S01009779,All people in households,551,173,378,383,33,350,91,66,25,77,74,3
S01009779,No central heating,10,2,8,7,0,7,2,1,1,1,1,0
S01009779,Gas central heating,445,121,324,327,25,302,65,46,19,53,50,3
S01009779,Electric (including storage heaters) central heating,67,41,26,28,6,22,18,14,4,21,21,0
S01009779,Oil central heating,0,0,0,0,0,0,0,0,0,0,0,0
S01009779,Solid fuel (for example wood coal) central heating,0,0,0,0,0,0,0,0,0,0,0,0
S01009779,Other central heating,3,1,2,2,0,2,0,0,0,1,1,0
S01009779,Two or more types of central heating,26,8,18,19,2,17,6,5,1,1,1,0
S01009780,All people in households,608,138,470,456,33,423,75,30,45,77,75,2
S01009780,No central heating,0,0,0,0,0,0,0,0,0,0,0,0
S01009780,Gas central heating,554,124,430,418,29,389,68,28,40,68,67,1
S01009780,Electric (including storage heaters) central heating,20,5,15,14,2,12,3,0,3,3,3,0
S01009780,Oil central heating,0,0,0,0,0,0,0,0,0,0,0,0
S01009780,Solid fuel (for example wood coal) central heating,0,0,0,0,0,0,0,0,0,0,0,0
S01009780,Other central heating,0,0,0,0,0,0,0,0,0,0,0,0
S01009780,Two or more types of central heating,34,9,25,24,2,22,4,2,2,6,5,1
S01009781,All people in households,548,168,380,378,41,337,108,70,38,62,57,5
S01009781,No central heating,4,1,3,4,1,3,0,0,0,0,0,0
S01009781,Gas central heating,508,157,351,349,38,311,102,65,37,57,54,3
S01009781,Electric (including storage heaters) central heating,13,4,9,10,1,9,1,1,0,2,2,0
S01009781,Oil central heating,0,0,0,0,0,0,0,0,0,0,0,0
S01009781,Solid fuel (for example wood coal) central heating,0,0,0,0,0,0,0,0,0,0,0,0
S01009781,Other central heating,0,0,0,0,0,0,0,0,0,0,0,0
S01009781,Two or more types of central heating,23,6,17,15,1,14,5,4,1,3,1,2
S01009782,All people in households,556,83,473,476,26,450,53,30,23,27,27,0
S01009782,No central heating,2,0,2,2,0,2,0,0,0,0,0,0
S01009782,Gas central heating,522,81,441,447,25,422,49,30,19,26,26,0
S01009782,Electric (including storage heaters) central heating,23,1,22,20,1,19,3,0,3,0,0,0
S01009782,Oil central heating,0,0,0,0,0,0,0,0,0,0,0,0
S01009782,Solid fuel (for example wood coal) central heating,0,0,0,0,0,0,0,0,0,0,0,0
S01009782,Other central heating,3,0,3,3,0,3,0,0,0,0,0,0
S01009782,Two or more types of central heating,6,1,5,4,0,4,1,0,1,1,1,0
S01009783,All people in households,741,167,574,573,36,537,98,64,34,70,67,3
S01009783,No central heating,7,1,6,6,1,5,1,0,1,0,0,0
S01009783,Gas central heating,679,152,527,523,30,493,94,63,31,62,59,3
S01009783,Electric (including storage heaters) central heating,26,3,23,25,3,22,1,0,1,0,0,0
S01009783,Oil central heating,0,0,0,0,0,0,0,0,0,0,0,0
S01009783,Solid fuel (for example wood coal) central heating,0,0,0,0,0,0,0,0,0,0,0,0
S01009783,Other central heating,4,0,4,4,0,4,0,0,0,0,0,0
S01009783,Two or more types of central heating,25,11,14,15,2,13,2,1,1,8,8,0
S01009784,All people in households,749,214,535,521,43,478,146,94,52,82,77,5
S01009784,No central heating,9,3,6,6,0,6,1,1,0,2,2,0
S01009784,Gas central heating,715,198,517,501,40,461,142,91,51,72,67,5
S01009784,Electric (including storage heaters) central heating,7,3,4,5,1,4,0,0,0,2,2,0
S01009784,Oil central heating,0,0,0,0,0,0,0,0,0,0,0,0
S01009784,Solid fuel (for example wood coal) central heating,0,0,0,0,0,0,0,0,0,0,0,0
S01009784,Other central heating,0,0,0,0,0,0,0,0,0,0,0,0
S01009784,Two or more types of central heating,18,10,8,9,2,7,3,2,1,6,6,0
S01009785,All people in households,801,235,566,563,48,515,136,87,49,102,100,2
S01009785,No central heating,7,3,4,3,0,3,3,2,1,1,1,0
S01009785,Gas central heating,731,216,515,515,46,469,127,83,44,89,87,2
S01009785,Electric (including storage heaters) central heating,31,8,23,22,1,21,4,2,2,5,5,0
S01009785,Oil central heating,0,0,0,0,0,0,0,0,0,0,0,0
S01009785,Solid fuel (for example wood coal) central heating,2,2,0,0,0,0,0,0,0,2,2,0
S01009785,Other central heating,1,0,1,1,0,1,0,0,0,0,0,0
S01009785,Two or more types of central heating,29,6,23,22,1,21,2,0,2,5,5,0
S01009786,All people in households,925,208,717,695,42,653,145,85,60,85,81,4
S01009786,No central heating,29,7,22,19,0,19,6,3,3,4,4,0
S01009786,Gas central heating,671,137,534,527,34,493,90,52,38,54,51,3
S01009786,Electric (including storage heaters) central heating,208,62,146,137,8,129,44,28,16,27,26,1
S01009786,Oil central heating,1,0,1,0,0,0,1,0,1,0,0,0
S01009786,Solid fuel (for example wood coal) central heating,0,0,0,0,0,0,0,0,0,0,0,0
S01009786,Other central heating,1,1,0,0,0,0,1,1,0,0,0,0
S01009786,Two or more types of central heating,15,1,14,12,0,12,3,1,2,0,0,0
S01009787,All people in households,867,289,578,574,56,518,179,120,59,114,113,1
S01009787,No central heating,8,1,7,6,0,6,2,1,1,0,0,0
S01009787,Gas central heating,821,280,541,543,55,488,168,115,53,110,110,0
S01009787,Electric (including storage heaters) central heating,26,5,21,18,1,17,6,2,4,2,2,0
S01009787,Oil central heating,0,0,0,0,0,0,0,0,0,0,0,0
S01009787,Solid fuel (for example wood coal) central heating,0,0,0,0,0,0,0,0,0,0,0,0
S01009787,Other central heating,0,0,0,0,0,0,0,0,0,0,0,0
S01009787,Two or more types of central heating,12,3,9,7,0,7,3,2,1,2,1,1
S01009788,All people in households,832,285,547,567,71,496,174,125,49,91,89,2
S01009788,No central heating,23,10,13,12,1,11,7,5,2,4,4,0
S01009788,Gas central heating,763,260,503,520,63,457,158,114,44,85,83,2
S01009788,Electric (including storage heaters) central heating,36,11,25,28,6,22,7,4,3,1,1,0
S01009788,Oil central heating,1,0,1,1,0,1,0,0,0,0,0,0
S01009788,Solid fuel (for example wood coal) central heating,0,0,0,0,0,0,0,0,0,0,0,0
S01009788,Other central heating,0,0,0,0,0,0,0,0,0,0,0,0
S01009788,Two or more types of central heating,9,4,5,6,1,5,2,2,0,1,1,0
S01009789,All people in households,896,258,638,646,58,588,157,111,46,93,89,4
S01009789,No central heating,16,2,14,14,0,14,2,2,0,0,0,0
S01009789,Gas central heating,844,240,604,610,50,560,142,102,40,92,88,4
S01009789,Electric (including storage heaters) central heating,21,12,9,10,5,5,10,6,4,1,1,0
S01009789,Oil central heating,0,0,0,0,0,0,0,0,0,0,0,0
S01009789,Solid fuel (for example wood coal) central heating,0,0,0,0,0,0,0,0,0,0,0,0
S01009789,Other central heating,0,0,0,0,0,0,0,0,0,0,0,0
S01009789,Two or more types of central heating,15,4,11,12,3,9,3,1,2,0,0,0
S01009790,All people in households,629,167,462,461,40,421,101,61,40,67,66,1
S01009790,No central heating,12,7,5,6,1,5,4,4,0,2,2,0
S01009790,Gas central heating,595,155,440,441,39,402,92,55,37,62,61,1
S01009790,Electric (including storage heaters) central heating,9,2,7,5,0,5,4,2,2,0,0,0
S01009790,Oil central heating,0,0,0,0,0,0,0,0,0,0,0,0
S01009790,Solid fuel (for example wood coal) central heating,0,0,0,0,0,0,0,0,0,0,0,0
S01009790,Other central heating,0,0,0,0,0,0,0,0,0,0,0,0
S01009790,Two or more types of central heating,13,3,10,9,0,9,1,0,1,3,3,0
S01009791,All people in households,661,185,476,483,44,439,107,74,33,71,67,4
S01009791,No central heating,8,4,4,5,2,3,1,1,0,2,1,1
S01009791,Gas central heating,593,167,426,438,39,399,93,69,24,62,59,3
S01009791,Electric (including storage heaters) central heating,44,9,35,31,2,29,9,3,6,4,4,0
S01009791,Oil central heating,0,0,0,0,0,0,0,0,0,0,0,0
S01009791,Solid fuel (for example wood coal) central heating,0,0,0,0,0,0,0,0,0,0,0,0
S01009791,Other central heating,0,0,0,0,0,0,0,0,0,0,0,0
S01009791,Two or more types of central heating,16,5,11,9,1,8,4,1,3,3,3,0
S01009792,All people in households,958,92,866,869,35,834,62,32,30,27,25,2
S01009792,No central heating,12,1,11,9,0,9,2,0,2,1,1,0
S01009792,Gas central heating,889,86,803,811,33,778,54,31,23,24,22,2
S01009792,Electric (including storage heaters) central heating,10,0,10,8,0,8,2,0,2,0,0,0
S01009792,Oil central heating,0,0,0,0,0,0,0,0,0,0,0,0
S01009792,Solid fuel (for example wood coal) central heating,0,0,0,0,0,0,0,0,0,0,0,0
S01009792,Other central heating,0,0,0,0,0,0,0,0,0,0,0,0
S01009792,Two or more types of central heating,47,5,42,41,2,39,4,1,3,2,2,0
S01009793,All people in households,885,202,683,697,56,641,131,91,40,57,55,2
S01009793,No central heating,10,4,6,7,2,5,0,0,0,3,2,1
S01009793,Gas central heating,853,189,664,675,52,623,126,86,40,52,51,1
S01009793,Electric (including storage heaters) central heating,17,8,9,10,1,9,5,5,0,2,2,0
S01009793,Oil central heating,0,0,0,0,0,0,0,0,0,0,0,0
S01009793,Solid fuel (for example wood coal) central heating,0,0,0,0,0,0,0,0,0,0,0,0
S01009793,Other central heating,0,0,0,0,0,0,0,0,0,0,0,0
S01009793,Two or more types of central heating,5,1,4,5,1,4,0,0,0,0,0,0
S01009794,All people in households,516,49,467,481,22,459,22,14,8,13,13,0
S01009794,No central heating,0,0,0,0,0,0,0,0,0,0,0,0
S01009794,Gas central heating,504,49,455,469,22,447,22,14,8,13,13,0
S01009794,Electric (including storage heaters) central heating,6,0,6,6,0,6,0,0,0,0,0,0
S01009794,Oil central heating,0,0,0,0,0,0,0,0,0,0,0,0
S01009794,Solid fuel (for example wood coal) central heating,0,0,0,0,0,0,0,0,0,0,0,0
S01009794,Other central heating,3,0,3,3,0,3,0,0,0,0,0,0
S01009794,Two or more types of central heating,3,0,3,3,0,3,0,0,0,0,0,0
S01009795,All people in households,842,79,763,769,26,743,53,33,20,20,20,0
S01009795,No central heating,2,1,1,1,0,1,0,0,0,1,1,0
S01009795,Gas central heating,800,75,725,729,24,705,53,33,20,18,18,0
S01009795,Electric (including storage heaters) central heating,20,3,17,19,2,17,0,0,0,1,1,0
S01009795,Oil central heating,0,0,0,0,0,0,0,0,0,0,0,0
S01009795,Solid fuel (for example wood coal) central heating,0,0,0,0,0,0,0,0,0,0,0,0
S01009795,Other central heating,2,0,2,2,0,2,0,0,0,0,0,0
S01009795,Two or more types of central heating,18,0,18,18,0,18,0,0,0,0,0,0
S01009796,All people in households,768,139,629,641,45,596,92,59,33,35,35,0
S01009796,No central heating,12,7,5,6,2,4,4,3,1,2,2,0
S01009796,Gas central heating,661,90,571,582,36,546,58,33,25,21,21,0
S01009796,Electric (including storage heaters) central heating,74,42,32,33,7,26,29,23,6,12,12,0
S01009796,Oil central heating,0,0,0,0,0,0,0,0,0,0,0,0
S01009796,Solid fuel (for example wood coal) central heating,0,0,0,0,0,0,0,0,0,0,0,0
S01009796,Other central heating,5,0,5,5,0,5,0,0,0,0,0,0
S01009796,Two or more types of central heating,16,0,16,15,0,15,1,0,1,0,0,0
S01009797,All people in households,776,105,671,663,24,639,84,53,31,29,28,1
S01009797,No central heating,5,0,5,5,0,5,0,0,0,0,0,0
S01009797,Gas central heating,726,98,628,623,23,600,74,47,27,29,28,1
S01009797,Electric (including storage heaters) central heating,29,5,24,21,1,20,8,4,4,0,0,0
S01009797,Oil central heating,0,0,0,0,0,0,0,0,0,0,0,0
S01009797,Solid fuel (for example wood coal) central heating,0,0,0,0,0,0,0,0,0,0,0,0
S01009797,Other central heating,3,0,3,3,0,3,0,0,0,0,0,0
S01009797,Two or more types of central heating,13,2,11,11,0,11,2,2,0,0,0,0
S01009798,All people in households,722,73,649,668,33,635,40,26,14,14,14,0
S01009798,No central heating,2,1,1,0,0,0,1,0,1,1,1,0
S01009798,Gas central heating,695,71,624,646,33,613,37,26,11,12,12,0
S01009798,Electric (including storage heaters) central heating,13,0,13,12,0,12,1,0,1,0,0,0
S01009798,Oil central heating,0,0,0,0,0,0,0,0,0,0,0,0
S01009798,Solid fuel (for example wood coal) central heating,0,0,0,0,0,0,0,0,0,0,0,0
S01009798,Other central heating,0,0,0,0,0,0,0,0,0,0,0,0
S01009798,Two or more types of central heating,12,1,11,10,0,10,1,0,1,1,1,0
S01009799,All people in households,834,246,588,579,42,537,145,99,46,110,105,5
S01009799,No central heating,4,1,3,3,0,3,1,1,0,0,0,0
S01009799,Gas central heating,754,213,541,528,38,490,132,86,46,94,89,5
S01009799,Electric (including storage heaters) central heating,52,21,31,33,2,31,8,8,0,11,11,0
S01009799,Oil central heating,0,0,0,0,0,0,0,0,0,0,0,0
S01009799,Solid fuel (for example wood coal) central heating,1,1,0,0,0,0,1,1,0,0,0,0
S01009799,Other central heating,0,0,0,0,0,0,0,0,0,0,0,0
S01009799,Two or more types of central heating,23,10,13,15,2,13,3,3,0,5,5,0
S01009800,All people in households,1107,258,849,863,70,793,143,94,49,101,94,7
S01009800,No central heating,18,5,13,14,1,13,1,1,0,3,3,0
S01009800,Gas central heating,1007,236,771,785,65,720,132,87,45,90,84,6
S01009800,Electric (including storage heaters) central heating,37,7,30,30,3,27,4,1,3,3,3,0
S01009800,Oil central heating,0,0,0,0,0,0,0,0,0,0,0,0
S01009800,Solid fuel (for example wood coal) central heating,0,0,0,0,0,0,0,0,0,0,0,0
S01009800,Other central heating,3,0,3,3,0,3,0,0,0,0,0,0
S01009800,Two or more types of central heating,42,10,32,31,1,30,6,5,1,5,4,1
S01009801,All people in households,894,223,671,672,58,614,117,69,48,105,96,9
S01009801,No central heating,8,1,7,7,1,6,1,0,1,0,0,0
S01009801,Gas central heating,850,213,637,638,56,582,113,67,46,99,90,9
S01009801,Electric (including storage heaters) central heating,19,6,13,14,1,13,2,2,0,3,3,0
S01009801,Oil central heating,0,0,0,0,0,0,0,0,0,0,0,0
S01009801,Solid fuel (for example wood coal) central heating,0,0,0,0,0,0,0,0,0,0,0,0
S01009801,Other central heating,2,0,2,2,0,2,0,0,0,0,0,0
S01009801,Two or more types of central heating,15,3,12,11,0,11,1,0,1,3,3,0
S01009802,All people in households,1022,213,809,840,67,773,123,90,33,59,56,3
S01009802,No central heating,3,1,2,2,0,2,0,0,0,1,1,0
S01009802,Gas central heating,929,188,741,774,65,709,107,76,31,48,47,1
S01009802,Electric (including storage heaters) central heating,49,14,35,34,0,34,11,10,1,4,4,0
S01009802,Oil central heating,0,0,0,0,0,0,0,0,0,0,0,0
S01009802,Solid fuel (for example wood coal) central heating,0,0,0,0,0,0,0,0,0,0,0,0
S01009802,Other central heating,4,2,2,4,2,2,0,0,0,0,0,0
S01009802,Two or more types of central heating,37,8,29,26,0,26,5,4,1,6,4,2
S01009803,All people in households,801,209,592,601,49,552,124,87,37,76,73,3
S01009803,No central heating,21,11,10,10,3,7,6,4,2,5,4,1
S01009803,Gas central heating,708,162,546,553,38,515,97,68,29,58,56,2
S01009803,Electric (including storage heaters) central heating,32,17,15,15,2,13,9,7,2,8,8,0
S01009803,Oil central heating,2,1,1,0,0,0,2,1,1,0,0,0
S01009803,Solid fuel (for example wood coal) central heating,5,1,4,3,0,3,1,0,1,1,1,0
S01009803,Other central heating,6,5,1,2,1,1,2,2,0,2,2,0
S01009803,Two or more types of central heating,27,12,15,18,5,13,7,5,2,2,2,0
S01009804,All people in households,385,42,343,337,10,327,33,19,14,15,13,2
S01009804,No central heating,1,0,1,1,0,1,0,0,0,0,0,0
S01009804,Gas central heating,327,30,297,293,10,283,25,13,12,9,7,2
S01009804,Electric (including storage heaters) central heating,35,12,23,21,0,21,8,6,2,6,6,0
S01009804,Oil central heating,0,0,0,0,0,0,0,0,0,0,0,0
S01009804,Solid fuel (for example wood coal) central heating,0,0,0,0,0,0,0,0,0,0,0,0
S01009804,Other central heating,2,0,2,2,0,2,0,0,0,0,0,0
S01009804,Two or more types of central heating,20,0,20,20,0,20,0,0,0,0,0,0
S01009805,All people in households,956,231,725,718,44,674,146,96,50,92,91,1
S01009805,No central heating,14,4,10,12,2,10,2,2,0,0,0,0
S01009805,Gas central heating,882,217,665,659,42,617,136,89,47,87,86,1
S01009805,Electric (including storage heaters) central heating,11,2,9,8,0,8,1,0,1,2,2,0
S01009805,Oil central heating,0,0,0,0,0,0,0,0,0,0,0,0
S01009805,Solid fuel (for example wood coal) central heating,0,0,0,0,0,0,0,0,0,0,0,0
S01009805,Other central heating,8,4,4,4,0,4,1,1,0,3,3,0
S01009805,Two or more types of central heating,41,4,37,35,0,35,6,4,2,0,0,0
S01009806,All people in households,828,231,597,621,63,558,122,85,37,85,83,2
S01009806,No central heating,25,5,20,20,2,18,3,1,2,2,2,0
S01009806,Gas central heating,660,156,504,521,44,477,84,58,26,55,54,1
S01009806,Electric (including storage heaters) central heating,112,61,51,57,14,43,31,24,7,24,23,1
S01009806,Oil central heating,1,1,0,0,0,0,0,0,0,1,1,0
S01009806,Solid fuel (for example wood coal) central heating,2,1,1,1,0,1,0,0,0,1,1,0
S01009806,Other central heating,17,4,13,14,2,12,2,1,1,1,1,0
S01009806,Two or more types of central heating,11,3,8,8,1,7,2,1,1,1,1,0
S01009807,All people in households,1008,215,793,784,53,731,140,82,58,84,80,4
S01009807,No central heating,31,6,25,22,2,20,8,3,5,1,1,0
S01009807,Gas central heating,703,114,589,591,36,555,76,42,34,36,36,0
S01009807,Electric (including storage heaters) central heating,264,95,169,163,15,148,54,37,17,47,43,4
S01009807,Oil central heating,0,0,0,0,0,0,0,0,0,0,0,0
S01009807,Solid fuel (for example wood coal) central heating,0,0,0,0,0,0,0,0,0,0,0,0
S01009807,Other central heating,6,0,6,5,0,5,1,0,1,0,0,0
S01009807,Two or more types of central heating,4,0,4,3,0,3,1,0,1,0,0,0
S01009808,All people in households,889,142,747,734,30,704,99,59,40,56,53,3
S01009808,No central heating,51,6,45,41,0,41,5,1,4,5,5,0
S01009808,Gas central heating,376,61,315,317,16,301,43,29,14,16,16,0
S01009808,Electric (including storage heaters) central heating,435,73,362,355,14,341,46,28,18,34,31,3
S01009808,Oil central heating,0,0,0,0,0,0,0,0,0,0,0,0
S01009808,Solid fuel (for example wood coal) central heating,0,0,0,0,0,0,0,0,0,0,0,0
S01009808,Other central heating,0,0,0,0,0,0,0,0,0,0,0,0
S01009808,Two or more types of central heating,27,2,25,21,0,21,5,1,4,1,1,0
S01009809,All people in households,685,148,537,537,37,500,100,66,34,48,45,3
S01009809,No central heating,33,9,24,25,3,22,6,4,2,2,2,0
S01009809,Gas central heating,583,113,470,466,28,438,83,53,30,34,32,2
S01009809,Electric (including storage heaters) central heating,43,16,27,30,5,25,7,6,1,6,5,1
S01009809,Oil central heating,0,0,0,0,0,0,0,0,0,0,0,0
S01009809,Solid fuel (for example wood coal) central heating,0,0,0,0,0,0,0,0,0,0,0,0
S01009809,Other central heating,1,1,0,0,0,0,1,1,0,0,0,0
S01009809,Two or more types of central heating,25,9,16,16,1,15,3,2,1,6,6,0
S01009810,All people in households,855,233,622,619,44,575,146,102,44,90,87,3
S01009810,No central heating,15,5,10,11,1,10,2,2,0,2,2,0
S01009810,Gas central heating,437,105,332,336,24,312,60,40,20,41,41,0
S01009810,Electric (including storage heaters) central heating,385,119,266,259,19,240,81,58,23,45,42,3
S01009810,Oil central heating,4,3,1,1,0,1,2,2,0,1,1,0
S01009810,Solid fuel (for example wood coal) central heating,0,0,0,0,0,0,0,0,0,0,0,0
S01009810,Other central heating,10,1,9,9,0,9,0,0,0,1,1,0
S01009810,Two or more types of central heating,4,0,4,3,0,3,1,0,1,0,0,0
S01009811,All people in households,1048,356,692,712,76,636,190,141,49,146,139,7
S01009811,No central heating,27,13,14,15,3,12,7,6,1,5,4,1
S01009811,Gas central heating,863,267,596,615,59,556,138,104,34,110,104,6
S01009811,Electric (including storage heaters) central heating,144,71,73,73,14,59,43,29,14,28,28,0
S01009811,Oil central heating,0,0,0,0,0,0,0,0,0,0,0,0
S01009811,Solid fuel (for example wood coal) central heating,0,0,0,0,0,0,0,0,0,0,0,0
S01009811,Other central heating,1,1,0,0,0,0,0,0,0,1,1,0
S01009811,Two or more types of central heating,13,4,9,9,0,9,2,2,0,2,2,0
S01009812,All people in households,744,218,526,544,53,491,114,83,31,86,82,4
S01009812,No central heating,4,2,2,2,1,1,2,1,1,0,0,0
S01009812,Gas central heating,611,169,442,453,39,414,89,64,25,69,66,3
S01009812,Electric (including storage heaters) central heating,116,44,72,77,11,66,23,18,5,16,15,1
S01009812,Oil central heating,0,0,0,0,0,0,0,0,0,0,0,0
S01009812,Solid fuel (for example wood coal) central heating,1,1,0,0,0,0,0,0,0,1,1,0
S01009812,Other central heating,5,1,4,5,1,4,0,0,0,0,0,0
S01009812,Two or more types of central heating,7,1,6,7,1,6,0,0,0,0,0,0
S01009813,All people in households,769,225,544,563,66,497,143,97,46,63,62,1
S01009813,No central heating,22,5,17,17,1,16,3,2,1,2,2,0
S01009813,Gas central heating,284,65,219,230,24,206,39,26,13,15,15,0
S01009813,Electric (including storage heaters) central heating,278,114,164,168,28,140,74,51,23,36,35,1
S01009813,Oil central heating,57,8,49,47,1,46,8,5,3,2,2,0
S01009813,Solid fuel (for example wood coal) central heating,2,0,2,2,0,2,0,0,0,0,0,0
S01009813,Other central heating,114,30,84,90,11,79,17,12,5,7,7,0
S01009813,Two or more types of central heating,12,3,9,9,1,8,2,1,1,1,1,0
S01009814,All people in households,840,197,643,668,60,608,114,80,34,58,57,1
S01009814,No central heating,23,5,18,18,1,17,1,1,0,4,3,1
S01009814,Gas central heating,696,153,543,566,48,518,84,59,25,46,46,0
S01009814,Electric (including storage heaters) central heating,69,30,39,40,8,32,22,15,7,7,7,0
S01009814,Oil central heating,10,1,9,8,0,8,1,0,1,1,1,0
S01009814,Solid fuel (for example wood coal) central heating,0,0,0,0,0,0,0,0,0,0,0,0
S01009814,Other central heating,27,5,22,23,2,21,4,3,1,0,0,0
S01009814,Two or more types of central heating,15,3,12,13,1,12,2,2,0,0,0,0
S01009815,All people in households,710,143,567,577,43,534,89,57,32,44,43,1
S01009815,No central heating,12,3,9,7,0,7,2,1,1,3,2,1
S01009815,Gas central heating,632,114,518,530,40,490,75,47,28,27,27,0
S01009815,Electric (including storage heaters) central heating,51,21,30,30,3,27,10,7,3,11,11,0
S01009815,Oil central heating,1,0,1,1,0,1,0,0,0,0,0,0
S01009815,Solid fuel (for example wood coal) central heating,3,1,2,2,0,2,1,1,0,0,0,0
S01009815,Other central heating,0,0,0,0,0,0,0,0,0,0,0,0
S01009815,Two or more types of central heating,11,4,7,7,0,7,1,1,0,3,3,0
S01009816,All people in households,705,111,594,588,26,562,83,52,31,34,33,1
S01009816,No central heating,27,3,24,23,0,23,2,1,1,2,2,0
S01009816,Gas central heating,591,98,493,491,23,468,72,47,25,28,28,0
S01009816,Electric (including storage heaters) central heating,66,8,58,56,3,53,9,4,5,1,1,0
S01009816,Oil central heating,0,0,0,0,0,0,0,0,0,0,0,0
S01009816,Solid fuel (for example wood coal) central heating,2,0,2,2,0,2,0,0,0,0,0,0
S01009816,Other central heating,7,1,6,5,0,5,0,0,0,2,1,1
S01009816,Two or more types of central heating,12,1,11,11,0,11,0,0,0,1,1,0
S01009817,All people in households,690,196,494,512,44,468,120,94,26,58,58,0
S01009817,No central heating,13,3,10,11,1,10,0,0,0,2,2,0
S01009817,Gas central heating,635,173,462,480,42,438,108,84,24,47,47,0
S01009817,Electric (including storage heaters) central heating,21,10,11,11,1,10,5,4,1,5,5,0
S01009817,Oil central heating,0,0,0,0,0,0,0,0,0,0,0,0
S01009817,Solid fuel (for example wood coal) central heating,0,0,0,0,0,0,0,0,0,0,0,0
S01009817,Other central heating,4,2,2,2,0,2,2,2,0,0,0,0
S01009817,Two or more types of central heating,17,8,9,8,0,8,5,4,1,4,4,0
S01009818,All people in households,926,207,719,755,64,691,126,99,27,45,44,1
S01009818,No central heating,7,4,3,3,0,3,3,3,0,1,1,0
S01009818,Gas central heating,877,189,688,720,60,660,115,88,27,42,41,1
S01009818,Electric (including storage heaters) central heating,32,11,21,24,3,21,6,6,0,2,2,0
S01009818,Oil central heating,1,0,1,1,0,1,0,0,0,0,0,0
S01009818,Solid fuel (for example wood coal) central heating,2,1,1,2,1,1,0,0,0,0,0,0
S01009818,Other central heating,1,1,0,0,0,0,1,1,0,0,0,0
S01009818,Two or more types of central heating,6,1,5,5,0,5,1,1,0,0,0,0
S01009819,All people in households,619,159,460,478,41,437,83,62,21,58,56,2
S01009819,No central heating,10,7,3,5,2,3,3,3,0,2,2,0
S01009819,Gas central heating,550,124,426,446,38,408,63,46,17,41,40,1
S01009819,Electric (including storage heaters) central heating,43,25,18,14,0,14,16,13,3,13,12,1
S01009819,Oil central heating,0,0,0,0,0,0,0,0,0,0,0,0
S01009819,Solid fuel (for example wood coal) central heating,0,0,0,0,0,0,0,0,0,0,0,0
S01009819,Other central heating,3,0,3,2,0,2,1,0,1,0,0,0
S01009819,Two or more types of central heating,13,3,10,11,1,10,0,0,0,2,2,0
S01009820,All people in households,958,245,713,749,65,684,123,95,28,86,85,1
S01009820,No central heating,17,3,14,15,1,14,0,0,0,2,2,0
S01009820,Gas central heating,828,195,633,668,57,611,93,71,22,67,67,0
S01009820,Electric (including storage heaters) central heating,89,40,49,49,6,43,25,20,5,15,14,1
S01009820,Oil central heating,2,2,0,1,1,0,0,0,0,1,1,0
S01009820,Solid fuel (for example wood coal) central heating,0,0,0,0,0,0,0,0,0,0,0,0
S01009820,Other central heating,5,0,5,4,0,4,1,0,1,0,0,0
S01009820,Two or more types of central heating,17,5,12,12,0,12,4,4,0,1,1,0
S01009821,All people in households,662,108,554,557,30,527,82,55,27,23,23,0
S01009821,No central heating,12,3,9,9,0,9,2,2,0,1,1,0
S01009821,Gas central heating,617,96,521,526,29,497,72,48,24,19,19,0
S01009821,Electric (including storage heaters) central heating,12,4,8,7,0,7,3,2,1,2,2,0
S01009821,Oil central heating,1,1,0,0,0,0,1,1,0,0,0,0
S01009821,Solid fuel (for example wood coal) central heating,0,0,0,0,0,0,0,0,0,0,0,0
S01009821,Other central heating,0,0,0,0,0,0,0,0,0,0,0,0
S01009821,Two or more types of central heating,20,4,16,15,1,14,4,2,2,1,1,0
S01009822,All people in households,479,96,383,393,26,367,58,43,15,28,27,1
S01009822,No central heating,15,5,10,12,2,10,3,3,0,0,0,0
S01009822,Gas central heating,452,90,362,371,24,347,53,39,14,28,27,1
S01009822,Electric (including storage heaters) central heating,7,1,6,6,0,6,1,1,0,0,0,0
S01009822,Oil central heating,0,0,0,0,0,0,0,0,0,0,0,0
S01009822,Solid fuel (for example wood coal) central heating,0,0,0,0,0,0,0,0,0,0,0,0
S01009822,Other central heating,0,0,0,0,0,0,0,0,0,0,0,0
S01009822,Two or more types of central heating,5,0,5,4,0,4,1,0,1,0,0,0
S01009823,All people in households,680,197,483,507,53,454,100,74,26,73,70,3
S01009823,No central heating,8,7,1,3,2,1,5,5,0,0,0,0
S01009823,Gas central heating,641,183,458,477,47,430,92,67,25,72,69,3
S01009823,Electric (including storage heaters) central heating,15,2,13,14,1,13,0,0,0,1,1,0
S01009823,Oil central heating,0,0,0,0,0,0,0,0,0,0,0,0
S01009823,Solid fuel (for example wood coal) central heating,0,0,0,0,0,0,0,0,0,0,0,0
S01009823,Other central heating,3,0,3,3,0,3,0,0,0,0,0,0
S01009823,Two or more types of central heating,13,5,8,10,3,7,3,2,1,0,0,0
S01009824,All people in households,893,186,707,705,42,663,122,82,40,66,62,4
S01009824,No central heating,5,4,1,1,0,1,1,1,0,3,3,0
S01009824,Gas central heating,814,160,654,646,34,612,110,72,38,58,54,4
S01009824,Electric (including storage heaters) central heating,23,8,15,14,1,13,7,5,2,2,2,0
S01009824,Oil central heating,0,0,0,0,0,0,0,0,0,0,0,0
S01009824,Solid fuel (for example wood coal) central heating,0,0,0,0,0,0,0,0,0,0,0,0
S01009824,Other central heating,13,6,7,10,3,7,2,2,0,1,1,0
S01009824,Two or more types of central heating,38,8,30,34,4,30,2,2,0,2,2,0
S01009825,All people in households,1006,253,753,748,58,690,158,98,60,100,97,3
S01009825,No central heating,19,8,11,9,0,9,4,3,1,6,5,1
S01009825,Gas central heating,861,202,659,650,42,608,130,80,50,81,80,1
S01009825,Electric (including storage heaters) central heating,104,33,71,73,11,62,21,13,8,10,9,1
S01009825,Oil central heating,0,0,0,0,0,0,0,0,0,0,0,0
S01009825,Solid fuel (for example wood coal) central heating,0,0,0,0,0,0,0,0,0,0,0,0
S01009825,Other central heating,6,5,1,4,3,1,1,1,0,1,1,0
S01009825,Two or more types of central heating,16,5,11,12,2,10,2,1,1,2,2,0
S01009826,All people in households,582,159,423,433,40,393,93,64,29,56,55,1
S01009826,No central heating,6,4,2,4,2,2,0,0,0,2,2,0
S01009826,Gas central heating,517,144,373,382,37,345,85,58,27,50,49,1
S01009826,Electric (including storage heaters) central heating,25,5,20,18,0,18,5,3,2,2,2,0
S01009826,Oil central heating,0,0,0,0,0,0,0,0,0,0,0,0
S01009826,Solid fuel (for example wood coal) central heating,0,0,0,0,0,0,0,0,0,0,0,0
S01009826,Other central heating,11,0,11,11,0,11,0,0,0,0,0,0
S01009826,Two or more types of central heating,23,6,17,18,1,17,3,3,0,2,2,0
S01009827,All people in households,854,238,616,632,59,573,127,87,40,95,92,3
S01009827,No central heating,16,8,8,11,3,8,3,3,0,2,2,0
S01009827,Gas central heating,775,209,566,580,50,530,113,79,34,82,80,2
S01009827,Electric (including storage heaters) central heating,25,10,15,17,4,13,7,5,2,1,1,0
S01009827,Oil central heating,0,0,0,0,0,0,0,0,0,0,0,0
S01009827,Solid fuel (for example wood coal) central heating,0,0,0,0,0,0,0,0,0,0,0,0
S01009827,Other central heating,8,1,7,7,1,6,1,0,1,0,0,0
S01009827,Two or more types of central heating,30,10,20,17,1,16,3,0,3,10,9,1
S01009828,All people in households,767,284,483,464,43,421,182,128,54,121,113,8
S01009828,No central heating,32,6,26,26,3,23,3,2,1,3,1,2
S01009828,Gas central heating,397,121,276,274,22,252,73,50,23,50,49,1
S01009828,Electric (including storage heaters) central heating,315,151,164,147,17,130,101,72,29,67,62,5
S01009828,Oil central heating,0,0,0,0,0,0,0,0,0,0,0,0
S01009828,Solid fuel (for example wood coal) central heating,0,0,0,0,0,0,0,0,0,0,0,0
S01009828,Other central heating,1,1,0,0,0,0,0,0,0,1,1,0
S01009828,Two or more types of central heating,22,5,17,17,1,16,5,4,1,0,0,0
S01009829,All people in households,967,217,750,757,58,699,131,80,51,79,79,0
S01009829,No central heating,24,4,20,20,1,19,3,2,1,1,1,0
S01009829,Gas central heating,635,91,544,547,32,515,60,31,29,28,28,0
S01009829,Electric (including storage heaters) central heating,271,116,155,160,24,136,65,46,19,46,46,0
S01009829,Oil central heating,0,0,0,0,0,0,0,0,0,0,0,0
S01009829,Solid fuel (for example wood coal) central heating,0,0,0,0,0,0,0,0,0,0,0,0
S01009829,Other central heating,8,1,7,7,0,7,0,0,0,1,1,0
S01009829,Two or more types of central heating,29,5,24,23,1,22,3,1,2,3,3,0
S01009830,All people in households,770,153,617,614,41,573,109,65,44,47,47,0
S01009830,No central heating,24,8,16,18,4,14,6,4,2,0,0,0
S01009830,Gas central heating,709,133,576,573,36,537,93,54,39,43,43,0
S01009830,Electric (including storage heaters) central heating,17,4,13,12,0,12,5,4,1,0,0,0
S01009830,Oil central heating,0,0,0,0,0,0,0,0,0,0,0,0
S01009830,Solid fuel (for example wood coal) central heating,0,0,0,0,0,0,0,0,0,0,0,0
S01009830,Other central heating,0,0,0,0,0,0,0,0,0,0,0,0
S01009830,Two or more types of central heating,20,8,12,11,1,10,5,3,2,4,4,0
S01009831,All people in households,779,110,669,666,40,626,85,43,42,28,27,1
S01009831,No central heating,8,2,6,7,1,6,0,0,0,1,1,0
S01009831,Gas central heating,714,101,613,606,35,571,81,40,41,27,26,1
S01009831,Electric (including storage heaters) central heating,19,4,15,16,2,14,3,2,1,0,0,0
S01009831,Oil central heating,0,0,0,0,0,0,0,0,0,0,0,0
S01009831,Solid fuel (for example wood coal) central heating,0,0,0,0,0,0,0,0,0,0,0,0
S01009831,Other central heating,8,1,7,8,1,7,0,0,0,0,0,0
S01009831,Two or more types of central heating,30,2,28,29,1,28,1,1,0,0,0,0
S01009832,All people in households,1003,224,779,799,62,737,122,83,39,82,79,3
S01009832,No central heating,25,9,16,15,1,14,7,5,2,3,3,0
S01009832,Gas central heating,902,190,712,726,51,675,106,72,34,70,67,3
S01009832,Electric (including storage heaters) central heating,41,19,22,27,6,21,6,5,1,8,8,0
S01009832,Oil central heating,0,0,0,0,0,0,0,0,0,0,0,0
S01009832,Solid fuel (for example wood coal) central heating,0,0,0,0,0,0,0,0,0,0,0,0
S01009832,Other central heating,2,1,1,2,1,1,0,0,0,0,0,0
S01009832,Two or more types of central heating,33,5,28,29,3,26,3,1,2,1,1,0
S01009833,All people in households,525,105,420,430,29,401,66,48,18,29,28,1
S01009833,No central heating,18,5,13,12,1,11,4,2,2,2,2,0
S01009833,Gas central heating,452,95,357,366,25,341,59,44,15,27,26,1
S01009833,Electric (including storage heaters) central heating,46,4,42,43,2,41,3,2,1,0,0,0
S01009833,Oil central heating,2,1,1,2,1,1,0,0,0,0,0,0
S01009833,Solid fuel (for example wood coal) central heating,0,0,0,0,0,0,0,0,0,0,0,0
S01009833,Other central heating,4,0,4,4,0,4,0,0,0,0,0,0
S01009833,Two or more types of central heating,3,0,3,3,0,3,0,0,0,0,0,0
S01009834,All people in households,841,165,676,665,33,632,108,67,41,68,65,3
S01009834,No central heating,10,0,10,10,0,10,0,0,0,0,0,0
S01009834,Gas central heating,778,150,628,620,30,590,97,62,35,61,58,3
S01009834,Electric (including storage heaters) central heating,17,4,13,14,1,13,1,1,0,2,2,0
S01009834,Oil central heating,0,0,0,0,0,0,0,0,0,0,0,0
S01009834,Solid fuel (for example wood coal) central heating,0,0,0,0,0,0,0,0,0,0,0,0
S01009834,Other central heating,2,0,2,2,0,2,0,0,0,0,0,0
S01009834,Two or more types of central heating,34,11,23,19,2,17,10,4,6,5,5,0
S01009835,All people in households,526,156,370,375,30,345,82,57,25,69,69,0
S01009835,No central heating,13,3,10,11,1,10,0,0,0,2,2,0
S01009835,Gas central heating,397,118,279,282,23,259,71,51,20,44,44,0
S01009835,Electric (including storage heaters) central heating,92,27,65,66,5,61,10,6,4,16,16,0
S01009835,Oil central heating,0,0,0,0,0,0,0,0,0,0,0,0
S01009835,Solid fuel (for example wood coal) central heating,0,0,0,0,0,0,0,0,0,0,0,0
S01009835,Other central heating,1,1,0,0,0,0,0,0,0,1,1,0
S01009835,Two or more types of central heating,23,7,16,16,1,15,1,0,1,6,6,0
S01009836,All people in households,951,238,713,710,53,657,145,95,50,96,90,6
S01009836,No central heating,22,7,15,16,1,15,2,2,0,4,4,0
S01009836,Gas central heating,875,215,660,663,51,612,127,85,42,85,79,6
S01009836,Electric (including storage heaters) central heating,44,11,33,30,1,29,11,7,4,3,3,0
S01009836,Oil central heating,0,0,0,0,0,0,0,0,0,0,0,0
S01009836,Solid fuel (for example wood coal) central heating,0,0,0,0,0,0,0,0,0,0,0,0
S01009836,Other central heating,3,3,0,0,0,0,0,0,0,3,3,0
S01009836,Two or more types of central heating,7,2,5,1,0,1,5,1,4,1,1,0
S01009837,All people in households,652,219,433,439,48,391,123,84,39,90,87,3
S01009837,No central heating,24,7,17,19,2,17,3,3,0,2,2,0
S01009837,Gas central heating,400,111,289,284,21,263,73,49,24,43,41,2
S01009837,Electric (including storage heaters) central heating,203,94,109,117,23,94,45,31,14,41,40,1
S01009837,Oil central heating,0,0,0,0,0,0,0,0,0,0,0,0
S01009837,Solid fuel (for example wood coal) central heating,0,0,0,0,0,0,0,0,0,0,0,0
S01009837,Other central heating,5,3,2,4,2,2,0,0,0,1,1,0
S01009837,Two or more types of central heating,20,4,16,15,0,15,2,1,1,3,3,0
S01009838,All people in households,757,209,548,554,48,506,119,79,40,84,82,2
S01009838,No central heating,13,5,8,7,2,5,5,2,3,1,1,0
S01009838,Gas central heating,687,190,497,504,45,459,107,71,36,76,74,2
S01009838,Electric (including storage heaters) central heating,32,4,28,29,1,28,2,2,0,1,1,0
S01009838,Oil central heating,0,0,0,0,0,0,0,0,0,0,0,0
S01009838,Solid fuel (for example wood coal) central heating,0,0,0,0,0,0,0,0,0,0,0,0
S01009838,Other central heating,3,2,1,1,0,1,1,1,0,1,1,0
S01009838,Two or more types of central heating,22,8,14,13,0,13,4,3,1,5,5,0
S01009839,All people in households,974,213,761,748,44,704,154,100,54,72,69,3
S01009839,No central heating,43,7,36,36,3,33,4,1,3,3,3,0
S01009839,Gas central heating,835,182,653,641,36,605,138,92,46,56,54,2
S01009839,Electric (including storage heaters) central heating,47,14,33,32,3,29,8,5,3,7,6,1
S01009839,Oil central heating,0,0,0,0,0,0,0,0,0,0,0,0
S01009839,Solid fuel (for example wood coal) central heating,0,0,0,0,0,0,0,0,0,0,0,0
S01009839,Other central heating,2,1,1,1,0,1,0,0,0,1,1,0
S01009839,Two or more types of central heating,47,9,38,38,2,36,4,2,2,5,5,0
S01009840,All people in households,965,342,623,642,67,575,195,148,47,128,127,1
S01009840,No central heating,12,6,6,6,1,5,6,5,1,0,0,0
S01009840,Gas central heating,900,319,581,598,62,536,182,138,44,120,119,1
S01009840,Electric (including storage heaters) central heating,20,9,11,14,3,11,1,1,0,5,5,0
S01009840,Oil central heating,4,1,3,2,0,2,2,1,1,0,0,0
S01009840,Solid fuel (for example wood coal) central heating,0,0,0,0,0,0,0,0,0,0,0,0
S01009840,Other central heating,4,0,4,4,0,4,0,0,0,0,0,0
S01009840,Two or more types of central heating,25,7,18,18,1,17,4,3,1,3,3,0
S01009841,All people in households,759,166,593,574,30,544,119,70,49,66,66,0
S01009841,No central heating,33,9,24,21,0,21,8,5,3,4,4,0
S01009841,Gas central heating,593,130,463,453,26,427,90,54,36,50,50,0
S01009841,Electric (including storage heaters) central heating,98,18,80,75,3,72,16,8,8,7,7,0
S01009841,Oil central heating,0,0,0,0,0,0,0,0,0,0,0,0
S01009841,Solid fuel (for example wood coal) central heating,0,0,0,0,0,0,0,0,0,0,0,0
S01009841,Other central heating,4,3,1,1,0,1,1,1,0,2,2,0
S01009841,Two or more types of central heating,31,6,25,24,1,23,4,2,2,3,3,0
S01009842,All people in households,662,144,518,517,42,475,82,47,35,63,55,8
S01009842,No central heating,23,10,13,12,2,10,3,3,0,8,5,3
S01009842,Gas central heating,593,122,471,468,34,434,73,41,32,52,47,5
S01009842,Electric (including storage heaters) central heating,4,2,2,2,0,2,1,1,0,1,1,0
S01009842,Oil central heating,0,0,0,0,0,0,0,0,0,0,0,0
S01009842,Solid fuel (for example wood coal) central heating,0,0,0,0,0,0,0,0,0,0,0,0
S01009842,Other central heating,4,2,2,2,0,2,1,1,0,1,1,0
S01009842,Two or more types of central heating,38,8,30,33,6,27,4,1,3,1,1,0
S01009843,All people in households,640,199,441,441,42,399,105,65,40,94,92,2
S01009843,No central heating,5,2,3,3,0,3,1,1,0,1,1,0
S01009843,Gas central heating,563,168,395,400,40,360,89,55,34,74,73,1
S01009843,Electric (including storage heaters) central heating,21,5,16,14,1,13,3,0,3,4,4,0
S01009843,Oil central heating,0,0,0,0,0,0,0,0,0,0,0,0
S01009843,Solid fuel (for example wood coal) central heating,0,0,0,0,0,0,0,0,0,0,0,0
S01009843,Other central heating,0,0,0,0,0,0,0,0,0,0,0,0
S01009843,Two or more types of central heating,51,24,27,24,1,23,12,9,3,15,14,1
S01009844,All people in households,573,164,409,398,29,369,97,59,38,78,76,2
S01009844,No central heating,9,4,5,4,0,4,1,0,1,4,4,0
S01009844,Gas central heating,490,133,357,354,28,326,79,49,30,57,56,1
S01009844,Electric (including storage heaters) central heating,37,22,15,10,0,10,13,9,4,14,13,1
S01009844,Oil central heating,1,1,0,0,0,0,0,0,0,1,1,0
S01009844,Solid fuel (for example wood coal) central heating,0,0,0,0,0,0,0,0,0,0,0,0
S01009844,Other central heating,4,0,4,3,0,3,1,0,1,0,0,0
S01009844,Two or more types of central heating,32,4,28,27,1,26,3,1,2,2,2,0
S01009845,All people in households,744,157,587,577,46,531,98,44,54,69,67,2
S01009845,No central heating,38,7,31,28,2,26,9,4,5,1,1,0
S01009845,Gas central heating,608,131,477,471,38,433,78,35,43,59,58,1
S01009845,Electric (including storage heaters) central heating,70,10,60,57,2,55,7,2,5,6,6,0
S01009845,Oil central heating,0,0,0,0,0,0,0,0,0,0,0,0
S01009845,Solid fuel (for example wood coal) central heating,0,0,0,0,0,0,0,0,0,0,0,0
S01009845,Other central heating,3,2,1,2,1,1,0,0,0,1,1,0
S01009845,Two or more types of central heating,25,7,18,19,3,16,4,3,1,2,1,1
S01009846,All people in households,862,218,644,641,41,600,120,79,41,101,98,3
S01009846,No central heating,30,16,14,15,1,14,7,7,0,8,8,0
S01009846,Gas central heating,751,191,560,562,37,525,101,69,32,88,85,3
S01009846,Electric (including storage heaters) central heating,38,5,33,35,3,32,1,0,1,2,2,0
S01009846,Oil central heating,0,0,0,0,0,0,0,0,0,0,0,0
S01009846,Solid fuel (for example wood coal) central heating,0,0,0,0,0,0,0,0,0,0,0,0
S01009846,Other central heating,12,2,10,9,0,9,2,1,1,1,1,0
S01009846,Two or more types of central heating,31,4,27,20,0,20,9,2,7,2,2,0
S01009847,All people in households,582,126,456,464,34,430,86,60,26,32,32,0
S01009847,No central heating,13,4,9,10,1,9,0,0,0,3,3,0
S01009847,Gas central heating,529,116,413,421,31,390,80,57,23,28,28,0
S01009847,Electric (including storage heaters) central heating,13,1,12,10,0,10,3,1,2,0,0,0
S01009847,Oil central heating,0,0,0,0,0,0,0,0,0,0,0,0
S01009847,Solid fuel (for example wood coal) central heating,2,0,2,2,0,2,0,0,0,0,0,0
S01009847,Other central heating,4,0,4,4,0,4,0,0,0,0,0,0
S01009847,Two or more types of central heating,21,5,16,17,2,15,3,2,1,1,1,0
S01009848,All people in households,866,255,611,591,42,549,164,103,61,111,110,1
S01009848,No central heating,17,6,11,7,0,7,9,5,4,1,1,0
S01009848,Gas central heating,798,233,565,549,40,509,148,93,55,101,100,1
S01009848,Electric (including storage heaters) central heating,25,7,18,18,0,18,4,4,0,3,3,0
S01009848,Oil central heating,0,0,0,0,0,0,0,0,0,0,0,0
S01009848,Solid fuel (for example wood coal) central heating,0,0,0,0,0,0,0,0,0,0,0,0
S01009848,Other central heating,1,1,0,0,0,0,0,0,0,1,1,0
S01009848,Two or more types of central heating,25,8,17,17,2,15,3,1,2,5,5,0
S01009849,All people in households,734,261,473,477,54,423,151,107,44,106,100,6
S01009849,No central heating,21,7,14,15,2,13,2,1,1,4,4,0
S01009849,Gas central heating,643,227,416,417,44,373,130,93,37,96,90,6
S01009849,Electric (including storage heaters) central heating,47,21,26,29,8,21,15,10,5,3,3,0
S01009849,Oil central heating,0,0,0,0,0,0,0,0,0,0,0,0
S01009849,Solid fuel (for example wood coal) central heating,0,0,0,0,0,0,0,0,0,0,0,0
S01009849,Other central heating,0,0,0,0,0,0,0,0,0,0,0,0
S01009849,Two or more types of central heating,23,6,17,16,0,16,4,3,1,3,3,0
S01009850,All people in households,879,265,614,619,56,563,164,118,46,96,91,5
S01009850,No central heating,40,15,25,22,2,20,11,7,4,7,6,1
S01009850,Gas central heating,757,225,532,546,47,499,136,103,33,75,75,0
S01009850,Electric (including storage heaters) central heating,73,24,49,45,7,38,14,7,7,14,10,4
S01009850,Oil central heating,0,0,0,0,0,0,0,0,0,0,0,0
S01009850,Solid fuel (for example wood coal) central heating,1,0,1,1,0,1,0,0,0,0,0,0
S01009850,Other central heating,0,0,0,0,0,0,0,0,0,0,0,0
S01009850,Two or more types of central heating,8,1,7,5,0,5,3,1,2,0,0,0
S01009851,All people in households,824,292,532,550,64,486,165,121,44,109,107,2
S01009851,No central heating,22,10,12,14,4,10,5,3,2,3,3,0
S01009851,Gas central heating,687,219,468,487,53,434,120,86,34,80,80,0
S01009851,Electric (including storage heaters) central heating,101,57,44,42,6,36,35,29,6,24,22,2
S01009851,Oil central heating,0,0,0,0,0,0,0,0,0,0,0,0
S01009851,Solid fuel (for example wood coal) central heating,0,0,0,0,0,0,0,0,0,0,0,0
S01009851,Other central heating,1,0,1,0,0,0,1,0,1,0,0,0
S01009851,Two or more types of central heating,13,6,7,7,1,6,4,3,1,2,2,0
S01009852,All people in households,599,174,425,445,48,397,90,65,25,64,61,3
S01009852,No central heating,4,1,3,4,1,3,0,0,0,0,0,0
S01009852,Gas central heating,571,162,409,427,46,381,85,60,25,59,56,3
S01009852,Electric (including storage heaters) central heating,11,7,4,5,1,4,3,3,0,3,3,0
S01009852,Oil central heating,0,0,0,0,0,0,0,0,0,0,0,0
S01009852,Solid fuel (for example wood coal) central heating,0,0,0,0,0,0,0,0,0,0,0,0
S01009852,Other central heating,1,1,0,0,0,0,0,0,0,1,1,0
S01009852,Two or more types of central heating,12,3,9,9,0,9,2,2,0,1,1,0
S01009853,All people in households,876,216,660,655,46,609,134,88,46,87,82,5
S01009853,No central heating,8,4,4,4,0,4,0,0,0,4,4,0
S01009853,Gas central heating,820,191,629,623,42,581,123,80,43,74,69,5
S01009853,Electric (including storage heaters) central heating,30,16,14,14,2,12,9,7,2,7,7,0
S01009853,Oil central heating,0,0,0,0,0,0,0,0,0,0,0,0
S01009853,Solid fuel (for example wood coal) central heating,0,0,0,0,0,0,0,0,0,0,0,0
S01009853,Other central heating,6,0,6,6,0,6,0,0,0,0,0,0
S01009853,Two or more types of central heating,12,5,7,8,2,6,2,1,1,2,2,0
S01009854,All people in households,896,170,726,706,27,679,104,62,42,86,81,5
S01009854,No central heating,6,3,3,2,0,2,4,3,1,0,0,0
S01009854,Gas central heating,813,146,667,648,23,625,86,49,37,79,74,5
S01009854,Electric (including storage heaters) central heating,51,15,36,35,1,34,11,9,2,5,5,0
S01009854,Oil central heating,0,0,0,0,0,0,0,0,0,0,0,0
S01009854,Solid fuel (for example wood coal) central heating,0,0,0,0,0,0,0,0,0,0,0,0
S01009854,Other central heating,7,2,5,3,0,3,2,0,2,2,2,0
S01009854,Two or more types of central heating,19,4,15,18,3,15,1,1,0,0,0,0
S01009855,All people in households,572,141,431,455,43,412,59,43,16,58,55,3
S01009855,No central heating,4,2,2,3,1,2,1,1,0,0,0,0
S01009855,Gas central heating,543,131,412,439,40,399,51,39,12,53,52,1
S01009855,Electric (including storage heaters) central heating,12,5,7,5,1,4,4,1,3,3,3,0
S01009855,Oil central heating,1,1,0,0,0,0,1,1,0,0,0,0
S01009855,Solid fuel (for example wood coal) central heating,0,0,0,0,0,0,0,0,0,0,0,0
S01009855,Other central heating,0,0,0,0,0,0,0,0,0,0,0,0
S01009855,Two or more types of central heating,12,2,10,8,1,7,2,1,1,2,0,2
S01009856,All people in households,635,191,444,463,47,416,108,80,28,64,64,0
S01009856,No central heating,12,7,5,10,5,5,1,1,0,1,1,0
S01009856,Gas central heating,569,160,409,427,40,387,86,64,22,56,56,0
S01009856,Electric (including storage heaters) central heating,47,24,23,20,2,18,20,15,5,7,7,0
S01009856,Oil central heating,0,0,0,0,0,0,0,0,0,0,0,0
S01009856,Solid fuel (for example wood coal) central heating,0,0,0,0,0,0,0,0,0,0,0,0
S01009856,Other central heating,7,0,7,6,0,6,1,0,1,0,0,0
S01009856,Two or more types of central heating,0,0,0,0,0,0,0,0,0,0,0,0
S01009857,All people in households,907,251,656,689,59,630,138,114,24,80,78,2
S01009857,No central heating,12,3,9,8,0,8,2,1,1,2,2,0
S01009857,Gas central heating,842,231,611,645,57,588,122,101,21,75,73,2
S01009857,Electric (including storage heaters) central heating,19,8,11,11,0,11,6,6,0,2,2,0
S01009857,Oil central heating,0,0,0,0,0,0,0,0,0,0,0,0
S01009857,Solid fuel (for example wood coal) central heating,0,0,0,0,0,0,0,0,0,0,0,0
S01009857,Other central heating,2,0,2,0,0,0,2,0,2,0,0,0
S01009857,Two or more types of central heating,32,9,23,25,2,23,6,6,0,1,1,0
S01009858,All people in households,746,199,547,555,42,513,107,76,31,84,81,3
S01009858,No central heating,10,6,4,5,1,4,3,3,0,2,2,0
S01009858,Gas central heating,699,182,517,528,41,487,97,68,29,74,73,1
S01009858,Electric (including storage heaters) central heating,11,3,8,8,0,8,2,2,0,1,1,0
S01009858,Oil central heating,0,0,0,0,0,0,0,0,0,0,0,0
S01009858,Solid fuel (for example wood coal) central heating,0,0,0,0,0,0,0,0,0,0,0,0
S01009858,Other central heating,0,0,0,0,0,0,0,0,0,0,0,0
S01009858,Two or more types of central heating,26,8,18,14,0,14,5,3,2,7,5,2
S01009859,All people in households,1038,325,713,705,56,649,173,113,60,160,156,4
S01009859,No central heating,52,10,42,41,2,39,3,0,3,8,8,0
S01009859,Gas central heating,716,230,486,488,39,449,117,83,34,111,108,3
S01009859,Electric (including storage heaters) central heating,207,60,147,142,12,130,41,24,17,24,24,0
S01009859,Oil central heating,3,0,3,2,0,2,1,0,1,0,0,0
S01009859,Solid fuel (for example wood coal) central heating,0,0,0,0,0,0,0,0,0,0,0,0
S01009859,Other central heating,4,4,0,0,0,0,3,3,0,1,1,0
S01009859,Two or more types of central heating,56,21,35,32,3,29,8,3,5,16,15,1
S01009860,All people in households,920,317,603,597,52,545,164,110,54,159,155,4
S01009860,No central heating,47,11,36,37,4,33,6,3,3,4,4,0
S01009860,Gas central heating,271,82,189,186,10,176,46,33,13,39,39,0
S01009860,Electric (including storage heaters) central heating,569,208,361,354,33,321,108,72,36,107,103,4
S01009860,Oil central heating,5,5,0,0,0,0,2,2,0,3,3,0
S01009860,Solid fuel (for example wood coal) central heating,0,0,0,0,0,0,0,0,0,0,0,0
S01009860,Other central heating,1,1,0,0,0,0,0,0,0,1,1,0
S01009860,Two or more types of central heating,27,10,17,20,5,15,2,0,2,5,5,0
S01009861,All people in households,1024,246,778,773,54,719,151,94,57,100,98,2
S01009861,No central heating,56,16,40,37,2,35,13,8,5,6,6,0
S01009861,Gas central heating,681,148,533,546,37,509,75,51,24,60,60,0
S01009861,Electric (including storage heaters) central heating,229,69,160,149,13,136,53,30,23,27,26,1
S01009861,Oil central heating,0,0,0,0,0,0,0,0,0,0,0,0
S01009861,Solid fuel (for example wood coal) central heating,0,0,0,0,0,0,0,0,0,0,0,0
S01009861,Other central heating,1,1,0,0,0,0,0,0,0,1,1,0
S01009861,Two or more types of central heating,57,12,45,41,2,39,10,5,5,6,5,1
S01009862,All people in households,1007,252,755,745,55,690,151,89,62,111,108,3
S01009862,No central heating,54,12,42,43,2,41,4,3,1,7,7,0
S01009862,Gas central heating,743,183,560,549,38,511,110,63,47,84,82,2
S01009862,Electric (including storage heaters) central heating,157,34,123,119,7,112,25,15,10,13,12,1
S01009862,Oil central heating,2,0,2,2,0,2,0,0,0,0,0,0
S01009862,Solid fuel (for example wood coal) central heating,0,0,0,0,0,0,0,0,0,0,0,0
S01009862,Other central heating,5,5,0,4,4,0,1,1,0,0,0,0
S01009862,Two or more types of central heating,46,18,28,28,4,24,11,7,4,7,7,0
S01009863,All people in households,790,178,612,598,38,560,128,81,47,64,59,5
S01009863,No central heating,49,14,35,34,5,29,9,4,5,6,5,1
S01009863,Gas central heating,623,142,481,477,29,448,97,66,31,49,47,2
S01009863,Electric (including storage heaters) central heating,64,7,57,53,2,51,7,2,5,4,3,1
S01009863,Oil central heating,0,0,0,0,0,0,0,0,0,0,0,0
S01009863,Solid fuel (for example wood coal) central heating,0,0,0,0,0,0,0,0,0,0,0,0
S01009863,Other central heating,23,4,19,16,0,16,5,2,3,2,2,0
S01009863,Two or more types of central heating,31,11,20,18,2,16,10,7,3,3,2,1
S01009864,All people in households,594,138,456,471,44,427,82,56,26,41,38,3
S01009864,No central heating,21,7,14,15,1,14,4,4,0,2,2,0
S01009864,Gas central heating,488,100,388,401,36,365,63,42,21,24,22,2
S01009864,Electric (including storage heaters) central heating,60,26,34,34,6,28,12,7,5,14,13,1
S01009864,Oil central heating,0,0,0,0,0,0,0,0,0,0,0,0
S01009864,Solid fuel (for example wood coal) central heating,0,0,0,0,0,0,0,0,0,0,0,0
S01009864,Other central heating,0,0,0,0,0,0,0,0,0,0,0,0
S01009864,Two or more types of central heating,25,5,20,21,1,20,3,3,0,1,1,0
S01009865,All people in households,448,106,342,347,28,319,57,35,22,44,43,1
S01009865,No central heating,26,7,19,18,0,18,5,4,1,3,3,0
S01009865,Gas central heating,291,56,235,241,22,219,36,20,16,14,14,0
S01009865,Electric (including storage heaters) central heating,111,40,71,73,6,67,14,10,4,24,24,0
S01009865,Oil central heating,0,0,0,0,0,0,0,0,0,0,0,0
S01009865,Solid fuel (for example wood coal) central heating,1,0,1,0,0,0,0,0,0,1,0,1
S01009865,Other central heating,0,0,0,0,0,0,0,0,0,0,0,0
S01009865,Two or more types of central heating,19,3,16,15,0,15,2,1,1,2,2,0
S01009866,All people in households,882,202,680,682,51,631,122,78,44,78,73,5
S01009866,No central heating,20,4,16,14,1,13,3,0,3,3,3,0
S01009866,Gas central heating,678,161,517,520,39,481,100,68,32,58,54,4
S01009866,Electric (including storage heaters) central heating,144,24,120,122,9,113,12,6,6,10,9,1
S01009866,Oil central heating,0,0,0,0,0,0,0,0,0,0,0,0
S01009866,Solid fuel (for example wood coal) central heating,0,0,0,0,0,0,0,0,0,0,0,0
S01009866,Other central heating,14,5,9,9,1,8,2,1,1,3,3,0
S01009866,Two or more types of central heating,26,8,18,17,1,16,5,3,2,4,4,0
S01009867,All people in households,994,166,828,816,38,778,116,68,48,62,60,2
S01009867,No central heating,29,6,23,26,3,23,0,0,0,3,3,0
S01009867,Gas central heating,540,112,428,418,25,393,78,45,33,44,42,2
S01009867,Electric (including storage heaters) central heating,413,47,366,363,10,353,36,23,13,14,14,0
S01009867,Oil central heating,0,0,0,0,0,0,0,0,0,0,0,0
S01009867,Solid fuel (for example wood coal) central heating,0,0,0,0,0,0,0,0,0,0,0,0
S01009867,Other central heating,3,0,3,2,0,2,1,0,1,0,0,0
S01009867,Two or more types of central heating,9,1,8,7,0,7,1,0,1,1,1,0
S01009868,All people in households,644,69,575,556,13,543,60,28,32,28,28,0
S01009868,No central heating,61,9,52,49,2,47,9,4,5,3,3,0
S01009868,Gas central heating,316,36,280,270,6,264,32,16,16,14,14,0
S01009868,Electric (including storage heaters) central heating,238,20,218,214,5,209,15,6,9,9,9,0
S01009868,Oil central heating,0,0,0,0,0,0,0,0,0,0,0,0
S01009868,Solid fuel (for example wood coal) central heating,0,0,0,0,0,0,0,0,0,0,0,0
S01009868,Other central heating,0,0,0,0,0,0,0,0,0,0,0,0
S01009868,Two or more types of central heating,29,4,25,23,0,23,4,2,2,2,2,0
S01009869,All people in households,530,51,479,473,18,455,40,18,22,17,15,2
S01009869,No central heating,46,5,41,40,1,39,5,3,2,1,1,0
S01009869,Gas central heating,289,26,263,264,11,253,18,8,10,7,7,0
S01009869,Electric (including storage heaters) central heating,182,16,166,158,4,154,16,6,10,8,6,2
S01009869,Oil central heating,0,0,0,0,0,0,0,0,0,0,0,0
S01009869,Solid fuel (for example wood coal) central heating,0,0,0,0,0,0,0,0,0,0,0,0
S01009869,Other central heating,2,2,0,1,1,0,0,0,0,1,1,0
S01009869,Two or more types of central heating,11,2,9,10,1,9,1,1,0,0,0,0
S01009870,All people in households,599,91,508,488,21,467,73,33,40,38,37,1
S01009870,No central heating,52,8,44,47,4,43,4,3,1,1,1,0
S01009870,Gas central heating,407,62,345,325,10,315,53,24,29,29,28,1
S01009870,Electric (including storage heaters) central heating,102,9,93,87,3,84,11,2,9,4,4,0
S01009870,Oil central heating,0,0,0,0,0,0,0,0,0,0,0,0
S01009870,Solid fuel (for example wood coal) central heating,1,0,1,1,0,1,0,0,0,0,0,0
S01009870,Other central heating,11,2,9,9,1,8,1,0,1,1,1,0
S01009870,Two or more types of central heating,26,10,16,19,3,16,4,4,0,3,3,0
S01009871,All people in households,984,317,667,694,79,615,168,119,49,122,119,3
S01009871,No central heating,78,25,53,60,10,50,9,6,3,9,9,0
S01009871,Gas central heating,409,88,321,338,27,311,41,31,10,30,30,0
S01009871,Electric (including storage heaters) central heating,471,194,277,283,40,243,107,76,31,81,78,3
S01009871,Oil central heating,2,1,1,1,0,1,1,1,0,0,0,0
S01009871,Solid fuel (for example wood coal) central heating,0,0,0,0,0,0,0,0,0,0,0,0
S01009871,Other central heating,7,4,3,1,0,1,5,3,2,1,1,0
S01009871,Two or more types of central heating,17,5,12,11,2,9,5,2,3,1,1,0
S01009872,All people in households,724,97,627,602,28,574,89,41,48,33,28,5
S01009872,No central heating,54,8,46,44,3,41,8,3,5,2,2,0
S01009872,Gas central heating,595,76,519,500,22,478,67,31,36,28,23,5
S01009872,Electric (including storage heaters) central heating,30,11,19,19,2,17,8,6,2,3,3,0
S01009872,Oil central heating,0,0,0,0,0,0,0,0,0,0,0,0
S01009872,Solid fuel (for example wood coal) central heating,0,0,0,0,0,0,0,0,0,0,0,0
S01009872,Other central heating,10,0,10,9,0,9,1,0,1,0,0,0
S01009872,Two or more types of central heating,35,2,33,30,1,29,5,1,4,0,0,0
S01009873,All people in households,913,234,679,692,56,636,142,105,37,79,73,6
S01009873,No central heating,25,12,13,14,1,13,6,6,0,5,5,0
S01009873,Gas central heating,699,131,568,573,38,535,85,58,27,41,35,6
S01009873,Electric (including storage heaters) central heating,160,84,76,83,16,67,47,38,9,30,30,0
S01009873,Oil central heating,0,0,0,0,0,0,0,0,0,0,0,0
S01009873,Solid fuel (for example wood coal) central heating,0,0,0,0,0,0,0,0,0,0,0,0
S01009873,Other central heating,2,0,2,2,0,2,0,0,0,0,0,0
S01009873,Two or more types of central heating,27,7,20,20,1,19,4,3,1,3,3,0
S01009874,All people in households,1044,237,807,824,52,772,136,102,34,84,83,1
S01009874,No central heating,33,11,22,21,0,21,5,4,1,7,7,0
S01009874,Gas central heating,665,114,551,570,37,533,71,53,18,24,24,0
S01009874,Electric (including storage heaters) central heating,334,110,224,222,14,208,59,44,15,53,52,1
S01009874,Oil central heating,0,0,0,0,0,0,0,0,0,0,0,0
S01009874,Solid fuel (for example wood coal) central heating,0,0,0,0,0,0,0,0,0,0,0,0
S01009874,Other central heating,1,0,1,1,0,1,0,0,0,0,0,0
S01009874,Two or more types of central heating,11,2,9,10,1,9,1,1,0,0,0,0
S01009875,All people in households,707,125,582,592,32,560,58,41,17,57,52,5
S01009875,No central heating,0,0,0,0,0,0,0,0,0,0,0,0
S01009875,Gas central heating,620,113,507,516,28,488,51,37,14,53,48,5
S01009875,Electric (including storage heaters) central heating,52,8,44,45,1,44,3,3,0,4,4,0
S01009875,Oil central heating,0,0,0,0,0,0,0,0,0,0,0,0
S01009875,Solid fuel (for example wood coal) central heating,0,0,0,0,0,0,0,0,0,0,0,0
S01009875,Other central heating,8,0,8,7,0,7,1,0,1,0,0,0
S01009875,Two or more types of central heating,27,4,23,24,3,21,3,1,2,0,0,0
S01009876,All people in households,729,153,576,557,33,524,110,63,47,62,57,5
S01009876,No central heating,80,17,63,59,2,57,16,10,6,5,5,0
S01009876,Gas central heating,78,10,68,70,4,66,5,3,2,3,3,0
S01009876,Electric (including storage heaters) central heating,560,123,437,420,26,394,87,49,38,53,48,5
S01009876,Oil central heating,1,0,1,1,0,1,0,0,0,0,0,0
S01009876,Solid fuel (for example wood coal) central heating,0,0,0,0,0,0,0,0,0,0,0,0
S01009876,Other central heating,1,1,0,0,0,0,1,1,0,0,0,0
S01009876,Two or more types of central heating,9,2,7,7,1,6,1,0,1,1,1,0
S01009877,All people in households,876,172,704,732,56,676,105,79,26,39,37,2
S01009877,No central heating,12,3,9,11,2,9,0,0,0,1,1,0
S01009877,Gas central heating,732,124,608,631,46,585,76,55,21,25,23,2
S01009877,Electric (including storage heaters) central heating,107,39,68,74,8,66,20,18,2,13,13,0
S01009877,Oil central heating,3,1,2,2,0,2,1,1,0,0,0,0
S01009877,Solid fuel (for example wood coal) central heating,0,0,0,0,0,0,0,0,0,0,0,0
S01009877,Other central heating,5,3,2,0,0,0,5,3,2,0,0,0
S01009877,Two or more types of central heating,17,2,15,14,0,14,3,2,1,0,0,0
S01009878,All people in households,705,128,577,586,31,555,74,54,20,45,43,2
S01009878,No central heating,31,9,22,23,1,22,8,8,0,0,0,0
S01009878,Gas central heating,611,107,504,513,28,485,58,40,18,40,39,1
S01009878,Electric (including storage heaters) central heating,30,5,25,25,0,25,2,2,0,3,3,0
S01009878,Oil central heating,0,0,0,0,0,0,0,0,0,0,0,0
S01009878,Solid fuel (for example wood coal) central heating,0,0,0,0,0,0,0,0,0,0,0,0
S01009878,Other central heating,6,1,5,5,0,5,0,0,0,1,1,0
S01009878,Two or more types of central heating,27,6,21,20,2,18,6,4,2,1,0,1
S01009879,All people in households,892,103,789,805,40,765,60,37,23,27,26,1
S01009879,No central heating,8,0,8,8,0,8,0,0,0,0,0,0
S01009879,Gas central heating,854,99,755,770,39,731,59,36,23,25,24,1
S01009879,Electric (including storage heaters) central heating,10,2,8,8,0,8,1,1,0,1,1,0
S01009879,Oil central heating,0,0,0,0,0,0,0,0,0,0,0,0
S01009879,Solid fuel (for example wood coal) central heating,0,0,0,0,0,0,0,0,0,0,0,0
S01009879,Other central heating,8,0,8,8,0,8,0,0,0,0,0,0
S01009879,Two or more types of central heating,12,2,10,11,1,10,0,0,0,1,1,0
S01009880,All people in households,788,126,662,664,40,624,83,47,36,41,39,2
S01009880,No central heating,25,7,18,18,1,17,5,4,1,2,2,0
S01009880,Gas central heating,658,97,561,558,31,527,68,36,32,32,30,2
S01009880,Electric (including storage heaters) central heating,78,18,60,67,8,59,7,6,1,4,4,0
S01009880,Oil central heating,0,0,0,0,0,0,0,0,0,0,0,0
S01009880,Solid fuel (for example wood coal) central heating,0,0,0,0,0,0,0,0,0,0,0,0
S01009880,Other central heating,12,2,10,8,0,8,2,0,2,2,2,0
S01009880,Two or more types of central heating,15,2,13,13,0,13,1,1,0,1,1,0
S01009881,All people in households,528,63,465,441,12,429,56,29,27,31,22,9
S01009881,No central heating,19,3,16,15,1,14,2,0,2,2,2,0
S01009881,Gas central heating,485,58,427,404,11,393,53,28,25,28,19,9
S01009881,Electric (including storage heaters) central heating,4,0,4,4,0,4,0,0,0,0,0,0
S01009881,Oil central heating,0,0,0,0,0,0,0,0,0,0,0,0
S01009881,Solid fuel (for example wood coal) central heating,0,0,0,0,0,0,0,0,0,0,0,0
S01009881,Other central heating,6,0,6,6,0,6,0,0,0,0,0,0
S01009881,Two or more types of central heating,14,2,12,12,0,12,1,1,0,1,1,0
S01009882,All people in households,1089,112,977,960,31,929,78,31,47,51,50,1
S01009882,No central heating,35,5,30,29,1,28,4,2,2,2,2,0
S01009882,Gas central heating,898,90,808,794,26,768,62,22,40,42,42,0
S01009882,Electric (including storage heaters) central heating,109,9,100,100,3,97,4,2,2,5,4,1
S01009882,Oil central heating,0,0,0,0,0,0,0,0,0,0,0,0
S01009882,Solid fuel (for example wood coal) central heating,0,0,0,0,0,0,0,0,0,0,0,0
S01009882,Other central heating,4,0,4,4,0,4,0,0,0,0,0,0
S01009882,Two or more types of central heating,43,8,35,33,1,32,8,5,3,2,2,0
S01009883,All people in households,824,110,714,690,26,664,95,52,43,39,32,7
S01009883,No central heating,49,6,43,38,1,37,8,3,5,3,2,1
S01009883,Gas central heating,705,89,616,595,21,574,81,44,37,29,24,5
S01009883,Electric (including storage heaters) central heating,21,5,16,17,1,16,3,3,0,1,1,0
S01009883,Oil central heating,0,0,0,0,0,0,0,0,0,0,0,0
S01009883,Solid fuel (for example wood coal) central heating,0,0,0,0,0,0,0,0,0,0,0,0
S01009883,Other central heating,14,6,8,10,2,8,2,2,0,2,2,0
S01009883,Two or more types of central heating,35,4,31,30,1,29,1,0,1,4,3,1
S01009884,All people in households,815,124,691,699,39,660,75,46,29,41,39,2
S01009884,No central heating,18,7,11,13,2,11,0,0,0,5,5,0
S01009884,Gas central heating,718,93,625,623,27,596,64,37,27,31,29,2
S01009884,Electric (including storage heaters) central heating,38,9,29,33,6,27,3,1,2,2,2,0
S01009884,Oil central heating,0,0,0,0,0,0,0,0,0,0,0,0
S01009884,Solid fuel (for example wood coal) central heating,0,0,0,0,0,0,0,0,0,0,0,0
S01009884,Other central heating,10,6,4,6,2,4,3,3,0,1,1,0
S01009884,Two or more types of central heating,31,9,22,24,2,22,5,5,0,2,2,0
S01009885,All people in households,870,143,727,735,43,692,79,50,29,56,50,6
S01009885,No central heating,12,1,11,12,1,11,0,0,0,0,0,0
S01009885,Gas central heating,834,137,697,704,41,663,77,49,28,53,47,6
S01009885,Electric (including storage heaters) central heating,3,2,1,0,0,0,1,0,1,2,2,0
S01009885,Oil central heating,0,0,0,0,0,0,0,0,0,0,0,0
S01009885,Solid fuel (for example wood coal) central heating,0,0,0,0,0,0,0,0,0,0,0,0
S01009885,Other central heating,9,0,9,9,0,9,0,0,0,0,0,0
S01009885,Two or more types of central heating,12,3,9,10,1,9,1,1,0,1,1,0
S01009886,All people in households,813,157,656,676,55,621,100,66,34,37,36,1
S01009886,No central heating,42,13,29,29,1,28,6,5,1,7,7,0
S01009886,Gas central heating,650,103,547,566,45,521,66,40,26,18,18,0
S01009886,Electric (including storage heaters) central heating,72,34,38,39,7,32,23,17,6,10,10,0
S01009886,Oil central heating,2,1,1,1,0,1,1,1,0,0,0,0
S01009886,Solid fuel (for example wood coal) central heating,0,0,0,0,0,0,0,0,0,0,0,0
S01009886,Other central heating,6,0,6,6,0,6,0,0,0,0,0,0
S01009886,Two or more types of central heating,41,6,35,35,2,33,4,3,1,2,1,1
S01009887,All people in households,976,175,801,798,49,749,101,56,45,77,70,7
S01009887,No central heating,52,11,41,39,2,37,7,3,4,6,6,0
S01009887,Gas central heating,813,135,678,681,42,639,69,35,34,63,58,5
S01009887,Electric (including storage heaters) central heating,54,15,39,40,3,37,13,11,2,1,1,0
S01009887,Oil central heating,1,0,1,1,0,1,0,0,0,0,0,0
S01009887,Solid fuel (for example wood coal) central heating,0,0,0,0,0,0,0,0,0,0,0,0
S01009887,Other central heating,19,5,14,13,0,13,4,3,1,2,2,0
S01009887,Two or more types of central heating,37,9,28,24,2,22,8,4,4,5,3,2
S01009888,All people in households,719,116,603,578,26,552,102,55,47,39,35,4
S01009888,No central heating,91,18,73,65,5,60,21,8,13,5,5,0
S01009888,Gas central heating,562,96,466,455,20,435,74,46,28,33,30,3
S01009888,Electric (including storage heaters) central heating,21,0,21,18,0,18,2,0,2,1,0,1
S01009888,Oil central heating,0,0,0,0,0,0,0,0,0,0,0,0
S01009888,Solid fuel (for example wood coal) central heating,0,0,0,0,0,0,0,0,0,0,0,0
S01009888,Other central heating,11,0,11,9,0,9,2,0,2,0,0,0
S01009888,Two or more types of central heating,34,2,32,31,1,30,3,1,2,0,0,0
S01009889,All people in households,805,168,637,649,40,609,93,66,27,63,62,1
S01009889,No central heating,41,10,31,26,0,26,12,7,5,3,3,0
S01009889,Gas central heating,698,144,554,570,36,534,76,57,19,52,51,1
S01009889,Electric (including storage heaters) central heating,39,9,30,31,3,28,4,2,2,4,4,0
S01009889,Oil central heating,0,0,0,0,0,0,0,0,0,0,0,0
S01009889,Solid fuel (for example wood coal) central heating,0,0,0,0,0,0,0,0,0,0,0,0
S01009889,Other central heating,4,2,2,3,1,2,0,0,0,1,1,0
S01009889,Two or more types of central heating,23,3,20,19,0,19,1,0,1,3,3,0
S01009890,All people in households,535,122,413,390,20,370,81,42,39,64,60,4
S01009890,No central heating,21,9,12,9,1,8,6,3,3,6,5,1
S01009890,Gas central heating,450,94,356,337,15,322,64,33,31,49,46,3
S01009890,Electric (including storage heaters) central heating,34,15,19,18,4,14,10,5,5,6,6,0
S01009890,Oil central heating,0,0,0,0,0,0,0,0,0,0,0,0
S01009890,Solid fuel (for example wood coal) central heating,0,0,0,0,0,0,0,0,0,0,0,0
S01009890,Other central heating,2,0,2,2,0,2,0,0,0,0,0,0
S01009890,Two or more types of central heating,28,4,24,24,0,24,1,1,0,3,3,0
S01009891,All people in households,733,175,558,554,31,523,106,75,31,73,69,4
S01009891,No central heating,50,13,37,38,3,35,7,5,2,5,5,0
S01009891,Gas central heating,619,144,475,473,27,446,90,64,26,56,53,3
S01009891,Electric (including storage heaters) central heating,37,11,26,25,1,24,5,3,2,7,7,0
S01009891,Oil central heating,0,0,0,0,0,0,0,0,0,0,0,0
S01009891,Solid fuel (for example wood coal) central heating,0,0,0,0,0,0,0,0,0,0,0,0
S01009891,Other central heating,4,3,1,1,0,1,3,3,0,0,0,0
S01009891,Two or more types of central heating,23,4,19,17,0,17,1,0,1,5,4,1
S01009892,All people in households,781,239,542,536,42,494,132,88,44,113,109,4
S01009892,No central heating,37,20,17,18,3,15,8,6,2,11,11,0
S01009892,Gas central heating,668,198,470,460,34,426,115,75,40,93,89,4
S01009892,Electric (including storage heaters) central heating,40,8,32,31,1,30,5,3,2,4,4,0
S01009892,Oil central heating,0,0,0,0,0,0,0,0,0,0,0,0
S01009892,Solid fuel (for example wood coal) central heating,0,0,0,0,0,0,0,0,0,0,0,0
S01009892,Other central heating,4,2,2,3,1,2,0,0,0,1,1,0
S01009892,Two or more types of central heating,32,11,21,24,3,21,4,4,0,4,4,0
S01009893,All people in households,837,128,709,692,31,661,96,50,46,49,47,2
S01009893,No central heating,62,10,52,49,2,47,8,3,5,5,5,0
S01009893,Gas central heating,682,103,579,569,25,544,74,41,33,39,37,2
S01009893,Electric (including storage heaters) central heating,54,8,46,43,1,42,8,4,4,3,3,0
S01009893,Oil central heating,0,0,0,0,0,0,0,0,0,0,0,0
S01009893,Solid fuel (for example wood coal) central heating,0,0,0,0,0,0,0,0,0,0,0,0
S01009893,Other central heating,6,0,6,6,0,6,0,0,0,0,0,0
S01009893,Two or more types of central heating,33,7,26,25,3,22,6,2,4,2,2,0
S01009894,All people in households,823,253,570,576,62,514,147,97,50,100,94,6
S01009894,No central heating,34,5,29,24,3,21,9,1,8,1,1,0
S01009894,Gas central heating,706,218,488,497,55,442,128,88,40,81,75,6
S01009894,Electric (including storage heaters) central heating,43,20,23,23,2,21,8,6,2,12,12,0
S01009894,Oil central heating,0,0,0,0,0,0,0,0,0,0,0,0
S01009894,Solid fuel (for example wood coal) central heating,0,0,0,0,0,0,0,0,0,0,0,0
S01009894,Other central heating,4,2,2,2,0,2,0,0,0,2,2,0
S01009894,Two or more types of central heating,36,8,28,30,2,28,2,2,0,4,4,0
S01009895,All people in households,717,211,506,482,28,454,125,77,48,110,106,4
S01009895,No central heating,40,11,29,24,0,24,10,5,5,6,6,0
S01009895,Gas central heating,503,159,344,325,17,308,93,60,33,85,82,3
S01009895,Electric (including storage heaters) central heating,138,29,109,106,5,101,17,10,7,15,14,1
S01009895,Oil central heating,0,0,0,0,0,0,0,0,0,0,0,0
S01009895,Solid fuel (for example wood coal) central heating,0,0,0,0,0,0,0,0,0,0,0,0
S01009895,Other central heating,9,1,8,7,0,7,1,0,1,1,1,0
S01009895,Two or more types of central heating,27,11,16,20,6,14,4,2,2,3,3,0
S01009896,All people in households,959,274,685,675,46,629,159,107,52,125,121,4
S01009896,No central heating,34,10,24,20,0,20,4,1,3,10,9,1
S01009896,Gas central heating,650,209,441,438,36,402,121,85,36,91,88,3
S01009896,Electric (including storage heaters) central heating,215,40,175,171,8,163,31,19,12,13,13,0
S01009896,Oil central heating,0,0,0,0,0,0,0,0,0,0,0,0
S01009896,Solid fuel (for example wood coal) central heating,0,0,0,0,0,0,0,0,0,0,0,0
S01009896,Other central heating,9,1,8,8,0,8,1,1,0,0,0,0
S01009896,Two or more types of central heating,51,14,37,38,2,36,2,1,1,11,11,0
S01009897,All people in households,940,234,706,709,57,652,152,101,51,79,76,3
S01009897,No central heating,45,14,31,33,6,27,10,6,4,2,2,0
S01009897,Gas central heating,814,191,623,627,47,580,121,81,40,66,63,3
S01009897,Electric (including storage heaters) central heating,50,19,31,28,3,25,17,11,6,5,5,0
S01009897,Oil central heating,4,0,4,3,0,3,1,0,1,0,0,0
S01009897,Solid fuel (for example wood coal) central heating,0,0,0,0,0,0,0,0,0,0,0,0
S01009897,Other central heating,0,0,0,0,0,0,0,0,0,0,0,0
S01009897,Two or more types of central heating,27,10,17,18,1,17,3,3,0,6,6,0
S01009898,All people in households,611,172,439,442,30,412,83,59,24,86,83,3
S01009898,No central heating,9,6,3,3,0,3,2,2,0,4,4,0
S01009898,Gas central heating,545,152,393,395,27,368,75,53,22,75,72,3
S01009898,Electric (including storage heaters) central heating,28,7,21,24,3,21,2,2,0,2,2,0
S01009898,Oil central heating,0,0,0,0,0,0,0,0,0,0,0,0
S01009898,Solid fuel (for example wood coal) central heating,0,0,0,0,0,0,0,0,0,0,0,0
S01009898,Other central heating,4,2,2,2,0,2,1,1,0,1,1,0
S01009898,Two or more types of central heating,25,5,20,18,0,18,3,1,2,4,4,0
S01009899,All people in households,776,159,617,632,39,593,100,77,23,44,43,1
S01009899,No central heating,52,17,35,33,2,31,16,12,4,3,3,0
S01009899,Gas central heating,671,123,548,563,32,531,73,57,16,35,34,1
S01009899,Electric (including storage heaters) central heating,44,16,28,30,4,26,9,7,2,5,5,0
S01009899,Oil central heating,0,0,0,0,0,0,0,0,0,0,0,0
S01009899,Solid fuel (for example wood coal) central heating,0,0,0,0,0,0,0,0,0,0,0,0
S01009899,Other central heating,3,1,2,1,0,1,2,1,1,0,0,0
S01009899,Two or more types of central heating,6,2,4,5,1,4,0,0,0,1,1,0
S01009900,All people in households,829,97,732,752,39,713,53,34,19,24,24,0
S01009900,No central heating,37,8,29,28,1,27,8,6,2,1,1,0
S01009900,Gas central heating,725,76,649,665,32,633,41,25,16,19,19,0
S01009900,Electric (including storage heaters) central heating,41,8,33,34,2,32,4,3,1,3,3,0
S01009900,Oil central heating,1,0,1,1,0,1,0,0,0,0,0,0
S01009900,Solid fuel (for example wood coal) central heating,0,0,0,0,0,0,0,0,0,0,0,0
S01009900,Other central heating,7,1,6,7,1,6,0,0,0,0,0,0
S01009900,Two or more types of central heating,18,4,14,17,3,14,0,0,0,1,1,0
S01009901,All people in households,864,92,772,760,32,728,77,34,43,27,26,1
S01009901,No central heating,29,4,25,21,1,20,6,1,5,2,2,0
S01009901,Gas central heating,787,80,707,695,25,670,68,32,36,24,23,1
S01009901,Electric (including storage heaters) central heating,30,4,26,29,3,26,1,1,0,0,0,0
S01009901,Oil central heating,0,0,0,0,0,0,0,0,0,0,0,0
S01009901,Solid fuel (for example wood coal) central heating,0,0,0,0,0,0,0,0,0,0,0,0
S01009901,Other central heating,1,0,1,0,0,0,1,0,1,0,0,0
S01009901,Two or more types of central heating,17,4,13,15,3,12,1,0,1,1,1,0
S01009902,All people in households,908,292,616,628,67,561,186,134,52,94,91,3
S01009902,No central heating,25,5,20,15,0,15,7,2,5,3,3,0
S01009902,Gas central heating,629,156,473,479,40,439,104,72,32,46,44,2
S01009902,Electric (including storage heaters) central heating,228,124,104,115,26,89,71,57,14,42,41,1
S01009902,Oil central heating,0,0,0,0,0,0,0,0,0,0,0,0
S01009902,Solid fuel (for example wood coal) central heating,0,0,0,0,0,0,0,0,0,0,0,0
S01009902,Other central heating,1,1,0,0,0,0,1,1,0,0,0,0
S01009902,Two or more types of central heating,25,6,19,19,1,18,3,2,1,3,3,0
S01009903,All people in households,813,108,705,707,40,667,71,37,34,35,31,4
S01009903,No central heating,27,3,24,22,1,21,4,1,3,1,1,0
S01009903,Gas central heating,734,97,637,643,37,606,62,35,27,29,25,4
S01009903,Electric (including storage heaters) central heating,29,5,24,23,2,21,3,0,3,3,3,0
S01009903,Oil central heating,0,0,0,0,0,0,0,0,0,0,0,0
S01009903,Solid fuel (for example wood coal) central heating,0,0,0,0,0,0,0,0,0,0,0,0
S01009903,Other central heating,0,0,0,0,0,0,0,0,0,0,0,0
S01009903,Two or more types of central heating,23,3,20,19,0,19,2,1,1,2,2,0
S01009904,All people in households,784,137,647,645,33,612,108,74,34,31,30,1
S01009904,No central heating,32,7,25,26,3,23,4,2,2,2,2,0
S01009904,Gas central heating,701,116,585,582,29,553,96,65,31,23,22,1
S01009904,Electric (including storage heaters) central heating,36,12,24,24,1,23,8,7,1,4,4,0
S01009904,Oil central heating,0,0,0,0,0,0,0,0,0,0,0,0
S01009904,Solid fuel (for example wood coal) central heating,0,0,0,0,0,0,0,0,0,0,0,0
S01009904,Other central heating,2,1,1,1,0,1,0,0,0,1,1,0
S01009904,Two or more types of central heating,13,1,12,12,0,12,0,0,0,1,1,0
S01009905,All people in households,749,73,676,645,13,632,79,40,39,25,20,5
S01009905,No central heating,46,6,40,35,0,35,9,4,5,2,2,0
S01009905,Gas central heating,619,60,559,540,12,528,62,35,27,17,13,4
S01009905,Electric (including storage heaters) central heating,27,6,21,20,1,19,3,1,2,4,4,0
S01009905,Oil central heating,0,0,0,0,0,0,0,0,0,0,0,0
S01009905,Solid fuel (for example wood coal) central heating,0,0,0,0,0,0,0,0,0,0,0,0
S01009905,Other central heating,1,0,1,1,0,1,0,0,0,0,0,0
S01009905,Two or more types of central heating,56,1,55,49,0,49,5,0,5,2,1,1
S01009906,All people in households,667,74,593,569,23,546,74,30,44,24,21,3
S01009906,No central heating,43,12,31,34,5,29,6,4,2,3,3,0
S01009906,Gas central heating,545,53,492,470,16,454,58,22,36,17,15,2
S01009906,Electric (including storage heaters) central heating,60,7,53,50,2,48,6,2,4,4,3,1
S01009906,Oil central heating,0,0,0,0,0,0,0,0,0,0,0,0
S01009906,Solid fuel (for example wood coal) central heating,0,0,0,0,0,0,0,0,0,0,0,0
S01009906,Other central heating,4,0,4,3,0,3,1,0,1,0,0,0
S01009906,Two or more types of central heating,15,2,13,12,0,12,3,2,1,0,0,0
S01009907,All people in households,779,160,619,592,30,562,130,80,50,57,50,7
S01009907,No central heating,137,40,97,92,7,85,34,23,11,11,10,1
S01009907,Gas central heating,489,72,417,396,14,382,67,35,32,26,23,3
S01009907,Electric (including storage heaters) central heating,118,40,78,76,5,71,25,20,5,17,15,2
S01009907,Oil central heating,1,0,1,1,0,1,0,0,0,0,0,0
S01009907,Solid fuel (for example wood coal) central heating,0,0,0,0,0,0,0,0,0,0,0,0
S01009907,Other central heating,5,2,3,5,2,3,0,0,0,0,0,0
S01009907,Two or more types of central heating,29,6,23,22,2,20,4,2,2,3,2,1
S01009908,All people in households,1027,116,911,916,41,875,78,42,36,33,33,0
S01009908,No central heating,56,10,46,46,4,42,6,2,4,4,4,0
S01009908,Gas central heating,874,91,783,792,34,758,56,31,25,26,26,0
S01009908,Electric (including storage heaters) central heating,85,9,76,72,2,70,12,6,6,1,1,0
S01009908,Oil central heating,0,0,0,0,0,0,0,0,0,0,0,0
S01009908,Solid fuel (for example wood coal) central heating,0,0,0,0,0,0,0,0,0,0,0,0
S01009908,Other central heating,2,1,1,1,0,1,1,1,0,0,0,0
S01009908,Two or more types of central heating,10,5,5,5,1,4,3,2,1,2,2,0
S01009909,All people in households,821,106,715,707,33,674,72,34,38,42,39,3
S01009909,No central heating,49,10,39,37,2,35,9,5,4,3,3,0
S01009909,Gas central heating,722,84,638,633,29,604,55,24,31,34,31,3
S01009909,Electric (including storage heaters) central heating,32,8,24,24,2,22,4,2,2,4,4,0
S01009909,Oil central heating,3,1,2,2,0,2,1,1,0,0,0,0
S01009909,Solid fuel (for example wood coal) central heating,0,0,0,0,0,0,0,0,0,0,0,0
S01009909,Other central heating,3,0,3,3,0,3,0,0,0,0,0,0
S01009909,Two or more types of central heating,12,3,9,8,0,8,3,2,1,1,1,0
S01009910,All people in households,532,59,473,475,23,452,43,23,20,14,13,1
S01009910,No central heating,24,6,18,18,2,16,5,3,2,1,1,0
S01009910,Gas central heating,479,50,429,430,20,410,38,20,18,11,10,1
S01009910,Electric (including storage heaters) central heating,8,0,8,8,0,8,0,0,0,0,0,0
S01009910,Oil central heating,0,0,0,0,0,0,0,0,0,0,0,0
S01009910,Solid fuel (for example wood coal) central heating,0,0,0,0,0,0,0,0,0,0,0,0
S01009910,Other central heating,0,0,0,0,0,0,0,0,0,0,0,0
S01009910,Two or more types of central heating,21,3,18,19,1,18,0,0,0,2,2,0
S01009911,All people in households,945,133,812,817,39,778,91,58,33,37,36,1
S01009911,No central heating,36,9,27,24,1,23,11,7,4,1,1,0
S01009911,Gas central heating,852,113,739,743,34,709,77,48,29,32,31,1
S01009911,Electric (including storage heaters) central heating,17,4,13,14,1,13,2,2,0,1,1,0
S01009911,Oil central heating,0,0,0,0,0,0,0,0,0,0,0,0
S01009911,Solid fuel (for example wood coal) central heating,0,0,0,0,0,0,0,0,0,0,0,0
S01009911,Other central heating,5,0,5,5,0,5,0,0,0,0,0,0
S01009911,Two or more types of central heating,35,7,28,31,3,28,1,1,0,3,3,0
S01009912,All people in households,873,126,747,756,35,721,89,64,25,28,27,1
S01009912,No central heating,7,0,7,7,0,7,0,0,0,0,0,0
S01009912,Gas central heating,789,106,683,684,24,660,79,57,22,26,25,1
S01009912,Electric (including storage heaters) central heating,53,9,44,45,3,42,7,5,2,1,1,0
S01009912,Oil central heating,2,0,2,2,0,2,0,0,0,0,0,0
S01009912,Solid fuel (for example wood coal) central heating,0,0,0,0,0,0,0,0,0,0,0,0
S01009912,Other central heating,3,2,1,1,1,0,1,0,1,1,1,0
S01009912,Two or more types of central heating,19,9,10,17,7,10,2,2,0,0,0,0
S01009913,All people in households,719,83,636,620,17,603,72,43,29,27,23,4
S01009913,No central heating,0,0,0,0,0,0,0,0,0,0,0,0
S01009913,Gas central heating,654,75,579,569,17,552,62,38,24,23,20,3
S01009913,Electric (including storage heaters) central heating,16,2,14,12,0,12,4,2,2,0,0,0
S01009913,Oil central heating,7,0,7,6,0,6,1,0,1,0,0,0
S01009913,Solid fuel (for example wood coal) central heating,0,0,0,0,0,0,0,0,0,0,0,0
S01009913,Other central heating,12,0,12,11,0,11,0,0,0,1,0,1
S01009913,Two or more types of central heating,30,6,24,22,0,22,5,3,2,3,3,0
S01009914,All people in households,978,130,848,878,53,825,70,49,21,30,28,2
S01009914,No central heating,12,1,11,9,0,9,1,1,0,2,0,2
S01009914,Gas central heating,922,122,800,831,52,779,67,46,21,24,24,0
S01009914,Electric (including storage heaters) central heating,20,3,17,17,0,17,0,0,0,3,3,0
S01009914,Oil central heating,18,0,18,18,0,18,0,0,0,0,0,0
S01009914,Solid fuel (for example wood coal) central heating,0,0,0,0,0,0,0,0,0,0,0,0
S01009914,Other central heating,0,0,0,0,0,0,0,0,0,0,0,0
S01009914,Two or more types of central heating,6,4,2,3,1,2,2,2,0,1,1,0
S01009915,All people in households,861,133,728,741,46,695,89,58,31,31,29,2
S01009915,No central heating,14,5,9,11,2,9,2,2,0,1,1,0
S01009915,Gas central heating,798,112,686,700,43,657,74,46,28,24,23,1
S01009915,Electric (including storage heaters) central heating,28,7,21,22,1,21,4,4,0,2,2,0
S01009915,Oil central heating,0,0,0,0,0,0,0,0,0,0,0,0
S01009915,Solid fuel (for example wood coal) central heating,0,0,0,0,0,0,0,0,0,0,0,0
S01009915,Other central heating,11,6,5,3,0,3,5,4,1,3,2,1
S01009915,Two or more types of central heating,10,3,7,5,0,5,4,2,2,1,1,0
S01009916,All people in households,985,167,818,824,53,771,112,67,45,49,47,2
S01009916,No central heating,0,0,0,0,0,0,0,0,0,0,0,0
S01009916,Gas central heating,913,153,760,768,49,719,102,63,39,43,41,2
S01009916,Electric (including storage heaters) central heating,20,3,17,18,2,16,2,1,1,0,0,0
S01009916,Oil central heating,0,0,0,0,0,0,0,0,0,0,0,0
S01009916,Solid fuel (for example wood coal) central heating,0,0,0,0,0,0,0,0,0,0,0,0
S01009916,Other central heating,0,0,0,0,0,0,0,0,0,0,0,0
S01009916,Two or more types of central heating,52,11,41,38,2,36,8,3,5,6,6,0
S01009917,All people in households,709,101,608,616,36,580,69,42,27,24,23,1
S01009917,No central heating,15,3,12,13,1,12,1,1,0,1,1,0
S01009917,Gas central heating,661,92,569,577,35,542,62,36,26,22,21,1
S01009917,Electric (including storage heaters) central heating,19,3,16,16,0,16,2,2,0,1,1,0
S01009917,Oil central heating,0,0,0,0,0,0,0,0,0,0,0,0
S01009917,Solid fuel (for example wood coal) central heating,0,0,0,0,0,0,0,0,0,0,0,0
S01009917,Other central heating,0,0,0,0,0,0,0,0,0,0,0,0
S01009917,Two or more types of central heating,14,3,11,10,0,10,4,3,1,0,0,0
S01009918,All people in households,709,104,605,601,26,575,81,52,29,27,26,1
S01009918,No central heating,10,4,6,5,0,5,4,3,1,1,1,0
S01009918,Gas central heating,676,89,587,582,22,560,72,46,26,22,21,1
S01009918,Electric (including storage heaters) central heating,16,7,9,10,3,7,4,2,2,2,2,0
S01009918,Oil central heating,2,2,0,1,1,0,0,0,0,1,1,0
S01009918,Solid fuel (for example wood coal) central heating,0,0,0,0,0,0,0,0,0,0,0,0
S01009918,Other central heating,0,0,0,0,0,0,0,0,0,0,0,0
S01009918,Two or more types of central heating,5,2,3,3,0,3,1,1,0,1,1,0
S01009919,All people in households,1099,206,893,908,62,846,132,89,43,59,55,4
S01009919,No central heating,52,13,39,40,1,39,10,10,0,2,2,0
S01009919,Gas central heating,903,161,742,756,54,702,101,65,36,46,42,4
S01009919,Electric (including storage heaters) central heating,114,28,86,86,6,80,18,12,6,10,10,0
S01009919,Oil central heating,0,0,0,0,0,0,0,0,0,0,0,0
S01009919,Solid fuel (for example wood coal) central heating,0,0,0,0,0,0,0,0,0,0,0,0
S01009919,Other central heating,11,0,11,11,0,11,0,0,0,0,0,0
S01009919,Two or more types of central heating,19,4,15,15,1,14,3,2,1,1,1,0
S01009920,All people in households,831,109,722,726,35,691,75,44,31,30,30,0
S01009920,No central heating,21,6,15,13,2,11,7,3,4,1,1,0
S01009920,Gas central heating,754,93,661,665,29,636,64,39,25,25,25,0
S01009920,Electric (including storage heaters) central heating,38,8,30,31,3,28,3,1,2,4,4,0
S01009920,Oil central heating,0,0,0,0,0,0,0,0,0,0,0,0
S01009920,Solid fuel (for example wood coal) central heating,0,0,0,0,0,0,0,0,0,0,0,0
S01009920,Other central heating,0,0,0,0,0,0,0,0,0,0,0,0
S01009920,Two or more types of central heating,18,2,16,17,1,16,1,1,0,0,0,0
S01009921,All people in households,627,79,548,550,27,523,63,40,23,14,12,2
S01009921,No central heating,39,12,27,27,3,24,10,8,2,2,1,1
S01009921,Gas central heating,549,57,492,494,23,471,44,24,20,11,10,1
S01009921,Electric (including storage heaters) central heating,21,3,18,19,1,18,2,2,0,0,0,0
S01009921,Oil central heating,0,0,0,0,0,0,0,0,0,0,0,0
S01009921,Solid fuel (for example wood coal) central heating,0,0,0,0,0,0,0,0,0,0,0,0
S01009921,Other central heating,1,1,0,0,0,0,1,1,0,0,0,0
S01009921,Two or more types of central heating,17,6,11,10,0,10,6,5,1,1,1,0
S01009922,All people in households,1016,126,890,904,37,867,83,62,21,29,27,2
S01009922,No central heating,35,9,26,28,3,25,4,3,1,3,3,0
S01009922,Gas central heating,920,106,814,822,30,792,73,53,20,25,23,2
S01009922,Electric (including storage heaters) central heating,40,9,31,35,4,31,4,4,0,1,1,0
S01009922,Oil central heating,0,0,0,0,0,0,0,0,0,0,0,0
S01009922,Solid fuel (for example wood coal) central heating,0,0,0,0,0,0,0,0,0,0,0,0
S01009922,Other central heating,4,0,4,4,0,4,0,0,0,0,0,0
S01009922,Two or more types of central heating,17,2,15,15,0,15,2,2,0,0,0,0
S01009923,All people in households,855,139,716,699,38,661,100,49,51,56,52,4
S01009923,No central heating,113,19,94,87,2,85,16,7,9,10,10,0
S01009923,Gas central heating,381,58,323,317,16,301,45,25,20,19,17,2
S01009923,Electric (including storage heaters) central heating,341,58,283,278,18,260,37,16,21,26,24,2
S01009923,Oil central heating,0,0,0,0,0,0,0,0,0,0,0,0
S01009923,Solid fuel (for example wood coal) central heating,0,0,0,0,0,0,0,0,0,0,0,0
S01009923,Other central heating,4,1,3,3,0,3,0,0,0,1,1,0
S01009923,Two or more types of central heating,16,3,13,14,2,12,2,1,1,0,0,0
S01009924,All people in households,1007,179,828,842,51,791,103,71,32,62,57,5
S01009924,No central heating,44,7,37,37,0,37,4,4,0,3,3,0
S01009924,Gas central heating,818,159,659,677,47,630,86,61,25,55,51,4
S01009924,Electric (including storage heaters) central heating,121,10,111,108,4,104,11,5,6,2,1,1
S01009924,Oil central heating,0,0,0,0,0,0,0,0,0,0,0,0
S01009924,Solid fuel (for example wood coal) central heating,0,0,0,0,0,0,0,0,0,0,0,0
S01009924,Other central heating,1,1,0,0,0,0,0,0,0,1,1,0
S01009924,Two or more types of central heating,23,2,21,20,0,20,2,1,1,1,1,0
S01009925,All people in households,658,81,577,586,30,556,45,26,19,27,25,2
S01009925,No central heating,50,11,39,39,2,37,5,3,2,6,6,0
S01009925,Gas central heating,573,61,512,519,25,494,37,21,16,17,15,2
S01009925,Electric (including storage heaters) central heating,27,8,19,21,3,18,3,2,1,3,3,0
S01009925,Oil central heating,0,0,0,0,0,0,0,0,0,0,0,0
S01009925,Solid fuel (for example wood coal) central heating,0,0,0,0,0,0,0,0,0,0,0,0
S01009925,Other central heating,0,0,0,0,0,0,0,0,0,0,0,0
S01009925,Two or more types of central heating,8,1,7,7,0,7,0,0,0,1,1,0
S01009926,All people in households,773,118,655,659,34,625,79,50,29,35,34,1
S01009926,No central heating,38,3,35,33,0,33,3,1,2,2,2,0
S01009926,Gas central heating,687,108,579,588,34,554,70,45,25,29,29,0
S01009926,Electric (including storage heaters) central heating,28,5,23,21,0,21,5,3,2,2,2,0
S01009926,Oil central heating,1,0,1,1,0,1,0,0,0,0,0,0
S01009926,Solid fuel (for example wood coal) central heating,2,0,2,2,0,2,0,0,0,0,0,0
S01009926,Other central heating,5,0,5,5,0,5,0,0,0,0,0,0
S01009926,Two or more types of central heating,12,2,10,9,0,9,1,1,0,2,1,1
S01009927,All people in households,511,97,414,412,30,382,67,36,31,32,31,1
S01009927,No central heating,11,4,7,6,1,5,4,2,2,1,1,0
S01009927,Gas central heating,404,59,345,343,20,323,45,24,21,16,15,1
S01009927,Electric (including storage heaters) central heating,91,32,59,60,9,51,17,9,8,14,14,0
S01009927,Oil central heating,1,1,0,0,0,0,1,1,0,0,0,0
S01009927,Solid fuel (for example wood coal) central heating,0,0,0,0,0,0,0,0,0,0,0,0
S01009927,Other central heating,2,0,2,2,0,2,0,0,0,0,0,0
S01009927,Two or more types of central heating,2,1,1,1,0,1,0,0,0,1,1,0
S01009928,All people in households,797,100,697,712,36,676,56,36,20,29,28,1
S01009928,No central heating,13,4,9,10,1,9,3,3,0,0,0,0
S01009928,Gas central heating,619,74,545,558,27,531,39,26,13,22,21,1
S01009928,Electric (including storage heaters) central heating,158,21,137,138,8,130,14,7,7,6,6,0
S01009928,Oil central heating,0,0,0,0,0,0,0,0,0,0,0,0
S01009928,Solid fuel (for example wood coal) central heating,0,0,0,0,0,0,0,0,0,0,0,0
S01009928,Other central heating,0,0,0,0,0,0,0,0,0,0,0,0
S01009928,Two or more types of central heating,7,1,6,6,0,6,0,0,0,1,1,0
S01009929,All people in households,499,82,417,429,26,403,49,35,14,21,21,0
S01009929,No central heating,22,3,19,18,0,18,3,2,1,1,1,0
S01009929,Gas central heating,397,42,355,358,13,345,29,19,10,10,10,0
S01009929,Electric (including storage heaters) central heating,61,35,26,35,11,24,16,14,2,10,10,0
S01009929,Oil central heating,4,0,4,4,0,4,0,0,0,0,0,0
S01009929,Solid fuel (for example wood coal) central heating,0,0,0,0,0,0,0,0,0,0,0,0
S01009929,Other central heating,8,1,7,7,1,6,1,0,1,0,0,0
S01009929,Two or more types of central heating,7,1,6,7,1,6,0,0,0,0,0,0
S01009930,All people in households,850,112,738,743,35,708,81,51,30,26,26,0
S01009930,No central heating,36,8,28,27,2,25,5,2,3,4,4,0
S01009930,Gas central heating,763,95,668,673,31,642,72,46,26,18,18,0
S01009930,Electric (including storage heaters) central heating,28,4,24,24,1,23,3,2,1,1,1,0
S01009930,Oil central heating,0,0,0,0,0,0,0,0,0,0,0,0
S01009930,Solid fuel (for example wood coal) central heating,0,0,0,0,0,0,0,0,0,0,0,0
S01009930,Other central heating,3,1,2,2,0,2,0,0,0,1,1,0
S01009930,Two or more types of central heating,20,4,16,17,1,16,1,1,0,2,2,0
S01009931,All people in households,751,64,687,672,13,659,61,33,28,18,18,0
S01009931,No central heating,23,8,15,16,2,14,4,3,1,3,3,0
S01009931,Gas central heating,704,51,653,638,11,627,54,28,26,12,12,0
S01009931,Electric (including storage heaters) central heating,11,4,7,7,0,7,2,2,0,2,2,0
S01009931,Oil central heating,0,0,0,0,0,0,0,0,0,0,0,0
S01009931,Solid fuel (for example wood coal) central heating,0,0,0,0,0,0,0,0,0,0,0,0
S01009931,Other central heating,0,0,0,0,0,0,0,0,0,0,0,0
S01009931,Two or more types of central heating,13,1,12,11,0,11,1,0,1,1,1,0
S01009932,All people in households,619,88,531,534,29,505,52,27,25,33,32,1
S01009932,No central heating,27,4,23,21,0,21,4,2,2,2,2,0
S01009932,Gas central heating,539,72,467,475,28,447,40,21,19,24,23,1
S01009932,Electric (including storage heaters) central heating,39,10,29,26,1,25,6,2,4,7,7,0
S01009932,Oil central heating,0,0,0,0,0,0,0,0,0,0,0,0
S01009932,Solid fuel (for example wood coal) central heating,0,0,0,0,0,0,0,0,0,0,0,0
S01009932,Other central heating,6,2,4,4,0,4,2,2,0,0,0,0
S01009932,Two or more types of central heating,8,0,8,8,0,8,0,0,0,0,0,0
S01009933,All people in households,909,214,695,663,30,633,146,91,55,100,93,7
S01009933,No central heating,42,12,30,30,3,27,7,4,3,5,5,0
S01009933,Gas central heating,321,48,273,264,7,257,41,26,15,16,15,1
S01009933,Electric (including storage heaters) central heating,524,154,370,348,20,328,97,61,36,79,73,6
S01009933,Oil central heating,0,0,0,0,0,0,0,0,0,0,0,0
S01009933,Solid fuel (for example wood coal) central heating,0,0,0,0,0,0,0,0,0,0,0,0
S01009933,Other central heating,3,0,3,2,0,2,1,0,1,0,0,0
S01009933,Two or more types of central heating,19,0,19,19,0,19,0,0,0,0,0,0
S01009934,All people in households,924,121,803,798,42,756,97,52,45,29,27,2
S01009934,No central heating,28,5,23,22,1,21,4,2,2,2,2,0
S01009934,Gas central heating,748,95,653,649,34,615,79,42,37,20,19,1
S01009934,Electric (including storage heaters) central heating,131,21,110,110,7,103,14,8,6,7,6,1
S01009934,Oil central heating,0,0,0,0,0,0,0,0,0,0,0,0
S01009934,Solid fuel (for example wood coal) central heating,2,0,2,2,0,2,0,0,0,0,0,0
S01009934,Other central heating,1,0,1,1,0,1,0,0,0,0,0,0
S01009934,Two or more types of central heating,14,0,14,14,0,14,0,0,0,0,0,0
S01009935,All people in households,544,232,312,290,41,249,151,89,62,103,102,1
S01009935,No central heating,23,4,19,16,0,16,4,1,3,3,3,0
S01009935,Gas central heating,205,91,114,114,17,97,52,36,16,39,38,1
S01009935,Electric (including storage heaters) central heating,305,128,177,156,22,134,91,48,43,58,58,0
S01009935,Oil central heating,0,0,0,0,0,0,0,0,0,0,0,0
S01009935,Solid fuel (for example wood coal) central heating,0,0,0,0,0,0,0,0,0,0,0,0
S01009935,Other central heating,0,0,0,0,0,0,0,0,0,0,0,0
S01009935,Two or more types of central heating,11,9,2,4,2,2,4,4,0,3,3,0
S01009936,All people in households,627,182,445,455,39,416,89,63,26,83,80,3
S01009936,No central heating,33,12,21,23,3,20,7,6,1,3,3,0
S01009936,Gas central heating,247,46,201,209,13,196,23,18,5,15,15,0
S01009936,Electric (including storage heaters) central heating,342,123,219,219,23,196,58,38,20,65,62,3
S01009936,Oil central heating,1,0,1,1,0,1,0,0,0,0,0,0
S01009936,Solid fuel (for example wood coal) central heating,0,0,0,0,0,0,0,0,0,0,0,0
S01009936,Other central heating,0,0,0,0,0,0,0,0,0,0,0,0
S01009936,Two or more types of central heating,4,1,3,3,0,3,1,1,0,0,0,0
S01009937,All people in households,531,153,378,374,28,346,101,71,30,56,54,2
S01009937,No central heating,41,15,26,28,4,24,8,6,2,5,5,0
S01009937,Gas central heating,153,52,101,94,6,88,40,28,12,19,18,1
S01009937,Electric (including storage heaters) central heating,308,76,232,231,14,217,47,33,14,30,29,1
S01009937,Oil central heating,9,2,7,6,0,6,3,2,1,0,0,0
S01009937,Solid fuel (for example wood coal) central heating,9,1,8,8,0,8,0,0,0,1,1,0
S01009937,Other central heating,2,2,0,2,2,0,0,0,0,0,0,0
S01009937,Two or more types of central heating,9,5,4,5,2,3,3,2,1,1,1,0
S01009938,All people in households,938,334,604,606,53,553,187,139,48,145,142,3
S01009938,No central heating,33,14,19,20,2,18,9,8,1,4,4,0
S01009938,Gas central heating,527,131,396,404,28,376,67,49,18,56,54,2
S01009938,Electric (including storage heaters) central heating,365,186,179,173,23,150,108,80,28,84,83,1
S01009938,Oil central heating,0,0,0,0,0,0,0,0,0,0,0,0
S01009938,Solid fuel (for example wood coal) central heating,0,0,0,0,0,0,0,0,0,0,0,0
S01009938,Other central heating,0,0,0,0,0,0,0,0,0,0,0,0
S01009938,Two or more types of central heating,13,3,10,9,0,9,3,2,1,1,1,0
S01009939,All people in households,901,207,694,622,29,593,175,76,99,104,102,2
S01009939,No central heating,49,8,41,33,2,31,11,1,10,5,5,0
S01009939,Gas central heating,98,16,82,80,3,77,9,4,5,9,9,0
S01009939,Electric (including storage heaters) central heating,747,183,564,502,24,478,155,71,84,90,88,2
S01009939,Oil central heating,0,0,0,0,0,0,0,0,0,0,0,0
S01009939,Solid fuel (for example wood coal) central heating,0,0,0,0,0,0,0,0,0,0,0,0
S01009939,Other central heating,7,0,7,7,0,7,0,0,0,0,0,0
S01009939,Two or more types of central heating,0,0,0,0,0,0,0,0,0,0,0,0
S01009940,All people in households,837,284,553,552,57,495,156,102,54,129,125,4
S01009940,No central heating,9,3,6,5,1,4,2,1,1,2,1,1
S01009940,Gas central heating,740,234,506,501,44,457,129,83,46,110,107,3
S01009940,Electric (including storage heaters) central heating,50,35,15,19,10,9,18,12,6,13,13,0
S01009940,Oil central heating,0,0,0,0,0,0,0,0,0,0,0,0
S01009940,Solid fuel (for example wood coal) central heating,0,0,0,0,0,0,0,0,0,0,0,0
S01009940,Other central heating,5,3,2,2,0,2,2,2,0,1,1,0
S01009940,Two or more types of central heating,33,9,24,25,2,23,5,4,1,3,3,0
S01009941,All people in households,1033,127,906,906,48,858,95,50,45,32,29,3
S01009941,No central heating,2,0,2,2,0,2,0,0,0,0,0,0
S01009941,Gas central heating,957,118,839,839,41,798,87,48,39,31,29,2
S01009941,Electric (including storage heaters) central heating,20,1,19,18,0,18,1,1,0,1,0,1
S01009941,Oil central heating,0,0,0,0,0,0,0,0,0,0,0,0
S01009941,Solid fuel (for example wood coal) central heating,0,0,0,0,0,0,0,0,0,0,0,0
S01009941,Other central heating,12,0,12,12,0,12,0,0,0,0,0,0
S01009941,Two or more types of central heating,42,8,34,35,7,28,7,1,6,0,0,0
S01009942,All people in households,1022,298,724,727,66,661,180,119,61,115,113,2
S01009942,No central heating,17,7,10,11,2,9,2,1,1,4,4,0
S01009942,Gas central heating,768,214,554,559,47,512,133,93,40,76,74,2
S01009942,Electric (including storage heaters) central heating,206,63,143,136,11,125,39,21,18,31,31,0
S01009942,Oil central heating,0,0,0,0,0,0,0,0,0,0,0,0
S01009942,Solid fuel (for example wood coal) central heating,3,1,2,3,1,2,0,0,0,0,0,0
S01009942,Other central heating,5,1,4,3,0,3,2,1,1,0,0,0
S01009942,Two or more types of central heating,23,12,11,15,5,10,4,3,1,4,4,0
S01009943,All people in households,841,247,594,555,36,519,163,97,66,123,114,9
S01009943,No central heating,15,3,12,14,2,12,0,0,0,1,1,0
S01009943,Gas central heating,753,218,535,501,30,471,145,90,55,107,98,9
S01009943,Electric (including storage heaters) central heating,38,17,21,17,2,15,10,4,6,11,11,0
S01009943,Oil central heating,0,0,0,0,0,0,0,0,0,0,0,0
S01009943,Solid fuel (for example wood coal) central heating,0,0,0,0,0,0,0,0,0,0,0,0
S01009943,Other central heating,0,0,0,0,0,0,0,0,0,0,0,0
S01009943,Two or more types of central heating,35,9,26,23,2,21,8,3,5,4,4,0
S01009944,All people in households,799,203,596,610,43,567,110,82,28,79,78,1
S01009944,No central heating,33,11,22,21,0,21,5,5,0,7,6,1
S01009944,Gas central heating,728,179,549,565,41,524,98,73,25,65,65,0
S01009944,Electric (including storage heaters) central heating,32,10,22,21,2,19,5,2,3,6,6,0
S01009944,Oil central heating,0,0,0,0,0,0,0,0,0,0,0,0
S01009944,Solid fuel (for example wood coal) central heating,0,0,0,0,0,0,0,0,0,0,0,0
S01009944,Other central heating,0,0,0,0,0,0,0,0,0,0,0,0
S01009944,Two or more types of central heating,6,3,3,3,0,3,2,2,0,1,1,0
S01009945,All people in households,963,250,713,705,56,649,165,101,64,93,93,0
S01009945,No central heating,31,9,22,22,0,22,5,5,0,4,4,0
S01009945,Gas central heating,823,205,618,610,48,562,139,83,56,74,74,0
S01009945,Electric (including storage heaters) central heating,78,19,59,58,6,52,13,6,7,7,7,0
S01009945,Oil central heating,0,0,0,0,0,0,0,0,0,0,0,0
S01009945,Solid fuel (for example wood coal) central heating,2,1,1,0,0,0,1,0,1,1,1,0
S01009945,Other central heating,8,4,4,4,0,4,4,4,0,0,0,0
S01009945,Two or more types of central heating,21,12,9,11,2,9,3,3,0,7,7,0
S01009946,All people in households,815,200,615,627,50,577,119,84,35,69,66,3
S01009946,No central heating,22,5,17,17,0,17,2,2,0,3,3,0
S01009946,Gas central heating,730,176,554,570,49,521,103,72,31,57,55,2
S01009946,Electric (including storage heaters) central heating,46,13,33,31,1,30,9,7,2,6,5,1
S01009946,Oil central heating,0,0,0,0,0,0,0,0,0,0,0,0
S01009946,Solid fuel (for example wood coal) central heating,0,0,0,0,0,0,0,0,0,0,0,0
S01009946,Other central heating,2,0,2,2,0,2,0,0,0,0,0,0
S01009946,Two or more types of central heating,15,6,9,7,0,7,5,3,2,3,3,0
S01009947,All people in households,567,136,431,439,39,400,78,50,28,50,47,3
S01009947,No central heating,30,9,21,18,0,18,6,4,2,6,5,1
S01009947,Gas central heating,452,109,343,351,33,318,60,37,23,41,39,2
S01009947,Electric (including storage heaters) central heating,81,17,64,67,6,61,12,9,3,2,2,0
S01009947,Oil central heating,0,0,0,0,0,0,0,0,0,0,0,0
S01009947,Solid fuel (for example wood coal) central heating,1,0,1,1,0,1,0,0,0,0,0,0
S01009947,Other central heating,0,0,0,0,0,0,0,0,0,0,0,0
S01009947,Two or more types of central heating,3,1,2,2,0,2,0,0,0,1,1,0
S01009948,All people in households,812,236,576,577,49,528,153,108,45,82,79,3
S01009948,No central heating,69,19,50,53,7,46,8,4,4,8,8,0
S01009948,Gas central heating,234,57,177,184,17,167,36,26,10,14,14,0
S01009948,Electric (including storage heaters) central heating,492,157,335,324,23,301,109,78,31,59,56,3
S01009948,Oil central heating,9,0,9,9,0,9,0,0,0,0,0,0
S01009948,Solid fuel (for example wood coal) central heating,0,0,0,0,0,0,0,0,0,0,0,0
S01009948,Other central heating,0,0,0,0,0,0,0,0,0,0,0,0
S01009948,Two or more types of central heating,8,3,5,7,2,5,0,0,0,1,1,0
S01009949,All people in households,821,174,647,662,53,609,107,71,36,52,50,2
S01009949,No central heating,14,5,9,9,1,8,4,3,1,1,1,0
S01009949,Gas central heating,738,151,587,606,49,557,87,58,29,45,44,1
S01009949,Electric (including storage heaters) central heating,37,10,27,26,2,24,8,5,3,3,3,0
S01009949,Oil central heating,0,0,0,0,0,0,0,0,0,0,0,0
S01009949,Solid fuel (for example wood coal) central heating,0,0,0,0,0,0,0,0,0,0,0,0
S01009949,Other central heating,5,2,3,3,0,3,1,1,0,1,1,0
S01009949,Two or more types of central heating,27,6,21,18,1,17,7,4,3,2,1,1
S01009950,All people in households,727,80,647,666,34,632,39,24,15,22,22,0
S01009950,No central heating,3,2,1,3,2,1,0,0,0,0,0,0
S01009950,Gas central heating,699,76,623,639,31,608,38,23,15,22,22,0
S01009950,Electric (including storage heaters) central heating,13,1,12,12,0,12,1,1,0,0,0,0
S01009950,Oil central heating,3,0,3,3,0,3,0,0,0,0,0,0
S01009950,Solid fuel (for example wood coal) central heating,0,0,0,0,0,0,0,0,0,0,0,0
S01009950,Other central heating,1,0,1,1,0,1,0,0,0,0,0,0
S01009950,Two or more types of central heating,8,1,7,8,1,7,0,0,0,0,0,0
S01009951,All people in households,769,73,696,711,34,677,42,25,17,16,14,2
S01009951,No central heating,12,0,12,11,0,11,0,0,0,1,0,1
S01009951,Gas central heating,714,66,648,662,32,630,39,22,17,13,12,1
S01009951,Electric (including storage heaters) central heating,11,4,7,9,2,7,2,2,0,0,0,0
S01009951,Oil central heating,1,0,1,1,0,1,0,0,0,0,0,0
S01009951,Solid fuel (for example wood coal) central heating,3,0,3,3,0,3,0,0,0,0,0,0
S01009951,Other central heating,0,0,0,0,0,0,0,0,0,0,0,0
S01009951,Two or more types of central heating,28,3,25,25,0,25,1,1,0,2,2,0
S01009952,All people in households,733,121,612,630,39,591,75,56,19,28,26,2
S01009952,No central heating,10,1,9,8,0,8,2,1,1,0,0,0
S01009952,Gas central heating,618,86,532,547,26,521,47,37,10,24,23,1
S01009952,Electric (including storage heaters) central heating,78,33,45,51,13,38,24,17,7,3,3,0
S01009952,Oil central heating,9,1,8,7,0,7,2,1,1,0,0,0
S01009952,Solid fuel (for example wood coal) central heating,0,0,0,0,0,0,0,0,0,0,0,0
S01009952,Other central heating,0,0,0,0,0,0,0,0,0,0,0,0
S01009952,Two or more types of central heating,18,0,18,17,0,17,0,0,0,1,0,1
S01009953,All people in households,889,138,751,776,51,725,72,48,24,41,39,2
S01009953,No central heating,8,2,6,5,0,5,2,1,1,1,1,0
S01009953,Gas central heating,834,118,716,737,45,692,63,40,23,34,33,1
S01009953,Electric (including storage heaters) central heating,37,17,20,25,5,20,7,7,0,5,5,0
S01009953,Oil central heating,0,0,0,0,0,0,0,0,0,0,0,0
S01009953,Solid fuel (for example wood coal) central heating,0,0,0,0,0,0,0,0,0,0,0,0
S01009953,Other central heating,0,0,0,0,0,0,0,0,0,0,0,0
S01009953,Two or more types of central heating,10,1,9,9,1,8,0,0,0,1,0,1
S01009954,All people in households,632,90,542,559,35,524,54,37,17,19,18,1
S01009954,No central heating,5,1,4,4,0,4,1,1,0,0,0,0
S01009954,Gas central heating,589,85,504,521,34,487,50,33,17,18,18,0
S01009954,Electric (including storage heaters) central heating,16,3,13,14,1,13,2,2,0,0,0,0
S01009954,Oil central heating,5,0,5,5,0,5,0,0,0,0,0,0
S01009954,Solid fuel (for example wood coal) central heating,0,0,0,0,0,0,0,0,0,0,0,0
S01009954,Other central heating,0,0,0,0,0,0,0,0,0,0,0,0
S01009954,Two or more types of central heating,17,1,16,15,0,15,1,1,0,1,0,1
S01009955,All people in households,948,195,753,782,61,721,111,79,32,55,55,0
S01009955,No central heating,41,11,30,34,4,30,2,2,0,5,5,0
S01009955,Gas central heating,830,168,662,689,55,634,97,69,28,44,44,0
S01009955,Electric (including storage heaters) central heating,59,13,46,46,2,44,8,6,2,5,5,0
S01009955,Oil central heating,5,1,4,2,0,2,2,0,2,1,1,0
S01009955,Solid fuel (for example wood coal) central heating,0,0,0,0,0,0,0,0,0,0,0,0
S01009955,Other central heating,6,0,6,6,0,6,0,0,0,0,0,0
S01009955,Two or more types of central heating,7,2,5,5,0,5,2,2,0,0,0,0
S01009956,All people in households,750,178,572,594,45,549,103,81,22,53,52,1
S01009956,No central heating,23,5,18,18,2,16,4,2,2,1,1,0
S01009956,Gas central heating,640,148,492,511,34,477,85,71,14,44,43,1
S01009956,Electric (including storage heaters) central heating,77,24,53,57,9,48,12,7,5,8,8,0
S01009956,Oil central heating,0,0,0,0,0,0,0,0,0,0,0,0
S01009956,Solid fuel (for example wood coal) central heating,0,0,0,0,0,0,0,0,0,0,0,0
S01009956,Other central heating,0,0,0,0,0,0,0,0,0,0,0,0
S01009956,Two or more types of central heating,10,1,9,8,0,8,2,1,1,0,0,0
S01009957,All people in households,760,87,673,694,33,661,51,39,12,15,15,0
S01009957,No central heating,11,6,5,8,3,5,3,3,0,0,0,0
S01009957,Gas central heating,717,75,642,659,29,630,47,35,12,11,11,0
S01009957,Electric (including storage heaters) central heating,13,4,9,9,0,9,1,1,0,3,3,0
S01009957,Oil central heating,3,0,3,3,0,3,0,0,0,0,0,0
S01009957,Solid fuel (for example wood coal) central heating,4,1,3,4,1,3,0,0,0,0,0,0
S01009957,Other central heating,2,0,2,2,0,2,0,0,0,0,0,0
S01009957,Two or more types of central heating,10,1,9,9,0,9,0,0,0,1,1,0
S01009958,All people in households,915,119,796,809,43,766,80,51,29,26,25,1
S01009958,No central heating,14,3,11,11,0,11,1,1,0,2,2,0
S01009958,Gas central heating,866,107,759,772,40,732,74,47,27,20,20,0
S01009958,Electric (including storage heaters) central heating,19,7,12,15,3,12,2,2,0,2,2,0
S01009958,Oil central heating,0,0,0,0,0,0,0,0,0,0,0,0
S01009958,Solid fuel (for example wood coal) central heating,0,0,0,0,0,0,0,0,0,0,0,0
S01009958,Other central heating,0,0,0,0,0,0,0,0,0,0,0,0
S01009958,Two or more types of central heating,16,2,14,11,0,11,3,1,2,2,1,1
S01009959,All people in households,657,92,565,585,33,552,52,40,12,20,19,1
S01009959,No central heating,5,1,4,4,1,3,1,0,1,0,0,0
S01009959,Gas central heating,546,75,471,489,26,463,39,32,7,18,17,1
S01009959,Electric (including storage heaters) central heating,87,14,73,76,6,70,10,7,3,1,1,0
S01009959,Oil central heating,0,0,0,0,0,0,0,0,0,0,0,0
S01009959,Solid fuel (for example wood coal) central heating,4,1,3,3,0,3,1,1,0,0,0,0
S01009959,Other central heating,0,0,0,0,0,0,0,0,0,0,0,0
S01009959,Two or more types of central heating,15,1,14,13,0,13,1,0,1,1,1,0
S01009960,All people in households,902,177,725,764,65,699,109,83,26,29,29,0
S01009960,No central heating,4,2,2,2,0,2,2,2,0,0,0,0
S01009960,Gas central heating,770,99,671,694,43,651,61,41,20,15,15,0
S01009960,Electric (including storage heaters) central heating,103,68,35,51,22,29,43,37,6,9,9,0
S01009960,Oil central heating,0,0,0,0,0,0,0,0,0,0,0,0
S01009960,Solid fuel (for example wood coal) central heating,0,0,0,0,0,0,0,0,0,0,0,0
S01009960,Other central heating,4,3,1,1,0,1,1,1,0,2,2,0
S01009960,Two or more types of central heating,21,5,16,16,0,16,2,2,0,3,3,0
S01009961,All people in households,674,161,513,533,42,491,78,57,21,63,62,1
S01009961,No central heating,9,5,4,4,0,4,2,2,0,3,3,0
S01009961,Gas central heating,601,143,458,473,35,438,72,53,19,56,55,1
S01009961,Electric (including storage heaters) central heating,51,10,41,44,5,39,3,1,2,4,4,0
S01009961,Oil central heating,3,2,1,3,2,1,0,0,0,0,0,0
S01009961,Solid fuel (for example wood coal) central heating,1,1,0,0,0,0,1,1,0,0,0,0
S01009961,Other central heating,0,0,0,0,0,0,0,0,0,0,0,0
S01009961,Two or more types of central heating,9,0,9,9,0,9,0,0,0,0,0,0
S01009962,All people in households,991,179,812,814,52,762,115,70,45,62,57,5
S01009962,No central heating,60,16,44,45,4,41,5,3,2,10,9,1
S01009962,Gas central heating,790,133,657,665,41,624,87,55,32,38,37,1
S01009962,Electric (including storage heaters) central heating,122,29,93,86,7,79,23,12,11,13,10,3
S01009962,Oil central heating,0,0,0,0,0,0,0,0,0,0,0,0
S01009962,Solid fuel (for example wood coal) central heating,0,0,0,0,0,0,0,0,0,0,0,0
S01009962,Other central heating,4,0,4,4,0,4,0,0,0,0,0,0
S01009962,Two or more types of central heating,15,1,14,14,0,14,0,0,0,1,1,0
S01009963,All people in households,802,122,680,694,44,650,84,55,29,24,23,1
S01009963,No central heating,2,1,1,1,0,1,1,1,0,0,0,0
S01009963,Gas central heating,785,114,671,683,40,643,78,51,27,24,23,1
S01009963,Electric (including storage heaters) central heating,9,5,4,5,2,3,4,3,1,0,0,0
S01009963,Oil central heating,1,0,1,1,0,1,0,0,0,0,0,0
S01009963,Solid fuel (for example wood coal) central heating,0,0,0,0,0,0,0,0,0,0,0,0
S01009963,Other central heating,1,0,1,0,0,0,1,0,1,0,0,0
S01009963,Two or more types of central heating,4,2,2,4,2,2,0,0,0,0,0,0
S01009964,All people in households,925,143,782,807,49,758,83,59,24,35,35,0
S01009964,No central heating,18,6,12,11,1,10,6,4,2,1,1,0
S01009964,Gas central heating,831,119,712,731,39,692,70,50,20,30,30,0
S01009964,Electric (including storage heaters) central heating,30,10,20,24,4,20,3,3,0,3,3,0
S01009964,Oil central heating,0,0,0,0,0,0,0,0,0,0,0,0
S01009964,Solid fuel (for example wood coal) central heating,0,0,0,0,0,0,0,0,0,0,0,0
S01009964,Other central heating,4,1,3,3,0,3,1,1,0,0,0,0
S01009964,Two or more types of central heating,42,7,35,38,5,33,3,1,2,1,1,0
S01009965,All people in households,718,135,583,598,40,558,88,65,23,32,30,2
S01009965,No central heating,9,3,6,7,2,5,1,1,0,1,0,1
S01009965,Gas central heating,688,122,566,577,34,543,83,61,22,28,27,1
S01009965,Electric (including storage heaters) central heating,13,7,6,9,3,6,3,3,0,1,1,0
S01009965,Oil central heating,4,2,2,3,1,2,0,0,0,1,1,0
S01009965,Solid fuel (for example wood coal) central heating,0,0,0,0,0,0,0,0,0,0,0,0
S01009965,Other central heating,0,0,0,0,0,0,0,0,0,0,0,0
S01009965,Two or more types of central heating,4,1,3,2,0,2,1,0,1,1,1,0
S01009966,All people in households,776,143,633,651,43,608,94,69,25,31,31,0
S01009966,No central heating,0,0,0,0,0,0,0,0,0,0,0,0
S01009966,Gas central heating,746,136,610,626,40,586,90,66,24,30,30,0
S01009966,Electric (including storage heaters) central heating,18,6,12,13,2,11,4,3,1,1,1,0
S01009966,Oil central heating,0,0,0,0,0,0,0,0,0,0,0,0
S01009966,Solid fuel (for example wood coal) central heating,0,0,0,0,0,0,0,0,0,0,0,0
S01009966,Other central heating,0,0,0,0,0,0,0,0,0,0,0,0
S01009966,Two or more types of central heating,12,1,11,12,1,11,0,0,0,0,0,0
S01009967,All people in households,801,131,670,699,49,650,69,51,18,33,31,2
S01009967,No central heating,12,2,10,11,1,10,1,1,0,0,0,0
S01009967,Gas central heating,731,121,610,634,44,590,64,46,18,33,31,2
S01009967,Electric (including storage heaters) central heating,50,7,43,47,4,43,3,3,0,0,0,0
S01009967,Oil central heating,5,1,4,4,0,4,1,1,0,0,0,0
S01009967,Solid fuel (for example wood coal) central heating,2,0,2,2,0,2,0,0,0,0,0,0
S01009967,Other central heating,0,0,0,0,0,0,0,0,0,0,0,0
S01009967,Two or more types of central heating,1,0,1,1,0,1,0,0,0,0,0,0
S01009968,All people in households,608,122,486,499,31,468,76,61,15,33,30,3
S01009968,No central heating,1,1,0,0,0,0,1,1,0,0,0,0
S01009968,Gas central heating,598,120,478,491,31,460,75,60,15,32,29,3
S01009968,Electric (including storage heaters) central heating,9,1,8,8,0,8,0,0,0,1,1,0
S01009968,Oil central heating,0,0,0,0,0,0,0,0,0,0,0,0
S01009968,Solid fuel (for example wood coal) central heating,0,0,0,0,0,0,0,0,0,0,0,0
S01009968,Other central heating,0,0,0,0,0,0,0,0,0,0,0,0
S01009968,Two or more types of central heating,0,0,0,0,0,0,0,0,0,0,0,0
S01009969,All people in households,857,144,713,743,57,686,81,55,26,33,32,1
S01009969,No central heating,1,0,1,1,0,1,0,0,0,0,0,0
S01009969,Gas central heating,803,122,681,707,50,657,67,44,23,29,28,1
S01009969,Electric (including storage heaters) central heating,35,19,16,18,5,13,13,10,3,4,4,0
S01009969,Oil central heating,10,2,8,10,2,8,0,0,0,0,0,0
S01009969,Solid fuel (for example wood coal) central heating,0,0,0,0,0,0,0,0,0,0,0,0
S01009969,Other central heating,5,0,5,5,0,5,0,0,0,0,0,0
S01009969,Two or more types of central heating,3,1,2,2,0,2,1,1,0,0,0,0
S01009970,All people in households,946,276,670,661,40,621,190,142,48,95,94,1
S01009970,No central heating,11,1,10,9,0,9,2,1,1,0,0,0
S01009970,Gas central heating,894,263,631,624,37,587,178,135,43,92,91,1
S01009970,Electric (including storage heaters) central heating,23,10,13,12,3,9,10,6,4,1,1,0
S01009970,Oil central heating,0,0,0,0,0,0,0,0,0,0,0,0
S01009970,Solid fuel (for example wood coal) central heating,0,0,0,0,0,0,0,0,0,0,0,0
S01009970,Other central heating,1,0,1,1,0,1,0,0,0,0,0,0
S01009970,Two or more types of central heating,17,2,15,15,0,15,0,0,0,2,2,0
S01009971,All people in households,1093,300,793,778,64,714,186,111,75,129,125,4
S01009971,No central heating,1,0,1,0,0,0,0,0,0,1,0,1
S01009971,Gas central heating,1028,272,756,741,56,685,174,106,68,113,110,3
S01009971,Electric (including storage heaters) central heating,27,14,13,11,2,9,9,5,4,7,7,0
S01009971,Oil central heating,0,0,0,0,0,0,0,0,0,0,0,0
S01009971,Solid fuel (for example wood coal) central heating,0,0,0,0,0,0,0,0,0,0,0,0
S01009971,Other central heating,4,2,2,4,2,2,0,0,0,0,0,0
S01009971,Two or more types of central heating,33,12,21,22,4,18,3,0,3,8,8,0
S01009972,All people in households,814,180,634,649,48,601,111,80,31,54,52,2
S01009972,No central heating,9,1,8,8,0,8,1,1,0,0,0,0
S01009972,Gas central heating,751,160,591,606,45,561,99,71,28,46,44,2
S01009972,Electric (including storage heaters) central heating,36,14,22,23,3,20,7,5,2,6,6,0
S01009972,Oil central heating,1,1,0,0,0,0,1,1,0,0,0,0
S01009972,Solid fuel (for example wood coal) central heating,1,0,1,1,0,1,0,0,0,0,0,0
S01009972,Other central heating,6,1,5,4,0,4,2,1,1,0,0,0
S01009972,Two or more types of central heating,10,3,7,7,0,7,1,1,0,2,2,0
S01009973,All people in households,725,121,604,596,27,569,84,49,35,45,45,0
S01009973,No central heating,1,1,0,1,1,0,0,0,0,0,0,0
S01009973,Gas central heating,684,110,574,564,25,539,81,46,35,39,39,0
S01009973,Electric (including storage heaters) central heating,10,1,9,9,0,9,0,0,0,1,1,0
S01009973,Oil central heating,0,0,0,0,0,0,0,0,0,0,0,0
S01009973,Solid fuel (for example wood coal) central heating,0,0,0,0,0,0,0,0,0,0,0,0
S01009973,Other central heating,0,0,0,0,0,0,0,0,0,0,0,0
S01009973,Two or more types of central heating,30,9,21,22,1,21,3,3,0,5,5,0
S01009974,All people in households,615,196,419,421,39,382,115,83,32,79,74,5
S01009974,No central heating,9,4,5,6,1,5,2,2,0,1,1,0
S01009974,Gas central heating,582,185,397,401,38,363,107,77,30,74,70,4
S01009974,Electric (including storage heaters) central heating,4,3,1,0,0,0,3,2,1,1,1,0
S01009974,Oil central heating,0,0,0,0,0,0,0,0,0,0,0,0
S01009974,Solid fuel (for example wood coal) central heating,0,0,0,0,0,0,0,0,0,0,0,0
S01009974,Other central heating,2,1,1,0,0,0,1,0,1,1,1,0
S01009974,Two or more types of central heating,18,3,15,14,0,14,2,2,0,2,1,1
S01009975,All people in households,800,313,487,491,50,441,171,128,43,138,135,3
S01009975,No central heating,14,4,10,8,0,8,3,1,2,3,3,0
S01009975,Gas central heating,691,268,423,435,47,388,143,111,32,113,110,3
S01009975,Electric (including storage heaters) central heating,59,27,32,29,2,27,14,9,5,16,16,0
S01009975,Oil central heating,0,0,0,0,0,0,0,0,0,0,0,0
S01009975,Solid fuel (for example wood coal) central heating,0,0,0,0,0,0,0,0,0,0,0,0
S01009975,Other central heating,5,1,4,3,0,3,1,0,1,1,1,0
S01009975,Two or more types of central heating,31,13,18,16,1,15,10,7,3,5,5,0
S01009976,All people in households,490,140,350,341,24,317,89,59,30,60,57,3
S01009976,No central heating,6,1,5,3,0,3,2,0,2,1,1,0
S01009976,Gas central heating,439,117,322,315,22,293,76,50,26,48,45,3
S01009976,Electric (including storage heaters) central heating,23,13,10,10,1,9,5,4,1,8,8,0
S01009976,Oil central heating,0,0,0,0,0,0,0,0,0,0,0,0
S01009976,Solid fuel (for example wood coal) central heating,0,0,0,0,0,0,0,0,0,0,0,0
S01009976,Other central heating,0,0,0,0,0,0,0,0,0,0,0,0
S01009976,Two or more types of central heating,22,9,13,13,1,12,6,5,1,3,3,0
S01009977,All people in households,926,402,524,505,58,447,240,170,70,181,174,7
S01009977,No central heating,17,7,10,10,2,8,4,2,2,3,3,0
S01009977,Gas central heating,511,180,331,332,35,297,105,73,32,74,72,2
S01009977,Electric (including storage heaters) central heating,360,199,161,142,21,121,122,86,36,96,92,4
S01009977,Oil central heating,0,0,0,0,0,0,0,0,0,0,0,0
S01009977,Solid fuel (for example wood coal) central heating,0,0,0,0,0,0,0,0,0,0,0,0
S01009977,Other central heating,20,6,14,13,0,13,3,3,0,4,3,1
S01009977,Two or more types of central heating,18,10,8,8,0,8,6,6,0,4,4,0
S01009978,All people in households,1019,271,748,749,52,697,138,93,45,132,126,6
S01009978,No central heating,10,3,7,8,1,7,1,1,0,1,1,0
S01009978,Gas central heating,930,239,691,696,46,650,122,83,39,112,110,2
S01009978,Electric (including storage heaters) central heating,29,10,19,16,1,15,9,5,4,4,4,0
S01009978,Oil central heating,0,0,0,0,0,0,0,0,0,0,0,0
S01009978,Solid fuel (for example wood coal) central heating,0,0,0,0,0,0,0,0,0,0,0,0
S01009978,Other central heating,2,2,0,1,1,0,0,0,0,1,1,0
S01009978,Two or more types of central heating,48,17,31,28,3,25,6,4,2,14,10,4
S01009979,All people in households,481,178,303,302,34,268,108,76,32,71,68,3
S01009979,No central heating,4,1,3,3,0,3,0,0,0,1,1,0
S01009979,Gas central heating,444,167,277,278,33,245,102,72,30,64,62,2
S01009979,Electric (including storage heaters) central heating,8,5,3,3,1,2,3,2,1,2,2,0
S01009979,Oil central heating,0,0,0,0,0,0,0,0,0,0,0,0
S01009979,Solid fuel (for example wood coal) central heating,0,0,0,0,0,0,0,0,0,0,0,0
S01009979,Other central heating,1,1,0,0,0,0,0,0,0,1,1,0
S01009979,Two or more types of central heating,24,4,20,18,0,18,3,2,1,3,2,1
S01009980,All people in households,567,183,384,385,36,349,105,72,33,77,75,2
S01009980,No central heating,5,2,3,2,0,2,2,1,1,1,1,0
S01009980,Gas central heating,515,163,352,355,32,323,90,63,27,70,68,2
S01009980,Electric (including storage heaters) central heating,18,6,12,10,1,9,6,3,3,2,2,0
S01009980,Oil central heating,0,0,0,0,0,0,0,0,0,0,0,0
S01009980,Solid fuel (for example wood coal) central heating,0,0,0,0,0,0,0,0,0,0,0,0
S01009980,Other central heating,2,2,0,0,0,0,2,2,0,0,0,0
S01009980,Two or more types of central heating,27,10,17,18,3,15,5,3,2,4,4,0
S01009981,All people in households,694,204,490,485,33,452,121,84,37,88,87,1
S01009981,No central heating,6,4,2,4,2,2,1,1,0,1,1,0
S01009981,Gas central heating,610,158,452,445,27,418,96,62,34,69,69,0
S01009981,Electric (including storage heaters) central heating,44,30,14,14,2,12,20,18,2,10,10,0
S01009981,Oil central heating,0,0,0,0,0,0,0,0,0,0,0,0
S01009981,Solid fuel (for example wood coal) central heating,0,0,0,0,0,0,0,0,0,0,0,0
S01009981,Other central heating,3,3,0,0,0,0,1,1,0,2,2,0
S01009981,Two or more types of central heating,31,9,22,22,2,20,3,2,1,6,5,1
S01009982,All people in households,1030,201,829,807,39,768,127,70,57,96,92,4
S01009982,No central heating,9,2,7,6,0,6,2,1,1,1,1,0
S01009982,Gas central heating,965,181,784,768,39,729,113,62,51,84,80,4
S01009982,Electric (including storage heaters) central heating,21,8,13,11,0,11,5,3,2,5,5,0
S01009982,Oil central heating,0,0,0,0,0,0,0,0,0,0,0,0
S01009982,Solid fuel (for example wood coal) central heating,0,0,0,0,0,0,0,0,0,0,0,0
S01009982,Other central heating,8,2,6,5,0,5,2,1,1,1,1,0
S01009982,Two or more types of central heating,27,8,19,17,0,17,5,3,2,5,5,0
S01009983,All people in households,579,145,434,442,35,407,71,50,21,66,60,6
S01009983,No central heating,3,2,1,2,1,1,0,0,0,1,1,0
S01009983,Gas central heating,512,126,386,396,33,363,64,44,20,52,49,3
S01009983,Electric (including storage heaters) central heating,26,5,21,17,0,17,3,2,1,6,3,3
S01009983,Oil central heating,0,0,0,0,0,0,0,0,0,0,0,0
S01009983,Solid fuel (for example wood coal) central heating,0,0,0,0,0,0,0,0,0,0,0,0
S01009983,Other central heating,5,1,4,4,0,4,0,0,0,1,1,0
S01009983,Two or more types of central heating,33,11,22,23,1,22,4,4,0,6,6,0
S01009984,All people in households,750,149,601,605,38,567,89,58,31,56,53,3
S01009984,No central heating,0,0,0,0,0,0,0,0,0,0,0,0
S01009984,Gas central heating,664,132,532,534,31,503,80,53,27,50,48,2
S01009984,Electric (including storage heaters) central heating,52,10,42,42,3,39,4,2,2,6,5,1
S01009984,Oil central heating,0,0,0,0,0,0,0,0,0,0,0,0
S01009984,Solid fuel (for example wood coal) central heating,0,0,0,0,0,0,0,0,0,0,0,0
S01009984,Other central heating,5,0,5,5,0,5,0,0,0,0,0,0
S01009984,Two or more types of central heating,29,7,22,24,4,20,5,3,2,0,0,0
S01009985,All people in households,611,133,478,478,35,443,78,44,34,55,54,1
S01009985,No central heating,3,0,3,3,0,3,0,0,0,0,0,0
S01009985,Gas central heating,536,109,427,425,29,396,68,38,30,43,42,1
S01009985,Electric (including storage heaters) central heating,35,14,21,22,2,20,4,3,1,9,9,0
S01009985,Oil central heating,1,0,1,1,0,1,0,0,0,0,0,0
S01009985,Solid fuel (for example wood coal) central heating,0,0,0,0,0,0,0,0,0,0,0,0
S01009985,Other central heating,5,1,4,5,1,4,0,0,0,0,0,0
S01009985,Two or more types of central heating,31,9,22,22,3,19,6,3,3,3,3,0
S01009986,All people in households,552,196,356,352,34,318,103,72,31,97,90,7
S01009986,No central heating,2,2,0,0,0,0,0,0,0,2,2,0
S01009986,Gas central heating,518,177,341,340,33,307,94,64,30,84,80,4
S01009986,Electric (including storage heaters) central heating,17,11,6,6,0,6,7,7,0,4,4,0
S01009986,Oil central heating,0,0,0,0,0,0,0,0,0,0,0,0
S01009986,Solid fuel (for example wood coal) central heating,0,0,0,0,0,0,0,0,0,0,0,0
S01009986,Other central heating,0,0,0,0,0,0,0,0,0,0,0,0
S01009986,Two or more types of central heating,15,6,9,6,1,5,2,1,1,7,4,3
S01009987,All people in households,880,304,576,582,54,528,183,135,48,115,115,0
S01009987,No central heating,0,0,0,0,0,0,0,0,0,0,0,0
S01009987,Gas central heating,833,284,549,554,51,503,170,124,46,109,109,0
S01009987,Electric (including storage heaters) central heating,25,13,12,12,2,10,9,7,2,4,4,0
S01009987,Oil central heating,0,0,0,0,0,0,0,0,0,0,0,0
S01009987,Solid fuel (for example wood coal) central heating,0,0,0,0,0,0,0,0,0,0,0,0
S01009987,Other central heating,1,1,0,0,0,0,1,1,0,0,0,0
S01009987,Two or more types of central heating,21,6,15,16,1,15,3,3,0,2,2,0
S01009988,All people in households,497,199,298,316,42,274,108,85,23,73,72,1
S01009988,No central heating,0,0,0,0,0,0,0,0,0,0,0,0
S01009988,Gas central heating,463,182,281,295,37,258,101,79,22,67,66,1
S01009988,Electric (including storage heaters) central heating,10,4,6,7,1,6,1,1,0,2,2,0
S01009988,Oil central heating,0,0,0,0,0,0,0,0,0,0,0,0
S01009988,Solid fuel (for example wood coal) central heating,0,0,0,0,0,0,0,0,0,0,0,0
S01009988,Other central heating,0,0,0,0,0,0,0,0,0,0,0,0
S01009988,Two or more types of central heating,24,13,11,14,4,10,6,5,1,4,4,0
S01009989,All people in households,803,158,645,629,31,598,116,72,44,58,55,3
S01009989,No central heating,19,4,15,15,1,14,3,2,1,1,1,0
S01009989,Gas central heating,759,149,610,594,29,565,109,67,42,56,53,3
S01009989,Electric (including storage heaters) central heating,18,3,15,14,0,14,3,2,1,1,1,0
S01009989,Oil central heating,0,0,0,0,0,0,0,0,0,0,0,0
S01009989,Solid fuel (for example wood coal) central heating,0,0,0,0,0,0,0,0,0,0,0,0
S01009989,Other central heating,0,0,0,0,0,0,0,0,0,0,0,0
S01009989,Two or more types of central heating,7,2,5,6,1,5,1,1,0,0,0,0
S01009990,All people in households,673,115,558,573,38,535,69,47,22,31,30,1
S01009990,No central heating,16,3,13,11,1,10,5,2,3,0,0,0
S01009990,Gas central heating,626,100,526,543,35,508,57,40,17,26,25,1
S01009990,Electric (including storage heaters) central heating,23,7,16,17,2,15,2,1,1,4,4,0
S01009990,Oil central heating,0,0,0,0,0,0,0,0,0,0,0,0
S01009990,Solid fuel (for example wood coal) central heating,0,0,0,0,0,0,0,0,0,0,0,0
S01009990,Other central heating,1,1,0,0,0,0,1,1,0,0,0,0
S01009990,Two or more types of central heating,7,4,3,2,0,2,4,3,1,1,1,0
S01009991,All people in households,800,113,687,693,36,657,78,48,30,29,29,0
S01009991,No central heating,31,11,20,22,3,19,6,5,1,3,3,0
S01009991,Gas central heating,737,92,645,649,32,617,64,36,28,24,24,0
S01009991,Electric (including storage heaters) central heating,14,5,9,9,0,9,4,4,0,1,1,0
S01009991,Oil central heating,0,0,0,0,0,0,0,0,0,0,0,0
S01009991,Solid fuel (for example wood coal) central heating,0,0,0,0,0,0,0,0,0,0,0,0
S01009991,Other central heating,6,1,5,4,0,4,2,1,1,0,0,0
S01009991,Two or more types of central heating,12,4,8,9,1,8,2,2,0,1,1,0
S01009992,All people in households,695,257,438,455,58,397,142,106,36,98,93,5
S01009992,No central heating,3,1,2,1,0,1,2,1,1,0,0,0
S01009992,Gas central heating,626,231,395,411,51,360,132,101,31,83,79,4
S01009992,Electric (including storage heaters) central heating,24,10,14,14,1,13,4,3,1,6,6,0
S01009992,Oil central heating,0,0,0,0,0,0,0,0,0,0,0,0
S01009992,Solid fuel (for example wood coal) central heating,2,2,0,1,1,0,0,0,0,1,1,0
S01009992,Other central heating,1,0,1,0,0,0,1,0,1,0,0,0
S01009992,Two or more types of central heating,39,13,26,28,5,23,3,1,2,8,7,1
S01009993,All people in households,826,127,699,713,47,666,73,41,32,40,39,1
S01009993,No central heating,6,1,5,5,0,5,1,1,0,0,0,0
S01009993,Gas central heating,755,112,643,655,44,611,65,34,31,35,34,1
S01009993,Electric (including storage heaters) central heating,47,14,33,36,3,33,6,6,0,5,5,0
S01009993,Oil central heating,0,0,0,0,0,0,0,0,0,0,0,0
S01009993,Solid fuel (for example wood coal) central heating,0,0,0,0,0,0,0,0,0,0,0,0
S01009993,Other central heating,5,0,5,4,0,4,1,0,1,0,0,0
S01009993,Two or more types of central heating,13,0,13,13,0,13,0,0,0,0,0,0
S01009994,All people in households,725,108,617,615,31,584,77,46,31,33,31,2
S01009994,No central heating,14,2,12,12,0,12,2,2,0,0,0,0
S01009994,Gas central heating,689,105,584,582,30,552,75,44,31,32,31,1
S01009994,Electric (including storage heaters) central heating,4,0,4,4,0,4,0,0,0,0,0,0
S01009994,Oil central heating,0,0,0,0,0,0,0,0,0,0,0,0
S01009994,Solid fuel (for example wood coal) central heating,0,0,0,0,0,0,0,0,0,0,0,0
S01009994,Other central heating,0,0,0,0,0,0,0,0,0,0,0,0
S01009994,Two or more types of central heating,18,1,17,17,1,16,0,0,0,1,0,1
S01009995,All people in households,653,97,556,558,31,527,74,46,28,21,20,1
S01009995,No central heating,16,3,13,13,0,13,3,3,0,0,0,0
S01009995,Gas central heating,610,87,523,526,29,497,63,38,25,21,20,1
S01009995,Electric (including storage heaters) central heating,12,3,9,8,1,7,4,2,2,0,0,0
S01009995,Oil central heating,2,1,1,1,0,1,1,1,0,0,0,0
S01009995,Solid fuel (for example wood coal) central heating,0,0,0,0,0,0,0,0,0,0,0,0
S01009995,Other central heating,0,0,0,0,0,0,0,0,0,0,0,0
S01009995,Two or more types of central heating,13,3,10,10,1,9,3,2,1,0,0,0
S01009996,All people in households,744,144,600,598,27,571,93,65,28,53,52,1
S01009996,No central heating,25,3,22,20,0,20,5,3,2,0,0,0
S01009996,Gas central heating,681,124,557,559,27,532,77,53,24,45,44,1
S01009996,Electric (including storage heaters) central heating,24,12,12,11,0,11,9,8,1,4,4,0
S01009996,Oil central heating,2,2,0,0,0,0,0,0,0,2,2,0
S01009996,Solid fuel (for example wood coal) central heating,0,0,0,0,0,0,0,0,0,0,0,0
S01009996,Other central heating,0,0,0,0,0,0,0,0,0,0,0,0
S01009996,Two or more types of central heating,12,3,9,8,0,8,2,1,1,2,2,0
S01009997,All people in households,575,84,491,497,31,466,54,29,25,24,24,0
S01009997,No central heating,9,1,8,8,0,8,0,0,0,1,1,0
S01009997,Gas central heating,538,79,459,466,30,436,50,27,23,22,22,0
S01009997,Electric (including storage heaters) central heating,21,1,20,19,0,19,2,1,1,0,0,0
S01009997,Oil central heating,0,0,0,0,0,0,0,0,0,0,0,0
S01009997,Solid fuel (for example wood coal) central heating,0,0,0,0,0,0,0,0,0,0,0,0
S01009997,Other central heating,0,0,0,0,0,0,0,0,0,0,0,0
S01009997,Two or more types of central heating,7,3,4,4,1,3,2,1,1,1,1,0
S01009998,All people in households,634,113,521,532,36,496,70,45,25,32,32,0
S01009998,No central heating,7,3,4,5,1,4,1,1,0,1,1,0
S01009998,Gas central heating,589,103,486,494,33,461,66,41,25,29,29,0
S01009998,Electric (including storage heaters) central heating,18,5,13,15,2,13,1,1,0,2,2,0
S01009998,Oil central heating,1,0,1,1,0,1,0,0,0,0,0,0
S01009998,Solid fuel (for example wood coal) central heating,0,0,0,0,0,0,0,0,0,0,0,0
S01009998,Other central heating,8,0,8,8,0,8,0,0,0,0,0,0
S01009998,Two or more types of central heating,11,2,9,9,0,9,2,2,0,0,0,0
S01009999,All people in households,733,134,599,617,46,571,81,54,27,35,34,1
S01009999,No central heating,19,5,14,15,2,13,0,0,0,4,3,1
S01009999,Gas central heating,694,125,569,586,44,542,79,52,27,29,29,0
S01009999,Electric (including storage heaters) central heating,10,0,10,10,0,10,0,0,0,0,0,0
S01009999,Oil central heating,0,0,0,0,0,0,0,0,0,0,0,0
S01009999,Solid fuel (for example wood coal) central heating,1,1,0,0,0,0,1,1,0,0,0,0
S01009999,Other central heating,0,0,0,0,0,0,0,0,0,0,0,0
S01009999,Two or more types of central heating,9,3,6,6,0,6,1,1,0,2,2,0
S01010000,All people in households,616,92,524,523,28,495,72,43,29,21,21,0
S01010000,No central heating,10,6,4,6,2,4,2,2,0,2,2,0
S01010000,Gas central heating,587,84,503,502,24,478,66,41,25,19,19,0
S01010000,Electric (including storage heaters) central heating,9,0,9,5,0,5,4,0,4,0,0,0
S01010000,Oil central heating,0,0,0,0,0,0,0,0,0,0,0,0
S01010000,Solid fuel (for example wood coal) central heating,0,0,0,0,0,0,0,0,0,0,0,0
S01010000,Other central heating,0,0,0,0,0,0,0,0,0,0,0,0
S01010000,Two or more types of central heating,10,2,8,10,2,8,0,0,0,0,0,0
S01010001,All people in households,798,133,665,665,35,630,93,59,34,40,39,1
S01010001,No central heating,9,1,8,8,0,8,0,0,0,1,1,0
S01010001,Gas central heating,725,104,621,618,28,590,75,45,30,32,31,1
S01010001,Electric (including storage heaters) central heating,50,25,25,27,5,22,16,13,3,7,7,0
S01010001,Oil central heating,0,0,0,0,0,0,0,0,0,0,0,0
S01010001,Solid fuel (for example wood coal) central heating,0,0,0,0,0,0,0,0,0,0,0,0
S01010001,Other central heating,4,2,2,3,1,2,1,1,0,0,0,0
S01010001,Two or more types of central heating,10,1,9,9,1,8,1,0,1,0,0,0
S01010002,All people in households,779,133,646,652,40,612,88,58,30,39,35,4
S01010002,No central heating,12,4,8,8,1,7,2,1,1,2,2,0
S01010002,Gas central heating,720,121,599,607,38,569,81,54,27,32,29,3
S01010002,Electric (including storage heaters) central heating,29,6,23,22,1,21,3,2,1,4,3,1
S01010002,Oil central heating,0,0,0,0,0,0,0,0,0,0,0,0
S01010002,Solid fuel (for example wood coal) central heating,0,0,0,0,0,0,0,0,0,0,0,0
S01010002,Other central heating,0,0,0,0,0,0,0,0,0,0,0,0
S01010002,Two or more types of central heating,18,2,16,15,0,15,2,1,1,1,1,0
S01010003,All people in households,712,99,613,617,34,583,70,40,30,25,25,0
S01010003,No central heating,8,5,3,5,2,3,3,3,0,0,0,0
S01010003,Gas central heating,686,91,595,596,31,565,65,35,30,25,25,0
S01010003,Electric (including storage heaters) central heating,10,2,8,9,1,8,1,1,0,0,0,0
S01010003,Oil central heating,0,0,0,0,0,0,0,0,0,0,0,0
S01010003,Solid fuel (for example wood coal) central heating,0,0,0,0,0,0,0,0,0,0,0,0
S01010003,Other central heating,4,1,3,3,0,3,1,1,0,0,0,0
S01010003,Two or more types of central heating,4,0,4,4,0,4,0,0,0,0,0,0
S01010004,All people in households,730,123,607,624,44,580,75,48,27,31,31,0
S01010004,No central heating,7,4,3,2,0,2,2,1,1,3,3,0
S01010004,Gas central heating,697,111,586,605,44,561,66,41,25,26,26,0
S01010004,Electric (including storage heaters) central heating,17,4,13,13,0,13,3,3,0,1,1,0
S01010004,Oil central heating,2,1,1,1,0,1,1,1,0,0,0,0
S01010004,Solid fuel (for example wood coal) central heating,0,0,0,0,0,0,0,0,0,0,0,0
S01010004,Other central heating,0,0,0,0,0,0,0,0,0,0,0,0
S01010004,Two or more types of central heating,7,3,4,3,0,3,3,2,1,1,1,0
S01010005,All people in households,748,172,576,593,46,547,105,78,27,50,48,2
S01010005,No central heating,54,12,42,42,3,39,8,6,2,4,3,1
S01010005,Gas central heating,600,141,459,476,40,436,85,63,22,39,38,1
S01010005,Electric (including storage heaters) central heating,59,14,45,46,3,43,10,8,2,3,3,0
S01010005,Oil central heating,2,0,2,2,0,2,0,0,0,0,0,0
S01010005,Solid fuel (for example wood coal) central heating,0,0,0,0,0,0,0,0,0,0,0,0
S01010005,Other central heating,2,0,2,2,0,2,0,0,0,0,0,0
S01010005,Two or more types of central heating,31,5,26,25,0,25,2,1,1,4,4,0
S01010006,All people in households,874,173,701,690,41,649,117,67,50,67,65,2
S01010006,No central heating,61,10,51,43,1,42,14,5,9,4,4,0
S01010006,Gas central heating,649,128,521,515,30,485,85,51,34,49,47,2
S01010006,Electric (including storage heaters) central heating,130,27,103,103,7,96,15,8,7,12,12,0
S01010006,Oil central heating,0,0,0,0,0,0,0,0,0,0,0,0
S01010006,Solid fuel (for example wood coal) central heating,0,0,0,0,0,0,0,0,0,0,0,0
S01010006,Other central heating,3,1,2,2,0,2,1,1,0,0,0,0
S01010006,Two or more types of central heating,31,7,24,27,3,24,2,2,0,2,2,0
S01010007,All people in households,959,135,824,818,43,775,103,55,48,38,37,1
S01010007,No central heating,32,9,23,21,1,20,10,7,3,1,1,0
S01010007,Gas central heating,884,113,771,766,37,729,87,45,42,31,31,0
S01010007,Electric (including storage heaters) central heating,31,13,18,21,5,16,5,3,2,5,5,0
S01010007,Oil central heating,0,0,0,0,0,0,0,0,0,0,0,0
S01010007,Solid fuel (for example wood coal) central heating,0,0,0,0,0,0,0,0,0,0,0,0
S01010007,Other central heating,0,0,0,0,0,0,0,0,0,0,0,0
S01010007,Two or more types of central heating,12,0,12,10,0,10,1,0,1,1,0,1
S01010008,All people in households,618,100,518,521,35,486,66,34,32,31,31,0
S01010008,No central heating,17,3,14,15,2,13,1,0,1,1,1,0
S01010008,Gas central heating,462,70,392,394,25,369,49,26,23,19,19,0
S01010008,Electric (including storage heaters) central heating,120,23,97,97,8,89,13,5,8,10,10,0
S01010008,Oil central heating,0,0,0,0,0,0,0,0,0,0,0,0
S01010008,Solid fuel (for example wood coal) central heating,0,0,0,0,0,0,0,0,0,0,0,0
S01010008,Other central heating,3,1,2,2,0,2,1,1,0,0,0,0
S01010008,Two or more types of central heating,16,3,13,13,0,13,2,2,0,1,1,0
S01010009,All people in households,555,100,455,447,20,427,69,44,25,39,36,3
S01010009,No central heating,70,15,55,50,3,47,13,6,7,7,6,1
S01010009,Gas central heating,376,49,327,326,12,314,37,24,13,13,13,0
S01010009,Electric (including storage heaters) central heating,91,29,62,60,5,55,17,12,5,14,12,2
S01010009,Oil central heating,0,0,0,0,0,0,0,0,0,0,0,0
S01010009,Solid fuel (for example wood coal) central heating,0,0,0,0,0,0,0,0,0,0,0,0
S01010009,Other central heating,0,0,0,0,0,0,0,0,0,0,0,0
S01010009,Two or more types of central heating,18,7,11,11,0,11,2,2,0,5,5,0
S01010010,All people in households,1043,178,865,893,68,825,106,67,39,44,43,1
S01010010,No central heating,21,6,15,17,3,14,2,1,1,2,2,0
S01010010,Gas central heating,983,160,823,848,61,787,96,61,35,39,38,1
S01010010,Electric (including storage heaters) central heating,26,9,17,19,3,16,5,4,1,2,2,0
S01010010,Oil central heating,2,0,2,1,0,1,1,0,1,0,0,0
S01010010,Solid fuel (for example wood coal) central heating,0,0,0,0,0,0,0,0,0,0,0,0
S01010010,Other central heating,0,0,0,0,0,0,0,0,0,0,0,0
S01010010,Two or more types of central heating,11,3,8,8,1,7,2,1,1,1,1,0
S01010011,All people in households,730,223,507,506,56,450,146,96,50,78,71,7
S01010011,No central heating,36,13,23,23,3,20,10,8,2,3,2,1
S01010011,Gas central heating,400,53,347,342,17,325,42,21,21,16,15,1
S01010011,Electric (including storage heaters) central heating,282,154,128,132,36,96,92,65,27,58,53,5
S01010011,Oil central heating,0,0,0,0,0,0,0,0,0,0,0,0
S01010011,Solid fuel (for example wood coal) central heating,0,0,0,0,0,0,0,0,0,0,0,0
S01010011,Other central heating,5,2,3,3,0,3,1,1,0,1,1,0
S01010011,Two or more types of central heating,7,1,6,6,0,6,1,1,0,0,0,0
S01010012,All people in households,843,138,705,716,40,676,92,65,27,35,33,2
S01010012,No central heating,10,5,5,6,1,5,3,3,0,1,1,0
S01010012,Gas central heating,803,122,681,689,34,655,83,59,24,31,29,2
S01010012,Electric (including storage heaters) central heating,10,4,6,6,2,4,4,2,2,0,0,0
S01010012,Oil central heating,0,0,0,0,0,0,0,0,0,0,0,0
S01010012,Solid fuel (for example wood coal) central heating,0,0,0,0,0,0,0,0,0,0,0,0
S01010012,Other central heating,0,0,0,0,0,0,0,0,0,0,0,0
S01010012,Two or more types of central heating,20,7,13,15,3,12,2,1,1,3,3,0
S01010013,All people in households,781,136,645,663,48,615,81,52,29,37,36,1
S01010013,No central heating,51,14,37,39,3,36,7,6,1,5,5,0
S01010013,Gas central heating,638,93,545,555,36,519,61,35,26,22,22,0
S01010013,Electric (including storage heaters) central heating,76,26,50,55,8,47,13,11,2,8,7,1
S01010013,Oil central heating,0,0,0,0,0,0,0,0,0,0,0,0
S01010013,Solid fuel (for example wood coal) central heating,0,0,0,0,0,0,0,0,0,0,0,0
S01010013,Other central heating,1,0,1,1,0,1,0,0,0,0,0,0
S01010013,Two or more types of central heating,15,3,12,13,1,12,0,0,0,2,2,0
S01010014,All people in households,1003,179,824,816,47,769,131,77,54,56,55,1
S01010014,No central heating,63,13,50,47,2,45,13,8,5,3,3,0
S01010014,Gas central heating,808,112,696,698,41,657,84,46,38,26,25,1
S01010014,Electric (including storage heaters) central heating,114,51,63,58,4,54,29,20,9,27,27,0
S01010014,Oil central heating,0,0,0,0,0,0,0,0,0,0,0,0
S01010014,Solid fuel (for example wood coal) central heating,0,0,0,0,0,0,0,0,0,0,0,0
S01010014,Other central heating,1,0,1,0,0,0,1,0,1,0,0,0
S01010014,Two or more types of central heating,17,3,14,13,0,13,4,3,1,0,0,0
S01010015,All people in households,790,83,707,699,21,678,61,32,29,30,30,0
S01010015,No central heating,32,4,28,26,0,26,4,2,2,2,2,0
S01010015,Gas central heating,716,73,643,642,21,621,50,28,22,24,24,0
S01010015,Electric (including storage heaters) central heating,18,2,16,14,0,14,3,1,2,1,1,0
S01010015,Oil central heating,0,0,0,0,0,0,0,0,0,0,0,0
S01010015,Solid fuel (for example wood coal) central heating,0,0,0,0,0,0,0,0,0,0,0,0
S01010015,Other central heating,0,0,0,0,0,0,0,0,0,0,0,0
S01010015,Two or more types of central heating,24,4,20,17,0,17,4,1,3,3,3,0
S01010016,All people in households,723,223,500,523,58,465,118,85,33,82,80,2
S01010016,No central heating,18,0,18,16,0,16,2,0,2,0,0,0
S01010016,Gas central heating,595,165,430,444,40,404,89,64,25,62,61,1
S01010016,Electric (including storage heaters) central heating,92,48,44,50,12,38,23,18,5,19,18,1
S01010016,Oil central heating,0,0,0,0,0,0,0,0,0,0,0,0
S01010016,Solid fuel (for example wood coal) central heating,0,0,0,0,0,0,0,0,0,0,0,0
S01010016,Other central heating,14,8,6,11,5,6,3,3,0,0,0,0
S01010016,Two or more types of central heating,4,2,2,2,1,1,1,0,1,1,1,0
S01010017,All people in households,748,207,541,540,49,491,127,82,45,81,76,5
S01010017,No central heating,23,7,16,16,1,15,4,3,1,3,3,0
S01010017,Gas central heating,598,162,436,441,42,399,86,54,32,71,66,5
S01010017,Electric (including storage heaters) central heating,90,31,59,57,6,51,28,20,8,5,5,0
S01010017,Oil central heating,0,0,0,0,0,0,0,0,0,0,0,0
S01010017,Solid fuel (for example wood coal) central heating,0,0,0,0,0,0,0,0,0,0,0,0
S01010017,Other central heating,0,0,0,0,0,0,0,0,0,0,0,0
S01010017,Two or more types of central heating,37,7,30,26,0,26,9,5,4,2,2,0
S01010018,All people in households,945,281,664,643,43,600,182,127,55,120,111,9
S01010018,No central heating,25,13,12,12,2,10,7,5,2,6,6,0
S01010018,Gas central heating,623,162,461,451,25,426,105,75,30,67,62,5
S01010018,Electric (including storage heaters) central heating,266,98,168,159,15,144,64,42,22,43,41,2
S01010018,Oil central heating,0,0,0,0,0,0,0,0,0,0,0,0
S01010018,Solid fuel (for example wood coal) central heating,0,0,0,0,0,0,0,0,0,0,0,0
S01010018,Other central heating,6,1,5,3,0,3,1,1,0,2,0,2
S01010018,Two or more types of central heating,25,7,18,18,1,17,5,4,1,2,2,0
S01010019,All people in households,725,225,500,477,38,439,156,96,60,92,91,1
S01010019,No central heating,25,2,23,21,1,20,3,0,3,1,1,0
S01010019,Gas central heating,397,122,275,260,17,243,89,58,31,48,47,1
S01010019,Electric (including storage heaters) central heating,274,92,182,176,18,158,60,36,24,38,38,0
S01010019,Oil central heating,0,0,0,0,0,0,0,0,0,0,0,0
S01010019,Solid fuel (for example wood coal) central heating,1,1,0,0,0,0,1,1,0,0,0,0
S01010019,Other central heating,4,0,4,4,0,4,0,0,0,0,0,0
S01010019,Two or more types of central heating,24,8,16,16,2,14,3,1,2,5,5,0
S01010020,All people in households,742,209,533,537,50,487,118,77,41,87,82,5
S01010020,No central heating,6,2,4,3,0,3,1,1,0,2,1,1
S01010020,Gas central heating,679,188,491,498,48,450,108,70,38,73,70,3
S01010020,Electric (including storage heaters) central heating,49,17,32,31,2,29,7,5,2,11,10,1
S01010020,Oil central heating,0,0,0,0,0,0,0,0,0,0,0,0
S01010020,Solid fuel (for example wood coal) central heating,0,0,0,0,0,0,0,0,0,0,0,0
S01010020,Other central heating,2,0,2,2,0,2,0,0,0,0,0,0
S01010020,Two or more types of central heating,6,2,4,3,0,3,2,1,1,1,1,0
S01010021,All people in households,806,219,587,571,33,538,136,91,45,99,95,4
S01010021,No central heating,1,0,1,1,0,1,0,0,0,0,0,0
S01010021,Gas central heating,702,190,512,493,27,466,121,79,42,88,84,4
S01010021,Electric (including storage heaters) central heating,39,13,26,28,3,25,7,6,1,4,4,0
S01010021,Oil central heating,4,0,4,4,0,4,0,0,0,0,0,0
S01010021,Solid fuel (for example wood coal) central heating,0,0,0,0,0,0,0,0,0,0,0,0
S01010021,Other central heating,0,0,0,0,0,0,0,0,0,0,0,0
S01010021,Two or more types of central heating,60,16,44,45,3,42,8,6,2,7,7,0
S01010022,All people in households,956,253,703,692,52,640,160,100,60,104,101,3
S01010022,No central heating,34,8,26,22,0,22,6,2,4,6,6,0
S01010022,Gas central heating,754,204,550,555,45,510,116,78,38,83,81,2
S01010022,Electric (including storage heaters) central heating,64,13,51,43,1,42,18,9,9,3,3,0
S01010022,Oil central heating,0,0,0,0,0,0,0,0,0,0,0,0
S01010022,Solid fuel (for example wood coal) central heating,0,0,0,0,0,0,0,0,0,0,0,0
S01010022,Other central heating,20,4,16,14,1,13,5,2,3,1,1,0
S01010022,Two or more types of central heating,84,24,60,58,5,53,15,9,6,11,10,1
S01010023,All people in households,640,283,357,354,48,306,167,122,45,119,113,6
S01010023,No central heating,25,14,11,14,3,11,7,7,0,4,4,0
S01010023,Gas central heating,345,128,217,213,23,190,70,46,24,62,59,3
S01010023,Electric (including storage heaters) central heating,222,120,102,98,17,81,80,62,18,44,41,3
S01010023,Oil central heating,0,0,0,0,0,0,0,0,0,0,0,0
S01010023,Solid fuel (for example wood coal) central heating,0,0,0,0,0,0,0,0,0,0,0,0
S01010023,Other central heating,16,6,10,10,1,9,4,3,1,2,2,0
S01010023,Two or more types of central heating,32,15,17,19,4,15,6,4,2,7,7,0
S01010024,All people in households,718,191,527,523,39,484,111,71,40,84,81,3
S01010024,No central heating,29,4,25,27,2,25,0,0,0,2,2,0
S01010024,Gas central heating,584,147,437,432,31,401,89,55,34,63,61,2
S01010024,Electric (including storage heaters) central heating,53,21,32,32,3,29,15,13,2,6,5,1
S01010024,Oil central heating,0,0,0,0,0,0,0,0,0,0,0,0
S01010024,Solid fuel (for example wood coal) central heating,0,0,0,0,0,0,0,0,0,0,0,0
S01010024,Other central heating,7,3,4,4,0,4,0,0,0,3,3,0
S01010024,Two or more types of central heating,45,16,29,28,3,25,7,3,4,10,10,0
S01010025,All people in households,534,173,361,357,27,330,98,70,28,79,76,3
S01010025,No central heating,35,14,21,20,0,20,7,6,1,8,8,0
S01010025,Gas central heating,195,45,150,157,15,142,21,13,8,17,17,0
S01010025,Electric (including storage heaters) central heating,285,104,181,170,11,159,63,44,19,52,49,3
S01010025,Oil central heating,0,0,0,0,0,0,0,0,0,0,0,0
S01010025,Solid fuel (for example wood coal) central heating,0,0,0,0,0,0,0,0,0,0,0,0
S01010025,Other central heating,6,3,3,3,0,3,3,3,0,0,0,0
S01010025,Two or more types of central heating,13,7,6,7,1,6,4,4,0,2,2,0
S01010026,All people in households,876,209,667,660,37,623,115,74,41,101,98,3
S01010026,No central heating,43,13,30,30,2,28,9,7,2,4,4,0
S01010026,Gas central heating,446,80,366,375,22,353,36,24,12,35,34,1
S01010026,Electric (including storage heaters) central heating,350,108,242,229,13,216,65,40,25,56,55,1
S01010026,Oil central heating,0,0,0,0,0,0,0,0,0,0,0,0
S01010026,Solid fuel (for example wood coal) central heating,0,0,0,0,0,0,0,0,0,0,0,0
S01010026,Other central heating,1,0,1,0,0,0,1,0,1,0,0,0
S01010026,Two or more types of central heating,36,8,28,26,0,26,4,3,1,6,5,1
S01010027,All people in households,904,184,720,729,40,689,100,71,29,75,73,2
S01010027,No central heating,17,4,13,14,1,13,1,1,0,2,2,0
S01010027,Gas central heating,724,135,589,598,33,565,71,49,22,55,53,2
S01010027,Electric (including storage heaters) central heating,104,28,76,76,3,73,17,14,3,11,11,0
S01010027,Oil central heating,0,0,0,0,0,0,0,0,0,0,0,0
S01010027,Solid fuel (for example wood coal) central heating,0,0,0,0,0,0,0,0,0,0,0,0
S01010027,Other central heating,1,1,0,0,0,0,0,0,0,1,1,0
S01010027,Two or more types of central heating,58,16,42,41,3,38,11,7,4,6,6,0
S01010028,All people in households,639,207,432,413,22,391,128,89,39,98,96,2
S01010028,No central heating,4,2,2,2,0,2,0,0,0,2,2,0
S01010028,Gas central heating,520,140,380,358,15,343,96,61,35,66,64,2
S01010028,Electric (including storage heaters) central heating,80,54,26,30,5,25,25,24,1,25,25,0
S01010028,Oil central heating,0,0,0,0,0,0,0,0,0,0,0,0
S01010028,Solid fuel (for example wood coal) central heating,0,0,0,0,0,0,0,0,0,0,0,0
S01010028,Other central heating,3,0,3,3,0,3,0,0,0,0,0,0
S01010028,Two or more types of central heating,32,11,21,20,2,18,7,4,3,5,5,0
S01010029,All people in households,668,261,407,413,46,367,148,112,36,107,103,4
S01010029,No central heating,30,12,18,17,1,16,9,7,2,4,4,0
S01010029,Gas central heating,375,138,237,239,20,219,83,66,17,53,52,1
S01010029,Electric (including storage heaters) central heating,207,87,120,124,21,103,48,33,15,35,33,2
S01010029,Oil central heating,4,0,4,4,0,4,0,0,0,0,0,0
S01010029,Solid fuel (for example wood coal) central heating,0,0,0,0,0,0,0,0,0,0,0,0
S01010029,Other central heating,16,8,8,7,1,6,6,4,2,3,3,0
S01010029,Two or more types of central heating,36,16,20,22,3,19,2,2,0,12,11,1
S01010030,All people in households,815,134,681,698,38,660,74,54,20,43,42,1
S01010030,No central heating,12,4,8,8,3,5,3,0,3,1,1,0
S01010030,Gas central heating,723,108,615,634,32,602,56,43,13,33,33,0
S01010030,Electric (including storage heaters) central heating,35,12,23,21,2,19,8,5,3,6,5,1
S01010030,Oil central heating,0,0,0,0,0,0,0,0,0,0,0,0
S01010030,Solid fuel (for example wood coal) central heating,0,0,0,0,0,0,0,0,0,0,0,0
S01010030,Other central heating,6,4,2,3,1,2,2,2,0,1,1,0
S01010030,Two or more types of central heating,39,6,33,32,0,32,5,4,1,2,2,0
S01010031,All people in households,692,44,648,649,17,632,33,17,16,10,10,0
S01010031,No central heating,34,2,32,31,0,31,3,2,1,0,0,0
S01010031,Gas central heating,86,17,69,70,4,66,9,6,3,7,7,0
S01010031,Electric (including storage heaters) central heating,564,25,539,540,13,527,21,9,12,3,3,0
S01010031,Oil central heating,2,0,2,2,0,2,0,0,0,0,0,0
S01010031,Solid fuel (for example wood coal) central heating,0,0,0,0,0,0,0,0,0,0,0,0
S01010031,Other central heating,4,0,4,4,0,4,0,0,0,0,0,0
S01010031,Two or more types of central heating,2,0,2,2,0,2,0,0,0,0,0,0
S01010032,All people in households,518,36,482,486,17,469,24,12,12,8,7,1
S01010032,No central heating,13,1,12,13,1,12,0,0,0,0,0,0
S01010032,Gas central heating,235,21,214,215,10,205,15,6,9,5,5,0
S01010032,Electric (including storage heaters) central heating,238,12,226,228,5,223,8,5,3,2,2,0
S01010032,Oil central heating,4,1,3,3,0,3,1,1,0,0,0,0
S01010032,Solid fuel (for example wood coal) central heating,0,0,0,0,0,0,0,0,0,0,0,0
S01010032,Other central heating,0,0,0,0,0,0,0,0,0,0,0,0
S01010032,Two or more types of central heating,28,1,27,27,1,26,0,0,0,1,0,1
S01010033,All people in households,905,186,719,704,33,671,117,70,47,84,83,1
S01010033,No central heating,45,6,39,37,0,37,3,1,2,5,5,0
S01010033,Gas central heating,749,157,592,578,30,548,100,57,43,71,70,1
S01010033,Electric (including storage heaters) central heating,53,6,47,48,2,46,4,3,1,1,1,0
S01010033,Oil central heating,9,3,6,6,0,6,3,3,0,0,0,0
S01010033,Solid fuel (for example wood coal) central heating,0,0,0,0,0,0,0,0,0,0,0,0
S01010033,Other central heating,5,2,3,3,0,3,2,2,0,0,0,0
S01010033,Two or more types of central heating,44,12,32,32,1,31,5,4,1,7,7,0
S01010034,All people in households,852,305,547,538,56,482,171,111,60,143,138,5
S01010034,No central heating,39,18,21,17,2,15,10,4,6,12,12,0
S01010034,Gas central heating,569,194,375,377,39,338,109,74,35,83,81,2
S01010034,Electric (including storage heaters) central heating,188,69,119,114,11,103,39,25,14,35,33,2
S01010034,Oil central heating,0,0,0,0,0,0,0,0,0,0,0,0
S01010034,Solid fuel (for example wood coal) central heating,0,0,0,0,0,0,0,0,0,0,0,0
S01010034,Other central heating,3,0,3,3,0,3,0,0,0,0,0,0
S01010034,Two or more types of central heating,53,24,29,27,4,23,13,8,5,13,12,1
S01010035,All people in households,686,209,477,479,37,442,110,82,28,97,90,7
S01010035,No central heating,134,49,85,83,6,77,25,19,6,26,24,2
S01010035,Gas central heating,123,36,87,88,4,84,20,17,3,15,15,0
S01010035,Electric (including storage heaters) central heating,398,112,286,291,26,265,58,40,18,49,46,3
S01010035,Oil central heating,0,0,0,0,0,0,0,0,0,0,0,0
S01010035,Solid fuel (for example wood coal) central heating,2,0,2,1,0,1,0,0,0,1,0,1
S01010035,Other central heating,4,2,2,2,0,2,1,1,0,1,1,0
S01010035,Two or more types of central heating,25,10,15,14,1,13,6,5,1,5,4,1
S01010036,All people in households,796,19,777,753,7,746,36,8,28,7,4,3
S01010036,No central heating,33,0,33,32,0,32,1,0,1,0,0,0
S01010036,Gas central heating,122,9,113,111,3,108,8,3,5,3,3,0
S01010036,Electric (including storage heaters) central heating,632,8,624,603,4,599,25,3,22,4,1,3
S01010036,Oil central heating,0,0,0,0,0,0,0,0,0,0,0,0
S01010036,Solid fuel (for example wood coal) central heating,0,0,0,0,0,0,0,0,0,0,0,0
S01010036,Other central heating,0,0,0,0,0,0,0,0,0,0,0,0
S01010036,Two or more types of central heating,9,2,7,7,0,7,2,2,0,0,0,0
S01010037,All people in households,642,242,400,373,35,338,152,92,60,117,115,2
S01010037,No central heating,9,5,4,2,0,2,5,3,2,2,2,0
S01010037,Gas central heating,520,218,302,284,29,255,129,82,47,107,107,0
S01010037,Electric (including storage heaters) central heating,74,11,63,61,4,57,8,3,5,5,4,1
S01010037,Oil central heating,11,1,10,7,0,7,4,1,3,0,0,0
S01010037,Solid fuel (for example wood coal) central heating,0,0,0,0,0,0,0,0,0,0,0,0
S01010037,Other central heating,4,3,1,2,1,1,2,2,0,0,0,0
S01010037,Two or more types of central heating,24,4,20,17,1,16,4,1,3,3,2,1
S01010038,All people in households,990,310,680,653,34,619,174,123,51,163,153,10
S01010038,No central heating,54,10,44,44,0,44,5,5,0,5,5,0
S01010038,Gas central heating,758,246,512,498,29,469,126,90,36,134,127,7
S01010038,Electric (including storage heaters) central heating,113,32,81,77,4,73,25,17,8,11,11,0
S01010038,Oil central heating,5,2,3,2,0,2,3,2,1,0,0,0
S01010038,Solid fuel (for example wood coal) central heating,0,0,0,0,0,0,0,0,0,0,0,0
S01010038,Other central heating,11,5,6,5,0,5,4,3,1,2,2,0
S01010038,Two or more types of central heating,49,15,34,27,1,26,11,6,5,11,8,3
S01010039,All people in households,945,59,886,880,18,862,42,20,22,23,21,2
S01010039,No central heating,34,2,32,30,0,30,3,1,2,1,1,0
S01010039,Gas central heating,578,37,541,540,9,531,22,12,10,16,16,0
S01010039,Electric (including storage heaters) central heating,321,19,302,301,9,292,15,7,8,5,3,2
S01010039,Oil central heating,0,0,0,0,0,0,0,0,0,0,0,0
S01010039,Solid fuel (for example wood coal) central heating,0,0,0,0,0,0,0,0,0,0,0,0
S01010039,Other central heating,0,0,0,0,0,0,0,0,0,0,0,0
S01010039,Two or more types of central heating,12,1,11,9,0,9,2,0,2,1,1,0
S01010040,All people in households,725,115,610,604,23,581,82,53,29,39,39,0
S01010040,No central heating,71,16,55,52,0,52,15,12,3,4,4,0
S01010040,Gas central heating,289,56,233,229,9,220,37,24,13,23,23,0
S01010040,Electric (including storage heaters) central heating,338,40,298,298,13,285,30,17,13,10,10,0
S01010040,Oil central heating,0,0,0,0,0,0,0,0,0,0,0,0
S01010040,Solid fuel (for example wood coal) central heating,0,0,0,0,0,0,0,0,0,0,0,0
S01010040,Other central heating,11,0,11,11,0,11,0,0,0,0,0,0
S01010040,Two or more types of central heating,16,3,13,14,1,13,0,0,0,2,2,0
S01010041,All people in households,649,137,512,513,27,486,62,40,22,74,70,4
S01010041,No central heating,32,5,27,23,0,23,7,3,4,2,2,0
S01010041,Gas central heating,320,77,243,246,20,226,30,16,14,44,41,3
S01010041,Electric (including storage heaters) central heating,278,45,233,234,6,228,23,19,4,21,20,1
S01010041,Oil central heating,0,0,0,0,0,0,0,0,0,0,0,0
S01010041,Solid fuel (for example wood coal) central heating,0,0,0,0,0,0,0,0,0,0,0,0
S01010041,Other central heating,3,1,2,2,0,2,1,1,0,0,0,0
S01010041,Two or more types of central heating,16,9,7,8,1,7,1,1,0,7,7,0
S01010042,All people in households,1095,164,931,920,35,885,99,56,43,76,73,3
S01010042,No central heating,57,11,46,44,1,43,6,3,3,7,7,0
S01010042,Gas central heating,868,134,734,736,30,706,71,46,25,61,58,3
S01010042,Electric (including storage heaters) central heating,101,11,90,83,1,82,14,6,8,4,4,0
S01010042,Oil central heating,0,0,0,0,0,0,0,0,0,0,0,0
S01010042,Solid fuel (for example wood coal) central heating,0,0,0,0,0,0,0,0,0,0,0,0
S01010042,Other central heating,1,1,0,1,1,0,0,0,0,0,0,0
S01010042,Two or more types of central heating,68,7,61,56,2,54,8,1,7,4,4,0
S01010043,All people in households,770,195,575,578,39,539,103,70,33,89,86,3
S01010043,No central heating,59,9,50,47,0,47,7,4,3,5,5,0
S01010043,Gas central heating,495,147,348,354,30,324,72,49,23,69,68,1
S01010043,Electric (including storage heaters) central heating,198,38,160,160,9,151,23,16,7,15,13,2
S01010043,Oil central heating,0,0,0,0,0,0,0,0,0,0,0,0
S01010043,Solid fuel (for example wood coal) central heating,0,0,0,0,0,0,0,0,0,0,0,0
S01010043,Other central heating,2,1,1,1,0,1,1,1,0,0,0,0
S01010043,Two or more types of central heating,16,0,16,16,0,16,0,0,0,0,0,0
S01010044,All people in households,1100,299,801,776,44,732,192,127,65,132,128,4
S01010044,No central heating,63,11,52,50,3,47,6,4,2,7,4,3
S01010044,Gas central heating,555,215,340,330,30,300,128,89,39,97,96,1
S01010044,Electric (including storage heaters) central heating,445,56,389,378,10,368,48,27,21,19,19,0
S01010044,Oil central heating,0,0,0,0,0,0,0,0,0,0,0,0
S01010044,Solid fuel (for example wood coal) central heating,0,0,0,0,0,0,0,0,0,0,0,0
S01010044,Other central heating,4,3,1,2,1,1,2,2,0,0,0,0
S01010044,Two or more types of central heating,33,14,19,16,0,16,8,5,3,9,9,0
S01010045,All people in households,550,201,349,352,30,322,91,64,27,107,107,0
S01010045,No central heating,6,1,5,5,0,5,1,1,0,0,0,0
S01010045,Gas central heating,339,116,223,220,14,206,52,35,17,67,67,0
S01010045,Electric (including storage heaters) central heating,179,71,108,114,15,99,34,25,9,31,31,0
S01010045,Oil central heating,2,0,2,2,0,2,0,0,0,0,0,0
S01010045,Solid fuel (for example wood coal) central heating,0,0,0,0,0,0,0,0,0,0,0,0
S01010045,Other central heating,5,3,2,2,0,2,1,1,0,2,2,0
S01010045,Two or more types of central heating,19,10,9,9,1,8,3,2,1,7,7,0
S01010046,All people in households,747,249,498,481,36,445,148,98,50,118,115,3
S01010046,No central heating,17,4,13,11,0,11,3,1,2,3,3,0
S01010046,Gas central heating,520,204,316,306,28,278,116,81,35,98,95,3
S01010046,Electric (including storage heaters) central heating,148,17,131,124,3,121,17,7,10,7,7,0
S01010046,Oil central heating,9,7,2,4,2,2,4,4,0,1,1,0
S01010046,Solid fuel (for example wood coal) central heating,4,0,4,4,0,4,0,0,0,0,0,0
S01010046,Other central heating,10,5,5,4,0,4,3,2,1,3,3,0
S01010046,Two or more types of central heating,39,12,27,28,3,25,5,3,2,6,6,0
S01010047,All people in households,828,315,513,503,45,458,153,101,52,172,169,3
S01010047,No central heating,16,4,12,11,1,10,3,1,2,2,2,0
S01010047,Gas central heating,172,70,102,94,10,84,44,26,18,34,34,0
S01010047,Electric (including storage heaters) central heating,616,231,385,381,31,350,104,72,32,131,128,3
S01010047,Oil central heating,0,0,0,0,0,0,0,0,0,0,0,0
S01010047,Solid fuel (for example wood coal) central heating,0,0,0,0,0,0,0,0,0,0,0,0
S01010047,Other central heating,2,1,1,1,0,1,1,1,0,0,0,0
S01010047,Two or more types of central heating,22,9,13,16,3,13,1,1,0,5,5,0
S01010048,All people in households,950,338,612,601,43,558,191,141,50,158,154,4
S01010048,No central heating,34,12,22,20,1,19,11,8,3,3,3,0
S01010048,Gas central heating,795,283,512,502,36,466,158,116,42,135,131,4
S01010048,Electric (including storage heaters) central heating,66,20,46,44,1,43,12,9,3,10,10,0
S01010048,Oil central heating,0,0,0,0,0,0,0,0,0,0,0,0
S01010048,Solid fuel (for example wood coal) central heating,0,0,0,0,0,0,0,0,0,0,0,0
S01010048,Other central heating,0,0,0,0,0,0,0,0,0,0,0,0
S01010048,Two or more types of central heating,55,23,32,35,5,30,10,8,2,10,10,0
S01010049,All people in households,807,231,576,543,38,505,155,92,63,109,101,8
S01010049,No central heating,10,6,4,5,1,4,2,2,0,3,3,0
S01010049,Gas central heating,644,171,473,452,32,420,114,67,47,78,72,6
S01010049,Electric (including storage heaters) central heating,66,18,48,40,0,40,15,8,7,11,10,1
S01010049,Oil central heating,14,5,9,8,1,7,4,3,1,2,1,1
S01010049,Solid fuel (for example wood coal) central heating,0,0,0,0,0,0,0,0,0,0,0,0
S01010049,Other central heating,4,3,1,0,0,0,1,0,1,3,3,0
S01010049,Two or more types of central heating,69,28,41,38,4,34,19,12,7,12,12,0
S01010050,All people in households,979,334,645,655,72,583,176,120,56,148,142,6
S01010050,No central heating,23,6,17,18,2,16,2,2,0,3,2,1
S01010050,Gas central heating,522,119,403,398,30,368,86,53,33,38,36,2
S01010050,Electric (including storage heaters) central heating,387,197,190,204,38,166,82,61,21,101,98,3
S01010050,Oil central heating,0,0,0,0,0,0,0,0,0,0,0,0
S01010050,Solid fuel (for example wood coal) central heating,0,0,0,0,0,0,0,0,0,0,0,0
S01010050,Other central heating,11,2,9,9,0,9,1,1,0,1,1,0
S01010050,Two or more types of central heating,36,10,26,26,2,24,5,3,2,5,5,0
S01010051,All people in households,699,265,434,405,41,364,176,106,70,118,118,0
S01010051,No central heating,15,6,9,7,2,5,6,2,4,2,2,0
S01010051,Gas central heating,584,225,359,340,36,304,145,90,55,99,99,0
S01010051,Electric (including storage heaters) central heating,68,22,46,42,2,40,15,9,6,11,11,0
S01010051,Oil central heating,0,0,0,0,0,0,0,0,0,0,0,0
S01010051,Solid fuel (for example wood coal) central heating,0,0,0,0,0,0,0,0,0,0,0,0
S01010051,Other central heating,4,2,2,0,0,0,4,2,2,0,0,0
S01010051,Two or more types of central heating,28,10,18,16,1,15,6,3,3,6,6,0
S01010052,All people in households,627,182,445,427,31,396,106,60,46,94,91,3
S01010052,No central heating,36,7,29,29,2,27,3,1,2,4,4,0
S01010052,Gas central heating,508,151,357,343,26,317,86,49,37,79,76,3
S01010052,Electric (including storage heaters) central heating,52,11,41,39,2,37,7,3,4,6,6,0
S01010052,Oil central heating,0,0,0,0,0,0,0,0,0,0,0,0
S01010052,Solid fuel (for example wood coal) central heating,0,0,0,0,0,0,0,0,0,0,0,0
S01010052,Other central heating,2,1,1,1,0,1,1,1,0,0,0,0
S01010052,Two or more types of central heating,29,12,17,15,1,14,9,6,3,5,5,0
S01010053,All people in households,859,211,648,634,40,594,120,74,46,105,97,8
S01010053,No central heating,31,3,28,29,2,27,2,1,1,0,0,0
S01010053,Gas central heating,454,72,382,370,13,357,49,28,21,35,31,4
S01010053,Electric (including storage heaters) central heating,342,135,207,205,25,180,68,45,23,69,65,4
S01010053,Oil central heating,2,0,2,2,0,2,0,0,0,0,0,0
S01010053,Solid fuel (for example wood coal) central heating,0,0,0,0,0,0,0,0,0,0,0,0
S01010053,Other central heating,3,0,3,3,0,3,0,0,0,0,0,0
S01010053,Two or more types of central heating,27,1,26,25,0,25,1,0,1,1,1,0
S01010054,All people in households,573,163,410,392,17,375,97,63,34,84,83,1
S01010054,No central heating,1,1,0,0,0,0,0,0,0,1,1,0
S01010054,Gas central heating,473,136,337,321,11,310,80,54,26,72,71,1
S01010054,Electric (including storage heaters) central heating,17,3,14,15,1,14,1,1,0,1,1,0
S01010054,Oil central heating,0,0,0,0,0,0,0,0,0,0,0,0
S01010054,Solid fuel (for example wood coal) central heating,0,0,0,0,0,0,0,0,0,0,0,0
S01010054,Other central heating,2,0,2,2,0,2,0,0,0,0,0,0
S01010054,Two or more types of central heating,80,23,57,54,5,49,16,8,8,10,10,0
S01010055,All people in households,948,233,715,681,47,634,169,94,75,98,92,6
S01010055,No central heating,50,7,43,41,1,40,4,2,2,5,4,1
S01010055,Gas central heating,682,154,528,486,27,459,128,64,64,68,63,5
S01010055,Electric (including storage heaters) central heating,162,55,107,114,15,99,30,22,8,18,18,0
S01010055,Oil central heating,14,6,8,10,2,8,2,2,0,2,2,0
S01010055,Solid fuel (for example wood coal) central heating,0,0,0,0,0,0,0,0,0,0,0,0
S01010055,Other central heating,1,1,0,0,0,0,1,1,0,0,0,0
S01010055,Two or more types of central heating,39,10,29,30,2,28,4,3,1,5,5,0
S01010056,All people in households,451,117,334,326,17,309,71,47,24,54,53,1
S01010056,No central heating,5,0,5,5,0,5,0,0,0,0,0,0
S01010056,Gas central heating,375,91,284,276,14,262,59,38,21,40,39,1
S01010056,Electric (including storage heaters) central heating,7,1,6,6,0,6,1,1,0,0,0,0
S01010056,Oil central heating,4,0,4,4,0,4,0,0,0,0,0,0
S01010056,Solid fuel (for example wood coal) central heating,0,0,0,0,0,0,0,0,0,0,0,0
S01010056,Other central heating,7,2,5,5,0,5,1,1,0,1,1,0
S01010056,Two or more types of central heating,53,23,30,30,3,27,10,7,3,13,13,0
S01010057,All people in households,407,90,317,305,18,287,62,36,26,40,36,4
S01010057,No central heating,16,1,15,15,0,15,1,1,0,0,0,0
S01010057,Gas central heating,301,73,228,220,16,204,52,32,20,29,25,4
S01010057,Electric (including storage heaters) central heating,70,9,61,60,2,58,4,1,3,6,6,0
S01010057,Oil central heating,2,1,1,0,0,0,2,1,1,0,0,0
S01010057,Solid fuel (for example wood coal) central heating,0,0,0,0,0,0,0,0,0,0,0,0
S01010057,Other central heating,0,0,0,0,0,0,0,0,0,0,0,0
S01010057,Two or more types of central heating,18,6,12,10,0,10,3,1,2,5,5,0
S01010058,All people in households,781,182,599,579,31,548,113,66,47,89,85,4
S01010058,No central heating,10,1,9,7,0,7,2,0,2,1,1,0
S01010058,Gas central heating,702,168,534,518,30,488,105,63,42,79,75,4
S01010058,Electric (including storage heaters) central heating,37,5,32,32,0,32,1,1,0,4,4,0
S01010058,Oil central heating,0,0,0,0,0,0,0,0,0,0,0,0
S01010058,Solid fuel (for example wood coal) central heating,0,0,0,0,0,0,0,0,0,0,0,0
S01010058,Other central heating,2,0,2,1,0,1,1,0,1,0,0,0
S01010058,Two or more types of central heating,30,8,22,21,1,20,4,2,2,5,5,0
S01010059,All people in households,604,118,486,477,26,451,72,42,30,55,50,5
S01010059,No central heating,47,7,40,40,4,36,5,1,4,2,2,0
S01010059,Gas central heating,511,105,406,402,21,381,62,38,24,47,46,1
S01010059,Electric (including storage heaters) central heating,28,4,24,21,1,20,4,2,2,3,1,2
S01010059,Oil central heating,0,0,0,0,0,0,0,0,0,0,0,0
S01010059,Solid fuel (for example wood coal) central heating,0,0,0,0,0,0,0,0,0,0,0,0
S01010059,Other central heating,8,1,7,7,0,7,1,1,0,0,0,0
S01010059,Two or more types of central heating,10,1,9,7,0,7,0,0,0,3,1,2
S01010060,All people in households,901,259,642,631,48,583,155,103,52,115,108,7
S01010060,No central heating,37,13,24,27,5,22,6,4,2,4,4,0
S01010060,Gas central heating,767,221,546,538,40,498,129,86,43,100,95,5
S01010060,Electric (including storage heaters) central heating,44,10,34,33,3,30,9,6,3,2,1,1
S01010060,Oil central heating,1,1,0,0,0,0,1,1,0,0,0,0
S01010060,Solid fuel (for example wood coal) central heating,0,0,0,0,0,0,0,0,0,0,0,0
S01010060,Other central heating,11,5,6,6,0,6,2,2,0,3,3,0
S01010060,Two or more types of central heating,41,9,32,27,0,27,8,4,4,6,5,1
S01010061,All people in households,510,90,420,422,25,397,57,35,22,31,30,1
S01010061,No central heating,6,0,6,5,0,5,1,0,1,0,0,0
S01010061,Gas central heating,349,73,276,281,18,263,42,30,12,26,25,1
S01010061,Electric (including storage heaters) central heating,140,12,128,124,5,119,14,5,9,2,2,0
S01010061,Oil central heating,0,0,0,0,0,0,0,0,0,0,0,0
S01010061,Solid fuel (for example wood coal) central heating,0,0,0,0,0,0,0,0,0,0,0,0
S01010061,Other central heating,0,0,0,0,0,0,0,0,0,0,0,0
S01010061,Two or more types of central heating,15,5,10,12,2,10,0,0,0,3,3,0
S01010062,All people in households,750,216,534,516,39,477,147,94,53,87,83,4
S01010062,No central heating,30,6,24,19,1,18,7,2,5,4,3,1
S01010062,Gas central heating,669,191,478,464,35,429,130,84,46,75,72,3
S01010062,Electric (including storage heaters) central heating,22,8,14,15,1,14,3,3,0,4,4,0
S01010062,Oil central heating,0,0,0,0,0,0,0,0,0,0,0,0
S01010062,Solid fuel (for example wood coal) central heating,0,0,0,0,0,0,0,0,0,0,0,0
S01010062,Other central heating,4,4,0,0,0,0,3,3,0,1,1,0
S01010062,Two or more types of central heating,25,7,18,18,2,16,4,2,2,3,3,0
S01010063,All people in households,925,265,660,645,42,603,161,105,56,119,118,1
S01010063,No central heating,29,9,20,18,1,17,5,2,3,6,6,0
S01010063,Gas central heating,830,237,593,585,40,545,141,94,47,104,103,1
S01010063,Electric (including storage heaters) central heating,23,7,16,15,1,14,5,3,2,3,3,0
S01010063,Oil central heating,0,0,0,0,0,0,0,0,0,0,0,0
S01010063,Solid fuel (for example wood coal) central heating,0,0,0,0,0,0,0,0,0,0,0,0
S01010063,Other central heating,5,3,2,2,0,2,2,2,0,1,1,0
S01010063,Two or more types of central heating,38,9,29,25,0,25,8,4,4,5,5,0
S01010064,All people in households,544,137,407,398,28,370,96,61,35,50,48,2
S01010064,No central heating,19,2,17,16,0,16,3,2,1,0,0,0
S01010064,Gas central heating,391,108,283,284,24,260,67,45,22,40,39,1
S01010064,Electric (including storage heaters) central heating,122,25,97,89,3,86,23,13,10,10,9,1
S01010064,Oil central heating,0,0,0,0,0,0,0,0,0,0,0,0
S01010064,Solid fuel (for example wood coal) central heating,2,1,1,1,0,1,1,1,0,0,0,0
S01010064,Other central heating,0,0,0,0,0,0,0,0,0,0,0,0
S01010064,Two or more types of central heating,10,1,9,8,1,7,2,0,2,0,0,0
S01010065,All people in households,839,297,542,533,42,491,182,133,49,124,122,2
S01010065,No central heating,17,4,13,13,0,13,4,4,0,0,0,0
S01010065,Gas central heating,727,247,480,468,34,434,154,110,44,105,103,2
S01010065,Electric (including storage heaters) central heating,53,27,26,29,4,25,15,14,1,9,9,0
S01010065,Oil central heating,0,0,0,0,0,0,0,0,0,0,0,0
S01010065,Solid fuel (for example wood coal) central heating,1,0,1,0,0,0,1,0,1,0,0,0
S01010065,Other central heating,13,6,7,6,0,6,3,2,1,4,4,0
S01010065,Two or more types of central heating,28,13,15,17,4,13,5,3,2,6,6,0
S01010066,All people in households,753,242,511,503,38,465,123,82,41,127,122,5
S01010066,No central heating,55,14,41,42,3,39,7,5,2,6,6,0
S01010066,Gas central heating,509,177,332,327,27,300,96,66,30,86,84,2
S01010066,Electric (including storage heaters) central heating,128,27,101,98,5,93,12,6,6,18,16,2
S01010066,Oil central heating,1,1,0,0,0,0,0,0,0,1,1,0
S01010066,Solid fuel (for example wood coal) central heating,0,0,0,0,0,0,0,0,0,0,0,0
S01010066,Other central heating,32,11,21,21,1,20,4,3,1,7,7,0
S01010066,Two or more types of central heating,28,12,16,15,2,13,4,2,2,9,8,1
S01010067,All people in households,608,178,430,432,37,395,92,62,30,84,79,5
S01010067,No central heating,14,7,7,4,0,4,6,4,2,4,3,1
S01010067,Gas central heating,397,109,288,290,24,266,59,39,20,48,46,2
S01010067,Electric (including storage heaters) central heating,84,27,57,58,6,52,13,10,3,13,11,2
S01010067,Oil central heating,0,0,0,0,0,0,0,0,0,0,0,0
S01010067,Solid fuel (for example wood coal) central heating,0,0,0,0,0,0,0,0,0,0,0,0
S01010067,Other central heating,73,26,47,49,4,45,9,7,2,15,15,0
S01010067,Two or more types of central heating,40,9,31,31,3,28,5,2,3,4,4,0
S01010068,All people in households,641,163,478,492,33,459,80,63,17,69,67,2
S01010068,No central heating,6,4,2,2,0,2,1,1,0,3,3,0
S01010068,Gas central heating,553,146,407,420,29,391,73,59,14,60,58,2
S01010068,Electric (including storage heaters) central heating,29,6,23,20,0,20,6,3,3,3,3,0
S01010068,Oil central heating,0,0,0,0,0,0,0,0,0,0,0,0
S01010068,Solid fuel (for example wood coal) central heating,0,0,0,0,0,0,0,0,0,0,0,0
S01010068,Other central heating,11,0,11,11,0,11,0,0,0,0,0,0
S01010068,Two or more types of central heating,42,7,35,39,4,35,0,0,0,3,3,0
S01010069,All people in households,829,136,693,685,36,649,103,61,42,41,39,2
S01010069,No central heating,13,2,11,11,0,11,0,0,0,2,2,0
S01010069,Gas central heating,754,126,628,622,34,588,96,58,38,36,34,2
S01010069,Electric (including storage heaters) central heating,24,4,20,18,1,17,4,1,3,2,2,0
S01010069,Oil central heating,0,0,0,0,0,0,0,0,0,0,0,0
S01010069,Solid fuel (for example wood coal) central heating,0,0,0,0,0,0,0,0,0,0,0,0
S01010069,Other central heating,19,1,18,18,1,17,1,0,1,0,0,0
S01010069,Two or more types of central heating,19,3,16,16,0,16,2,2,0,1,1,0
S01010070,All people in households,665,97,568,566,19,547,63,42,21,36,36,0
S01010070,No central heating,22,2,20,20,0,20,2,2,0,0,0,0
S01010070,Gas central heating,593,88,505,504,16,488,53,36,17,36,36,0
S01010070,Electric (including storage heaters) central heating,16,4,12,12,1,11,4,3,1,0,0,0
S01010070,Oil central heating,3,0,3,3,0,3,0,0,0,0,0,0
S01010070,Solid fuel (for example wood coal) central heating,0,0,0,0,0,0,0,0,0,0,0,0
S01010070,Other central heating,16,3,13,15,2,13,1,1,0,0,0,0
S01010070,Two or more types of central heating,15,0,15,12,0,12,3,0,3,0,0,0
S01010071,All people in households,793,228,565,583,49,534,120,90,30,90,89,1
S01010071,No central heating,22,4,18,18,1,17,4,3,1,0,0,0
S01010071,Gas central heating,738,211,527,545,47,498,110,82,28,83,82,1
S01010071,Electric (including storage heaters) central heating,12,7,5,6,1,5,4,4,0,2,2,0
S01010071,Oil central heating,0,0,0,0,0,0,0,0,0,0,0,0
S01010071,Solid fuel (for example wood coal) central heating,1,0,1,1,0,1,0,0,0,0,0,0
S01010071,Other central heating,4,0,4,4,0,4,0,0,0,0,0,0
S01010071,Two or more types of central heating,16,6,10,9,0,9,2,1,1,5,5,0
S01010072,All people in households,796,230,566,576,52,524,134,92,42,86,86,0
S01010072,No central heating,11,2,9,8,0,8,3,2,1,0,0,0
S01010072,Gas central heating,742,211,531,540,48,492,121,82,39,81,81,0
S01010072,Electric (including storage heaters) central heating,30,9,21,23,3,20,4,3,1,3,3,0
S01010072,Oil central heating,0,0,0,0,0,0,0,0,0,0,0,0
S01010072,Solid fuel (for example wood coal) central heating,0,0,0,0,0,0,0,0,0,0,0,0
S01010072,Other central heating,8,5,3,2,0,2,4,3,1,2,2,0
S01010072,Two or more types of central heating,5,3,2,3,1,2,2,2,0,0,0,0
S01010073,All people in households,780,205,575,574,45,529,135,93,42,71,67,4
S01010073,No central heating,8,1,7,6,0,6,2,1,1,0,0,0
S01010073,Gas central heating,740,192,548,552,44,508,120,84,36,68,64,4
S01010073,Electric (including storage heaters) central heating,30,11,19,16,1,15,12,8,4,2,2,0
S01010073,Oil central heating,0,0,0,0,0,0,0,0,0,0,0,0
S01010073,Solid fuel (for example wood coal) central heating,0,0,0,0,0,0,0,0,0,0,0,0
S01010073,Other central heating,0,0,0,0,0,0,0,0,0,0,0,0
S01010073,Two or more types of central heating,2,1,1,0,0,0,1,0,1,1,1,0
S01010074,All people in households,711,143,568,574,31,543,94,69,25,43,43,0
S01010074,No central heating,12,3,9,8,1,7,4,2,2,0,0,0
S01010074,Gas central heating,644,127,517,525,29,496,79,58,21,40,40,0
S01010074,Electric (including storage heaters) central heating,51,11,40,38,0,38,10,8,2,3,3,0
S01010074,Oil central heating,0,0,0,0,0,0,0,0,0,0,0,0
S01010074,Solid fuel (for example wood coal) central heating,0,0,0,0,0,0,0,0,0,0,0,0
S01010074,Other central heating,0,0,0,0,0,0,0,0,0,0,0,0
S01010074,Two or more types of central heating,4,2,2,3,1,2,1,1,0,0,0,0
S01010075,All people in households,624,242,382,378,36,342,147,108,39,99,98,1
S01010075,No central heating,17,6,11,9,1,8,6,3,3,2,2,0
S01010075,Gas central heating,577,220,357,356,34,322,133,99,34,88,87,1
S01010075,Electric (including storage heaters) central heating,16,9,7,7,1,6,3,2,1,6,6,0
S01010075,Oil central heating,0,0,0,0,0,0,0,0,0,0,0,0
S01010075,Solid fuel (for example wood coal) central heating,0,0,0,0,0,0,0,0,0,0,0,0
S01010075,Other central heating,3,1,2,2,0,2,1,1,0,0,0,0
S01010075,Two or more types of central heating,11,6,5,4,0,4,4,3,1,3,3,0
S01010076,All people in households,686,180,506,506,33,473,105,75,30,75,72,3
S01010076,No central heating,19,6,13,13,1,12,3,2,1,3,3,0
S01010076,Gas central heating,638,166,472,469,29,440,98,69,29,71,68,3
S01010076,Electric (including storage heaters) central heating,18,5,13,15,2,13,3,3,0,0,0,0
S01010076,Oil central heating,0,0,0,0,0,0,0,0,0,0,0,0
S01010076,Solid fuel (for example wood coal) central heating,0,0,0,0,0,0,0,0,0,0,0,0
S01010076,Other central heating,3,0,3,3,0,3,0,0,0,0,0,0
S01010076,Two or more types of central heating,8,3,5,6,1,5,1,1,0,1,1,0
S01010077,All people in households,614,205,409,410,33,377,117,86,31,87,86,1
S01010077,No central heating,10,1,9,8,0,8,2,1,1,0,0,0
S01010077,Gas central heating,559,186,373,372,30,342,104,74,30,83,82,1
S01010077,Electric (including storage heaters) central heating,19,8,11,12,1,11,5,5,0,2,2,0
S01010077,Oil central heating,2,1,1,1,0,1,1,1,0,0,0,0
S01010077,Solid fuel (for example wood coal) central heating,0,0,0,0,0,0,0,0,0,0,0,0
S01010077,Other central heating,5,1,4,4,0,4,1,1,0,0,0,0
S01010077,Two or more types of central heating,19,8,11,13,2,11,4,4,0,2,2,0
S01010078,All people in households,631,106,525,522,30,492,73,40,33,36,36,0
S01010078,No central heating,6,1,5,5,1,4,1,0,1,0,0,0
S01010078,Gas central heating,613,103,510,508,29,479,70,39,31,35,35,0
S01010078,Electric (including storage heaters) central heating,8,1,7,6,0,6,1,0,1,1,1,0
S01010078,Oil central heating,0,0,0,0,0,0,0,0,0,0,0,0
S01010078,Solid fuel (for example wood coal) central heating,0,0,0,0,0,0,0,0,0,0,0,0
S01010078,Other central heating,0,0,0,0,0,0,0,0,0,0,0,0
S01010078,Two or more types of central heating,4,1,3,3,0,3,1,1,0,0,0,0
S01010079,All people in households,923,191,732,754,54,700,112,81,31,57,56,1
S01010079,No central heating,1,1,0,0,0,0,1,1,0,0,0,0
S01010079,Gas central heating,876,176,700,722,52,670,102,73,29,52,51,1
S01010079,Electric (including storage heaters) central heating,15,6,9,9,0,9,3,3,0,3,3,0
S01010079,Oil central heating,6,0,6,6,0,6,0,0,0,0,0,0
S01010079,Solid fuel (for example wood coal) central heating,2,2,0,0,0,0,2,2,0,0,0,0
S01010079,Other central heating,2,1,1,0,0,0,2,1,1,0,0,0
S01010079,Two or more types of central heating,21,5,16,17,2,15,2,1,1,2,2,0
S01010080,All people in households,651,115,536,537,34,503,90,57,33,24,24,0
S01010080,No central heating,5,0,5,5,0,5,0,0,0,0,0,0
S01010080,Gas central heating,631,113,518,520,33,487,87,56,31,24,24,0
S01010080,Electric (including storage heaters) central heating,11,2,9,8,1,7,3,1,2,0,0,0
S01010080,Oil central heating,1,0,1,1,0,1,0,0,0,0,0,0
S01010080,Solid fuel (for example wood coal) central heating,0,0,0,0,0,0,0,0,0,0,0,0
S01010080,Other central heating,0,0,0,0,0,0,0,0,0,0,0,0
S01010080,Two or more types of central heating,3,0,3,3,0,3,0,0,0,0,0,0
S01010081,All people in households,701,152,549,571,42,529,94,75,19,36,35,1
S01010081,No central heating,4,0,4,4,0,4,0,0,0,0,0,0
S01010081,Gas central heating,671,145,526,545,38,507,91,73,18,35,34,1
S01010081,Electric (including storage heaters) central heating,10,2,8,8,1,7,1,0,1,1,1,0
S01010081,Oil central heating,4,3,1,3,2,1,1,1,0,0,0,0
S01010081,Solid fuel (for example wood coal) central heating,0,0,0,0,0,0,0,0,0,0,0,0
S01010081,Other central heating,0,0,0,0,0,0,0,0,0,0,0,0
S01010081,Two or more types of central heating,12,2,10,11,1,10,1,1,0,0,0,0
S01010082,All people in households,854,160,694,725,58,667,79,55,24,50,47,3
S01010082,No central heating,8,2,6,7,1,6,1,1,0,0,0,0
S01010082,Gas central heating,687,113,574,598,46,552,58,38,20,31,29,2
S01010082,Electric (including storage heaters) central heating,144,41,103,109,11,98,18,14,4,17,16,1
S01010082,Oil central heating,0,0,0,0,0,0,0,0,0,0,0,0
S01010082,Solid fuel (for example wood coal) central heating,0,0,0,0,0,0,0,0,0,0,0,0
S01010082,Other central heating,8,1,7,7,0,7,0,0,0,1,1,0
S01010082,Two or more types of central heating,7,3,4,4,0,4,2,2,0,1,1,0
S01010083,All people in households,716,221,495,499,40,459,125,91,34,92,90,2
S01010083,No central heating,19,6,13,14,1,13,3,3,0,2,2,0
S01010083,Gas central heating,648,196,452,451,33,418,116,84,32,81,79,2
S01010083,Electric (including storage heaters) central heating,39,17,22,26,6,20,5,3,2,8,8,0
S01010083,Oil central heating,0,0,0,0,0,0,0,0,0,0,0,0
S01010083,Solid fuel (for example wood coal) central heating,0,0,0,0,0,0,0,0,0,0,0,0
S01010083,Other central heating,3,1,2,2,0,2,0,0,0,1,1,0
S01010083,Two or more types of central heating,7,1,6,6,0,6,1,1,0,0,0,0
S01010084,All people in households,878,309,569,586,65,521,179,133,46,113,111,2
S01010084,No central heating,30,12,18,16,0,16,7,6,1,7,6,1
S01010084,Gas central heating,754,252,502,522,59,463,144,106,38,88,87,1
S01010084,Electric (including storage heaters) central heating,71,37,34,35,6,29,21,16,5,15,15,0
S01010084,Oil central heating,0,0,0,0,0,0,0,0,0,0,0,0
S01010084,Solid fuel (for example wood coal) central heating,0,0,0,0,0,0,0,0,0,0,0,0
S01010084,Other central heating,4,0,4,4,0,4,0,0,0,0,0,0
S01010084,Two or more types of central heating,19,8,11,9,0,9,7,5,2,3,3,0
S01010085,All people in households,760,147,613,629,50,579,97,63,34,34,34,0
S01010085,No central heating,5,1,4,5,1,4,0,0,0,0,0,0
S01010085,Gas central heating,718,138,580,597,49,548,93,61,32,28,28,0
S01010085,Electric (including storage heaters) central heating,18,3,15,15,0,15,2,2,0,1,1,0
S01010085,Oil central heating,0,0,0,0,0,0,0,0,0,0,0,0
S01010085,Solid fuel (for example wood coal) central heating,0,0,0,0,0,0,0,0,0,0,0,0
S01010085,Other central heating,0,0,0,0,0,0,0,0,0,0,0,0
S01010085,Two or more types of central heating,19,5,14,12,0,12,2,0,2,5,5,0
S01010086,All people in households,915,314,601,612,62,550,176,129,47,127,123,4
S01010086,No central heating,21,8,13,12,2,10,7,4,3,2,2,0
S01010086,Gas central heating,860,295,565,578,59,519,162,120,42,120,116,4
S01010086,Electric (including storage heaters) central heating,10,5,5,5,0,5,2,2,0,3,3,0
S01010086,Oil central heating,0,0,0,0,0,0,0,0,0,0,0,0
S01010086,Solid fuel (for example wood coal) central heating,0,0,0,0,0,0,0,0,0,0,0,0
S01010086,Other central heating,4,1,3,2,0,2,1,0,1,1,1,0
S01010086,Two or more types of central heating,20,5,15,15,1,14,4,3,1,1,1,0
S01010087,All people in households,573,131,442,449,37,412,90,60,30,34,34,0
S01010087,No central heating,5,2,3,4,1,3,1,1,0,0,0,0
S01010087,Gas central heating,555,126,429,435,35,400,88,59,29,32,32,0
S01010087,Electric (including storage heaters) central heating,3,2,1,2,1,1,0,0,0,1,1,0
S01010087,Oil central heating,0,0,0,0,0,0,0,0,0,0,0,0
S01010087,Solid fuel (for example wood coal) central heating,0,0,0,0,0,0,0,0,0,0,0,0
S01010087,Other central heating,4,1,3,2,0,2,1,0,1,1,1,0
S01010087,Two or more types of central heating,6,0,6,6,0,6,0,0,0,0,0,0
S01010088,All people in households,821,70,751,759,28,731,49,29,20,13,13,0
S01010088,No central heating,8,3,5,4,0,4,3,2,1,1,1,0
S01010088,Gas central heating,777,64,713,721,27,694,46,27,19,10,10,0
S01010088,Electric (including storage heaters) central heating,7,1,6,6,0,6,0,0,0,1,1,0
S01010088,Oil central heating,4,1,3,4,1,3,0,0,0,0,0,0
S01010088,Solid fuel (for example wood coal) central heating,0,0,0,0,0,0,0,0,0,0,0,0
S01010088,Other central heating,0,0,0,0,0,0,0,0,0,0,0,0
S01010088,Two or more types of central heating,25,1,24,24,0,24,0,0,0,1,1,0
S01010089,All people in households,683,206,477,468,41,427,124,76,48,91,89,2
S01010089,No central heating,37,10,27,26,1,25,8,6,2,3,3,0
S01010089,Gas central heating,594,176,418,410,37,373,108,65,43,76,74,2
S01010089,Electric (including storage heaters) central heating,43,17,26,25,2,23,8,5,3,10,10,0
S01010089,Oil central heating,0,0,0,0,0,0,0,0,0,0,0,0
S01010089,Solid fuel (for example wood coal) central heating,0,0,0,0,0,0,0,0,0,0,0,0
S01010089,Other central heating,4,1,3,4,1,3,0,0,0,0,0,0
S01010089,Two or more types of central heating,5,2,3,3,0,3,0,0,0,2,2,0
S01010090,All people in households,1054,168,886,889,47,842,114,71,43,51,50,1
S01010090,No central heating,19,4,15,15,0,15,4,4,0,0,0,0
S01010090,Gas central heating,895,134,761,759,34,725,91,55,36,45,45,0
S01010090,Electric (including storage heaters) central heating,115,23,92,95,9,86,15,9,6,5,5,0
S01010090,Oil central heating,0,0,0,0,0,0,0,0,0,0,0,0
S01010090,Solid fuel (for example wood coal) central heating,0,0,0,0,0,0,0,0,0,0,0,0
S01010090,Other central heating,7,1,6,7,1,6,0,0,0,0,0,0
S01010090,Two or more types of central heating,18,6,12,13,3,10,4,3,1,1,0,1
S01010091,All people in households,866,124,742,739,33,706,85,49,36,42,42,0
S01010091,No central heating,5,1,4,4,0,4,0,0,0,1,1,0
S01010091,Gas central heating,800,113,687,688,31,657,76,46,30,36,36,0
S01010091,Electric (including storage heaters) central heating,17,3,14,15,1,14,2,2,0,0,0,0
S01010091,Oil central heating,6,0,6,5,0,5,1,0,1,0,0,0
S01010091,Solid fuel (for example wood coal) central heating,1,0,1,1,0,1,0,0,0,0,0,0
S01010091,Other central heating,14,3,11,7,0,7,4,0,4,3,3,0
S01010091,Two or more types of central heating,23,4,19,19,1,18,2,1,1,2,2,0
S01010092,All people in households,958,328,630,630,55,575,200,150,50,128,123,5
S01010092,No central heating,16,4,12,10,0,10,4,2,2,2,2,0
S01010092,Gas central heating,884,302,582,585,52,533,181,136,45,118,114,4
S01010092,Electric (including storage heaters) central heating,17,10,7,8,2,6,8,7,1,1,1,0
S01010092,Oil central heating,0,0,0,0,0,0,0,0,0,0,0,0
S01010092,Solid fuel (for example wood coal) central heating,0,0,0,0,0,0,0,0,0,0,0,0
S01010092,Other central heating,7,3,4,3,0,3,2,1,1,2,2,0
S01010092,Two or more types of central heating,34,9,25,24,1,23,5,4,1,5,4,1
S01010093,All people in households,869,180,689,700,40,660,98,70,28,71,70,1
S01010093,No central heating,25,9,16,18,3,15,7,6,1,0,0,0
S01010093,Gas central heating,721,146,575,583,34,549,76,51,25,62,61,1
S01010093,Electric (including storage heaters) central heating,113,20,93,94,3,91,11,9,2,8,8,0
S01010093,Oil central heating,1,0,1,1,0,1,0,0,0,0,0,0
S01010093,Solid fuel (for example wood coal) central heating,0,0,0,0,0,0,0,0,0,0,0,0
S01010093,Other central heating,0,0,0,0,0,0,0,0,0,0,0,0
S01010093,Two or more types of central heating,9,5,4,4,0,4,4,4,0,1,1,0
S01010094,All people in households,687,164,523,553,55,498,89,64,25,45,45,0
S01010094,No central heating,17,4,13,11,0,11,4,2,2,2,2,0
S01010094,Gas central heating,641,150,491,523,53,470,80,59,21,38,38,0
S01010094,Electric (including storage heaters) central heating,13,5,8,8,1,7,2,1,1,3,3,0
S01010094,Oil central heating,1,0,1,1,0,1,0,0,0,0,0,0
S01010094,Solid fuel (for example wood coal) central heating,1,1,0,1,1,0,0,0,0,0,0,0
S01010094,Other central heating,0,0,0,0,0,0,0,0,0,0,0,0
S01010094,Two or more types of central heating,14,4,10,9,0,9,3,2,1,2,2,0
S01010095,All people in households,696,116,580,586,42,544,81,45,36,29,29,0
S01010095,No central heating,17,2,15,14,0,14,2,1,1,1,1,0
S01010095,Gas central heating,641,106,535,543,39,504,74,43,31,24,24,0
S01010095,Electric (including storage heaters) central heating,23,8,15,16,3,13,3,1,2,4,4,0
S01010095,Oil central heating,1,0,1,1,0,1,0,0,0,0,0,0
S01010095,Solid fuel (for example wood coal) central heating,2,0,2,2,0,2,0,0,0,0,0,0
S01010095,Other central heating,7,0,7,7,0,7,0,0,0,0,0,0
S01010095,Two or more types of central heating,5,0,5,3,0,3,2,0,2,0,0,0
S01010096,All people in households,752,141,611,637,48,589,78,56,22,37,37,0
S01010096,No central heating,29,9,20,23,3,20,2,2,0,4,4,0
S01010096,Gas central heating,709,124,585,607,43,564,73,52,21,29,29,0
S01010096,Electric (including storage heaters) central heating,9,4,5,7,2,5,1,1,0,1,1,0
S01010096,Oil central heating,0,0,0,0,0,0,0,0,0,0,0,0
S01010096,Solid fuel (for example wood coal) central heating,0,0,0,0,0,0,0,0,0,0,0,0
S01010096,Other central heating,0,0,0,0,0,0,0,0,0,0,0,0
S01010096,Two or more types of central heating,5,4,1,0,0,0,2,1,1,3,3,0
S01010097,All people in households,731,145,586,592,36,556,100,71,29,39,38,1
S01010097,No central heating,4,1,3,3,0,3,1,1,0,0,0,0
S01010097,Gas central heating,696,138,558,561,33,528,97,68,29,38,37,1
S01010097,Electric (including storage heaters) central heating,11,1,10,10,0,10,1,1,0,0,0,0
S01010097,Oil central heating,0,0,0,0,0,0,0,0,0,0,0,0
S01010097,Solid fuel (for example wood coal) central heating,0,0,0,0,0,0,0,0,0,0,0,0
S01010097,Other central heating,0,0,0,0,0,0,0,0,0,0,0,0
S01010097,Two or more types of central heating,20,5,15,18,3,15,1,1,0,1,1,0
S01010098,All people in households,727,138,589,605,42,563,83,60,23,39,36,3
S01010098,No central heating,1,1,0,0,0,0,1,1,0,0,0,0
S01010098,Gas central heating,713,134,579,596,42,554,81,59,22,36,33,3
S01010098,Electric (including storage heaters) central heating,6,1,5,5,0,5,0,0,0,1,1,0
S01010098,Oil central heating,0,0,0,0,0,0,0,0,0,0,0,0
S01010098,Solid fuel (for example wood coal) central heating,0,0,0,0,0,0,0,0,0,0,0,0
S01010098,Other central heating,0,0,0,0,0,0,0,0,0,0,0,0
S01010098,Two or more types of central heating,7,2,5,4,0,4,1,0,1,2,2,0
S01010099,All people in households,699,137,562,575,34,541,98,77,21,26,26,0
S01010099,No central heating,3,2,1,1,0,1,1,1,0,1,1,0
S01010099,Gas central heating,666,121,545,558,33,525,86,66,20,22,22,0
S01010099,Electric (including storage heaters) central heating,22,9,13,14,1,13,6,6,0,2,2,0
S01010099,Oil central heating,2,2,0,0,0,0,2,2,0,0,0,0
S01010099,Solid fuel (for example wood coal) central heating,0,0,0,0,0,0,0,0,0,0,0,0
S01010099,Other central heating,1,0,1,1,0,1,0,0,0,0,0,0
S01010099,Two or more types of central heating,5,3,2,1,0,1,3,2,1,1,1,0
S01010100,All people in households,886,217,669,681,53,628,130,89,41,75,75,0
S01010100,No central heating,7,2,5,5,0,5,2,2,0,0,0,0
S01010100,Gas central heating,836,209,627,638,50,588,124,85,39,74,74,0
S01010100,Electric (including storage heaters) central heating,21,4,17,18,1,17,2,2,0,1,1,0
S01010100,Oil central heating,0,0,0,0,0,0,0,0,0,0,0,0
S01010100,Solid fuel (for example wood coal) central heating,2,0,2,2,0,2,0,0,0,0,0,0
S01010100,Other central heating,1,0,1,0,0,0,1,0,1,0,0,0
S01010100,Two or more types of central heating,19,2,17,18,2,16,1,0,1,0,0,0
S01010101,All people in households,719,141,578,568,30,538,110,70,40,41,41,0
S01010101,No central heating,0,0,0,0,0,0,0,0,0,0,0,0
S01010101,Gas central heating,678,136,542,534,29,505,103,66,37,41,41,0
S01010101,Electric (including storage heaters) central heating,20,3,17,18,1,17,2,2,0,0,0,0
S01010101,Oil central heating,0,0,0,0,0,0,0,0,0,0,0,0
S01010101,Solid fuel (for example wood coal) central heating,3,1,2,2,0,2,1,1,0,0,0,0
S01010101,Other central heating,3,0,3,3,0,3,0,0,0,0,0,0
S01010101,Two or more types of central heating,15,1,14,11,0,11,4,1,3,0,0,0
S01010102,All people in households,939,111,828,844,49,795,71,38,33,24,24,0
S01010102,No central heating,2,1,1,1,0,1,0,0,0,1,1,0
S01010102,Gas central heating,915,102,813,827,45,782,68,37,31,20,20,0
S01010102,Electric (including storage heaters) central heating,2,1,1,1,1,0,1,0,1,0,0,0
S01010102,Oil central heating,0,0,0,0,0,0,0,0,0,0,0,0
S01010102,Solid fuel (for example wood coal) central heating,0,0,0,0,0,0,0,0,0,0,0,0
S01010102,Other central heating,3,2,1,1,0,1,1,1,0,1,1,0
S01010102,Two or more types of central heating,17,5,12,14,3,11,1,0,1,2,2,0
S01010103,All people in households,974,94,880,881,29,852,56,29,27,37,36,1
S01010103,No central heating,0,0,0,0,0,0,0,0,0,0,0,0
S01010103,Gas central heating,948,90,858,857,27,830,55,28,27,36,35,1
S01010103,Electric (including storage heaters) central heating,10,3,7,8,1,7,1,1,0,1,1,0
S01010103,Oil central heating,0,0,0,0,0,0,0,0,0,0,0,0
S01010103,Solid fuel (for example wood coal) central heating,0,0,0,0,0,0,0,0,0,0,0,0
S01010103,Other central heating,2,1,1,2,1,1,0,0,0,0,0,0
S01010103,Two or more types of central heating,14,0,14,14,0,14,0,0,0,0,0,0
S01010104,All people in households,755,73,682,692,28,664,45,27,18,18,18,0
S01010104,No central heating,11,4,7,8,2,6,2,1,1,1,1,0
S01010104,Gas central heating,708,62,646,653,24,629,39,22,17,16,16,0
S01010104,Electric (including storage heaters) central heating,30,4,26,27,1,26,2,2,0,1,1,0
S01010104,Oil central heating,0,0,0,0,0,0,0,0,0,0,0,0
S01010104,Solid fuel (for example wood coal) central heating,0,0,0,0,0,0,0,0,0,0,0,0
S01010104,Other central heating,0,0,0,0,0,0,0,0,0,0,0,0
S01010104,Two or more types of central heating,6,3,3,4,1,3,2,2,0,0,0,0
S01010105,All people in households,406,90,316,312,25,287,60,32,28,34,33,1
S01010105,No central heating,9,2,7,9,2,7,0,0,0,0,0,0
S01010105,Gas central heating,359,78,281,275,19,256,54,30,24,30,29,1
S01010105,Electric (including storage heaters) central heating,11,3,8,9,2,7,2,1,1,0,0,0
S01010105,Oil central heating,0,0,0,0,0,0,0,0,0,0,0,0
S01010105,Solid fuel (for example wood coal) central heating,0,0,0,0,0,0,0,0,0,0,0,0
S01010105,Other central heating,4,0,4,4,0,4,0,0,0,0,0,0
S01010105,Two or more types of central heating,23,7,16,15,2,13,4,1,3,4,4,0
S01010106,All people in households,442,133,309,294,19,275,77,47,30,71,67,4
S01010106,No central heating,23,3,20,19,0,19,1,1,0,3,2,1
S01010106,Gas central heating,381,114,267,256,19,237,63,35,28,62,60,2
S01010106,Electric (including storage heaters) central heating,16,11,5,5,0,5,8,8,0,3,3,0
S01010106,Oil central heating,1,0,1,0,0,0,1,0,1,0,0,0
S01010106,Solid fuel (for example wood coal) central heating,0,0,0,0,0,0,0,0,0,0,0,0
S01010106,Other central heating,3,0,3,3,0,3,0,0,0,0,0,0
S01010106,Two or more types of central heating,18,5,13,11,0,11,4,3,1,3,2,1
S01010107,All people in households,793,192,601,581,30,551,123,75,48,89,87,2
S01010107,No central heating,67,8,59,55,1,54,8,3,5,4,4,0
S01010107,Gas central heating,491,111,380,366,16,350,70,42,28,55,53,2
S01010107,Electric (including storage heaters) central heating,197,56,141,137,9,128,39,26,13,21,21,0
S01010107,Oil central heating,2,2,0,1,1,0,0,0,0,1,1,0
S01010107,Solid fuel (for example wood coal) central heating,0,0,0,0,0,0,0,0,0,0,0,0
S01010107,Other central heating,2,1,1,1,0,1,1,1,0,0,0,0
S01010107,Two or more types of central heating,34,14,20,21,3,18,5,3,2,8,8,0
S01010108,All people in households,733,232,501,490,39,451,127,79,48,116,114,2
S01010108,No central heating,134,40,94,91,5,86,19,11,8,24,24,0
S01010108,Gas central heating,375,122,253,251,22,229,63,41,22,61,59,2
S01010108,Electric (including storage heaters) central heating,189,53,136,129,9,120,38,22,16,22,22,0
S01010108,Oil central heating,1,1,0,0,0,0,0,0,0,1,1,0
S01010108,Solid fuel (for example wood coal) central heating,0,0,0,0,0,0,0,0,0,0,0,0
S01010108,Other central heating,2,0,2,2,0,2,0,0,0,0,0,0
S01010108,Two or more types of central heating,32,16,16,17,3,14,7,5,2,8,8,0
S01010109,All people in households,731,130,601,601,25,576,73,51,22,57,54,3
S01010109,No central heating,41,3,38,36,0,36,3,1,2,2,2,0
S01010109,Gas central heating,584,100,484,491,23,468,51,37,14,42,40,2
S01010109,Electric (including storage heaters) central heating,61,10,51,48,1,47,10,6,4,3,3,0
S01010109,Oil central heating,5,3,2,1,0,1,2,2,0,2,1,1
S01010109,Solid fuel (for example wood coal) central heating,2,0,2,2,0,2,0,0,0,0,0,0
S01010109,Other central heating,8,4,4,3,0,3,3,2,1,2,2,0
S01010109,Two or more types of central heating,30,10,20,20,1,19,4,3,1,6,6,0
S01010110,All people in households,805,301,504,485,42,443,176,123,53,144,136,8
S01010110,No central heating,21,8,13,13,0,13,3,3,0,5,5,0
S01010110,Gas central heating,704,252,452,434,36,398,153,105,48,117,111,6
S01010110,Electric (including storage heaters) central heating,35,16,19,20,4,16,7,5,2,8,7,1
S01010110,Oil central heating,0,0,0,0,0,0,0,0,0,0,0,0
S01010110,Solid fuel (for example wood coal) central heating,0,0,0,0,0,0,0,0,0,0,0,0
S01010110,Other central heating,5,3,2,1,0,1,1,1,0,3,2,1
S01010110,Two or more types of central heating,40,22,18,17,2,15,12,9,3,11,11,0
S01010111,All people in households,986,283,703,661,33,628,184,118,66,141,132,9
S01010111,No central heating,35,8,27,22,0,22,9,4,5,4,4,0
S01010111,Gas central heating,808,224,584,557,28,529,141,92,49,110,104,6
S01010111,Electric (including storage heaters) central heating,95,32,63,55,2,53,23,15,8,17,15,2
S01010111,Oil central heating,0,0,0,0,0,0,0,0,0,0,0,0
S01010111,Solid fuel (for example wood coal) central heating,1,0,1,1,0,1,0,0,0,0,0,0
S01010111,Other central heating,10,5,5,4,1,3,3,2,1,3,2,1
S01010111,Two or more types of central heating,37,14,23,22,2,20,8,5,3,7,7,0
S01010112,All people in households,949,300,649,675,72,603,154,109,45,120,119,1
S01010112,No central heating,3,1,2,2,0,2,1,1,0,0,0,0
S01010112,Gas central heating,846,259,587,606,61,545,132,91,41,108,107,1
S01010112,Electric (including storage heaters) central heating,19,10,9,11,3,8,7,6,1,1,1,0
S01010112,Oil central heating,0,0,0,0,0,0,0,0,0,0,0,0
S01010112,Solid fuel (for example wood coal) central heating,0,0,0,0,0,0,0,0,0,0,0,0
S01010112,Other central heating,5,4,1,1,0,1,3,3,0,1,1,0
S01010112,Two or more types of central heating,76,26,50,55,8,47,11,8,3,10,10,0
S01010113,All people in households,551,149,402,404,36,368,84,52,32,63,61,2
S01010113,No central heating,2,1,1,2,1,1,0,0,0,0,0,0
S01010113,Gas central heating,430,130,300,305,30,275,72,48,24,53,52,1
S01010113,Electric (including storage heaters) central heating,79,10,69,65,2,63,8,3,5,6,5,1
S01010113,Oil central heating,0,0,0,0,0,0,0,0,0,0,0,0
S01010113,Solid fuel (for example wood coal) central heating,0,0,0,0,0,0,0,0,0,0,0,0
S01010113,Other central heating,2,0,2,0,0,0,2,0,2,0,0,0
S01010113,Two or more types of central heating,38,8,30,32,3,29,2,1,1,4,4,0
S01010114,All people in households,777,263,514,512,48,464,153,107,46,112,108,4
S01010114,No central heating,13,3,10,8,0,8,2,1,1,3,2,1
S01010114,Gas central heating,706,238,468,472,46,426,136,97,39,98,95,3
S01010114,Electric (including storage heaters) central heating,15,5,10,9,1,8,6,4,2,0,0,0
S01010114,Oil central heating,0,0,0,0,0,0,0,0,0,0,0,0
S01010114,Solid fuel (for example wood coal) central heating,0,0,0,0,0,0,0,0,0,0,0,0
S01010114,Other central heating,2,1,1,0,0,0,2,1,1,0,0,0
S01010114,Two or more types of central heating,41,16,25,23,1,22,7,4,3,11,11,0
S01010115,All people in households,632,114,518,531,32,499,68,49,19,33,33,0
S01010115,No central heating,7,3,4,5,1,4,2,2,0,0,0,0
S01010115,Gas central heating,577,100,477,487,27,460,62,45,17,28,28,0
S01010115,Electric (including storage heaters) central heating,15,4,11,12,1,11,2,2,0,1,1,0
S01010115,Oil central heating,0,0,0,0,0,0,0,0,0,0,0,0
S01010115,Solid fuel (for example wood coal) central heating,0,0,0,0,0,0,0,0,0,0,0,0
S01010115,Other central heating,4,2,2,2,0,2,0,0,0,2,2,0
S01010115,Two or more types of central heating,29,5,24,25,3,22,2,0,2,2,2,0
S01010116,All people in households,1020,114,906,894,28,866,77,39,38,49,47,2
S01010116,No central heating,29,2,27,27,0,27,1,1,0,1,1,0
S01010116,Gas central heating,809,94,715,704,22,682,65,34,31,40,38,2
S01010116,Electric (including storage heaters) central heating,161,16,145,142,4,138,11,4,7,8,8,0
S01010116,Oil central heating,0,0,0,0,0,0,0,0,0,0,0,0
S01010116,Solid fuel (for example wood coal) central heating,0,0,0,0,0,0,0,0,0,0,0,0
S01010116,Other central heating,0,0,0,0,0,0,0,0,0,0,0,0
S01010116,Two or more types of central heating,21,2,19,21,2,19,0,0,0,0,0,0
S01010117,All people in households,653,73,580,575,19,556,49,29,20,29,25,4
S01010117,No central heating,17,2,15,16,1,15,0,0,0,1,1,0
S01010117,Gas central heating,576,56,520,516,14,502,36,22,14,24,20,4
S01010117,Electric (including storage heaters) central heating,19,5,14,15,2,13,3,2,1,1,1,0
S01010117,Oil central heating,3,0,3,3,0,3,0,0,0,0,0,0
S01010117,Solid fuel (for example wood coal) central heating,5,2,3,1,0,1,4,2,2,0,0,0
S01010117,Other central heating,25,6,19,19,1,18,3,2,1,3,3,0
S01010117,Two or more types of central heating,8,2,6,5,1,4,3,1,2,0,0,0
S01010118,All people in households,678,197,481,474,39,435,121,79,42,83,79,4
S01010118,No central heating,43,14,29,26,2,24,11,7,4,6,5,1
S01010118,Gas central heating,524,138,386,377,24,353,88,56,32,59,58,1
S01010118,Electric (including storage heaters) central heating,51,18,33,35,7,28,10,6,4,6,5,1
S01010118,Oil central heating,0,0,0,0,0,0,0,0,0,0,0,0
S01010118,Solid fuel (for example wood coal) central heating,0,0,0,0,0,0,0,0,0,0,0,0
S01010118,Other central heating,1,1,0,0,0,0,0,0,0,1,1,0
S01010118,Two or more types of central heating,59,26,33,36,6,30,12,10,2,11,10,1
S01010119,All people in households,543,110,433,429,22,407,68,42,26,46,46,0
S01010119,No central heating,5,1,4,4,0,4,1,1,0,0,0,0
S01010119,Gas central heating,492,96,396,395,21,374,59,37,22,38,38,0
S01010119,Electric (including storage heaters) central heating,12,5,7,6,1,5,3,1,2,3,3,0
S01010119,Oil central heating,0,0,0,0,0,0,0,0,0,0,0,0
S01010119,Solid fuel (for example wood coal) central heating,0,0,0,0,0,0,0,0,0,0,0,0
S01010119,Other central heating,0,0,0,0,0,0,0,0,0,0,0,0
S01010119,Two or more types of central heating,34,8,26,24,0,24,5,3,2,5,5,0
S01010120,All people in households,1045,292,753,752,59,693,167,111,56,126,122,4
S01010120,No central heating,16,9,7,9,3,6,5,4,1,2,2,0
S01010120,Gas central heating,885,241,644,646,49,597,140,95,45,99,97,2
S01010120,Electric (including storage heaters) central heating,62,18,44,40,3,37,9,2,7,13,13,0
S01010120,Oil central heating,0,0,0,0,0,0,0,0,0,0,0,0
S01010120,Solid fuel (for example wood coal) central heating,0,0,0,0,0,0,0,0,0,0,0,0
S01010120,Other central heating,13,4,9,9,0,9,4,4,0,0,0,0
S01010120,Two or more types of central heating,69,20,49,48,4,44,9,6,3,12,10,2
S01010121,All people in households,675,189,486,474,28,446,113,78,35,88,83,5
S01010121,No central heating,2,0,2,2,0,2,0,0,0,0,0,0
S01010121,Gas central heating,596,165,431,422,26,396,103,72,31,71,67,4
S01010121,Electric (including storage heaters) central heating,44,13,31,27,1,26,9,5,4,8,7,1
S01010121,Oil central heating,0,0,0,0,0,0,0,0,0,0,0,0
S01010121,Solid fuel (for example wood coal) central heating,0,0,0,0,0,0,0,0,0,0,0,0
S01010121,Other central heating,8,0,8,8,0,8,0,0,0,0,0,0
S01010121,Two or more types of central heating,25,11,14,15,1,14,1,1,0,9,9,0
S01010122,All people in households,425,168,257,266,30,236,72,54,18,87,84,3
S01010122,No central heating,14,5,9,9,0,9,0,0,0,5,5,0
S01010122,Gas central heating,355,138,217,221,21,200,62,48,14,72,69,3
S01010122,Electric (including storage heaters) central heating,39,17,22,23,5,18,9,5,4,7,7,0
S01010122,Oil central heating,0,0,0,0,0,0,0,0,0,0,0,0
S01010122,Solid fuel (for example wood coal) central heating,0,0,0,0,0,0,0,0,0,0,0,0
S01010122,Other central heating,0,0,0,0,0,0,0,0,0,0,0,0
S01010122,Two or more types of central heating,17,8,9,13,4,9,1,1,0,3,3,0
S01010123,All people in households,733,177,556,559,41,518,99,64,35,75,72,3
S01010123,No central heating,12,3,9,8,0,8,3,2,1,1,1,0
S01010123,Gas central heating,680,158,522,529,39,490,80,51,29,71,68,3
S01010123,Electric (including storage heaters) central heating,25,8,17,15,1,14,9,6,3,1,1,0
S01010123,Oil central heating,0,0,0,0,0,0,0,0,0,0,0,0
S01010123,Solid fuel (for example wood coal) central heating,0,0,0,0,0,0,0,0,0,0,0,0
S01010123,Other central heating,2,1,1,1,0,1,1,1,0,0,0,0
S01010123,Two or more types of central heating,14,7,7,6,1,5,6,4,2,2,2,0
S01010124,All people in households,646,107,539,525,19,506,75,42,33,46,46,0
S01010124,No central heating,10,3,7,7,0,7,1,1,0,2,2,0
S01010124,Gas central heating,595,93,502,490,18,472,68,38,30,37,37,0
S01010124,Electric (including storage heaters) central heating,20,9,11,10,1,9,4,2,2,6,6,0
S01010124,Oil central heating,2,0,2,2,0,2,0,0,0,0,0,0
S01010124,Solid fuel (for example wood coal) central heating,0,0,0,0,0,0,0,0,0,0,0,0
S01010124,Other central heating,0,0,0,0,0,0,0,0,0,0,0,0
S01010124,Two or more types of central heating,19,2,17,16,0,16,2,1,1,1,1,0
S01010125,All people in households,548,113,435,412,13,399,84,49,35,52,51,1
S01010125,No central heating,12,1,11,10,1,9,2,0,2,0,0,0
S01010125,Gas central heating,479,103,376,357,10,347,76,47,29,46,46,0
S01010125,Electric (including storage heaters) central heating,28,3,25,23,1,22,4,2,2,1,0,1
S01010125,Oil central heating,0,0,0,0,0,0,0,0,0,0,0,0
S01010125,Solid fuel (for example wood coal) central heating,0,0,0,0,0,0,0,0,0,0,0,0
S01010125,Other central heating,0,0,0,0,0,0,0,0,0,0,0,0
S01010125,Two or more types of central heating,29,6,23,22,1,21,2,0,2,5,5,0
S01010126,All people in households,730,166,564,554,26,528,109,74,35,67,66,1
S01010126,No central heating,3,1,2,1,0,1,2,1,1,0,0,0
S01010126,Gas central heating,688,149,539,528,24,504,99,65,34,61,60,1
S01010126,Electric (including storage heaters) central heating,13,3,10,11,1,10,1,1,0,1,1,0
S01010126,Oil central heating,0,0,0,0,0,0,0,0,0,0,0,0
S01010126,Solid fuel (for example wood coal) central heating,0,0,0,0,0,0,0,0,0,0,0,0
S01010126,Other central heating,1,1,0,0,0,0,1,1,0,0,0,0
S01010126,Two or more types of central heating,25,12,13,14,1,13,6,6,0,5,5,0
S01010127,All people in households,620,229,391,398,44,354,119,84,35,103,101,2
S01010127,No central heating,6,3,3,4,1,3,0,0,0,2,2,0
S01010127,Gas central heating,586,210,376,380,40,340,112,77,35,94,93,1
S01010127,Electric (including storage heaters) central heating,14,8,6,8,2,6,3,3,0,3,3,0
S01010127,Oil central heating,0,0,0,0,0,0,0,0,0,0,0,0
S01010127,Solid fuel (for example wood coal) central heating,0,0,0,0,0,0,0,0,0,0,0,0
S01010127,Other central heating,3,1,2,3,1,2,0,0,0,0,0,0
S01010127,Two or more types of central heating,11,7,4,3,0,3,4,4,0,4,3,1
S01010128,All people in households,492,118,374,353,22,331,84,42,42,55,54,1
S01010128,No central heating,0,0,0,0,0,0,0,0,0,0,0,0
S01010128,Gas central heating,406,98,308,295,20,275,67,35,32,44,43,1
S01010128,Electric (including storage heaters) central heating,45,12,33,26,1,25,13,5,8,6,6,0
S01010128,Oil central heating,0,0,0,0,0,0,0,0,0,0,0,0
S01010128,Solid fuel (for example wood coal) central heating,0,0,0,0,0,0,0,0,0,0,0,0
S01010128,Other central heating,0,0,0,0,0,0,0,0,0,0,0,0
S01010128,Two or more types of central heating,41,8,33,32,1,31,4,2,2,5,5,0
S01010129,All people in households,719,200,519,518,40,478,106,71,35,95,89,6
S01010129,No central heating,23,5,18,18,0,18,1,1,0,4,4,0
S01010129,Gas central heating,622,180,442,443,37,406,97,66,31,82,77,5
S01010129,Electric (including storage heaters) central heating,43,11,32,34,3,31,3,2,1,6,6,0
S01010129,Oil central heating,0,0,0,0,0,0,0,0,0,0,0,0
S01010129,Solid fuel (for example wood coal) central heating,0,0,0,0,0,0,0,0,0,0,0,0
S01010129,Other central heating,2,0,2,2,0,2,0,0,0,0,0,0
S01010129,Two or more types of central heating,29,4,25,21,0,21,5,2,3,3,2,1
S01010130,All people in households,416,138,278,273,22,251,85,59,26,58,57,1
S01010130,No central heating,2,1,1,1,0,1,0,0,0,1,1,0
S01010130,Gas central heating,371,118,253,249,19,230,76,53,23,46,46,0
S01010130,Electric (including storage heaters) central heating,28,16,12,10,1,9,7,5,2,11,10,1
S01010130,Oil central heating,1,0,1,1,0,1,0,0,0,0,0,0
S01010130,Solid fuel (for example wood coal) central heating,1,0,1,1,0,1,0,0,0,0,0,0
S01010130,Other central heating,6,3,3,4,2,2,2,1,1,0,0,0
S01010130,Two or more types of central heating,7,0,7,7,0,7,0,0,0,0,0,0
S01010131,All people in households,908,169,739,738,44,694,116,72,44,54,53,1
S01010131,No central heating,11,9,2,3,1,2,5,5,0,3,3,0
S01010131,Gas central heating,841,147,694,693,41,652,102,61,41,46,45,1
S01010131,Electric (including storage heaters) central heating,34,6,28,27,2,25,5,2,3,2,2,0
S01010131,Oil central heating,10,3,7,7,0,7,0,0,0,3,3,0
S01010131,Solid fuel (for example wood coal) central heating,0,0,0,0,0,0,0,0,0,0,0,0
S01010131,Other central heating,0,0,0,0,0,0,0,0,0,0,0,0
S01010131,Two or more types of central heating,12,4,8,8,0,8,4,4,0,0,0,0
S01010132,All people in households,969,345,624,621,56,565,206,153,53,142,136,6
S01010132,No central heating,10,5,5,6,2,4,3,2,1,1,1,0
S01010132,Gas central heating,881,315,566,559,49,510,190,140,50,132,126,6
S01010132,Electric (including storage heaters) central heating,37,11,26,29,3,26,2,2,0,6,6,0
S01010132,Oil central heating,11,3,8,9,2,7,1,0,1,1,1,0
S01010132,Solid fuel (for example wood coal) central heating,0,0,0,0,0,0,0,0,0,0,0,0
S01010132,Other central heating,11,3,8,8,0,8,3,3,0,0,0,0
S01010132,Two or more types of central heating,19,8,11,10,0,10,7,6,1,2,2,0
S01010133,All people in households,713,300,413,423,48,375,170,135,35,120,117,3
S01010133,No central heating,23,7,16,14,0,14,4,2,2,5,5,0
S01010133,Gas central heating,454,184,270,286,35,251,99,81,18,69,68,1
S01010133,Electric (including storage heaters) central heating,220,100,120,116,12,104,63,49,14,41,39,2
S01010133,Oil central heating,2,2,0,0,0,0,1,1,0,1,1,0
S01010133,Solid fuel (for example wood coal) central heating,0,0,0,0,0,0,0,0,0,0,0,0
S01010133,Other central heating,2,2,0,1,1,0,1,1,0,0,0,0
S01010133,Two or more types of central heating,12,5,7,6,0,6,2,1,1,4,4,0
S01010134,All people in households,995,330,665,659,59,600,202,139,63,134,132,2
S01010134,No central heating,18,7,11,13,3,10,2,1,1,3,3,0
S01010134,Gas central heating,857,286,571,569,52,517,170,118,52,118,116,2
S01010134,Electric (including storage heaters) central heating,100,29,71,67,3,64,22,15,7,11,11,0
S01010134,Oil central heating,3,2,1,2,1,1,1,1,0,0,0,0
S01010134,Solid fuel (for example wood coal) central heating,0,0,0,0,0,0,0,0,0,0,0,0
S01010134,Other central heating,7,1,6,4,0,4,2,0,2,1,1,0
S01010134,Two or more types of central heating,10,5,5,4,0,4,5,4,1,1,1,0
S01010135,All people in households,768,301,467,492,60,432,155,121,34,121,120,1
S01010135,No central heating,16,7,9,7,0,7,5,3,2,4,4,0
S01010135,Gas central heating,672,260,412,433,51,382,132,103,29,107,106,1
S01010135,Electric (including storage heaters) central heating,59,25,34,36,4,32,16,14,2,7,7,0
S01010135,Oil central heating,0,0,0,0,0,0,0,0,0,0,0,0
S01010135,Solid fuel (for example wood coal) central heating,2,1,1,2,1,1,0,0,0,0,0,0
S01010135,Other central heating,2,0,2,2,0,2,0,0,0,0,0,0
S01010135,Two or more types of central heating,17,8,9,12,4,8,2,1,1,3,3,0
S01010136,All people in households,809,234,575,585,49,536,149,111,38,75,74,1
S01010136,No central heating,28,11,17,18,1,17,6,6,0,4,4,0
S01010136,Gas central heating,689,198,491,498,39,459,128,97,31,63,62,1
S01010136,Electric (including storage heaters) central heating,72,19,53,55,8,47,12,6,6,5,5,0
S01010136,Oil central heating,4,0,4,4,0,4,0,0,0,0,0,0
S01010136,Solid fuel (for example wood coal) central heating,0,0,0,0,0,0,0,0,0,0,0,0
S01010136,Other central heating,1,1,0,0,0,0,0,0,0,1,1,0
S01010136,Two or more types of central heating,15,5,10,10,1,9,3,2,1,2,2,0
S01010137,All people in households,967,342,625,619,48,571,200,152,48,148,142,6
S01010137,No central heating,22,6,16,15,1,14,4,2,2,3,3,0
S01010137,Gas central heating,832,293,539,535,42,493,172,130,42,125,121,4
S01010137,Electric (including storage heaters) central heating,88,29,59,58,3,55,16,14,2,14,12,2
S01010137,Oil central heating,1,1,0,0,0,0,0,0,0,1,1,0
S01010137,Solid fuel (for example wood coal) central heating,0,0,0,0,0,0,0,0,0,0,0,0
S01010137,Other central heating,12,7,5,5,1,4,5,4,1,2,2,0
S01010137,Two or more types of central heating,12,6,6,6,1,5,3,2,1,3,3,0
S01010138,All people in households,941,410,531,519,62,457,212,146,66,210,202,8
S01010138,No central heating,25,13,12,12,2,10,7,5,2,6,6,0
S01010138,Gas central heating,292,93,199,199,16,183,56,41,15,37,36,1
S01010138,Electric (including storage heaters) central heating,606,296,310,297,41,256,148,100,48,161,155,6
S01010138,Oil central heating,0,0,0,0,0,0,0,0,0,0,0,0
S01010138,Solid fuel (for example wood coal) central heating,2,2,0,2,2,0,0,0,0,0,0,0
S01010138,Other central heating,1,0,1,0,0,0,0,0,0,1,0,1
S01010138,Two or more types of central heating,15,6,9,9,1,8,1,0,1,5,5,0
S01010139,All people in households,1024,363,661,681,64,617,200,159,41,143,140,3
S01010139,No central heating,31,9,22,21,2,19,6,4,2,4,3,1
S01010139,Gas central heating,920,330,590,610,58,552,181,145,36,129,127,2
S01010139,Electric (including storage heaters) central heating,41,12,29,27,1,26,6,3,3,8,8,0
S01010139,Oil central heating,4,0,4,4,0,4,0,0,0,0,0,0
S01010139,Solid fuel (for example wood coal) central heating,0,0,0,0,0,0,0,0,0,0,0,0
S01010139,Other central heating,7,1,6,6,0,6,1,1,0,0,0,0
S01010139,Two or more types of central heating,21,11,10,13,3,10,6,6,0,2,2,0
S01010140,All people in households,753,107,646,634,22,612,72,40,32,47,45,2
S01010140,No central heating,30,6,24,24,1,23,5,4,1,1,1,0
S01010140,Gas central heating,578,84,494,489,20,469,50,27,23,39,37,2
S01010140,Electric (including storage heaters) central heating,135,17,118,111,1,110,17,9,8,7,7,0
S01010140,Oil central heating,0,0,0,0,0,0,0,0,0,0,0,0
S01010140,Solid fuel (for example wood coal) central heating,0,0,0,0,0,0,0,0,0,0,0,0
S01010140,Other central heating,2,0,2,2,0,2,0,0,0,0,0,0
S01010140,Two or more types of central heating,8,0,8,8,0,8,0,0,0,0,0,0
S01010141,All people in households,807,287,520,515,48,467,163,117,46,129,122,7
S01010141,No central heating,20,8,12,12,0,12,4,4,0,4,4,0
S01010141,Gas central heating,681,237,444,438,42,396,134,93,41,109,102,7
S01010141,Electric (including storage heaters) central heating,39,13,26,24,2,22,12,8,4,3,3,0
S01010141,Oil central heating,0,0,0,0,0,0,0,0,0,0,0,0
S01010141,Solid fuel (for example wood coal) central heating,0,0,0,0,0,0,0,0,0,0,0,0
S01010141,Other central heating,24,11,13,12,0,12,8,7,1,4,4,0
S01010141,Two or more types of central heating,43,18,25,29,4,25,5,5,0,9,9,0
S01010142,All people in households,572,163,409,427,41,386,88,65,23,57,57,0
S01010142,No central heating,28,7,21,24,3,21,2,2,0,2,2,0
S01010142,Gas central heating,442,132,310,327,33,294,68,52,16,47,47,0
S01010142,Electric (including storage heaters) central heating,77,16,61,59,4,55,13,7,6,5,5,0
S01010142,Oil central heating,2,0,2,2,0,2,0,0,0,0,0,0
S01010142,Solid fuel (for example wood coal) central heating,2,0,2,2,0,2,0,0,0,0,0,0
S01010142,Other central heating,3,1,2,2,0,2,1,1,0,0,0,0
S01010142,Two or more types of central heating,18,7,11,11,1,10,4,3,1,3,3,0
S01010143,All people in households,739,276,463,452,36,416,169,127,42,118,113,5
S01010143,No central heating,0,0,0,0,0,0,0,0,0,0,0,0
S01010143,Gas central heating,711,263,448,438,36,402,162,121,41,111,106,5
S01010143,Electric (including storage heaters) central heating,15,6,9,9,0,9,3,3,0,3,3,0
S01010143,Oil central heating,0,0,0,0,0,0,0,0,0,0,0,0
S01010143,Solid fuel (for example wood coal) central heating,0,0,0,0,0,0,0,0,0,0,0,0
S01010143,Other central heating,1,1,0,0,0,0,0,0,0,1,1,0
S01010143,Two or more types of central heating,12,6,6,5,0,5,4,3,1,3,3,0
S01010144,All people in households,700,152,548,531,33,498,105,57,48,64,62,2
S01010144,No central heating,41,2,39,38,0,38,2,1,1,1,1,0
S01010144,Gas central heating,588,127,461,449,31,418,92,51,41,47,45,2
S01010144,Electric (including storage heaters) central heating,38,8,30,26,1,25,7,2,5,5,5,0
S01010144,Oil central heating,2,1,1,0,0,0,1,0,1,1,1,0
S01010144,Solid fuel (for example wood coal) central heating,0,0,0,0,0,0,0,0,0,0,0,0
S01010144,Other central heating,5,0,5,5,0,5,0,0,0,0,0,0
S01010144,Two or more types of central heating,26,14,12,13,1,12,3,3,0,10,10,0
S01010145,All people in households,778,204,574,585,49,536,116,80,36,77,75,2
S01010145,No central heating,28,7,21,20,1,19,4,2,2,4,4,0
S01010145,Gas central heating,690,171,519,527,43,484,100,67,33,63,61,2
S01010145,Electric (including storage heaters) central heating,38,14,24,26,3,23,6,5,1,6,6,0
S01010145,Oil central heating,1,1,0,1,1,0,0,0,0,0,0,0
S01010145,Solid fuel (for example wood coal) central heating,0,0,0,0,0,0,0,0,0,0,0,0
S01010145,Other central heating,6,6,0,1,1,0,4,4,0,1,1,0
S01010145,Two or more types of central heating,15,5,10,10,0,10,2,2,0,3,3,0
S01010146,All people in households,765,197,568,568,42,526,113,72,41,84,83,1
S01010146,No central heating,35,4,31,29,0,29,2,1,1,4,3,1
S01010146,Gas central heating,649,170,479,477,37,440,102,63,39,70,70,0
S01010146,Electric (including storage heaters) central heating,49,9,40,40,1,39,5,4,1,4,4,0
S01010146,Oil central heating,0,0,0,0,0,0,0,0,0,0,0,0
S01010146,Solid fuel (for example wood coal) central heating,0,0,0,0,0,0,0,0,0,0,0,0
S01010146,Other central heating,0,0,0,0,0,0,0,0,0,0,0,0
S01010146,Two or more types of central heating,32,14,18,22,4,18,4,4,0,6,6,0
S01010147,All people in households,953,278,675,658,41,617,148,95,53,147,142,5
S01010147,No central heating,11,4,7,7,1,6,2,1,1,2,2,0
S01010147,Gas central heating,841,236,605,586,30,556,127,82,45,128,124,4
S01010147,Electric (including storage heaters) central heating,43,15,28,31,6,25,6,3,3,6,6,0
S01010147,Oil central heating,3,1,2,1,0,1,1,0,1,1,1,0
S01010147,Solid fuel (for example wood coal) central heating,1,1,0,0,0,0,1,1,0,0,0,0
S01010147,Other central heating,4,2,2,3,1,2,1,1,0,0,0,0
S01010147,Two or more types of central heating,50,19,31,30,3,27,10,7,3,10,9,1
S01010148,All people in households,784,210,574,569,31,538,109,74,35,106,105,1
S01010148,No central heating,35,17,18,24,6,18,3,3,0,8,8,0
S01010148,Gas central heating,666,171,495,484,19,465,92,63,29,90,89,1
S01010148,Electric (including storage heaters) central heating,23,4,19,19,1,18,2,1,1,2,2,0
S01010148,Oil central heating,14,2,12,12,1,11,2,1,1,0,0,0
S01010148,Solid fuel (for example wood coal) central heating,2,1,1,1,0,1,0,0,0,1,1,0
S01010148,Other central heating,10,3,7,6,0,6,3,2,1,1,1,0
S01010148,Two or more types of central heating,34,12,22,23,4,19,7,4,3,4,4,0
S01010149,All people in households,499,84,415,417,24,393,54,33,21,28,27,1
S01010149,No central heating,13,2,11,12,1,11,0,0,0,1,1,0
S01010149,Gas central heating,413,60,353,356,17,339,38,25,13,19,18,1
S01010149,Electric (including storage heaters) central heating,20,4,16,13,1,12,7,3,4,0,0,0
S01010149,Oil central heating,23,13,10,10,2,8,6,4,2,7,7,0
S01010149,Solid fuel (for example wood coal) central heating,2,0,2,2,0,2,0,0,0,0,0,0
S01010149,Other central heating,8,2,6,6,1,5,1,0,1,1,1,0
S01010149,Two or more types of central heating,20,3,17,18,2,16,2,1,1,0,0,0
S01010150,All people in households,604,244,360,365,45,320,130,92,38,109,107,2
S01010150,No central heating,24,10,14,12,0,12,6,4,2,6,6,0
S01010150,Gas central heating,527,221,306,314,44,270,114,80,34,99,97,2
S01010150,Electric (including storage heaters) central heating,11,2,9,9,0,9,2,2,0,0,0,0
S01010150,Oil central heating,17,7,10,9,0,9,5,4,1,3,3,0
S01010150,Solid fuel (for example wood coal) central heating,0,0,0,0,0,0,0,0,0,0,0,0
S01010150,Other central heating,0,0,0,0,0,0,0,0,0,0,0,0
S01010150,Two or more types of central heating,25,4,21,21,1,20,3,2,1,1,1,0
S01010151,All people in households,625,282,343,354,44,310,161,130,31,110,108,2
S01010151,No central heating,9,2,7,7,0,7,1,1,0,1,1,0
S01010151,Gas central heating,561,252,309,318,38,280,142,115,27,101,99,2
S01010151,Electric (including storage heaters) central heating,29,10,19,18,3,15,7,3,4,4,4,0
S01010151,Oil central heating,2,2,0,2,2,0,0,0,0,0,0,0
S01010151,Solid fuel (for example wood coal) central heating,0,0,0,0,0,0,0,0,0,0,0,0
S01010151,Other central heating,4,2,2,2,0,2,1,1,0,1,1,0
S01010151,Two or more types of central heating,20,14,6,7,1,6,10,10,0,3,3,0
S01010152,All people in households,851,247,604,619,60,559,140,96,44,92,91,1
S01010152,No central heating,5,1,4,2,0,2,2,0,2,1,1,0
S01010152,Gas central heating,808,232,576,588,55,533,132,90,42,88,87,1
S01010152,Electric (including storage heaters) central heating,13,4,9,10,1,9,3,3,0,0,0,0
S01010152,Oil central heating,0,0,0,0,0,0,0,0,0,0,0,0
S01010152,Solid fuel (for example wood coal) central heating,0,0,0,0,0,0,0,0,0,0,0,0
S01010152,Other central heating,3,1,2,3,1,2,0,0,0,0,0,0
S01010152,Two or more types of central heating,22,9,13,16,3,13,3,3,0,3,3,0
S01010153,All people in households,908,328,580,580,50,530,192,144,48,136,134,2
S01010153,No central heating,22,10,12,11,2,9,8,5,3,3,3,0
S01010153,Gas central heating,801,285,516,521,45,476,163,125,38,117,115,2
S01010153,Electric (including storage heaters) central heating,58,22,36,36,3,33,13,10,3,9,9,0
S01010153,Oil central heating,0,0,0,0,0,0,0,0,0,0,0,0
S01010153,Solid fuel (for example wood coal) central heating,1,1,0,0,0,0,0,0,0,1,1,0
S01010153,Other central heating,7,3,4,1,0,1,3,0,3,3,3,0
S01010153,Two or more types of central heating,19,7,12,11,0,11,5,4,1,3,3,0
S01010154,All people in households,832,330,502,517,62,455,185,138,47,130,130,0
S01010154,No central heating,22,9,13,17,4,13,4,4,0,1,1,0
S01010154,Gas central heating,770,308,462,474,57,417,172,127,45,124,124,0
S01010154,Electric (including storage heaters) central heating,29,5,24,24,1,23,3,2,1,2,2,0
S01010154,Oil central heating,0,0,0,0,0,0,0,0,0,0,0,0
S01010154,Solid fuel (for example wood coal) central heating,2,2,0,0,0,0,0,0,0,2,2,0
S01010154,Other central heating,2,2,0,0,0,0,1,1,0,1,1,0
S01010154,Two or more types of central heating,7,4,3,2,0,2,5,4,1,0,0,0
S01010155,All people in households,700,255,445,458,46,412,147,116,31,95,93,2
S01010155,No central heating,3,0,3,3,0,3,0,0,0,0,0,0
S01010155,Gas central heating,675,250,425,439,46,393,142,112,30,94,92,2
S01010155,Electric (including storage heaters) central heating,7,0,7,6,0,6,1,0,1,0,0,0
S01010155,Oil central heating,0,0,0,0,0,0,0,0,0,0,0,0
S01010155,Solid fuel (for example wood coal) central heating,0,0,0,0,0,0,0,0,0,0,0,0
S01010155,Other central heating,0,0,0,0,0,0,0,0,0,0,0,0
S01010155,Two or more types of central heating,15,5,10,10,0,10,4,4,0,1,1,0
S01010156,All people in households,565,214,351,354,35,319,121,92,29,90,87,3
S01010156,No central heating,10,6,4,4,0,4,2,2,0,4,4,0
S01010156,Gas central heating,480,183,297,300,31,269,108,82,26,72,70,2
S01010156,Electric (including storage heaters) central heating,48,16,32,31,2,29,7,4,3,10,10,0
S01010156,Oil central heating,1,1,0,0,0,0,1,1,0,0,0,0
S01010156,Solid fuel (for example wood coal) central heating,0,0,0,0,0,0,0,0,0,0,0,0
S01010156,Other central heating,8,2,6,6,0,6,1,1,0,1,1,0
S01010156,Two or more types of central heating,18,6,12,13,2,11,2,2,0,3,2,1
S01010157,All people in households,569,231,338,349,40,309,111,83,28,109,108,1
S01010157,No central heating,11,7,4,4,0,4,2,2,0,5,5,0
S01010157,Gas central heating,523,208,315,325,39,286,103,75,28,95,94,1
S01010157,Electric (including storage heaters) central heating,5,4,1,2,1,1,0,0,0,3,3,0
S01010157,Oil central heating,0,0,0,0,0,0,0,0,0,0,0,0
S01010157,Solid fuel (for example wood coal) central heating,0,0,0,0,0,0,0,0,0,0,0,0
S01010157,Other central heating,0,0,0,0,0,0,0,0,0,0,0,0
S01010157,Two or more types of central heating,30,12,18,18,0,18,6,6,0,6,6,0
S01010158,All people in households,913,314,599,584,45,539,203,148,55,126,121,5
S01010158,No central heating,28,9,19,20,1,19,4,4,0,4,4,0
S01010158,Gas central heating,831,284,547,534,43,491,188,136,52,109,105,4
S01010158,Electric (including storage heaters) central heating,19,7,12,11,0,11,3,2,1,5,5,0
S01010158,Oil central heating,3,0,3,3,0,3,0,0,0,0,0,0
S01010158,Solid fuel (for example wood coal) central heating,0,0,0,0,0,0,0,0,0,0,0,0
S01010158,Other central heating,5,2,3,3,0,3,1,1,0,1,1,0
S01010158,Two or more types of central heating,27,12,15,13,1,12,7,5,2,7,6,1
S01010159,All people in households,723,277,446,462,51,411,157,124,33,104,102,2
S01010159,No central heating,17,6,11,13,2,11,1,1,0,3,3,0
S01010159,Gas central heating,631,236,395,406,44,362,141,110,31,84,82,2
S01010159,Electric (including storage heaters) central heating,58,28,30,33,5,28,13,11,2,12,12,0
S01010159,Oil central heating,0,0,0,0,0,0,0,0,0,0,0,0
S01010159,Solid fuel (for example wood coal) central heating,0,0,0,0,0,0,0,0,0,0,0,0
S01010159,Other central heating,2,0,2,2,0,2,0,0,0,0,0,0
S01010159,Two or more types of central heating,15,7,8,8,0,8,2,2,0,5,5,0
S01010160,All people in households,605,140,465,453,28,425,75,37,38,77,75,2
S01010160,No central heating,27,8,19,19,2,17,4,2,2,4,4,0
S01010160,Gas central heating,510,111,399,385,20,365,62,29,33,63,62,1
S01010160,Electric (including storage heaters) central heating,27,3,24,23,1,22,3,2,1,1,0,1
S01010160,Oil central heating,0,0,0,0,0,0,0,0,0,0,0,0
S01010160,Solid fuel (for example wood coal) central heating,0,0,0,0,0,0,0,0,0,0,0,0
S01010160,Other central heating,6,1,5,4,1,3,2,0,2,0,0,0
S01010160,Two or more types of central heating,35,17,18,22,4,18,4,4,0,9,9,0
S01010161,All people in households,636,125,511,505,24,481,68,44,24,63,57,6
S01010161,No central heating,15,4,11,7,1,6,7,2,5,1,1,0
S01010161,Gas central heating,584,106,478,474,21,453,55,36,19,55,49,6
S01010161,Electric (including storage heaters) central heating,10,7,3,3,0,3,5,5,0,2,2,0
S01010161,Oil central heating,0,0,0,0,0,0,0,0,0,0,0,0
S01010161,Solid fuel (for example wood coal) central heating,0,0,0,0,0,0,0,0,0,0,0,0
S01010161,Other central heating,4,2,2,3,1,2,0,0,0,1,1,0
S01010161,Two or more types of central heating,23,6,17,18,1,17,1,1,0,4,4,0
S01010162,All people in households,769,189,580,566,31,535,118,77,41,85,81,4
S01010162,No central heating,32,8,24,23,1,22,6,4,2,3,3,0
S01010162,Gas central heating,666,161,505,489,26,463,104,66,38,73,69,4
S01010162,Electric (including storage heaters) central heating,55,15,40,44,4,40,5,5,0,6,6,0
S01010162,Oil central heating,0,0,0,0,0,0,0,0,0,0,0,0
S01010162,Solid fuel (for example wood coal) central heating,0,0,0,0,0,0,0,0,0,0,0,0
S01010162,Other central heating,1,0,1,1,0,1,0,0,0,0,0,0
S01010162,Two or more types of central heating,15,5,10,9,0,9,3,2,1,3,3,0
S01010163,All people in households,597,196,401,406,36,370,96,66,30,95,94,1
S01010163,No central heating,11,1,10,8,0,8,3,1,2,0,0,0
S01010163,Gas central heating,545,180,365,373,34,339,86,61,25,86,85,1
S01010163,Electric (including storage heaters) central heating,13,4,9,8,1,7,4,2,2,1,1,0
S01010163,Oil central heating,0,0,0,0,0,0,0,0,0,0,0,0
S01010163,Solid fuel (for example wood coal) central heating,2,1,1,1,0,1,0,0,0,1,1,0
S01010163,Other central heating,3,2,1,1,0,1,0,0,0,2,2,0
S01010163,Two or more types of central heating,23,8,15,15,1,14,3,2,1,5,5,0
S01010164,All people in households,749,220,529,523,44,479,140,93,47,86,83,3
S01010164,No central heating,6,2,4,3,0,3,1,0,1,2,2,0
S01010164,Gas central heating,685,197,488,490,40,450,122,85,37,73,72,1
S01010164,Electric (including storage heaters) central heating,21,8,13,14,2,12,4,4,0,3,2,1
S01010164,Oil central heating,1,0,1,0,0,0,1,0,1,0,0,0
S01010164,Solid fuel (for example wood coal) central heating,0,0,0,0,0,0,0,0,0,0,0,0
S01010164,Other central heating,4,1,3,3,0,3,0,0,0,1,1,0
S01010164,Two or more types of central heating,32,12,20,13,2,11,12,4,8,7,6,1
S01010165,All people in households,627,185,442,432,37,395,121,78,43,74,70,4
S01010165,No central heating,8,1,7,7,0,7,0,0,0,1,1,0
S01010165,Gas central heating,504,149,355,345,32,313,104,65,39,55,52,3
S01010165,Electric (including storage heaters) central heating,49,16,33,34,4,30,9,6,3,6,6,0
S01010165,Oil central heating,0,0,0,0,0,0,0,0,0,0,0,0
S01010165,Solid fuel (for example wood coal) central heating,0,0,0,0,0,0,0,0,0,0,0,0
S01010165,Other central heating,33,9,24,22,0,22,5,4,1,6,5,1
S01010165,Two or more types of central heating,33,10,23,24,1,23,3,3,0,6,6,0
S01010166,All people in households,714,226,488,482,40,442,132,88,44,100,98,2
S01010166,No central heating,25,5,20,17,1,16,6,2,4,2,2,0
S01010166,Gas central heating,630,203,427,426,36,390,115,80,35,89,87,2
S01010166,Electric (including storage heaters) central heating,33,10,23,21,1,20,8,5,3,4,4,0
S01010166,Oil central heating,0,0,0,0,0,0,0,0,0,0,0,0
S01010166,Solid fuel (for example wood coal) central heating,0,0,0,0,0,0,0,0,0,0,0,0
S01010166,Other central heating,3,2,1,0,0,0,2,1,1,1,1,0
S01010166,Two or more types of central heating,23,6,17,18,2,16,1,0,1,4,4,0
S01010167,All people in households,792,300,492,469,37,432,189,132,57,134,131,3
S01010167,No central heating,103,23,80,71,4,67,22,9,13,10,10,0
S01010167,Gas central heating,86,34,52,49,2,47,11,7,4,26,25,1
S01010167,Electric (including storage heaters) central heating,598,241,357,349,31,318,152,115,37,97,95,2
S01010167,Oil central heating,1,0,1,0,0,0,1,0,1,0,0,0
S01010167,Solid fuel (for example wood coal) central heating,0,0,0,0,0,0,0,0,0,0,0,0
S01010167,Other central heating,2,1,1,0,0,0,2,1,1,0,0,0
S01010167,Two or more types of central heating,2,1,1,0,0,0,1,0,1,1,1,0
S01010168,All people in households,506,113,393,395,29,366,61,37,24,50,47,3
S01010168,No central heating,34,7,27,28,3,25,4,2,2,2,2,0
S01010168,Gas central heating,261,47,214,213,11,202,24,14,10,24,22,2
S01010168,Electric (including storage heaters) central heating,204,57,147,151,15,136,29,19,10,24,23,1
S01010168,Oil central heating,0,0,0,0,0,0,0,0,0,0,0,0
S01010168,Solid fuel (for example wood coal) central heating,0,0,0,0,0,0,0,0,0,0,0,0
S01010168,Other central heating,1,1,0,0,0,0,1,1,0,0,0,0
S01010168,Two or more types of central heating,6,1,5,3,0,3,3,1,2,0,0,0
S01010169,All people in households,842,168,674,657,39,618,115,63,52,70,66,4
S01010169,No central heating,70,18,52,54,6,48,9,5,4,7,7,0
S01010169,Gas central heating,507,89,418,413,24,389,62,34,28,32,31,1
S01010169,Electric (including storage heaters) central heating,243,57,186,173,8,165,41,23,18,29,26,3
S01010169,Oil central heating,0,0,0,0,0,0,0,0,0,0,0,0
S01010169,Solid fuel (for example wood coal) central heating,0,0,0,0,0,0,0,0,0,0,0,0
S01010169,Other central heating,1,0,1,1,0,1,0,0,0,0,0,0
S01010169,Two or more types of central heating,21,4,17,16,1,15,3,1,2,2,2,0
S01010170,All people in households,533,137,396,376,18,358,85,49,36,72,70,2
S01010170,No central heating,33,5,28,25,2,23,6,1,5,2,2,0
S01010170,Gas central heating,337,98,239,226,12,214,58,35,23,53,51,2
S01010170,Electric (including storage heaters) central heating,154,32,122,118,3,115,19,12,7,17,17,0
S01010170,Oil central heating,0,0,0,0,0,0,0,0,0,0,0,0
S01010170,Solid fuel (for example wood coal) central heating,0,0,0,0,0,0,0,0,0,0,0,0
S01010170,Other central heating,2,0,2,1,0,1,1,0,1,0,0,0
S01010170,Two or more types of central heating,7,2,5,6,1,5,1,1,0,0,0,0
S01010171,All people in households,1038,315,723,719,54,665,184,131,53,135,130,5
S01010171,No central heating,33,10,23,21,2,19,7,3,4,5,5,0
S01010171,Gas central heating,910,269,641,637,43,594,159,114,45,114,112,2
S01010171,Electric (including storage heaters) central heating,41,20,21,23,6,17,10,8,2,8,6,2
S01010171,Oil central heating,0,0,0,0,0,0,0,0,0,0,0,0
S01010171,Solid fuel (for example wood coal) central heating,0,0,0,0,0,0,0,0,0,0,0,0
S01010171,Other central heating,6,1,5,4,0,4,2,1,1,0,0,0
S01010171,Two or more types of central heating,48,15,33,34,3,31,6,5,1,8,7,1
S01010172,All people in households,696,279,417,423,47,376,154,114,40,119,118,1
S01010172,No central heating,26,10,16,18,2,16,5,5,0,3,3,0
S01010172,Gas central heating,586,227,359,359,36,323,129,94,35,98,97,1
S01010172,Electric (including storage heaters) central heating,59,32,27,31,8,23,15,11,4,13,13,0
S01010172,Oil central heating,4,0,4,4,0,4,0,0,0,0,0,0
S01010172,Solid fuel (for example wood coal) central heating,0,0,0,0,0,0,0,0,0,0,0,0
S01010172,Other central heating,7,4,3,3,0,3,1,1,0,3,3,0
S01010172,Two or more types of central heating,14,6,8,8,1,7,4,3,1,2,2,0
S01010173,All people in households,764,224,540,554,53,501,128,90,38,82,81,1
S01010173,No central heating,9,4,5,3,0,3,3,1,2,3,3,0
S01010173,Gas central heating,723,212,511,521,47,474,124,88,36,78,77,1
S01010173,Electric (including storage heaters) central heating,16,1,15,15,0,15,0,0,0,1,1,0
S01010173,Oil central heating,0,0,0,0,0,0,0,0,0,0,0,0
S01010173,Solid fuel (for example wood coal) central heating,0,0,0,0,0,0,0,0,0,0,0,0
S01010173,Other central heating,4,2,2,3,1,2,1,1,0,0,0,0
S01010173,Two or more types of central heating,12,5,7,12,5,7,0,0,0,0,0,0
S01010174,All people in households,583,173,410,419,36,383,111,85,26,53,52,1
S01010174,No central heating,26,6,20,21,1,20,3,3,0,2,2,0
S01010174,Gas central heating,491,141,350,359,33,326,90,67,23,42,41,1
S01010174,Electric (including storage heaters) central heating,58,22,36,36,2,34,13,11,2,9,9,0
S01010174,Oil central heating,0,0,0,0,0,0,0,0,0,0,0,0
S01010174,Solid fuel (for example wood coal) central heating,0,0,0,0,0,0,0,0,0,0,0,0
S01010174,Other central heating,3,3,0,0,0,0,3,3,0,0,0,0
S01010174,Two or more types of central heating,5,1,4,3,0,3,2,1,1,0,0,0
S01010175,All people in households,480,134,346,343,24,319,82,56,26,55,54,1
S01010175,No central heating,20,6,14,14,2,12,4,2,2,2,2,0
S01010175,Gas central heating,387,108,279,274,19,255,65,42,23,48,47,1
S01010175,Electric (including storage heaters) central heating,49,16,33,34,2,32,11,10,1,4,4,0
S01010175,Oil central heating,0,0,0,0,0,0,0,0,0,0,0,0
S01010175,Solid fuel (for example wood coal) central heating,0,0,0,0,0,0,0,0,0,0,0,0
S01010175,Other central heating,1,0,1,1,0,1,0,0,0,0,0,0
S01010175,Two or more types of central heating,23,4,19,20,1,19,2,2,0,1,1,0
S01010176,All people in households,705,226,479,480,39,441,140,104,36,85,83,2
S01010176,No central heating,3,1,2,1,0,1,1,1,0,1,0,1
S01010176,Gas central heating,669,211,458,462,37,425,128,96,32,79,78,1
S01010176,Electric (including storage heaters) central heating,16,6,10,10,1,9,4,3,1,2,2,0
S01010176,Oil central heating,0,0,0,0,0,0,0,0,0,0,0,0
S01010176,Solid fuel (for example wood coal) central heating,2,1,1,1,0,1,1,1,0,0,0,0
S01010176,Other central heating,3,0,3,3,0,3,0,0,0,0,0,0
S01010176,Two or more types of central heating,12,7,5,3,1,2,6,3,3,3,3,0
S01010177,All people in households,776,188,588,587,31,556,113,82,31,76,75,1
S01010177,No central heating,1,1,0,1,1,0,0,0,0,0,0,0
S01010177,Gas central heating,672,160,512,511,28,483,98,70,28,63,62,1
S01010177,Electric (including storage heaters) central heating,70,23,47,46,0,46,13,12,1,11,11,0
S01010177,Oil central heating,0,0,0,0,0,0,0,0,0,0,0,0
S01010177,Solid fuel (for example wood coal) central heating,0,0,0,0,0,0,0,0,0,0,0,0
S01010177,Other central heating,6,0,6,6,0,6,0,0,0,0,0,0
S01010177,Two or more types of central heating,27,4,23,23,2,21,2,0,2,2,2,0
S01010178,All people in households,1033,238,795,749,36,713,183,108,75,101,94,7
S01010178,No central heating,21,8,13,12,1,11,5,4,1,4,3,1
S01010178,Gas central heating,877,184,693,654,29,625,148,85,63,75,70,5
S01010178,Electric (including storage heaters) central heating,66,36,30,26,4,22,24,16,8,16,16,0
S01010178,Oil central heating,2,2,0,0,0,0,2,2,0,0,0,0
S01010178,Solid fuel (for example wood coal) central heating,0,0,0,0,0,0,0,0,0,0,0,0
S01010178,Other central heating,5,1,4,4,0,4,0,0,0,1,1,0
S01010178,Two or more types of central heating,62,7,55,53,2,51,4,1,3,5,4,1
S01010179,All people in households,837,276,561,562,47,515,148,107,41,127,122,5
S01010179,No central heating,5,2,3,3,0,3,0,0,0,2,2,0
S01010179,Gas central heating,761,243,518,524,46,478,131,94,37,106,103,3
S01010179,Electric (including storage heaters) central heating,20,9,11,10,1,9,7,5,2,3,3,0
S01010179,Oil central heating,0,0,0,0,0,0,0,0,0,0,0,0
S01010179,Solid fuel (for example wood coal) central heating,0,0,0,0,0,0,0,0,0,0,0,0
S01010179,Other central heating,2,1,1,1,0,1,0,0,0,1,1,0
S01010179,Two or more types of central heating,49,21,28,24,0,24,10,8,2,15,13,2
S01010180,All people in households,560,82,478,476,20,456,53,34,19,31,28,3
S01010180,No central heating,0,0,0,0,0,0,0,0,0,0,0,0
S01010180,Gas central heating,518,74,444,443,18,425,48,30,18,27,26,1
S01010180,Electric (including storage heaters) central heating,12,1,11,12,1,11,0,0,0,0,0,0
S01010180,Oil central heating,0,0,0,0,0,0,0,0,0,0,0,0
S01010180,Solid fuel (for example wood coal) central heating,0,0,0,0,0,0,0,0,0,0,0,0
S01010180,Other central heating,4,0,4,4,0,4,0,0,0,0,0,0
S01010180,Two or more types of central heating,26,7,19,17,1,16,5,4,1,4,2,2
S01010181,All people in households,631,219,412,419,42,377,117,90,27,95,87,8
S01010181,No central heating,7,2,5,4,0,4,1,1,0,2,1,1
S01010181,Gas central heating,578,201,377,389,39,350,107,84,23,82,78,4
S01010181,Electric (including storage heaters) central heating,8,8,0,1,1,0,2,2,0,5,5,0
S01010181,Oil central heating,0,0,0,0,0,0,0,0,0,0,0,0
S01010181,Solid fuel (for example wood coal) central heating,0,0,0,0,0,0,0,0,0,0,0,0
S01010181,Other central heating,0,0,0,0,0,0,0,0,0,0,0,0
S01010181,Two or more types of central heating,38,8,30,25,2,23,7,3,4,6,3,3
S01010182,All people in households,667,135,532,538,35,503,85,56,29,44,44,0
S01010182,No central heating,29,10,19,18,0,18,5,4,1,6,6,0
S01010182,Gas central heating,530,101,429,440,34,406,56,33,23,34,34,0
S01010182,Electric (including storage heaters) central heating,91,21,70,68,1,67,19,16,3,4,4,0
S01010182,Oil central heating,0,0,0,0,0,0,0,0,0,0,0,0
S01010182,Solid fuel (for example wood coal) central heating,0,0,0,0,0,0,0,0,0,0,0,0
S01010182,Other central heating,0,0,0,0,0,0,0,0,0,0,0,0
S01010182,Two or more types of central heating,17,3,14,12,0,12,5,3,2,0,0,0
S01010183,All people in households,463,178,285,294,36,258,101,74,27,68,68,0
S01010183,No central heating,7,3,4,4,0,4,2,2,0,1,1,0
S01010183,Gas central heating,422,167,255,267,36,231,93,69,24,62,62,0
S01010183,Electric (including storage heaters) central heating,18,2,16,15,0,15,2,1,1,1,1,0
S01010183,Oil central heating,2,0,2,2,0,2,0,0,0,0,0,0
S01010183,Solid fuel (for example wood coal) central heating,0,0,0,0,0,0,0,0,0,0,0,0
S01010183,Other central heating,0,0,0,0,0,0,0,0,0,0,0,0
S01010183,Two or more types of central heating,14,6,8,6,0,6,4,2,2,4,4,0
S01010184,All people in households,624,178,446,441,37,404,114,73,41,69,68,1
S01010184,No central heating,2,1,1,1,0,1,1,1,0,0,0,0
S01010184,Gas central heating,551,159,392,389,37,352,100,60,40,62,62,0
S01010184,Electric (including storage heaters) central heating,16,3,13,13,0,13,1,1,0,2,2,0
S01010184,Oil central heating,7,2,5,5,0,5,2,2,0,0,0,0
S01010184,Solid fuel (for example wood coal) central heating,0,0,0,0,0,0,0,0,0,0,0,0
S01010184,Other central heating,19,4,15,14,0,14,5,4,1,0,0,0
S01010184,Two or more types of central heating,29,9,20,19,0,19,5,5,0,5,4,1
S01010185,All people in households,633,191,442,433,38,395,118,73,45,82,80,2
S01010185,No central heating,7,2,5,5,0,5,1,1,0,1,1,0
S01010185,Gas central heating,569,174,395,389,35,354,105,65,40,75,74,1
S01010185,Electric (including storage heaters) central heating,17,3,14,12,0,12,5,3,2,0,0,0
S01010185,Oil central heating,0,0,0,0,0,0,0,0,0,0,0,0
S01010185,Solid fuel (for example wood coal) central heating,0,0,0,0,0,0,0,0,0,0,0,0
S01010185,Other central heating,6,2,4,5,1,4,0,0,0,1,1,0
S01010185,Two or more types of central heating,34,10,24,22,2,20,7,4,3,5,4,1
S01010186,All people in households,647,107,540,538,28,510,77,49,28,32,30,2
S01010186,No central heating,6,0,6,5,0,5,1,0,1,0,0,0
S01010186,Gas central heating,614,102,512,510,26,484,72,46,26,32,30,2
S01010186,Electric (including storage heaters) central heating,3,2,1,2,1,1,1,1,0,0,0,0
S01010186,Oil central heating,0,0,0,0,0,0,0,0,0,0,0,0
S01010186,Solid fuel (for example wood coal) central heating,0,0,0,0,0,0,0,0,0,0,0,0
S01010186,Other central heating,0,0,0,0,0,0,0,0,0,0,0,0
S01010186,Two or more types of central heating,24,3,21,21,1,20,3,2,1,0,0,0
S01010187,All people in households,635,98,537,527,20,507,73,43,30,35,35,0
S01010187,No central heating,32,4,28,25,1,24,5,1,4,2,2,0
S01010187,Gas central heating,557,84,473,468,18,450,61,38,23,28,28,0
S01010187,Electric (including storage heaters) central heating,34,7,27,27,1,26,2,1,1,5,5,0
S01010187,Oil central heating,0,0,0,0,0,0,0,0,0,0,0,0
S01010187,Solid fuel (for example wood coal) central heating,0,0,0,0,0,0,0,0,0,0,0,0
S01010187,Other central heating,0,0,0,0,0,0,0,0,0,0,0,0
S01010187,Two or more types of central heating,12,3,9,7,0,7,5,3,2,0,0,0
S01010188,All people in households,681,109,572,579,26,553,67,48,19,35,35,0
S01010188,No central heating,11,3,8,8,0,8,1,1,0,2,2,0
S01010188,Gas central heating,632,96,536,544,25,519,61,44,17,27,27,0
S01010188,Electric (including storage heaters) central heating,25,9,16,15,1,14,5,3,2,5,5,0
S01010188,Oil central heating,0,0,0,0,0,0,0,0,0,0,0,0
S01010188,Solid fuel (for example wood coal) central heating,0,0,0,0,0,0,0,0,0,0,0,0
S01010188,Other central heating,5,1,4,4,0,4,0,0,0,1,1,0
S01010188,Two or more types of central heating,8,0,8,8,0,8,0,0,0,0,0,0
S01010189,All people in households,976,81,895,890,28,862,60,28,32,26,25,1
S01010189,No central heating,0,0,0,0,0,0,0,0,0,0,0,0
S01010189,Gas central heating,963,81,882,878,28,850,59,28,31,26,25,1
S01010189,Electric (including storage heaters) central heating,4,0,4,4,0,4,0,0,0,0,0,0
S01010189,Oil central heating,0,0,0,0,0,0,0,0,0,0,0,0
S01010189,Solid fuel (for example wood coal) central heating,0,0,0,0,0,0,0,0,0,0,0,0
S01010189,Other central heating,3,0,3,3,0,3,0,0,0,0,0,0
S01010189,Two or more types of central heating,6,0,6,5,0,5,1,0,1,0,0,0
S01010190,All people in households,740,51,689,691,17,674,39,24,15,10,10,0
S01010190,No central heating,3,0,3,3,0,3,0,0,0,0,0,0
S01010190,Gas central heating,708,49,659,660,16,644,38,23,15,10,10,0
S01010190,Electric (including storage heaters) central heating,7,0,7,7,0,7,0,0,0,0,0,0
S01010190,Oil central heating,0,0,0,0,0,0,0,0,0,0,0,0
S01010190,Solid fuel (for example wood coal) central heating,0,0,0,0,0,0,0,0,0,0,0,0
S01010190,Other central heating,0,0,0,0,0,0,0,0,0,0,0,0
S01010190,Two or more types of central heating,22,2,20,21,1,20,1,1,0,0,0,0
S01010191,All people in households,736,67,669,672,24,648,45,27,18,19,16,3
S01010191,No central heating,4,0,4,4,0,4,0,0,0,0,0,0
S01010191,Gas central heating,695,62,633,636,21,615,43,26,17,16,15,1
S01010191,Electric (including storage heaters) central heating,11,2,9,10,1,9,1,1,0,0,0,0
S01010191,Oil central heating,0,0,0,0,0,0,0,0,0,0,0,0
S01010191,Solid fuel (for example wood coal) central heating,0,0,0,0,0,0,0,0,0,0,0,0
S01010191,Other central heating,1,1,0,1,1,0,0,0,0,0,0,0
S01010191,Two or more types of central heating,25,2,23,21,1,20,1,0,1,3,1,2
S01010192,All people in households,869,79,790,781,23,758,65,34,31,23,22,1
S01010192,No central heating,2,0,2,2,0,2,0,0,0,0,0,0
S01010192,Gas central heating,826,74,752,744,23,721,63,33,30,19,18,1
S01010192,Electric (including storage heaters) central heating,21,4,17,17,0,17,1,1,0,3,3,0
S01010192,Oil central heating,0,0,0,0,0,0,0,0,0,0,0,0
S01010192,Solid fuel (for example wood coal) central heating,0,0,0,0,0,0,0,0,0,0,0,0
S01010192,Other central heating,5,0,5,4,0,4,1,0,1,0,0,0
S01010192,Two or more types of central heating,15,1,14,14,0,14,0,0,0,1,1,0
S01010193,All people in households,739,128,611,624,47,577,82,48,34,33,33,0
S01010193,No central heating,13,7,6,7,1,6,3,3,0,3,3,0
S01010193,Gas central heating,658,101,557,566,39,527,67,37,30,25,25,0
S01010193,Electric (including storage heaters) central heating,38,17,21,25,6,19,9,7,2,4,4,0
S01010193,Oil central heating,2,1,1,1,0,1,1,1,0,0,0,0
S01010193,Solid fuel (for example wood coal) central heating,0,0,0,0,0,0,0,0,0,0,0,0
S01010193,Other central heating,1,0,1,1,0,1,0,0,0,0,0,0
S01010193,Two or more types of central heating,27,2,25,24,1,23,2,0,2,1,1,0
S01010194,All people in households,628,195,433,447,47,400,115,83,32,66,65,1
S01010194,No central heating,9,3,6,6,0,6,0,0,0,3,3,0
S01010194,Gas central heating,580,177,403,414,44,370,104,72,32,62,61,1
S01010194,Electric (including storage heaters) central heating,27,11,16,18,2,16,8,8,0,1,1,0
S01010194,Oil central heating,0,0,0,0,0,0,0,0,0,0,0,0
S01010194,Solid fuel (for example wood coal) central heating,0,0,0,0,0,0,0,0,0,0,0,0
S01010194,Other central heating,4,1,3,3,0,3,1,1,0,0,0,0
S01010194,Two or more types of central heating,8,3,5,6,1,5,2,2,0,0,0,0
S01010195,All people in households,531,128,403,406,32,374,69,40,29,56,56,0
S01010195,No central heating,9,2,7,7,0,7,0,0,0,2,2,0
S01010195,Gas central heating,481,114,367,371,28,343,60,36,24,50,50,0
S01010195,Electric (including storage heaters) central heating,13,5,8,11,4,7,2,1,1,0,0,0
S01010195,Oil central heating,0,0,0,0,0,0,0,0,0,0,0,0
S01010195,Solid fuel (for example wood coal) central heating,1,1,0,0,0,0,0,0,0,1,1,0
S01010195,Other central heating,6,2,4,2,0,2,3,1,2,1,1,0
S01010195,Two or more types of central heating,21,4,17,15,0,15,4,2,2,2,2,0
S01010196,All people in households,690,195,495,480,40,440,117,67,50,93,88,5
S01010196,No central heating,11,1,10,5,0,5,4,0,4,2,1,1
S01010196,Gas central heating,599,167,432,429,36,393,92,57,35,78,74,4
S01010196,Electric (including storage heaters) central heating,51,18,33,30,2,28,12,7,5,9,9,0
S01010196,Oil central heating,0,0,0,0,0,0,0,0,0,0,0,0
S01010196,Solid fuel (for example wood coal) central heating,2,0,2,0,0,0,2,0,2,0,0,0
S01010196,Other central heating,2,1,1,0,0,0,1,0,1,1,1,0
S01010196,Two or more types of central heating,25,8,17,16,2,14,6,3,3,3,3,0
S01010197,All people in households,660,196,464,456,38,418,124,79,45,80,79,1
S01010197,No central heating,8,1,7,7,0,7,0,0,0,1,1,0
S01010197,Gas central heating,624,185,439,433,37,396,118,76,42,73,72,1
S01010197,Electric (including storage heaters) central heating,15,5,10,10,1,9,3,2,1,2,2,0
S01010197,Oil central heating,0,0,0,0,0,0,0,0,0,0,0,0
S01010197,Solid fuel (for example wood coal) central heating,0,0,0,0,0,0,0,0,0,0,0,0
S01010197,Other central heating,0,0,0,0,0,0,0,0,0,0,0,0
S01010197,Two or more types of central heating,13,5,8,6,0,6,3,1,2,4,4,0
S01010198,All people in households,949,282,667,649,48,601,187,124,63,113,110,3
S01010198,No central heating,13,4,9,8,0,8,3,2,1,2,2,0
S01010198,Gas central heating,858,257,601,584,43,541,173,115,58,101,99,2
S01010198,Electric (including storage heaters) central heating,26,3,23,23,1,22,1,1,0,2,1,1
S01010198,Oil central heating,0,0,0,0,0,0,0,0,0,0,0,0
S01010198,Solid fuel (for example wood coal) central heating,0,0,0,0,0,0,0,0,0,0,0,0
S01010198,Other central heating,7,3,4,3,1,2,4,2,2,0,0,0
S01010198,Two or more types of central heating,45,15,30,31,3,28,6,4,2,8,8,0
S01010199,All people in households,521,138,383,372,24,348,95,64,31,54,50,4
S01010199,No central heating,5,2,3,3,0,3,1,1,0,1,1,0
S01010199,Gas central heating,484,129,355,347,22,325,87,60,27,50,47,3
S01010199,Electric (including storage heaters) central heating,15,2,13,10,0,10,3,1,2,2,1,1
S01010199,Oil central heating,0,0,0,0,0,0,0,0,0,0,0,0
S01010199,Solid fuel (for example wood coal) central heating,0,0,0,0,0,0,0,0,0,0,0,0
S01010199,Other central heating,3,1,2,3,1,2,0,0,0,0,0,0
S01010199,Two or more types of central heating,14,4,10,9,1,8,4,2,2,1,1,0
S01010200,All people in households,690,221,469,475,46,429,124,89,35,91,86,5
S01010200,No central heating,21,2,19,18,1,17,3,1,2,0,0,0
S01010200,Gas central heating,647,204,443,447,42,405,117,84,33,83,78,5
S01010200,Electric (including storage heaters) central heating,14,8,6,7,1,6,2,2,0,5,5,0
S01010200,Oil central heating,0,0,0,0,0,0,0,0,0,0,0,0
S01010200,Solid fuel (for example wood coal) central heating,0,0,0,0,0,0,0,0,0,0,0,0
S01010200,Other central heating,0,0,0,0,0,0,0,0,0,0,0,0
S01010200,Two or more types of central heating,8,7,1,3,2,1,2,2,0,3,3,0
S01010201,All people in households,643,154,489,492,30,462,94,67,27,57,57,0
S01010201,No central heating,0,0,0,0,0,0,0,0,0,0,0,0
S01010201,Gas central heating,616,144,472,475,28,447,87,62,25,54,54,0
S01010201,Electric (including storage heaters) central heating,4,3,1,1,0,1,2,2,0,1,1,0
S01010201,Oil central heating,0,0,0,0,0,0,0,0,0,0,0,0
S01010201,Solid fuel (for example wood coal) central heating,2,1,1,2,1,1,0,0,0,0,0,0
S01010201,Other central heating,0,0,0,0,0,0,0,0,0,0,0,0
S01010201,Two or more types of central heating,21,6,15,14,1,13,5,3,2,2,2,0
S01010202,All people in households,783,178,605,590,34,556,110,65,45,83,79,4
S01010202,No central heating,24,1,23,21,0,21,2,0,2,1,1,0
S01010202,Gas central heating,632,155,477,478,34,444,89,57,32,65,64,1
S01010202,Electric (including storage heaters) central heating,104,11,93,81,0,81,16,7,9,7,4,3
S01010202,Oil central heating,0,0,0,0,0,0,0,0,0,0,0,0
S01010202,Solid fuel (for example wood coal) central heating,0,0,0,0,0,0,0,0,0,0,0,0
S01010202,Other central heating,3,2,1,1,0,1,0,0,0,2,2,0
S01010202,Two or more types of central heating,20,9,11,9,0,9,3,1,2,8,8,0
S01010203,All people in households,671,85,586,579,20,559,62,36,26,30,29,1
S01010203,No central heating,12,2,10,10,0,10,1,1,0,1,1,0
S01010203,Gas central heating,390,43,347,338,9,329,36,19,17,16,15,1
S01010203,Electric (including storage heaters) central heating,257,39,218,220,11,209,24,15,9,13,13,0
S01010203,Oil central heating,7,1,6,6,0,6,1,1,0,0,0,0
S01010203,Solid fuel (for example wood coal) central heating,0,0,0,0,0,0,0,0,0,0,0,0
S01010203,Other central heating,0,0,0,0,0,0,0,0,0,0,0,0
S01010203,Two or more types of central heating,5,0,5,5,0,5,0,0,0,0,0,0
S01010204,All people in households,800,238,562,532,31,501,155,98,57,113,109,4
S01010204,No central heating,17,7,10,12,2,10,2,2,0,3,3,0
S01010204,Gas central heating,683,205,478,453,25,428,134,87,47,96,93,3
S01010204,Electric (including storage heaters) central heating,51,11,40,36,1,35,10,6,4,5,4,1
S01010204,Oil central heating,0,0,0,0,0,0,0,0,0,0,0,0
S01010204,Solid fuel (for example wood coal) central heating,0,0,0,0,0,0,0,0,0,0,0,0
S01010204,Other central heating,3,2,1,3,2,1,0,0,0,0,0,0
S01010204,Two or more types of central heating,46,13,33,28,1,27,9,3,6,9,9,0
S01010205,All people in households,658,191,467,475,45,430,100,68,32,83,78,5
S01010205,No central heating,21,2,19,13,0,13,8,2,6,0,0,0
S01010205,Gas central heating,553,163,390,402,37,365,79,57,22,72,69,3
S01010205,Electric (including storage heaters) central heating,50,14,36,35,3,32,6,4,2,9,7,2
S01010205,Oil central heating,0,0,0,0,0,0,0,0,0,0,0,0
S01010205,Solid fuel (for example wood coal) central heating,0,0,0,0,0,0,0,0,0,0,0,0
S01010205,Other central heating,8,3,5,5,1,4,3,2,1,0,0,0
S01010205,Two or more types of central heating,26,9,17,20,4,16,4,3,1,2,2,0
S01010206,All people in households,497,63,434,395,15,380,59,25,34,43,23,20
S01010206,No central heating,21,0,21,16,0,16,3,0,3,2,0,2
S01010206,Gas central heating,67,12,55,51,3,48,11,6,5,5,3,2
S01010206,Electric (including storage heaters) central heating,403,50,353,323,12,311,44,18,26,36,20,16
S01010206,Oil central heating,0,0,0,0,0,0,0,0,0,0,0,0
S01010206,Solid fuel (for example wood coal) central heating,0,0,0,0,0,0,0,0,0,0,0,0
S01010206,Other central heating,4,1,3,3,0,3,1,1,0,0,0,0
S01010206,Two or more types of central heating,2,0,2,2,0,2,0,0,0,0,0,0
S01010207,All people in households,778,159,619,599,26,573,88,49,39,91,84,7
S01010207,No central heating,37,10,27,26,0,26,4,3,1,7,7,0
S01010207,Gas central heating,285,81,204,203,14,189,33,19,14,49,48,1
S01010207,Electric (including storage heaters) central heating,412,59,353,336,10,326,46,24,22,30,25,5
S01010207,Oil central heating,5,1,4,4,0,4,0,0,0,1,1,0
S01010207,Solid fuel (for example wood coal) central heating,5,0,5,4,0,4,1,0,1,0,0,0
S01010207,Other central heating,11,2,9,8,0,8,0,0,0,3,2,1
S01010207,Two or more types of central heating,23,6,17,18,2,16,4,3,1,1,1,0
S01010208,All people in households,903,200,703,674,32,642,142,84,58,87,84,3
S01010208,No central heating,60,10,50,51,3,48,5,3,2,4,4,0
S01010208,Gas central heating,356,96,260,229,8,221,83,47,36,44,41,3
S01010208,Electric (including storage heaters) central heating,459,87,372,373,21,352,50,30,20,36,36,0
S01010208,Oil central heating,0,0,0,0,0,0,0,0,0,0,0,0
S01010208,Solid fuel (for example wood coal) central heating,0,0,0,0,0,0,0,0,0,0,0,0
S01010208,Other central heating,6,2,4,4,0,4,0,0,0,2,2,0
S01010208,Two or more types of central heating,22,5,17,17,0,17,4,4,0,1,1,0
S01010209,All people in households,880,261,619,636,58,578,147,107,40,97,96,1
S01010209,No central heating,28,4,24,24,1,23,1,0,1,3,3,0
S01010209,Gas central heating,490,123,367,383,36,347,73,54,19,34,33,1
S01010209,Electric (including storage heaters) central heating,335,129,206,205,19,186,72,52,20,58,58,0
S01010209,Oil central heating,0,0,0,0,0,0,0,0,0,0,0,0
S01010209,Solid fuel (for example wood coal) central heating,2,2,0,1,1,0,0,0,0,1,1,0
S01010209,Other central heating,4,0,4,4,0,4,0,0,0,0,0,0
S01010209,Two or more types of central heating,21,3,18,19,1,18,1,1,0,1,1,0
S01010210,All people in households,885,249,636,631,52,579,157,103,54,97,94,3
S01010210,No central heating,10,5,5,6,1,5,3,3,0,1,1,0
S01010210,Gas central heating,806,219,587,579,48,531,141,88,53,86,83,3
S01010210,Electric (including storage heaters) central heating,30,12,18,21,3,18,3,3,0,6,6,0
S01010210,Oil central heating,0,0,0,0,0,0,0,0,0,0,0,0
S01010210,Solid fuel (for example wood coal) central heating,0,0,0,0,0,0,0,0,0,0,0,0
S01010210,Other central heating,12,3,9,9,0,9,2,2,0,1,1,0
S01010210,Two or more types of central heating,27,10,17,16,0,16,8,7,1,3,3,0
S01010211,All people in households,858,287,571,557,54,503,166,104,62,135,129,6
S01010211,No central heating,22,6,16,15,1,14,4,2,2,3,3,0
S01010211,Gas central heating,604,181,423,415,36,379,109,68,41,80,77,3
S01010211,Electric (including storage heaters) central heating,186,84,102,99,15,84,44,28,16,43,41,2
S01010211,Oil central heating,0,0,0,0,0,0,0,0,0,0,0,0
S01010211,Solid fuel (for example wood coal) central heating,0,0,0,0,0,0,0,0,0,0,0,0
S01010211,Other central heating,3,2,1,3,2,1,0,0,0,0,0,0
S01010211,Two or more types of central heating,43,14,29,25,0,25,9,6,3,9,8,1
S01010212,All people in households,1030,294,736,706,54,652,184,107,77,140,133,7
S01010212,No central heating,36,9,27,22,0,22,10,5,5,4,4,0
S01010212,Gas central heating,733,192,541,532,41,491,126,77,49,75,74,1
S01010212,Electric (including storage heaters) central heating,205,75,130,120,11,109,37,21,16,48,43,5
S01010212,Oil central heating,0,0,0,0,0,0,0,0,0,0,0,0
S01010212,Solid fuel (for example wood coal) central heating,0,0,0,0,0,0,0,0,0,0,0,0
S01010212,Other central heating,4,1,3,1,0,1,2,1,1,1,0,1
S01010212,Two or more types of central heating,52,17,35,31,2,29,9,3,6,12,12,0
S01010213,All people in households,924,315,609,611,62,549,185,132,53,128,121,7
S01010213,No central heating,12,2,10,9,0,9,1,0,1,2,2,0
S01010213,Gas central heating,826,281,545,551,58,493,162,115,47,113,108,5
S01010213,Electric (including storage heaters) central heating,43,20,23,23,4,19,15,13,2,5,3,2
S01010213,Oil central heating,4,0,4,3,0,3,1,0,1,0,0,0
S01010213,Solid fuel (for example wood coal) central heating,0,0,0,0,0,0,0,0,0,0,0,0
S01010213,Other central heating,2,2,0,0,0,0,2,2,0,0,0,0
S01010213,Two or more types of central heating,37,10,27,25,0,25,4,2,2,8,8,0
S01010214,All people in households,967,222,745,745,51,694,156,107,49,66,64,2
S01010214,No central heating,16,3,13,15,2,13,0,0,0,1,1,0
S01010214,Gas central heating,795,187,608,604,39,565,136,95,41,55,53,2
S01010214,Electric (including storage heaters) central heating,123,30,93,96,8,88,17,12,5,10,10,0
S01010214,Oil central heating,8,1,7,6,1,5,2,0,2,0,0,0
S01010214,Solid fuel (for example wood coal) central heating,0,0,0,0,0,0,0,0,0,0,0,0
S01010214,Other central heating,0,0,0,0,0,0,0,0,0,0,0,0
S01010214,Two or more types of central heating,25,1,24,24,1,23,1,0,1,0,0,0
S01010215,All people in households,842,278,564,541,47,494,199,131,68,102,100,2
S01010215,No central heating,30,7,23,25,2,23,3,3,0,2,2,0
S01010215,Gas central heating,326,80,246,239,15,224,57,35,22,30,30,0
S01010215,Electric (including storage heaters) central heating,448,185,263,247,29,218,133,89,44,68,67,1
S01010215,Oil central heating,3,0,3,3,0,3,0,0,0,0,0,0
S01010215,Solid fuel (for example wood coal) central heating,0,0,0,0,0,0,0,0,0,0,0,0
S01010215,Other central heating,9,3,6,7,1,6,2,2,0,0,0,0
S01010215,Two or more types of central heating,26,3,23,20,0,20,4,2,2,2,1,1
S01010216,All people in households,621,204,417,411,44,367,126,81,45,84,79,5
S01010216,No central heating,10,2,8,7,1,6,3,1,2,0,0,0
S01010216,Gas central heating,226,54,172,177,15,162,24,16,8,25,23,2
S01010216,Electric (including storage heaters) central heating,351,141,210,202,27,175,94,62,32,55,52,3
S01010216,Oil central heating,0,0,0,0,0,0,0,0,0,0,0,0
S01010216,Solid fuel (for example wood coal) central heating,0,0,0,0,0,0,0,0,0,0,0,0
S01010216,Other central heating,5,0,5,5,0,5,0,0,0,0,0,0
S01010216,Two or more types of central heating,29,7,22,20,1,19,5,2,3,4,4,0
S01010217,All people in households,817,185,632,630,40,590,120,79,41,67,66,1
S01010217,No central heating,35,7,28,29,2,27,6,5,1,0,0,0
S01010217,Gas central heating,571,131,440,438,29,409,76,46,30,57,56,1
S01010217,Electric (including storage heaters) central heating,165,31,134,133,7,126,26,18,8,6,6,0
S01010217,Oil central heating,0,0,0,0,0,0,0,0,0,0,0,0
S01010217,Solid fuel (for example wood coal) central heating,0,0,0,0,0,0,0,0,0,0,0,0
S01010217,Other central heating,5,2,3,3,0,3,1,1,0,1,1,0
S01010217,Two or more types of central heating,41,14,27,27,2,25,11,9,2,3,3,0
S01010218,All people in households,1018,229,789,767,39,728,141,87,54,110,103,7
S01010218,No central heating,46,5,41,40,0,40,5,4,1,1,1,0
S01010218,Gas central heating,475,140,335,326,23,303,81,52,29,68,65,3
S01010218,Electric (including storage heaters) central heating,462,68,394,390,16,374,42,25,17,30,27,3
S01010218,Oil central heating,0,0,0,0,0,0,0,0,0,0,0,0
S01010218,Solid fuel (for example wood coal) central heating,0,0,0,0,0,0,0,0,0,0,0,0
S01010218,Other central heating,8,4,4,2,0,2,4,2,2,2,2,0
S01010218,Two or more types of central heating,27,12,15,9,0,9,9,4,5,9,8,1
S01010219,All people in households,503,93,410,399,17,382,55,29,26,49,47,2
S01010219,No central heating,25,2,23,22,1,21,2,0,2,1,1,0
S01010219,Gas central heating,11,2,9,9,0,9,1,1,0,1,1,0
S01010219,Electric (including storage heaters) central heating,455,85,370,361,16,345,50,26,24,44,43,1
S01010219,Oil central heating,8,2,6,5,0,5,0,0,0,3,2,1
S01010219,Solid fuel (for example wood coal) central heating,0,0,0,0,0,0,0,0,0,0,0,0
S01010219,Other central heating,4,2,2,2,0,2,2,2,0,0,0,0
S01010219,Two or more types of central heating,0,0,0,0,0,0,0,0,0,0,0,0
S01010220,All people in households,476,34,442,441,14,427,28,13,15,7,7,0
S01010220,No central heating,19,1,18,18,0,18,0,0,0,1,1,0
S01010220,Gas central heating,201,12,189,187,5,182,13,6,7,1,1,0
S01010220,Electric (including storage heaters) central heating,237,17,220,219,7,212,14,6,8,4,4,0
S01010220,Oil central heating,0,0,0,0,0,0,0,0,0,0,0,0
S01010220,Solid fuel (for example wood coal) central heating,0,0,0,0,0,0,0,0,0,0,0,0
S01010220,Other central heating,0,0,0,0,0,0,0,0,0,0,0,0
S01010220,Two or more types of central heating,19,4,15,17,2,15,1,1,0,1,1,0
S01010221,All people in households,465,152,313,315,33,282,84,56,28,66,63,3
S01010221,No central heating,6,0,6,5,0,5,1,0,1,0,0,0
S01010221,Gas central heating,394,131,263,261,27,234,74,48,26,59,56,3
S01010221,Electric (including storage heaters) central heating,20,9,11,13,2,11,4,4,0,3,3,0
S01010221,Oil central heating,0,0,0,0,0,0,0,0,0,0,0,0
S01010221,Solid fuel (for example wood coal) central heating,0,0,0,0,0,0,0,0,0,0,0,0
S01010221,Other central heating,3,1,2,3,1,2,0,0,0,0,0,0
S01010221,Two or more types of central heating,42,11,31,33,3,30,5,4,1,4,4,0
S01010222,All people in households,492,131,361,373,43,330,84,53,31,35,35,0
S01010222,No central heating,35,10,25,27,4,23,7,5,2,1,1,0
S01010222,Gas central heating,353,86,267,275,33,242,51,26,25,27,27,0
S01010222,Electric (including storage heaters) central heating,87,30,57,56,3,53,25,21,4,6,6,0
S01010222,Oil central heating,4,0,4,4,0,4,0,0,0,0,0,0
S01010222,Solid fuel (for example wood coal) central heating,0,0,0,0,0,0,0,0,0,0,0,0
S01010222,Other central heating,4,1,3,3,0,3,0,0,0,1,1,0
S01010222,Two or more types of central heating,9,4,5,8,3,5,1,1,0,0,0,0
S01010223,All people in households,552,181,371,375,40,335,103,69,34,74,72,2
S01010223,No central heating,18,3,15,13,1,12,4,1,3,1,1,0
S01010223,Gas central heating,398,142,256,266,32,234,76,56,20,56,54,2
S01010223,Electric (including storage heaters) central heating,114,30,84,84,6,78,16,10,6,14,14,0
S01010223,Oil central heating,0,0,0,0,0,0,0,0,0,0,0,0
S01010223,Solid fuel (for example wood coal) central heating,0,0,0,0,0,0,0,0,0,0,0,0
S01010223,Other central heating,0,0,0,0,0,0,0,0,0,0,0,0
S01010223,Two or more types of central heating,22,6,16,12,1,11,7,2,5,3,3,0
S01010224,All people in households,989,256,733,725,56,669,137,82,55,127,118,9
S01010224,No central heating,9,2,7,6,0,6,1,1,0,2,1,1
S01010224,Gas central heating,814,197,617,608,42,566,106,61,45,100,94,6
S01010224,Electric (including storage heaters) central heating,66,31,35,35,7,28,17,11,6,14,13,1
S01010224,Oil central heating,0,0,0,0,0,0,0,0,0,0,0,0
S01010224,Solid fuel (for example wood coal) central heating,3,1,2,2,0,2,1,1,0,0,0,0
S01010224,Other central heating,9,1,8,8,1,7,1,0,1,0,0,0
S01010224,Two or more types of central heating,88,24,64,66,6,60,11,8,3,11,10,1
S01010225,All people in households,812,175,637,601,25,576,124,66,58,87,84,3
S01010225,No central heating,52,9,43,43,1,42,3,2,1,6,6,0
S01010225,Gas central heating,366,94,272,268,15,253,51,34,17,47,45,2
S01010225,Electric (including storage heaters) central heating,376,70,306,274,9,265,68,28,40,34,33,1
S01010225,Oil central heating,4,0,4,4,0,4,0,0,0,0,0,0
S01010225,Solid fuel (for example wood coal) central heating,0,0,0,0,0,0,0,0,0,0,0,0
S01010225,Other central heating,1,1,0,0,0,0,1,1,0,0,0,0
S01010225,Two or more types of central heating,13,1,12,12,0,12,1,1,0,0,0,0
S01010226,All people in households,816,176,640,645,49,596,99,62,37,72,65,7
S01010226,No central heating,45,10,35,35,3,32,4,1,3,6,6,0
S01010226,Gas central heating,68,13,55,57,5,52,10,7,3,1,1,0
S01010226,Electric (including storage heaters) central heating,699,152,547,550,41,509,84,53,31,65,58,7
S01010226,Oil central heating,0,0,0,0,0,0,0,0,0,0,0,0
S01010226,Solid fuel (for example wood coal) central heating,0,0,0,0,0,0,0,0,0,0,0,0
S01010226,Other central heating,1,0,1,1,0,1,0,0,0,0,0,0
S01010226,Two or more types of central heating,3,1,2,2,0,2,1,1,0,0,0,0
S01010227,All people in households,692,127,565,549,37,512,88,40,48,55,50,5
S01010227,No central heating,48,4,44,40,1,39,7,2,5,1,1,0
S01010227,Gas central heating,57,9,48,47,2,45,6,3,3,4,4,0
S01010227,Electric (including storage heaters) central heating,587,114,473,462,34,428,75,35,40,50,45,5
S01010227,Oil central heating,0,0,0,0,0,0,0,0,0,0,0,0
S01010227,Solid fuel (for example wood coal) central heating,0,0,0,0,0,0,0,0,0,0,0,0
S01010227,Other central heating,0,0,0,0,0,0,0,0,0,0,0,0
S01010227,Two or more types of central heating,0,0,0,0,0,0,0,0,0,0,0,0
S01010228,All people in households,642,251,391,386,31,355,132,98,34,124,122,2
S01010228,No central heating,2,2,0,0,0,0,1,1,0,1,1,0
S01010228,Gas central heating,574,226,348,350,29,321,117,92,25,107,105,2
S01010228,Electric (including storage heaters) central heating,21,5,16,16,1,15,4,3,1,1,1,0
S01010228,Oil central heating,2,0,2,2,0,2,0,0,0,0,0,0
S01010228,Solid fuel (for example wood coal) central heating,1,1,0,0,0,0,0,0,0,1,1,0
S01010228,Other central heating,8,7,1,2,1,1,1,1,0,5,5,0
S01010228,Two or more types of central heating,34,10,24,16,0,16,9,1,8,9,9,0
S01010229,All people in households,1016,269,747,733,35,698,151,103,48,132,131,1
S01010229,No central heating,4,2,2,2,0,2,1,1,0,1,1,0
S01010229,Gas central heating,741,230,511,504,31,473,124,87,37,113,112,1
S01010229,Electric (including storage heaters) central heating,187,21,166,163,3,160,17,11,6,7,7,0
S01010229,Oil central heating,0,0,0,0,0,0,0,0,0,0,0,0
S01010229,Solid fuel (for example wood coal) central heating,0,0,0,0,0,0,0,0,0,0,0,0
S01010229,Other central heating,7,1,6,6,0,6,1,1,0,0,0,0
S01010229,Two or more types of central heating,77,15,62,58,1,57,8,3,5,11,11,0
S01010230,All people in households,1005,247,758,710,32,678,165,99,66,130,116,14
S01010230,No central heating,55,5,50,49,2,47,5,2,3,1,1,0
S01010230,Gas central heating,118,35,83,84,9,75,16,8,8,18,18,0
S01010230,Electric (including storage heaters) central heating,794,199,595,554,21,533,140,86,54,100,92,8
S01010230,Oil central heating,0,0,0,0,0,0,0,0,0,0,0,0
S01010230,Solid fuel (for example wood coal) central heating,0,0,0,0,0,0,0,0,0,0,0,0
S01010230,Other central heating,15,2,13,11,0,11,0,0,0,4,2,2
S01010230,Two or more types of central heating,23,6,17,12,0,12,4,3,1,7,3,4
S01010231,All people in households,1013,269,744,741,64,677,175,111,64,97,94,3
S01010231,No central heating,10,4,6,7,1,6,0,0,0,3,3,0
S01010231,Gas central heating,806,209,597,593,52,541,140,86,54,73,71,2
S01010231,Electric (including storage heaters) central heating,102,25,77,77,6,71,16,10,6,9,9,0
S01010231,Oil central heating,0,0,0,0,0,0,0,0,0,0,0,0
S01010231,Solid fuel (for example wood coal) central heating,0,0,0,0,0,0,0,0,0,0,0,0
S01010231,Other central heating,10,7,3,3,0,3,6,6,0,1,1,0
S01010231,Two or more types of central heating,85,24,61,61,5,56,13,9,4,11,10,1
S01010232,All people in households,1074,226,848,832,51,781,126,70,56,116,105,11
S01010232,No central heating,13,3,10,11,1,10,0,0,0,2,2,0
S01010232,Gas central heating,660,150,510,512,35,477,76,45,31,72,70,2
S01010232,Electric (including storage heaters) central heating,321,54,267,252,11,241,36,17,19,33,26,7
S01010232,Oil central heating,0,0,0,0,0,0,0,0,0,0,0,0
S01010232,Solid fuel (for example wood coal) central heating,0,0,0,0,0,0,0,0,0,0,0,0
S01010232,Other central heating,7,1,6,6,0,6,0,0,0,1,1,0
S01010232,Two or more types of central heating,73,18,55,51,4,47,14,8,6,8,6,2
S01010233,All people in households,970,230,740,730,60,670,139,76,63,101,94,7
S01010233,No central heating,62,7,55,55,2,53,3,3,0,4,2,2
S01010233,Gas central heating,534,137,397,399,34,365,81,51,30,54,52,2
S01010233,Electric (including storage heaters) central heating,298,70,228,225,22,203,41,19,22,32,29,3
S01010233,Oil central heating,0,0,0,0,0,0,0,0,0,0,0,0
S01010233,Solid fuel (for example wood coal) central heating,0,0,0,0,0,0,0,0,0,0,0,0
S01010233,Other central heating,7,1,6,6,0,6,0,0,0,1,1,0
S01010233,Two or more types of central heating,69,15,54,45,2,43,14,3,11,10,10,0
S01010234,All people in households,940,184,756,773,55,718,102,66,36,65,63,2
S01010234,No central heating,46,13,33,33,3,30,8,5,3,5,5,0
S01010234,Gas central heating,791,140,651,663,43,620,78,49,29,50,48,2
S01010234,Electric (including storage heaters) central heating,81,28,53,57,8,49,14,10,4,10,10,0
S01010234,Oil central heating,0,0,0,0,0,0,0,0,0,0,0,0
S01010234,Solid fuel (for example wood coal) central heating,0,0,0,0,0,0,0,0,0,0,0,0
S01010234,Other central heating,2,0,2,2,0,2,0,0,0,0,0,0
S01010234,Two or more types of central heating,20,3,17,18,1,17,2,2,0,0,0,0
S01010235,All people in households,782,39,743,744,16,728,26,12,14,12,11,1
S01010235,No central heating,9,4,5,6,2,4,2,1,1,1,1,0
S01010235,Gas central heating,712,31,681,682,12,670,20,10,10,10,9,1
S01010235,Electric (including storage heaters) central heating,25,4,21,22,2,20,2,1,1,1,1,0
S01010235,Oil central heating,1,0,1,1,0,1,0,0,0,0,0,0
S01010235,Solid fuel (for example wood coal) central heating,0,0,0,0,0,0,0,0,0,0,0,0
S01010235,Other central heating,0,0,0,0,0,0,0,0,0,0,0,0
S01010235,Two or more types of central heating,35,0,35,33,0,33,2,0,2,0,0,0
S01010236,All people in households,725,123,602,604,30,574,77,54,23,44,39,5
S01010236,No central heating,46,13,33,27,1,26,16,9,7,3,3,0
S01010236,Gas central heating,615,101,514,523,27,496,55,40,15,37,34,3
S01010236,Electric (including storage heaters) central heating,45,6,39,39,2,37,3,3,0,3,1,2
S01010236,Oil central heating,0,0,0,0,0,0,0,0,0,0,0,0
S01010236,Solid fuel (for example wood coal) central heating,0,0,0,0,0,0,0,0,0,0,0,0
S01010236,Other central heating,0,0,0,0,0,0,0,0,0,0,0,0
S01010236,Two or more types of central heating,19,3,16,15,0,15,3,2,1,1,1,0
S01010237,All people in households,644,114,530,538,31,507,69,47,22,37,36,1
S01010237,No central heating,19,3,16,16,0,16,3,3,0,0,0,0
S01010237,Gas central heating,559,93,466,471,25,446,59,40,19,29,28,1
S01010237,Electric (including storage heaters) central heating,33,11,22,27,5,22,2,2,0,4,4,0
S01010237,Oil central heating,0,0,0,0,0,0,0,0,0,0,0,0
S01010237,Solid fuel (for example wood coal) central heating,0,0,0,0,0,0,0,0,0,0,0,0
S01010237,Other central heating,0,0,0,0,0,0,0,0,0,0,0,0
S01010237,Two or more types of central heating,33,7,26,24,1,23,5,2,3,4,4,0
S01010238,All people in households,826,142,684,689,32,657,84,58,26,53,52,1
S01010238,No central heating,41,7,34,34,0,34,2,2,0,5,5,0
S01010238,Gas central heating,705,115,590,596,28,568,71,50,21,38,37,1
S01010238,Electric (including storage heaters) central heating,57,11,46,45,4,41,8,3,5,4,4,0
S01010238,Oil central heating,0,0,0,0,0,0,0,0,0,0,0,0
S01010238,Solid fuel (for example wood coal) central heating,0,0,0,0,0,0,0,0,0,0,0,0
S01010238,Other central heating,4,4,0,0,0,0,1,1,0,3,3,0
S01010238,Two or more types of central heating,19,5,14,14,0,14,2,2,0,3,3,0
S01010239,All people in households,790,229,561,552,45,507,134,80,54,104,104,0
S01010239,No central heating,22,10,12,14,3,11,1,0,1,7,7,0
S01010239,Gas central heating,698,203,495,490,37,453,116,74,42,92,92,0
S01010239,Electric (including storage heaters) central heating,28,8,20,18,2,16,6,2,4,4,4,0
S01010239,Oil central heating,0,0,0,0,0,0,0,0,0,0,0,0
S01010239,Solid fuel (for example wood coal) central heating,0,0,0,0,0,0,0,0,0,0,0,0
S01010239,Other central heating,3,0,3,3,0,3,0,0,0,0,0,0
S01010239,Two or more types of central heating,39,8,31,27,3,24,11,4,7,1,1,0
S01010240,All people in households,691,147,544,545,32,513,89,59,30,57,56,1
S01010240,No central heating,57,12,45,41,1,40,11,6,5,5,5,0
S01010240,Gas central heating,572,115,457,462,25,437,66,47,19,44,43,1
S01010240,Electric (including storage heaters) central heating,38,14,24,25,4,21,8,5,3,5,5,0
S01010240,Oil central heating,0,0,0,0,0,0,0,0,0,0,0,0
S01010240,Solid fuel (for example wood coal) central heating,0,0,0,0,0,0,0,0,0,0,0,0
S01010240,Other central heating,5,0,5,4,0,4,1,0,1,0,0,0
S01010240,Two or more types of central heating,19,6,13,13,2,11,3,1,2,3,3,0
S01010241,All people in households,980,239,741,748,51,697,143,101,42,89,87,2
S01010241,No central heating,56,18,38,36,2,34,15,12,3,5,4,1
S01010241,Gas central heating,842,200,642,646,44,602,123,84,39,73,72,1
S01010241,Electric (including storage heaters) central heating,52,11,41,43,2,41,3,3,0,6,6,0
S01010241,Oil central heating,0,0,0,0,0,0,0,0,0,0,0,0
S01010241,Solid fuel (for example wood coal) central heating,1,1,0,1,1,0,0,0,0,0,0,0
S01010241,Other central heating,5,2,3,3,0,3,1,1,0,1,1,0
S01010241,Two or more types of central heating,24,7,17,19,2,17,1,1,0,4,4,0
S01010242,All people in households,793,193,600,591,39,552,114,71,43,88,83,5
S01010242,No central heating,60,9,51,45,2,43,10,4,6,5,3,2
S01010242,Gas central heating,670,166,504,497,32,465,95,59,36,78,75,3
S01010242,Electric (including storage heaters) central heating,43,13,30,34,5,29,5,4,1,4,4,0
S01010242,Oil central heating,0,0,0,0,0,0,0,0,0,0,0,0
S01010242,Solid fuel (for example wood coal) central heating,0,0,0,0,0,0,0,0,0,0,0,0
S01010242,Other central heating,2,0,2,2,0,2,0,0,0,0,0,0
S01010242,Two or more types of central heating,18,5,13,13,0,13,4,4,0,1,1,0
S01010243,All people in households,1019,236,783,785,57,728,149,96,53,85,83,2
S01010243,No central heating,87,24,63,66,6,60,13,10,3,8,8,0
S01010243,Gas central heating,837,185,652,654,49,605,116,71,45,67,65,2
S01010243,Electric (including storage heaters) central heating,36,7,29,29,1,28,4,3,1,3,3,0
S01010243,Oil central heating,0,0,0,0,0,0,0,0,0,0,0,0
S01010243,Solid fuel (for example wood coal) central heating,0,0,0,0,0,0,0,0,0,0,0,0
S01010243,Other central heating,6,2,4,4,0,4,2,2,0,0,0,0
S01010243,Two or more types of central heating,53,18,35,32,1,31,14,10,4,7,7,0
S01010244,All people in households,735,221,514,496,29,467,142,99,43,97,93,4
S01010244,No central heating,51,19,32,28,2,26,16,11,5,7,6,1
S01010244,Gas central heating,515,152,363,356,21,335,95,69,26,64,62,2
S01010244,Electric (including storage heaters) central heating,141,42,99,92,5,87,26,15,11,23,22,1
S01010244,Oil central heating,0,0,0,0,0,0,0,0,0,0,0,0
S01010244,Solid fuel (for example wood coal) central heating,0,0,0,0,0,0,0,0,0,0,0,0
S01010244,Other central heating,4,3,1,1,0,1,2,2,0,1,1,0
S01010244,Two or more types of central heating,24,5,19,19,1,18,3,2,1,2,2,0
S01010245,All people in households,952,344,608,597,55,542,186,126,60,169,163,6
S01010245,No central heating,20,9,11,8,0,8,6,3,3,6,6,0
S01010245,Gas central heating,832,300,532,524,46,478,160,112,48,148,142,6
S01010245,Electric (including storage heaters) central heating,40,15,25,22,1,21,10,6,4,8,8,0
S01010245,Oil central heating,11,1,10,9,1,8,2,0,2,0,0,0
S01010245,Solid fuel (for example wood coal) central heating,0,0,0,0,0,0,0,0,0,0,0,0
S01010245,Other central heating,1,1,0,0,0,0,1,1,0,0,0,0
S01010245,Two or more types of central heating,48,18,30,34,7,27,7,4,3,7,7,0
S01010246,All people in households,841,200,641,620,46,574,133,73,60,88,81,7
S01010246,No central heating,38,8,30,28,2,26,8,4,4,2,2,0
S01010246,Gas central heating,714,168,546,532,40,492,106,59,47,76,69,7
S01010246,Electric (including storage heaters) central heating,36,7,29,25,1,24,10,5,5,1,1,0
S01010246,Oil central heating,0,0,0,0,0,0,0,0,0,0,0,0
S01010246,Solid fuel (for example wood coal) central heating,0,0,0,0,0,0,0,0,0,0,0,0
S01010246,Other central heating,3,2,1,1,0,1,0,0,0,2,2,0
S01010246,Two or more types of central heating,50,15,35,34,3,31,9,5,4,7,7,0
S01010247,All people in households,728,195,533,536,40,496,112,77,35,80,78,2
S01010247,No central heating,42,5,37,34,0,34,4,2,2,4,3,1
S01010247,Gas central heating,364,136,228,237,27,210,70,53,17,57,56,1
S01010247,Electric (including storage heaters) central heating,301,46,255,251,11,240,34,19,15,16,16,0
S01010247,Oil central heating,0,0,0,0,0,0,0,0,0,0,0,0
S01010247,Solid fuel (for example wood coal) central heating,0,0,0,0,0,0,0,0,0,0,0,0
S01010247,Other central heating,3,1,2,2,0,2,1,1,0,0,0,0
S01010247,Two or more types of central heating,18,7,11,12,2,10,3,2,1,3,3,0
S01010248,All people in households,834,117,717,714,30,684,75,44,31,45,43,2
S01010248,No central heating,28,8,20,24,5,19,4,3,1,0,0,0
S01010248,Gas central heating,730,96,634,629,22,607,61,36,25,40,38,2
S01010248,Electric (including storage heaters) central heating,52,11,41,39,3,36,10,5,5,3,3,0
S01010248,Oil central heating,0,0,0,0,0,0,0,0,0,0,0,0
S01010248,Solid fuel (for example wood coal) central heating,0,0,0,0,0,0,0,0,0,0,0,0
S01010248,Other central heating,1,0,1,1,0,1,0,0,0,0,0,0
S01010248,Two or more types of central heating,23,2,21,21,0,21,0,0,0,2,2,0
S01010249,All people in households,668,93,575,561,27,534,82,41,41,25,25,0
S01010249,No central heating,80,18,62,62,4,58,18,14,4,0,0,0
S01010249,Gas central heating,515,62,453,440,19,421,55,23,32,20,20,0
S01010249,Electric (including storage heaters) central heating,58,11,47,45,2,43,8,4,4,5,5,0
S01010249,Oil central heating,0,0,0,0,0,0,0,0,0,0,0,0
S01010249,Solid fuel (for example wood coal) central heating,0,0,0,0,0,0,0,0,0,0,0,0
S01010249,Other central heating,0,0,0,0,0,0,0,0,0,0,0,0
S01010249,Two or more types of central heating,15,2,13,14,2,12,1,0,1,0,0,0
S01010250,All people in households,771,78,693,676,22,654,59,27,32,36,29,7
S01010250,No central heating,40,11,29,28,3,25,8,4,4,4,4,0
S01010250,Gas central heating,670,58,612,593,14,579,47,21,26,30,23,7
S01010250,Electric (including storage heaters) central heating,54,9,45,50,5,45,2,2,0,2,2,0
S01010250,Oil central heating,0,0,0,0,0,0,0,0,0,0,0,0
S01010250,Solid fuel (for example wood coal) central heating,0,0,0,0,0,0,0,0,0,0,0,0
S01010250,Other central heating,1,0,1,0,0,0,1,0,1,0,0,0
S01010250,Two or more types of central heating,6,0,6,5,0,5,1,0,1,0,0,0
S01010251,All people in households,665,44,621,622,15,607,31,19,12,12,10,2
S01010251,No central heating,15,2,13,12,0,12,3,2,1,0,0,0
S01010251,Gas central heating,584,38,546,550,15,535,23,14,9,11,9,2
S01010251,Electric (including storage heaters) central heating,30,3,27,26,0,26,3,2,1,1,1,0
S01010251,Oil central heating,0,0,0,0,0,0,0,0,0,0,0,0
S01010251,Solid fuel (for example wood coal) central heating,0,0,0,0,0,0,0,0,0,0,0,0
S01010251,Other central heating,1,0,1,1,0,1,0,0,0,0,0,0
S01010251,Two or more types of central heating,35,1,34,33,0,33,2,1,1,0,0,0
S01010252,All people in households,614,75,539,540,20,520,43,25,18,31,30,1
S01010252,No central heating,22,7,15,16,2,14,2,1,1,4,4,0
S01010252,Gas central heating,559,65,494,495,18,477,38,22,16,26,25,1
S01010252,Electric (including storage heaters) central heating,11,2,9,8,0,8,2,1,1,1,1,0
S01010252,Oil central heating,0,0,0,0,0,0,0,0,0,0,0,0
S01010252,Solid fuel (for example wood coal) central heating,0,0,0,0,0,0,0,0,0,0,0,0
S01010252,Other central heating,0,0,0,0,0,0,0,0,0,0,0,0
S01010252,Two or more types of central heating,22,1,21,21,0,21,1,1,0,0,0,0
S01010253,All people in households,631,192,439,437,35,402,113,78,35,81,79,2
S01010253,No central heating,16,8,8,8,1,7,5,4,1,3,3,0
S01010253,Gas central heating,582,175,407,402,31,371,106,72,34,74,72,2
S01010253,Electric (including storage heaters) central heating,10,2,8,9,1,8,1,1,0,0,0,0
S01010253,Oil central heating,0,0,0,0,0,0,0,0,0,0,0,0
S01010253,Solid fuel (for example wood coal) central heating,0,0,0,0,0,0,0,0,0,0,0,0
S01010253,Other central heating,5,2,3,4,1,3,0,0,0,1,1,0
S01010253,Two or more types of central heating,18,5,13,14,1,13,1,1,0,3,3,0
S01010254,All people in households,1054,298,756,752,49,703,168,119,49,134,130,4
S01010254,No central heating,19,2,17,16,0,16,3,2,1,0,0,0
S01010254,Gas central heating,801,249,552,551,40,511,143,105,38,107,104,3
S01010254,Electric (including storage heaters) central heating,187,38,149,150,7,143,15,9,6,22,22,0
S01010254,Oil central heating,0,0,0,0,0,0,0,0,0,0,0,0
S01010254,Solid fuel (for example wood coal) central heating,0,0,0,0,0,0,0,0,0,0,0,0
S01010254,Other central heating,7,0,7,7,0,7,0,0,0,0,0,0
S01010254,Two or more types of central heating,40,9,31,28,2,26,7,3,4,5,4,1
S01010255,All people in households,718,185,533,514,22,492,112,74,38,92,89,3
S01010255,No central heating,56,15,41,39,3,36,10,5,5,7,7,0
S01010255,Gas central heating,373,95,278,269,10,259,53,36,17,51,49,2
S01010255,Electric (including storage heaters) central heating,269,69,200,193,9,184,45,30,15,31,30,1
S01010255,Oil central heating,3,0,3,3,0,3,0,0,0,0,0,0
S01010255,Solid fuel (for example wood coal) central heating,0,0,0,0,0,0,0,0,0,0,0,0
S01010255,Other central heating,1,1,0,0,0,0,0,0,0,1,1,0
S01010255,Two or more types of central heating,16,5,11,10,0,10,4,3,1,2,2,0
S01010256,All people in households,859,247,612,597,35,562,167,117,50,95,95,0
S01010256,No central heating,12,5,7,7,2,5,4,2,2,1,1,0
S01010256,Gas central heating,775,222,553,542,32,510,147,104,43,86,86,0
S01010256,Electric (including storage heaters) central heating,29,7,22,23,1,22,4,4,0,2,2,0
S01010256,Oil central heating,0,0,0,0,0,0,0,0,0,0,0,0
S01010256,Solid fuel (for example wood coal) central heating,0,0,0,0,0,0,0,0,0,0,0,0
S01010256,Other central heating,10,4,6,5,0,5,4,3,1,1,1,0
S01010256,Two or more types of central heating,33,9,24,20,0,20,8,4,4,5,5,0
S01010257,All people in households,773,108,665,654,19,635,69,40,29,50,49,1
S01010257,No central heating,51,2,49,48,1,47,2,0,2,1,1,0
S01010257,Gas central heating,297,32,265,260,6,254,23,12,11,14,14,0
S01010257,Electric (including storage heaters) central heating,403,70,333,328,12,316,42,26,16,33,32,1
S01010257,Oil central heating,0,0,0,0,0,0,0,0,0,0,0,0
S01010257,Solid fuel (for example wood coal) central heating,0,0,0,0,0,0,0,0,0,0,0,0
S01010257,Other central heating,0,0,0,0,0,0,0,0,0,0,0,0
S01010257,Two or more types of central heating,22,4,18,18,0,18,2,2,0,2,2,0
S01010258,All people in households,728,37,691,695,21,674,27,11,16,6,5,1
S01010258,No central heating,84,4,80,80,4,76,4,0,4,0,0,0
S01010258,Gas central heating,123,10,113,116,5,111,5,3,2,2,2,0
S01010258,Electric (including storage heaters) central heating,510,23,487,488,12,476,18,8,10,4,3,1
S01010258,Oil central heating,6,0,6,6,0,6,0,0,0,0,0,0
S01010258,Solid fuel (for example wood coal) central heating,0,0,0,0,0,0,0,0,0,0,0,0
S01010258,Other central heating,0,0,0,0,0,0,0,0,0,0,0,0
S01010258,Two or more types of central heating,5,0,5,5,0,5,0,0,0,0,0,0
S01010259,All people in households,766,237,529,524,33,491,130,95,35,112,109,3
S01010259,No central heating,102,17,85,85,2,83,6,4,2,11,11,0
S01010259,Gas central heating,76,23,53,53,2,51,13,11,2,10,10,0
S01010259,Electric (including storage heaters) central heating,565,187,378,372,27,345,110,80,30,83,80,3
S01010259,Oil central heating,1,1,0,0,0,0,0,0,0,1,1,0
S01010259,Solid fuel (for example wood coal) central heating,3,2,1,1,0,1,0,0,0,2,2,0
S01010259,Other central heating,2,2,0,0,0,0,0,0,0,2,2,0
S01010259,Two or more types of central heating,17,5,12,13,2,11,1,0,1,3,3,0
S01010260,All people in households,1012,165,847,845,37,808,103,67,36,64,61,3
S01010260,No central heating,103,10,93,92,5,87,6,1,5,5,4,1
S01010260,Gas central heating,355,52,303,307,14,293,29,19,10,19,19,0
S01010260,Electric (including storage heaters) central heating,524,99,425,421,18,403,65,45,20,38,36,2
S01010260,Oil central heating,0,0,0,0,0,0,0,0,0,0,0,0
S01010260,Solid fuel (for example wood coal) central heating,0,0,0,0,0,0,0,0,0,0,0,0
S01010260,Other central heating,6,0,6,5,0,5,1,0,1,0,0,0
S01010260,Two or more types of central heating,24,4,20,20,0,20,2,2,0,2,2,0
S01010261,All people in households,905,232,673,664,41,623,143,94,49,98,97,1
S01010261,No central heating,121,21,100,101,3,98,11,9,2,9,9,0
S01010261,Gas central heating,121,15,106,112,6,106,4,4,0,5,5,0
S01010261,Electric (including storage heaters) central heating,637,193,444,429,32,397,125,79,46,83,82,1
S01010261,Oil central heating,3,1,2,2,0,2,1,1,0,0,0,0
S01010261,Solid fuel (for example wood coal) central heating,2,0,2,2,0,2,0,0,0,0,0,0
S01010261,Other central heating,0,0,0,0,0,0,0,0,0,0,0,0
S01010261,Two or more types of central heating,21,2,19,18,0,18,2,1,1,1,1,0
S01010262,All people in households,844,322,522,512,58,454,184,125,59,148,139,9
S01010262,No central heating,104,27,77,74,4,70,10,4,6,20,19,1
S01010262,Gas central heating,80,32,48,48,8,40,18,11,7,14,13,1
S01010262,Electric (including storage heaters) central heating,642,250,392,384,44,340,152,107,45,106,99,7
S01010262,Oil central heating,0,0,0,0,0,0,0,0,0,0,0,0
S01010262,Solid fuel (for example wood coal) central heating,0,0,0,0,0,0,0,0,0,0,0,0
S01010262,Other central heating,8,8,0,2,2,0,2,2,0,4,4,0
S01010262,Two or more types of central heating,10,5,5,4,0,4,2,1,1,4,4,0
S01010263,All people in households,651,57,594,595,19,576,36,20,16,20,18,2
S01010263,No central heating,82,4,78,76,1,75,4,1,3,2,2,0
S01010263,Gas central heating,198,28,170,172,9,163,15,10,5,11,9,2
S01010263,Electric (including storage heaters) central heating,355,23,332,333,9,324,17,9,8,5,5,0
S01010263,Oil central heating,3,0,3,3,0,3,0,0,0,0,0,0
S01010263,Solid fuel (for example wood coal) central heating,0,0,0,0,0,0,0,0,0,0,0,0
S01010263,Other central heating,3,1,2,2,0,2,0,0,0,1,1,0
S01010263,Two or more types of central heating,10,1,9,9,0,9,0,0,0,1,1,0
S01010264,All people in households,762,101,661,637,14,623,70,36,34,55,51,4
S01010264,No central heating,61,3,58,56,0,56,5,3,2,0,0,0
S01010264,Gas central heating,336,76,260,249,9,240,42,25,17,45,42,3
S01010264,Electric (including storage heaters) central heating,341,15,326,316,4,312,20,7,13,5,4,1
S01010264,Oil central heating,0,0,0,0,0,0,0,0,0,0,0,0
S01010264,Solid fuel (for example wood coal) central heating,0,0,0,0,0,0,0,0,0,0,0,0
S01010264,Other central heating,4,0,4,4,0,4,0,0,0,0,0,0
S01010264,Two or more types of central heating,20,7,13,12,1,11,3,1,2,5,5,0
S01010265,All people in households,860,34,826,829,22,807,25,7,18,6,5,1
S01010265,No central heating,59,1,58,58,1,57,1,0,1,0,0,0
S01010265,Gas central heating,444,20,424,429,13,416,12,4,8,3,3,0
S01010265,Electric (including storage heaters) central heating,329,13,316,316,8,308,10,3,7,3,2,1
S01010265,Oil central heating,0,0,0,0,0,0,0,0,0,0,0,0
S01010265,Solid fuel (for example wood coal) central heating,0,0,0,0,0,0,0,0,0,0,0,0
S01010265,Other central heating,6,0,6,5,0,5,1,0,1,0,0,0
S01010265,Two or more types of central heating,22,0,22,21,0,21,1,0,1,0,0,0
S01010266,All people in households,521,57,464,469,23,446,37,22,15,15,12,3
S01010266,No central heating,22,6,16,18,2,16,3,3,0,1,1,0
S01010266,Gas central heating,450,47,403,409,21,388,27,15,12,14,11,3
S01010266,Electric (including storage heaters) central heating,25,2,23,20,0,20,5,2,3,0,0,0
S01010266,Oil central heating,0,0,0,0,0,0,0,0,0,0,0,0
S01010266,Solid fuel (for example wood coal) central heating,0,0,0,0,0,0,0,0,0,0,0,0
S01010266,Other central heating,13,2,11,11,0,11,2,2,0,0,0,0
S01010266,Two or more types of central heating,11,0,11,11,0,11,0,0,0,0,0,0
S01010267,All people in households,608,35,573,570,16,554,33,14,19,5,5,0
S01010267,No central heating,21,2,19,17,1,16,4,1,3,0,0,0
S01010267,Gas central heating,287,24,263,262,9,253,21,11,10,4,4,0
S01010267,Electric (including storage heaters) central heating,270,8,262,263,5,258,6,2,4,1,1,0
S01010267,Oil central heating,0,0,0,0,0,0,0,0,0,0,0,0
S01010267,Solid fuel (for example wood coal) central heating,0,0,0,0,0,0,0,0,0,0,0,0
S01010267,Other central heating,24,1,23,24,1,23,0,0,0,0,0,0
S01010267,Two or more types of central heating,6,0,6,4,0,4,2,0,2,0,0,0
S01010268,All people in households,728,111,617,619,36,583,67,38,29,42,37,5
S01010268,No central heating,76,17,59,60,4,56,10,7,3,6,6,0
S01010268,Gas central heating,327,47,280,283,19,264,23,9,14,21,19,2
S01010268,Electric (including storage heaters) central heating,310,45,265,262,12,250,34,22,12,14,11,3
S01010268,Oil central heating,0,0,0,0,0,0,0,0,0,0,0,0
S01010268,Solid fuel (for example wood coal) central heating,1,1,0,0,0,0,0,0,0,1,1,0
S01010268,Other central heating,1,0,1,1,0,1,0,0,0,0,0,0
S01010268,Two or more types of central heating,13,1,12,13,1,12,0,0,0,0,0,0
S01010269,All people in households,528,64,464,462,15,447,44,28,16,22,21,1
S01010269,No central heating,62,17,45,47,5,42,7,4,3,8,8,0
S01010269,Gas central heating,242,29,213,216,8,208,14,10,4,12,11,1
S01010269,Electric (including storage heaters) central heating,210,17,193,187,2,185,21,13,8,2,2,0
S01010269,Oil central heating,0,0,0,0,0,0,0,0,0,0,0,0
S01010269,Solid fuel (for example wood coal) central heating,0,0,0,0,0,0,0,0,0,0,0,0
S01010269,Other central heating,0,0,0,0,0,0,0,0,0,0,0,0
S01010269,Two or more types of central heating,14,1,13,12,0,12,2,1,1,0,0,0
S01010270,All people in households,1100,414,686,687,68,619,210,150,60,203,196,7
S01010270,No central heating,37,11,26,28,3,25,4,3,1,5,5,0
S01010270,Gas central heating,898,343,555,556,56,500,179,130,49,163,157,6
S01010270,Electric (including storage heaters) central heating,107,23,84,82,5,77,11,5,6,14,13,1
S01010270,Oil central heating,0,0,0,0,0,0,0,0,0,0,0,0
S01010270,Solid fuel (for example wood coal) central heating,0,0,0,0,0,0,0,0,0,0,0,0
S01010270,Other central heating,0,0,0,0,0,0,0,0,0,0,0,0
S01010270,Two or more types of central heating,58,37,21,21,4,17,16,12,4,21,21,0
S01010271,All people in households,723,87,636,638,33,605,53,23,30,32,31,1
S01010271,No central heating,27,11,16,20,5,15,2,1,1,5,5,0
S01010271,Gas central heating,540,58,482,482,23,459,40,17,23,18,18,0
S01010271,Electric (including storage heaters) central heating,113,11,102,98,2,96,9,4,5,6,5,1
S01010271,Oil central heating,3,3,0,1,1,0,0,0,0,2,2,0
S01010271,Solid fuel (for example wood coal) central heating,0,0,0,0,0,0,0,0,0,0,0,0
S01010271,Other central heating,2,0,2,2,0,2,0,0,0,0,0,0
S01010271,Two or more types of central heating,38,4,34,35,2,33,2,1,1,1,1,0
S01010272,All people in households,1013,271,742,725,50,675,166,102,64,122,119,3
S01010272,No central heating,62,10,52,48,0,48,6,2,4,8,8,0
S01010272,Gas central heating,381,157,224,216,31,185,98,61,37,67,65,2
S01010272,Electric (including storage heaters) central heating,507,72,435,428,14,414,45,25,20,34,33,1
S01010272,Oil central heating,0,0,0,0,0,0,0,0,0,0,0,0
S01010272,Solid fuel (for example wood coal) central heating,0,0,0,0,0,0,0,0,0,0,0,0
S01010272,Other central heating,7,5,2,2,2,0,5,3,2,0,0,0
S01010272,Two or more types of central heating,56,27,29,31,3,28,12,11,1,13,13,0
S01010273,All people in households,655,34,621,609,14,595,35,11,24,11,9,2
S01010273,No central heating,30,5,25,28,4,24,1,0,1,1,1,0
S01010273,Gas central heating,125,9,116,110,1,109,9,3,6,6,5,1
S01010273,Electric (including storage heaters) central heating,497,19,478,469,9,460,25,8,17,3,2,1
S01010273,Oil central heating,1,0,1,1,0,1,0,0,0,0,0,0
S01010273,Solid fuel (for example wood coal) central heating,0,0,0,0,0,0,0,0,0,0,0,0
S01010273,Other central heating,1,0,1,1,0,1,0,0,0,0,0,0
S01010273,Two or more types of central heating,1,1,0,0,0,0,0,0,0,1,1,0
S01010274,All people in households,536,35,501,498,10,488,28,15,13,10,10,0
S01010274,No central heating,13,0,13,13,0,13,0,0,0,0,0,0
S01010274,Gas central heating,399,23,376,375,5,370,15,9,6,9,9,0
S01010274,Electric (including storage heaters) central heating,110,12,98,96,5,91,13,6,7,1,1,0
S01010274,Oil central heating,0,0,0,0,0,0,0,0,0,0,0,0
S01010274,Solid fuel (for example wood coal) central heating,0,0,0,0,0,0,0,0,0,0,0,0
S01010274,Other central heating,1,0,1,1,0,1,0,0,0,0,0,0
S01010274,Two or more types of central heating,13,0,13,13,0,13,0,0,0,0,0,0
S01010275,All people in households,592,40,552,548,16,532,35,15,20,9,9,0
S01010275,No central heating,27,4,23,24,1,23,1,1,0,2,2,0
S01010275,Gas central heating,229,15,214,213,7,206,14,6,8,2,2,0
S01010275,Electric (including storage heaters) central heating,308,16,292,286,5,281,18,7,11,4,4,0
S01010275,Oil central heating,1,0,1,1,0,1,0,0,0,0,0,0
S01010275,Solid fuel (for example wood coal) central heating,0,0,0,0,0,0,0,0,0,0,0,0
S01010275,Other central heating,5,0,5,5,0,5,0,0,0,0,0,0
S01010275,Two or more types of central heating,22,5,17,19,3,16,2,1,1,1,1,0
S01010276,All people in households,993,64,929,915,15,900,60,34,26,18,15,3
S01010276,No central heating,42,2,40,39,0,39,2,1,1,1,1,0
S01010276,Gas central heating,597,45,552,541,9,532,41,23,18,15,13,2
S01010276,Electric (including storage heaters) central heating,327,12,315,311,3,308,15,9,6,1,0,1
S01010276,Oil central heating,4,1,3,4,1,3,0,0,0,0,0,0
S01010276,Solid fuel (for example wood coal) central heating,0,0,0,0,0,0,0,0,0,0,0,0
S01010276,Other central heating,0,0,0,0,0,0,0,0,0,0,0,0
S01010276,Two or more types of central heating,23,4,19,20,2,18,2,1,1,1,1,0
S01010277,All people in households,610,168,442,437,36,401,110,71,39,63,61,2
S01010277,No central heating,21,2,19,18,0,18,2,1,1,1,1,0
S01010277,Gas central heating,316,94,222,225,22,203,60,41,19,31,31,0
S01010277,Electric (including storage heaters) central heating,244,59,185,178,11,167,41,24,17,25,24,1
S01010277,Oil central heating,0,0,0,0,0,0,0,0,0,0,0,0
S01010277,Solid fuel (for example wood coal) central heating,0,0,0,0,0,0,0,0,0,0,0,0
S01010277,Other central heating,5,2,3,4,1,3,0,0,0,1,1,0
S01010277,Two or more types of central heating,24,11,13,12,2,10,7,5,2,5,4,1
S01010278,All people in households,650,135,515,511,33,478,88,52,36,51,50,1
S01010278,No central heating,38,4,34,33,1,32,3,1,2,2,2,0
S01010278,Gas central heating,137,30,107,110,8,102,14,9,5,13,13,0
S01010278,Electric (including storage heaters) central heating,469,99,370,367,23,344,66,41,25,36,35,1
S01010278,Oil central heating,0,0,0,0,0,0,0,0,0,0,0,0
S01010278,Solid fuel (for example wood coal) central heating,0,0,0,0,0,0,0,0,0,0,0,0
S01010278,Other central heating,0,0,0,0,0,0,0,0,0,0,0,0
S01010278,Two or more types of central heating,6,2,4,1,1,0,5,1,4,0,0,0
S01010279,All people in households,605,113,492,493,22,471,56,39,17,56,52,4
S01010279,No central heating,29,8,21,23,2,21,5,5,0,1,1,0
S01010279,Gas central heating,463,85,378,374,15,359,43,27,16,46,43,3
S01010279,Electric (including storage heaters) central heating,85,16,69,72,5,67,7,6,1,6,5,1
S01010279,Oil central heating,0,0,0,0,0,0,0,0,0,0,0,0
S01010279,Solid fuel (for example wood coal) central heating,0,0,0,0,0,0,0,0,0,0,0,0
S01010279,Other central heating,0,0,0,0,0,0,0,0,0,0,0,0
S01010279,Two or more types of central heating,28,4,24,24,0,24,1,1,0,3,3,0
S01010280,All people in households,782,83,699,701,24,677,58,36,22,23,23,0
S01010280,No central heating,66,6,60,59,2,57,7,4,3,0,0,0
S01010280,Gas central heating,531,61,470,477,19,458,36,24,12,18,18,0
S01010280,Electric (including storage heaters) central heating,165,15,150,147,3,144,13,7,6,5,5,0
S01010280,Oil central heating,0,0,0,0,0,0,0,0,0,0,0,0
S01010280,Solid fuel (for example wood coal) central heating,0,0,0,0,0,0,0,0,0,0,0,0
S01010280,Other central heating,0,0,0,0,0,0,0,0,0,0,0,0
S01010280,Two or more types of central heating,20,1,19,18,0,18,2,1,1,0,0,0
S01010281,All people in households,779,64,715,700,17,683,61,31,30,18,16,2
S01010281,No central heating,92,3,89,89,2,87,3,1,2,0,0,0
S01010281,Gas central heating,349,39,310,304,11,293,35,18,17,10,10,0
S01010281,Electric (including storage heaters) central heating,314,22,292,283,4,279,23,12,11,8,6,2
S01010281,Oil central heating,0,0,0,0,0,0,0,0,0,0,0,0
S01010281,Solid fuel (for example wood coal) central heating,0,0,0,0,0,0,0,0,0,0,0,0
S01010281,Other central heating,3,0,3,3,0,3,0,0,0,0,0,0
S01010281,Two or more types of central heating,21,0,21,21,0,21,0,0,0,0,0,0
S01010282,All people in households,976,211,765,769,46,723,119,80,39,88,85,3
S01010282,No central heating,54,15,39,38,3,35,8,4,4,8,8,0
S01010282,Gas central heating,706,158,548,547,34,513,99,65,34,60,59,1
S01010282,Electric (including storage heaters) central heating,186,31,155,160,8,152,10,9,1,16,14,2
S01010282,Oil central heating,0,0,0,0,0,0,0,0,0,0,0,0
S01010282,Solid fuel (for example wood coal) central heating,0,0,0,0,0,0,0,0,0,0,0,0
S01010282,Other central heating,4,3,1,2,1,1,0,0,0,2,2,0
S01010282,Two or more types of central heating,26,4,22,22,0,22,2,2,0,2,2,0
S01010283,All people in households,539,50,489,477,14,463,44,21,23,18,15,3
S01010283,No central heating,24,5,19,21,2,19,2,2,0,1,1,0
S01010283,Gas central heating,340,18,322,319,6,313,16,8,8,5,4,1
S01010283,Electric (including storage heaters) central heating,166,26,140,128,5,123,26,11,15,12,10,2
S01010283,Oil central heating,0,0,0,0,0,0,0,0,0,0,0,0
S01010283,Solid fuel (for example wood coal) central heating,0,0,0,0,0,0,0,0,0,0,0,0
S01010283,Other central heating,1,1,0,1,1,0,0,0,0,0,0,0
S01010283,Two or more types of central heating,8,0,8,8,0,8,0,0,0,0,0,0
S01010284,All people in households,1002,108,894,897,30,867,67,42,25,38,36,2
S01010284,No central heating,56,10,46,42,0,42,10,7,3,4,3,1
S01010284,Gas central heating,676,74,602,607,22,585,43,27,16,26,25,1
S01010284,Electric (including storage heaters) central heating,244,17,227,227,6,221,11,5,6,6,6,0
S01010284,Oil central heating,5,1,4,4,0,4,1,1,0,0,0,0
S01010284,Solid fuel (for example wood coal) central heating,0,0,0,0,0,0,0,0,0,0,0,0
S01010284,Other central heating,0,0,0,0,0,0,0,0,0,0,0,0
S01010284,Two or more types of central heating,21,6,15,17,2,15,2,2,0,2,2,0
S01010285,All people in households,838,92,746,749,27,722,58,37,21,31,28,3
S01010285,No central heating,18,3,15,15,0,15,3,3,0,0,0,0
S01010285,Gas central heating,722,68,654,656,21,635,42,25,17,24,22,2
S01010285,Electric (including storage heaters) central heating,63,9,54,52,2,50,8,4,4,3,3,0
S01010285,Oil central heating,0,0,0,0,0,0,0,0,0,0,0,0
S01010285,Solid fuel (for example wood coal) central heating,0,0,0,0,0,0,0,0,0,0,0,0
S01010285,Other central heating,3,1,2,2,0,2,1,1,0,0,0,0
S01010285,Two or more types of central heating,32,11,21,24,4,20,4,4,0,4,3,1
S01010286,All people in households,736,72,664,663,16,647,54,38,16,19,18,1
S01010286,No central heating,8,2,6,8,2,6,0,0,0,0,0,0
S01010286,Gas central heating,605,60,545,540,10,530,46,32,14,19,18,1
S01010286,Electric (including storage heaters) central heating,110,8,102,105,4,101,5,4,1,0,0,0
S01010286,Oil central heating,0,0,0,0,0,0,0,0,0,0,0,0
S01010286,Solid fuel (for example wood coal) central heating,0,0,0,0,0,0,0,0,0,0,0,0
S01010286,Other central heating,0,0,0,0,0,0,0,0,0,0,0,0
S01010286,Two or more types of central heating,13,2,11,10,0,10,3,2,1,0,0,0
S01010287,All people in households,874,58,816,803,24,779,55,19,36,16,15,1
S01010287,No central heating,27,6,21,24,3,21,2,2,0,1,1,0
S01010287,Gas central heating,722,41,681,664,16,648,46,14,32,12,11,1
S01010287,Electric (including storage heaters) central heating,96,10,86,89,5,84,5,3,2,2,2,0
S01010287,Oil central heating,0,0,0,0,0,0,0,0,0,0,0,0
S01010287,Solid fuel (for example wood coal) central heating,0,0,0,0,0,0,0,0,0,0,0,0
S01010287,Other central heating,1,1,0,0,0,0,0,0,0,1,1,0
S01010287,Two or more types of central heating,28,0,28,26,0,26,2,0,2,0,0,0
S01010288,All people in households,810,65,745,750,25,725,46,27,19,14,13,1
S01010288,No central heating,16,0,16,16,0,16,0,0,0,0,0,0
S01010288,Gas central heating,688,50,638,643,22,621,34,18,16,11,10,1
S01010288,Electric (including storage heaters) central heating,96,14,82,81,2,79,12,9,3,3,3,0
S01010288,Oil central heating,0,0,0,0,0,0,0,0,0,0,0,0
S01010288,Solid fuel (for example wood coal) central heating,0,0,0,0,0,0,0,0,0,0,0,0
S01010288,Other central heating,1,0,1,1,0,1,0,0,0,0,0,0
S01010288,Two or more types of central heating,9,1,8,9,1,8,0,0,0,0,0,0
S01010289,All people in households,717,39,678,681,16,665,24,13,11,12,10,2
S01010289,No central heating,26,3,23,20,0,20,3,1,2,3,2,1
S01010289,Gas central heating,648,32,616,623,16,607,19,11,8,6,5,1
S01010289,Electric (including storage heaters) central heating,32,4,28,27,0,27,2,1,1,3,3,0
S01010289,Oil central heating,0,0,0,0,0,0,0,0,0,0,0,0
S01010289,Solid fuel (for example wood coal) central heating,1,0,1,1,0,1,0,0,0,0,0,0
S01010289,Other central heating,2,0,2,2,0,2,0,0,0,0,0,0
S01010289,Two or more types of central heating,8,0,8,8,0,8,0,0,0,0,0,0
S01010290,All people in households,546,84,462,479,33,446,44,28,16,23,23,0
S01010290,No central heating,6,2,4,4,0,4,1,1,0,1,1,0
S01010290,Gas central heating,465,64,401,414,25,389,32,20,12,19,19,0
S01010290,Electric (including storage heaters) central heating,57,15,42,45,7,38,9,5,4,3,3,0
S01010290,Oil central heating,3,0,3,3,0,3,0,0,0,0,0,0
S01010290,Solid fuel (for example wood coal) central heating,0,0,0,0,0,0,0,0,0,0,0,0
S01010290,Other central heating,0,0,0,0,0,0,0,0,0,0,0,0
S01010290,Two or more types of central heating,15,3,12,13,1,12,2,2,0,0,0,0
S01010291,All people in households,1003,151,852,859,41,818,80,47,33,64,63,1
S01010291,No central heating,33,5,28,26,2,24,6,2,4,1,1,0
S01010291,Gas central heating,874,129,745,751,35,716,66,38,28,57,56,1
S01010291,Electric (including storage heaters) central heating,77,13,64,67,3,64,7,7,0,3,3,0
S01010291,Oil central heating,0,0,0,0,0,0,0,0,0,0,0,0
S01010291,Solid fuel (for example wood coal) central heating,0,0,0,0,0,0,0,0,0,0,0,0
S01010291,Other central heating,0,0,0,0,0,0,0,0,0,0,0,0
S01010291,Two or more types of central heating,19,4,15,15,1,14,1,0,1,3,3,0
S01010292,All people in households,890,72,818,809,29,780,67,29,38,14,14,0
S01010292,No central heating,42,7,35,32,1,31,8,4,4,2,2,0
S01010292,Gas central heating,793,55,738,733,24,709,50,21,29,10,10,0
S01010292,Electric (including storage heaters) central heating,38,6,32,31,3,28,6,2,4,1,1,0
S01010292,Oil central heating,0,0,0,0,0,0,0,0,0,0,0,0
S01010292,Solid fuel (for example wood coal) central heating,0,0,0,0,0,0,0,0,0,0,0,0
S01010292,Other central heating,7,3,4,4,1,3,3,2,1,0,0,0
S01010292,Two or more types of central heating,10,1,9,9,0,9,0,0,0,1,1,0
S01010293,All people in households,839,116,723,723,37,686,74,41,33,42,38,4
S01010293,No central heating,16,6,10,13,3,10,1,1,0,2,2,0
S01010293,Gas central heating,713,92,621,625,30,595,55,32,23,33,30,3
S01010293,Electric (including storage heaters) central heating,56,12,44,44,2,42,9,7,2,3,3,0
S01010293,Oil central heating,4,0,4,2,0,2,1,0,1,1,0,1
S01010293,Solid fuel (for example wood coal) central heating,0,0,0,0,0,0,0,0,0,0,0,0
S01010293,Other central heating,5,0,5,5,0,5,0,0,0,0,0,0
S01010293,Two or more types of central heating,45,6,39,34,2,32,8,1,7,3,3,0
S01010294,All people in households,690,65,625,619,20,599,51,26,25,20,19,1
S01010294,No central heating,31,9,22,21,1,20,7,5,2,3,3,0
S01010294,Gas central heating,614,53,561,557,17,540,41,21,20,16,15,1
S01010294,Electric (including storage heaters) central heating,23,2,21,21,1,20,1,0,1,1,1,0
S01010294,Oil central heating,0,0,0,0,0,0,0,0,0,0,0,0
S01010294,Solid fuel (for example wood coal) central heating,0,0,0,0,0,0,0,0,0,0,0,0
S01010294,Other central heating,2,0,2,2,0,2,0,0,0,0,0,0
S01010294,Two or more types of central heating,20,1,19,18,1,17,2,0,2,0,0,0
S01010295,All people in households,974,94,880,872,21,851,67,41,26,35,32,3
S01010295,No central heating,43,6,37,38,1,37,4,4,0,1,1,0
S01010295,Gas central heating,765,75,690,678,13,665,56,34,22,31,28,3
S01010295,Electric (including storage heaters) central heating,126,9,117,119,5,114,5,2,3,2,2,0
S01010295,Oil central heating,0,0,0,0,0,0,0,0,0,0,0,0
S01010295,Solid fuel (for example wood coal) central heating,0,0,0,0,0,0,0,0,0,0,0,0
S01010295,Other central heating,1,0,1,1,0,1,0,0,0,0,0,0
S01010295,Two or more types of central heating,39,4,35,36,2,34,2,1,1,1,1,0
S01010296,All people in households,664,93,571,554,18,536,76,43,33,34,32,2
S01010296,No central heating,16,3,13,13,0,13,1,1,0,2,2,0
S01010296,Gas central heating,588,84,504,485,15,470,72,40,32,31,29,2
S01010296,Electric (including storage heaters) central heating,37,4,33,35,2,33,1,1,0,1,1,0
S01010296,Oil central heating,0,0,0,0,0,0,0,0,0,0,0,0
S01010296,Solid fuel (for example wood coal) central heating,0,0,0,0,0,0,0,0,0,0,0,0
S01010296,Other central heating,12,1,11,12,1,11,0,0,0,0,0,0
S01010296,Two or more types of central heating,11,1,10,9,0,9,2,1,1,0,0,0
S01010297,All people in households,1066,290,776,744,50,694,177,103,74,145,137,8
S01010297,No central heating,122,16,106,103,4,99,10,3,7,9,9,0
S01010297,Gas central heating,361,145,216,210,23,187,84,59,25,67,63,4
S01010297,Electric (including storage heaters) central heating,557,117,440,419,22,397,78,39,39,60,56,4
S01010297,Oil central heating,0,0,0,0,0,0,0,0,0,0,0,0
S01010297,Solid fuel (for example wood coal) central heating,1,0,1,1,0,1,0,0,0,0,0,0
S01010297,Other central heating,6,1,5,4,0,4,1,0,1,1,1,0
S01010297,Two or more types of central heating,19,11,8,7,1,6,4,2,2,8,8,0
S01010298,All people in households,843,221,622,633,52,581,130,91,39,80,78,2
S01010298,No central heating,28,7,21,23,3,20,3,2,1,2,2,0
S01010298,Gas central heating,731,190,541,552,46,506,114,80,34,65,64,1
S01010298,Electric (including storage heaters) central heating,47,14,33,33,2,31,7,5,2,7,7,0
S01010298,Oil central heating,0,0,0,0,0,0,0,0,0,0,0,0
S01010298,Solid fuel (for example wood coal) central heating,0,0,0,0,0,0,0,0,0,0,0,0
S01010298,Other central heating,1,1,0,0,0,0,1,1,0,0,0,0
S01010298,Two or more types of central heating,36,9,27,25,1,24,5,3,2,6,5,1
S01010299,All people in households,536,182,354,358,35,323,96,66,30,82,81,1
S01010299,No central heating,26,9,17,17,0,17,4,4,0,5,5,0
S01010299,Gas central heating,315,111,204,206,21,185,59,40,19,50,50,0
S01010299,Electric (including storage heaters) central heating,173,55,118,119,11,108,30,20,10,24,24,0
S01010299,Oil central heating,0,0,0,0,0,0,0,0,0,0,0,0
S01010299,Solid fuel (for example wood coal) central heating,0,0,0,0,0,0,0,0,0,0,0,0
S01010299,Other central heating,1,1,0,0,0,0,1,1,0,0,0,0
S01010299,Two or more types of central heating,21,6,15,16,3,13,2,1,1,3,2,1
S01010300,All people in households,889,198,691,709,58,651,115,77,38,65,63,2
S01010300,No central heating,29,3,26,26,1,25,1,0,1,2,2,0
S01010300,Gas central heating,639,145,494,499,38,461,97,65,32,43,42,1
S01010300,Electric (including storage heaters) central heating,186,45,141,152,16,136,15,11,4,19,18,1
S01010300,Oil central heating,0,0,0,0,0,0,0,0,0,0,0,0
S01010300,Solid fuel (for example wood coal) central heating,2,1,1,1,0,1,0,0,0,1,1,0
S01010300,Other central heating,6,0,6,6,0,6,0,0,0,0,0,0
S01010300,Two or more types of central heating,27,4,23,25,3,22,2,1,1,0,0,0
S01010301,All people in households,516,44,472,467,16,451,36,16,20,13,12,1
S01010301,No central heating,19,1,18,19,1,18,0,0,0,0,0,0
S01010301,Gas central heating,270,23,247,248,9,239,14,7,7,8,7,1
S01010301,Electric (including storage heaters) central heating,213,20,193,187,6,181,21,9,12,5,5,0
S01010301,Oil central heating,0,0,0,0,0,0,0,0,0,0,0,0
S01010301,Solid fuel (for example wood coal) central heating,0,0,0,0,0,0,0,0,0,0,0,0
S01010301,Other central heating,1,0,1,1,0,1,0,0,0,0,0,0
S01010301,Two or more types of central heating,13,0,13,12,0,12,1,0,1,0,0,0
S01010302,All people in households,658,211,447,423,31,392,142,90,52,93,90,3
S01010302,No central heating,30,4,26,23,0,23,4,1,3,3,3,0
S01010302,Gas central heating,103,51,52,54,7,47,32,27,5,17,17,0
S01010302,Electric (including storage heaters) central heating,513,150,363,339,23,316,103,59,44,71,68,3
S01010302,Oil central heating,0,0,0,0,0,0,0,0,0,0,0,0
S01010302,Solid fuel (for example wood coal) central heating,0,0,0,0,0,0,0,0,0,0,0,0
S01010302,Other central heating,0,0,0,0,0,0,0,0,0,0,0,0
S01010302,Two or more types of central heating,12,6,6,7,1,6,3,3,0,2,2,0
S01010303,All people in households,579,110,469,434,18,416,96,48,48,49,44,5
S01010303,No central heating,17,3,14,14,1,13,3,2,1,0,0,0
S01010303,Gas central heating,102,28,74,74,5,69,16,12,4,12,11,1
S01010303,Electric (including storage heaters) central heating,456,77,379,344,12,332,77,34,43,35,31,4
S01010303,Oil central heating,0,0,0,0,0,0,0,0,0,0,0,0
S01010303,Solid fuel (for example wood coal) central heating,0,0,0,0,0,0,0,0,0,0,0,0
S01010303,Other central heating,2,1,1,1,0,1,0,0,0,1,1,0
S01010303,Two or more types of central heating,2,1,1,1,0,1,0,0,0,1,1,0
S01010304,All people in households,542,162,380,390,37,353,88,61,27,64,64,0
S01010304,No central heating,18,5,13,11,0,11,5,3,2,2,2,0
S01010304,Gas central heating,429,138,291,302,33,269,70,48,22,57,57,0
S01010304,Electric (including storage heaters) central heating,87,14,73,73,3,70,11,8,3,3,3,0
S01010304,Oil central heating,0,0,0,0,0,0,0,0,0,0,0,0
S01010304,Solid fuel (for example wood coal) central heating,0,0,0,0,0,0,0,0,0,0,0,0
S01010304,Other central heating,0,0,0,0,0,0,0,0,0,0,0,0
S01010304,Two or more types of central heating,8,5,3,4,1,3,2,2,0,2,2,0
S01010305,All people in households,797,230,567,581,61,520,140,98,42,76,71,5
S01010305,No central heating,31,8,23,18,1,17,10,5,5,3,2,1
S01010305,Gas central heating,687,202,485,505,54,451,116,86,30,66,62,4
S01010305,Electric (including storage heaters) central heating,50,9,41,42,4,38,6,3,3,2,2,0
S01010305,Oil central heating,0,0,0,0,0,0,0,0,0,0,0,0
S01010305,Solid fuel (for example wood coal) central heating,0,0,0,0,0,0,0,0,0,0,0,0
S01010305,Other central heating,3,0,3,2,0,2,1,0,1,0,0,0
S01010305,Two or more types of central heating,26,11,15,14,2,12,7,4,3,5,5,0
S01010306,All people in households,752,97,655,659,28,631,58,36,22,35,33,2
S01010306,No central heating,68,12,56,58,4,54,6,4,2,4,4,0
S01010306,Gas central heating,369,64,305,307,12,295,34,25,9,28,27,1
S01010306,Electric (including storage heaters) central heating,290,16,274,273,10,263,14,4,10,3,2,1
S01010306,Oil central heating,0,0,0,0,0,0,0,0,0,0,0,0
S01010306,Solid fuel (for example wood coal) central heating,0,0,0,0,0,0,0,0,0,0,0,0
S01010306,Other central heating,1,0,1,1,0,1,0,0,0,0,0,0
S01010306,Two or more types of central heating,24,5,19,20,2,18,4,3,1,0,0,0
S01010307,All people in households,821,72,749,745,21,724,59,35,24,17,16,1
S01010307,No central heating,35,7,28,26,0,26,8,6,2,1,1,0
S01010307,Gas central heating,707,61,646,649,21,628,46,28,18,12,12,0
S01010307,Electric (including storage heaters) central heating,66,4,62,58,0,58,4,1,3,4,3,1
S01010307,Oil central heating,1,0,1,1,0,1,0,0,0,0,0,0
S01010307,Solid fuel (for example wood coal) central heating,0,0,0,0,0,0,0,0,0,0,0,0
S01010307,Other central heating,2,0,2,2,0,2,0,0,0,0,0,0
S01010307,Two or more types of central heating,10,0,10,9,0,9,1,0,1,0,0,0
S01010308,All people in households,959,92,867,878,34,844,57,34,23,24,24,0
S01010308,No central heating,38,5,33,36,3,33,1,1,0,1,1,0
S01010308,Gas central heating,675,60,615,626,23,603,36,24,12,13,13,0
S01010308,Electric (including storage heaters) central heating,225,23,202,200,7,193,16,7,9,9,9,0
S01010308,Oil central heating,0,0,0,0,0,0,0,0,0,0,0,0
S01010308,Solid fuel (for example wood coal) central heating,0,0,0,0,0,0,0,0,0,0,0,0
S01010308,Other central heating,12,1,11,10,1,9,2,0,2,0,0,0
S01010308,Two or more types of central heating,9,3,6,6,0,6,2,2,0,1,1,0
S01010309,All people in households,419,155,264,241,14,227,96,62,34,82,79,3
S01010309,No central heating,46,14,32,30,1,29,6,3,3,10,10,0
S01010309,Gas central heating,322,115,207,186,11,175,80,51,29,56,53,3
S01010309,Electric (including storage heaters) central heating,34,18,16,16,2,14,10,8,2,8,8,0
S01010309,Oil central heating,0,0,0,0,0,0,0,0,0,0,0,0
S01010309,Solid fuel (for example wood coal) central heating,0,0,0,0,0,0,0,0,0,0,0,0
S01010309,Other central heating,2,1,1,1,0,1,0,0,0,1,1,0
S01010309,Two or more types of central heating,15,7,8,8,0,8,0,0,0,7,7,0
S01010310,All people in households,706,145,561,527,24,503,116,59,57,63,62,1
S01010310,No central heating,6,3,3,3,0,3,1,1,0,2,2,0
S01010310,Gas central heating,614,122,492,462,20,442,100,51,49,52,51,1
S01010310,Electric (including storage heaters) central heating,31,4,27,26,2,24,4,1,3,1,1,0
S01010310,Oil central heating,0,0,0,0,0,0,0,0,0,0,0,0
S01010310,Solid fuel (for example wood coal) central heating,0,0,0,0,0,0,0,0,0,0,0,0
S01010310,Other central heating,0,0,0,0,0,0,0,0,0,0,0,0
S01010310,Two or more types of central heating,55,16,39,36,2,34,11,6,5,8,8,0
S01010311,All people in households,714,245,469,443,32,411,140,89,51,131,124,7
S01010311,No central heating,12,9,3,4,2,2,6,5,1,2,2,0
S01010311,Gas central heating,604,208,396,371,25,346,118,74,44,115,109,6
S01010311,Electric (including storage heaters) central heating,30,8,22,21,1,20,4,3,1,5,4,1
S01010311,Oil central heating,0,0,0,0,0,0,0,0,0,0,0,0
S01010311,Solid fuel (for example wood coal) central heating,0,0,0,0,0,0,0,0,0,0,0,0
S01010311,Other central heating,3,1,2,1,0,1,2,1,1,0,0,0
S01010311,Two or more types of central heating,65,19,46,46,4,42,10,6,4,9,9,0
S01010312,All people in households,857,264,593,568,46,522,162,98,64,127,120,7
S01010312,No central heating,31,5,26,25,1,24,4,2,2,2,2,0
S01010312,Gas central heating,461,138,323,316,28,288,84,52,32,61,58,3
S01010312,Electric (including storage heaters) central heating,319,112,207,190,15,175,69,41,28,60,56,4
S01010312,Oil central heating,1,1,0,0,0,0,0,0,0,1,1,0
S01010312,Solid fuel (for example wood coal) central heating,0,0,0,0,0,0,0,0,0,0,0,0
S01010312,Other central heating,7,1,6,5,0,5,2,1,1,0,0,0
S01010312,Two or more types of central heating,38,7,31,32,2,30,3,2,1,3,3,0
S01010313,All people in households,636,213,423,416,36,380,119,78,41,101,99,2
S01010313,No central heating,37,10,27,27,2,25,7,5,2,3,3,0
S01010313,Gas central heating,199,61,138,141,13,128,32,23,9,26,25,1
S01010313,Electric (including storage heaters) central heating,390,140,250,239,20,219,80,50,30,71,70,1
S01010313,Oil central heating,0,0,0,0,0,0,0,0,0,0,0,0
S01010313,Solid fuel (for example wood coal) central heating,1,0,1,1,0,1,0,0,0,0,0,0
S01010313,Other central heating,1,0,1,1,0,1,0,0,0,0,0,0
S01010313,Two or more types of central heating,8,2,6,7,1,6,0,0,0,1,1,0
S01010314,All people in households,955,268,687,695,46,649,146,110,36,114,112,2
S01010314,No central heating,23,7,16,15,1,14,4,2,2,4,4,0
S01010314,Gas central heating,829,221,608,615,36,579,118,90,28,96,95,1
S01010314,Electric (including storage heaters) central heating,62,24,38,42,8,34,17,13,4,3,3,0
S01010314,Oil central heating,0,0,0,0,0,0,0,0,0,0,0,0
S01010314,Solid fuel (for example wood coal) central heating,0,0,0,0,0,0,0,0,0,0,0,0
S01010314,Other central heating,5,1,4,4,0,4,0,0,0,1,1,0
S01010314,Two or more types of central heating,36,15,21,19,1,18,7,5,2,10,9,1
S01010315,All people in households,911,159,752,744,37,707,101,60,41,66,62,4
S01010315,No central heating,4,0,4,4,0,4,0,0,0,0,0,0
S01010315,Gas central heating,821,135,686,678,33,645,86,48,38,57,54,3
S01010315,Electric (including storage heaters) central heating,28,10,18,18,3,15,5,3,2,5,4,1
S01010315,Oil central heating,0,0,0,0,0,0,0,0,0,0,0,0
S01010315,Solid fuel (for example wood coal) central heating,0,0,0,0,0,0,0,0,0,0,0,0
S01010315,Other central heating,5,0,5,4,0,4,1,0,1,0,0,0
S01010315,Two or more types of central heating,53,14,39,40,1,39,9,9,0,4,4,0
S01010316,All people in households,512,141,371,372,25,347,70,48,22,70,68,2
S01010316,No central heating,1,1,0,0,0,0,0,0,0,1,1,0
S01010316,Gas central heating,458,125,333,335,24,311,61,41,20,62,60,2
S01010316,Electric (including storage heaters) central heating,22,7,15,14,0,14,6,5,1,2,2,0
S01010316,Oil central heating,0,0,0,0,0,0,0,0,0,0,0,0
S01010316,Solid fuel (for example wood coal) central heating,0,0,0,0,0,0,0,0,0,0,0,0
S01010316,Other central heating,0,0,0,0,0,0,0,0,0,0,0,0
S01010316,Two or more types of central heating,31,8,23,23,1,22,3,2,1,5,5,0
S01010317,All people in households,725,105,620,635,29,606,60,46,14,30,30,0
S01010317,No central heating,13,1,12,12,0,12,1,1,0,0,0,0
S01010317,Gas central heating,637,73,564,574,22,552,42,30,12,21,21,0
S01010317,Electric (including storage heaters) central heating,49,15,34,37,5,32,9,7,2,3,3,0
S01010317,Oil central heating,0,0,0,0,0,0,0,0,0,0,0,0
S01010317,Solid fuel (for example wood coal) central heating,0,0,0,0,0,0,0,0,0,0,0,0
S01010317,Other central heating,15,14,1,2,1,1,8,8,0,5,5,0
S01010317,Two or more types of central heating,11,2,9,10,1,9,0,0,0,1,1,0
S01010318,All people in households,505,114,391,395,28,367,73,50,23,37,36,1
S01010318,No central heating,2,0,2,1,0,1,1,0,1,0,0,0
S01010318,Gas central heating,449,93,356,360,24,336,56,37,19,33,32,1
S01010318,Electric (including storage heaters) central heating,24,3,21,20,0,20,3,2,1,1,1,0
S01010318,Oil central heating,0,0,0,0,0,0,0,0,0,0,0,0
S01010318,Solid fuel (for example wood coal) central heating,0,0,0,0,0,0,0,0,0,0,0,0
S01010318,Other central heating,1,1,0,0,0,0,1,1,0,0,0,0
S01010318,Two or more types of central heating,29,17,12,14,4,10,12,10,2,3,3,0
S01010319,All people in households,711,119,592,590,34,556,74,42,32,47,43,4
S01010319,No central heating,16,2,14,12,0,12,2,0,2,2,2,0
S01010319,Gas central heating,538,94,444,448,30,418,53,31,22,37,33,4
S01010319,Electric (including storage heaters) central heating,132,18,114,112,4,108,14,8,6,6,6,0
S01010319,Oil central heating,0,0,0,0,0,0,0,0,0,0,0,0
S01010319,Solid fuel (for example wood coal) central heating,0,0,0,0,0,0,0,0,0,0,0,0
S01010319,Other central heating,1,1,0,0,0,0,0,0,0,1,1,0
S01010319,Two or more types of central heating,24,4,20,18,0,18,5,3,2,1,1,0
S01010320,All people in households,670,141,529,517,28,489,76,43,33,77,70,7
S01010320,No central heating,15,4,11,12,1,11,1,1,0,2,2,0
S01010320,Gas central heating,574,116,458,449,23,426,60,34,26,65,59,6
S01010320,Electric (including storage heaters) central heating,40,13,27,25,3,22,9,5,4,6,5,1
S01010320,Oil central heating,2,0,2,2,0,2,0,0,0,0,0,0
S01010320,Solid fuel (for example wood coal) central heating,0,0,0,0,0,0,0,0,0,0,0,0
S01010320,Other central heating,3,2,1,1,0,1,1,1,0,1,1,0
S01010320,Two or more types of central heating,36,6,30,28,1,27,5,2,3,3,3,0
S01010321,All people in households,695,151,544,529,30,499,109,65,44,57,56,1
S01010321,No central heating,47,13,34,33,4,29,12,7,5,2,2,0
S01010321,Gas central heating,571,119,452,436,23,413,88,50,38,47,46,1
S01010321,Electric (including storage heaters) central heating,52,12,40,41,1,40,4,4,0,7,7,0
S01010321,Oil central heating,0,0,0,0,0,0,0,0,0,0,0,0
S01010321,Solid fuel (for example wood coal) central heating,0,0,0,0,0,0,0,0,0,0,0,0
S01010321,Other central heating,3,1,2,2,0,2,1,1,0,0,0,0
S01010321,Two or more types of central heating,22,6,16,17,2,15,4,3,1,1,1,0
S01010322,All people in households,1028,105,923,940,46,894,59,31,28,29,28,1
S01010322,No central heating,46,11,35,35,4,31,8,4,4,3,3,0
S01010322,Gas central heating,863,78,785,798,35,763,44,23,21,21,20,1
S01010322,Electric (including storage heaters) central heating,98,14,84,88,7,81,7,4,3,3,3,0
S01010322,Oil central heating,0,0,0,0,0,0,0,0,0,0,0,0
S01010322,Solid fuel (for example wood coal) central heating,0,0,0,0,0,0,0,0,0,0,0,0
S01010322,Other central heating,0,0,0,0,0,0,0,0,0,0,0,0
S01010322,Two or more types of central heating,21,2,19,19,0,19,0,0,0,2,2,0
S01010323,All people in households,603,227,376,358,25,333,151,111,40,94,91,3
S01010323,No central heating,13,7,6,5,0,5,8,7,1,0,0,0
S01010323,Gas central heating,460,142,318,299,19,280,102,67,35,59,56,3
S01010323,Electric (including storage heaters) central heating,71,48,23,23,3,20,29,26,3,19,19,0
S01010323,Oil central heating,0,0,0,0,0,0,0,0,0,0,0,0
S01010323,Solid fuel (for example wood coal) central heating,0,0,0,0,0,0,0,0,0,0,0,0
S01010323,Other central heating,14,12,2,3,1,2,6,6,0,5,5,0
S01010323,Two or more types of central heating,45,18,27,28,2,26,6,5,1,11,11,0
S01010324,All people in households,759,285,474,466,49,417,169,115,54,124,121,3
S01010324,No central heating,41,9,32,32,1,31,4,4,0,5,4,1
S01010324,Gas central heating,646,230,416,405,39,366,142,94,48,99,97,2
S01010324,Electric (including storage heaters) central heating,45,30,15,16,6,10,14,9,5,15,15,0
S01010324,Oil central heating,0,0,0,0,0,0,0,0,0,0,0,0
S01010324,Solid fuel (for example wood coal) central heating,0,0,0,0,0,0,0,0,0,0,0,0
S01010324,Other central heating,3,2,1,1,0,1,1,1,0,1,1,0
S01010324,Two or more types of central heating,24,14,10,12,3,9,8,7,1,4,4,0
S01010325,All people in households,939,383,556,568,73,495,212,153,59,159,157,2
S01010325,No central heating,6,5,1,2,1,1,2,2,0,2,2,0
S01010325,Gas central heating,809,314,495,505,59,446,177,130,47,127,125,2
S01010325,Electric (including storage heaters) central heating,69,45,24,29,11,18,23,17,6,17,17,0
S01010325,Oil central heating,0,0,0,0,0,0,0,0,0,0,0,0
S01010325,Solid fuel (for example wood coal) central heating,0,0,0,0,0,0,0,0,0,0,0,0
S01010325,Other central heating,5,3,2,2,0,2,1,1,0,2,2,0
S01010325,Two or more types of central heating,50,16,34,30,2,28,9,3,6,11,11,0
S01010326,All people in households,986,303,683,662,44,618,176,121,55,148,138,10
S01010326,No central heating,2,1,1,1,0,1,1,1,0,0,0,0
S01010326,Gas central heating,849,256,593,586,40,546,147,106,41,116,110,6
S01010326,Electric (including storage heaters) central heating,48,12,36,27,0,27,14,6,8,7,6,1
S01010326,Oil central heating,0,0,0,0,0,0,0,0,0,0,0,0
S01010326,Solid fuel (for example wood coal) central heating,3,2,1,1,0,1,0,0,0,2,2,0
S01010326,Other central heating,6,0,6,5,0,5,0,0,0,1,0,1
S01010326,Two or more types of central heating,78,32,46,42,4,38,14,8,6,22,20,2
S01010327,All people in households,865,166,699,688,28,660,110,74,36,67,64,3
S01010327,No central heating,11,0,11,9,0,9,0,0,0,2,0,2
S01010327,Gas central heating,798,157,641,637,28,609,103,71,32,58,58,0
S01010327,Electric (including storage heaters) central heating,13,2,11,11,0,11,2,2,0,0,0,0
S01010327,Oil central heating,0,0,0,0,0,0,0,0,0,0,0,0
S01010327,Solid fuel (for example wood coal) central heating,2,2,0,0,0,0,0,0,0,2,2,0
S01010327,Other central heating,4,1,3,3,0,3,0,0,0,1,1,0
S01010327,Two or more types of central heating,37,4,33,28,0,28,5,1,4,4,3,1
S01010328,All people in households,969,293,676,684,57,627,180,132,48,105,104,1
S01010328,No central heating,27,6,21,23,4,19,4,2,2,0,0,0
S01010328,Gas central heating,818,237,581,590,45,545,147,112,35,81,80,1
S01010328,Electric (including storage heaters) central heating,88,37,51,48,6,42,24,15,9,16,16,0
S01010328,Oil central heating,2,1,1,1,0,1,1,1,0,0,0,0
S01010328,Solid fuel (for example wood coal) central heating,0,0,0,0,0,0,0,0,0,0,0,0
S01010328,Other central heating,3,1,2,2,0,2,1,1,0,0,0,0
S01010328,Two or more types of central heating,31,11,20,20,2,18,3,1,2,8,8,0
S01010329,All people in households,573,194,379,387,42,345,115,82,33,71,70,1
S01010329,No central heating,4,2,2,2,0,2,2,2,0,0,0,0
S01010329,Gas central heating,542,185,357,366,40,326,108,77,31,68,68,0
S01010329,Electric (including storage heaters) central heating,14,3,11,11,0,11,2,2,0,1,1,0
S01010329,Oil central heating,0,0,0,0,0,0,0,0,0,0,0,0
S01010329,Solid fuel (for example wood coal) central heating,0,0,0,0,0,0,0,0,0,0,0,0
S01010329,Other central heating,0,0,0,0,0,0,0,0,0,0,0,0
S01010329,Two or more types of central heating,13,4,9,8,2,6,3,1,2,2,1,1
S01010330,All people in households,663,204,459,466,49,417,119,86,33,78,69,9
S01010330,No central heating,4,2,2,2,1,1,0,0,0,2,1,1
S01010330,Gas central heating,614,187,427,431,44,387,117,84,33,66,59,7
S01010330,Electric (including storage heaters) central heating,21,9,12,15,3,12,0,0,0,6,6,0
S01010330,Oil central heating,0,0,0,0,0,0,0,0,0,0,0,0
S01010330,Solid fuel (for example wood coal) central heating,0,0,0,0,0,0,0,0,0,0,0,0
S01010330,Other central heating,0,0,0,0,0,0,0,0,0,0,0,0
S01010330,Two or more types of central heating,24,6,18,18,1,17,2,2,0,4,3,1
S01010331,All people in households,923,362,561,555,51,504,201,147,54,167,164,3
S01010331,No central heating,19,6,13,12,1,11,3,1,2,4,4,0
S01010331,Gas central heating,819,317,502,500,47,453,177,131,46,142,139,3
S01010331,Electric (including storage heaters) central heating,32,18,14,14,1,13,10,9,1,8,8,0
S01010331,Oil central heating,0,0,0,0,0,0,0,0,0,0,0,0
S01010331,Solid fuel (for example wood coal) central heating,0,0,0,0,0,0,0,0,0,0,0,0
S01010331,Other central heating,5,1,4,4,0,4,1,1,0,0,0,0
S01010331,Two or more types of central heating,48,20,28,25,2,23,10,5,5,13,13,0
S01010332,All people in households,708,223,485,489,46,443,123,84,39,96,93,3
S01010332,No central heating,13,5,8,10,2,8,2,2,0,1,1,0
S01010332,Gas central heating,623,195,428,429,40,389,112,76,36,82,79,3
S01010332,Electric (including storage heaters) central heating,25,6,19,18,1,17,6,4,2,1,1,0
S01010332,Oil central heating,0,0,0,0,0,0,0,0,0,0,0,0
S01010332,Solid fuel (for example wood coal) central heating,0,0,0,0,0,0,0,0,0,0,0,0
S01010332,Other central heating,6,2,4,4,0,4,0,0,0,2,2,0
S01010332,Two or more types of central heating,41,15,26,28,3,25,3,2,1,10,10,0
S01010333,All people in households,962,280,682,688,65,623,172,117,55,102,98,4
S01010333,No central heating,50,13,37,39,5,34,8,5,3,3,3,0
S01010333,Gas central heating,780,226,554,562,52,510,133,93,40,85,81,4
S01010333,Electric (including storage heaters) central heating,101,35,66,62,7,55,27,16,11,12,12,0
S01010333,Oil central heating,0,0,0,0,0,0,0,0,0,0,0,0
S01010333,Solid fuel (for example wood coal) central heating,0,0,0,0,0,0,0,0,0,0,0,0
S01010333,Other central heating,0,0,0,0,0,0,0,0,0,0,0,0
S01010333,Two or more types of central heating,31,6,25,25,1,24,4,3,1,2,2,0
S01010334,All people in households,927,217,710,695,41,654,134,83,51,98,93,5
S01010334,No central heating,8,3,5,5,0,5,1,1,0,2,2,0
S01010334,Gas central heating,872,194,678,663,40,623,120,70,50,89,84,5
S01010334,Electric (including storage heaters) central heating,21,13,8,7,0,7,9,8,1,5,5,0
S01010334,Oil central heating,0,0,0,0,0,0,0,0,0,0,0,0
S01010334,Solid fuel (for example wood coal) central heating,2,1,1,2,1,1,0,0,0,0,0,0
S01010334,Other central heating,1,1,0,0,0,0,1,1,0,0,0,0
S01010334,Two or more types of central heating,23,5,18,18,0,18,3,3,0,2,2,0
S01010335,All people in households,793,245,548,534,38,496,149,99,50,110,108,2
S01010335,No central heating,17,5,12,12,1,11,2,1,1,3,3,0
S01010335,Gas central heating,711,218,493,480,34,446,133,87,46,98,97,1
S01010335,Electric (including storage heaters) central heating,36,13,23,22,1,21,6,4,2,8,8,0
S01010335,Oil central heating,0,0,0,0,0,0,0,0,0,0,0,0
S01010335,Solid fuel (for example wood coal) central heating,0,0,0,0,0,0,0,0,0,0,0,0
S01010335,Other central heating,2,2,0,0,0,0,2,2,0,0,0,0
S01010335,Two or more types of central heating,27,7,20,20,2,18,6,5,1,1,0,1
S01010336,All people in households,657,215,442,437,42,395,128,83,45,92,90,2
S01010336,No central heating,20,3,17,17,1,16,2,1,1,1,1,0
S01010336,Gas central heating,194,67,127,124,12,112,44,29,15,26,26,0
S01010336,Electric (including storage heaters) central heating,422,137,285,280,26,254,82,53,29,60,58,2
S01010336,Oil central heating,0,0,0,0,0,0,0,0,0,0,0,0
S01010336,Solid fuel (for example wood coal) central heating,0,0,0,0,0,0,0,0,0,0,0,0
S01010336,Other central heating,3,1,2,3,1,2,0,0,0,0,0,0
S01010336,Two or more types of central heating,18,7,11,13,2,11,0,0,0,5,5,0
S01010337,All people in households,623,211,412,394,31,363,126,82,44,103,98,5
S01010337,No central heating,15,3,12,13,1,12,1,1,0,1,1,0
S01010337,Gas central heating,584,199,385,365,26,339,122,80,42,97,93,4
S01010337,Electric (including storage heaters) central heating,11,1,10,7,0,7,2,0,2,2,1,1
S01010337,Oil central heating,0,0,0,0,0,0,0,0,0,0,0,0
S01010337,Solid fuel (for example wood coal) central heating,0,0,0,0,0,0,0,0,0,0,0,0
S01010337,Other central heating,4,3,1,3,2,1,0,0,0,1,1,0
S01010337,Two or more types of central heating,9,5,4,6,2,4,1,1,0,2,2,0
S01010338,All people in households,751,236,515,523,49,474,137,100,37,91,87,4
S01010338,No central heating,12,4,8,7,1,6,5,3,2,0,0,0
S01010338,Gas central heating,657,207,450,463,45,418,115,85,30,79,77,2
S01010338,Electric (including storage heaters) central heating,43,9,34,33,2,31,5,3,2,5,4,1
S01010338,Oil central heating,0,0,0,0,0,0,0,0,0,0,0,0
S01010338,Solid fuel (for example wood coal) central heating,0,0,0,0,0,0,0,0,0,0,0,0
S01010338,Other central heating,6,1,5,4,0,4,2,1,1,0,0,0
S01010338,Two or more types of central heating,33,15,18,16,1,15,10,8,2,7,6,1
S01010339,All people in households,692,197,495,493,37,456,108,74,34,91,86,5
S01010339,No central heating,14,7,7,7,0,7,3,3,0,4,4,0
S01010339,Gas central heating,627,172,455,452,31,421,97,67,30,78,74,4
S01010339,Electric (including storage heaters) central heating,40,15,25,27,6,21,6,3,3,7,6,1
S01010339,Oil central heating,0,0,0,0,0,0,0,0,0,0,0,0
S01010339,Solid fuel (for example wood coal) central heating,0,0,0,0,0,0,0,0,0,0,0,0
S01010339,Other central heating,0,0,0,0,0,0,0,0,0,0,0,0
S01010339,Two or more types of central heating,11,3,8,7,0,7,2,1,1,2,2,0
S01010340,All people in households,752,178,574,555,30,525,128,83,45,69,65,4
S01010340,No central heating,14,3,11,8,0,8,4,1,3,2,2,0
S01010340,Gas central heating,661,153,508,495,27,468,113,75,38,53,51,2
S01010340,Electric (including storage heaters) central heating,52,18,34,33,2,31,9,7,2,10,9,1
S01010340,Oil central heating,0,0,0,0,0,0,0,0,0,0,0,0
S01010340,Solid fuel (for example wood coal) central heating,0,0,0,0,0,0,0,0,0,0,0,0
S01010340,Other central heating,3,0,3,3,0,3,0,0,0,0,0,0
S01010340,Two or more types of central heating,22,4,18,16,1,15,2,0,2,4,3,1
S01010341,All people in households,591,136,455,461,34,427,84,58,26,46,44,2
S01010341,No central heating,26,9,17,16,1,15,6,4,2,4,4,0
S01010341,Gas central heating,364,70,294,299,23,276,41,23,18,24,24,0
S01010341,Electric (including storage heaters) central heating,183,52,131,133,9,124,34,29,5,16,14,2
S01010341,Oil central heating,0,0,0,0,0,0,0,0,0,0,0,0
S01010341,Solid fuel (for example wood coal) central heating,0,0,0,0,0,0,0,0,0,0,0,0
S01010341,Other central heating,3,1,2,2,0,2,1,1,0,0,0,0
S01010341,Two or more types of central heating,15,4,11,11,1,10,2,1,1,2,2,0
S01010342,All people in households,633,97,536,532,23,509,69,43,26,32,31,1
S01010342,No central heating,65,9,56,53,3,50,9,3,6,3,3,0
S01010342,Gas central heating,472,70,402,395,11,384,52,35,17,25,24,1
S01010342,Electric (including storage heaters) central heating,86,15,71,75,7,68,8,5,3,3,3,0
S01010342,Oil central heating,0,0,0,0,0,0,0,0,0,0,0,0
S01010342,Solid fuel (for example wood coal) central heating,0,0,0,0,0,0,0,0,0,0,0,0
S01010342,Other central heating,0,0,0,0,0,0,0,0,0,0,0,0
S01010342,Two or more types of central heating,10,3,7,9,2,7,0,0,0,1,1,0
S01010343,All people in households,938,118,820,821,34,787,81,49,32,36,35,1
S01010343,No central heating,64,3,61,60,1,59,3,1,2,1,1,0
S01010343,Gas central heating,758,95,663,664,30,634,66,38,28,28,27,1
S01010343,Electric (including storage heaters) central heating,100,16,84,84,2,82,12,10,2,4,4,0
S01010343,Oil central heating,1,1,0,1,1,0,0,0,0,0,0,0
S01010343,Solid fuel (for example wood coal) central heating,0,0,0,0,0,0,0,0,0,0,0,0
S01010343,Other central heating,3,1,2,2,0,2,0,0,0,1,1,0
S01010343,Two or more types of central heating,12,2,10,10,0,10,0,0,0,2,2,0
S01010344,All people in households,690,235,455,441,32,409,125,83,42,124,120,4
S01010344,No central heating,7,4,3,3,1,2,3,2,1,1,1,0
S01010344,Gas central heating,275,93,182,182,15,167,49,36,13,44,42,2
S01010344,Electric (including storage heaters) central heating,400,130,270,255,15,240,71,43,28,74,72,2
S01010344,Oil central heating,0,0,0,0,0,0,0,0,0,0,0,0
S01010344,Solid fuel (for example wood coal) central heating,2,2,0,0,0,0,0,0,0,2,2,0
S01010344,Other central heating,0,0,0,0,0,0,0,0,0,0,0,0
S01010344,Two or more types of central heating,6,6,0,1,1,0,2,2,0,3,3,0
S01010345,All people in households,489,51,438,449,25,424,30,16,14,10,10,0
S01010345,No central heating,6,0,6,6,0,6,0,0,0,0,0,0
S01010345,Gas central heating,433,38,395,402,21,381,23,9,14,8,8,0
S01010345,Electric (including storage heaters) central heating,5,2,3,4,1,3,0,0,0,1,1,0
S01010345,Oil central heating,18,7,11,12,1,11,5,5,0,1,1,0
S01010345,Solid fuel (for example wood coal) central heating,3,0,3,3,0,3,0,0,0,0,0,0
S01010345,Other central heating,11,0,11,11,0,11,0,0,0,0,0,0
S01010345,Two or more types of central heating,13,4,9,11,2,9,2,2,0,0,0,0
S01010346,All people in households,981,163,818,826,42,784,99,67,32,56,54,2
S01010346,No central heating,26,6,20,24,4,20,2,2,0,0,0,0
S01010346,Gas central heating,788,104,684,685,27,658,68,44,24,35,33,2
S01010346,Electric (including storage heaters) central heating,158,50,108,110,10,100,28,20,8,20,20,0
S01010346,Oil central heating,0,0,0,0,0,0,0,0,0,0,0,0
S01010346,Solid fuel (for example wood coal) central heating,0,0,0,0,0,0,0,0,0,0,0,0
S01010346,Other central heating,3,1,2,2,0,2,0,0,0,1,1,0
S01010346,Two or more types of central heating,6,2,4,5,1,4,1,1,0,0,0,0
S01010347,All people in households,919,219,700,701,55,646,143,92,51,75,72,3
S01010347,No central heating,42,12,30,32,4,28,8,6,2,2,2,0
S01010347,Gas central heating,525,141,384,402,44,358,79,56,23,44,41,3
S01010347,Electric (including storage heaters) central heating,299,54,245,228,6,222,46,23,23,25,25,0
S01010347,Oil central heating,0,0,0,0,0,0,0,0,0,0,0,0
S01010347,Solid fuel (for example wood coal) central heating,0,0,0,0,0,0,0,0,0,0,0,0
S01010347,Other central heating,40,9,31,30,0,30,6,5,1,4,4,0
S01010347,Two or more types of central heating,13,3,10,9,1,8,4,2,2,0,0,0
S01010348,All people in households,980,256,724,708,46,662,178,117,61,94,93,1
S01010348,No central heating,46,12,34,33,1,32,9,7,2,4,4,0
S01010348,Gas central heating,651,171,480,476,36,440,122,83,39,53,52,1
S01010348,Electric (including storage heaters) central heating,263,70,193,182,9,173,47,27,20,34,34,0
S01010348,Oil central heating,4,0,4,4,0,4,0,0,0,0,0,0
S01010348,Solid fuel (for example wood coal) central heating,0,0,0,0,0,0,0,0,0,0,0,0
S01010348,Other central heating,3,1,2,2,0,2,0,0,0,1,1,0
S01010348,Two or more types of central heating,13,2,11,11,0,11,0,0,0,2,2,0
S01010349,All people in households,883,253,630,632,47,585,153,110,43,98,96,2
S01010349,No central heating,53,6,47,45,2,43,7,3,4,1,1,0
S01010349,Gas central heating,530,149,381,376,27,349,93,63,30,61,59,2
S01010349,Electric (including storage heaters) central heating,257,78,179,186,16,170,42,33,9,29,29,0
S01010349,Oil central heating,4,0,4,4,0,4,0,0,0,0,0,0
S01010349,Solid fuel (for example wood coal) central heating,0,0,0,0,0,0,0,0,0,0,0,0
S01010349,Other central heating,4,1,3,3,0,3,0,0,0,1,1,0
S01010349,Two or more types of central heating,35,19,16,18,2,16,11,11,0,6,6,0
S01010350,All people in households,950,256,694,684,53,631,158,102,56,108,101,7
S01010350,No central heating,28,5,23,25,2,23,2,2,0,1,1,0
S01010350,Gas central heating,763,198,565,556,42,514,125,79,46,82,77,5
S01010350,Electric (including storage heaters) central heating,130,39,91,88,8,80,24,15,9,18,16,2
S01010350,Oil central heating,3,1,2,2,0,2,0,0,0,1,1,0
S01010350,Solid fuel (for example wood coal) central heating,2,2,0,0,0,0,1,1,0,1,1,0
S01010350,Other central heating,1,1,0,0,0,0,1,1,0,0,0,0
S01010350,Two or more types of central heating,23,10,13,13,1,12,5,4,1,5,5,0
S01010351,All people in households,878,165,713,700,42,658,126,71,55,52,52,0
S01010351,No central heating,10,0,10,10,0,10,0,0,0,0,0,0
S01010351,Gas central heating,790,152,638,629,40,589,113,64,49,48,48,0
S01010351,Electric (including storage heaters) central heating,53,8,45,43,2,41,8,4,4,2,2,0
S01010351,Oil central heating,0,0,0,0,0,0,0,0,0,0,0,0
S01010351,Solid fuel (for example wood coal) central heating,0,0,0,0,0,0,0,0,0,0,0,0
S01010351,Other central heating,4,0,4,4,0,4,0,0,0,0,0,0
S01010351,Two or more types of central heating,21,5,16,14,0,14,5,3,2,2,2,0
S01010352,All people in households,506,154,352,343,33,310,102,62,40,61,59,2
S01010352,No central heating,11,5,6,6,2,4,4,2,2,1,1,0
S01010352,Gas central heating,439,128,311,304,26,278,81,50,31,54,52,2
S01010352,Electric (including storage heaters) central heating,47,16,31,30,4,26,13,8,5,4,4,0
S01010352,Oil central heating,0,0,0,0,0,0,0,0,0,0,0,0
S01010352,Solid fuel (for example wood coal) central heating,0,0,0,0,0,0,0,0,0,0,0,0
S01010352,Other central heating,0,0,0,0,0,0,0,0,0,0,0,0
S01010352,Two or more types of central heating,9,5,4,3,1,2,4,2,2,2,2,0
S01010353,All people in households,961,316,645,625,42,583,179,118,61,157,156,1
S01010353,No central heating,30,8,22,17,1,16,7,1,6,6,6,0
S01010353,Gas central heating,148,45,103,99,5,94,28,19,9,21,21,0
S01010353,Electric (including storage heaters) central heating,768,257,511,498,34,464,141,95,46,129,128,1
S01010353,Oil central heating,0,0,0,0,0,0,0,0,0,0,0,0
S01010353,Solid fuel (for example wood coal) central heating,0,0,0,0,0,0,0,0,0,0,0,0
S01010353,Other central heating,5,3,2,3,1,2,1,1,0,1,1,0
S01010353,Two or more types of central heating,10,3,7,8,1,7,2,2,0,0,0,0
S01010354,All people in households,733,219,514,512,43,469,120,76,44,101,100,1
S01010354,No central heating,30,9,21,18,1,17,6,2,4,6,6,0
S01010354,Gas central heating,539,151,388,386,28,358,86,56,30,67,67,0
S01010354,Electric (including storage heaters) central heating,128,42,86,87,10,77,21,13,8,20,19,1
S01010354,Oil central heating,0,0,0,0,0,0,0,0,0,0,0,0
S01010354,Solid fuel (for example wood coal) central heating,0,0,0,0,0,0,0,0,0,0,0,0
S01010354,Other central heating,2,1,1,1,0,1,1,1,0,0,0,0
S01010354,Two or more types of central heating,34,16,18,20,4,16,6,4,2,8,8,0
S01010355,All people in households,742,202,540,527,40,487,134,84,50,81,78,3
S01010355,No central heating,46,11,35,31,1,30,8,4,4,7,6,1
S01010355,Gas central heating,376,84,292,288,18,270,55,34,21,33,32,1
S01010355,Electric (including storage heaters) central heating,286,101,185,180,20,160,67,43,24,39,38,1
S01010355,Oil central heating,0,0,0,0,0,0,0,0,0,0,0,0
S01010355,Solid fuel (for example wood coal) central heating,2,0,2,1,0,1,1,0,1,0,0,0
S01010355,Other central heating,4,3,1,1,0,1,3,3,0,0,0,0
S01010355,Two or more types of central heating,28,3,25,26,1,25,0,0,0,2,2,0
S01010356,All people in households,682,106,576,577,31,546,62,33,29,43,42,1
S01010356,No central heating,18,5,13,14,3,11,4,2,2,0,0,0
S01010356,Gas central heating,598,91,507,508,23,485,51,30,21,39,38,1
S01010356,Electric (including storage heaters) central heating,50,9,41,43,5,38,4,1,3,3,3,0
S01010356,Oil central heating,0,0,0,0,0,0,0,0,0,0,0,0
S01010356,Solid fuel (for example wood coal) central heating,0,0,0,0,0,0,0,0,0,0,0,0
S01010356,Other central heating,1,0,1,1,0,1,0,0,0,0,0,0
S01010356,Two or more types of central heating,15,1,14,11,0,11,3,0,3,1,1,0
S01010357,All people in households,585,179,406,401,30,371,111,76,35,73,73,0
S01010357,No central heating,29,5,24,21,0,21,5,2,3,3,3,0
S01010357,Gas central heating,309,87,222,226,17,209,50,37,13,33,33,0
S01010357,Electric (including storage heaters) central heating,240,85,155,149,13,136,55,36,19,36,36,0
S01010357,Oil central heating,0,0,0,0,0,0,0,0,0,0,0,0
S01010357,Solid fuel (for example wood coal) central heating,0,0,0,0,0,0,0,0,0,0,0,0
S01010357,Other central heating,3,0,3,3,0,3,0,0,0,0,0,0
S01010357,Two or more types of central heating,4,2,2,2,0,2,1,1,0,1,1,0
S01010358,All people in households,842,288,554,548,47,501,177,127,50,117,114,3
S01010358,No central heating,181,44,137,134,6,128,27,19,8,20,19,1
S01010358,Gas central heating,51,8,43,46,3,43,4,4,0,1,1,0
S01010358,Electric (including storage heaters) central heating,599,228,371,362,35,327,142,100,42,95,93,2
S01010358,Oil central heating,0,0,0,0,0,0,0,0,0,0,0,0
S01010358,Solid fuel (for example wood coal) central heating,0,0,0,0,0,0,0,0,0,0,0,0
S01010358,Other central heating,9,6,3,4,1,3,4,4,0,1,1,0
S01010358,Two or more types of central heating,2,2,0,2,2,0,0,0,0,0,0,0
S01010359,All people in households,816,258,558,557,48,509,160,111,49,99,99,0
S01010359,No central heating,110,38,72,69,6,63,27,18,9,14,14,0
S01010359,Gas central heating,185,56,129,132,13,119,29,19,10,24,24,0
S01010359,Electric (including storage heaters) central heating,494,154,340,340,28,312,98,70,28,56,56,0
S01010359,Oil central heating,0,0,0,0,0,0,0,0,0,0,0,0
S01010359,Solid fuel (for example wood coal) central heating,0,0,0,0,0,0,0,0,0,0,0,0
S01010359,Other central heating,3,3,0,1,1,0,0,0,0,2,2,0
S01010359,Two or more types of central heating,24,7,17,15,0,15,6,4,2,3,3,0
S01010360,All people in households,567,153,414,412,33,379,70,42,28,85,78,7
S01010360,No central heating,46,8,38,34,2,32,9,3,6,3,3,0
S01010360,Gas central heating,359,97,262,266,22,244,40,26,14,53,49,4
S01010360,Electric (including storage heaters) central heating,137,40,97,96,7,89,17,10,7,24,23,1
S01010360,Oil central heating,0,0,0,0,0,0,0,0,0,0,0,0
S01010360,Solid fuel (for example wood coal) central heating,0,0,0,0,0,0,0,0,0,0,0,0
S01010360,Other central heating,4,0,4,3,0,3,0,0,0,1,0,1
S01010360,Two or more types of central heating,21,8,13,13,2,11,4,3,1,4,3,1
S01010361,All people in households,611,186,425,416,30,386,123,91,32,72,65,7
S01010361,No central heating,82,18,64,65,2,63,8,7,1,9,9,0
S01010361,Gas central heating,38,11,27,27,1,26,9,8,1,2,2,0
S01010361,Electric (including storage heaters) central heating,480,151,329,317,25,292,105,75,30,58,51,7
S01010361,Oil central heating,0,0,0,0,0,0,0,0,0,0,0,0
S01010361,Solid fuel (for example wood coal) central heating,2,2,0,0,0,0,1,1,0,1,1,0
S01010361,Other central heating,1,1,0,0,0,0,0,0,0,1,1,0
S01010361,Two or more types of central heating,8,3,5,7,2,5,0,0,0,1,1,0
S01010362,All people in households,783,260,523,506,47,459,165,108,57,112,105,7
S01010362,No central heating,77,25,52,49,4,45,18,11,7,10,10,0
S01010362,Gas central heating,66,14,52,50,1,49,8,5,3,8,8,0
S01010362,Electric (including storage heaters) central heating,629,221,408,397,42,355,138,92,46,94,87,7
S01010362,Oil central heating,0,0,0,0,0,0,0,0,0,0,0,0
S01010362,Solid fuel (for example wood coal) central heating,0,0,0,0,0,0,0,0,0,0,0,0
S01010362,Other central heating,1,0,1,1,0,1,0,0,0,0,0,0
S01010362,Two or more types of central heating,10,0,10,9,0,9,1,0,1,0,0,0
S01010363,All people in households,758,122,636,645,42,603,77,45,32,36,35,1
S01010363,No central heating,29,7,22,21,0,21,7,6,1,1,1,0
S01010363,Gas central heating,652,94,558,568,37,531,59,33,26,25,24,1
S01010363,Electric (including storage heaters) central heating,62,19,43,43,5,38,11,6,5,8,8,0
S01010363,Oil central heating,0,0,0,0,0,0,0,0,0,0,0,0
S01010363,Solid fuel (for example wood coal) central heating,0,0,0,0,0,0,0,0,0,0,0,0
S01010363,Other central heating,0,0,0,0,0,0,0,0,0,0,0,0
S01010363,Two or more types of central heating,15,2,13,13,0,13,0,0,0,2,2,0
S01010364,All people in households,915,136,779,793,46,747,92,62,30,30,28,2
S01010364,No central heating,10,5,5,5,1,4,4,3,1,1,1,0
S01010364,Gas central heating,873,125,748,762,42,720,85,59,26,26,24,2
S01010364,Electric (including storage heaters) central heating,22,5,17,18,3,15,2,0,2,2,2,0
S01010364,Oil central heating,1,0,1,1,0,1,0,0,0,0,0,0
S01010364,Solid fuel (for example wood coal) central heating,0,0,0,0,0,0,0,0,0,0,0,0
S01010364,Other central heating,0,0,0,0,0,0,0,0,0,0,0,0
S01010364,Two or more types of central heating,9,1,8,7,0,7,1,0,1,1,1,0
S01010365,All people in households,976,117,859,887,53,834,66,42,24,23,22,1
S01010365,No central heating,20,2,18,20,2,18,0,0,0,0,0,0
S01010365,Gas central heating,891,94,797,820,45,775,54,33,21,17,16,1
S01010365,Electric (including storage heaters) central heating,39,15,24,27,4,23,7,6,1,5,5,0
S01010365,Oil central heating,4,2,2,3,1,2,1,1,0,0,0,0
S01010365,Solid fuel (for example wood coal) central heating,0,0,0,0,0,0,0,0,0,0,0,0
S01010365,Other central heating,6,2,4,5,1,4,1,1,0,0,0,0
S01010365,Two or more types of central heating,16,2,14,12,0,12,3,1,2,1,1,0
S01010366,All people in households,1025,150,875,904,64,840,82,48,34,39,38,1
S01010366,No central heating,66,9,57,61,5,56,3,2,1,2,2,0
S01010366,Gas central heating,726,110,616,640,46,594,57,36,21,29,28,1
S01010366,Electric (including storage heaters) central heating,206,28,178,179,11,168,19,9,10,8,8,0
S01010366,Oil central heating,1,0,1,1,0,1,0,0,0,0,0,0
S01010366,Solid fuel (for example wood coal) central heating,0,0,0,0,0,0,0,0,0,0,0,0
S01010366,Other central heating,2,0,2,2,0,2,0,0,0,0,0,0
S01010366,Two or more types of central heating,24,3,21,21,2,19,3,1,2,0,0,0
S01010367,All people in households,1021,123,898,908,47,861,84,48,36,29,28,1
S01010367,No central heating,18,3,15,14,1,13,3,1,2,1,1,0
S01010367,Gas central heating,896,95,801,804,36,768,67,35,32,25,24,1
S01010367,Electric (including storage heaters) central heating,83,21,62,71,10,61,9,8,1,3,3,0
S01010367,Oil central heating,1,0,1,1,0,1,0,0,0,0,0,0
S01010367,Solid fuel (for example wood coal) central heating,0,0,0,0,0,0,0,0,0,0,0,0
S01010367,Other central heating,0,0,0,0,0,0,0,0,0,0,0,0
S01010367,Two or more types of central heating,23,4,19,18,0,18,5,4,1,0,0,0
S01010368,All people in households,676,85,591,626,49,577,41,27,14,9,9,0
S01010368,No central heating,8,2,6,7,1,6,1,1,0,0,0,0
S01010368,Gas central heating,574,65,509,537,38,499,30,20,10,7,7,0
S01010368,Electric (including storage heaters) central heating,64,15,49,54,9,45,10,6,4,0,0,0
S01010368,Oil central heating,8,1,7,8,1,7,0,0,0,0,0,0
S01010368,Solid fuel (for example wood coal) central heating,0,0,0,0,0,0,0,0,0,0,0,0
S01010368,Other central heating,0,0,0,0,0,0,0,0,0,0,0,0
S01010368,Two or more types of central heating,22,2,20,20,0,20,0,0,0,2,2,0
S01010369,All people in households,767,99,668,679,34,645,59,38,21,29,27,2
S01010369,No central heating,56,10,46,44,1,43,7,4,3,5,5,0
S01010369,Gas central heating,612,80,532,545,31,514,47,31,16,20,18,2
S01010369,Electric (including storage heaters) central heating,83,8,75,75,2,73,5,3,2,3,3,0
S01010369,Oil central heating,0,0,0,0,0,0,0,0,0,0,0,0
S01010369,Solid fuel (for example wood coal) central heating,0,0,0,0,0,0,0,0,0,0,0,0
S01010369,Other central heating,1,0,1,1,0,1,0,0,0,0,0,0
S01010369,Two or more types of central heating,15,1,14,14,0,14,0,0,0,1,1,0
S01010370,All people in households,725,56,669,673,25,648,39,20,19,13,11,2
S01010370,No central heating,20,4,16,15,1,14,4,2,2,1,1,0
S01010370,Gas central heating,663,47,616,622,20,602,31,18,13,10,9,1
S01010370,Electric (including storage heaters) central heating,30,5,25,25,4,21,3,0,3,2,1,1
S01010370,Oil central heating,0,0,0,0,0,0,0,0,0,0,0,0
S01010370,Solid fuel (for example wood coal) central heating,0,0,0,0,0,0,0,0,0,0,0,0
S01010370,Other central heating,6,0,6,5,0,5,1,0,1,0,0,0
S01010370,Two or more types of central heating,6,0,6,6,0,6,0,0,0,0,0,0
S01010371,All people in households,992,78,914,933,41,892,40,19,21,19,18,1
S01010371,No central heating,35,9,26,31,7,24,4,2,2,0,0,0
S01010371,Gas central heating,873,62,811,825,31,794,32,16,16,16,15,1
S01010371,Electric (including storage heaters) central heating,60,2,58,57,0,57,1,0,1,2,2,0
S01010371,Oil central heating,3,1,2,3,1,2,0,0,0,0,0,0
S01010371,Solid fuel (for example wood coal) central heating,0,0,0,0,0,0,0,0,0,0,0,0
S01010371,Other central heating,0,0,0,0,0,0,0,0,0,0,0,0
S01010371,Two or more types of central heating,21,4,17,17,2,15,3,1,2,1,1,0
S01010372,All people in households,529,68,461,462,18,444,43,27,16,24,23,1
S01010372,No central heating,15,2,13,12,0,12,2,1,1,1,1,0
S01010372,Gas central heating,464,43,421,422,15,407,26,13,13,16,15,1
S01010372,Electric (including storage heaters) central heating,45,23,22,23,3,20,15,13,2,7,7,0
S01010372,Oil central heating,0,0,0,0,0,0,0,0,0,0,0,0
S01010372,Solid fuel (for example wood coal) central heating,0,0,0,0,0,0,0,0,0,0,0,0
S01010372,Other central heating,0,0,0,0,0,0,0,0,0,0,0,0
S01010372,Two or more types of central heating,5,0,5,5,0,5,0,0,0,0,0,0
S01010373,All people in households,761,102,659,659,23,636,60,39,21,42,40,2
S01010373,No central heating,26,7,19,20,2,18,3,2,1,3,3,0
S01010373,Gas central heating,624,57,567,562,13,549,41,25,16,21,19,2
S01010373,Electric (including storage heaters) central heating,82,32,50,53,6,47,14,11,3,15,15,0
S01010373,Oil central heating,4,2,2,2,0,2,0,0,0,2,2,0
S01010373,Solid fuel (for example wood coal) central heating,0,0,0,0,0,0,0,0,0,0,0,0
S01010373,Other central heating,3,0,3,3,0,3,0,0,0,0,0,0
S01010373,Two or more types of central heating,22,4,18,19,2,17,2,1,1,1,1,0
S01010374,All people in households,950,86,864,885,37,848,50,34,16,15,15,0
S01010374,No central heating,27,2,25,26,2,24,1,0,1,0,0,0
S01010374,Gas central heating,825,66,759,778,31,747,37,25,12,10,10,0
S01010374,Electric (including storage heaters) central heating,85,17,68,68,3,65,12,9,3,5,5,0
S01010374,Oil central heating,1,0,1,1,0,1,0,0,0,0,0,0
S01010374,Solid fuel (for example wood coal) central heating,0,0,0,0,0,0,0,0,0,0,0,0
S01010374,Other central heating,0,0,0,0,0,0,0,0,0,0,0,0
S01010374,Two or more types of central heating,12,1,11,12,1,11,0,0,0,0,0,0
S01010375,All people in households,531,34,497,494,11,483,24,11,13,13,12,1
S01010375,No central heating,36,5,31,29,0,29,4,2,2,3,3,0
S01010375,Gas central heating,451,25,426,425,10,415,16,6,10,10,9,1
S01010375,Electric (including storage heaters) central heating,34,3,31,31,1,30,3,2,1,0,0,0
S01010375,Oil central heating,0,0,0,0,0,0,0,0,0,0,0,0
S01010375,Solid fuel (for example wood coal) central heating,0,0,0,0,0,0,0,0,0,0,0,0
S01010375,Other central heating,2,0,2,2,0,2,0,0,0,0,0,0
S01010375,Two or more types of central heating,8,1,7,7,0,7,1,1,0,0,0,0
S01010376,All people in households,708,70,638,646,30,616,42,21,21,20,19,1
S01010376,No central heating,58,10,48,49,4,45,7,4,3,2,2,0
S01010376,Gas central heating,519,52,467,476,25,451,30,15,15,13,12,1
S01010376,Electric (including storage heaters) central heating,111,5,106,104,0,104,4,2,2,3,3,0
S01010376,Oil central heating,0,0,0,0,0,0,0,0,0,0,0,0
S01010376,Solid fuel (for example wood coal) central heating,3,2,1,1,0,1,0,0,0,2,2,0
S01010376,Other central heating,0,0,0,0,0,0,0,0,0,0,0,0
S01010376,Two or more types of central heating,17,1,16,16,1,15,1,0,1,0,0,0
S01010377,All people in households,858,69,789,787,24,763,51,26,25,20,19,1
S01010377,No central heating,89,13,76,80,9,71,7,2,5,2,2,0
S01010377,Gas central heating,664,47,617,615,14,601,38,22,16,11,11,0
S01010377,Electric (including storage heaters) central heating,83,5,78,75,1,74,5,1,4,3,3,0
S01010377,Oil central heating,0,0,0,0,0,0,0,0,0,0,0,0
S01010377,Solid fuel (for example wood coal) central heating,0,0,0,0,0,0,0,0,0,0,0,0
S01010377,Other central heating,0,0,0,0,0,0,0,0,0,0,0,0
S01010377,Two or more types of central heating,22,4,18,17,0,17,1,1,0,4,3,1
S01010378,All people in households,730,38,692,682,17,665,36,10,26,12,11,1
S01010378,No central heating,16,3,13,10,0,10,2,0,2,4,3,1
S01010378,Gas central heating,651,27,624,617,13,604,27,7,20,7,7,0
S01010378,Electric (including storage heaters) central heating,33,6,27,27,3,24,5,2,3,1,1,0
S01010378,Oil central heating,3,0,3,3,0,3,0,0,0,0,0,0
S01010378,Solid fuel (for example wood coal) central heating,0,0,0,0,0,0,0,0,0,0,0,0
S01010378,Other central heating,8,2,6,6,1,5,2,1,1,0,0,0
S01010378,Two or more types of central heating,19,0,19,19,0,19,0,0,0,0,0,0
S01010379,All people in households,997,106,891,905,41,864,55,29,26,37,36,1
S01010379,No central heating,34,6,28,30,4,26,3,1,2,1,1,0
S01010379,Gas central heating,907,93,814,825,35,790,49,26,23,33,32,1
S01010379,Electric (including storage heaters) central heating,31,4,27,28,2,26,2,1,1,1,1,0
S01010379,Oil central heating,0,0,0,0,0,0,0,0,0,0,0,0
S01010379,Solid fuel (for example wood coal) central heating,0,0,0,0,0,0,0,0,0,0,0,0
S01010379,Other central heating,0,0,0,0,0,0,0,0,0,0,0,0
S01010379,Two or more types of central heating,25,3,22,22,0,22,1,1,0,2,2,0
S01010380,All people in households,958,119,839,843,36,807,84,54,30,31,29,2
S01010380,No central heating,37,9,28,29,3,26,6,4,2,2,2,0
S01010380,Gas central heating,861,97,764,767,31,736,68,42,26,26,24,2
S01010380,Electric (including storage heaters) central heating,42,11,31,32,2,30,8,7,1,2,2,0
S01010380,Oil central heating,0,0,0,0,0,0,0,0,0,0,0,0
S01010380,Solid fuel (for example wood coal) central heating,0,0,0,0,0,0,0,0,0,0,0,0
S01010380,Other central heating,1,1,0,0,0,0,0,0,0,1,1,0
S01010380,Two or more types of central heating,17,1,16,15,0,15,2,1,1,0,0,0
S01010381,All people in households,605,57,548,551,20,531,38,21,17,16,16,0
S01010381,No central heating,74,8,66,64,2,62,8,4,4,2,2,0
S01010381,Gas central heating,450,46,404,408,15,393,28,17,11,14,14,0
S01010381,Electric (including storage heaters) central heating,66,3,63,64,3,61,2,0,2,0,0,0
S01010381,Oil central heating,0,0,0,0,0,0,0,0,0,0,0,0
S01010381,Solid fuel (for example wood coal) central heating,0,0,0,0,0,0,0,0,0,0,0,0
S01010381,Other central heating,0,0,0,0,0,0,0,0,0,0,0,0
S01010381,Two or more types of central heating,15,0,15,15,0,15,0,0,0,0,0,0
S01010382,All people in households,850,113,737,750,36,714,66,44,22,34,33,1
S01010382,No central heating,41,11,30,32,2,30,8,8,0,1,1,0
S01010382,Gas central heating,758,91,667,677,30,647,53,33,20,28,28,0
S01010382,Electric (including storage heaters) central heating,30,6,24,25,2,23,2,2,0,3,2,1
S01010382,Oil central heating,0,0,0,0,0,0,0,0,0,0,0,0
S01010382,Solid fuel (for example wood coal) central heating,0,0,0,0,0,0,0,0,0,0,0,0
S01010382,Other central heating,2,0,2,1,0,1,1,0,1,0,0,0
S01010382,Two or more types of central heating,19,5,14,15,2,13,2,1,1,2,2,0
S01010383,All people in households,656,160,496,503,32,471,85,62,23,68,66,2
S01010383,No central heating,68,20,48,48,3,45,10,7,3,10,10,0
S01010383,Gas central heating,513,134,379,387,27,360,72,54,18,54,53,1
S01010383,Electric (including storage heaters) central heating,64,5,59,58,2,56,2,0,2,4,3,1
S01010383,Oil central heating,0,0,0,0,0,0,0,0,0,0,0,0
S01010383,Solid fuel (for example wood coal) central heating,0,0,0,0,0,0,0,0,0,0,0,0
S01010383,Other central heating,0,0,0,0,0,0,0,0,0,0,0,0
S01010383,Two or more types of central heating,11,1,10,10,0,10,1,1,0,0,0,0
S01010384,All people in households,812,106,706,715,32,683,59,36,23,38,38,0
S01010384,No central heating,24,6,18,17,2,15,4,1,3,3,3,0
S01010384,Gas central heating,715,91,624,639,28,611,45,32,13,31,31,0
S01010384,Electric (including storage heaters) central heating,38,5,33,33,1,32,3,2,1,2,2,0
S01010384,Oil central heating,0,0,0,0,0,0,0,0,0,0,0,0
S01010384,Solid fuel (for example wood coal) central heating,0,0,0,0,0,0,0,0,0,0,0,0
S01010384,Other central heating,8,0,8,3,0,3,5,0,5,0,0,0
S01010384,Two or more types of central heating,27,4,23,23,1,22,2,1,1,2,2,0
S01010385,All people in households,844,144,700,694,34,660,96,58,38,54,52,2
S01010385,No central heating,66,7,59,54,0,54,8,4,4,4,3,1
S01010385,Gas central heating,682,126,556,555,30,525,81,51,30,46,45,1
S01010385,Electric (including storage heaters) central heating,69,4,65,65,2,63,3,1,2,1,1,0
S01010385,Oil central heating,0,0,0,0,0,0,0,0,0,0,0,0
S01010385,Solid fuel (for example wood coal) central heating,0,0,0,0,0,0,0,0,0,0,0,0
S01010385,Other central heating,3,1,2,2,0,2,1,1,0,0,0,0
S01010385,Two or more types of central heating,24,6,18,18,2,16,3,1,2,3,3,0
S01010386,All people in households,889,220,669,669,48,621,138,92,46,82,80,2
S01010386,No central heating,29,11,18,15,1,14,13,9,4,1,1,0
S01010386,Gas central heating,809,194,615,619,45,574,114,75,39,76,74,2
S01010386,Electric (including storage heaters) central heating,29,7,22,23,2,21,4,3,1,2,2,0
S01010386,Oil central heating,2,1,1,1,0,1,0,0,0,1,1,0
S01010386,Solid fuel (for example wood coal) central heating,0,0,0,0,0,0,0,0,0,0,0,0
S01010386,Other central heating,2,2,0,0,0,0,1,1,0,1,1,0
S01010386,Two or more types of central heating,18,5,13,11,0,11,6,4,2,1,1,0
S01010387,All people in households,1040,155,885,875,35,840,100,57,43,65,63,2
S01010387,No central heating,38,7,31,29,1,28,5,2,3,4,4,0
S01010387,Gas central heating,898,133,765,756,31,725,88,50,38,54,52,2
S01010387,Electric (including storage heaters) central heating,76,8,68,70,3,67,4,3,1,2,2,0
S01010387,Oil central heating,3,1,2,2,0,2,0,0,0,1,1,0
S01010387,Solid fuel (for example wood coal) central heating,0,0,0,0,0,0,0,0,0,0,0,0
S01010387,Other central heating,0,0,0,0,0,0,0,0,0,0,0,0
S01010387,Two or more types of central heating,25,6,19,18,0,18,3,2,1,4,4,0
S01010388,All people in households,1008,238,770,758,51,707,143,84,59,107,103,4
S01010388,No central heating,24,8,16,15,2,13,6,3,3,3,3,0
S01010388,Gas central heating,922,213,709,700,47,653,129,77,52,93,89,4
S01010388,Electric (including storage heaters) central heating,27,6,21,21,2,19,3,1,2,3,3,0
S01010388,Oil central heating,1,1,0,0,0,0,0,0,0,1,1,0
S01010388,Solid fuel (for example wood coal) central heating,0,0,0,0,0,0,0,0,0,0,0,0
S01010388,Other central heating,2,0,2,2,0,2,0,0,0,0,0,0
S01010388,Two or more types of central heating,32,10,22,20,0,20,5,3,2,7,7,0
S01010389,All people in households,1022,69,953,960,27,933,40,21,19,22,21,1
S01010389,No central heating,71,7,64,64,3,61,6,3,3,1,1,0
S01010389,Gas central heating,462,45,417,425,16,409,19,11,8,18,18,0
S01010389,Electric (including storage heaters) central heating,475,16,459,458,8,450,15,7,8,2,1,1
S01010389,Oil central heating,0,0,0,0,0,0,0,0,0,0,0,0
S01010389,Solid fuel (for example wood coal) central heating,0,0,0,0,0,0,0,0,0,0,0,0
S01010389,Other central heating,0,0,0,0,0,0,0,0,0,0,0,0
S01010389,Two or more types of central heating,14,1,13,13,0,13,0,0,0,1,1,0
S01010390,All people in households,1076,148,928,944,55,889,82,46,36,50,47,3
S01010390,No central heating,81,13,68,71,7,64,5,1,4,5,5,0
S01010390,Gas central heating,912,120,792,801,41,760,70,41,29,41,38,3
S01010390,Electric (including storage heaters) central heating,59,12,47,50,5,45,5,3,2,4,4,0
S01010390,Oil central heating,1,0,1,1,0,1,0,0,0,0,0,0
S01010390,Solid fuel (for example wood coal) central heating,0,0,0,0,0,0,0,0,0,0,0,0
S01010390,Other central heating,1,0,1,1,0,1,0,0,0,0,0,0
S01010390,Two or more types of central heating,22,3,19,20,2,18,2,1,1,0,0,0
S01010391,All people in households,793,133,660,663,37,626,81,48,33,49,48,1
S01010391,No central heating,43,14,29,33,6,27,8,6,2,2,2,0
S01010391,Gas central heating,644,98,546,547,26,521,57,33,24,40,39,1
S01010391,Electric (including storage heaters) central heating,90,18,72,70,4,66,14,8,6,6,6,0
S01010391,Oil central heating,0,0,0,0,0,0,0,0,0,0,0,0
S01010391,Solid fuel (for example wood coal) central heating,0,0,0,0,0,0,0,0,0,0,0,0
S01010391,Other central heating,1,1,0,0,0,0,1,1,0,0,0,0
S01010391,Two or more types of central heating,15,2,13,13,1,12,1,0,1,1,1,0
S01010392,All people in households,695,33,662,662,14,648,26,12,14,7,7,0
S01010392,No central heating,2,0,2,1,0,1,1,0,1,0,0,0
S01010392,Gas central heating,630,27,603,605,14,591,20,8,12,5,5,0
S01010392,Electric (including storage heaters) central heating,30,3,27,26,0,26,4,3,1,0,0,0
S01010392,Oil central heating,0,0,0,0,0,0,0,0,0,0,0,0
S01010392,Solid fuel (for example wood coal) central heating,0,0,0,0,0,0,0,0,0,0,0,0
S01010392,Other central heating,3,3,0,0,0,0,1,1,0,2,2,0
S01010392,Two or more types of central heating,30,0,30,30,0,30,0,0,0,0,0,0
S01010393,All people in households,984,164,820,841,49,792,100,73,27,43,42,1
S01010393,No central heating,61,17,44,50,7,43,5,4,1,6,6,0
S01010393,Gas central heating,785,116,669,682,36,646,76,53,23,27,27,0
S01010393,Electric (including storage heaters) central heating,116,26,90,91,4,87,18,15,3,7,7,0
S01010393,Oil central heating,1,0,1,1,0,1,0,0,0,0,0,0
S01010393,Solid fuel (for example wood coal) central heating,0,0,0,0,0,0,0,0,0,0,0,0
S01010393,Other central heating,1,1,0,0,0,0,0,0,0,1,1,0
S01010393,Two or more types of central heating,20,4,16,17,2,15,1,1,0,2,1,1
S01010394,All people in households,807,279,528,524,43,481,160,120,40,123,116,7
S01010394,No central heating,48,17,31,29,3,26,10,8,2,9,6,3
S01010394,Gas central heating,258,37,221,224,10,214,26,19,7,8,8,0
S01010394,Electric (including storage heaters) central heating,493,224,269,264,30,234,124,93,31,105,101,4
S01010394,Oil central heating,0,0,0,0,0,0,0,0,0,0,0,0
S01010394,Solid fuel (for example wood coal) central heating,0,0,0,0,0,0,0,0,0,0,0,0
S01010394,Other central heating,4,1,3,3,0,3,0,0,0,1,1,0
S01010394,Two or more types of central heating,4,0,4,4,0,4,0,0,0,0,0,0
S01010395,All people in households,1006,189,817,827,44,783,113,81,32,66,64,2
S01010395,No central heating,60,12,48,49,4,45,9,6,3,2,2,0
S01010395,Gas central heating,787,126,661,667,30,637,73,49,24,47,47,0
S01010395,Electric (including storage heaters) central heating,109,33,76,79,7,72,19,15,4,11,11,0
S01010395,Oil central heating,10,6,4,6,2,4,3,3,0,1,1,0
S01010395,Solid fuel (for example wood coal) central heating,0,0,0,0,0,0,0,0,0,0,0,0
S01010395,Other central heating,23,12,11,11,1,10,9,8,1,3,3,0
S01010395,Two or more types of central heating,17,0,17,15,0,15,0,0,0,2,0,2
S01010396,All people in households,1033,195,838,847,63,784,114,60,54,72,72,0
S01010396,No central heating,49,5,44,46,3,43,3,2,1,0,0,0
S01010396,Gas central heating,781,135,646,640,38,602,88,44,44,53,53,0
S01010396,Electric (including storage heaters) central heating,175,48,127,140,21,119,20,12,8,15,15,0
S01010396,Oil central heating,2,1,1,1,0,1,1,1,0,0,0,0
S01010396,Solid fuel (for example wood coal) central heating,0,0,0,0,0,0,0,0,0,0,0,0
S01010396,Other central heating,3,2,1,2,1,1,0,0,0,1,1,0
S01010396,Two or more types of central heating,23,4,19,18,0,18,2,1,1,3,3,0
S01010397,All people in households,542,72,470,479,26,453,41,24,17,22,22,0
S01010397,No central heating,12,2,10,11,1,10,0,0,0,1,1,0
S01010397,Gas central heating,495,61,434,442,24,418,37,21,16,16,16,0
S01010397,Electric (including storage heaters) central heating,26,7,19,19,1,18,3,2,1,4,4,0
S01010397,Oil central heating,1,0,1,1,0,1,0,0,0,0,0,0
S01010397,Solid fuel (for example wood coal) central heating,0,0,0,0,0,0,0,0,0,0,0,0
S01010397,Other central heating,2,1,1,1,0,1,1,1,0,0,0,0
S01010397,Two or more types of central heating,6,1,5,5,0,5,0,0,0,1,1,0
S01010398,All people in households,1052,99,953,959,30,929,68,45,23,25,24,1
S01010398,No central heating,49,6,43,44,3,41,4,2,2,1,1,0
S01010398,Gas central heating,810,69,741,747,19,728,48,35,13,15,15,0
S01010398,Electric (including storage heaters) central heating,172,21,151,150,8,142,15,7,8,7,6,1
S01010398,Oil central heating,0,0,0,0,0,0,0,0,0,0,0,0
S01010398,Solid fuel (for example wood coal) central heating,0,0,0,0,0,0,0,0,0,0,0,0
S01010398,Other central heating,8,1,7,7,0,7,1,1,0,0,0,0
S01010398,Two or more types of central heating,13,2,11,11,0,11,0,0,0,2,2,0
S01010399,All people in households,1036,73,963,962,21,941,55,34,21,19,18,1
S01010399,No central heating,18,5,13,14,1,13,3,3,0,1,1,0
S01010399,Gas central heating,980,66,914,912,19,893,50,30,20,18,17,1
S01010399,Electric (including storage heaters) central heating,24,2,22,23,1,22,1,1,0,0,0,0
S01010399,Oil central heating,0,0,0,0,0,0,0,0,0,0,0,0
S01010399,Solid fuel (for example wood coal) central heating,0,0,0,0,0,0,0,0,0,0,0,0
S01010399,Other central heating,2,0,2,2,0,2,0,0,0,0,0,0
S01010399,Two or more types of central heating,12,0,12,11,0,11,1,0,1,0,0,0
S01010400,All people in households,1101,124,977,995,46,949,84,57,27,22,21,1
S01010400,No central heating,35,7,28,29,2,27,6,5,1,0,0,0
S01010400,Gas central heating,951,90,861,876,36,840,57,37,20,18,17,1
S01010400,Electric (including storage heaters) central heating,94,23,71,75,8,67,18,14,4,1,1,0
S01010400,Oil central heating,0,0,0,0,0,0,0,0,0,0,0,0
S01010400,Solid fuel (for example wood coal) central heating,0,0,0,0,0,0,0,0,0,0,0,0
S01010400,Other central heating,1,0,1,0,0,0,1,0,1,0,0,0
S01010400,Two or more types of central heating,20,4,16,15,0,15,2,1,1,3,3,0
S01010401,All people in households,717,108,609,629,33,596,63,50,13,25,25,0
S01010401,No central heating,31,7,24,25,3,22,6,4,2,0,0,0
S01010401,Gas central heating,510,41,469,481,15,466,20,17,3,9,9,0
S01010401,Electric (including storage heaters) central heating,169,59,110,117,15,102,36,28,8,16,16,0
S01010401,Oil central heating,1,0,1,1,0,1,0,0,0,0,0,0
S01010401,Solid fuel (for example wood coal) central heating,0,0,0,0,0,0,0,0,0,0,0,0
S01010401,Other central heating,4,0,4,4,0,4,0,0,0,0,0,0
S01010401,Two or more types of central heating,2,1,1,1,0,1,1,1,0,0,0,0
S01010402,All people in households,1031,108,923,933,39,894,75,50,25,23,19,4
S01010402,No central heating,32,6,26,25,1,24,6,4,2,1,1,0
S01010402,Gas central heating,947,86,861,870,32,838,57,38,19,20,16,4
S01010402,Electric (including storage heaters) central heating,25,11,14,17,4,13,8,7,1,0,0,0
S01010402,Oil central heating,0,0,0,0,0,0,0,0,0,0,0,0
S01010402,Solid fuel (for example wood coal) central heating,0,0,0,0,0,0,0,0,0,0,0,0
S01010402,Other central heating,6,3,3,5,2,3,0,0,0,1,1,0
S01010402,Two or more types of central heating,21,2,19,16,0,16,4,1,3,1,1,0
S01010403,All people in households,990,111,879,907,46,861,73,56,17,10,9,1
S01010403,No central heating,22,5,17,19,2,17,3,3,0,0,0,0
S01010403,Gas central heating,880,88,792,811,35,776,59,44,15,10,9,1
S01010403,Electric (including storage heaters) central heating,74,18,56,63,9,54,11,9,2,0,0,0
S01010403,Oil central heating,0,0,0,0,0,0,0,0,0,0,0,0
S01010403,Solid fuel (for example wood coal) central heating,0,0,0,0,0,0,0,0,0,0,0,0
S01010403,Other central heating,2,0,2,2,0,2,0,0,0,0,0,0
S01010403,Two or more types of central heating,12,0,12,12,0,12,0,0,0,0,0,0
S01010404,All people in households,783,107,676,707,50,657,54,35,19,22,22,0
S01010404,No central heating,20,4,16,17,1,16,2,2,0,1,1,0
S01010404,Gas central heating,662,82,580,606,42,564,42,26,16,14,14,0
S01010404,Electric (including storage heaters) central heating,73,16,57,58,4,54,8,5,3,7,7,0
S01010404,Oil central heating,2,2,0,2,2,0,0,0,0,0,0,0
S01010404,Solid fuel (for example wood coal) central heating,0,0,0,0,0,0,0,0,0,0,0,0
S01010404,Other central heating,4,0,4,4,0,4,0,0,0,0,0,0
S01010404,Two or more types of central heating,22,3,19,20,1,19,2,2,0,0,0,0
S01010405,All people in households,789,88,701,721,40,681,48,29,19,20,19,1
S01010405,No central heating,27,10,17,20,4,16,6,5,1,1,1,0
S01010405,Gas central heating,668,64,604,622,31,591,32,19,13,14,14,0
S01010405,Electric (including storage heaters) central heating,84,11,73,70,3,67,10,5,5,4,3,1
S01010405,Oil central heating,0,0,0,0,0,0,0,0,0,0,0,0
S01010405,Solid fuel (for example wood coal) central heating,0,0,0,0,0,0,0,0,0,0,0,0
S01010405,Other central heating,2,0,2,2,0,2,0,0,0,0,0,0
S01010405,Two or more types of central heating,8,3,5,7,2,5,0,0,0,1,1,0
S01010406,All people in households,822,77,745,732,24,708,68,32,36,22,21,1
S01010406,No central heating,63,4,59,55,2,53,6,0,6,2,2,0
S01010406,Gas central heating,676,66,610,603,20,583,54,28,26,19,18,1
S01010406,Electric (including storage heaters) central heating,65,5,60,57,1,56,7,3,4,1,1,0
S01010406,Oil central heating,0,0,0,0,0,0,0,0,0,0,0,0
S01010406,Solid fuel (for example wood coal) central heating,0,0,0,0,0,0,0,0,0,0,0,0
S01010406,Other central heating,0,0,0,0,0,0,0,0,0,0,0,0
S01010406,Two or more types of central heating,18,2,16,17,1,16,1,1,0,0,0,0
S01010407,All people in households,897,67,830,831,24,807,52,30,22,14,13,1
S01010407,No central heating,51,5,46,43,0,43,6,3,3,2,2,0
S01010407,Gas central heating,753,51,702,702,19,683,41,23,18,10,9,1
S01010407,Electric (including storage heaters) central heating,72,11,61,65,5,60,5,4,1,2,2,0
S01010407,Oil central heating,0,0,0,0,0,0,0,0,0,0,0,0
S01010407,Solid fuel (for example wood coal) central heating,0,0,0,0,0,0,0,0,0,0,0,0
S01010407,Other central heating,1,0,1,1,0,1,0,0,0,0,0,0
S01010407,Two or more types of central heating,20,0,20,20,0,20,0,0,0,0,0,0
S01010408,All people in households,547,125,422,430,33,397,79,54,25,38,38,0
S01010408,No central heating,16,4,12,11,0,11,3,2,1,2,2,0
S01010408,Gas central heating,463,92,371,378,27,351,61,41,20,24,24,0
S01010408,Electric (including storage heaters) central heating,50,18,32,30,2,28,10,6,4,10,10,0
S01010408,Oil central heating,0,0,0,0,0,0,0,0,0,0,0,0
S01010408,Solid fuel (for example wood coal) central heating,5,3,2,2,0,2,1,1,0,2,2,0
S01010408,Other central heating,1,0,1,1,0,1,0,0,0,0,0,0
S01010408,Two or more types of central heating,12,8,4,8,4,4,4,4,0,0,0,0
S01010409,All people in households,706,92,614,625,30,595,63,44,19,18,18,0
S01010409,No central heating,7,2,5,4,0,4,2,1,1,1,1,0
S01010409,Gas central heating,652,76,576,589,28,561,51,36,15,12,12,0
S01010409,Electric (including storage heaters) central heating,35,9,26,25,2,23,8,5,3,2,2,0
S01010409,Oil central heating,3,2,1,1,0,1,1,1,0,1,1,0
S01010409,Solid fuel (for example wood coal) central heating,0,0,0,0,0,0,0,0,0,0,0,0
S01010409,Other central heating,0,0,0,0,0,0,0,0,0,0,0,0
S01010409,Two or more types of central heating,9,3,6,6,0,6,1,1,0,2,2,0
S01010410,All people in households,595,63,532,536,22,514,45,27,18,14,14,0
S01010410,No central heating,24,1,23,20,0,20,3,0,3,1,1,0
S01010410,Gas central heating,471,42,429,431,13,418,29,18,11,11,11,0
S01010410,Electric (including storage heaters) central heating,87,19,68,74,9,65,11,8,3,2,2,0
S01010410,Oil central heating,2,1,1,0,0,0,2,1,1,0,0,0
S01010410,Solid fuel (for example wood coal) central heating,0,0,0,0,0,0,0,0,0,0,0,0
S01010410,Other central heating,8,0,8,8,0,8,0,0,0,0,0,0
S01010410,Two or more types of central heating,3,0,3,3,0,3,0,0,0,0,0,0
S01010411,All people in households,1104,88,1016,1041,47,994,49,27,22,14,14,0
S01010411,No central heating,10,2,8,8,0,8,0,0,0,2,2,0
S01010411,Gas central heating,1049,81,968,993,44,949,45,26,19,11,11,0
S01010411,Electric (including storage heaters) central heating,20,4,16,19,3,16,0,0,0,1,1,0
S01010411,Oil central heating,0,0,0,0,0,0,0,0,0,0,0,0
S01010411,Solid fuel (for example wood coal) central heating,0,0,0,0,0,0,0,0,0,0,0,0
S01010411,Other central heating,0,0,0,0,0,0,0,0,0,0,0,0
S01010411,Two or more types of central heating,25,1,24,21,0,21,4,1,3,0,0,0
S01010412,All people in households,759,66,693,707,29,678,33,18,15,19,19,0
S01010412,No central heating,38,5,33,31,1,30,3,0,3,4,4,0
S01010412,Gas central heating,669,55,614,630,26,604,26,16,10,13,13,0
S01010412,Electric (including storage heaters) central heating,38,5,33,33,2,31,3,1,2,2,2,0
S01010412,Oil central heating,3,0,3,3,0,3,0,0,0,0,0,0
S01010412,Solid fuel (for example wood coal) central heating,0,0,0,0,0,0,0,0,0,0,0,0
S01010412,Other central heating,0,0,0,0,0,0,0,0,0,0,0,0
S01010412,Two or more types of central heating,11,1,10,10,0,10,1,1,0,0,0,0
S01010413,All people in households,714,131,583,613,54,559,80,57,23,21,20,1
S01010413,No central heating,11,2,9,10,1,9,0,0,0,1,1,0
S01010413,Gas central heating,647,114,533,558,48,510,70,48,22,19,18,1
S01010413,Electric (including storage heaters) central heating,32,7,25,28,4,24,4,3,1,0,0,0
S01010413,Oil central heating,9,3,6,7,1,6,2,2,0,0,0,0
S01010413,Solid fuel (for example wood coal) central heating,1,0,1,1,0,1,0,0,0,0,0,0
S01010413,Other central heating,7,5,2,2,0,2,4,4,0,1,1,0
S01010413,Two or more types of central heating,7,0,7,7,0,7,0,0,0,0,0,0
S01010414,All people in households,1066,180,886,891,51,840,124,81,43,51,48,3
S01010414,No central heating,17,4,13,14,2,12,2,1,1,1,1,0
S01010414,Gas central heating,908,118,790,794,38,756,87,55,32,27,25,2
S01010414,Electric (including storage heaters) central heating,113,55,58,58,9,49,33,25,8,22,21,1
S01010414,Oil central heating,1,1,0,1,1,0,0,0,0,0,0,0
S01010414,Solid fuel (for example wood coal) central heating,0,0,0,0,0,0,0,0,0,0,0,0
S01010414,Other central heating,0,0,0,0,0,0,0,0,0,0,0,0
S01010414,Two or more types of central heating,27,2,25,24,1,23,2,0,2,1,1,0
S01010415,All people in households,1004,284,720,728,66,662,197,141,56,79,77,2
S01010415,No central heating,60,18,42,44,3,41,10,9,1,6,6,0
S01010415,Gas central heating,487,62,425,426,24,402,51,28,23,10,10,0
S01010415,Electric (including storage heaters) central heating,430,199,231,236,38,198,133,102,31,61,59,2
S01010415,Oil central heating,0,0,0,0,0,0,0,0,0,0,0,0
S01010415,Solid fuel (for example wood coal) central heating,0,0,0,0,0,0,0,0,0,0,0,0
S01010415,Other central heating,3,3,0,1,1,0,1,1,0,1,1,0
S01010415,Two or more types of central heating,24,2,22,21,0,21,2,1,1,1,1,0
S01010416,All people in households,684,99,585,610,37,573,55,44,11,19,18,1
S01010416,No central heating,10,3,7,8,1,7,2,2,0,0,0,0
S01010416,Gas central heating,632,81,551,568,29,539,48,37,11,16,15,1
S01010416,Electric (including storage heaters) central heating,32,13,19,25,6,19,5,5,0,2,2,0
S01010416,Oil central heating,0,0,0,0,0,0,0,0,0,0,0,0
S01010416,Solid fuel (for example wood coal) central heating,0,0,0,0,0,0,0,0,0,0,0,0
S01010416,Other central heating,0,0,0,0,0,0,0,0,0,0,0,0
S01010416,Two or more types of central heating,10,2,8,9,1,8,0,0,0,1,1,0
S01010417,All people in households,580,91,489,513,41,472,46,31,15,21,19,2
S01010417,No central heating,8,4,4,6,2,4,2,2,0,0,0,0
S01010417,Gas central heating,533,64,469,482,29,453,33,19,14,18,16,2
S01010417,Electric (including storage heaters) central heating,38,23,15,24,10,14,11,10,1,3,3,0
S01010417,Oil central heating,0,0,0,0,0,0,0,0,0,0,0,0
S01010417,Solid fuel (for example wood coal) central heating,0,0,0,0,0,0,0,0,0,0,0,0
S01010417,Other central heating,0,0,0,0,0,0,0,0,0,0,0,0
S01010417,Two or more types of central heating,1,0,1,1,0,1,0,0,0,0,0,0
S01010418,All people in households,1056,127,929,973,63,910,58,41,17,25,23,2
S01010418,No central heating,26,5,21,23,4,19,3,1,2,0,0,0
S01010418,Gas central heating,955,99,856,893,53,840,47,33,14,15,13,2
S01010418,Electric (including storage heaters) central heating,49,15,34,37,3,34,4,4,0,8,8,0
S01010418,Oil central heating,0,0,0,0,0,0,0,0,0,0,0,0
S01010418,Solid fuel (for example wood coal) central heating,0,0,0,0,0,0,0,0,0,0,0,0
S01010418,Other central heating,2,1,1,1,0,1,0,0,0,1,1,0
S01010418,Two or more types of central heating,24,7,17,19,3,16,4,3,1,1,1,0
S01010419,All people in households,993,131,862,890,46,844,71,53,18,32,32,0
S01010419,No central heating,33,11,22,25,3,22,6,6,0,2,2,0
S01010419,Gas central heating,921,101,820,842,38,804,57,41,16,22,22,0
S01010419,Electric (including storage heaters) central heating,28,13,15,16,3,13,6,4,2,6,6,0
S01010419,Oil central heating,2,1,1,2,1,1,0,0,0,0,0,0
S01010419,Solid fuel (for example wood coal) central heating,1,1,0,0,0,0,0,0,0,1,1,0
S01010419,Other central heating,4,3,1,2,1,1,1,1,0,1,1,0
S01010419,Two or more types of central heating,4,1,3,3,0,3,1,1,0,0,0,0
S01010420,All people in households,717,143,574,605,53,552,96,74,22,16,16,0
S01010420,No central heating,6,3,3,3,0,3,3,3,0,0,0,0
S01010420,Gas central heating,615,79,536,549,28,521,56,41,15,10,10,0
S01010420,Electric (including storage heaters) central heating,92,59,33,50,24,26,36,29,7,6,6,0
S01010420,Oil central heating,0,0,0,0,0,0,0,0,0,0,0,0
S01010420,Solid fuel (for example wood coal) central heating,0,0,0,0,0,0,0,0,0,0,0,0
S01010420,Other central heating,0,0,0,0,0,0,0,0,0,0,0,0
S01010420,Two or more types of central heating,4,2,2,3,1,2,1,1,0,0,0,0
S01010421,All people in households,882,100,782,794,30,764,61,44,17,27,26,1
S01010421,No central heating,16,6,10,11,1,10,3,3,0,2,2,0
S01010421,Gas central heating,830,79,751,763,28,735,45,30,15,22,21,1
S01010421,Electric (including storage heaters) central heating,26,12,14,14,1,13,9,8,1,3,3,0
S01010421,Oil central heating,7,1,6,5,0,5,2,1,1,0,0,0
S01010421,Solid fuel (for example wood coal) central heating,0,0,0,0,0,0,0,0,0,0,0,0
S01010421,Other central heating,0,0,0,0,0,0,0,0,0,0,0,0
S01010421,Two or more types of central heating,3,2,1,1,0,1,2,2,0,0,0,0
S01010422,All people in households,1085,191,894,927,59,868,104,79,25,54,53,1
S01010422,No central heating,36,8,28,28,1,27,4,4,0,4,3,1
S01010422,Gas central heating,1003,159,844,871,50,821,89,66,23,43,43,0
S01010422,Electric (including storage heaters) central heating,28,22,6,14,8,6,7,7,0,7,7,0
S01010422,Oil central heating,0,0,0,0,0,0,0,0,0,0,0,0
S01010422,Solid fuel (for example wood coal) central heating,0,0,0,0,0,0,0,0,0,0,0,0
S01010422,Other central heating,2,0,2,0,0,0,2,0,2,0,0,0
S01010422,Two or more types of central heating,16,2,14,14,0,14,2,2,0,0,0,0
S01010423,All people in households,831,227,604,621,61,560,129,91,38,81,75,6
S01010423,No central heating,15,7,8,9,1,8,2,2,0,4,4,0
S01010423,Gas central heating,469,102,367,376,31,345,61,42,19,32,29,3
S01010423,Electric (including storage heaters) central heating,321,109,212,221,28,193,61,44,17,39,37,2
S01010423,Oil central heating,0,0,0,0,0,0,0,0,0,0,0,0
S01010423,Solid fuel (for example wood coal) central heating,0,0,0,0,0,0,0,0,0,0,0,0
S01010423,Other central heating,4,0,4,4,0,4,0,0,0,0,0,0
S01010423,Two or more types of central heating,22,9,13,11,1,10,5,3,2,6,5,1
S01010424,All people in households,834,238,596,585,37,548,158,112,46,91,89,2
S01010424,No central heating,28,8,20,17,0,17,7,4,3,4,4,0
S01010424,Gas central heating,614,189,425,420,32,388,119,83,36,75,74,1
S01010424,Electric (including storage heaters) central heating,158,27,131,129,5,124,21,15,6,8,7,1
S01010424,Oil central heating,0,0,0,0,0,0,0,0,0,0,0,0
S01010424,Solid fuel (for example wood coal) central heating,0,0,0,0,0,0,0,0,0,0,0,0
S01010424,Other central heating,2,0,2,2,0,2,0,0,0,0,0,0
S01010424,Two or more types of central heating,32,14,18,17,0,17,11,10,1,4,4,0
S01010425,All people in households,1032,302,730,737,59,678,157,108,49,138,135,3
S01010425,No central heating,66,21,45,43,3,40,18,13,5,5,5,0
S01010425,Gas central heating,621,161,460,468,33,435,78,56,22,75,72,3
S01010425,Electric (including storage heaters) central heating,322,111,211,210,20,190,59,38,21,53,53,0
S01010425,Oil central heating,0,0,0,0,0,0,0,0,0,0,0,0
S01010425,Solid fuel (for example wood coal) central heating,0,0,0,0,0,0,0,0,0,0,0,0
S01010425,Other central heating,2,2,0,1,1,0,0,0,0,1,1,0
S01010425,Two or more types of central heating,21,7,14,15,2,13,2,1,1,4,4,0
S01010426,All people in households,708,163,545,566,48,518,81,56,25,61,59,2
S01010426,No central heating,37,11,26,29,5,24,4,2,2,4,4,0
S01010426,Gas central heating,579,120,459,479,39,440,58,41,17,42,40,2
S01010426,Electric (including storage heaters) central heating,67,23,44,43,4,39,16,11,5,8,8,0
S01010426,Oil central heating,4,2,2,2,0,2,0,0,0,2,2,0
S01010426,Solid fuel (for example wood coal) central heating,0,0,0,0,0,0,0,0,0,0,0,0
S01010426,Other central heating,2,1,1,1,0,1,0,0,0,1,1,0
S01010426,Two or more types of central heating,19,6,13,12,0,12,3,2,1,4,4,0
S01010427,All people in households,1053,276,777,780,63,717,161,107,54,112,106,6
S01010427,No central heating,48,4,44,42,2,40,5,2,3,1,0,1
S01010427,Gas central heating,534,148,386,408,38,370,75,59,16,51,51,0
S01010427,Electric (including storage heaters) central heating,447,117,330,313,22,291,78,44,34,56,51,5
S01010427,Oil central heating,0,0,0,0,0,0,0,0,0,0,0,0
S01010427,Solid fuel (for example wood coal) central heating,2,2,0,0,0,0,2,2,0,0,0,0
S01010427,Other central heating,9,2,7,7,1,6,1,0,1,1,1,0
S01010427,Two or more types of central heating,13,3,10,10,0,10,0,0,0,3,3,0
S01010428,All people in households,730,128,602,618,43,575,84,58,26,28,27,1
S01010428,No central heating,11,2,9,8,0,8,2,1,1,1,1,0
S01010428,Gas central heating,595,78,517,532,27,505,45,34,11,18,17,1
S01010428,Electric (including storage heaters) central heating,110,47,63,66,16,50,36,23,13,8,8,0
S01010428,Oil central heating,0,0,0,0,0,0,0,0,0,0,0,0
S01010428,Solid fuel (for example wood coal) central heating,0,0,0,0,0,0,0,0,0,0,0,0
S01010428,Other central heating,0,0,0,0,0,0,0,0,0,0,0,0
S01010428,Two or more types of central heating,14,1,13,12,0,12,1,0,1,1,1,0
S01010429,All people in households,967,118,849,853,38,815,85,51,34,29,29,0
S01010429,No central heating,0,0,0,0,0,0,0,0,0,0,0,0
S01010429,Gas central heating,914,103,811,811,33,778,76,43,33,27,27,0
S01010429,Electric (including storage heaters) central heating,45,13,32,35,4,31,8,7,1,2,2,0
S01010429,Oil central heating,0,0,0,0,0,0,0,0,0,0,0,0
S01010429,Solid fuel (for example wood coal) central heating,0,0,0,0,0,0,0,0,0,0,0,0
S01010429,Other central heating,0,0,0,0,0,0,0,0,0,0,0,0
S01010429,Two or more types of central heating,8,2,6,7,1,6,1,1,0,0,0,0
S01010430,All people in households,854,238,616,635,62,573,136,94,42,83,82,1
S01010430,No central heating,29,12,17,16,1,15,8,6,2,5,5,0
S01010430,Gas central heating,621,167,454,468,49,419,94,60,34,59,58,1
S01010430,Electric (including storage heaters) central heating,191,55,136,142,11,131,31,26,5,18,18,0
S01010430,Oil central heating,0,0,0,0,0,0,0,0,0,0,0,0
S01010430,Solid fuel (for example wood coal) central heating,0,0,0,0,0,0,0,0,0,0,0,0
S01010430,Other central heating,4,1,3,3,0,3,1,1,0,0,0,0
S01010430,Two or more types of central heating,9,3,6,6,1,5,2,1,1,1,1,0
S01010431,All people in households,700,84,616,620,27,593,57,34,23,23,23,0
S01010431,No central heating,3,1,2,3,1,2,0,0,0,0,0,0
S01010431,Gas central heating,646,70,576,579,24,555,49,28,21,18,18,0
S01010431,Electric (including storage heaters) central heating,35,13,22,22,2,20,8,6,2,5,5,0
S01010431,Oil central heating,0,0,0,0,0,0,0,0,0,0,0,0
S01010431,Solid fuel (for example wood coal) central heating,0,0,0,0,0,0,0,0,0,0,0,0
S01010431,Other central heating,0,0,0,0,0,0,0,0,0,0,0,0
S01010431,Two or more types of central heating,16,0,16,16,0,16,0,0,0,0,0,0
S01010432,All people in households,880,186,694,681,46,635,117,61,56,82,79,3
S01010432,No central heating,14,4,10,6,0,6,5,1,4,3,3,0
S01010432,Gas central heating,789,163,626,616,41,575,103,55,48,70,67,3
S01010432,Electric (including storage heaters) central heating,43,8,35,36,2,34,5,4,1,2,2,0
S01010432,Oil central heating,0,0,0,0,0,0,0,0,0,0,0,0
S01010432,Solid fuel (for example wood coal) central heating,0,0,0,0,0,0,0,0,0,0,0,0
S01010432,Other central heating,4,2,2,1,0,1,1,0,1,2,2,0
S01010432,Two or more types of central heating,30,9,21,22,3,19,3,1,2,5,5,0
S01010433,All people in households,803,132,671,661,28,633,86,50,36,56,54,2
S01010433,No central heating,40,4,36,36,1,35,2,1,1,2,2,0
S01010433,Gas central heating,110,19,91,93,7,86,12,7,5,5,5,0
S01010433,Electric (including storage heaters) central heating,640,108,532,520,20,500,72,42,30,48,46,2
S01010433,Oil central heating,5,1,4,4,0,4,0,0,0,1,1,0
S01010433,Solid fuel (for example wood coal) central heating,0,0,0,0,0,0,0,0,0,0,0,0
S01010433,Other central heating,4,0,4,4,0,4,0,0,0,0,0,0
S01010433,Two or more types of central heating,4,0,4,4,0,4,0,0,0,0,0,0
S01010434,All people in households,623,154,469,478,40,438,81,53,28,64,61,3
S01010434,No central heating,10,3,7,7,0,7,3,3,0,0,0,0
S01010434,Gas central heating,543,130,413,420,33,387,71,46,25,52,51,1
S01010434,Electric (including storage heaters) central heating,28,7,21,20,2,18,3,1,2,5,4,1
S01010434,Oil central heating,0,0,0,0,0,0,0,0,0,0,0,0
S01010434,Solid fuel (for example wood coal) central heating,0,0,0,0,0,0,0,0,0,0,0,0
S01010434,Other central heating,3,1,2,2,0,2,1,1,0,0,0,0
S01010434,Two or more types of central heating,39,13,26,29,5,24,3,2,1,7,6,1
S01010435,All people in households,634,187,447,456,42,414,113,81,32,65,64,1
S01010435,No central heating,8,1,7,5,0,5,2,0,2,1,1,0
S01010435,Gas central heating,576,167,409,419,36,383,98,73,25,59,58,1
S01010435,Electric (including storage heaters) central heating,26,10,16,17,4,13,6,3,3,3,3,0
S01010435,Oil central heating,0,0,0,0,0,0,0,0,0,0,0,0
S01010435,Solid fuel (for example wood coal) central heating,1,1,0,0,0,0,1,1,0,0,0,0
S01010435,Other central heating,5,2,3,2,0,2,2,1,1,1,1,0
S01010435,Two or more types of central heating,18,6,12,13,2,11,4,3,1,1,1,0
S01010436,All people in households,778,211,567,575,44,531,115,80,35,88,87,1
S01010436,No central heating,11,4,7,9,2,7,1,1,0,1,1,0
S01010436,Gas central heating,689,188,501,507,39,468,107,75,32,75,74,1
S01010436,Electric (including storage heaters) central heating,43,9,34,34,3,31,5,2,3,4,4,0
S01010436,Oil central heating,0,0,0,0,0,0,0,0,0,0,0,0
S01010436,Solid fuel (for example wood coal) central heating,0,0,0,0,0,0,0,0,0,0,0,0
S01010436,Other central heating,4,2,2,2,0,2,1,1,0,1,1,0
S01010436,Two or more types of central heating,31,8,23,23,0,23,1,1,0,7,7,0
S01010437,All people in households,557,157,400,405,36,369,105,77,28,47,44,3
S01010437,No central heating,14,3,11,10,1,9,4,2,2,0,0,0
S01010437,Gas central heating,452,121,331,338,29,309,84,63,21,30,29,1
S01010437,Electric (including storage heaters) central heating,57,26,31,31,5,26,13,9,4,13,12,1
S01010437,Oil central heating,0,0,0,0,0,0,0,0,0,0,0,0
S01010437,Solid fuel (for example wood coal) central heating,3,0,3,3,0,3,0,0,0,0,0,0
S01010437,Other central heating,6,1,5,4,0,4,2,1,1,0,0,0
S01010437,Two or more types of central heating,25,6,19,19,1,18,2,2,0,4,3,1
S01010438,All people in households,854,165,689,691,39,652,92,59,33,71,67,4
S01010438,No central heating,18,3,15,16,1,15,1,1,0,1,1,0
S01010438,Gas central heating,726,134,592,589,32,557,76,45,31,61,57,4
S01010438,Electric (including storage heaters) central heating,79,14,65,66,3,63,8,6,2,5,5,0
S01010438,Oil central heating,0,0,0,0,0,0,0,0,0,0,0,0
S01010438,Solid fuel (for example wood coal) central heating,0,0,0,0,0,0,0,0,0,0,0,0
S01010438,Other central heating,13,7,6,6,0,6,6,6,0,1,1,0
S01010438,Two or more types of central heating,18,7,11,14,3,11,1,1,0,3,3,0
S01010439,All people in households,973,177,796,822,51,771,82,57,25,69,69,0
S01010439,No central heating,14,4,10,12,2,10,2,2,0,0,0,0
S01010439,Gas central heating,700,137,563,583,39,544,60,41,19,57,57,0
S01010439,Electric (including storage heaters) central heating,205,18,187,188,5,183,13,9,4,4,4,0
S01010439,Oil central heating,2,0,2,2,0,2,0,0,0,0,0,0
S01010439,Solid fuel (for example wood coal) central heating,0,0,0,0,0,0,0,0,0,0,0,0
S01010439,Other central heating,3,2,1,2,1,1,1,1,0,0,0,0
S01010439,Two or more types of central heating,49,16,33,35,4,31,6,4,2,8,8,0
S01010440,All people in households,650,183,467,476,42,434,103,75,28,71,66,5
S01010440,No central heating,21,12,9,11,3,8,6,5,1,4,4,0
S01010440,Gas central heating,470,120,350,373,35,338,64,52,12,33,33,0
S01010440,Electric (including storage heaters) central heating,139,47,92,77,4,73,30,16,14,32,27,5
S01010440,Oil central heating,0,0,0,0,0,0,0,0,0,0,0,0
S01010440,Solid fuel (for example wood coal) central heating,0,0,0,0,0,0,0,0,0,0,0,0
S01010440,Other central heating,1,1,0,0,0,0,0,0,0,1,1,0
S01010440,Two or more types of central heating,19,3,16,15,0,15,3,2,1,1,1,0
S01010441,All people in households,783,106,677,680,34,646,74,44,30,29,28,1
S01010441,No central heating,16,3,13,12,1,11,2,0,2,2,2,0
S01010441,Gas central heating,548,74,474,473,23,450,56,33,23,19,18,1
S01010441,Electric (including storage heaters) central heating,183,22,161,167,10,157,9,5,4,7,7,0
S01010441,Oil central heating,8,2,6,6,0,6,2,2,0,0,0,0
S01010441,Solid fuel (for example wood coal) central heating,1,0,1,1,0,1,0,0,0,0,0,0
S01010441,Other central heating,2,1,1,1,0,1,1,1,0,0,0,0
S01010441,Two or more types of central heating,25,4,21,20,0,20,4,3,1,1,1,0
S01010442,All people in households,741,132,609,613,42,571,78,42,36,50,48,2
S01010442,No central heating,17,2,15,13,0,13,2,0,2,2,2,0
S01010442,Gas central heating,623,110,513,521,38,483,68,38,30,34,34,0
S01010442,Electric (including storage heaters) central heating,58,11,47,46,2,44,3,1,2,9,8,1
S01010442,Oil central heating,0,0,0,0,0,0,0,0,0,0,0,0
S01010442,Solid fuel (for example wood coal) central heating,0,0,0,0,0,0,0,0,0,0,0,0
S01010442,Other central heating,6,1,5,5,0,5,0,0,0,1,1,0
S01010442,Two or more types of central heating,37,8,29,28,2,26,5,3,2,4,3,1
S01010443,All people in households,550,141,409,416,35,381,86,59,27,48,47,1
S01010443,No central heating,13,10,3,1,1,0,8,5,3,4,4,0
S01010443,Gas central heating,473,118,355,366,32,334,68,48,20,39,38,1
S01010443,Electric (including storage heaters) central heating,35,8,27,26,2,24,5,2,3,4,4,0
S01010443,Oil central heating,0,0,0,0,0,0,0,0,0,0,0,0
S01010443,Solid fuel (for example wood coal) central heating,0,0,0,0,0,0,0,0,0,0,0,0
S01010443,Other central heating,1,1,0,0,0,0,1,1,0,0,0,0
S01010443,Two or more types of central heating,28,4,24,23,0,23,4,3,1,1,1,0
S01010444,All people in households,685,199,486,497,47,450,118,83,35,70,69,1
S01010444,No central heating,7,4,3,3,0,3,1,1,0,3,3,0
S01010444,Gas central heating,596,178,418,427,39,388,107,78,29,62,61,1
S01010444,Electric (including storage heaters) central heating,50,13,37,38,6,32,9,4,5,3,3,0
S01010444,Oil central heating,0,0,0,0,0,0,0,0,0,0,0,0
S01010444,Solid fuel (for example wood coal) central heating,0,0,0,0,0,0,0,0,0,0,0,0
S01010444,Other central heating,12,1,11,12,1,11,0,0,0,0,0,0
S01010444,Two or more types of central heating,20,3,17,17,1,16,1,0,1,2,2,0
S01010445,All people in households,777,208,569,592,60,532,124,87,37,61,61,0
S01010445,No central heating,4,0,4,3,0,3,1,0,1,0,0,0
S01010445,Gas central heating,704,181,523,546,55,491,105,73,32,53,53,0
S01010445,Electric (including storage heaters) central heating,22,6,16,14,1,13,6,3,3,2,2,0
S01010445,Oil central heating,4,3,1,2,1,1,2,2,0,0,0,0
S01010445,Solid fuel (for example wood coal) central heating,0,0,0,0,0,0,0,0,0,0,0,0
S01010445,Other central heating,10,7,3,2,0,2,6,5,1,2,2,0
S01010445,Two or more types of central heating,33,11,22,25,3,22,4,4,0,4,4,0
S01010446,All people in households,838,201,637,635,36,599,118,82,36,85,83,2
S01010446,No central heating,13,4,9,9,0,9,1,1,0,3,3,0
S01010446,Gas central heating,799,183,616,615,36,579,113,78,35,71,69,2
S01010446,Electric (including storage heaters) central heating,14,9,5,4,0,4,4,3,1,6,6,0
S01010446,Oil central heating,0,0,0,0,0,0,0,0,0,0,0,0
S01010446,Solid fuel (for example wood coal) central heating,0,0,0,0,0,0,0,0,0,0,0,0
S01010446,Other central heating,0,0,0,0,0,0,0,0,0,0,0,0
S01010446,Two or more types of central heating,12,5,7,7,0,7,0,0,0,5,5,0
S01010447,All people in households,1028,304,724,718,46,672,172,123,49,138,135,3
S01010447,No central heating,20,5,15,13,0,13,4,2,2,3,3,0
S01010447,Gas central heating,702,180,522,519,28,491,101,70,31,82,82,0
S01010447,Electric (including storage heaters) central heating,289,113,176,175,18,157,65,49,16,49,46,3
S01010447,Oil central heating,0,0,0,0,0,0,0,0,0,0,0,0
S01010447,Solid fuel (for example wood coal) central heating,0,0,0,0,0,0,0,0,0,0,0,0
S01010447,Other central heating,0,0,0,0,0,0,0,0,0,0,0,0
S01010447,Two or more types of central heating,17,6,11,11,0,11,2,2,0,4,4,0
S01010448,All people in households,859,210,649,667,55,612,113,80,33,79,75,4
S01010448,No central heating,11,5,6,8,2,6,3,3,0,0,0,0
S01010448,Gas central heating,813,193,620,637,51,586,101,71,30,75,71,4
S01010448,Electric (including storage heaters) central heating,26,11,15,16,2,14,6,5,1,4,4,0
S01010448,Oil central heating,0,0,0,0,0,0,0,0,0,0,0,0
S01010448,Solid fuel (for example wood coal) central heating,0,0,0,0,0,0,0,0,0,0,0,0
S01010448,Other central heating,2,1,1,1,0,1,1,1,0,0,0,0
S01010448,Two or more types of central heating,7,0,7,5,0,5,2,0,2,0,0,0
S01010449,All people in households,779,239,540,541,47,494,132,91,41,106,101,5
S01010449,No central heating,23,3,20,20,2,18,0,0,0,3,1,2
S01010449,Gas central heating,704,210,494,487,33,454,119,82,37,98,95,3
S01010449,Electric (including storage heaters) central heating,29,15,14,18,7,11,9,6,3,2,2,0
S01010449,Oil central heating,4,0,4,4,0,4,0,0,0,0,0,0
S01010449,Solid fuel (for example wood coal) central heating,0,0,0,0,0,0,0,0,0,0,0,0
S01010449,Other central heating,2,2,0,0,0,0,1,1,0,1,1,0
S01010449,Two or more types of central heating,17,9,8,12,5,7,3,2,1,2,2,0
S01010450,All people in households,783,260,523,543,53,490,144,114,30,96,93,3
S01010450,No central heating,27,14,13,15,3,12,8,7,1,4,4,0
S01010450,Gas central heating,661,207,454,472,41,431,113,91,22,76,75,1
S01010450,Electric (including storage heaters) central heating,76,31,45,45,8,37,17,11,6,14,12,2
S01010450,Oil central heating,0,0,0,0,0,0,0,0,0,0,0,0
S01010450,Solid fuel (for example wood coal) central heating,1,0,1,0,0,0,1,0,1,0,0,0
S01010450,Other central heating,2,1,1,1,0,1,1,1,0,0,0,0
S01010450,Two or more types of central heating,16,7,9,10,1,9,4,4,0,2,2,0
S01010451,All people in households,829,224,605,579,29,550,155,103,52,95,92,3
S01010451,No central heating,6,2,4,4,0,4,1,1,0,1,1,0
S01010451,Gas central heating,377,108,269,265,14,251,76,58,18,36,36,0
S01010451,Electric (including storage heaters) central heating,427,109,318,295,13,282,75,42,33,57,54,3
S01010451,Oil central heating,0,0,0,0,0,0,0,0,0,0,0,0
S01010451,Solid fuel (for example wood coal) central heating,2,0,2,1,0,1,1,0,1,0,0,0
S01010451,Other central heating,1,1,0,0,0,0,1,1,0,0,0,0
S01010451,Two or more types of central heating,16,4,12,14,2,12,1,1,0,1,1,0
S01010452,All people in households,813,259,554,566,53,513,156,117,39,91,89,2
S01010452,No central heating,8,5,3,3,0,3,3,3,0,2,2,0
S01010452,Gas central heating,735,230,505,515,49,466,140,102,38,80,79,1
S01010452,Electric (including storage heaters) central heating,46,16,30,30,2,28,9,8,1,7,6,1
S01010452,Oil central heating,0,0,0,0,0,0,0,0,0,0,0,0
S01010452,Solid fuel (for example wood coal) central heating,0,0,0,0,0,0,0,0,0,0,0,0
S01010452,Other central heating,1,0,1,1,0,1,0,0,0,0,0,0
S01010452,Two or more types of central heating,23,8,15,17,2,15,4,4,0,2,2,0
S01010453,All people in households,664,155,509,503,37,466,89,50,39,72,68,4
S01010453,No central heating,17,4,13,14,1,13,0,0,0,3,3,0
S01010453,Gas central heating,237,47,190,187,8,179,35,24,11,15,15,0
S01010453,Electric (including storage heaters) central heating,402,100,302,297,27,270,53,25,28,52,48,4
S01010453,Oil central heating,0,0,0,0,0,0,0,0,0,0,0,0
S01010453,Solid fuel (for example wood coal) central heating,0,0,0,0,0,0,0,0,0,0,0,0
S01010453,Other central heating,1,0,1,1,0,1,0,0,0,0,0,0
S01010453,Two or more types of central heating,7,4,3,4,1,3,1,1,0,2,2,0
S01010454,All people in households,789,239,550,566,66,500,143,99,44,80,74,6
S01010454,No central heating,19,1,18,15,0,15,3,0,3,1,1,0
S01010454,Gas central heating,724,214,510,527,60,467,124,86,38,73,68,5
S01010454,Electric (including storage heaters) central heating,33,16,17,20,5,15,10,9,1,3,2,1
S01010454,Oil central heating,0,0,0,0,0,0,0,0,0,0,0,0
S01010454,Solid fuel (for example wood coal) central heating,0,0,0,0,0,0,0,0,0,0,0,0
S01010454,Other central heating,5,3,2,3,1,2,2,2,0,0,0,0
S01010454,Two or more types of central heating,8,5,3,1,0,1,4,2,2,3,3,0
S01010455,All people in households,942,360,582,594,74,520,206,147,59,142,139,3
S01010455,No central heating,57,21,36,32,1,31,14,9,5,11,11,0
S01010455,Gas central heating,132,34,98,101,9,92,20,14,6,11,11,0
S01010455,Electric (including storage heaters) central heating,743,300,443,457,64,393,171,124,47,115,112,3
S01010455,Oil central heating,2,1,1,0,0,0,1,0,1,1,1,0
S01010455,Solid fuel (for example wood coal) central heating,0,0,0,0,0,0,0,0,0,0,0,0
S01010455,Other central heating,0,0,0,0,0,0,0,0,0,0,0,0
S01010455,Two or more types of central heating,8,4,4,4,0,4,0,0,0,4,4,0
S01010456,All people in households,565,179,386,396,36,360,99,76,23,70,67,3
S01010456,No central heating,12,6,6,6,0,6,2,2,0,4,4,0
S01010456,Gas central heating,524,157,367,380,33,347,88,68,20,56,56,0
S01010456,Electric (including storage heaters) central heating,25,12,13,9,2,7,8,5,3,8,5,3
S01010456,Oil central heating,1,1,0,0,0,0,0,0,0,1,1,0
S01010456,Solid fuel (for example wood coal) central heating,0,0,0,0,0,0,0,0,0,0,0,0
S01010456,Other central heating,0,0,0,0,0,0,0,0,0,0,0,0
S01010456,Two or more types of central heating,3,3,0,1,1,0,1,1,0,1,1,0
S01010457,All people in households,642,178,464,464,37,427,111,77,34,67,64,3
S01010457,No central heating,18,6,12,12,1,11,1,1,0,5,4,1
S01010457,Gas central heating,418,123,295,308,30,278,70,54,16,40,39,1
S01010457,Electric (including storage heaters) central heating,200,49,151,139,6,133,39,22,17,22,21,1
S01010457,Oil central heating,0,0,0,0,0,0,0,0,0,0,0,0
S01010457,Solid fuel (for example wood coal) central heating,0,0,0,0,0,0,0,0,0,0,0,0
S01010457,Other central heating,0,0,0,0,0,0,0,0,0,0,0,0
S01010457,Two or more types of central heating,6,0,6,5,0,5,1,0,1,0,0,0
S01010458,All people in households,771,216,555,559,46,513,118,77,41,94,93,1
S01010458,No central heating,14,3,11,11,1,10,1,0,1,2,2,0
S01010458,Gas central heating,522,134,388,392,28,364,78,55,23,52,51,1
S01010458,Electric (including storage heaters) central heating,226,73,153,153,17,136,35,18,17,38,38,0
S01010458,Oil central heating,0,0,0,0,0,0,0,0,0,0,0,0
S01010458,Solid fuel (for example wood coal) central heating,0,0,0,0,0,0,0,0,0,0,0,0
S01010458,Other central heating,2,0,2,2,0,2,0,0,0,0,0,0
S01010458,Two or more types of central heating,7,6,1,1,0,1,4,4,0,2,2,0
S01010459,All people in households,539,177,362,383,43,340,96,74,22,60,60,0
S01010459,No central heating,10,3,7,6,0,6,3,2,1,1,1,0
S01010459,Gas central heating,487,160,327,348,39,309,84,66,18,55,55,0
S01010459,Electric (including storage heaters) central heating,24,4,20,19,1,18,3,1,2,2,2,0
S01010459,Oil central heating,0,0,0,0,0,0,0,0,0,0,0,0
S01010459,Solid fuel (for example wood coal) central heating,0,0,0,0,0,0,0,0,0,0,0,0
S01010459,Other central heating,0,0,0,0,0,0,0,0,0,0,0,0
S01010459,Two or more types of central heating,18,10,8,10,3,7,6,5,1,2,2,0
S01010460,All people in households,741,99,642,637,22,615,73,46,27,31,31,0
S01010460,No central heating,6,1,5,5,0,5,0,0,0,1,1,0
S01010460,Gas central heating,705,87,618,609,18,591,69,42,27,27,27,0
S01010460,Electric (including storage heaters) central heating,17,8,9,12,3,9,4,4,0,1,1,0
S01010460,Oil central heating,0,0,0,0,0,0,0,0,0,0,0,0
S01010460,Solid fuel (for example wood coal) central heating,0,0,0,0,0,0,0,0,0,0,0,0
S01010460,Other central heating,2,2,0,0,0,0,0,0,0,2,2,0
S01010460,Two or more types of central heating,11,1,10,11,1,10,0,0,0,0,0,0
S01010461,All people in households,732,259,473,495,60,435,141,103,38,96,96,0
S01010461,No central heating,6,2,4,5,2,3,1,0,1,0,0,0
S01010461,Gas central heating,498,175,323,343,44,299,94,70,24,61,61,0
S01010461,Electric (including storage heaters) central heating,213,74,139,139,11,128,41,30,11,33,33,0
S01010461,Oil central heating,3,1,2,1,0,1,2,1,1,0,0,0
S01010461,Solid fuel (for example wood coal) central heating,0,0,0,0,0,0,0,0,0,0,0,0
S01010461,Other central heating,4,3,1,4,3,1,0,0,0,0,0,0
S01010461,Two or more types of central heating,8,4,4,3,0,3,3,2,1,2,2,0
S01010462,All people in households,899,180,719,693,40,653,113,54,59,93,86,7
S01010462,No central heating,36,6,30,32,2,30,1,1,0,3,3,0
S01010462,Gas central heating,85,18,67,69,5,64,8,5,3,8,8,0
S01010462,Electric (including storage heaters) central heating,769,155,614,584,33,551,103,47,56,82,75,7
S01010462,Oil central heating,0,0,0,0,0,0,0,0,0,0,0,0
S01010462,Solid fuel (for example wood coal) central heating,0,0,0,0,0,0,0,0,0,0,0,0
S01010462,Other central heating,2,0,2,2,0,2,0,0,0,0,0,0
S01010462,Two or more types of central heating,7,1,6,6,0,6,1,1,0,0,0,0
S01010463,All people in households,796,192,604,620,56,564,117,79,38,59,57,2
S01010463,No central heating,9,4,5,4,0,4,3,3,0,2,1,1
S01010463,Gas central heating,729,163,566,583,50,533,99,67,32,47,46,1
S01010463,Electric (including storage heaters) central heating,40,22,18,19,4,15,12,9,3,9,9,0
S01010463,Oil central heating,1,0,1,0,0,0,1,0,1,0,0,0
S01010463,Solid fuel (for example wood coal) central heating,0,0,0,0,0,0,0,0,0,0,0,0
S01010463,Other central heating,1,1,0,0,0,0,0,0,0,1,1,0
S01010463,Two or more types of central heating,16,2,14,14,2,12,2,0,2,0,0,0
S01010464,All people in households,524,141,383,395,30,365,89,71,18,40,40,0
S01010464,No central heating,9,4,5,4,0,4,5,4,1,0,0,0
S01010464,Gas central heating,459,112,347,357,27,330,70,53,17,32,32,0
S01010464,Electric (including storage heaters) central heating,42,17,25,27,2,25,9,9,0,6,6,0
S01010464,Oil central heating,0,0,0,0,0,0,0,0,0,0,0,0
S01010464,Solid fuel (for example wood coal) central heating,3,1,2,2,0,2,1,1,0,0,0,0
S01010464,Other central heating,0,0,0,0,0,0,0,0,0,0,0,0
S01010464,Two or more types of central heating,11,7,4,5,1,4,4,4,0,2,2,0
S01010465,All people in households,947,136,811,817,40,777,89,56,33,41,40,1
S01010465,No central heating,16,5,11,11,1,10,3,2,1,2,2,0
S01010465,Gas central heating,642,90,552,566,29,537,46,32,14,30,29,1
S01010465,Electric (including storage heaters) central heating,277,41,236,228,10,218,40,22,18,9,9,0
S01010465,Oil central heating,0,0,0,0,0,0,0,0,0,0,0,0
S01010465,Solid fuel (for example wood coal) central heating,0,0,0,0,0,0,0,0,0,0,0,0
S01010465,Other central heating,0,0,0,0,0,0,0,0,0,0,0,0
S01010465,Two or more types of central heating,12,0,12,12,0,12,0,0,0,0,0,0
S01010466,All people in households,879,110,769,781,37,744,66,43,23,32,30,2
S01010466,No central heating,29,7,22,20,1,19,5,3,2,4,3,1
S01010466,Gas central heating,774,91,683,694,32,662,58,37,21,22,22,0
S01010466,Electric (including storage heaters) central heating,64,10,54,56,3,53,3,3,0,5,4,1
S01010466,Oil central heating,0,0,0,0,0,0,0,0,0,0,0,0
S01010466,Solid fuel (for example wood coal) central heating,0,0,0,0,0,0,0,0,0,0,0,0
S01010466,Other central heating,2,1,1,1,0,1,0,0,0,1,1,0
S01010466,Two or more types of central heating,10,1,9,10,1,9,0,0,0,0,0,0
S01010467,All people in households,837,177,660,681,55,626,113,80,33,43,42,1
S01010467,No central heating,17,7,10,9,2,7,6,3,3,2,2,0
S01010467,Gas central heating,641,119,522,532,35,497,77,52,25,32,32,0
S01010467,Electric (including storage heaters) central heating,153,48,105,116,17,99,28,23,5,9,8,1
S01010467,Oil central heating,0,0,0,0,0,0,0,0,0,0,0,0
S01010467,Solid fuel (for example wood coal) central heating,0,0,0,0,0,0,0,0,0,0,0,0
S01010467,Other central heating,11,0,11,11,0,11,0,0,0,0,0,0
S01010467,Two or more types of central heating,15,3,12,13,1,12,2,2,0,0,0,0
S01010468,All people in households,949,133,816,835,53,782,76,44,32,38,36,2
S01010468,No central heating,11,3,8,8,1,7,2,1,1,1,1,0
S01010468,Gas central heating,890,122,768,789,51,738,67,39,28,34,32,2
S01010468,Electric (including storage heaters) central heating,10,1,9,10,1,9,0,0,0,0,0,0
S01010468,Oil central heating,0,0,0,0,0,0,0,0,0,0,0,0
S01010468,Solid fuel (for example wood coal) central heating,0,0,0,0,0,0,0,0,0,0,0,0
S01010468,Other central heating,2,0,2,1,0,1,1,0,1,0,0,0
S01010468,Two or more types of central heating,36,7,29,27,0,27,6,4,2,3,3,0
S01010469,All people in households,559,137,422,422,31,391,90,59,31,47,47,0
S01010469,No central heating,58,11,47,46,2,44,7,4,3,5,5,0
S01010469,Gas central heating,297,34,263,260,10,250,28,15,13,9,9,0
S01010469,Electric (including storage heaters) central heating,202,92,110,114,19,95,55,40,15,33,33,0
S01010469,Oil central heating,0,0,0,0,0,0,0,0,0,0,0,0
S01010469,Solid fuel (for example wood coal) central heating,0,0,0,0,0,0,0,0,0,0,0,0
S01010469,Other central heating,0,0,0,0,0,0,0,0,0,0,0,0
S01010469,Two or more types of central heating,2,0,2,2,0,2,0,0,0,0,0,0
S01010470,All people in households,718,186,532,534,45,489,118,76,42,66,65,1
S01010470,No central heating,6,1,5,5,0,5,0,0,0,1,1,0
S01010470,Gas central heating,616,164,452,458,43,415,102,66,36,56,55,1
S01010470,Electric (including storage heaters) central heating,73,11,62,57,0,57,11,6,5,5,5,0
S01010470,Oil central heating,0,0,0,0,0,0,0,0,0,0,0,0
S01010470,Solid fuel (for example wood coal) central heating,1,1,0,1,1,0,0,0,0,0,0,0
S01010470,Other central heating,1,1,0,0,0,0,1,1,0,0,0,0
S01010470,Two or more types of central heating,21,8,13,13,1,12,4,3,1,4,4,0
S01010471,All people in households,666,174,492,504,40,464,90,64,26,72,70,2
S01010471,No central heating,17,5,12,12,0,12,1,1,0,4,4,0
S01010471,Gas central heating,598,154,444,455,35,420,78,56,22,65,63,2
S01010471,Electric (including storage heaters) central heating,39,10,29,30,4,26,8,5,3,1,1,0
S01010471,Oil central heating,0,0,0,0,0,0,0,0,0,0,0,0
S01010471,Solid fuel (for example wood coal) central heating,0,0,0,0,0,0,0,0,0,0,0,0
S01010471,Other central heating,0,0,0,0,0,0,0,0,0,0,0,0
S01010471,Two or more types of central heating,12,5,7,7,1,6,3,2,1,2,2,0
S01010472,All people in households,514,61,453,449,17,432,41,21,20,24,23,1
S01010472,No central heating,5,1,4,4,0,4,0,0,0,1,1,0
S01010472,Gas central heating,458,53,405,400,15,385,38,19,19,20,19,1
S01010472,Electric (including storage heaters) central heating,19,1,18,17,0,17,1,0,1,1,1,0
S01010472,Oil central heating,0,0,0,0,0,0,0,0,0,0,0,0
S01010472,Solid fuel (for example wood coal) central heating,0,0,0,0,0,0,0,0,0,0,0,0
S01010472,Other central heating,4,1,3,3,0,3,0,0,0,1,1,0
S01010472,Two or more types of central heating,28,5,23,25,2,23,2,2,0,1,1,0
S01010473,All people in households,756,123,633,621,26,595,89,53,36,46,44,2
S01010473,No central heating,49,3,46,42,0,42,4,0,4,3,3,0
S01010473,Gas central heating,611,111,500,496,24,472,74,47,27,41,40,1
S01010473,Electric (including storage heaters) central heating,61,6,55,54,2,52,7,4,3,0,0,0
S01010473,Oil central heating,0,0,0,0,0,0,0,0,0,0,0,0
S01010473,Solid fuel (for example wood coal) central heating,0,0,0,0,0,0,0,0,0,0,0,0
S01010473,Other central heating,7,0,7,7,0,7,0,0,0,0,0,0
S01010473,Two or more types of central heating,28,3,25,22,0,22,4,2,2,2,1,1
S01010474,All people in households,820,118,702,699,33,666,88,54,34,33,31,2
S01010474,No central heating,27,4,23,23,0,23,2,2,0,2,2,0
S01010474,Gas central heating,664,97,567,563,28,535,73,43,30,28,26,2
S01010474,Electric (including storage heaters) central heating,118,14,104,105,4,101,11,8,3,2,2,0
S01010474,Oil central heating,0,0,0,0,0,0,0,0,0,0,0,0
S01010474,Solid fuel (for example wood coal) central heating,0,0,0,0,0,0,0,0,0,0,0,0
S01010474,Other central heating,0,0,0,0,0,0,0,0,0,0,0,0
S01010474,Two or more types of central heating,11,3,8,8,1,7,2,1,1,1,1,0
S01010475,All people in households,677,68,609,617,22,595,37,23,14,23,23,0
S01010475,No central heating,16,2,14,14,0,14,0,0,0,2,2,0
S01010475,Gas central heating,589,53,536,538,15,523,35,22,13,16,16,0
S01010475,Electric (including storage heaters) central heating,57,12,45,50,6,44,2,1,1,5,5,0
S01010475,Oil central heating,0,0,0,0,0,0,0,0,0,0,0,0
S01010475,Solid fuel (for example wood coal) central heating,0,0,0,0,0,0,0,0,0,0,0,0
S01010475,Other central heating,0,0,0,0,0,0,0,0,0,0,0,0
S01010475,Two or more types of central heating,15,1,14,15,1,14,0,0,0,0,0,0
S01010476,All people in households,1015,252,763,788,69,719,148,107,41,79,76,3
S01010476,No central heating,21,3,18,18,1,17,1,0,1,2,2,0
S01010476,Gas central heating,878,195,683,708,61,647,108,75,33,62,59,3
S01010476,Electric (including storage heaters) central heating,87,47,40,41,7,34,34,28,6,12,12,0
S01010476,Oil central heating,0,0,0,0,0,0,0,0,0,0,0,0
S01010476,Solid fuel (for example wood coal) central heating,0,0,0,0,0,0,0,0,0,0,0,0
S01010476,Other central heating,3,2,1,1,0,1,1,1,0,1,1,0
S01010476,Two or more types of central heating,26,5,21,20,0,20,4,3,1,2,2,0
S01010477,All people in households,724,195,529,535,42,493,112,77,35,77,76,1
S01010477,No central heating,8,4,4,2,0,2,3,1,2,3,3,0
S01010477,Gas central heating,658,171,487,497,40,457,92,63,29,69,68,1
S01010477,Electric (including storage heaters) central heating,40,14,26,23,1,22,16,12,4,1,1,0
S01010477,Oil central heating,0,0,0,0,0,0,0,0,0,0,0,0
S01010477,Solid fuel (for example wood coal) central heating,0,0,0,0,0,0,0,0,0,0,0,0
S01010477,Other central heating,7,1,6,6,0,6,0,0,0,1,1,0
S01010477,Two or more types of central heating,11,5,6,7,1,6,1,1,0,3,3,0
S01010478,All people in households,991,332,659,677,67,610,165,122,43,149,143,6
S01010478,No central heating,69,13,56,57,5,52,8,4,4,4,4,0
S01010478,Gas central heating,672,232,440,460,48,412,111,85,26,101,99,2
S01010478,Electric (including storage heaters) central heating,196,71,125,124,12,112,40,30,10,32,29,3
S01010478,Oil central heating,0,0,0,0,0,0,0,0,0,0,0,0
S01010478,Solid fuel (for example wood coal) central heating,0,0,0,0,0,0,0,0,0,0,0,0
S01010478,Other central heating,7,3,4,4,0,4,1,1,0,2,2,0
S01010478,Two or more types of central heating,47,13,34,32,2,30,5,2,3,10,9,1
S01010479,All people in households,1022,294,728,754,77,677,178,128,50,90,89,1
S01010479,No central heating,40,5,35,33,2,31,5,1,4,2,2,0
S01010479,Gas central heating,743,206,537,555,54,501,121,86,35,67,66,1
S01010479,Electric (including storage heaters) central heating,208,82,126,139,21,118,48,40,8,21,21,0
S01010479,Oil central heating,0,0,0,0,0,0,0,0,0,0,0,0
S01010479,Solid fuel (for example wood coal) central heating,0,0,0,0,0,0,0,0,0,0,0,0
S01010479,Other central heating,5,0,5,4,0,4,1,0,1,0,0,0
S01010479,Two or more types of central heating,26,1,25,23,0,23,3,1,2,0,0,0
S01010480,All people in households,616,183,433,434,39,395,102,65,37,80,79,1
S01010480,No central heating,1,0,1,1,0,1,0,0,0,0,0,0
S01010480,Gas central heating,577,173,404,408,37,371,90,58,32,79,78,1
S01010480,Electric (including storage heaters) central heating,32,9,23,20,1,19,11,7,4,1,1,0
S01010480,Oil central heating,0,0,0,0,0,0,0,0,0,0,0,0
S01010480,Solid fuel (for example wood coal) central heating,0,0,0,0,0,0,0,0,0,0,0,0
S01010480,Other central heating,0,0,0,0,0,0,0,0,0,0,0,0
S01010480,Two or more types of central heating,6,1,5,5,1,4,1,0,1,0,0,0
S01010481,All people in households,667,176,491,515,62,453,89,54,35,63,60,3
S01010481,No central heating,22,3,19,17,1,16,4,1,3,1,1,0
S01010481,Gas central heating,581,154,427,450,53,397,75,46,29,56,55,1
S01010481,Electric (including storage heaters) central heating,20,8,12,16,4,12,4,4,0,0,0,0
S01010481,Oil central heating,0,0,0,0,0,0,0,0,0,0,0,0
S01010481,Solid fuel (for example wood coal) central heating,0,0,0,0,0,0,0,0,0,0,0,0
S01010481,Other central heating,8,1,7,7,1,6,1,0,1,0,0,0
S01010481,Two or more types of central heating,36,10,26,25,3,22,5,3,2,6,4,2
S01010482,All people in households,794,242,552,576,60,516,133,97,36,85,85,0
S01010482,No central heating,11,7,4,5,2,3,2,1,1,4,4,0
S01010482,Gas central heating,757,223,534,556,54,502,124,92,32,77,77,0
S01010482,Electric (including storage heaters) central heating,9,5,4,6,2,4,1,1,0,2,2,0
S01010482,Oil central heating,0,0,0,0,0,0,0,0,0,0,0,0
S01010482,Solid fuel (for example wood coal) central heating,0,0,0,0,0,0,0,0,0,0,0,0
S01010482,Other central heating,5,4,1,2,1,1,2,2,0,1,1,0
S01010482,Two or more types of central heating,12,3,9,7,1,6,4,1,3,1,1,0
S01010483,All people in households,1036,303,733,734,68,666,202,138,64,100,97,3
S01010483,No central heating,38,7,31,28,2,26,9,4,5,1,1,0
S01010483,Gas central heating,877,258,619,627,59,568,161,111,50,89,88,1
S01010483,Electric (including storage heaters) central heating,86,32,54,51,5,46,25,19,6,10,8,2
S01010483,Oil central heating,0,0,0,0,0,0,0,0,0,0,0,0
S01010483,Solid fuel (for example wood coal) central heating,1,0,1,1,0,1,0,0,0,0,0,0
S01010483,Other central heating,7,1,6,6,0,6,1,1,0,0,0,0
S01010483,Two or more types of central heating,27,5,22,21,2,19,6,3,3,0,0,0
S01010484,All people in households,550,140,410,414,37,377,89,56,33,47,47,0
S01010484,No central heating,6,2,4,6,2,4,0,0,0,0,0,0
S01010484,Gas central heating,514,129,385,391,34,357,81,53,28,42,42,0
S01010484,Electric (including storage heaters) central heating,9,5,4,4,1,3,3,2,1,2,2,0
S01010484,Oil central heating,0,0,0,0,0,0,0,0,0,0,0,0
S01010484,Solid fuel (for example wood coal) central heating,5,2,3,3,0,3,0,0,0,2,2,0
S01010484,Other central heating,0,0,0,0,0,0,0,0,0,0,0,0
S01010484,Two or more types of central heating,16,2,14,10,0,10,5,1,4,1,1,0
S01010485,All people in households,986,217,769,779,61,718,135,85,50,72,71,1
S01010485,No central heating,14,2,12,9,0,9,4,1,3,1,1,0
S01010485,Gas central heating,902,192,710,728,60,668,115,74,41,59,58,1
S01010485,Electric (including storage heaters) central heating,36,16,20,20,1,19,9,8,1,7,7,0
S01010485,Oil central heating,0,0,0,0,0,0,0,0,0,0,0,0
S01010485,Solid fuel (for example wood coal) central heating,0,0,0,0,0,0,0,0,0,0,0,0
S01010485,Other central heating,0,0,0,0,0,0,0,0,0,0,0,0
S01010485,Two or more types of central heating,34,7,27,22,0,22,7,2,5,5,5,0
S01010486,All people in households,930,138,792,806,44,762,86,56,30,38,38,0
S01010486,No central heating,18,7,11,14,3,11,4,4,0,0,0,0
S01010486,Gas central heating,878,118,760,771,38,733,74,47,27,33,33,0
S01010486,Electric (including storage heaters) central heating,20,10,10,12,3,9,4,3,1,4,4,0
S01010486,Oil central heating,1,0,1,0,0,0,1,0,1,0,0,0
S01010486,Solid fuel (for example wood coal) central heating,0,0,0,0,0,0,0,0,0,0,0,0
S01010486,Other central heating,1,0,1,1,0,1,0,0,0,0,0,0
S01010486,Two or more types of central heating,12,3,9,8,0,8,3,2,1,1,1,0
S01010487,All people in households,1010,236,774,798,67,731,132,90,42,80,79,1
S01010487,No central heating,11,6,5,4,2,2,4,1,3,3,3,0
S01010487,Gas central heating,924,202,722,742,58,684,117,80,37,65,64,1
S01010487,Electric (including storage heaters) central heating,39,16,23,27,4,23,7,7,0,5,5,0
S01010487,Oil central heating,0,0,0,0,0,0,0,0,0,0,0,0
S01010487,Solid fuel (for example wood coal) central heating,1,1,0,0,0,0,0,0,0,1,1,0
S01010487,Other central heating,3,3,0,1,1,0,1,1,0,1,1,0
S01010487,Two or more types of central heating,32,8,24,24,2,22,3,1,2,5,5,0
S01010488,All people in households,822,185,637,628,37,591,104,63,41,90,85,5
S01010488,No central heating,27,10,17,16,2,14,7,4,3,4,4,0
S01010488,Gas central heating,728,155,573,560,29,531,91,54,37,77,72,5
S01010488,Electric (including storage heaters) central heating,35,15,20,24,5,19,4,3,1,7,7,0
S01010488,Oil central heating,0,0,0,0,0,0,0,0,0,0,0,0
S01010488,Solid fuel (for example wood coal) central heating,0,0,0,0,0,0,0,0,0,0,0,0
S01010488,Other central heating,4,0,4,4,0,4,0,0,0,0,0,0
S01010488,Two or more types of central heating,28,5,23,24,1,23,2,2,0,2,2,0
S01010489,All people in households,932,231,701,684,40,644,151,102,49,97,89,8
S01010489,No central heating,32,14,18,19,2,17,6,6,0,7,6,1
S01010489,Gas central heating,843,194,649,626,31,595,136,89,47,81,74,7
S01010489,Electric (including storage heaters) central heating,29,7,22,23,3,20,4,2,2,2,2,0
S01010489,Oil central heating,0,0,0,0,0,0,0,0,0,0,0,0
S01010489,Solid fuel (for example wood coal) central heating,0,0,0,0,0,0,0,0,0,0,0,0
S01010489,Other central heating,2,2,0,1,1,0,1,1,0,0,0,0
S01010489,Two or more types of central heating,26,14,12,15,3,12,4,4,0,7,7,0
S01010490,All people in households,749,179,570,590,48,542,83,59,24,76,72,4
S01010490,No central heating,11,3,8,8,0,8,1,1,0,2,2,0
S01010490,Gas central heating,684,153,531,549,43,506,74,52,22,61,58,3
S01010490,Electric (including storage heaters) central heating,42,17,25,26,3,23,8,6,2,8,8,0
S01010490,Oil central heating,0,0,0,0,0,0,0,0,0,0,0,0
S01010490,Solid fuel (for example wood coal) central heating,0,0,0,0,0,0,0,0,0,0,0,0
S01010490,Other central heating,0,0,0,0,0,0,0,0,0,0,0,0
S01010490,Two or more types of central heating,12,6,6,7,2,5,0,0,0,5,4,1
S01010491,All people in households,906,239,667,691,74,617,127,78,49,88,87,1
S01010491,No central heating,16,7,9,9,0,9,0,0,0,7,7,0
S01010491,Gas central heating,833,211,622,644,68,576,116,71,45,73,72,1
S01010491,Electric (including storage heaters) central heating,41,16,25,26,4,22,8,5,3,7,7,0
S01010491,Oil central heating,0,0,0,0,0,0,0,0,0,0,0,0
S01010491,Solid fuel (for example wood coal) central heating,0,0,0,0,0,0,0,0,0,0,0,0
S01010491,Other central heating,2,1,1,0,0,0,2,1,1,0,0,0
S01010491,Two or more types of central heating,14,4,10,12,2,10,1,1,0,1,1,0
S01010492,All people in households,575,178,397,400,33,367,86,57,29,89,88,1
S01010492,No central heating,10,4,6,8,2,6,0,0,0,2,2,0
S01010492,Gas central heating,421,115,306,301,19,282,58,35,23,62,61,1
S01010492,Electric (including storage heaters) central heating,82,41,41,47,9,38,16,13,3,19,19,0
S01010492,Oil central heating,0,0,0,0,0,0,0,0,0,0,0,0
S01010492,Solid fuel (for example wood coal) central heating,0,0,0,0,0,0,0,0,0,0,0,0
S01010492,Other central heating,44,10,34,32,0,32,8,6,2,4,4,0
S01010492,Two or more types of central heating,18,8,10,12,3,9,4,3,1,2,2,0
S01010493,All people in households,719,172,547,536,35,501,118,74,44,65,63,2
S01010493,No central heating,14,3,11,12,1,11,2,2,0,0,0,0
S01010493,Gas central heating,549,133,416,411,27,384,84,53,31,54,53,1
S01010493,Electric (including storage heaters) central heating,140,30,110,104,7,97,28,16,12,8,7,1
S01010493,Oil central heating,0,0,0,0,0,0,0,0,0,0,0,0
S01010493,Solid fuel (for example wood coal) central heating,0,0,0,0,0,0,0,0,0,0,0,0
S01010493,Other central heating,0,0,0,0,0,0,0,0,0,0,0,0
S01010493,Two or more types of central heating,16,6,10,9,0,9,4,3,1,3,3,0
S01010494,All people in households,628,126,502,502,29,473,74,46,28,52,51,1
S01010494,No central heating,16,10,6,6,1,5,8,7,1,2,2,0
S01010494,Gas central heating,569,103,466,467,26,441,57,33,24,45,44,1
S01010494,Electric (including storage heaters) central heating,30,8,22,21,1,20,6,4,2,3,3,0
S01010494,Oil central heating,0,0,0,0,0,0,0,0,0,0,0,0
S01010494,Solid fuel (for example wood coal) central heating,0,0,0,0,0,0,0,0,0,0,0,0
S01010494,Other central heating,0,0,0,0,0,0,0,0,0,0,0,0
S01010494,Two or more types of central heating,13,5,8,8,1,7,3,2,1,2,2,0
S01010495,All people in households,858,247,611,610,44,566,153,110,43,95,93,2
S01010495,No central heating,2,1,1,0,0,0,1,0,1,1,1,0
S01010495,Gas central heating,784,227,557,553,39,514,140,99,41,91,89,2
S01010495,Electric (including storage heaters) central heating,36,7,29,32,4,28,3,2,1,1,1,0
S01010495,Oil central heating,0,0,0,0,0,0,0,0,0,0,0,0
S01010495,Solid fuel (for example wood coal) central heating,0,0,0,0,0,0,0,0,0,0,0,0
S01010495,Other central heating,1,1,0,0,0,0,1,1,0,0,0,0
S01010495,Two or more types of central heating,35,11,24,25,1,24,8,8,0,2,2,0
S01010496,All people in households,812,245,567,572,53,519,144,101,43,96,91,5
S01010496,No central heating,30,11,19,19,3,16,8,5,3,3,3,0
S01010496,Gas central heating,608,172,436,440,39,401,103,72,31,65,61,4
S01010496,Electric (including storage heaters) central heating,151,50,101,99,7,92,28,20,8,24,23,1
S01010496,Oil central heating,0,0,0,0,0,0,0,0,0,0,0,0
S01010496,Solid fuel (for example wood coal) central heating,0,0,0,0,0,0,0,0,0,0,0,0
S01010496,Other central heating,0,0,0,0,0,0,0,0,0,0,0,0
S01010496,Two or more types of central heating,23,12,11,14,4,10,5,4,1,4,4,0
S01010497,All people in households,749,165,584,583,40,543,90,54,36,76,71,5
S01010497,No central heating,1,1,0,0,0,0,0,0,0,1,1,0
S01010497,Gas central heating,699,145,554,556,38,518,79,48,31,64,59,5
S01010497,Electric (including storage heaters) central heating,13,7,6,4,1,3,3,0,3,6,6,0
S01010497,Oil central heating,0,0,0,0,0,0,0,0,0,0,0,0
S01010497,Solid fuel (for example wood coal) central heating,0,0,0,0,0,0,0,0,0,0,0,0
S01010497,Other central heating,10,3,7,8,1,7,0,0,0,2,2,0
S01010497,Two or more types of central heating,26,9,17,15,0,15,8,6,2,3,3,0
S01010498,All people in households,839,218,621,599,48,551,134,68,66,106,102,4
S01010498,No central heating,13,5,8,8,0,8,2,2,0,3,3,0
S01010498,Gas central heating,768,196,572,554,41,513,119,63,56,95,92,3
S01010498,Electric (including storage heaters) central heating,16,6,10,12,4,8,3,1,2,1,1,0
S01010498,Oil central heating,0,0,0,0,0,0,0,0,0,0,0,0
S01010498,Solid fuel (for example wood coal) central heating,0,0,0,0,0,0,0,0,0,0,0,0
S01010498,Other central heating,0,0,0,0,0,0,0,0,0,0,0,0
S01010498,Two or more types of central heating,42,11,31,25,3,22,10,2,8,7,6,1
S01010499,All people in households,804,262,542,533,53,480,154,99,55,117,110,7
S01010499,No central heating,39,16,23,27,5,22,4,4,0,8,7,1
S01010499,Gas central heating,357,104,253,253,21,232,61,41,20,43,42,1
S01010499,Electric (including storage heaters) central heating,385,136,249,238,25,213,83,51,32,64,60,4
S01010499,Oil central heating,1,1,0,0,0,0,1,1,0,0,0,0
S01010499,Solid fuel (for example wood coal) central heating,0,0,0,0,0,0,0,0,0,0,0,0
S01010499,Other central heating,3,1,2,2,1,1,0,0,0,1,0,1
S01010499,Two or more types of central heating,19,4,15,13,1,12,5,2,3,1,1,0
S01010500,All people in households,1078,239,839,832,48,784,135,86,49,111,105,6
S01010500,No central heating,3,2,1,2,1,1,1,1,0,0,0,0
S01010500,Gas central heating,1011,219,792,783,43,740,122,76,46,106,100,6
S01010500,Electric (including storage heaters) central heating,16,5,11,12,1,11,2,2,0,2,2,0
S01010500,Oil central heating,0,0,0,0,0,0,0,0,0,0,0,0
S01010500,Solid fuel (for example wood coal) central heating,0,0,0,0,0,0,0,0,0,0,0,0
S01010500,Other central heating,0,0,0,0,0,0,0,0,0,0,0,0
S01010500,Two or more types of central heating,48,13,35,35,3,32,10,7,3,3,3,0
S01010501,All people in households,928,257,671,661,44,617,143,92,51,124,121,3
S01010501,No central heating,6,2,4,4,0,4,0,0,0,2,2,0
S01010501,Gas central heating,872,237,635,627,43,584,132,84,48,113,110,3
S01010501,Electric (including storage heaters) central heating,15,4,11,11,0,11,2,2,0,2,2,0
S01010501,Oil central heating,0,0,0,0,0,0,0,0,0,0,0,0
S01010501,Solid fuel (for example wood coal) central heating,0,0,0,0,0,0,0,0,0,0,0,0
S01010501,Other central heating,2,0,2,2,0,2,0,0,0,0,0,0
S01010501,Two or more types of central heating,33,14,19,17,1,16,9,6,3,7,7,0
S01010502,All people in households,803,168,635,652,45,607,86,59,27,65,64,1
S01010502,No central heating,4,0,4,4,0,4,0,0,0,0,0,0
S01010502,Gas central heating,759,158,601,616,40,576,81,57,24,62,61,1
S01010502,Electric (including storage heaters) central heating,7,1,6,7,1,6,0,0,0,0,0,0
S01010502,Oil central heating,0,0,0,0,0,0,0,0,0,0,0,0
S01010502,Solid fuel (for example wood coal) central heating,1,1,0,0,0,0,0,0,0,1,1,0
S01010502,Other central heating,0,0,0,0,0,0,0,0,0,0,0,0
S01010502,Two or more types of central heating,32,8,24,25,4,21,5,2,3,2,2,0
S01010503,All people in households,655,207,448,440,33,407,128,88,40,87,86,1
S01010503,No central heating,11,5,6,9,3,6,0,0,0,2,2,0
S01010503,Gas central heating,604,182,422,412,27,385,114,78,36,78,77,1
S01010503,Electric (including storage heaters) central heating,21,9,12,13,1,12,5,5,0,3,3,0
S01010503,Oil central heating,0,0,0,0,0,0,0,0,0,0,0,0
S01010503,Solid fuel (for example wood coal) central heating,0,0,0,0,0,0,0,0,0,0,0,0
S01010503,Other central heating,4,0,4,0,0,0,4,0,4,0,0,0
S01010503,Two or more types of central heating,15,11,4,6,2,4,5,5,0,4,4,0
S01010504,All people in households,531,101,430,454,39,415,53,39,14,24,23,1
S01010504,No central heating,44,10,34,35,3,32,9,7,2,0,0,0
S01010504,Gas central heating,44,15,29,35,6,29,5,5,0,4,4,0
S01010504,Electric (including storage heaters) central heating,88,26,62,67,9,58,15,12,3,6,5,1
S01010504,Oil central heating,200,22,178,180,8,172,13,7,6,7,7,0
S01010504,Solid fuel (for example wood coal) central heating,85,12,73,78,7,71,5,3,2,2,2,0
S01010504,Other central heating,11,3,8,8,0,8,1,1,0,2,2,0
S01010504,Two or more types of central heating,59,13,46,51,6,45,5,4,1,3,3,0
S01010505,All people in households,558,92,466,480,29,451,63,48,15,15,15,0
S01010505,No central heating,40,7,33,37,4,33,3,3,0,0,0,0
S01010505,Gas central heating,24,4,20,22,2,20,1,1,0,1,1,0
S01010505,Electric (including storage heaters) central heating,67,22,45,53,8,45,13,13,0,1,1,0
S01010505,Oil central heating,238,28,210,208,7,201,24,15,9,6,6,0
S01010505,Solid fuel (for example wood coal) central heating,102,11,91,91,4,87,10,6,4,1,1,0
S01010505,Other central heating,29,3,26,26,1,25,2,1,1,1,1,0
S01010505,Two or more types of central heating,58,17,41,43,3,40,10,9,1,5,5,0
S01010506,All people in households,828,129,699,719,45,674,85,60,25,24,24,0
S01010506,No central heating,48,6,42,39,2,37,8,3,5,1,1,0
S01010506,Gas central heating,35,6,29,32,3,29,2,2,0,1,1,0
S01010506,Electric (including storage heaters) central heating,218,41,177,181,10,171,26,20,6,11,11,0
S01010506,Oil central heating,336,43,293,306,18,288,24,19,5,6,6,0
S01010506,Solid fuel (for example wood coal) central heating,72,15,57,58,5,53,11,7,4,3,3,0
S01010506,Other central heating,12,1,11,11,0,11,1,1,0,0,0,0
S01010506,Two or more types of central heating,107,17,90,92,7,85,13,8,5,2,2,0
S01010507,All people in households,794,125,669,680,41,639,76,47,29,38,37,1
S01010507,No central heating,14,4,10,7,0,7,7,4,3,0,0,0
S01010507,Gas central heating,15,2,13,12,0,12,1,0,1,2,2,0
S01010507,Electric (including storage heaters) central heating,323,62,261,266,16,250,37,26,11,20,20,0
S01010507,Oil central heating,274,28,246,252,14,238,18,10,8,4,4,0
S01010507,Solid fuel (for example wood coal) central heating,78,19,59,63,6,57,8,6,2,7,7,0
S01010507,Other central heating,14,2,12,12,0,12,0,0,0,2,2,0
S01010507,Two or more types of central heating,76,8,68,68,5,63,5,1,4,3,2,1
S01010508,All people in households,962,179,783,806,62,744,109,71,38,47,46,1
S01010508,No central heating,71,15,56,58,3,55,8,7,1,5,5,0
S01010508,Gas central heating,47,9,38,39,3,36,6,4,2,2,2,0
S01010508,Electric (including storage heaters) central heating,189,43,146,153,15,138,21,14,7,15,14,1
S01010508,Oil central heating,356,69,287,294,23,271,46,30,16,16,16,0
S01010508,Solid fuel (for example wood coal) central heating,167,23,144,144,7,137,14,7,7,9,9,0
S01010508,Other central heating,35,4,31,32,1,31,3,3,0,0,0,0
S01010508,Two or more types of central heating,97,16,81,86,10,76,11,6,5,0,0,0
S01010509,All people in households,922,155,767,789,51,738,99,70,29,34,34,0
S01010509,No central heating,49,5,44,47,3,44,1,1,0,1,1,0
S01010509,Gas central heating,66,11,55,59,4,55,5,5,0,2,2,0
S01010509,Electric (including storage heaters) central heating,188,45,143,148,12,136,28,21,7,12,12,0
S01010509,Oil central heating,350,60,290,302,24,278,37,25,12,11,11,0
S01010509,Solid fuel (for example wood coal) central heating,97,14,83,82,2,80,11,8,3,4,4,0
S01010509,Other central heating,29,5,24,25,2,23,3,2,1,1,1,0
S01010509,Two or more types of central heating,143,15,128,126,4,122,14,8,6,3,3,0
S01010510,All people in households,777,166,611,623,50,573,108,73,35,46,43,3
S01010510,No central heating,16,6,10,12,4,8,4,2,2,0,0,0
S01010510,Gas central heating,34,6,28,32,4,28,1,1,0,1,1,0
S01010510,Electric (including storage heaters) central heating,283,90,193,200,21,179,54,42,12,29,27,2
S01010510,Oil central heating,341,45,296,300,17,283,29,17,12,12,11,1
S01010510,Solid fuel (for example wood coal) central heating,56,8,48,43,1,42,11,5,6,2,2,0
S01010510,Other central heating,4,1,3,4,1,3,0,0,0,0,0,0
S01010510,Two or more types of central heating,43,10,33,32,2,30,9,6,3,2,2,0
S01010511,All people in households,870,156,714,715,41,674,105,66,39,50,49,1
S01010511,No central heating,23,3,20,20,1,19,2,1,1,1,1,0
S01010511,Gas central heating,3,3,0,2,2,0,0,0,0,1,1,0
S01010511,Electric (including storage heaters) central heating,329,78,251,252,17,235,48,33,15,29,28,1
S01010511,Oil central heating,249,39,210,211,11,200,28,18,10,10,10,0
S01010511,Solid fuel (for example wood coal) central heating,190,25,165,162,7,155,20,10,10,8,8,0
S01010511,Other central heating,14,3,11,11,0,11,2,2,0,1,1,0
S01010511,Two or more types of central heating,62,5,57,57,3,54,5,2,3,0,0,0
S01010512,All people in households,611,146,465,488,47,441,86,62,24,37,37,0
S01010512,No central heating,12,4,8,11,3,8,1,1,0,0,0,0
S01010512,Gas central heating,5,0,5,5,0,5,0,0,0,0,0,0
S01010512,Electric (including storage heaters) central heating,105,27,78,74,5,69,22,13,9,9,9,0
S01010512,Oil central heating,329,63,266,273,19,254,41,29,12,15,15,0
S01010512,Solid fuel (for example wood coal) central heating,96,35,61,71,11,60,16,15,1,9,9,0
S01010512,Other central heating,11,5,6,8,2,6,1,1,0,2,2,0
S01010512,Two or more types of central heating,53,12,41,46,7,39,5,3,2,2,2,0
S01010513,All people in households,757,98,659,666,33,633,69,44,25,22,21,1
S01010513,No central heating,11,1,10,11,1,10,0,0,0,0,0,0
S01010513,Gas central heating,46,8,38,37,1,36,6,4,2,3,3,0
S01010513,Electric (including storage heaters) central heating,153,30,123,127,11,116,21,14,7,5,5,0
S01010513,Oil central heating,449,40,409,411,14,397,26,15,11,12,11,1
S01010513,Solid fuel (for example wood coal) central heating,19,2,17,17,0,17,2,2,0,0,0,0
S01010513,Other central heating,10,4,6,8,2,6,2,2,0,0,0,0
S01010513,Two or more types of central heating,69,13,56,55,4,51,12,7,5,2,2,0
S01010514,All people in households,709,134,575,593,47,546,80,52,28,36,35,1
S01010514,No central heating,20,5,15,17,3,14,1,0,1,2,2,0
S01010514,Gas central heating,11,4,7,7,1,6,3,2,1,1,1,0
S01010514,Electric (including storage heaters) central heating,185,38,147,153,12,141,23,17,6,9,9,0
S01010514,Oil central heating,261,40,221,229,15,214,21,15,6,11,10,1
S01010514,Solid fuel (for example wood coal) central heating,108,23,85,85,10,75,19,9,10,4,4,0
S01010514,Other central heating,13,4,9,9,0,9,1,1,0,3,3,0
S01010514,Two or more types of central heating,111,20,91,93,6,87,12,8,4,6,6,0
S01010515,All people in households,799,168,631,658,60,598,99,66,33,42,42,0
S01010515,No central heating,12,4,8,9,2,7,2,1,1,1,1,0
S01010515,Gas central heating,29,4,25,24,1,23,3,1,2,2,2,0
S01010515,Electric (including storage heaters) central heating,374,101,273,291,36,255,59,41,18,24,24,0
S01010515,Oil central heating,263,37,226,234,15,219,19,12,7,10,10,0
S01010515,Solid fuel (for example wood coal) central heating,64,14,50,51,3,48,9,7,2,4,4,0
S01010515,Other central heating,27,4,23,23,0,23,4,4,0,0,0,0
S01010515,Two or more types of central heating,30,4,26,26,3,23,3,0,3,1,1,0
S01010516,All people in households,557,93,464,466,33,433,64,35,29,27,25,2
S01010516,No central heating,11,5,6,6,1,5,4,3,1,1,1,0
S01010516,Gas central heating,26,1,25,25,0,25,1,1,0,0,0,0
S01010516,Electric (including storage heaters) central heating,207,42,165,164,13,151,31,18,13,12,11,1
S01010516,Oil central heating,251,39,212,216,17,199,23,11,12,12,11,1
S01010516,Solid fuel (for example wood coal) central heating,13,2,11,11,0,11,1,1,0,1,1,0
S01010516,Other central heating,6,2,4,5,1,4,1,1,0,0,0,0
S01010516,Two or more types of central heating,43,2,41,39,1,38,3,0,3,1,1,0
S01010517,All people in households,858,139,719,742,52,690,73,46,27,43,41,2
S01010517,No central heating,18,1,17,17,1,16,0,0,0,1,0,1
S01010517,Gas central heating,42,8,34,37,4,33,3,2,1,2,2,0
S01010517,Electric (including storage heaters) central heating,466,81,385,401,32,369,39,23,16,26,26,0
S01010517,Oil central heating,209,23,186,182,4,178,20,12,8,7,7,0
S01010517,Solid fuel (for example wood coal) central heating,58,11,47,49,4,45,7,5,2,2,2,0
S01010517,Other central heating,6,2,4,5,1,4,1,1,0,0,0,0
S01010517,Two or more types of central heating,59,13,46,51,6,45,3,3,0,5,4,1
S01010518,All people in households,656,101,555,555,28,527,85,58,27,16,15,1
S01010518,No central heating,24,6,18,19,1,18,5,5,0,0,0,0
S01010518,Gas central heating,24,7,17,20,4,16,3,2,1,1,1,0
S01010518,Electric (including storage heaters) central heating,384,53,331,324,10,314,50,34,16,10,9,1
S01010518,Oil central heating,149,27,122,126,11,115,20,13,7,3,3,0
S01010518,Solid fuel (for example wood coal) central heating,32,6,26,26,1,25,5,4,1,1,1,0
S01010518,Other central heating,2,0,2,2,0,2,0,0,0,0,0,0
S01010518,Two or more types of central heating,41,2,39,38,1,37,2,0,2,1,1,0
S01010519,All people in households,748,118,630,643,45,598,74,44,30,31,29,2
S01010519,No central heating,10,0,10,8,0,8,2,0,2,0,0,0
S01010519,Gas central heating,23,4,19,19,3,16,3,0,3,1,1,0
S01010519,Electric (including storage heaters) central heating,481,80,401,407,27,380,54,34,20,20,19,1
S01010519,Oil central heating,185,21,164,171,10,161,7,4,3,7,7,0
S01010519,Solid fuel (for example wood coal) central heating,15,5,10,9,1,8,6,4,2,0,0,0
S01010519,Other central heating,4,2,2,1,0,1,1,1,0,2,1,1
S01010519,Two or more types of central heating,30,6,24,28,4,24,1,1,0,1,1,0
S01010520,All people in households,945,168,777,795,42,753,96,73,23,54,53,1
S01010520,No central heating,31,8,23,24,3,21,4,2,2,3,3,0
S01010520,Gas central heating,27,6,21,23,2,21,2,2,0,2,2,0
S01010520,Electric (including storage heaters) central heating,329,69,260,262,13,249,40,30,10,27,26,1
S01010520,Oil central heating,437,65,372,383,19,364,34,26,8,20,20,0
S01010520,Solid fuel (for example wood coal) central heating,37,5,32,30,0,30,7,5,2,0,0,0
S01010520,Other central heating,13,5,8,10,2,8,3,3,0,0,0,0
S01010520,Two or more types of central heating,71,10,61,63,3,60,6,5,1,2,2,0
S01010521,All people in households,750,132,618,643,49,594,73,50,23,34,33,1
S01010521,No central heating,15,0,15,14,0,14,1,0,1,0,0,0
S01010521,Gas central heating,42,6,36,38,2,36,4,4,0,0,0,0
S01010521,Electric (including storage heaters) central heating,313,67,246,260,23,237,34,25,9,19,19,0
S01010521,Oil central heating,199,28,171,176,10,166,16,11,5,7,7,0
S01010521,Solid fuel (for example wood coal) central heating,113,14,99,97,7,90,10,2,8,6,5,1
S01010521,Other central heating,11,2,9,9,0,9,1,1,0,1,1,0
S01010521,Two or more types of central heating,57,15,42,49,7,42,7,7,0,1,1,0
S01010522,All people in households,581,135,446,466,50,416,86,58,28,29,27,2
S01010522,No central heating,19,5,14,14,0,14,5,5,0,0,0,0
S01010522,Gas central heating,10,2,8,10,2,8,0,0,0,0,0,0
S01010522,Electric (including storage heaters) central heating,405,109,296,308,36,272,71,48,23,26,25,1
S01010522,Oil central heating,94,12,82,85,6,79,6,4,2,3,2,1
S01010522,Solid fuel (for example wood coal) central heating,19,3,16,15,2,13,4,1,3,0,0,0
S01010522,Other central heating,0,0,0,0,0,0,0,0,0,0,0,0
S01010522,Two or more types of central heating,34,4,30,34,4,30,0,0,0,0,0,0
S01010523,All people in households,644,109,535,537,35,502,82,49,33,25,25,0
S01010523,No central heating,13,3,10,10,1,9,2,1,1,1,1,0
S01010523,Gas central heating,9,1,8,9,1,8,0,0,0,0,0,0
S01010523,Electric (including storage heaters) central heating,528,87,441,438,25,413,70,42,28,20,20,0
S01010523,Oil central heating,48,11,37,37,4,33,9,5,4,2,2,0
S01010523,Solid fuel (for example wood coal) central heating,4,2,2,3,1,2,1,1,0,0,0,0
S01010523,Other central heating,22,3,19,20,1,19,0,0,0,2,2,0
S01010523,Two or more types of central heating,20,2,18,20,2,18,0,0,0,0,0,0
S01010524,All people in households,504,95,409,434,41,393,55,39,16,15,15,0
S01010524,No central heating,17,3,14,16,2,14,1,1,0,0,0,0
S01010524,Gas central heating,61,10,51,51,3,48,7,4,3,3,3,0
S01010524,Electric (including storage heaters) central heating,101,26,75,78,9,69,14,8,6,9,9,0
S01010524,Oil central heating,259,44,215,231,21,210,25,20,5,3,3,0
S01010524,Solid fuel (for example wood coal) central heating,26,4,22,23,2,21,3,2,1,0,0,0
S01010524,Other central heating,5,0,5,5,0,5,0,0,0,0,0,0
S01010524,Two or more types of central heating,35,8,27,30,4,26,5,4,1,0,0,0
S01010525,All people in households,624,114,510,531,34,497,68,55,13,25,25,0
S01010525,No central heating,17,2,15,14,0,14,3,2,1,0,0,0
S01010525,Gas central heating,51,13,38,42,6,36,7,5,2,2,2,0
S01010525,Electric (including storage heaters) central heating,116,24,92,96,6,90,12,10,2,8,8,0
S01010525,Oil central heating,332,53,279,290,19,271,34,26,8,8,8,0
S01010525,Solid fuel (for example wood coal) central heating,45,8,37,37,0,37,6,6,0,2,2,0
S01010525,Other central heating,18,5,13,13,0,13,4,4,0,1,1,0
S01010525,Two or more types of central heating,45,9,36,39,3,36,2,2,0,4,4,0
S01010526,All people in households,787,176,611,629,56,573,115,78,37,43,42,1
S01010526,No central heating,30,9,21,25,5,20,3,2,1,2,2,0
S01010526,Gas central heating,60,17,43,41,3,38,15,10,5,4,4,0
S01010526,Electric (including storage heaters) central heating,190,51,139,140,14,126,38,25,13,12,12,0
S01010526,Oil central heating,327,62,265,275,23,252,41,28,13,11,11,0
S01010526,Solid fuel (for example wood coal) central heating,88,15,73,76,6,70,8,5,3,4,4,0
S01010526,Other central heating,25,6,19,19,1,18,3,2,1,3,3,0
S01010526,Two or more types of central heating,67,16,51,53,4,49,7,6,1,7,6,1
S01010527,All people in households,889,220,669,678,50,628,157,116,41,54,54,0
S01010527,No central heating,50,10,40,38,6,32,10,2,8,2,2,0
S01010527,Gas central heating,55,9,46,42,1,41,12,7,5,1,1,0
S01010527,Electric (including storage heaters) central heating,384,121,263,272,24,248,82,67,15,30,30,0
S01010527,Oil central heating,243,45,198,204,12,192,29,23,6,10,10,0
S01010527,Solid fuel (for example wood coal) central heating,58,10,48,47,3,44,7,3,4,4,4,0
S01010527,Other central heating,10,3,7,7,0,7,2,2,0,1,1,0
S01010527,Two or more types of central heating,89,22,67,68,4,64,15,12,3,6,6,0
S01010528,All people in households,611,115,496,516,45,471,75,51,24,20,19,1
S01010528,No central heating,23,1,22,21,0,21,2,1,1,0,0,0
S01010528,Gas central heating,38,15,23,28,5,23,6,6,0,4,4,0
S01010528,Electric (including storage heaters) central heating,126,31,95,99,10,89,19,13,6,8,8,0
S01010528,Oil central heating,267,39,228,234,15,219,29,21,8,4,3,1
S01010528,Solid fuel (for example wood coal) central heating,91,13,78,79,6,73,10,5,5,2,2,0
S01010528,Other central heating,8,3,5,6,1,5,1,1,0,1,1,0
S01010528,Two or more types of central heating,58,13,45,49,8,41,8,4,4,1,1,0
S01010529,All people in households,698,116,582,598,42,556,71,45,26,29,29,0
S01010529,No central heating,20,2,18,18,1,17,1,0,1,1,1,0
S01010529,Gas central heating,41,11,30,35,5,30,3,3,0,3,3,0
S01010529,Electric (including storage heaters) central heating,156,37,119,126,11,115,19,15,4,11,11,0
S01010529,Oil central heating,356,40,316,314,15,299,31,14,17,11,11,0
S01010529,Solid fuel (for example wood coal) central heating,28,4,24,23,0,23,4,3,1,1,1,0
S01010529,Other central heating,7,3,4,5,1,4,2,2,0,0,0,0
S01010529,Two or more types of central heating,90,19,71,77,9,68,11,8,3,2,2,0
S01010530,All people in households,645,98,547,571,45,526,55,34,21,19,19,0
S01010530,No central heating,21,3,18,19,1,18,2,2,0,0,0,0
S01010530,Gas central heating,46,9,37,36,3,33,8,4,4,2,2,0
S01010530,Electric (including storage heaters) central heating,81,15,66,71,7,64,5,3,2,5,5,0
S01010530,Oil central heating,376,65,311,327,30,297,38,24,14,11,11,0
S01010530,Solid fuel (for example wood coal) central heating,71,4,67,70,3,67,0,0,0,1,1,0
S01010530,Other central heating,17,0,17,17,0,17,0,0,0,0,0,0
S01010530,Two or more types of central heating,33,2,31,31,1,30,2,1,1,0,0,0
S01010531,All people in households,1067,203,864,903,74,829,128,93,35,36,36,0
S01010531,No central heating,32,7,25,24,3,21,6,2,4,2,2,0
S01010531,Gas central heating,65,8,57,61,4,57,3,3,0,1,1,0
S01010531,Electric (including storage heaters) central heating,267,62,205,214,23,191,38,24,14,15,15,0
S01010531,Oil central heating,549,99,450,475,37,438,60,48,12,14,14,0
S01010531,Solid fuel (for example wood coal) central heating,40,9,31,31,1,30,7,6,1,2,2,0
S01010531,Other central heating,16,5,11,13,2,11,3,3,0,0,0,0
S01010531,Two or more types of central heating,98,13,85,85,4,81,11,7,4,2,2,0
S01010532,All people in households,545,71,474,483,26,457,46,30,16,16,15,1
S01010532,No central heating,23,6,17,20,3,17,1,1,0,2,2,0
S01010532,Gas central heating,38,8,30,34,4,30,2,2,0,2,2,0
S01010532,Electric (including storage heaters) central heating,84,10,74,73,2,71,8,5,3,3,3,0
S01010532,Oil central heating,272,29,243,244,10,234,21,12,9,7,7,0
S01010532,Solid fuel (for example wood coal) central heating,38,3,35,35,0,35,3,3,0,0,0,0
S01010532,Other central heating,22,6,16,18,3,15,4,3,1,0,0,0
S01010532,Two or more types of central heating,68,9,59,59,4,55,7,4,3,2,1,1
S01010533,All people in households,561,119,442,468,46,422,70,50,20,23,23,0
S01010533,No central heating,18,2,16,15,1,14,3,1,2,0,0,0
S01010533,Gas central heating,28,3,25,24,0,24,3,2,1,1,1,0
S01010533,Electric (including storage heaters) central heating,167,36,131,140,14,126,18,13,5,9,9,0
S01010533,Oil central heating,285,68,217,236,28,208,39,30,9,10,10,0
S01010533,Solid fuel (for example wood coal) central heating,3,0,3,3,0,3,0,0,0,0,0,0
S01010533,Other central heating,12,1,11,10,0,10,2,1,1,0,0,0
S01010533,Two or more types of central heating,48,9,39,40,3,37,5,3,2,3,3,0
S01010534,All people in households,882,136,746,768,48,720,83,58,25,31,30,1
S01010534,No central heating,26,5,21,20,0,20,4,3,1,2,2,0
S01010534,Gas central heating,23,10,13,14,1,13,4,4,0,5,5,0
S01010534,Electric (including storage heaters) central heating,359,70,289,302,29,273,43,28,15,14,13,1
S01010534,Oil central heating,365,36,329,332,12,320,26,17,9,7,7,0
S01010534,Solid fuel (for example wood coal) central heating,30,3,27,27,0,27,3,3,0,0,0,0
S01010534,Other central heating,1,1,0,0,0,0,1,1,0,0,0,0
S01010534,Two or more types of central heating,78,11,67,73,6,67,2,2,0,3,3,0
S01010535,All people in households,699,103,596,614,38,576,57,37,20,28,28,0
S01010535,No central heating,42,2,40,40,0,40,1,1,0,1,1,0
S01010535,Gas central heating,43,4,39,37,2,35,4,0,4,2,2,0
S01010535,Electric (including storage heaters) central heating,152,39,113,119,10,109,21,17,4,12,12,0
S01010535,Oil central heating,334,45,289,303,21,282,21,14,7,10,10,0
S01010535,Solid fuel (for example wood coal) central heating,46,1,45,42,0,42,4,1,3,0,0,0
S01010535,Other central heating,1,1,0,0,0,0,0,0,0,1,1,0
S01010535,Two or more types of central heating,81,11,70,73,5,68,6,4,2,2,2,0
S01010536,All people in households,840,164,676,684,37,647,112,85,27,44,42,2
S01010536,No central heating,21,1,20,18,0,18,3,1,2,0,0,0
S01010536,Gas central heating,44,5,39,38,1,37,5,3,2,1,1,0
S01010536,Electric (including storage heaters) central heating,527,115,412,424,27,397,75,61,14,28,27,1
S01010536,Oil central heating,135,22,113,111,4,107,17,12,5,7,6,1
S01010536,Solid fuel (for example wood coal) central heating,32,6,26,26,1,25,3,2,1,3,3,0
S01010536,Other central heating,11,1,10,10,1,9,1,0,1,0,0,0
S01010536,Two or more types of central heating,70,14,56,57,3,54,8,6,2,5,5,0
S01010537,All people in households,668,107,561,563,30,533,76,48,28,29,29,0
S01010537,No central heating,37,6,31,28,1,27,9,5,4,0,0,0
S01010537,Gas central heating,29,5,24,25,1,24,2,2,0,2,2,0
S01010537,Electric (including storage heaters) central heating,327,52,275,272,13,259,35,19,16,20,20,0
S01010537,Oil central heating,177,24,153,156,8,148,18,13,5,3,3,0
S01010537,Solid fuel (for example wood coal) central heating,29,8,21,22,2,20,5,4,1,2,2,0
S01010537,Other central heating,13,3,10,10,0,10,2,2,0,1,1,0
S01010537,Two or more types of central heating,56,9,47,50,5,45,5,3,2,1,1,0
S01010538,All people in households,849,97,752,779,49,730,48,28,20,22,20,2
S01010538,No central heating,14,2,12,13,1,12,0,0,0,1,1,0
S01010538,Gas central heating,81,8,73,75,6,69,5,2,3,1,0,1
S01010538,Electric (including storage heaters) central heating,281,33,248,251,14,237,19,8,11,11,11,0
S01010538,Oil central heating,140,12,128,134,7,127,4,3,1,2,2,0
S01010538,Solid fuel (for example wood coal) central heating,134,15,119,124,8,116,6,4,2,4,3,1
S01010538,Other central heating,159,17,142,147,8,139,11,8,3,1,1,0
S01010538,Two or more types of central heating,40,10,30,35,5,30,3,3,0,2,2,0
S01010539,All people in households,1005,138,867,877,44,833,96,64,32,32,30,2
S01010539,No central heating,55,5,50,47,0,47,5,2,3,3,3,0
S01010539,Gas central heating,24,5,19,18,0,18,6,5,1,0,0,0
S01010539,Electric (including storage heaters) central heating,599,81,518,530,29,501,55,38,17,14,14,0
S01010539,Oil central heating,239,33,206,210,9,201,17,12,5,12,12,0
S01010539,Solid fuel (for example wood coal) central heating,25,4,21,16,1,15,7,3,4,2,0,2
S01010539,Other central heating,5,1,4,3,0,3,2,1,1,0,0,0
S01010539,Two or more types of central heating,58,9,49,53,5,48,4,3,1,1,1,0
S01010540,All people in households,626,105,521,527,34,493,77,49,28,22,22,0
S01010540,No central heating,37,2,35,35,1,34,2,1,1,0,0,0
S01010540,Gas central heating,21,2,19,18,0,18,3,2,1,0,0,0
S01010540,Electric (including storage heaters) central heating,235,46,189,194,16,178,30,19,11,11,11,0
S01010540,Oil central heating,223,39,184,189,10,179,28,23,5,6,6,0
S01010540,Solid fuel (for example wood coal) central heating,32,3,29,28,1,27,2,0,2,2,2,0
S01010540,Other central heating,13,1,12,13,1,12,0,0,0,0,0,0
S01010540,Two or more types of central heating,65,12,53,50,5,45,12,4,8,3,3,0
S01010541,All people in households,819,114,705,730,46,684,72,52,20,17,16,1
S01010541,No central heating,44,2,42,41,2,39,2,0,2,1,0,1
S01010541,Gas central heating,32,7,25,27,3,24,5,4,1,0,0,0
S01010541,Electric (including storage heaters) central heating,250,41,209,214,11,203,29,23,6,7,7,0
S01010541,Oil central heating,339,46,293,303,19,284,28,19,9,8,8,0
S01010541,Solid fuel (for example wood coal) central heating,41,5,36,40,4,36,1,1,0,0,0,0
S01010541,Other central heating,29,2,27,28,1,27,1,1,0,0,0,0
S01010541,Two or more types of central heating,84,11,73,77,6,71,6,4,2,1,1,0
S01010542,All people in households,880,169,711,766,71,695,84,68,16,30,30,0
S01010542,No central heating,64,9,55,58,3,55,2,2,0,4,4,0
S01010542,Gas central heating,30,7,23,28,6,22,1,0,1,1,1,0
S01010542,Electric (including storage heaters) central heating,295,74,221,240,27,213,43,35,8,12,12,0
S01010542,Oil central heating,365,52,313,338,28,310,21,18,3,6,6,0
S01010542,Solid fuel (for example wood coal) central heating,19,7,12,15,3,12,4,4,0,0,0,0
S01010542,Other central heating,19,6,13,15,2,13,2,2,0,2,2,0
S01010542,Two or more types of central heating,88,14,74,72,2,70,11,7,4,5,5,0
S01010543,All people in households,600,94,506,522,31,491,54,39,15,24,24,0
S01010543,No central heating,26,1,25,23,0,23,2,0,2,1,1,0
S01010543,Gas central heating,20,7,13,14,1,13,3,3,0,3,3,0
S01010543,Electric (including storage heaters) central heating,85,12,73,71,3,68,10,5,5,4,4,0
S01010543,Oil central heating,349,59,290,305,19,286,29,25,4,15,15,0
S01010543,Solid fuel (for example wood coal) central heating,43,5,38,38,2,36,4,2,2,1,1,0
S01010543,Other central heating,11,1,10,11,1,10,0,0,0,0,0,0
S01010543,Two or more types of central heating,66,9,57,60,5,55,6,4,2,0,0,0
S01010544,All people in households,864,120,744,758,45,713,77,48,29,29,27,2
S01010544,No central heating,8,3,5,5,1,4,2,1,1,1,1,0
S01010544,Gas central heating,17,5,12,12,0,12,3,3,0,2,2,0
S01010544,Electric (including storage heaters) central heating,346,47,299,298,15,283,36,22,14,12,10,2
S01010544,Oil central heating,382,49,333,345,22,323,26,16,10,11,11,0
S01010544,Solid fuel (for example wood coal) central heating,49,9,40,45,6,39,3,2,1,1,1,0
S01010544,Other central heating,6,2,4,4,0,4,2,2,0,0,0,0
S01010544,Two or more types of central heating,56,5,51,49,1,48,5,2,3,2,2,0
S01010545,All people in households,727,141,586,625,58,567,76,58,18,26,25,1
S01010545,No central heating,27,6,21,23,2,21,1,1,0,3,3,0
S01010545,Gas central heating,20,4,16,14,0,14,4,2,2,2,2,0
S01010545,Electric (including storage heaters) central heating,265,73,192,209,28,181,44,34,10,12,11,1
S01010545,Oil central heating,334,45,289,308,23,285,20,16,4,6,6,0
S01010545,Solid fuel (for example wood coal) central heating,8,1,7,7,0,7,1,1,0,0,0,0
S01010545,Other central heating,11,1,10,10,0,10,1,1,0,0,0,0
S01010545,Two or more types of central heating,62,11,51,54,5,49,5,3,2,3,3,0
S01010546,All people in households,733,135,598,638,58,580,71,54,17,24,23,1
S01010546,No central heating,3,1,2,2,0,2,0,0,0,1,1,0
S01010546,Gas central heating,22,2,20,21,1,20,0,0,0,1,1,0
S01010546,Electric (including storage heaters) central heating,344,73,271,289,24,265,40,35,5,15,14,1
S01010546,Oil central heating,299,48,251,270,26,244,22,15,7,7,7,0
S01010546,Solid fuel (for example wood coal) central heating,24,7,17,20,3,17,4,4,0,0,0,0
S01010546,Other central heating,14,3,11,14,3,11,0,0,0,0,0,0
S01010546,Two or more types of central heating,27,1,26,22,1,21,5,0,5,0,0,0
S01010547,All people in households,754,119,635,659,47,612,73,51,22,22,21,1
S01010547,No central heating,36,3,33,29,0,29,7,3,4,0,0,0
S01010547,Gas central heating,34,7,27,30,3,27,3,3,0,1,1,0
S01010547,Electric (including storage heaters) central heating,135,24,111,118,8,110,13,12,1,4,4,0
S01010547,Oil central heating,432,63,369,388,30,358,32,22,10,12,11,1
S01010547,Solid fuel (for example wood coal) central heating,35,6,29,25,1,24,6,1,5,4,4,0
S01010547,Other central heating,8,1,7,7,0,7,1,1,0,0,0,0
S01010547,Two or more types of central heating,74,15,59,62,5,57,11,9,2,1,1,0
S01010548,All people in households,677,128,549,585,54,531,72,54,18,20,20,0
S01010548,No central heating,14,2,12,13,1,12,1,1,0,0,0,0
S01010548,Gas central heating,195,50,145,163,23,140,23,18,5,9,9,0
S01010548,Electric (including storage heaters) central heating,63,13,50,54,6,48,6,4,2,3,3,0
S01010548,Oil central heating,307,40,267,275,16,259,26,18,8,6,6,0
S01010548,Solid fuel (for example wood coal) central heating,30,5,25,27,2,25,3,3,0,0,0,0
S01010548,Other central heating,8,3,5,5,1,4,2,1,1,1,1,0
S01010548,Two or more types of central heating,60,15,45,48,5,43,11,9,2,1,1,0
S01010549,All people in households,941,131,810,851,58,793,66,49,17,24,24,0
S01010549,No central heating,0,0,0,0,0,0,0,0,0,0,0,0
S01010549,Gas central heating,814,106,708,735,43,692,61,45,16,18,18,0
S01010549,Electric (including storage heaters) central heating,13,5,8,10,3,7,2,1,1,1,1,0
S01010549,Oil central heating,94,14,80,87,7,80,2,2,0,5,5,0
S01010549,Solid fuel (for example wood coal) central heating,0,0,0,0,0,0,0,0,0,0,0,0
S01010549,Other central heating,2,0,2,2,0,2,0,0,0,0,0,0
S01010549,Two or more types of central heating,18,6,12,17,5,12,1,1,0,0,0,0
S01010550,All people in households,535,77,458,469,26,443,57,42,15,9,9,0
S01010550,No central heating,7,0,7,7,0,7,0,0,0,0,0,0
S01010550,Gas central heating,426,67,359,367,23,344,51,36,15,8,8,0
S01010550,Electric (including storage heaters) central heating,58,6,52,53,1,52,4,4,0,1,1,0
S01010550,Oil central heating,20,2,18,20,2,18,0,0,0,0,0,0
S01010550,Solid fuel (for example wood coal) central heating,6,0,6,6,0,6,0,0,0,0,0,0
S01010550,Other central heating,0,0,0,0,0,0,0,0,0,0,0,0
S01010550,Two or more types of central heating,18,2,16,16,0,16,2,2,0,0,0,0
S01010551,All people in households,685,87,598,627,41,586,42,30,12,16,16,0
S01010551,No central heating,33,4,29,30,1,29,3,3,0,0,0,0
S01010551,Gas central heating,204,21,183,190,9,181,8,6,2,6,6,0
S01010551,Electric (including storage heaters) central heating,31,11,20,24,4,20,4,4,0,3,3,0
S01010551,Oil central heating,315,34,281,294,18,276,17,12,5,4,4,0
S01010551,Solid fuel (for example wood coal) central heating,32,8,24,26,3,23,5,4,1,1,1,0
S01010551,Other central heating,21,3,18,19,2,17,1,0,1,1,1,0
S01010551,Two or more types of central heating,49,6,43,44,4,40,4,1,3,1,1,0
S01010552,All people in households,783,122,661,684,39,645,72,56,16,27,27,0
S01010552,No central heating,41,9,32,35,4,31,5,4,1,1,1,0
S01010552,Gas central heating,61,11,50,54,4,50,3,3,0,4,4,0
S01010552,Electric (including storage heaters) central heating,71,18,53,56,4,52,10,9,1,5,5,0
S01010552,Oil central heating,478,66,412,422,21,401,43,32,11,13,13,0
S01010552,Solid fuel (for example wood coal) central heating,49,6,43,41,1,40,7,4,3,1,1,0
S01010552,Other central heating,15,3,12,12,0,12,1,1,0,2,2,0
S01010552,Two or more types of central heating,68,9,59,64,5,59,3,3,0,1,1,0
S01010553,All people in households,621,101,520,538,41,497,65,43,22,18,17,1
S01010553,No central heating,38,2,36,35,1,34,3,1,2,0,0,0
S01010553,Gas central heating,49,11,38,39,4,35,7,4,3,3,3,0
S01010553,Electric (including storage heaters) central heating,48,11,37,43,6,37,3,3,0,2,2,0
S01010553,Oil central heating,363,60,303,316,24,292,39,29,10,8,7,1
S01010553,Solid fuel (for example wood coal) central heating,36,3,33,31,1,30,4,1,3,1,1,0
S01010553,Other central heating,10,3,7,8,1,7,1,1,0,1,1,0
S01010553,Two or more types of central heating,77,11,66,66,4,62,8,4,4,3,3,0
S01010554,All people in households,776,144,632,656,50,606,76,51,25,44,43,1
S01010554,No central heating,17,7,10,13,4,9,4,3,1,0,0,0
S01010554,Gas central heating,497,101,396,409,32,377,58,39,19,30,30,0
S01010554,Electric (including storage heaters) central heating,201,29,172,179,10,169,11,8,3,11,11,0
S01010554,Oil central heating,18,5,13,17,4,13,0,0,0,1,1,0
S01010554,Solid fuel (for example wood coal) central heating,12,1,11,10,0,10,1,0,1,1,1,0
S01010554,Other central heating,4,0,4,4,0,4,0,0,0,0,0,0
S01010554,Two or more types of central heating,27,1,26,24,0,24,2,1,1,1,0,1
S01010555,All people in households,924,159,765,769,46,723,121,80,41,34,33,1
S01010555,No central heating,32,8,24,22,2,20,7,3,4,3,3,0
S01010555,Gas central heating,646,109,537,543,34,509,86,58,28,17,17,0
S01010555,Electric (including storage heaters) central heating,195,35,160,161,8,153,22,15,7,12,12,0
S01010555,Oil central heating,16,3,13,15,2,13,1,1,0,0,0,0
S01010555,Solid fuel (for example wood coal) central heating,3,0,3,3,0,3,0,0,0,0,0,0
S01010555,Other central heating,6,2,4,3,0,3,2,1,1,1,1,0
S01010555,Two or more types of central heating,26,2,24,22,0,22,3,2,1,1,0,1
S01010556,All people in households,926,196,730,742,47,695,130,95,35,54,54,0
S01010556,No central heating,7,5,2,3,2,1,1,0,1,3,3,0
S01010556,Gas central heating,808,149,659,671,39,632,103,76,27,34,34,0
S01010556,Electric (including storage heaters) central heating,61,29,32,32,4,28,17,13,4,12,12,0
S01010556,Oil central heating,22,7,15,16,1,15,4,4,0,2,2,0
S01010556,Solid fuel (for example wood coal) central heating,7,0,7,7,0,7,0,0,0,0,0,0
S01010556,Other central heating,2,1,1,1,1,0,1,0,1,0,0,0
S01010556,Two or more types of central heating,19,5,14,12,0,12,4,2,2,3,3,0
S01010557,All people in households,641,112,529,544,37,507,72,50,22,25,25,0
S01010557,No central heating,5,0,5,5,0,5,0,0,0,0,0,0
S01010557,Gas central heating,560,95,465,485,36,449,57,41,16,18,18,0
S01010557,Electric (including storage heaters) central heating,34,8,26,23,0,23,7,4,3,4,4,0
S01010557,Oil central heating,19,5,14,13,0,13,4,3,1,2,2,0
S01010557,Solid fuel (for example wood coal) central heating,6,2,4,5,1,4,1,1,0,0,0,0
S01010557,Other central heating,3,0,3,3,0,3,0,0,0,0,0,0
S01010557,Two or more types of central heating,14,2,12,10,0,10,3,1,2,1,1,0
S01010558,All people in households,800,170,630,674,62,612,77,63,14,49,45,4
S01010558,No central heating,8,3,5,6,1,5,2,2,0,0,0,0
S01010558,Gas central heating,706,149,557,595,54,541,64,52,12,47,43,4
S01010558,Electric (including storage heaters) central heating,27,7,20,22,4,18,4,2,2,1,1,0
S01010558,Oil central heating,15,3,12,13,1,12,1,1,0,1,1,0
S01010558,Solid fuel (for example wood coal) central heating,6,3,3,4,1,3,2,2,0,0,0,0
S01010558,Other central heating,4,1,3,3,0,3,1,1,0,0,0,0
S01010558,Two or more types of central heating,34,4,30,31,1,30,3,3,0,0,0,0
S01010559,All people in households,728,157,571,600,49,551,93,73,20,35,35,0
S01010559,No central heating,8,3,5,6,1,5,1,1,0,1,1,0
S01010559,Gas central heating,585,101,484,507,34,473,52,41,11,26,26,0
S01010559,Electric (including storage heaters) central heating,80,45,35,33,6,27,39,31,8,8,8,0
S01010559,Oil central heating,33,3,30,32,3,29,1,0,1,0,0,0
S01010559,Solid fuel (for example wood coal) central heating,0,0,0,0,0,0,0,0,0,0,0,0
S01010559,Other central heating,7,2,5,7,2,5,0,0,0,0,0,0
S01010559,Two or more types of central heating,15,3,12,15,3,12,0,0,0,0,0,0
S01010560,All people in households,663,126,537,564,50,514,72,49,23,27,27,0
S01010560,No central heating,4,0,4,4,0,4,0,0,0,0,0,0
S01010560,Gas central heating,559,112,447,470,41,429,63,45,18,26,26,0
S01010560,Electric (including storage heaters) central heating,43,4,39,38,3,35,5,1,4,0,0,0
S01010560,Oil central heating,26,5,21,25,4,21,1,1,0,0,0,0
S01010560,Solid fuel (for example wood coal) central heating,5,0,5,5,0,5,0,0,0,0,0,0
S01010560,Other central heating,6,0,6,6,0,6,0,0,0,0,0,0
S01010560,Two or more types of central heating,20,5,15,16,2,14,3,2,1,1,1,0
S01010561,All people in households,697,116,581,602,39,563,72,54,18,23,23,0
S01010561,No central heating,12,1,11,11,0,11,1,1,0,0,0,0
S01010561,Gas central heating,572,101,471,494,37,457,60,46,14,18,18,0
S01010561,Electric (including storage heaters) central heating,34,4,30,30,0,30,4,4,0,0,0,0
S01010561,Oil central heating,36,4,32,32,2,30,4,2,2,0,0,0
S01010561,Solid fuel (for example wood coal) central heating,7,3,4,4,0,4,0,0,0,3,3,0
S01010561,Other central heating,6,1,5,5,0,5,0,0,0,1,1,0
S01010561,Two or more types of central heating,30,2,28,26,0,26,3,1,2,1,1,0
S01010562,All people in households,731,122,609,627,50,577,75,43,32,29,29,0
S01010562,No central heating,4,0,4,3,0,3,1,0,1,0,0,0
S01010562,Gas central heating,624,106,518,534,42,492,64,38,26,26,26,0
S01010562,Electric (including storage heaters) central heating,71,13,58,60,7,53,9,4,5,2,2,0
S01010562,Oil central heating,9,1,8,9,1,8,0,0,0,0,0,0
S01010562,Solid fuel (for example wood coal) central heating,0,0,0,0,0,0,0,0,0,0,0,0
S01010562,Other central heating,3,1,2,2,0,2,0,0,0,1,1,0
S01010562,Two or more types of central heating,20,1,19,19,0,19,1,1,0,0,0,0
S01010563,All people in households,519,76,443,439,22,417,54,30,24,26,24,2
S01010563,No central heating,11,3,8,9,1,8,0,0,0,2,2,0
S01010563,Gas central heating,374,55,319,318,16,302,37,22,15,19,17,2
S01010563,Electric (including storage heaters) central heating,86,13,73,70,4,66,11,4,7,5,5,0
S01010563,Oil central heating,30,3,27,26,1,25,4,2,2,0,0,0
S01010563,Solid fuel (for example wood coal) central heating,2,0,2,2,0,2,0,0,0,0,0,0
S01010563,Other central heating,0,0,0,0,0,0,0,0,0,0,0,0
S01010563,Two or more types of central heating,16,2,14,14,0,14,2,2,0,0,0,0
S01010564,All people in households,500,146,354,360,31,329,100,77,23,40,38,2
S01010564,No central heating,7,2,5,5,1,4,2,1,1,0,0,0
S01010564,Gas central heating,338,71,267,271,13,258,49,40,9,18,18,0
S01010564,Electric (including storage heaters) central heating,120,64,56,60,15,45,42,32,10,18,17,1
S01010564,Oil central heating,14,2,12,10,1,9,4,1,3,0,0,0
S01010564,Solid fuel (for example wood coal) central heating,13,3,10,11,1,10,2,2,0,0,0,0
S01010564,Other central heating,0,0,0,0,0,0,0,0,0,0,0,0
S01010564,Two or more types of central heating,8,4,4,3,0,3,1,1,0,4,3,1
S01010565,All people in households,654,141,513,537,42,495,73,55,18,44,44,0
S01010565,No central heating,6,0,6,6,0,6,0,0,0,0,0,0
S01010565,Gas central heating,484,100,384,400,30,370,54,40,14,30,30,0
S01010565,Electric (including storage heaters) central heating,78,21,57,58,3,55,10,8,2,10,10,0
S01010565,Oil central heating,40,12,28,33,5,28,5,5,0,2,2,0
S01010565,Solid fuel (for example wood coal) central heating,8,0,8,7,0,7,1,0,1,0,0,0
S01010565,Other central heating,0,0,0,0,0,0,0,0,0,0,0,0
S01010565,Two or more types of central heating,38,8,30,33,4,29,3,2,1,2,2,0
S01010566,All people in households,1088,175,913,960,73,887,100,74,26,28,28,0
S01010566,No central heating,42,8,34,34,3,31,6,3,3,2,2,0
S01010566,Gas central heating,70,19,51,60,10,50,8,7,1,2,2,0
S01010566,Electric (including storage heaters) central heating,119,29,90,92,7,85,23,18,5,4,4,0
S01010566,Oil central heating,637,87,550,577,40,537,47,34,13,13,13,0
S01010566,Solid fuel (for example wood coal) central heating,58,10,48,49,4,45,7,4,3,2,2,0
S01010566,Other central heating,53,6,47,52,5,47,1,1,0,0,0,0
S01010566,Two or more types of central heating,109,16,93,96,4,92,8,7,1,5,5,0
S01010567,All people in households,983,107,876,897,41,856,69,49,20,17,17,0
S01010567,No central heating,16,2,14,14,2,12,2,0,2,0,0,0
S01010567,Gas central heating,114,22,92,97,6,91,13,12,1,4,4,0
S01010567,Electric (including storage heaters) central heating,93,12,81,84,5,79,7,5,2,2,2,0
S01010567,Oil central heating,632,60,572,585,26,559,36,23,13,11,11,0
S01010567,Solid fuel (for example wood coal) central heating,29,2,27,28,1,27,1,1,0,0,0,0
S01010567,Other central heating,20,1,19,19,1,18,1,0,1,0,0,0
S01010567,Two or more types of central heating,79,8,71,70,0,70,9,8,1,0,0,0
S01010568,All people in households,977,141,836,842,47,795,96,55,41,39,39,0
S01010568,No central heating,23,8,15,18,4,14,4,3,1,1,1,0
S01010568,Gas central heating,98,17,81,85,8,77,9,5,4,4,4,0
S01010568,Electric (including storage heaters) central heating,266,45,221,211,9,202,40,21,19,15,15,0
S01010568,Oil central heating,453,49,404,413,21,392,32,20,12,8,8,0
S01010568,Solid fuel (for example wood coal) central heating,69,14,55,57,4,53,5,3,2,7,7,0
S01010568,Other central heating,20,2,18,18,0,18,2,2,0,0,0,0
S01010568,Two or more types of central heating,48,6,42,40,1,39,4,1,3,4,4,0
S01010569,All people in households,712,112,600,618,42,576,62,40,22,32,30,2
S01010569,No central heating,32,5,27,27,1,26,4,3,1,1,1,0
S01010569,Gas central heating,94,16,78,85,8,77,6,5,1,3,3,0
S01010569,Electric (including storage heaters) central heating,66,16,50,52,4,48,10,8,2,4,4,0
S01010569,Oil central heating,401,56,345,355,26,329,32,18,14,14,12,2
S01010569,Solid fuel (for example wood coal) central heating,30,10,20,20,1,19,4,3,1,6,6,0
S01010569,Other central heating,18,4,14,13,1,12,3,1,2,2,2,0
S01010569,Two or more types of central heating,71,5,66,66,1,65,3,2,1,2,2,0
S01010570,All people in households,1089,227,862,901,79,822,133,95,38,55,53,2
S01010570,No central heating,43,10,33,34,4,30,7,5,2,2,1,1
S01010570,Gas central heating,92,22,70,72,3,69,14,13,1,6,6,0
S01010570,Electric (including storage heaters) central heating,449,109,340,356,38,318,71,50,21,22,21,1
S01010570,Oil central heating,299,58,241,257,24,233,24,16,8,18,18,0
S01010570,Solid fuel (for example wood coal) central heating,142,16,126,129,7,122,9,5,4,4,4,0
S01010570,Other central heating,7,2,5,6,1,5,1,1,0,0,0,0
S01010570,Two or more types of central heating,57,10,47,47,2,45,7,5,2,3,3,0
S01010571,All people in households,776,113,663,674,40,634,72,44,28,30,29,1
S01010571,No central heating,34,4,30,27,0,27,5,2,3,2,2,0
S01010571,Gas central heating,550,76,474,488,30,458,46,31,15,16,15,1
S01010571,Electric (including storage heaters) central heating,140,23,117,114,7,107,17,7,10,9,9,0
S01010571,Oil central heating,19,6,13,15,2,13,3,3,0,1,1,0
S01010571,Solid fuel (for example wood coal) central heating,7,2,5,6,1,5,1,1,0,0,0,0
S01010571,Other central heating,4,0,4,4,0,4,0,0,0,0,0,0
S01010571,Two or more types of central heating,22,2,20,20,0,20,0,0,0,2,2,0
S01010572,All people in households,765,141,624,623,39,584,96,57,39,46,45,1
S01010572,No central heating,33,3,30,30,2,28,2,0,2,1,1,0
S01010572,Gas central heating,304,75,229,231,21,210,44,25,19,29,29,0
S01010572,Electric (including storage heaters) central heating,385,52,333,331,16,315,43,26,17,11,10,1
S01010572,Oil central heating,11,4,7,7,0,7,2,2,0,2,2,0
S01010572,Solid fuel (for example wood coal) central heating,3,1,2,1,0,1,1,0,1,1,1,0
S01010572,Other central heating,9,2,7,7,0,7,2,2,0,0,0,0
S01010572,Two or more types of central heating,20,4,16,16,0,16,2,2,0,2,2,0
S01010573,All people in households,534,92,442,450,32,418,67,44,23,17,16,1
S01010573,No central heating,27,2,25,24,0,24,3,2,1,0,0,0
S01010573,Gas central heating,275,50,225,235,18,217,31,23,8,9,9,0
S01010573,Electric (including storage heaters) central heating,192,34,158,154,10,144,30,17,13,8,7,1
S01010573,Oil central heating,17,3,14,15,2,13,2,1,1,0,0,0
S01010573,Solid fuel (for example wood coal) central heating,8,1,7,7,0,7,1,1,0,0,0,0
S01010573,Other central heating,5,0,5,5,0,5,0,0,0,0,0,0
S01010573,Two or more types of central heating,10,2,8,10,2,8,0,0,0,0,0,0
S01010574,All people in households,609,90,519,542,37,505,48,34,14,19,19,0
S01010574,No central heating,3,1,2,2,0,2,1,1,0,0,0,0
S01010574,Gas central heating,557,80,477,499,34,465,42,30,12,16,16,0
S01010574,Electric (including storage heaters) central heating,21,6,15,16,1,15,2,2,0,3,3,0
S01010574,Oil central heating,17,2,15,17,2,15,0,0,0,0,0,0
S01010574,Solid fuel (for example wood coal) central heating,1,1,0,0,0,0,1,1,0,0,0,0
S01010574,Other central heating,0,0,0,0,0,0,0,0,0,0,0,0
S01010574,Two or more types of central heating,10,0,10,8,0,8,2,0,2,0,0,0
S01010575,All people in households,686,100,586,604,38,566,58,40,18,24,22,2
S01010575,No central heating,7,1,6,6,1,5,1,0,1,0,0,0
S01010575,Gas central heating,562,84,478,494,31,463,48,35,13,20,18,2
S01010575,Electric (including storage heaters) central heating,40,9,31,32,4,28,7,4,3,1,1,0
S01010575,Oil central heating,53,2,51,52,1,51,1,1,0,0,0,0
S01010575,Solid fuel (for example wood coal) central heating,9,1,8,7,0,7,1,0,1,1,1,0
S01010575,Other central heating,5,1,4,4,0,4,0,0,0,1,1,0
S01010575,Two or more types of central heating,10,2,8,9,1,8,0,0,0,1,1,0
S01010576,All people in households,822,146,676,699,53,646,104,75,29,19,18,1
S01010576,No central heating,1,1,0,1,1,0,0,0,0,0,0,0
S01010576,Gas central heating,602,94,508,520,34,486,70,49,21,12,11,1
S01010576,Electric (including storage heaters) central heating,84,28,56,63,10,53,16,13,3,5,5,0
S01010576,Oil central heating,104,19,85,89,6,83,14,12,2,1,1,0
S01010576,Solid fuel (for example wood coal) central heating,9,1,8,8,1,7,1,0,1,0,0,0
S01010576,Other central heating,0,0,0,0,0,0,0,0,0,0,0,0
S01010576,Two or more types of central heating,22,3,19,18,1,17,3,1,2,1,1,0
S01010577,All people in households,901,158,743,748,48,700,113,70,43,40,40,0
S01010577,No central heating,18,2,16,16,1,15,2,1,1,0,0,0
S01010577,Gas central heating,515,83,432,443,32,411,52,31,21,20,20,0
S01010577,Electric (including storage heaters) central heating,322,68,254,247,14,233,56,35,21,19,19,0
S01010577,Oil central heating,15,2,13,14,1,13,1,1,0,0,0,0
S01010577,Solid fuel (for example wood coal) central heating,11,1,10,10,0,10,0,0,0,1,1,0
S01010577,Other central heating,0,0,0,0,0,0,0,0,0,0,0,0
S01010577,Two or more types of central heating,20,2,18,18,0,18,2,2,0,0,0,0
S01010578,All people in households,576,92,484,479,28,451,68,35,33,29,29,0
S01010578,No central heating,3,0,3,1,0,1,2,0,2,0,0,0
S01010578,Gas central heating,484,70,414,411,24,387,54,27,27,19,19,0
S01010578,Electric (including storage heaters) central heating,39,14,25,25,2,23,7,5,2,7,7,0
S01010578,Oil central heating,20,4,16,16,1,15,3,2,1,1,1,0
S01010578,Solid fuel (for example wood coal) central heating,3,0,3,3,0,3,0,0,0,0,0,0
S01010578,Other central heating,3,0,3,3,0,3,0,0,0,0,0,0
S01010578,Two or more types of central heating,24,4,20,20,1,19,2,1,1,2,2,0
S01010579,All people in households,736,116,620,630,35,595,62,38,24,44,43,1
S01010579,No central heating,13,3,10,11,1,10,0,0,0,2,2,0
S01010579,Gas central heating,512,85,427,437,29,408,45,27,18,30,29,1
S01010579,Electric (including storage heaters) central heating,144,20,124,123,1,122,11,9,2,10,10,0
S01010579,Oil central heating,35,5,30,32,4,28,3,1,2,0,0,0
S01010579,Solid fuel (for example wood coal) central heating,0,0,0,0,0,0,0,0,0,0,0,0
S01010579,Other central heating,3,0,3,3,0,3,0,0,0,0,0,0
S01010579,Two or more types of central heating,29,3,26,24,0,24,3,1,2,2,2,0
S01010580,All people in households,513,98,415,430,29,401,61,47,14,22,22,0
S01010580,No central heating,26,7,19,20,3,17,6,4,2,0,0,0
S01010580,Gas central heating,195,48,147,154,11,143,29,25,4,12,12,0
S01010580,Electric (including storage heaters) central heating,262,36,226,232,13,219,21,14,7,9,9,0
S01010580,Oil central heating,13,2,11,11,0,11,2,2,0,0,0,0
S01010580,Solid fuel (for example wood coal) central heating,4,2,2,2,0,2,1,1,0,1,1,0
S01010580,Other central heating,0,0,0,0,0,0,0,0,0,0,0,0
S01010580,Two or more types of central heating,13,3,10,11,2,9,2,1,1,0,0,0
S01010581,All people in households,522,63,459,466,20,446,40,27,13,16,16,0
S01010581,No central heating,36,3,33,33,1,32,3,2,1,0,0,0
S01010581,Gas central heating,303,32,271,270,6,264,21,14,7,12,12,0
S01010581,Electric (including storage heaters) central heating,159,20,139,143,9,134,12,7,5,4,4,0
S01010581,Oil central heating,8,2,6,8,2,6,0,0,0,0,0,0
S01010581,Solid fuel (for example wood coal) central heating,1,1,0,0,0,0,1,1,0,0,0,0
S01010581,Other central heating,1,0,1,1,0,1,0,0,0,0,0,0
S01010581,Two or more types of central heating,14,5,9,11,2,9,3,3,0,0,0,0
S01010582,All people in households,451,61,390,399,20,379,38,28,10,14,13,1
S01010582,No central heating,1,0,1,1,0,1,0,0,0,0,0,0
S01010582,Gas central heating,306,33,273,279,12,267,26,20,6,1,1,0
S01010582,Electric (including storage heaters) central heating,28,3,25,26,2,24,1,1,0,1,0,1
S01010582,Oil central heating,93,18,75,79,6,73,5,3,2,9,9,0
S01010582,Solid fuel (for example wood coal) central heating,7,3,4,4,0,4,3,3,0,0,0,0
S01010582,Other central heating,5,1,4,4,0,4,1,1,0,0,0,0
S01010582,Two or more types of central heating,11,3,8,6,0,6,2,0,2,3,3,0
S01010583,All people in households,986,122,864,881,52,829,83,49,34,22,21,1
S01010583,No central heating,7,0,7,6,0,6,1,0,1,0,0,0
S01010583,Gas central heating,813,98,715,728,42,686,69,40,29,16,16,0
S01010583,Electric (including storage heaters) central heating,130,17,113,118,9,109,9,6,3,3,2,1
S01010583,Oil central heating,20,3,17,17,0,17,0,0,0,3,3,0
S01010583,Solid fuel (for example wood coal) central heating,2,2,0,0,0,0,2,2,0,0,0,0
S01010583,Other central heating,0,0,0,0,0,0,0,0,0,0,0,0
S01010583,Two or more types of central heating,14,2,12,12,1,11,2,1,1,0,0,0
S01010584,All people in households,819,96,723,749,39,710,49,37,12,21,20,1
S01010584,No central heating,1,1,0,1,1,0,0,0,0,0,0,0
S01010584,Gas central heating,703,80,623,643,32,611,45,34,11,15,14,1
S01010584,Electric (including storage heaters) central heating,20,4,16,19,3,16,0,0,0,1,1,0
S01010584,Oil central heating,48,5,43,46,3,43,0,0,0,2,2,0
S01010584,Solid fuel (for example wood coal) central heating,3,0,3,3,0,3,0,0,0,0,0,0
S01010584,Other central heating,7,0,7,7,0,7,0,0,0,0,0,0
S01010584,Two or more types of central heating,37,6,31,30,0,30,4,3,1,3,3,0
S01010585,All people in households,844,61,783,801,27,774,29,21,8,14,13,1
S01010585,No central heating,1,0,1,1,0,1,0,0,0,0,0,0
S01010585,Gas central heating,730,52,678,693,24,669,26,18,8,11,10,1
S01010585,Electric (including storage heaters) central heating,54,5,49,51,2,49,1,1,0,2,2,0
S01010585,Oil central heating,36,4,32,33,1,32,2,2,0,1,1,0
S01010585,Solid fuel (for example wood coal) central heating,0,0,0,0,0,0,0,0,0,0,0,0
S01010585,Other central heating,0,0,0,0,0,0,0,0,0,0,0,0
S01010585,Two or more types of central heating,23,0,23,23,0,23,0,0,0,0,0,0
S01010586,All people in households,783,88,695,720,39,681,49,35,14,14,14,0
S01010586,No central heating,11,5,6,5,0,5,5,4,1,1,1,0
S01010586,Gas central heating,618,63,555,578,33,545,31,21,10,9,9,0
S01010586,Electric (including storage heaters) central heating,114,14,100,101,4,97,10,7,3,3,3,0
S01010586,Oil central heating,25,4,21,22,1,21,2,2,0,1,1,0
S01010586,Solid fuel (for example wood coal) central heating,4,2,2,3,1,2,1,1,0,0,0,0
S01010586,Other central heating,5,0,5,5,0,5,0,0,0,0,0,0
S01010586,Two or more types of central heating,6,0,6,6,0,6,0,0,0,0,0,0
S01010587,All people in households,687,108,579,616,56,560,50,31,19,21,21,0
S01010587,No central heating,8,0,8,7,0,7,1,0,1,0,0,0
S01010587,Gas central heating,525,80,445,473,40,433,37,25,12,15,15,0
S01010587,Electric (including storage heaters) central heating,80,14,66,72,9,63,5,2,3,3,3,0
S01010587,Oil central heating,38,7,31,34,4,30,3,2,1,1,1,0
S01010587,Solid fuel (for example wood coal) central heating,7,2,5,5,0,5,1,1,0,1,1,0
S01010587,Other central heating,0,0,0,0,0,0,0,0,0,0,0,0
S01010587,Two or more types of central heating,29,5,24,25,3,22,3,1,2,1,1,0
S01010588,All people in households,649,86,563,588,42,546,41,24,17,20,20,0
S01010588,No central heating,1,0,1,1,0,1,0,0,0,0,0,0
S01010588,Gas central heating,537,64,473,492,34,458,31,16,15,14,14,0
S01010588,Electric (including storage heaters) central heating,45,10,35,37,3,34,6,5,1,2,2,0
S01010588,Oil central heating,49,6,43,44,2,42,3,2,1,2,2,0
S01010588,Solid fuel (for example wood coal) central heating,5,5,0,3,3,0,1,1,0,1,1,0
S01010588,Other central heating,1,1,0,0,0,0,0,0,0,1,1,0
S01010588,Two or more types of central heating,11,0,11,11,0,11,0,0,0,0,0,0
S01010589,All people in households,620,120,500,517,36,481,69,50,19,34,34,0
S01010589,No central heating,18,3,15,17,2,15,1,1,0,0,0,0
S01010589,Gas central heating,304,57,247,257,19,238,30,21,9,17,17,0
S01010589,Electric (including storage heaters) central heating,257,49,208,212,13,199,31,22,9,14,14,0
S01010589,Oil central heating,11,1,10,10,0,10,1,1,0,0,0,0
S01010589,Solid fuel (for example wood coal) central heating,7,1,6,6,0,6,1,1,0,0,0,0
S01010589,Other central heating,7,3,4,5,1,4,1,1,0,1,1,0
S01010589,Two or more types of central heating,16,6,10,10,1,9,4,3,1,2,2,0
S01010590,All people in households,889,83,806,822,33,789,50,33,17,17,17,0
S01010590,No central heating,2,0,2,2,0,2,0,0,0,0,0,0
S01010590,Gas central heating,828,68,760,778,32,746,39,25,14,11,11,0
S01010590,Electric (including storage heaters) central heating,6,3,3,3,0,3,1,1,0,2,2,0
S01010590,Oil central heating,35,8,27,25,0,25,7,5,2,3,3,0
S01010590,Solid fuel (for example wood coal) central heating,3,2,1,2,1,1,1,1,0,0,0,0
S01010590,Other central heating,0,0,0,0,0,0,0,0,0,0,0,0
S01010590,Two or more types of central heating,15,2,13,12,0,12,2,1,1,1,1,0
S01010591,All people in households,767,56,711,720,26,694,33,16,17,14,14,0
S01010591,No central heating,4,1,3,3,0,3,0,0,0,1,1,0
S01010591,Gas central heating,661,28,633,632,14,618,24,9,15,5,5,0
S01010591,Electric (including storage heaters) central heating,11,5,6,7,1,6,1,1,0,3,3,0
S01010591,Oil central heating,23,5,18,20,2,18,2,2,0,1,1,0
S01010591,Solid fuel (for example wood coal) central heating,27,6,21,24,3,21,2,2,0,1,1,0
S01010591,Other central heating,2,0,2,2,0,2,0,0,0,0,0,0
S01010591,Two or more types of central heating,39,11,28,32,6,26,4,2,2,3,3,0
S01010592,All people in households,509,79,430,441,27,414,55,40,15,13,12,1
S01010592,No central heating,4,0,4,4,0,4,0,0,0,0,0,0
S01010592,Gas central heating,303,48,255,257,15,242,37,25,12,9,8,1
S01010592,Electric (including storage heaters) central heating,193,28,165,174,12,162,16,13,3,3,3,0
S01010592,Oil central heating,5,2,3,3,0,3,1,1,0,1,1,0
S01010592,Solid fuel (for example wood coal) central heating,4,1,3,3,0,3,1,1,0,0,0,0
S01010592,Other central heating,0,0,0,0,0,0,0,0,0,0,0,0
S01010592,Two or more types of central heating,0,0,0,0,0,0,0,0,0,0,0,0
S01010593,All people in households,651,77,574,591,37,554,50,30,20,10,10,0
S01010593,No central heating,6,3,3,4,1,3,0,0,0,2,2,0
S01010593,Gas central heating,513,61,452,473,31,442,32,22,10,8,8,0
S01010593,Electric (including storage heaters) central heating,19,5,14,11,0,11,8,5,3,0,0,0
S01010593,Oil central heating,72,7,65,68,4,64,4,3,1,0,0,0
S01010593,Solid fuel (for example wood coal) central heating,6,0,6,6,0,6,0,0,0,0,0,0
S01010593,Other central heating,9,0,9,6,0,6,3,0,3,0,0,0
S01010593,Two or more types of central heating,26,1,25,23,1,22,3,0,3,0,0,0
S01010594,All people in households,668,44,624,630,20,610,29,15,14,9,9,0
S01010594,No central heating,0,0,0,0,0,0,0,0,0,0,0,0
S01010594,Gas central heating,594,34,560,568,18,550,21,11,10,5,5,0
S01010594,Electric (including storage heaters) central heating,24,5,19,21,2,19,2,2,0,1,1,0
S01010594,Oil central heating,13,2,11,11,0,11,2,2,0,0,0,0
S01010594,Solid fuel (for example wood coal) central heating,3,0,3,3,0,3,0,0,0,0,0,0
S01010594,Other central heating,0,0,0,0,0,0,0,0,0,0,0,0
S01010594,Two or more types of central heating,34,3,31,27,0,27,4,0,4,3,3,0
S01010595,All people in households,837,60,777,783,26,757,39,21,18,15,13,2
S01010595,No central heating,2,1,1,1,0,1,0,0,0,1,1,0
S01010595,Gas central heating,711,48,663,672,22,650,29,18,11,10,8,2
S01010595,Electric (including storage heaters) central heating,43,5,38,35,2,33,6,1,5,2,2,0
S01010595,Oil central heating,48,5,43,44,2,42,2,1,1,2,2,0
S01010595,Solid fuel (for example wood coal) central heating,3,0,3,3,0,3,0,0,0,0,0,0
S01010595,Other central heating,3,0,3,3,0,3,0,0,0,0,0,0
S01010595,Two or more types of central heating,27,1,26,25,0,25,2,1,1,0,0,0
S01010596,All people in households,834,68,766,772,26,746,52,32,20,10,10,0
S01010596,No central heating,7,1,6,7,1,6,0,0,0,0,0,0
S01010596,Gas central heating,343,17,326,329,8,321,13,8,5,1,1,0
S01010596,Electric (including storage heaters) central heating,36,5,31,33,2,31,2,2,0,1,1,0
S01010596,Oil central heating,364,38,326,330,15,315,27,16,11,7,7,0
S01010596,Solid fuel (for example wood coal) central heating,11,3,8,7,0,7,3,2,1,1,1,0
S01010596,Other central heating,24,0,24,24,0,24,0,0,0,0,0,0
S01010596,Two or more types of central heating,49,4,45,42,0,42,7,4,3,0,0,0
S01010597,All people in households,644,50,594,601,23,578,28,12,16,15,15,0
S01010597,No central heating,5,2,3,3,0,3,0,0,0,2,2,0
S01010597,Gas central heating,526,24,502,503,13,490,20,8,12,3,3,0
S01010597,Electric (including storage heaters) central heating,66,11,55,59,5,54,3,2,1,4,4,0
S01010597,Oil central heating,22,7,15,16,2,14,3,2,1,3,3,0
S01010597,Solid fuel (for example wood coal) central heating,0,0,0,0,0,0,0,0,0,0,0,0
S01010597,Other central heating,7,2,5,5,2,3,2,0,2,0,0,0
S01010597,Two or more types of central heating,18,4,14,15,1,14,0,0,0,3,3,0
S01010598,All people in households,1041,63,978,996,28,968,36,26,10,9,9,0
S01010598,No central heating,0,0,0,0,0,0,0,0,0,0,0,0
S01010598,Gas central heating,963,51,912,931,25,906,28,22,6,4,4,0
S01010598,Electric (including storage heaters) central heating,35,3,32,31,0,31,3,2,1,1,1,0
S01010598,Oil central heating,16,5,11,9,0,9,4,2,2,3,3,0
S01010598,Solid fuel (for example wood coal) central heating,5,1,4,5,1,4,0,0,0,0,0,0
S01010598,Other central heating,1,1,0,0,0,0,0,0,0,1,1,0
S01010598,Two or more types of central heating,21,2,19,20,2,18,1,0,1,0,0,0
S01010599,All people in households,607,73,534,551,26,525,39,30,9,17,17,0
S01010599,No central heating,2,1,1,2,1,1,0,0,0,0,0,0
S01010599,Gas central heating,435,47,388,398,14,384,26,22,4,11,11,0
S01010599,Electric (including storage heaters) central heating,55,10,45,51,6,45,4,4,0,0,0,0
S01010599,Oil central heating,76,13,63,67,5,62,4,3,1,5,5,0
S01010599,Solid fuel (for example wood coal) central heating,10,0,10,10,0,10,0,0,0,0,0,0
S01010599,Other central heating,9,0,9,8,0,8,1,0,1,0,0,0
S01010599,Two or more types of central heating,20,2,18,15,0,15,4,1,3,1,1,0
S01010600,All people in households,911,177,734,775,67,708,98,72,26,38,38,0
S01010600,No central heating,8,1,7,8,1,7,0,0,0,0,0,0
S01010600,Gas central heating,718,123,595,627,50,577,69,51,18,22,22,0
S01010600,Electric (including storage heaters) central heating,101,30,71,74,9,65,16,10,6,11,11,0
S01010600,Oil central heating,30,6,24,26,2,24,3,3,0,1,1,0
S01010600,Solid fuel (for example wood coal) central heating,21,7,14,16,2,14,3,3,0,2,2,0
S01010600,Other central heating,5,5,0,2,2,0,1,1,0,2,2,0
S01010600,Two or more types of central heating,28,5,23,22,1,21,6,4,2,0,0,0
S01010601,All people in households,676,143,533,552,47,505,94,67,27,30,29,1
S01010601,No central heating,1,0,1,1,0,1,0,0,0,0,0,0
S01010601,Gas central heating,571,119,452,468,40,428,78,55,23,25,24,1
S01010601,Electric (including storage heaters) central heating,64,16,48,50,4,46,12,10,2,2,2,0
S01010601,Oil central heating,23,2,21,21,2,19,2,0,2,0,0,0
S01010601,Solid fuel (for example wood coal) central heating,1,1,0,1,1,0,0,0,0,0,0,0
S01010601,Other central heating,6,2,4,4,0,4,0,0,0,2,2,0
S01010601,Two or more types of central heating,10,3,7,7,0,7,2,2,0,1,1,0
S01010602,All people in households,522,57,465,473,26,447,42,24,18,7,7,0
S01010602,No central heating,12,1,11,11,0,11,1,1,0,0,0,0
S01010602,Gas central heating,393,40,353,357,18,339,31,17,14,5,5,0
S01010602,Electric (including storage heaters) central heating,96,15,81,84,7,77,10,6,4,2,2,0
S01010602,Oil central heating,12,1,11,12,1,11,0,0,0,0,0,0
S01010602,Solid fuel (for example wood coal) central heating,0,0,0,0,0,0,0,0,0,0,0,0
S01010602,Other central heating,2,0,2,2,0,2,0,0,0,0,0,0
S01010602,Two or more types of central heating,7,0,7,7,0,7,0,0,0,0,0,0
S01010603,All people in households,809,136,673,702,53,649,89,66,23,18,17,1
S01010603,No central heating,2,1,1,1,0,1,1,1,0,0,0,0
S01010603,Gas central heating,700,114,586,606,43,563,81,58,23,13,13,0
S01010603,Electric (including storage heaters) central heating,83,15,68,75,7,68,5,5,0,3,3,0
S01010603,Oil central heating,6,2,4,5,1,4,0,0,0,1,1,0
S01010603,Solid fuel (for example wood coal) central heating,2,0,2,2,0,2,0,0,0,0,0,0
S01010603,Other central heating,0,0,0,0,0,0,0,0,0,0,0,0
S01010603,Two or more types of central heating,16,4,12,13,2,11,2,2,0,1,0,1
S01010604,All people in households,494,63,431,448,28,420,41,30,11,5,5,0
S01010604,No central heating,5,1,4,4,0,4,1,1,0,0,0,0
S01010604,Gas central heating,428,53,375,389,24,365,34,24,10,5,5,0
S01010604,Electric (including storage heaters) central heating,19,2,17,17,1,16,2,1,1,0,0,0
S01010604,Oil central heating,17,4,13,15,2,13,2,2,0,0,0,0
S01010604,Solid fuel (for example wood coal) central heating,0,0,0,0,0,0,0,0,0,0,0,0
S01010604,Other central heating,3,0,3,3,0,3,0,0,0,0,0,0
S01010604,Two or more types of central heating,22,3,19,20,1,19,2,2,0,0,0,0
S01010605,All people in households,891,158,733,772,72,700,100,67,33,19,19,0
S01010605,No central heating,5,2,3,4,1,3,0,0,0,1,1,0
S01010605,Gas central heating,772,138,634,672,65,607,85,58,27,15,15,0
S01010605,Electric (including storage heaters) central heating,45,9,36,36,2,34,8,6,2,1,1,0
S01010605,Oil central heating,28,3,25,25,2,23,2,0,2,1,1,0
S01010605,Solid fuel (for example wood coal) central heating,8,0,8,8,0,8,0,0,0,0,0,0
S01010605,Other central heating,1,0,1,1,0,1,0,0,0,0,0,0
S01010605,Two or more types of central heating,32,6,26,26,2,24,5,3,2,1,1,0
S01010606,All people in households,816,150,666,691,58,633,91,58,33,34,34,0
S01010606,No central heating,22,4,18,19,1,18,1,1,0,2,2,0
S01010606,Gas central heating,586,92,494,508,38,470,58,34,24,20,20,0
S01010606,Electric (including storage heaters) central heating,181,46,135,142,15,127,28,20,8,11,11,0
S01010606,Oil central heating,2,0,2,1,0,1,1,0,1,0,0,0
S01010606,Solid fuel (for example wood coal) central heating,8,4,4,6,2,4,1,1,0,1,1,0
S01010606,Other central heating,0,0,0,0,0,0,0,0,0,0,0,0
S01010606,Two or more types of central heating,17,4,13,15,2,13,2,2,0,0,0,0
S01010607,All people in households,846,129,717,758,62,696,71,50,21,17,17,0
S01010607,No central heating,15,3,12,11,1,10,3,1,2,1,1,0
S01010607,Gas central heating,729,105,624,656,50,606,60,42,18,13,13,0
S01010607,Electric (including storage heaters) central heating,66,11,55,61,6,55,3,3,0,2,2,0
S01010607,Oil central heating,13,4,9,10,2,8,3,2,1,0,0,0
S01010607,Solid fuel (for example wood coal) central heating,2,1,1,1,0,1,1,1,0,0,0,0
S01010607,Other central heating,2,0,2,2,0,2,0,0,0,0,0,0
S01010607,Two or more types of central heating,19,5,14,17,3,14,1,1,0,1,1,0
S01010608,All people in households,673,134,539,540,42,498,102,64,38,31,28,3
S01010608,No central heating,13,1,12,12,0,12,1,1,0,0,0,0
S01010608,Gas central heating,445,77,368,374,26,348,57,38,19,14,13,1
S01010608,Electric (including storage heaters) central heating,176,50,126,125,16,109,35,20,15,16,14,2
S01010608,Oil central heating,4,2,2,2,0,2,2,2,0,0,0,0
S01010608,Solid fuel (for example wood coal) central heating,0,0,0,0,0,0,0,0,0,0,0,0
S01010608,Other central heating,0,0,0,0,0,0,0,0,0,0,0,0
S01010608,Two or more types of central heating,35,4,31,27,0,27,7,3,4,1,1,0
S01010609,All people in households,570,98,472,479,29,450,62,40,22,29,29,0
S01010609,No central heating,19,4,15,15,0,15,4,4,0,0,0,0
S01010609,Gas central heating,256,36,220,223,12,211,25,16,9,8,8,0
S01010609,Electric (including storage heaters) central heating,245,53,192,196,16,180,29,17,12,20,20,0
S01010609,Oil central heating,6,2,4,5,1,4,1,1,0,0,0,0
S01010609,Solid fuel (for example wood coal) central heating,4,1,3,3,0,3,0,0,0,1,1,0
S01010609,Other central heating,2,0,2,2,0,2,0,0,0,0,0,0
S01010609,Two or more types of central heating,38,2,36,35,0,35,3,2,1,0,0,0
S01010610,All people in households,639,118,521,550,51,499,70,50,20,19,17,2
S01010610,No central heating,5,1,4,5,1,4,0,0,0,0,0,0
S01010610,Gas central heating,516,88,428,452,39,413,52,38,14,12,11,1
S01010610,Electric (including storage heaters) central heating,55,16,39,40,6,34,10,6,4,5,4,1
S01010610,Oil central heating,44,4,40,39,1,38,4,2,2,1,1,0
S01010610,Solid fuel (for example wood coal) central heating,5,4,1,3,2,1,2,2,0,0,0,0
S01010610,Other central heating,0,0,0,0,0,0,0,0,0,0,0,0
S01010610,Two or more types of central heating,14,5,9,11,2,9,2,2,0,1,1,0
S01010611,All people in households,925,182,743,756,54,702,122,83,39,47,45,2
S01010611,No central heating,30,7,23,23,0,23,4,4,0,3,3,0
S01010611,Gas central heating,538,105,433,447,37,410,66,45,21,25,23,2
S01010611,Electric (including storage heaters) central heating,314,62,252,248,13,235,48,31,17,18,18,0
S01010611,Oil central heating,9,4,5,6,1,5,2,2,0,1,1,0
S01010611,Solid fuel (for example wood coal) central heating,1,0,1,1,0,1,0,0,0,0,0,0
S01010611,Other central heating,6,0,6,6,0,6,0,0,0,0,0,0
S01010611,Two or more types of central heating,27,4,23,25,3,22,2,1,1,0,0,0
S01010612,All people in households,781,117,664,670,35,635,84,56,28,27,26,1
S01010612,No central heating,14,5,9,8,0,8,4,3,1,2,2,0
S01010612,Gas central heating,725,100,625,630,32,598,74,48,26,21,20,1
S01010612,Electric (including storage heaters) central heating,16,8,8,9,1,8,3,3,0,4,4,0
S01010612,Oil central heating,4,2,2,3,1,2,1,1,0,0,0,0
S01010612,Solid fuel (for example wood coal) central heating,0,0,0,0,0,0,0,0,0,0,0,0
S01010612,Other central heating,12,2,10,11,1,10,1,1,0,0,0,0
S01010612,Two or more types of central heating,10,0,10,9,0,9,1,0,1,0,0,0
S01010613,All people in households,698,171,527,532,39,493,113,79,34,53,53,0
S01010613,No central heating,6,4,2,1,0,1,1,0,1,4,4,0
S01010613,Gas central heating,600,136,464,460,28,432,100,68,32,40,40,0
S01010613,Electric (including storage heaters) central heating,62,27,35,45,10,35,9,9,0,8,8,0
S01010613,Oil central heating,15,4,11,12,1,11,2,2,0,1,1,0
S01010613,Solid fuel (for example wood coal) central heating,0,0,0,0,0,0,0,0,0,0,0,0
S01010613,Other central heating,2,0,2,2,0,2,0,0,0,0,0,0
S01010613,Two or more types of central heating,13,0,13,12,0,12,1,0,1,0,0,0
S01010614,All people in households,542,116,426,443,38,405,53,33,20,46,45,1
S01010614,No central heating,9,1,8,8,0,8,0,0,0,1,1,0
S01010614,Gas central heating,135,34,101,108,11,97,12,8,4,15,15,0
S01010614,Electric (including storage heaters) central heating,337,67,270,280,23,257,33,20,13,24,24,0
S01010614,Oil central heating,10,0,10,10,0,10,0,0,0,0,0,0
S01010614,Solid fuel (for example wood coal) central heating,0,0,0,0,0,0,0,0,0,0,0,0
S01010614,Other central heating,34,7,27,29,4,25,4,2,2,1,1,0
S01010614,Two or more types of central heating,17,7,10,8,0,8,4,3,1,5,4,1
S01010615,All people in households,824,100,724,729,34,695,76,47,29,19,19,0
S01010615,No central heating,0,0,0,0,0,0,0,0,0,0,0,0
S01010615,Gas central heating,598,59,539,546,25,521,42,24,18,10,10,0
S01010615,Electric (including storage heaters) central heating,190,39,151,149,9,140,32,21,11,9,9,0
S01010615,Oil central heating,5,0,5,5,0,5,0,0,0,0,0,0
S01010615,Solid fuel (for example wood coal) central heating,3,0,3,3,0,3,0,0,0,0,0,0
S01010615,Other central heating,6,0,6,6,0,6,0,0,0,0,0,0
S01010615,Two or more types of central heating,22,2,20,20,0,20,2,2,0,0,0,0
S01010616,All people in households,856,138,718,751,57,694,76,54,22,29,27,2
S01010616,No central heating,20,5,15,15,2,13,5,3,2,0,0,0
S01010616,Gas central heating,750,113,637,661,44,617,65,46,19,24,23,1
S01010616,Electric (including storage heaters) central heating,52,14,38,45,7,38,3,3,0,4,4,0
S01010616,Oil central heating,13,1,12,13,1,12,0,0,0,0,0,0
S01010616,Solid fuel (for example wood coal) central heating,1,0,1,0,0,0,1,0,1,0,0,0
S01010616,Other central heating,2,0,2,2,0,2,0,0,0,0,0,0
S01010616,Two or more types of central heating,18,5,13,15,3,12,2,2,0,1,0,1
S01010617,All people in households,904,114,790,811,42,769,79,58,21,14,14,0
S01010617,No central heating,11,4,7,11,4,7,0,0,0,0,0,0
S01010617,Gas central heating,818,84,734,745,31,714,62,42,20,11,11,0
S01010617,Electric (including storage heaters) central heating,36,12,24,27,3,24,7,7,0,2,2,0
S01010617,Oil central heating,4,1,3,3,0,3,1,1,0,0,0,0
S01010617,Solid fuel (for example wood coal) central heating,9,4,5,7,2,5,2,2,0,0,0,0
S01010617,Other central heating,0,0,0,0,0,0,0,0,0,0,0,0
S01010617,Two or more types of central heating,26,9,17,18,2,16,7,6,1,1,1,0
S01010618,All people in households,756,72,684,682,20,662,60,39,21,14,13,1
S01010618,No central heating,15,3,12,14,2,12,1,1,0,0,0,0
S01010618,Gas central heating,704,64,640,634,16,618,59,38,21,11,10,1
S01010618,Electric (including storage heaters) central heating,15,3,12,13,1,12,0,0,0,2,2,0
S01010618,Oil central heating,4,1,3,4,1,3,0,0,0,0,0,0
S01010618,Solid fuel (for example wood coal) central heating,6,1,5,5,0,5,0,0,0,1,1,0
S01010618,Other central heating,0,0,0,0,0,0,0,0,0,0,0,0
S01010618,Two or more types of central heating,12,0,12,12,0,12,0,0,0,0,0,0
S01010619,All people in households,619,98,521,535,39,496,58,33,25,26,26,0
S01010619,No central heating,34,6,28,28,2,26,3,1,2,3,3,0
S01010619,Gas central heating,317,44,273,277,16,261,30,18,12,10,10,0
S01010619,Electric (including storage heaters) central heating,196,34,162,165,14,151,20,9,11,11,11,0
S01010619,Oil central heating,8,2,6,7,1,6,1,1,0,0,0,0
S01010619,Solid fuel (for example wood coal) central heating,2,0,2,2,0,2,0,0,0,0,0,0
S01010619,Other central heating,9,2,7,9,2,7,0,0,0,0,0,0
S01010619,Two or more types of central heating,53,10,43,47,4,43,4,4,0,2,2,0
S01010620,All people in households,614,98,516,518,29,489,66,41,25,30,28,2
S01010620,No central heating,21,6,15,14,0,14,3,2,1,4,4,0
S01010620,Gas central heating,205,37,168,171,13,158,23,14,9,11,10,1
S01010620,Electric (including storage heaters) central heating,348,51,297,298,16,282,36,22,14,14,13,1
S01010620,Oil central heating,17,1,16,16,0,16,1,1,0,0,0,0
S01010620,Solid fuel (for example wood coal) central heating,5,2,3,3,0,3,2,2,0,0,0,0
S01010620,Other central heating,10,1,9,8,0,8,1,0,1,1,1,0
S01010620,Two or more types of central heating,8,0,8,8,0,8,0,0,0,0,0,0
S01010621,All people in households,904,134,770,792,65,727,76,38,38,36,31,5
S01010621,No central heating,17,1,16,15,0,15,2,1,1,0,0,0
S01010621,Gas central heating,583,75,508,524,43,481,45,20,25,14,12,2
S01010621,Electric (including storage heaters) central heating,242,46,196,203,17,186,21,13,8,18,16,2
S01010621,Oil central heating,21,3,18,18,1,17,2,1,1,1,1,0
S01010621,Solid fuel (for example wood coal) central heating,8,0,8,7,0,7,0,0,0,1,0,1
S01010621,Other central heating,0,0,0,0,0,0,0,0,0,0,0,0
S01010621,Two or more types of central heating,33,9,24,25,4,21,6,3,3,2,2,0
S01010622,All people in households,648,130,518,510,31,479,91,57,34,47,42,5
S01010622,No central heating,23,6,17,17,0,17,3,3,0,3,3,0
S01010622,Gas central heating,127,38,89,94,13,81,17,11,6,16,14,2
S01010622,Electric (including storage heaters) central heating,400,64,336,324,11,313,57,35,22,19,18,1
S01010622,Oil central heating,50,10,40,39,3,36,6,3,3,5,4,1
S01010622,Solid fuel (for example wood coal) central heating,25,5,20,20,3,17,4,2,2,1,0,1
S01010622,Other central heating,3,0,3,2,0,2,1,0,1,0,0,0
S01010622,Two or more types of central heating,20,7,13,14,1,13,3,3,0,3,3,0
S01010623,All people in households,867,72,795,809,30,779,38,23,15,20,19,1
S01010623,No central heating,17,2,15,16,1,15,0,0,0,1,1,0
S01010623,Gas central heating,701,57,644,655,25,630,33,20,13,13,12,1
S01010623,Electric (including storage heaters) central heating,59,9,50,50,1,49,4,3,1,5,5,0
S01010623,Oil central heating,4,0,4,4,0,4,0,0,0,0,0,0
S01010623,Solid fuel (for example wood coal) central heating,1,1,0,0,0,0,0,0,0,1,1,0
S01010623,Other central heating,0,0,0,0,0,0,0,0,0,0,0,0
S01010623,Two or more types of central heating,85,3,82,84,3,81,1,0,1,0,0,0
S01010624,All people in households,546,110,436,434,28,406,71,42,29,41,40,1
S01010624,No central heating,21,1,20,20,1,19,0,0,0,1,0,1
S01010624,Gas central heating,170,26,144,150,12,138,14,8,6,6,6,0
S01010624,Electric (including storage heaters) central heating,260,70,190,186,13,173,46,29,17,28,28,0
S01010624,Oil central heating,70,8,62,57,0,57,9,4,5,4,4,0
S01010624,Solid fuel (for example wood coal) central heating,0,0,0,0,0,0,0,0,0,0,0,0
S01010624,Other central heating,8,1,7,7,0,7,0,0,0,1,1,0
S01010624,Two or more types of central heating,17,4,13,14,2,12,2,1,1,1,1,0
S01010625,All people in households,761,132,629,658,54,604,79,57,22,24,21,3
S01010625,No central heating,7,3,4,5,1,4,2,2,0,0,0,0
S01010625,Gas central heating,643,111,532,558,47,511,64,46,18,21,18,3
S01010625,Electric (including storage heaters) central heating,75,12,63,65,5,60,8,5,3,2,2,0
S01010625,Oil central heating,17,4,13,13,1,12,4,3,1,0,0,0
S01010625,Solid fuel (for example wood coal) central heating,0,0,0,0,0,0,0,0,0,0,0,0
S01010625,Other central heating,0,0,0,0,0,0,0,0,0,0,0,0
S01010625,Two or more types of central heating,19,2,17,17,0,17,1,1,0,1,1,0
S01010626,All people in households,818,160,658,691,64,627,100,69,31,27,27,0
S01010626,No central heating,14,3,11,11,3,8,3,0,3,0,0,0
S01010626,Gas central heating,669,125,544,581,56,525,71,52,19,17,17,0
S01010626,Electric (including storage heaters) central heating,86,24,62,60,4,56,19,13,6,7,7,0
S01010626,Oil central heating,23,1,22,21,0,21,2,1,1,0,0,0
S01010626,Solid fuel (for example wood coal) central heating,3,0,3,3,0,3,0,0,0,0,0,0
S01010626,Other central heating,0,0,0,0,0,0,0,0,0,0,0,0
S01010626,Two or more types of central heating,23,7,16,15,1,14,5,3,2,3,3,0
S01010627,All people in households,778,141,637,671,50,621,80,65,15,27,26,1
S01010627,No central heating,24,3,21,21,0,21,0,0,0,3,3,0
S01010627,Gas central heating,544,92,452,474,34,440,53,42,11,17,16,1
S01010627,Electric (including storage heaters) central heating,140,31,109,115,9,106,18,15,3,7,7,0
S01010627,Oil central heating,8,2,6,7,1,6,1,1,0,0,0,0
S01010627,Solid fuel (for example wood coal) central heating,7,0,7,7,0,7,0,0,0,0,0,0
S01010627,Other central heating,3,2,1,2,1,1,1,1,0,0,0,0
S01010627,Two or more types of central heating,52,11,41,45,5,40,7,6,1,0,0,0
S01010628,All people in households,904,151,753,790,60,730,91,69,22,23,22,1
S01010628,No central heating,35,8,27,28,3,25,5,3,2,2,2,0
S01010628,Gas central heating,674,84,590,610,35,575,56,41,15,8,8,0
S01010628,Electric (including storage heaters) central heating,144,47,97,112,20,92,22,18,4,10,9,1
S01010628,Oil central heating,16,2,14,14,1,13,1,0,1,1,1,0
S01010628,Solid fuel (for example wood coal) central heating,2,0,2,2,0,2,0,0,0,0,0,0
S01010628,Other central heating,4,1,3,3,0,3,1,1,0,0,0,0
S01010628,Two or more types of central heating,29,9,20,21,1,20,6,6,0,2,2,0
S01010629,All people in households,914,174,740,780,77,703,99,63,36,35,34,1
S01010629,No central heating,14,3,11,10,1,9,3,1,2,1,1,0
S01010629,Gas central heating,738,139,599,639,63,576,72,50,22,27,26,1
S01010629,Electric (including storage heaters) central heating,79,16,63,61,7,54,14,5,9,4,4,0
S01010629,Oil central heating,23,5,18,19,1,18,4,4,0,0,0,0
S01010629,Solid fuel (for example wood coal) central heating,7,2,5,2,0,2,4,1,3,1,1,0
S01010629,Other central heating,2,1,1,1,0,1,0,0,0,1,1,0
S01010629,Two or more types of central heating,51,8,43,48,5,43,2,2,0,1,1,0
S01010630,All people in households,551,87,464,473,33,440,56,34,22,22,20,2
S01010630,No central heating,3,1,2,2,0,2,1,1,0,0,0,0
S01010630,Gas central heating,435,60,375,380,24,356,44,25,19,11,11,0
S01010630,Electric (including storage heaters) central heating,60,15,45,48,4,44,7,6,1,5,5,0
S01010630,Oil central heating,9,0,9,9,0,9,0,0,0,0,0,0
S01010630,Solid fuel (for example wood coal) central heating,3,1,2,3,1,2,0,0,0,0,0,0
S01010630,Other central heating,3,0,3,3,0,3,0,0,0,0,0,0
S01010630,Two or more types of central heating,38,10,28,28,4,24,4,2,2,6,4,2
S01010631,All people in households,588,114,474,474,43,431,85,43,42,29,28,1
S01010631,No central heating,21,3,18,17,0,17,2,1,1,2,2,0
S01010631,Gas central heating,409,62,347,337,22,315,57,26,31,15,14,1
S01010631,Electric (including storage heaters) central heating,136,42,94,105,19,86,23,15,8,8,8,0
S01010631,Oil central heating,0,0,0,0,0,0,0,0,0,0,0,0
S01010631,Solid fuel (for example wood coal) central heating,8,3,5,6,1,5,0,0,0,2,2,0
S01010631,Other central heating,0,0,0,0,0,0,0,0,0,0,0,0
S01010631,Two or more types of central heating,14,4,10,9,1,8,3,1,2,2,2,0
S01010632,All people in households,956,249,707,736,67,669,138,104,34,82,78,4
S01010632,No central heating,15,4,11,9,0,9,4,2,2,2,2,0
S01010632,Gas central heating,789,197,592,620,59,561,109,81,28,60,57,3
S01010632,Electric (including storage heaters) central heating,104,31,73,75,6,69,16,13,3,13,12,1
S01010632,Oil central heating,7,3,4,5,1,4,1,1,0,1,1,0
S01010632,Solid fuel (for example wood coal) central heating,6,3,3,3,0,3,3,3,0,0,0,0
S01010632,Other central heating,1,1,0,0,0,0,0,0,0,1,1,0
S01010632,Two or more types of central heating,34,10,24,24,1,23,5,4,1,5,5,0
S01010633,All people in households,1035,245,790,812,78,734,160,105,55,63,62,1
S01010633,No central heating,17,7,10,11,1,10,3,3,0,3,3,0
S01010633,Gas central heating,826,180,646,658,58,600,119,74,45,49,48,1
S01010633,Electric (including storage heaters) central heating,154,44,110,117,17,100,31,21,10,6,6,0
S01010633,Oil central heating,2,2,0,1,1,0,1,1,0,0,0,0
S01010633,Solid fuel (for example wood coal) central heating,2,1,1,1,0,1,0,0,0,1,1,0
S01010633,Other central heating,2,2,0,0,0,0,1,1,0,1,1,0
S01010633,Two or more types of central heating,32,9,23,24,1,23,5,5,0,3,3,0
S01010634,All people in households,665,158,507,534,52,482,83,59,24,48,47,1
S01010634,No central heating,19,3,16,16,0,16,2,2,0,1,1,0
S01010634,Gas central heating,454,104,350,371,35,336,49,36,13,34,33,1
S01010634,Electric (including storage heaters) central heating,142,38,104,106,12,94,24,14,10,12,12,0
S01010634,Oil central heating,8,1,7,8,1,7,0,0,0,0,0,0
S01010634,Solid fuel (for example wood coal) central heating,17,7,10,11,1,10,6,6,0,0,0,0
S01010634,Other central heating,0,0,0,0,0,0,0,0,0,0,0,0
S01010634,Two or more types of central heating,25,5,20,22,3,19,2,1,1,1,1,0
S01010635,All people in households,803,168,635,631,38,593,117,76,41,55,54,1
S01010635,No central heating,8,3,5,4,1,3,2,0,2,2,2,0
S01010635,Gas central heating,685,138,547,549,34,515,97,65,32,39,39,0
S01010635,Electric (including storage heaters) central heating,49,15,34,33,3,30,9,5,4,7,7,0
S01010635,Oil central heating,0,0,0,0,0,0,0,0,0,0,0,0
S01010635,Solid fuel (for example wood coal) central heating,10,3,7,7,0,7,3,3,0,0,0,0
S01010635,Other central heating,10,5,5,5,0,5,3,3,0,2,2,0
S01010635,Two or more types of central heating,41,4,37,33,0,33,3,0,3,5,4,1
S01010636,All people in households,808,139,669,692,47,645,85,61,24,31,31,0
S01010636,No central heating,8,1,7,7,0,7,0,0,0,1,1,0
S01010636,Gas central heating,705,119,586,607,44,563,73,50,23,25,25,0
S01010636,Electric (including storage heaters) central heating,48,11,37,39,2,37,7,7,0,2,2,0
S01010636,Oil central heating,16,4,12,12,0,12,2,2,0,2,2,0
S01010636,Solid fuel (for example wood coal) central heating,3,0,3,3,0,3,0,0,0,0,0,0
S01010636,Other central heating,0,0,0,0,0,0,0,0,0,0,0,0
S01010636,Two or more types of central heating,28,4,24,24,1,23,3,2,1,1,1,0
S01010637,All people in households,519,130,389,387,32,355,101,68,33,31,30,1
S01010637,No central heating,30,11,19,21,2,19,5,5,0,4,4,0
S01010637,Gas central heating,320,81,239,242,23,219,58,39,19,20,19,1
S01010637,Electric (including storage heaters) central heating,145,31,114,108,6,102,30,18,12,7,7,0
S01010637,Oil central heating,5,2,3,2,1,1,3,1,2,0,0,0
S01010637,Solid fuel (for example wood coal) central heating,5,2,3,3,0,3,2,2,0,0,0,0
S01010637,Other central heating,1,1,0,0,0,0,1,1,0,0,0,0
S01010637,Two or more types of central heating,13,2,11,11,0,11,2,2,0,0,0,0
S01010638,All people in households,785,223,562,568,49,519,155,114,41,62,60,2
S01010638,No central heating,11,7,4,5,2,3,4,3,1,2,2,0
S01010638,Gas central heating,560,123,437,443,33,410,87,61,26,30,29,1
S01010638,Electric (including storage heaters) central heating,169,81,88,85,11,74,58,45,13,26,25,1
S01010638,Oil central heating,18,1,17,17,0,17,1,1,0,0,0,0
S01010638,Solid fuel (for example wood coal) central heating,9,7,2,4,2,2,3,3,0,2,2,0
S01010638,Other central heating,2,0,2,2,0,2,0,0,0,0,0,0
S01010638,Two or more types of central heating,16,4,12,12,1,11,2,1,1,2,2,0
S01010639,All people in households,1121,263,858,875,79,796,167,112,55,79,72,7
S01010639,No central heating,40,10,30,30,4,26,6,3,3,4,3,1
S01010639,Gas central heating,808,178,630,643,50,593,113,79,34,52,49,3
S01010639,Electric (including storage heaters) central heating,218,57,161,165,21,144,36,22,14,17,14,3
S01010639,Oil central heating,5,0,5,5,0,5,0,0,0,0,0,0
S01010639,Solid fuel (for example wood coal) central heating,3,1,2,3,1,2,0,0,0,0,0,0
S01010639,Other central heating,3,3,0,0,0,0,0,0,0,3,3,0
S01010639,Two or more types of central heating,44,14,30,29,3,26,12,8,4,3,3,0
S01010640,All people in households,792,98,694,689,34,655,79,41,38,24,23,1
S01010640,No central heating,53,6,47,45,3,42,8,3,5,0,0,0
S01010640,Gas central heating,476,53,423,424,20,404,39,20,19,13,13,0
S01010640,Electric (including storage heaters) central heating,225,32,193,190,10,180,27,15,12,8,7,1
S01010640,Oil central heating,9,1,8,8,0,8,0,0,0,1,1,0
S01010640,Solid fuel (for example wood coal) central heating,6,2,4,5,1,4,1,1,0,0,0,0
S01010640,Other central heating,4,1,3,3,0,3,0,0,0,1,1,0
S01010640,Two or more types of central heating,19,3,16,14,0,14,4,2,2,1,1,0
S01010641,All people in households,1015,253,762,759,55,704,172,115,57,84,83,1
S01010641,No central heating,26,7,19,18,1,17,6,4,2,2,2,0
S01010641,Gas central heating,685,160,525,525,33,492,106,74,32,54,53,1
S01010641,Electric (including storage heaters) central heating,231,69,162,159,15,144,46,28,18,26,26,0
S01010641,Oil central heating,7,4,3,3,0,3,3,3,0,1,1,0
S01010641,Solid fuel (for example wood coal) central heating,6,1,5,4,0,4,2,1,1,0,0,0
S01010641,Other central heating,10,1,9,10,1,9,0,0,0,0,0,0
S01010641,Two or more types of central heating,50,11,39,40,5,35,9,5,4,1,1,0
S01010642,All people in households,978,219,759,772,55,717,140,99,41,66,65,1
S01010642,No central heating,33,2,31,30,1,29,2,0,2,1,1,0
S01010642,Gas central heating,560,118,442,452,32,420,75,54,21,33,32,1
S01010642,Electric (including storage heaters) central heating,324,83,241,246,18,228,51,38,13,27,27,0
S01010642,Oil central heating,6,0,6,5,0,5,1,0,1,0,0,0
S01010642,Solid fuel (for example wood coal) central heating,3,1,2,2,0,2,1,1,0,0,0,0
S01010642,Other central heating,23,4,19,18,1,17,4,2,2,1,1,0
S01010642,Two or more types of central heating,29,11,18,19,3,16,6,4,2,4,4,0
S01010643,All people in households,741,152,589,595,46,549,107,68,39,39,38,1
S01010643,No central heating,3,1,2,0,0,0,3,1,2,0,0,0
S01010643,Gas central heating,613,119,494,497,33,464,91,62,29,25,24,1
S01010643,Electric (including storage heaters) central heating,54,9,45,47,3,44,2,1,1,5,5,0
S01010643,Oil central heating,5,3,2,3,1,2,1,1,0,1,1,0
S01010643,Solid fuel (for example wood coal) central heating,9,2,7,6,0,6,1,0,1,2,2,0
S01010643,Other central heating,10,2,8,7,0,7,1,0,1,2,2,0
S01010643,Two or more types of central heating,47,16,31,35,9,26,8,3,5,4,4,0
S01010644,All people in households,665,189,476,479,38,441,106,73,33,80,78,2
S01010644,No central heating,11,4,7,6,0,6,0,0,0,5,4,1
S01010644,Gas central heating,375,109,266,270,23,247,68,50,18,37,36,1
S01010644,Electric (including storage heaters) central heating,222,62,160,156,11,145,32,17,15,34,34,0
S01010644,Oil central heating,11,2,9,10,1,9,1,1,0,0,0,0
S01010644,Solid fuel (for example wood coal) central heating,0,0,0,0,0,0,0,0,0,0,0,0
S01010644,Other central heating,0,0,0,0,0,0,0,0,0,0,0,0
S01010644,Two or more types of central heating,46,12,34,37,3,34,5,5,0,4,4,0
S01010645,All people in households,534,68,466,457,20,437,61,32,29,16,16,0
S01010645,No central heating,22,2,20,17,2,15,5,0,5,0,0,0
S01010645,Gas central heating,388,45,343,336,13,323,41,21,20,11,11,0
S01010645,Electric (including storage heaters) central heating,106,16,90,90,4,86,12,8,4,4,4,0
S01010645,Oil central heating,7,1,6,6,0,6,1,1,0,0,0,0
S01010645,Solid fuel (for example wood coal) central heating,6,1,5,5,0,5,1,1,0,0,0,0
S01010645,Other central heating,2,1,1,1,0,1,0,0,0,1,1,0
S01010645,Two or more types of central heating,3,2,1,2,1,1,1,1,0,0,0,0
S01010646,All people in households,669,109,560,575,35,540,66,47,19,28,27,1
S01010646,No central heating,11,1,10,11,1,10,0,0,0,0,0,0
S01010646,Gas central heating,566,91,475,482,25,457,58,41,17,26,25,1
S01010646,Electric (including storage heaters) central heating,60,10,50,51,3,48,7,5,2,2,2,0
S01010646,Oil central heating,17,5,12,16,4,12,1,1,0,0,0,0
S01010646,Solid fuel (for example wood coal) central heating,0,0,0,0,0,0,0,0,0,0,0,0
S01010646,Other central heating,4,2,2,4,2,2,0,0,0,0,0,0
S01010646,Two or more types of central heating,11,0,11,11,0,11,0,0,0,0,0,0
S01010647,All people in households,616,103,513,544,48,496,55,38,17,17,17,0
S01010647,No central heating,8,1,7,8,1,7,0,0,0,0,0,0
S01010647,Gas central heating,518,92,426,455,43,412,48,34,14,15,15,0
S01010647,Electric (including storage heaters) central heating,66,4,62,62,3,59,4,1,3,0,0,0
S01010647,Oil central heating,7,4,3,4,1,3,1,1,0,2,2,0
S01010647,Solid fuel (for example wood coal) central heating,5,0,5,5,0,5,0,0,0,0,0,0
S01010647,Other central heating,1,0,1,1,0,1,0,0,0,0,0,0
S01010647,Two or more types of central heating,11,2,9,9,0,9,2,2,0,0,0,0
S01010648,All people in households,651,125,526,555,41,514,64,52,12,32,32,0
S01010648,No central heating,12,2,10,12,2,10,0,0,0,0,0,0
S01010648,Gas central heating,530,87,443,464,30,434,50,41,9,16,16,0
S01010648,Electric (including storage heaters) central heating,80,30,50,56,8,48,11,9,2,13,13,0
S01010648,Oil central heating,17,2,15,15,0,15,0,0,0,2,2,0
S01010648,Solid fuel (for example wood coal) central heating,1,0,1,1,0,1,0,0,0,0,0,0
S01010648,Other central heating,1,1,0,1,1,0,0,0,0,0,0,0
S01010648,Two or more types of central heating,10,3,7,6,0,6,3,2,1,1,1,0
S01010649,All people in households,556,115,441,465,42,423,71,54,17,20,19,1
S01010649,No central heating,16,5,11,11,2,9,2,0,2,3,3,0
S01010649,Gas central heating,399,56,343,358,25,333,31,22,9,10,9,1
S01010649,Electric (including storage heaters) central heating,114,49,65,72,12,60,35,30,5,7,7,0
S01010649,Oil central heating,6,0,6,5,0,5,1,0,1,0,0,0
S01010649,Solid fuel (for example wood coal) central heating,1,1,0,1,1,0,0,0,0,0,0,0
S01010649,Other central heating,3,0,3,3,0,3,0,0,0,0,0,0
S01010649,Two or more types of central heating,17,4,13,15,2,13,2,2,0,0,0,0
S01010650,All people in households,452,78,374,383,23,360,53,39,14,16,16,0
S01010650,No central heating,6,1,5,6,1,5,0,0,0,0,0,0
S01010650,Gas central heating,225,27,198,205,10,195,10,7,3,10,10,0
S01010650,Electric (including storage heaters) central heating,100,29,71,67,4,63,29,21,8,4,4,0
S01010650,Oil central heating,90,14,76,79,6,73,10,7,3,1,1,0
S01010650,Solid fuel (for example wood coal) central heating,2,1,1,1,0,1,1,1,0,0,0,0
S01010650,Other central heating,2,2,0,1,1,0,1,1,0,0,0,0
S01010650,Two or more types of central heating,27,4,23,24,1,23,2,2,0,1,1,0
S01010651,All people in households,665,148,517,520,41,479,109,72,37,36,35,1
S01010651,No central heating,3,1,2,2,0,2,0,0,0,1,1,0
S01010651,Gas central heating,586,121,465,463,32,431,94,61,33,29,28,1
S01010651,Electric (including storage heaters) central heating,28,10,18,19,1,18,6,6,0,3,3,0
S01010651,Oil central heating,10,3,7,8,2,6,2,1,1,0,0,0
S01010651,Solid fuel (for example wood coal) central heating,13,5,8,8,0,8,2,2,0,3,3,0
S01010651,Other central heating,11,4,7,10,4,6,1,0,1,0,0,0
S01010651,Two or more types of central heating,14,4,10,10,2,8,4,2,2,0,0,0
S01010652,All people in households,718,128,590,604,37,567,87,66,21,27,25,2
S01010652,No central heating,10,4,6,7,1,6,2,2,0,1,1,0
S01010652,Gas central heating,572,98,474,490,34,456,64,48,16,18,16,2
S01010652,Electric (including storage heaters) central heating,93,17,76,72,1,71,14,9,5,7,7,0
S01010652,Oil central heating,14,1,13,13,0,13,1,1,0,0,0,0
S01010652,Solid fuel (for example wood coal) central heating,10,1,9,10,1,9,0,0,0,0,0,0
S01010652,Other central heating,4,3,1,1,0,1,3,3,0,0,0,0
S01010652,Two or more types of central heating,15,4,11,11,0,11,3,3,0,1,1,0
S01010653,All people in households,584,118,466,493,50,443,68,48,20,23,20,3
S01010653,No central heating,27,7,20,18,0,18,6,4,2,3,3,0
S01010653,Gas central heating,490,89,401,428,44,384,47,33,14,15,12,3
S01010653,Electric (including storage heaters) central heating,45,13,32,33,4,29,11,8,3,1,1,0
S01010653,Oil central heating,5,4,1,1,0,1,2,2,0,2,2,0
S01010653,Solid fuel (for example wood coal) central heating,2,1,1,0,0,0,2,1,1,0,0,0
S01010653,Other central heating,5,0,5,5,0,5,0,0,0,0,0,0
S01010653,Two or more types of central heating,10,4,6,8,2,6,0,0,0,2,2,0
S01010654,All people in households,763,146,617,614,39,575,92,52,40,57,55,2
S01010654,No central heating,7,0,7,6,0,6,1,0,1,0,0,0
S01010654,Gas central heating,612,102,510,507,29,478,65,35,30,40,38,2
S01010654,Electric (including storage heaters) central heating,95,36,59,61,8,53,20,14,6,14,14,0
S01010654,Oil central heating,11,2,9,8,0,8,2,1,1,1,1,0
S01010654,Solid fuel (for example wood coal) central heating,0,0,0,0,0,0,0,0,0,0,0,0
S01010654,Other central heating,4,2,2,3,1,2,0,0,0,1,1,0
S01010654,Two or more types of central heating,34,4,30,29,1,28,4,2,2,1,1,0
S01010655,All people in households,909,152,757,794,57,737,85,65,20,30,30,0
S01010655,No central heating,43,12,31,36,6,30,5,4,1,2,2,0
S01010655,Gas central heating,46,11,35,37,3,34,7,6,1,2,2,0
S01010655,Electric (including storage heaters) central heating,150,26,124,130,9,121,14,11,3,6,6,0
S01010655,Oil central heating,468,71,397,417,29,388,36,27,9,15,15,0
S01010655,Solid fuel (for example wood coal) central heating,70,11,59,61,5,56,7,4,3,2,2,0
S01010655,Other central heating,28,3,25,27,2,25,1,1,0,0,0,0
S01010655,Two or more types of central heating,104,18,86,86,3,83,15,12,3,3,3,0
S01010656,All people in households,475,92,383,407,36,371,48,36,12,20,20,0
S01010656,No central heating,11,4,7,9,2,7,1,1,0,1,1,0
S01010656,Gas central heating,26,3,23,24,2,22,2,1,1,0,0,0
S01010656,Electric (including storage heaters) central heating,116,26,90,93,8,85,18,13,5,5,5,0
S01010656,Oil central heating,207,32,175,183,14,169,19,13,6,5,5,0
S01010656,Solid fuel (for example wood coal) central heating,20,6,14,16,2,14,1,1,0,3,3,0
S01010656,Other central heating,19,8,11,15,4,11,3,3,0,1,1,0
S01010656,Two or more types of central heating,76,13,63,67,4,63,4,4,0,5,5,0
S01010657,All people in households,639,93,546,565,39,526,58,39,19,16,15,1
S01010657,No central heating,5,0,5,4,0,4,1,0,1,0,0,0
S01010657,Gas central heating,25,3,22,22,1,21,3,2,1,0,0,0
S01010657,Electric (including storage heaters) central heating,52,7,45,44,1,43,5,3,2,3,3,0
S01010657,Oil central heating,439,63,376,389,28,361,41,26,15,9,9,0
S01010657,Solid fuel (for example wood coal) central heating,32,6,26,28,2,26,2,2,0,2,2,0
S01010657,Other central heating,33,4,29,31,2,29,2,2,0,0,0,0
S01010657,Two or more types of central heating,53,10,43,47,5,42,4,4,0,2,1,1
S01010658,All people in households,732,107,625,643,49,594,64,35,29,25,23,2
S01010658,No central heating,15,4,11,13,2,11,0,0,0,2,2,0
S01010658,Gas central heating,135,25,110,113,11,102,12,5,7,10,9,1
S01010658,Electric (including storage heaters) central heating,75,17,58,59,7,52,14,8,6,2,2,0
S01010658,Oil central heating,415,45,370,378,22,356,28,15,13,9,8,1
S01010658,Solid fuel (for example wood coal) central heating,23,4,19,21,2,19,1,1,0,1,1,0
S01010658,Other central heating,16,3,13,13,1,12,3,2,1,0,0,0
S01010658,Two or more types of central heating,53,9,44,46,4,42,6,4,2,1,1,0
S01010659,All people in households,648,90,558,569,36,533,69,47,22,10,7,3
S01010659,No central heating,31,10,21,22,4,18,8,6,2,1,0,1
S01010659,Gas central heating,52,4,48,47,1,46,5,3,2,0,0,0
S01010659,Electric (including storage heaters) central heating,72,17,55,54,2,52,15,12,3,3,3,0
S01010659,Oil central heating,422,45,377,387,24,363,30,17,13,5,4,1
S01010659,Solid fuel (for example wood coal) central heating,28,7,21,21,3,18,6,4,2,1,0,1
S01010659,Other central heating,7,2,5,5,0,5,2,2,0,0,0,0
S01010659,Two or more types of central heating,36,5,31,33,2,31,3,3,0,0,0,0
S01010660,All people in households,606,129,477,497,40,457,75,55,20,34,34,0
S01010660,No central heating,8,2,6,6,0,6,0,0,0,2,2,0
S01010660,Gas central heating,49,13,36,40,5,35,7,6,1,2,2,0
S01010660,Electric (including storage heaters) central heating,166,35,131,132,10,122,23,14,9,11,11,0
S01010660,Oil central heating,281,58,223,235,20,215,35,27,8,11,11,0
S01010660,Solid fuel (for example wood coal) central heating,54,12,42,42,1,41,6,5,1,6,6,0
S01010660,Other central heating,3,0,3,3,0,3,0,0,0,0,0,0
S01010660,Two or more types of central heating,45,9,36,39,4,35,4,3,1,2,2,0
S01010661,All people in households,568,115,453,455,23,432,82,61,21,31,31,0
S01010661,No central heating,12,1,11,11,0,11,1,1,0,0,0,0
S01010661,Gas central heating,42,6,36,38,2,36,3,3,0,1,1,0
S01010661,Electric (including storage heaters) central heating,276,71,205,203,13,190,54,39,15,19,19,0
S01010661,Oil central heating,165,26,139,143,6,137,15,13,2,7,7,0
S01010661,Solid fuel (for example wood coal) central heating,16,2,14,13,0,13,3,2,1,0,0,0
S01010661,Other central heating,3,0,3,2,0,2,1,0,1,0,0,0
S01010661,Two or more types of central heating,54,9,45,45,2,43,5,3,2,4,4,0
S01010662,All people in households,758,114,644,671,50,621,60,41,19,27,23,4
S01010662,No central heating,13,3,10,13,3,10,0,0,0,0,0,0
S01010662,Gas central heating,112,18,94,95,6,89,13,9,4,4,3,1
S01010662,Electric (including storage heaters) central heating,142,26,116,121,10,111,16,12,4,5,4,1
S01010662,Oil central heating,419,55,364,382,28,354,24,16,8,13,11,2
S01010662,Solid fuel (for example wood coal) central heating,15,2,13,12,0,12,2,1,1,1,1,0
S01010662,Other central heating,17,4,13,14,1,13,0,0,0,3,3,0
S01010662,Two or more types of central heating,40,6,34,34,2,32,5,3,2,1,1,0
S01010663,All people in households,953,141,812,830,51,779,99,67,32,24,23,1
S01010663,No central heating,23,4,19,21,3,18,2,1,1,0,0,0
S01010663,Gas central heating,57,7,50,53,3,50,3,3,0,1,1,0
S01010663,Electric (including storage heaters) central heating,101,27,74,79,10,69,17,12,5,5,5,0
S01010663,Oil central heating,572,70,502,508,25,483,50,32,18,14,13,1
S01010663,Solid fuel (for example wood coal) central heating,45,9,36,36,2,34,8,6,2,1,1,0
S01010663,Other central heating,56,7,49,48,3,45,6,2,4,2,2,0
S01010663,Two or more types of central heating,99,17,82,85,5,80,13,11,2,1,1,0
S01010664,All people in households,819,124,695,721,49,672,81,59,22,17,16,1
S01010664,No central heating,20,4,16,17,2,15,3,2,1,0,0,0
S01010664,Gas central heating,101,11,90,85,1,84,14,8,6,2,2,0
S01010664,Electric (including storage heaters) central heating,131,21,110,113,4,109,14,13,1,4,4,0
S01010664,Oil central heating,338,56,282,300,27,273,32,23,9,6,6,0
S01010664,Solid fuel (for example wood coal) central heating,56,10,46,47,4,43,7,4,3,2,2,0
S01010664,Other central heating,20,1,19,17,0,17,1,0,1,2,1,1
S01010664,Two or more types of central heating,153,21,132,142,11,131,10,9,1,1,1,0
S01010665,All people in households,952,172,780,801,56,745,111,76,35,40,40,0
S01010665,No central heating,50,11,39,40,2,38,5,4,1,5,5,0
S01010665,Gas central heating,84,16,68,74,6,68,8,8,0,2,2,0
S01010665,Electric (including storage heaters) central heating,112,24,88,96,12,84,11,7,4,5,5,0
S01010665,Oil central heating,503,88,415,429,32,397,56,38,18,18,18,0
S01010665,Solid fuel (for example wood coal) central heating,80,17,63,62,2,60,11,8,3,7,7,0
S01010665,Other central heating,38,5,33,32,1,31,5,3,2,1,1,0
S01010665,Two or more types of central heating,85,11,74,68,1,67,15,8,7,2,2,0
S01010666,All people in households,941,191,750,788,67,721,110,81,29,43,43,0
S01010666,No central heating,37,6,31,32,3,29,5,3,2,0,0,0
S01010666,Gas central heating,70,9,61,62,3,59,6,4,2,2,2,0
S01010666,Electric (including storage heaters) central heating,342,83,259,275,25,250,47,38,9,20,20,0
S01010666,Oil central heating,373,73,300,320,27,293,36,29,7,17,17,0
S01010666,Solid fuel (for example wood coal) central heating,34,5,29,27,2,25,6,2,4,1,1,0
S01010666,Other central heating,20,2,18,18,1,17,2,1,1,0,0,0
S01010666,Two or more types of central heating,65,13,52,54,6,48,8,4,4,3,3,0
S01010667,All people in households,695,114,581,607,45,562,67,48,19,21,21,0
S01010667,No central heating,47,3,44,39,0,39,6,1,5,2,2,0
S01010667,Gas central heating,53,12,41,43,2,41,8,8,0,2,2,0
S01010667,Electric (including storage heaters) central heating,123,22,101,105,6,99,16,14,2,2,2,0
S01010667,Oil central heating,372,62,310,331,29,302,27,19,8,14,14,0
S01010667,Solid fuel (for example wood coal) central heating,42,6,36,38,3,35,4,3,1,0,0,0
S01010667,Other central heating,26,3,23,26,3,23,0,0,0,0,0,0
S01010667,Two or more types of central heating,32,6,26,25,2,23,6,3,3,1,1,0
S01010668,All people in households,1082,199,883,910,79,831,136,85,51,36,35,1
S01010668,No central heating,44,7,37,40,4,36,3,2,1,1,1,0
S01010668,Gas central heating,74,13,61,67,7,60,4,3,1,3,3,0
S01010668,Electric (including storage heaters) central heating,254,61,193,210,27,183,33,23,10,11,11,0
S01010668,Oil central heating,488,82,406,413,33,380,67,41,26,8,8,0
S01010668,Solid fuel (for example wood coal) central heating,107,12,95,93,3,90,12,7,5,2,2,0
S01010668,Other central heating,18,5,13,14,3,11,3,1,2,1,1,0
S01010668,Two or more types of central heating,97,19,78,73,2,71,14,8,6,10,9,1
S01010669,All people in households,602,113,489,513,48,465,74,50,24,15,15,0
S01010669,No central heating,34,8,26,25,2,23,8,5,3,1,1,0
S01010669,Gas central heating,19,3,16,16,1,15,1,0,1,2,2,0
S01010669,Electric (including storage heaters) central heating,106,24,82,84,7,77,19,14,5,3,3,0
S01010669,Oil central heating,303,52,251,264,20,244,31,24,7,8,8,0
S01010669,Solid fuel (for example wood coal) central heating,32,4,28,25,1,24,7,3,4,0,0,0
S01010669,Other central heating,11,3,8,10,2,8,1,1,0,0,0,0
S01010669,Two or more types of central heating,97,19,78,89,15,74,7,3,4,1,1,0
S01010670,All people in households,683,122,561,585,45,540,69,48,21,29,29,0
S01010670,No central heating,30,4,26,30,4,26,0,0,0,0,0,0
S01010670,Gas central heating,40,9,31,34,5,29,5,3,2,1,1,0
S01010670,Electric (including storage heaters) central heating,150,35,115,124,12,112,16,13,3,10,10,0
S01010670,Oil central heating,323,57,266,273,19,254,37,25,12,13,13,0
S01010670,Solid fuel (for example wood coal) central heating,51,7,44,44,3,41,7,4,3,0,0,0
S01010670,Other central heating,14,4,10,11,1,10,2,2,0,1,1,0
S01010670,Two or more types of central heating,75,6,69,69,1,68,2,1,1,4,4,0
S01010671,All people in households,723,106,617,631,42,589,62,37,25,30,27,3
S01010671,No central heating,50,8,42,44,4,40,6,4,2,0,0,0
S01010671,Gas central heating,33,4,29,29,1,28,1,0,1,3,3,0
S01010671,Electric (including storage heaters) central heating,184,37,147,156,16,140,17,10,7,11,11,0
S01010671,Oil central heating,276,31,245,245,10,235,20,12,8,11,9,2
S01010671,Solid fuel (for example wood coal) central heating,85,9,76,73,3,70,9,4,5,3,2,1
S01010671,Other central heating,22,4,18,19,1,18,2,2,0,1,1,0
S01010671,Two or more types of central heating,73,13,60,65,7,58,7,5,2,1,1,0
S01010672,All people in households,648,132,516,522,39,483,96,64,32,30,29,1
S01010672,No central heating,8,3,5,6,1,5,1,1,0,1,1,0
S01010672,Gas central heating,26,7,19,17,0,17,6,4,2,3,3,0
S01010672,Electric (including storage heaters) central heating,251,57,194,204,20,184,40,31,9,7,6,1
S01010672,Oil central heating,194,35,159,155,8,147,29,17,12,10,10,0
S01010672,Solid fuel (for example wood coal) central heating,98,9,89,86,2,84,9,4,5,3,3,0
S01010672,Other central heating,23,5,18,20,3,17,3,2,1,0,0,0
S01010672,Two or more types of central heating,48,16,32,34,5,29,8,5,3,6,6,0
S01010673,All people in households,880,168,712,732,54,678,92,59,33,56,55,1
S01010673,No central heating,73,11,62,59,3,56,11,5,6,3,3,0
S01010673,Gas central heating,96,20,76,78,7,71,14,10,4,4,3,1
S01010673,Electric (including storage heaters) central heating,291,65,226,227,14,213,34,21,13,30,30,0
S01010673,Oil central heating,267,39,228,238,17,221,18,11,7,11,11,0
S01010673,Solid fuel (for example wood coal) central heating,57,13,44,44,3,41,8,5,3,5,5,0
S01010673,Other central heating,16,5,11,13,2,11,1,1,0,2,2,0
S01010673,Two or more types of central heating,80,15,65,73,8,65,6,6,0,1,1,0
S01010674,All people in households,951,141,810,840,55,785,84,60,24,27,26,1
S01010674,No central heating,72,6,66,65,2,63,5,3,2,2,1,1
S01010674,Gas central heating,84,11,73,74,2,72,7,6,1,3,3,0
S01010674,Electric (including storage heaters) central heating,300,50,250,264,21,243,28,21,7,8,8,0
S01010674,Oil central heating,310,52,258,274,22,252,28,22,6,8,8,0
S01010674,Solid fuel (for example wood coal) central heating,94,6,88,84,1,83,6,1,5,4,4,0
S01010674,Other central heating,17,7,10,14,4,10,2,2,0,1,1,0
S01010674,Two or more types of central heating,74,9,65,65,3,62,8,5,3,1,1,0
S01010675,All people in households,627,129,498,529,49,480,82,65,17,16,15,1
S01010675,No central heating,36,8,28,32,4,28,4,4,0,0,0,0
S01010675,Gas central heating,52,9,43,46,4,42,3,2,1,3,3,0
S01010675,Electric (including storage heaters) central heating,116,27,89,96,11,85,16,13,3,4,3,1
S01010675,Oil central heating,263,51,212,221,19,202,35,25,10,7,7,0
S01010675,Solid fuel (for example wood coal) central heating,63,13,50,54,6,48,8,6,2,1,1,0
S01010675,Other central heating,23,1,22,22,0,22,1,1,0,0,0,0
S01010675,Two or more types of central heating,74,20,54,58,5,53,15,14,1,1,1,0
S01010676,All people in households,846,156,690,727,61,666,84,62,22,35,33,2
S01010676,No central heating,52,9,43,43,6,37,8,2,6,1,1,0
S01010676,Gas central heating,86,10,76,76,4,72,6,2,4,4,4,0
S01010676,Electric (including storage heaters) central heating,201,50,151,163,18,145,31,25,6,7,7,0
S01010676,Oil central heating,275,52,223,240,20,220,19,18,1,16,14,2
S01010676,Solid fuel (for example wood coal) central heating,127,24,103,109,9,100,13,10,3,5,5,0
S01010676,Other central heating,27,0,27,26,0,26,1,0,1,0,0,0
S01010676,Two or more types of central heating,78,11,67,70,4,66,6,5,1,2,2,0
S01010677,All people in households,499,90,409,432,34,398,51,40,11,16,16,0
S01010677,No central heating,31,3,28,31,3,28,0,0,0,0,0,0
S01010677,Gas central heating,49,10,39,43,5,38,4,3,1,2,2,0
S01010677,Electric (including storage heaters) central heating,69,19,50,53,4,49,13,12,1,3,3,0
S01010677,Oil central heating,222,36,186,191,12,179,24,17,7,7,7,0
S01010677,Solid fuel (for example wood coal) central heating,50,8,42,45,4,41,4,3,1,1,1,0
S01010677,Other central heating,15,3,12,13,1,12,1,1,0,1,1,0
S01010677,Two or more types of central heating,63,11,52,56,5,51,5,4,1,2,2,0
S01010678,All people in households,610,149,461,498,57,441,85,65,20,27,27,0
S01010678,No central heating,52,13,39,37,2,35,14,10,4,1,1,0
S01010678,Gas central heating,36,5,31,32,3,29,3,1,2,1,1,0
S01010678,Electric (including storage heaters) central heating,102,37,65,72,11,61,20,16,4,10,10,0
S01010678,Oil central heating,274,58,216,238,28,210,31,25,6,5,5,0
S01010678,Solid fuel (for example wood coal) central heating,43,15,28,31,4,27,8,7,1,4,4,0
S01010678,Other central heating,21,5,16,19,4,15,1,0,1,1,1,0
S01010678,Two or more types of central heating,82,16,66,69,5,64,8,6,2,5,5,0
S01010679,All people in households,552,117,435,447,39,408,84,58,26,21,20,1
S01010679,No central heating,17,3,14,15,1,14,1,1,0,1,1,0
S01010679,Gas central heating,39,3,36,35,1,34,4,2,2,0,0,0
S01010679,Electric (including storage heaters) central heating,161,39,122,120,11,109,33,20,13,8,8,0
S01010679,Oil central heating,186,43,143,153,17,136,24,17,7,9,9,0
S01010679,Solid fuel (for example wood coal) central heating,71,13,58,60,6,54,9,6,3,2,1,1
S01010679,Other central heating,14,1,13,13,0,13,1,1,0,0,0,0
S01010679,Two or more types of central heating,64,15,49,51,3,48,12,11,1,1,1,0
S01010680,All people in households,621,153,468,483,44,439,95,68,27,43,41,2
S01010680,No central heating,13,7,6,7,1,6,1,1,0,5,5,0
S01010680,Gas central heating,27,2,25,25,1,24,2,1,1,0,0,0
S01010680,Electric (including storage heaters) central heating,244,75,169,167,18,149,53,35,18,24,22,2
S01010680,Oil central heating,180,40,140,147,12,135,25,20,5,8,8,0
S01010680,Solid fuel (for example wood coal) central heating,100,20,80,85,8,77,10,7,3,5,5,0
S01010680,Other central heating,21,2,19,20,1,19,0,0,0,1,1,0
S01010680,Two or more types of central heating,36,7,29,32,3,29,4,4,0,0,0,0
S01010681,All people in households,1067,167,900,919,60,859,117,76,41,31,31,0
S01010681,No central heating,33,2,31,30,1,29,3,1,2,0,0,0
S01010681,Gas central heating,57,10,47,50,4,46,5,4,1,2,2,0
S01010681,Electric (including storage heaters) central heating,345,63,282,292,23,269,43,30,13,10,10,0
S01010681,Oil central heating,223,33,190,189,10,179,31,20,11,3,3,0
S01010681,Solid fuel (for example wood coal) central heating,154,23,131,137,10,127,10,6,4,7,7,0
S01010681,Other central heating,203,25,178,179,10,169,18,9,9,6,6,0
S01010681,Two or more types of central heating,52,11,41,42,2,40,7,6,1,3,3,0
S01010682,All people in households,963,145,818,850,65,785,87,56,31,26,24,2
S01010682,No central heating,28,5,23,23,1,22,3,2,1,2,2,0
S01010682,Gas central heating,84,11,73,75,7,68,8,3,5,1,1,0
S01010682,Electric (including storage heaters) central heating,165,26,139,136,5,131,20,13,7,9,8,1
S01010682,Oil central heating,477,75,402,430,37,393,37,29,8,10,9,1
S01010682,Solid fuel (for example wood coal) central heating,63,10,53,55,6,49,6,2,4,2,2,0
S01010682,Other central heating,19,2,17,18,1,17,0,0,0,1,1,0
S01010682,Two or more types of central heating,127,16,111,113,8,105,13,7,6,1,1,0
S01010683,All people in households,956,194,762,804,73,731,121,91,30,31,30,1
S01010683,No central heating,57,15,42,43,5,38,12,8,4,2,2,0
S01010683,Gas central heating,50,9,41,40,3,37,9,5,4,1,1,0
S01010683,Electric (including storage heaters) central heating,203,59,144,159,22,137,34,27,7,10,10,0
S01010683,Oil central heating,388,70,318,340,30,310,37,30,7,11,10,1
S01010683,Solid fuel (for example wood coal) central heating,117,18,99,99,6,93,16,10,6,2,2,0
S01010683,Other central heating,39,10,29,32,4,28,5,4,1,2,2,0
S01010683,Two or more types of central heating,102,13,89,91,3,88,8,7,1,3,3,0
S01010684,All people in households,756,172,584,636,74,562,89,68,21,31,30,1
S01010684,No central heating,50,8,42,45,5,40,4,2,2,1,1,0
S01010684,Gas central heating,97,26,71,80,12,68,11,8,3,6,6,0
S01010684,Electric (including storage heaters) central heating,164,49,115,124,13,111,28,24,4,12,12,0
S01010684,Oil central heating,274,55,219,236,28,208,31,21,10,7,6,1
S01010684,Solid fuel (for example wood coal) central heating,50,10,40,45,6,39,3,2,1,2,2,0
S01010684,Other central heating,21,3,18,19,1,18,1,1,0,1,1,0
S01010684,Two or more types of central heating,100,21,79,87,9,78,11,10,1,2,2,0
S01010685,All people in households,609,139,470,491,46,445,92,68,24,26,25,1
S01010685,No central heating,62,19,43,48,6,42,12,11,1,2,2,0
S01010685,Gas central heating,43,8,35,32,0,32,9,6,3,2,2,0
S01010685,Electric (including storage heaters) central heating,128,27,101,105,11,94,18,11,7,5,5,0
S01010685,Oil central heating,192,45,147,155,13,142,26,21,5,11,11,0
S01010685,Solid fuel (for example wood coal) central heating,103,22,81,84,9,75,17,11,6,2,2,0
S01010685,Other central heating,17,2,15,15,1,14,2,1,1,0,0,0
S01010685,Two or more types of central heating,64,16,48,52,6,46,8,7,1,4,3,1
S01010686,All people in households,690,145,545,556,37,519,103,77,26,31,31,0
S01010686,No central heating,49,9,40,41,3,38,6,4,2,2,2,0
S01010686,Gas central heating,37,7,30,33,4,29,4,3,1,0,0,0
S01010686,Electric (including storage heaters) central heating,149,38,111,112,7,105,26,20,6,11,11,0
S01010686,Oil central heating,280,52,228,233,13,220,35,27,8,12,12,0
S01010686,Solid fuel (for example wood coal) central heating,64,15,49,51,4,47,10,8,2,3,3,0
S01010686,Other central heating,17,5,12,13,2,11,4,3,1,0,0,0
S01010686,Two or more types of central heating,94,19,75,73,4,69,18,12,6,3,3,0
S01010687,All people in households,805,177,628,672,62,610,81,64,17,52,51,1
S01010687,No central heating,24,5,19,20,1,19,1,1,0,3,3,0
S01010687,Gas central heating,46,11,35,38,4,34,6,5,1,2,2,0
S01010687,Electric (including storage heaters) central heating,195,47,148,160,16,144,19,15,4,16,16,0
S01010687,Oil central heating,364,75,289,308,27,281,40,33,7,16,15,1
S01010687,Solid fuel (for example wood coal) central heating,79,20,59,60,6,54,10,5,5,9,9,0
S01010687,Other central heating,38,9,29,32,3,29,2,2,0,4,4,0
S01010687,Two or more types of central heating,59,10,49,54,5,49,3,3,0,2,2,0
S01010688,All people in households,692,114,578,602,46,556,66,45,21,24,23,1
S01010688,No central heating,69,14,55,59,6,53,5,3,2,5,5,0
S01010688,Gas central heating,35,8,27,30,4,26,4,3,1,1,1,0
S01010688,Electric (including storage heaters) central heating,133,17,116,122,9,113,9,6,3,2,2,0
S01010688,Oil central heating,232,41,191,198,15,183,25,17,8,9,9,0
S01010688,Solid fuel (for example wood coal) central heating,111,11,100,100,3,97,11,8,3,0,0,0
S01010688,Other central heating,20,2,18,19,1,18,1,1,0,0,0,0
S01010688,Two or more types of central heating,92,21,71,74,8,66,11,7,4,7,6,1
S01010689,All people in households,754,197,557,616,84,532,103,79,24,35,34,1
S01010689,No central heating,25,13,12,17,5,12,6,6,0,2,2,0
S01010689,Gas central heating,37,4,33,35,3,32,2,1,1,0,0,0
S01010689,Electric (including storage heaters) central heating,176,56,120,132,18,114,27,21,6,17,17,0
S01010689,Oil central heating,345,88,257,289,42,247,44,34,10,12,12,0
S01010689,Solid fuel (for example wood coal) central heating,62,8,54,57,4,53,4,4,0,1,0,1
S01010689,Other central heating,10,0,10,9,0,9,1,0,1,0,0,0
S01010689,Two or more types of central heating,99,28,71,77,12,65,19,13,6,3,3,0
S01010690,All people in households,651,147,504,539,59,480,86,62,24,26,26,0
S01010690,No central heating,31,7,24,24,2,22,6,4,2,1,1,0
S01010690,Gas central heating,34,4,30,31,3,28,3,1,2,0,0,0
S01010690,Electric (including storage heaters) central heating,220,61,159,174,20,154,34,29,5,12,12,0
S01010690,Oil central heating,198,40,158,169,18,151,22,15,7,7,7,0
S01010690,Solid fuel (for example wood coal) central heating,83,17,66,66,7,59,15,8,7,2,2,0
S01010690,Other central heating,13,3,10,12,2,10,1,1,0,0,0,0
S01010690,Two or more types of central heating,72,15,57,63,7,56,5,4,1,4,4,0
S01010691,All people in households,743,120,623,646,40,606,74,57,17,23,23,0
S01010691,No central heating,56,8,48,49,2,47,4,3,1,3,3,0
S01010691,Gas central heating,43,5,38,35,1,34,8,4,4,0,0,0
S01010691,Electric (including storage heaters) central heating,96,24,72,75,6,69,18,15,3,3,3,0
S01010691,Oil central heating,353,54,299,314,20,294,29,24,5,10,10,0
S01010691,Solid fuel (for example wood coal) central heating,70,15,55,56,3,53,9,7,2,5,5,0
S01010691,Other central heating,24,3,21,22,1,21,2,2,0,0,0,0
S01010691,Two or more types of central heating,101,11,90,95,7,88,4,2,2,2,2,0
S01010692,All people in households,711,117,594,604,36,568,84,59,25,23,22,1
S01010692,No central heating,13,1,12,13,1,12,0,0,0,0,0,0
S01010692,Gas central heating,52,7,45,43,1,42,6,3,3,3,3,0
S01010692,Electric (including storage heaters) central heating,296,47,249,252,13,239,36,27,9,8,7,1
S01010692,Oil central heating,189,31,158,166,13,153,18,13,5,5,5,0
S01010692,Solid fuel (for example wood coal) central heating,82,16,66,65,4,61,14,9,5,3,3,0
S01010692,Other central heating,24,3,21,21,1,20,2,1,1,1,1,0
S01010692,Two or more types of central heating,55,12,43,44,3,41,8,6,2,3,3,0
S01010693,All people in households,472,96,376,410,44,366,45,35,10,17,17,0
S01010693,No central heating,36,7,29,30,1,29,2,2,0,4,4,0
S01010693,Gas central heating,50,4,46,50,4,46,0,0,0,0,0,0
S01010693,Electric (including storage heaters) central heating,88,19,69,71,5,66,10,7,3,7,7,0
S01010693,Oil central heating,158,41,117,137,22,115,20,18,2,1,1,0
S01010693,Solid fuel (for example wood coal) central heating,74,12,62,65,7,58,6,2,4,3,3,0
S01010693,Other central heating,11,1,10,9,0,9,2,1,1,0,0,0
S01010693,Two or more types of central heating,55,12,43,48,5,43,5,5,0,2,2,0
S01010694,All people in households,554,150,404,430,48,382,89,67,22,35,35,0
S01010694,No central heating,19,8,11,10,3,7,7,3,4,2,2,0
S01010694,Gas central heating,60,10,50,54,5,49,4,3,1,2,2,0
S01010694,Electric (including storage heaters) central heating,142,49,93,99,12,87,27,21,6,16,16,0
S01010694,Oil central heating,206,54,152,162,17,145,33,26,7,11,11,0
S01010694,Solid fuel (for example wood coal) central heating,39,6,33,32,2,30,7,4,3,0,0,0
S01010694,Other central heating,15,6,9,9,1,8,4,3,1,2,2,0
S01010694,Two or more types of central heating,73,17,56,64,8,56,7,7,0,2,2,0
S01010695,All people in households,707,97,610,630,38,592,63,45,18,14,14,0
S01010695,No central heating,23,3,20,20,0,20,2,2,0,1,1,0
S01010695,Gas central heating,60,4,56,55,0,55,3,2,1,2,2,0
S01010695,Electric (including storage heaters) central heating,81,15,66,64,4,60,14,8,6,3,3,0
S01010695,Oil central heating,429,59,370,391,27,364,33,27,6,5,5,0
S01010695,Solid fuel (for example wood coal) central heating,25,3,22,22,1,21,2,1,1,1,1,0
S01010695,Other central heating,14,5,9,12,3,9,1,1,0,1,1,0
S01010695,Two or more types of central heating,75,8,67,66,3,63,8,4,4,1,1,0
S01010696,All people in households,970,155,815,844,70,774,105,65,40,21,20,1
S01010696,No central heating,20,2,18,16,0,16,4,2,2,0,0,0
S01010696,Gas central heating,38,4,34,36,3,33,2,1,1,0,0,0
S01010696,Electric (including storage heaters) central heating,235,48,187,197,19,178,29,20,9,9,9,0
S01010696,Oil central heating,500,77,423,437,36,401,53,32,21,10,9,1
S01010696,Solid fuel (for example wood coal) central heating,74,11,63,62,3,59,11,7,4,1,1,0
S01010696,Other central heating,17,2,15,15,1,14,2,1,1,0,0,0
S01010696,Two or more types of central heating,86,11,75,81,8,73,4,2,2,1,1,0
S01010697,All people in households,1072,175,897,927,58,869,104,76,28,41,41,0
S01010697,No central heating,20,6,14,15,3,12,5,3,2,0,0,0
S01010697,Gas central heating,57,11,46,48,3,45,5,4,1,4,4,0
S01010697,Electric (including storage heaters) central heating,201,34,167,166,8,158,24,15,9,11,11,0
S01010697,Oil central heating,553,86,467,493,37,456,48,37,11,12,12,0
S01010697,Solid fuel (for example wood coal) central heating,75,10,65,66,3,63,4,2,2,5,5,0
S01010697,Other central heating,39,3,36,37,1,36,0,0,0,2,2,0
S01010697,Two or more types of central heating,127,25,102,102,3,99,18,15,3,7,7,0
S01010698,All people in households,757,150,607,621,47,574,103,71,32,33,32,1
S01010698,No central heating,54,11,43,43,3,40,9,6,3,2,2,0
S01010698,Gas central heating,47,10,37,38,3,35,7,5,2,2,2,0
S01010698,Electric (including storage heaters) central heating,146,17,129,123,4,119,19,9,10,4,4,0
S01010698,Oil central heating,319,72,247,261,23,238,42,33,9,16,16,0
S01010698,Solid fuel (for example wood coal) central heating,98,23,75,76,8,68,17,10,7,5,5,0
S01010698,Other central heating,7,2,5,6,1,5,0,0,0,1,1,0
S01010698,Two or more types of central heating,86,15,71,74,5,69,9,8,1,3,2,1
S01010699,All people in households,605,99,506,535,46,489,47,31,16,23,22,1
S01010699,No central heating,19,5,14,15,1,14,1,1,0,3,3,0
S01010699,Gas central heating,55,16,39,42,5,37,5,3,2,8,8,0
S01010699,Electric (including storage heaters) central heating,60,7,53,52,3,49,6,2,4,2,2,0
S01010699,Oil central heating,303,43,260,276,22,254,22,16,6,5,5,0
S01010699,Solid fuel (for example wood coal) central heating,92,11,81,84,7,77,7,4,3,1,0,1
S01010699,Other central heating,5,2,3,3,0,3,1,1,0,1,1,0
S01010699,Two or more types of central heating,71,15,56,63,8,55,5,4,1,3,3,0
S01010700,All people in households,611,95,516,526,31,495,63,42,21,22,22,0
S01010700,No central heating,18,4,14,15,2,13,2,1,1,1,1,0
S01010700,Gas central heating,218,30,188,194,13,181,21,14,7,3,3,0
S01010700,Electric (including storage heaters) central heating,57,14,43,47,4,43,6,6,0,4,4,0
S01010700,Oil central heating,234,34,200,202,12,190,22,12,10,10,10,0
S01010700,Solid fuel (for example wood coal) central heating,36,3,33,32,0,32,3,2,1,1,1,0
S01010700,Other central heating,0,0,0,0,0,0,0,0,0,0,0,0
S01010700,Two or more types of central heating,48,10,38,36,0,36,9,7,2,3,3,0
S01010701,All people in households,1063,179,884,918,60,858,102,76,26,43,43,0
S01010701,No central heating,20,2,18,18,1,17,2,1,1,0,0,0
S01010701,Gas central heating,725,122,603,625,42,583,69,49,20,31,31,0
S01010701,Electric (including storage heaters) central heating,123,26,97,103,9,94,15,12,3,5,5,0
S01010701,Oil central heating,98,11,87,90,4,86,5,4,1,3,3,0
S01010701,Solid fuel (for example wood coal) central heating,18,6,12,11,0,11,5,4,1,2,2,0
S01010701,Other central heating,10,3,7,7,0,7,3,3,0,0,0,0
S01010701,Two or more types of central heating,69,9,60,64,4,60,3,3,0,2,2,0
S01010702,All people in households,957,185,772,791,60,731,128,87,41,38,38,0
S01010702,No central heating,9,1,8,7,1,6,2,0,2,0,0,0
S01010702,Gas central heating,69,14,55,56,3,53,11,9,2,2,2,0
S01010702,Electric (including storage heaters) central heating,174,56,118,129,19,110,37,29,8,8,8,0
S01010702,Oil central heating,505,75,430,438,28,410,50,30,20,17,17,0
S01010702,Solid fuel (for example wood coal) central heating,48,14,34,37,5,32,8,6,2,3,3,0
S01010702,Other central heating,24,2,22,22,1,21,1,0,1,1,1,0
S01010702,Two or more types of central heating,128,23,105,102,3,99,19,13,6,7,7,0
S01010703,All people in households,824,138,686,696,48,648,106,68,38,22,22,0
S01010703,No central heating,25,3,22,21,0,21,3,2,1,1,1,0
S01010703,Gas central heating,121,16,105,101,6,95,15,5,10,5,5,0
S01010703,Electric (including storage heaters) central heating,74,20,54,58,9,49,14,9,5,2,2,0
S01010703,Oil central heating,449,67,382,388,24,364,52,34,18,9,9,0
S01010703,Solid fuel (for example wood coal) central heating,40,8,32,32,2,30,7,5,2,1,1,0
S01010703,Other central heating,8,1,7,7,0,7,1,1,0,0,0,0
S01010703,Two or more types of central heating,107,23,84,89,7,82,14,12,2,4,4,0
S01010704,All people in households,658,152,506,532,50,482,89,68,21,37,34,3
S01010704,No central heating,8,0,8,7,0,7,1,0,1,0,0,0
S01010704,Gas central heating,183,30,153,160,12,148,16,11,5,7,7,0
S01010704,Electric (including storage heaters) central heating,188,65,123,133,19,114,40,32,8,15,14,1
S01010704,Oil central heating,173,29,144,148,10,138,20,15,5,5,4,1
S01010704,Solid fuel (for example wood coal) central heating,39,11,28,28,2,26,4,3,1,7,6,1
S01010704,Other central heating,20,4,16,16,0,16,4,4,0,0,0,0
S01010704,Two or more types of central heating,47,13,34,40,7,33,4,3,1,3,3,0
S01010705,All people in households,1121,186,935,961,63,898,120,85,35,40,38,2
S01010705,No central heating,11,3,8,8,1,7,2,1,1,1,1,0
S01010705,Gas central heating,435,65,370,380,19,361,41,32,9,14,14,0
S01010705,Electric (including storage heaters) central heating,188,41,147,152,13,139,27,19,8,9,9,0
S01010705,Oil central heating,374,54,320,330,24,306,35,23,12,9,7,2
S01010705,Solid fuel (for example wood coal) central heating,47,10,37,35,1,34,6,3,3,6,6,0
S01010705,Other central heating,10,1,9,8,0,8,2,1,1,0,0,0
S01010705,Two or more types of central heating,56,12,44,48,5,43,7,6,1,1,1,0
S01010706,All people in households,671,114,557,572,40,532,72,48,24,27,26,1
S01010706,No central heating,3,1,2,1,0,1,1,1,0,1,0,1
S01010706,Gas central heating,422,66,356,366,21,345,40,29,11,16,16,0
S01010706,Electric (including storage heaters) central heating,63,17,46,47,6,41,11,6,5,5,5,0
S01010706,Oil central heating,92,12,80,82,6,76,8,4,4,2,2,0
S01010706,Solid fuel (for example wood coal) central heating,45,15,30,32,5,27,10,7,3,3,3,0
S01010706,Other central heating,8,0,8,8,0,8,0,0,0,0,0,0
S01010706,Two or more types of central heating,38,3,35,36,2,34,2,1,1,0,0,0
S01010707,All people in households,676,111,565,571,38,533,78,47,31,27,26,1
S01010707,No central heating,27,4,23,16,0,16,8,1,7,3,3,0
S01010707,Gas central heating,75,10,65,66,5,61,6,2,4,3,3,0
S01010707,Electric (including storage heaters) central heating,57,19,38,40,4,36,14,13,1,3,2,1
S01010707,Oil central heating,360,62,298,307,21,286,38,26,12,15,15,0
S01010707,Solid fuel (for example wood coal) central heating,39,1,38,32,0,32,6,0,6,1,1,0
S01010707,Other central heating,18,7,11,13,3,10,4,3,1,1,1,0
S01010707,Two or more types of central heating,100,8,92,97,5,92,2,2,0,1,1,0
S01010708,All people in households,546,94,452,464,32,432,62,43,19,20,19,1
S01010708,No central heating,22,4,18,16,0,16,5,3,2,1,1,0
S01010708,Gas central heating,370,55,315,322,18,304,35,24,11,13,13,0
S01010708,Electric (including storage heaters) central heating,74,25,49,52,8,44,16,12,4,6,5,1
S01010708,Oil central heating,37,4,33,35,3,32,2,1,1,0,0,0
S01010708,Solid fuel (for example wood coal) central heating,22,4,18,19,2,17,3,2,1,0,0,0
S01010708,Other central heating,0,0,0,0,0,0,0,0,0,0,0,0
S01010708,Two or more types of central heating,21,2,19,20,1,19,1,1,0,0,0,0
S01010709,All people in households,745,94,651,659,39,620,69,40,29,17,15,2
S01010709,No central heating,14,0,14,14,0,14,0,0,0,0,0,0
S01010709,Gas central heating,487,55,432,435,23,412,43,24,19,9,8,1
S01010709,Electric (including storage heaters) central heating,145,26,119,122,11,111,19,11,8,4,4,0
S01010709,Oil central heating,61,7,54,54,2,52,5,3,2,2,2,0
S01010709,Solid fuel (for example wood coal) central heating,17,1,16,17,1,16,0,0,0,0,0,0
S01010709,Other central heating,2,2,0,0,0,0,1,1,0,1,1,0
S01010709,Two or more types of central heating,19,3,16,17,2,15,1,1,0,1,0,1
S01010710,All people in households,766,148,618,615,36,579,113,77,36,38,35,3
S01010710,No central heating,7,2,5,7,2,5,0,0,0,0,0,0
S01010710,Gas central heating,536,97,439,428,20,408,82,53,29,26,24,2
S01010710,Electric (including storage heaters) central heating,109,30,79,83,7,76,17,15,2,9,8,1
S01010710,Oil central heating,50,7,43,42,2,40,7,4,3,1,1,0
S01010710,Solid fuel (for example wood coal) central heating,39,7,32,36,5,31,3,2,1,0,0,0
S01010710,Other central heating,0,0,0,0,0,0,0,0,0,0,0,0
S01010710,Two or more types of central heating,25,5,20,19,0,19,4,3,1,2,2,0
S01010711,All people in households,778,107,671,699,48,651,59,40,19,20,19,1
S01010711,No central heating,0,0,0,0,0,0,0,0,0,0,0,0
S01010711,Gas central heating,587,66,521,542,34,508,34,22,12,11,10,1
S01010711,Electric (including storage heaters) central heating,64,22,42,46,6,40,14,12,2,4,4,0
S01010711,Oil central heating,101,14,87,89,6,83,8,4,4,4,4,0
S01010711,Solid fuel (for example wood coal) central heating,6,0,6,6,0,6,0,0,0,0,0,0
S01010711,Other central heating,4,1,3,2,0,2,1,0,1,1,1,0
S01010711,Two or more types of central heating,16,4,12,14,2,12,2,2,0,0,0,0
S01010712,All people in households,723,104,619,618,23,595,71,48,23,34,33,1
S01010712,No central heating,3,3,0,0,0,0,2,2,0,1,1,0
S01010712,Gas central heating,609,88,521,524,20,504,56,39,17,29,29,0
S01010712,Electric (including storage heaters) central heating,23,5,18,18,1,17,5,4,1,0,0,0
S01010712,Oil central heating,61,5,56,55,1,54,5,3,2,1,1,0
S01010712,Solid fuel (for example wood coal) central heating,3,1,2,2,0,2,0,0,0,1,1,0
S01010712,Other central heating,0,0,0,0,0,0,0,0,0,0,0,0
S01010712,Two or more types of central heating,24,2,22,19,1,18,3,0,3,2,1,1
S01010713,All people in households,799,119,680,690,39,651,79,50,29,30,30,0
S01010713,No central heating,11,1,10,11,1,10,0,0,0,0,0,0
S01010713,Gas central heating,209,46,163,171,14,157,30,24,6,8,8,0
S01010713,Electric (including storage heaters) central heating,389,54,335,341,19,322,33,20,13,15,15,0
S01010713,Oil central heating,155,15,140,139,5,134,11,5,6,5,5,0
S01010713,Solid fuel (for example wood coal) central heating,8,0,8,8,0,8,0,0,0,0,0,0
S01010713,Other central heating,3,1,2,2,0,2,0,0,0,1,1,0
S01010713,Two or more types of central heating,24,2,22,18,0,18,5,1,4,1,1,0
S01010714,All people in households,748,178,570,569,50,519,123,75,48,56,53,3
S01010714,No central heating,10,1,9,9,1,8,1,0,1,0,0,0
S01010714,Gas central heating,568,125,443,441,36,405,84,48,36,43,41,2
S01010714,Electric (including storage heaters) central heating,83,31,52,56,10,46,19,13,6,8,8,0
S01010714,Oil central heating,47,9,38,37,1,36,8,6,2,2,2,0
S01010714,Solid fuel (for example wood coal) central heating,8,3,5,5,1,4,2,1,1,1,1,0
S01010714,Other central heating,0,0,0,0,0,0,0,0,0,0,0,0
S01010714,Two or more types of central heating,32,9,23,21,1,20,9,7,2,2,1,1
S01010715,All people in households,701,139,562,581,48,533,89,60,29,31,31,0
S01010715,No central heating,13,4,9,10,1,9,2,2,0,1,1,0
S01010715,Gas central heating,524,91,433,437,28,409,65,41,24,22,22,0
S01010715,Electric (including storage heaters) central heating,55,20,35,42,8,34,8,7,1,5,5,0
S01010715,Oil central heating,34,7,27,29,3,26,4,3,1,1,1,0
S01010715,Solid fuel (for example wood coal) central heating,30,10,20,24,4,20,4,4,0,2,2,0
S01010715,Other central heating,9,0,9,9,0,9,0,0,0,0,0,0
S01010715,Two or more types of central heating,36,7,29,30,4,26,6,3,3,0,0,0
S01010716,All people in households,834,167,667,682,47,635,103,72,31,49,48,1
S01010716,No central heating,19,6,13,13,1,12,3,2,1,3,3,0
S01010716,Gas central heating,416,86,330,343,28,315,46,32,14,27,26,1
S01010716,Electric (including storage heaters) central heating,333,58,275,275,15,260,44,29,15,14,14,0
S01010716,Oil central heating,33,8,25,25,1,24,7,6,1,1,1,0
S01010716,Solid fuel (for example wood coal) central heating,10,4,6,7,1,6,0,0,0,3,3,0
S01010716,Other central heating,0,0,0,0,0,0,0,0,0,0,0,0
S01010716,Two or more types of central heating,23,5,18,19,1,18,3,3,0,1,1,0
S01010717,All people in households,621,90,531,548,39,509,62,40,22,11,11,0
S01010717,No central heating,16,1,15,13,0,13,3,1,2,0,0,0
S01010717,Gas central heating,365,53,312,327,24,303,32,23,9,6,6,0
S01010717,Electric (including storage heaters) central heating,132,18,114,117,7,110,11,7,4,4,4,0
S01010717,Oil central heating,80,13,67,68,7,61,11,5,6,1,1,0
S01010717,Solid fuel (for example wood coal) central heating,4,1,3,2,0,2,2,1,1,0,0,0
S01010717,Other central heating,0,0,0,0,0,0,0,0,0,0,0,0
S01010717,Two or more types of central heating,24,4,20,21,1,20,3,3,0,0,0,0
S01010718,All people in households,945,136,809,837,51,786,88,65,23,20,20,0
S01010718,No central heating,9,1,8,8,0,8,0,0,0,1,1,0
S01010718,Gas central heating,508,61,447,465,27,438,37,28,9,6,6,0
S01010718,Electric (including storage heaters) central heating,209,41,168,169,12,157,31,20,11,9,9,0
S01010718,Oil central heating,149,24,125,133,10,123,13,11,2,3,3,0
S01010718,Solid fuel (for example wood coal) central heating,31,6,25,26,2,24,4,3,1,1,1,0
S01010718,Other central heating,12,2,10,10,0,10,2,2,0,0,0,0
S01010718,Two or more types of central heating,27,1,26,26,0,26,1,1,0,0,0,0
S01010719,All people in households,634,111,523,547,44,503,65,47,18,22,20,2
S01010719,No central heating,31,4,27,30,3,27,1,1,0,0,0,0
S01010719,Gas central heating,13,2,11,12,1,11,1,1,0,0,0,0
S01010719,Electric (including storage heaters) central heating,123,37,86,96,14,82,20,16,4,7,7,0
S01010719,Oil central heating,333,40,293,295,12,283,29,20,9,9,8,1
S01010719,Solid fuel (for example wood coal) central heating,83,16,67,69,6,63,9,6,3,5,4,1
S01010719,Other central heating,9,1,8,8,0,8,1,1,0,0,0,0
S01010719,Two or more types of central heating,42,11,31,37,8,29,4,2,2,1,1,0
S01010720,All people in households,731,162,569,612,68,544,95,70,25,24,24,0
S01010720,No central heating,8,3,5,5,1,4,3,2,1,0,0,0
S01010720,Gas central heating,20,7,13,15,2,13,5,5,0,0,0,0
S01010720,Electric (including storage heaters) central heating,136,48,88,99,18,81,28,21,7,9,9,0
S01010720,Oil central heating,475,83,392,424,40,384,37,29,8,14,14,0
S01010720,Solid fuel (for example wood coal) central heating,25,7,18,18,2,16,7,5,2,0,0,0
S01010720,Other central heating,22,4,18,17,1,16,5,3,2,0,0,0
S01010720,Two or more types of central heating,45,10,35,34,4,30,10,5,5,1,1,0
S01010721,All people in households,630,104,526,546,36,510,61,47,14,23,21,2
S01010721,No central heating,22,4,18,18,1,17,4,3,1,0,0,0
S01010721,Gas central heating,13,1,12,13,1,12,0,0,0,0,0,0
S01010721,Electric (including storage heaters) central heating,178,33,145,147,9,138,21,16,5,10,8,2
S01010721,Oil central heating,336,50,286,295,16,279,31,24,7,10,10,0
S01010721,Solid fuel (for example wood coal) central heating,14,6,8,10,2,8,1,1,0,3,3,0
S01010721,Other central heating,6,1,5,6,1,5,0,0,0,0,0,0
S01010721,Two or more types of central heating,61,9,52,57,6,51,4,3,1,0,0,0
S01010722,All people in households,867,174,693,729,70,659,116,84,32,22,20,2
S01010722,No central heating,27,1,26,25,1,24,2,0,2,0,0,0
S01010722,Gas central heating,20,4,16,18,3,15,2,1,1,0,0,0
S01010722,Electric (including storage heaters) central heating,269,71,198,210,21,189,52,43,9,7,7,0
S01010722,Oil central heating,358,70,288,304,30,274,46,33,13,8,7,1
S01010722,Solid fuel (for example wood coal) central heating,92,18,74,80,9,71,9,6,3,3,3,0
S01010722,Other central heating,28,4,24,26,3,23,2,1,1,0,0,0
S01010722,Two or more types of central heating,73,6,67,66,3,63,3,0,3,4,3,1
S01010723,All people in households,901,96,805,833,40,793,50,38,12,18,18,0
S01010723,No central heating,11,1,10,10,0,10,0,0,0,1,1,0
S01010723,Gas central heating,42,5,37,41,4,37,1,1,0,0,0,0
S01010723,Electric (including storage heaters) central heating,62,7,55,56,2,54,3,2,1,3,3,0
S01010723,Oil central heating,623,65,558,573,25,548,40,30,10,10,10,0
S01010723,Solid fuel (for example wood coal) central heating,45,6,39,42,3,39,2,2,0,1,1,0
S01010723,Other central heating,32,2,30,29,0,29,3,2,1,0,0,0
S01010723,Two or more types of central heating,86,10,76,82,6,76,1,1,0,3,3,0
S01010724,All people in households,887,136,751,776,56,720,86,56,30,25,24,1
S01010724,No central heating,23,1,22,20,0,20,2,0,2,1,1,0
S01010724,Gas central heating,45,3,42,42,1,41,2,1,1,1,1,0
S01010724,Electric (including storage heaters) central heating,150,26,124,131,12,119,15,10,5,4,4,0
S01010724,Oil central heating,522,74,448,469,36,433,44,30,14,9,8,1
S01010724,Solid fuel (for example wood coal) central heating,90,18,72,71,5,66,13,7,6,6,6,0
S01010724,Other central heating,7,3,4,3,0,3,3,2,1,1,1,0
S01010724,Two or more types of central heating,50,11,39,40,2,38,7,6,1,3,3,0
S01010725,All people in households,691,110,581,609,42,567,71,57,14,11,11,0
S01010725,No central heating,39,3,36,33,2,31,6,1,5,0,0,0
S01010725,Gas central heating,28,6,22,22,1,21,6,5,1,0,0,0
S01010725,Electric (including storage heaters) central heating,57,9,48,52,4,48,5,5,0,0,0,0
S01010725,Oil central heating,457,67,390,407,25,382,43,35,8,7,7,0
S01010725,Solid fuel (for example wood coal) central heating,20,5,15,17,2,15,2,2,0,1,1,0
S01010725,Other central heating,23,4,19,21,2,19,1,1,0,1,1,0
S01010725,Two or more types of central heating,67,16,51,57,6,51,8,8,0,2,2,0
S01010726,All people in households,921,148,773,775,37,738,108,73,35,38,38,0
S01010726,No central heating,10,1,9,8,0,8,1,0,1,1,1,0
S01010726,Gas central heating,41,3,38,37,0,37,2,1,1,2,2,0
S01010726,Electric (including storage heaters) central heating,223,40,183,183,8,175,30,22,8,10,10,0
S01010726,Oil central heating,531,81,450,456,23,433,55,38,17,20,20,0
S01010726,Solid fuel (for example wood coal) central heating,42,6,36,34,1,33,6,3,3,2,2,0
S01010726,Other central heating,24,6,18,17,2,15,7,4,3,0,0,0
S01010726,Two or more types of central heating,50,11,39,40,3,37,7,5,2,3,3,0
S01010727,All people in households,645,116,529,550,38,512,62,45,17,33,33,0
S01010727,No central heating,14,4,10,10,0,10,3,3,0,1,1,0
S01010727,Gas central heating,59,13,46,46,3,43,9,6,3,4,4,0
S01010727,Electric (including storage heaters) central heating,42,13,29,30,3,27,8,6,2,4,4,0
S01010727,Oil central heating,424,67,357,372,25,347,30,20,10,22,22,0
S01010727,Solid fuel (for example wood coal) central heating,27,3,24,24,1,23,3,2,1,0,0,0
S01010727,Other central heating,17,3,14,14,0,14,3,3,0,0,0,0
S01010727,Two or more types of central heating,62,13,49,54,6,48,6,5,1,2,2,0
S01010728,All people in households,521,64,457,466,25,441,45,29,16,10,10,0
S01010728,No central heating,14,4,10,9,0,9,4,3,1,1,1,0
S01010728,Gas central heating,45,7,38,37,3,34,7,3,4,1,1,0
S01010728,Electric (including storage heaters) central heating,46,9,37,35,2,33,10,6,4,1,1,0
S01010728,Oil central heating,358,37,321,332,17,315,20,14,6,6,6,0
S01010728,Solid fuel (for example wood coal) central heating,7,0,7,6,0,6,1,0,1,0,0,0
S01010728,Other central heating,7,4,3,4,1,3,3,3,0,0,0,0
S01010728,Two or more types of central heating,44,3,41,43,2,41,0,0,0,1,1,0
S01010729,All people in households,723,100,623,627,33,594,75,46,29,21,21,0
S01010729,No central heating,16,4,12,11,2,9,5,2,3,0,0,0
S01010729,Gas central heating,42,12,30,31,1,30,6,6,0,5,5,0
S01010729,Electric (including storage heaters) central heating,103,13,90,86,3,83,14,7,7,3,3,0
S01010729,Oil central heating,463,51,412,417,19,398,38,24,14,8,8,0
S01010729,Solid fuel (for example wood coal) central heating,21,7,14,13,0,13,5,4,1,3,3,0
S01010729,Other central heating,2,0,2,0,0,0,2,0,2,0,0,0
S01010729,Two or more types of central heating,76,13,63,69,8,61,5,3,2,2,2,0
S01010730,All people in households,845,115,730,755,43,712,69,51,18,21,21,0
S01010730,No central heating,37,6,31,32,1,31,1,1,0,4,4,0
S01010730,Gas central heating,65,5,60,58,0,58,5,3,2,2,2,0
S01010730,Electric (including storage heaters) central heating,78,14,64,65,4,61,11,8,3,2,2,0
S01010730,Oil central heating,507,65,442,460,28,432,40,30,10,7,7,0
S01010730,Solid fuel (for example wood coal) central heating,44,4,40,43,4,39,1,0,1,0,0,0
S01010730,Other central heating,14,2,12,12,1,11,2,1,1,0,0,0
S01010730,Two or more types of central heating,100,19,81,85,5,80,9,8,1,6,6,0
S01010731,All people in households,891,169,722,749,62,687,104,69,35,38,38,0
S01010731,No central heating,20,4,16,17,2,15,3,2,1,0,0,0
S01010731,Gas central heating,33,6,27,27,1,26,4,3,1,2,2,0
S01010731,Electric (including storage heaters) central heating,308,71,237,247,27,220,47,30,17,14,14,0
S01010731,Oil central heating,374,59,315,330,27,303,32,20,12,12,12,0
S01010731,Solid fuel (for example wood coal) central heating,81,16,65,64,2,62,11,8,3,6,6,0
S01010731,Other central heating,16,2,14,14,0,14,1,1,0,1,1,0
S01010731,Two or more types of central heating,59,11,48,50,3,47,6,5,1,3,3,0
S01010732,All people in households,840,196,644,659,57,602,116,76,40,65,63,2
S01010732,No central heating,7,3,4,5,1,4,1,1,0,1,1,0
S01010732,Gas central heating,511,132,379,399,38,361,71,53,18,41,41,0
S01010732,Electric (including storage heaters) central heating,165,40,125,119,12,107,31,14,17,15,14,1
S01010732,Oil central heating,109,16,93,92,5,87,11,6,5,6,5,1
S01010732,Solid fuel (for example wood coal) central heating,6,1,5,5,0,5,0,0,0,1,1,0
S01010732,Other central heating,6,1,5,5,0,5,0,0,0,1,1,0
S01010732,Two or more types of central heating,36,3,33,34,1,33,2,2,0,0,0,0
S01010733,All people in households,580,118,462,453,26,427,83,50,33,44,42,2
S01010733,No central heating,9,4,5,5,0,5,2,2,0,2,2,0
S01010733,Gas central heating,389,78,311,301,16,285,57,32,25,31,30,1
S01010733,Electric (including storage heaters) central heating,51,10,41,40,1,39,7,5,2,4,4,0
S01010733,Oil central heating,58,12,46,50,8,42,5,1,4,3,3,0
S01010733,Solid fuel (for example wood coal) central heating,26,7,19,16,0,16,7,5,2,3,2,1
S01010733,Other central heating,6,2,4,4,0,4,2,2,0,0,0,0
S01010733,Two or more types of central heating,41,5,36,37,1,36,3,3,0,1,1,0
S01010734,All people in households,894,185,709,731,58,673,108,74,34,55,53,2
S01010734,No central heating,1,0,1,1,0,1,0,0,0,0,0,0
S01010734,Gas central heating,617,126,491,501,36,465,72,47,25,44,43,1
S01010734,Electric (including storage heaters) central heating,93,32,61,69,11,58,17,14,3,7,7,0
S01010734,Oil central heating,101,11,90,88,3,85,12,8,4,1,0,1
S01010734,Solid fuel (for example wood coal) central heating,12,4,8,11,3,8,0,0,0,1,1,0
S01010734,Other central heating,7,0,7,7,0,7,0,0,0,0,0,0
S01010734,Two or more types of central heating,63,12,51,54,5,49,7,5,2,2,2,0
S01010735,All people in households,644,100,544,536,21,515,71,44,27,37,35,2
S01010735,No central heating,7,1,6,7,1,6,0,0,0,0,0,0
S01010735,Gas central heating,62,16,46,51,7,44,6,4,2,5,5,0
S01010735,Electric (including storage heaters) central heating,477,74,403,388,10,378,57,34,23,32,30,2
S01010735,Oil central heating,82,8,74,75,2,73,7,6,1,0,0,0
S01010735,Solid fuel (for example wood coal) central heating,0,0,0,0,0,0,0,0,0,0,0,0
S01010735,Other central heating,3,0,3,3,0,3,0,0,0,0,0,0
S01010735,Two or more types of central heating,13,1,12,12,1,11,1,0,1,0,0,0
S01010736,All people in households,500,81,419,429,31,398,54,34,20,17,16,1
S01010736,No central heating,0,0,0,0,0,0,0,0,0,0,0,0
S01010736,Gas central heating,366,48,318,326,21,305,30,18,12,10,9,1
S01010736,Electric (including storage heaters) central heating,44,11,33,32,4,28,11,6,5,1,1,0
S01010736,Oil central heating,56,13,43,42,2,40,9,6,3,5,5,0
S01010736,Solid fuel (for example wood coal) central heating,7,2,5,5,0,5,2,2,0,0,0,0
S01010736,Other central heating,3,0,3,3,0,3,0,0,0,0,0,0
S01010736,Two or more types of central heating,24,7,17,21,4,17,2,2,0,1,1,0
S01010737,All people in households,1012,233,779,782,53,729,157,109,48,73,71,2
S01010737,No central heating,10,2,8,8,1,7,2,1,1,0,0,0
S01010737,Gas central heating,645,152,493,501,38,463,95,66,29,49,48,1
S01010737,Electric (including storage heaters) central heating,172,35,137,131,4,127,27,18,9,14,13,1
S01010737,Oil central heating,117,23,94,96,9,87,19,12,7,2,2,0
S01010737,Solid fuel (for example wood coal) central heating,16,5,11,11,1,10,4,3,1,1,1,0
S01010737,Other central heating,4,2,2,2,0,2,1,1,0,1,1,0
S01010737,Two or more types of central heating,48,14,34,33,0,33,9,8,1,6,6,0
S01010738,All people in households,548,121,427,420,32,388,98,59,39,30,30,0
S01010738,No central heating,3,1,2,2,0,2,1,1,0,0,0,0
S01010738,Gas central heating,440,95,345,337,23,314,79,48,31,24,24,0
S01010738,Electric (including storage heaters) central heating,43,13,30,32,4,28,8,6,2,3,3,0
S01010738,Oil central heating,22,4,18,19,2,17,1,0,1,2,2,0
S01010738,Solid fuel (for example wood coal) central heating,13,4,9,8,2,6,5,2,3,0,0,0
S01010738,Other central heating,1,1,0,0,0,0,1,1,0,0,0,0
S01010738,Two or more types of central heating,26,3,23,22,1,21,3,1,2,1,1,0
S01010739,All people in households,870,174,696,708,52,656,115,77,38,47,45,2
S01010739,No central heating,11,1,10,10,0,10,1,1,0,0,0,0
S01010739,Gas central heating,422,93,329,333,31,302,68,42,26,21,20,1
S01010739,Electric (including storage heaters) central heating,272,48,224,228,13,215,28,20,8,16,15,1
S01010739,Oil central heating,125,17,108,107,3,104,14,10,4,4,4,0
S01010739,Solid fuel (for example wood coal) central heating,10,6,4,5,1,4,0,0,0,5,5,0
S01010739,Other central heating,7,2,5,6,1,5,1,1,0,0,0,0
S01010739,Two or more types of central heating,23,7,16,19,3,16,3,3,0,1,1,0
S01010740,All people in households,507,134,373,372,31,341,88,58,30,47,45,2
S01010740,No central heating,5,1,4,4,0,4,1,1,0,0,0,0
S01010740,Gas central heating,184,49,135,134,12,122,32,19,13,18,18,0
S01010740,Electric (including storage heaters) central heating,298,79,219,220,17,203,50,36,14,28,26,2
S01010740,Oil central heating,14,3,11,10,1,9,3,1,2,1,1,0
S01010740,Solid fuel (for example wood coal) central heating,5,2,3,3,1,2,2,1,1,0,0,0
S01010740,Other central heating,0,0,0,0,0,0,0,0,0,0,0,0
S01010740,Two or more types of central heating,1,0,1,1,0,1,0,0,0,0,0,0
S01010741,All people in households,573,114,459,473,38,435,76,53,23,24,23,1
S01010741,No central heating,4,2,2,3,1,2,1,1,0,0,0,0
S01010741,Gas central heating,218,41,177,176,14,162,33,18,15,9,9,0
S01010741,Electric (including storage heaters) central heating,58,19,39,40,5,35,13,10,3,5,4,1
S01010741,Oil central heating,196,30,166,173,11,162,19,15,4,4,4,0
S01010741,Solid fuel (for example wood coal) central heating,43,7,36,38,3,35,4,3,1,1,1,0
S01010741,Other central heating,1,0,1,1,0,1,0,0,0,0,0,0
S01010741,Two or more types of central heating,53,15,38,42,4,38,6,6,0,5,5,0
S01010742,All people in households,730,148,582,589,42,547,116,83,33,25,23,2
S01010742,No central heating,26,5,21,22,1,21,2,2,0,2,2,0
S01010742,Gas central heating,442,91,351,363,30,333,66,49,17,13,12,1
S01010742,Electric (including storage heaters) central heating,140,24,116,114,4,110,23,18,5,3,2,1
S01010742,Oil central heating,25,10,15,17,2,15,6,6,0,2,2,0
S01010742,Solid fuel (for example wood coal) central heating,72,16,56,50,5,45,17,6,11,5,5,0
S01010742,Other central heating,0,0,0,0,0,0,0,0,0,0,0,0
S01010742,Two or more types of central heating,25,2,23,23,0,23,2,2,0,0,0,0
S01010743,All people in households,761,138,623,636,36,600,91,70,21,34,32,2
S01010743,No central heating,7,0,7,6,0,6,1,0,1,0,0,0
S01010743,Gas central heating,413,78,335,344,21,323,49,38,11,20,19,1
S01010743,Electric (including storage heaters) central heating,269,44,225,227,11,216,31,23,8,11,10,1
S01010743,Oil central heating,15,1,14,14,0,14,1,1,0,0,0,0
S01010743,Solid fuel (for example wood coal) central heating,17,5,12,14,2,12,2,2,0,1,1,0
S01010743,Other central heating,4,3,1,1,0,1,3,3,0,0,0,0
S01010743,Two or more types of central heating,36,7,29,30,2,28,4,3,1,2,2,0
S01010744,All people in households,1041,199,842,873,68,805,117,85,32,51,46,5
S01010744,No central heating,16,5,11,12,1,11,2,2,0,2,2,0
S01010744,Gas central heating,604,106,498,518,42,476,59,42,17,27,22,5
S01010744,Electric (including storage heaters) central heating,279,63,216,220,14,206,43,33,10,16,16,0
S01010744,Oil central heating,81,16,65,74,10,64,6,5,1,1,1,0
S01010744,Solid fuel (for example wood coal) central heating,24,4,20,19,1,18,2,0,2,3,3,0
S01010744,Other central heating,3,0,3,3,0,3,0,0,0,0,0,0
S01010744,Two or more types of central heating,34,5,29,27,0,27,5,3,2,2,2,0
S01010745,All people in households,612,133,479,498,47,451,73,50,23,41,36,5
S01010745,No central heating,8,5,3,2,0,2,5,4,1,1,1,0
S01010745,Gas central heating,387,76,311,322,25,297,42,28,14,23,23,0
S01010745,Electric (including storage heaters) central heating,119,30,89,93,12,81,15,11,4,11,7,4
S01010745,Oil central heating,50,10,40,45,5,40,4,4,0,1,1,0
S01010745,Solid fuel (for example wood coal) central heating,23,3,20,18,2,16,3,0,3,2,1,1
S01010745,Other central heating,2,0,2,2,0,2,0,0,0,0,0,0
S01010745,Two or more types of central heating,23,9,14,16,3,13,4,3,1,3,3,0
S01010746,All people in households,1016,153,863,871,49,822,111,70,41,34,34,0
S01010746,No central heating,32,2,30,30,0,30,1,1,0,1,1,0
S01010746,Gas central heating,34,6,28,27,1,26,7,5,2,0,0,0
S01010746,Electric (including storage heaters) central heating,198,34,164,162,11,151,26,13,13,10,10,0
S01010746,Oil central heating,552,80,472,476,26,450,62,40,22,14,14,0
S01010746,Solid fuel (for example wood coal) central heating,66,14,52,56,5,51,5,4,1,5,5,0
S01010746,Other central heating,28,5,23,26,3,23,2,2,0,0,0,0
S01010746,Two or more types of central heating,106,12,94,94,3,91,8,5,3,4,4,0
S01010747,All people in households,827,159,668,657,35,622,116,76,40,54,48,6
S01010747,No central heating,24,1,23,23,1,22,0,0,0,1,0,1
S01010747,Gas central heating,65,14,51,55,5,50,6,5,1,4,4,0
S01010747,Electric (including storage heaters) central heating,373,86,287,269,13,256,68,42,26,36,31,5
S01010747,Oil central heating,251,34,217,224,11,213,19,15,4,8,8,0
S01010747,Solid fuel (for example wood coal) central heating,47,15,32,25,2,23,20,11,9,2,2,0
S01010747,Other central heating,18,2,16,16,0,16,1,1,0,1,1,0
S01010747,Two or more types of central heating,49,7,42,45,3,42,2,2,0,2,2,0
S01010748,All people in households,631,127,504,524,44,480,79,55,24,28,28,0
S01010748,No central heating,25,7,18,18,3,15,7,4,3,0,0,0
S01010748,Gas central heating,29,8,21,24,3,21,2,2,0,3,3,0
S01010748,Electric (including storage heaters) central heating,130,32,98,105,13,92,20,14,6,5,5,0
S01010748,Oil central heating,355,65,290,301,21,280,35,25,10,19,19,0
S01010748,Solid fuel (for example wood coal) central heating,25,5,20,19,2,17,5,2,3,1,1,0
S01010748,Other central heating,7,2,5,5,0,5,2,2,0,0,0,0
S01010748,Two or more types of central heating,60,8,52,52,2,50,8,6,2,0,0,0
S01010749,All people in households,614,115,499,512,37,475,70,46,24,32,32,0
S01010749,No central heating,14,5,9,10,2,8,3,2,1,1,1,0
S01010749,Gas central heating,47,8,39,36,1,35,7,3,4,4,4,0
S01010749,Electric (including storage heaters) central heating,81,22,59,65,7,58,11,10,1,5,5,0
S01010749,Oil central heating,358,64,294,296,18,278,43,27,16,19,19,0
S01010749,Solid fuel (for example wood coal) central heating,32,4,28,28,1,27,4,3,1,0,0,0
S01010749,Other central heating,18,6,12,16,4,12,0,0,0,2,2,0
S01010749,Two or more types of central heating,64,6,58,61,4,57,2,1,1,1,1,0
S01010750,All people in households,624,131,493,505,42,463,85,57,28,34,32,2
S01010750,No central heating,11,2,9,8,0,8,1,0,1,2,2,0
S01010750,Gas central heating,46,13,33,34,2,32,8,7,1,4,4,0
S01010750,Electric (including storage heaters) central heating,108,31,77,86,13,73,13,10,3,9,8,1
S01010750,Oil central heating,326,58,268,271,20,251,42,26,16,13,12,1
S01010750,Solid fuel (for example wood coal) central heating,51,13,38,38,2,36,9,7,2,4,4,0
S01010750,Other central heating,13,3,10,11,2,9,1,0,1,1,1,0
S01010750,Two or more types of central heating,69,11,58,57,3,54,11,7,4,1,1,0
S01010751,All people in households,745,202,543,573,59,514,99,70,29,73,73,0
S01010751,No central heating,19,5,14,16,2,14,1,1,0,2,2,0
S01010751,Gas central heating,35,15,20,25,6,19,6,5,1,4,4,0
S01010751,Electric (including storage heaters) central heating,423,111,312,328,31,297,47,32,15,48,48,0
S01010751,Oil central heating,170,36,134,135,9,126,25,17,8,10,10,0
S01010751,Solid fuel (for example wood coal) central heating,28,9,19,20,3,17,8,6,2,0,0,0
S01010751,Other central heating,11,4,7,7,0,7,1,1,0,3,3,0
S01010751,Two or more types of central heating,59,22,37,42,8,34,11,8,3,6,6,0
S01010752,All people in households,756,144,612,629,46,583,87,60,27,40,38,2
S01010752,No central heating,35,6,29,28,0,28,6,5,1,1,1,0
S01010752,Gas central heating,26,1,25,20,0,20,6,1,5,0,0,0
S01010752,Electric (including storage heaters) central heating,460,87,373,385,29,356,51,36,15,24,22,2
S01010752,Oil central heating,179,34,145,153,12,141,15,11,4,11,11,0
S01010752,Solid fuel (for example wood coal) central heating,9,5,4,7,3,4,0,0,0,2,2,0
S01010752,Other central heating,5,1,4,5,1,4,0,0,0,0,0,0
S01010752,Two or more types of central heating,42,10,32,31,1,30,9,7,2,2,2,0
S01010753,All people in households,1047,194,853,876,66,810,118,76,42,53,52,1
S01010753,No central heating,13,3,10,9,2,7,3,0,3,1,1,0
S01010753,Gas central heating,22,4,18,20,2,18,1,1,0,1,1,0
S01010753,Electric (including storage heaters) central heating,485,112,373,375,32,343,71,42,29,39,38,1
S01010753,Oil central heating,404,57,347,360,23,337,36,26,10,8,8,0
S01010753,Solid fuel (for example wood coal) central heating,27,4,23,24,1,23,2,2,0,1,1,0
S01010753,Other central heating,40,5,35,36,1,35,2,2,0,2,2,0
S01010753,Two or more types of central heating,56,9,47,52,5,47,3,3,0,1,1,0
S01010754,All people in households,695,188,507,521,50,471,122,86,36,52,52,0
S01010754,No central heating,14,5,9,6,0,6,6,3,3,2,2,0
S01010754,Gas central heating,28,9,19,24,5,19,3,3,0,1,1,0
S01010754,Electric (including storage heaters) central heating,317,83,234,231,18,213,61,40,21,25,25,0
S01010754,Oil central heating,240,66,174,185,20,165,36,27,9,19,19,0
S01010754,Solid fuel (for example wood coal) central heating,41,9,32,33,2,31,7,6,1,1,1,0
S01010754,Other central heating,5,2,3,4,1,3,1,1,0,0,0,0
S01010754,Two or more types of central heating,50,14,36,38,4,34,8,6,2,4,4,0
S01010755,All people in households,626,133,493,503,40,463,85,55,30,38,38,0
S01010755,No central heating,8,1,7,7,0,7,1,1,0,0,0,0
S01010755,Gas central heating,25,3,22,23,1,22,1,1,0,1,1,0
S01010755,Electric (including storage heaters) central heating,180,54,126,131,15,116,33,23,10,16,16,0
S01010755,Oil central heating,267,49,218,225,17,208,29,19,10,13,13,0
S01010755,Solid fuel (for example wood coal) central heating,86,17,69,64,1,63,15,9,6,7,7,0
S01010755,Other central heating,5,1,4,4,0,4,0,0,0,1,1,0
S01010755,Two or more types of central heating,55,8,47,49,6,43,6,2,4,0,0,0
S01010756,All people in households,659,111,548,579,48,531,67,50,17,13,13,0
S01010756,No central heating,20,2,18,20,2,18,0,0,0,0,0,0
S01010756,Gas central heating,31,2,29,29,1,28,2,1,1,0,0,0
S01010756,Electric (including storage heaters) central heating,192,40,152,162,13,149,24,21,3,6,6,0
S01010756,Oil central heating,327,57,270,284,26,258,37,25,12,6,6,0
S01010756,Solid fuel (for example wood coal) central heating,30,6,24,26,2,24,3,3,0,1,1,0
S01010756,Other central heating,13,1,12,13,1,12,0,0,0,0,0,0
S01010756,Two or more types of central heating,46,3,43,45,3,42,1,0,1,0,0,0
S01010757,All people in households,743,177,566,605,68,537,112,85,27,26,24,2
S01010757,No central heating,24,9,15,17,3,14,4,3,1,3,3,0
S01010757,Gas central heating,28,13,15,23,8,15,5,5,0,0,0,0
S01010757,Electric (including storage heaters) central heating,114,31,83,83,8,75,27,21,6,4,2,2
S01010757,Oil central heating,381,78,303,319,31,288,54,39,15,8,8,0
S01010757,Solid fuel (for example wood coal) central heating,84,19,65,68,6,62,10,7,3,6,6,0
S01010757,Other central heating,12,3,9,10,1,9,1,1,0,1,1,0
S01010757,Two or more types of central heating,100,24,76,85,11,74,11,9,2,4,4,0
S01010758,All people in households,677,150,527,543,54,489,102,64,38,32,32,0
S01010758,No central heating,17,5,12,10,0,10,5,3,2,2,2,0
S01010758,Gas central heating,30,7,23,24,1,23,4,4,0,2,2,0
S01010758,Electric (including storage heaters) central heating,134,29,105,111,16,95,17,7,10,6,6,0
S01010758,Oil central heating,362,80,282,288,27,261,59,38,21,15,15,0
S01010758,Solid fuel (for example wood coal) central heating,49,14,35,40,5,35,6,6,0,3,3,0
S01010758,Other central heating,39,6,33,33,2,31,4,2,2,2,2,0
S01010758,Two or more types of central heating,46,9,37,37,3,34,7,4,3,2,2,0
S01010759,All people in households,606,97,509,513,29,484,75,51,24,18,17,1
S01010759,No central heating,14,3,11,9,0,9,4,3,1,1,0,1
S01010759,Gas central heating,43,3,40,41,2,39,2,1,1,0,0,0
S01010759,Electric (including storage heaters) central heating,200,44,156,159,11,148,30,22,8,11,11,0
S01010759,Oil central heating,214,35,179,188,12,176,23,20,3,3,3,0
S01010759,Solid fuel (for example wood coal) central heating,122,10,112,105,3,102,15,5,10,2,2,0
S01010759,Other central heating,0,0,0,0,0,0,0,0,0,0,0,0
S01010759,Two or more types of central heating,13,2,11,11,1,10,1,0,1,1,1,0
S01010760,All people in households,566,127,439,455,39,416,83,61,22,28,27,1
S01010760,No central heating,17,2,15,14,0,14,3,2,1,0,0,0
S01010760,Gas central heating,20,7,13,14,2,12,5,4,1,1,1,0
S01010760,Electric (including storage heaters) central heating,219,60,159,162,13,149,37,27,10,20,20,0
S01010760,Oil central heating,210,40,170,180,17,163,26,19,7,4,4,0
S01010760,Solid fuel (for example wood coal) central heating,45,7,38,37,1,36,6,4,2,2,2,0
S01010760,Other central heating,6,1,5,4,0,4,2,1,1,0,0,0
S01010760,Two or more types of central heating,49,10,39,44,6,38,4,4,0,1,0,1
S01010761,All people in households,527,106,421,448,43,405,52,38,14,27,25,2
S01010761,No central heating,18,7,11,15,5,10,3,2,1,0,0,0
S01010761,Gas central heating,26,6,20,22,2,20,1,1,0,3,3,0
S01010761,Electric (including storage heaters) central heating,57,15,42,48,8,40,5,4,1,4,3,1
S01010761,Oil central heating,295,50,245,251,15,236,29,20,9,15,15,0
S01010761,Solid fuel (for example wood coal) central heating,45,14,31,33,4,29,9,7,2,3,3,0
S01010761,Other central heating,2,2,0,2,2,0,0,0,0,0,0,0
S01010761,Two or more types of central heating,84,12,72,77,7,70,5,4,1,2,1,1
S01010762,All people in households,598,142,456,477,38,439,88,72,16,33,32,1
S01010762,No central heating,16,6,10,13,3,10,3,3,0,0,0,0
S01010762,Gas central heating,26,2,24,25,1,24,1,1,0,0,0,0
S01010762,Electric (including storage heaters) central heating,91,32,59,60,6,54,23,19,4,8,7,1
S01010762,Oil central heating,310,72,238,248,18,230,47,39,8,15,15,0
S01010762,Solid fuel (for example wood coal) central heating,66,12,54,54,4,50,7,3,4,5,5,0
S01010762,Other central heating,32,5,27,29,2,27,2,2,0,1,1,0
S01010762,Two or more types of central heating,57,13,44,48,4,44,5,5,0,4,4,0
S01010763,All people in households,681,137,544,567,47,520,80,57,23,34,33,1
S01010763,No central heating,19,1,18,18,0,18,0,0,0,1,1,0
S01010763,Gas central heating,29,3,26,27,1,26,2,2,0,0,0,0
S01010763,Electric (including storage heaters) central heating,144,35,109,113,10,103,20,14,6,11,11,0
S01010763,Oil central heating,278,67,211,229,26,203,33,26,7,16,15,1
S01010763,Solid fuel (for example wood coal) central heating,126,19,107,106,4,102,15,10,5,5,5,0
S01010763,Other central heating,17,1,16,16,0,16,0,0,0,1,1,0
S01010763,Two or more types of central heating,68,11,57,58,6,52,10,5,5,0,0,0
S01010764,All people in households,576,127,449,478,54,424,73,48,25,25,25,0
S01010764,No central heating,40,6,34,35,3,32,5,3,2,0,0,0
S01010764,Gas central heating,39,12,27,31,6,25,5,3,2,3,3,0
S01010764,Electric (including storage heaters) central heating,79,28,51,64,15,49,11,9,2,4,4,0
S01010764,Oil central heating,285,62,223,244,25,219,25,21,4,16,16,0
S01010764,Solid fuel (for example wood coal) central heating,59,10,49,44,1,43,15,9,6,0,0,0
S01010764,Other central heating,11,2,9,8,1,7,2,0,2,1,1,0
S01010764,Two or more types of central heating,63,7,56,52,3,49,10,3,7,1,1,0
S01010765,All people in households,1005,227,778,814,79,735,132,90,42,59,58,1
S01010765,No central heating,37,11,26,30,4,26,5,5,0,2,2,0
S01010765,Gas central heating,25,3,22,22,2,20,3,1,2,0,0,0
S01010765,Electric (including storage heaters) central heating,163,41,122,125,12,113,26,18,8,12,11,1
S01010765,Oil central heating,488,101,387,397,33,364,64,41,23,27,27,0
S01010765,Solid fuel (for example wood coal) central heating,156,30,126,136,14,122,12,8,4,8,8,0
S01010765,Other central heating,7,1,6,6,1,5,1,0,1,0,0,0
S01010765,Two or more types of central heating,129,40,89,98,13,85,21,17,4,10,10,0
S01010766,All people in households,779,188,591,623,60,563,109,81,28,47,47,0
S01010766,No central heating,30,10,20,20,2,18,6,4,2,4,4,0
S01010766,Gas central heating,44,11,33,35,4,31,7,5,2,2,2,0
S01010766,Electric (including storage heaters) central heating,168,53,115,127,17,110,28,23,5,13,13,0
S01010766,Oil central heating,316,63,253,267,24,243,34,24,10,15,15,0
S01010766,Solid fuel (for example wood coal) central heating,120,29,91,90,6,84,21,14,7,9,9,0
S01010766,Other central heating,19,3,16,18,2,16,1,1,0,0,0,0
S01010766,Two or more types of central heating,82,19,63,66,5,61,12,10,2,4,4,0
S01010767,All people in households,706,161,545,568,56,512,92,61,31,46,44,2
S01010767,No central heating,15,3,12,14,2,12,1,1,0,0,0,0
S01010767,Gas central heating,42,12,30,29,2,27,7,4,3,6,6,0
S01010767,Electric (including storage heaters) central heating,281,70,211,215,22,193,41,25,16,25,23,2
S01010767,Oil central heating,218,46,172,185,21,164,29,21,8,4,4,0
S01010767,Solid fuel (for example wood coal) central heating,110,21,89,92,5,87,9,7,2,9,9,0
S01010767,Other central heating,2,2,0,1,1,0,1,1,0,0,0,0
S01010767,Two or more types of central heating,38,7,31,32,3,29,4,2,2,2,2,0
S01010768,All people in households,576,143,433,437,43,394,117,82,35,22,18,4
S01010768,No central heating,17,4,13,14,1,13,2,2,0,1,1,0
S01010768,Gas central heating,24,5,19,22,3,19,2,2,0,0,0,0
S01010768,Electric (including storage heaters) central heating,185,59,126,132,18,114,43,31,12,10,10,0
S01010768,Oil central heating,197,47,150,148,12,136,44,32,12,5,3,2
S01010768,Solid fuel (for example wood coal) central heating,91,14,77,73,3,70,16,9,7,2,2,0
S01010768,Other central heating,13,3,10,9,1,8,3,1,2,1,1,0
S01010768,Two or more types of central heating,49,11,38,39,5,34,7,5,2,3,1,2
S01010769,All people in households,483,99,384,412,36,376,48,42,6,23,21,2
S01010769,No central heating,12,3,9,9,0,9,1,1,0,2,2,0
S01010769,Gas central heating,75,11,64,66,5,61,7,5,2,2,1,1
S01010769,Electric (including storage heaters) central heating,33,10,23,25,4,21,5,3,2,3,3,0
S01010769,Oil central heating,265,54,211,226,18,208,32,30,2,7,6,1
S01010769,Solid fuel (for example wood coal) central heating,41,6,35,36,1,35,2,2,0,3,3,0
S01010769,Other central heating,4,1,3,4,1,3,0,0,0,0,0,0
S01010769,Two or more types of central heating,53,14,39,46,7,39,1,1,0,6,6,0
S01010770,All people in households,862,170,692,718,59,659,96,63,33,48,48,0
S01010770,No central heating,20,5,15,18,3,15,0,0,0,2,2,0
S01010770,Gas central heating,57,11,46,45,1,44,8,6,2,4,4,0
S01010770,Electric (including storage heaters) central heating,317,71,246,261,23,238,36,28,8,20,20,0
S01010770,Oil central heating,332,60,272,280,23,257,37,22,15,15,15,0
S01010770,Solid fuel (for example wood coal) central heating,76,11,65,66,5,61,5,1,4,5,5,0
S01010770,Other central heating,13,3,10,11,2,9,2,1,1,0,0,0
S01010770,Two or more types of central heating,47,9,38,37,2,35,8,5,3,2,2,0
S01010771,All people in households,864,244,620,663,82,581,133,98,35,68,64,4
S01010771,No central heating,31,6,25,26,4,22,5,2,3,0,0,0
S01010771,Gas central heating,49,19,30,30,4,26,8,4,4,11,11,0
S01010771,Electric (including storage heaters) central heating,196,78,118,136,27,109,38,30,8,22,21,1
S01010771,Oil central heating,386,100,286,312,38,274,53,42,11,21,20,1
S01010771,Solid fuel (for example wood coal) central heating,146,27,119,117,6,111,17,11,6,12,10,2
S01010771,Other central heating,9,2,7,7,0,7,2,2,0,0,0,0
S01010771,Two or more types of central heating,47,12,35,35,3,32,10,7,3,2,2,0
S01010772,All people in households,737,208,529,545,50,495,127,93,34,65,65,0
S01010772,No central heating,15,5,10,11,1,10,1,1,0,3,3,0
S01010772,Gas central heating,69,21,48,55,10,45,10,7,3,4,4,0
S01010772,Electric (including storage heaters) central heating,57,25,32,34,7,27,16,11,5,7,7,0
S01010772,Oil central heating,321,82,239,248,20,228,47,36,11,26,26,0
S01010772,Solid fuel (for example wood coal) central heating,160,45,115,121,10,111,21,17,4,18,18,0
S01010772,Other central heating,18,5,13,13,1,12,4,3,1,1,1,0
S01010772,Two or more types of central heating,97,25,72,63,1,62,28,18,10,6,6,0
S01010773,All people in households,785,194,591,626,64,562,98,71,27,61,59,2
S01010773,No central heating,24,8,16,18,4,14,6,4,2,0,0,0
S01010773,Gas central heating,39,11,28,30,4,26,5,3,2,4,4,0
S01010773,Electric (including storage heaters) central heating,96,27,69,74,7,67,13,11,2,9,9,0
S01010773,Oil central heating,423,95,328,343,30,313,52,37,15,28,28,0
S01010773,Solid fuel (for example wood coal) central heating,127,34,93,98,10,88,17,14,3,12,10,2
S01010773,Other central heating,21,6,15,18,3,15,0,0,0,3,3,0
S01010773,Two or more types of central heating,55,13,42,45,6,39,5,2,3,5,5,0
S01010774,All people in households,721,174,547,553,46,507,118,81,37,50,47,3
S01010774,No central heating,16,5,11,11,2,9,3,1,2,2,2,0
S01010774,Gas central heating,57,15,42,47,6,41,7,6,1,3,3,0
S01010774,Electric (including storage heaters) central heating,91,28,63,58,3,55,19,13,6,14,12,2
S01010774,Oil central heating,362,73,289,290,17,273,54,39,15,18,17,1
S01010774,Solid fuel (for example wood coal) central heating,160,46,114,120,13,107,28,21,7,12,12,0
S01010774,Other central heating,9,2,7,4,0,4,4,1,3,1,1,0
S01010774,Two or more types of central heating,26,5,21,23,5,18,3,0,3,0,0,0
S01010775,All people in households,643,107,536,551,34,517,66,47,19,26,26,0
S01010775,No central heating,12,3,9,11,2,9,1,1,0,0,0,0
S01010775,Gas central heating,101,20,81,84,6,78,13,10,3,4,4,0
S01010775,Electric (including storage heaters) central heating,52,8,44,43,2,41,6,3,3,3,3,0
S01010775,Oil central heating,386,55,331,340,20,320,34,23,11,12,12,0
S01010775,Solid fuel (for example wood coal) central heating,48,15,33,34,2,32,9,8,1,5,5,0
S01010775,Other central heating,12,1,11,10,0,10,1,0,1,1,1,0
S01010775,Two or more types of central heating,32,5,27,29,2,27,2,2,0,1,1,0
S01010776,All people in households,540,108,432,437,26,411,80,59,21,23,23,0
S01010776,No central heating,3,3,0,1,1,0,2,2,0,0,0,0
S01010776,Gas central heating,349,57,292,294,16,278,45,31,14,10,10,0
S01010776,Electric (including storage heaters) central heating,117,32,85,87,7,80,22,17,5,8,8,0
S01010776,Oil central heating,27,5,22,21,0,21,4,3,1,2,2,0
S01010776,Solid fuel (for example wood coal) central heating,10,2,8,8,1,7,1,0,1,1,1,0
S01010776,Other central heating,25,6,19,19,0,19,5,5,0,1,1,0
S01010776,Two or more types of central heating,9,3,6,7,1,6,1,1,0,1,1,0
S01010777,All people in households,494,125,369,371,32,339,88,60,28,35,33,2
S01010777,No central heating,11,6,5,6,1,5,2,2,0,3,3,0
S01010777,Gas central heating,176,42,134,137,11,126,30,22,8,9,9,0
S01010777,Electric (including storage heaters) central heating,176,45,131,132,15,117,28,16,12,16,14,2
S01010777,Oil central heating,65,17,48,48,3,45,13,10,3,4,4,0
S01010777,Solid fuel (for example wood coal) central heating,30,8,22,22,1,21,6,5,1,2,2,0
S01010777,Other central heating,35,6,29,26,1,25,9,5,4,0,0,0
S01010777,Two or more types of central heating,1,1,0,0,0,0,0,0,0,1,1,0
S01010778,All people in households,491,108,383,378,23,355,79,52,27,34,33,1
S01010778,No central heating,25,8,17,17,1,16,4,3,1,4,4,0
S01010778,Gas central heating,90,26,64,70,9,61,16,13,3,4,4,0
S01010778,Electric (including storage heaters) central heating,69,15,54,52,2,50,13,9,4,4,4,0
S01010778,Oil central heating,43,8,35,34,2,32,5,3,2,4,3,1
S01010778,Solid fuel (for example wood coal) central heating,96,14,82,83,5,78,9,5,4,4,4,0
S01010778,Other central heating,163,37,126,117,4,113,32,19,13,14,14,0
S01010778,Two or more types of central heating,5,0,5,5,0,5,0,0,0,0,0,0
S01010779,All people in households,769,146,623,630,41,589,90,57,33,49,48,1
S01010779,No central heating,4,4,0,1,1,0,1,1,0,2,2,0
S01010779,Gas central heating,592,105,487,487,29,458,74,46,28,31,30,1
S01010779,Electric (including storage heaters) central heating,48,9,39,38,2,36,4,1,3,6,6,0
S01010779,Oil central heating,52,6,46,50,4,46,1,1,0,1,1,0
S01010779,Solid fuel (for example wood coal) central heating,45,18,27,28,3,25,8,6,2,9,9,0
S01010779,Other central heating,12,1,11,12,1,11,0,0,0,0,0,0
S01010779,Two or more types of central heating,16,3,13,14,1,13,2,2,0,0,0,0
S01010780,All people in households,561,125,436,457,40,417,77,59,18,27,26,1
S01010780,No central heating,8,2,6,6,0,6,2,2,0,0,0,0
S01010780,Gas central heating,143,32,111,120,13,107,19,16,3,4,3,1
S01010780,Electric (including storage heaters) central heating,145,35,110,113,11,102,24,16,8,8,8,0
S01010780,Oil central heating,161,31,130,137,10,127,16,13,3,8,8,0
S01010780,Solid fuel (for example wood coal) central heating,82,20,62,64,5,59,11,8,3,7,7,0
S01010780,Other central heating,7,2,5,5,1,4,2,1,1,0,0,0
S01010780,Two or more types of central heating,15,3,12,12,0,12,3,3,0,0,0,0
S01010781,All people in households,777,135,642,682,57,625,73,57,16,22,21,1
S01010781,No central heating,10,3,7,7,0,7,2,2,0,1,1,0
S01010781,Gas central heating,568,80,488,510,35,475,47,35,12,11,10,1
S01010781,Electric (including storage heaters) central heating,92,20,72,74,3,71,11,10,1,7,7,0
S01010781,Oil central heating,68,24,44,57,14,43,8,7,1,3,3,0
S01010781,Solid fuel (for example wood coal) central heating,20,6,14,16,3,13,4,3,1,0,0,0
S01010781,Other central heating,3,0,3,2,0,2,1,0,1,0,0,0
S01010781,Two or more types of central heating,16,2,14,16,2,14,0,0,0,0,0,0
S01010782,All people in households,590,127,463,488,44,444,62,44,18,40,39,1
S01010782,No central heating,13,1,12,13,1,12,0,0,0,0,0,0
S01010782,Gas central heating,382,71,311,324,25,299,37,25,12,21,21,0
S01010782,Electric (including storage heaters) central heating,88,28,60,66,12,54,13,8,5,9,8,1
S01010782,Oil central heating,45,7,38,39,1,38,5,5,0,1,1,0
S01010782,Solid fuel (for example wood coal) central heating,46,14,32,36,4,32,3,3,0,7,7,0
S01010782,Other central heating,0,0,0,0,0,0,0,0,0,0,0,0
S01010782,Two or more types of central heating,16,6,10,10,1,9,4,3,1,2,2,0
S01010783,All people in households,550,119,431,440,33,407,79,57,22,31,29,2
S01010783,No central heating,10,4,6,5,0,5,3,2,1,2,2,0
S01010783,Gas central heating,264,51,213,215,13,202,33,22,11,16,16,0
S01010783,Electric (including storage heaters) central heating,170,38,132,140,14,126,23,19,4,7,5,2
S01010783,Oil central heating,49,7,42,40,2,38,8,4,4,1,1,0
S01010783,Solid fuel (for example wood coal) central heating,54,18,36,37,3,34,12,10,2,5,5,0
S01010783,Other central heating,0,0,0,0,0,0,0,0,0,0,0,0
S01010783,Two or more types of central heating,3,1,2,3,1,2,0,0,0,0,0,0
S01010784,All people in households,743,130,613,601,28,573,104,71,33,38,31,7
S01010784,No central heating,24,4,20,18,0,18,4,3,1,2,1,1
S01010784,Gas central heating,215,38,177,180,11,169,26,19,7,9,8,1
S01010784,Electric (including storage heaters) central heating,160,42,118,114,7,107,33,23,10,13,12,1
S01010784,Oil central heating,90,15,75,75,4,71,10,7,3,5,4,1
S01010784,Solid fuel (for example wood coal) central heating,242,29,213,204,6,198,29,17,12,9,6,3
S01010784,Other central heating,2,0,2,2,0,2,0,0,0,0,0,0
S01010784,Two or more types of central heating,10,2,8,8,0,8,2,2,0,0,0,0
S01010785,All people in households,683,110,573,594,40,554,69,51,18,20,19,1
S01010785,No central heating,5,0,5,5,0,5,0,0,0,0,0,0
S01010785,Gas central heating,333,50,283,289,16,273,35,26,9,9,8,1
S01010785,Electric (including storage heaters) central heating,132,18,114,116,5,111,14,11,3,2,2,0
S01010785,Oil central heating,162,27,135,146,15,131,10,6,4,6,6,0
S01010785,Solid fuel (for example wood coal) central heating,26,7,19,18,1,17,6,4,2,2,2,0
S01010785,Other central heating,13,3,10,11,1,10,2,2,0,0,0,0
S01010785,Two or more types of central heating,12,5,7,9,2,7,2,2,0,1,1,0
S01010786,All people in households,654,89,565,579,29,550,60,45,15,15,15,0
S01010786,No central heating,9,1,8,8,0,8,1,1,0,0,0,0
S01010786,Gas central heating,83,17,66,66,3,63,11,8,3,6,6,0
S01010786,Electric (including storage heaters) central heating,118,21,97,102,8,94,13,10,3,3,3,0
S01010786,Oil central heating,337,33,304,316,13,303,17,16,1,4,4,0
S01010786,Solid fuel (for example wood coal) central heating,83,13,70,66,4,62,15,7,8,2,2,0
S01010786,Other central heating,9,1,8,9,1,8,0,0,0,0,0,0
S01010786,Two or more types of central heating,15,3,12,12,0,12,3,3,0,0,0,0
S01010787,All people in households,913,171,742,768,55,713,102,75,27,43,41,2
S01010787,No central heating,22,4,18,18,2,16,4,2,2,0,0,0
S01010787,Gas central heating,90,9,81,84,6,78,6,3,3,0,0,0
S01010787,Electric (including storage heaters) central heating,123,30,93,103,11,92,16,15,1,4,4,0
S01010787,Oil central heating,454,76,378,387,22,365,46,35,11,21,19,2
S01010787,Solid fuel (for example wood coal) central heating,119,32,87,95,11,84,16,13,3,8,8,0
S01010787,Other central heating,35,10,25,25,2,23,4,2,2,6,6,0
S01010787,Two or more types of central heating,70,10,60,56,1,55,10,5,5,4,4,0
S01010788,All people in households,622,105,517,530,30,500,69,53,16,23,22,1
S01010788,No central heating,10,6,4,4,1,3,3,2,1,3,3,0
S01010788,Gas central heating,161,24,137,135,7,128,22,13,9,4,4,0
S01010788,Electric (including storage heaters) central heating,98,18,80,82,3,79,11,10,1,5,5,0
S01010788,Oil central heating,264,38,226,236,14,222,20,16,4,8,8,0
S01010788,Solid fuel (for example wood coal) central heating,56,7,49,51,2,49,5,5,0,0,0,0
S01010788,Other central heating,14,5,9,8,1,7,5,4,1,1,0,1
S01010788,Two or more types of central heating,19,7,12,14,2,12,3,3,0,2,2,0
S01010789,All people in households,729,104,625,620,26,594,78,47,31,31,31,0
S01010789,No central heating,17,3,14,14,0,14,2,2,0,1,1,0
S01010789,Gas central heating,66,15,51,52,2,50,8,7,1,6,6,0
S01010789,Electric (including storage heaters) central heating,62,10,52,52,1,51,7,6,1,3,3,0
S01010789,Oil central heating,372,45,327,322,11,311,34,18,16,16,16,0
S01010789,Solid fuel (for example wood coal) central heating,161,25,136,133,9,124,24,12,12,4,4,0
S01010789,Other central heating,14,4,10,13,3,10,1,1,0,0,0,0
S01010789,Two or more types of central heating,37,2,35,34,0,34,2,1,1,1,1,0
S01010790,All people in households,668,144,524,532,38,494,103,73,30,33,33,0
S01010790,No central heating,12,3,9,10,1,9,0,0,0,2,2,0
S01010790,Gas central heating,52,10,42,45,3,42,6,6,0,1,1,0
S01010790,Electric (including storage heaters) central heating,60,14,46,47,5,42,11,7,4,2,2,0
S01010790,Oil central heating,404,84,320,326,24,302,61,43,18,17,17,0
S01010790,Solid fuel (for example wood coal) central heating,93,20,73,72,4,68,15,10,5,6,6,0
S01010790,Other central heating,18,3,15,15,0,15,1,1,0,2,2,0
S01010790,Two or more types of central heating,29,10,19,17,1,16,9,6,3,3,3,0
S01010791,All people in households,835,188,647,689,75,614,105,74,31,41,39,2
S01010791,No central heating,25,6,19,21,5,16,2,0,2,2,1,1
S01010791,Gas central heating,77,17,60,70,12,58,6,4,2,1,1,0
S01010791,Electric (including storage heaters) central heating,92,32,60,70,15,55,18,13,5,4,4,0
S01010791,Oil central heating,477,92,385,408,36,372,52,39,13,17,17,0
S01010791,Solid fuel (for example wood coal) central heating,96,28,68,64,4,60,20,13,7,12,11,1
S01010791,Other central heating,15,6,9,11,2,9,2,2,0,2,2,0
S01010791,Two or more types of central heating,53,7,46,45,1,44,5,3,2,3,3,0
S01010792,All people in households,620,110,510,527,40,487,73,50,23,20,20,0
S01010792,No central heating,8,1,7,8,1,7,0,0,0,0,0,0
S01010792,Gas central heating,39,5,34,35,1,34,2,2,0,2,2,0
S01010792,Electric (including storage heaters) central heating,85,19,66,66,2,64,13,11,2,6,6,0
S01010792,Oil central heating,207,31,176,184,15,169,20,13,7,3,3,0
S01010792,Solid fuel (for example wood coal) central heating,276,52,224,230,20,210,37,23,14,9,9,0
S01010792,Other central heating,0,0,0,0,0,0,0,0,0,0,0,0
S01010792,Two or more types of central heating,5,2,3,4,1,3,1,1,0,0,0,0
S01010793,All people in households,649,110,539,556,37,519,75,55,20,18,18,0
S01010793,No central heating,22,6,16,18,3,15,3,2,1,1,1,0
S01010793,Gas central heating,67,11,56,57,5,52,9,5,4,1,1,0
S01010793,Electric (including storage heaters) central heating,109,26,83,88,7,81,14,12,2,7,7,0
S01010793,Oil central heating,330,47,283,287,16,271,37,25,12,6,6,0
S01010793,Solid fuel (for example wood coal) central heating,70,13,57,60,4,56,7,6,1,3,3,0
S01010793,Other central heating,20,4,16,17,1,16,3,3,0,0,0,0
S01010793,Two or more types of central heating,31,3,28,29,1,28,2,2,0,0,0,0
S01010794,All people in households,550,89,461,470,25,445,42,26,16,38,38,0
S01010794,No central heating,21,8,13,16,3,13,2,2,0,3,3,0
S01010794,Gas central heating,91,24,67,71,7,64,10,7,3,10,10,0
S01010794,Electric (including storage heaters) central heating,65,8,57,56,3,53,7,3,4,2,2,0
S01010794,Oil central heating,293,34,259,260,7,253,16,10,6,17,17,0
S01010794,Solid fuel (for example wood coal) central heating,39,10,29,32,3,29,3,3,0,4,4,0
S01010794,Other central heating,2,0,2,2,0,2,0,0,0,0,0,0
S01010794,Two or more types of central heating,39,5,34,33,2,31,4,1,3,2,2,0
S01010795,All people in households,982,186,796,822,62,760,131,95,36,29,29,0
S01010795,No central heating,15,3,12,11,0,11,3,2,1,1,1,0
S01010795,Gas central heating,101,23,78,85,10,75,13,10,3,3,3,0
S01010795,Electric (including storage heaters) central heating,193,51,142,143,13,130,42,30,12,8,8,0
S01010795,Oil central heating,489,73,416,429,26,403,47,34,13,13,13,0
S01010795,Solid fuel (for example wood coal) central heating,139,23,116,119,10,109,18,11,7,2,2,0
S01010795,Other central heating,13,2,11,12,1,11,1,1,0,0,0,0
S01010795,Two or more types of central heating,32,11,21,23,2,21,7,7,0,2,2,0
S01010796,All people in households,829,139,690,710,50,660,92,64,28,27,25,2
S01010796,No central heating,35,6,29,25,2,23,9,3,6,1,1,0
S01010796,Gas central heating,70,15,55,55,3,52,13,10,3,2,2,0
S01010796,Electric (including storage heaters) central heating,69,16,53,58,7,51,8,6,2,3,3,0
S01010796,Oil central heating,501,72,429,443,28,415,41,29,12,17,15,2
S01010796,Solid fuel (for example wood coal) central heating,75,14,61,62,5,57,12,8,4,1,1,0
S01010796,Other central heating,27,7,20,23,3,20,3,3,0,1,1,0
S01010796,Two or more types of central heating,52,9,43,44,2,42,6,5,1,2,2,0
S01010797,All people in households,762,105,657,669,36,633,68,46,22,25,23,2
S01010797,No central heating,18,4,14,14,0,14,3,3,0,1,1,0
S01010797,Gas central heating,82,21,61,67,8,59,12,10,2,3,3,0
S01010797,Electric (including storage heaters) central heating,83,12,71,74,4,70,7,6,1,2,2,0
S01010797,Oil central heating,493,52,441,445,20,425,34,20,14,14,12,2
S01010797,Solid fuel (for example wood coal) central heating,42,6,36,35,1,34,6,4,2,1,1,0
S01010797,Other central heating,18,4,14,14,1,13,2,1,1,2,2,0
S01010797,Two or more types of central heating,26,6,20,20,2,18,4,2,2,2,2,0
S01010798,All people in households,667,100,567,579,40,539,73,46,27,15,14,1
S01010798,No central heating,27,5,22,21,1,20,6,4,2,0,0,0
S01010798,Gas central heating,81,13,68,68,3,65,11,8,3,2,2,0
S01010798,Electric (including storage heaters) central heating,75,11,64,65,3,62,8,6,2,2,2,0
S01010798,Oil central heating,341,50,291,305,24,281,28,19,9,8,7,1
S01010798,Solid fuel (for example wood coal) central heating,75,11,64,61,3,58,12,6,6,2,2,0
S01010798,Other central heating,13,3,10,8,0,8,5,3,2,0,0,0
S01010798,Two or more types of central heating,55,7,48,51,6,45,3,0,3,1,1,0
S01010799,All people in households,891,238,653,669,67,602,155,109,46,67,62,5
S01010799,No central heating,32,6,26,27,5,22,4,1,3,1,0,1
S01010799,Gas central heating,623,160,463,480,47,433,97,71,26,46,42,4
S01010799,Electric (including storage heaters) central heating,158,55,103,101,11,90,41,28,13,16,16,0
S01010799,Oil central heating,24,7,17,18,1,17,5,5,0,1,1,0
S01010799,Solid fuel (for example wood coal) central heating,26,6,20,18,0,18,6,4,2,2,2,0
S01010799,Other central heating,3,1,2,2,0,2,0,0,0,1,1,0
S01010799,Two or more types of central heating,25,3,22,23,3,20,2,0,2,0,0,0
S01010800,All people in households,731,135,596,587,38,549,117,73,44,27,24,3
S01010800,No central heating,14,1,13,13,1,12,1,0,1,0,0,0
S01010800,Gas central heating,538,95,443,441,34,407,82,48,34,15,13,2
S01010800,Electric (including storage heaters) central heating,104,22,82,77,3,74,19,11,8,8,8,0
S01010800,Oil central heating,33,6,27,26,0,26,5,5,0,2,1,1
S01010800,Solid fuel (for example wood coal) central heating,27,6,21,20,0,20,6,5,1,1,1,0
S01010800,Other central heating,0,0,0,0,0,0,0,0,0,0,0,0
S01010800,Two or more types of central heating,15,5,10,10,0,10,4,4,0,1,1,0
S01010801,All people in households,708,163,545,556,45,511,109,76,33,43,42,1
S01010801,No central heating,7,2,5,4,0,4,3,2,1,0,0,0
S01010801,Gas central heating,456,106,350,357,28,329,70,49,21,29,29,0
S01010801,Electric (including storage heaters) central heating,119,38,81,86,9,77,21,17,4,12,12,0
S01010801,Oil central heating,68,10,58,61,4,57,6,5,1,1,1,0
S01010801,Solid fuel (for example wood coal) central heating,42,5,37,32,2,30,9,3,6,1,0,1
S01010801,Other central heating,6,0,6,6,0,6,0,0,0,0,0,0
S01010801,Two or more types of central heating,10,2,8,10,2,8,0,0,0,0,0,0
S01010802,All people in households,565,79,486,507,33,474,41,30,11,17,16,1
S01010802,No central heating,4,2,2,3,1,2,1,1,0,0,0,0
S01010802,Gas central heating,279,34,245,251,14,237,18,11,7,10,9,1
S01010802,Electric (including storage heaters) central heating,190,27,163,169,10,159,16,12,4,5,5,0
S01010802,Oil central heating,62,10,52,55,3,52,5,5,0,2,2,0
S01010802,Solid fuel (for example wood coal) central heating,18,4,14,17,3,14,1,1,0,0,0,0
S01010802,Other central heating,0,0,0,0,0,0,0,0,0,0,0,0
S01010802,Two or more types of central heating,12,2,10,12,2,10,0,0,0,0,0,0
S01010803,All people in households,589,109,480,479,22,457,78,56,22,32,31,1
S01010803,No central heating,10,2,8,9,1,8,0,0,0,1,1,0
S01010803,Gas central heating,502,84,418,415,19,396,62,41,21,25,24,1
S01010803,Electric (including storage heaters) central heating,38,17,21,22,2,20,11,10,1,5,5,0
S01010803,Oil central heating,18,4,14,14,0,14,3,3,0,1,1,0
S01010803,Solid fuel (for example wood coal) central heating,10,1,9,9,0,9,1,1,0,0,0,0
S01010803,Other central heating,2,0,2,2,0,2,0,0,0,0,0,0
S01010803,Two or more types of central heating,9,1,8,8,0,8,1,1,0,0,0,0
S01010804,All people in households,588,103,485,509,45,464,57,39,18,22,19,3
S01010804,No central heating,13,2,11,11,0,11,1,1,0,1,1,0
S01010804,Gas central heating,438,68,370,384,29,355,40,28,12,14,11,3
S01010804,Electric (including storage heaters) central heating,70,16,54,57,5,52,9,7,2,4,4,0
S01010804,Oil central heating,33,6,27,27,3,24,5,2,3,1,1,0
S01010804,Solid fuel (for example wood coal) central heating,19,5,14,18,4,14,0,0,0,1,1,0
S01010804,Other central heating,1,1,0,1,1,0,0,0,0,0,0,0
S01010804,Two or more types of central heating,14,5,9,11,3,8,2,1,1,1,1,0
S01010805,All people in households,853,136,717,730,43,687,97,69,28,26,24,2
S01010805,No central heating,8,3,5,5,0,5,1,1,0,2,2,0
S01010805,Gas central heating,530,73,457,462,21,441,57,42,15,11,10,1
S01010805,Electric (including storage heaters) central heating,162,33,129,131,11,120,25,17,8,6,5,1
S01010805,Oil central heating,118,20,98,104,8,96,8,6,2,6,6,0
S01010805,Solid fuel (for example wood coal) central heating,13,4,9,11,2,9,2,2,0,0,0,0
S01010805,Other central heating,0,0,0,0,0,0,0,0,0,0,0,0
S01010805,Two or more types of central heating,22,3,19,17,1,16,4,1,3,1,1,0
S01010806,All people in households,916,207,709,713,61,652,144,89,55,59,57,2
S01010806,No central heating,11,5,6,6,1,5,5,4,1,0,0,0
S01010806,Gas central heating,204,43,161,155,9,146,39,24,15,10,10,0
S01010806,Electric (including storage heaters) central heating,481,117,364,385,43,342,67,45,22,29,29,0
S01010806,Oil central heating,136,21,115,116,3,113,12,10,2,8,8,0
S01010806,Solid fuel (for example wood coal) central heating,66,13,53,38,1,37,17,3,14,11,9,2
S01010806,Other central heating,0,0,0,0,0,0,0,0,0,0,0,0
S01010806,Two or more types of central heating,18,8,10,13,4,9,4,3,1,1,1,0
S01010807,All people in households,570,109,461,482,43,439,68,47,21,20,19,1
S01010807,No central heating,17,3,14,17,3,14,0,0,0,0,0,0
S01010807,Gas central heating,301,55,246,255,19,236,36,26,10,10,10,0
S01010807,Electric (including storage heaters) central heating,228,42,186,192,18,174,29,18,11,7,6,1
S01010807,Oil central heating,18,7,11,14,3,11,3,3,0,1,1,0
S01010807,Solid fuel (for example wood coal) central heating,0,0,0,0,0,0,0,0,0,0,0,0
S01010807,Other central heating,1,1,0,0,0,0,0,0,0,1,1,0
S01010807,Two or more types of central heating,5,1,4,4,0,4,0,0,0,1,1,0
S01010808,All people in households,553,90,463,480,33,447,60,44,16,13,13,0
S01010808,No central heating,24,6,18,20,3,17,4,3,1,0,0,0
S01010808,Gas central heating,324,40,284,292,15,277,30,23,7,2,2,0
S01010808,Electric (including storage heaters) central heating,168,33,135,139,12,127,22,14,8,7,7,0
S01010808,Oil central heating,21,7,14,16,2,14,3,3,0,2,2,0
S01010808,Solid fuel (for example wood coal) central heating,11,2,9,9,0,9,1,1,0,1,1,0
S01010808,Other central heating,0,0,0,0,0,0,0,0,0,0,0,0
S01010808,Two or more types of central heating,5,2,3,4,1,3,0,0,0,1,1,0
S01010809,All people in households,724,118,606,621,43,578,85,58,27,18,17,1
S01010809,No central heating,5,0,5,5,0,5,0,0,0,0,0,0
S01010809,Gas central heating,94,22,72,74,7,67,16,12,4,4,3,1
S01010809,Electric (including storage heaters) central heating,169,36,133,141,14,127,23,17,6,5,5,0
S01010809,Oil central heating,381,45,336,343,18,325,32,21,11,6,6,0
S01010809,Solid fuel (for example wood coal) central heating,49,7,42,39,2,37,8,3,5,2,2,0
S01010809,Other central heating,9,4,5,6,1,5,2,2,0,1,1,0
S01010809,Two or more types of central heating,17,4,13,13,1,12,4,3,1,0,0,0
S01010810,All people in households,480,129,351,373,37,336,81,66,15,26,26,0
S01010810,No central heating,18,6,12,11,1,10,4,2,2,3,3,0
S01010810,Gas central heating,34,10,24,26,4,22,5,3,2,3,3,0
S01010810,Electric (including storage heaters) central heating,49,16,33,33,1,32,11,10,1,5,5,0
S01010810,Oil central heating,234,47,187,201,17,184,26,23,3,7,7,0
S01010810,Solid fuel (for example wood coal) central heating,72,20,52,58,8,50,11,9,2,3,3,0
S01010810,Other central heating,18,6,12,11,1,10,5,3,2,2,2,0
S01010810,Two or more types of central heating,55,24,31,33,5,28,19,16,3,3,3,0
S01010811,All people in households,847,183,664,699,65,634,115,88,27,33,30,3
S01010811,No central heating,55,10,45,43,3,40,11,6,5,1,1,0
S01010811,Gas central heating,53,13,40,42,4,38,8,7,1,3,2,1
S01010811,Electric (including storage heaters) central heating,138,33,105,109,9,100,21,17,4,8,7,1
S01010811,Oil central heating,329,73,256,282,34,248,37,29,8,10,10,0
S01010811,Solid fuel (for example wood coal) central heating,138,29,109,108,5,103,22,17,5,8,7,1
S01010811,Other central heating,11,6,5,10,5,5,1,1,0,0,0,0
S01010811,Two or more types of central heating,123,19,104,105,5,100,15,11,4,3,3,0
S01010812,All people in households,515,101,414,424,29,395,66,48,18,25,24,1
S01010812,No central heating,35,8,27,30,4,26,3,2,1,2,2,0
S01010812,Gas central heating,40,8,32,32,2,30,4,2,2,4,4,0
S01010812,Electric (including storage heaters) central heating,123,32,91,93,4,89,21,19,2,9,9,0
S01010812,Oil central heating,191,31,160,166,12,154,21,15,6,4,4,0
S01010812,Solid fuel (for example wood coal) central heating,72,8,64,61,1,60,8,4,4,3,3,0
S01010812,Other central heating,9,1,8,8,1,7,1,0,1,0,0,0
S01010812,Two or more types of central heating,45,13,32,34,5,29,8,6,2,3,2,1
S01010813,All people in households,534,94,440,444,33,411,65,36,29,25,25,0
S01010813,No central heating,39,5,34,31,1,30,5,1,4,3,3,0
S01010813,Gas central heating,32,4,28,28,2,26,3,1,2,1,1,0
S01010813,Electric (including storage heaters) central heating,217,51,166,177,17,160,23,17,6,17,17,0
S01010813,Oil central heating,93,17,76,76,6,70,16,10,6,1,1,0
S01010813,Solid fuel (for example wood coal) central heating,93,7,86,79,1,78,12,4,8,2,2,0
S01010813,Other central heating,9,0,9,9,0,9,0,0,0,0,0,0
S01010813,Two or more types of central heating,51,10,41,44,6,38,6,3,3,1,1,0
S01010814,All people in households,620,109,511,529,36,493,67,49,18,24,24,0
S01010814,No central heating,46,6,40,42,2,40,3,3,0,1,1,0
S01010814,Gas central heating,48,9,39,44,5,39,2,2,0,2,2,0
S01010814,Electric (including storage heaters) central heating,116,24,92,94,6,88,16,12,4,6,6,0
S01010814,Oil central heating,239,42,197,204,15,189,26,18,8,9,9,0
S01010814,Solid fuel (for example wood coal) central heating,75,14,61,60,2,58,12,9,3,3,3,0
S01010814,Other central heating,16,3,13,13,0,13,3,3,0,0,0,0
S01010814,Two or more types of central heating,80,11,69,72,6,66,5,2,3,3,3,0
S01010815,All people in households,442,89,353,355,23,332,63,42,21,24,24,0
S01010815,No central heating,21,5,16,16,0,16,2,2,0,3,3,0
S01010815,Gas central heating,20,5,15,15,0,15,4,4,0,1,1,0
S01010815,Electric (including storage heaters) central heating,93,22,71,73,5,68,15,12,3,5,5,0
S01010815,Oil central heating,174,29,145,140,9,131,26,12,14,8,8,0
S01010815,Solid fuel (for example wood coal) central heating,74,14,60,63,6,57,9,6,3,2,2,0
S01010815,Other central heating,6,2,4,4,0,4,0,0,0,2,2,0
S01010815,Two or more types of central heating,54,12,42,44,3,41,7,6,1,3,3,0
S01010816,All people in households,634,127,507,545,55,490,69,52,17,20,20,0
S01010816,No central heating,1,1,0,0,0,0,1,1,0,0,0,0
S01010816,Gas central heating,526,81,445,469,35,434,45,34,11,12,12,0
S01010816,Electric (including storage heaters) central heating,79,40,39,52,18,34,19,14,5,8,8,0
S01010816,Oil central heating,3,1,2,2,0,2,1,1,0,0,0,0
S01010816,Solid fuel (for example wood coal) central heating,3,0,3,3,0,3,0,0,0,0,0,0
S01010816,Other central heating,1,1,0,1,1,0,0,0,0,0,0,0
S01010816,Two or more types of central heating,21,3,18,18,1,17,3,2,1,0,0,0
S01010817,All people in households,905,120,785,810,45,765,71,51,20,24,24,0
S01010817,No central heating,6,1,5,5,0,5,0,0,0,1,1,0
S01010817,Gas central heating,848,111,737,759,42,717,69,49,20,20,20,0
S01010817,Electric (including storage heaters) central heating,17,6,11,14,3,11,1,1,0,2,2,0
S01010817,Oil central heating,8,2,6,6,0,6,1,1,0,1,1,0
S01010817,Solid fuel (for example wood coal) central heating,0,0,0,0,0,0,0,0,0,0,0,0
S01010817,Other central heating,11,0,11,11,0,11,0,0,0,0,0,0
S01010817,Two or more types of central heating,15,0,15,15,0,15,0,0,0,0,0,0
S01010818,All people in households,1014,180,834,870,67,803,108,77,31,36,36,0
S01010818,No central heating,13,1,12,13,1,12,0,0,0,0,0,0
S01010818,Gas central heating,903,149,754,782,55,727,91,64,27,30,30,0
S01010818,Electric (including storage heaters) central heating,64,29,35,42,10,32,16,13,3,6,6,0
S01010818,Oil central heating,11,1,10,11,1,10,0,0,0,0,0,0
S01010818,Solid fuel (for example wood coal) central heating,0,0,0,0,0,0,0,0,0,0,0,0
S01010818,Other central heating,11,0,11,11,0,11,0,0,0,0,0,0
S01010818,Two or more types of central heating,12,0,12,11,0,11,1,0,1,0,0,0
S01010819,All people in households,805,196,609,636,58,578,113,82,31,56,56,0
S01010819,No central heating,14,7,7,8,1,7,1,1,0,5,5,0
S01010819,Gas central heating,678,159,519,542,50,492,95,68,27,41,41,0
S01010819,Electric (including storage heaters) central heating,61,22,39,39,4,35,15,11,4,7,7,0
S01010819,Oil central heating,27,4,23,24,1,23,1,1,0,2,2,0
S01010819,Solid fuel (for example wood coal) central heating,0,0,0,0,0,0,0,0,0,0,0,0
S01010819,Other central heating,11,1,10,10,0,10,0,0,0,1,1,0
S01010819,Two or more types of central heating,14,3,11,13,2,11,1,1,0,0,0,0
S01010820,All people in households,526,87,439,467,41,426,40,28,12,19,18,1
S01010820,No central heating,11,7,4,7,3,4,2,2,0,2,2,0
S01010820,Gas central heating,374,56,318,331,24,307,31,21,10,12,11,1
S01010820,Electric (including storage heaters) central heating,16,3,13,16,3,13,0,0,0,0,0,0
S01010820,Oil central heating,83,13,70,77,8,69,5,4,1,1,1,0
S01010820,Solid fuel (for example wood coal) central heating,3,0,3,3,0,3,0,0,0,0,0,0
S01010820,Other central heating,10,1,9,10,1,9,0,0,0,0,0,0
S01010820,Two or more types of central heating,29,7,22,23,2,21,2,1,1,4,4,0
S01010821,All people in households,597,103,494,521,44,477,57,41,16,19,18,1
S01010821,No central heating,0,0,0,0,0,0,0,0,0,0,0,0
S01010821,Gas central heating,489,83,406,433,38,395,42,32,10,14,13,1
S01010821,Electric (including storage heaters) central heating,17,6,11,11,0,11,3,3,0,3,3,0
S01010821,Oil central heating,77,9,68,67,4,63,8,3,5,2,2,0
S01010821,Solid fuel (for example wood coal) central heating,3,0,3,3,0,3,0,0,0,0,0,0
S01010821,Other central heating,5,0,5,5,0,5,0,0,0,0,0,0
S01010821,Two or more types of central heating,6,5,1,2,2,0,4,3,1,0,0,0
S01010822,All people in households,663,96,567,581,33,548,57,39,18,25,24,1
S01010822,No central heating,2,0,2,1,0,1,1,0,1,0,0,0
S01010822,Gas central heating,517,64,453,458,19,439,41,28,13,18,17,1
S01010822,Electric (including storage heaters) central heating,32,15,17,20,4,16,10,9,1,2,2,0
S01010822,Oil central heating,82,16,66,76,10,66,1,1,0,5,5,0
S01010822,Solid fuel (for example wood coal) central heating,5,1,4,3,0,3,2,1,1,0,0,0
S01010822,Other central heating,11,0,11,11,0,11,0,0,0,0,0,0
S01010822,Two or more types of central heating,14,0,14,12,0,12,2,0,2,0,0,0
S01010823,All people in households,435,43,392,400,16,384,23,15,8,12,12,0
S01010823,No central heating,1,0,1,1,0,1,0,0,0,0,0,0
S01010823,Gas central heating,392,35,357,360,11,349,21,13,8,11,11,0
S01010823,Electric (including storage heaters) central heating,16,4,12,13,1,12,2,2,0,1,1,0
S01010823,Oil central heating,14,3,11,14,3,11,0,0,0,0,0,0
S01010823,Solid fuel (for example wood coal) central heating,2,0,2,2,0,2,0,0,0,0,0,0
S01010823,Other central heating,4,1,3,4,1,3,0,0,0,0,0,0
S01010823,Two or more types of central heating,6,0,6,6,0,6,0,0,0,0,0,0
S01010824,All people in households,758,59,699,704,20,684,38,23,15,16,16,0
S01010824,No central heating,2,0,2,2,0,2,0,0,0,0,0,0
S01010824,Gas central heating,750,55,695,699,19,680,36,21,15,15,15,0
S01010824,Electric (including storage heaters) central heating,3,2,1,2,1,1,1,1,0,0,0,0
S01010824,Oil central heating,0,0,0,0,0,0,0,0,0,0,0,0
S01010824,Solid fuel (for example wood coal) central heating,0,0,0,0,0,0,0,0,0,0,0,0
S01010824,Other central heating,1,1,0,0,0,0,0,0,0,1,1,0
S01010824,Two or more types of central heating,2,1,1,1,0,1,1,1,0,0,0,0
S01010825,All people in households,355,45,310,323,20,303,25,18,7,7,7,0
S01010825,No central heating,2,0,2,2,0,2,0,0,0,0,0,0
S01010825,Gas central heating,322,40,282,295,19,276,21,15,6,6,6,0
S01010825,Electric (including storage heaters) central heating,1,1,0,1,1,0,0,0,0,0,0,0
S01010825,Oil central heating,17,1,16,15,0,15,2,1,1,0,0,0
S01010825,Solid fuel (for example wood coal) central heating,4,0,4,4,0,4,0,0,0,0,0,0
S01010825,Other central heating,7,3,4,4,0,4,2,2,0,1,1,0
S01010825,Two or more types of central heating,2,0,2,2,0,2,0,0,0,0,0,0
S01010826,All people in households,755,103,652,675,53,622,63,33,30,17,17,0
S01010826,No central heating,11,0,11,11,0,11,0,0,0,0,0,0
S01010826,Gas central heating,710,100,610,631,50,581,62,33,29,17,17,0
S01010826,Electric (including storage heaters) central heating,11,0,11,11,0,11,0,0,0,0,0,0
S01010826,Oil central heating,3,0,3,3,0,3,0,0,0,0,0,0
S01010826,Solid fuel (for example wood coal) central heating,0,0,0,0,0,0,0,0,0,0,0,0
S01010826,Other central heating,2,0,2,2,0,2,0,0,0,0,0,0
S01010826,Two or more types of central heating,18,3,15,17,3,14,1,0,1,0,0,0
S01010827,All people in households,598,85,513,525,31,494,49,31,18,24,23,1
S01010827,No central heating,2,0,2,2,0,2,0,0,0,0,0,0
S01010827,Gas central heating,568,78,490,502,29,473,46,29,17,20,20,0
S01010827,Electric (including storage heaters) central heating,15,4,11,12,1,11,2,2,0,1,1,0
S01010827,Oil central heating,2,2,0,0,0,0,0,0,0,2,2,0
S01010827,Solid fuel (for example wood coal) central heating,0,0,0,0,0,0,0,0,0,0,0,0
S01010827,Other central heating,0,0,0,0,0,0,0,0,0,0,0,0
S01010827,Two or more types of central heating,11,1,10,9,1,8,1,0,1,1,0,1
S01010828,All people in households,1239,132,1107,1117,46,1071,88,52,36,34,34,0
S01010828,No central heating,2,0,2,2,0,2,0,0,0,0,0,0
S01010828,Gas central heating,1203,128,1075,1085,45,1040,86,51,35,32,32,0
S01010828,Electric (including storage heaters) central heating,28,3,25,26,1,25,1,1,0,1,1,0
S01010828,Oil central heating,0,0,0,0,0,0,0,0,0,0,0,0
S01010828,Solid fuel (for example wood coal) central heating,0,0,0,0,0,0,0,0,0,0,0,0
S01010828,Other central heating,0,0,0,0,0,0,0,0,0,0,0,0
S01010828,Two or more types of central heating,6,1,5,4,0,4,1,0,1,1,1,0
S01010829,All people in households,900,178,722,743,56,687,115,81,34,42,41,1
S01010829,No central heating,12,3,9,10,1,9,2,2,0,0,0,0
S01010829,Gas central heating,841,153,688,707,53,654,100,67,33,34,33,1
S01010829,Electric (including storage heaters) central heating,38,21,17,18,2,16,12,11,1,8,8,0
S01010829,Oil central heating,1,0,1,1,0,1,0,0,0,0,0,0
S01010829,Solid fuel (for example wood coal) central heating,0,0,0,0,0,0,0,0,0,0,0,0
S01010829,Other central heating,1,0,1,1,0,1,0,0,0,0,0,0
S01010829,Two or more types of central heating,7,1,6,6,0,6,1,1,0,0,0,0
S01010830,All people in households,556,96,460,475,31,444,52,36,16,29,29,0
S01010830,No central heating,8,1,7,8,1,7,0,0,0,0,0,0
S01010830,Gas central heating,506,82,424,437,27,410,43,29,14,26,26,0
S01010830,Electric (including storage heaters) central heating,33,8,25,26,3,23,6,4,2,1,1,0
S01010830,Oil central heating,0,0,0,0,0,0,0,0,0,0,0,0
S01010830,Solid fuel (for example wood coal) central heating,0,0,0,0,0,0,0,0,0,0,0,0
S01010830,Other central heating,2,2,0,0,0,0,2,2,0,0,0,0
S01010830,Two or more types of central heating,7,3,4,4,0,4,1,1,0,2,2,0
S01010831,All people in households,598,43,555,567,23,544,21,11,10,10,9,1
S01010831,No central heating,0,0,0,0,0,0,0,0,0,0,0,0
S01010831,Gas central heating,584,38,546,554,19,535,21,11,10,9,8,1
S01010831,Electric (including storage heaters) central heating,8,3,5,7,2,5,0,0,0,1,1,0
S01010831,Oil central heating,0,0,0,0,0,0,0,0,0,0,0,0
S01010831,Solid fuel (for example wood coal) central heating,3,2,1,3,2,1,0,0,0,0,0,0
S01010831,Other central heating,0,0,0,0,0,0,0,0,0,0,0,0
S01010831,Two or more types of central heating,3,0,3,3,0,3,0,0,0,0,0,0
S01010832,All people in households,730,108,622,631,36,595,67,40,27,32,32,0
S01010832,No central heating,12,3,9,7,0,7,3,1,2,2,2,0
S01010832,Gas central heating,649,93,556,564,31,533,57,34,23,28,28,0
S01010832,Electric (including storage heaters) central heating,17,3,14,16,2,14,1,1,0,0,0,0
S01010832,Oil central heating,20,3,17,18,1,17,1,1,0,1,1,0
S01010832,Solid fuel (for example wood coal) central heating,6,1,5,5,1,4,1,0,1,0,0,0
S01010832,Other central heating,6,2,4,4,0,4,2,2,0,0,0,0
S01010832,Two or more types of central heating,20,3,17,17,1,16,2,1,1,1,1,0
S01010833,All people in households,902,112,790,808,39,769,67,46,21,27,27,0
S01010833,No central heating,11,3,8,7,1,6,4,2,2,0,0,0
S01010833,Gas central heating,859,95,764,779,33,746,59,41,18,21,21,0
S01010833,Electric (including storage heaters) central heating,7,3,4,7,3,4,0,0,0,0,0,0
S01010833,Oil central heating,5,0,5,4,0,4,1,0,1,0,0,0
S01010833,Solid fuel (for example wood coal) central heating,4,3,1,1,0,1,1,1,0,2,2,0
S01010833,Other central heating,7,3,4,5,1,4,0,0,0,2,2,0
S01010833,Two or more types of central heating,9,5,4,5,1,4,2,2,0,2,2,0
S01010834,All people in households,916,140,776,799,62,737,92,55,37,25,23,2
S01010834,No central heating,9,1,8,9,1,8,0,0,0,0,0,0
S01010834,Gas central heating,888,133,755,774,58,716,90,53,37,24,22,2
S01010834,Electric (including storage heaters) central heating,16,6,10,13,3,10,2,2,0,1,1,0
S01010834,Oil central heating,0,0,0,0,0,0,0,0,0,0,0,0
S01010834,Solid fuel (for example wood coal) central heating,0,0,0,0,0,0,0,0,0,0,0,0
S01010834,Other central heating,0,0,0,0,0,0,0,0,0,0,0,0
S01010834,Two or more types of central heating,3,0,3,3,0,3,0,0,0,0,0,0
S01010835,All people in households,645,108,537,554,43,511,74,48,26,17,17,0
S01010835,No central heating,3,0,3,3,0,3,0,0,0,0,0,0
S01010835,Gas central heating,638,105,533,549,42,507,72,46,26,17,17,0
S01010835,Electric (including storage heaters) central heating,4,3,1,2,1,1,2,2,0,0,0,0
S01010835,Oil central heating,0,0,0,0,0,0,0,0,0,0,0,0
S01010835,Solid fuel (for example wood coal) central heating,0,0,0,0,0,0,0,0,0,0,0,0
S01010835,Other central heating,0,0,0,0,0,0,0,0,0,0,0,0
S01010835,Two or more types of central heating,0,0,0,0,0,0,0,0,0,0,0,0
S01010836,All people in households,771,113,658,667,45,622,76,42,34,28,26,2
S01010836,No central heating,19,5,14,16,2,14,1,1,0,2,2,0
S01010836,Gas central heating,708,98,610,617,40,577,68,37,31,23,21,2
S01010836,Electric (including storage heaters) central heating,25,6,19,19,3,16,3,0,3,3,3,0
S01010836,Oil central heating,0,0,0,0,0,0,0,0,0,0,0,0
S01010836,Solid fuel (for example wood coal) central heating,2,0,2,2,0,2,0,0,0,0,0,0
S01010836,Other central heating,2,1,1,1,0,1,1,1,0,0,0,0
S01010836,Two or more types of central heating,15,3,12,12,0,12,3,3,0,0,0,0
S01010837,All people in households,660,151,509,528,46,482,86,60,26,46,45,1
S01010837,No central heating,6,3,3,4,1,3,2,2,0,0,0,0
S01010837,Gas central heating,623,142,481,499,43,456,82,58,24,42,41,1
S01010837,Electric (including storage heaters) central heating,10,3,7,7,1,6,1,0,1,2,2,0
S01010837,Oil central heating,0,0,0,0,0,0,0,0,0,0,0,0
S01010837,Solid fuel (for example wood coal) central heating,2,2,0,1,1,0,0,0,0,1,1,0
S01010837,Other central heating,0,0,0,0,0,0,0,0,0,0,0,0
S01010837,Two or more types of central heating,19,1,18,17,0,17,1,0,1,1,1,0
S01010838,All people in households,842,140,702,721,40,681,73,53,20,48,47,1
S01010838,No central heating,7,3,4,5,2,3,2,1,1,0,0,0
S01010838,Gas central heating,814,129,685,698,33,665,69,50,19,47,46,1
S01010838,Electric (including storage heaters) central heating,12,5,7,10,3,7,1,1,0,1,1,0
S01010838,Oil central heating,0,0,0,0,0,0,0,0,0,0,0,0
S01010838,Solid fuel (for example wood coal) central heating,0,0,0,0,0,0,0,0,0,0,0,0
S01010838,Other central heating,0,0,0,0,0,0,0,0,0,0,0,0
S01010838,Two or more types of central heating,9,3,6,8,2,6,1,1,0,0,0,0
S01010839,All people in households,729,129,600,611,40,571,87,60,27,31,29,2
S01010839,No central heating,16,3,13,13,1,12,1,0,1,2,2,0
S01010839,Gas central heating,686,121,565,574,37,537,85,59,26,27,25,2
S01010839,Electric (including storage heaters) central heating,15,4,11,12,1,11,1,1,0,2,2,0
S01010839,Oil central heating,2,1,1,2,1,1,0,0,0,0,0,0
S01010839,Solid fuel (for example wood coal) central heating,0,0,0,0,0,0,0,0,0,0,0,0
S01010839,Other central heating,7,0,7,7,0,7,0,0,0,0,0,0
S01010839,Two or more types of central heating,3,0,3,3,0,3,0,0,0,0,0,0
S01010840,All people in households,490,125,365,376,25,351,75,62,13,39,38,1
S01010840,No central heating,23,11,12,14,2,12,7,7,0,2,2,0
S01010840,Gas central heating,412,86,326,329,15,314,52,41,11,31,30,1
S01010840,Electric (including storage heaters) central heating,43,23,20,26,8,18,12,10,2,5,5,0
S01010840,Oil central heating,1,1,0,0,0,0,1,1,0,0,0,0
S01010840,Solid fuel (for example wood coal) central heating,0,0,0,0,0,0,0,0,0,0,0,0
S01010840,Other central heating,0,0,0,0,0,0,0,0,0,0,0,0
S01010840,Two or more types of central heating,11,4,7,7,0,7,3,3,0,1,1,0
S01010841,All people in households,748,133,615,640,50,590,82,57,25,26,26,0
S01010841,No central heating,13,1,12,13,1,12,0,0,0,0,0,0
S01010841,Gas central heating,679,117,562,586,45,541,70,49,21,23,23,0
S01010841,Electric (including storage heaters) central heating,43,14,29,29,3,26,11,8,3,3,3,0
S01010841,Oil central heating,0,0,0,0,0,0,0,0,0,0,0,0
S01010841,Solid fuel (for example wood coal) central heating,0,0,0,0,0,0,0,0,0,0,0,0
S01010841,Other central heating,2,0,2,2,0,2,0,0,0,0,0,0
S01010841,Two or more types of central heating,11,1,10,10,1,9,1,0,1,0,0,0
S01010842,All people in households,899,309,590,617,71,546,188,145,43,94,93,1
S01010842,No central heating,55,23,32,34,5,29,10,7,3,11,11,0
S01010842,Gas central heating,675,231,444,470,54,416,136,108,28,69,69,0
S01010842,Electric (including storage heaters) central heating,137,49,88,89,11,78,36,27,9,12,11,1
S01010842,Oil central heating,0,0,0,0,0,0,0,0,0,0,0,0
S01010842,Solid fuel (for example wood coal) central heating,0,0,0,0,0,0,0,0,0,0,0,0
S01010842,Other central heating,0,0,0,0,0,0,0,0,0,0,0,0
S01010842,Two or more types of central heating,32,6,26,24,1,23,6,3,3,2,2,0
S01010843,All people in households,643,188,455,478,45,433,104,82,22,61,61,0
S01010843,No central heating,27,3,24,22,1,21,5,2,3,0,0,0
S01010843,Gas central heating,494,122,372,386,28,358,68,54,14,40,40,0
S01010843,Electric (including storage heaters) central heating,110,60,50,62,16,46,29,25,4,19,19,0
S01010843,Oil central heating,1,1,0,0,0,0,1,1,0,0,0,0
S01010843,Solid fuel (for example wood coal) central heating,0,0,0,0,0,0,0,0,0,0,0,0
S01010843,Other central heating,4,1,3,3,0,3,0,0,0,1,1,0
S01010843,Two or more types of central heating,7,1,6,5,0,5,1,0,1,1,1,0
S01010844,All people in households,668,104,564,581,35,546,55,37,18,32,32,0
S01010844,No central heating,11,2,9,10,1,9,1,1,0,0,0,0
S01010844,Gas central heating,617,89,528,543,29,514,48,34,14,26,26,0
S01010844,Electric (including storage heaters) central heating,29,12,17,19,4,15,4,2,2,6,6,0
S01010844,Oil central heating,0,0,0,0,0,0,0,0,0,0,0,0
S01010844,Solid fuel (for example wood coal) central heating,0,0,0,0,0,0,0,0,0,0,0,0
S01010844,Other central heating,4,1,3,4,1,3,0,0,0,0,0,0
S01010844,Two or more types of central heating,7,0,7,5,0,5,2,0,2,0,0,0
S01010845,All people in households,619,111,508,516,33,483,70,45,25,33,33,0
S01010845,No central heating,10,2,8,7,0,7,2,1,1,1,1,0
S01010845,Gas central heating,576,95,481,490,31,459,56,34,22,30,30,0
S01010845,Electric (including storage heaters) central heating,28,13,15,15,2,13,11,9,2,2,2,0
S01010845,Oil central heating,0,0,0,0,0,0,0,0,0,0,0,0
S01010845,Solid fuel (for example wood coal) central heating,0,0,0,0,0,0,0,0,0,0,0,0
S01010845,Other central heating,0,0,0,0,0,0,0,0,0,0,0,0
S01010845,Two or more types of central heating,5,1,4,4,0,4,1,1,0,0,0,0
S01010846,All people in households,765,136,629,642,43,599,93,63,30,30,30,0
S01010846,No central heating,2,0,2,2,0,2,0,0,0,0,0,0
S01010846,Gas central heating,734,129,605,615,40,575,91,61,30,28,28,0
S01010846,Electric (including storage heaters) central heating,14,3,11,12,1,11,1,1,0,1,1,0
S01010846,Oil central heating,0,0,0,0,0,0,0,0,0,0,0,0
S01010846,Solid fuel (for example wood coal) central heating,0,0,0,0,0,0,0,0,0,0,0,0
S01010846,Other central heating,6,1,5,5,0,5,0,0,0,1,1,0
S01010846,Two or more types of central heating,9,3,6,8,2,6,1,1,0,0,0,0
S01010847,All people in households,649,83,566,584,35,549,48,31,17,17,17,0
S01010847,No central heating,11,2,9,10,1,9,1,1,0,0,0,0
S01010847,Gas central heating,600,78,522,539,33,506,44,28,16,17,17,0
S01010847,Electric (including storage heaters) central heating,36,3,33,33,1,32,3,2,1,0,0,0
S01010847,Oil central heating,0,0,0,0,0,0,0,0,0,0,0,0
S01010847,Solid fuel (for example wood coal) central heating,0,0,0,0,0,0,0,0,0,0,0,0
S01010847,Other central heating,2,0,2,2,0,2,0,0,0,0,0,0
S01010847,Two or more types of central heating,0,0,0,0,0,0,0,0,0,0,0,0
S01010848,All people in households,665,143,522,541,41,500,77,56,21,47,46,1
S01010848,No central heating,5,0,5,5,0,5,0,0,0,0,0,0
S01010848,Gas central heating,527,118,409,432,38,394,59,45,14,36,35,1
S01010848,Electric (including storage heaters) central heating,118,20,98,96,3,93,13,8,5,9,9,0
S01010848,Oil central heating,0,0,0,0,0,0,0,0,0,0,0,0
S01010848,Solid fuel (for example wood coal) central heating,0,0,0,0,0,0,0,0,0,0,0,0
S01010848,Other central heating,0,0,0,0,0,0,0,0,0,0,0,0
S01010848,Two or more types of central heating,15,5,10,8,0,8,5,3,2,2,2,0
S01010849,All people in households,951,263,688,723,70,653,148,115,33,80,78,2
S01010849,No central heating,6,2,4,4,0,4,1,1,0,1,1,0
S01010849,Gas central heating,884,242,642,677,66,611,137,107,30,70,69,1
S01010849,Electric (including storage heaters) central heating,26,8,18,18,1,17,4,3,1,4,4,0
S01010849,Oil central heating,0,0,0,0,0,0,0,0,0,0,0,0
S01010849,Solid fuel (for example wood coal) central heating,0,0,0,0,0,0,0,0,0,0,0,0
S01010849,Other central heating,0,0,0,0,0,0,0,0,0,0,0,0
S01010849,Two or more types of central heating,35,11,24,24,3,21,6,4,2,5,4,1
S01010850,All people in households,801,238,563,582,52,530,111,82,29,108,104,4
S01010850,No central heating,4,2,2,2,0,2,1,1,0,1,1,0
S01010850,Gas central heating,610,178,432,451,40,411,79,61,18,80,77,3
S01010850,Electric (including storage heaters) central heating,161,52,109,112,12,100,24,15,9,25,25,0
S01010850,Oil central heating,0,0,0,0,0,0,0,0,0,0,0,0
S01010850,Solid fuel (for example wood coal) central heating,0,0,0,0,0,0,0,0,0,0,0,0
S01010850,Other central heating,0,0,0,0,0,0,0,0,0,0,0,0
S01010850,Two or more types of central heating,26,6,20,17,0,17,7,5,2,2,1,1
S01010851,All people in households,814,176,638,662,58,604,102,69,33,50,49,1
S01010851,No central heating,0,0,0,0,0,0,0,0,0,0,0,0
S01010851,Gas central heating,783,171,612,637,57,580,97,66,31,49,48,1
S01010851,Electric (including storage heaters) central heating,12,3,9,9,1,8,2,1,1,1,1,0
S01010851,Oil central heating,0,0,0,0,0,0,0,0,0,0,0,0
S01010851,Solid fuel (for example wood coal) central heating,0,0,0,0,0,0,0,0,0,0,0,0
S01010851,Other central heating,0,0,0,0,0,0,0,0,0,0,0,0
S01010851,Two or more types of central heating,19,2,17,16,0,16,3,2,1,0,0,0
S01010852,All people in households,722,175,547,565,51,514,104,73,31,53,51,2
S01010852,No central heating,5,0,5,5,0,5,0,0,0,0,0,0
S01010852,Gas central heating,693,169,524,542,49,493,99,70,29,52,50,2
S01010852,Electric (including storage heaters) central heating,0,0,0,0,0,0,0,0,0,0,0,0
S01010852,Oil central heating,0,0,0,0,0,0,0,0,0,0,0,0
S01010852,Solid fuel (for example wood coal) central heating,0,0,0,0,0,0,0,0,0,0,0,0
S01010852,Other central heating,7,0,7,5,0,5,2,0,2,0,0,0
S01010852,Two or more types of central heating,17,6,11,13,2,11,3,3,0,1,1,0
S01010853,All people in households,882,211,671,685,59,626,132,89,43,65,63,2
S01010853,No central heating,0,0,0,0,0,0,0,0,0,0,0,0
S01010853,Gas central heating,840,203,637,652,59,593,126,84,42,62,60,2
S01010853,Electric (including storage heaters) central heating,12,3,9,9,0,9,3,3,0,0,0,0
S01010853,Oil central heating,0,0,0,0,0,0,0,0,0,0,0,0
S01010853,Solid fuel (for example wood coal) central heating,0,0,0,0,0,0,0,0,0,0,0,0
S01010853,Other central heating,3,0,3,2,0,2,1,0,1,0,0,0
S01010853,Two or more types of central heating,27,5,22,22,0,22,2,2,0,3,3,0
S01010854,All people in households,923,221,702,734,68,666,108,74,34,81,79,2
S01010854,No central heating,5,2,3,3,1,2,0,0,0,2,1,1
S01010854,Gas central heating,808,186,622,648,60,588,95,62,33,65,64,1
S01010854,Electric (including storage heaters) central heating,61,20,41,42,2,40,9,8,1,10,10,0
S01010854,Oil central heating,0,0,0,0,0,0,0,0,0,0,0,0
S01010854,Solid fuel (for example wood coal) central heating,0,0,0,0,0,0,0,0,0,0,0,0
S01010854,Other central heating,10,4,6,9,3,6,1,1,0,0,0,0
S01010854,Two or more types of central heating,39,9,30,32,2,30,3,3,0,4,4,0
S01010855,All people in households,560,125,435,449,39,410,67,44,23,44,42,2
S01010855,No central heating,2,2,0,2,2,0,0,0,0,0,0,0
S01010855,Gas central heating,526,117,409,424,36,388,60,40,20,42,41,1
S01010855,Electric (including storage heaters) central heating,12,1,11,10,0,10,1,1,0,1,0,1
S01010855,Oil central heating,0,0,0,0,0,0,0,0,0,0,0,0
S01010855,Solid fuel (for example wood coal) central heating,0,0,0,0,0,0,0,0,0,0,0,0
S01010855,Other central heating,1,1,0,0,0,0,1,1,0,0,0,0
S01010855,Two or more types of central heating,19,4,15,13,1,12,5,2,3,1,1,0
S01010856,All people in households,869,268,601,634,79,555,155,111,44,80,78,2
S01010856,No central heating,2,1,1,1,0,1,0,0,0,1,1,0
S01010856,Gas central heating,658,162,496,521,52,469,91,65,26,46,45,1
S01010856,Electric (including storage heaters) central heating,190,95,95,101,22,79,59,44,15,30,29,1
S01010856,Oil central heating,0,0,0,0,0,0,0,0,0,0,0,0
S01010856,Solid fuel (for example wood coal) central heating,0,0,0,0,0,0,0,0,0,0,0,0
S01010856,Other central heating,0,0,0,0,0,0,0,0,0,0,0,0
S01010856,Two or more types of central heating,19,10,9,11,5,6,5,2,3,3,3,0
S01010857,All people in households,842,120,722,734,36,698,69,46,23,39,38,1
S01010857,No central heating,6,1,5,5,0,5,1,1,0,0,0,0
S01010857,Gas central heating,741,94,647,663,32,631,50,34,16,28,28,0
S01010857,Electric (including storage heaters) central heating,80,23,57,53,3,50,17,11,6,10,9,1
S01010857,Oil central heating,0,0,0,0,0,0,0,0,0,0,0,0
S01010857,Solid fuel (for example wood coal) central heating,0,0,0,0,0,0,0,0,0,0,0,0
S01010857,Other central heating,5,1,4,3,0,3,1,0,1,1,1,0
S01010857,Two or more types of central heating,10,1,9,10,1,9,0,0,0,0,0,0
S01010858,All people in households,725,187,538,552,61,491,112,66,46,61,60,1
S01010858,No central heating,13,8,5,5,1,4,3,2,1,5,5,0
S01010858,Gas central heating,558,131,427,438,46,392,79,45,34,41,40,1
S01010858,Electric (including storage heaters) central heating,137,43,94,96,13,83,28,17,11,13,13,0
S01010858,Oil central heating,0,0,0,0,0,0,0,0,0,0,0,0
S01010858,Solid fuel (for example wood coal) central heating,0,0,0,0,0,0,0,0,0,0,0,0
S01010858,Other central heating,1,1,0,1,1,0,0,0,0,0,0,0
S01010858,Two or more types of central heating,16,4,12,12,0,12,2,2,0,2,2,0
S01010859,All people in households,734,211,523,542,42,500,112,92,20,80,77,3
S01010859,No central heating,0,0,0,0,0,0,0,0,0,0,0,0
S01010859,Gas central heating,654,175,479,497,39,458,90,71,19,67,65,2
S01010859,Electric (including storage heaters) central heating,59,27,32,33,3,30,16,15,1,10,9,1
S01010859,Oil central heating,1,1,0,0,0,0,1,1,0,0,0,0
S01010859,Solid fuel (for example wood coal) central heating,0,0,0,0,0,0,0,0,0,0,0,0
S01010859,Other central heating,7,6,1,1,0,1,3,3,0,3,3,0
S01010859,Two or more types of central heating,13,2,11,11,0,11,2,2,0,0,0,0
S01010860,All people in households,626,149,477,492,39,453,76,54,22,58,56,2
S01010860,No central heating,3,0,3,2,0,2,1,0,1,0,0,0
S01010860,Gas central heating,579,134,445,460,36,424,68,49,19,51,49,2
S01010860,Electric (including storage heaters) central heating,34,13,21,21,2,19,6,4,2,7,7,0
S01010860,Oil central heating,0,0,0,0,0,0,0,0,0,0,0,0
S01010860,Solid fuel (for example wood coal) central heating,0,0,0,0,0,0,0,0,0,0,0,0
S01010860,Other central heating,0,0,0,0,0,0,0,0,0,0,0,0
S01010860,Two or more types of central heating,10,2,8,9,1,8,1,1,0,0,0,0
S01010861,All people in households,649,182,467,474,46,428,103,64,39,72,72,0
S01010861,No central heating,4,0,4,4,0,4,0,0,0,0,0,0
S01010861,Gas central heating,612,167,445,452,43,409,98,62,36,62,62,0
S01010861,Electric (including storage heaters) central heating,14,6,8,9,1,8,2,2,0,3,3,0
S01010861,Oil central heating,0,0,0,0,0,0,0,0,0,0,0,0
S01010861,Solid fuel (for example wood coal) central heating,0,0,0,0,0,0,0,0,0,0,0,0
S01010861,Other central heating,0,0,0,0,0,0,0,0,0,0,0,0
S01010861,Two or more types of central heating,19,9,10,9,2,7,3,0,3,7,7,0
S01010862,All people in households,540,142,398,400,31,369,86,58,28,54,53,1
S01010862,No central heating,5,0,5,5,0,5,0,0,0,0,0,0
S01010862,Gas central heating,459,124,335,343,29,314,77,56,21,39,39,0
S01010862,Electric (including storage heaters) central heating,24,5,19,19,1,18,2,1,1,3,3,0
S01010862,Oil central heating,6,2,4,4,1,3,1,0,1,1,1,0
S01010862,Solid fuel (for example wood coal) central heating,0,0,0,0,0,0,0,0,0,0,0,0
S01010862,Other central heating,7,2,5,5,0,5,1,1,0,1,1,0
S01010862,Two or more types of central heating,39,9,30,24,0,24,5,0,5,10,9,1
S01010863,All people in households,747,121,626,642,47,595,76,46,30,29,28,1
S01010863,No central heating,10,4,6,10,4,6,0,0,0,0,0,0
S01010863,Gas central heating,700,107,593,605,41,564,68,40,28,27,26,1
S01010863,Electric (including storage heaters) central heating,13,4,9,9,1,8,3,2,1,1,1,0
S01010863,Oil central heating,10,2,8,9,1,8,1,1,0,0,0,0
S01010863,Solid fuel (for example wood coal) central heating,0,0,0,0,0,0,0,0,0,0,0,0
S01010863,Other central heating,2,2,0,0,0,0,1,1,0,1,1,0
S01010863,Two or more types of central heating,12,2,10,9,0,9,3,2,1,0,0,0
S01010864,All people in households,560,76,484,502,33,469,46,31,15,12,12,0
S01010864,No central heating,4,1,3,3,0,3,0,0,0,1,1,0
S01010864,Gas central heating,527,71,456,476,33,443,41,28,13,10,10,0
S01010864,Electric (including storage heaters) central heating,16,2,14,12,0,12,4,2,2,0,0,0
S01010864,Oil central heating,2,0,2,2,0,2,0,0,0,0,0,0
S01010864,Solid fuel (for example wood coal) central heating,0,0,0,0,0,0,0,0,0,0,0,0
S01010864,Other central heating,0,0,0,0,0,0,0,0,0,0,0,0
S01010864,Two or more types of central heating,11,2,9,9,0,9,1,1,0,1,1,0
S01010865,All people in households,699,123,576,606,45,561,75,60,15,18,18,0
S01010865,No central heating,6,5,1,3,2,1,3,3,0,0,0,0
S01010865,Gas central heating,576,82,494,518,36,482,43,31,12,15,15,0
S01010865,Electric (including storage heaters) central heating,106,34,72,75,6,69,28,25,3,3,3,0
S01010865,Oil central heating,1,0,1,1,0,1,0,0,0,0,0,0
S01010865,Solid fuel (for example wood coal) central heating,0,0,0,0,0,0,0,0,0,0,0,0
S01010865,Other central heating,0,0,0,0,0,0,0,0,0,0,0,0
S01010865,Two or more types of central heating,10,2,8,9,1,8,1,1,0,0,0,0
S01010866,All people in households,657,164,493,521,50,471,89,67,22,47,47,0
S01010866,No central heating,1,0,1,0,0,0,1,0,1,0,0,0
S01010866,Gas central heating,624,145,479,508,47,461,78,60,18,38,38,0
S01010866,Electric (including storage heaters) central heating,20,10,10,9,1,8,6,4,2,5,5,0
S01010866,Oil central heating,3,3,0,1,1,0,1,1,0,1,1,0
S01010866,Solid fuel (for example wood coal) central heating,0,0,0,0,0,0,0,0,0,0,0,0
S01010866,Other central heating,5,5,0,1,1,0,1,1,0,3,3,0
S01010866,Two or more types of central heating,4,1,3,2,0,2,2,1,1,0,0,0
S01010867,All people in households,632,135,497,519,47,472,69,44,25,44,44,0
S01010867,No central heating,6,1,5,4,1,3,2,0,2,0,0,0
S01010867,Gas central heating,563,97,466,484,38,446,52,32,20,27,27,0
S01010867,Electric (including storage heaters) central heating,50,34,16,21,8,13,14,11,3,15,15,0
S01010867,Oil central heating,4,2,2,2,0,2,1,1,0,1,1,0
S01010867,Solid fuel (for example wood coal) central heating,0,0,0,0,0,0,0,0,0,0,0,0
S01010867,Other central heating,0,0,0,0,0,0,0,0,0,0,0,0
S01010867,Two or more types of central heating,9,1,8,8,0,8,0,0,0,1,1,0
S01010868,All people in households,702,132,570,598,48,550,74,54,20,30,30,0
S01010868,No central heating,4,1,3,2,0,2,2,1,1,0,0,0
S01010868,Gas central heating,614,84,530,544,32,512,52,34,18,18,18,0
S01010868,Electric (including storage heaters) central heating,73,42,31,45,15,30,18,17,1,10,10,0
S01010868,Oil central heating,0,0,0,0,0,0,0,0,0,0,0,0
S01010868,Solid fuel (for example wood coal) central heating,0,0,0,0,0,0,0,0,0,0,0,0
S01010868,Other central heating,0,0,0,0,0,0,0,0,0,0,0,0
S01010868,Two or more types of central heating,11,5,6,7,1,6,2,2,0,2,2,0
S01010869,All people in households,756,100,656,683,51,632,60,36,24,13,13,0
S01010869,No central heating,4,1,3,2,1,1,2,0,2,0,0,0
S01010869,Gas central heating,723,89,634,658,46,612,54,32,22,11,11,0
S01010869,Electric (including storage heaters) central heating,15,9,6,10,4,6,3,3,0,2,2,0
S01010869,Oil central heating,0,0,0,0,0,0,0,0,0,0,0,0
S01010869,Solid fuel (for example wood coal) central heating,0,0,0,0,0,0,0,0,0,0,0,0
S01010869,Other central heating,0,0,0,0,0,0,0,0,0,0,0,0
S01010869,Two or more types of central heating,14,1,13,13,0,13,1,1,0,0,0,0
S01010870,All people in households,771,164,607,631,58,573,101,67,34,39,39,0
S01010870,No central heating,9,1,8,8,0,8,1,1,0,0,0,0
S01010870,Gas central heating,712,139,573,592,50,542,86,55,31,34,34,0
S01010870,Electric (including storage heaters) central heating,44,24,20,26,8,18,13,11,2,5,5,0
S01010870,Oil central heating,0,0,0,0,0,0,0,0,0,0,0,0
S01010870,Solid fuel (for example wood coal) central heating,0,0,0,0,0,0,0,0,0,0,0,0
S01010870,Other central heating,0,0,0,0,0,0,0,0,0,0,0,0
S01010870,Two or more types of central heating,6,0,6,5,0,5,1,0,1,0,0,0
S01010871,All people in households,853,164,689,726,66,660,101,72,29,26,26,0
S01010871,No central heating,21,4,17,17,2,15,4,2,2,0,0,0
S01010871,Gas central heating,755,126,629,663,57,606,75,52,23,17,17,0
S01010871,Electric (including storage heaters) central heating,67,30,37,37,4,33,21,17,4,9,9,0
S01010871,Oil central heating,0,0,0,0,0,0,0,0,0,0,0,0
S01010871,Solid fuel (for example wood coal) central heating,0,0,0,0,0,0,0,0,0,0,0,0
S01010871,Other central heating,1,1,0,1,1,0,0,0,0,0,0,0
S01010871,Two or more types of central heating,9,3,6,8,2,6,1,1,0,0,0,0
S01010872,All people in households,715,169,546,550,40,510,124,89,35,41,40,1
S01010872,No central heating,26,6,20,17,1,16,6,2,4,3,3,0
S01010872,Gas central heating,591,136,455,461,32,429,97,72,25,33,32,1
S01010872,Electric (including storage heaters) central heating,70,24,46,46,6,40,19,13,6,5,5,0
S01010872,Oil central heating,0,0,0,0,0,0,0,0,0,0,0,0
S01010872,Solid fuel (for example wood coal) central heating,0,0,0,0,0,0,0,0,0,0,0,0
S01010872,Other central heating,0,0,0,0,0,0,0,0,0,0,0,0
S01010872,Two or more types of central heating,28,3,25,26,1,25,2,2,0,0,0,0
S01010873,All people in households,547,246,301,330,57,273,117,89,28,100,100,0
S01010873,No central heating,13,5,8,7,0,7,5,4,1,1,1,0
S01010873,Gas central heating,396,174,222,240,39,201,82,61,21,74,74,0
S01010873,Electric (including storage heaters) central heating,110,51,59,70,15,55,23,19,4,17,17,0
S01010873,Oil central heating,3,2,1,1,1,0,2,1,1,0,0,0
S01010873,Solid fuel (for example wood coal) central heating,0,0,0,0,0,0,0,0,0,0,0,0
S01010873,Other central heating,5,5,0,0,0,0,2,2,0,3,3,0
S01010873,Two or more types of central heating,20,9,11,12,2,10,3,2,1,5,5,0
S01010874,All people in households,771,95,676,680,25,655,57,37,20,34,33,1
S01010874,No central heating,4,1,3,2,0,2,1,0,1,1,1,0
S01010874,Gas central heating,725,84,641,646,24,622,49,31,18,30,29,1
S01010874,Electric (including storage heaters) central heating,29,9,20,20,1,19,6,5,1,3,3,0
S01010874,Oil central heating,0,0,0,0,0,0,0,0,0,0,0,0
S01010874,Solid fuel (for example wood coal) central heating,0,0,0,0,0,0,0,0,0,0,0,0
S01010874,Other central heating,3,0,3,3,0,3,0,0,0,0,0,0
S01010874,Two or more types of central heating,10,1,9,9,0,9,1,1,0,0,0,0
S01010875,All people in households,517,82,435,452,30,422,54,41,13,11,11,0
S01010875,No central heating,2,0,2,2,0,2,0,0,0,0,0,0
S01010875,Gas central heating,456,68,388,404,28,376,43,31,12,9,9,0
S01010875,Electric (including storage heaters) central heating,42,12,30,31,2,29,9,8,1,2,2,0
S01010875,Oil central heating,0,0,0,0,0,0,0,0,0,0,0,0
S01010875,Solid fuel (for example wood coal) central heating,0,0,0,0,0,0,0,0,0,0,0,0
S01010875,Other central heating,0,0,0,0,0,0,0,0,0,0,0,0
S01010875,Two or more types of central heating,17,2,15,15,0,15,2,2,0,0,0,0
S01010876,All people in households,740,183,557,571,39,532,100,78,22,69,66,3
S01010876,No central heating,14,1,13,13,1,12,1,0,1,0,0,0
S01010876,Gas central heating,663,161,502,512,32,480,90,70,20,61,59,2
S01010876,Electric (including storage heaters) central heating,19,8,11,12,3,9,4,3,1,3,2,1
S01010876,Oil central heating,0,0,0,0,0,0,0,0,0,0,0,0
S01010876,Solid fuel (for example wood coal) central heating,0,0,0,0,0,0,0,0,0,0,0,0
S01010876,Other central heating,2,0,2,2,0,2,0,0,0,0,0,0
S01010876,Two or more types of central heating,42,13,29,32,3,29,5,5,0,5,5,0
S01010877,All people in households,958,215,743,773,64,709,120,89,31,65,62,3
S01010877,No central heating,20,4,16,15,0,15,3,3,0,2,1,1
S01010877,Gas central heating,884,190,694,723,57,666,108,81,27,53,52,1
S01010877,Electric (including storage heaters) central heating,28,14,14,19,5,14,5,5,0,4,4,0
S01010877,Oil central heating,0,0,0,0,0,0,0,0,0,0,0,0
S01010877,Solid fuel (for example wood coal) central heating,0,0,0,0,0,0,0,0,0,0,0,0
S01010877,Other central heating,0,0,0,0,0,0,0,0,0,0,0,0
S01010877,Two or more types of central heating,26,7,19,16,2,14,4,0,4,6,5,1
S01010878,All people in households,977,279,698,738,86,652,168,124,44,71,69,2
S01010878,No central heating,17,3,14,14,1,13,2,1,1,1,1,0
S01010878,Gas central heating,764,191,573,607,62,545,111,84,27,46,45,1
S01010878,Electric (including storage heaters) central heating,173,77,96,101,20,81,54,39,15,18,18,0
S01010878,Oil central heating,0,0,0,0,0,0,0,0,0,0,0,0
S01010878,Solid fuel (for example wood coal) central heating,0,0,0,0,0,0,0,0,0,0,0,0
S01010878,Other central heating,4,2,2,1,0,1,1,0,1,2,2,0
S01010878,Two or more types of central heating,19,6,13,15,3,12,0,0,0,4,3,1
S01010879,All people in households,829,159,670,693,54,639,83,55,28,53,50,3
S01010879,No central heating,6,0,6,6,0,6,0,0,0,0,0,0
S01010879,Gas central heating,720,122,598,616,44,572,66,41,25,38,37,1
S01010879,Electric (including storage heaters) central heating,83,33,50,54,9,45,15,12,3,14,12,2
S01010879,Oil central heating,6,0,6,6,0,6,0,0,0,0,0,0
S01010879,Solid fuel (for example wood coal) central heating,0,0,0,0,0,0,0,0,0,0,0,0
S01010879,Other central heating,0,0,0,0,0,0,0,0,0,0,0,0
S01010879,Two or more types of central heating,14,4,10,11,1,10,2,2,0,1,1,0
S01010880,All people in households,549,148,401,432,53,379,81,62,19,36,33,3
S01010880,No central heating,6,5,1,3,3,0,3,2,1,0,0,0
S01010880,Gas central heating,493,121,372,398,44,354,66,49,17,29,28,1
S01010880,Electric (including storage heaters) central heating,34,15,19,19,3,16,10,9,1,5,3,2
S01010880,Oil central heating,0,0,0,0,0,0,0,0,0,0,0,0
S01010880,Solid fuel (for example wood coal) central heating,0,0,0,0,0,0,0,0,0,0,0,0
S01010880,Other central heating,3,0,3,3,0,3,0,0,0,0,0,0
S01010880,Two or more types of central heating,13,7,6,9,3,6,2,2,0,2,2,0
S01010881,All people in households,621,168,453,481,54,427,110,84,26,30,30,0
S01010881,No central heating,3,0,3,2,0,2,1,0,1,0,0,0
S01010881,Gas central heating,515,126,389,416,43,373,76,60,16,23,23,0
S01010881,Electric (including storage heaters) central heating,94,38,56,59,11,48,31,23,8,4,4,0
S01010881,Oil central heating,0,0,0,0,0,0,0,0,0,0,0,0
S01010881,Solid fuel (for example wood coal) central heating,4,1,3,2,0,2,1,0,1,1,1,0
S01010881,Other central heating,0,0,0,0,0,0,0,0,0,0,0,0
S01010881,Two or more types of central heating,5,3,2,2,0,2,1,1,0,2,2,0
S01010882,All people in households,557,87,470,482,27,455,46,32,14,29,28,1
S01010882,No central heating,2,1,1,1,0,1,0,0,0,1,1,0
S01010882,Gas central heating,497,70,427,443,24,419,31,24,7,23,22,1
S01010882,Electric (including storage heaters) central heating,53,15,38,34,3,31,15,8,7,4,4,0
S01010882,Oil central heating,0,0,0,0,0,0,0,0,0,0,0,0
S01010882,Solid fuel (for example wood coal) central heating,0,0,0,0,0,0,0,0,0,0,0,0
S01010882,Other central heating,0,0,0,0,0,0,0,0,0,0,0,0
S01010882,Two or more types of central heating,5,1,4,4,0,4,0,0,0,1,1,0
S01010883,All people in households,839,143,696,716,51,665,87,58,29,36,34,2
S01010883,No central heating,4,1,3,3,0,3,1,1,0,0,0,0
S01010883,Gas central heating,715,93,622,639,41,598,58,35,23,18,17,1
S01010883,Electric (including storage heaters) central heating,97,43,54,57,8,49,26,21,5,14,14,0
S01010883,Oil central heating,0,0,0,0,0,0,0,0,0,0,0,0
S01010883,Solid fuel (for example wood coal) central heating,0,0,0,0,0,0,0,0,0,0,0,0
S01010883,Other central heating,6,2,4,5,1,4,0,0,0,1,1,0
S01010883,Two or more types of central heating,17,4,13,12,1,11,2,1,1,3,2,1
S01010884,All people in households,723,207,516,506,46,460,136,83,53,81,78,3
S01010884,No central heating,23,5,18,17,1,16,3,1,2,3,3,0
S01010884,Gas central heating,467,120,347,338,24,314,88,55,33,41,41,0
S01010884,Electric (including storage heaters) central heating,140,48,92,96,15,81,24,15,9,20,18,2
S01010884,Oil central heating,9,4,5,5,1,4,2,2,0,2,1,1
S01010884,Solid fuel (for example wood coal) central heating,0,0,0,0,0,0,0,0,0,0,0,0
S01010884,Other central heating,51,18,33,28,4,24,14,5,9,9,9,0
S01010884,Two or more types of central heating,33,12,21,22,1,21,5,5,0,6,6,0
S01010885,All people in households,946,282,664,682,67,615,168,121,47,96,94,2
S01010885,No central heating,30,12,18,21,4,17,6,5,1,3,3,0
S01010885,Gas central heating,738,188,550,560,49,511,116,79,37,62,60,2
S01010885,Electric (including storage heaters) central heating,140,68,72,77,12,65,40,33,7,23,23,0
S01010885,Oil central heating,0,0,0,0,0,0,0,0,0,0,0,0
S01010885,Solid fuel (for example wood coal) central heating,0,0,0,0,0,0,0,0,0,0,0,0
S01010885,Other central heating,2,2,0,0,0,0,0,0,0,2,2,0
S01010885,Two or more types of central heating,36,12,24,24,2,22,6,4,2,6,6,0
S01010886,All people in households,448,109,339,355,38,317,57,35,22,36,36,0
S01010886,No central heating,20,6,14,16,3,13,3,2,1,1,1,0
S01010886,Gas central heating,355,72,283,296,27,269,35,21,14,24,24,0
S01010886,Electric (including storage heaters) central heating,52,26,26,29,8,21,15,10,5,8,8,0
S01010886,Oil central heating,2,0,2,2,0,2,0,0,0,0,0,0
S01010886,Solid fuel (for example wood coal) central heating,0,0,0,0,0,0,0,0,0,0,0,0
S01010886,Other central heating,9,4,5,4,0,4,2,1,1,3,3,0
S01010886,Two or more types of central heating,10,1,9,8,0,8,2,1,1,0,0,0
S01010887,All people in households,821,294,527,537,50,487,170,131,39,114,113,1
S01010887,No central heating,29,11,18,18,0,18,7,7,0,4,4,0
S01010887,Gas central heating,477,151,326,335,27,308,92,74,18,50,50,0
S01010887,Electric (including storage heaters) central heating,214,92,122,122,16,106,52,37,15,40,39,1
S01010887,Oil central heating,11,5,6,4,0,4,6,4,2,1,1,0
S01010887,Solid fuel (for example wood coal) central heating,0,0,0,0,0,0,0,0,0,0,0,0
S01010887,Other central heating,48,23,25,27,4,23,6,4,2,15,15,0
S01010887,Two or more types of central heating,42,12,30,31,3,28,7,5,2,4,4,0
S01010888,All people in households,768,205,563,582,55,527,125,90,35,61,60,1
S01010888,No central heating,26,4,22,22,2,20,3,1,2,1,1,0
S01010888,Gas central heating,651,176,475,492,49,443,109,78,31,50,49,1
S01010888,Electric (including storage heaters) central heating,70,21,49,51,3,48,10,9,1,9,9,0
S01010888,Oil central heating,0,0,0,0,0,0,0,0,0,0,0,0
S01010888,Solid fuel (for example wood coal) central heating,0,0,0,0,0,0,0,0,0,0,0,0
S01010888,Other central heating,0,0,0,0,0,0,0,0,0,0,0,0
S01010888,Two or more types of central heating,21,4,17,17,1,16,3,2,1,1,1,0
S01010889,All people in households,524,197,327,340,39,301,118,93,25,66,65,1
S01010889,No central heating,30,11,19,17,2,15,9,5,4,4,4,0
S01010889,Gas central heating,426,158,268,280,34,246,96,75,21,50,49,1
S01010889,Electric (including storage heaters) central heating,45,12,33,36,3,33,6,6,0,3,3,0
S01010889,Oil central heating,0,0,0,0,0,0,0,0,0,0,0,0
S01010889,Solid fuel (for example wood coal) central heating,0,0,0,0,0,0,0,0,0,0,0,0
S01010889,Other central heating,2,1,1,1,0,1,0,0,0,1,1,0
S01010889,Two or more types of central heating,21,15,6,6,0,6,7,7,0,8,8,0
S01010890,All people in households,769,348,421,423,70,353,228,165,63,118,113,5
S01010890,No central heating,9,2,7,6,1,5,1,0,1,2,1,1
S01010890,Gas central heating,495,219,276,275,46,229,153,109,44,67,64,3
S01010890,Electric (including storage heaters) central heating,243,117,126,132,22,110,68,52,16,43,43,0
S01010890,Oil central heating,0,0,0,0,0,0,0,0,0,0,0,0
S01010890,Solid fuel (for example wood coal) central heating,0,0,0,0,0,0,0,0,0,0,0,0
S01010890,Other central heating,2,1,1,1,0,1,1,1,0,0,0,0
S01010890,Two or more types of central heating,20,9,11,9,1,8,5,3,2,6,5,1
S01010891,All people in households,397,183,214,216,28,188,102,79,23,79,76,3
S01010891,No central heating,16,6,10,8,1,7,7,4,3,1,1,0
S01010891,Gas central heating,316,152,164,168,22,146,80,64,16,68,66,2
S01010891,Electric (including storage heaters) central heating,57,22,35,35,3,32,14,11,3,8,8,0
S01010891,Oil central heating,0,0,0,0,0,0,0,0,0,0,0,0
S01010891,Solid fuel (for example wood coal) central heating,0,0,0,0,0,0,0,0,0,0,0,0
S01010891,Other central heating,0,0,0,0,0,0,0,0,0,0,0,0
S01010891,Two or more types of central heating,8,3,5,5,2,3,1,0,1,2,1,1
S01010892,All people in households,819,309,510,546,77,469,178,137,41,95,95,0
S01010892,No central heating,13,3,10,9,0,9,1,0,1,3,3,0
S01010892,Gas central heating,549,165,384,404,44,360,101,77,24,44,44,0
S01010892,Electric (including storage heaters) central heating,220,125,95,110,30,80,66,51,15,44,44,0
S01010892,Oil central heating,0,0,0,0,0,0,0,0,0,0,0,0
S01010892,Solid fuel (for example wood coal) central heating,0,0,0,0,0,0,0,0,0,0,0,0
S01010892,Other central heating,8,6,2,2,1,1,5,4,1,1,1,0
S01010892,Two or more types of central heating,29,10,19,21,2,19,5,5,0,3,3,0
S01010893,All people in households,511,216,295,318,57,261,127,94,33,66,65,1
S01010893,No central heating,4,1,3,0,0,0,4,1,3,0,0,0
S01010893,Gas central heating,250,100,150,157,25,132,58,40,18,35,35,0
S01010893,Electric (including storage heaters) central heating,231,102,129,148,30,118,58,48,10,25,24,1
S01010893,Oil central heating,0,0,0,0,0,0,0,0,0,0,0,0
S01010893,Solid fuel (for example wood coal) central heating,0,0,0,0,0,0,0,0,0,0,0,0
S01010893,Other central heating,5,2,3,2,0,2,1,0,1,2,2,0
S01010893,Two or more types of central heating,21,11,10,11,2,9,6,5,1,4,4,0
S01010894,All people in households,596,130,466,479,35,444,71,51,20,46,44,2
S01010894,No central heating,10,0,10,10,0,10,0,0,0,0,0,0
S01010894,Gas central heating,460,79,381,389,24,365,48,33,15,23,22,1
S01010894,Electric (including storage heaters) central heating,89,43,46,50,9,41,21,16,5,18,18,0
S01010894,Oil central heating,3,0,3,3,0,3,0,0,0,0,0,0
S01010894,Solid fuel (for example wood coal) central heating,0,0,0,0,0,0,0,0,0,0,0,0
S01010894,Other central heating,0,0,0,0,0,0,0,0,0,0,0,0
S01010894,Two or more types of central heating,34,8,26,27,2,25,2,2,0,5,4,1
S01010895,All people in households,411,143,268,282,30,252,76,60,16,53,53,0
S01010895,No central heating,7,4,3,3,1,2,2,1,1,2,2,0
S01010895,Gas central heating,237,62,175,185,17,168,36,29,7,16,16,0
S01010895,Electric (including storage heaters) central heating,159,73,86,90,12,78,36,28,8,33,33,0
S01010895,Oil central heating,0,0,0,0,0,0,0,0,0,0,0,0
S01010895,Solid fuel (for example wood coal) central heating,0,0,0,0,0,0,0,0,0,0,0,0
S01010895,Other central heating,4,2,2,2,0,2,0,0,0,2,2,0
S01010895,Two or more types of central heating,4,2,2,2,0,2,2,2,0,0,0,0
S01010896,All people in households,667,198,469,492,57,435,107,75,32,68,66,2
S01010896,No central heating,3,1,2,1,0,1,1,0,1,1,1,0
S01010896,Gas central heating,523,140,383,396,39,357,75,51,24,52,50,2
S01010896,Electric (including storage heaters) central heating,95,42,53,61,14,47,26,20,6,8,8,0
S01010896,Oil central heating,0,0,0,0,0,0,0,0,0,0,0,0
S01010896,Solid fuel (for example wood coal) central heating,0,0,0,0,0,0,0,0,0,0,0,0
S01010896,Other central heating,4,3,1,3,2,1,1,1,0,0,0,0
S01010896,Two or more types of central heating,42,12,30,31,2,29,4,3,1,7,7,0
S01010897,All people in households,836,244,592,611,64,547,139,97,42,86,83,3
S01010897,No central heating,6,1,5,5,0,5,1,1,0,0,0,0
S01010897,Gas central heating,734,214,520,540,58,482,120,85,35,74,71,3
S01010897,Electric (including storage heaters) central heating,63,17,46,48,6,42,9,5,4,6,6,0
S01010897,Oil central heating,0,0,0,0,0,0,0,0,0,0,0,0
S01010897,Solid fuel (for example wood coal) central heating,2,1,1,1,0,1,1,1,0,0,0,0
S01010897,Other central heating,0,0,0,0,0,0,0,0,0,0,0,0
S01010897,Two or more types of central heating,31,11,20,17,0,17,8,5,3,6,6,0
S01010898,All people in households,596,162,434,447,33,414,88,71,17,61,58,3
S01010898,No central heating,15,3,12,13,1,12,0,0,0,2,2,0
S01010898,Gas central heating,524,137,387,398,29,369,78,61,17,48,47,1
S01010898,Electric (including storage heaters) central heating,31,11,20,22,3,19,4,4,0,5,4,1
S01010898,Oil central heating,0,0,0,0,0,0,0,0,0,0,0,0
S01010898,Solid fuel (for example wood coal) central heating,0,0,0,0,0,0,0,0,0,0,0,0
S01010898,Other central heating,0,0,0,0,0,0,0,0,0,0,0,0
S01010898,Two or more types of central heating,26,11,15,14,0,14,6,6,0,6,5,1
S01010899,All people in households,584,97,487,492,28,464,51,32,19,41,37,4
S01010899,No central heating,10,0,10,9,0,9,1,0,1,0,0,0
S01010899,Gas central heating,549,93,456,463,27,436,48,30,18,38,36,2
S01010899,Electric (including storage heaters) central heating,0,0,0,0,0,0,0,0,0,0,0,0
S01010899,Oil central heating,0,0,0,0,0,0,0,0,0,0,0,0
S01010899,Solid fuel (for example wood coal) central heating,0,0,0,0,0,0,0,0,0,0,0,0
S01010899,Other central heating,1,1,0,0,0,0,1,1,0,0,0,0
S01010899,Two or more types of central heating,24,3,21,20,1,19,1,1,0,3,1,2
S01010900,All people in households,688,147,541,567,52,515,88,63,25,33,32,1
S01010900,No central heating,24,3,21,22,2,20,2,1,1,0,0,0
S01010900,Gas central heating,367,102,265,281,32,249,64,48,16,22,22,0
S01010900,Electric (including storage heaters) central heating,269,30,239,244,14,230,18,10,8,7,6,1
S01010900,Oil central heating,4,2,2,3,1,2,1,1,0,0,0,0
S01010900,Solid fuel (for example wood coal) central heating,2,2,0,0,0,0,2,2,0,0,0,0
S01010900,Other central heating,1,1,0,1,1,0,0,0,0,0,0,0
S01010900,Two or more types of central heating,21,7,14,16,2,14,1,1,0,4,4,0
S01010901,All people in households,465,141,324,345,35,310,65,52,13,55,54,1
S01010901,No central heating,2,0,2,2,0,2,0,0,0,0,0,0
S01010901,Gas central heating,351,102,249,265,30,235,46,33,13,40,39,1
S01010901,Electric (including storage heaters) central heating,79,27,52,55,3,52,12,12,0,12,12,0
S01010901,Oil central heating,0,0,0,0,0,0,0,0,0,0,0,0
S01010901,Solid fuel (for example wood coal) central heating,0,0,0,0,0,0,0,0,0,0,0,0
S01010901,Other central heating,1,1,0,0,0,0,1,1,0,0,0,0
S01010901,Two or more types of central heating,32,11,21,23,2,21,6,6,0,3,3,0
S01010902,All people in households,957,260,697,718,68,650,141,96,45,98,96,2
S01010902,No central heating,2,2,0,0,0,0,1,1,0,1,1,0
S01010902,Gas central heating,864,223,641,656,61,595,128,84,44,80,78,2
S01010902,Electric (including storage heaters) central heating,51,23,28,30,3,27,9,8,1,12,12,0
S01010902,Oil central heating,5,2,3,3,0,3,0,0,0,2,2,0
S01010902,Solid fuel (for example wood coal) central heating,0,0,0,0,0,0,0,0,0,0,0,0
S01010902,Other central heating,0,0,0,0,0,0,0,0,0,0,0,0
S01010902,Two or more types of central heating,35,10,25,29,4,25,3,3,0,3,3,0
S01010903,All people in households,793,286,507,514,58,456,165,120,45,114,108,6
S01010903,No central heating,4,2,2,2,0,2,1,1,0,1,1,0
S01010903,Gas central heating,642,228,414,424,47,377,123,89,34,95,92,3
S01010903,Electric (including storage heaters) central heating,112,43,69,68,9,59,29,21,8,15,13,2
S01010903,Oil central heating,1,1,0,0,0,0,1,1,0,0,0,0
S01010903,Solid fuel (for example wood coal) central heating,0,0,0,0,0,0,0,0,0,0,0,0
S01010903,Other central heating,3,1,2,2,0,2,0,0,0,1,1,0
S01010903,Two or more types of central heating,31,11,20,18,2,16,11,8,3,2,1,1
S01010904,All people in households,528,148,380,403,43,360,79,61,18,46,44,2
S01010904,No central heating,2,0,2,2,0,2,0,0,0,0,0,0
S01010904,Gas central heating,456,127,329,355,37,318,64,54,10,37,36,1
S01010904,Electric (including storage heaters) central heating,41,15,26,24,3,21,11,6,5,6,6,0
S01010904,Oil central heating,6,2,4,6,2,4,0,0,0,0,0,0
S01010904,Solid fuel (for example wood coal) central heating,0,0,0,0,0,0,0,0,0,0,0,0
S01010904,Other central heating,3,0,3,3,0,3,0,0,0,0,0,0
S01010904,Two or more types of central heating,20,4,16,13,1,12,4,1,3,3,2,1
S01010905,All people in households,635,127,508,529,34,495,61,49,12,45,44,1
S01010905,No central heating,3,1,2,2,0,2,0,0,0,1,1,0
S01010905,Gas central heating,464,78,386,404,26,378,35,28,7,25,24,1
S01010905,Electric (including storage heaters) central heating,93,24,69,70,5,65,11,7,4,12,12,0
S01010905,Oil central heating,6,1,5,4,0,4,1,0,1,1,1,0
S01010905,Solid fuel (for example wood coal) central heating,0,0,0,0,0,0,0,0,0,0,0,0
S01010905,Other central heating,54,18,36,38,2,36,11,11,0,5,5,0
S01010905,Two or more types of central heating,15,5,10,11,1,10,3,3,0,1,1,0
S01010906,All people in households,956,172,784,784,38,746,107,69,38,65,65,0
S01010906,No central heating,2,1,1,2,1,1,0,0,0,0,0,0
S01010906,Gas central heating,880,149,731,726,32,694,98,61,37,56,56,0
S01010906,Electric (including storage heaters) central heating,16,6,10,12,2,10,3,3,0,1,1,0
S01010906,Oil central heating,0,0,0,0,0,0,0,0,0,0,0,0
S01010906,Solid fuel (for example wood coal) central heating,0,0,0,0,0,0,0,0,0,0,0,0
S01010906,Other central heating,5,2,3,4,1,3,0,0,0,1,1,0
S01010906,Two or more types of central heating,53,14,39,40,2,38,6,5,1,7,7,0
S01010907,All people in households,526,51,475,484,16,468,32,25,7,10,10,0
S01010907,No central heating,3,1,2,2,0,2,0,0,0,1,1,0
S01010907,Gas central heating,487,44,443,451,15,436,28,21,7,8,8,0
S01010907,Electric (including storage heaters) central heating,11,3,8,8,0,8,2,2,0,1,1,0
S01010907,Oil central heating,4,1,3,3,0,3,1,1,0,0,0,0
S01010907,Solid fuel (for example wood coal) central heating,0,0,0,0,0,0,0,0,0,0,0,0
S01010907,Other central heating,0,0,0,0,0,0,0,0,0,0,0,0
S01010907,Two or more types of central heating,21,2,19,20,1,19,1,1,0,0,0,0
S01010908,All people in households,610,147,463,467,32,435,83,57,26,60,58,2
S01010908,No central heating,5,1,4,2,0,2,2,0,2,1,1,0
S01010908,Gas central heating,566,124,442,444,26,418,72,50,22,50,48,2
S01010908,Electric (including storage heaters) central heating,29,21,8,12,5,7,8,7,1,9,9,0
S01010908,Oil central heating,0,0,0,0,0,0,0,0,0,0,0,0
S01010908,Solid fuel (for example wood coal) central heating,0,0,0,0,0,0,0,0,0,0,0,0
S01010908,Other central heating,0,0,0,0,0,0,0,0,0,0,0,0
S01010908,Two or more types of central heating,10,1,9,9,1,8,1,0,1,0,0,0
S01010909,All people in households,668,103,565,580,32,548,60,44,16,28,27,1
S01010909,No central heating,10,4,6,7,1,6,2,2,0,1,1,0
S01010909,Gas central heating,611,87,524,535,27,508,52,37,15,24,23,1
S01010909,Electric (including storage heaters) central heating,38,10,28,32,4,28,4,4,0,2,2,0
S01010909,Oil central heating,0,0,0,0,0,0,0,0,0,0,0,0
S01010909,Solid fuel (for example wood coal) central heating,0,0,0,0,0,0,0,0,0,0,0,0
S01010909,Other central heating,1,1,0,0,0,0,0,0,0,1,1,0
S01010909,Two or more types of central heating,8,1,7,6,0,6,2,1,1,0,0,0
S01010910,All people in households,500,130,370,369,22,347,87,66,21,44,42,2
S01010910,No central heating,34,10,24,23,1,22,7,5,2,4,4,0
S01010910,Gas central heating,359,94,265,264,17,247,65,49,16,30,28,2
S01010910,Electric (including storage heaters) central heating,72,18,54,57,4,53,8,7,1,7,7,0
S01010910,Oil central heating,0,0,0,0,0,0,0,0,0,0,0,0
S01010910,Solid fuel (for example wood coal) central heating,0,0,0,0,0,0,0,0,0,0,0,0
S01010910,Other central heating,6,2,4,4,0,4,2,2,0,0,0,0
S01010910,Two or more types of central heating,29,6,23,21,0,21,5,3,2,3,3,0
S01010911,All people in households,541,207,334,330,40,290,135,98,37,76,69,7
S01010911,No central heating,17,8,9,11,2,9,2,2,0,4,4,0
S01010911,Gas central heating,213,51,162,172,16,156,22,16,6,19,19,0
S01010911,Electric (including storage heaters) central heating,297,144,153,136,21,115,109,78,31,52,45,7
S01010911,Oil central heating,0,0,0,0,0,0,0,0,0,0,0,0
S01010911,Solid fuel (for example wood coal) central heating,0,0,0,0,0,0,0,0,0,0,0,0
S01010911,Other central heating,1,0,1,1,0,1,0,0,0,0,0,0
S01010911,Two or more types of central heating,13,4,9,10,1,9,2,2,0,1,1,0
S01010912,All people in households,674,274,400,404,50,354,149,107,42,121,117,4
S01010912,No central heating,11,6,5,9,4,5,0,0,0,2,2,0
S01010912,Gas central heating,371,96,275,267,15,252,64,44,20,40,37,3
S01010912,Electric (including storage heaters) central heating,278,166,112,116,27,89,83,61,22,79,78,1
S01010912,Oil central heating,0,0,0,0,0,0,0,0,0,0,0,0
S01010912,Solid fuel (for example wood coal) central heating,0,0,0,0,0,0,0,0,0,0,0,0
S01010912,Other central heating,0,0,0,0,0,0,0,0,0,0,0,0
S01010912,Two or more types of central heating,14,6,8,12,4,8,2,2,0,0,0,0
S01010913,All people in households,642,116,526,533,28,505,67,48,19,42,40,2
S01010913,No central heating,16,8,8,8,1,7,4,3,1,4,4,0
S01010913,Gas central heating,529,76,453,462,24,438,42,29,13,25,23,2
S01010913,Electric (including storage heaters) central heating,82,30,52,52,3,49,19,16,3,11,11,0
S01010913,Oil central heating,0,0,0,0,0,0,0,0,0,0,0,0
S01010913,Solid fuel (for example wood coal) central heating,0,0,0,0,0,0,0,0,0,0,0,0
S01010913,Other central heating,1,0,1,1,0,1,0,0,0,0,0,0
S01010913,Two or more types of central heating,14,2,12,10,0,10,2,0,2,2,2,0
S01010914,All people in households,660,97,563,575,36,539,61,37,24,24,24,0
S01010914,No central heating,9,2,7,8,2,6,1,0,1,0,0,0
S01010914,Gas central heating,577,80,497,506,27,479,50,32,18,21,21,0
S01010914,Electric (including storage heaters) central heating,48,8,40,40,4,36,6,2,4,2,2,0
S01010914,Oil central heating,3,1,2,2,0,2,1,1,0,0,0,0
S01010914,Solid fuel (for example wood coal) central heating,0,0,0,0,0,0,0,0,0,0,0,0
S01010914,Other central heating,0,0,0,0,0,0,0,0,0,0,0,0
S01010914,Two or more types of central heating,23,6,17,19,3,16,3,2,1,1,1,0
S01010915,All people in households,736,125,611,623,47,576,73,39,34,40,39,1
S01010915,No central heating,6,0,6,5,0,5,1,0,1,0,0,0
S01010915,Gas central heating,672,110,562,571,42,529,65,33,32,36,35,1
S01010915,Electric (including storage heaters) central heating,39,14,25,28,4,24,7,6,1,4,4,0
S01010915,Oil central heating,3,0,3,3,0,3,0,0,0,0,0,0
S01010915,Solid fuel (for example wood coal) central heating,0,0,0,0,0,0,0,0,0,0,0,0
S01010915,Other central heating,5,1,4,5,1,4,0,0,0,0,0,0
S01010915,Two or more types of central heating,11,0,11,11,0,11,0,0,0,0,0,0
S01010916,All people in households,576,179,397,415,47,368,78,56,22,83,76,7
S01010916,No central heating,66,27,39,38,7,31,9,3,6,19,17,2
S01010916,Gas central heating,374,92,282,286,23,263,49,35,14,39,34,5
S01010916,Electric (including storage heaters) central heating,118,48,70,82,13,69,16,15,1,20,20,0
S01010916,Oil central heating,0,0,0,0,0,0,0,0,0,0,0,0
S01010916,Solid fuel (for example wood coal) central heating,1,1,0,1,1,0,0,0,0,0,0,0
S01010916,Other central heating,5,3,2,2,1,1,3,2,1,0,0,0
S01010916,Two or more types of central heating,12,8,4,6,2,4,1,1,0,5,5,0
S01010917,All people in households,712,200,512,538,50,488,108,86,22,66,64,2
S01010917,No central heating,36,22,14,16,3,13,11,10,1,9,9,0
S01010917,Gas central heating,498,112,386,412,36,376,54,45,9,32,31,1
S01010917,Electric (including storage heaters) central heating,164,60,104,102,10,92,39,28,11,23,22,1
S01010917,Oil central heating,0,0,0,0,0,0,0,0,0,0,0,0
S01010917,Solid fuel (for example wood coal) central heating,0,0,0,0,0,0,0,0,0,0,0,0
S01010917,Other central heating,7,2,5,4,0,4,3,2,1,0,0,0
S01010917,Two or more types of central heating,7,4,3,4,1,3,1,1,0,2,2,0
S01010918,All people in households,728,200,528,534,36,498,134,105,29,60,59,1
S01010918,No central heating,3,1,2,3,1,2,0,0,0,0,0,0
S01010918,Gas central heating,644,164,480,484,30,454,109,84,25,51,50,1
S01010918,Electric (including storage heaters) central heating,54,26,28,31,5,26,16,14,2,7,7,0
S01010918,Oil central heating,0,0,0,0,0,0,0,0,0,0,0,0
S01010918,Solid fuel (for example wood coal) central heating,2,0,2,2,0,2,0,0,0,0,0,0
S01010918,Other central heating,6,1,5,5,0,5,1,1,0,0,0,0
S01010918,Two or more types of central heating,19,8,11,9,0,9,8,6,2,2,2,0
S01010919,All people in households,789,220,569,584,56,528,129,88,41,76,76,0
S01010919,No central heating,4,0,4,3,0,3,1,0,1,0,0,0
S01010919,Gas central heating,624,169,455,465,42,423,104,72,32,55,55,0
S01010919,Electric (including storage heaters) central heating,136,46,90,96,14,82,24,16,8,16,16,0
S01010919,Oil central heating,0,0,0,0,0,0,0,0,0,0,0,0
S01010919,Solid fuel (for example wood coal) central heating,0,0,0,0,0,0,0,0,0,0,0,0
S01010919,Other central heating,5,0,5,5,0,5,0,0,0,0,0,0
S01010919,Two or more types of central heating,20,5,15,15,0,15,0,0,0,5,5,0
S01010920,All people in households,591,154,437,448,42,406,82,53,29,61,59,2
S01010920,No central heating,3,2,1,1,0,1,0,0,0,2,2,0
S01010920,Gas central heating,402,95,307,317,27,290,48,33,15,37,35,2
S01010920,Electric (including storage heaters) central heating,143,49,94,94,12,82,29,17,12,20,20,0
S01010920,Oil central heating,0,0,0,0,0,0,0,0,0,0,0,0
S01010920,Solid fuel (for example wood coal) central heating,0,0,0,0,0,0,0,0,0,0,0,0
S01010920,Other central heating,2,1,1,2,1,1,0,0,0,0,0,0
S01010920,Two or more types of central heating,41,7,34,34,2,32,5,3,2,2,2,0
S01010921,All people in households,630,174,456,469,46,423,104,78,26,57,50,7
S01010921,No central heating,0,0,0,0,0,0,0,0,0,0,0,0
S01010921,Gas central heating,576,160,416,428,43,385,96,70,26,52,47,5
S01010921,Electric (including storage heaters) central heating,34,9,25,28,3,25,6,6,0,0,0,0
S01010921,Oil central heating,0,0,0,0,0,0,0,0,0,0,0,0
S01010921,Solid fuel (for example wood coal) central heating,0,0,0,0,0,0,0,0,0,0,0,0
S01010921,Other central heating,0,0,0,0,0,0,0,0,0,0,0,0
S01010921,Two or more types of central heating,20,5,15,13,0,13,2,2,0,5,3,2
S01010922,All people in households,821,226,595,599,50,549,144,100,44,78,76,2
S01010922,No central heating,18,9,9,5,1,4,11,6,5,2,2,0
S01010922,Gas central heating,709,172,537,539,40,499,109,73,36,61,59,2
S01010922,Electric (including storage heaters) central heating,43,31,12,19,7,12,14,14,0,10,10,0
S01010922,Oil central heating,2,1,1,1,0,1,1,1,0,0,0,0
S01010922,Solid fuel (for example wood coal) central heating,0,0,0,0,0,0,0,0,0,0,0,0
S01010922,Other central heating,10,4,6,6,1,5,4,3,1,0,0,0
S01010922,Two or more types of central heating,39,9,30,29,1,28,5,3,2,5,5,0
S01010923,All people in households,879,216,663,649,43,606,153,97,56,77,76,1
S01010923,No central heating,25,6,19,17,1,16,7,4,3,1,1,0
S01010923,Gas central heating,380,86,294,287,15,272,60,39,21,33,32,1
S01010923,Electric (including storage heaters) central heating,462,120,342,340,27,313,80,51,29,42,42,0
S01010923,Oil central heating,2,1,1,0,0,0,2,1,1,0,0,0
S01010923,Solid fuel (for example wood coal) central heating,0,0,0,0,0,0,0,0,0,0,0,0
S01010923,Other central heating,5,2,3,3,0,3,1,1,0,1,1,0
S01010923,Two or more types of central heating,5,1,4,2,0,2,3,1,2,0,0,0
S01010924,All people in households,607,160,447,447,32,415,97,66,31,63,62,1
S01010924,No central heating,24,2,22,23,2,21,1,0,1,0,0,0
S01010924,Gas central heating,220,49,171,174,14,160,32,21,11,14,14,0
S01010924,Electric (including storage heaters) central heating,335,101,234,230,15,215,58,40,18,47,46,1
S01010924,Oil central heating,17,4,13,12,0,12,3,2,1,2,2,0
S01010924,Solid fuel (for example wood coal) central heating,0,0,0,0,0,0,0,0,0,0,0,0
S01010924,Other central heating,6,2,4,5,1,4,1,1,0,0,0,0
S01010924,Two or more types of central heating,5,2,3,3,0,3,2,2,0,0,0,0
S01010925,All people in households,858,205,653,670,61,609,123,82,41,65,62,3
S01010925,No central heating,9,4,5,6,2,4,1,1,0,2,1,1
S01010925,Gas central heating,748,179,569,587,54,533,109,74,35,52,51,1
S01010925,Electric (including storage heaters) central heating,64,16,48,47,3,44,11,7,4,6,6,0
S01010925,Oil central heating,6,0,6,6,0,6,0,0,0,0,0,0
S01010925,Solid fuel (for example wood coal) central heating,0,0,0,0,0,0,0,0,0,0,0,0
S01010925,Other central heating,5,1,4,5,1,4,0,0,0,0,0,0
S01010925,Two or more types of central heating,26,5,21,19,1,18,2,0,2,5,4,1
S01010926,All people in households,785,202,583,596,54,542,118,83,35,71,65,6
S01010926,No central heating,8,2,6,5,0,5,2,1,1,1,1,0
S01010926,Gas central heating,729,182,547,558,50,508,109,75,34,62,57,5
S01010926,Electric (including storage heaters) central heating,17,6,11,11,1,10,3,3,0,3,2,1
S01010926,Oil central heating,0,0,0,0,0,0,0,0,0,0,0,0
S01010926,Solid fuel (for example wood coal) central heating,0,0,0,0,0,0,0,0,0,0,0,0
S01010926,Other central heating,3,1,2,2,0,2,0,0,0,1,1,0
S01010926,Two or more types of central heating,28,11,17,20,3,17,4,4,0,4,4,0
S01010927,All people in households,577,153,424,425,27,398,96,74,22,56,52,4
S01010927,No central heating,5,1,4,4,0,4,0,0,0,1,1,0
S01010927,Gas central heating,545,145,400,400,26,374,96,74,22,49,45,4
S01010927,Electric (including storage heaters) central heating,9,2,7,7,0,7,0,0,0,2,2,0
S01010927,Oil central heating,0,0,0,0,0,0,0,0,0,0,0,0
S01010927,Solid fuel (for example wood coal) central heating,0,0,0,0,0,0,0,0,0,0,0,0
S01010927,Other central heating,2,1,1,1,0,1,0,0,0,1,1,0
S01010927,Two or more types of central heating,16,4,12,13,1,12,0,0,0,3,3,0
S01010928,All people in households,739,194,545,562,48,514,119,90,29,58,56,2
S01010928,No central heating,21,8,13,12,1,11,5,3,2,4,4,0
S01010928,Gas central heating,463,121,342,356,34,322,70,51,19,37,36,1
S01010928,Electric (including storage heaters) central heating,242,62,180,184,13,171,41,33,8,17,16,1
S01010928,Oil central heating,0,0,0,0,0,0,0,0,0,0,0,0
S01010928,Solid fuel (for example wood coal) central heating,0,0,0,0,0,0,0,0,0,0,0,0
S01010928,Other central heating,2,0,2,2,0,2,0,0,0,0,0,0
S01010928,Two or more types of central heating,11,3,8,8,0,8,3,3,0,0,0,0
S01010929,All people in households,660,181,479,491,43,448,96,67,29,73,71,2
S01010929,No central heating,16,4,12,12,1,11,3,2,1,1,1,0
S01010929,Gas central heating,403,122,281,294,31,263,64,47,17,45,44,1
S01010929,Electric (including storage heaters) central heating,234,53,181,181,11,170,28,17,11,25,25,0
S01010929,Oil central heating,0,0,0,0,0,0,0,0,0,0,0,0
S01010929,Solid fuel (for example wood coal) central heating,2,0,2,2,0,2,0,0,0,0,0,0
S01010929,Other central heating,0,0,0,0,0,0,0,0,0,0,0,0
S01010929,Two or more types of central heating,5,2,3,2,0,2,1,1,0,2,1,1
S01010930,All people in households,887,96,791,813,41,772,53,34,19,21,21,0
S01010930,No central heating,19,3,16,14,0,14,4,2,2,1,1,0
S01010930,Gas central heating,360,34,326,332,11,321,15,10,5,13,13,0
S01010930,Electric (including storage heaters) central heating,32,4,28,29,3,26,3,1,2,0,0,0
S01010930,Oil central heating,306,35,271,283,17,266,18,13,5,5,5,0
S01010930,Solid fuel (for example wood coal) central heating,49,4,45,44,2,42,5,2,3,0,0,0
S01010930,Other central heating,72,8,64,68,5,63,4,3,1,0,0,0
S01010930,Two or more types of central heating,49,8,41,43,3,40,4,3,1,2,2,0
S01010931,All people in households,428,81,347,359,29,330,45,28,17,24,24,0
S01010931,No central heating,14,3,11,11,0,11,2,2,0,1,1,0
S01010931,Gas central heating,58,9,49,49,3,46,5,2,3,4,4,0
S01010931,Electric (including storage heaters) central heating,44,17,27,30,5,25,8,6,2,6,6,0
S01010931,Oil central heating,190,32,158,163,12,151,17,10,7,10,10,0
S01010931,Solid fuel (for example wood coal) central heating,67,13,54,56,5,51,10,7,3,1,1,0
S01010931,Other central heating,7,1,6,7,1,6,0,0,0,0,0,0
S01010931,Two or more types of central heating,48,6,42,43,3,40,3,1,2,2,2,0
S01010932,All people in households,548,159,389,412,47,365,94,71,23,42,41,1
S01010932,No central heating,7,3,4,4,0,4,2,2,0,1,1,0
S01010932,Gas central heating,497,142,355,378,44,334,79,59,20,40,39,1
S01010932,Electric (including storage heaters) central heating,15,3,12,12,1,11,3,2,1,0,0,0
S01010932,Oil central heating,5,1,4,4,0,4,1,1,0,0,0,0
S01010932,Solid fuel (for example wood coal) central heating,7,3,4,3,0,3,4,3,1,0,0,0
S01010932,Other central heating,5,1,4,4,0,4,1,1,0,0,0,0
S01010932,Two or more types of central heating,12,6,6,7,2,5,4,3,1,1,1,0
S01010933,All people in households,753,105,648,675,44,631,56,39,17,22,22,0
S01010933,No central heating,5,1,4,5,1,4,0,0,0,0,0,0
S01010933,Gas central heating,628,81,547,568,33,535,41,29,12,19,19,0
S01010933,Electric (including storage heaters) central heating,20,6,14,14,1,13,5,4,1,1,1,0
S01010933,Oil central heating,67,6,61,60,3,57,6,2,4,1,1,0
S01010933,Solid fuel (for example wood coal) central heating,7,2,5,7,2,5,0,0,0,0,0,0
S01010933,Other central heating,14,5,9,10,1,9,3,3,0,1,1,0
S01010933,Two or more types of central heating,12,4,8,11,3,8,1,1,0,0,0,0
S01010934,All people in households,1031,138,893,914,57,857,81,47,34,36,34,2
S01010934,No central heating,5,0,5,5,0,5,0,0,0,0,0,0
S01010934,Gas central heating,964,125,839,858,53,805,74,42,32,32,30,2
S01010934,Electric (including storage heaters) central heating,43,8,35,36,3,33,5,3,2,2,2,0
S01010934,Oil central heating,6,0,6,6,0,6,0,0,0,0,0,0
S01010934,Solid fuel (for example wood coal) central heating,0,0,0,0,0,0,0,0,0,0,0,0
S01010934,Other central heating,0,0,0,0,0,0,0,0,0,0,0,0
S01010934,Two or more types of central heating,13,5,8,9,1,8,2,2,0,2,2,0
S01010935,All people in households,655,168,487,533,61,472,82,68,14,40,39,1
S01010935,No central heating,3,0,3,3,0,3,0,0,0,0,0,0
S01010935,Gas central heating,607,153,454,495,56,439,78,64,14,34,33,1
S01010935,Electric (including storage heaters) central heating,26,8,18,22,4,18,1,1,0,3,3,0
S01010935,Oil central heating,3,0,3,3,0,3,0,0,0,0,0,0
S01010935,Solid fuel (for example wood coal) central heating,0,0,0,0,0,0,0,0,0,0,0,0
S01010935,Other central heating,3,3,0,0,0,0,2,2,0,1,1,0
S01010935,Two or more types of central heating,13,4,9,10,1,9,1,1,0,2,2,0
S01010936,All people in households,675,161,514,535,46,489,105,80,25,35,35,0
S01010936,No central heating,9,1,8,8,0,8,1,1,0,0,0,0
S01010936,Gas central heating,567,117,450,467,38,429,76,55,21,24,24,0
S01010936,Electric (including storage heaters) central heating,82,38,44,47,7,40,26,22,4,9,9,0
S01010936,Oil central heating,0,0,0,0,0,0,0,0,0,0,0,0
S01010936,Solid fuel (for example wood coal) central heating,1,0,1,1,0,1,0,0,0,0,0,0
S01010936,Other central heating,5,4,1,1,0,1,2,2,0,2,2,0
S01010936,Two or more types of central heating,11,1,10,11,1,10,0,0,0,0,0,0
S01010937,All people in households,728,133,595,604,42,562,94,63,31,30,28,2
S01010937,No central heating,1,1,0,0,0,0,1,1,0,0,0,0
S01010937,Gas central heating,716,129,587,597,42,555,91,61,30,28,26,2
S01010937,Electric (including storage heaters) central heating,5,3,2,2,0,2,1,1,0,2,2,0
S01010937,Oil central heating,0,0,0,0,0,0,0,0,0,0,0,0
S01010937,Solid fuel (for example wood coal) central heating,0,0,0,0,0,0,0,0,0,0,0,0
S01010937,Other central heating,0,0,0,0,0,0,0,0,0,0,0,0
S01010937,Two or more types of central heating,6,0,6,5,0,5,1,0,1,0,0,0
S01010938,All people in households,809,195,614,638,61,577,131,95,36,40,39,1
S01010938,No central heating,9,0,9,8,0,8,1,0,1,0,0,0
S01010938,Gas central heating,753,184,569,596,57,539,119,89,30,38,38,0
S01010938,Electric (including storage heaters) central heating,12,4,8,5,0,5,5,3,2,2,1,1
S01010938,Oil central heating,3,1,2,2,0,2,1,1,0,0,0,0
S01010938,Solid fuel (for example wood coal) central heating,22,6,16,18,4,14,4,2,2,0,0,0
S01010938,Other central heating,4,0,4,4,0,4,0,0,0,0,0,0
S01010938,Two or more types of central heating,6,0,6,5,0,5,1,0,1,0,0,0
S01010939,All people in households,514,83,431,451,35,416,52,37,15,11,11,0
S01010939,No central heating,6,1,5,6,1,5,0,0,0,0,0,0
S01010939,Gas central heating,489,78,411,427,31,396,51,36,15,11,11,0
S01010939,Electric (including storage heaters) central heating,5,0,5,5,0,5,0,0,0,0,0,0
S01010939,Oil central heating,0,0,0,0,0,0,0,0,0,0,0,0
S01010939,Solid fuel (for example wood coal) central heating,0,0,0,0,0,0,0,0,0,0,0,0
S01010939,Other central heating,0,0,0,0,0,0,0,0,0,0,0,0
S01010939,Two or more types of central heating,14,4,10,13,3,10,1,1,0,0,0,0
S01010940,All people in households,683,87,596,608,36,572,62,40,22,13,11,2
S01010940,No central heating,3,0,3,3,0,3,0,0,0,0,0,0
S01010940,Gas central heating,653,79,574,588,33,555,54,36,18,11,10,1
S01010940,Electric (including storage heaters) central heating,11,5,6,8,3,5,2,1,1,1,1,0
S01010940,Oil central heating,6,1,5,4,0,4,1,1,0,1,0,1
S01010940,Solid fuel (for example wood coal) central heating,0,0,0,0,0,0,0,0,0,0,0,0
S01010940,Other central heating,0,0,0,0,0,0,0,0,0,0,0,0
S01010940,Two or more types of central heating,10,2,8,5,0,5,5,2,3,0,0,0
S01010941,All people in households,860,115,745,772,50,722,77,54,23,11,11,0
S01010941,No central heating,0,0,0,0,0,0,0,0,0,0,0,0
S01010941,Gas central heating,825,110,715,740,48,692,74,51,23,11,11,0
S01010941,Electric (including storage heaters) central heating,5,2,3,4,1,3,1,1,0,0,0,0
S01010941,Oil central heating,7,0,7,7,0,7,0,0,0,0,0,0
S01010941,Solid fuel (for example wood coal) central heating,1,0,1,1,0,1,0,0,0,0,0,0
S01010941,Other central heating,0,0,0,0,0,0,0,0,0,0,0,0
S01010941,Two or more types of central heating,22,3,19,20,1,19,2,2,0,0,0,0
S01010942,All people in households,646,82,564,569,27,542,61,39,22,16,16,0
S01010942,No central heating,3,0,3,3,0,3,0,0,0,0,0,0
S01010942,Gas central heating,635,82,553,558,27,531,61,39,22,16,16,0
S01010942,Electric (including storage heaters) central heating,1,0,1,1,0,1,0,0,0,0,0,0
S01010942,Oil central heating,3,0,3,3,0,3,0,0,0,0,0,0
S01010942,Solid fuel (for example wood coal) central heating,2,0,2,2,0,2,0,0,0,0,0,0
S01010942,Other central heating,0,0,0,0,0,0,0,0,0,0,0,0
S01010942,Two or more types of central heating,2,0,2,2,0,2,0,0,0,0,0,0
S01010943,All people in households,623,107,516,529,41,488,61,35,26,33,31,2
S01010943,No central heating,6,1,5,5,0,5,1,1,0,0,0,0
S01010943,Gas central heating,585,97,488,497,37,460,58,32,26,30,28,2
S01010943,Electric (including storage heaters) central heating,14,8,6,9,3,6,2,2,0,3,3,0
S01010943,Oil central heating,4,0,4,4,0,4,0,0,0,0,0,0
S01010943,Solid fuel (for example wood coal) central heating,1,0,1,1,0,1,0,0,0,0,0,0
S01010943,Other central heating,0,0,0,0,0,0,0,0,0,0,0,0
S01010943,Two or more types of central heating,13,1,12,13,1,12,0,0,0,0,0,0
S01010944,All people in households,588,130,458,464,32,432,84,63,21,40,35,5
S01010944,No central heating,2,1,1,1,0,1,1,1,0,0,0,0
S01010944,Gas central heating,547,118,429,433,29,404,78,57,21,36,32,4
S01010944,Electric (including storage heaters) central heating,21,6,15,18,3,15,2,2,0,1,1,0
S01010944,Oil central heating,0,0,0,0,0,0,0,0,0,0,0,0
S01010944,Solid fuel (for example wood coal) central heating,3,2,1,1,0,1,2,2,0,0,0,0
S01010944,Other central heating,0,0,0,0,0,0,0,0,0,0,0,0
S01010944,Two or more types of central heating,15,3,12,11,0,11,1,1,0,3,2,1
S01010945,All people in households,540,97,443,460,36,424,68,49,19,12,12,0
S01010945,No central heating,0,0,0,0,0,0,0,0,0,0,0,0
S01010945,Gas central heating,506,90,416,433,35,398,61,43,18,12,12,0
S01010945,Electric (including storage heaters) central heating,7,2,5,5,0,5,2,2,0,0,0,0
S01010945,Oil central heating,2,0,2,2,0,2,0,0,0,0,0,0
S01010945,Solid fuel (for example wood coal) central heating,14,0,14,13,0,13,1,0,1,0,0,0
S01010945,Other central heating,0,0,0,0,0,0,0,0,0,0,0,0
S01010945,Two or more types of central heating,11,5,6,7,1,6,4,4,0,0,0,0
S01010946,All people in households,811,164,647,671,64,607,105,65,40,35,35,0
S01010946,No central heating,6,0,6,6,0,6,0,0,0,0,0,0
S01010946,Gas central heating,753,146,607,624,56,568,96,57,39,33,33,0
S01010946,Electric (including storage heaters) central heating,22,9,13,17,5,12,3,2,1,2,2,0
S01010946,Oil central heating,0,0,0,0,0,0,0,0,0,0,0,0
S01010946,Solid fuel (for example wood coal) central heating,21,7,14,16,2,14,5,5,0,0,0,0
S01010946,Other central heating,0,0,0,0,0,0,0,0,0,0,0,0
S01010946,Two or more types of central heating,9,2,7,8,1,7,1,1,0,0,0,0
S01010947,All people in households,536,112,424,439,31,408,73,58,15,24,23,1
S01010947,No central heating,6,1,5,3,0,3,3,1,2,0,0,0
S01010947,Gas central heating,481,105,376,396,30,366,63,53,10,22,22,0
S01010947,Electric (including storage heaters) central heating,32,4,28,25,1,24,5,2,3,2,1,1
S01010947,Oil central heating,2,2,0,0,0,0,2,2,0,0,0,0
S01010947,Solid fuel (for example wood coal) central heating,4,0,4,4,0,4,0,0,0,0,0,0
S01010947,Other central heating,0,0,0,0,0,0,0,0,0,0,0,0
S01010947,Two or more types of central heating,11,0,11,11,0,11,0,0,0,0,0,0
S01010948,All people in households,673,138,535,549,46,503,85,55,30,39,37,2
S01010948,No central heating,0,0,0,0,0,0,0,0,0,0,0,0
S01010948,Gas central heating,585,122,463,478,42,436,71,46,25,36,34,2
S01010948,Electric (including storage heaters) central heating,60,9,51,48,1,47,10,6,4,2,2,0
S01010948,Oil central heating,4,0,4,4,0,4,0,0,0,0,0,0
S01010948,Solid fuel (for example wood coal) central heating,7,2,5,5,1,4,1,0,1,1,1,0
S01010948,Other central heating,5,3,2,3,1,2,2,2,0,0,0,0
S01010948,Two or more types of central heating,12,2,10,11,1,10,1,1,0,0,0,0
S01010949,All people in households,927,114,813,842,46,796,60,44,16,25,24,1
S01010949,No central heating,5,2,3,3,0,3,2,2,0,0,0,0
S01010949,Gas central heating,890,107,783,813,46,767,56,41,15,21,20,1
S01010949,Electric (including storage heaters) central heating,15,1,14,13,0,13,1,0,1,1,1,0
S01010949,Oil central heating,17,4,13,13,0,13,1,1,0,3,3,0
S01010949,Solid fuel (for example wood coal) central heating,0,0,0,0,0,0,0,0,0,0,0,0
S01010949,Other central heating,0,0,0,0,0,0,0,0,0,0,0,0
S01010949,Two or more types of central heating,0,0,0,0,0,0,0,0,0,0,0,0
S01010950,All people in households,846,176,670,691,60,631,101,64,37,54,52,2
S01010950,No central heating,18,4,14,12,0,12,1,0,1,5,4,1
S01010950,Gas central heating,775,159,616,636,54,582,92,59,33,47,46,1
S01010950,Electric (including storage heaters) central heating,38,9,29,31,5,26,6,3,3,1,1,0
S01010950,Oil central heating,2,1,1,1,0,1,1,1,0,0,0,0
S01010950,Solid fuel (for example wood coal) central heating,2,2,0,0,0,0,1,1,0,1,1,0
S01010950,Other central heating,0,0,0,0,0,0,0,0,0,0,0,0
S01010950,Two or more types of central heating,11,1,10,11,1,10,0,0,0,0,0,0
S01010951,All people in households,626,91,535,538,31,507,76,48,28,12,12,0
S01010951,No central heating,8,0,8,8,0,8,0,0,0,0,0,0
S01010951,Gas central heating,563,80,483,485,26,459,66,42,24,12,12,0
S01010951,Electric (including storage heaters) central heating,43,8,35,35,3,32,8,5,3,0,0,0
S01010951,Oil central heating,0,0,0,0,0,0,0,0,0,0,0,0
S01010951,Solid fuel (for example wood coal) central heating,9,3,6,7,2,5,2,1,1,0,0,0
S01010951,Other central heating,0,0,0,0,0,0,0,0,0,0,0,0
S01010951,Two or more types of central heating,3,0,3,3,0,3,0,0,0,0,0,0
S01010952,All people in households,540,69,471,484,25,459,38,26,12,18,18,0
S01010952,No central heating,9,0,9,9,0,9,0,0,0,0,0,0
S01010952,Gas central heating,503,63,440,453,22,431,35,26,9,15,15,0
S01010952,Electric (including storage heaters) central heating,20,4,16,16,3,13,3,0,3,1,1,0
S01010952,Oil central heating,4,2,2,2,0,2,0,0,0,2,2,0
S01010952,Solid fuel (for example wood coal) central heating,0,0,0,0,0,0,0,0,0,0,0,0
S01010952,Other central heating,0,0,0,0,0,0,0,0,0,0,0,0
S01010952,Two or more types of central heating,4,0,4,4,0,4,0,0,0,0,0,0
S01010953,All people in households,561,96,465,466,26,440,66,41,25,29,29,0
S01010953,No central heating,5,0,5,4,0,4,1,0,1,0,0,0
S01010953,Gas central heating,524,86,438,440,24,416,59,37,22,25,25,0
S01010953,Electric (including storage heaters) central heating,17,5,12,12,0,12,4,4,0,1,1,0
S01010953,Oil central heating,0,0,0,0,0,0,0,0,0,0,0,0
S01010953,Solid fuel (for example wood coal) central heating,9,5,4,4,2,2,2,0,2,3,3,0
S01010953,Other central heating,0,0,0,0,0,0,0,0,0,0,0,0
S01010953,Two or more types of central heating,6,0,6,6,0,6,0,0,0,0,0,0
S01010954,All people in households,512,53,459,452,18,434,48,23,25,12,12,0
S01010954,No central heating,0,0,0,0,0,0,0,0,0,0,0,0
S01010954,Gas central heating,496,50,446,440,18,422,45,21,24,11,11,0
S01010954,Electric (including storage heaters) central heating,4,1,3,3,0,3,0,0,0,1,1,0
S01010954,Oil central heating,0,0,0,0,0,0,0,0,0,0,0,0
S01010954,Solid fuel (for example wood coal) central heating,2,1,1,0,0,0,2,1,1,0,0,0
S01010954,Other central heating,0,0,0,0,0,0,0,0,0,0,0,0
S01010954,Two or more types of central heating,10,1,9,9,0,9,1,1,0,0,0,0
S01010955,All people in households,1023,91,932,958,43,915,52,35,17,13,13,0
S01010955,No central heating,6,0,6,6,0,6,0,0,0,0,0,0
S01010955,Gas central heating,886,79,807,830,39,791,43,27,16,13,13,0
S01010955,Electric (including storage heaters) central heating,24,3,21,21,1,20,3,2,1,0,0,0
S01010955,Oil central heating,31,3,28,29,1,28,2,2,0,0,0,0
S01010955,Solid fuel (for example wood coal) central heating,0,0,0,0,0,0,0,0,0,0,0,0
S01010955,Other central heating,7,2,5,6,1,5,1,1,0,0,0,0
S01010955,Two or more types of central heating,69,4,65,66,1,65,3,3,0,0,0,0
S01010956,All people in households,691,105,586,609,43,566,65,45,20,17,17,0
S01010956,No central heating,32,9,23,23,2,21,7,5,2,2,2,0
S01010956,Gas central heating,341,55,286,299,23,276,32,22,10,10,10,0
S01010956,Electric (including storage heaters) central heating,25,4,21,24,3,21,1,1,0,0,0,0
S01010956,Oil central heating,194,26,168,175,9,166,16,14,2,3,3,0
S01010956,Solid fuel (for example wood coal) central heating,26,5,21,22,2,20,2,1,1,2,2,0
S01010956,Other central heating,37,5,32,34,4,30,3,1,2,0,0,0
S01010956,Two or more types of central heating,36,1,35,32,0,32,4,1,3,0,0,0
S01010957,All people in households,581,101,480,504,38,466,62,48,14,15,15,0
S01010957,No central heating,3,0,3,3,0,3,0,0,0,0,0,0
S01010957,Gas central heating,557,96,461,483,36,447,59,45,14,15,15,0
S01010957,Electric (including storage heaters) central heating,8,2,6,7,1,6,1,1,0,0,0,0
S01010957,Oil central heating,8,1,7,7,0,7,1,1,0,0,0,0
S01010957,Solid fuel (for example wood coal) central heating,0,0,0,0,0,0,0,0,0,0,0,0
S01010957,Other central heating,0,0,0,0,0,0,0,0,0,0,0,0
S01010957,Two or more types of central heating,5,2,3,4,1,3,1,1,0,0,0,0
S01010958,All people in households,482,118,364,394,40,354,63,53,10,25,25,0
S01010958,No central heating,6,2,4,5,1,4,1,1,0,0,0,0
S01010958,Gas central heating,466,112,354,384,38,346,57,49,8,25,25,0
S01010958,Electric (including storage heaters) central heating,2,2,0,1,1,0,1,1,0,0,0,0
S01010958,Oil central heating,3,0,3,2,0,2,1,0,1,0,0,0
S01010958,Solid fuel (for example wood coal) central heating,3,2,1,0,0,0,3,2,1,0,0,0
S01010958,Other central heating,1,0,1,1,0,1,0,0,0,0,0,0
S01010958,Two or more types of central heating,1,0,1,1,0,1,0,0,0,0,0,0
S01010959,All people in households,579,110,469,487,41,446,71,49,22,21,20,1
S01010959,No central heating,16,4,12,13,2,11,3,2,1,0,0,0
S01010959,Gas central heating,491,84,407,426,33,393,49,36,13,16,15,1
S01010959,Electric (including storage heaters) central heating,38,16,22,24,5,19,11,8,3,3,3,0
S01010959,Oil central heating,4,2,2,0,0,0,4,2,2,0,0,0
S01010959,Solid fuel (for example wood coal) central heating,7,1,6,4,0,4,2,0,2,1,1,0
S01010959,Other central heating,0,0,0,0,0,0,0,0,0,0,0,0
S01010959,Two or more types of central heating,23,3,20,20,1,19,2,1,1,1,1,0
S01010960,All people in households,1093,207,886,901,65,836,121,73,48,71,69,2
S01010960,No central heating,11,0,11,9,0,9,1,0,1,1,0,1
S01010960,Gas central heating,992,191,801,820,60,760,108,68,40,64,63,1
S01010960,Electric (including storage heaters) central heating,17,4,13,13,2,11,4,2,2,0,0,0
S01010960,Oil central heating,22,1,21,19,0,19,3,1,2,0,0,0
S01010960,Solid fuel (for example wood coal) central heating,23,7,16,18,2,16,1,1,0,4,4,0
S01010960,Other central heating,3,1,2,3,1,2,0,0,0,0,0,0
S01010960,Two or more types of central heating,25,3,22,19,0,19,4,1,3,2,2,0
S01010961,All people in households,566,126,440,465,42,423,64,48,16,37,36,1
S01010961,No central heating,4,0,4,4,0,4,0,0,0,0,0,0
S01010961,Gas central heating,509,115,394,422,40,382,55,43,12,32,32,0
S01010961,Electric (including storage heaters) central heating,27,5,22,21,2,19,3,1,2,3,2,1
S01010961,Oil central heating,8,1,7,7,0,7,0,0,0,1,1,0
S01010961,Solid fuel (for example wood coal) central heating,16,5,11,9,0,9,6,4,2,1,1,0
S01010961,Other central heating,2,0,2,2,0,2,0,0,0,0,0,0
S01010961,Two or more types of central heating,0,0,0,0,0,0,0,0,0,0,0,0
S01010962,All people in households,530,157,373,386,39,347,95,70,25,49,48,1
S01010962,No central heating,32,11,21,23,2,21,3,3,0,6,6,0
S01010962,Gas central heating,101,20,81,87,10,77,11,7,4,3,3,0
S01010962,Electric (including storage heaters) central heating,22,4,18,18,1,17,3,2,1,1,1,0
S01010962,Oil central heating,313,105,208,214,21,193,66,51,15,33,33,0
S01010962,Solid fuel (for example wood coal) central heating,33,9,24,21,2,19,6,2,4,6,5,1
S01010962,Other central heating,19,4,15,17,2,15,2,2,0,0,0,0
S01010962,Two or more types of central heating,10,4,6,6,1,5,4,3,1,0,0,0
S01010963,All people in households,949,150,799,820,53,767,84,53,31,45,44,1
S01010963,No central heating,10,4,6,5,0,5,4,3,1,1,1,0
S01010963,Gas central heating,854,111,743,758,41,717,64,39,25,32,31,1
S01010963,Electric (including storage heaters) central heating,10,1,9,8,1,7,2,0,2,0,0,0
S01010963,Oil central heating,53,30,23,32,11,21,10,8,2,11,11,0
S01010963,Solid fuel (for example wood coal) central heating,2,1,1,0,0,0,2,1,1,0,0,0
S01010963,Other central heating,7,1,6,6,0,6,0,0,0,1,1,0
S01010963,Two or more types of central heating,13,2,11,11,0,11,2,2,0,0,0,0
S01010964,All people in households,523,117,406,427,36,391,59,45,14,37,36,1
S01010964,No central heating,0,0,0,0,0,0,0,0,0,0,0,0
S01010964,Gas central heating,504,112,392,413,36,377,55,41,14,36,35,1
S01010964,Electric (including storage heaters) central heating,2,1,1,1,0,1,1,1,0,0,0,0
S01010964,Oil central heating,3,2,1,1,0,1,1,1,0,1,1,0
S01010964,Solid fuel (for example wood coal) central heating,10,2,8,8,0,8,2,2,0,0,0,0
S01010964,Other central heating,0,0,0,0,0,0,0,0,0,0,0,0
S01010964,Two or more types of central heating,4,0,4,4,0,4,0,0,0,0,0,0
S01010965,All people in households,517,119,398,394,22,372,74,49,25,49,48,1
S01010965,No central heating,0,0,0,0,0,0,0,0,0,0,0,0
S01010965,Gas central heating,495,115,380,373,19,354,73,48,25,49,48,1
S01010965,Electric (including storage heaters) central heating,12,2,10,12,2,10,0,0,0,0,0,0
S01010965,Oil central heating,0,0,0,0,0,0,0,0,0,0,0,0
S01010965,Solid fuel (for example wood coal) central heating,6,1,5,5,0,5,1,1,0,0,0,0
S01010965,Other central heating,0,0,0,0,0,0,0,0,0,0,0,0
S01010965,Two or more types of central heating,4,1,3,4,1,3,0,0,0,0,0,0
S01010966,All people in households,684,178,506,551,73,478,91,65,26,42,40,2
S01010966,No central heating,0,0,0,0,0,0,0,0,0,0,0,0
S01010966,Gas central heating,640,162,478,525,69,456,77,57,20,38,36,2
S01010966,Electric (including storage heaters) central heating,25,15,10,13,4,9,8,7,1,4,4,0
S01010966,Oil central heating,0,0,0,0,0,0,0,0,0,0,0,0
S01010966,Solid fuel (for example wood coal) central heating,13,1,12,9,0,9,4,1,3,0,0,0
S01010966,Other central heating,0,0,0,0,0,0,0,0,0,0,0,0
S01010966,Two or more types of central heating,6,0,6,4,0,4,2,0,2,0,0,0
S01010967,All people in households,697,166,531,541,51,490,109,70,39,47,45,2
S01010967,No central heating,6,2,4,4,0,4,1,1,0,1,1,0
S01010967,Gas central heating,653,147,506,515,48,467,99,62,37,39,37,2
S01010967,Electric (including storage heaters) central heating,14,6,8,8,1,7,5,4,1,1,1,0
S01010967,Oil central heating,0,0,0,0,0,0,0,0,0,0,0,0
S01010967,Solid fuel (for example wood coal) central heating,8,5,3,3,1,2,2,1,1,3,3,0
S01010967,Other central heating,5,2,3,3,0,3,0,0,0,2,2,0
S01010967,Two or more types of central heating,11,4,7,8,1,7,2,2,0,1,1,0
S01010968,All people in households,715,145,570,593,46,547,80,57,23,42,42,0
S01010968,No central heating,3,1,2,3,1,2,0,0,0,0,0,0
S01010968,Gas central heating,661,137,524,546,41,505,75,56,19,40,40,0
S01010968,Electric (including storage heaters) central heating,36,5,31,31,2,29,3,1,2,2,2,0
S01010968,Oil central heating,3,2,1,3,2,1,0,0,0,0,0,0
S01010968,Solid fuel (for example wood coal) central heating,3,0,3,2,0,2,1,0,1,0,0,0
S01010968,Other central heating,0,0,0,0,0,0,0,0,0,0,0,0
S01010968,Two or more types of central heating,9,0,9,8,0,8,1,0,1,0,0,0
S01010969,All people in households,538,108,430,463,48,415,52,39,13,23,21,2
S01010969,No central heating,0,0,0,0,0,0,0,0,0,0,0,0
S01010969,Gas central heating,509,93,416,446,43,403,44,33,11,19,17,2
S01010969,Electric (including storage heaters) central heating,15,9,6,8,3,5,4,3,1,3,3,0
S01010969,Oil central heating,3,2,1,2,1,1,1,1,0,0,0,0
S01010969,Solid fuel (for example wood coal) central heating,0,0,0,0,0,0,0,0,0,0,0,0
S01010969,Other central heating,3,1,2,2,0,2,0,0,0,1,1,0
S01010969,Two or more types of central heating,8,3,5,5,1,4,3,2,1,0,0,0
S01010970,All people in households,955,192,763,771,54,717,129,83,46,55,55,0
S01010970,No central heating,5,1,4,3,0,3,1,0,1,1,1,0
S01010970,Gas central heating,902,179,723,733,51,682,119,78,41,50,50,0
S01010970,Electric (including storage heaters) central heating,15,2,13,13,1,12,1,0,1,1,1,0
S01010970,Oil central heating,11,1,10,9,0,9,2,1,1,0,0,0
S01010970,Solid fuel (for example wood coal) central heating,7,4,3,2,0,2,3,2,1,2,2,0
S01010970,Other central heating,0,0,0,0,0,0,0,0,0,0,0,0
S01010970,Two or more types of central heating,15,5,10,11,2,9,3,2,1,1,1,0
S01010971,All people in households,1056,136,920,930,46,884,97,61,36,29,29,0
S01010971,No central heating,8,3,5,4,1,3,3,1,2,1,1,0
S01010971,Gas central heating,999,121,878,885,39,846,89,57,32,25,25,0
S01010971,Electric (including storage heaters) central heating,11,7,4,7,3,4,2,2,0,2,2,0
S01010971,Oil central heating,26,2,24,24,2,22,2,0,2,0,0,0
S01010971,Solid fuel (for example wood coal) central heating,2,1,1,2,1,1,0,0,0,0,0,0
S01010971,Other central heating,3,0,3,3,0,3,0,0,0,0,0,0
S01010971,Two or more types of central heating,7,2,5,5,0,5,1,1,0,1,1,0
S01010972,All people in households,846,168,678,687,50,637,103,62,41,56,56,0
S01010972,No central heating,0,0,0,0,0,0,0,0,0,0,0,0
S01010972,Gas central heating,752,152,600,608,47,561,96,57,39,48,48,0
S01010972,Electric (including storage heaters) central heating,48,11,37,40,3,37,4,4,0,4,4,0
S01010972,Oil central heating,1,0,1,1,0,1,0,0,0,0,0,0
S01010972,Solid fuel (for example wood coal) central heating,3,1,2,2,0,2,1,1,0,0,0,0
S01010972,Other central heating,12,0,12,10,0,10,2,0,2,0,0,0
S01010972,Two or more types of central heating,30,4,26,26,0,26,0,0,0,4,4,0
S01010973,All people in households,490,106,384,408,41,367,53,36,17,29,29,0
S01010973,No central heating,3,1,2,1,0,1,2,1,1,0,0,0
S01010973,Gas central heating,428,86,342,362,36,326,45,29,16,21,21,0
S01010973,Electric (including storage heaters) central heating,56,19,37,42,5,37,6,6,0,8,8,0
S01010973,Oil central heating,0,0,0,0,0,0,0,0,0,0,0,0
S01010973,Solid fuel (for example wood coal) central heating,0,0,0,0,0,0,0,0,0,0,0,0
S01010973,Other central heating,3,0,3,3,0,3,0,0,0,0,0,0
S01010973,Two or more types of central heating,0,0,0,0,0,0,0,0,0,0,0,0
S01010974,All people in households,696,186,510,521,60,461,112,66,46,63,60,3
S01010974,No central heating,6,0,6,6,0,6,0,0,0,0,0,0
S01010974,Gas central heating,630,170,460,472,57,415,102,59,43,56,54,2
S01010974,Electric (including storage heaters) central heating,16,7,9,10,1,9,4,4,0,2,2,0
S01010974,Oil central heating,0,0,0,0,0,0,0,0,0,0,0,0
S01010974,Solid fuel (for example wood coal) central heating,16,4,12,12,1,11,2,1,1,2,2,0
S01010974,Other central heating,2,0,2,2,0,2,0,0,0,0,0,0
S01010974,Two or more types of central heating,26,5,21,19,1,18,4,2,2,3,2,1
S01010975,All people in households,490,128,362,381,40,341,73,53,20,36,35,1
S01010975,No central heating,9,1,8,7,1,6,2,0,2,0,0,0
S01010975,Gas central heating,457,123,334,354,37,317,67,51,16,36,35,1
S01010975,Electric (including storage heaters) central heating,7,1,6,7,1,6,0,0,0,0,0,0
S01010975,Oil central heating,2,0,2,2,0,2,0,0,0,0,0,0
S01010975,Solid fuel (for example wood coal) central heating,8,3,5,4,1,3,4,2,2,0,0,0
S01010975,Other central heating,7,0,7,7,0,7,0,0,0,0,0,0
S01010975,Two or more types of central heating,0,0,0,0,0,0,0,0,0,0,0,0
S01010976,All people in households,498,125,373,407,46,361,69,57,12,22,22,0
S01010976,No central heating,3,3,0,1,1,0,0,0,0,2,2,0
S01010976,Gas central heating,466,112,354,384,41,343,65,54,11,17,17,0
S01010976,Electric (including storage heaters) central heating,6,2,4,5,1,4,0,0,0,1,1,0
S01010976,Oil central heating,0,0,0,0,0,0,0,0,0,0,0,0
S01010976,Solid fuel (for example wood coal) central heating,8,3,5,6,1,5,2,2,0,0,0,0
S01010976,Other central heating,3,1,2,1,0,1,1,0,1,1,1,0
S01010976,Two or more types of central heating,12,4,8,10,2,8,1,1,0,1,1,0
S01010977,All people in households,721,151,570,601,49,552,87,70,17,33,32,1
S01010977,No central heating,5,1,4,5,1,4,0,0,0,0,0,0
S01010977,Gas central heating,678,140,538,566,46,520,82,65,17,30,29,1
S01010977,Electric (including storage heaters) central heating,13,4,9,10,1,9,2,2,0,1,1,0
S01010977,Oil central heating,0,0,0,0,0,0,0,0,0,0,0,0
S01010977,Solid fuel (for example wood coal) central heating,1,1,0,0,0,0,1,1,0,0,0,0
S01010977,Other central heating,4,3,1,2,1,1,0,0,0,2,2,0
S01010977,Two or more types of central heating,20,2,18,18,0,18,2,2,0,0,0,0
S01010978,All people in households,739,186,553,579,53,526,108,82,26,52,51,1
S01010978,No central heating,2,1,1,1,0,1,0,0,0,1,1,0
S01010978,Gas central heating,709,174,535,561,51,510,103,79,24,45,44,1
S01010978,Electric (including storage heaters) central heating,8,3,5,6,2,4,1,0,1,1,1,0
S01010978,Oil central heating,0,0,0,0,0,0,0,0,0,0,0,0
S01010978,Solid fuel (for example wood coal) central heating,6,2,4,3,0,3,2,1,1,1,1,0
S01010978,Other central heating,5,2,3,3,0,3,1,1,0,1,1,0
S01010978,Two or more types of central heating,9,4,5,5,0,5,1,1,0,3,3,0
S01010979,All people in households,825,148,677,699,57,642,91,58,33,35,33,2
S01010979,No central heating,3,0,3,3,0,3,0,0,0,0,0,0
S01010979,Gas central heating,786,143,643,668,56,612,86,57,29,32,30,2
S01010979,Electric (including storage heaters) central heating,14,3,11,10,1,9,3,1,2,1,1,0
S01010979,Oil central heating,0,0,0,0,0,0,0,0,0,0,0,0
S01010979,Solid fuel (for example wood coal) central heating,2,0,2,2,0,2,0,0,0,0,0,0
S01010979,Other central heating,1,0,1,1,0,1,0,0,0,0,0,0
S01010979,Two or more types of central heating,19,2,17,15,0,15,2,0,2,2,2,0
S01010980,All people in households,727,147,580,593,47,546,83,54,29,51,46,5
S01010980,No central heating,4,2,2,3,1,2,1,1,0,0,0,0
S01010980,Gas central heating,673,135,538,547,41,506,79,51,28,47,43,4
S01010980,Electric (including storage heaters) central heating,24,3,21,21,1,20,1,1,0,2,1,1
S01010980,Oil central heating,2,2,0,0,0,0,1,1,0,1,1,0
S01010980,Solid fuel (for example wood coal) central heating,5,3,2,5,3,2,0,0,0,0,0,0
S01010980,Other central heating,13,2,11,12,1,11,0,0,0,1,1,0
S01010980,Two or more types of central heating,6,0,6,5,0,5,1,0,1,0,0,0
S01010981,All people in households,739,182,557,565,51,514,122,79,43,52,52,0
S01010981,No central heating,1,0,1,1,0,1,0,0,0,0,0,0
S01010981,Gas central heating,713,174,539,546,48,498,116,75,41,51,51,0
S01010981,Electric (including storage heaters) central heating,12,4,8,7,1,6,5,3,2,0,0,0
S01010981,Oil central heating,0,0,0,0,0,0,0,0,0,0,0,0
S01010981,Solid fuel (for example wood coal) central heating,0,0,0,0,0,0,0,0,0,0,0,0
S01010981,Other central heating,3,0,3,3,0,3,0,0,0,0,0,0
S01010981,Two or more types of central heating,10,4,6,8,2,6,1,1,0,1,1,0
S01010982,All people in households,1048,170,878,915,76,839,110,74,36,23,20,3
S01010982,No central heating,0,0,0,0,0,0,0,0,0,0,0,0
S01010982,Gas central heating,935,141,794,826,67,759,90,58,32,19,16,3
S01010982,Electric (including storage heaters) central heating,29,8,21,23,4,19,6,4,2,0,0,0
S01010982,Oil central heating,45,12,33,37,5,32,5,4,1,3,3,0
S01010982,Solid fuel (for example wood coal) central heating,1,1,0,0,0,0,1,1,0,0,0,0
S01010982,Other central heating,7,1,6,6,0,6,1,1,0,0,0,0
S01010982,Two or more types of central heating,31,7,24,23,0,23,7,6,1,1,1,0
S01010983,All people in households,780,166,614,633,52,581,113,80,33,34,34,0
S01010983,No central heating,0,0,0,0,0,0,0,0,0,0,0,0
S01010983,Gas central heating,737,149,588,602,45,557,103,72,31,32,32,0
S01010983,Electric (including storage heaters) central heating,11,8,3,5,2,3,4,4,0,2,2,0
S01010983,Oil central heating,0,0,0,0,0,0,0,0,0,0,0,0
S01010983,Solid fuel (for example wood coal) central heating,14,5,9,12,3,9,2,2,0,0,0,0
S01010983,Other central heating,2,1,1,2,1,1,0,0,0,0,0,0
S01010983,Two or more types of central heating,16,3,13,12,1,11,4,2,2,0,0,0
S01010984,All people in households,663,148,515,541,55,486,89,61,28,33,32,1
S01010984,No central heating,6,3,3,3,1,2,3,2,1,0,0,0
S01010984,Gas central heating,641,141,500,527,54,473,82,56,26,32,31,1
S01010984,Electric (including storage heaters) central heating,10,1,9,8,0,8,2,1,1,0,0,0
S01010984,Oil central heating,0,0,0,0,0,0,0,0,0,0,0,0
S01010984,Solid fuel (for example wood coal) central heating,4,2,2,2,0,2,2,2,0,0,0,0
S01010984,Other central heating,0,0,0,0,0,0,0,0,0,0,0,0
S01010984,Two or more types of central heating,2,1,1,1,0,1,0,0,0,1,1,0
S01010985,All people in households,638,107,531,536,30,506,78,55,23,24,22,2
S01010985,No central heating,2,2,0,0,0,0,2,2,0,0,0,0
S01010985,Gas central heating,387,66,321,326,20,306,44,31,13,17,15,2
S01010985,Electric (including storage heaters) central heating,27,2,25,24,0,24,3,2,1,0,0,0
S01010985,Oil central heating,13,4,9,9,0,9,2,2,0,2,2,0
S01010985,Solid fuel (for example wood coal) central heating,3,0,3,2,0,2,1,0,1,0,0,0
S01010985,Other central heating,188,32,156,160,10,150,23,17,6,5,5,0
S01010985,Two or more types of central heating,18,1,17,15,0,15,3,1,2,0,0,0
S01010986,All people in households,537,41,496,510,25,485,19,9,10,8,7,1
S01010986,No central heating,7,0,7,7,0,7,0,0,0,0,0,0
S01010986,Gas central heating,529,40,489,503,25,478,19,9,10,7,6,1
S01010986,Electric (including storage heaters) central heating,1,1,0,0,0,0,0,0,0,1,1,0
S01010986,Oil central heating,0,0,0,0,0,0,0,0,0,0,0,0
S01010986,Solid fuel (for example wood coal) central heating,0,0,0,0,0,0,0,0,0,0,0,0
S01010986,Other central heating,0,0,0,0,0,0,0,0,0,0,0,0
S01010986,Two or more types of central heating,0,0,0,0,0,0,0,0,0,0,0,0
S01010987,All people in households,658,66,592,612,31,581,31,20,11,15,15,0
S01010987,No central heating,0,0,0,0,0,0,0,0,0,0,0,0
S01010987,Gas central heating,650,66,584,604,31,573,31,20,11,15,15,0
S01010987,Electric (including storage heaters) central heating,0,0,0,0,0,0,0,0,0,0,0,0
S01010987,Oil central heating,0,0,0,0,0,0,0,0,0,0,0,0
S01010987,Solid fuel (for example wood coal) central heating,0,0,0,0,0,0,0,0,0,0,0,0
S01010987,Other central heating,0,0,0,0,0,0,0,0,0,0,0,0
S01010987,Two or more types of central heating,8,0,8,8,0,8,0,0,0,0,0,0
S01010988,All people in households,627,47,580,590,21,569,26,15,11,11,11,0
S01010988,No central heating,0,0,0,0,0,0,0,0,0,0,0,0
S01010988,Gas central heating,616,45,571,581,21,560,25,14,11,10,10,0
S01010988,Electric (including storage heaters) central heating,7,2,5,5,0,5,1,1,0,1,1,0
S01010988,Oil central heating,0,0,0,0,0,0,0,0,0,0,0,0
S01010988,Solid fuel (for example wood coal) central heating,0,0,0,0,0,0,0,0,0,0,0,0
S01010988,Other central heating,4,0,4,4,0,4,0,0,0,0,0,0
S01010988,Two or more types of central heating,0,0,0,0,0,0,0,0,0,0,0,0
S01010989,All people in households,917,47,870,880,20,860,29,19,10,8,8,0
S01010989,No central heating,3,0,3,3,0,3,0,0,0,0,0,0
S01010989,Gas central heating,881,42,839,847,18,829,27,17,10,7,7,0
S01010989,Electric (including storage heaters) central heating,11,3,8,9,1,8,2,2,0,0,0,0
S01010989,Oil central heating,0,0,0,0,0,0,0,0,0,0,0,0
S01010989,Solid fuel (for example wood coal) central heating,2,1,1,1,0,1,0,0,0,1,1,0
S01010989,Other central heating,2,0,2,2,0,2,0,0,0,0,0,0
S01010989,Two or more types of central heating,18,1,17,18,1,17,0,0,0,0,0,0
S01010990,All people in households,798,166,632,655,48,607,91,68,23,52,50,2
S01010990,No central heating,1,0,1,1,0,1,0,0,0,0,0,0
S01010990,Gas central heating,761,158,603,624,46,578,90,67,23,47,45,2
S01010990,Electric (including storage heaters) central heating,4,1,3,4,1,3,0,0,0,0,0,0
S01010990,Oil central heating,4,0,4,4,0,4,0,0,0,0,0,0
S01010990,Solid fuel (for example wood coal) central heating,6,2,4,5,1,4,1,1,0,0,0,0
S01010990,Other central heating,12,5,7,7,0,7,0,0,0,5,5,0
S01010990,Two or more types of central heating,10,0,10,10,0,10,0,0,0,0,0,0
S01010991,All people in households,523,89,434,449,28,421,53,40,13,21,21,0
S01010991,No central heating,6,1,5,6,1,5,0,0,0,0,0,0
S01010991,Gas central heating,423,70,353,365,22,343,43,33,10,15,15,0
S01010991,Electric (including storage heaters) central heating,17,2,15,16,1,15,1,1,0,0,0,0
S01010991,Oil central heating,31,3,28,28,2,26,2,0,2,1,1,0
S01010991,Solid fuel (for example wood coal) central heating,17,6,11,12,1,11,2,2,0,3,3,0
S01010991,Other central heating,18,4,14,14,1,13,2,1,1,2,2,0
S01010991,Two or more types of central heating,11,3,8,8,0,8,3,3,0,0,0,0
S01010992,All people in households,583,41,542,553,15,538,22,18,4,8,8,0
S01010992,No central heating,0,0,0,0,0,0,0,0,0,0,0,0
S01010992,Gas central heating,568,39,529,540,15,525,22,18,4,6,6,0
S01010992,Electric (including storage heaters) central heating,4,0,4,4,0,4,0,0,0,0,0,0
S01010992,Oil central heating,0,0,0,0,0,0,0,0,0,0,0,0
S01010992,Solid fuel (for example wood coal) central heating,2,2,0,0,0,0,0,0,0,2,2,0
S01010992,Other central heating,0,0,0,0,0,0,0,0,0,0,0,0
S01010992,Two or more types of central heating,9,0,9,9,0,9,0,0,0,0,0,0
S01010993,All people in households,632,112,520,530,37,493,77,52,25,25,23,2
S01010993,No central heating,0,0,0,0,0,0,0,0,0,0,0,0
S01010993,Gas central heating,605,111,494,505,37,468,75,51,24,25,23,2
S01010993,Electric (including storage heaters) central heating,2,0,2,2,0,2,0,0,0,0,0,0
S01010993,Oil central heating,17,1,16,15,0,15,2,1,1,0,0,0
S01010993,Solid fuel (for example wood coal) central heating,0,0,0,0,0,0,0,0,0,0,0,0
S01010993,Other central heating,2,0,2,2,0,2,0,0,0,0,0,0
S01010993,Two or more types of central heating,6,0,6,6,0,6,0,0,0,0,0,0
S01010994,All people in households,992,124,868,908,60,848,64,44,20,20,20,0
S01010994,No central heating,6,1,5,6,1,5,0,0,0,0,0,0
S01010994,Gas central heating,953,117,836,874,57,817,60,41,19,19,19,0
S01010994,Electric (including storage heaters) central heating,10,3,7,7,1,6,2,1,1,1,1,0
S01010994,Oil central heating,0,0,0,0,0,0,0,0,0,0,0,0
S01010994,Solid fuel (for example wood coal) central heating,4,2,2,3,1,2,1,1,0,0,0,0
S01010994,Other central heating,2,0,2,2,0,2,0,0,0,0,0,0
S01010994,Two or more types of central heating,17,1,16,16,0,16,1,1,0,0,0,0
S01010995,All people in households,719,87,632,642,37,605,61,35,26,16,15,1
S01010995,No central heating,0,0,0,0,0,0,0,0,0,0,0,0
S01010995,Gas central heating,699,85,614,624,36,588,59,34,25,16,15,1
S01010995,Electric (including storage heaters) central heating,6,1,5,5,1,4,1,0,1,0,0,0
S01010995,Oil central heating,1,1,0,0,0,0,1,1,0,0,0,0
S01010995,Solid fuel (for example wood coal) central heating,0,0,0,0,0,0,0,0,0,0,0,0
S01010995,Other central heating,6,0,6,6,0,6,0,0,0,0,0,0
S01010995,Two or more types of central heating,7,0,7,7,0,7,0,0,0,0,0,0
S01010996,All people in households,553,73,480,488,26,462,49,31,18,16,16,0
S01010996,No central heating,0,0,0,0,0,0,0,0,0,0,0,0
S01010996,Gas central heating,529,69,460,469,26,443,46,29,17,14,14,0
S01010996,Electric (including storage heaters) central heating,10,3,7,7,0,7,1,1,0,2,2,0
S01010996,Oil central heating,1,0,1,1,0,1,0,0,0,0,0,0
S01010996,Solid fuel (for example wood coal) central heating,0,0,0,0,0,0,0,0,0,0,0,0
S01010996,Other central heating,0,0,0,0,0,0,0,0,0,0,0,0
S01010996,Two or more types of central heating,13,1,12,11,0,11,2,1,1,0,0,0
S01010997,All people in households,637,100,537,558,40,518,60,41,19,19,19,0
S01010997,No central heating,1,1,0,1,1,0,0,0,0,0,0,0
S01010997,Gas central heating,628,96,532,553,39,514,57,39,18,18,18,0
S01010997,Electric (including storage heaters) central heating,7,3,4,4,0,4,2,2,0,1,1,0
S01010997,Oil central heating,0,0,0,0,0,0,0,0,0,0,0,0
S01010997,Solid fuel (for example wood coal) central heating,0,0,0,0,0,0,0,0,0,0,0,0
S01010997,Other central heating,0,0,0,0,0,0,0,0,0,0,0,0
S01010997,Two or more types of central heating,1,0,1,0,0,0,1,0,1,0,0,0
S01010998,All people in households,578,66,512,535,32,503,35,26,9,8,8,0
S01010998,No central heating,1,1,0,0,0,0,0,0,0,1,1,0
S01010998,Gas central heating,556,63,493,516,32,484,33,24,9,7,7,0
S01010998,Electric (including storage heaters) central heating,5,2,3,3,0,3,2,2,0,0,0,0
S01010998,Oil central heating,0,0,0,0,0,0,0,0,0,0,0,0
S01010998,Solid fuel (for example wood coal) central heating,5,0,5,5,0,5,0,0,0,0,0,0
S01010998,Other central heating,0,0,0,0,0,0,0,0,0,0,0,0
S01010998,Two or more types of central heating,11,0,11,11,0,11,0,0,0,0,0,0
S01010999,All people in households,886,165,721,745,54,691,99,71,28,42,40,2
S01010999,No central heating,2,0,2,2,0,2,0,0,0,0,0,0
S01010999,Gas central heating,818,137,681,702,48,654,83,58,25,33,31,2
S01010999,Electric (including storage heaters) central heating,30,15,15,15,2,13,9,7,2,6,6,0
S01010999,Oil central heating,2,0,2,2,0,2,0,0,0,0,0,0
S01010999,Solid fuel (for example wood coal) central heating,1,0,1,1,0,1,0,0,0,0,0,0
S01010999,Other central heating,7,6,1,3,2,1,3,3,0,1,1,0
S01010999,Two or more types of central heating,26,7,19,20,2,18,4,3,1,2,2,0
S01011000,All people in households,842,139,703,725,47,678,88,64,24,29,28,1
S01011000,No central heating,21,4,17,19,2,17,2,2,0,0,0,0
S01011000,Gas central heating,533,90,443,457,31,426,55,39,16,21,20,1
S01011000,Electric (including storage heaters) central heating,71,16,55,57,4,53,9,7,2,5,5,0
S01011000,Oil central heating,129,21,108,115,9,106,12,10,2,2,2,0
S01011000,Solid fuel (for example wood coal) central heating,27,4,23,22,0,22,4,3,1,1,1,0
S01011000,Other central heating,46,4,42,40,1,39,6,3,3,0,0,0
S01011000,Two or more types of central heating,15,0,15,15,0,15,0,0,0,0,0,0
S01011001,All people in households,643,138,505,515,32,483,84,63,21,44,43,1
S01011001,No central heating,1,1,0,0,0,0,1,1,0,0,0,0
S01011001,Gas central heating,630,129,501,507,28,479,79,58,21,44,43,1
S01011001,Electric (including storage heaters) central heating,3,3,0,1,1,0,2,2,0,0,0,0
S01011001,Oil central heating,0,0,0,0,0,0,0,0,0,0,0,0
S01011001,Solid fuel (for example wood coal) central heating,0,0,0,0,0,0,0,0,0,0,0,0
S01011001,Other central heating,0,0,0,0,0,0,0,0,0,0,0,0
S01011001,Two or more types of central heating,9,5,4,7,3,4,2,2,0,0,0,0
S01011002,All people in households,707,188,519,543,51,492,111,87,24,53,50,3
S01011002,No central heating,5,0,5,5,0,5,0,0,0,0,0,0
S01011002,Gas central heating,666,173,493,516,47,469,104,82,22,46,44,2
S01011002,Electric (including storage heaters) central heating,7,5,2,4,2,2,1,1,0,2,2,0
S01011002,Oil central heating,0,0,0,0,0,0,0,0,0,0,0,0
S01011002,Solid fuel (for example wood coal) central heating,18,6,12,10,1,9,6,4,2,2,1,1
S01011002,Other central heating,3,1,2,2,0,2,0,0,0,1,1,0
S01011002,Two or more types of central heating,8,3,5,6,1,5,0,0,0,2,2,0
S01011003,All people in households,688,147,541,546,37,509,97,67,30,45,43,2
S01011003,No central heating,2,0,2,2,0,2,0,0,0,0,0,0
S01011003,Gas central heating,628,130,498,512,36,476,77,57,20,39,37,2
S01011003,Electric (including storage heaters) central heating,21,10,11,9,1,8,9,6,3,3,3,0
S01011003,Oil central heating,3,0,3,3,0,3,0,0,0,0,0,0
S01011003,Solid fuel (for example wood coal) central heating,10,3,7,3,0,3,6,2,4,1,1,0
S01011003,Other central heating,2,1,1,0,0,0,2,1,1,0,0,0
S01011003,Two or more types of central heating,22,3,19,17,0,17,3,1,2,2,2,0
S01011004,All people in households,624,102,522,530,25,505,65,49,16,29,28,1
S01011004,No central heating,0,0,0,0,0,0,0,0,0,0,0,0
S01011004,Gas central heating,596,94,502,508,23,485,62,46,16,26,25,1
S01011004,Electric (including storage heaters) central heating,9,5,4,5,1,4,1,1,0,3,3,0
S01011004,Oil central heating,4,1,3,3,0,3,1,1,0,0,0,0
S01011004,Solid fuel (for example wood coal) central heating,3,0,3,3,0,3,0,0,0,0,0,0
S01011004,Other central heating,0,0,0,0,0,0,0,0,0,0,0,0
S01011004,Two or more types of central heating,12,2,10,11,1,10,1,1,0,0,0,0
S01011005,All people in households,660,165,495,494,42,452,119,76,43,47,47,0
S01011005,No central heating,3,0,3,2,0,2,1,0,1,0,0,0
S01011005,Gas central heating,605,153,452,449,38,411,114,73,41,42,42,0
S01011005,Electric (including storage heaters) central heating,16,6,10,12,2,10,2,2,0,2,2,0
S01011005,Oil central heating,1,0,1,1,0,1,0,0,0,0,0,0
S01011005,Solid fuel (for example wood coal) central heating,9,4,5,6,2,4,2,1,1,1,1,0
S01011005,Other central heating,2,0,2,2,0,2,0,0,0,0,0,0
S01011005,Two or more types of central heating,24,2,22,22,0,22,0,0,0,2,2,0
S01011006,All people in households,1002,138,864,849,28,821,106,66,40,47,44,3
S01011006,No central heating,9,3,6,5,0,5,3,2,1,1,1,0
S01011006,Gas central heating,919,126,793,780,27,753,97,59,38,42,40,2
S01011006,Electric (including storage heaters) central heating,9,1,8,9,1,8,0,0,0,0,0,0
S01011006,Oil central heating,33,4,29,29,0,29,2,2,0,2,2,0
S01011006,Solid fuel (for example wood coal) central heating,7,3,4,3,0,3,2,2,0,2,1,1
S01011006,Other central heating,6,1,5,5,0,5,1,1,0,0,0,0
S01011006,Two or more types of central heating,19,0,19,18,0,18,1,0,1,0,0,0
S01011007,All people in households,684,159,525,531,41,490,106,73,33,47,45,2
S01011007,No central heating,0,0,0,0,0,0,0,0,0,0,0,0
S01011007,Gas central heating,659,150,509,515,40,475,101,69,32,43,41,2
S01011007,Electric (including storage heaters) central heating,3,2,1,0,0,0,2,1,1,1,1,0
S01011007,Oil central heating,7,0,7,7,0,7,0,0,0,0,0,0
S01011007,Solid fuel (for example wood coal) central heating,7,2,5,5,0,5,1,1,0,1,1,0
S01011007,Other central heating,4,1,3,3,0,3,0,0,0,1,1,0
S01011007,Two or more types of central heating,4,4,0,1,1,0,2,2,0,1,1,0
S01011008,All people in households,783,155,628,628,37,591,107,71,36,48,47,1
S01011008,No central heating,2,0,2,2,0,2,0,0,0,0,0,0
S01011008,Gas central heating,739,149,590,589,36,553,102,66,36,48,47,1
S01011008,Electric (including storage heaters) central heating,15,5,10,11,1,10,4,4,0,0,0,0
S01011008,Oil central heating,4,0,4,4,0,4,0,0,0,0,0,0
S01011008,Solid fuel (for example wood coal) central heating,3,0,3,3,0,3,0,0,0,0,0,0
S01011008,Other central heating,3,1,2,2,0,2,1,1,0,0,0,0
S01011008,Two or more types of central heating,17,0,17,17,0,17,0,0,0,0,0,0
S01011009,All people in households,508,91,417,419,30,389,54,31,23,35,30,5
S01011009,No central heating,0,0,0,0,0,0,0,0,0,0,0,0
S01011009,Gas central heating,482,85,397,401,29,372,48,27,21,33,29,4
S01011009,Electric (including storage heaters) central heating,8,3,5,6,1,5,2,2,0,0,0,0
S01011009,Oil central heating,3,0,3,3,0,3,0,0,0,0,0,0
S01011009,Solid fuel (for example wood coal) central heating,5,2,3,2,0,2,3,2,1,0,0,0
S01011009,Other central heating,0,0,0,0,0,0,0,0,0,0,0,0
S01011009,Two or more types of central heating,10,1,9,7,0,7,1,0,1,2,1,1
S01011010,All people in households,558,144,414,427,46,381,92,63,29,39,35,4
S01011010,No central heating,5,0,5,5,0,5,0,0,0,0,0,0
S01011010,Gas central heating,412,95,317,325,29,296,59,40,19,28,26,2
S01011010,Electric (including storage heaters) central heating,109,41,68,78,16,62,23,18,5,8,7,1
S01011010,Oil central heating,0,0,0,0,0,0,0,0,0,0,0,0
S01011010,Solid fuel (for example wood coal) central heating,0,0,0,0,0,0,0,0,0,0,0,0
S01011010,Other central heating,0,0,0,0,0,0,0,0,0,0,0,0
S01011010,Two or more types of central heating,32,8,24,19,1,18,10,5,5,3,2,1
S01011011,All people in households,753,231,522,527,57,470,151,101,50,75,73,2
S01011011,No central heating,10,1,9,9,0,9,1,1,0,0,0,0
S01011011,Gas central heating,662,196,466,463,48,415,138,89,49,61,59,2
S01011011,Electric (including storage heaters) central heating,52,24,28,31,4,27,10,9,1,11,11,0
S01011011,Oil central heating,2,0,2,2,0,2,0,0,0,0,0,0
S01011011,Solid fuel (for example wood coal) central heating,3,0,3,3,0,3,0,0,0,0,0,0
S01011011,Other central heating,8,5,3,4,1,3,2,2,0,2,2,0
S01011011,Two or more types of central heating,16,5,11,15,4,11,0,0,0,1,1,0
S01011012,All people in households,722,182,540,555,48,507,102,71,31,65,63,2
S01011012,No central heating,2,1,1,1,0,1,1,1,0,0,0,0
S01011012,Gas central heating,678,171,507,518,42,476,97,68,29,63,61,2
S01011012,Electric (including storage heaters) central heating,2,1,1,2,1,1,0,0,0,0,0,0
S01011012,Oil central heating,10,2,8,9,2,7,1,0,1,0,0,0
S01011012,Solid fuel (for example wood coal) central heating,2,1,1,1,0,1,1,1,0,0,0,0
S01011012,Other central heating,2,0,2,2,0,2,0,0,0,0,0,0
S01011012,Two or more types of central heating,26,6,20,22,3,19,2,1,1,2,2,0
S01011013,All people in households,802,201,601,633,64,569,125,95,30,44,42,2
S01011013,No central heating,4,1,3,3,0,3,0,0,0,1,1,0
S01011013,Gas central heating,752,181,571,602,61,541,113,85,28,37,35,2
S01011013,Electric (including storage heaters) central heating,7,4,3,4,1,3,2,2,0,1,1,0
S01011013,Oil central heating,0,0,0,0,0,0,0,0,0,0,0,0
S01011013,Solid fuel (for example wood coal) central heating,22,8,14,13,1,12,5,3,2,4,4,0
S01011013,Other central heating,4,1,3,3,0,3,1,1,0,0,0,0
S01011013,Two or more types of central heating,13,6,7,8,1,7,4,4,0,1,1,0
S01011014,All people in households,811,147,664,673,39,634,106,76,30,32,32,0
S01011014,No central heating,1,0,1,1,0,1,0,0,0,0,0,0
S01011014,Gas central heating,760,139,621,633,38,595,99,73,26,28,28,0
S01011014,Electric (including storage heaters) central heating,36,8,28,25,1,24,7,3,4,4,4,0
S01011014,Oil central heating,0,0,0,0,0,0,0,0,0,0,0,0
S01011014,Solid fuel (for example wood coal) central heating,1,0,1,1,0,1,0,0,0,0,0,0
S01011014,Other central heating,0,0,0,0,0,0,0,0,0,0,0,0
S01011014,Two or more types of central heating,13,0,13,13,0,13,0,0,0,0,0,0
S01011015,All people in households,443,78,365,347,10,337,73,46,27,23,22,1
S01011015,No central heating,0,0,0,0,0,0,0,0,0,0,0,0
S01011015,Gas central heating,422,67,355,340,9,331,62,39,23,20,19,1
S01011015,Electric (including storage heaters) central heating,10,8,2,2,1,1,7,6,1,1,1,0
S01011015,Oil central heating,0,0,0,0,0,0,0,0,0,0,0,0
S01011015,Solid fuel (for example wood coal) central heating,9,2,7,5,0,5,2,0,2,2,2,0
S01011015,Other central heating,2,1,1,0,0,0,2,1,1,0,0,0
S01011015,Two or more types of central heating,0,0,0,0,0,0,0,0,0,0,0,0
S01011016,All people in households,846,79,767,787,38,749,44,26,18,15,15,0
S01011016,No central heating,2,0,2,2,0,2,0,0,0,0,0,0
S01011016,Gas central heating,802,71,731,749,36,713,38,20,18,15,15,0
S01011016,Electric (including storage heaters) central heating,15,3,12,13,1,12,2,2,0,0,0,0
S01011016,Oil central heating,10,1,9,10,1,9,0,0,0,0,0,0
S01011016,Solid fuel (for example wood coal) central heating,1,1,0,0,0,0,1,1,0,0,0,0
S01011016,Other central heating,2,0,2,2,0,2,0,0,0,0,0,0
S01011016,Two or more types of central heating,14,3,11,11,0,11,3,3,0,0,0,0
S01011017,All people in households,822,146,676,707,56,651,79,54,25,36,36,0
S01011017,No central heating,13,5,8,9,2,7,3,2,1,1,1,0
S01011017,Gas central heating,150,23,127,130,7,123,12,8,4,8,8,0
S01011017,Electric (including storage heaters) central heating,98,28,70,77,12,65,13,8,5,8,8,0
S01011017,Oil central heating,436,63,373,389,25,364,36,27,9,11,11,0
S01011017,Solid fuel (for example wood coal) central heating,60,14,46,48,5,43,7,4,3,5,5,0
S01011017,Other central heating,38,9,29,32,3,29,3,3,0,3,3,0
S01011017,Two or more types of central heating,27,4,23,22,2,20,5,2,3,0,0,0
S01011018,All people in households,860,165,695,714,52,662,105,74,31,41,39,2
S01011018,No central heating,19,3,16,15,0,15,4,3,1,0,0,0
S01011018,Gas central heating,82,17,65,71,9,62,6,4,2,5,4,1
S01011018,Electric (including storage heaters) central heating,275,60,215,223,18,205,38,28,10,14,14,0
S01011018,Oil central heating,271,33,238,239,9,230,24,17,7,8,7,1
S01011018,Solid fuel (for example wood coal) central heating,173,40,133,134,11,123,28,18,10,11,11,0
S01011018,Other central heating,16,7,9,9,1,8,5,4,1,2,2,0
S01011018,Two or more types of central heating,24,5,19,23,4,19,0,0,0,1,1,0
S01011019,All people in households,1031,136,895,907,41,866,95,67,28,29,28,1
S01011019,No central heating,13,7,6,8,2,6,3,3,0,2,2,0
S01011019,Gas central heating,499,59,440,447,18,429,37,26,11,15,15,0
S01011019,Electric (including storage heaters) central heating,82,25,57,59,5,54,18,15,3,5,5,0
S01011019,Oil central heating,348,30,318,318,9,309,26,17,9,4,4,0
S01011019,Solid fuel (for example wood coal) central heating,48,6,42,42,3,39,5,2,3,1,1,0
S01011019,Other central heating,17,5,12,14,3,11,2,1,1,1,1,0
S01011019,Two or more types of central heating,24,4,20,19,1,18,4,3,1,1,0,1
S01011020,All people in households,471,72,399,407,24,383,43,27,16,21,21,0
S01011020,No central heating,14,4,10,10,1,9,4,3,1,0,0,0
S01011020,Gas central heating,173,27,146,148,8,140,14,8,6,11,11,0
S01011020,Electric (including storage heaters) central heating,33,7,26,27,2,25,5,4,1,1,1,0
S01011020,Oil central heating,165,24,141,146,9,137,14,10,4,5,5,0
S01011020,Solid fuel (for example wood coal) central heating,32,6,26,27,2,25,2,1,1,3,3,0
S01011020,Other central heating,28,2,26,26,1,25,2,1,1,0,0,0
S01011020,Two or more types of central heating,26,2,24,23,1,22,2,0,2,1,1,0
S01011021,All people in households,882,208,674,695,59,636,130,93,37,57,56,1
S01011021,No central heating,1,1,0,0,0,0,1,1,0,0,0,0
S01011021,Gas central heating,853,203,650,672,57,615,125,91,34,56,55,1
S01011021,Electric (including storage heaters) central heating,9,2,7,8,1,7,0,0,0,1,1,0
S01011021,Oil central heating,0,0,0,0,0,0,0,0,0,0,0,0
S01011021,Solid fuel (for example wood coal) central heating,15,2,13,11,1,10,4,1,3,0,0,0
S01011021,Other central heating,0,0,0,0,0,0,0,0,0,0,0,0
S01011021,Two or more types of central heating,4,0,4,4,0,4,0,0,0,0,0,0
S01011022,All people in households,581,125,456,469,42,427,74,46,28,38,37,1
S01011022,No central heating,1,1,0,0,0,0,0,0,0,1,1,0
S01011022,Gas central heating,553,118,435,445,39,406,73,45,28,35,34,1
S01011022,Electric (including storage heaters) central heating,10,3,7,8,1,7,0,0,0,2,2,0
S01011022,Oil central heating,1,1,0,0,0,0,1,1,0,0,0,0
S01011022,Solid fuel (for example wood coal) central heating,5,0,5,5,0,5,0,0,0,0,0,0
S01011022,Other central heating,0,0,0,0,0,0,0,0,0,0,0,0
S01011022,Two or more types of central heating,11,2,9,11,2,9,0,0,0,0,0,0
S01011023,All people in households,812,168,644,643,46,597,118,73,45,51,49,2
S01011023,No central heating,2,1,1,0,0,0,1,0,1,1,1,0
S01011023,Gas central heating,773,155,618,616,42,574,113,70,43,44,43,1
S01011023,Electric (including storage heaters) central heating,15,5,10,11,1,10,2,2,0,2,2,0
S01011023,Oil central heating,0,0,0,0,0,0,0,0,0,0,0,0
S01011023,Solid fuel (for example wood coal) central heating,11,5,6,5,1,4,2,1,1,4,3,1
S01011023,Other central heating,0,0,0,0,0,0,0,0,0,0,0,0
S01011023,Two or more types of central heating,11,2,9,11,2,9,0,0,0,0,0,0
S01011024,All people in households,782,137,645,641,38,603,102,63,39,39,36,3
S01011024,No central heating,11,3,8,7,0,7,3,2,1,1,1,0
S01011024,Gas central heating,726,126,600,598,38,560,92,55,37,36,33,3
S01011024,Electric (including storage heaters) central heating,3,0,3,3,0,3,0,0,0,0,0,0
S01011024,Oil central heating,0,0,0,0,0,0,0,0,0,0,0,0
S01011024,Solid fuel (for example wood coal) central heating,13,5,8,8,0,8,5,5,0,0,0,0
S01011024,Other central heating,0,0,0,0,0,0,0,0,0,0,0,0
S01011024,Two or more types of central heating,29,3,26,25,0,25,2,1,1,2,2,0
S01011025,All people in households,680,129,551,557,39,518,77,45,32,46,45,1
S01011025,No central heating,3,2,1,1,0,1,1,1,0,1,1,0
S01011025,Gas central heating,647,122,525,528,35,493,75,44,31,44,43,1
S01011025,Electric (including storage heaters) central heating,0,0,0,0,0,0,0,0,0,0,0,0
S01011025,Oil central heating,3,1,2,3,1,2,0,0,0,0,0,0
S01011025,Solid fuel (for example wood coal) central heating,16,2,14,15,2,13,1,0,1,0,0,0
S01011025,Other central heating,0,0,0,0,0,0,0,0,0,0,0,0
S01011025,Two or more types of central heating,11,2,9,10,1,9,0,0,0,1,1,0
S01011026,All people in households,540,115,425,430,31,399,68,43,25,42,41,1
S01011026,No central heating,0,0,0,0,0,0,0,0,0,0,0,0
S01011026,Gas central heating,515,109,406,410,28,382,64,41,23,41,40,1
S01011026,Electric (including storage heaters) central heating,0,0,0,0,0,0,0,0,0,0,0,0
S01011026,Oil central heating,0,0,0,0,0,0,0,0,0,0,0,0
S01011026,Solid fuel (for example wood coal) central heating,13,4,9,8,1,7,4,2,2,1,1,0
S01011026,Other central heating,0,0,0,0,0,0,0,0,0,0,0,0
S01011026,Two or more types of central heating,12,2,10,12,2,10,0,0,0,0,0,0
S01011027,All people in households,928,232,696,701,64,637,156,100,56,71,68,3
S01011027,No central heating,5,1,4,3,1,2,2,0,2,0,0,0
S01011027,Gas central heating,843,202,641,646,56,590,134,85,49,63,61,2
S01011027,Electric (including storage heaters) central heating,48,23,25,28,6,22,14,12,2,6,5,1
S01011027,Oil central heating,0,0,0,0,0,0,0,0,0,0,0,0
S01011027,Solid fuel (for example wood coal) central heating,15,6,9,9,1,8,4,3,1,2,2,0
S01011027,Other central heating,5,0,5,5,0,5,0,0,0,0,0,0
S01011027,Two or more types of central heating,12,0,12,10,0,10,2,0,2,0,0,0
S01011028,All people in households,987,207,780,801,69,732,124,78,46,62,60,2
S01011028,No central heating,0,0,0,0,0,0,0,0,0,0,0,0
S01011028,Gas central heating,962,200,762,784,66,718,120,77,43,58,57,1
S01011028,Electric (including storage heaters) central heating,6,3,3,4,1,3,0,0,0,2,2,0
S01011028,Oil central heating,3,0,3,3,0,3,0,0,0,0,0,0
S01011028,Solid fuel (for example wood coal) central heating,2,0,2,1,0,1,1,0,1,0,0,0
S01011028,Other central heating,6,3,3,5,2,3,1,1,0,0,0,0
S01011028,Two or more types of central heating,8,1,7,4,0,4,2,0,2,2,1,1
S01011029,All people in households,615,135,480,503,45,458,85,64,21,27,26,1
S01011029,No central heating,9,1,8,7,0,7,1,0,1,1,1,0
S01011029,Gas central heating,558,114,444,465,41,424,71,52,19,22,21,1
S01011029,Electric (including storage heaters) central heating,27,14,13,16,4,12,9,8,1,2,2,0
S01011029,Oil central heating,0,0,0,0,0,0,0,0,0,0,0,0
S01011029,Solid fuel (for example wood coal) central heating,8,2,6,6,0,6,1,1,0,1,1,0
S01011029,Other central heating,0,0,0,0,0,0,0,0,0,0,0,0
S01011029,Two or more types of central heating,13,4,9,9,0,9,3,3,0,1,1,0
S01011030,All people in households,969,172,797,827,64,763,104,70,34,38,38,0
S01011030,No central heating,4,1,3,3,0,3,1,1,0,0,0,0
S01011030,Gas central heating,909,168,741,774,64,710,97,66,31,38,38,0
S01011030,Electric (including storage heaters) central heating,40,2,38,35,0,35,5,2,3,0,0,0
S01011030,Oil central heating,5,0,5,5,0,5,0,0,0,0,0,0
S01011030,Solid fuel (for example wood coal) central heating,3,0,3,3,0,3,0,0,0,0,0,0
S01011030,Other central heating,0,0,0,0,0,0,0,0,0,0,0,0
S01011030,Two or more types of central heating,8,1,7,7,0,7,1,1,0,0,0,0
S01011031,All people in households,734,167,567,559,44,515,125,74,51,50,49,1
S01011031,No central heating,0,0,0,0,0,0,0,0,0,0,0,0
S01011031,Gas central heating,692,157,535,527,39,488,118,72,46,47,46,1
S01011031,Electric (including storage heaters) central heating,17,6,11,11,2,9,3,1,2,3,3,0
S01011031,Oil central heating,4,0,4,3,0,3,1,0,1,0,0,0
S01011031,Solid fuel (for example wood coal) central heating,12,2,10,11,2,9,1,0,1,0,0,0
S01011031,Other central heating,0,0,0,0,0,0,0,0,0,0,0,0
S01011031,Two or more types of central heating,9,2,7,7,1,6,2,1,1,0,0,0
S01011032,All people in households,778,172,606,611,46,565,114,73,41,53,53,0
S01011032,No central heating,4,0,4,4,0,4,0,0,0,0,0,0
S01011032,Gas central heating,694,161,533,535,42,493,112,72,40,47,47,0
S01011032,Electric (including storage heaters) central heating,43,6,37,40,3,37,1,1,0,2,2,0
S01011032,Oil central heating,3,0,3,3,0,3,0,0,0,0,0,0
S01011032,Solid fuel (for example wood coal) central heating,8,1,7,6,0,6,1,0,1,1,1,0
S01011032,Other central heating,3,0,3,3,0,3,0,0,0,0,0,0
S01011032,Two or more types of central heating,23,4,19,20,1,19,0,0,0,3,3,0
S01011033,All people in households,633,128,505,514,39,475,89,60,29,30,29,1
S01011033,No central heating,0,0,0,0,0,0,0,0,0,0,0,0
S01011033,Gas central heating,614,119,495,505,38,467,80,53,27,29,28,1
S01011033,Electric (including storage heaters) central heating,6,2,4,2,0,2,3,1,2,1,1,0
S01011033,Oil central heating,0,0,0,0,0,0,0,0,0,0,0,0
S01011033,Solid fuel (for example wood coal) central heating,2,2,0,0,0,0,2,2,0,0,0,0
S01011033,Other central heating,0,0,0,0,0,0,0,0,0,0,0,0
S01011033,Two or more types of central heating,11,5,6,7,1,6,4,4,0,0,0,0
S01011034,All people in households,664,194,470,501,53,448,101,79,22,62,62,0
S01011034,No central heating,0,0,0,0,0,0,0,0,0,0,0,0
S01011034,Gas central heating,640,181,459,490,50,440,91,72,19,59,59,0
S01011034,Electric (including storage heaters) central heating,11,7,4,5,2,3,6,5,1,0,0,0
S01011034,Oil central heating,0,0,0,0,0,0,0,0,0,0,0,0
S01011034,Solid fuel (for example wood coal) central heating,0,0,0,0,0,0,0,0,0,0,0,0
S01011034,Other central heating,3,2,1,1,0,1,1,1,0,1,1,0
S01011034,Two or more types of central heating,10,4,6,5,1,4,3,1,2,2,2,0
S01011035,All people in households,662,142,520,521,33,488,91,62,29,50,47,3
S01011035,No central heating,0,0,0,0,0,0,0,0,0,0,0,0
S01011035,Gas central heating,639,135,504,505,32,473,85,57,28,49,46,3
S01011035,Electric (including storage heaters) central heating,3,2,1,1,0,1,1,1,0,1,1,0
S01011035,Oil central heating,0,0,0,0,0,0,0,0,0,0,0,0
S01011035,Solid fuel (for example wood coal) central heating,8,3,5,5,1,4,3,2,1,0,0,0
S01011035,Other central heating,0,0,0,0,0,0,0,0,0,0,0,0
S01011035,Two or more types of central heating,12,2,10,10,0,10,2,2,0,0,0,0
S01011036,All people in households,646,141,505,518,45,473,83,52,31,45,44,1
S01011036,No central heating,3,1,2,2,0,2,1,1,0,0,0,0
S01011036,Gas central heating,599,131,468,476,40,436,80,49,31,43,42,1
S01011036,Electric (including storage heaters) central heating,38,8,30,35,5,30,2,2,0,1,1,0
S01011036,Oil central heating,0,0,0,0,0,0,0,0,0,0,0,0
S01011036,Solid fuel (for example wood coal) central heating,3,1,2,2,0,2,0,0,0,1,1,0
S01011036,Other central heating,2,0,2,2,0,2,0,0,0,0,0,0
S01011036,Two or more types of central heating,1,0,1,1,0,1,0,0,0,0,0,0
S01011037,All people in households,963,187,776,782,57,725,140,89,51,41,41,0
S01011037,No central heating,5,2,3,3,0,3,2,2,0,0,0,0
S01011037,Gas central heating,877,167,710,716,51,665,123,78,45,38,38,0
S01011037,Electric (including storage heaters) central heating,30,10,20,21,3,18,9,7,2,0,0,0
S01011037,Oil central heating,5,1,4,4,0,4,1,1,0,0,0,0
S01011037,Solid fuel (for example wood coal) central heating,12,4,8,6,1,5,4,1,3,2,2,0
S01011037,Other central heating,0,0,0,0,0,0,0,0,0,0,0,0
S01011037,Two or more types of central heating,34,3,31,32,2,30,1,0,1,1,1,0
S01011038,All people in households,885,195,690,706,59,647,113,72,41,66,64,2
S01011038,No central heating,2,0,2,2,0,2,0,0,0,0,0,0
S01011038,Gas central heating,858,182,676,692,56,636,106,68,38,60,58,2
S01011038,Electric (including storage heaters) central heating,11,6,5,4,0,4,4,3,1,3,3,0
S01011038,Oil central heating,0,0,0,0,0,0,0,0,0,0,0,0
S01011038,Solid fuel (for example wood coal) central heating,5,2,3,4,1,3,1,1,0,0,0,0
S01011038,Other central heating,6,2,4,4,2,2,2,0,2,0,0,0
S01011038,Two or more types of central heating,3,3,0,0,0,0,0,0,0,3,3,0
S01011039,All people in households,782,169,613,624,50,574,104,68,36,54,51,3
S01011039,No central heating,5,0,5,5,0,5,0,0,0,0,0,0
S01011039,Gas central heating,588,117,471,476,37,439,78,47,31,34,33,1
S01011039,Electric (including storage heaters) central heating,168,49,119,125,12,113,24,20,4,19,17,2
S01011039,Oil central heating,4,1,3,3,0,3,1,1,0,0,0,0
S01011039,Solid fuel (for example wood coal) central heating,1,1,0,1,1,0,0,0,0,0,0,0
S01011039,Other central heating,0,0,0,0,0,0,0,0,0,0,0,0
S01011039,Two or more types of central heating,16,1,15,14,0,14,1,0,1,1,1,0
S01011040,All people in households,752,137,615,617,35,582,85,53,32,50,49,1
S01011040,No central heating,5,0,5,2,0,2,2,0,2,1,0,1
S01011040,Gas central heating,704,128,576,578,30,548,78,50,28,48,48,0
S01011040,Electric (including storage heaters) central heating,7,1,6,5,0,5,2,1,1,0,0,0
S01011040,Oil central heating,8,0,8,8,0,8,0,0,0,0,0,0
S01011040,Solid fuel (for example wood coal) central heating,11,4,7,10,3,7,1,1,0,0,0,0
S01011040,Other central heating,4,0,4,4,0,4,0,0,0,0,0,0
S01011040,Two or more types of central heating,13,4,9,10,2,8,2,1,1,1,1,0
S01011041,All people in households,789,172,617,629,40,589,92,68,24,68,64,4
S01011041,No central heating,2,1,1,0,0,0,1,0,1,1,1,0
S01011041,Gas central heating,743,164,579,592,39,553,85,63,22,66,62,4
S01011041,Electric (including storage heaters) central heating,7,1,6,6,0,6,1,1,0,0,0,0
S01011041,Oil central heating,4,0,4,4,0,4,0,0,0,0,0,0
S01011041,Solid fuel (for example wood coal) central heating,6,0,6,6,0,6,0,0,0,0,0,0
S01011041,Other central heating,6,4,2,2,0,2,3,3,0,1,1,0
S01011041,Two or more types of central heating,21,2,19,19,1,18,2,1,1,0,0,0
S01011042,All people in households,813,119,694,700,42,658,81,45,36,32,32,0
S01011042,No central heating,1,1,0,1,1,0,0,0,0,0,0,0
S01011042,Gas central heating,759,106,653,656,36,620,74,41,33,29,29,0
S01011042,Electric (including storage heaters) central heating,12,5,7,9,3,6,3,2,1,0,0,0
S01011042,Oil central heating,4,1,3,2,0,2,2,1,1,0,0,0
S01011042,Solid fuel (for example wood coal) central heating,8,2,6,7,1,6,0,0,0,1,1,0
S01011042,Other central heating,4,0,4,4,0,4,0,0,0,0,0,0
S01011042,Two or more types of central heating,25,4,21,21,1,20,2,1,1,2,2,0
S01011043,All people in households,707,145,562,580,51,529,96,65,31,31,29,2
S01011043,No central heating,4,2,2,3,1,2,1,1,0,0,0,0
S01011043,Gas central heating,645,118,527,538,41,497,80,52,28,27,25,2
S01011043,Electric (including storage heaters) central heating,12,9,3,7,4,3,5,5,0,0,0,0
S01011043,Oil central heating,0,0,0,0,0,0,0,0,0,0,0,0
S01011043,Solid fuel (for example wood coal) central heating,17,12,5,7,2,5,6,6,0,4,4,0
S01011043,Other central heating,0,0,0,0,0,0,0,0,0,0,0,0
S01011043,Two or more types of central heating,29,4,25,25,3,22,4,1,3,0,0,0
S01011044,All people in households,694,148,546,559,44,515,84,57,27,51,47,4
S01011044,No central heating,5,0,5,5,0,5,0,0,0,0,0,0
S01011044,Gas central heating,649,136,513,522,40,482,80,53,27,47,43,4
S01011044,Electric (including storage heaters) central heating,4,2,2,2,0,2,0,0,0,2,2,0
S01011044,Oil central heating,7,1,6,6,0,6,1,1,0,0,0,0
S01011044,Solid fuel (for example wood coal) central heating,4,0,4,4,0,4,0,0,0,0,0,0
S01011044,Other central heating,0,0,0,0,0,0,0,0,0,0,0,0
S01011044,Two or more types of central heating,25,9,16,20,4,16,3,3,0,2,2,0
S01011045,All people in households,815,129,686,716,54,662,74,51,23,25,24,1
S01011045,No central heating,27,3,24,26,2,24,1,1,0,0,0,0
S01011045,Gas central heating,58,8,50,52,4,48,4,2,2,2,2,0
S01011045,Electric (including storage heaters) central heating,136,38,98,111,17,94,18,14,4,7,7,0
S01011045,Oil central heating,443,61,382,391,25,366,39,24,15,13,12,1
S01011045,Solid fuel (for example wood coal) central heating,69,10,59,63,4,59,4,4,0,2,2,0
S01011045,Other central heating,11,1,10,11,1,10,0,0,0,0,0,0
S01011045,Two or more types of central heating,71,8,63,62,1,61,8,6,2,1,1,0
S01011046,All people in households,854,149,705,718,51,667,101,65,36,35,33,2
S01011046,No central heating,37,12,25,25,5,20,10,5,5,2,2,0
S01011046,Gas central heating,50,17,33,35,5,30,10,7,3,5,5,0
S01011046,Electric (including storage heaters) central heating,50,11,39,41,3,38,6,5,1,3,3,0
S01011046,Oil central heating,539,75,464,474,30,444,50,30,20,15,15,0
S01011046,Solid fuel (for example wood coal) central heating,76,13,63,60,3,57,14,8,6,2,2,0
S01011046,Other central heating,9,0,9,9,0,9,0,0,0,0,0,0
S01011046,Two or more types of central heating,93,21,72,74,5,69,11,10,1,8,6,2
S01011047,All people in households,988,149,839,860,50,810,93,66,27,35,33,2
S01011047,No central heating,15,5,10,10,1,9,5,4,1,0,0,0
S01011047,Gas central heating,296,52,244,250,11,239,31,26,5,15,15,0
S01011047,Electric (including storage heaters) central heating,68,10,58,59,4,55,6,4,2,3,2,1
S01011047,Oil central heating,468,62,406,416,27,389,44,28,16,8,7,1
S01011047,Solid fuel (for example wood coal) central heating,28,5,23,24,2,22,1,0,1,3,3,0
S01011047,Other central heating,25,4,21,23,2,21,2,2,0,0,0,0
S01011047,Two or more types of central heating,88,11,77,78,3,75,4,2,2,6,6,0
S01011048,All people in households,975,189,786,821,65,756,123,94,29,31,30,1
S01011048,No central heating,11,3,8,9,2,7,2,1,1,0,0,0
S01011048,Gas central heating,755,133,622,645,49,596,91,65,26,19,19,0
S01011048,Electric (including storage heaters) central heating,77,39,38,48,11,37,21,20,1,8,8,0
S01011048,Oil central heating,71,8,63,63,1,62,7,6,1,1,1,0
S01011048,Solid fuel (for example wood coal) central heating,18,2,16,15,0,15,1,1,0,2,1,1
S01011048,Other central heating,0,0,0,0,0,0,0,0,0,0,0,0
S01011048,Two or more types of central heating,43,4,39,41,2,39,1,1,0,1,1,0
S01011049,All people in households,680,128,552,577,46,531,82,61,21,21,21,0
S01011049,No central heating,1,0,1,1,0,1,0,0,0,0,0,0
S01011049,Gas central heating,582,108,474,490,36,454,71,51,20,21,21,0
S01011049,Electric (including storage heaters) central heating,33,5,28,30,2,28,3,3,0,0,0,0
S01011049,Oil central heating,31,9,22,28,6,22,3,3,0,0,0,0
S01011049,Solid fuel (for example wood coal) central heating,13,2,11,10,0,10,3,2,1,0,0,0
S01011049,Other central heating,2,1,1,2,1,1,0,0,0,0,0,0
S01011049,Two or more types of central heating,18,3,15,16,1,15,2,2,0,0,0,0
S01011050,All people in households,800,129,671,700,48,652,75,57,18,25,24,1
S01011050,No central heating,20,2,18,18,0,18,2,2,0,0,0,0
S01011050,Gas central heating,40,12,28,32,4,28,3,3,0,5,5,0
S01011050,Electric (including storage heaters) central heating,88,21,67,70,7,63,15,11,4,3,3,0
S01011050,Oil central heating,537,76,461,480,32,448,44,32,12,13,12,1
S01011050,Solid fuel (for example wood coal) central heating,42,5,37,37,1,36,3,2,1,2,2,0
S01011050,Other central heating,22,6,16,18,2,16,4,4,0,0,0,0
S01011050,Two or more types of central heating,51,7,44,45,2,43,4,3,1,2,2,0
S01011051,All people in households,937,176,761,776,58,718,123,80,43,38,38,0
S01011051,No central heating,9,0,9,9,0,9,0,0,0,0,0,0
S01011051,Gas central heating,492,97,395,405,33,372,66,43,23,21,21,0
S01011051,Electric (including storage heaters) central heating,80,17,63,61,3,58,13,8,5,6,6,0
S01011051,Oil central heating,240,38,202,202,13,189,30,17,13,8,8,0
S01011051,Solid fuel (for example wood coal) central heating,29,8,21,21,1,20,8,7,1,0,0,0
S01011051,Other central heating,14,1,13,14,1,13,0,0,0,0,0,0
S01011051,Two or more types of central heating,73,15,58,64,7,57,6,5,1,3,3,0
S01011052,All people in households,812,139,673,687,50,637,102,68,34,23,21,2
S01011052,No central heating,22,6,16,17,2,15,5,4,1,0,0,0
S01011052,Gas central heating,570,96,474,488,38,450,67,44,23,15,14,1
S01011052,Electric (including storage heaters) central heating,118,21,97,95,6,89,19,12,7,4,3,1
S01011052,Oil central heating,68,11,57,59,4,55,8,6,2,1,1,0
S01011052,Solid fuel (for example wood coal) central heating,8,2,6,5,0,5,2,1,1,1,1,0
S01011052,Other central heating,0,0,0,0,0,0,0,0,0,0,0,0
S01011052,Two or more types of central heating,26,3,23,23,0,23,1,1,0,2,2,0
S01011053,All people in households,656,118,538,561,49,512,76,50,26,19,19,0
S01011053,No central heating,15,2,13,14,1,13,0,0,0,1,1,0
S01011053,Gas central heating,309,52,257,270,25,245,30,18,12,9,9,0
S01011053,Electric (including storage heaters) central heating,222,42,180,184,13,171,30,21,9,8,8,0
S01011053,Oil central heating,47,10,37,39,3,36,8,7,1,0,0,0
S01011053,Solid fuel (for example wood coal) central heating,13,2,11,9,1,8,4,1,3,0,0,0
S01011053,Other central heating,31,8,23,27,4,23,3,3,0,1,1,0
S01011053,Two or more types of central heating,19,2,17,18,2,16,1,0,1,0,0,0
S01011054,All people in households,536,89,447,457,31,426,60,39,21,19,19,0
S01011054,No central heating,9,1,8,8,1,7,1,0,1,0,0,0
S01011054,Gas central heating,335,55,280,284,17,267,40,27,13,11,11,0
S01011054,Electric (including storage heaters) central heating,51,14,37,43,8,35,7,5,2,1,1,0
S01011054,Oil central heating,97,11,86,86,3,83,7,4,3,4,4,0
S01011054,Solid fuel (for example wood coal) central heating,7,3,4,5,1,4,0,0,0,2,2,0
S01011054,Other central heating,3,0,3,3,0,3,0,0,0,0,0,0
S01011054,Two or more types of central heating,34,5,29,28,1,27,5,3,2,1,1,0
S01011055,All people in households,566,88,478,480,27,453,69,45,24,17,16,1
S01011055,No central heating,16,5,11,11,2,9,5,3,2,0,0,0
S01011055,Gas central heating,89,15,74,79,5,74,7,7,0,3,3,0
S01011055,Electric (including storage heaters) central heating,42,12,30,30,1,29,8,7,1,4,4,0
S01011055,Oil central heating,271,38,233,230,12,218,35,21,14,6,5,1
S01011055,Solid fuel (for example wood coal) central heating,69,8,61,62,5,57,6,2,4,1,1,0
S01011055,Other central heating,11,3,8,7,0,7,4,3,1,0,0,0
S01011055,Two or more types of central heating,68,7,61,61,2,59,4,2,2,3,3,0
S01011056,All people in households,699,119,580,607,43,564,68,53,15,24,23,1
S01011056,No central heating,39,10,29,33,4,29,4,4,0,2,2,0
S01011056,Gas central heating,101,16,85,90,6,84,8,7,1,3,3,0
S01011056,Electric (including storage heaters) central heating,33,10,23,25,3,22,6,5,1,2,2,0
S01011056,Oil central heating,344,47,297,302,14,288,32,24,8,10,9,1
S01011056,Solid fuel (for example wood coal) central heating,93,21,72,77,9,68,11,7,4,5,5,0
S01011056,Other central heating,16,3,13,15,2,13,0,0,0,1,1,0
S01011056,Two or more types of central heating,73,12,61,65,5,60,7,6,1,1,1,0
S01011057,All people in households,579,92,487,491,28,463,62,40,22,26,24,2
S01011057,No central heating,13,2,11,11,1,10,2,1,1,0,0,0
S01011057,Gas central heating,360,53,307,308,14,294,37,25,12,15,14,1
S01011057,Electric (including storage heaters) central heating,34,6,28,30,4,26,2,1,1,2,1,1
S01011057,Oil central heating,102,17,85,87,6,81,12,8,4,3,3,0
S01011057,Solid fuel (for example wood coal) central heating,34,8,26,24,0,24,5,3,2,5,5,0
S01011057,Other central heating,5,0,5,4,0,4,1,0,1,0,0,0
S01011057,Two or more types of central heating,31,6,25,27,3,24,3,2,1,1,1,0
S01011058,All people in households,638,110,528,557,50,507,53,32,21,28,28,0
S01011058,No central heating,29,6,23,27,4,23,0,0,0,2,2,0
S01011058,Gas central heating,23,3,20,20,0,20,1,1,0,2,2,0
S01011058,Electric (including storage heaters) central heating,38,9,29,31,4,27,4,2,2,3,3,0
S01011058,Oil central heating,397,61,336,347,25,322,34,20,14,16,16,0
S01011058,Solid fuel (for example wood coal) central heating,67,10,57,60,5,55,4,2,2,3,3,0
S01011058,Other central heating,9,0,9,9,0,9,0,0,0,0,0,0
S01011058,Two or more types of central heating,75,21,54,63,12,51,10,7,3,2,2,0
S01011059,All people in households,635,101,534,548,36,512,62,41,21,25,24,1
S01011059,No central heating,31,7,24,26,3,23,4,3,1,1,1,0
S01011059,Gas central heating,81,12,69,67,4,63,11,6,5,3,2,1
S01011059,Electric (including storage heaters) central heating,73,21,52,57,9,48,12,8,4,4,4,0
S01011059,Oil central heating,347,43,304,311,13,298,23,17,6,13,13,0
S01011059,Solid fuel (for example wood coal) central heating,50,9,41,42,3,39,5,3,2,3,3,0
S01011059,Other central heating,17,6,11,15,4,11,1,1,0,1,1,0
S01011059,Two or more types of central heating,36,3,33,30,0,30,6,3,3,0,0,0
S01011060,All people in households,833,173,660,683,56,627,109,77,32,41,40,1
S01011060,No central heating,10,1,9,8,1,7,2,0,2,0,0,0
S01011060,Gas central heating,711,145,566,589,46,543,91,68,23,31,31,0
S01011060,Electric (including storage heaters) central heating,50,15,35,36,5,31,12,8,4,2,2,0
S01011060,Oil central heating,27,6,21,24,3,21,0,0,0,3,3,0
S01011060,Solid fuel (for example wood coal) central heating,12,2,10,10,0,10,1,1,0,1,1,0
S01011060,Other central heating,8,0,8,7,0,7,0,0,0,1,0,1
S01011060,Two or more types of central heating,15,4,11,9,1,8,3,0,3,3,3,0
S01011061,All people in households,843,154,689,696,49,647,121,79,42,26,26,0
S01011061,No central heating,7,1,6,5,0,5,2,1,1,0,0,0
S01011061,Gas central heating,684,123,561,571,41,530,91,60,31,22,22,0
S01011061,Electric (including storage heaters) central heating,105,22,83,81,4,77,21,15,6,3,3,0
S01011061,Oil central heating,13,1,12,13,1,12,0,0,0,0,0,0
S01011061,Solid fuel (for example wood coal) central heating,8,4,4,5,2,3,3,2,1,0,0,0
S01011061,Other central heating,0,0,0,0,0,0,0,0,0,0,0,0
S01011061,Two or more types of central heating,26,3,23,21,1,20,4,1,3,1,1,0
S01011062,All people in households,916,164,752,792,71,721,96,65,31,28,28,0
S01011062,No central heating,10,2,8,7,0,7,2,1,1,1,1,0
S01011062,Gas central heating,781,124,657,690,55,635,73,51,22,18,18,0
S01011062,Electric (including storage heaters) central heating,77,21,56,58,8,50,13,7,6,6,6,0
S01011062,Oil central heating,17,6,11,15,4,11,2,2,0,0,0,0
S01011062,Solid fuel (for example wood coal) central heating,0,0,0,0,0,0,0,0,0,0,0,0
S01011062,Other central heating,8,2,6,6,0,6,0,0,0,2,2,0
S01011062,Two or more types of central heating,23,9,14,16,4,12,6,4,2,1,1,0
S01011063,All people in households,1036,213,823,839,63,776,141,95,46,56,55,1
S01011063,No central heating,11,2,9,8,0,8,2,1,1,1,1,0
S01011063,Gas central heating,879,167,712,727,50,677,105,71,34,47,46,1
S01011063,Electric (including storage heaters) central heating,95,27,68,69,10,59,21,12,9,5,5,0
S01011063,Oil central heating,30,6,24,25,2,23,3,2,1,2,2,0
S01011063,Solid fuel (for example wood coal) central heating,2,2,0,0,0,0,2,2,0,0,0,0
S01011063,Other central heating,2,2,0,0,0,0,2,2,0,0,0,0
S01011063,Two or more types of central heating,17,7,10,10,1,9,6,5,1,1,1,0
S01011064,All people in households,1025,169,856,873,58,815,114,74,40,38,37,1
S01011064,No central heating,14,2,12,12,0,12,1,1,0,1,1,0
S01011064,Gas central heating,879,134,745,760,53,707,90,53,37,29,28,1
S01011064,Electric (including storage heaters) central heating,71,20,51,53,4,49,15,13,2,3,3,0
S01011064,Oil central heating,34,6,28,27,0,27,5,4,1,2,2,0
S01011064,Solid fuel (for example wood coal) central heating,10,3,7,7,0,7,1,1,0,2,2,0
S01011064,Other central heating,1,0,1,1,0,1,0,0,0,0,0,0
S01011064,Two or more types of central heating,16,4,12,13,1,12,2,2,0,1,1,0
S01011065,All people in households,706,123,583,606,46,560,82,59,23,18,18,0
S01011065,No central heating,17,0,17,17,0,17,0,0,0,0,0,0
S01011065,Gas central heating,393,66,327,339,24,315,42,30,12,12,12,0
S01011065,Electric (including storage heaters) central heating,39,11,28,31,4,27,6,5,1,2,2,0
S01011065,Oil central heating,180,31,149,154,14,140,23,14,9,3,3,0
S01011065,Solid fuel (for example wood coal) central heating,39,5,34,34,1,33,5,4,1,0,0,0
S01011065,Other central heating,6,2,4,4,0,4,1,1,0,1,1,0
S01011065,Two or more types of central heating,32,8,24,27,3,24,5,5,0,0,0,0
S01011066,All people in households,504,104,400,432,43,389,58,47,11,14,14,0
S01011066,No central heating,3,0,3,3,0,3,0,0,0,0,0,0
S01011066,Gas central heating,461,93,368,397,39,358,50,40,10,14,14,0
S01011066,Electric (including storage heaters) central heating,22,6,16,19,3,16,3,3,0,0,0,0
S01011066,Oil central heating,9,0,9,9,0,9,0,0,0,0,0,0
S01011066,Solid fuel (for example wood coal) central heating,1,0,1,0,0,0,1,0,1,0,0,0
S01011066,Other central heating,0,0,0,0,0,0,0,0,0,0,0,0
S01011066,Two or more types of central heating,8,5,3,4,1,3,4,4,0,0,0,0
S01011067,All people in households,575,130,445,467,47,420,84,59,25,24,24,0
S01011067,No central heating,3,1,2,3,1,2,0,0,0,0,0,0
S01011067,Gas central heating,448,101,347,371,39,332,59,44,15,18,18,0
S01011067,Electric (including storage heaters) central heating,81,23,58,56,6,50,20,12,8,5,5,0
S01011067,Oil central heating,14,0,14,13,0,13,1,0,1,0,0,0
S01011067,Solid fuel (for example wood coal) central heating,3,1,2,3,1,2,0,0,0,0,0,0
S01011067,Other central heating,2,1,1,1,0,1,1,1,0,0,0,0
S01011067,Two or more types of central heating,24,3,21,20,0,20,3,2,1,1,1,0
S01011068,All people in households,535,84,451,468,36,432,50,31,19,17,17,0
S01011068,No central heating,3,1,2,2,0,2,1,1,0,0,0,0
S01011068,Gas central heating,479,71,408,426,34,392,39,23,16,14,14,0
S01011068,Electric (including storage heaters) central heating,27,5,22,23,1,22,3,3,0,1,1,0
S01011068,Oil central heating,11,3,8,8,1,7,2,1,1,1,1,0
S01011068,Solid fuel (for example wood coal) central heating,10,3,7,6,0,6,3,2,1,1,1,0
S01011068,Other central heating,0,0,0,0,0,0,0,0,0,0,0,0
S01011068,Two or more types of central heating,5,1,4,3,0,3,2,1,1,0,0,0
S01011069,All people in households,578,127,451,470,39,431,77,57,20,31,31,0
S01011069,No central heating,2,0,2,2,0,2,0,0,0,0,0,0
S01011069,Gas central heating,520,114,406,421,34,387,70,51,19,29,29,0
S01011069,Electric (including storage heaters) central heating,13,9,4,8,4,4,4,4,0,1,1,0
S01011069,Oil central heating,21,4,17,17,1,16,3,2,1,1,1,0
S01011069,Solid fuel (for example wood coal) central heating,0,0,0,0,0,0,0,0,0,0,0,0
S01011069,Other central heating,2,0,2,2,0,2,0,0,0,0,0,0
S01011069,Two or more types of central heating,20,0,20,20,0,20,0,0,0,0,0,0
S01011070,All people in households,625,110,515,541,46,495,60,41,19,24,23,1
S01011070,No central heating,9,0,9,9,0,9,0,0,0,0,0,0
S01011070,Gas central heating,564,96,468,495,43,452,54,38,16,15,15,0
S01011070,Electric (including storage heaters) central heating,26,7,19,18,2,16,4,1,3,4,4,0
S01011070,Oil central heating,9,4,5,4,0,4,2,2,0,3,2,1
S01011070,Solid fuel (for example wood coal) central heating,4,0,4,4,0,4,0,0,0,0,0,0
S01011070,Other central heating,0,0,0,0,0,0,0,0,0,0,0,0
S01011070,Two or more types of central heating,13,3,10,11,1,10,0,0,0,2,2,0
S01011071,All people in households,843,174,669,712,64,648,93,75,18,38,35,3
S01011071,No central heating,8,0,8,7,0,7,1,0,1,0,0,0
S01011071,Gas central heating,707,136,571,609,54,555,70,57,13,28,25,3
S01011071,Electric (including storage heaters) central heating,35,12,23,26,4,22,7,6,1,2,2,0
S01011071,Oil central heating,66,15,51,55,6,49,8,6,2,3,3,0
S01011071,Solid fuel (for example wood coal) central heating,5,1,4,4,0,4,0,0,0,1,1,0
S01011071,Other central heating,2,0,2,2,0,2,0,0,0,0,0,0
S01011071,Two or more types of central heating,20,10,10,9,0,9,7,6,1,4,4,0
S01011072,All people in households,1000,146,854,878,57,821,101,68,33,21,21,0
S01011072,No central heating,12,3,9,10,1,9,2,2,0,0,0,0
S01011072,Gas central heating,551,74,477,491,27,464,50,37,13,10,10,0
S01011072,Electric (including storage heaters) central heating,172,27,145,149,13,136,16,7,9,7,7,0
S01011072,Oil central heating,167,24,143,146,10,136,19,12,7,2,2,0
S01011072,Solid fuel (for example wood coal) central heating,41,10,31,32,3,29,8,6,2,1,1,0
S01011072,Other central heating,19,0,19,19,0,19,0,0,0,0,0,0
S01011072,Two or more types of central heating,38,8,30,31,3,28,6,4,2,1,1,0
S01011073,All people in households,682,131,551,574,52,522,85,57,28,23,22,1
S01011073,No central heating,4,1,3,4,1,3,0,0,0,0,0,0
S01011073,Gas central heating,540,100,440,461,41,420,64,45,19,15,14,1
S01011073,Electric (including storage heaters) central heating,45,18,27,26,4,22,13,8,5,6,6,0
S01011073,Oil central heating,53,8,45,47,4,43,5,3,2,1,1,0
S01011073,Solid fuel (for example wood coal) central heating,13,1,12,13,1,12,0,0,0,0,0,0
S01011073,Other central heating,4,0,4,3,0,3,1,0,1,0,0,0
S01011073,Two or more types of central heating,23,3,20,20,1,19,2,1,1,1,1,0
S01011074,All people in households,607,96,511,531,33,498,57,45,12,19,18,1
S01011074,No central heating,5,3,2,5,3,2,0,0,0,0,0,0
S01011074,Gas central heating,552,80,472,489,26,463,45,37,8,18,17,1
S01011074,Electric (including storage heaters) central heating,17,4,13,13,0,13,3,3,0,1,1,0
S01011074,Oil central heating,12,4,8,9,2,7,3,2,1,0,0,0
S01011074,Solid fuel (for example wood coal) central heating,3,1,2,2,1,1,1,0,1,0,0,0
S01011074,Other central heating,1,1,0,1,1,0,0,0,0,0,0,0
S01011074,Two or more types of central heating,17,3,14,12,0,12,5,3,2,0,0,0
S01011075,All people in households,714,131,583,584,53,531,102,54,48,28,24,4
S01011075,No central heating,2,0,2,2,0,2,0,0,0,0,0,0
S01011075,Gas central heating,639,122,517,520,48,472,92,51,41,27,23,4
S01011075,Electric (including storage heaters) central heating,42,5,37,36,2,34,5,2,3,1,1,0
S01011075,Oil central heating,2,0,2,2,0,2,0,0,0,0,0,0
S01011075,Solid fuel (for example wood coal) central heating,8,0,8,8,0,8,0,0,0,0,0,0
S01011075,Other central heating,0,0,0,0,0,0,0,0,0,0,0,0
S01011075,Two or more types of central heating,21,4,17,16,3,13,5,1,4,0,0,0
S01011076,All people in households,740,160,580,604,61,543,113,76,37,23,23,0
S01011076,No central heating,14,3,11,13,2,11,0,0,0,1,1,0
S01011076,Gas central heating,652,134,518,532,50,482,103,67,36,17,17,0
S01011076,Electric (including storage heaters) central heating,36,14,22,26,5,21,8,7,1,2,2,0
S01011076,Oil central heating,20,6,14,17,3,14,2,2,0,1,1,0
S01011076,Solid fuel (for example wood coal) central heating,3,0,3,3,0,3,0,0,0,0,0,0
S01011076,Other central heating,0,0,0,0,0,0,0,0,0,0,0,0
S01011076,Two or more types of central heating,15,3,12,13,1,12,0,0,0,2,2,0
S01011077,All people in households,777,131,646,659,43,616,80,54,26,38,34,4
S01011077,No central heating,7,3,4,4,0,4,2,2,0,1,1,0
S01011077,Gas central heating,652,97,555,569,37,532,53,33,20,30,27,3
S01011077,Electric (including storage heaters) central heating,67,23,44,43,4,39,18,14,4,6,5,1
S01011077,Oil central heating,13,1,12,11,0,11,2,1,1,0,0,0
S01011077,Solid fuel (for example wood coal) central heating,9,3,6,8,2,6,0,0,0,1,1,0
S01011077,Other central heating,3,0,3,3,0,3,0,0,0,0,0,0
S01011077,Two or more types of central heating,26,4,22,21,0,21,5,4,1,0,0,0
S01011078,All people in households,1104,174,930,962,67,895,113,78,35,29,29,0
S01011078,No central heating,6,2,4,4,1,3,2,1,1,0,0,0
S01011078,Gas central heating,903,132,771,797,50,747,86,62,24,20,20,0
S01011078,Electric (including storage heaters) central heating,65,20,45,46,5,41,13,9,4,6,6,0
S01011078,Oil central heating,102,16,86,91,10,81,8,3,5,3,3,0
S01011078,Solid fuel (for example wood coal) central heating,2,0,2,1,0,1,1,0,1,0,0,0
S01011078,Other central heating,12,0,12,12,0,12,0,0,0,0,0,0
S01011078,Two or more types of central heating,14,4,10,11,1,10,3,3,0,0,0,0
S01011079,All people in households,1046,186,860,897,61,836,110,86,24,39,39,0
S01011079,No central heating,12,1,11,10,0,10,2,1,1,0,0,0
S01011079,Gas central heating,917,160,757,791,54,737,89,69,20,37,37,0
S01011079,Electric (including storage heaters) central heating,60,14,46,49,3,46,10,10,0,1,1,0
S01011079,Oil central heating,20,7,13,15,3,12,5,4,1,0,0,0
S01011079,Solid fuel (for example wood coal) central heating,7,1,6,5,0,5,2,1,1,0,0,0
S01011079,Other central heating,6,0,6,6,0,6,0,0,0,0,0,0
S01011079,Two or more types of central heating,24,3,21,21,1,20,2,1,1,1,1,0
S01011080,All people in households,967,216,751,800,85,715,126,90,36,41,41,0
S01011080,No central heating,8,1,7,6,1,5,2,0,2,0,0,0
S01011080,Gas central heating,853,179,674,714,70,644,105,75,30,34,34,0
S01011080,Electric (including storage heaters) central heating,71,26,45,54,13,41,15,11,4,2,2,0
S01011080,Oil central heating,8,3,5,6,1,5,1,1,0,1,1,0
S01011080,Solid fuel (for example wood coal) central heating,9,0,9,9,0,9,0,0,0,0,0,0
S01011080,Other central heating,1,1,0,0,0,0,1,1,0,0,0,0
S01011080,Two or more types of central heating,17,6,11,11,0,11,2,2,0,4,4,0
S01011081,All people in households,824,146,678,695,44,651,95,69,26,34,33,1
S01011081,No central heating,14,2,12,13,1,12,1,1,0,0,0,0
S01011081,Gas central heating,636,104,532,541,30,511,72,52,20,23,22,1
S01011081,Electric (including storage heaters) central heating,104,30,74,80,9,71,14,11,3,10,10,0
S01011081,Oil central heating,12,0,12,12,0,12,0,0,0,0,0,0
S01011081,Solid fuel (for example wood coal) central heating,10,4,6,6,1,5,4,3,1,0,0,0
S01011081,Other central heating,3,1,2,1,0,1,1,0,1,1,1,0
S01011081,Two or more types of central heating,45,5,40,42,3,39,3,2,1,0,0,0
S01011082,All people in households,495,129,366,381,32,349,82,65,17,32,32,0
S01011082,No central heating,0,0,0,0,0,0,0,0,0,0,0,0
S01011082,Gas central heating,456,117,339,353,29,324,74,59,15,29,29,0
S01011082,Electric (including storage heaters) central heating,18,6,12,13,1,12,3,3,0,2,2,0
S01011082,Oil central heating,7,0,7,7,0,7,0,0,0,0,0,0
S01011082,Solid fuel (for example wood coal) central heating,1,1,0,0,0,0,0,0,0,1,1,0
S01011082,Other central heating,1,1,0,0,0,0,1,1,0,0,0,0
S01011082,Two or more types of central heating,12,4,8,8,2,6,4,2,2,0,0,0
S01011083,All people in households,787,181,606,636,65,571,104,71,33,47,45,2
S01011083,No central heating,13,3,10,10,0,10,2,2,0,1,1,0
S01011083,Gas central heating,664,145,519,540,53,487,84,54,30,40,38,2
S01011083,Electric (including storage heaters) central heating,36,12,24,26,4,22,9,7,2,1,1,0
S01011083,Oil central heating,31,13,18,24,6,18,6,6,0,1,1,0
S01011083,Solid fuel (for example wood coal) central heating,17,7,10,11,2,9,3,2,1,3,3,0
S01011083,Other central heating,0,0,0,0,0,0,0,0,0,0,0,0
S01011083,Two or more types of central heating,26,1,25,25,0,25,0,0,0,1,1,0
S01011084,All people in households,774,132,642,674,60,614,80,53,27,20,19,1
S01011084,No central heating,21,3,18,17,0,17,4,3,1,0,0,0
S01011084,Gas central heating,152,22,130,128,6,122,20,12,8,4,4,0
S01011084,Electric (including storage heaters) central heating,62,11,51,50,4,46,11,6,5,1,1,0
S01011084,Oil central heating,444,72,372,400,39,361,36,26,10,8,7,1
S01011084,Solid fuel (for example wood coal) central heating,17,6,11,12,2,10,3,2,1,2,2,0
S01011084,Other central heating,9,4,5,7,2,5,2,2,0,0,0,0
S01011084,Two or more types of central heating,69,14,55,60,7,53,4,2,2,5,5,0
S01011085,All people in households,888,165,723,760,64,696,94,68,26,34,33,1
S01011085,No central heating,20,2,18,18,0,18,2,2,0,0,0,0
S01011085,Gas central heating,71,17,54,55,2,53,11,10,1,5,5,0
S01011085,Electric (including storage heaters) central heating,124,40,84,93,17,76,21,14,7,10,9,1
S01011085,Oil central heating,520,71,449,468,29,439,40,30,10,12,12,0
S01011085,Solid fuel (for example wood coal) central heating,46,12,34,35,4,31,8,5,3,3,3,0
S01011085,Other central heating,16,2,14,14,1,13,2,1,1,0,0,0
S01011085,Two or more types of central heating,91,21,70,77,11,66,10,6,4,4,4,0
S01011086,All people in households,641,142,499,517,45,472,89,62,27,35,35,0
S01011086,No central heating,15,3,12,8,0,8,5,1,4,2,2,0
S01011086,Gas central heating,402,90,312,324,26,298,53,39,14,25,25,0
S01011086,Electric (including storage heaters) central heating,38,11,27,29,4,25,8,6,2,1,1,0
S01011086,Oil central heating,116,24,92,98,11,87,14,9,5,4,4,0
S01011086,Solid fuel (for example wood coal) central heating,14,3,11,11,0,11,1,1,0,2,2,0
S01011086,Other central heating,4,0,4,4,0,4,0,0,0,0,0,0
S01011086,Two or more types of central heating,52,11,41,43,4,39,8,6,2,1,1,0
S01011087,All people in households,584,130,454,468,43,425,94,66,28,22,21,1
S01011087,No central heating,3,0,3,2,0,2,1,0,1,0,0,0
S01011087,Gas central heating,485,107,378,395,37,358,71,52,19,19,18,1
S01011087,Electric (including storage heaters) central heating,65,14,51,49,4,45,14,8,6,2,2,0
S01011087,Oil central heating,14,3,11,12,1,11,2,2,0,0,0,0
S01011087,Solid fuel (for example wood coal) central heating,1,0,1,1,0,1,0,0,0,0,0,0
S01011087,Other central heating,0,0,0,0,0,0,0,0,0,0,0,0
S01011087,Two or more types of central heating,16,6,10,9,1,8,6,4,2,1,1,0
S01011088,All people in households,981,188,793,838,81,757,107,72,35,36,35,1
S01011088,No central heating,3,2,1,2,1,1,1,1,0,0,0,0
S01011088,Gas central heating,782,133,649,675,55,620,82,54,28,25,24,1
S01011088,Electric (including storage heaters) central heating,60,20,40,46,7,39,10,9,1,4,4,0
S01011088,Oil central heating,86,22,64,76,15,61,7,4,3,3,3,0
S01011088,Solid fuel (for example wood coal) central heating,7,2,5,4,0,4,1,0,1,2,2,0
S01011088,Other central heating,2,2,0,0,0,0,2,2,0,0,0,0
S01011088,Two or more types of central heating,41,7,34,35,3,32,4,2,2,2,2,0
S01011089,All people in households,650,130,520,524,43,481,99,60,39,27,27,0
S01011089,No central heating,6,1,5,4,0,4,2,1,1,0,0,0
S01011089,Gas central heating,495,92,403,407,31,376,67,40,27,21,21,0
S01011089,Electric (including storage heaters) central heating,61,17,44,42,3,39,14,9,5,5,5,0
S01011089,Oil central heating,46,14,32,32,5,27,14,9,5,0,0,0
S01011089,Solid fuel (for example wood coal) central heating,11,2,9,9,1,8,1,0,1,1,1,0
S01011089,Other central heating,0,0,0,0,0,0,0,0,0,0,0,0
S01011089,Two or more types of central heating,31,4,27,30,3,27,1,1,0,0,0,0
S01011090,All people in households,715,135,580,615,56,559,67,48,19,33,31,2
S01011090,No central heating,22,6,16,16,1,15,4,3,1,2,2,0
S01011090,Gas central heating,155,23,132,143,14,129,6,3,3,6,6,0
S01011090,Electric (including storage heaters) central heating,55,8,47,50,3,47,4,4,0,1,1,0
S01011090,Oil central heating,394,78,316,330,30,300,45,31,14,19,17,2
S01011090,Solid fuel (for example wood coal) central heating,29,12,17,19,3,16,6,5,1,4,4,0
S01011090,Other central heating,9,2,7,9,2,7,0,0,0,0,0,0
S01011090,Two or more types of central heating,51,6,45,48,3,45,2,2,0,1,1,0
S01011091,All people in households,621,78,543,545,28,517,66,40,26,10,10,0
S01011091,No central heating,20,1,19,18,0,18,2,1,1,0,0,0
S01011091,Gas central heating,94,18,76,80,8,72,13,9,4,1,1,0
S01011091,Electric (including storage heaters) central heating,44,4,40,39,1,38,3,1,2,2,2,0
S01011091,Oil central heating,354,45,309,309,16,293,38,22,16,7,7,0
S01011091,Solid fuel (for example wood coal) central heating,41,3,38,39,2,37,2,1,1,0,0,0
S01011091,Other central heating,27,3,24,24,0,24,3,3,0,0,0,0
S01011091,Two or more types of central heating,41,4,37,36,1,35,5,3,2,0,0,0
S01011092,All people in households,465,87,378,387,27,360,55,38,17,23,22,1
S01011092,No central heating,2,1,1,2,1,1,0,0,0,0,0,0
S01011092,Gas central heating,286,56,230,232,16,216,37,24,13,17,16,1
S01011092,Electric (including storage heaters) central heating,50,12,38,40,4,36,8,6,2,2,2,0
S01011092,Oil central heating,56,4,52,52,0,52,4,4,0,0,0,0
S01011092,Solid fuel (for example wood coal) central heating,6,1,5,6,1,5,0,0,0,0,0,0
S01011092,Other central heating,31,11,20,24,5,19,4,3,1,3,3,0
S01011092,Two or more types of central heating,34,2,32,31,0,31,2,1,1,1,1,0
S01011093,All people in households,612,75,537,563,38,525,38,26,12,11,11,0
S01011093,No central heating,18,0,18,16,0,16,2,0,2,0,0,0
S01011093,Gas central heating,167,28,139,154,16,138,9,8,1,4,4,0
S01011093,Electric (including storage heaters) central heating,32,9,23,27,5,22,4,3,1,1,1,0
S01011093,Oil central heating,341,32,309,315,14,301,21,13,8,5,5,0
S01011093,Solid fuel (for example wood coal) central heating,9,0,9,9,0,9,0,0,0,0,0,0
S01011093,Other central heating,5,0,5,5,0,5,0,0,0,0,0,0
S01011093,Two or more types of central heating,40,6,34,37,3,34,2,2,0,1,1,0
S01011094,All people in households,486,56,430,448,28,420,27,17,10,11,11,0
S01011094,No central heating,10,2,8,8,0,8,0,0,0,2,2,0
S01011094,Gas central heating,210,15,195,202,9,193,8,6,2,0,0,0
S01011094,Electric (including storage heaters) central heating,16,3,13,14,1,13,1,1,0,1,1,0
S01011094,Oil central heating,201,29,172,181,14,167,13,8,5,7,7,0
S01011094,Solid fuel (for example wood coal) central heating,3,1,2,3,1,2,0,0,0,0,0,0
S01011094,Other central heating,9,2,7,8,1,7,1,1,0,0,0,0
S01011094,Two or more types of central heating,37,4,33,32,2,30,4,1,3,1,1,0
S01011095,All people in households,783,119,664,672,33,639,81,56,25,30,30,0
S01011095,No central heating,16,4,12,14,3,11,2,1,1,0,0,0
S01011095,Gas central heating,131,17,114,112,4,108,11,5,6,8,8,0
S01011095,Electric (including storage heaters) central heating,45,21,24,25,3,22,16,14,2,4,4,0
S01011095,Oil central heating,467,51,416,416,15,401,41,26,15,10,10,0
S01011095,Solid fuel (for example wood coal) central heating,31,4,27,29,2,27,0,0,0,2,2,0
S01011095,Other central heating,10,3,7,8,1,7,2,2,0,0,0,0
S01011095,Two or more types of central heating,83,19,64,68,5,63,9,8,1,6,6,0
S01011096,All people in households,557,81,476,492,30,462,47,34,13,18,17,1
S01011096,No central heating,8,4,4,5,2,3,2,1,1,1,1,0
S01011096,Gas central heating,301,26,275,277,11,266,21,12,9,3,3,0
S01011096,Electric (including storage heaters) central heating,26,8,18,20,3,17,4,3,1,2,2,0
S01011096,Oil central heating,182,35,147,156,12,144,17,15,2,9,8,1
S01011096,Solid fuel (for example wood coal) central heating,12,1,11,11,0,11,0,0,0,1,1,0
S01011096,Other central heating,9,1,8,9,1,8,0,0,0,0,0,0
S01011096,Two or more types of central heating,19,6,13,14,1,13,3,3,0,2,2,0
S01011097,All people in households,715,93,622,642,38,604,51,34,17,22,21,1
S01011097,No central heating,19,3,16,15,0,15,3,2,1,1,1,0
S01011097,Gas central heating,55,12,43,51,8,43,2,2,0,2,2,0
S01011097,Electric (including storage heaters) central heating,54,7,47,47,3,44,7,4,3,0,0,0
S01011097,Oil central heating,458,57,401,417,24,393,26,18,8,15,15,0
S01011097,Solid fuel (for example wood coal) central heating,37,9,28,26,1,25,7,5,2,4,3,1
S01011097,Other central heating,20,0,20,20,0,20,0,0,0,0,0,0
S01011097,Two or more types of central heating,72,5,67,66,2,64,6,3,3,0,0,0
S01011098,All people in households,749,134,615,636,45,591,71,48,23,42,41,1
S01011098,No central heating,16,2,14,14,1,13,1,0,1,1,1,0
S01011098,Gas central heating,640,98,542,555,35,520,54,33,21,31,30,1
S01011098,Electric (including storage heaters) central heating,45,17,28,32,4,28,8,8,0,5,5,0
S01011098,Oil central heating,40,13,27,31,4,27,4,4,0,5,5,0
S01011098,Solid fuel (for example wood coal) central heating,3,0,3,3,0,3,0,0,0,0,0,0
S01011098,Other central heating,0,0,0,0,0,0,0,0,0,0,0,0
S01011098,Two or more types of central heating,5,4,1,1,1,0,4,3,1,0,0,0
S01011099,All people in households,819,124,695,690,40,650,101,56,45,28,28,0
S01011099,No central heating,5,1,4,4,0,4,1,1,0,0,0,0
S01011099,Gas central heating,591,79,512,513,26,487,60,35,25,18,18,0
S01011099,Electric (including storage heaters) central heating,150,28,122,112,6,106,30,14,16,8,8,0
S01011099,Oil central heating,33,6,27,31,4,27,1,1,0,1,1,0
S01011099,Solid fuel (for example wood coal) central heating,5,1,4,4,1,3,1,0,1,0,0,0
S01011099,Other central heating,5,3,2,3,1,2,1,1,0,1,1,0
S01011099,Two or more types of central heating,30,6,24,23,2,21,7,4,3,0,0,0
S01011100,All people in households,458,104,354,367,35,332,67,45,22,24,24,0
S01011100,No central heating,1,1,0,1,1,0,0,0,0,0,0,0
S01011100,Gas central heating,362,85,277,292,30,262,53,38,15,17,17,0
S01011100,Electric (including storage heaters) central heating,40,9,31,31,3,28,7,4,3,2,2,0
S01011100,Oil central heating,16,1,15,15,0,15,1,1,0,0,0,0
S01011100,Solid fuel (for example wood coal) central heating,19,6,13,10,0,10,4,1,3,5,5,0
S01011100,Other central heating,0,0,0,0,0,0,0,0,0,0,0,0
S01011100,Two or more types of central heating,20,2,18,18,1,17,2,1,1,0,0,0
S01011101,All people in households,626,119,507,511,38,473,86,54,32,29,27,2
S01011101,No central heating,3,2,1,1,0,1,1,1,0,1,1,0
S01011101,Gas central heating,511,93,418,415,26,389,73,46,27,23,21,2
S01011101,Electric (including storage heaters) central heating,93,19,74,80,11,69,8,3,5,5,5,0
S01011101,Oil central heating,1,0,1,1,0,1,0,0,0,0,0,0
S01011101,Solid fuel (for example wood coal) central heating,0,0,0,0,0,0,0,0,0,0,0,0
S01011101,Other central heating,5,0,5,5,0,5,0,0,0,0,0,0
S01011101,Two or more types of central heating,13,5,8,9,1,8,4,4,0,0,0,0
S01011102,All people in households,642,116,526,532,43,489,75,39,36,35,34,1
S01011102,No central heating,9,0,9,9,0,9,0,0,0,0,0,0
S01011102,Gas central heating,521,99,422,425,36,389,66,33,33,30,30,0
S01011102,Electric (including storage heaters) central heating,69,7,62,61,1,60,6,4,2,2,2,0
S01011102,Oil central heating,3,0,3,3,0,3,0,0,0,0,0,0
S01011102,Solid fuel (for example wood coal) central heating,14,3,11,14,3,11,0,0,0,0,0,0
S01011102,Other central heating,0,0,0,0,0,0,0,0,0,0,0,0
S01011102,Two or more types of central heating,26,7,19,20,3,17,3,2,1,3,2,1
S01011103,All people in households,568,134,434,451,43,408,85,60,25,32,31,1
S01011103,No central heating,7,0,7,6,0,6,0,0,0,1,0,1
S01011103,Gas central heating,477,113,364,380,37,343,74,53,21,23,23,0
S01011103,Electric (including storage heaters) central heating,53,17,36,38,6,32,9,5,4,6,6,0
S01011103,Oil central heating,4,0,4,4,0,4,0,0,0,0,0,0
S01011103,Solid fuel (for example wood coal) central heating,4,0,4,4,0,4,0,0,0,0,0,0
S01011103,Other central heating,0,0,0,0,0,0,0,0,0,0,0,0
S01011103,Two or more types of central heating,23,4,19,19,0,19,2,2,0,2,2,0
S01011104,All people in households,583,136,447,467,48,419,87,63,24,29,25,4
S01011104,No central heating,1,1,0,0,0,0,1,1,0,0,0,0
S01011104,Gas central heating,522,118,404,421,41,380,78,58,20,23,19,4
S01011104,Electric (including storage heaters) central heating,28,10,18,19,3,16,5,3,2,4,4,0
S01011104,Oil central heating,18,5,13,14,3,11,3,1,2,1,1,0
S01011104,Solid fuel (for example wood coal) central heating,3,0,3,3,0,3,0,0,0,0,0,0
S01011104,Other central heating,2,0,2,2,0,2,0,0,0,0,0,0
S01011104,Two or more types of central heating,9,2,7,8,1,7,0,0,0,1,1,0
S01011105,All people in households,796,154,642,655,49,606,107,73,34,34,32,2
S01011105,No central heating,2,1,1,1,0,1,1,1,0,0,0,0
S01011105,Gas central heating,622,127,495,507,40,467,86,60,26,29,27,2
S01011105,Electric (including storage heaters) central heating,115,13,102,103,5,98,10,6,4,2,2,0
S01011105,Oil central heating,15,1,14,14,1,13,1,0,1,0,0,0
S01011105,Solid fuel (for example wood coal) central heating,1,0,1,1,0,1,0,0,0,0,0,0
S01011105,Other central heating,6,4,2,2,0,2,3,3,0,1,1,0
S01011105,Two or more types of central heating,35,8,27,27,3,24,6,3,3,2,2,0
S01011106,All people in households,988,84,904,918,31,887,47,30,17,23,23,0
S01011106,No central heating,6,2,4,5,1,4,0,0,0,1,1,0
S01011106,Gas central heating,842,60,782,791,24,767,37,22,15,14,14,0
S01011106,Electric (including storage heaters) central heating,77,17,60,63,5,58,8,6,2,6,6,0
S01011106,Oil central heating,29,2,27,27,0,27,2,2,0,0,0,0
S01011106,Solid fuel (for example wood coal) central heating,0,0,0,0,0,0,0,0,0,0,0,0
S01011106,Other central heating,2,1,1,1,0,1,0,0,0,1,1,0
S01011106,Two or more types of central heating,32,2,30,31,1,30,0,0,0,1,1,0
S01011107,All people in households,935,84,851,859,34,825,59,34,25,17,16,1
S01011107,No central heating,0,0,0,0,0,0,0,0,0,0,0,0
S01011107,Gas central heating,853,69,784,790,28,762,50,29,21,13,12,1
S01011107,Electric (including storage heaters) central heating,50,10,40,42,4,38,6,4,2,2,2,0
S01011107,Oil central heating,0,0,0,0,0,0,0,0,0,0,0,0
S01011107,Solid fuel (for example wood coal) central heating,0,0,0,0,0,0,0,0,0,0,0,0
S01011107,Other central heating,23,4,19,20,2,18,1,0,1,2,2,0
S01011107,Two or more types of central heating,9,1,8,7,0,7,2,1,1,0,0,0
S01011108,All people in households,543,93,450,460,29,431,58,39,19,25,25,0
S01011108,No central heating,0,0,0,0,0,0,0,0,0,0,0,0
S01011108,Gas central heating,512,88,424,433,26,407,54,37,17,25,25,0
S01011108,Electric (including storage heaters) central heating,5,0,5,4,0,4,1,0,1,0,0,0
S01011108,Oil central heating,1,1,0,1,1,0,0,0,0,0,0,0
S01011108,Solid fuel (for example wood coal) central heating,3,1,2,3,1,2,0,0,0,0,0,0
S01011108,Other central heating,11,0,11,11,0,11,0,0,0,0,0,0
S01011108,Two or more types of central heating,11,3,8,8,1,7,3,2,1,0,0,0
S01011109,All people in households,807,132,675,684,44,640,89,57,32,34,31,3
S01011109,No central heating,11,1,10,10,0,10,1,1,0,0,0,0
S01011109,Gas central heating,748,119,629,637,39,598,79,51,28,32,29,3
S01011109,Electric (including storage heaters) central heating,25,9,16,17,4,13,6,3,3,2,2,0
S01011109,Oil central heating,2,0,2,2,0,2,0,0,0,0,0,0
S01011109,Solid fuel (for example wood coal) central heating,0,0,0,0,0,0,0,0,0,0,0,0
S01011109,Other central heating,3,1,2,2,0,2,1,1,0,0,0,0
S01011109,Two or more types of central heating,18,2,16,16,1,15,2,1,1,0,0,0
S01011110,All people in households,702,121,581,595,40,555,78,53,25,29,28,1
S01011110,No central heating,2,2,0,0,0,0,2,2,0,0,0,0
S01011110,Gas central heating,656,110,546,560,37,523,69,47,22,27,26,1
S01011110,Electric (including storage heaters) central heating,28,7,21,20,1,19,6,4,2,2,2,0
S01011110,Oil central heating,6,2,4,6,2,4,0,0,0,0,0,0
S01011110,Solid fuel (for example wood coal) central heating,1,0,1,1,0,1,0,0,0,0,0,0
S01011110,Other central heating,0,0,0,0,0,0,0,0,0,0,0,0
S01011110,Two or more types of central heating,9,0,9,8,0,8,1,0,1,0,0,0
S01011111,All people in households,880,189,691,700,48,652,130,93,37,50,48,2
S01011111,No central heating,3,1,2,2,0,2,1,1,0,0,0,0
S01011111,Gas central heating,733,159,574,586,43,543,104,73,31,43,43,0
S01011111,Electric (including storage heaters) central heating,81,21,60,59,4,55,17,12,5,5,5,0
S01011111,Oil central heating,8,1,7,7,0,7,1,1,0,0,0,0
S01011111,Solid fuel (for example wood coal) central heating,5,0,5,5,0,5,0,0,0,0,0,0
S01011111,Other central heating,4,0,4,4,0,4,0,0,0,0,0,0
S01011111,Two or more types of central heating,46,7,39,37,1,36,7,6,1,2,0,2
S01011112,All people in households,874,66,808,821,32,789,42,23,19,11,11,0
S01011112,No central heating,0,0,0,0,0,0,0,0,0,0,0,0
S01011112,Gas central heating,821,55,766,775,28,747,39,20,19,7,7,0
S01011112,Electric (including storage heaters) central heating,11,5,6,8,2,6,0,0,0,3,3,0
S01011112,Oil central heating,8,1,7,7,0,7,0,0,0,1,1,0
S01011112,Solid fuel (for example wood coal) central heating,0,0,0,0,0,0,0,0,0,0,0,0
S01011112,Other central heating,0,0,0,0,0,0,0,0,0,0,0,0
S01011112,Two or more types of central heating,34,5,29,31,2,29,3,3,0,0,0,0
S01011113,All people in households,925,196,729,740,51,689,142,103,39,43,42,1
S01011113,No central heating,10,1,9,8,0,8,2,1,1,0,0,0
S01011113,Gas central heating,825,162,663,668,40,628,118,83,35,39,39,0
S01011113,Electric (including storage heaters) central heating,59,21,38,43,7,36,15,13,2,1,1,0
S01011113,Oil central heating,10,5,5,9,4,5,1,1,0,0,0,0
S01011113,Solid fuel (for example wood coal) central heating,4,2,2,1,0,1,1,1,0,2,1,1
S01011113,Other central heating,0,0,0,0,0,0,0,0,0,0,0,0
S01011113,Two or more types of central heating,17,5,12,11,0,11,5,4,1,1,1,0
S01011114,All people in households,713,88,625,627,28,599,61,37,24,25,23,2
S01011114,No central heating,0,0,0,0,0,0,0,0,0,0,0,0
S01011114,Gas central heating,664,79,585,586,24,562,56,34,22,22,21,1
S01011114,Electric (including storage heaters) central heating,24,2,22,22,1,21,2,1,1,0,0,0
S01011114,Oil central heating,6,2,4,6,2,4,0,0,0,0,0,0
S01011114,Solid fuel (for example wood coal) central heating,5,2,3,4,1,3,1,1,0,0,0,0
S01011114,Other central heating,6,2,4,4,0,4,1,1,0,1,1,0
S01011114,Two or more types of central heating,8,1,7,5,0,5,1,0,1,2,1,1
S01011115,All people in households,902,202,700,709,55,654,134,90,44,59,57,2
S01011115,No central heating,4,1,3,3,0,3,1,1,0,0,0,0
S01011115,Gas central heating,656,136,520,530,37,493,86,61,25,40,38,2
S01011115,Electric (including storage heaters) central heating,213,60,153,150,15,135,45,27,18,18,18,0
S01011115,Oil central heating,4,1,3,3,0,3,1,1,0,0,0,0
S01011115,Solid fuel (for example wood coal) central heating,2,0,2,2,0,2,0,0,0,0,0,0
S01011115,Other central heating,0,0,0,0,0,0,0,0,0,0,0,0
S01011115,Two or more types of central heating,23,4,19,21,3,18,1,0,1,1,1,0
S01011116,All people in households,661,109,552,571,39,532,65,46,19,25,24,1
S01011116,No central heating,0,0,0,0,0,0,0,0,0,0,0,0
S01011116,Gas central heating,625,102,523,545,38,507,58,43,15,22,21,1
S01011116,Electric (including storage heaters) central heating,22,5,17,14,1,13,6,2,4,2,2,0
S01011116,Oil central heating,0,0,0,0,0,0,0,0,0,0,0,0
S01011116,Solid fuel (for example wood coal) central heating,3,1,2,2,0,2,0,0,0,1,1,0
S01011116,Other central heating,0,0,0,0,0,0,0,0,0,0,0,0
S01011116,Two or more types of central heating,11,1,10,10,0,10,1,1,0,0,0,0
S01011117,All people in households,730,124,606,635,55,580,73,48,25,22,21,1
S01011117,No central heating,15,1,14,13,1,12,2,0,2,0,0,0
S01011117,Gas central heating,582,93,489,516,43,473,50,35,15,16,15,1
S01011117,Electric (including storage heaters) central heating,95,24,71,74,9,65,16,10,6,5,5,0
S01011117,Oil central heating,13,2,11,12,1,11,1,1,0,0,0,0
S01011117,Solid fuel (for example wood coal) central heating,0,0,0,0,0,0,0,0,0,0,0,0
S01011117,Other central heating,0,0,0,0,0,0,0,0,0,0,0,0
S01011117,Two or more types of central heating,25,4,21,20,1,19,4,2,2,1,1,0
S01011118,All people in households,880,173,707,761,69,692,96,81,15,23,23,0
S01011118,No central heating,1,0,1,1,0,1,0,0,0,0,0,0
S01011118,Gas central heating,760,125,635,683,56,627,60,52,8,17,17,0
S01011118,Electric (including storage heaters) central heating,69,35,34,38,10,28,27,21,6,4,4,0
S01011118,Oil central heating,28,8,20,22,2,20,6,6,0,0,0,0
S01011118,Solid fuel (for example wood coal) central heating,0,0,0,0,0,0,0,0,0,0,0,0
S01011118,Other central heating,0,0,0,0,0,0,0,0,0,0,0,0
S01011118,Two or more types of central heating,22,5,17,17,1,16,3,2,1,2,2,0
S01011119,All people in households,928,176,752,794,70,724,105,77,28,29,29,0
S01011119,No central heating,18,3,15,16,1,15,0,0,0,2,2,0
S01011119,Gas central heating,817,154,663,704,67,637,89,63,26,24,24,0
S01011119,Electric (including storage heaters) central heating,35,8,27,28,1,27,5,5,0,2,2,0
S01011119,Oil central heating,51,8,43,42,1,41,9,7,2,0,0,0
S01011119,Solid fuel (for example wood coal) central heating,0,0,0,0,0,0,0,0,0,0,0,0
S01011119,Other central heating,2,0,2,2,0,2,0,0,0,0,0,0
S01011119,Two or more types of central heating,5,3,2,2,0,2,2,2,0,1,1,0
S01011120,All people in households,669,130,539,575,57,518,76,56,20,18,17,1
S01011120,No central heating,0,0,0,0,0,0,0,0,0,0,0,0
S01011120,Gas central heating,584,103,481,514,50,464,56,40,16,14,13,1
S01011120,Electric (including storage heaters) central heating,33,13,20,22,4,18,8,6,2,3,3,0
S01011120,Oil central heating,43,10,33,34,3,31,9,7,2,0,0,0
S01011120,Solid fuel (for example wood coal) central heating,0,0,0,0,0,0,0,0,0,0,0,0
S01011120,Other central heating,3,3,0,0,0,0,3,3,0,0,0,0
S01011120,Two or more types of central heating,6,1,5,5,0,5,0,0,0,1,1,0
S01011121,All people in households,520,117,403,411,37,374,82,55,27,27,25,2
S01011121,No central heating,13,1,12,10,0,10,3,1,2,0,0,0
S01011121,Gas central heating,363,87,276,282,26,256,64,44,20,17,17,0
S01011121,Electric (including storage heaters) central heating,123,24,99,100,8,92,14,9,5,9,7,2
S01011121,Oil central heating,1,0,1,1,0,1,0,0,0,0,0,0
S01011121,Solid fuel (for example wood coal) central heating,0,0,0,0,0,0,0,0,0,0,0,0
S01011121,Other central heating,1,1,0,0,0,0,1,1,0,0,0,0
S01011121,Two or more types of central heating,19,4,15,18,3,15,0,0,0,1,1,0
S01011122,All people in households,647,97,550,554,27,527,72,49,23,21,21,0
S01011122,No central heating,4,1,3,3,0,3,1,1,0,0,0,0
S01011122,Gas central heating,557,84,473,472,22,450,66,43,23,19,19,0
S01011122,Electric (including storage heaters) central heating,49,7,42,44,2,42,4,4,0,1,1,0
S01011122,Oil central heating,9,2,7,9,2,7,0,0,0,0,0,0
S01011122,Solid fuel (for example wood coal) central heating,12,1,11,11,0,11,0,0,0,1,1,0
S01011122,Other central heating,0,0,0,0,0,0,0,0,0,0,0,0
S01011122,Two or more types of central heating,16,2,14,15,1,14,1,1,0,0,0,0
S01011123,All people in households,1121,198,923,929,62,867,148,93,55,44,43,1
S01011123,No central heating,20,6,14,14,3,11,6,3,3,0,0,0
S01011123,Gas central heating,958,155,803,800,47,753,127,78,49,31,30,1
S01011123,Electric (including storage heaters) central heating,90,25,65,69,7,62,12,9,3,9,9,0
S01011123,Oil central heating,14,4,10,11,1,10,2,2,0,1,1,0
S01011123,Solid fuel (for example wood coal) central heating,7,2,5,6,1,5,1,1,0,0,0,0
S01011123,Other central heating,0,0,0,0,0,0,0,0,0,0,0,0
S01011123,Two or more types of central heating,32,6,26,29,3,26,0,0,0,3,3,0
S01011124,All people in households,661,95,566,567,30,537,70,42,28,24,23,1
S01011124,No central heating,2,0,2,1,0,1,1,0,1,0,0,0
S01011124,Gas central heating,602,82,520,520,25,495,60,36,24,22,21,1
S01011124,Electric (including storage heaters) central heating,32,7,25,25,2,23,6,4,2,1,1,0
S01011124,Oil central heating,0,0,0,0,0,0,0,0,0,0,0,0
S01011124,Solid fuel (for example wood coal) central heating,4,3,1,3,2,1,1,1,0,0,0,0
S01011124,Other central heating,0,0,0,0,0,0,0,0,0,0,0,0
S01011124,Two or more types of central heating,21,3,18,18,1,17,2,1,1,1,1,0
S01011125,All people in households,492,86,406,414,23,391,45,30,15,33,33,0
S01011125,No central heating,0,0,0,0,0,0,0,0,0,0,0,0
S01011125,Gas central heating,464,73,391,396,20,376,39,24,15,29,29,0
S01011125,Electric (including storage heaters) central heating,10,4,6,8,2,6,2,2,0,0,0,0
S01011125,Oil central heating,4,1,3,3,0,3,1,1,0,0,0,0
S01011125,Solid fuel (for example wood coal) central heating,0,0,0,0,0,0,0,0,0,0,0,0
S01011125,Other central heating,0,0,0,0,0,0,0,0,0,0,0,0
S01011125,Two or more types of central heating,14,8,6,7,1,6,3,3,0,4,4,0
S01011126,All people in households,502,84,418,428,25,403,52,38,14,22,21,1
S01011126,No central heating,2,1,1,1,0,1,0,0,0,1,1,0
S01011126,Gas central heating,431,68,363,373,20,353,39,30,9,19,18,1
S01011126,Electric (including storage heaters) central heating,28,13,15,16,3,13,10,8,2,2,2,0
S01011126,Oil central heating,10,1,9,10,1,9,0,0,0,0,0,0
S01011126,Solid fuel (for example wood coal) central heating,3,1,2,3,1,2,0,0,0,0,0,0
S01011126,Other central heating,4,0,4,4,0,4,0,0,0,0,0,0
S01011126,Two or more types of central heating,24,0,24,21,0,21,3,0,3,0,0,0
S01011127,All people in households,536,28,508,510,14,496,24,12,12,2,2,0
S01011127,No central heating,0,0,0,0,0,0,0,0,0,0,0,0
S01011127,Gas central heating,502,24,478,480,13,467,21,10,11,1,1,0
S01011127,Electric (including storage heaters) central heating,6,2,4,5,1,4,1,1,0,0,0,0
S01011127,Oil central heating,5,1,4,4,0,4,0,0,0,1,1,0
S01011127,Solid fuel (for example wood coal) central heating,0,0,0,0,0,0,0,0,0,0,0,0
S01011127,Other central heating,0,0,0,0,0,0,0,0,0,0,0,0
S01011127,Two or more types of central heating,23,1,22,21,0,21,2,1,1,0,0,0
S01011128,All people in households,709,128,581,599,43,556,69,48,21,41,37,4
S01011128,No central heating,1,0,1,1,0,1,0,0,0,0,0,0
S01011128,Gas central heating,627,100,527,537,33,504,62,43,19,28,24,4
S01011128,Electric (including storage heaters) central heating,63,22,41,47,8,39,6,4,2,10,10,0
S01011128,Oil central heating,5,2,3,3,0,3,1,1,0,1,1,0
S01011128,Solid fuel (for example wood coal) central heating,0,0,0,0,0,0,0,0,0,0,0,0
S01011128,Other central heating,0,0,0,0,0,0,0,0,0,0,0,0
S01011128,Two or more types of central heating,13,4,9,11,2,9,0,0,0,2,2,0
S01011129,All people in households,973,81,892,896,33,863,56,27,29,21,21,0
S01011129,No central heating,3,0,3,3,0,3,0,0,0,0,0,0
S01011129,Gas central heating,916,73,843,849,31,818,49,24,25,18,18,0
S01011129,Electric (including storage heaters) central heating,12,2,10,10,1,9,1,0,1,1,1,0
S01011129,Oil central heating,19,3,16,17,1,16,2,2,0,0,0,0
S01011129,Solid fuel (for example wood coal) central heating,2,1,1,0,0,0,1,0,1,1,1,0
S01011129,Other central heating,5,0,5,5,0,5,0,0,0,0,0,0
S01011129,Two or more types of central heating,16,2,14,12,0,12,3,1,2,1,1,0
S01011130,All people in households,597,150,447,466,43,423,84,61,23,47,46,1
S01011130,No central heating,5,2,3,1,0,1,4,2,2,0,0,0
S01011130,Gas central heating,513,130,383,404,38,366,71,54,17,38,38,0
S01011130,Electric (including storage heaters) central heating,36,6,30,28,1,27,5,3,2,3,2,1
S01011130,Oil central heating,8,1,7,6,0,6,1,0,1,1,1,0
S01011130,Solid fuel (for example wood coal) central heating,12,7,5,7,2,5,1,1,0,4,4,0
S01011130,Other central heating,0,0,0,0,0,0,0,0,0,0,0,0
S01011130,Two or more types of central heating,23,4,19,20,2,18,2,1,1,1,1,0
S01011131,All people in households,637,110,527,543,35,508,63,44,19,31,31,0
S01011131,No central heating,6,2,4,5,1,4,1,1,0,0,0,0
S01011131,Gas central heating,530,81,449,462,27,435,49,35,14,19,19,0
S01011131,Electric (including storage heaters) central heating,60,15,45,47,4,43,6,4,2,7,7,0
S01011131,Oil central heating,15,8,7,7,3,4,6,3,3,2,2,0
S01011131,Solid fuel (for example wood coal) central heating,0,0,0,0,0,0,0,0,0,0,0,0
S01011131,Other central heating,9,1,8,8,0,8,0,0,0,1,1,0
S01011131,Two or more types of central heating,17,3,14,14,0,14,1,1,0,2,2,0
S01011132,All people in households,898,133,765,781,50,731,89,55,34,28,28,0
S01011132,No central heating,17,1,16,16,1,15,1,0,1,0,0,0
S01011132,Gas central heating,770,115,655,669,43,626,74,45,29,27,27,0
S01011132,Electric (including storage heaters) central heating,50,10,40,40,2,38,9,7,2,1,1,0
S01011132,Oil central heating,54,6,48,50,4,46,4,2,2,0,0,0
S01011132,Solid fuel (for example wood coal) central heating,0,0,0,0,0,0,0,0,0,0,0,0
S01011132,Other central heating,0,0,0,0,0,0,0,0,0,0,0,0
S01011132,Two or more types of central heating,7,1,6,6,0,6,1,1,0,0,0,0
S01011133,All people in households,445,97,348,364,35,329,61,42,19,20,20,0
S01011133,No central heating,3,1,2,2,0,2,1,1,0,0,0,0
S01011133,Gas central heating,364,73,291,307,31,276,42,27,15,15,15,0
S01011133,Electric (including storage heaters) central heating,33,11,22,21,2,19,10,7,3,2,2,0
S01011133,Oil central heating,20,1,19,19,1,18,1,0,1,0,0,0
S01011133,Solid fuel (for example wood coal) central heating,9,3,6,7,1,6,2,2,0,0,0,0
S01011133,Other central heating,0,0,0,0,0,0,0,0,0,0,0,0
S01011133,Two or more types of central heating,16,8,8,8,0,8,5,5,0,3,3,0
S01011134,All people in households,744,161,583,605,56,549,98,65,33,41,40,1
S01011134,No central heating,9,1,8,9,1,8,0,0,0,0,0,0
S01011134,Gas central heating,534,95,439,451,33,418,62,42,20,21,20,1
S01011134,Electric (including storage heaters) central heating,135,45,90,101,15,86,21,17,4,13,13,0
S01011134,Oil central heating,35,9,26,24,4,20,9,3,6,2,2,0
S01011134,Solid fuel (for example wood coal) central heating,15,6,9,10,2,8,3,2,1,2,2,0
S01011134,Other central heating,3,2,1,1,0,1,0,0,0,2,2,0
S01011134,Two or more types of central heating,13,3,10,9,1,8,3,1,2,1,1,0
S01011135,All people in households,740,135,605,636,49,587,75,57,18,29,29,0
S01011135,No central heating,15,1,14,14,0,14,0,0,0,1,1,0
S01011135,Gas central heating,586,92,494,514,35,479,54,39,15,18,18,0
S01011135,Electric (including storage heaters) central heating,101,28,73,79,8,71,16,14,2,6,6,0
S01011135,Oil central heating,23,10,13,19,6,13,3,3,0,1,1,0
S01011135,Solid fuel (for example wood coal) central heating,6,1,5,4,0,4,1,0,1,1,1,0
S01011135,Other central heating,0,0,0,0,0,0,0,0,0,0,0,0
S01011135,Two or more types of central heating,9,3,6,6,0,6,1,1,0,2,2,0
S01011136,All people in households,644,130,514,533,44,489,80,56,24,31,30,1
S01011136,No central heating,4,1,3,3,0,3,1,1,0,0,0,0
S01011136,Gas central heating,466,84,382,395,26,369,52,40,12,19,18,1
S01011136,Electric (including storage heaters) central heating,120,25,95,97,10,87,17,9,8,6,6,0
S01011136,Oil central heating,26,7,19,22,3,19,2,2,0,2,2,0
S01011136,Solid fuel (for example wood coal) central heating,9,2,7,5,0,5,4,2,2,0,0,0
S01011136,Other central heating,0,0,0,0,0,0,0,0,0,0,0,0
S01011136,Two or more types of central heating,19,11,8,11,5,6,4,2,2,4,4,0
S01011137,All people in households,502,65,437,456,32,424,40,27,13,6,6,0
S01011137,No central heating,8,0,8,8,0,8,0,0,0,0,0,0
S01011137,Gas central heating,345,36,309,319,18,301,23,15,8,3,3,0
S01011137,Electric (including storage heaters) central heating,77,15,62,66,7,59,11,8,3,0,0,0
S01011137,Oil central heating,30,6,24,26,3,23,3,2,1,1,1,0
S01011137,Solid fuel (for example wood coal) central heating,4,0,4,4,0,4,0,0,0,0,0,0
S01011137,Other central heating,29,6,23,26,4,22,2,1,1,1,1,0
S01011137,Two or more types of central heating,9,2,7,7,0,7,1,1,0,1,1,0
S01011138,All people in households,635,98,537,546,31,515,63,41,22,26,26,0
S01011138,No central heating,11,1,10,8,0,8,2,0,2,1,1,0
S01011138,Gas central heating,494,73,421,436,23,413,40,32,8,18,18,0
S01011138,Electric (including storage heaters) central heating,76,14,62,57,4,53,14,5,9,5,5,0
S01011138,Oil central heating,9,2,7,7,0,7,1,1,0,1,1,0
S01011138,Solid fuel (for example wood coal) central heating,6,2,4,5,1,4,0,0,0,1,1,0
S01011138,Other central heating,16,3,13,11,1,10,5,2,3,0,0,0
S01011138,Two or more types of central heating,23,3,20,22,2,20,1,1,0,0,0,0
S01011139,All people in households,764,72,692,703,30,673,46,30,16,15,12,3
S01011139,No central heating,15,1,14,13,0,13,2,1,1,0,0,0
S01011139,Gas central heating,607,58,549,566,24,542,31,24,7,10,10,0
S01011139,Electric (including storage heaters) central heating,105,10,95,89,5,84,11,3,8,5,2,3
S01011139,Oil central heating,19,3,16,17,1,16,2,2,0,0,0,0
S01011139,Solid fuel (for example wood coal) central heating,0,0,0,0,0,0,0,0,0,0,0,0
S01011139,Other central heating,0,0,0,0,0,0,0,0,0,0,0,0
S01011139,Two or more types of central heating,18,0,18,18,0,18,0,0,0,0,0,0
S01011140,All people in households,537,104,433,435,24,411,67,46,21,35,34,1
S01011140,No central heating,3,2,1,3,2,1,0,0,0,0,0,0
S01011140,Gas central heating,472,87,385,383,19,364,58,38,20,31,30,1
S01011140,Electric (including storage heaters) central heating,18,8,10,12,2,10,3,3,0,3,3,0
S01011140,Oil central heating,2,1,1,1,0,1,1,1,0,0,0,0
S01011140,Solid fuel (for example wood coal) central heating,8,3,5,5,0,5,3,3,0,0,0,0
S01011140,Other central heating,3,1,2,3,1,2,0,0,0,0,0,0
S01011140,Two or more types of central heating,31,2,29,28,0,28,2,1,1,1,1,0
S01011141,All people in households,558,94,464,458,16,442,65,44,21,35,34,1
S01011141,No central heating,2,1,1,1,0,1,1,1,0,0,0,0
S01011141,Gas central heating,517,83,434,429,15,414,57,38,19,31,30,1
S01011141,Electric (including storage heaters) central heating,23,5,18,17,1,16,4,2,2,2,2,0
S01011141,Oil central heating,2,0,2,2,0,2,0,0,0,0,0,0
S01011141,Solid fuel (for example wood coal) central heating,0,0,0,0,0,0,0,0,0,0,0,0
S01011141,Other central heating,4,3,1,1,0,1,2,2,0,1,1,0
S01011141,Two or more types of central heating,10,2,8,8,0,8,1,1,0,1,1,0
S01011142,All people in households,839,111,728,749,40,709,62,43,19,28,28,0
S01011142,No central heating,19,3,16,17,1,16,1,1,0,1,1,0
S01011142,Gas central heating,141,16,125,127,5,122,9,6,3,5,5,0
S01011142,Electric (including storage heaters) central heating,116,22,94,104,10,94,5,5,0,7,7,0
S01011142,Oil central heating,490,62,428,442,24,418,35,25,10,13,13,0
S01011142,Solid fuel (for example wood coal) central heating,16,0,16,14,0,14,2,0,2,0,0,0
S01011142,Other central heating,6,2,4,4,0,4,2,2,0,0,0,0
S01011142,Two or more types of central heating,51,6,45,41,0,41,8,4,4,2,2,0
S01011143,All people in households,950,163,787,818,61,757,105,75,30,27,27,0
S01011143,No central heating,20,6,14,12,0,12,6,4,2,2,2,0
S01011143,Gas central heating,46,7,39,38,1,37,4,2,2,4,4,0
S01011143,Electric (including storage heaters) central heating,163,43,120,129,16,113,28,21,7,6,6,0
S01011143,Oil central heating,685,99,586,607,39,568,63,45,18,15,15,0
S01011143,Solid fuel (for example wood coal) central heating,15,5,10,13,3,10,2,2,0,0,0,0
S01011143,Other central heating,1,0,1,1,0,1,0,0,0,0,0,0
S01011143,Two or more types of central heating,20,3,17,18,2,16,2,1,1,0,0,0
S01011144,All people in households,769,143,626,657,56,601,78,54,24,34,33,1
S01011144,No central heating,12,5,7,7,0,7,0,0,0,5,5,0
S01011144,Gas central heating,27,6,21,23,3,20,3,2,1,1,1,0
S01011144,Electric (including storage heaters) central heating,181,51,130,135,14,121,35,27,8,11,10,1
S01011144,Oil central heating,488,69,419,443,35,408,33,22,11,12,12,0
S01011144,Solid fuel (for example wood coal) central heating,20,3,17,13,0,13,6,2,4,1,1,0
S01011144,Other central heating,8,3,5,7,2,5,0,0,0,1,1,0
S01011144,Two or more types of central heating,33,6,27,29,2,27,1,1,0,3,3,0
S01011145,All people in households,653,122,531,563,54,509,74,52,22,16,16,0
S01011145,No central heating,13,2,11,11,0,11,1,1,0,1,1,0
S01011145,Gas central heating,36,8,28,31,3,28,5,5,0,0,0,0
S01011145,Electric (including storage heaters) central heating,90,26,64,65,6,59,22,17,5,3,3,0
S01011145,Oil central heating,447,69,378,405,40,365,32,19,13,10,10,0
S01011145,Solid fuel (for example wood coal) central heating,22,9,13,15,2,13,5,5,0,2,2,0
S01011145,Other central heating,22,3,19,17,1,16,5,2,3,0,0,0
S01011145,Two or more types of central heating,23,5,18,19,2,17,4,3,1,0,0,0
S01011146,All people in households,759,128,631,617,29,588,103,60,43,39,39,0
S01011146,No central heating,0,0,0,0,0,0,0,0,0,0,0,0
S01011146,Gas central heating,26,8,18,18,1,17,5,4,1,3,3,0
S01011146,Electric (including storage heaters) central heating,263,56,207,195,5,190,43,26,17,25,25,0
S01011146,Oil central heating,380,49,331,327,14,313,43,25,18,10,10,0
S01011146,Solid fuel (for example wood coal) central heating,67,10,57,58,7,51,8,2,6,1,1,0
S01011146,Other central heating,15,5,10,12,2,10,3,3,0,0,0,0
S01011146,Two or more types of central heating,8,0,8,7,0,7,1,0,1,0,0,0
S01011147,All people in households,995,172,823,824,51,773,129,80,49,42,41,1
S01011147,No central heating,29,6,23,26,3,23,2,2,0,1,1,0
S01011147,Gas central heating,39,5,34,37,3,34,1,1,0,1,1,0
S01011147,Electric (including storage heaters) central heating,220,52,168,165,16,149,42,23,19,13,13,0
S01011147,Oil central heating,582,92,490,491,24,467,70,47,23,21,21,0
S01011147,Solid fuel (for example wood coal) central heating,63,14,49,48,5,43,11,5,6,4,4,0
S01011147,Other central heating,3,1,2,2,0,2,1,1,0,0,0,0
S01011147,Two or more types of central heating,59,2,57,55,0,55,2,1,1,2,1,1
S01011148,All people in households,763,115,648,666,53,613,75,41,34,22,21,1
S01011148,No central heating,24,5,19,16,0,16,8,5,3,0,0,0
S01011148,Gas central heating,113,28,85,97,14,83,11,9,2,5,5,0
S01011148,Electric (including storage heaters) central heating,88,21,67,73,10,63,10,7,3,5,4,1
S01011148,Oil central heating,389,46,343,350,23,327,31,15,16,8,8,0
S01011148,Solid fuel (for example wood coal) central heating,78,8,70,66,3,63,10,3,7,2,2,0
S01011148,Other central heating,21,2,19,20,1,19,1,1,0,0,0,0
S01011148,Two or more types of central heating,50,5,45,44,2,42,4,1,3,2,2,0
S01011149,All people in households,679,72,607,627,37,590,42,25,17,10,10,0
S01011149,No central heating,13,5,8,8,2,6,5,3,2,0,0,0
S01011149,Gas central heating,391,32,359,366,13,353,20,14,6,5,5,0
S01011149,Electric (including storage heaters) central heating,20,3,17,19,2,17,1,1,0,0,0,0
S01011149,Oil central heating,161,18,143,146,10,136,12,5,7,3,3,0
S01011149,Solid fuel (for example wood coal) central heating,35,6,29,34,6,28,1,0,1,0,0,0
S01011149,Other central heating,31,4,27,29,2,27,1,1,0,1,1,0
S01011149,Two or more types of central heating,28,4,24,25,2,23,2,1,1,1,1,0
S01011150,All people in households,474,26,448,447,12,435,22,9,13,5,5,0
S01011150,No central heating,1,1,0,0,0,0,1,1,0,0,0,0
S01011150,Gas central heating,425,18,407,401,7,394,20,7,13,4,4,0
S01011150,Electric (including storage heaters) central heating,10,2,8,9,1,8,1,1,0,0,0,0
S01011150,Oil central heating,10,2,8,10,2,8,0,0,0,0,0,0
S01011150,Solid fuel (for example wood coal) central heating,0,0,0,0,0,0,0,0,0,0,0,0
S01011150,Other central heating,3,1,2,3,1,2,0,0,0,0,0,0
S01011150,Two or more types of central heating,25,2,23,24,1,23,0,0,0,1,1,0
S01011151,All people in households,578,51,527,530,17,513,36,22,14,12,12,0
S01011151,No central heating,25,5,20,17,0,17,6,3,3,2,2,0
S01011151,Gas central heating,399,33,366,373,13,360,20,14,6,6,6,0
S01011151,Electric (including storage heaters) central heating,40,5,35,36,1,35,3,3,0,1,1,0
S01011151,Oil central heating,60,4,56,54,1,53,4,1,3,2,2,0
S01011151,Solid fuel (for example wood coal) central heating,8,2,6,6,0,6,1,1,0,1,1,0
S01011151,Other central heating,4,0,4,4,0,4,0,0,0,0,0,0
S01011151,Two or more types of central heating,42,2,40,40,2,38,2,0,2,0,0,0
S01011152,All people in households,695,129,566,601,56,545,68,47,21,26,26,0
S01011152,No central heating,43,8,35,39,6,33,2,0,2,2,2,0
S01011152,Gas central heating,105,20,85,92,8,84,7,6,1,6,6,0
S01011152,Electric (including storage heaters) central heating,202,52,150,160,20,140,28,18,10,14,14,0
S01011152,Oil central heating,262,39,223,233,17,216,25,18,7,4,4,0
S01011152,Solid fuel (for example wood coal) central heating,35,3,32,32,1,31,3,2,1,0,0,0
S01011152,Other central heating,2,0,2,2,0,2,0,0,0,0,0,0
S01011152,Two or more types of central heating,46,7,39,43,4,39,3,3,0,0,0,0
S01011153,All people in households,848,189,659,676,62,614,122,79,43,50,48,2
S01011153,No central heating,17,6,11,12,1,11,3,3,0,2,2,0
S01011153,Gas central heating,488,98,390,399,34,365,65,41,24,24,23,1
S01011153,Electric (including storage heaters) central heating,198,58,140,142,16,126,37,24,13,19,18,1
S01011153,Oil central heating,121,23,98,105,10,95,11,8,3,5,5,0
S01011153,Solid fuel (for example wood coal) central heating,9,1,8,8,0,8,1,1,0,0,0,0
S01011153,Other central heating,8,3,5,6,1,5,2,2,0,0,0,0
S01011153,Two or more types of central heating,7,0,7,4,0,4,3,0,3,0,0,0
S01011154,All people in households,559,155,404,417,51,366,104,70,34,38,34,4
S01011154,No central heating,19,2,17,16,2,14,2,0,2,1,0,1
S01011154,Gas central heating,452,124,328,340,38,302,83,59,24,29,27,2
S01011154,Electric (including storage heaters) central heating,76,24,52,52,8,44,16,9,7,8,7,1
S01011154,Oil central heating,2,2,0,1,1,0,1,1,0,0,0,0
S01011154,Solid fuel (for example wood coal) central heating,1,0,1,1,0,1,0,0,0,0,0,0
S01011154,Other central heating,3,2,1,1,1,0,2,1,1,0,0,0
S01011154,Two or more types of central heating,6,1,5,6,1,5,0,0,0,0,0,0
S01011155,All people in households,643,169,474,496,53,443,112,81,31,35,35,0
S01011155,No central heating,11,3,8,7,1,6,4,2,2,0,0,0
S01011155,Gas central heating,519,132,387,407,41,366,84,63,21,28,28,0
S01011155,Electric (including storage heaters) central heating,64,23,41,43,8,35,15,9,6,6,6,0
S01011155,Oil central heating,14,3,11,10,0,10,4,3,1,0,0,0
S01011155,Solid fuel (for example wood coal) central heating,9,3,6,8,2,6,1,1,0,0,0,0
S01011155,Other central heating,1,0,1,1,0,1,0,0,0,0,0,0
S01011155,Two or more types of central heating,25,5,20,20,1,19,4,3,1,1,1,0
S01011156,All people in households,565,83,482,516,47,469,43,30,13,6,6,0
S01011156,No central heating,5,0,5,5,0,5,0,0,0,0,0,0
S01011156,Gas central heating,457,59,398,420,31,389,33,24,9,4,4,0
S01011156,Electric (including storage heaters) central heating,85,19,66,75,13,62,9,5,4,1,1,0
S01011156,Oil central heating,9,1,8,9,1,8,0,0,0,0,0,0
S01011156,Solid fuel (for example wood coal) central heating,0,0,0,0,0,0,0,0,0,0,0,0
S01011156,Other central heating,0,0,0,0,0,0,0,0,0,0,0,0
S01011156,Two or more types of central heating,9,4,5,7,2,5,1,1,0,1,1,0
S01011157,All people in households,575,94,481,506,43,463,56,38,18,13,13,0
S01011157,No central heating,1,1,0,0,0,0,1,1,0,0,0,0
S01011157,Gas central heating,489,72,417,434,34,400,44,27,17,11,11,0
S01011157,Electric (including storage heaters) central heating,67,17,50,56,7,49,10,9,1,1,1,0
S01011157,Oil central heating,6,2,4,4,0,4,1,1,0,1,1,0
S01011157,Solid fuel (for example wood coal) central heating,5,2,3,5,2,3,0,0,0,0,0,0
S01011157,Other central heating,0,0,0,0,0,0,0,0,0,0,0,0
S01011157,Two or more types of central heating,7,0,7,7,0,7,0,0,0,0,0,0
S01011158,All people in households,505,117,388,428,56,372,54,39,15,23,22,1
S01011158,No central heating,7,2,5,5,0,5,2,2,0,0,0,0
S01011158,Gas central heating,407,84,323,357,45,312,35,25,10,15,14,1
S01011158,Electric (including storage heaters) central heating,28,13,15,18,5,13,7,5,2,3,3,0
S01011158,Oil central heating,38,10,28,30,4,26,6,4,2,2,2,0
S01011158,Solid fuel (for example wood coal) central heating,6,3,3,5,2,3,0,0,0,1,1,0
S01011158,Other central heating,0,0,0,0,0,0,0,0,0,0,0,0
S01011158,Two or more types of central heating,19,5,14,13,0,13,4,3,1,2,2,0
S01011159,All people in households,545,154,391,410,43,367,89,66,23,46,45,1
S01011159,No central heating,6,2,4,5,1,4,1,1,0,0,0,0
S01011159,Gas central heating,458,120,338,353,32,321,67,50,17,38,38,0
S01011159,Electric (including storage heaters) central heating,40,17,23,26,6,20,10,7,3,4,4,0
S01011159,Oil central heating,10,1,9,8,0,8,2,1,1,0,0,0
S01011159,Solid fuel (for example wood coal) central heating,8,5,3,5,3,2,3,2,1,0,0,0
S01011159,Other central heating,0,0,0,0,0,0,0,0,0,0,0,0
S01011159,Two or more types of central heating,23,9,14,13,1,12,6,5,1,4,3,1
S01011160,All people in households,909,154,755,786,72,714,100,59,41,23,23,0
S01011160,No central heating,7,4,3,2,0,2,3,2,1,2,2,0
S01011160,Gas central heating,679,108,571,593,50,543,73,45,28,13,13,0
S01011160,Electric (including storage heaters) central heating,141,36,105,117,20,97,18,10,8,6,6,0
S01011160,Oil central heating,39,4,35,35,2,33,3,1,2,1,1,0
S01011160,Solid fuel (for example wood coal) central heating,8,2,6,6,0,6,1,1,0,1,1,0
S01011160,Other central heating,0,0,0,0,0,0,0,0,0,0,0,0
S01011160,Two or more types of central heating,35,0,35,33,0,33,2,0,2,0,0,0
S01011161,All people in households,636,103,533,557,39,518,57,42,15,22,22,0
S01011161,No central heating,6,0,6,6,0,6,0,0,0,0,0,0
S01011161,Gas central heating,473,65,408,420,24,396,41,29,12,12,12,0
S01011161,Electric (including storage heaters) central heating,133,32,101,111,12,99,12,10,2,10,10,0
S01011161,Oil central heating,19,3,16,15,0,15,4,3,1,0,0,0
S01011161,Solid fuel (for example wood coal) central heating,0,0,0,0,0,0,0,0,0,0,0,0
S01011161,Other central heating,4,2,2,4,2,2,0,0,0,0,0,0
S01011161,Two or more types of central heating,1,1,0,1,1,0,0,0,0,0,0,0
S01011162,All people in households,497,64,433,446,24,422,37,27,10,14,13,1
S01011162,No central heating,0,0,0,0,0,0,0,0,0,0,0,0
S01011162,Gas central heating,395,48,347,361,22,339,23,16,7,11,10,1
S01011162,Electric (including storage heaters) central heating,54,15,39,39,2,37,12,10,2,3,3,0
S01011162,Oil central heating,28,0,28,28,0,28,0,0,0,0,0,0
S01011162,Solid fuel (for example wood coal) central heating,0,0,0,0,0,0,0,0,0,0,0,0
S01011162,Other central heating,5,0,5,5,0,5,0,0,0,0,0,0
S01011162,Two or more types of central heating,15,1,14,13,0,13,2,1,1,0,0,0
S01011163,All people in households,786,141,645,670,54,616,86,57,29,30,30,0
S01011163,No central heating,8,3,5,5,0,5,0,0,0,3,3,0
S01011163,Gas central heating,664,109,555,573,41,532,71,48,23,20,20,0
S01011163,Electric (including storage heaters) central heating,86,24,62,68,11,57,12,7,5,6,6,0
S01011163,Oil central heating,0,0,0,0,0,0,0,0,0,0,0,0
S01011163,Solid fuel (for example wood coal) central heating,12,2,10,10,1,9,1,0,1,1,1,0
S01011163,Other central heating,0,0,0,0,0,0,0,0,0,0,0,0
S01011163,Two or more types of central heating,16,3,13,14,1,13,2,2,0,0,0,0
S01011164,All people in households,718,93,625,649,39,610,45,30,15,24,24,0
S01011164,No central heating,1,0,1,0,0,0,1,0,1,0,0,0
S01011164,Gas central heating,532,59,473,483,20,463,34,24,10,15,15,0
S01011164,Electric (including storage heaters) central heating,112,20,92,100,12,88,7,3,4,5,5,0
S01011164,Oil central heating,21,7,14,19,5,14,2,2,0,0,0,0
S01011164,Solid fuel (for example wood coal) central heating,0,0,0,0,0,0,0,0,0,0,0,0
S01011164,Other central heating,46,7,39,41,2,39,1,1,0,4,4,0
S01011164,Two or more types of central heating,6,0,6,6,0,6,0,0,0,0,0,0
S01011165,All people in households,748,166,582,602,54,548,105,74,31,41,38,3
S01011165,No central heating,12,2,10,9,1,8,3,1,2,0,0,0
S01011165,Gas central heating,618,128,490,502,40,462,82,57,25,34,31,3
S01011165,Electric (including storage heaters) central heating,66,23,43,49,9,40,13,10,3,4,4,0
S01011165,Oil central heating,4,0,4,4,0,4,0,0,0,0,0,0
S01011165,Solid fuel (for example wood coal) central heating,8,2,6,6,0,6,0,0,0,2,2,0
S01011165,Other central heating,0,0,0,0,0,0,0,0,0,0,0,0
S01011165,Two or more types of central heating,40,11,29,32,4,28,7,6,1,1,1,0
S01011166,All people in households,513,98,415,440,36,404,52,41,11,21,21,0
S01011166,No central heating,6,1,5,6,1,5,0,0,0,0,0,0
S01011166,Gas central heating,453,81,372,392,30,362,45,35,10,16,16,0
S01011166,Electric (including storage heaters) central heating,21,8,13,14,2,12,4,3,1,3,3,0
S01011166,Oil central heating,13,3,10,10,0,10,1,1,0,2,2,0
S01011166,Solid fuel (for example wood coal) central heating,8,1,7,8,1,7,0,0,0,0,0,0
S01011166,Other central heating,0,0,0,0,0,0,0,0,0,0,0,0
S01011166,Two or more types of central heating,12,4,8,10,2,8,2,2,0,0,0,0
S01011167,All people in households,640,107,533,579,61,518,44,30,14,17,16,1
S01011167,No central heating,24,3,21,21,0,21,0,0,0,3,3,0
S01011167,Gas central heating,133,26,107,113,12,101,15,9,6,5,5,0
S01011167,Electric (including storage heaters) central heating,46,8,38,42,4,38,2,2,0,2,2,0
S01011167,Oil central heating,313,48,265,294,33,261,16,12,4,3,3,0
S01011167,Solid fuel (for example wood coal) central heating,55,13,42,47,7,40,5,4,1,3,2,1
S01011167,Other central heating,19,0,19,18,0,18,1,0,1,0,0,0
S01011167,Two or more types of central heating,50,9,41,44,5,39,5,3,2,1,1,0
S01011168,All people in households,845,113,732,745,49,696,74,40,34,26,24,2
S01011168,No central heating,34,11,23,26,3,23,6,6,0,2,2,0
S01011168,Gas central heating,99,8,91,92,4,88,6,3,3,1,1,0
S01011168,Electric (including storage heaters) central heating,47,11,36,35,4,31,11,6,5,1,1,0
S01011168,Oil central heating,479,63,416,427,27,400,34,18,16,18,18,0
S01011168,Solid fuel (for example wood coal) central heating,77,9,68,67,5,62,7,3,4,3,1,2
S01011168,Other central heating,25,1,24,24,0,24,1,1,0,0,0,0
S01011168,Two or more types of central heating,84,10,74,74,6,68,9,3,6,1,1,0
S01011169,All people in households,963,101,862,889,50,839,60,37,23,14,14,0
S01011169,No central heating,13,6,7,10,3,7,2,2,0,1,1,0
S01011169,Gas central heating,811,72,739,753,34,719,47,27,20,11,11,0
S01011169,Electric (including storage heaters) central heating,11,1,10,10,0,10,0,0,0,1,1,0
S01011169,Oil central heating,96,15,81,87,9,78,8,5,3,1,1,0
S01011169,Solid fuel (for example wood coal) central heating,5,0,5,5,0,5,0,0,0,0,0,0
S01011169,Other central heating,4,0,4,4,0,4,0,0,0,0,0,0
S01011169,Two or more types of central heating,23,7,16,20,4,16,3,3,0,0,0,0
S01011170,All people in households,910,172,738,775,64,711,98,73,25,37,35,2
S01011170,No central heating,25,5,20,20,2,18,5,3,2,0,0,0
S01011170,Gas central heating,95,22,73,76,5,71,11,9,2,8,8,0
S01011170,Electric (including storage heaters) central heating,66,27,39,43,9,34,20,15,5,3,3,0
S01011170,Oil central heating,543,91,452,483,39,444,40,33,7,20,19,1
S01011170,Solid fuel (for example wood coal) central heating,85,15,70,71,6,65,11,7,4,3,2,1
S01011170,Other central heating,35,2,33,31,1,30,3,0,3,1,1,0
S01011170,Two or more types of central heating,61,10,51,51,2,49,8,6,2,2,2,0
S01011171,All people in households,876,152,724,750,64,686,91,55,36,35,33,2
S01011171,No central heating,83,13,70,67,3,64,13,7,6,3,3,0
S01011171,Gas central heating,78,12,66,67,5,62,5,2,3,6,5,1
S01011171,Electric (including storage heaters) central heating,364,72,292,310,30,280,40,28,12,14,14,0
S01011171,Oil central heating,232,34,198,205,17,188,19,10,9,8,7,1
S01011171,Solid fuel (for example wood coal) central heating,36,0,36,32,0,32,4,0,4,0,0,0
S01011171,Other central heating,7,2,5,6,1,5,0,0,0,1,1,0
S01011171,Two or more types of central heating,76,19,57,63,8,55,10,8,2,3,3,0
S01011172,All people in households,721,164,557,605,73,532,90,67,23,26,24,2
S01011172,No central heating,56,17,39,42,7,35,13,9,4,1,1,0
S01011172,Gas central heating,59,6,53,53,1,52,5,4,1,1,1,0
S01011172,Electric (including storage heaters) central heating,276,60,216,227,21,206,34,25,9,15,14,1
S01011172,Oil central heating,258,70,188,220,40,180,30,23,7,8,7,1
S01011172,Solid fuel (for example wood coal) central heating,23,4,19,18,1,17,4,2,2,1,1,0
S01011172,Other central heating,13,2,11,12,1,11,1,1,0,0,0,0
S01011172,Two or more types of central heating,36,5,31,33,2,31,3,3,0,0,0,0
S01011173,All people in households,516,115,401,425,39,386,66,53,13,25,23,2
S01011173,No central heating,38,8,30,31,1,30,4,4,0,3,3,0
S01011173,Gas central heating,55,11,44,48,5,43,6,5,1,1,1,0
S01011173,Electric (including storage heaters) central heating,171,50,121,129,13,116,32,27,5,10,10,0
S01011173,Oil central heating,198,37,161,171,19,152,19,12,7,8,6,2
S01011173,Solid fuel (for example wood coal) central heating,22,2,20,20,0,20,1,1,0,1,1,0
S01011173,Other central heating,5,0,5,5,0,5,0,0,0,0,0,0
S01011173,Two or more types of central heating,27,7,20,21,1,20,4,4,0,2,2,0
S01011174,All people in households,434,108,326,354,37,317,56,47,9,24,24,0
S01011174,No central heating,46,6,40,39,1,38,3,1,2,4,4,0
S01011174,Gas central heating,26,13,13,16,3,13,6,6,0,4,4,0
S01011174,Electric (including storage heaters) central heating,175,47,128,143,17,126,26,24,2,6,6,0
S01011174,Oil central heating,120,26,94,100,9,91,15,12,3,5,5,0
S01011174,Solid fuel (for example wood coal) central heating,13,4,9,10,2,8,2,1,1,1,1,0
S01011174,Other central heating,0,0,0,0,0,0,0,0,0,0,0,0
S01011174,Two or more types of central heating,54,12,42,46,5,41,4,3,1,4,4,0
S01011175,All people in households,532,151,381,403,51,352,98,71,27,31,29,2
S01011175,No central heating,23,4,19,21,3,18,1,0,1,1,1,0
S01011175,Gas central heating,43,10,33,33,2,31,8,6,2,2,2,0
S01011175,Electric (including storage heaters) central heating,278,91,187,197,30,167,63,45,18,18,16,2
S01011175,Oil central heating,132,31,101,106,9,97,16,12,4,10,10,0
S01011175,Solid fuel (for example wood coal) central heating,16,6,10,11,2,9,5,4,1,0,0,0
S01011175,Other central heating,6,4,2,4,2,2,2,2,0,0,0,0
S01011175,Two or more types of central heating,34,5,29,31,3,28,3,2,1,0,0,0
S01011176,All people in households,531,127,404,426,47,379,90,65,25,15,15,0
S01011176,No central heating,24,9,15,16,2,14,6,5,1,2,2,0
S01011176,Gas central heating,49,7,42,44,3,41,3,2,1,2,2,0
S01011176,Electric (including storage heaters) central heating,198,47,151,156,18,138,37,24,13,5,5,0
S01011176,Oil central heating,209,55,154,168,23,145,36,27,9,5,5,0
S01011176,Solid fuel (for example wood coal) central heating,16,5,11,11,0,11,5,5,0,0,0,0
S01011176,Other central heating,3,1,2,3,1,2,0,0,0,0,0,0
S01011176,Two or more types of central heating,32,3,29,28,0,28,3,2,1,1,1,0
S01011177,All people in households,838,176,662,697,57,640,105,83,22,36,36,0
S01011177,No central heating,38,8,30,32,3,29,6,5,1,0,0,0
S01011177,Gas central heating,79,12,67,68,3,65,5,3,2,6,6,0
S01011177,Electric (including storage heaters) central heating,368,101,267,282,29,253,65,51,14,21,21,0
S01011177,Oil central heating,258,38,220,229,14,215,20,15,5,9,9,0
S01011177,Solid fuel (for example wood coal) central heating,26,3,23,24,1,23,2,2,0,0,0,0
S01011177,Other central heating,9,2,7,8,1,7,1,1,0,0,0,0
S01011177,Two or more types of central heating,60,12,48,54,6,48,6,6,0,0,0,0
S01011178,All people in households,514,110,404,430,37,393,59,48,11,25,25,0
S01011178,No central heating,4,3,1,2,1,1,1,1,0,1,1,0
S01011178,Gas central heating,482,99,383,406,33,373,53,43,10,23,23,0
S01011178,Electric (including storage heaters) central heating,7,4,3,4,2,2,3,2,1,0,0,0
S01011178,Oil central heating,17,4,13,14,1,13,2,2,0,1,1,0
S01011178,Solid fuel (for example wood coal) central heating,0,0,0,0,0,0,0,0,0,0,0,0
S01011178,Other central heating,4,0,4,4,0,4,0,0,0,0,0,0
S01011178,Two or more types of central heating,0,0,0,0,0,0,0,0,0,0,0,0
S01011179,All people in households,589,146,443,447,28,419,84,63,21,58,55,3
S01011179,No central heating,4,0,4,4,0,4,0,0,0,0,0,0
S01011179,Gas central heating,563,141,422,426,27,399,80,60,20,57,54,3
S01011179,Electric (including storage heaters) central heating,14,3,11,12,1,11,1,1,0,1,1,0
S01011179,Oil central heating,0,0,0,0,0,0,0,0,0,0,0,0
S01011179,Solid fuel (for example wood coal) central heating,2,2,0,0,0,0,2,2,0,0,0,0
S01011179,Other central heating,0,0,0,0,0,0,0,0,0,0,0,0
S01011179,Two or more types of central heating,6,0,6,5,0,5,1,0,1,0,0,0
S01011180,All people in households,670,172,498,504,41,463,96,65,31,70,66,4
S01011180,No central heating,2,0,2,2,0,2,0,0,0,0,0,0
S01011180,Gas central heating,639,164,475,481,40,441,92,61,31,66,63,3
S01011180,Electric (including storage heaters) central heating,15,6,9,10,1,9,2,2,0,3,3,0
S01011180,Oil central heating,2,0,2,2,0,2,0,0,0,0,0,0
S01011180,Solid fuel (for example wood coal) central heating,0,0,0,0,0,0,0,0,0,0,0,0
S01011180,Other central heating,4,1,3,3,0,3,1,1,0,0,0,0
S01011180,Two or more types of central heating,8,1,7,6,0,6,1,1,0,1,0,1
S01011181,All people in households,453,103,350,380,44,336,48,34,14,25,25,0
S01011181,No central heating,24,7,17,17,2,15,6,4,2,1,1,0
S01011181,Gas central heating,184,52,132,146,20,126,25,19,6,13,13,0
S01011181,Electric (including storage heaters) central heating,31,2,29,26,0,26,3,0,3,2,2,0
S01011181,Oil central heating,153,24,129,138,11,127,10,8,2,5,5,0
S01011181,Solid fuel (for example wood coal) central heating,11,2,9,11,2,9,0,0,0,0,0,0
S01011181,Other central heating,40,14,26,33,7,26,3,3,0,4,4,0
S01011181,Two or more types of central heating,10,2,8,9,2,7,1,0,1,0,0,0
S01011182,All people in households,395,89,306,320,28,292,54,41,13,21,20,1
S01011182,No central heating,9,0,9,9,0,9,0,0,0,0,0,0
S01011182,Gas central heating,175,46,129,135,14,121,28,21,7,12,11,1
S01011182,Electric (including storage heaters) central heating,25,7,18,19,2,17,5,4,1,1,1,0
S01011182,Oil central heating,157,29,128,133,9,124,17,13,4,7,7,0
S01011182,Solid fuel (for example wood coal) central heating,9,2,7,7,1,6,2,1,1,0,0,0
S01011182,Other central heating,9,2,7,7,0,7,2,2,0,0,0,0
S01011182,Two or more types of central heating,11,3,8,10,2,8,0,0,0,1,1,0
S01011183,All people in households,571,102,469,476,33,443,65,41,24,30,28,2
S01011183,No central heating,2,1,1,1,0,1,1,1,0,0,0,0
S01011183,Gas central heating,505,87,418,427,28,399,51,34,17,27,25,2
S01011183,Electric (including storage heaters) central heating,16,5,11,9,2,7,6,2,4,1,1,0
S01011183,Oil central heating,17,4,13,13,1,12,4,3,1,0,0,0
S01011183,Solid fuel (for example wood coal) central heating,0,0,0,0,0,0,0,0,0,0,0,0
S01011183,Other central heating,17,1,16,15,0,15,1,0,1,1,1,0
S01011183,Two or more types of central heating,14,4,10,11,2,9,2,1,1,1,1,0
S01011184,All people in households,820,103,717,742,43,699,61,44,17,17,16,1
S01011184,No central heating,1,0,1,0,0,0,0,0,0,1,0,1
S01011184,Gas central heating,807,102,705,730,42,688,61,44,17,16,16,0
S01011184,Electric (including storage heaters) central heating,2,0,2,2,0,2,0,0,0,0,0,0
S01011184,Oil central heating,0,0,0,0,0,0,0,0,0,0,0,0
S01011184,Solid fuel (for example wood coal) central heating,2,1,1,2,1,1,0,0,0,0,0,0
S01011184,Other central heating,0,0,0,0,0,0,0,0,0,0,0,0
S01011184,Two or more types of central heating,8,0,8,8,0,8,0,0,0,0,0,0
S01011185,All people in households,680,142,538,561,50,511,95,68,27,24,24,0
S01011185,No central heating,3,1,2,3,1,2,0,0,0,0,0,0
S01011185,Gas central heating,638,132,506,527,46,481,88,63,25,23,23,0
S01011185,Electric (including storage heaters) central heating,22,7,15,17,3,14,4,3,1,1,1,0
S01011185,Oil central heating,3,1,2,2,0,2,1,1,0,0,0,0
S01011185,Solid fuel (for example wood coal) central heating,0,0,0,0,0,0,0,0,0,0,0,0
S01011185,Other central heating,5,1,4,4,0,4,1,1,0,0,0,0
S01011185,Two or more types of central heating,9,0,9,8,0,8,1,0,1,0,0,0
S01011186,All people in households,913,239,674,697,65,632,138,100,38,78,74,4
S01011186,No central heating,6,0,6,6,0,6,0,0,0,0,0,0
S01011186,Gas central heating,862,220,642,668,64,604,123,89,34,71,67,4
S01011186,Electric (including storage heaters) central heating,18,9,9,9,1,8,5,4,1,4,4,0
S01011186,Oil central heating,5,2,3,3,0,3,1,1,0,1,1,0
S01011186,Solid fuel (for example wood coal) central heating,1,0,1,0,0,0,1,0,1,0,0,0
S01011186,Other central heating,5,2,3,3,0,3,2,2,0,0,0,0
S01011186,Two or more types of central heating,16,6,10,8,0,8,6,4,2,2,2,0
S01011187,All people in households,665,108,557,568,40,528,76,47,29,21,21,0
S01011187,No central heating,2,0,2,2,0,2,0,0,0,0,0,0
S01011187,Gas central heating,660,107,553,564,40,524,75,46,29,21,21,0
S01011187,Electric (including storage heaters) central heating,0,0,0,0,0,0,0,0,0,0,0,0
S01011187,Oil central heating,0,0,0,0,0,0,0,0,0,0,0,0
S01011187,Solid fuel (for example wood coal) central heating,0,0,0,0,0,0,0,0,0,0,0,0
S01011187,Other central heating,0,0,0,0,0,0,0,0,0,0,0,0
S01011187,Two or more types of central heating,3,1,2,2,0,2,1,1,0,0,0,0
S01011188,All people in households,951,195,756,768,57,711,127,88,39,56,50,6
S01011188,No central heating,6,0,6,4,0,4,2,0,2,0,0,0
S01011188,Gas central heating,905,185,720,733,53,680,117,82,35,55,50,5
S01011188,Electric (including storage heaters) central heating,10,2,8,8,1,7,2,1,1,0,0,0
S01011188,Oil central heating,5,2,3,3,0,3,2,2,0,0,0,0
S01011188,Solid fuel (for example wood coal) central heating,0,0,0,0,0,0,0,0,0,0,0,0
S01011188,Other central heating,4,1,3,3,1,2,1,0,1,0,0,0
S01011188,Two or more types of central heating,21,5,16,17,2,15,3,3,0,1,0,1
S01011189,All people in households,767,149,618,630,35,595,96,73,23,41,41,0
S01011189,No central heating,5,1,4,4,0,4,0,0,0,1,1,0
S01011189,Gas central heating,718,139,579,589,31,558,91,70,21,38,38,0
S01011189,Electric (including storage heaters) central heating,29,8,21,23,3,20,4,3,1,2,2,0
S01011189,Oil central heating,0,0,0,0,0,0,0,0,0,0,0,0
S01011189,Solid fuel (for example wood coal) central heating,3,0,3,2,0,2,1,0,1,0,0,0
S01011189,Other central heating,8,0,8,8,0,8,0,0,0,0,0,0
S01011189,Two or more types of central heating,4,1,3,4,1,3,0,0,0,0,0,0
S01011190,All people in households,633,162,471,487,38,449,97,76,21,49,48,1
S01011190,No central heating,4,0,4,4,0,4,0,0,0,0,0,0
S01011190,Gas central heating,588,149,439,450,32,418,91,71,20,47,46,1
S01011190,Electric (including storage heaters) central heating,18,8,10,11,2,9,6,5,1,1,1,0
S01011190,Oil central heating,10,2,8,9,1,8,0,0,0,1,1,0
S01011190,Solid fuel (for example wood coal) central heating,0,0,0,0,0,0,0,0,0,0,0,0
S01011190,Other central heating,0,0,0,0,0,0,0,0,0,0,0,0
S01011190,Two or more types of central heating,13,3,10,13,3,10,0,0,0,0,0,0
S01011191,All people in households,546,114,432,439,30,409,74,51,23,33,33,0
S01011191,No central heating,0,0,0,0,0,0,0,0,0,0,0,0
S01011191,Gas central heating,537,114,423,432,30,402,72,51,21,33,33,0
S01011191,Electric (including storage heaters) central heating,6,0,6,4,0,4,2,0,2,0,0,0
S01011191,Oil central heating,0,0,0,0,0,0,0,0,0,0,0,0
S01011191,Solid fuel (for example wood coal) central heating,0,0,0,0,0,0,0,0,0,0,0,0
S01011191,Other central heating,0,0,0,0,0,0,0,0,0,0,0,0
S01011191,Two or more types of central heating,3,0,3,3,0,3,0,0,0,0,0,0
S01011192,All people in households,697,127,570,595,51,544,71,45,26,31,31,0
S01011192,No central heating,4,1,3,3,1,2,1,0,1,0,0,0
S01011192,Gas central heating,685,122,563,587,49,538,68,43,25,30,30,0
S01011192,Electric (including storage heaters) central heating,0,0,0,0,0,0,0,0,0,0,0,0
S01011192,Oil central heating,0,0,0,0,0,0,0,0,0,0,0,0
S01011192,Solid fuel (for example wood coal) central heating,0,0,0,0,0,0,0,0,0,0,0,0
S01011192,Other central heating,0,0,0,0,0,0,0,0,0,0,0,0
S01011192,Two or more types of central heating,8,4,4,5,1,4,2,2,0,1,1,0
S01011193,All people in households,703,139,564,562,31,531,89,57,32,52,51,1
S01011193,No central heating,2,0,2,2,0,2,0,0,0,0,0,0
S01011193,Gas central heating,683,135,548,547,31,516,86,55,31,50,49,1
S01011193,Electric (including storage heaters) central heating,12,3,9,9,0,9,2,2,0,1,1,0
S01011193,Oil central heating,0,0,0,0,0,0,0,0,0,0,0,0
S01011193,Solid fuel (for example wood coal) central heating,0,0,0,0,0,0,0,0,0,0,0,0
S01011193,Other central heating,0,0,0,0,0,0,0,0,0,0,0,0
S01011193,Two or more types of central heating,6,1,5,4,0,4,1,0,1,1,1,0
S01011194,All people in households,727,143,584,577,34,543,110,72,38,40,37,3
S01011194,No central heating,2,0,2,2,0,2,0,0,0,0,0,0
S01011194,Gas central heating,713,141,572,566,33,533,108,71,37,39,37,2
S01011194,Electric (including storage heaters) central heating,2,1,1,2,1,1,0,0,0,0,0,0
S01011194,Oil central heating,0,0,0,0,0,0,0,0,0,0,0,0
S01011194,Solid fuel (for example wood coal) central heating,0,0,0,0,0,0,0,0,0,0,0,0
S01011194,Other central heating,0,0,0,0,0,0,0,0,0,0,0,0
S01011194,Two or more types of central heating,10,1,9,7,0,7,2,1,1,1,0,1
S01011195,All people in households,781,117,664,652,33,619,91,47,44,38,37,1
S01011195,No central heating,0,0,0,0,0,0,0,0,0,0,0,0
S01011195,Gas central heating,774,117,657,645,33,612,91,47,44,38,37,1
S01011195,Electric (including storage heaters) central heating,0,0,0,0,0,0,0,0,0,0,0,0
S01011195,Oil central heating,0,0,0,0,0,0,0,0,0,0,0,0
S01011195,Solid fuel (for example wood coal) central heating,0,0,0,0,0,0,0,0,0,0,0,0
S01011195,Other central heating,3,0,3,3,0,3,0,0,0,0,0,0
S01011195,Two or more types of central heating,4,0,4,4,0,4,0,0,0,0,0,0
S01011196,All people in households,903,218,685,697,60,637,140,94,46,66,64,2
S01011196,No central heating,5,2,3,4,1,3,1,1,0,0,0,0
S01011196,Gas central heating,854,206,648,662,59,603,132,88,44,60,59,1
S01011196,Electric (including storage heaters) central heating,34,7,27,26,0,26,3,3,0,5,4,1
S01011196,Oil central heating,0,0,0,0,0,0,0,0,0,0,0,0
S01011196,Solid fuel (for example wood coal) central heating,0,0,0,0,0,0,0,0,0,0,0,0
S01011196,Other central heating,3,2,1,1,0,1,1,1,0,1,1,0
S01011196,Two or more types of central heating,7,1,6,4,0,4,3,1,2,0,0,0
S01011197,All people in households,871,213,658,659,43,616,130,89,41,82,81,1
S01011197,No central heating,0,0,0,0,0,0,0,0,0,0,0,0
S01011197,Gas central heating,843,204,639,640,42,598,125,85,40,78,77,1
S01011197,Electric (including storage heaters) central heating,14,8,6,6,1,5,4,3,1,4,4,0
S01011197,Oil central heating,0,0,0,0,0,0,0,0,0,0,0,0
S01011197,Solid fuel (for example wood coal) central heating,0,0,0,0,0,0,0,0,0,0,0,0
S01011197,Other central heating,1,0,1,1,0,1,0,0,0,0,0,0
S01011197,Two or more types of central heating,13,1,12,12,0,12,1,1,0,0,0,0
S01011198,All people in households,624,138,486,500,31,469,74,57,17,50,50,0
S01011198,No central heating,4,3,1,1,0,1,3,3,0,0,0,0
S01011198,Gas central heating,611,133,478,492,31,461,69,52,17,50,50,0
S01011198,Electric (including storage heaters) central heating,4,2,2,2,0,2,2,2,0,0,0,0
S01011198,Oil central heating,0,0,0,0,0,0,0,0,0,0,0,0
S01011198,Solid fuel (for example wood coal) central heating,0,0,0,0,0,0,0,0,0,0,0,0
S01011198,Other central heating,1,0,1,1,0,1,0,0,0,0,0,0
S01011198,Two or more types of central heating,4,0,4,4,0,4,0,0,0,0,0,0
S01011199,All people in households,781,177,604,617,43,574,114,88,26,50,46,4
S01011199,No central heating,2,1,1,1,0,1,0,0,0,1,1,0
S01011199,Gas central heating,743,168,575,585,38,547,111,86,25,47,44,3
S01011199,Electric (including storage heaters) central heating,5,1,4,4,1,3,1,0,1,0,0,0
S01011199,Oil central heating,2,1,1,2,1,1,0,0,0,0,0,0
S01011199,Solid fuel (for example wood coal) central heating,0,0,0,0,0,0,0,0,0,0,0,0
S01011199,Other central heating,7,0,7,7,0,7,0,0,0,0,0,0
S01011199,Two or more types of central heating,22,6,16,18,3,15,2,2,0,2,1,1
S01011200,All people in households,740,165,575,579,36,543,96,64,32,65,65,0
S01011200,No central heating,5,0,5,4,0,4,1,0,1,0,0,0
S01011200,Gas central heating,700,158,542,552,35,517,86,61,25,62,62,0
S01011200,Electric (including storage heaters) central heating,29,6,23,20,1,19,7,3,4,2,2,0
S01011200,Oil central heating,0,0,0,0,0,0,0,0,0,0,0,0
S01011200,Solid fuel (for example wood coal) central heating,0,0,0,0,0,0,0,0,0,0,0,0
S01011200,Other central heating,0,0,0,0,0,0,0,0,0,0,0,0
S01011200,Two or more types of central heating,6,1,5,3,0,3,2,0,2,1,1,0
S01011201,All people in households,586,135,451,469,36,433,76,58,18,41,41,0
S01011201,No central heating,2,1,1,1,0,1,1,1,0,0,0,0
S01011201,Gas central heating,570,128,442,459,35,424,72,54,18,39,39,0
S01011201,Electric (including storage heaters) central heating,3,1,2,2,0,2,1,1,0,0,0,0
S01011201,Oil central heating,0,0,0,0,0,0,0,0,0,0,0,0
S01011201,Solid fuel (for example wood coal) central heating,1,0,1,1,0,1,0,0,0,0,0,0
S01011201,Other central heating,0,0,0,0,0,0,0,0,0,0,0,0
S01011201,Two or more types of central heating,10,5,5,6,1,5,2,2,0,2,2,0
S01011202,All people in households,844,201,643,643,40,603,127,87,40,74,74,0
S01011202,No central heating,4,1,3,3,0,3,1,1,0,0,0,0
S01011202,Gas central heating,821,192,629,629,40,589,119,79,40,73,73,0
S01011202,Electric (including storage heaters) central heating,4,2,2,2,0,2,2,2,0,0,0,0
S01011202,Oil central heating,0,0,0,0,0,0,0,0,0,0,0,0
S01011202,Solid fuel (for example wood coal) central heating,3,2,1,1,0,1,2,2,0,0,0,0
S01011202,Other central heating,0,0,0,0,0,0,0,0,0,0,0,0
S01011202,Two or more types of central heating,12,4,8,8,0,8,3,3,0,1,1,0
S01011203,All people in households,806,185,621,655,54,601,99,80,19,52,51,1
S01011203,No central heating,7,1,6,5,0,5,2,1,1,0,0,0
S01011203,Gas central heating,770,178,592,627,52,575,94,78,16,49,48,1
S01011203,Electric (including storage heaters) central heating,14,3,11,11,1,10,2,1,1,1,1,0
S01011203,Oil central heating,0,0,0,0,0,0,0,0,0,0,0,0
S01011203,Solid fuel (for example wood coal) central heating,0,0,0,0,0,0,0,0,0,0,0,0
S01011203,Other central heating,4,0,4,4,0,4,0,0,0,0,0,0
S01011203,Two or more types of central heating,11,3,8,8,1,7,1,0,1,2,2,0
S01011204,All people in households,555,85,470,497,38,459,38,27,11,20,20,0
S01011204,No central heating,0,0,0,0,0,0,0,0,0,0,0,0
S01011204,Gas central heating,551,82,469,495,36,459,36,26,10,20,20,0
S01011204,Electric (including storage heaters) central heating,2,2,0,1,1,0,1,1,0,0,0,0
S01011204,Oil central heating,0,0,0,0,0,0,0,0,0,0,0,0
S01011204,Solid fuel (for example wood coal) central heating,0,0,0,0,0,0,0,0,0,0,0,0
S01011204,Other central heating,0,0,0,0,0,0,0,0,0,0,0,0
S01011204,Two or more types of central heating,2,1,1,1,1,0,1,0,1,0,0,0
S01011205,All people in households,716,54,662,679,27,652,23,13,10,14,14,0
S01011205,No central heating,4,0,4,4,0,4,0,0,0,0,0,0
S01011205,Gas central heating,692,53,639,657,27,630,21,12,9,14,14,0
S01011205,Electric (including storage heaters) central heating,9,1,8,7,0,7,2,1,1,0,0,0
S01011205,Oil central heating,1,0,1,1,0,1,0,0,0,0,0,0
S01011205,Solid fuel (for example wood coal) central heating,0,0,0,0,0,0,0,0,0,0,0,0
S01011205,Other central heating,0,0,0,0,0,0,0,0,0,0,0,0
S01011205,Two or more types of central heating,10,0,10,10,0,10,0,0,0,0,0,0
S01011206,All people in households,734,102,632,654,35,619,53,42,11,27,25,2
S01011206,No central heating,0,0,0,0,0,0,0,0,0,0,0,0
S01011206,Gas central heating,719,98,621,643,34,609,50,40,10,26,24,2
S01011206,Electric (including storage heaters) central heating,7,2,5,4,0,4,2,1,1,1,1,0
S01011206,Oil central heating,0,0,0,0,0,0,0,0,0,0,0,0
S01011206,Solid fuel (for example wood coal) central heating,0,0,0,0,0,0,0,0,0,0,0,0
S01011206,Other central heating,0,0,0,0,0,0,0,0,0,0,0,0
S01011206,Two or more types of central heating,8,2,6,7,1,6,1,1,0,0,0,0
S01011207,All people in households,757,197,560,586,49,537,97,74,23,74,74,0
S01011207,No central heating,8,1,7,7,0,7,1,1,0,0,0,0
S01011207,Gas central heating,719,181,538,560,44,516,90,68,22,69,69,0
S01011207,Electric (including storage heaters) central heating,8,5,3,3,1,2,3,2,1,2,2,0
S01011207,Oil central heating,11,3,8,11,3,8,0,0,0,0,0,0
S01011207,Solid fuel (for example wood coal) central heating,0,0,0,0,0,0,0,0,0,0,0,0
S01011207,Other central heating,4,4,0,1,1,0,1,1,0,2,2,0
S01011207,Two or more types of central heating,7,3,4,4,0,4,2,2,0,1,1,0
S01011208,All people in households,907,103,804,809,34,775,72,45,27,26,24,2
S01011208,No central heating,4,1,3,2,0,2,2,1,1,0,0,0
S01011208,Gas central heating,880,94,786,788,29,759,67,42,25,25,23,2
S01011208,Electric (including storage heaters) central heating,6,1,5,6,1,5,0,0,0,0,0,0
S01011208,Oil central heating,0,0,0,0,0,0,0,0,0,0,0,0
S01011208,Solid fuel (for example wood coal) central heating,0,0,0,0,0,0,0,0,0,0,0,0
S01011208,Other central heating,4,2,2,4,2,2,0,0,0,0,0,0
S01011208,Two or more types of central heating,13,5,8,9,2,7,3,2,1,1,1,0
S01011209,All people in households,633,142,491,500,31,469,76,54,22,57,57,0
S01011209,No central heating,4,0,4,4,0,4,0,0,0,0,0,0
S01011209,Gas central heating,620,141,479,488,31,457,75,53,22,57,57,0
S01011209,Electric (including storage heaters) central heating,0,0,0,0,0,0,0,0,0,0,0,0
S01011209,Oil central heating,2,0,2,2,0,2,0,0,0,0,0,0
S01011209,Solid fuel (for example wood coal) central heating,0,0,0,0,0,0,0,0,0,0,0,0
S01011209,Other central heating,3,1,2,2,0,2,1,1,0,0,0,0
S01011209,Two or more types of central heating,4,0,4,4,0,4,0,0,0,0,0,0
S01011210,All people in households,733,107,626,641,37,604,53,32,21,39,38,1
S01011210,No central heating,2,1,1,2,1,1,0,0,0,0,0,0
S01011210,Gas central heating,715,97,618,630,34,596,49,28,21,36,35,1
S01011210,Electric (including storage heaters) central heating,4,4,0,1,1,0,0,0,0,3,3,0
S01011210,Oil central heating,10,3,7,8,1,7,2,2,0,0,0,0
S01011210,Solid fuel (for example wood coal) central heating,0,0,0,0,0,0,0,0,0,0,0,0
S01011210,Other central heating,0,0,0,0,0,0,0,0,0,0,0,0
S01011210,Two or more types of central heating,2,2,0,0,0,0,2,2,0,0,0,0
S01011211,All people in households,702,101,601,613,29,584,65,48,17,24,24,0
S01011211,No central heating,4,0,4,4,0,4,0,0,0,0,0,0
S01011211,Gas central heating,679,95,584,596,29,567,61,44,17,22,22,0
S01011211,Electric (including storage heaters) central heating,5,1,4,4,0,4,1,1,0,0,0,0
S01011211,Oil central heating,4,1,3,3,0,3,0,0,0,1,1,0
S01011211,Solid fuel (for example wood coal) central heating,0,0,0,0,0,0,0,0,0,0,0,0
S01011211,Other central heating,2,0,2,2,0,2,0,0,0,0,0,0
S01011211,Two or more types of central heating,8,4,4,4,0,4,3,3,0,1,1,0
S01011212,All people in households,548,117,431,442,26,416,75,61,14,31,30,1
S01011212,No central heating,2,1,1,2,1,1,0,0,0,0,0,0
S01011212,Gas central heating,525,110,415,422,21,401,73,60,13,30,29,1
S01011212,Electric (including storage heaters) central heating,8,2,6,8,2,6,0,0,0,0,0,0
S01011212,Oil central heating,0,0,0,0,0,0,0,0,0,0,0,0
S01011212,Solid fuel (for example wood coal) central heating,0,0,0,0,0,0,0,0,0,0,0,0
S01011212,Other central heating,0,0,0,0,0,0,0,0,0,0,0,0
S01011212,Two or more types of central heating,13,4,9,10,2,8,2,1,1,1,1,0
S01011213,All people in households,1048,196,852,854,60,794,139,84,55,55,52,3
S01011213,No central heating,25,4,21,22,3,19,2,0,2,1,1,0
S01011213,Gas central heating,963,178,785,787,53,734,124,76,48,52,49,3
S01011213,Electric (including storage heaters) central heating,43,10,33,31,3,28,11,6,5,1,1,0
S01011213,Oil central heating,6,0,6,6,0,6,0,0,0,0,0,0
S01011213,Solid fuel (for example wood coal) central heating,0,0,0,0,0,0,0,0,0,0,0,0
S01011213,Other central heating,0,0,0,0,0,0,0,0,0,0,0,0
S01011213,Two or more types of central heating,11,4,7,8,1,7,2,2,0,1,1,0
S01011214,All people in households,852,188,664,663,56,607,142,88,54,47,44,3
S01011214,No central heating,8,1,7,6,0,6,2,1,1,0,0,0
S01011214,Gas central heating,710,152,558,557,47,510,115,70,45,38,35,3
S01011214,Electric (including storage heaters) central heating,120,29,91,92,7,85,21,15,6,7,7,0
S01011214,Oil central heating,0,0,0,0,0,0,0,0,0,0,0,0
S01011214,Solid fuel (for example wood coal) central heating,0,0,0,0,0,0,0,0,0,0,0,0
S01011214,Other central heating,0,0,0,0,0,0,0,0,0,0,0,0
S01011214,Two or more types of central heating,14,6,8,8,2,6,4,2,2,2,2,0
S01011215,All people in households,596,156,440,429,32,397,114,77,37,53,47,6
S01011215,No central heating,2,2,0,1,1,0,0,0,0,1,1,0
S01011215,Gas central heating,440,106,334,327,24,303,80,51,29,33,31,2
S01011215,Electric (including storage heaters) central heating,137,40,97,93,7,86,29,22,7,15,11,4
S01011215,Oil central heating,0,0,0,0,0,0,0,0,0,0,0,0
S01011215,Solid fuel (for example wood coal) central heating,0,0,0,0,0,0,0,0,0,0,0,0
S01011215,Other central heating,0,0,0,0,0,0,0,0,0,0,0,0
S01011215,Two or more types of central heating,17,8,9,8,0,8,5,4,1,4,4,0
S01011216,All people in households,482,107,375,376,29,347,75,48,27,31,30,1
S01011216,No central heating,12,3,9,9,0,9,1,1,0,2,2,0
S01011216,Gas central heating,268,59,209,219,20,199,36,26,10,13,13,0
S01011216,Electric (including storage heaters) central heating,192,41,151,140,7,133,36,19,17,16,15,1
S01011216,Oil central heating,0,0,0,0,0,0,0,0,0,0,0,0
S01011216,Solid fuel (for example wood coal) central heating,0,0,0,0,0,0,0,0,0,0,0,0
S01011216,Other central heating,7,1,6,6,0,6,1,1,0,0,0,0
S01011216,Two or more types of central heating,3,3,0,2,2,0,1,1,0,0,0,0
S01011217,All people in households,799,201,598,620,54,566,113,83,30,66,64,2
S01011217,No central heating,25,5,20,22,3,19,2,1,1,1,1,0
S01011217,Gas central heating,605,155,450,463,40,423,92,67,25,50,48,2
S01011217,Electric (including storage heaters) central heating,135,31,104,108,8,100,15,11,4,12,12,0
S01011217,Oil central heating,4,0,4,4,0,4,0,0,0,0,0,0
S01011217,Solid fuel (for example wood coal) central heating,0,0,0,0,0,0,0,0,0,0,0,0
S01011217,Other central heating,8,1,7,7,0,7,0,0,0,1,1,0
S01011217,Two or more types of central heating,22,9,13,16,3,13,4,4,0,2,2,0
S01011218,All people in households,696,151,545,548,37,511,93,60,33,55,54,1
S01011218,No central heating,3,1,2,3,1,2,0,0,0,0,0,0
S01011218,Gas central heating,628,130,498,500,30,470,81,53,28,47,47,0
S01011218,Electric (including storage heaters) central heating,36,11,25,24,4,20,10,6,4,2,1,1
S01011218,Oil central heating,0,0,0,0,0,0,0,0,0,0,0,0
S01011218,Solid fuel (for example wood coal) central heating,0,0,0,0,0,0,0,0,0,0,0,0
S01011218,Other central heating,5,0,5,5,0,5,0,0,0,0,0,0
S01011218,Two or more types of central heating,24,9,15,16,2,14,2,1,1,6,6,0
S01011219,All people in households,782,220,562,572,50,522,134,94,40,76,76,0
S01011219,No central heating,6,3,3,3,0,3,2,2,0,1,1,0
S01011219,Gas central heating,695,194,501,508,44,464,121,84,37,66,66,0
S01011219,Electric (including storage heaters) central heating,46,16,30,33,4,29,7,6,1,6,6,0
S01011219,Oil central heating,3,1,2,3,1,2,0,0,0,0,0,0
S01011219,Solid fuel (for example wood coal) central heating,0,0,0,0,0,0,0,0,0,0,0,0
S01011219,Other central heating,3,0,3,3,0,3,0,0,0,0,0,0
S01011219,Two or more types of central heating,29,6,23,22,1,21,4,2,2,3,3,0
S01011220,All people in households,889,240,649,660,57,603,157,114,43,72,69,3
S01011220,No central heating,8,3,5,5,0,5,1,1,0,2,2,0
S01011220,Gas central heating,704,179,525,542,45,497,110,83,27,52,51,1
S01011220,Electric (including storage heaters) central heating,161,54,107,102,12,90,43,27,16,16,15,1
S01011220,Oil central heating,0,0,0,0,0,0,0,0,0,0,0,0
S01011220,Solid fuel (for example wood coal) central heating,0,0,0,0,0,0,0,0,0,0,0,0
S01011220,Other central heating,0,0,0,0,0,0,0,0,0,0,0,0
S01011220,Two or more types of central heating,16,4,12,11,0,11,3,3,0,2,1,1
S01011221,All people in households,947,205,742,753,58,695,127,85,42,67,62,5
S01011221,No central heating,6,1,5,5,0,5,1,1,0,0,0,0
S01011221,Gas central heating,817,168,649,655,48,607,108,71,37,54,49,5
S01011221,Electric (including storage heaters) central heating,103,34,69,75,10,65,16,12,4,12,12,0
S01011221,Oil central heating,0,0,0,0,0,0,0,0,0,0,0,0
S01011221,Solid fuel (for example wood coal) central heating,0,0,0,0,0,0,0,0,0,0,0,0
S01011221,Other central heating,0,0,0,0,0,0,0,0,0,0,0,0
S01011221,Two or more types of central heating,21,2,19,18,0,18,2,1,1,1,1,0
S01011222,All people in households,662,155,507,505,31,474,113,81,32,44,43,1
S01011222,No central heating,0,0,0,0,0,0,0,0,0,0,0,0
S01011222,Gas central heating,642,150,492,490,29,461,109,79,30,43,42,1
S01011222,Electric (including storage heaters) central heating,9,4,5,5,1,4,3,2,1,1,1,0
S01011222,Oil central heating,0,0,0,0,0,0,0,0,0,0,0,0
S01011222,Solid fuel (for example wood coal) central heating,3,0,3,2,0,2,1,0,1,0,0,0
S01011222,Other central heating,0,0,0,0,0,0,0,0,0,0,0,0
S01011222,Two or more types of central heating,8,1,7,8,1,7,0,0,0,0,0,0
S01011223,All people in households,796,170,626,635,39,596,113,84,29,48,47,1
S01011223,No central heating,0,0,0,0,0,0,0,0,0,0,0,0
S01011223,Gas central heating,772,163,609,619,37,582,107,81,26,46,45,1
S01011223,Electric (including storage heaters) central heating,6,3,3,3,0,3,2,2,0,1,1,0
S01011223,Oil central heating,0,0,0,0,0,0,0,0,0,0,0,0
S01011223,Solid fuel (for example wood coal) central heating,3,0,3,3,0,3,0,0,0,0,0,0
S01011223,Other central heating,0,0,0,0,0,0,0,0,0,0,0,0
S01011223,Two or more types of central heating,15,4,11,10,2,8,4,1,3,1,1,0
S01011224,All people in households,681,218,463,453,26,427,143,111,32,85,81,4
S01011224,No central heating,0,0,0,0,0,0,0,0,0,0,0,0
S01011224,Gas central heating,638,202,436,428,25,403,134,104,30,76,73,3
S01011224,Electric (including storage heaters) central heating,21,8,13,12,1,11,4,3,1,5,4,1
S01011224,Oil central heating,0,0,0,0,0,0,0,0,0,0,0,0
S01011224,Solid fuel (for example wood coal) central heating,2,2,0,0,0,0,1,1,0,1,1,0
S01011224,Other central heating,0,0,0,0,0,0,0,0,0,0,0,0
S01011224,Two or more types of central heating,20,6,14,13,0,13,4,3,1,3,3,0
S01011225,All people in households,697,192,505,514,49,465,128,91,37,55,52,3
S01011225,No central heating,6,1,5,5,0,5,1,1,0,0,0,0
S01011225,Gas central heating,635,177,458,465,46,419,121,85,36,49,46,3
S01011225,Electric (including storage heaters) central heating,25,8,17,18,1,17,5,5,0,2,2,0
S01011225,Oil central heating,0,0,0,0,0,0,0,0,0,0,0,0
S01011225,Solid fuel (for example wood coal) central heating,0,0,0,0,0,0,0,0,0,0,0,0
S01011225,Other central heating,6,2,4,5,1,4,0,0,0,1,1,0
S01011225,Two or more types of central heating,25,4,21,21,1,20,1,0,1,3,3,0
S01011226,All people in households,971,234,737,776,70,706,140,111,29,55,53,2
S01011226,No central heating,2,2,0,0,0,0,0,0,0,2,2,0
S01011226,Gas central heating,921,216,705,743,67,676,129,101,28,49,48,1
S01011226,Electric (including storage heaters) central heating,25,10,15,15,1,14,8,7,1,2,2,0
S01011226,Oil central heating,2,0,2,2,0,2,0,0,0,0,0,0
S01011226,Solid fuel (for example wood coal) central heating,3,0,3,3,0,3,0,0,0,0,0,0
S01011226,Other central heating,2,1,1,0,0,0,1,1,0,1,0,1
S01011226,Two or more types of central heating,16,5,11,13,2,11,2,2,0,1,1,0
S01011227,All people in households,709,160,549,556,39,517,93,67,26,60,54,6
S01011227,No central heating,5,2,3,3,0,3,1,1,0,1,1,0
S01011227,Gas central heating,632,139,493,496,34,462,84,58,26,52,47,5
S01011227,Electric (including storage heaters) central heating,50,13,37,42,5,37,3,3,0,5,5,0
S01011227,Oil central heating,3,1,2,2,0,2,1,1,0,0,0,0
S01011227,Solid fuel (for example wood coal) central heating,2,1,1,1,0,1,1,1,0,0,0,0
S01011227,Other central heating,0,0,0,0,0,0,0,0,0,0,0,0
S01011227,Two or more types of central heating,17,4,13,12,0,12,3,3,0,2,1,1
S01011228,All people in households,768,203,565,582,61,521,126,82,44,60,60,0
S01011228,No central heating,8,4,4,4,0,4,4,4,0,0,0,0
S01011228,Gas central heating,642,160,482,497,51,446,101,65,36,44,44,0
S01011228,Electric (including storage heaters) central heating,89,31,58,58,8,50,19,11,8,12,12,0
S01011228,Oil central heating,0,0,0,0,0,0,0,0,0,0,0,0
S01011228,Solid fuel (for example wood coal) central heating,0,0,0,0,0,0,0,0,0,0,0,0
S01011228,Other central heating,0,0,0,0,0,0,0,0,0,0,0,0
S01011228,Two or more types of central heating,29,8,21,23,2,21,2,2,0,4,4,0
S01011229,All people in households,510,153,357,367,38,329,99,71,28,44,44,0
S01011229,No central heating,1,1,0,0,0,0,1,1,0,0,0,0
S01011229,Gas central heating,376,100,276,283,29,254,62,40,22,31,31,0
S01011229,Electric (including storage heaters) central heating,122,49,73,76,9,67,34,28,6,12,12,0
S01011229,Oil central heating,0,0,0,0,0,0,0,0,0,0,0,0
S01011229,Solid fuel (for example wood coal) central heating,0,0,0,0,0,0,0,0,0,0,0,0
S01011229,Other central heating,3,0,3,3,0,3,0,0,0,0,0,0
S01011229,Two or more types of central heating,8,3,5,5,0,5,2,2,0,1,1,0
S01011230,All people in households,886,302,584,584,58,526,188,131,57,114,113,1
S01011230,No central heating,8,4,4,2,0,2,4,2,2,2,2,0
S01011230,Gas central heating,553,158,395,396,35,361,99,66,33,58,57,1
S01011230,Electric (including storage heaters) central heating,295,135,160,159,20,139,83,62,21,53,53,0
S01011230,Oil central heating,0,0,0,0,0,0,0,0,0,0,0,0
S01011230,Solid fuel (for example wood coal) central heating,0,0,0,0,0,0,0,0,0,0,0,0
S01011230,Other central heating,3,0,3,3,0,3,0,0,0,0,0,0
S01011230,Two or more types of central heating,27,5,22,24,3,21,2,1,1,1,1,0
S01011231,All people in households,604,195,409,401,38,363,127,82,45,76,75,1
S01011231,No central heating,0,0,0,0,0,0,0,0,0,0,0,0
S01011231,Gas central heating,561,181,380,377,38,339,117,77,40,67,66,1
S01011231,Electric (including storage heaters) central heating,22,7,15,13,0,13,7,5,2,2,2,0
S01011231,Oil central heating,0,0,0,0,0,0,0,0,0,0,0,0
S01011231,Solid fuel (for example wood coal) central heating,0,0,0,0,0,0,0,0,0,0,0,0
S01011231,Other central heating,0,0,0,0,0,0,0,0,0,0,0,0
S01011231,Two or more types of central heating,21,7,14,11,0,11,3,0,3,7,7,0
S01011232,All people in households,874,200,674,663,45,618,131,77,54,80,78,2
S01011232,No central heating,1,1,0,0,0,0,1,1,0,0,0,0
S01011232,Gas central heating,708,146,562,559,33,526,90,56,34,59,57,2
S01011232,Electric (including storage heaters) central heating,161,51,110,102,12,90,39,19,20,20,20,0
S01011232,Oil central heating,0,0,0,0,0,0,0,0,0,0,0,0
S01011232,Solid fuel (for example wood coal) central heating,0,0,0,0,0,0,0,0,0,0,0,0
S01011232,Other central heating,2,0,2,2,0,2,0,0,0,0,0,0
S01011232,Two or more types of central heating,2,2,0,0,0,0,1,1,0,1,1,0
S01011233,All people in households,365,91,274,277,20,257,54,38,16,34,33,1
S01011233,No central heating,2,0,2,1,0,1,1,0,1,0,0,0
S01011233,Gas central heating,338,82,256,259,18,241,49,35,14,30,29,1
S01011233,Electric (including storage heaters) central heating,7,4,3,4,1,3,1,1,0,2,2,0
S01011233,Oil central heating,6,2,4,4,0,4,1,1,0,1,1,0
S01011233,Solid fuel (for example wood coal) central heating,0,0,0,0,0,0,0,0,0,0,0,0
S01011233,Other central heating,1,1,0,1,1,0,0,0,0,0,0,0
S01011233,Two or more types of central heating,11,2,9,8,0,8,2,1,1,1,1,0
S01011234,All people in households,1031,253,778,789,62,727,147,97,50,95,94,1
S01011234,No central heating,1,0,1,1,0,1,0,0,0,0,0,0
S01011234,Gas central heating,981,237,744,756,60,696,137,89,48,88,88,0
S01011234,Electric (including storage heaters) central heating,16,5,11,10,0,10,5,4,1,1,1,0
S01011234,Oil central heating,3,2,1,1,0,1,0,0,0,2,2,0
S01011234,Solid fuel (for example wood coal) central heating,0,0,0,0,0,0,0,0,0,0,0,0
S01011234,Other central heating,5,0,5,5,0,5,0,0,0,0,0,0
S01011234,Two or more types of central heating,25,9,16,16,2,14,5,4,1,4,3,1
S01011235,All people in households,384,115,269,278,21,257,63,53,10,43,41,2
S01011235,No central heating,6,2,4,3,0,3,2,2,0,1,0,1
S01011235,Gas central heating,348,102,246,258,20,238,55,47,8,35,35,0
S01011235,Electric (including storage heaters) central heating,19,9,10,7,0,7,5,3,2,7,6,1
S01011235,Oil central heating,3,0,3,3,0,3,0,0,0,0,0,0
S01011235,Solid fuel (for example wood coal) central heating,2,1,1,2,1,1,0,0,0,0,0,0
S01011235,Other central heating,1,1,0,0,0,0,1,1,0,0,0,0
S01011235,Two or more types of central heating,5,0,5,5,0,5,0,0,0,0,0,0
S01011236,All people in households,542,158,384,400,40,360,94,70,24,48,48,0
S01011236,No central heating,2,1,1,2,1,1,0,0,0,0,0,0
S01011236,Gas central heating,505,142,363,377,37,340,86,63,23,42,42,0
S01011236,Electric (including storage heaters) central heating,12,7,5,6,1,5,5,5,0,1,1,0
S01011236,Oil central heating,0,0,0,0,0,0,0,0,0,0,0,0
S01011236,Solid fuel (for example wood coal) central heating,0,0,0,0,0,0,0,0,0,0,0,0
S01011236,Other central heating,1,0,1,0,0,0,1,0,1,0,0,0
S01011236,Two or more types of central heating,22,8,14,15,1,14,2,2,0,5,5,0
S01011237,All people in households,763,175,588,586,40,546,121,80,41,56,55,1
S01011237,No central heating,11,0,11,11,0,11,0,0,0,0,0,0
S01011237,Gas central heating,700,157,543,539,35,504,111,73,38,50,49,1
S01011237,Electric (including storage heaters) central heating,27,11,16,17,2,15,6,5,1,4,4,0
S01011237,Oil central heating,0,0,0,0,0,0,0,0,0,0,0,0
S01011237,Solid fuel (for example wood coal) central heating,1,1,0,0,0,0,1,1,0,0,0,0
S01011237,Other central heating,3,2,1,2,1,1,1,1,0,0,0,0
S01011237,Two or more types of central heating,21,4,17,17,2,15,2,0,2,2,2,0
S01011238,All people in households,644,173,471,462,27,435,109,75,34,73,71,2
S01011238,No central heating,0,0,0,0,0,0,0,0,0,0,0,0
S01011238,Gas central heating,594,163,431,423,25,398,101,70,31,70,68,2
S01011238,Electric (including storage heaters) central heating,38,10,28,30,2,28,5,5,0,3,3,0
S01011238,Oil central heating,2,0,2,2,0,2,0,0,0,0,0,0
S01011238,Solid fuel (for example wood coal) central heating,0,0,0,0,0,0,0,0,0,0,0,0
S01011238,Other central heating,0,0,0,0,0,0,0,0,0,0,0,0
S01011238,Two or more types of central heating,10,0,10,7,0,7,3,0,3,0,0,0
S01011239,All people in households,689,213,476,477,48,429,124,81,43,88,84,4
S01011239,No central heating,3,2,1,2,1,1,0,0,0,1,1,0
S01011239,Gas central heating,617,178,439,437,40,397,109,69,40,71,69,2
S01011239,Electric (including storage heaters) central heating,33,18,15,14,2,12,8,7,1,11,9,2
S01011239,Oil central heating,4,0,4,4,0,4,0,0,0,0,0,0
S01011239,Solid fuel (for example wood coal) central heating,7,3,4,5,1,4,2,2,0,0,0,0
S01011239,Other central heating,4,3,1,3,2,1,0,0,0,1,1,0
S01011239,Two or more types of central heating,21,9,12,12,2,10,5,3,2,4,4,0
S01011240,All people in households,684,235,449,458,45,413,135,100,35,91,90,1
S01011240,No central heating,20,8,12,12,1,11,5,4,1,3,3,0
S01011240,Gas central heating,614,213,401,416,42,374,114,88,26,84,83,1
S01011240,Electric (including storage heaters) central heating,40,10,30,27,2,25,10,5,5,3,3,0
S01011240,Oil central heating,0,0,0,0,0,0,0,0,0,0,0,0
S01011240,Solid fuel (for example wood coal) central heating,0,0,0,0,0,0,0,0,0,0,0,0
S01011240,Other central heating,0,0,0,0,0,0,0,0,0,0,0,0
S01011240,Two or more types of central heating,10,4,6,3,0,3,6,3,3,1,1,0
S01011241,All people in households,997,297,700,733,75,658,164,124,40,100,98,2
S01011241,No central heating,27,5,22,22,0,22,1,1,0,4,4,0
S01011241,Gas central heating,846,234,612,635,62,573,134,96,38,77,76,1
S01011241,Electric (including storage heaters) central heating,105,49,56,61,8,53,27,25,2,17,16,1
S01011241,Oil central heating,8,5,3,8,5,3,0,0,0,0,0,0
S01011241,Solid fuel (for example wood coal) central heating,0,0,0,0,0,0,0,0,0,0,0,0
S01011241,Other central heating,3,3,0,0,0,0,1,1,0,2,2,0
S01011241,Two or more types of central heating,8,1,7,7,0,7,1,1,0,0,0,0
S01011242,All people in households,737,191,546,557,50,507,111,75,36,69,66,3
S01011242,No central heating,5,0,5,5,0,5,0,0,0,0,0,0
S01011242,Gas central heating,628,151,477,485,39,446,89,60,29,54,52,2
S01011242,Electric (including storage heaters) central heating,74,33,41,45,10,35,18,13,5,11,10,1
S01011242,Oil central heating,11,0,11,10,0,10,1,0,1,0,0,0
S01011242,Solid fuel (for example wood coal) central heating,0,0,0,0,0,0,0,0,0,0,0,0
S01011242,Other central heating,1,1,0,0,0,0,0,0,0,1,1,0
S01011242,Two or more types of central heating,18,6,12,12,1,11,3,2,1,3,3,0
S01011243,All people in households,862,270,592,580,50,530,188,130,58,94,90,4
S01011243,No central heating,6,2,4,4,0,4,1,1,0,1,1,0
S01011243,Gas central heating,645,198,447,439,38,401,137,94,43,69,66,3
S01011243,Electric (including storage heaters) central heating,162,55,107,101,9,92,43,29,14,18,17,1
S01011243,Oil central heating,2,1,1,1,0,1,1,1,0,0,0,0
S01011243,Solid fuel (for example wood coal) central heating,0,0,0,0,0,0,0,0,0,0,0,0
S01011243,Other central heating,1,1,0,1,1,0,0,0,0,0,0,0
S01011243,Two or more types of central heating,46,13,33,34,2,32,6,5,1,6,6,0
S01011244,All people in households,666,195,471,472,47,425,126,81,45,68,67,1
S01011244,No central heating,6,1,5,3,0,3,3,1,2,0,0,0
S01011244,Gas central heating,584,176,408,411,39,372,109,73,36,64,64,0
S01011244,Electric (including storage heaters) central heating,48,8,40,38,3,35,9,4,5,1,1,0
S01011244,Oil central heating,0,0,0,0,0,0,0,0,0,0,0,0
S01011244,Solid fuel (for example wood coal) central heating,0,0,0,0,0,0,0,0,0,0,0,0
S01011244,Other central heating,6,0,6,6,0,6,0,0,0,0,0,0
S01011244,Two or more types of central heating,22,10,12,14,5,9,5,3,2,3,2,1
S01011245,All people in households,846,257,589,598,61,537,159,113,46,89,83,6
S01011245,No central heating,4,0,4,4,0,4,0,0,0,0,0,0
S01011245,Gas central heating,766,226,540,550,55,495,139,98,41,77,73,4
S01011245,Electric (including storage heaters) central heating,41,19,22,25,5,20,11,9,2,5,5,0
S01011245,Oil central heating,0,0,0,0,0,0,0,0,0,0,0,0
S01011245,Solid fuel (for example wood coal) central heating,0,0,0,0,0,0,0,0,0,0,0,0
S01011245,Other central heating,2,2,0,0,0,0,1,1,0,1,1,0
S01011245,Two or more types of central heating,33,10,23,19,1,18,8,5,3,6,4,2
S01011246,All people in households,842,206,636,659,58,601,118,86,32,65,62,3
S01011246,No central heating,4,3,1,2,1,1,0,0,0,2,2,0
S01011246,Gas central heating,787,187,600,623,56,567,110,80,30,54,51,3
S01011246,Electric (including storage heaters) central heating,42,11,31,29,0,29,8,6,2,5,5,0
S01011246,Oil central heating,0,0,0,0,0,0,0,0,0,0,0,0
S01011246,Solid fuel (for example wood coal) central heating,0,0,0,0,0,0,0,0,0,0,0,0
S01011246,Other central heating,0,0,0,0,0,0,0,0,0,0,0,0
S01011246,Two or more types of central heating,9,5,4,5,1,4,0,0,0,4,4,0
S01011247,All people in households,790,190,600,621,53,568,118,86,32,51,51,0
S01011247,No central heating,2,2,0,0,0,0,0,0,0,2,2,0
S01011247,Gas central heating,748,176,572,589,48,541,111,80,31,48,48,0
S01011247,Electric (including storage heaters) central heating,26,9,17,20,3,17,6,6,0,0,0,0
S01011247,Oil central heating,2,1,1,2,1,1,0,0,0,0,0,0
S01011247,Solid fuel (for example wood coal) central heating,4,0,4,4,0,4,0,0,0,0,0,0
S01011247,Other central heating,0,0,0,0,0,0,0,0,0,0,0,0
S01011247,Two or more types of central heating,8,2,6,6,1,5,1,0,1,1,1,0
S01011248,All people in households,739,144,595,597,38,559,91,59,32,51,47,4
S01011248,No central heating,2,0,2,2,0,2,0,0,0,0,0,0
S01011248,Gas central heating,709,136,573,576,36,540,85,55,30,48,45,3
S01011248,Electric (including storage heaters) central heating,12,7,5,6,2,4,4,4,0,2,1,1
S01011248,Oil central heating,6,0,6,5,0,5,1,0,1,0,0,0
S01011248,Solid fuel (for example wood coal) central heating,0,0,0,0,0,0,0,0,0,0,0,0
S01011248,Other central heating,0,0,0,0,0,0,0,0,0,0,0,0
S01011248,Two or more types of central heating,10,1,9,8,0,8,1,0,1,1,1,0
S01011249,All people in households,723,109,614,618,36,582,73,42,31,32,31,1
S01011249,No central heating,0,0,0,0,0,0,0,0,0,0,0,0
S01011249,Gas central heating,683,96,587,590,32,558,65,37,28,28,27,1
S01011249,Electric (including storage heaters) central heating,32,12,20,21,4,17,7,4,3,4,4,0
S01011249,Oil central heating,3,1,2,2,0,2,1,1,0,0,0,0
S01011249,Solid fuel (for example wood coal) central heating,0,0,0,0,0,0,0,0,0,0,0,0
S01011249,Other central heating,0,0,0,0,0,0,0,0,0,0,0,0
S01011249,Two or more types of central heating,5,0,5,5,0,5,0,0,0,0,0,0
S01011250,All people in households,1083,196,887,889,51,838,132,86,46,62,59,3
S01011250,No central heating,5,0,5,5,0,5,0,0,0,0,0,0
S01011250,Gas central heating,963,172,791,795,46,749,115,76,39,53,50,3
S01011250,Electric (including storage heaters) central heating,86,20,66,64,3,61,14,9,5,8,8,0
S01011250,Oil central heating,4,1,3,4,1,3,0,0,0,0,0,0
S01011250,Solid fuel (for example wood coal) central heating,0,0,0,0,0,0,0,0,0,0,0,0
S01011250,Other central heating,0,0,0,0,0,0,0,0,0,0,0,0
S01011250,Two or more types of central heating,25,3,22,21,1,20,3,1,2,1,1,0
S01011251,All people in households,871,206,665,687,51,636,113,86,27,71,69,2
S01011251,No central heating,10,3,7,8,1,7,1,1,0,1,1,0
S01011251,Gas central heating,814,191,623,643,49,594,107,80,27,64,62,2
S01011251,Electric (including storage heaters) central heating,29,8,21,22,1,21,5,5,0,2,2,0
S01011251,Oil central heating,5,0,5,5,0,5,0,0,0,0,0,0
S01011251,Solid fuel (for example wood coal) central heating,0,0,0,0,0,0,0,0,0,0,0,0
S01011251,Other central heating,0,0,0,0,0,0,0,0,0,0,0,0
S01011251,Two or more types of central heating,13,4,9,9,0,9,0,0,0,4,4,0
S01011252,All people in households,825,181,644,648,41,607,116,80,36,61,60,1
S01011252,No central heating,0,0,0,0,0,0,0,0,0,0,0,0
S01011252,Gas central heating,762,164,598,601,36,565,107,74,33,54,54,0
S01011252,Electric (including storage heaters) central heating,20,6,14,13,1,12,5,3,2,2,2,0
S01011252,Oil central heating,0,0,0,0,0,0,0,0,0,0,0,0
S01011252,Solid fuel (for example wood coal) central heating,0,0,0,0,0,0,0,0,0,0,0,0
S01011252,Other central heating,0,0,0,0,0,0,0,0,0,0,0,0
S01011252,Two or more types of central heating,43,11,32,34,4,30,4,3,1,5,4,1
S01011253,All people in households,855,222,633,650,55,595,120,84,36,85,83,2
S01011253,No central heating,5,3,2,3,1,2,1,1,0,1,1,0
S01011253,Gas central heating,787,204,583,601,52,549,108,76,32,78,76,2
S01011253,Electric (including storage heaters) central heating,24,9,15,14,0,14,6,5,1,4,4,0
S01011253,Oil central heating,0,0,0,0,0,0,0,0,0,0,0,0
S01011253,Solid fuel (for example wood coal) central heating,3,0,3,3,0,3,0,0,0,0,0,0
S01011253,Other central heating,1,0,1,0,0,0,1,0,1,0,0,0
S01011253,Two or more types of central heating,35,6,29,29,2,27,4,2,2,2,2,0
S01011254,All people in households,955,126,829,840,45,795,85,53,32,30,28,2
S01011254,No central heating,10,0,10,7,0,7,2,0,2,1,0,1
S01011254,Gas central heating,931,123,808,822,44,778,81,52,29,28,27,1
S01011254,Electric (including storage heaters) central heating,2,0,2,2,0,2,0,0,0,0,0,0
S01011254,Oil central heating,3,1,2,1,0,1,2,1,1,0,0,0
S01011254,Solid fuel (for example wood coal) central heating,0,0,0,0,0,0,0,0,0,0,0,0
S01011254,Other central heating,3,0,3,3,0,3,0,0,0,0,0,0
S01011254,Two or more types of central heating,6,2,4,5,1,4,0,0,0,1,1,0
S01011255,All people in households,780,71,709,721,29,692,44,27,17,15,15,0
S01011255,No central heating,0,0,0,0,0,0,0,0,0,0,0,0
S01011255,Gas central heating,770,70,700,712,29,683,43,26,17,15,15,0
S01011255,Electric (including storage heaters) central heating,7,1,6,6,0,6,1,1,0,0,0,0
S01011255,Oil central heating,0,0,0,0,0,0,0,0,0,0,0,0
S01011255,Solid fuel (for example wood coal) central heating,0,0,0,0,0,0,0,0,0,0,0,0
S01011255,Other central heating,0,0,0,0,0,0,0,0,0,0,0,0
S01011255,Two or more types of central heating,3,0,3,3,0,3,0,0,0,0,0,0
S01011256,All people in households,497,40,457,467,17,450,17,11,6,13,12,1
S01011256,No central heating,0,0,0,0,0,0,0,0,0,0,0,0
S01011256,Gas central heating,471,36,435,445,16,429,14,9,5,12,11,1
S01011256,Electric (including storage heaters) central heating,10,3,7,8,1,7,1,1,0,1,1,0
S01011256,Oil central heating,0,0,0,0,0,0,0,0,0,0,0,0
S01011256,Solid fuel (for example wood coal) central heating,0,0,0,0,0,0,0,0,0,0,0,0
S01011256,Other central heating,0,0,0,0,0,0,0,0,0,0,0,0
S01011256,Two or more types of central heating,16,1,15,14,0,14,2,1,1,0,0,0
S01011257,All people in households,408,95,313,320,25,295,65,48,17,23,22,1
S01011257,No central heating,2,0,2,2,0,2,0,0,0,0,0,0
S01011257,Gas central heating,395,92,303,310,25,285,62,45,17,23,22,1
S01011257,Electric (including storage heaters) central heating,8,2,6,6,0,6,2,2,0,0,0,0
S01011257,Oil central heating,3,1,2,2,0,2,1,1,0,0,0,0
S01011257,Solid fuel (for example wood coal) central heating,0,0,0,0,0,0,0,0,0,0,0,0
S01011257,Other central heating,0,0,0,0,0,0,0,0,0,0,0,0
S01011257,Two or more types of central heating,0,0,0,0,0,0,0,0,0,0,0,0
S01011258,All people in households,565,120,445,454,34,420,77,53,24,34,33,1
S01011258,No central heating,7,2,5,5,0,5,2,2,0,0,0,0
S01011258,Gas central heating,532,111,421,428,32,396,72,48,24,32,31,1
S01011258,Electric (including storage heaters) central heating,12,4,8,9,1,8,1,1,0,2,2,0
S01011258,Oil central heating,1,1,0,0,0,0,1,1,0,0,0,0
S01011258,Solid fuel (for example wood coal) central heating,3,0,3,3,0,3,0,0,0,0,0,0
S01011258,Other central heating,0,0,0,0,0,0,0,0,0,0,0,0
S01011258,Two or more types of central heating,10,2,8,9,1,8,1,1,0,0,0,0
S01011259,All people in households,763,213,550,574,58,516,119,85,34,70,70,0
S01011259,No central heating,4,3,1,1,0,1,2,2,0,1,1,0
S01011259,Gas central heating,591,123,468,486,38,448,66,46,20,39,39,0
S01011259,Electric (including storage heaters) central heating,153,86,67,74,19,55,49,37,12,30,30,0
S01011259,Oil central heating,9,1,8,9,1,8,0,0,0,0,0,0
S01011259,Solid fuel (for example wood coal) central heating,0,0,0,0,0,0,0,0,0,0,0,0
S01011259,Other central heating,0,0,0,0,0,0,0,0,0,0,0,0
S01011259,Two or more types of central heating,6,0,6,4,0,4,2,0,2,0,0,0
S01011260,All people in households,718,170,548,587,64,523,90,65,25,41,41,0
S01011260,No central heating,2,0,2,2,0,2,0,0,0,0,0,0
S01011260,Gas central heating,681,159,522,557,58,499,85,62,23,39,39,0
S01011260,Electric (including storage heaters) central heating,20,6,14,16,4,12,4,2,2,0,0,0
S01011260,Oil central heating,1,0,1,1,0,1,0,0,0,0,0,0
S01011260,Solid fuel (for example wood coal) central heating,0,0,0,0,0,0,0,0,0,0,0,0
S01011260,Other central heating,5,2,3,5,2,3,0,0,0,0,0,0
S01011260,Two or more types of central heating,9,3,6,6,0,6,1,1,0,2,2,0
S01011261,All people in households,809,186,623,629,51,578,127,83,44,53,52,1
S01011261,No central heating,0,0,0,0,0,0,0,0,0,0,0,0
S01011261,Gas central heating,754,173,581,583,45,538,120,78,42,51,50,1
S01011261,Electric (including storage heaters) central heating,33,9,24,26,4,22,6,4,2,1,1,0
S01011261,Oil central heating,4,3,1,3,2,1,1,1,0,0,0,0
S01011261,Solid fuel (for example wood coal) central heating,0,0,0,0,0,0,0,0,0,0,0,0
S01011261,Other central heating,4,0,4,4,0,4,0,0,0,0,0,0
S01011261,Two or more types of central heating,14,1,13,13,0,13,0,0,0,1,1,0
S01011262,All people in households,495,130,365,389,36,353,69,57,12,37,37,0
S01011262,No central heating,0,0,0,0,0,0,0,0,0,0,0,0
S01011262,Gas central heating,472,119,353,374,33,341,64,52,12,34,34,0
S01011262,Electric (including storage heaters) central heating,9,5,4,6,2,4,1,1,0,2,2,0
S01011262,Oil central heating,0,0,0,0,0,0,0,0,0,0,0,0
S01011262,Solid fuel (for example wood coal) central heating,4,4,0,0,0,0,3,3,0,1,1,0
S01011262,Other central heating,2,0,2,2,0,2,0,0,0,0,0,0
S01011262,Two or more types of central heating,8,2,6,7,1,6,1,1,0,0,0,0
S01011263,All people in households,1063,127,936,943,41,902,79,45,34,41,41,0
S01011263,No central heating,5,1,4,5,1,4,0,0,0,0,0,0
S01011263,Gas central heating,1008,117,891,898,38,860,70,39,31,40,40,0
S01011263,Electric (including storage heaters) central heating,19,5,14,12,0,12,6,4,2,1,1,0
S01011263,Oil central heating,3,0,3,2,0,2,1,0,1,0,0,0
S01011263,Solid fuel (for example wood coal) central heating,1,0,1,1,0,1,0,0,0,0,0,0
S01011263,Other central heating,0,0,0,0,0,0,0,0,0,0,0,0
S01011263,Two or more types of central heating,27,4,23,25,2,23,2,2,0,0,0,0
S01011264,All people in households,688,138,550,565,34,531,73,55,18,50,49,1
S01011264,No central heating,1,1,0,1,1,0,0,0,0,0,0,0
S01011264,Gas central heating,656,130,526,541,32,509,68,52,16,47,46,1
S01011264,Electric (including storage heaters) central heating,22,4,18,18,1,17,2,1,1,2,2,0
S01011264,Oil central heating,0,0,0,0,0,0,0,0,0,0,0,0
S01011264,Solid fuel (for example wood coal) central heating,0,0,0,0,0,0,0,0,0,0,0,0
S01011264,Other central heating,0,0,0,0,0,0,0,0,0,0,0,0
S01011264,Two or more types of central heating,9,3,6,5,0,5,3,2,1,1,1,0
S01011265,All people in households,1077,234,843,852,47,805,147,110,37,78,77,1
S01011265,No central heating,0,0,0,0,0,0,0,0,0,0,0,0
S01011265,Gas central heating,986,206,780,790,43,747,127,94,33,69,69,0
S01011265,Electric (including storage heaters) central heating,57,19,38,38,3,35,12,10,2,7,6,1
S01011265,Oil central heating,0,0,0,0,0,0,0,0,0,0,0,0
S01011265,Solid fuel (for example wood coal) central heating,5,1,4,4,0,4,1,1,0,0,0,0
S01011265,Other central heating,0,0,0,0,0,0,0,0,0,0,0,0
S01011265,Two or more types of central heating,29,8,21,20,1,19,7,5,2,2,2,0
S01011266,All people in households,908,229,679,686,52,634,136,93,43,86,84,2
S01011266,No central heating,6,0,6,5,0,5,1,0,1,0,0,0
S01011266,Gas central heating,761,194,567,574,44,530,112,77,35,75,73,2
S01011266,Electric (including storage heaters) central heating,106,31,75,74,6,68,23,16,7,9,9,0
S01011266,Oil central heating,6,0,6,6,0,6,0,0,0,0,0,0
S01011266,Solid fuel (for example wood coal) central heating,5,1,4,5,1,4,0,0,0,0,0,0
S01011266,Other central heating,0,0,0,0,0,0,0,0,0,0,0,0
S01011266,Two or more types of central heating,24,3,21,22,1,21,0,0,0,2,2,0
S01011267,All people in households,585,150,435,448,35,413,97,77,20,40,38,2
S01011267,No central heating,1,1,0,0,0,0,1,1,0,0,0,0
S01011267,Gas central heating,535,127,408,418,31,387,84,65,19,33,31,2
S01011267,Electric (including storage heaters) central heating,25,10,15,16,2,14,6,5,1,3,3,0
S01011267,Oil central heating,5,3,2,3,1,2,0,0,0,2,2,0
S01011267,Solid fuel (for example wood coal) central heating,3,2,1,1,0,1,2,2,0,0,0,0
S01011267,Other central heating,0,0,0,0,0,0,0,0,0,0,0,0
S01011267,Two or more types of central heating,16,7,9,10,1,9,4,4,0,2,2,0
S01011268,All people in households,375,98,277,297,29,268,47,38,9,31,31,0
S01011268,No central heating,10,6,4,6,2,4,4,4,0,0,0,0
S01011268,Gas central heating,328,85,243,261,25,236,38,31,7,29,29,0
S01011268,Electric (including storage heaters) central heating,19,3,16,16,1,15,2,1,1,1,1,0
S01011268,Oil central heating,1,1,0,1,1,0,0,0,0,0,0,0
S01011268,Solid fuel (for example wood coal) central heating,0,0,0,0,0,0,0,0,0,0,0,0
S01011268,Other central heating,1,1,0,0,0,0,0,0,0,1,1,0
S01011268,Two or more types of central heating,16,2,14,13,0,13,3,2,1,0,0,0
S01011269,All people in households,514,143,371,378,27,351,79,61,18,57,55,2
S01011269,No central heating,0,0,0,0,0,0,0,0,0,0,0,0
S01011269,Gas central heating,438,130,308,321,27,294,70,57,13,47,46,1
S01011269,Electric (including storage heaters) central heating,60,11,49,44,0,44,8,4,4,8,7,1
S01011269,Oil central heating,3,0,3,3,0,3,0,0,0,0,0,0
S01011269,Solid fuel (for example wood coal) central heating,5,0,5,4,0,4,1,0,1,0,0,0
S01011269,Other central heating,0,0,0,0,0,0,0,0,0,0,0,0
S01011269,Two or more types of central heating,8,2,6,6,0,6,0,0,0,2,2,0
S01011270,All people in households,680,174,506,510,44,466,115,77,38,55,53,2
S01011270,No central heating,3,1,2,2,0,2,0,0,0,1,1,0
S01011270,Gas central heating,635,157,478,483,41,442,101,67,34,51,49,2
S01011270,Electric (including storage heaters) central heating,21,12,9,9,2,7,11,9,2,1,1,0
S01011270,Oil central heating,0,0,0,0,0,0,0,0,0,0,0,0
S01011270,Solid fuel (for example wood coal) central heating,0,0,0,0,0,0,0,0,0,0,0,0
S01011270,Other central heating,0,0,0,0,0,0,0,0,0,0,0,0
S01011270,Two or more types of central heating,21,4,17,16,1,15,3,1,2,2,2,0
S01011271,All people in households,760,197,563,564,46,518,130,87,43,66,64,2
S01011271,No central heating,12,1,11,7,0,7,5,1,4,0,0,0
S01011271,Gas central heating,694,178,516,523,43,480,110,76,34,61,59,2
S01011271,Electric (including storage heaters) central heating,41,15,26,26,3,23,11,8,3,4,4,0
S01011271,Oil central heating,0,0,0,0,0,0,0,0,0,0,0,0
S01011271,Solid fuel (for example wood coal) central heating,0,0,0,0,0,0,0,0,0,0,0,0
S01011271,Other central heating,0,0,0,0,0,0,0,0,0,0,0,0
S01011271,Two or more types of central heating,13,3,10,8,0,8,4,2,2,1,1,0
S01011272,All people in households,728,206,522,550,58,492,108,79,29,70,69,1
S01011272,No central heating,4,2,2,4,2,2,0,0,0,0,0,0
S01011272,Gas central heating,674,193,481,508,54,454,101,75,26,65,64,1
S01011272,Electric (including storage heaters) central heating,32,9,23,23,2,21,6,4,2,3,3,0
S01011272,Oil central heating,3,1,2,2,0,2,0,0,0,1,1,0
S01011272,Solid fuel (for example wood coal) central heating,0,0,0,0,0,0,0,0,0,0,0,0
S01011272,Other central heating,0,0,0,0,0,0,0,0,0,0,0,0
S01011272,Two or more types of central heating,15,1,14,13,0,13,1,0,1,1,1,0
S01011273,All people in households,901,152,749,725,27,698,114,64,50,62,61,1
S01011273,No central heating,5,0,5,4,0,4,1,0,1,0,0,0
S01011273,Gas central heating,842,138,704,681,24,657,105,59,46,56,55,1
S01011273,Electric (including storage heaters) central heating,24,8,16,16,1,15,4,3,1,4,4,0
S01011273,Oil central heating,5,0,5,5,0,5,0,0,0,0,0,0
S01011273,Solid fuel (for example wood coal) central heating,0,0,0,0,0,0,0,0,0,0,0,0
S01011273,Other central heating,0,0,0,0,0,0,0,0,0,0,0,0
S01011273,Two or more types of central heating,25,6,19,19,2,17,4,2,2,2,2,0
S01011274,All people in households,888,188,700,708,50,658,111,71,40,69,67,2
S01011274,No central heating,5,1,4,3,0,3,2,1,1,0,0,0
S01011274,Gas central heating,804,177,627,639,47,592,99,66,33,66,64,2
S01011274,Electric (including storage heaters) central heating,43,6,37,35,2,33,7,3,4,1,1,0
S01011274,Oil central heating,9,1,8,9,1,8,0,0,0,0,0,0
S01011274,Solid fuel (for example wood coal) central heating,0,0,0,0,0,0,0,0,0,0,0,0
S01011274,Other central heating,1,0,1,1,0,1,0,0,0,0,0,0
S01011274,Two or more types of central heating,26,3,23,21,0,21,3,1,2,2,2,0
S01011275,All people in households,711,143,568,573,41,532,99,65,34,39,37,2
S01011275,No central heating,0,0,0,0,0,0,0,0,0,0,0,0
S01011275,Gas central heating,688,131,557,561,38,523,89,57,32,38,36,2
S01011275,Electric (including storage heaters) central heating,4,3,1,0,0,0,4,3,1,0,0,0
S01011275,Oil central heating,7,0,7,7,0,7,0,0,0,0,0,0
S01011275,Solid fuel (for example wood coal) central heating,0,0,0,0,0,0,0,0,0,0,0,0
S01011275,Other central heating,3,3,0,0,0,0,3,3,0,0,0,0
S01011275,Two or more types of central heating,9,6,3,5,3,2,3,2,1,1,1,0
S01011276,All people in households,978,218,760,765,56,709,122,75,47,91,87,4
S01011276,No central heating,1,1,0,0,0,0,0,0,0,1,1,0
S01011276,Gas central heating,932,205,727,735,53,682,115,74,41,82,78,4
S01011276,Electric (including storage heaters) central heating,38,10,28,26,3,23,6,1,5,6,6,0
S01011276,Oil central heating,0,0,0,0,0,0,0,0,0,0,0,0
S01011276,Solid fuel (for example wood coal) central heating,0,0,0,0,0,0,0,0,0,0,0,0
S01011276,Other central heating,0,0,0,0,0,0,0,0,0,0,0,0
S01011276,Two or more types of central heating,7,2,5,4,0,4,1,0,1,2,2,0
S01011277,All people in households,654,98,556,558,25,533,67,44,23,29,29,0
S01011277,No central heating,2,0,2,2,0,2,0,0,0,0,0,0
S01011277,Gas central heating,639,93,546,548,25,523,65,42,23,26,26,0
S01011277,Electric (including storage heaters) central heating,7,4,3,3,0,3,1,1,0,3,3,0
S01011277,Oil central heating,0,0,0,0,0,0,0,0,0,0,0,0
S01011277,Solid fuel (for example wood coal) central heating,0,0,0,0,0,0,0,0,0,0,0,0
S01011277,Other central heating,2,0,2,2,0,2,0,0,0,0,0,0
S01011277,Two or more types of central heating,4,1,3,3,0,3,1,1,0,0,0,0
S01011278,All people in households,494,57,437,424,13,411,53,29,24,17,15,2
S01011278,No central heating,5,0,5,5,0,5,0,0,0,0,0,0
S01011278,Gas central heating,465,56,409,397,12,385,51,29,22,17,15,2
S01011278,Electric (including storage heaters) central heating,21,1,20,20,1,19,1,0,1,0,0,0
S01011278,Oil central heating,0,0,0,0,0,0,0,0,0,0,0,0
S01011278,Solid fuel (for example wood coal) central heating,0,0,0,0,0,0,0,0,0,0,0,0
S01011278,Other central heating,0,0,0,0,0,0,0,0,0,0,0,0
S01011278,Two or more types of central heating,3,0,3,2,0,2,1,0,1,0,0,0
S01011279,All people in households,651,132,519,527,42,485,97,64,33,27,26,1
S01011279,No central heating,6,1,5,5,0,5,0,0,0,1,1,0
S01011279,Gas central heating,624,124,500,504,38,466,94,61,33,26,25,1
S01011279,Electric (including storage heaters) central heating,4,1,3,3,0,3,1,1,0,0,0,0
S01011279,Oil central heating,10,1,9,10,1,9,0,0,0,0,0,0
S01011279,Solid fuel (for example wood coal) central heating,0,0,0,0,0,0,0,0,0,0,0,0
S01011279,Other central heating,4,2,2,3,1,2,1,1,0,0,0,0
S01011279,Two or more types of central heating,3,3,0,2,2,0,1,1,0,0,0,0
S01011280,All people in households,590,101,489,497,38,459,64,37,27,29,26,3
S01011280,No central heating,0,0,0,0,0,0,0,0,0,0,0,0
S01011280,Gas central heating,568,98,470,480,37,443,60,36,24,28,25,3
S01011280,Electric (including storage heaters) central heating,9,2,7,5,0,5,3,1,2,1,1,0
S01011280,Oil central heating,2,0,2,1,0,1,1,0,1,0,0,0
S01011280,Solid fuel (for example wood coal) central heating,0,0,0,0,0,0,0,0,0,0,0,0
S01011280,Other central heating,7,0,7,7,0,7,0,0,0,0,0,0
S01011280,Two or more types of central heating,4,1,3,4,1,3,0,0,0,0,0,0
S01011281,All people in households,645,83,562,582,30,552,43,33,10,20,20,0
S01011281,No central heating,1,0,1,1,0,1,0,0,0,0,0,0
S01011281,Gas central heating,628,82,546,566,30,536,42,32,10,20,20,0
S01011281,Electric (including storage heaters) central heating,1,0,1,1,0,1,0,0,0,0,0,0
S01011281,Oil central heating,3,1,2,2,0,2,1,1,0,0,0,0
S01011281,Solid fuel (for example wood coal) central heating,0,0,0,0,0,0,0,0,0,0,0,0
S01011281,Other central heating,0,0,0,0,0,0,0,0,0,0,0,0
S01011281,Two or more types of central heating,12,0,12,12,0,12,0,0,0,0,0,0
S01011282,All people in households,918,120,798,797,33,764,88,57,31,33,30,3
S01011282,No central heating,0,0,0,0,0,0,0,0,0,0,0,0
S01011282,Gas central heating,903,116,787,785,31,754,86,56,30,32,29,3
S01011282,Electric (including storage heaters) central heating,4,3,1,2,1,1,1,1,0,1,1,0
S01011282,Oil central heating,4,0,4,4,0,4,0,0,0,0,0,0
S01011282,Solid fuel (for example wood coal) central heating,0,0,0,0,0,0,0,0,0,0,0,0
S01011282,Other central heating,1,1,0,1,1,0,0,0,0,0,0,0
S01011282,Two or more types of central heating,6,0,6,5,0,5,1,0,1,0,0,0
S01011283,All people in households,737,64,673,686,28,658,34,21,13,17,15,2
S01011283,No central heating,1,0,1,1,0,1,0,0,0,0,0,0
S01011283,Gas central heating,734,64,670,683,28,655,34,21,13,17,15,2
S01011283,Electric (including storage heaters) central heating,0,0,0,0,0,0,0,0,0,0,0,0
S01011283,Oil central heating,2,0,2,2,0,2,0,0,0,0,0,0
S01011283,Solid fuel (for example wood coal) central heating,0,0,0,0,0,0,0,0,0,0,0,0
S01011283,Other central heating,0,0,0,0,0,0,0,0,0,0,0,0
S01011283,Two or more types of central heating,0,0,0,0,0,0,0,0,0,0,0,0
S01011284,All people in households,615,36,579,593,18,575,12,8,4,10,10,0
S01011284,No central heating,3,0,3,3,0,3,0,0,0,0,0,0
S01011284,Gas central heating,591,33,558,571,17,554,11,7,4,9,9,0
S01011284,Electric (including storage heaters) central heating,1,0,1,1,0,1,0,0,0,0,0,0
S01011284,Oil central heating,9,1,8,9,1,8,0,0,0,0,0,0
S01011284,Solid fuel (for example wood coal) central heating,0,0,0,0,0,0,0,0,0,0,0,0
S01011284,Other central heating,0,0,0,0,0,0,0,0,0,0,0,0
S01011284,Two or more types of central heating,11,2,9,9,0,9,1,1,0,1,1,0
S01011285,All people in households,729,158,571,582,42,540,96,66,30,51,50,1
S01011285,No central heating,0,0,0,0,0,0,0,0,0,0,0,0
S01011285,Gas central heating,680,147,533,541,39,502,89,59,30,50,49,1
S01011285,Electric (including storage heaters) central heating,25,7,18,20,2,18,5,5,0,0,0,0
S01011285,Oil central heating,0,0,0,0,0,0,0,0,0,0,0,0
S01011285,Solid fuel (for example wood coal) central heating,0,0,0,0,0,0,0,0,0,0,0,0
S01011285,Other central heating,0,0,0,0,0,0,0,0,0,0,0,0
S01011285,Two or more types of central heating,24,4,20,21,1,20,2,2,0,1,1,0
S01011286,All people in households,720,155,565,561,37,524,100,62,38,59,56,3
S01011286,No central heating,0,0,0,0,0,0,0,0,0,0,0,0
S01011286,Gas central heating,695,150,545,544,36,508,95,61,34,56,53,3
S01011286,Electric (including storage heaters) central heating,2,1,1,1,0,1,0,0,0,1,1,0
S01011286,Oil central heating,0,0,0,0,0,0,0,0,0,0,0,0
S01011286,Solid fuel (for example wood coal) central heating,0,0,0,0,0,0,0,0,0,0,0,0
S01011286,Other central heating,0,0,0,0,0,0,0,0,0,0,0,0
S01011286,Two or more types of central heating,23,4,19,16,1,15,5,1,4,2,2,0
S01011287,All people in households,807,186,621,636,43,593,113,87,26,58,56,2
S01011287,No central heating,0,0,0,0,0,0,0,0,0,0,0,0
S01011287,Gas central heating,789,183,606,621,42,579,112,87,25,56,54,2
S01011287,Electric (including storage heaters) central heating,18,3,15,15,1,14,1,0,1,2,2,0
S01011287,Oil central heating,0,0,0,0,0,0,0,0,0,0,0,0
S01011287,Solid fuel (for example wood coal) central heating,0,0,0,0,0,0,0,0,0,0,0,0
S01011287,Other central heating,0,0,0,0,0,0,0,0,0,0,0,0
S01011287,Two or more types of central heating,0,0,0,0,0,0,0,0,0,0,0,0
S01011288,All people in households,757,155,602,616,48,568,89,57,32,52,50,2
S01011288,No central heating,10,2,8,9,1,8,0,0,0,1,1,0
S01011288,Gas central heating,674,138,536,548,41,507,83,55,28,43,42,1
S01011288,Electric (including storage heaters) central heating,59,13,46,48,5,43,5,2,3,6,6,0
S01011288,Oil central heating,0,0,0,0,0,0,0,0,0,0,0,0
S01011288,Solid fuel (for example wood coal) central heating,0,0,0,0,0,0,0,0,0,0,0,0
S01011288,Other central heating,2,0,2,2,0,2,0,0,0,0,0,0
S01011288,Two or more types of central heating,12,2,10,9,1,8,1,0,1,2,1,1
S01011289,All people in households,934,223,711,729,58,671,127,87,40,78,78,0
S01011289,No central heating,3,0,3,3,0,3,0,0,0,0,0,0
S01011289,Gas central heating,806,183,623,634,45,589,104,70,34,68,68,0
S01011289,Electric (including storage heaters) central heating,98,30,68,73,10,63,17,12,5,8,8,0
S01011289,Oil central heating,8,3,5,5,0,5,3,3,0,0,0,0
S01011289,Solid fuel (for example wood coal) central heating,2,1,1,2,1,1,0,0,0,0,0,0
S01011289,Other central heating,2,2,0,1,1,0,1,1,0,0,0,0
S01011289,Two or more types of central heating,15,4,11,11,1,10,2,1,1,2,2,0
S01011290,All people in households,1054,290,764,772,68,704,169,113,56,113,109,4
S01011290,No central heating,9,0,9,9,0,9,0,0,0,0,0,0
S01011290,Gas central heating,961,269,692,702,66,636,156,104,52,103,99,4
S01011290,Electric (including storage heaters) central heating,32,11,21,19,0,19,6,4,2,7,7,0
S01011290,Oil central heating,14,4,10,10,1,9,3,2,1,1,1,0
S01011290,Solid fuel (for example wood coal) central heating,4,0,4,4,0,4,0,0,0,0,0,0
S01011290,Other central heating,2,1,1,0,0,0,1,0,1,1,1,0
S01011290,Two or more types of central heating,32,5,27,28,1,27,3,3,0,1,1,0
S01011291,All people in households,815,211,604,602,47,555,139,91,48,74,73,1
S01011291,No central heating,3,1,2,2,0,2,0,0,0,1,1,0
S01011291,Gas central heating,770,194,576,573,42,531,131,87,44,66,65,1
S01011291,Electric (including storage heaters) central heating,24,13,11,13,4,9,5,3,2,6,6,0
S01011291,Oil central heating,2,0,2,2,0,2,0,0,0,0,0,0
S01011291,Solid fuel (for example wood coal) central heating,0,0,0,0,0,0,0,0,0,0,0,0
S01011291,Other central heating,7,2,5,6,1,5,0,0,0,1,1,0
S01011291,Two or more types of central heating,9,1,8,6,0,6,3,1,2,0,0,0
S01011292,All people in households,692,202,490,498,45,453,123,87,36,71,70,1
S01011292,No central heating,3,3,0,0,0,0,1,1,0,2,2,0
S01011292,Gas central heating,653,184,469,473,40,433,113,78,35,67,66,1
S01011292,Electric (including storage heaters) central heating,25,12,13,15,3,12,8,7,1,2,2,0
S01011292,Oil central heating,1,1,0,1,1,0,0,0,0,0,0,0
S01011292,Solid fuel (for example wood coal) central heating,0,0,0,0,0,0,0,0,0,0,0,0
S01011292,Other central heating,0,0,0,0,0,0,0,0,0,0,0,0
S01011292,Two or more types of central heating,10,2,8,9,1,8,1,1,0,0,0,0
S01011293,All people in households,736,189,547,548,32,516,121,92,29,67,65,2
S01011293,No central heating,2,1,1,0,0,0,2,1,1,0,0,0
S01011293,Gas central heating,704,180,524,528,32,496,115,89,26,61,59,2
S01011293,Electric (including storage heaters) central heating,14,2,12,12,0,12,0,0,0,2,2,0
S01011293,Oil central heating,0,0,0,0,0,0,0,0,0,0,0,0
S01011293,Solid fuel (for example wood coal) central heating,0,0,0,0,0,0,0,0,0,0,0,0
S01011293,Other central heating,0,0,0,0,0,0,0,0,0,0,0,0
S01011293,Two or more types of central heating,16,6,10,8,0,8,4,2,2,4,4,0
S01011294,All people in households,833,285,548,537,55,482,190,126,64,106,104,2
S01011294,No central heating,7,3,4,2,1,1,3,1,2,2,1,1
S01011294,Gas central heating,724,247,477,468,46,422,167,113,54,89,88,1
S01011294,Electric (including storage heaters) central heating,80,30,50,49,5,44,16,10,6,15,15,0
S01011294,Oil central heating,12,3,9,12,3,9,0,0,0,0,0,0
S01011294,Solid fuel (for example wood coal) central heating,0,0,0,0,0,0,0,0,0,0,0,0
S01011294,Other central heating,4,1,3,2,0,2,2,1,1,0,0,0
S01011294,Two or more types of central heating,6,1,5,4,0,4,2,1,1,0,0,0
S01011295,All people in households,946,178,768,785,50,735,119,87,32,42,41,1
S01011295,No central heating,3,1,2,2,0,2,0,0,0,1,1,0
S01011295,Gas central heating,857,158,699,714,43,671,107,80,27,36,35,1
S01011295,Electric (including storage heaters) central heating,48,9,39,43,5,38,2,1,1,3,3,0
S01011295,Oil central heating,12,5,7,7,1,6,4,3,1,1,1,0
S01011295,Solid fuel (for example wood coal) central heating,0,0,0,0,0,0,0,0,0,0,0,0
S01011295,Other central heating,2,1,1,1,0,1,1,1,0,0,0,0
S01011295,Two or more types of central heating,24,4,20,18,1,17,5,2,3,1,1,0
S01011296,All people in households,556,158,398,405,40,365,94,63,31,57,55,2
S01011296,No central heating,3,1,2,2,0,2,0,0,0,1,1,0
S01011296,Gas central heating,504,140,364,369,36,333,88,58,30,47,46,1
S01011296,Electric (including storage heaters) central heating,28,13,15,17,3,14,6,5,1,5,5,0
S01011296,Oil central heating,2,0,2,2,0,2,0,0,0,0,0,0
S01011296,Solid fuel (for example wood coal) central heating,7,2,5,6,1,5,0,0,0,1,1,0
S01011296,Other central heating,6,2,4,4,0,4,0,0,0,2,2,0
S01011296,Two or more types of central heating,6,0,6,5,0,5,0,0,0,1,0,1
S01011297,All people in households,839,186,653,659,45,614,121,86,35,59,55,4
S01011297,No central heating,1,1,0,0,0,0,0,0,0,1,1,0
S01011297,Gas central heating,809,176,633,637,42,595,115,81,34,57,53,4
S01011297,Electric (including storage heaters) central heating,11,6,5,7,3,4,3,2,1,1,1,0
S01011297,Oil central heating,0,0,0,0,0,0,0,0,0,0,0,0
S01011297,Solid fuel (for example wood coal) central heating,0,0,0,0,0,0,0,0,0,0,0,0
S01011297,Other central heating,3,0,3,3,0,3,0,0,0,0,0,0
S01011297,Two or more types of central heating,15,3,12,12,0,12,3,3,0,0,0,0
S01011298,All people in households,642,117,525,531,28,503,66,48,18,45,41,4
S01011298,No central heating,0,0,0,0,0,0,0,0,0,0,0,0
S01011298,Gas central heating,614,112,502,508,27,481,63,46,17,43,39,4
S01011298,Electric (including storage heaters) central heating,15,2,13,13,0,13,1,1,0,1,1,0
S01011298,Oil central heating,8,2,6,7,1,6,0,0,0,1,1,0
S01011298,Solid fuel (for example wood coal) central heating,0,0,0,0,0,0,0,0,0,0,0,0
S01011298,Other central heating,0,0,0,0,0,0,0,0,0,0,0,0
S01011298,Two or more types of central heating,5,1,4,3,0,3,2,1,1,0,0,0
S01011299,All people in households,489,90,399,419,36,383,53,38,15,17,16,1
S01011299,No central heating,25,8,17,21,5,16,4,3,1,0,0,0
S01011299,Gas central heating,91,23,68,77,10,67,7,6,1,7,7,0
S01011299,Electric (including storage heaters) central heating,31,5,26,28,2,26,3,3,0,0,0,0
S01011299,Oil central heating,273,40,233,234,14,220,31,19,12,8,7,1
S01011299,Solid fuel (for example wood coal) central heating,16,2,14,14,0,14,2,2,0,0,0,0
S01011299,Other central heating,26,3,23,23,1,22,1,0,1,2,2,0
S01011299,Two or more types of central heating,27,9,18,22,4,18,5,5,0,0,0,0
S01011300,All people in households,944,223,721,716,48,668,147,97,50,81,78,3
S01011300,No central heating,7,2,5,6,1,5,1,1,0,0,0,0
S01011300,Gas central heating,895,208,687,685,46,639,137,91,46,73,71,2
S01011300,Electric (including storage heaters) central heating,22,7,15,13,0,13,6,4,2,3,3,0
S01011300,Oil central heating,4,1,3,3,0,3,1,1,0,0,0,0
S01011300,Solid fuel (for example wood coal) central heating,0,0,0,0,0,0,0,0,0,0,0,0
S01011300,Other central heating,0,0,0,0,0,0,0,0,0,0,0,0
S01011300,Two or more types of central heating,16,5,11,9,1,8,2,0,2,5,4,1
S01011301,All people in households,705,111,594,619,46,573,61,40,21,25,25,0
S01011301,No central heating,1,0,1,1,0,1,0,0,0,0,0,0
S01011301,Gas central heating,654,101,553,574,41,533,56,36,20,24,24,0
S01011301,Electric (including storage heaters) central heating,22,5,17,17,1,16,4,3,1,1,1,0
S01011301,Oil central heating,13,3,10,12,2,10,1,1,0,0,0,0
S01011301,Solid fuel (for example wood coal) central heating,0,0,0,0,0,0,0,0,0,0,0,0
S01011301,Other central heating,0,0,0,0,0,0,0,0,0,0,0,0
S01011301,Two or more types of central heating,15,2,13,15,2,13,0,0,0,0,0,0
S01011302,All people in households,856,314,542,559,66,493,202,153,49,95,95,0
S01011302,No central heating,11,7,4,2,0,2,6,4,2,3,3,0
S01011302,Gas central heating,807,293,514,536,66,470,184,140,44,87,87,0
S01011302,Electric (including storage heaters) central heating,19,9,10,9,0,9,6,5,1,4,4,0
S01011302,Oil central heating,2,0,2,2,0,2,0,0,0,0,0,0
S01011302,Solid fuel (for example wood coal) central heating,6,0,6,5,0,5,1,0,1,0,0,0
S01011302,Other central heating,0,0,0,0,0,0,0,0,0,0,0,0
S01011302,Two or more types of central heating,11,5,6,5,0,5,5,4,1,1,1,0
S01011303,All people in households,1004,158,846,880,69,811,98,63,35,26,26,0
S01011303,No central heating,16,6,10,12,4,8,4,2,2,0,0,0
S01011303,Gas central heating,894,138,756,789,63,726,86,56,30,19,19,0
S01011303,Electric (including storage heaters) central heating,68,13,55,54,2,52,8,5,3,6,6,0
S01011303,Oil central heating,18,0,18,18,0,18,0,0,0,0,0,0
S01011303,Solid fuel (for example wood coal) central heating,0,0,0,0,0,0,0,0,0,0,0,0
S01011303,Other central heating,3,0,3,3,0,3,0,0,0,0,0,0
S01011303,Two or more types of central heating,5,1,4,4,0,4,0,0,0,1,1,0
S01011304,All people in households,708,130,578,554,24,530,95,50,45,59,56,3
S01011304,No central heating,8,2,6,6,0,6,2,2,0,0,0,0
S01011304,Gas central heating,686,126,560,537,24,513,91,47,44,58,55,3
S01011304,Electric (including storage heaters) central heating,1,0,1,1,0,1,0,0,0,0,0,0
S01011304,Oil central heating,0,0,0,0,0,0,0,0,0,0,0,0
S01011304,Solid fuel (for example wood coal) central heating,2,0,2,2,0,2,0,0,0,0,0,0
S01011304,Other central heating,0,0,0,0,0,0,0,0,0,0,0,0
S01011304,Two or more types of central heating,11,2,9,8,0,8,2,1,1,1,1,0
S01011305,All people in households,829,155,674,683,37,646,111,85,26,35,33,2
S01011305,No central heating,0,0,0,0,0,0,0,0,0,0,0,0
S01011305,Gas central heating,782,140,642,649,34,615,103,78,25,30,28,2
S01011305,Electric (including storage heaters) central heating,15,6,9,9,1,8,4,3,1,2,2,0
S01011305,Oil central heating,8,2,6,8,2,6,0,0,0,0,0,0
S01011305,Solid fuel (for example wood coal) central heating,0,0,0,0,0,0,0,0,0,0,0,0
S01011305,Other central heating,1,1,0,0,0,0,0,0,0,1,1,0
S01011305,Two or more types of central heating,23,6,17,17,0,17,4,4,0,2,2,0
S01011306,All people in households,590,132,458,469,30,439,81,62,19,40,40,0
S01011306,No central heating,1,0,1,1,0,1,0,0,0,0,0,0
S01011306,Gas central heating,554,119,435,442,25,417,72,54,18,40,40,0
S01011306,Electric (including storage heaters) central heating,20,12,8,12,4,8,8,8,0,0,0,0
S01011306,Oil central heating,2,0,2,2,0,2,0,0,0,0,0,0
S01011306,Solid fuel (for example wood coal) central heating,0,0,0,0,0,0,0,0,0,0,0,0
S01011306,Other central heating,0,0,0,0,0,0,0,0,0,0,0,0
S01011306,Two or more types of central heating,13,1,12,12,1,11,1,0,1,0,0,0
S01011307,All people in households,470,92,378,383,25,358,58,39,19,29,28,1
S01011307,No central heating,20,7,13,12,1,11,4,2,2,4,4,0
S01011307,Gas central heating,189,42,147,146,10,136,28,18,10,15,14,1
S01011307,Electric (including storage heaters) central heating,17,6,11,12,1,11,4,4,0,1,1,0
S01011307,Oil central heating,190,28,162,164,9,155,18,11,7,8,8,0
S01011307,Solid fuel (for example wood coal) central heating,10,0,10,10,0,10,0,0,0,0,0,0
S01011307,Other central heating,15,5,10,12,2,10,2,2,0,1,1,0
S01011307,Two or more types of central heating,29,4,25,27,2,25,2,2,0,0,0,0
S01011308,All people in households,432,75,357,364,21,343,46,33,13,22,21,1
S01011308,No central heating,0,0,0,0,0,0,0,0,0,0,0,0
S01011308,Gas central heating,190,40,150,155,10,145,23,19,4,12,11,1
S01011308,Electric (including storage heaters) central heating,17,3,14,15,2,13,1,0,1,1,1,0
S01011308,Oil central heating,162,22,140,141,7,134,16,10,6,5,5,0
S01011308,Solid fuel (for example wood coal) central heating,25,3,22,22,0,22,2,2,0,1,1,0
S01011308,Other central heating,28,7,21,22,2,20,3,2,1,3,3,0
S01011308,Two or more types of central heating,10,0,10,9,0,9,1,0,1,0,0,0
S01011309,All people in households,712,142,570,619,63,556,67,54,13,26,25,1
S01011309,No central heating,5,1,4,4,1,3,1,0,1,0,0,0
S01011309,Gas central heating,634,130,504,551,57,494,60,50,10,23,23,0
S01011309,Electric (including storage heaters) central heating,47,9,38,42,5,37,4,4,0,1,0,1
S01011309,Oil central heating,16,0,16,15,0,15,1,0,1,0,0,0
S01011309,Solid fuel (for example wood coal) central heating,2,0,2,2,0,2,0,0,0,0,0,0
S01011309,Other central heating,0,0,0,0,0,0,0,0,0,0,0,0
S01011309,Two or more types of central heating,8,2,6,5,0,5,1,0,1,2,2,0
S01011310,All people in households,706,139,567,581,39,542,84,60,24,41,40,1
S01011310,No central heating,14,4,10,11,1,10,1,1,0,2,2,0
S01011310,Gas central heating,634,118,516,528,34,494,74,53,21,32,31,1
S01011310,Electric (including storage heaters) central heating,28,5,23,21,0,21,5,3,2,2,2,0
S01011310,Oil central heating,7,3,4,4,0,4,2,2,0,1,1,0
S01011310,Solid fuel (for example wood coal) central heating,2,0,2,2,0,2,0,0,0,0,0,0
S01011310,Other central heating,0,0,0,0,0,0,0,0,0,0,0,0
S01011310,Two or more types of central heating,21,9,12,15,4,11,2,1,1,4,4,0
S01011311,All people in households,666,144,522,562,60,502,85,65,20,19,19,0
S01011311,No central heating,3,1,2,2,0,2,1,1,0,0,0,0
S01011311,Gas central heating,627,126,501,536,55,481,74,54,20,17,17,0
S01011311,Electric (including storage heaters) central heating,21,12,9,13,4,9,7,7,0,1,1,0
S01011311,Oil central heating,11,2,9,9,0,9,2,2,0,0,0,0
S01011311,Solid fuel (for example wood coal) central heating,0,0,0,0,0,0,0,0,0,0,0,0
S01011311,Other central heating,0,0,0,0,0,0,0,0,0,0,0,0
S01011311,Two or more types of central heating,4,3,1,2,1,1,1,1,0,1,1,0
S01011312,All people in households,1103,200,903,947,80,867,124,89,35,32,31,1
S01011312,No central heating,8,1,7,7,0,7,1,1,0,0,0,0
S01011312,Gas central heating,1009,168,841,881,70,811,100,71,29,28,27,1
S01011312,Electric (including storage heaters) central heating,62,24,38,40,8,32,18,12,6,4,4,0
S01011312,Oil central heating,13,3,10,12,2,10,1,1,0,0,0,0
S01011312,Solid fuel (for example wood coal) central heating,0,0,0,0,0,0,0,0,0,0,0,0
S01011312,Other central heating,2,2,0,0,0,0,2,2,0,0,0,0
S01011312,Two or more types of central heating,9,2,7,7,0,7,2,2,0,0,0,0
S01011313,All people in households,735,167,568,589,50,539,100,72,28,46,45,1
S01011313,No central heating,9,3,6,7,1,6,1,1,0,1,1,0
S01011313,Gas central heating,671,140,531,544,38,506,87,63,24,40,39,1
S01011313,Electric (including storage heaters) central heating,30,18,12,18,8,10,9,7,2,3,3,0
S01011313,Oil central heating,6,1,5,4,0,4,1,0,1,1,1,0
S01011313,Solid fuel (for example wood coal) central heating,0,0,0,0,0,0,0,0,0,0,0,0
S01011313,Other central heating,5,2,3,4,1,3,0,0,0,1,1,0
S01011313,Two or more types of central heating,14,3,11,12,2,10,2,1,1,0,0,0
S01011314,All people in households,1097,190,907,940,73,867,116,76,40,41,41,0
S01011314,No central heating,8,1,7,6,0,6,1,0,1,1,1,0
S01011314,Gas central heating,1019,172,847,879,67,812,106,71,35,34,34,0
S01011314,Electric (including storage heaters) central heating,35,8,27,27,2,25,6,4,2,2,2,0
S01011314,Oil central heating,4,2,2,4,2,2,0,0,0,0,0,0
S01011314,Solid fuel (for example wood coal) central heating,8,0,8,8,0,8,0,0,0,0,0,0
S01011314,Other central heating,1,1,0,1,1,0,0,0,0,0,0,0
S01011314,Two or more types of central heating,22,6,16,15,1,14,3,1,2,4,4,0
S01011315,All people in households,410,94,316,333,27,306,50,40,10,27,27,0
S01011315,No central heating,6,1,5,4,0,4,2,1,1,0,0,0
S01011315,Gas central heating,391,89,302,323,27,296,44,38,6,24,24,0
S01011315,Electric (including storage heaters) central heating,6,2,4,2,0,2,2,0,2,2,2,0
S01011315,Oil central heating,0,0,0,0,0,0,0,0,0,0,0,0
S01011315,Solid fuel (for example wood coal) central heating,0,0,0,0,0,0,0,0,0,0,0,0
S01011315,Other central heating,5,1,4,4,0,4,1,1,0,0,0,0
S01011315,Two or more types of central heating,2,1,1,0,0,0,1,0,1,1,1,0
S01011316,All people in households,748,165,583,595,51,544,90,51,39,63,63,0
S01011316,No central heating,5,0,5,5,0,5,0,0,0,0,0,0
S01011316,Gas central heating,706,157,549,560,49,511,86,48,38,60,60,0
S01011316,Electric (including storage heaters) central heating,20,5,15,16,2,14,1,0,1,3,3,0
S01011316,Oil central heating,3,1,2,2,0,2,1,1,0,0,0,0
S01011316,Solid fuel (for example wood coal) central heating,0,0,0,0,0,0,0,0,0,0,0,0
S01011316,Other central heating,5,0,5,5,0,5,0,0,0,0,0,0
S01011316,Two or more types of central heating,9,2,7,7,0,7,2,2,0,0,0,0
S01011317,All people in households,752,171,581,608,55,553,106,78,28,38,38,0
S01011317,No central heating,6,2,4,5,1,4,0,0,0,1,1,0
S01011317,Gas central heating,670,140,530,558,50,508,86,64,22,26,26,0
S01011317,Electric (including storage heaters) central heating,50,20,30,27,3,24,15,9,6,8,8,0
S01011317,Oil central heating,9,2,7,7,0,7,1,1,0,1,1,0
S01011317,Solid fuel (for example wood coal) central heating,0,0,0,0,0,0,0,0,0,0,0,0
S01011317,Other central heating,0,0,0,0,0,0,0,0,0,0,0,0
S01011317,Two or more types of central heating,17,7,10,11,1,10,4,4,0,2,2,0
S01011318,All people in households,919,207,712,755,80,675,121,86,35,43,41,2
S01011318,No central heating,10,3,7,7,1,6,2,1,1,1,1,0
S01011318,Gas central heating,674,121,553,578,48,530,67,46,21,29,27,2
S01011318,Electric (including storage heaters) central heating,227,80,147,165,31,134,50,37,13,12,12,0
S01011318,Oil central heating,3,2,1,1,0,1,1,1,0,1,1,0
S01011318,Solid fuel (for example wood coal) central heating,0,0,0,0,0,0,0,0,0,0,0,0
S01011318,Other central heating,1,1,0,0,0,0,1,1,0,0,0,0
S01011318,Two or more types of central heating,4,0,4,4,0,4,0,0,0,0,0,0
S01011319,All people in households,856,192,664,706,72,634,115,87,28,35,33,2
S01011319,No central heating,7,5,2,5,3,2,1,1,0,1,1,0
S01011319,Gas central heating,703,117,586,611,44,567,75,57,18,17,16,1
S01011319,Electric (including storage heaters) central heating,126,67,59,73,25,48,38,28,10,15,14,1
S01011319,Oil central heating,10,2,8,8,0,8,0,0,0,2,2,0
S01011319,Solid fuel (for example wood coal) central heating,0,0,0,0,0,0,0,0,0,0,0,0
S01011319,Other central heating,0,0,0,0,0,0,0,0,0,0,0,0
S01011319,Two or more types of central heating,10,1,9,9,0,9,1,1,0,0,0,0
S01011320,All people in households,522,152,370,390,36,354,99,83,16,33,33,0
S01011320,No central heating,10,5,5,6,1,5,1,1,0,3,3,0
S01011320,Gas central heating,459,121,338,357,31,326,74,62,12,28,28,0
S01011320,Electric (including storage heaters) central heating,44,23,21,21,4,17,21,17,4,2,2,0
S01011320,Oil central heating,2,1,1,1,0,1,1,1,0,0,0,0
S01011320,Solid fuel (for example wood coal) central heating,0,0,0,0,0,0,0,0,0,0,0,0
S01011320,Other central heating,0,0,0,0,0,0,0,0,0,0,0,0
S01011320,Two or more types of central heating,7,2,5,5,0,5,2,2,0,0,0,0
S01011321,All people in households,596,90,506,512,29,483,59,37,22,25,24,1
S01011321,No central heating,10,5,5,6,1,5,3,3,0,1,1,0
S01011321,Gas central heating,539,76,463,464,23,441,51,30,21,24,23,1
S01011321,Electric (including storage heaters) central heating,37,8,29,32,4,28,5,4,1,0,0,0
S01011321,Oil central heating,0,0,0,0,0,0,0,0,0,0,0,0
S01011321,Solid fuel (for example wood coal) central heating,2,0,2,2,0,2,0,0,0,0,0,0
S01011321,Other central heating,0,0,0,0,0,0,0,0,0,0,0,0
S01011321,Two or more types of central heating,8,1,7,8,1,7,0,0,0,0,0,0
S01011322,All people in households,634,81,553,550,23,527,59,33,26,25,25,0
S01011322,No central heating,1,0,1,0,0,0,1,0,1,0,0,0
S01011322,Gas central heating,602,76,526,521,19,502,57,33,24,24,24,0
S01011322,Electric (including storage heaters) central heating,11,2,9,10,1,9,0,0,0,1,1,0
S01011322,Oil central heating,0,0,0,0,0,0,0,0,0,0,0,0
S01011322,Solid fuel (for example wood coal) central heating,3,0,3,3,0,3,0,0,0,0,0,0
S01011322,Other central heating,0,0,0,0,0,0,0,0,0,0,0,0
S01011322,Two or more types of central heating,17,3,14,16,3,13,1,0,1,0,0,0
S01011323,All people in households,917,170,747,774,60,714,85,55,30,58,55,3
S01011323,No central heating,5,2,3,3,0,3,0,0,0,2,2,0
S01011323,Gas central heating,838,152,686,707,51,656,76,49,27,55,52,3
S01011323,Electric (including storage heaters) central heating,37,9,28,31,4,27,5,4,1,1,1,0
S01011323,Oil central heating,8,0,8,8,0,8,0,0,0,0,0,0
S01011323,Solid fuel (for example wood coal) central heating,0,0,0,0,0,0,0,0,0,0,0,0
S01011323,Other central heating,3,0,3,3,0,3,0,0,0,0,0,0
S01011323,Two or more types of central heating,26,7,19,22,5,17,4,2,2,0,0,0
S01011324,All people in households,449,97,352,365,27,338,55,42,13,29,28,1
S01011324,No central heating,14,3,11,10,0,10,2,1,1,2,2,0
S01011324,Gas central heating,417,89,328,341,25,316,50,39,11,26,25,1
S01011324,Electric (including storage heaters) central heating,15,5,10,11,2,9,3,2,1,1,1,0
S01011324,Oil central heating,2,0,2,2,0,2,0,0,0,0,0,0
S01011324,Solid fuel (for example wood coal) central heating,0,0,0,0,0,0,0,0,0,0,0,0
S01011324,Other central heating,0,0,0,0,0,0,0,0,0,0,0,0
S01011324,Two or more types of central heating,1,0,1,1,0,1,0,0,0,0,0,0
S01011325,All people in households,737,225,512,519,51,468,144,103,41,74,71,3
S01011325,No central heating,31,10,21,22,2,20,6,5,1,3,3,0
S01011325,Gas central heating,619,190,429,443,44,399,116,88,28,60,58,2
S01011325,Electric (including storage heaters) central heating,65,17,48,41,3,38,16,7,9,8,7,1
S01011325,Oil central heating,0,0,0,0,0,0,0,0,0,0,0,0
S01011325,Solid fuel (for example wood coal) central heating,1,0,1,1,0,1,0,0,0,0,0,0
S01011325,Other central heating,4,1,3,3,1,2,1,0,1,0,0,0
S01011325,Two or more types of central heating,17,7,10,9,1,8,5,3,2,3,3,0
S01011326,All people in households,747,235,512,529,70,459,149,97,52,69,68,1
S01011326,No central heating,38,9,29,26,1,25,11,7,4,1,1,0
S01011326,Gas central heating,523,149,374,384,44,340,95,61,34,44,44,0
S01011326,Electric (including storage heaters) central heating,175,71,104,113,23,90,40,26,14,22,22,0
S01011326,Oil central heating,2,1,1,2,1,1,0,0,0,0,0,0
S01011326,Solid fuel (for example wood coal) central heating,0,0,0,0,0,0,0,0,0,0,0,0
S01011326,Other central heating,2,1,1,1,1,0,0,0,0,1,0,1
S01011326,Two or more types of central heating,7,4,3,3,0,3,3,3,0,1,1,0
S01011327,All people in households,648,227,421,438,60,378,148,109,39,62,58,4
S01011327,No central heating,76,23,53,56,7,49,16,12,4,4,4,0
S01011327,Gas central heating,34,16,18,15,1,14,11,7,4,8,8,0
S01011327,Electric (including storage heaters) central heating,403,151,252,260,37,223,102,77,25,41,37,4
S01011327,Oil central heating,115,34,81,89,14,75,17,11,6,9,9,0
S01011327,Solid fuel (for example wood coal) central heating,6,1,5,5,0,5,1,1,0,0,0,0
S01011327,Other central heating,13,1,12,13,1,12,0,0,0,0,0,0
S01011327,Two or more types of central heating,1,1,0,0,0,0,1,1,0,0,0,0
S01011328,All people in households,697,172,525,543,48,495,116,87,29,38,37,1
S01011328,No central heating,26,5,21,21,2,19,4,2,2,1,1,0
S01011328,Gas central heating,53,10,43,42,0,42,6,5,1,5,5,0
S01011328,Electric (including storage heaters) central heating,350,95,255,272,30,242,59,47,12,19,18,1
S01011328,Oil central heating,230,54,176,177,14,163,43,30,13,10,10,0
S01011328,Solid fuel (for example wood coal) central heating,8,4,4,5,1,4,1,1,0,2,2,0
S01011328,Other central heating,1,0,1,1,0,1,0,0,0,0,0,0
S01011328,Two or more types of central heating,29,4,25,25,1,24,3,2,1,1,1,0
S01011329,All people in households,914,243,671,700,71,629,161,119,42,53,53,0
S01011329,No central heating,6,5,1,1,0,1,5,5,0,0,0,0
S01011329,Gas central heating,832,214,618,645,67,578,141,101,40,46,46,0
S01011329,Electric (including storage heaters) central heating,62,19,43,43,2,41,14,12,2,5,5,0
S01011329,Oil central heating,2,1,1,2,1,1,0,0,0,0,0,0
S01011329,Solid fuel (for example wood coal) central heating,0,0,0,0,0,0,0,0,0,0,0,0
S01011329,Other central heating,2,1,1,1,0,1,0,0,0,1,1,0
S01011329,Two or more types of central heating,10,3,7,8,1,7,1,1,0,1,1,0
S01011330,All people in households,754,137,617,651,61,590,74,49,25,29,27,2
S01011330,No central heating,8,0,8,8,0,8,0,0,0,0,0,0
S01011330,Gas central heating,704,128,576,608,56,552,68,46,22,28,26,2
S01011330,Electric (including storage heaters) central heating,21,7,14,17,3,14,3,3,0,1,1,0
S01011330,Oil central heating,7,1,6,7,1,6,0,0,0,0,0,0
S01011330,Solid fuel (for example wood coal) central heating,0,0,0,0,0,0,0,0,0,0,0,0
S01011330,Other central heating,0,0,0,0,0,0,0,0,0,0,0,0
S01011330,Two or more types of central heating,14,1,13,11,1,10,3,0,3,0,0,0
S01011331,All people in households,745,139,606,629,49,580,97,72,25,19,18,1
S01011331,No central heating,3,0,3,3,0,3,0,0,0,0,0,0
S01011331,Gas central heating,717,132,585,608,48,560,91,67,24,18,17,1
S01011331,Electric (including storage heaters) central heating,11,6,5,6,1,5,4,4,0,1,1,0
S01011331,Oil central heating,0,0,0,0,0,0,0,0,0,0,0,0
S01011331,Solid fuel (for example wood coal) central heating,0,0,0,0,0,0,0,0,0,0,0,0
S01011331,Other central heating,4,0,4,4,0,4,0,0,0,0,0,0
S01011331,Two or more types of central heating,10,1,9,8,0,8,2,1,1,0,0,0
S01011332,All people in households,863,160,703,730,55,675,108,80,28,25,25,0
S01011332,No central heating,9,1,8,7,0,7,2,1,1,0,0,0
S01011332,Gas central heating,791,140,651,674,49,625,95,69,26,22,22,0
S01011332,Electric (including storage heaters) central heating,42,12,30,33,4,29,6,5,1,3,3,0
S01011332,Oil central heating,6,1,5,5,0,5,1,1,0,0,0,0
S01011332,Solid fuel (for example wood coal) central heating,0,0,0,0,0,0,0,0,0,0,0,0
S01011332,Other central heating,0,0,0,0,0,0,0,0,0,0,0,0
S01011332,Two or more types of central heating,15,6,9,11,2,9,4,4,0,0,0,0
S01011333,All people in households,733,175,558,596,63,533,107,83,24,30,29,1
S01011333,No central heating,15,5,10,9,0,9,4,3,1,2,2,0
S01011333,Gas central heating,515,95,420,441,38,403,60,44,16,14,13,1
S01011333,Electric (including storage heaters) central heating,179,71,108,125,24,101,40,33,7,14,14,0
S01011333,Oil central heating,14,2,12,12,0,12,2,2,0,0,0,0
S01011333,Solid fuel (for example wood coal) central heating,0,0,0,0,0,0,0,0,0,0,0,0
S01011333,Other central heating,0,0,0,0,0,0,0,0,0,0,0,0
S01011333,Two or more types of central heating,10,2,8,9,1,8,1,1,0,0,0,0
S01011334,All people in households,706,97,609,627,35,592,56,39,17,23,23,0
S01011334,No central heating,28,1,27,23,0,23,4,0,4,1,1,0
S01011334,Gas central heating,295,42,253,261,12,249,19,15,4,15,15,0
S01011334,Electric (including storage heaters) central heating,32,15,17,19,4,15,10,8,2,3,3,0
S01011334,Oil central heating,233,26,207,215,13,202,17,12,5,1,1,0
S01011334,Solid fuel (for example wood coal) central heating,23,0,23,21,0,21,2,0,2,0,0,0
S01011334,Other central heating,52,4,48,48,0,48,2,2,0,2,2,0
S01011334,Two or more types of central heating,43,9,34,40,6,34,2,2,0,1,1,0
S01011335,All people in households,934,201,733,769,71,698,128,95,33,37,35,2
S01011335,No central heating,9,4,5,7,2,5,1,1,0,1,1,0
S01011335,Gas central heating,828,177,651,683,63,620,110,81,29,35,33,2
S01011335,Electric (including storage heaters) central heating,37,12,25,29,5,24,8,7,1,0,0,0
S01011335,Oil central heating,45,6,39,38,1,37,6,4,2,1,1,0
S01011335,Solid fuel (for example wood coal) central heating,0,0,0,0,0,0,0,0,0,0,0,0
S01011335,Other central heating,6,0,6,6,0,6,0,0,0,0,0,0
S01011335,Two or more types of central heating,9,2,7,6,0,6,3,2,1,0,0,0
S01011336,All people in households,617,126,491,505,36,469,75,53,22,37,37,0
S01011336,No central heating,2,0,2,2,0,2,0,0,0,0,0,0
S01011336,Gas central heating,585,115,470,478,30,448,73,51,22,34,34,0
S01011336,Electric (including storage heaters) central heating,18,6,12,15,3,12,1,1,0,2,2,0
S01011336,Oil central heating,0,0,0,0,0,0,0,0,0,0,0,0
S01011336,Solid fuel (for example wood coal) central heating,1,0,1,1,0,1,0,0,0,0,0,0
S01011336,Other central heating,0,0,0,0,0,0,0,0,0,0,0,0
S01011336,Two or more types of central heating,11,5,6,9,3,6,1,1,0,1,1,0
S01011337,All people in households,682,119,563,592,46,546,72,55,17,18,18,0
S01011337,No central heating,3,1,2,2,0,2,1,1,0,0,0,0
S01011337,Gas central heating,642,112,530,556,43,513,69,52,17,17,17,0
S01011337,Electric (including storage heaters) central heating,11,3,8,9,1,8,2,2,0,0,0,0
S01011337,Oil central heating,9,0,9,9,0,9,0,0,0,0,0,0
S01011337,Solid fuel (for example wood coal) central heating,2,1,1,2,1,1,0,0,0,0,0,0
S01011337,Other central heating,6,1,5,6,1,5,0,0,0,0,0,0
S01011337,Two or more types of central heating,9,1,8,8,0,8,0,0,0,1,1,0
S01011338,All people in households,660,93,567,557,28,529,67,34,33,36,31,5
S01011338,No central heating,0,0,0,0,0,0,0,0,0,0,0,0
S01011338,Gas central heating,619,82,537,524,24,500,65,32,33,30,26,4
S01011338,Electric (including storage heaters) central heating,15,4,11,12,1,11,1,1,0,2,2,0
S01011338,Oil central heating,13,5,8,10,2,8,1,1,0,2,2,0
S01011338,Solid fuel (for example wood coal) central heating,0,0,0,0,0,0,0,0,0,0,0,0
S01011338,Other central heating,0,0,0,0,0,0,0,0,0,0,0,0
S01011338,Two or more types of central heating,13,2,11,11,1,10,0,0,0,2,1,1
S01011339,All people in households,560,119,441,457,35,422,74,55,19,29,29,0
S01011339,No central heating,1,1,0,0,0,0,0,0,0,1,1,0
S01011339,Gas central heating,529,108,421,433,31,402,71,52,19,25,25,0
S01011339,Electric (including storage heaters) central heating,11,7,4,6,2,4,2,2,0,3,3,0
S01011339,Oil central heating,3,2,1,2,1,1,1,1,0,0,0,0
S01011339,Solid fuel (for example wood coal) central heating,0,0,0,0,0,0,0,0,0,0,0,0
S01011339,Other central heating,0,0,0,0,0,0,0,0,0,0,0,0
S01011339,Two or more types of central heating,16,1,15,16,1,15,0,0,0,0,0,0
S01011340,All people in households,694,176,518,535,51,484,108,75,33,51,50,1
S01011340,No central heating,5,2,3,4,1,3,0,0,0,1,1,0
S01011340,Gas central heating,643,157,486,499,45,454,98,67,31,46,45,1
S01011340,Electric (including storage heaters) central heating,30,13,17,19,3,16,8,7,1,3,3,0
S01011340,Oil central heating,3,2,1,2,1,1,1,1,0,0,0,0
S01011340,Solid fuel (for example wood coal) central heating,5,0,5,5,0,5,0,0,0,0,0,0
S01011340,Other central heating,0,0,0,0,0,0,0,0,0,0,0,0
S01011340,Two or more types of central heating,8,2,6,6,1,5,1,0,1,1,1,0
S01011341,All people in households,721,150,571,574,38,536,104,69,35,43,43,0
S01011341,No central heating,3,1,2,1,0,1,2,1,1,0,0,0
S01011341,Gas central heating,662,135,527,534,36,498,88,59,29,40,40,0
S01011341,Electric (including storage heaters) central heating,18,8,10,9,1,8,8,6,2,1,1,0
S01011341,Oil central heating,10,1,9,10,1,9,0,0,0,0,0,0
S01011341,Solid fuel (for example wood coal) central heating,0,0,0,0,0,0,0,0,0,0,0,0
S01011341,Other central heating,0,0,0,0,0,0,0,0,0,0,0,0
S01011341,Two or more types of central heating,28,5,23,20,0,20,6,3,3,2,2,0
S01011342,All people in households,702,117,585,589,31,558,80,59,21,33,27,6
S01011342,No central heating,13,2,11,9,0,9,4,2,2,0,0,0
S01011342,Gas central heating,630,104,526,529,26,503,70,52,18,31,26,5
S01011342,Electric (including storage heaters) central heating,40,8,32,36,4,32,3,3,0,1,1,0
S01011342,Oil central heating,1,0,1,1,0,1,0,0,0,0,0,0
S01011342,Solid fuel (for example wood coal) central heating,0,0,0,0,0,0,0,0,0,0,0,0
S01011342,Other central heating,0,0,0,0,0,0,0,0,0,0,0,0
S01011342,Two or more types of central heating,18,3,15,14,1,13,3,2,1,1,0,1
S01011343,All people in households,826,223,603,603,41,562,140,103,37,83,79,4
S01011343,No central heating,7,0,7,6,0,6,1,0,1,0,0,0
S01011343,Gas central heating,777,211,566,568,41,527,131,95,36,78,75,3
S01011343,Electric (including storage heaters) central heating,29,10,19,19,0,19,8,8,0,2,2,0
S01011343,Oil central heating,0,0,0,0,0,0,0,0,0,0,0,0
S01011343,Solid fuel (for example wood coal) central heating,0,0,0,0,0,0,0,0,0,0,0,0
S01011343,Other central heating,0,0,0,0,0,0,0,0,0,0,0,0
S01011343,Two or more types of central heating,13,2,11,10,0,10,0,0,0,3,2,1
S01011344,All people in households,883,215,668,670,60,610,147,92,55,66,63,3
S01011344,No central heating,7,1,6,6,0,6,1,1,0,0,0,0
S01011344,Gas central heating,804,190,614,609,50,559,135,83,52,60,57,3
S01011344,Electric (including storage heaters) central heating,46,15,31,35,7,28,10,7,3,1,1,0
S01011344,Oil central heating,0,0,0,0,0,0,0,0,0,0,0,0
S01011344,Solid fuel (for example wood coal) central heating,2,1,1,2,1,1,0,0,0,0,0,0
S01011344,Other central heating,7,3,4,5,1,4,0,0,0,2,2,0
S01011344,Two or more types of central heating,17,5,12,13,1,12,1,1,0,3,3,0
S01011345,All people in households,794,151,643,641,41,600,100,64,36,53,46,7
S01011345,No central heating,9,2,7,7,0,7,2,2,0,0,0,0
S01011345,Gas central heating,755,143,612,610,39,571,93,59,34,52,45,7
S01011345,Electric (including storage heaters) central heating,15,2,13,13,1,12,2,1,1,0,0,0
S01011345,Oil central heating,0,0,0,0,0,0,0,0,0,0,0,0
S01011345,Solid fuel (for example wood coal) central heating,0,0,0,0,0,0,0,0,0,0,0,0
S01011345,Other central heating,2,0,2,2,0,2,0,0,0,0,0,0
S01011345,Two or more types of central heating,13,4,9,9,1,8,3,2,1,1,1,0
S01011346,All people in households,678,166,512,501,25,476,125,91,34,52,50,2
S01011346,No central heating,8,5,3,3,0,3,2,2,0,3,3,0
S01011346,Gas central heating,647,155,492,479,23,456,119,85,34,49,47,2
S01011346,Electric (including storage heaters) central heating,13,3,10,11,1,10,2,2,0,0,0,0
S01011346,Oil central heating,0,0,0,0,0,0,0,0,0,0,0,0
S01011346,Solid fuel (for example wood coal) central heating,3,1,2,3,1,2,0,0,0,0,0,0
S01011346,Other central heating,1,0,1,1,0,1,0,0,0,0,0,0
S01011346,Two or more types of central heating,6,2,4,4,0,4,2,2,0,0,0,0
S01011347,All people in households,1043,279,764,774,81,693,175,111,64,94,87,7
S01011347,No central heating,18,6,12,11,1,10,5,3,2,2,2,0
S01011347,Gas central heating,922,237,685,687,66,621,153,96,57,82,75,7
S01011347,Electric (including storage heaters) central heating,65,21,44,49,8,41,10,7,3,6,6,0
S01011347,Oil central heating,5,3,2,2,0,2,3,3,0,0,0,0
S01011347,Solid fuel (for example wood coal) central heating,8,3,5,7,2,5,1,1,0,0,0,0
S01011347,Other central heating,10,2,8,10,2,8,0,0,0,0,0,0
S01011347,Two or more types of central heating,15,7,8,8,2,6,3,1,2,4,4,0
S01011348,All people in households,921,212,709,715,51,664,135,91,44,71,70,1
S01011348,No central heating,1,1,0,1,1,0,0,0,0,0,0,0
S01011348,Gas central heating,860,195,665,664,42,622,131,89,42,65,64,1
S01011348,Electric (including storage heaters) central heating,21,8,13,16,4,12,3,2,1,2,2,0
S01011348,Oil central heating,2,0,2,2,0,2,0,0,0,0,0,0
S01011348,Solid fuel (for example wood coal) central heating,0,0,0,0,0,0,0,0,0,0,0,0
S01011348,Other central heating,4,0,4,4,0,4,0,0,0,0,0,0
S01011348,Two or more types of central heating,33,8,25,28,4,24,1,0,1,4,4,0
S01011349,All people in households,923,127,796,826,52,774,70,49,21,27,26,1
S01011349,No central heating,13,3,10,9,0,9,4,3,1,0,0,0
S01011349,Gas central heating,844,111,733,760,47,713,60,41,19,24,23,1
S01011349,Electric (including storage heaters) central heating,30,7,23,23,1,22,4,3,1,3,3,0
S01011349,Oil central heating,2,0,2,2,0,2,0,0,0,0,0,0
S01011349,Solid fuel (for example wood coal) central heating,0,0,0,0,0,0,0,0,0,0,0,0
S01011349,Other central heating,10,2,8,9,1,8,1,1,0,0,0,0
S01011349,Two or more types of central heating,24,4,20,23,3,20,1,1,0,0,0,0
S01011350,All people in households,658,126,532,554,46,508,74,50,24,30,30,0
S01011350,No central heating,7,3,4,4,2,2,2,0,2,1,1,0
S01011350,Gas central heating,623,112,511,530,39,491,66,46,20,27,27,0
S01011350,Electric (including storage heaters) central heating,12,5,7,8,2,6,3,2,1,1,1,0
S01011350,Oil central heating,9,3,6,5,0,5,3,2,1,1,1,0
S01011350,Solid fuel (for example wood coal) central heating,0,0,0,0,0,0,0,0,0,0,0,0
S01011350,Other central heating,4,2,2,4,2,2,0,0,0,0,0,0
S01011350,Two or more types of central heating,3,1,2,3,1,2,0,0,0,0,0,0
S01011351,All people in households,696,194,502,508,49,459,128,94,34,60,51,9
S01011351,No central heating,9,3,6,6,0,6,1,1,0,2,2,0
S01011351,Gas central heating,664,186,478,485,49,436,122,89,33,57,48,9
S01011351,Electric (including storage heaters) central heating,10,3,7,7,0,7,2,2,0,1,1,0
S01011351,Oil central heating,0,0,0,0,0,0,0,0,0,0,0,0
S01011351,Solid fuel (for example wood coal) central heating,0,0,0,0,0,0,0,0,0,0,0,0
S01011351,Other central heating,6,1,5,5,0,5,1,1,0,0,0,0
S01011351,Two or more types of central heating,7,1,6,5,0,5,2,1,1,0,0,0
S01011352,All people in households,635,142,493,505,31,474,88,71,17,42,40,2
S01011352,No central heating,21,1,20,20,0,20,1,1,0,0,0,0
S01011352,Gas central heating,556,118,438,448,26,422,72,57,15,36,35,1
S01011352,Electric (including storage heaters) central heating,43,21,22,24,5,19,13,11,2,6,5,1
S01011352,Oil central heating,13,1,12,12,0,12,1,1,0,0,0,0
S01011352,Solid fuel (for example wood coal) central heating,0,0,0,0,0,0,0,0,0,0,0,0
S01011352,Other central heating,0,0,0,0,0,0,0,0,0,0,0,0
S01011352,Two or more types of central heating,2,1,1,1,0,1,1,1,0,0,0,0
S01011353,All people in households,610,136,474,477,37,440,94,61,33,39,38,1
S01011353,No central heating,1,0,1,0,0,0,1,0,1,0,0,0
S01011353,Gas central heating,592,128,464,464,33,431,90,58,32,38,37,1
S01011353,Electric (including storage heaters) central heating,4,4,0,2,2,0,1,1,0,1,1,0
S01011353,Oil central heating,6,0,6,6,0,6,0,0,0,0,0,0
S01011353,Solid fuel (for example wood coal) central heating,3,1,2,2,0,2,1,1,0,0,0,0
S01011353,Other central heating,1,0,1,1,0,1,0,0,0,0,0,0
S01011353,Two or more types of central heating,3,3,0,2,2,0,1,1,0,0,0,0
S01011354,All people in households,730,142,588,595,48,547,104,65,39,31,29,2
S01011354,No central heating,3,1,2,2,0,2,1,1,0,0,0,0
S01011354,Gas central heating,694,130,564,572,45,527,91,56,35,31,29,2
S01011354,Electric (including storage heaters) central heating,8,6,2,3,2,1,5,4,1,0,0,0
S01011354,Oil central heating,12,1,11,11,0,11,1,1,0,0,0,0
S01011354,Solid fuel (for example wood coal) central heating,0,0,0,0,0,0,0,0,0,0,0,0
S01011354,Other central heating,3,2,1,1,0,1,2,2,0,0,0,0
S01011354,Two or more types of central heating,10,2,8,6,1,5,4,1,3,0,0,0
S01011355,All people in households,927,207,720,741,63,678,132,91,41,54,53,1
S01011355,No central heating,7,1,6,6,0,6,1,1,0,0,0,0
S01011355,Gas central heating,896,196,700,722,61,661,123,85,38,51,50,1
S01011355,Electric (including storage heaters) central heating,11,7,4,3,1,2,5,3,2,3,3,0
S01011355,Oil central heating,9,1,8,7,0,7,2,1,1,0,0,0
S01011355,Solid fuel (for example wood coal) central heating,0,0,0,0,0,0,0,0,0,0,0,0
S01011355,Other central heating,0,0,0,0,0,0,0,0,0,0,0,0
S01011355,Two or more types of central heating,4,2,2,3,1,2,1,1,0,0,0,0
S01011356,All people in households,962,148,814,828,44,784,97,67,30,37,37,0
S01011356,No central heating,38,2,36,34,1,33,4,1,3,0,0,0
S01011356,Gas central heating,236,39,197,198,10,188,25,16,9,13,13,0
S01011356,Electric (including storage heaters) central heating,199,30,169,167,8,159,25,15,10,7,7,0
S01011356,Oil central heating,367,53,314,327,19,308,30,24,6,10,10,0
S01011356,Solid fuel (for example wood coal) central heating,33,5,28,29,1,28,4,4,0,0,0,0
S01011356,Other central heating,56,11,45,47,2,45,4,4,0,5,5,0
S01011356,Two or more types of central heating,33,8,25,26,3,23,5,3,2,2,2,0
S01011357,All people in households,852,213,639,647,40,607,119,90,29,86,83,3
S01011357,No central heating,2,2,0,0,0,0,1,1,0,1,1,0
S01011357,Gas central heating,802,193,609,619,39,580,106,80,26,77,74,3
S01011357,Electric (including storage heaters) central heating,24,10,14,12,0,12,7,5,2,5,5,0
S01011357,Oil central heating,5,0,5,5,0,5,0,0,0,0,0,0
S01011357,Solid fuel (for example wood coal) central heating,0,0,0,0,0,0,0,0,0,0,0,0
S01011357,Other central heating,2,0,2,2,0,2,0,0,0,0,0,0
S01011357,Two or more types of central heating,17,8,9,9,1,8,5,4,1,3,3,0
S01011358,All people in households,547,68,479,484,20,464,45,30,15,18,18,0
S01011358,No central heating,2,0,2,2,0,2,0,0,0,0,0,0
S01011358,Gas central heating,537,67,470,474,19,455,45,30,15,18,18,0
S01011358,Electric (including storage heaters) central heating,8,1,7,8,1,7,0,0,0,0,0,0
S01011358,Oil central heating,0,0,0,0,0,0,0,0,0,0,0,0
S01011358,Solid fuel (for example wood coal) central heating,0,0,0,0,0,0,0,0,0,0,0,0
S01011358,Other central heating,0,0,0,0,0,0,0,0,0,0,0,0
S01011358,Two or more types of central heating,0,0,0,0,0,0,0,0,0,0,0,0
S01011359,All people in households,737,243,494,511,50,461,131,99,32,95,94,1
S01011359,No central heating,4,2,2,2,0,2,1,1,0,1,1,0
S01011359,Gas central heating,688,228,460,479,47,432,120,93,27,89,88,1
S01011359,Electric (including storage heaters) central heating,5,1,4,3,0,3,2,1,1,0,0,0
S01011359,Oil central heating,12,3,9,9,1,8,2,1,1,1,1,0
S01011359,Solid fuel (for example wood coal) central heating,0,0,0,0,0,0,0,0,0,0,0,0
S01011359,Other central heating,2,2,0,0,0,0,1,1,0,1,1,0
S01011359,Two or more types of central heating,26,7,19,18,2,16,5,2,3,3,3,0
S01011360,All people in households,756,125,631,612,33,579,87,37,50,57,55,2
S01011360,No central heating,4,1,3,3,1,2,1,0,1,0,0,0
S01011360,Gas central heating,469,83,386,378,19,359,54,27,27,37,37,0
S01011360,Electric (including storage heaters) central heating,248,33,215,204,10,194,25,6,19,19,17,2
S01011360,Oil central heating,7,0,7,7,0,7,0,0,0,0,0,0
S01011360,Solid fuel (for example wood coal) central heating,0,0,0,0,0,0,0,0,0,0,0,0
S01011360,Other central heating,1,1,0,0,0,0,1,1,0,0,0,0
S01011360,Two or more types of central heating,27,7,20,20,3,17,6,3,3,1,1,0
S01011361,All people in households,537,150,387,366,26,340,121,75,46,50,49,1
S01011361,No central heating,3,1,2,2,0,2,1,1,0,0,0,0
S01011361,Gas central heating,329,71,258,252,18,234,59,35,24,18,18,0
S01011361,Electric (including storage heaters) central heating,180,76,104,90,7,83,59,39,20,31,30,1
S01011361,Oil central heating,2,1,1,2,1,1,0,0,0,0,0,0
S01011361,Solid fuel (for example wood coal) central heating,0,0,0,0,0,0,0,0,0,0,0,0
S01011361,Other central heating,1,0,1,1,0,1,0,0,0,0,0,0
S01011361,Two or more types of central heating,22,1,21,19,0,19,2,0,2,1,1,0
S01011362,All people in households,555,68,487,496,25,471,42,26,16,17,17,0
S01011362,No central heating,7,1,6,7,1,6,0,0,0,0,0,0
S01011362,Gas central heating,425,43,382,388,21,367,26,11,15,11,11,0
S01011362,Electric (including storage heaters) central heating,24,4,20,20,0,20,4,4,0,0,0,0
S01011362,Oil central heating,73,13,60,61,2,59,7,6,1,5,5,0
S01011362,Solid fuel (for example wood coal) central heating,3,3,0,0,0,0,3,3,0,0,0,0
S01011362,Other central heating,14,4,10,11,1,10,2,2,0,1,1,0
S01011362,Two or more types of central heating,9,0,9,9,0,9,0,0,0,0,0,0
S01011363,All people in households,870,234,636,647,53,594,133,93,40,90,88,2
S01011363,No central heating,2,0,2,2,0,2,0,0,0,0,0,0
S01011363,Gas central heating,766,195,571,578,42,536,112,79,33,76,74,2
S01011363,Electric (including storage heaters) central heating,83,30,53,56,8,48,17,12,5,10,10,0
S01011363,Oil central heating,0,0,0,0,0,0,0,0,0,0,0,0
S01011363,Solid fuel (for example wood coal) central heating,1,0,1,1,0,1,0,0,0,0,0,0
S01011363,Other central heating,4,2,2,2,0,2,0,0,0,2,2,0
S01011363,Two or more types of central heating,14,7,7,8,3,5,4,2,2,2,2,0
S01011364,All people in households,659,115,544,548,30,518,68,43,25,43,42,1
S01011364,No central heating,5,0,5,5,0,5,0,0,0,0,0,0
S01011364,Gas central heating,523,86,437,436,20,416,56,36,20,31,30,1
S01011364,Electric (including storage heaters) central heating,110,27,83,87,9,78,11,6,5,12,12,0
S01011364,Oil central heating,7,0,7,7,0,7,0,0,0,0,0,0
S01011364,Solid fuel (for example wood coal) central heating,2,1,1,2,1,1,0,0,0,0,0,0
S01011364,Other central heating,0,0,0,0,0,0,0,0,0,0,0,0
S01011364,Two or more types of central heating,12,1,11,11,0,11,1,1,0,0,0,0
S01011365,All people in households,648,63,585,587,26,561,44,20,24,17,17,0
S01011365,No central heating,4,1,3,3,0,3,0,0,0,1,1,0
S01011365,Gas central heating,624,58,566,572,25,547,37,18,19,15,15,0
S01011365,Electric (including storage heaters) central heating,7,0,7,2,0,2,5,0,5,0,0,0
S01011365,Oil central heating,0,0,0,0,0,0,0,0,0,0,0,0
S01011365,Solid fuel (for example wood coal) central heating,0,0,0,0,0,0,0,0,0,0,0,0
S01011365,Other central heating,0,0,0,0,0,0,0,0,0,0,0,0
S01011365,Two or more types of central heating,13,4,9,10,1,9,2,2,0,1,1,0
S01011366,All people in households,433,140,293,305,38,267,85,61,24,43,41,2
S01011366,No central heating,1,1,0,0,0,0,1,1,0,0,0,0
S01011366,Gas central heating,408,131,277,286,35,251,81,57,24,41,39,2
S01011366,Electric (including storage heaters) central heating,11,6,5,7,2,5,2,2,0,2,2,0
S01011366,Oil central heating,0,0,0,0,0,0,0,0,0,0,0,0
S01011366,Solid fuel (for example wood coal) central heating,2,0,2,2,0,2,0,0,0,0,0,0
S01011366,Other central heating,0,0,0,0,0,0,0,0,0,0,0,0
S01011366,Two or more types of central heating,11,2,9,10,1,9,1,1,0,0,0,0
S01011367,All people in households,840,211,629,639,44,595,113,81,32,88,86,2
S01011367,No central heating,4,0,4,2,0,2,2,0,2,0,0,0
S01011367,Gas central heating,755,186,569,578,40,538,100,71,29,77,75,2
S01011367,Electric (including storage heaters) central heating,51,15,36,37,2,35,10,9,1,4,4,0
S01011367,Oil central heating,0,0,0,0,0,0,0,0,0,0,0,0
S01011367,Solid fuel (for example wood coal) central heating,0,0,0,0,0,0,0,0,0,0,0,0
S01011367,Other central heating,3,3,0,1,1,0,0,0,0,2,2,0
S01011367,Two or more types of central heating,27,7,20,21,1,20,1,1,0,5,5,0
S01011368,All people in households,843,52,791,797,22,775,33,18,15,13,12,1
S01011368,No central heating,3,0,3,3,0,3,0,0,0,0,0,0
S01011368,Gas central heating,811,47,764,771,22,749,30,16,14,10,9,1
S01011368,Electric (including storage heaters) central heating,15,4,11,10,0,10,2,1,1,3,3,0
S01011368,Oil central heating,0,0,0,0,0,0,0,0,0,0,0,0
S01011368,Solid fuel (for example wood coal) central heating,0,0,0,0,0,0,0,0,0,0,0,0
S01011368,Other central heating,0,0,0,0,0,0,0,0,0,0,0,0
S01011368,Two or more types of central heating,14,1,13,13,0,13,1,1,0,0,0,0
S01011369,All people in households,811,179,632,621,43,578,133,80,53,57,56,1
S01011369,No central heating,4,1,3,3,0,3,1,1,0,0,0,0
S01011369,Gas central heating,657,140,517,522,39,483,94,61,33,41,40,1
S01011369,Electric (including storage heaters) central heating,131,36,95,80,4,76,36,17,19,15,15,0
S01011369,Oil central heating,0,0,0,0,0,0,0,0,0,0,0,0
S01011369,Solid fuel (for example wood coal) central heating,0,0,0,0,0,0,0,0,0,0,0,0
S01011369,Other central heating,0,0,0,0,0,0,0,0,0,0,0,0
S01011369,Two or more types of central heating,19,2,17,16,0,16,2,1,1,1,1,0
S01011370,All people in households,811,100,711,715,29,686,66,42,24,30,29,1
S01011370,No central heating,0,0,0,0,0,0,0,0,0,0,0,0
S01011370,Gas central heating,726,94,632,638,28,610,60,39,21,28,27,1
S01011370,Electric (including storage heaters) central heating,69,5,64,61,0,61,6,3,3,2,2,0
S01011370,Oil central heating,0,0,0,0,0,0,0,0,0,0,0,0
S01011370,Solid fuel (for example wood coal) central heating,3,0,3,3,0,3,0,0,0,0,0,0
S01011370,Other central heating,0,0,0,0,0,0,0,0,0,0,0,0
S01011370,Two or more types of central heating,13,1,12,13,1,12,0,0,0,0,0,0
S01011371,All people in households,925,216,709,712,49,663,146,100,46,67,67,0
S01011371,No central heating,3,0,3,3,0,3,0,0,0,0,0,0
S01011371,Gas central heating,478,89,389,400,27,373,51,35,16,27,27,0
S01011371,Electric (including storage heaters) central heating,422,124,298,293,20,273,89,64,25,40,40,0
S01011371,Oil central heating,0,0,0,0,0,0,0,0,0,0,0,0
S01011371,Solid fuel (for example wood coal) central heating,0,0,0,0,0,0,0,0,0,0,0,0
S01011371,Other central heating,4,0,4,4,0,4,0,0,0,0,0,0
S01011371,Two or more types of central heating,18,3,15,12,2,10,6,1,5,0,0,0
S01011372,All people in households,667,176,491,494,46,448,117,75,42,56,55,1
S01011372,No central heating,8,2,6,6,1,5,2,1,1,0,0,0
S01011372,Gas central heating,230,54,176,177,16,161,37,22,15,16,16,0
S01011372,Electric (including storage heaters) central heating,401,109,292,292,26,266,73,48,25,36,35,1
S01011372,Oil central heating,0,0,0,0,0,0,0,0,0,0,0,0
S01011372,Solid fuel (for example wood coal) central heating,0,0,0,0,0,0,0,0,0,0,0,0
S01011372,Other central heating,0,0,0,0,0,0,0,0,0,0,0,0
S01011372,Two or more types of central heating,28,11,17,19,3,16,5,4,1,4,4,0
S01011373,All people in households,674,148,526,523,30,493,97,65,32,54,53,1
S01011373,No central heating,4,0,4,4,0,4,0,0,0,0,0,0
S01011373,Gas central heating,593,124,469,462,23,439,84,55,29,47,46,1
S01011373,Electric (including storage heaters) central heating,53,17,36,39,6,33,11,8,3,3,3,0
S01011373,Oil central heating,0,0,0,0,0,0,0,0,0,0,0,0
S01011373,Solid fuel (for example wood coal) central heating,0,0,0,0,0,0,0,0,0,0,0,0
S01011373,Other central heating,0,0,0,0,0,0,0,0,0,0,0,0
S01011373,Two or more types of central heating,24,7,17,18,1,17,2,2,0,4,4,0
S01011374,All people in households,694,82,612,620,29,591,50,30,20,24,23,1
S01011374,No central heating,0,0,0,0,0,0,0,0,0,0,0,0
S01011374,Gas central heating,658,77,581,589,27,562,46,28,18,23,22,1
S01011374,Electric (including storage heaters) central heating,15,4,11,12,2,10,2,1,1,1,1,0
S01011374,Oil central heating,0,0,0,0,0,0,0,0,0,0,0,0
S01011374,Solid fuel (for example wood coal) central heating,0,0,0,0,0,0,0,0,0,0,0,0
S01011374,Other central heating,3,0,3,3,0,3,0,0,0,0,0,0
S01011374,Two or more types of central heating,18,1,17,16,0,16,2,1,1,0,0,0
S01011375,All people in households,645,114,531,536,37,499,77,45,32,32,32,0
S01011375,No central heating,7,0,7,5,0,5,2,0,2,0,0,0
S01011375,Gas central heating,419,62,357,366,24,342,41,26,15,12,12,0
S01011375,Electric (including storage heaters) central heating,204,48,156,154,12,142,31,17,14,19,19,0
S01011375,Oil central heating,4,0,4,4,0,4,0,0,0,0,0,0
S01011375,Solid fuel (for example wood coal) central heating,0,0,0,0,0,0,0,0,0,0,0,0
S01011375,Other central heating,2,1,1,0,0,0,2,1,1,0,0,0
S01011375,Two or more types of central heating,9,3,6,7,1,6,1,1,0,1,1,0
S01011376,All people in households,475,162,313,321,35,286,105,78,27,49,49,0
S01011376,No central heating,5,1,4,4,0,4,1,1,0,0,0,0
S01011376,Gas central heating,422,149,273,275,28,247,102,76,26,45,45,0
S01011376,Electric (including storage heaters) central heating,36,6,30,35,5,30,0,0,0,1,1,0
S01011376,Oil central heating,1,1,0,0,0,0,0,0,0,1,1,0
S01011376,Solid fuel (for example wood coal) central heating,0,0,0,0,0,0,0,0,0,0,0,0
S01011376,Other central heating,0,0,0,0,0,0,0,0,0,0,0,0
S01011376,Two or more types of central heating,11,5,6,7,2,5,2,1,1,2,2,0
S01011377,All people in households,594,93,501,518,30,488,53,40,13,23,23,0
S01011377,No central heating,0,0,0,0,0,0,0,0,0,0,0,0
S01011377,Gas central heating,536,79,457,471,25,446,43,32,11,22,22,0
S01011377,Electric (including storage heaters) central heating,54,13,41,44,5,39,9,7,2,1,1,0
S01011377,Oil central heating,1,1,0,0,0,0,1,1,0,0,0,0
S01011377,Solid fuel (for example wood coal) central heating,0,0,0,0,0,0,0,0,0,0,0,0
S01011377,Other central heating,0,0,0,0,0,0,0,0,0,0,0,0
S01011377,Two or more types of central heating,3,0,3,3,0,3,0,0,0,0,0,0
S01011378,All people in households,793,184,609,610,40,570,151,112,39,32,32,0
S01011378,No central heating,0,0,0,0,0,0,0,0,0,0,0,0
S01011378,Gas central heating,750,173,577,582,39,543,140,106,34,28,28,0
S01011378,Electric (including storage heaters) central heating,31,8,23,20,0,20,8,5,3,3,3,0
S01011378,Oil central heating,3,1,2,3,1,2,0,0,0,0,0,0
S01011378,Solid fuel (for example wood coal) central heating,3,0,3,3,0,3,0,0,0,0,0,0
S01011378,Other central heating,2,1,1,0,0,0,2,1,1,0,0,0
S01011378,Two or more types of central heating,4,1,3,2,0,2,1,0,1,1,1,0
S01011379,All people in households,902,121,781,811,49,762,59,41,18,32,31,1
S01011379,No central heating,3,0,3,3,0,3,0,0,0,0,0,0
S01011379,Gas central heating,876,113,763,791,46,745,53,36,17,32,31,1
S01011379,Electric (including storage heaters) central heating,15,6,9,12,3,9,3,3,0,0,0,0
S01011379,Oil central heating,0,0,0,0,0,0,0,0,0,0,0,0
S01011379,Solid fuel (for example wood coal) central heating,0,0,0,0,0,0,0,0,0,0,0,0
S01011379,Other central heating,0,0,0,0,0,0,0,0,0,0,0,0
S01011379,Two or more types of central heating,8,2,6,5,0,5,3,2,1,0,0,0
S01011380,All people in households,665,149,516,530,39,491,99,76,23,36,34,2
S01011380,No central heating,4,3,1,1,0,1,2,2,0,1,1,0
S01011380,Gas central heating,610,130,480,494,35,459,84,65,19,32,30,2
S01011380,Electric (including storage heaters) central heating,30,12,18,17,2,15,10,7,3,3,3,0
S01011380,Oil central heating,0,0,0,0,0,0,0,0,0,0,0,0
S01011380,Solid fuel (for example wood coal) central heating,0,0,0,0,0,0,0,0,0,0,0,0
S01011380,Other central heating,8,1,7,8,1,7,0,0,0,0,0,0
S01011380,Two or more types of central heating,13,3,10,10,1,9,3,2,1,0,0,0
S01011381,All people in households,617,137,480,497,40,457,84,63,21,36,34,2
S01011381,No central heating,0,0,0,0,0,0,0,0,0,0,0,0
S01011381,Gas central heating,506,109,397,411,33,378,65,47,18,30,29,1
S01011381,Electric (including storage heaters) central heating,97,20,77,79,5,74,16,13,3,2,2,0
S01011381,Oil central heating,2,0,2,2,0,2,0,0,0,0,0,0
S01011381,Solid fuel (for example wood coal) central heating,1,0,1,0,0,0,0,0,0,1,0,1
S01011381,Other central heating,0,0,0,0,0,0,0,0,0,0,0,0
S01011381,Two or more types of central heating,11,8,3,5,2,3,3,3,0,3,3,0
S01011382,All people in households,531,115,416,414,19,395,62,41,21,55,55,0
S01011382,No central heating,0,0,0,0,0,0,0,0,0,0,0,0
S01011382,Gas central heating,496,106,390,388,18,370,55,35,20,53,53,0
S01011382,Electric (including storage heaters) central heating,17,4,13,12,0,12,5,4,1,0,0,0
S01011382,Oil central heating,0,0,0,0,0,0,0,0,0,0,0,0
S01011382,Solid fuel (for example wood coal) central heating,0,0,0,0,0,0,0,0,0,0,0,0
S01011382,Other central heating,5,1,4,4,0,4,0,0,0,1,1,0
S01011382,Two or more types of central heating,13,4,9,10,1,9,2,2,0,1,1,0
S01011383,All people in households,686,265,421,433,50,383,132,94,38,121,121,0
S01011383,No central heating,4,3,1,0,0,0,2,1,1,2,2,0
S01011383,Gas central heating,611,220,391,402,43,359,109,77,32,100,100,0
S01011383,Electric (including storage heaters) central heating,45,25,20,19,3,16,12,8,4,14,14,0
S01011383,Oil central heating,0,0,0,0,0,0,0,0,0,0,0,0
S01011383,Solid fuel (for example wood coal) central heating,1,1,0,0,0,0,1,1,0,0,0,0
S01011383,Other central heating,1,1,0,0,0,0,1,1,0,0,0,0
S01011383,Two or more types of central heating,24,15,9,12,4,8,7,6,1,5,5,0
S01011384,All people in households,734,177,557,547,28,519,118,81,37,69,68,1
S01011384,No central heating,2,1,1,1,0,1,0,0,0,1,1,0
S01011384,Gas central heating,679,153,526,514,24,490,108,73,35,57,56,1
S01011384,Electric (including storage heaters) central heating,14,8,6,6,1,5,3,2,1,5,5,0
S01011384,Oil central heating,1,0,1,1,0,1,0,0,0,0,0,0
S01011384,Solid fuel (for example wood coal) central heating,0,0,0,0,0,0,0,0,0,0,0,0
S01011384,Other central heating,0,0,0,0,0,0,0,0,0,0,0,0
S01011384,Two or more types of central heating,38,15,23,25,3,22,7,6,1,6,6,0
S01011385,All people in households,957,257,700,689,49,640,162,103,59,106,105,1
S01011385,No central heating,7,1,6,5,0,5,2,1,1,0,0,0
S01011385,Gas central heating,885,236,649,643,45,598,146,95,51,96,96,0
S01011385,Electric (including storage heaters) central heating,26,9,17,16,3,13,8,4,4,2,2,0
S01011385,Oil central heating,1,1,0,0,0,0,0,0,0,1,1,0
S01011385,Solid fuel (for example wood coal) central heating,1,1,0,0,0,0,0,0,0,1,1,0
S01011385,Other central heating,4,1,3,3,0,3,1,1,0,0,0,0
S01011385,Two or more types of central heating,33,8,25,22,1,21,5,2,3,6,5,1
S01011386,All people in households,588,107,481,474,20,454,72,45,27,42,42,0
S01011386,No central heating,3,0,3,2,0,2,1,0,1,0,0,0
S01011386,Gas central heating,535,97,438,434,19,415,64,41,23,37,37,0
S01011386,Electric (including storage heaters) central heating,11,2,9,7,0,7,2,0,2,2,2,0
S01011386,Oil central heating,0,0,0,0,0,0,0,0,0,0,0,0
S01011386,Solid fuel (for example wood coal) central heating,3,0,3,3,0,3,0,0,0,0,0,0
S01011386,Other central heating,0,0,0,0,0,0,0,0,0,0,0,0
S01011386,Two or more types of central heating,36,8,28,28,1,27,5,4,1,3,3,0
S01011387,All people in households,810,227,583,607,50,557,124,98,26,79,79,0
S01011387,No central heating,11,0,11,10,0,10,1,0,1,0,0,0
S01011387,Gas central heating,703,194,509,535,45,490,100,81,19,68,68,0
S01011387,Electric (including storage heaters) central heating,71,27,44,44,5,39,20,15,5,7,7,0
S01011387,Oil central heating,0,0,0,0,0,0,0,0,0,0,0,0
S01011387,Solid fuel (for example wood coal) central heating,0,0,0,0,0,0,0,0,0,0,0,0
S01011387,Other central heating,0,0,0,0,0,0,0,0,0,0,0,0
S01011387,Two or more types of central heating,25,6,19,18,0,18,3,2,1,4,4,0
S01011388,All people in households,1083,133,950,946,41,905,96,52,44,41,40,1
S01011388,No central heating,2,0,2,2,0,2,0,0,0,0,0,0
S01011388,Gas central heating,1032,126,906,904,41,863,94,52,42,34,33,1
S01011388,Electric (including storage heaters) central heating,29,5,24,23,0,23,1,0,1,5,5,0
S01011388,Oil central heating,2,1,1,0,0,0,1,0,1,1,1,0
S01011388,Solid fuel (for example wood coal) central heating,0,0,0,0,0,0,0,0,0,0,0,0
S01011388,Other central heating,2,0,2,2,0,2,0,0,0,0,0,0
S01011388,Two or more types of central heating,16,1,15,15,0,15,0,0,0,1,1,0
S01011389,All people in households,761,206,555,548,49,499,152,97,55,61,60,1
S01011389,No central heating,5,2,3,3,0,3,2,2,0,0,0,0
S01011389,Gas central heating,526,152,374,367,35,332,111,70,41,48,47,1
S01011389,Electric (including storage heaters) central heating,200,50,150,156,13,143,31,24,7,13,13,0
S01011389,Oil central heating,4,0,4,4,0,4,0,0,0,0,0,0
S01011389,Solid fuel (for example wood coal) central heating,0,0,0,0,0,0,0,0,0,0,0,0
S01011389,Other central heating,0,0,0,0,0,0,0,0,0,0,0,0
S01011389,Two or more types of central heating,26,2,24,18,1,17,8,1,7,0,0,0
S01011390,All people in households,815,212,603,612,52,560,122,80,42,81,80,1
S01011390,No central heating,0,0,0,0,0,0,0,0,0,0,0,0
S01011390,Gas central heating,773,203,570,580,50,530,116,77,39,77,76,1
S01011390,Electric (including storage heaters) central heating,14,8,6,7,2,5,4,3,1,3,3,0
S01011390,Oil central heating,10,0,10,10,0,10,0,0,0,0,0,0
S01011390,Solid fuel (for example wood coal) central heating,0,0,0,0,0,0,0,0,0,0,0,0
S01011390,Other central heating,0,0,0,0,0,0,0,0,0,0,0,0
S01011390,Two or more types of central heating,18,1,17,15,0,15,2,0,2,1,1,0
S01011391,All people in households,645,146,499,501,36,465,105,73,32,39,37,2
S01011391,No central heating,10,3,7,6,0,6,2,1,1,2,2,0
S01011391,Gas central heating,602,129,473,473,31,442,94,65,29,35,33,2
S01011391,Electric (including storage heaters) central heating,2,2,0,1,1,0,0,0,0,1,1,0
S01011391,Oil central heating,0,0,0,0,0,0,0,0,0,0,0,0
S01011391,Solid fuel (for example wood coal) central heating,4,1,3,1,0,1,3,1,2,0,0,0
S01011391,Other central heating,6,2,4,4,0,4,2,2,0,0,0,0
S01011391,Two or more types of central heating,21,9,12,16,4,12,4,4,0,1,1,0
S01011392,All people in households,680,139,541,538,36,502,99,61,38,43,42,1
S01011392,No central heating,1,0,1,1,0,1,0,0,0,0,0,0
S01011392,Gas central heating,633,133,500,495,33,462,97,60,37,41,40,1
S01011392,Electric (including storage heaters) central heating,18,1,17,17,0,17,1,1,0,0,0,0
S01011392,Oil central heating,2,1,1,1,0,1,0,0,0,1,1,0
S01011392,Solid fuel (for example wood coal) central heating,3,0,3,3,0,3,0,0,0,0,0,0
S01011392,Other central heating,6,1,5,6,1,5,0,0,0,0,0,0
S01011392,Two or more types of central heating,17,3,14,15,2,13,1,0,1,1,1,0
S01011393,All people in households,823,215,608,628,64,564,133,91,42,62,60,2
S01011393,No central heating,9,2,7,9,2,7,0,0,0,0,0,0
S01011393,Gas central heating,752,200,552,570,59,511,121,82,39,61,59,2
S01011393,Electric (including storage heaters) central heating,19,7,12,14,2,12,5,5,0,0,0,0
S01011393,Oil central heating,21,1,20,19,0,19,1,0,1,1,1,0
S01011393,Solid fuel (for example wood coal) central heating,0,0,0,0,0,0,0,0,0,0,0,0
S01011393,Other central heating,5,2,3,3,0,3,2,2,0,0,0,0
S01011393,Two or more types of central heating,17,3,14,13,1,12,4,2,2,0,0,0
S01011394,All people in households,613,64,549,556,21,535,43,29,14,14,14,0
S01011394,No central heating,6,1,5,4,0,4,2,1,1,0,0,0
S01011394,Gas central heating,586,55,531,540,21,519,34,22,12,12,12,0
S01011394,Electric (including storage heaters) central heating,8,6,2,1,0,1,6,5,1,1,1,0
S01011394,Oil central heating,2,2,0,0,0,0,1,1,0,1,1,0
S01011394,Solid fuel (for example wood coal) central heating,0,0,0,0,0,0,0,0,0,0,0,0
S01011394,Other central heating,0,0,0,0,0,0,0,0,0,0,0,0
S01011394,Two or more types of central heating,11,0,11,11,0,11,0,0,0,0,0,0
S01011395,All people in households,737,240,497,519,57,462,133,98,35,85,85,0
S01011395,No central heating,8,1,7,6,0,6,1,0,1,1,1,0
S01011395,Gas central heating,632,188,444,462,48,414,105,75,30,65,65,0
S01011395,Electric (including storage heaters) central heating,58,31,27,34,7,27,11,11,0,13,13,0
S01011395,Oil central heating,2,0,2,2,0,2,0,0,0,0,0,0
S01011395,Solid fuel (for example wood coal) central heating,0,0,0,0,0,0,0,0,0,0,0,0
S01011395,Other central heating,0,0,0,0,0,0,0,0,0,0,0,0
S01011395,Two or more types of central heating,37,20,17,15,2,13,16,12,4,6,6,0
S01011396,All people in households,762,235,527,542,51,491,140,106,34,80,78,2
S01011396,No central heating,5,2,3,3,0,3,0,0,0,2,2,0
S01011396,Gas central heating,655,196,459,475,44,431,115,89,26,65,63,2
S01011396,Electric (including storage heaters) central heating,56,21,35,32,3,29,16,10,6,8,8,0
S01011396,Oil central heating,6,1,5,5,1,4,1,0,1,0,0,0
S01011396,Solid fuel (for example wood coal) central heating,2,0,2,2,0,2,0,0,0,0,0,0
S01011396,Other central heating,1,1,0,0,0,0,1,1,0,0,0,0
S01011396,Two or more types of central heating,37,14,23,25,3,22,7,6,1,5,5,0
S01011397,All people in households,736,169,567,559,35,524,120,81,39,57,53,4
S01011397,No central heating,0,0,0,0,0,0,0,0,0,0,0,0
S01011397,Gas central heating,663,150,513,508,32,476,102,69,33,53,49,4
S01011397,Electric (including storage heaters) central heating,27,11,16,13,2,11,14,9,5,0,0,0
S01011397,Oil central heating,3,1,2,2,0,2,1,1,0,0,0,0
S01011397,Solid fuel (for example wood coal) central heating,2,1,1,1,0,1,0,0,0,1,1,0
S01011397,Other central heating,2,1,1,1,0,1,0,0,0,1,1,0
S01011397,Two or more types of central heating,39,5,34,34,1,33,3,2,1,2,2,0
S01011398,All people in households,775,209,566,584,49,535,101,73,28,90,87,3
S01011398,No central heating,0,0,0,0,0,0,0,0,0,0,0,0
S01011398,Gas central heating,733,190,543,557,43,514,94,67,27,82,80,2
S01011398,Electric (including storage heaters) central heating,19,15,4,8,5,3,6,6,0,5,4,1
S01011398,Oil central heating,4,1,3,3,1,2,1,0,1,0,0,0
S01011398,Solid fuel (for example wood coal) central heating,0,0,0,0,0,0,0,0,0,0,0,0
S01011398,Other central heating,0,0,0,0,0,0,0,0,0,0,0,0
S01011398,Two or more types of central heating,19,3,16,16,0,16,0,0,0,3,3,0
S01011399,All people in households,508,123,385,375,21,354,85,55,30,48,47,1
S01011399,No central heating,1,0,1,1,0,1,0,0,0,0,0,0
S01011399,Gas central heating,489,120,369,361,21,340,81,53,28,47,46,1
S01011399,Electric (including storage heaters) central heating,6,2,4,4,0,4,2,2,0,0,0,0
S01011399,Oil central heating,0,0,0,0,0,0,0,0,0,0,0,0
S01011399,Solid fuel (for example wood coal) central heating,1,0,1,1,0,1,0,0,0,0,0,0
S01011399,Other central heating,1,0,1,0,0,0,1,0,1,0,0,0
S01011399,Two or more types of central heating,10,1,9,8,0,8,1,0,1,1,1,0
S01011400,All people in households,668,145,523,522,35,487,95,60,35,51,50,1
S01011400,No central heating,8,1,7,7,0,7,0,0,0,1,1,0
S01011400,Gas central heating,648,141,507,505,34,471,95,60,35,48,47,1
S01011400,Electric (including storage heaters) central heating,4,0,4,4,0,4,0,0,0,0,0,0
S01011400,Oil central heating,0,0,0,0,0,0,0,0,0,0,0,0
S01011400,Solid fuel (for example wood coal) central heating,1,1,0,1,1,0,0,0,0,0,0,0
S01011400,Other central heating,0,0,0,0,0,0,0,0,0,0,0,0
S01011400,Two or more types of central heating,7,2,5,5,0,5,0,0,0,2,2,0
S01011401,All people in households,614,150,464,479,41,438,89,63,26,46,46,0
S01011401,No central heating,1,0,1,1,0,1,0,0,0,0,0,0
S01011401,Gas central heating,589,141,448,461,39,422,85,59,26,43,43,0
S01011401,Electric (including storage heaters) central heating,4,3,1,1,0,1,1,1,0,2,2,0
S01011401,Oil central heating,0,0,0,0,0,0,0,0,0,0,0,0
S01011401,Solid fuel (for example wood coal) central heating,0,0,0,0,0,0,0,0,0,0,0,0
S01011401,Other central heating,0,0,0,0,0,0,0,0,0,0,0,0
S01011401,Two or more types of central heating,20,6,14,16,2,14,3,3,0,1,1,0
S01011402,All people in households,954,291,663,699,73,626,177,140,37,78,78,0
S01011402,No central heating,2,1,1,0,0,0,1,0,1,1,1,0
S01011402,Gas central heating,889,265,624,654,65,589,164,129,35,71,71,0
S01011402,Electric (including storage heaters) central heating,34,14,20,26,6,20,5,5,0,3,3,0
S01011402,Oil central heating,0,0,0,0,0,0,0,0,0,0,0,0
S01011402,Solid fuel (for example wood coal) central heating,0,0,0,0,0,0,0,0,0,0,0,0
S01011402,Other central heating,5,3,2,2,0,2,2,2,0,1,1,0
S01011402,Two or more types of central heating,24,8,16,17,2,15,5,4,1,2,2,0
S01011403,All people in households,534,94,440,426,18,408,67,38,29,41,38,3
S01011403,No central heating,4,0,4,4,0,4,0,0,0,0,0,0
S01011403,Gas central heating,503,87,416,406,17,389,60,35,25,37,35,2
S01011403,Electric (including storage heaters) central heating,4,2,2,3,1,2,0,0,0,1,1,0
S01011403,Oil central heating,4,2,2,2,0,2,2,2,0,0,0,0
S01011403,Solid fuel (for example wood coal) central heating,0,0,0,0,0,0,0,0,0,0,0,0
S01011403,Other central heating,0,0,0,0,0,0,0,0,0,0,0,0
S01011403,Two or more types of central heating,19,3,16,11,0,11,5,1,4,3,2,1
S01011404,All people in households,924,254,670,666,47,619,155,108,47,103,99,4
S01011404,No central heating,0,0,0,0,0,0,0,0,0,0,0,0
S01011404,Gas central heating,889,246,643,640,42,598,148,106,42,101,98,3
S01011404,Electric (including storage heaters) central heating,10,3,7,6,1,5,3,1,2,1,1,0
S01011404,Oil central heating,1,0,1,0,0,0,0,0,0,1,0,1
S01011404,Solid fuel (for example wood coal) central heating,0,0,0,0,0,0,0,0,0,0,0,0
S01011404,Other central heating,3,1,2,1,1,0,2,0,2,0,0,0
S01011404,Two or more types of central heating,21,4,17,19,3,16,2,1,1,0,0,0
S01011405,All people in households,635,132,503,505,31,474,89,62,27,41,39,2
S01011405,No central heating,5,1,4,4,0,4,1,1,0,0,0,0
S01011405,Gas central heating,581,115,466,468,26,442,76,54,22,37,35,2
S01011405,Electric (including storage heaters) central heating,28,8,20,20,3,17,5,2,3,3,3,0
S01011405,Oil central heating,3,3,0,1,1,0,2,2,0,0,0,0
S01011405,Solid fuel (for example wood coal) central heating,2,0,2,2,0,2,0,0,0,0,0,0
S01011405,Other central heating,1,1,0,0,0,0,1,1,0,0,0,0
S01011405,Two or more types of central heating,15,4,11,10,1,9,4,2,2,1,1,0
S01011406,All people in households,643,148,495,496,35,461,106,74,32,41,39,2
S01011406,No central heating,4,0,4,3,0,3,1,0,1,0,0,0
S01011406,Gas central heating,627,146,481,482,34,448,104,73,31,41,39,2
S01011406,Electric (including storage heaters) central heating,9,2,7,8,1,7,1,1,0,0,0,0
S01011406,Oil central heating,0,0,0,0,0,0,0,0,0,0,0,0
S01011406,Solid fuel (for example wood coal) central heating,0,0,0,0,0,0,0,0,0,0,0,0
S01011406,Other central heating,0,0,0,0,0,0,0,0,0,0,0,0
S01011406,Two or more types of central heating,3,0,3,3,0,3,0,0,0,0,0,0
S01011407,All people in households,1105,250,855,874,66,808,164,118,46,67,66,1
S01011407,No central heating,20,4,16,15,1,14,3,1,2,2,2,0
S01011407,Gas central heating,920,215,705,718,52,666,143,105,38,59,58,1
S01011407,Electric (including storage heaters) central heating,140,29,111,118,12,106,17,12,5,5,5,0
S01011407,Oil central heating,0,0,0,0,0,0,0,0,0,0,0,0
S01011407,Solid fuel (for example wood coal) central heating,2,0,2,2,0,2,0,0,0,0,0,0
S01011407,Other central heating,4,0,4,4,0,4,0,0,0,0,0,0
S01011407,Two or more types of central heating,19,2,17,17,1,16,1,0,1,1,1,0
S01011408,All people in households,827,198,629,633,51,582,132,85,47,62,62,0
S01011408,No central heating,1,0,1,1,0,1,0,0,0,0,0,0
S01011408,Gas central heating,760,175,585,588,45,543,114,72,42,58,58,0
S01011408,Electric (including storage heaters) central heating,44,15,29,31,4,27,12,10,2,1,1,0
S01011408,Oil central heating,0,0,0,0,0,0,0,0,0,0,0,0
S01011408,Solid fuel (for example wood coal) central heating,1,0,1,0,0,0,1,0,1,0,0,0
S01011408,Other central heating,2,1,1,1,0,1,1,1,0,0,0,0
S01011408,Two or more types of central heating,19,7,12,12,2,10,4,2,2,3,3,0
S01011409,All people in households,839,201,638,645,50,595,115,75,40,79,76,3
S01011409,No central heating,21,6,15,16,1,15,3,3,0,2,2,0
S01011409,Gas central heating,752,182,570,575,46,529,105,67,38,72,69,3
S01011409,Electric (including storage heaters) central heating,25,8,17,17,1,16,5,4,1,3,3,0
S01011409,Oil central heating,0,0,0,0,0,0,0,0,0,0,0,0
S01011409,Solid fuel (for example wood coal) central heating,0,0,0,0,0,0,0,0,0,0,0,0
S01011409,Other central heating,13,1,12,12,0,12,0,0,0,1,1,0
S01011409,Two or more types of central heating,28,4,24,25,2,23,2,1,1,1,1,0
S01011410,All people in households,628,149,479,488,38,450,89,64,25,51,47,4
S01011410,No central heating,1,0,1,0,0,0,1,0,1,0,0,0
S01011410,Gas central heating,563,132,431,437,32,405,79,56,23,47,44,3
S01011410,Electric (including storage heaters) central heating,43,15,28,31,5,26,9,8,1,3,2,1
S01011410,Oil central heating,7,1,6,6,0,6,0,0,0,1,1,0
S01011410,Solid fuel (for example wood coal) central heating,0,0,0,0,0,0,0,0,0,0,0,0
S01011410,Other central heating,0,0,0,0,0,0,0,0,0,0,0,0
S01011410,Two or more types of central heating,14,1,13,14,1,13,0,0,0,0,0,0
S01011411,All people in households,678,145,533,532,34,498,106,73,33,40,38,2
S01011411,No central heating,3,2,1,1,0,1,2,2,0,0,0,0
S01011411,Gas central heating,644,135,509,511,32,479,94,66,28,39,37,2
S01011411,Electric (including storage heaters) central heating,19,4,15,13,2,11,5,1,4,1,1,0
S01011411,Oil central heating,0,0,0,0,0,0,0,0,0,0,0,0
S01011411,Solid fuel (for example wood coal) central heating,0,0,0,0,0,0,0,0,0,0,0,0
S01011411,Other central heating,2,1,1,1,0,1,1,1,0,0,0,0
S01011411,Two or more types of central heating,10,3,7,6,0,6,4,3,1,0,0,0
S01011412,All people in households,860,181,679,708,59,649,116,86,30,36,36,0
S01011412,No central heating,5,3,2,3,1,2,2,2,0,0,0,0
S01011412,Gas central heating,842,175,667,695,58,637,111,81,30,36,36,0
S01011412,Electric (including storage heaters) central heating,13,3,10,10,0,10,3,3,0,0,0,0
S01011412,Oil central heating,0,0,0,0,0,0,0,0,0,0,0,0
S01011412,Solid fuel (for example wood coal) central heating,0,0,0,0,0,0,0,0,0,0,0,0
S01011412,Other central heating,0,0,0,0,0,0,0,0,0,0,0,0
S01011412,Two or more types of central heating,0,0,0,0,0,0,0,0,0,0,0,0
S01011413,All people in households,560,56,504,502,20,482,48,27,21,10,9,1
S01011413,No central heating,5,1,4,4,0,4,1,1,0,0,0,0
S01011413,Gas central heating,525,53,472,472,19,453,43,25,18,10,9,1
S01011413,Electric (including storage heaters) central heating,20,2,18,19,1,18,1,1,0,0,0,0
S01011413,Oil central heating,0,0,0,0,0,0,0,0,0,0,0,0
S01011413,Solid fuel (for example wood coal) central heating,0,0,0,0,0,0,0,0,0,0,0,0
S01011413,Other central heating,0,0,0,0,0,0,0,0,0,0,0,0
S01011413,Two or more types of central heating,10,0,10,7,0,7,3,0,3,0,0,0
S01011414,All people in households,827,184,643,655,53,602,120,80,40,52,51,1
S01011414,No central heating,0,0,0,0,0,0,0,0,0,0,0,0
S01011414,Gas central heating,803,178,625,636,51,585,116,77,39,51,50,1
S01011414,Electric (including storage heaters) central heating,12,2,10,12,2,10,0,0,0,0,0,0
S01011414,Oil central heating,0,0,0,0,0,0,0,0,0,0,0,0
S01011414,Solid fuel (for example wood coal) central heating,0,0,0,0,0,0,0,0,0,0,0,0
S01011414,Other central heating,2,1,1,1,0,1,1,1,0,0,0,0
S01011414,Two or more types of central heating,10,3,7,6,0,6,3,2,1,1,1,0
S01011415,All people in households,866,176,690,689,43,646,118,77,41,59,56,3
S01011415,No central heating,2,0,2,1,0,1,0,0,0,1,0,1
S01011415,Gas central heating,820,169,651,657,42,615,110,75,35,53,52,1
S01011415,Electric (including storage heaters) central heating,34,5,29,24,0,24,7,2,5,3,3,0
S01011415,Oil central heating,0,0,0,0,0,0,0,0,0,0,0,0
S01011415,Solid fuel (for example wood coal) central heating,0,0,0,0,0,0,0,0,0,0,0,0
S01011415,Other central heating,2,1,1,1,0,1,0,0,0,1,1,0
S01011415,Two or more types of central heating,8,1,7,6,1,5,1,0,1,1,0,1
S01011416,All people in households,626,80,546,542,23,519,63,37,26,21,20,1
S01011416,No central heating,0,0,0,0,0,0,0,0,0,0,0,0
S01011416,Gas central heating,582,77,505,501,23,478,60,34,26,21,20,1
S01011416,Electric (including storage heaters) central heating,21,2,19,19,0,19,2,2,0,0,0,0
S01011416,Oil central heating,0,0,0,0,0,0,0,0,0,0,0,0
S01011416,Solid fuel (for example wood coal) central heating,0,0,0,0,0,0,0,0,0,0,0,0
S01011416,Other central heating,0,0,0,0,0,0,0,0,0,0,0,0
S01011416,Two or more types of central heating,23,1,22,22,0,22,1,1,0,0,0,0
S01011417,All people in households,818,232,586,604,60,544,143,103,40,71,69,2
S01011417,No central heating,3,0,3,2,0,2,1,0,1,0,0,0
S01011417,Gas central heating,769,214,555,572,57,515,129,91,38,68,66,2
S01011417,Electric (including storage heaters) central heating,17,9,8,10,2,8,5,5,0,2,2,0
S01011417,Oil central heating,5,2,3,4,1,3,1,1,0,0,0,0
S01011417,Solid fuel (for example wood coal) central heating,11,2,9,9,0,9,1,1,0,1,1,0
S01011417,Other central heating,0,0,0,0,0,0,0,0,0,0,0,0
S01011417,Two or more types of central heating,13,5,8,7,0,7,6,5,1,0,0,0
S01011418,All people in households,552,174,378,388,33,355,93,71,22,71,70,1
S01011418,No central heating,7,0,7,7,0,7,0,0,0,0,0,0
S01011418,Gas central heating,475,154,321,323,24,299,86,65,21,66,65,1
S01011418,Electric (including storage heaters) central heating,55,14,41,49,8,41,3,3,0,3,3,0
S01011418,Oil central heating,0,0,0,0,0,0,0,0,0,0,0,0
S01011418,Solid fuel (for example wood coal) central heating,0,0,0,0,0,0,0,0,0,0,0,0
S01011418,Other central heating,0,0,0,0,0,0,0,0,0,0,0,0
S01011418,Two or more types of central heating,15,6,9,9,1,8,4,3,1,2,2,0
S01011419,All people in households,558,162,396,395,33,362,101,70,31,62,59,3
S01011419,No central heating,0,0,0,0,0,0,0,0,0,0,0,0
S01011419,Gas central heating,514,149,365,368,33,335,93,66,27,53,50,3
S01011419,Electric (including storage heaters) central heating,32,10,22,19,0,19,6,3,3,7,7,0
S01011419,Oil central heating,4,0,4,3,0,3,1,0,1,0,0,0
S01011419,Solid fuel (for example wood coal) central heating,3,1,2,2,0,2,1,1,0,0,0,0
S01011419,Other central heating,3,0,3,3,0,3,0,0,0,0,0,0
S01011419,Two or more types of central heating,2,2,0,0,0,0,0,0,0,2,2,0
S01011420,All people in households,491,137,354,371,39,332,75,55,20,45,43,2
S01011420,No central heating,3,1,2,2,0,2,1,1,0,0,0,0
S01011420,Gas central heating,391,114,277,291,33,258,62,45,17,38,36,2
S01011420,Electric (including storage heaters) central heating,67,16,51,53,4,49,9,7,2,5,5,0
S01011420,Oil central heating,5,0,5,5,0,5,0,0,0,0,0,0
S01011420,Solid fuel (for example wood coal) central heating,0,0,0,0,0,0,0,0,0,0,0,0
S01011420,Other central heating,0,0,0,0,0,0,0,0,0,0,0,0
S01011420,Two or more types of central heating,25,6,19,20,2,18,3,2,1,2,2,0
S01011421,All people in households,615,74,541,551,25,526,43,28,15,21,21,0
S01011421,No central heating,0,0,0,0,0,0,0,0,0,0,0,0
S01011421,Gas central heating,591,68,523,533,25,508,40,25,15,18,18,0
S01011421,Electric (including storage heaters) central heating,3,0,3,3,0,3,0,0,0,0,0,0
S01011421,Oil central heating,2,2,0,0,0,0,1,1,0,1,1,0
S01011421,Solid fuel (for example wood coal) central heating,0,0,0,0,0,0,0,0,0,0,0,0
S01011421,Other central heating,0,0,0,0,0,0,0,0,0,0,0,0
S01011421,Two or more types of central heating,19,4,15,15,0,15,2,2,0,2,2,0
S01011422,All people in households,660,174,486,492,40,452,108,74,34,60,60,0
S01011422,No central heating,6,3,3,5,2,3,1,1,0,0,0,0
S01011422,Gas central heating,614,163,451,456,38,418,103,70,33,55,55,0
S01011422,Electric (including storage heaters) central heating,11,4,7,6,0,6,1,0,1,4,4,0
S01011422,Oil central heating,0,0,0,0,0,0,0,0,0,0,0,0
S01011422,Solid fuel (for example wood coal) central heating,2,0,2,2,0,2,0,0,0,0,0,0
S01011422,Other central heating,7,0,7,7,0,7,0,0,0,0,0,0
S01011422,Two or more types of central heating,20,4,16,16,0,16,3,3,0,1,1,0
S01011423,All people in households,570,149,421,426,39,387,80,52,28,64,58,6
S01011423,No central heating,4,1,3,3,0,3,0,0,0,1,1,0
S01011423,Gas central heating,554,142,412,414,36,378,78,50,28,62,56,6
S01011423,Electric (including storage heaters) central heating,0,0,0,0,0,0,0,0,0,0,0,0
S01011423,Oil central heating,0,0,0,0,0,0,0,0,0,0,0,0
S01011423,Solid fuel (for example wood coal) central heating,6,4,2,4,2,2,1,1,0,1,1,0
S01011423,Other central heating,2,0,2,2,0,2,0,0,0,0,0,0
S01011423,Two or more types of central heating,4,2,2,3,1,2,1,1,0,0,0,0
S01011424,All people in households,560,135,425,425,27,398,79,52,27,56,56,0
S01011424,No central heating,4,2,2,3,1,2,0,0,0,1,1,0
S01011424,Gas central heating,527,125,402,398,22,376,77,51,26,52,52,0
S01011424,Electric (including storage heaters) central heating,5,1,4,4,1,3,1,0,1,0,0,0
S01011424,Oil central heating,6,2,4,5,1,4,0,0,0,1,1,0
S01011424,Solid fuel (for example wood coal) central heating,0,0,0,0,0,0,0,0,0,0,0,0
S01011424,Other central heating,0,0,0,0,0,0,0,0,0,0,0,0
S01011424,Two or more types of central heating,18,5,13,15,2,13,1,1,0,2,2,0
S01011425,All people in households,901,194,707,718,46,672,119,85,34,64,63,1
S01011425,No central heating,0,0,0,0,0,0,0,0,0,0,0,0
S01011425,Gas central heating,841,184,657,672,45,627,112,83,29,57,56,1
S01011425,Electric (including storage heaters) central heating,14,2,12,10,0,10,4,2,2,0,0,0
S01011425,Oil central heating,5,2,3,3,0,3,0,0,0,2,2,0
S01011425,Solid fuel (for example wood coal) central heating,4,0,4,4,0,4,0,0,0,0,0,0
S01011425,Other central heating,0,0,0,0,0,0,0,0,0,0,0,0
S01011425,Two or more types of central heating,37,6,31,29,1,28,3,0,3,5,5,0
S01011426,All people in households,993,128,865,893,48,845,75,55,20,25,25,0
S01011426,No central heating,12,2,10,11,1,10,1,1,0,0,0,0
S01011426,Gas central heating,730,83,647,663,32,631,52,36,16,15,15,0
S01011426,Electric (including storage heaters) central heating,13,1,12,12,0,12,0,0,0,1,1,0
S01011426,Oil central heating,167,28,139,148,13,135,12,8,4,7,7,0
S01011426,Solid fuel (for example wood coal) central heating,21,5,16,16,0,16,5,5,0,0,0,0
S01011426,Other central heating,22,3,19,20,1,19,2,2,0,0,0,0
S01011426,Two or more types of central heating,28,6,22,23,1,22,3,3,0,2,2,0
S01011427,All people in households,679,174,505,500,41,459,117,76,41,62,57,5
S01011427,No central heating,2,1,1,0,0,0,1,1,0,1,0,1
S01011427,Gas central heating,609,152,457,450,34,416,103,66,37,56,52,4
S01011427,Electric (including storage heaters) central heating,31,13,18,20,4,16,10,8,2,1,1,0
S01011427,Oil central heating,18,3,15,15,1,14,2,1,1,1,1,0
S01011427,Solid fuel (for example wood coal) central heating,10,2,8,8,1,7,1,0,1,1,1,0
S01011427,Other central heating,0,0,0,0,0,0,0,0,0,0,0,0
S01011427,Two or more types of central heating,9,3,6,7,1,6,0,0,0,2,2,0
S01011428,All people in households,506,147,359,363,35,328,96,65,31,47,47,0
S01011428,No central heating,0,0,0,0,0,0,0,0,0,0,0,0
S01011428,Gas central heating,484,140,344,348,35,313,92,61,31,44,44,0
S01011428,Electric (including storage heaters) central heating,8,2,6,6,0,6,2,2,0,0,0,0
S01011428,Oil central heating,7,4,3,3,0,3,2,2,0,2,2,0
S01011428,Solid fuel (for example wood coal) central heating,4,1,3,3,0,3,0,0,0,1,1,0
S01011428,Other central heating,0,0,0,0,0,0,0,0,0,0,0,0
S01011428,Two or more types of central heating,3,0,3,3,0,3,0,0,0,0,0,0
S01011429,All people in households,626,92,534,537,28,509,63,39,24,26,25,1
S01011429,No central heating,1,0,1,1,0,1,0,0,0,0,0,0
S01011429,Gas central heating,255,33,222,227,14,213,24,15,9,4,4,0
S01011429,Electric (including storage heaters) central heating,57,7,50,49,3,46,7,3,4,1,1,0
S01011429,Oil central heating,245,40,205,205,9,196,23,14,9,17,17,0
S01011429,Solid fuel (for example wood coal) central heating,34,6,28,28,2,26,5,3,2,1,1,0
S01011429,Other central heating,18,5,13,13,0,13,3,3,0,2,2,0
S01011429,Two or more types of central heating,16,1,15,14,0,14,1,1,0,1,0,1
S01011430,All people in households,880,149,731,757,51,706,80,56,24,43,42,1
S01011430,No central heating,6,2,4,4,0,4,1,1,0,1,1,0
S01011430,Gas central heating,829,133,696,723,49,674,72,51,21,34,33,1
S01011430,Electric (including storage heaters) central heating,15,6,9,7,0,7,4,2,2,4,4,0
S01011430,Oil central heating,6,2,4,6,2,4,0,0,0,0,0,0
S01011430,Solid fuel (for example wood coal) central heating,1,0,1,1,0,1,0,0,0,0,0,0
S01011430,Other central heating,0,0,0,0,0,0,0,0,0,0,0,0
S01011430,Two or more types of central heating,23,6,17,16,0,16,3,2,1,4,4,0
S01011431,All people in households,1063,313,750,745,59,686,195,137,58,123,117,6
S01011431,No central heating,2,0,2,2,0,2,0,0,0,0,0,0
S01011431,Gas central heating,981,288,693,686,54,632,184,129,55,111,105,6
S01011431,Electric (including storage heaters) central heating,34,8,26,26,2,24,4,2,2,4,4,0
S01011431,Oil central heating,11,3,8,9,1,8,1,1,0,1,1,0
S01011431,Solid fuel (for example wood coal) central heating,7,3,4,4,0,4,1,1,0,2,2,0
S01011431,Other central heating,0,0,0,0,0,0,0,0,0,0,0,0
S01011431,Two or more types of central heating,28,11,17,18,2,16,5,4,1,5,5,0
S01011432,All people in households,1025,243,782,788,53,735,156,110,46,81,80,1
S01011432,No central heating,0,0,0,0,0,0,0,0,0,0,0,0
S01011432,Gas central heating,975,230,745,750,50,700,150,106,44,75,74,1
S01011432,Electric (including storage heaters) central heating,30,8,22,22,1,21,4,3,1,4,4,0
S01011432,Oil central heating,4,0,4,4,0,4,0,0,0,0,0,0
S01011432,Solid fuel (for example wood coal) central heating,2,1,1,1,0,1,1,1,0,0,0,0
S01011432,Other central heating,0,0,0,0,0,0,0,0,0,0,0,0
S01011432,Two or more types of central heating,14,4,10,11,2,9,1,0,1,2,2,0
S01011433,All people in households,909,159,750,753,35,718,98,69,29,58,55,3
S01011433,No central heating,2,2,0,0,0,0,1,1,0,1,1,0
S01011433,Gas central heating,839,138,701,702,32,670,86,58,28,51,48,3
S01011433,Electric (including storage heaters) central heating,38,11,27,29,3,26,7,6,1,2,2,0
S01011433,Oil central heating,6,1,5,5,0,5,1,1,0,0,0,0
S01011433,Solid fuel (for example wood coal) central heating,3,2,1,1,0,1,1,1,0,1,1,0
S01011433,Other central heating,1,1,0,0,0,0,1,1,0,0,0,0
S01011433,Two or more types of central heating,20,4,16,16,0,16,1,1,0,3,3,0
S01011434,All people in households,562,146,416,416,35,381,103,68,35,43,43,0
S01011434,No central heating,1,0,1,1,0,1,0,0,0,0,0,0
S01011434,Gas central heating,528,135,393,391,30,361,98,66,32,39,39,0
S01011434,Electric (including storage heaters) central heating,20,7,13,14,3,11,3,1,2,3,3,0
S01011434,Oil central heating,3,1,2,2,0,2,0,0,0,1,1,0
S01011434,Solid fuel (for example wood coal) central heating,4,2,2,3,2,1,1,0,1,0,0,0
S01011434,Other central heating,2,1,1,1,0,1,1,1,0,0,0,0
S01011434,Two or more types of central heating,4,0,4,4,0,4,0,0,0,0,0,0
S01011435,All people in households,927,173,754,774,55,719,97,64,33,56,54,2
S01011435,No central heating,7,1,6,5,0,5,2,1,1,0,0,0
S01011435,Gas central heating,890,168,722,743,54,689,93,62,31,54,52,2
S01011435,Electric (including storage heaters) central heating,14,0,14,13,0,13,1,0,1,0,0,0
S01011435,Oil central heating,0,0,0,0,0,0,0,0,0,0,0,0
S01011435,Solid fuel (for example wood coal) central heating,1,1,0,0,0,0,1,1,0,0,0,0
S01011435,Other central heating,0,0,0,0,0,0,0,0,0,0,0,0
S01011435,Two or more types of central heating,15,3,12,13,1,12,0,0,0,2,2,0
S01011436,All people in households,718,183,535,526,30,496,135,100,35,57,53,4
S01011436,No central heating,4,1,3,3,0,3,1,1,0,0,0,0
S01011436,Gas central heating,628,154,474,463,25,438,118,86,32,47,43,4
S01011436,Electric (including storage heaters) central heating,63,21,42,44,4,40,13,11,2,6,6,0
S01011436,Oil central heating,8,0,8,8,0,8,0,0,0,0,0,0
S01011436,Solid fuel (for example wood coal) central heating,0,0,0,0,0,0,0,0,0,0,0,0
S01011436,Other central heating,0,0,0,0,0,0,0,0,0,0,0,0
S01011436,Two or more types of central heating,15,7,8,8,1,7,3,2,1,4,4,0
S01011437,All people in households,731,205,526,527,46,481,129,87,42,75,72,3
S01011437,No central heating,3,3,0,0,0,0,1,1,0,2,2,0
S01011437,Gas central heating,665,180,485,482,38,444,115,77,38,68,65,3
S01011437,Electric (including storage heaters) central heating,39,10,29,31,5,26,6,3,3,2,2,0
S01011437,Oil central heating,0,0,0,0,0,0,0,0,0,0,0,0
S01011437,Solid fuel (for example wood coal) central heating,7,6,1,2,1,1,3,3,0,2,2,0
S01011437,Other central heating,0,0,0,0,0,0,0,0,0,0,0,0
S01011437,Two or more types of central heating,17,6,11,12,2,10,4,3,1,1,1,0
S01011438,All people in households,544,120,424,413,24,389,81,47,34,50,49,1
S01011438,No central heating,0,0,0,0,0,0,0,0,0,0,0,0
S01011438,Gas central heating,496,107,389,374,17,357,72,41,31,50,49,1
S01011438,Electric (including storage heaters) central heating,22,10,12,14,4,10,8,6,2,0,0,0
S01011438,Oil central heating,0,0,0,0,0,0,0,0,0,0,0,0
S01011438,Solid fuel (for example wood coal) central heating,4,1,3,3,1,2,1,0,1,0,0,0
S01011438,Other central heating,0,0,0,0,0,0,0,0,0,0,0,0
S01011438,Two or more types of central heating,22,2,20,22,2,20,0,0,0,0,0,0
S01011439,All people in households,889,227,662,666,48,618,141,98,43,82,81,1
S01011439,No central heating,13,5,8,7,0,7,3,2,1,3,3,0
S01011439,Gas central heating,742,185,557,558,38,520,120,84,36,64,63,1
S01011439,Electric (including storage heaters) central heating,45,12,33,35,3,32,6,5,1,4,4,0
S01011439,Oil central heating,58,13,45,48,6,42,5,2,3,5,5,0
S01011439,Solid fuel (for example wood coal) central heating,8,5,3,4,1,3,1,1,0,3,3,0
S01011439,Other central heating,5,1,4,4,0,4,1,1,0,0,0,0
S01011439,Two or more types of central heating,18,6,12,10,0,10,5,3,2,3,3,0
S01011440,All people in households,597,157,440,437,29,408,104,72,32,56,56,0
S01011440,No central heating,4,1,3,0,0,0,3,0,3,1,1,0
S01011440,Gas central heating,547,145,402,407,28,379,88,65,23,52,52,0
S01011440,Electric (including storage heaters) central heating,32,7,25,19,0,19,11,5,6,2,2,0
S01011440,Oil central heating,3,2,1,2,1,1,1,1,0,0,0,0
S01011440,Solid fuel (for example wood coal) central heating,2,0,2,2,0,2,0,0,0,0,0,0
S01011440,Other central heating,0,0,0,0,0,0,0,0,0,0,0,0
S01011440,Two or more types of central heating,9,2,7,7,0,7,1,1,0,1,1,0
S01011441,All people in households,763,196,567,557,42,515,138,88,50,68,66,2
S01011441,No central heating,8,0,8,7,0,7,1,0,1,0,0,0
S01011441,Gas central heating,733,193,540,532,41,491,134,87,47,67,65,2
S01011441,Electric (including storage heaters) central heating,4,0,4,4,0,4,0,0,0,0,0,0
S01011441,Oil central heating,0,0,0,0,0,0,0,0,0,0,0,0
S01011441,Solid fuel (for example wood coal) central heating,0,0,0,0,0,0,0,0,0,0,0,0
S01011441,Other central heating,3,0,3,3,0,3,0,0,0,0,0,0
S01011441,Two or more types of central heating,15,3,12,11,1,10,3,1,2,1,1,0
S01011442,All people in households,683,208,475,472,33,439,139,104,35,72,71,1
S01011442,No central heating,3,1,2,2,1,1,1,0,1,0,0,0
S01011442,Gas central heating,626,189,437,430,26,404,125,93,32,71,70,1
S01011442,Electric (including storage heaters) central heating,28,8,20,19,1,18,8,6,2,1,1,0
S01011442,Oil central heating,5,4,1,3,2,1,2,2,0,0,0,0
S01011442,Solid fuel (for example wood coal) central heating,1,1,0,0,0,0,1,1,0,0,0,0
S01011442,Other central heating,2,1,1,2,1,1,0,0,0,0,0,0
S01011442,Two or more types of central heating,18,4,14,16,2,14,2,2,0,0,0,0
S01011443,All people in households,622,181,441,443,33,410,107,79,28,72,69,3
S01011443,No central heating,0,0,0,0,0,0,0,0,0,0,0,0
S01011443,Gas central heating,602,177,425,428,33,395,105,78,27,69,66,3
S01011443,Electric (including storage heaters) central heating,6,1,5,5,0,5,0,0,0,1,1,0
S01011443,Oil central heating,1,0,1,0,0,0,1,0,1,0,0,0
S01011443,Solid fuel (for example wood coal) central heating,1,1,0,0,0,0,0,0,0,1,1,0
S01011443,Other central heating,4,0,4,4,0,4,0,0,0,0,0,0
S01011443,Two or more types of central heating,8,2,6,6,0,6,1,1,0,1,1,0
S01011444,All people in households,764,199,565,554,41,513,137,85,52,73,73,0
S01011444,No central heating,6,2,4,3,1,2,3,1,2,0,0,0
S01011444,Gas central heating,81,18,63,64,4,60,11,8,3,6,6,0
S01011444,Electric (including storage heaters) central heating,402,107,295,286,21,265,70,40,30,46,46,0
S01011444,Oil central heating,194,45,149,145,9,136,32,19,13,17,17,0
S01011444,Solid fuel (for example wood coal) central heating,66,21,45,47,5,42,15,12,3,4,4,0
S01011444,Other central heating,15,6,9,9,1,8,6,5,1,0,0,0
S01011444,Two or more types of central heating,0,0,0,0,0,0,0,0,0,0,0,0
S01011445,All people in households,548,111,437,432,21,411,81,56,25,35,34,1
S01011445,No central heating,2,2,0,0,0,0,1,1,0,1,1,0
S01011445,Gas central heating,39,7,32,34,3,31,2,1,1,3,3,0
S01011445,Electric (including storage heaters) central heating,289,50,239,233,8,225,42,29,13,14,13,1
S01011445,Oil central heating,160,35,125,127,8,119,19,13,6,14,14,0
S01011445,Solid fuel (for example wood coal) central heating,55,15,40,36,1,35,16,11,5,3,3,0
S01011445,Other central heating,1,1,0,1,1,0,0,0,0,0,0,0
S01011445,Two or more types of central heating,2,1,1,1,0,1,1,1,0,0,0,0
S01011446,All people in households,522,129,393,395,28,367,77,51,26,50,50,0
S01011446,No central heating,9,2,7,7,0,7,1,1,0,1,1,0
S01011446,Gas central heating,85,29,56,62,9,53,12,9,3,11,11,0
S01011446,Electric (including storage heaters) central heating,153,46,107,107,10,97,28,18,10,18,18,0
S01011446,Oil central heating,215,40,175,173,9,164,25,14,11,17,17,0
S01011446,Solid fuel (for example wood coal) central heating,20,4,16,15,0,15,5,4,1,0,0,0
S01011446,Other central heating,35,7,28,27,0,27,5,4,1,3,3,0
S01011446,Two or more types of central heating,5,1,4,4,0,4,1,1,0,0,0,0
S01011447,All people in households,924,206,718,731,52,679,119,80,39,74,74,0
S01011447,No central heating,0,0,0,0,0,0,0,0,0,0,0,0
S01011447,Gas central heating,880,199,681,698,49,649,110,78,32,72,72,0
S01011447,Electric (including storage heaters) central heating,11,1,10,9,1,8,2,0,2,0,0,0
S01011447,Oil central heating,3,1,2,1,0,1,2,1,1,0,0,0
S01011447,Solid fuel (for example wood coal) central heating,3,0,3,3,0,3,0,0,0,0,0,0
S01011447,Other central heating,3,2,1,1,0,1,1,1,0,1,1,0
S01011447,Two or more types of central heating,24,3,21,19,2,17,4,0,4,1,1,0
S01011448,All people in households,884,166,718,730,45,685,110,79,31,44,42,2
S01011448,No central heating,12,4,8,9,1,8,3,3,0,0,0,0
S01011448,Gas central heating,804,144,660,677,43,634,92,68,24,35,33,2
S01011448,Electric (including storage heaters) central heating,33,11,22,19,0,19,9,6,3,5,5,0
S01011448,Oil central heating,5,1,4,4,0,4,0,0,0,1,1,0
S01011448,Solid fuel (for example wood coal) central heating,0,0,0,0,0,0,0,0,0,0,0,0
S01011448,Other central heating,0,0,0,0,0,0,0,0,0,0,0,0
S01011448,Two or more types of central heating,30,6,24,21,1,20,6,2,4,3,3,0
S01011449,All people in households,530,156,374,384,32,352,89,69,20,57,55,2
S01011449,No central heating,3,1,2,3,1,2,0,0,0,0,0,0
S01011449,Gas central heating,503,146,357,365,30,335,87,67,20,51,49,2
S01011449,Electric (including storage heaters) central heating,10,5,5,5,0,5,2,2,0,3,3,0
S01011449,Oil central heating,1,1,0,0,0,0,0,0,0,1,1,0
S01011449,Solid fuel (for example wood coal) central heating,4,0,4,4,0,4,0,0,0,0,0,0
S01011449,Other central heating,0,0,0,0,0,0,0,0,0,0,0,0
S01011449,Two or more types of central heating,9,3,6,7,1,6,0,0,0,2,2,0
S01011450,All people in households,652,118,534,545,33,512,77,55,22,30,30,0
S01011450,No central heating,6,0,6,6,0,6,0,0,0,0,0,0
S01011450,Gas central heating,623,113,510,521,33,488,74,52,22,28,28,0
S01011450,Electric (including storage heaters) central heating,8,1,7,7,0,7,0,0,0,1,1,0
S01011450,Oil central heating,1,1,0,0,0,0,1,1,0,0,0,0
S01011450,Solid fuel (for example wood coal) central heating,0,0,0,0,0,0,0,0,0,0,0,0
S01011450,Other central heating,2,1,1,1,0,1,0,0,0,1,1,0
S01011450,Two or more types of central heating,12,2,10,10,0,10,2,2,0,0,0,0
S01011451,All people in households,727,65,662,660,20,640,48,28,20,19,17,2
S01011451,No central heating,6,0,6,6,0,6,0,0,0,0,0,0
S01011451,Gas central heating,668,60,608,601,15,586,48,28,20,19,17,2
S01011451,Electric (including storage heaters) central heating,4,0,4,4,0,4,0,0,0,0,0,0
S01011451,Oil central heating,28,3,25,28,3,25,0,0,0,0,0,0
S01011451,Solid fuel (for example wood coal) central heating,8,0,8,8,0,8,0,0,0,0,0,0
S01011451,Other central heating,0,0,0,0,0,0,0,0,0,0,0,0
S01011451,Two or more types of central heating,13,2,11,13,2,11,0,0,0,0,0,0
S01011452,All people in households,947,176,771,767,43,724,120,74,46,60,59,1
S01011452,No central heating,31,7,24,23,2,21,4,1,3,4,4,0
S01011452,Gas central heating,829,146,683,683,38,645,101,64,37,45,44,1
S01011452,Electric (including storage heaters) central heating,50,12,38,37,3,34,10,6,4,3,3,0
S01011452,Oil central heating,19,5,14,14,0,14,2,2,0,3,3,0
S01011452,Solid fuel (for example wood coal) central heating,4,4,0,0,0,0,0,0,0,4,4,0
S01011452,Other central heating,3,0,3,3,0,3,0,0,0,0,0,0
S01011452,Two or more types of central heating,11,2,9,7,0,7,3,1,2,1,1,0
S01011453,All people in households,728,166,562,577,39,538,95,71,24,56,56,0
S01011453,No central heating,8,2,6,6,1,5,2,1,1,0,0,0
S01011453,Gas central heating,681,151,530,540,33,507,90,67,23,51,51,0
S01011453,Electric (including storage heaters) central heating,11,4,7,8,1,7,0,0,0,3,3,0
S01011453,Oil central heating,4,2,2,4,2,2,0,0,0,0,0,0
S01011453,Solid fuel (for example wood coal) central heating,6,3,3,4,1,3,1,1,0,1,1,0
S01011453,Other central heating,5,2,3,4,1,3,1,1,0,0,0,0
S01011453,Two or more types of central heating,13,2,11,11,0,11,1,1,0,1,1,0
S01011454,All people in households,802,179,623,619,39,580,133,90,43,50,50,0
S01011454,No central heating,0,0,0,0,0,0,0,0,0,0,0,0
S01011454,Gas central heating,730,153,577,571,33,538,117,78,39,42,42,0
S01011454,Electric (including storage heaters) central heating,56,23,33,35,5,30,14,11,3,7,7,0
S01011454,Oil central heating,1,0,1,1,0,1,0,0,0,0,0,0
S01011454,Solid fuel (for example wood coal) central heating,2,2,0,0,0,0,1,1,0,1,1,0
S01011454,Other central heating,0,0,0,0,0,0,0,0,0,0,0,0
S01011454,Two or more types of central heating,13,1,12,12,1,11,1,0,1,0,0,0
S01011455,All people in households,746,193,553,538,41,497,135,82,53,73,70,3
S01011455,No central heating,9,3,6,3,0,3,3,0,3,3,3,0
S01011455,Gas central heating,685,180,505,492,36,456,127,80,47,66,64,2
S01011455,Electric (including storage heaters) central heating,11,2,9,10,2,8,1,0,1,0,0,0
S01011455,Oil central heating,14,2,12,10,0,10,1,0,1,3,2,1
S01011455,Solid fuel (for example wood coal) central heating,0,0,0,0,0,0,0,0,0,0,0,0
S01011455,Other central heating,3,1,2,3,1,2,0,0,0,0,0,0
S01011455,Two or more types of central heating,24,5,19,20,2,18,3,2,1,1,1,0
S01011456,All people in households,814,223,591,606,51,555,123,89,34,85,83,2
S01011456,No central heating,5,0,5,5,0,5,0,0,0,0,0,0
S01011456,Gas central heating,765,209,556,567,47,520,118,84,34,80,78,2
S01011456,Electric (including storage heaters) central heating,19,8,11,14,3,11,4,4,0,1,1,0
S01011456,Oil central heating,4,0,4,4,0,4,0,0,0,0,0,0
S01011456,Solid fuel (for example wood coal) central heating,1,1,0,0,0,0,0,0,0,1,1,0
S01011456,Other central heating,6,2,4,4,0,4,0,0,0,2,2,0
S01011456,Two or more types of central heating,14,3,11,12,1,11,1,1,0,1,1,0
S01011457,All people in households,917,202,715,715,48,667,138,91,47,64,63,1
S01011457,No central heating,6,1,5,5,0,5,1,1,0,0,0,0
S01011457,Gas central heating,872,194,678,675,45,630,135,88,47,62,61,1
S01011457,Electric (including storage heaters) central heating,9,1,8,9,1,8,0,0,0,0,0,0
S01011457,Oil central heating,11,1,10,10,0,10,1,1,0,0,0,0
S01011457,Solid fuel (for example wood coal) central heating,4,1,3,3,0,3,0,0,0,1,1,0
S01011457,Other central heating,2,2,0,0,0,0,1,1,0,1,1,0
S01011457,Two or more types of central heating,13,2,11,13,2,11,0,0,0,0,0,0
S01011458,All people in households,1114,125,989,992,37,955,91,58,33,31,30,1
S01011458,No central heating,0,0,0,0,0,0,0,0,0,0,0,0
S01011458,Gas central heating,1074,120,954,956,35,921,89,57,32,29,28,1
S01011458,Electric (including storage heaters) central heating,10,3,7,8,1,7,1,1,0,1,1,0
S01011458,Oil central heating,8,0,8,8,0,8,0,0,0,0,0,0
S01011458,Solid fuel (for example wood coal) central heating,0,0,0,0,0,0,0,0,0,0,0,0
S01011458,Other central heating,6,1,5,4,0,4,1,0,1,1,1,0
S01011458,Two or more types of central heating,16,1,15,16,1,15,0,0,0,0,0,0
S01011459,All people in households,1053,157,896,903,38,865,90,60,30,60,59,1
S01011459,No central heating,4,1,3,4,1,3,0,0,0,0,0,0
S01011459,Gas central heating,965,140,825,827,30,797,80,53,27,58,57,1
S01011459,Electric (including storage heaters) central heating,37,5,32,33,2,31,3,2,1,1,1,0
S01011459,Oil central heating,10,1,9,9,0,9,1,1,0,0,0,0
S01011459,Solid fuel (for example wood coal) central heating,1,0,1,1,0,1,0,0,0,0,0,0
S01011459,Other central heating,0,0,0,0,0,0,0,0,0,0,0,0
S01011459,Two or more types of central heating,36,10,26,29,5,24,6,4,2,1,1,0
S01011460,All people in households,756,137,619,613,28,585,99,68,31,44,41,3
S01011460,No central heating,0,0,0,0,0,0,0,0,0,0,0,0
S01011460,Gas central heating,707,129,578,572,26,546,95,65,30,40,38,2
S01011460,Electric (including storage heaters) central heating,16,2,14,13,0,13,2,1,1,1,1,0
S01011460,Oil central heating,0,0,0,0,0,0,0,0,0,0,0,0
S01011460,Solid fuel (for example wood coal) central heating,4,2,2,4,2,2,0,0,0,0,0,0
S01011460,Other central heating,3,0,3,3,0,3,0,0,0,0,0,0
S01011460,Two or more types of central heating,26,4,22,21,0,21,2,2,0,3,2,1
S01011461,All people in households,722,149,573,573,41,532,104,64,40,45,44,1
S01011461,No central heating,4,0,4,3,0,3,1,0,1,0,0,0
S01011461,Gas central heating,654,133,521,521,36,485,94,59,35,39,38,1
S01011461,Electric (including storage heaters) central heating,39,9,30,31,3,28,4,2,2,4,4,0
S01011461,Oil central heating,0,0,0,0,0,0,0,0,0,0,0,0
S01011461,Solid fuel (for example wood coal) central heating,9,3,6,7,1,6,2,2,0,0,0,0
S01011461,Other central heating,3,1,2,1,0,1,1,0,1,1,1,0
S01011461,Two or more types of central heating,13,3,10,10,1,9,2,1,1,1,1,0
S01011462,All people in households,897,201,696,699,49,650,118,75,43,80,77,3
S01011462,No central heating,8,2,6,7,1,6,0,0,0,1,1,0
S01011462,Gas central heating,814,162,652,650,39,611,100,62,38,64,61,3
S01011462,Electric (including storage heaters) central heating,54,32,22,22,5,17,18,13,5,14,14,0
S01011462,Oil central heating,5,1,4,5,1,4,0,0,0,0,0,0
S01011462,Solid fuel (for example wood coal) central heating,2,2,0,2,2,0,0,0,0,0,0,0
S01011462,Other central heating,4,2,2,3,1,2,0,0,0,1,1,0
S01011462,Two or more types of central heating,10,0,10,10,0,10,0,0,0,0,0,0
S01011463,All people in households,670,135,535,527,32,495,94,55,39,49,48,1
S01011463,No central heating,3,2,1,1,0,1,1,1,0,1,1,0
S01011463,Gas central heating,635,130,505,497,31,466,91,53,38,47,46,1
S01011463,Electric (including storage heaters) central heating,5,0,5,5,0,5,0,0,0,0,0,0
S01011463,Oil central heating,0,0,0,0,0,0,0,0,0,0,0,0
S01011463,Solid fuel (for example wood coal) central heating,10,0,10,10,0,10,0,0,0,0,0,0
S01011463,Other central heating,3,0,3,2,0,2,1,0,1,0,0,0
S01011463,Two or more types of central heating,14,3,11,12,1,11,1,1,0,1,1,0
S01011464,All people in households,571,47,524,522,9,513,33,22,11,16,16,0
S01011464,No central heating,4,1,3,3,0,3,1,1,0,0,0,0
S01011464,Gas central heating,543,36,507,505,9,496,26,15,11,12,12,0
S01011464,Electric (including storage heaters) central heating,10,5,5,5,0,5,3,3,0,2,2,0
S01011464,Oil central heating,3,3,0,0,0,0,3,3,0,0,0,0
S01011464,Solid fuel (for example wood coal) central heating,0,0,0,0,0,0,0,0,0,0,0,0
S01011464,Other central heating,1,0,1,1,0,1,0,0,0,0,0,0
S01011464,Two or more types of central heating,10,2,8,8,0,8,0,0,0,2,2,0
S01011465,All people in households,547,124,423,421,31,390,88,57,31,38,36,2
S01011465,No central heating,10,1,9,9,0,9,0,0,0,1,1,0
S01011465,Gas central heating,512,115,397,394,29,365,83,53,30,35,33,2
S01011465,Electric (including storage heaters) central heating,15,4,11,12,1,11,3,3,0,0,0,0
S01011465,Oil central heating,0,0,0,0,0,0,0,0,0,0,0,0
S01011465,Solid fuel (for example wood coal) central heating,1,0,1,1,0,1,0,0,0,0,0,0
S01011465,Other central heating,3,1,2,2,0,2,1,1,0,0,0,0
S01011465,Two or more types of central heating,6,3,3,3,1,2,1,0,1,2,2,0
S01011466,All people in households,592,163,429,434,33,401,79,53,26,79,77,2
S01011466,No central heating,2,0,2,2,0,2,0,0,0,0,0,0
S01011466,Gas central heating,509,148,361,370,31,339,67,47,20,72,70,2
S01011466,Electric (including storage heaters) central heating,59,10,49,48,1,47,8,6,2,3,3,0
S01011466,Oil central heating,3,0,3,3,0,3,0,0,0,0,0,0
S01011466,Solid fuel (for example wood coal) central heating,0,0,0,0,0,0,0,0,0,0,0,0
S01011466,Other central heating,0,0,0,0,0,0,0,0,0,0,0,0
S01011466,Two or more types of central heating,19,5,14,11,1,10,4,0,4,4,4,0
S01011467,All people in households,539,92,447,449,23,426,52,31,21,38,38,0
S01011467,No central heating,0,0,0,0,0,0,0,0,0,0,0,0
S01011467,Gas central heating,510,83,427,429,21,408,47,28,19,34,34,0
S01011467,Electric (including storage heaters) central heating,4,0,4,2,0,2,2,0,2,0,0,0
S01011467,Oil central heating,4,1,3,4,1,3,0,0,0,0,0,0
S01011467,Solid fuel (for example wood coal) central heating,6,4,2,2,0,2,1,1,0,3,3,0
S01011467,Other central heating,8,1,7,8,1,7,0,0,0,0,0,0
S01011467,Two or more types of central heating,7,3,4,4,0,4,2,2,0,1,1,0
S01011468,All people in households,915,60,855,860,28,832,43,20,23,12,12,0
S01011468,No central heating,4,4,0,4,4,0,0,0,0,0,0,0
S01011468,Gas central heating,882,54,828,827,22,805,43,20,23,12,12,0
S01011468,Electric (including storage heaters) central heating,15,1,14,15,1,14,0,0,0,0,0,0
S01011468,Oil central heating,0,0,0,0,0,0,0,0,0,0,0,0
S01011468,Solid fuel (for example wood coal) central heating,0,0,0,0,0,0,0,0,0,0,0,0
S01011468,Other central heating,0,0,0,0,0,0,0,0,0,0,0,0
S01011468,Two or more types of central heating,14,1,13,14,1,13,0,0,0,0,0,0
S01011469,All people in households,859,163,696,710,44,666,86,58,28,63,61,2
S01011469,No central heating,12,2,10,10,0,10,2,2,0,0,0,0
S01011469,Gas central heating,770,137,633,644,39,605,73,47,26,53,51,2
S01011469,Electric (including storage heaters) central heating,21,13,8,9,2,7,7,6,1,5,5,0
S01011469,Oil central heating,0,0,0,0,0,0,0,0,0,0,0,0
S01011469,Solid fuel (for example wood coal) central heating,0,0,0,0,0,0,0,0,0,0,0,0
S01011469,Other central heating,0,0,0,0,0,0,0,0,0,0,0,0
S01011469,Two or more types of central heating,56,11,45,47,3,44,4,3,1,5,5,0
S01011470,All people in households,1099,287,812,812,55,757,189,137,52,98,95,3
S01011470,No central heating,8,2,6,6,0,6,2,2,0,0,0,0
S01011470,Gas central heating,1001,264,737,734,49,685,176,127,49,91,88,3
S01011470,Electric (including storage heaters) central heating,48,14,34,36,4,32,8,6,2,4,4,0
S01011470,Oil central heating,2,0,2,2,0,2,0,0,0,0,0,0
S01011470,Solid fuel (for example wood coal) central heating,4,1,3,3,0,3,1,1,0,0,0,0
S01011470,Other central heating,2,1,1,2,1,1,0,0,0,0,0,0
S01011470,Two or more types of central heating,34,5,29,29,1,28,2,1,1,3,3,0
S01011471,All people in households,869,248,621,641,57,584,152,116,36,76,75,1
S01011471,No central heating,8,1,7,7,0,7,1,1,0,0,0,0
S01011471,Gas central heating,708,200,508,535,49,486,110,89,21,63,62,1
S01011471,Electric (including storage heaters) central heating,122,36,86,81,6,75,31,20,11,10,10,0
S01011471,Oil central heating,4,2,2,2,0,2,2,2,0,0,0,0
S01011471,Solid fuel (for example wood coal) central heating,2,0,2,1,0,1,1,0,1,0,0,0
S01011471,Other central heating,1,1,0,0,0,0,1,1,0,0,0,0
S01011471,Two or more types of central heating,24,8,16,15,2,13,6,3,3,3,3,0
S01011472,All people in households,880,243,637,633,55,578,170,113,57,77,75,2
S01011472,No central heating,8,3,5,6,1,5,1,1,0,1,1,0
S01011472,Gas central heating,395,103,292,305,28,277,64,49,15,26,26,0
S01011472,Electric (including storage heaters) central heating,466,134,332,314,24,290,103,63,40,49,47,2
S01011472,Oil central heating,0,0,0,0,0,0,0,0,0,0,0,0
S01011472,Solid fuel (for example wood coal) central heating,0,0,0,0,0,0,0,0,0,0,0,0
S01011472,Other central heating,5,0,5,4,0,4,1,0,1,0,0,0
S01011472,Two or more types of central heating,6,3,3,4,2,2,1,0,1,1,1,0
S01011473,All people in households,662,260,402,401,51,350,165,114,51,96,95,1
S01011473,No central heating,4,2,2,3,1,2,0,0,0,1,1,0
S01011473,Gas central heating,306,98,208,212,22,190,53,35,18,41,41,0
S01011473,Electric (including storage heaters) central heating,341,156,185,179,28,151,109,76,33,53,52,1
S01011473,Oil central heating,0,0,0,0,0,0,0,0,0,0,0,0
S01011473,Solid fuel (for example wood coal) central heating,0,0,0,0,0,0,0,0,0,0,0,0
S01011473,Other central heating,2,1,1,1,0,1,0,0,0,1,1,0
S01011473,Two or more types of central heating,9,3,6,6,0,6,3,3,0,0,0,0
S01011474,All people in households,798,277,521,528,52,476,167,126,41,103,99,4
S01011474,No central heating,4,0,4,4,0,4,0,0,0,0,0,0
S01011474,Gas central heating,427,123,304,298,19,279,78,56,22,51,48,3
S01011474,Electric (including storage heaters) central heating,346,149,197,209,32,177,85,66,19,52,51,1
S01011474,Oil central heating,4,0,4,4,0,4,0,0,0,0,0,0
S01011474,Solid fuel (for example wood coal) central heating,0,0,0,0,0,0,0,0,0,0,0,0
S01011474,Other central heating,4,4,0,1,1,0,3,3,0,0,0,0
S01011474,Two or more types of central heating,13,1,12,12,0,12,1,1,0,0,0,0
S01011475,All people in households,605,228,377,369,39,330,140,94,46,96,95,1
S01011475,No central heating,2,0,2,2,0,2,0,0,0,0,0,0
S01011475,Gas central heating,228,84,144,143,13,130,43,29,14,42,42,0
S01011475,Electric (including storage heaters) central heating,359,134,225,218,25,193,94,63,31,47,46,1
S01011475,Oil central heating,0,0,0,0,0,0,0,0,0,0,0,0
S01011475,Solid fuel (for example wood coal) central heating,0,0,0,0,0,0,0,0,0,0,0,0
S01011475,Other central heating,3,1,2,2,0,2,0,0,0,1,1,0
S01011475,Two or more types of central heating,13,9,4,4,1,3,3,2,1,6,6,0
S01011476,All people in households,487,64,423,427,15,412,44,33,11,16,16,0
S01011476,No central heating,0,0,0,0,0,0,0,0,0,0,0,0
S01011476,Gas central heating,477,62,415,419,14,405,42,32,10,16,16,0
S01011476,Electric (including storage heaters) central heating,8,2,6,7,1,6,1,1,0,0,0,0
S01011476,Oil central heating,0,0,0,0,0,0,0,0,0,0,0,0
S01011476,Solid fuel (for example wood coal) central heating,0,0,0,0,0,0,0,0,0,0,0,0
S01011476,Other central heating,0,0,0,0,0,0,0,0,0,0,0,0
S01011476,Two or more types of central heating,2,0,2,1,0,1,1,0,1,0,0,0
S01011477,All people in households,851,102,749,757,33,724,71,48,23,23,21,2
S01011477,No central heating,0,0,0,0,0,0,0,0,0,0,0,0
S01011477,Gas central heating,829,95,734,741,32,709,67,44,23,21,19,2
S01011477,Electric (including storage heaters) central heating,8,3,5,5,0,5,2,2,0,1,1,0
S01011477,Oil central heating,4,0,4,4,0,4,0,0,0,0,0,0
S01011477,Solid fuel (for example wood coal) central heating,0,0,0,0,0,0,0,0,0,0,0,0
S01011477,Other central heating,2,2,0,0,0,0,2,2,0,0,0,0
S01011477,Two or more types of central heating,8,2,6,7,1,6,0,0,0,1,1,0
S01011478,All people in households,1060,155,905,925,47,878,99,73,26,36,35,1
S01011478,No central heating,9,1,8,8,0,8,1,1,0,0,0,0
S01011478,Gas central heating,1017,146,871,890,46,844,93,67,26,34,33,1
S01011478,Electric (including storage heaters) central heating,12,5,7,8,1,7,3,3,0,1,1,0
S01011478,Oil central heating,0,0,0,0,0,0,0,0,0,0,0,0
S01011478,Solid fuel (for example wood coal) central heating,0,0,0,0,0,0,0,0,0,0,0,0
S01011478,Other central heating,4,0,4,4,0,4,0,0,0,0,0,0
S01011478,Two or more types of central heating,18,3,15,15,0,15,2,2,0,1,1,0
S01011479,All people in households,783,154,629,660,56,604,81,56,25,42,42,0
S01011479,No central heating,6,2,4,5,1,4,1,1,0,0,0,0
S01011479,Gas central heating,730,132,598,622,48,574,72,48,24,36,36,0
S01011479,Electric (including storage heaters) central heating,21,12,9,15,6,9,3,3,0,3,3,0
S01011479,Oil central heating,4,3,1,1,0,1,3,3,0,0,0,0
S01011479,Solid fuel (for example wood coal) central heating,2,1,1,1,0,1,1,1,0,0,0,0
S01011479,Other central heating,2,0,2,2,0,2,0,0,0,0,0,0
S01011479,Two or more types of central heating,18,4,14,14,1,13,1,0,1,3,3,0
S01011480,All people in households,1019,140,879,894,49,845,101,67,34,24,24,0
S01011480,No central heating,8,4,4,6,2,4,1,1,0,1,1,0
S01011480,Gas central heating,965,123,842,855,42,813,89,60,29,21,21,0
S01011480,Electric (including storage heaters) central heating,24,5,19,21,3,18,2,1,1,1,1,0
S01011480,Oil central heating,3,3,0,1,1,0,1,1,0,1,1,0
S01011480,Solid fuel (for example wood coal) central heating,1,1,0,0,0,0,1,1,0,0,0,0
S01011480,Other central heating,4,0,4,3,0,3,1,0,1,0,0,0
S01011480,Two or more types of central heating,14,4,10,8,1,7,6,3,3,0,0,0
S01011481,All people in households,812,134,678,684,34,650,90,63,27,38,37,1
S01011481,No central heating,7,2,5,5,0,5,2,2,0,0,0,0
S01011481,Gas central heating,782,128,654,660,33,627,85,59,26,37,36,1
S01011481,Electric (including storage heaters) central heating,14,3,11,10,0,10,3,2,1,1,1,0
S01011481,Oil central heating,0,0,0,0,0,0,0,0,0,0,0,0
S01011481,Solid fuel (for example wood coal) central heating,0,0,0,0,0,0,0,0,0,0,0,0
S01011481,Other central heating,3,0,3,3,0,3,0,0,0,0,0,0
S01011481,Two or more types of central heating,6,1,5,6,1,5,0,0,0,0,0,0
S01011482,All people in households,895,235,660,660,56,604,154,100,54,81,79,2
S01011482,No central heating,1,1,0,0,0,0,0,0,0,1,1,0
S01011482,Gas central heating,834,208,626,623,50,573,140,88,52,71,70,1
S01011482,Electric (including storage heaters) central heating,38,19,19,21,4,17,10,8,2,7,7,0
S01011482,Oil central heating,2,0,2,2,0,2,0,0,0,0,0,0
S01011482,Solid fuel (for example wood coal) central heating,0,0,0,0,0,0,0,0,0,0,0,0
S01011482,Other central heating,2,2,0,1,1,0,1,1,0,0,0,0
S01011482,Two or more types of central heating,18,5,13,13,1,12,3,3,0,2,1,1
S01011483,All people in households,531,78,453,460,25,435,53,35,18,18,18,0
S01011483,No central heating,1,0,1,1,0,1,0,0,0,0,0,0
S01011483,Gas central heating,500,73,427,435,24,411,47,31,16,18,18,0
S01011483,Electric (including storage heaters) central heating,23,5,18,18,1,17,5,4,1,0,0,0
S01011483,Oil central heating,1,0,1,0,0,0,1,0,1,0,0,0
S01011483,Solid fuel (for example wood coal) central heating,0,0,0,0,0,0,0,0,0,0,0,0
S01011483,Other central heating,4,0,4,4,0,4,0,0,0,0,0,0
S01011483,Two or more types of central heating,2,0,2,2,0,2,0,0,0,0,0,0
S01011484,All people in households,865,234,631,627,40,587,137,95,42,101,99,2
S01011484,No central heating,0,0,0,0,0,0,0,0,0,0,0,0
S01011484,Gas central heating,814,223,591,589,38,551,129,91,38,96,94,2
S01011484,Electric (including storage heaters) central heating,19,4,15,15,1,14,2,1,1,2,2,0
S01011484,Oil central heating,3,0,3,3,0,3,0,0,0,0,0,0
S01011484,Solid fuel (for example wood coal) central heating,0,0,0,0,0,0,0,0,0,0,0,0
S01011484,Other central heating,8,1,7,6,0,6,2,1,1,0,0,0
S01011484,Two or more types of central heating,21,6,15,14,1,13,4,2,2,3,3,0
S01011485,All people in households,965,259,706,704,54,650,161,110,51,100,95,5
S01011485,No central heating,0,0,0,0,0,0,0,0,0,0,0,0
S01011485,Gas central heating,917,247,670,666,51,615,158,107,51,93,89,4
S01011485,Electric (including storage heaters) central heating,13,5,8,9,1,8,1,1,0,3,3,0
S01011485,Oil central heating,0,0,0,0,0,0,0,0,0,0,0,0
S01011485,Solid fuel (for example wood coal) central heating,0,0,0,0,0,0,0,0,0,0,0,0
S01011485,Other central heating,1,1,0,1,1,0,0,0,0,0,0,0
S01011485,Two or more types of central heating,34,6,28,28,1,27,2,2,0,4,3,1
S01011486,All people in households,562,155,407,415,26,389,86,69,17,61,60,1
S01011486,No central heating,2,0,2,2,0,2,0,0,0,0,0,0
S01011486,Gas central heating,546,148,398,404,23,381,83,67,16,59,58,1
S01011486,Electric (including storage heaters) central heating,4,1,3,3,1,2,1,0,1,0,0,0
S01011486,Oil central heating,1,1,0,0,0,0,1,1,0,0,0,0
S01011486,Solid fuel (for example wood coal) central heating,1,1,0,1,1,0,0,0,0,0,0,0
S01011486,Other central heating,0,0,0,0,0,0,0,0,0,0,0,0
S01011486,Two or more types of central heating,8,4,4,5,1,4,1,1,0,2,2,0
S01011487,All people in households,1090,224,866,880,58,822,132,89,43,78,77,1
S01011487,No central heating,9,0,9,9,0,9,0,0,0,0,0,0
S01011487,Gas central heating,966,177,789,799,50,749,111,72,39,56,55,1
S01011487,Electric (including storage heaters) central heating,76,34,42,46,5,41,14,13,1,16,16,0
S01011487,Oil central heating,0,0,0,0,0,0,0,0,0,0,0,0
S01011487,Solid fuel (for example wood coal) central heating,6,2,4,5,1,4,1,1,0,0,0,0
S01011487,Other central heating,7,2,5,4,0,4,2,1,1,1,1,0
S01011487,Two or more types of central heating,26,9,17,17,2,15,4,2,2,5,5,0
S01011488,All people in households,697,182,515,522,38,484,104,75,29,71,69,2
S01011488,No central heating,3,2,1,2,1,1,0,0,0,1,1,0
S01011488,Gas central heating,655,173,482,490,37,453,101,72,29,64,64,0
S01011488,Electric (including storage heaters) central heating,4,1,3,3,0,3,1,1,0,0,0,0
S01011488,Oil central heating,0,0,0,0,0,0,0,0,0,0,0,0
S01011488,Solid fuel (for example wood coal) central heating,0,0,0,0,0,0,0,0,0,0,0,0
S01011488,Other central heating,3,2,1,1,0,1,0,0,0,2,2,0
S01011488,Two or more types of central heating,32,4,28,26,0,26,2,2,0,4,2,2
S01011489,All people in households,750,86,664,683,37,646,49,31,18,18,18,0
S01011489,No central heating,0,0,0,0,0,0,0,0,0,0,0,0
S01011489,Gas central heating,709,74,635,648,31,617,46,28,18,15,15,0
S01011489,Electric (including storage heaters) central heating,26,9,17,20,3,17,3,3,0,3,3,0
S01011489,Oil central heating,2,1,1,2,1,1,0,0,0,0,0,0
S01011489,Solid fuel (for example wood coal) central heating,0,0,0,0,0,0,0,0,0,0,0,0
S01011489,Other central heating,0,0,0,0,0,0,0,0,0,0,0,0
S01011489,Two or more types of central heating,13,2,11,13,2,11,0,0,0,0,0,0
S01011490,All people in households,956,195,761,754,38,716,120,76,44,82,81,1
S01011490,No central heating,11,0,11,9,0,9,2,0,2,0,0,0
S01011490,Gas central heating,868,173,695,689,32,657,107,70,37,72,71,1
S01011490,Electric (including storage heaters) central heating,50,15,35,36,5,31,10,6,4,4,4,0
S01011490,Oil central heating,0,0,0,0,0,0,0,0,0,0,0,0
S01011490,Solid fuel (for example wood coal) central heating,2,1,1,0,0,0,1,0,1,1,1,0
S01011490,Other central heating,1,0,1,1,0,1,0,0,0,0,0,0
S01011490,Two or more types of central heating,24,6,18,19,1,18,0,0,0,5,5,0
S01011491,All people in households,514,124,390,385,30,355,78,48,30,51,46,5
S01011491,No central heating,5,0,5,5,0,5,0,0,0,0,0,0
S01011491,Gas central heating,455,109,346,343,29,314,71,43,28,41,37,4
S01011491,Electric (including storage heaters) central heating,22,7,15,15,0,15,2,2,0,5,5,0
S01011491,Oil central heating,0,0,0,0,0,0,0,0,0,0,0,0
S01011491,Solid fuel (for example wood coal) central heating,1,0,1,1,0,1,0,0,0,0,0,0
S01011491,Other central heating,2,0,2,1,0,1,0,0,0,1,0,1
S01011491,Two or more types of central heating,29,8,21,20,1,19,5,3,2,4,4,0
S01011492,All people in households,760,164,596,591,38,553,112,70,42,57,56,1
S01011492,No central heating,1,0,1,1,0,1,0,0,0,0,0,0
S01011492,Gas central heating,651,120,531,525,32,493,84,47,37,42,41,1
S01011492,Electric (including storage heaters) central heating,82,39,43,47,6,41,21,19,2,14,14,0
S01011492,Oil central heating,0,0,0,0,0,0,0,0,0,0,0,0
S01011492,Solid fuel (for example wood coal) central heating,0,0,0,0,0,0,0,0,0,0,0,0
S01011492,Other central heating,2,1,1,1,0,1,1,1,0,0,0,0
S01011492,Two or more types of central heating,24,4,20,17,0,17,6,3,3,1,1,0
S01011493,All people in households,545,39,506,518,17,501,17,12,5,10,10,0
S01011493,No central heating,0,0,0,0,0,0,0,0,0,0,0,0
S01011493,Gas central heating,535,38,497,509,17,492,17,12,5,9,9,0
S01011493,Electric (including storage heaters) central heating,0,0,0,0,0,0,0,0,0,0,0,0
S01011493,Oil central heating,0,0,0,0,0,0,0,0,0,0,0,0
S01011493,Solid fuel (for example wood coal) central heating,0,0,0,0,0,0,0,0,0,0,0,0
S01011493,Other central heating,0,0,0,0,0,0,0,0,0,0,0,0
S01011493,Two or more types of central heating,10,1,9,9,0,9,0,0,0,1,1,0
S01011494,All people in households,729,182,547,546,36,510,120,85,35,63,61,2
S01011494,No central heating,0,0,0,0,0,0,0,0,0,0,0,0
S01011494,Gas central heating,689,162,527,527,34,493,110,78,32,52,50,2
S01011494,Electric (including storage heaters) central heating,30,18,12,12,2,10,8,6,2,10,10,0
S01011494,Oil central heating,0,0,0,0,0,0,0,0,0,0,0,0
S01011494,Solid fuel (for example wood coal) central heating,2,0,2,2,0,2,0,0,0,0,0,0
S01011494,Other central heating,4,2,2,1,0,1,2,1,1,1,1,0
S01011494,Two or more types of central heating,4,0,4,4,0,4,0,0,0,0,0,0
S01011495,All people in households,812,200,612,613,47,566,122,80,42,77,73,4
S01011495,No central heating,1,1,0,0,0,0,0,0,0,1,1,0
S01011495,Gas central heating,752,182,570,572,44,528,115,74,41,65,64,1
S01011495,Electric (including storage heaters) central heating,26,9,17,16,1,15,5,5,0,5,3,2
S01011495,Oil central heating,0,0,0,0,0,0,0,0,0,0,0,0
S01011495,Solid fuel (for example wood coal) central heating,4,0,4,4,0,4,0,0,0,0,0,0
S01011495,Other central heating,0,0,0,0,0,0,0,0,0,0,0,0
S01011495,Two or more types of central heating,29,8,21,21,2,19,2,1,1,6,5,1
S01011496,All people in households,649,147,502,496,21,475,75,49,26,78,77,1
S01011496,No central heating,1,0,1,1,0,1,0,0,0,0,0,0
S01011496,Gas central heating,568,122,446,440,17,423,63,41,22,65,64,1
S01011496,Electric (including storage heaters) central heating,49,17,32,33,4,29,8,5,3,8,8,0
S01011496,Oil central heating,0,0,0,0,0,0,0,0,0,0,0,0
S01011496,Solid fuel (for example wood coal) central heating,0,0,0,0,0,0,0,0,0,0,0,0
S01011496,Other central heating,0,0,0,0,0,0,0,0,0,0,0,0
S01011496,Two or more types of central heating,31,8,23,22,0,22,4,3,1,5,5,0
S01011497,All people in households,617,72,545,549,32,517,49,21,28,19,19,0
S01011497,No central heating,3,0,3,2,0,2,1,0,1,0,0,0
S01011497,Gas central heating,583,70,513,518,32,486,47,20,27,18,18,0
S01011497,Electric (including storage heaters) central heating,4,1,3,3,0,3,0,0,0,1,1,0
S01011497,Oil central heating,10,0,10,10,0,10,0,0,0,0,0,0
S01011497,Solid fuel (for example wood coal) central heating,0,0,0,0,0,0,0,0,0,0,0,0
S01011497,Other central heating,1,1,0,0,0,0,1,1,0,0,0,0
S01011497,Two or more types of central heating,16,0,16,16,0,16,0,0,0,0,0,0
S01011498,All people in households,672,58,614,619,20,599,37,22,15,16,16,0
S01011498,No central heating,0,0,0,0,0,0,0,0,0,0,0,0
S01011498,Gas central heating,667,58,609,614,20,594,37,22,15,16,16,0
S01011498,Electric (including storage heaters) central heating,0,0,0,0,0,0,0,0,0,0,0,0
S01011498,Oil central heating,0,0,0,0,0,0,0,0,0,0,0,0
S01011498,Solid fuel (for example wood coal) central heating,0,0,0,0,0,0,0,0,0,0,0,0
S01011498,Other central heating,0,0,0,0,0,0,0,0,0,0,0,0
S01011498,Two or more types of central heating,5,0,5,5,0,5,0,0,0,0,0,0
S01011499,All people in households,806,159,647,650,37,613,100,67,33,56,55,1
S01011499,No central heating,10,0,10,9,0,9,1,0,1,0,0,0
S01011499,Gas central heating,744,138,606,607,30,577,88,60,28,49,48,1
S01011499,Electric (including storage heaters) central heating,45,17,28,31,6,25,8,5,3,6,6,0
S01011499,Oil central heating,5,2,3,2,0,2,3,2,1,0,0,0
S01011499,Solid fuel (for example wood coal) central heating,0,0,0,0,0,0,0,0,0,0,0,0
S01011499,Other central heating,0,0,0,0,0,0,0,0,0,0,0,0
S01011499,Two or more types of central heating,2,2,0,1,1,0,0,0,0,1,1,0
S01011500,All people in households,512,119,393,400,29,371,66,48,18,46,42,4
S01011500,No central heating,8,0,8,7,0,7,0,0,0,1,0,1
S01011500,Gas central heating,476,108,368,376,28,348,57,40,17,43,40,3
S01011500,Electric (including storage heaters) central heating,19,9,10,11,1,10,6,6,0,2,2,0
S01011500,Oil central heating,0,0,0,0,0,0,0,0,0,0,0,0
S01011500,Solid fuel (for example wood coal) central heating,0,0,0,0,0,0,0,0,0,0,0,0
S01011500,Other central heating,0,0,0,0,0,0,0,0,0,0,0,0
S01011500,Two or more types of central heating,9,2,7,6,0,6,3,2,1,0,0,0
S01011501,All people in households,673,186,487,502,39,463,97,74,23,74,73,1
S01011501,No central heating,6,2,4,3,0,3,2,1,1,1,1,0
S01011501,Gas central heating,622,171,451,467,35,432,88,69,19,67,67,0
S01011501,Electric (including storage heaters) central heating,33,11,22,22,3,19,6,4,2,5,4,1
S01011501,Oil central heating,0,0,0,0,0,0,0,0,0,0,0,0
S01011501,Solid fuel (for example wood coal) central heating,0,0,0,0,0,0,0,0,0,0,0,0
S01011501,Other central heating,1,0,1,1,0,1,0,0,0,0,0,0
S01011501,Two or more types of central heating,11,2,9,9,1,8,1,0,1,1,1,0
S01011502,All people in households,755,164,591,595,37,558,112,81,31,48,46,2
S01011502,No central heating,5,4,1,1,0,1,1,1,0,3,3,0
S01011502,Gas central heating,667,139,528,536,34,502,96,71,25,35,34,1
S01011502,Electric (including storage heaters) central heating,64,17,47,45,3,42,12,7,5,7,7,0
S01011502,Oil central heating,0,0,0,0,0,0,0,0,0,0,0,0
S01011502,Solid fuel (for example wood coal) central heating,3,0,3,3,0,3,0,0,0,0,0,0
S01011502,Other central heating,1,1,0,0,0,0,0,0,0,1,1,0
S01011502,Two or more types of central heating,15,3,12,10,0,10,3,2,1,2,1,1
S01011503,All people in households,641,148,493,490,32,458,91,59,32,60,57,3
S01011503,No central heating,7,3,4,3,0,3,1,0,1,3,3,0
S01011503,Gas central heating,535,120,415,411,25,386,73,47,26,51,48,3
S01011503,Electric (including storage heaters) central heating,75,21,54,57,7,50,14,10,4,4,4,0
S01011503,Oil central heating,0,0,0,0,0,0,0,0,0,0,0,0
S01011503,Solid fuel (for example wood coal) central heating,2,1,1,0,0,0,2,1,1,0,0,0
S01011503,Other central heating,13,1,12,12,0,12,1,1,0,0,0,0
S01011503,Two or more types of central heating,9,2,7,7,0,7,0,0,0,2,2,0
S01011504,All people in households,578,141,437,440,34,406,73,43,30,65,64,1
S01011504,No central heating,13,1,12,12,0,12,1,1,0,0,0,0
S01011504,Gas central heating,536,130,406,411,31,380,66,40,26,59,59,0
S01011504,Electric (including storage heaters) central heating,8,4,4,6,2,4,1,1,0,1,1,0
S01011504,Oil central heating,0,0,0,0,0,0,0,0,0,0,0,0
S01011504,Solid fuel (for example wood coal) central heating,2,0,2,2,0,2,0,0,0,0,0,0
S01011504,Other central heating,1,0,1,0,0,0,1,0,1,0,0,0
S01011504,Two or more types of central heating,18,6,12,9,1,8,4,1,3,5,4,1
S01011505,All people in households,698,161,537,542,34,508,88,60,28,68,67,1
S01011505,No central heating,8,0,8,8,0,8,0,0,0,0,0,0
S01011505,Gas central heating,644,146,498,506,34,472,79,54,25,59,58,1
S01011505,Electric (including storage heaters) central heating,20,6,14,13,0,13,4,3,1,3,3,0
S01011505,Oil central heating,0,0,0,0,0,0,0,0,0,0,0,0
S01011505,Solid fuel (for example wood coal) central heating,0,0,0,0,0,0,0,0,0,0,0,0
S01011505,Other central heating,5,2,3,2,0,2,2,1,1,1,1,0
S01011505,Two or more types of central heating,21,7,14,13,0,13,3,2,1,5,5,0
S01011506,All people in households,503,139,364,370,29,341,86,63,23,47,47,0
S01011506,No central heating,0,0,0,0,0,0,0,0,0,0,0,0
S01011506,Gas central heating,488,135,353,357,26,331,85,63,22,46,46,0
S01011506,Electric (including storage heaters) central heating,12,3,9,10,2,8,1,0,1,1,1,0
S01011506,Oil central heating,0,0,0,0,0,0,0,0,0,0,0,0
S01011506,Solid fuel (for example wood coal) central heating,0,0,0,0,0,0,0,0,0,0,0,0
S01011506,Other central heating,3,1,2,3,1,2,0,0,0,0,0,0
S01011506,Two or more types of central heating,0,0,0,0,0,0,0,0,0,0,0,0
S01011507,All people in households,612,161,451,461,41,420,99,70,29,52,50,2
S01011507,No central heating,2,1,1,1,0,1,1,1,0,0,0,0
S01011507,Gas central heating,557,141,416,426,34,392,84,62,22,47,45,2
S01011507,Electric (including storage heaters) central heating,36,14,22,22,4,18,10,6,4,4,4,0
S01011507,Oil central heating,0,0,0,0,0,0,0,0,0,0,0,0
S01011507,Solid fuel (for example wood coal) central heating,9,2,7,7,2,5,2,0,2,0,0,0
S01011507,Other central heating,0,0,0,0,0,0,0,0,0,0,0,0
S01011507,Two or more types of central heating,8,3,5,5,1,4,2,1,1,1,1,0
S01011508,All people in households,962,151,811,792,36,756,119,71,48,51,44,7
S01011508,No central heating,3,1,2,3,1,2,0,0,0,0,0,0
S01011508,Gas central heating,898,136,762,746,31,715,106,66,40,46,39,7
S01011508,Electric (including storage heaters) central heating,52,12,40,37,4,33,11,4,7,4,4,0
S01011508,Oil central heating,0,0,0,0,0,0,0,0,0,0,0,0
S01011508,Solid fuel (for example wood coal) central heating,0,0,0,0,0,0,0,0,0,0,0,0
S01011508,Other central heating,0,0,0,0,0,0,0,0,0,0,0,0
S01011508,Two or more types of central heating,9,2,7,6,0,6,2,1,1,1,1,0
S01011509,All people in households,610,120,490,484,21,463,86,60,26,40,39,1
S01011509,No central heating,1,1,0,0,0,0,0,0,0,1,1,0
S01011509,Gas central heating,579,106,473,470,21,449,75,51,24,34,34,0
S01011509,Electric (including storage heaters) central heating,21,8,13,12,0,12,9,8,1,0,0,0
S01011509,Oil central heating,0,0,0,0,0,0,0,0,0,0,0,0
S01011509,Solid fuel (for example wood coal) central heating,0,0,0,0,0,0,0,0,0,0,0,0
S01011509,Other central heating,1,0,1,1,0,1,0,0,0,0,0,0
S01011509,Two or more types of central heating,8,5,3,1,0,1,2,1,1,5,4,1
S01011510,All people in households,1122,215,907,921,64,857,137,87,50,64,64,0
S01011510,No central heating,0,0,0,0,0,0,0,0,0,0,0,0
S01011510,Gas central heating,1061,195,866,884,62,822,118,74,44,59,59,0
S01011510,Electric (including storage heaters) central heating,45,18,27,23,2,21,18,12,6,4,4,0
S01011510,Oil central heating,0,0,0,0,0,0,0,0,0,0,0,0
S01011510,Solid fuel (for example wood coal) central heating,6,0,6,6,0,6,0,0,0,0,0,0
S01011510,Other central heating,2,0,2,2,0,2,0,0,0,0,0,0
S01011510,Two or more types of central heating,8,2,6,6,0,6,1,1,0,1,1,0
S01011511,All people in households,524,131,393,387,28,359,83,53,30,54,50,4
S01011511,No central heating,5,3,2,3,1,2,2,2,0,0,0,0
S01011511,Gas central heating,451,100,351,345,24,321,60,34,26,46,42,4
S01011511,Electric (including storage heaters) central heating,43,17,26,26,3,23,14,11,3,3,3,0
S01011511,Oil central heating,0,0,0,0,0,0,0,0,0,0,0,0
S01011511,Solid fuel (for example wood coal) central heating,5,4,1,1,0,1,3,3,0,1,1,0
S01011511,Other central heating,0,0,0,0,0,0,0,0,0,0,0,0
S01011511,Two or more types of central heating,20,7,13,12,0,12,4,3,1,4,4,0
S01011512,All people in households,951,214,737,719,34,685,133,84,49,99,96,3
S01011512,No central heating,5,1,4,4,0,4,1,1,0,0,0,0
S01011512,Gas central heating,751,151,600,588,26,562,96,60,36,67,65,2
S01011512,Electric (including storage heaters) central heating,153,50,103,97,7,90,31,19,12,25,24,1
S01011512,Oil central heating,0,0,0,0,0,0,0,0,0,0,0,0
S01011512,Solid fuel (for example wood coal) central heating,0,0,0,0,0,0,0,0,0,0,0,0
S01011512,Other central heating,0,0,0,0,0,0,0,0,0,0,0,0
S01011512,Two or more types of central heating,42,12,30,30,1,29,5,4,1,7,7,0
S01011513,All people in households,774,195,579,566,32,534,126,83,43,82,80,2
S01011513,No central heating,1,0,1,0,0,0,1,0,1,0,0,0
S01011513,Gas central heating,730,184,546,537,30,507,117,80,37,76,74,2
S01011513,Electric (including storage heaters) central heating,18,3,15,12,0,12,5,2,3,1,1,0
S01011513,Oil central heating,0,0,0,0,0,0,0,0,0,0,0,0
S01011513,Solid fuel (for example wood coal) central heating,1,1,0,1,1,0,0,0,0,0,0,0
S01011513,Other central heating,2,1,1,1,0,1,0,0,0,1,1,0
S01011513,Two or more types of central heating,22,6,16,15,1,14,3,1,2,4,4,0
S01011514,All people in households,954,225,729,730,51,679,157,108,49,67,66,1
S01011514,No central heating,6,4,2,5,3,2,1,1,0,0,0,0
S01011514,Gas central heating,885,207,678,679,47,632,144,99,45,62,61,1
S01011514,Electric (including storage heaters) central heating,22,6,16,15,0,15,6,5,1,1,1,0
S01011514,Oil central heating,0,0,0,0,0,0,0,0,0,0,0,0
S01011514,Solid fuel (for example wood coal) central heating,0,0,0,0,0,0,0,0,0,0,0,0
S01011514,Other central heating,7,5,2,2,1,1,3,2,1,2,2,0
S01011514,Two or more types of central heating,34,3,31,29,0,29,3,1,2,2,2,0
S01011515,All people in households,522,96,426,418,17,401,71,47,24,33,32,1
S01011515,No central heating,36,6,30,30,1,29,3,2,1,3,3,0
S01011515,Gas central heating,325,69,256,256,13,243,51,38,13,18,18,0
S01011515,Electric (including storage heaters) central heating,146,21,125,119,3,116,16,7,9,11,11,0
S01011515,Oil central heating,2,0,2,2,0,2,0,0,0,0,0,0
S01011515,Solid fuel (for example wood coal) central heating,0,0,0,0,0,0,0,0,0,0,0,0
S01011515,Other central heating,2,0,2,2,0,2,0,0,0,0,0,0
S01011515,Two or more types of central heating,11,0,11,9,0,9,1,0,1,1,0,1
S01011516,All people in households,887,106,781,778,26,752,74,46,28,35,34,1
S01011516,No central heating,6,1,5,5,0,5,1,1,0,0,0,0
S01011516,Gas central heating,856,98,758,755,25,730,71,44,27,30,29,1
S01011516,Electric (including storage heaters) central heating,8,1,7,7,0,7,0,0,0,1,1,0
S01011516,Oil central heating,0,0,0,0,0,0,0,0,0,0,0,0
S01011516,Solid fuel (for example wood coal) central heating,0,0,0,0,0,0,0,0,0,0,0,0
S01011516,Other central heating,3,3,0,1,1,0,1,1,0,1,1,0
S01011516,Two or more types of central heating,14,3,11,10,0,10,1,0,1,3,3,0
S01011517,All people in households,565,137,428,405,15,390,104,68,36,56,54,2
S01011517,No central heating,6,2,4,2,0,2,3,1,2,1,1,0
S01011517,Gas central heating,536,130,406,389,15,374,93,62,31,54,53,1
S01011517,Electric (including storage heaters) central heating,11,3,8,6,0,6,5,3,2,0,0,0
S01011517,Oil central heating,0,0,0,0,0,0,0,0,0,0,0,0
S01011517,Solid fuel (for example wood coal) central heating,4,0,4,4,0,4,0,0,0,0,0,0
S01011517,Other central heating,0,0,0,0,0,0,0,0,0,0,0,0
S01011517,Two or more types of central heating,8,2,6,4,0,4,3,2,1,1,0,1
S01011518,All people in households,661,204,457,455,42,413,128,89,39,78,73,5
S01011518,No central heating,4,0,4,3,0,3,1,0,1,0,0,0
S01011518,Gas central heating,591,167,424,419,34,385,105,69,36,67,64,3
S01011518,Electric (including storage heaters) central heating,54,35,19,25,8,17,19,19,0,10,8,2
S01011518,Oil central heating,0,0,0,0,0,0,0,0,0,0,0,0
S01011518,Solid fuel (for example wood coal) central heating,0,0,0,0,0,0,0,0,0,0,0,0
S01011518,Other central heating,0,0,0,0,0,0,0,0,0,0,0,0
S01011518,Two or more types of central heating,12,2,10,8,0,8,3,1,2,1,1,0
S01011519,All people in households,781,179,602,606,31,575,103,78,25,72,70,2
S01011519,No central heating,11,2,9,9,0,9,2,2,0,0,0,0
S01011519,Gas central heating,748,173,575,581,31,550,97,74,23,70,68,2
S01011519,Electric (including storage heaters) central heating,14,0,14,13,0,13,1,0,1,0,0,0
S01011519,Oil central heating,0,0,0,0,0,0,0,0,0,0,0,0
S01011519,Solid fuel (for example wood coal) central heating,0,0,0,0,0,0,0,0,0,0,0,0
S01011519,Other central heating,2,1,1,1,0,1,0,0,0,1,1,0
S01011519,Two or more types of central heating,6,3,3,2,0,2,3,2,1,1,1,0
S01011520,All people in households,596,169,427,423,29,394,101,71,30,72,69,3
S01011520,No central heating,3,1,2,2,1,1,1,0,1,0,0,0
S01011520,Gas central heating,553,155,398,392,25,367,92,64,28,69,66,3
S01011520,Electric (including storage heaters) central heating,7,2,5,5,0,5,2,2,0,0,0,0
S01011520,Oil central heating,2,1,1,2,1,1,0,0,0,0,0,0
S01011520,Solid fuel (for example wood coal) central heating,8,3,5,5,0,5,3,3,0,0,0,0
S01011520,Other central heating,3,1,2,1,0,1,1,0,1,1,1,0
S01011520,Two or more types of central heating,20,6,14,16,2,14,2,2,0,2,2,0
S01011521,All people in households,967,214,753,739,49,690,151,91,60,77,74,3
S01011521,No central heating,12,2,10,11,2,9,1,0,1,0,0,0
S01011521,Gas central heating,910,196,714,698,45,653,143,85,58,69,66,3
S01011521,Electric (including storage heaters) central heating,27,7,20,19,0,19,3,2,1,5,5,0
S01011521,Oil central heating,0,0,0,0,0,0,0,0,0,0,0,0
S01011521,Solid fuel (for example wood coal) central heating,0,0,0,0,0,0,0,0,0,0,0,0
S01011521,Other central heating,2,2,0,0,0,0,1,1,0,1,1,0
S01011521,Two or more types of central heating,16,7,9,11,2,9,3,3,0,2,2,0
S01011522,All people in households,891,256,635,633,49,584,163,112,51,95,95,0
S01011522,No central heating,1,1,0,0,0,0,1,1,0,0,0,0
S01011522,Gas central heating,795,225,570,566,45,521,148,99,49,81,81,0
S01011522,Electric (including storage heaters) central heating,76,26,50,53,4,49,13,12,1,10,10,0
S01011522,Oil central heating,0,0,0,0,0,0,0,0,0,0,0,0
S01011522,Solid fuel (for example wood coal) central heating,0,0,0,0,0,0,0,0,0,0,0,0
S01011522,Other central heating,1,0,1,1,0,1,0,0,0,0,0,0
S01011522,Two or more types of central heating,18,4,14,13,0,13,1,0,1,4,4,0
S01011523,All people in households,741,155,586,572,35,537,111,64,47,58,56,2
S01011523,No central heating,21,8,13,14,1,13,2,2,0,5,5,0
S01011523,Gas central heating,606,130,476,468,29,439,93,56,37,45,45,0
S01011523,Electric (including storage heaters) central heating,111,17,94,89,5,84,15,6,9,7,6,1
S01011523,Oil central heating,0,0,0,0,0,0,0,0,0,0,0,0
S01011523,Solid fuel (for example wood coal) central heating,0,0,0,0,0,0,0,0,0,0,0,0
S01011523,Other central heating,0,0,0,0,0,0,0,0,0,0,0,0
S01011523,Two or more types of central heating,3,0,3,1,0,1,1,0,1,1,0,1
S01011524,All people in households,890,167,723,727,40,687,121,86,35,42,41,1
S01011524,No central heating,1,0,1,1,0,1,0,0,0,0,0,0
S01011524,Gas central heating,842,158,684,689,39,650,112,79,33,41,40,1
S01011524,Electric (including storage heaters) central heating,43,9,34,33,1,32,9,7,2,1,1,0
S01011524,Oil central heating,0,0,0,0,0,0,0,0,0,0,0,0
S01011524,Solid fuel (for example wood coal) central heating,0,0,0,0,0,0,0,0,0,0,0,0
S01011524,Other central heating,0,0,0,0,0,0,0,0,0,0,0,0
S01011524,Two or more types of central heating,4,0,4,4,0,4,0,0,0,0,0,0
S01011525,All people in households,873,143,730,722,29,693,92,57,35,59,57,2
S01011525,No central heating,6,1,5,4,0,4,2,1,1,0,0,0
S01011525,Gas central heating,798,130,668,659,25,634,85,53,32,54,52,2
S01011525,Electric (including storage heaters) central heating,57,9,48,48,2,46,4,2,2,5,5,0
S01011525,Oil central heating,0,0,0,0,0,0,0,0,0,0,0,0
S01011525,Solid fuel (for example wood coal) central heating,3,0,3,3,0,3,0,0,0,0,0,0
S01011525,Other central heating,1,0,1,1,0,1,0,0,0,0,0,0
S01011525,Two or more types of central heating,8,3,5,7,2,5,1,1,0,0,0,0
S01011526,All people in households,1018,197,821,809,43,766,137,85,52,72,69,3
S01011526,No central heating,11,1,10,11,1,10,0,0,0,0,0,0
S01011526,Gas central heating,942,176,766,761,42,719,121,77,44,60,57,3
S01011526,Electric (including storage heaters) central heating,46,10,36,30,0,30,11,5,6,5,5,0
S01011526,Oil central heating,0,0,0,0,0,0,0,0,0,0,0,0
S01011526,Solid fuel (for example wood coal) central heating,0,0,0,0,0,0,0,0,0,0,0,0
S01011526,Other central heating,6,2,4,2,0,2,2,0,2,2,2,0
S01011526,Two or more types of central heating,13,8,5,5,0,5,3,3,0,5,5,0
S01011527,All people in households,704,131,573,579,46,533,92,52,40,33,33,0
S01011527,No central heating,2,1,1,2,1,1,0,0,0,0,0,0
S01011527,Gas central heating,681,124,557,559,41,518,89,50,39,33,33,0
S01011527,Electric (including storage heaters) central heating,14,5,9,12,4,8,2,1,1,0,0,0
S01011527,Oil central heating,2,0,2,2,0,2,0,0,0,0,0,0
S01011527,Solid fuel (for example wood coal) central heating,0,0,0,0,0,0,0,0,0,0,0,0
S01011527,Other central heating,0,0,0,0,0,0,0,0,0,0,0,0
S01011527,Two or more types of central heating,5,1,4,4,0,4,1,1,0,0,0,0
S01011528,All people in households,974,269,705,696,55,641,192,131,61,86,83,3
S01011528,No central heating,2,0,2,2,0,2,0,0,0,0,0,0
S01011528,Gas central heating,891,240,651,641,49,592,175,118,57,75,73,2
S01011528,Electric (including storage heaters) central heating,48,22,26,30,6,24,12,11,1,6,5,1
S01011528,Oil central heating,2,0,2,2,0,2,0,0,0,0,0,0
S01011528,Solid fuel (for example wood coal) central heating,0,0,0,0,0,0,0,0,0,0,0,0
S01011528,Other central heating,1,1,0,0,0,0,0,0,0,1,1,0
S01011528,Two or more types of central heating,30,6,24,21,0,21,5,2,3,4,4,0
S01011529,All people in households,529,149,380,385,35,350,80,52,28,64,62,2
S01011529,No central heating,3,2,1,1,0,1,1,1,0,1,1,0
S01011529,Gas central heating,430,118,312,313,26,287,64,41,23,53,51,2
S01011529,Electric (including storage heaters) central heating,81,23,58,62,9,53,11,6,5,8,8,0
S01011529,Oil central heating,0,0,0,0,0,0,0,0,0,0,0,0
S01011529,Solid fuel (for example wood coal) central heating,0,0,0,0,0,0,0,0,0,0,0,0
S01011529,Other central heating,0,0,0,0,0,0,0,0,0,0,0,0
S01011529,Two or more types of central heating,15,6,9,9,0,9,4,4,0,2,2,0
S01011530,All people in households,947,254,693,671,45,626,180,116,64,96,93,3
S01011530,No central heating,7,1,6,5,0,5,1,0,1,1,1,0
S01011530,Gas central heating,799,207,592,577,38,539,146,96,50,76,73,3
S01011530,Electric (including storage heaters) central heating,120,40,80,77,6,71,25,16,9,18,18,0
S01011530,Oil central heating,0,0,0,0,0,0,0,0,0,0,0,0
S01011530,Solid fuel (for example wood coal) central heating,2,0,2,2,0,2,0,0,0,0,0,0
S01011530,Other central heating,2,1,1,0,0,0,2,1,1,0,0,0
S01011530,Two or more types of central heating,17,5,12,10,1,9,6,3,3,1,1,0
S01011531,All people in households,1100,230,870,885,62,823,144,98,46,71,70,1
S01011531,No central heating,6,1,5,5,0,5,0,0,0,1,1,0
S01011531,Gas central heating,1054,212,842,850,55,795,137,91,46,67,66,1
S01011531,Electric (including storage heaters) central heating,28,12,16,20,4,16,7,7,0,1,1,0
S01011531,Oil central heating,0,0,0,0,0,0,0,0,0,0,0,0
S01011531,Solid fuel (for example wood coal) central heating,0,0,0,0,0,0,0,0,0,0,0,0
S01011531,Other central heating,0,0,0,0,0,0,0,0,0,0,0,0
S01011531,Two or more types of central heating,12,5,7,10,3,7,0,0,0,2,2,0
S01011532,All people in households,652,76,576,569,18,551,61,36,25,22,22,0
S01011532,No central heating,1,0,1,0,0,0,1,0,1,0,0,0
S01011532,Gas central heating,632,74,558,552,18,534,58,34,24,22,22,0
S01011532,Electric (including storage heaters) central heating,4,1,3,3,0,3,1,1,0,0,0,0
S01011532,Oil central heating,0,0,0,0,0,0,0,0,0,0,0,0
S01011532,Solid fuel (for example wood coal) central heating,0,0,0,0,0,0,0,0,0,0,0,0
S01011532,Other central heating,0,0,0,0,0,0,0,0,0,0,0,0
S01011532,Two or more types of central heating,15,1,14,14,0,14,1,1,0,0,0,0
S01011533,All people in households,626,193,433,431,31,400,113,82,31,82,80,2
S01011533,No central heating,11,2,9,10,1,9,1,1,0,0,0,0
S01011533,Gas central heating,578,179,399,398,27,371,102,76,26,78,76,2
S01011533,Electric (including storage heaters) central heating,3,2,1,1,0,1,2,2,0,0,0,0
S01011533,Oil central heating,0,0,0,0,0,0,0,0,0,0,0,0
S01011533,Solid fuel (for example wood coal) central heating,2,1,1,2,1,1,0,0,0,0,0,0
S01011533,Other central heating,14,6,8,8,2,6,4,2,2,2,2,0
S01011533,Two or more types of central heating,18,3,15,12,0,12,4,1,3,2,2,0
S01011534,All people in households,766,179,587,590,33,557,92,63,29,84,83,1
S01011534,No central heating,3,0,3,3,0,3,0,0,0,0,0,0
S01011534,Gas central heating,749,179,570,574,33,541,91,63,28,84,83,1
S01011534,Electric (including storage heaters) central heating,8,0,8,7,0,7,1,0,1,0,0,0
S01011534,Oil central heating,0,0,0,0,0,0,0,0,0,0,0,0
S01011534,Solid fuel (for example wood coal) central heating,0,0,0,0,0,0,0,0,0,0,0,0
S01011534,Other central heating,0,0,0,0,0,0,0,0,0,0,0,0
S01011534,Two or more types of central heating,6,0,6,6,0,6,0,0,0,0,0,0
S01011535,All people in households,862,268,594,599,51,548,156,112,44,107,105,2
S01011535,No central heating,0,0,0,0,0,0,0,0,0,0,0,0
S01011535,Gas central heating,810,251,559,561,48,513,146,102,44,103,101,2
S01011535,Electric (including storage heaters) central heating,20,8,12,14,2,12,3,3,0,3,3,0
S01011535,Oil central heating,0,0,0,0,0,0,0,0,0,0,0,0
S01011535,Solid fuel (for example wood coal) central heating,0,0,0,0,0,0,0,0,0,0,0,0
S01011535,Other central heating,4,0,4,4,0,4,0,0,0,0,0,0
S01011535,Two or more types of central heating,28,9,19,20,1,19,7,7,0,1,1,0
S01011536,All people in households,674,91,583,587,30,557,66,41,25,21,20,1
S01011536,No central heating,7,4,3,3,0,3,0,0,0,4,4,0
S01011536,Gas central heating,622,74,548,549,26,523,58,34,24,15,14,1
S01011536,Electric (including storage heaters) central heating,39,11,28,30,3,27,8,7,1,1,1,0
S01011536,Oil central heating,0,0,0,0,0,0,0,0,0,0,0,0
S01011536,Solid fuel (for example wood coal) central heating,0,0,0,0,0,0,0,0,0,0,0,0
S01011536,Other central heating,0,0,0,0,0,0,0,0,0,0,0,0
S01011536,Two or more types of central heating,6,2,4,5,1,4,0,0,0,1,1,0
S01011537,All people in households,530,58,472,473,17,456,40,25,15,17,16,1
S01011537,No central heating,10,3,7,7,1,6,1,0,1,2,2,0
S01011537,Gas central heating,490,51,439,440,15,425,36,22,14,14,14,0
S01011537,Electric (including storage heaters) central heating,23,4,19,19,1,18,3,3,0,1,0,1
S01011537,Oil central heating,0,0,0,0,0,0,0,0,0,0,0,0
S01011537,Solid fuel (for example wood coal) central heating,0,0,0,0,0,0,0,0,0,0,0,0
S01011537,Other central heating,0,0,0,0,0,0,0,0,0,0,0,0
S01011537,Two or more types of central heating,7,0,7,7,0,7,0,0,0,0,0,0
S01011538,All people in households,655,84,571,573,24,549,59,37,22,23,23,0
S01011538,No central heating,7,0,7,6,0,6,1,0,1,0,0,0
S01011538,Gas central heating,624,77,547,548,21,527,56,36,20,20,20,0
S01011538,Electric (including storage heaters) central heating,19,5,14,16,3,13,2,1,1,1,1,0
S01011538,Oil central heating,0,0,0,0,0,0,0,0,0,0,0,0
S01011538,Solid fuel (for example wood coal) central heating,0,0,0,0,0,0,0,0,0,0,0,0
S01011538,Other central heating,0,0,0,0,0,0,0,0,0,0,0,0
S01011538,Two or more types of central heating,5,2,3,3,0,3,0,0,0,2,2,0
S01011539,All people in households,738,195,543,541,45,496,124,80,44,73,70,3
S01011539,No central heating,7,2,5,2,1,1,4,1,3,1,0,1
S01011539,Gas central heating,700,188,512,512,43,469,119,78,41,69,67,2
S01011539,Electric (including storage heaters) central heating,12,2,10,11,1,10,0,0,0,1,1,0
S01011539,Oil central heating,0,0,0,0,0,0,0,0,0,0,0,0
S01011539,Solid fuel (for example wood coal) central heating,0,0,0,0,0,0,0,0,0,0,0,0
S01011539,Other central heating,2,1,1,1,0,1,0,0,0,1,1,0
S01011539,Two or more types of central heating,17,2,15,15,0,15,1,1,0,1,1,0
S01011540,All people in households,1052,242,810,811,57,754,149,93,56,92,92,0
S01011540,No central heating,5,3,2,3,1,2,1,1,0,1,1,0
S01011540,Gas central heating,1005,227,778,775,52,723,142,87,55,88,88,0
S01011540,Electric (including storage heaters) central heating,14,1,13,14,1,13,0,0,0,0,0,0
S01011540,Oil central heating,0,0,0,0,0,0,0,0,0,0,0,0
S01011540,Solid fuel (for example wood coal) central heating,4,3,1,1,0,1,2,2,0,1,1,0
S01011540,Other central heating,0,0,0,0,0,0,0,0,0,0,0,0
S01011540,Two or more types of central heating,24,8,16,18,3,15,4,3,1,2,2,0
S01011541,All people in households,937,191,746,740,41,699,130,84,46,67,66,1
S01011541,No central heating,7,2,5,5,0,5,1,1,0,1,1,0
S01011541,Gas central heating,878,174,704,699,38,661,116,74,42,63,62,1
S01011541,Electric (including storage heaters) central heating,15,2,13,11,0,11,4,2,2,0,0,0
S01011541,Oil central heating,0,0,0,0,0,0,0,0,0,0,0,0
S01011541,Solid fuel (for example wood coal) central heating,2,0,2,1,0,1,1,0,1,0,0,0
S01011541,Other central heating,1,0,1,1,0,1,0,0,0,0,0,0
S01011541,Two or more types of central heating,34,13,21,23,3,20,8,7,1,3,3,0
S01011542,All people in households,929,201,728,735,54,681,122,76,46,72,71,1
S01011542,No central heating,1,0,1,1,0,1,0,0,0,0,0,0
S01011542,Gas central heating,826,188,638,645,49,596,114,73,41,67,66,1
S01011542,Electric (including storage heaters) central heating,72,9,63,65,4,61,4,2,2,3,3,0
S01011542,Oil central heating,0,0,0,0,0,0,0,0,0,0,0,0
S01011542,Solid fuel (for example wood coal) central heating,3,1,2,2,1,1,1,0,1,0,0,0
S01011542,Other central heating,3,1,2,2,0,2,0,0,0,1,1,0
S01011542,Two or more types of central heating,24,2,22,20,0,20,3,1,2,1,1,0
S01011543,All people in households,810,177,633,644,48,596,97,61,36,69,68,1
S01011543,No central heating,8,2,6,6,1,5,1,0,1,1,1,0
S01011543,Gas central heating,760,163,597,609,44,565,87,56,31,64,63,1
S01011543,Electric (including storage heaters) central heating,17,5,12,12,2,10,4,2,2,1,1,0
S01011543,Oil central heating,0,0,0,0,0,0,0,0,0,0,0,0
S01011543,Solid fuel (for example wood coal) central heating,6,1,5,4,0,4,2,1,1,0,0,0
S01011543,Other central heating,4,2,2,2,0,2,0,0,0,2,2,0
S01011543,Two or more types of central heating,15,4,11,11,1,10,3,2,1,1,1,0
S01011544,All people in households,673,191,482,481,34,447,116,83,33,76,74,2
S01011544,No central heating,5,3,2,2,0,2,0,0,0,3,3,0
S01011544,Gas central heating,639,178,461,459,30,429,113,83,30,67,65,2
S01011544,Electric (including storage heaters) central heating,9,4,5,7,2,5,0,0,0,2,2,0
S01011544,Oil central heating,3,1,2,1,0,1,1,0,1,1,1,0
S01011544,Solid fuel (for example wood coal) central heating,3,1,2,1,0,1,1,0,1,1,1,0
S01011544,Other central heating,0,0,0,0,0,0,0,0,0,0,0,0
S01011544,Two or more types of central heating,14,4,10,11,2,9,1,0,1,2,2,0
S01011545,All people in households,572,153,419,424,31,393,96,70,26,52,52,0
S01011545,No central heating,2,1,1,2,1,1,0,0,0,0,0,0
S01011545,Gas central heating,551,144,407,409,27,382,93,68,25,49,49,0
S01011545,Electric (including storage heaters) central heating,12,5,7,9,3,6,3,2,1,0,0,0
S01011545,Oil central heating,0,0,0,0,0,0,0,0,0,0,0,0
S01011545,Solid fuel (for example wood coal) central heating,0,0,0,0,0,0,0,0,0,0,0,0
S01011545,Other central heating,2,0,2,2,0,2,0,0,0,0,0,0
S01011545,Two or more types of central heating,5,3,2,2,0,2,0,0,0,3,3,0
S01011546,All people in households,747,57,690,688,19,669,46,25,21,13,13,0
S01011546,No central heating,0,0,0,0,0,0,0,0,0,0,0,0
S01011546,Gas central heating,717,50,667,663,17,646,41,20,21,13,13,0
S01011546,Electric (including storage heaters) central heating,7,2,5,5,0,5,2,2,0,0,0,0
S01011546,Oil central heating,0,0,0,0,0,0,0,0,0,0,0,0
S01011546,Solid fuel (for example wood coal) central heating,0,0,0,0,0,0,0,0,0,0,0,0
S01011546,Other central heating,7,2,5,5,0,5,2,2,0,0,0,0
S01011546,Two or more types of central heating,16,3,13,15,2,13,1,1,0,0,0,0
S01011547,All people in households,609,53,556,559,18,541,36,22,14,14,13,1
S01011547,No central heating,5,0,5,5,0,5,0,0,0,0,0,0
S01011547,Gas central heating,594,52,542,545,17,528,35,22,13,14,13,1
S01011547,Electric (including storage heaters) central heating,0,0,0,0,0,0,0,0,0,0,0,0
S01011547,Oil central heating,5,0,5,4,0,4,1,0,1,0,0,0
S01011547,Solid fuel (for example wood coal) central heating,0,0,0,0,0,0,0,0,0,0,0,0
S01011547,Other central heating,0,0,0,0,0,0,0,0,0,0,0,0
S01011547,Two or more types of central heating,5,1,4,5,1,4,0,0,0,0,0,0
S01011548,All people in households,746,176,570,561,32,529,119,79,40,66,65,1
S01011548,No central heating,6,2,4,4,0,4,2,2,0,0,0,0
S01011548,Gas central heating,724,170,554,546,32,514,114,75,39,64,63,1
S01011548,Electric (including storage heaters) central heating,12,4,8,7,0,7,3,2,1,2,2,0
S01011548,Oil central heating,0,0,0,0,0,0,0,0,0,0,0,0
S01011548,Solid fuel (for example wood coal) central heating,1,0,1,1,0,1,0,0,0,0,0,0
S01011548,Other central heating,0,0,0,0,0,0,0,0,0,0,0,0
S01011548,Two or more types of central heating,3,0,3,3,0,3,0,0,0,0,0,0
S01011549,All people in households,801,147,654,655,32,623,100,71,29,46,44,2
S01011549,No central heating,0,0,0,0,0,0,0,0,0,0,0,0
S01011549,Gas central heating,761,137,624,628,32,596,91,65,26,42,40,2
S01011549,Electric (including storage heaters) central heating,23,7,16,15,0,15,5,4,1,3,3,0
S01011549,Oil central heating,0,0,0,0,0,0,0,0,0,0,0,0
S01011549,Solid fuel (for example wood coal) central heating,2,1,1,0,0,0,1,0,1,1,1,0
S01011549,Other central heating,4,1,3,3,0,3,1,1,0,0,0,0
S01011549,Two or more types of central heating,11,1,10,9,0,9,2,1,1,0,0,0
S01011550,All people in households,714,99,615,627,34,593,66,45,21,21,20,1
S01011550,No central heating,2,0,2,2,0,2,0,0,0,0,0,0
S01011550,Gas central heating,691,92,599,606,29,577,64,43,21,21,20,1
S01011550,Electric (including storage heaters) central heating,10,4,6,9,3,6,1,1,0,0,0,0
S01011550,Oil central heating,1,1,0,0,0,0,1,1,0,0,0,0
S01011550,Solid fuel (for example wood coal) central heating,0,0,0,0,0,0,0,0,0,0,0,0
S01011550,Other central heating,0,0,0,0,0,0,0,0,0,0,0,0
S01011550,Two or more types of central heating,10,2,8,10,2,8,0,0,0,0,0,0
S01011551,All people in households,548,124,424,424,28,396,81,54,27,43,42,1
S01011551,No central heating,5,0,5,5,0,5,0,0,0,0,0,0
S01011551,Gas central heating,522,118,404,403,26,377,77,51,26,42,41,1
S01011551,Electric (including storage heaters) central heating,6,3,3,4,1,3,2,2,0,0,0,0
S01011551,Oil central heating,1,0,1,1,0,1,0,0,0,0,0,0
S01011551,Solid fuel (for example wood coal) central heating,4,1,3,3,0,3,0,0,0,1,1,0
S01011551,Other central heating,0,0,0,0,0,0,0,0,0,0,0,0
S01011551,Two or more types of central heating,10,2,8,8,1,7,2,1,1,0,0,0
S01011552,All people in households,703,123,580,579,26,553,89,64,25,35,33,2
S01011552,No central heating,3,0,3,3,0,3,0,0,0,0,0,0
S01011552,Gas central heating,662,118,544,544,24,520,85,63,22,33,31,2
S01011552,Electric (including storage heaters) central heating,13,2,11,9,0,9,2,0,2,2,2,0
S01011552,Oil central heating,15,0,15,15,0,15,0,0,0,0,0,0
S01011552,Solid fuel (for example wood coal) central heating,1,0,1,0,0,0,1,0,1,0,0,0
S01011552,Other central heating,0,0,0,0,0,0,0,0,0,0,0,0
S01011552,Two or more types of central heating,9,3,6,8,2,6,1,1,0,0,0,0
S01011553,All people in households,857,82,775,790,30,760,39,24,15,28,28,0
S01011553,No central heating,9,2,7,7,0,7,1,1,0,1,1,0
S01011553,Gas central heating,825,72,753,766,27,739,34,20,14,25,25,0
S01011553,Electric (including storage heaters) central heating,5,2,3,3,0,3,2,2,0,0,0,0
S01011553,Oil central heating,0,0,0,0,0,0,0,0,0,0,0,0
S01011553,Solid fuel (for example wood coal) central heating,0,0,0,0,0,0,0,0,0,0,0,0
S01011553,Other central heating,4,0,4,3,0,3,1,0,1,0,0,0
S01011553,Two or more types of central heating,14,6,8,11,3,8,1,1,0,2,2,0
S01011554,All people in households,855,218,637,638,42,596,148,110,38,69,66,3
S01011554,No central heating,9,0,9,8,0,8,0,0,0,1,0,1
S01011554,Gas central heating,812,205,607,610,40,570,137,102,35,65,63,2
S01011554,Electric (including storage heaters) central heating,19,8,11,9,1,8,9,6,3,1,1,0
S01011554,Oil central heating,0,0,0,0,0,0,0,0,0,0,0,0
S01011554,Solid fuel (for example wood coal) central heating,4,1,3,3,0,3,1,1,0,0,0,0
S01011554,Other central heating,0,0,0,0,0,0,0,0,0,0,0,0
S01011554,Two or more types of central heating,11,4,7,8,1,7,1,1,0,2,2,0
S01011555,All people in households,552,115,437,431,23,408,66,37,29,55,55,0
S01011555,No central heating,1,0,1,1,0,1,0,0,0,0,0,0
S01011555,Gas central heating,527,109,418,412,21,391,63,36,27,52,52,0
S01011555,Electric (including storage heaters) central heating,6,2,4,5,2,3,1,0,1,0,0,0
S01011555,Oil central heating,0,0,0,0,0,0,0,0,0,0,0,0
S01011555,Solid fuel (for example wood coal) central heating,7,0,7,6,0,6,1,0,1,0,0,0
S01011555,Other central heating,0,0,0,0,0,0,0,0,0,0,0,0
S01011555,Two or more types of central heating,11,4,7,7,0,7,1,1,0,3,3,0
S01011556,All people in households,507,124,383,384,17,367,57,42,15,66,65,1
S01011556,No central heating,3,0,3,3,0,3,0,0,0,0,0,0
S01011556,Gas central heating,462,114,348,349,16,333,52,38,14,61,60,1
S01011556,Electric (including storage heaters) central heating,8,3,5,6,1,5,1,1,0,1,1,0
S01011556,Oil central heating,0,0,0,0,0,0,0,0,0,0,0,0
S01011556,Solid fuel (for example wood coal) central heating,9,2,7,7,0,7,1,1,0,1,1,0
S01011556,Other central heating,3,0,3,3,0,3,0,0,0,0,0,0
S01011556,Two or more types of central heating,22,5,17,16,0,16,3,2,1,3,3,0
S01011557,All people in households,750,168,582,580,38,542,112,72,40,58,58,0
S01011557,No central heating,4,0,4,4,0,4,0,0,0,0,0,0
S01011557,Gas central heating,715,159,556,553,36,517,108,69,39,54,54,0
S01011557,Electric (including storage heaters) central heating,14,4,10,11,1,10,2,2,0,1,1,0
S01011557,Oil central heating,0,0,0,0,0,0,0,0,0,0,0,0
S01011557,Solid fuel (for example wood coal) central heating,2,1,1,0,0,0,1,0,1,1,1,0
S01011557,Other central heating,0,0,0,0,0,0,0,0,0,0,0,0
S01011557,Two or more types of central heating,15,4,11,12,1,11,1,1,0,2,2,0
S01011558,All people in households,577,126,451,452,25,427,92,68,24,33,33,0
S01011558,No central heating,6,1,5,6,1,5,0,0,0,0,0,0
S01011558,Gas central heating,539,118,421,422,23,399,86,64,22,31,31,0
S01011558,Electric (including storage heaters) central heating,10,3,7,7,1,6,2,1,1,1,1,0
S01011558,Oil central heating,0,0,0,0,0,0,0,0,0,0,0,0
S01011558,Solid fuel (for example wood coal) central heating,0,0,0,0,0,0,0,0,0,0,0,0
S01011558,Other central heating,0,0,0,0,0,0,0,0,0,0,0,0
S01011558,Two or more types of central heating,22,4,18,17,0,17,4,3,1,1,1,0
S01011559,All people in households,620,162,458,440,24,416,99,59,40,81,79,2
S01011559,No central heating,0,0,0,0,0,0,0,0,0,0,0,0
S01011559,Gas central heating,583,143,440,422,22,400,88,49,39,73,72,1
S01011559,Electric (including storage heaters) central heating,4,2,2,1,0,1,3,2,1,0,0,0
S01011559,Oil central heating,0,0,0,0,0,0,0,0,0,0,0,0
S01011559,Solid fuel (for example wood coal) central heating,0,0,0,0,0,0,0,0,0,0,0,0
S01011559,Other central heating,0,0,0,0,0,0,0,0,0,0,0,0
S01011559,Two or more types of central heating,33,17,16,17,2,15,8,8,0,8,7,1
S01011560,All people in households,757,186,571,580,43,537,116,82,34,61,61,0
S01011560,No central heating,1,0,1,1,0,1,0,0,0,0,0,0
S01011560,Gas central heating,661,175,486,496,40,456,107,77,30,58,58,0
S01011560,Electric (including storage heaters) central heating,74,8,66,66,3,63,7,4,3,1,1,0
S01011560,Oil central heating,0,0,0,0,0,0,0,0,0,0,0,0
S01011560,Solid fuel (for example wood coal) central heating,3,0,3,3,0,3,0,0,0,0,0,0
S01011560,Other central heating,0,0,0,0,0,0,0,0,0,0,0,0
S01011560,Two or more types of central heating,18,3,15,14,0,14,2,1,1,2,2,0
S01011561,All people in households,834,214,620,620,41,579,131,92,39,83,81,2
S01011561,No central heating,1,0,1,1,0,1,0,0,0,0,0,0
S01011561,Gas central heating,779,202,577,576,38,538,124,87,37,79,77,2
S01011561,Electric (including storage heaters) central heating,9,3,6,5,0,5,2,1,1,2,2,0
S01011561,Oil central heating,0,0,0,0,0,0,0,0,0,0,0,0
S01011561,Solid fuel (for example wood coal) central heating,0,0,0,0,0,0,0,0,0,0,0,0
S01011561,Other central heating,6,0,6,6,0,6,0,0,0,0,0,0
S01011561,Two or more types of central heating,39,9,30,32,3,29,5,4,1,2,2,0
S01011562,All people in households,647,123,524,520,29,491,84,51,33,43,43,0
S01011562,No central heating,0,0,0,0,0,0,0,0,0,0,0,0
S01011562,Gas central heating,601,108,493,490,26,464,74,45,29,37,37,0
S01011562,Electric (including storage heaters) central heating,14,5,9,9,1,8,3,2,1,2,2,0
S01011562,Oil central heating,0,0,0,0,0,0,0,0,0,0,0,0
S01011562,Solid fuel (for example wood coal) central heating,0,0,0,0,0,0,0,0,0,0,0,0
S01011562,Other central heating,0,0,0,0,0,0,0,0,0,0,0,0
S01011562,Two or more types of central heating,32,10,22,21,2,19,7,4,3,4,4,0
S01011563,All people in households,762,184,578,562,31,531,132,86,46,68,67,1
S01011563,No central heating,11,4,7,4,1,3,6,2,4,1,1,0
S01011563,Gas central heating,717,171,546,532,29,503,124,82,42,61,60,1
S01011563,Electric (including storage heaters) central heating,9,5,4,4,0,4,2,2,0,3,3,0
S01011563,Oil central heating,0,0,0,0,0,0,0,0,0,0,0,0
S01011563,Solid fuel (for example wood coal) central heating,0,0,0,0,0,0,0,0,0,0,0,0
S01011563,Other central heating,1,0,1,1,0,1,0,0,0,0,0,0
S01011563,Two or more types of central heating,24,4,20,21,1,20,0,0,0,3,3,0
S01011564,All people in households,966,206,760,766,46,720,129,90,39,71,70,1
S01011564,No central heating,10,4,6,7,1,6,2,2,0,1,1,0
S01011564,Gas central heating,906,191,715,718,41,677,121,84,37,67,66,1
S01011564,Electric (including storage heaters) central heating,31,7,24,24,2,22,4,2,2,3,3,0
S01011564,Oil central heating,3,0,3,3,0,3,0,0,0,0,0,0
S01011564,Solid fuel (for example wood coal) central heating,0,0,0,0,0,0,0,0,0,0,0,0
S01011564,Other central heating,5,0,5,5,0,5,0,0,0,0,0,0
S01011564,Two or more types of central heating,11,4,7,9,2,7,2,2,0,0,0,0
S01011565,All people in households,952,181,771,760,35,725,133,88,45,59,58,1
S01011565,No central heating,5,2,3,4,2,2,1,0,1,0,0,0
S01011565,Gas central heating,921,177,744,733,32,701,130,88,42,58,57,1
S01011565,Electric (including storage heaters) central heating,7,0,7,6,0,6,1,0,1,0,0,0
S01011565,Oil central heating,3,1,2,2,0,2,0,0,0,1,1,0
S01011565,Solid fuel (for example wood coal) central heating,0,0,0,0,0,0,0,0,0,0,0,0
S01011565,Other central heating,0,0,0,0,0,0,0,0,0,0,0,0
S01011565,Two or more types of central heating,16,1,15,15,1,14,1,0,1,0,0,0
S01011566,All people in households,917,195,722,714,40,674,123,79,44,80,76,4
S01011566,No central heating,1,0,1,0,0,0,1,0,1,0,0,0
S01011566,Gas central heating,886,187,699,692,39,653,119,77,42,75,71,4
S01011566,Electric (including storage heaters) central heating,8,3,5,6,1,5,2,2,0,0,0,0
S01011566,Oil central heating,5,2,3,3,0,3,0,0,0,2,2,0
S01011566,Solid fuel (for example wood coal) central heating,0,0,0,0,0,0,0,0,0,0,0,0
S01011566,Other central heating,0,0,0,0,0,0,0,0,0,0,0,0
S01011566,Two or more types of central heating,17,3,14,13,0,13,1,0,1,3,3,0
S01011567,All people in households,965,298,667,666,59,607,172,114,58,127,125,2
S01011567,No central heating,3,2,1,1,0,1,1,1,0,1,1,0
S01011567,Gas central heating,878,261,617,611,50,561,155,101,54,112,110,2
S01011567,Electric (including storage heaters) central heating,59,25,34,36,5,31,14,11,3,9,9,0
S01011567,Oil central heating,0,0,0,0,0,0,0,0,0,0,0,0
S01011567,Solid fuel (for example wood coal) central heating,4,4,0,3,3,0,0,0,0,1,1,0
S01011567,Other central heating,1,1,0,1,1,0,0,0,0,0,0,0
S01011567,Two or more types of central heating,20,5,15,14,0,14,2,1,1,4,4,0
S01011568,All people in households,847,170,677,690,44,646,99,69,30,58,57,1
S01011568,No central heating,1,0,1,1,0,1,0,0,0,0,0,0
S01011568,Gas central heating,822,160,662,672,41,631,96,66,30,54,53,1
S01011568,Electric (including storage heaters) central heating,10,5,5,6,1,5,2,2,0,2,2,0
S01011568,Oil central heating,0,0,0,0,0,0,0,0,0,0,0,0
S01011568,Solid fuel (for example wood coal) central heating,0,0,0,0,0,0,0,0,0,0,0,0
S01011568,Other central heating,0,0,0,0,0,0,0,0,0,0,0,0
S01011568,Two or more types of central heating,14,5,9,11,2,9,1,1,0,2,2,0
S01011569,All people in households,958,224,734,741,58,683,140,90,50,77,76,1
S01011569,No central heating,6,2,4,3,0,3,1,0,1,2,2,0
S01011569,Gas central heating,905,206,699,703,53,650,131,83,48,71,70,1
S01011569,Electric (including storage heaters) central heating,10,4,6,5,0,5,4,3,1,1,1,0
S01011569,Oil central heating,2,1,1,1,0,1,1,1,0,0,0,0
S01011569,Solid fuel (for example wood coal) central heating,0,0,0,0,0,0,0,0,0,0,0,0
S01011569,Other central heating,2,1,1,1,0,1,0,0,0,1,1,0
S01011569,Two or more types of central heating,33,10,23,28,5,23,3,3,0,2,2,0
S01011570,All people in households,690,186,504,498,42,456,125,83,42,67,61,6
S01011570,No central heating,5,1,4,3,0,3,2,1,1,0,0,0
S01011570,Gas central heating,652,176,476,470,39,431,118,79,39,64,58,6
S01011570,Electric (including storage heaters) central heating,9,2,7,7,1,6,2,1,1,0,0,0
S01011570,Oil central heating,0,0,0,0,0,0,0,0,0,0,0,0
S01011570,Solid fuel (for example wood coal) central heating,4,2,2,2,0,2,1,1,0,1,1,0
S01011570,Other central heating,2,2,0,1,1,0,0,0,0,1,1,0
S01011570,Two or more types of central heating,18,3,15,15,1,14,2,1,1,1,1,0
S01011571,All people in households,649,212,437,433,34,399,134,97,37,82,81,1
S01011571,No central heating,14,3,11,11,1,10,3,2,1,0,0,0
S01011571,Gas central heating,363,94,269,259,12,247,69,47,22,35,35,0
S01011571,Electric (including storage heaters) central heating,262,112,150,156,21,135,62,48,14,44,43,1
S01011571,Oil central heating,0,0,0,0,0,0,0,0,0,0,0,0
S01011571,Solid fuel (for example wood coal) central heating,0,0,0,0,0,0,0,0,0,0,0,0
S01011571,Other central heating,0,0,0,0,0,0,0,0,0,0,0,0
S01011571,Two or more types of central heating,10,3,7,7,0,7,0,0,0,3,3,0
S01011572,All people in households,588,140,448,433,27,406,111,70,41,44,43,1
S01011572,No central heating,12,2,10,10,0,10,0,0,0,2,2,0
S01011572,Gas central heating,480,110,370,354,21,333,92,56,36,34,33,1
S01011572,Electric (including storage heaters) central heating,76,26,50,50,5,45,18,13,5,8,8,0
S01011572,Oil central heating,0,0,0,0,0,0,0,0,0,0,0,0
S01011572,Solid fuel (for example wood coal) central heating,0,0,0,0,0,0,0,0,0,0,0,0
S01011572,Other central heating,4,0,4,4,0,4,0,0,0,0,0,0
S01011572,Two or more types of central heating,16,2,14,15,1,14,1,1,0,0,0,0
S01011573,All people in households,1084,200,884,896,47,849,118,83,35,70,70,0
S01011573,No central heating,7,2,5,5,1,4,2,1,1,0,0,0
S01011573,Gas central heating,975,177,798,809,39,770,100,72,28,66,66,0
S01011573,Electric (including storage heaters) central heating,81,14,67,66,4,62,12,7,5,3,3,0
S01011573,Oil central heating,4,1,3,4,1,3,0,0,0,0,0,0
S01011573,Solid fuel (for example wood coal) central heating,0,0,0,0,0,0,0,0,0,0,0,0
S01011573,Other central heating,0,0,0,0,0,0,0,0,0,0,0,0
S01011573,Two or more types of central heating,17,6,11,12,2,10,4,3,1,1,1,0
S01011574,All people in households,795,139,656,649,29,620,91,57,34,55,53,2
S01011574,No central heating,4,1,3,3,0,3,1,1,0,0,0,0
S01011574,Gas central heating,708,128,580,574,28,546,84,51,33,50,49,1
S01011574,Electric (including storage heaters) central heating,42,7,35,35,1,34,6,5,1,1,1,0
S01011574,Oil central heating,0,0,0,0,0,0,0,0,0,0,0,0
S01011574,Solid fuel (for example wood coal) central heating,0,0,0,0,0,0,0,0,0,0,0,0
S01011574,Other central heating,0,0,0,0,0,0,0,0,0,0,0,0
S01011574,Two or more types of central heating,41,3,38,37,0,37,0,0,0,4,3,1
S01011575,All people in households,533,114,419,399,19,380,90,52,38,44,43,1
S01011575,No central heating,6,0,6,6,0,6,0,0,0,0,0,0
S01011575,Gas central heating,456,101,355,347,16,331,70,47,23,39,38,1
S01011575,Electric (including storage heaters) central heating,55,9,46,34,3,31,19,4,15,2,2,0
S01011575,Oil central heating,0,0,0,0,0,0,0,0,0,0,0,0
S01011575,Solid fuel (for example wood coal) central heating,0,0,0,0,0,0,0,0,0,0,0,0
S01011575,Other central heating,0,0,0,0,0,0,0,0,0,0,0,0
S01011575,Two or more types of central heating,16,4,12,12,0,12,1,1,0,3,3,0
S01011576,All people in households,779,241,538,516,31,485,162,110,52,101,100,1
S01011576,No central heating,4,1,3,3,0,3,1,1,0,0,0,0
S01011576,Gas central heating,507,135,372,361,17,344,91,63,28,55,55,0
S01011576,Electric (including storage heaters) central heating,255,101,154,144,14,130,65,42,23,46,45,1
S01011576,Oil central heating,0,0,0,0,0,0,0,0,0,0,0,0
S01011576,Solid fuel (for example wood coal) central heating,3,0,3,3,0,3,0,0,0,0,0,0
S01011576,Other central heating,4,2,2,2,0,2,2,2,0,0,0,0
S01011576,Two or more types of central heating,6,2,4,3,0,3,3,2,1,0,0,0
S01011577,All people in households,702,168,534,539,32,507,94,68,26,69,68,1
S01011577,No central heating,7,0,7,7,0,7,0,0,0,0,0,0
S01011577,Gas central heating,648,157,491,497,30,467,85,62,23,66,65,1
S01011577,Electric (including storage heaters) central heating,32,6,26,26,2,24,5,3,2,1,1,0
S01011577,Oil central heating,0,0,0,0,0,0,0,0,0,0,0,0
S01011577,Solid fuel (for example wood coal) central heating,3,1,2,1,0,1,2,1,1,0,0,0
S01011577,Other central heating,1,1,0,0,0,0,0,0,0,1,1,0
S01011577,Two or more types of central heating,11,3,8,8,0,8,2,2,0,1,1,0
S01011578,All people in households,826,166,660,669,37,632,95,70,25,62,59,3
S01011578,No central heating,3,0,3,3,0,3,0,0,0,0,0,0
S01011578,Gas central heating,777,151,626,635,34,601,87,64,23,55,53,2
S01011578,Electric (including storage heaters) central heating,19,8,11,11,0,11,6,6,0,2,2,0
S01011578,Oil central heating,0,0,0,0,0,0,0,0,0,0,0,0
S01011578,Solid fuel (for example wood coal) central heating,2,1,1,2,1,1,0,0,0,0,0,0
S01011578,Other central heating,1,1,0,1,1,0,0,0,0,0,0,0
S01011578,Two or more types of central heating,24,5,19,17,1,16,2,0,2,5,4,1
S01011579,All people in households,1089,168,921,941,51,890,100,71,29,48,46,2
S01011579,No central heating,2,2,0,0,0,0,2,2,0,0,0,0
S01011579,Gas central heating,1040,160,880,899,48,851,95,68,27,46,44,2
S01011579,Electric (including storage heaters) central heating,19,4,15,15,1,14,2,1,1,2,2,0
S01011579,Oil central heating,0,0,0,0,0,0,0,0,0,0,0,0
S01011579,Solid fuel (for example wood coal) central heating,2,0,2,1,0,1,1,0,1,0,0,0
S01011579,Other central heating,0,0,0,0,0,0,0,0,0,0,0,0
S01011579,Two or more types of central heating,26,2,24,26,2,24,0,0,0,0,0,0
S01011580,All people in households,766,156,610,618,38,580,86,56,30,62,62,0
S01011580,No central heating,5,3,2,2,1,1,2,1,1,1,1,0
S01011580,Gas central heating,723,144,579,588,36,552,77,50,27,58,58,0
S01011580,Electric (including storage heaters) central heating,10,3,7,5,0,5,4,2,2,1,1,0
S01011580,Oil central heating,0,0,0,0,0,0,0,0,0,0,0,0
S01011580,Solid fuel (for example wood coal) central heating,2,2,0,0,0,0,1,1,0,1,1,0
S01011580,Other central heating,5,1,4,4,0,4,1,1,0,0,0,0
S01011580,Two or more types of central heating,21,3,18,19,1,18,1,1,0,1,1,0
S01011581,All people in households,789,306,483,493,60,433,180,135,45,116,111,5
S01011581,No central heating,4,0,4,4,0,4,0,0,0,0,0,0
S01011581,Gas central heating,537,206,331,336,39,297,126,95,31,75,72,3
S01011581,Electric (including storage heaters) central heating,236,94,142,144,18,126,52,38,14,40,38,2
S01011581,Oil central heating,0,0,0,0,0,0,0,0,0,0,0,0
S01011581,Solid fuel (for example wood coal) central heating,3,2,1,1,0,1,1,1,0,1,1,0
S01011581,Other central heating,1,1,0,1,1,0,0,0,0,0,0,0
S01011581,Two or more types of central heating,8,3,5,7,2,5,1,1,0,0,0,0
S01011582,All people in households,1072,175,897,912,53,859,116,80,36,44,42,2
S01011582,No central heating,10,3,7,6,1,5,3,1,2,1,1,0
S01011582,Gas central heating,1018,157,861,875,50,825,104,70,34,39,37,2
S01011582,Electric (including storage heaters) central heating,32,10,22,24,2,22,5,5,0,3,3,0
S01011582,Oil central heating,2,1,1,1,0,1,1,1,0,0,0,0
S01011582,Solid fuel (for example wood coal) central heating,0,0,0,0,0,0,0,0,0,0,0,0
S01011582,Other central heating,0,0,0,0,0,0,0,0,0,0,0,0
S01011582,Two or more types of central heating,10,4,6,6,0,6,3,3,0,1,1,0
S01011583,All people in households,672,136,536,518,25,493,102,59,43,52,52,0
S01011583,No central heating,3,1,2,2,0,2,0,0,0,1,1,0
S01011583,Gas central heating,626,127,499,482,24,458,94,53,41,50,50,0
S01011583,Electric (including storage heaters) central heating,25,5,20,19,1,18,6,4,2,0,0,0
S01011583,Oil central heating,0,0,0,0,0,0,0,0,0,0,0,0
S01011583,Solid fuel (for example wood coal) central heating,0,0,0,0,0,0,0,0,0,0,0,0
S01011583,Other central heating,0,0,0,0,0,0,0,0,0,0,0,0
S01011583,Two or more types of central heating,18,3,15,15,0,15,2,2,0,1,1,0
S01011584,All people in households,708,177,531,519,32,487,116,74,42,73,71,2
S01011584,No central heating,6,3,3,4,1,3,1,1,0,1,1,0
S01011584,Gas central heating,660,167,493,479,29,450,111,70,41,70,68,2
S01011584,Electric (including storage heaters) central heating,25,5,20,19,0,19,4,3,1,2,2,0
S01011584,Oil central heating,0,0,0,0,0,0,0,0,0,0,0,0
S01011584,Solid fuel (for example wood coal) central heating,0,0,0,0,0,0,0,0,0,0,0,0
S01011584,Other central heating,1,0,1,1,0,1,0,0,0,0,0,0
S01011584,Two or more types of central heating,16,2,14,16,2,14,0,0,0,0,0,0
S01011585,All people in households,719,187,532,537,42,495,117,84,33,65,61,4
S01011585,No central heating,9,2,7,8,1,7,1,1,0,0,0,0
S01011585,Gas central heating,637,160,477,485,38,447,96,70,26,56,52,4
S01011585,Electric (including storage heaters) central heating,52,17,35,32,2,30,14,9,5,6,6,0
S01011585,Oil central heating,0,0,0,0,0,0,0,0,0,0,0,0
S01011585,Solid fuel (for example wood coal) central heating,0,0,0,0,0,0,0,0,0,0,0,0
S01011585,Other central heating,5,0,5,4,0,4,1,0,1,0,0,0
S01011585,Two or more types of central heating,16,8,8,8,1,7,5,4,1,3,3,0
S01011586,All people in households,556,130,426,416,25,391,96,61,35,44,44,0
S01011586,No central heating,2,1,1,2,1,1,0,0,0,0,0,0
S01011586,Gas central heating,501,120,381,374,24,350,87,56,31,40,40,0
S01011586,Electric (including storage heaters) central heating,19,7,12,11,0,11,5,4,1,3,3,0
S01011586,Oil central heating,0,0,0,0,0,0,0,0,0,0,0,0
S01011586,Solid fuel (for example wood coal) central heating,0,0,0,0,0,0,0,0,0,0,0,0
S01011586,Other central heating,4,0,4,4,0,4,0,0,0,0,0,0
S01011586,Two or more types of central heating,30,2,28,25,0,25,4,1,3,1,1,0
S01011587,All people in households,575,122,453,453,38,415,80,44,36,42,40,2
S01011587,No central heating,0,0,0,0,0,0,0,0,0,0,0,0
S01011587,Gas central heating,512,110,402,401,34,367,74,41,33,37,35,2
S01011587,Electric (including storage heaters) central heating,18,0,18,16,0,16,2,0,2,0,0,0
S01011587,Oil central heating,2,0,2,2,0,2,0,0,0,0,0,0
S01011587,Solid fuel (for example wood coal) central heating,4,1,3,3,0,3,0,0,0,1,1,0
S01011587,Other central heating,1,0,1,1,0,1,0,0,0,0,0,0
S01011587,Two or more types of central heating,38,11,27,30,4,26,4,3,1,4,4,0
S01011588,All people in households,792,187,605,600,41,559,125,81,44,67,65,2
S01011588,No central heating,2,0,2,2,0,2,0,0,0,0,0,0
S01011588,Gas central heating,750,174,576,574,40,534,114,74,40,62,60,2
S01011588,Electric (including storage heaters) central heating,17,5,12,12,1,11,3,2,1,2,2,0
S01011588,Oil central heating,0,0,0,0,0,0,0,0,0,0,0,0
S01011588,Solid fuel (for example wood coal) central heating,2,0,2,2,0,2,0,0,0,0,0,0
S01011588,Other central heating,3,1,2,2,0,2,1,1,0,0,0,0
S01011588,Two or more types of central heating,18,7,11,8,0,8,7,4,3,3,3,0
S01011589,All people in households,868,216,652,657,44,613,137,101,36,74,71,3
S01011589,No central heating,7,2,5,6,1,5,0,0,0,1,1,0
S01011589,Gas central heating,825,201,624,625,40,585,131,95,36,69,66,3
S01011589,Electric (including storage heaters) central heating,9,4,5,5,0,5,4,4,0,0,0,0
S01011589,Oil central heating,0,0,0,0,0,0,0,0,0,0,0,0
S01011589,Solid fuel (for example wood coal) central heating,0,0,0,0,0,0,0,0,0,0,0,0
S01011589,Other central heating,4,2,2,2,0,2,1,1,0,1,1,0
S01011589,Two or more types of central heating,23,7,16,19,3,16,1,1,0,3,3,0
S01011590,All people in households,689,179,510,513,43,470,117,80,37,59,56,3
S01011590,No central heating,4,1,3,3,0,3,1,1,0,0,0,0
S01011590,Gas central heating,630,165,465,469,41,428,108,73,35,53,51,2
S01011590,Electric (including storage heaters) central heating,39,11,28,29,2,27,6,5,1,4,4,0
S01011590,Oil central heating,0,0,0,0,0,0,0,0,0,0,0,0
S01011590,Solid fuel (for example wood coal) central heating,0,0,0,0,0,0,0,0,0,0,0,0
S01011590,Other central heating,5,0,5,5,0,5,0,0,0,0,0,0
S01011590,Two or more types of central heating,11,2,9,7,0,7,2,1,1,2,1,1
S01011591,All people in households,597,186,411,420,35,385,91,66,25,86,85,1
S01011591,No central heating,5,0,5,4,0,4,1,0,1,0,0,0
S01011591,Gas central heating,441,124,317,326,22,304,61,48,13,54,54,0
S01011591,Electric (including storage heaters) central heating,115,47,68,69,10,59,18,10,8,28,27,1
S01011591,Oil central heating,3,1,2,2,0,2,1,1,0,0,0,0
S01011591,Solid fuel (for example wood coal) central heating,6,4,2,2,0,2,1,1,0,3,3,0
S01011591,Other central heating,9,2,7,7,0,7,2,2,0,0,0,0
S01011591,Two or more types of central heating,18,8,10,10,3,7,7,4,3,1,1,0
S01011592,All people in households,705,182,523,518,34,484,110,74,36,77,74,3
S01011592,No central heating,2,1,1,1,0,1,1,1,0,0,0,0
S01011592,Gas central heating,658,172,486,485,34,451,101,69,32,72,69,3
S01011592,Electric (including storage heaters) central heating,13,5,8,8,0,8,2,2,0,3,3,0
S01011592,Oil central heating,0,0,0,0,0,0,0,0,0,0,0,0
S01011592,Solid fuel (for example wood coal) central heating,0,0,0,0,0,0,0,0,0,0,0,0
S01011592,Other central heating,4,1,3,3,0,3,0,0,0,1,1,0
S01011592,Two or more types of central heating,28,3,25,21,0,21,6,2,4,1,1,0
S01011593,All people in households,717,160,557,559,40,519,114,78,36,44,42,2
S01011593,No central heating,4,4,0,1,1,0,2,2,0,1,1,0
S01011593,Gas central heating,674,146,528,528,38,490,106,70,36,40,38,2
S01011593,Electric (including storage heaters) central heating,17,8,9,9,0,9,6,6,0,2,2,0
S01011593,Oil central heating,0,0,0,0,0,0,0,0,0,0,0,0
S01011593,Solid fuel (for example wood coal) central heating,0,0,0,0,0,0,0,0,0,0,0,0
S01011593,Other central heating,0,0,0,0,0,0,0,0,0,0,0,0
S01011593,Two or more types of central heating,22,2,20,21,1,20,0,0,0,1,1,0
S01011594,All people in households,438,123,315,316,27,289,81,59,22,41,37,4
S01011594,No central heating,4,2,2,3,1,2,0,0,0,1,1,0
S01011594,Gas central heating,394,113,281,283,26,257,76,56,20,35,31,4
S01011594,Electric (including storage heaters) central heating,22,5,17,15,0,15,3,1,2,4,4,0
S01011594,Oil central heating,7,3,4,4,0,4,2,2,0,1,1,0
S01011594,Solid fuel (for example wood coal) central heating,0,0,0,0,0,0,0,0,0,0,0,0
S01011594,Other central heating,0,0,0,0,0,0,0,0,0,0,0,0
S01011594,Two or more types of central heating,11,0,11,11,0,11,0,0,0,0,0,0
S01011595,All people in households,596,103,493,509,35,474,66,48,18,21,20,1
S01011595,No central heating,5,2,3,3,0,3,2,2,0,0,0,0
S01011595,Gas central heating,499,80,419,434,32,402,49,33,16,16,15,1
S01011595,Electric (including storage heaters) central heating,82,17,65,66,3,63,12,10,2,4,4,0
S01011595,Oil central heating,4,2,2,2,0,2,2,2,0,0,0,0
S01011595,Solid fuel (for example wood coal) central heating,0,0,0,0,0,0,0,0,0,0,0,0
S01011595,Other central heating,0,0,0,0,0,0,0,0,0,0,0,0
S01011595,Two or more types of central heating,6,2,4,4,0,4,1,1,0,1,1,0
S01011596,All people in households,980,206,774,779,50,729,145,105,40,56,51,5
S01011596,No central heating,19,7,12,12,1,11,4,3,1,3,3,0
S01011596,Gas central heating,763,160,603,612,38,574,111,84,27,40,38,2
S01011596,Electric (including storage heaters) central heating,178,36,142,142,9,133,23,17,6,13,10,3
S01011596,Oil central heating,0,0,0,0,0,0,0,0,0,0,0,0
S01011596,Solid fuel (for example wood coal) central heating,2,0,2,1,0,1,1,0,1,0,0,0
S01011596,Other central heating,8,2,6,6,1,5,2,1,1,0,0,0
S01011596,Two or more types of central heating,10,1,9,6,1,5,4,0,4,0,0,0
S01011597,All people in households,525,80,445,440,22,418,66,39,27,19,19,0
S01011597,No central heating,5,0,5,5,0,5,0,0,0,0,0,0
S01011597,Gas central heating,414,64,350,347,16,331,49,30,19,18,18,0
S01011597,Electric (including storage heaters) central heating,94,14,80,78,6,72,16,8,8,0,0,0
S01011597,Oil central heating,0,0,0,0,0,0,0,0,0,0,0,0
S01011597,Solid fuel (for example wood coal) central heating,0,0,0,0,0,0,0,0,0,0,0,0
S01011597,Other central heating,1,1,0,0,0,0,0,0,0,1,1,0
S01011597,Two or more types of central heating,11,1,10,10,0,10,1,1,0,0,0,0
S01011598,All people in households,785,249,536,533,53,480,148,97,51,104,99,5
S01011598,No central heating,14,6,8,8,0,8,4,4,0,2,2,0
S01011598,Gas central heating,66,15,51,44,1,43,15,7,8,7,7,0
S01011598,Electric (including storage heaters) central heating,687,219,468,468,48,420,125,82,43,94,89,5
S01011598,Oil central heating,1,1,0,0,0,0,1,1,0,0,0,0
S01011598,Solid fuel (for example wood coal) central heating,0,0,0,0,0,0,0,0,0,0,0,0
S01011598,Other central heating,8,4,4,4,0,4,3,3,0,1,1,0
S01011598,Two or more types of central heating,9,4,5,9,4,5,0,0,0,0,0,0
S01011599,All people in households,823,198,625,623,44,579,133,88,45,67,66,1
S01011599,No central heating,3,2,1,1,0,1,0,0,0,2,2,0
S01011599,Gas central heating,769,181,588,588,42,546,121,80,41,60,59,1
S01011599,Electric (including storage heaters) central heating,21,6,15,15,2,13,6,4,2,0,0,0
S01011599,Oil central heating,0,0,0,0,0,0,0,0,0,0,0,0
S01011599,Solid fuel (for example wood coal) central heating,1,0,1,0,0,0,1,0,1,0,0,0
S01011599,Other central heating,1,0,1,0,0,0,1,0,1,0,0,0
S01011599,Two or more types of central heating,28,9,19,19,0,19,4,4,0,5,5,0
S01011600,All people in households,737,201,536,533,35,498,125,88,37,79,78,1
S01011600,No central heating,9,4,5,7,2,5,1,1,0,1,1,0
S01011600,Gas central heating,546,161,385,382,24,358,101,74,27,63,63,0
S01011600,Electric (including storage heaters) central heating,151,30,121,119,6,113,19,12,7,13,12,1
S01011600,Oil central heating,0,0,0,0,0,0,0,0,0,0,0,0
S01011600,Solid fuel (for example wood coal) central heating,1,0,1,0,0,0,1,0,1,0,0,0
S01011600,Other central heating,1,0,1,1,0,1,0,0,0,0,0,0
S01011600,Two or more types of central heating,29,6,23,24,3,21,3,1,2,2,2,0
S01011601,All people in households,848,78,770,756,26,730,66,27,39,26,25,1
S01011601,No central heating,5,0,5,4,0,4,1,0,1,0,0,0
S01011601,Gas central heating,819,75,744,731,26,705,64,26,38,24,23,1
S01011601,Electric (including storage heaters) central heating,12,3,9,9,0,9,1,1,0,2,2,0
S01011601,Oil central heating,0,0,0,0,0,0,0,0,0,0,0,0
S01011601,Solid fuel (for example wood coal) central heating,0,0,0,0,0,0,0,0,0,0,0,0
S01011601,Other central heating,8,0,8,8,0,8,0,0,0,0,0,0
S01011601,Two or more types of central heating,4,0,4,4,0,4,0,0,0,0,0,0
S01011602,All people in households,614,144,470,472,40,432,97,59,38,45,45,0
S01011602,No central heating,0,0,0,0,0,0,0,0,0,0,0,0
S01011602,Gas central heating,579,131,448,451,36,415,88,55,33,40,40,0
S01011602,Electric (including storage heaters) central heating,9,5,4,5,1,4,3,3,0,1,1,0
S01011602,Oil central heating,0,0,0,0,0,0,0,0,0,0,0,0
S01011602,Solid fuel (for example wood coal) central heating,7,3,4,6,2,4,0,0,0,1,1,0
S01011602,Other central heating,0,0,0,0,0,0,0,0,0,0,0,0
S01011602,Two or more types of central heating,19,5,14,10,1,9,6,1,5,3,3,0
S01011603,All people in households,791,272,519,530,62,468,164,117,47,97,93,4
S01011603,No central heating,6,0,6,6,0,6,0,0,0,0,0,0
S01011603,Gas central heating,726,247,479,482,53,429,157,111,46,87,83,4
S01011603,Electric (including storage heaters) central heating,36,15,21,28,7,21,2,2,0,6,6,0
S01011603,Oil central heating,0,0,0,0,0,0,0,0,0,0,0,0
S01011603,Solid fuel (for example wood coal) central heating,1,0,1,1,0,1,0,0,0,0,0,0
S01011603,Other central heating,2,2,0,0,0,0,2,2,0,0,0,0
S01011603,Two or more types of central heating,20,8,12,13,2,11,3,2,1,4,4,0
S01011604,All people in households,690,157,533,521,28,493,117,82,35,52,47,5
S01011604,No central heating,1,0,1,1,0,1,0,0,0,0,0,0
S01011604,Gas central heating,633,145,488,475,23,452,108,77,31,50,45,5
S01011604,Electric (including storage heaters) central heating,11,5,6,5,1,4,6,4,2,0,0,0
S01011604,Oil central heating,0,0,0,0,0,0,0,0,0,0,0,0
S01011604,Solid fuel (for example wood coal) central heating,0,0,0,0,0,0,0,0,0,0,0,0
S01011604,Other central heating,5,3,2,4,2,2,1,1,0,0,0,0
S01011604,Two or more types of central heating,40,4,36,36,2,34,2,0,2,2,2,0
S01011605,All people in households,844,224,620,595,32,563,169,115,54,80,77,3
S01011605,No central heating,7,1,6,6,0,6,1,1,0,0,0,0
S01011605,Gas central heating,768,202,566,545,29,516,153,106,47,70,67,3
S01011605,Electric (including storage heaters) central heating,59,19,40,36,3,33,14,7,7,9,9,0
S01011605,Oil central heating,0,0,0,0,0,0,0,0,0,0,0,0
S01011605,Solid fuel (for example wood coal) central heating,0,0,0,0,0,0,0,0,0,0,0,0
S01011605,Other central heating,0,0,0,0,0,0,0,0,0,0,0,0
S01011605,Two or more types of central heating,10,2,8,8,0,8,1,1,0,1,1,0
S01011606,All people in households,1001,87,914,911,20,891,66,43,23,24,24,0
S01011606,No central heating,0,0,0,0,0,0,0,0,0,0,0,0
S01011606,Gas central heating,960,81,879,879,20,859,59,39,20,22,22,0
S01011606,Electric (including storage heaters) central heating,14,5,9,8,0,8,4,3,1,2,2,0
S01011606,Oil central heating,2,1,1,0,0,0,2,1,1,0,0,0
S01011606,Solid fuel (for example wood coal) central heating,0,0,0,0,0,0,0,0,0,0,0,0
S01011606,Other central heating,5,0,5,5,0,5,0,0,0,0,0,0
S01011606,Two or more types of central heating,20,0,20,19,0,19,1,0,1,0,0,0
S01011607,All people in households,569,73,496,495,17,478,51,34,17,23,22,1
S01011607,No central heating,5,0,5,5,0,5,0,0,0,0,0,0
S01011607,Gas central heating,549,72,477,476,17,459,50,33,17,23,22,1
S01011607,Electric (including storage heaters) central heating,8,0,8,8,0,8,0,0,0,0,0,0
S01011607,Oil central heating,0,0,0,0,0,0,0,0,0,0,0,0
S01011607,Solid fuel (for example wood coal) central heating,0,0,0,0,0,0,0,0,0,0,0,0
S01011607,Other central heating,0,0,0,0,0,0,0,0,0,0,0,0
S01011607,Two or more types of central heating,7,1,6,6,0,6,1,1,0,0,0,0
S01011608,All people in households,945,120,825,810,27,783,104,62,42,31,31,0
S01011608,No central heating,8,5,3,3,0,3,3,3,0,2,2,0
S01011608,Gas central heating,888,105,783,772,26,746,90,53,37,26,26,0
S01011608,Electric (including storage heaters) central heating,9,3,6,3,0,3,5,2,3,1,1,0
S01011608,Oil central heating,2,0,2,2,0,2,0,0,0,0,0,0
S01011608,Solid fuel (for example wood coal) central heating,0,0,0,0,0,0,0,0,0,0,0,0
S01011608,Other central heating,0,0,0,0,0,0,0,0,0,0,0,0
S01011608,Two or more types of central heating,38,7,31,30,1,29,6,4,2,2,2,0
S01011609,All people in households,970,267,703,699,41,658,141,99,42,130,127,3
S01011609,No central heating,1,1,0,0,0,0,1,1,0,0,0,0
S01011609,Gas central heating,883,249,634,636,41,595,128,92,36,119,116,3
S01011609,Electric (including storage heaters) central heating,20,1,19,19,0,19,0,0,0,1,1,0
S01011609,Oil central heating,0,0,0,0,0,0,0,0,0,0,0,0
S01011609,Solid fuel (for example wood coal) central heating,3,2,1,0,0,0,2,1,1,1,1,0
S01011609,Other central heating,0,0,0,0,0,0,0,0,0,0,0,0
S01011609,Two or more types of central heating,63,14,49,44,0,44,10,5,5,9,9,0
S01011610,All people in households,833,212,621,625,48,577,110,68,42,98,96,2
S01011610,No central heating,3,0,3,2,0,2,1,0,1,0,0,0
S01011610,Gas central heating,785,195,590,594,46,548,102,62,40,89,87,2
S01011610,Electric (including storage heaters) central heating,15,9,6,7,1,6,4,4,0,4,4,0
S01011610,Oil central heating,0,0,0,0,0,0,0,0,0,0,0,0
S01011610,Solid fuel (for example wood coal) central heating,0,0,0,0,0,0,0,0,0,0,0,0
S01011610,Other central heating,1,1,0,0,0,0,0,0,0,1,1,0
S01011610,Two or more types of central heating,29,7,22,22,1,21,3,2,1,4,4,0
S01011611,All people in households,626,102,524,539,35,504,52,35,17,35,32,3
S01011611,No central heating,2,0,2,2,0,2,0,0,0,0,0,0
S01011611,Gas central heating,611,101,510,525,34,491,51,35,16,35,32,3
S01011611,Electric (including storage heaters) central heating,4,0,4,3,0,3,1,0,1,0,0,0
S01011611,Oil central heating,0,0,0,0,0,0,0,0,0,0,0,0
S01011611,Solid fuel (for example wood coal) central heating,0,0,0,0,0,0,0,0,0,0,0,0
S01011611,Other central heating,1,1,0,1,1,0,0,0,0,0,0,0
S01011611,Two or more types of central heating,8,0,8,8,0,8,0,0,0,0,0,0
S01011612,All people in households,628,45,583,589,14,575,29,21,8,10,10,0
S01011612,No central heating,0,0,0,0,0,0,0,0,0,0,0,0
S01011612,Gas central heating,607,43,564,570,14,556,27,19,8,10,10,0
S01011612,Electric (including storage heaters) central heating,6,0,6,6,0,6,0,0,0,0,0,0
S01011612,Oil central heating,0,0,0,0,0,0,0,0,0,0,0,0
S01011612,Solid fuel (for example wood coal) central heating,0,0,0,0,0,0,0,0,0,0,0,0
S01011612,Other central heating,4,0,4,4,0,4,0,0,0,0,0,0
S01011612,Two or more types of central heating,11,2,9,9,0,9,2,2,0,0,0,0
S01011613,All people in households,940,160,780,783,38,745,108,75,33,49,47,2
S01011613,No central heating,0,0,0,0,0,0,0,0,0,0,0,0
S01011613,Gas central heating,899,154,745,748,36,712,104,73,31,47,45,2
S01011613,Electric (including storage heaters) central heating,10,4,6,6,0,6,2,2,0,2,2,0
S01011613,Oil central heating,11,2,9,9,2,7,2,0,2,0,0,0
S01011613,Solid fuel (for example wood coal) central heating,8,0,8,8,0,8,0,0,0,0,0,0
S01011613,Other central heating,6,0,6,6,0,6,0,0,0,0,0,0
S01011613,Two or more types of central heating,6,0,6,6,0,6,0,0,0,0,0,0
S01011614,All people in households,447,115,332,348,33,315,70,54,16,29,28,1
S01011614,No central heating,10,0,10,10,0,10,0,0,0,0,0,0
S01011614,Gas central heating,431,111,320,336,33,303,67,51,16,28,27,1
S01011614,Electric (including storage heaters) central heating,0,0,0,0,0,0,0,0,0,0,0,0
S01011614,Oil central heating,2,2,0,0,0,0,2,2,0,0,0,0
S01011614,Solid fuel (for example wood coal) central heating,0,0,0,0,0,0,0,0,0,0,0,0
S01011614,Other central heating,0,0,0,0,0,0,0,0,0,0,0,0
S01011614,Two or more types of central heating,4,2,2,2,0,2,1,1,0,1,1,0
S01011615,All people in households,728,162,566,566,40,526,97,61,36,65,61,4
S01011615,No central heating,0,0,0,0,0,0,0,0,0,0,0,0
S01011615,Gas central heating,698,154,544,543,37,506,94,58,36,61,59,2
S01011615,Electric (including storage heaters) central heating,4,2,2,1,0,1,2,2,0,1,0,1
S01011615,Oil central heating,5,1,4,5,1,4,0,0,0,0,0,0
S01011615,Solid fuel (for example wood coal) central heating,2,2,0,2,2,0,0,0,0,0,0,0
S01011615,Other central heating,0,0,0,0,0,0,0,0,0,0,0,0
S01011615,Two or more types of central heating,19,3,16,15,0,15,1,1,0,3,2,1
S01011616,All people in households,423,129,294,303,35,268,80,56,24,40,38,2
S01011616,No central heating,7,3,4,4,1,3,2,2,0,1,0,1
S01011616,Gas central heating,389,120,269,276,31,245,75,52,23,38,37,1
S01011616,Electric (including storage heaters) central heating,3,1,2,3,1,2,0,0,0,0,0,0
S01011616,Oil central heating,0,0,0,0,0,0,0,0,0,0,0,0
S01011616,Solid fuel (for example wood coal) central heating,0,0,0,0,0,0,0,0,0,0,0,0
S01011616,Other central heating,0,0,0,0,0,0,0,0,0,0,0,0
S01011616,Two or more types of central heating,24,5,19,20,2,18,3,2,1,1,1,0
S01011617,All people in households,840,220,620,605,42,563,151,96,55,84,82,2
S01011617,No central heating,1,1,0,0,0,0,0,0,0,1,1,0
S01011617,Gas central heating,803,203,600,583,38,545,142,89,53,78,76,2
S01011617,Electric (including storage heaters) central heating,16,5,11,11,0,11,2,2,0,3,3,0
S01011617,Oil central heating,0,0,0,0,0,0,0,0,0,0,0,0
S01011617,Solid fuel (for example wood coal) central heating,3,3,0,0,0,0,3,3,0,0,0,0
S01011617,Other central heating,2,1,1,2,1,1,0,0,0,0,0,0
S01011617,Two or more types of central heating,15,7,8,9,3,6,4,2,2,2,2,0
S01011618,All people in households,654,139,515,507,26,481,97,66,31,50,47,3
S01011618,No central heating,1,1,0,0,0,0,1,1,0,0,0,0
S01011618,Gas central heating,605,123,482,474,24,450,85,56,29,46,43,3
S01011618,Electric (including storage heaters) central heating,21,6,15,15,0,15,5,5,0,1,1,0
S01011618,Oil central heating,1,0,1,1,0,1,0,0,0,0,0,0
S01011618,Solid fuel (for example wood coal) central heating,3,2,1,2,1,1,0,0,0,1,1,0
S01011618,Other central heating,2,2,0,0,0,0,1,1,0,1,1,0
S01011618,Two or more types of central heating,21,5,16,15,1,14,5,3,2,1,1,0
S01011619,All people in households,1050,137,913,933,50,883,72,46,26,45,41,4
S01011619,No central heating,10,1,9,8,0,8,1,0,1,1,1,0
S01011619,Gas central heating,990,126,864,883,46,837,68,45,23,39,35,4
S01011619,Electric (including storage heaters) central heating,17,5,12,14,3,11,2,1,1,1,1,0
S01011619,Oil central heating,0,0,0,0,0,0,0,0,0,0,0,0
S01011619,Solid fuel (for example wood coal) central heating,0,0,0,0,0,0,0,0,0,0,0,0
S01011619,Other central heating,5,0,5,4,0,4,1,0,1,0,0,0
S01011619,Two or more types of central heating,28,5,23,24,1,23,0,0,0,4,4,0
S01011620,All people in households,1097,96,1001,1019,36,983,58,40,18,20,20,0
S01011620,No central heating,3,0,3,3,0,3,0,0,0,0,0,0
S01011620,Gas central heating,1061,95,966,984,36,948,58,40,18,19,19,0
S01011620,Electric (including storage heaters) central heating,17,0,17,17,0,17,0,0,0,0,0,0
S01011620,Oil central heating,0,0,0,0,0,0,0,0,0,0,0,0
S01011620,Solid fuel (for example wood coal) central heating,0,0,0,0,0,0,0,0,0,0,0,0
S01011620,Other central heating,0,0,0,0,0,0,0,0,0,0,0,0
S01011620,Two or more types of central heating,16,1,15,15,0,15,0,0,0,1,1,0
S01011621,All people in households,781,128,653,652,33,619,87,55,32,42,40,2
S01011621,No central heating,21,3,18,18,1,17,0,0,0,3,2,1
S01011621,Gas central heating,555,91,464,468,26,442,60,39,21,27,26,1
S01011621,Electric (including storage heaters) central heating,174,30,144,139,6,133,26,15,11,9,9,0
S01011621,Oil central heating,4,0,4,4,0,4,0,0,0,0,0,0
S01011621,Solid fuel (for example wood coal) central heating,7,0,7,7,0,7,0,0,0,0,0,0
S01011621,Other central heating,8,1,7,7,0,7,0,0,0,1,1,0
S01011621,Two or more types of central heating,12,3,9,9,0,9,1,1,0,2,2,0
S01011622,All people in households,649,64,585,593,22,571,34,22,12,22,20,2
S01011622,No central heating,0,0,0,0,0,0,0,0,0,0,0,0
S01011622,Gas central heating,639,62,577,584,21,563,34,22,12,21,19,2
S01011622,Electric (including storage heaters) central heating,1,1,0,1,1,0,0,0,0,0,0,0
S01011622,Oil central heating,4,1,3,3,0,3,0,0,0,1,1,0
S01011622,Solid fuel (for example wood coal) central heating,0,0,0,0,0,0,0,0,0,0,0,0
S01011622,Other central heating,0,0,0,0,0,0,0,0,0,0,0,0
S01011622,Two or more types of central heating,5,0,5,5,0,5,0,0,0,0,0,0
S01011623,All people in households,703,180,523,527,40,487,105,70,35,71,70,1
S01011623,No central heating,0,0,0,0,0,0,0,0,0,0,0,0
S01011623,Gas central heating,663,168,495,499,40,459,101,66,35,63,62,1
S01011623,Electric (including storage heaters) central heating,10,4,6,6,0,6,1,1,0,3,3,0
S01011623,Oil central heating,2,0,2,2,0,2,0,0,0,0,0,0
S01011623,Solid fuel (for example wood coal) central heating,0,0,0,0,0,0,0,0,0,0,0,0
S01011623,Other central heating,4,0,4,4,0,4,0,0,0,0,0,0
S01011623,Two or more types of central heating,24,8,16,16,0,16,3,3,0,5,5,0
S01011624,All people in households,722,107,615,611,23,588,84,59,25,27,25,2
S01011624,No central heating,4,0,4,4,0,4,0,0,0,0,0,0
S01011624,Gas central heating,678,100,578,575,22,553,77,54,23,26,24,2
S01011624,Electric (including storage heaters) central heating,12,4,8,8,0,8,3,3,0,1,1,0
S01011624,Oil central heating,0,0,0,0,0,0,0,0,0,0,0,0
S01011624,Solid fuel (for example wood coal) central heating,0,0,0,0,0,0,0,0,0,0,0,0
S01011624,Other central heating,0,0,0,0,0,0,0,0,0,0,0,0
S01011624,Two or more types of central heating,28,3,25,24,1,23,4,2,2,0,0,0
S01011625,All people in households,548,124,424,430,30,400,77,54,23,41,40,1
S01011625,No central heating,0,0,0,0,0,0,0,0,0,0,0,0
S01011625,Gas central heating,527,121,406,412,28,384,74,53,21,41,40,1
S01011625,Electric (including storage heaters) central heating,8,1,7,7,1,6,1,0,1,0,0,0
S01011625,Oil central heating,0,0,0,0,0,0,0,0,0,0,0,0
S01011625,Solid fuel (for example wood coal) central heating,0,0,0,0,0,0,0,0,0,0,0,0
S01011625,Other central heating,0,0,0,0,0,0,0,0,0,0,0,0
S01011625,Two or more types of central heating,13,2,11,11,1,10,2,1,1,0,0,0
S01011626,All people in households,811,75,736,752,38,714,45,25,20,14,12,2
S01011626,No central heating,0,0,0,0,0,0,0,0,0,0,0,0
S01011626,Gas central heating,795,74,721,738,38,700,43,24,19,14,12,2
S01011626,Electric (including storage heaters) central heating,4,0,4,4,0,4,0,0,0,0,0,0
S01011626,Oil central heating,2,0,2,2,0,2,0,0,0,0,0,0
S01011626,Solid fuel (for example wood coal) central heating,0,0,0,0,0,0,0,0,0,0,0,0
S01011626,Other central heating,2,1,1,0,0,0,2,1,1,0,0,0
S01011626,Two or more types of central heating,8,0,8,8,0,8,0,0,0,0,0,0
S01011627,All people in households,733,63,670,671,23,648,41,19,22,21,21,0
S01011627,No central heating,0,0,0,0,0,0,0,0,0,0,0,0
S01011627,Gas central heating,700,59,641,645,22,623,35,17,18,20,20,0
S01011627,Electric (including storage heaters) central heating,7,2,5,4,1,3,3,1,2,0,0,0
S01011627,Oil central heating,3,0,3,2,0,2,1,0,1,0,0,0
S01011627,Solid fuel (for example wood coal) central heating,5,0,5,5,0,5,0,0,0,0,0,0
S01011627,Other central heating,0,0,0,0,0,0,0,0,0,0,0,0
S01011627,Two or more types of central heating,18,2,16,15,0,15,2,1,1,1,1,0
S01011628,All people in households,1063,176,887,898,55,843,121,78,43,44,43,1
S01011628,No central heating,0,0,0,0,0,0,0,0,0,0,0,0
S01011628,Gas central heating,1028,171,857,866,53,813,119,76,43,43,42,1
S01011628,Electric (including storage heaters) central heating,2,0,2,2,0,2,0,0,0,0,0,0
S01011628,Oil central heating,10,3,7,9,2,7,0,0,0,1,1,0
S01011628,Solid fuel (for example wood coal) central heating,0,0,0,0,0,0,0,0,0,0,0,0
S01011628,Other central heating,4,0,4,4,0,4,0,0,0,0,0,0
S01011628,Two or more types of central heating,19,2,17,17,0,17,2,2,0,0,0,0
S01011629,All people in households,629,140,489,483,31,452,88,54,34,58,55,3
S01011629,No central heating,4,1,3,2,0,2,1,0,1,1,1,0
S01011629,Gas central heating,591,128,463,457,30,427,82,49,33,52,49,3
S01011629,Electric (including storage heaters) central heating,10,2,8,8,0,8,2,2,0,0,0,0
S01011629,Oil central heating,2,1,1,1,0,1,1,1,0,0,0,0
S01011629,Solid fuel (for example wood coal) central heating,2,2,0,0,0,0,1,1,0,1,1,0
S01011629,Other central heating,0,0,0,0,0,0,0,0,0,0,0,0
S01011629,Two or more types of central heating,20,6,14,15,1,14,1,1,0,4,4,0
S01011630,All people in households,639,150,489,486,28,458,103,72,31,50,50,0
S01011630,No central heating,0,0,0,0,0,0,0,0,0,0,0,0
S01011630,Gas central heating,569,134,435,433,27,406,92,63,29,44,44,0
S01011630,Electric (including storage heaters) central heating,23,8,15,16,1,15,5,5,0,2,2,0
S01011630,Oil central heating,16,3,13,12,0,12,2,1,1,2,2,0
S01011630,Solid fuel (for example wood coal) central heating,0,0,0,0,0,0,0,0,0,0,0,0
S01011630,Other central heating,0,0,0,0,0,0,0,0,0,0,0,0
S01011630,Two or more types of central heating,31,5,26,25,0,25,4,3,1,2,2,0
S01011631,All people in households,628,155,473,467,35,432,99,61,38,62,59,3
S01011631,No central heating,0,0,0,0,0,0,0,0,0,0,0,0
S01011631,Gas central heating,595,148,447,437,31,406,97,59,38,61,58,3
S01011631,Electric (including storage heaters) central heating,10,4,6,8,2,6,2,2,0,0,0,0
S01011631,Oil central heating,0,0,0,0,0,0,0,0,0,0,0,0
S01011631,Solid fuel (for example wood coal) central heating,0,0,0,0,0,0,0,0,0,0,0,0
S01011631,Other central heating,0,0,0,0,0,0,0,0,0,0,0,0
S01011631,Two or more types of central heating,23,3,20,22,2,20,0,0,0,1,1,0
S01011632,All people in households,754,174,580,591,44,547,111,80,31,52,50,2
S01011632,No central heating,0,0,0,0,0,0,0,0,0,0,0,0
S01011632,Gas central heating,707,165,542,553,44,509,103,72,31,51,49,2
S01011632,Electric (including storage heaters) central heating,16,4,12,12,0,12,3,3,0,1,1,0
S01011632,Oil central heating,2,1,1,1,0,1,1,1,0,0,0,0
S01011632,Solid fuel (for example wood coal) central heating,0,0,0,0,0,0,0,0,0,0,0,0
S01011632,Other central heating,0,0,0,0,0,0,0,0,0,0,0,0
S01011632,Two or more types of central heating,29,4,25,25,0,25,4,4,0,0,0,0
S01011633,All people in households,736,174,562,556,40,516,120,76,44,60,58,2
S01011633,No central heating,3,1,2,3,1,2,0,0,0,0,0,0
S01011633,Gas central heating,645,139,506,500,34,466,93,55,38,52,50,2
S01011633,Electric (including storage heaters) central heating,63,29,34,34,4,30,23,19,4,6,6,0
S01011633,Oil central heating,0,0,0,0,0,0,0,0,0,0,0,0
S01011633,Solid fuel (for example wood coal) central heating,3,1,2,2,0,2,0,0,0,1,1,0
S01011633,Other central heating,5,2,3,3,0,3,1,1,0,1,1,0
S01011633,Two or more types of central heating,17,2,15,14,1,13,3,1,2,0,0,0
S01011634,All people in households,565,137,428,430,40,390,79,49,30,56,48,8
S01011634,No central heating,0,0,0,0,0,0,0,0,0,0,0,0
S01011634,Gas central heating,498,120,378,377,35,342,70,42,28,51,43,8
S01011634,Electric (including storage heaters) central heating,29,3,26,27,1,26,1,1,0,1,1,0
S01011634,Oil central heating,0,0,0,0,0,0,0,0,0,0,0,0
S01011634,Solid fuel (for example wood coal) central heating,0,0,0,0,0,0,0,0,0,0,0,0
S01011634,Other central heating,3,2,1,2,1,1,0,0,0,1,1,0
S01011634,Two or more types of central heating,35,12,23,24,3,21,8,6,2,3,3,0
S01011635,All people in households,683,176,507,533,53,480,93,67,26,57,56,1
S01011635,No central heating,2,1,1,1,0,1,0,0,0,1,1,0
S01011635,Gas central heating,638,170,468,491,50,441,92,66,26,55,54,1
S01011635,Electric (including storage heaters) central heating,39,3,36,39,3,36,0,0,0,0,0,0
S01011635,Oil central heating,0,0,0,0,0,0,0,0,0,0,0,0
S01011635,Solid fuel (for example wood coal) central heating,2,2,0,0,0,0,1,1,0,1,1,0
S01011635,Other central heating,0,0,0,0,0,0,0,0,0,0,0,0
S01011635,Two or more types of central heating,2,0,2,2,0,2,0,0,0,0,0,0
S01011636,All people in households,720,163,557,560,35,525,103,72,31,57,56,1
S01011636,No central heating,2,2,0,0,0,0,0,0,0,2,2,0
S01011636,Gas central heating,670,150,520,522,31,491,96,68,28,52,51,1
S01011636,Electric (including storage heaters) central heating,8,2,6,7,1,6,1,1,0,0,0,0
S01011636,Oil central heating,0,0,0,0,0,0,0,0,0,0,0,0
S01011636,Solid fuel (for example wood coal) central heating,1,1,0,0,0,0,1,1,0,0,0,0
S01011636,Other central heating,12,4,8,9,1,8,1,1,0,2,2,0
S01011636,Two or more types of central heating,27,4,23,22,2,20,4,1,3,1,1,0
S01011637,All people in households,686,171,515,525,52,473,104,63,41,57,56,1
S01011637,No central heating,2,0,2,2,0,2,0,0,0,0,0,0
S01011637,Gas central heating,649,165,484,498,51,447,96,59,37,55,55,0
S01011637,Electric (including storage heaters) central heating,12,3,9,9,1,8,2,1,1,1,1,0
S01011637,Oil central heating,4,0,4,4,0,4,0,0,0,0,0,0
S01011637,Solid fuel (for example wood coal) central heating,0,0,0,0,0,0,0,0,0,0,0,0
S01011637,Other central heating,3,1,2,1,0,1,2,1,1,0,0,0
S01011637,Two or more types of central heating,16,2,14,11,0,11,4,2,2,1,0,1
S01011638,All people in households,483,140,343,344,24,320,90,67,23,49,49,0
S01011638,No central heating,4,2,2,3,1,2,1,1,0,0,0,0
S01011638,Gas central heating,425,120,305,304,21,283,77,55,22,44,44,0
S01011638,Electric (including storage heaters) central heating,33,10,23,24,2,22,7,6,1,2,2,0
S01011638,Oil central heating,0,0,0,0,0,0,0,0,0,0,0,0
S01011638,Solid fuel (for example wood coal) central heating,0,0,0,0,0,0,0,0,0,0,0,0
S01011638,Other central heating,4,4,0,0,0,0,2,2,0,2,2,0
S01011638,Two or more types of central heating,17,4,13,13,0,13,3,3,0,1,1,0
S01011639,All people in households,590,151,439,445,30,415,86,64,22,59,57,2
S01011639,No central heating,0,0,0,0,0,0,0,0,0,0,0,0
S01011639,Gas central heating,559,147,412,417,29,388,83,61,22,59,57,2
S01011639,Electric (including storage heaters) central heating,6,1,5,5,0,5,1,1,0,0,0,0
S01011639,Oil central heating,0,0,0,0,0,0,0,0,0,0,0,0
S01011639,Solid fuel (for example wood coal) central heating,5,0,5,5,0,5,0,0,0,0,0,0
S01011639,Other central heating,0,0,0,0,0,0,0,0,0,0,0,0
S01011639,Two or more types of central heating,20,3,17,18,1,17,2,2,0,0,0,0
S01011640,All people in households,674,165,509,505,35,470,106,67,39,63,63,0
S01011640,No central heating,0,0,0,0,0,0,0,0,0,0,0,0
S01011640,Gas central heating,643,158,485,482,33,449,102,66,36,59,59,0
S01011640,Electric (including storage heaters) central heating,5,1,4,5,1,4,0,0,0,0,0,0
S01011640,Oil central heating,0,0,0,0,0,0,0,0,0,0,0,0
S01011640,Solid fuel (for example wood coal) central heating,3,1,2,2,0,2,0,0,0,1,1,0
S01011640,Other central heating,0,0,0,0,0,0,0,0,0,0,0,0
S01011640,Two or more types of central heating,23,5,18,16,1,15,4,1,3,3,3,0
S01011641,All people in households,476,93,383,393,25,368,57,42,15,26,26,0
S01011641,No central heating,0,0,0,0,0,0,0,0,0,0,0,0
S01011641,Gas central heating,450,85,365,374,23,351,53,39,14,23,23,0
S01011641,Electric (including storage heaters) central heating,24,6,18,18,1,17,4,3,1,2,2,0
S01011641,Oil central heating,0,0,0,0,0,0,0,0,0,0,0,0
S01011641,Solid fuel (for example wood coal) central heating,0,0,0,0,0,0,0,0,0,0,0,0
S01011641,Other central heating,0,0,0,0,0,0,0,0,0,0,0,0
S01011641,Two or more types of central heating,2,2,0,1,1,0,0,0,0,1,1,0
S01011642,All people in households,790,128,662,673,44,629,81,51,30,36,33,3
S01011642,No central heating,0,0,0,0,0,0,0,0,0,0,0,0
S01011642,Gas central heating,734,120,614,627,42,585,76,49,27,31,29,2
S01011642,Electric (including storage heaters) central heating,37,5,32,29,0,29,4,2,2,4,3,1
S01011642,Oil central heating,12,3,9,11,2,9,0,0,0,1,1,0
S01011642,Solid fuel (for example wood coal) central heating,0,0,0,0,0,0,0,0,0,0,0,0
S01011642,Other central heating,0,0,0,0,0,0,0,0,0,0,0,0
S01011642,Two or more types of central heating,7,0,7,6,0,6,1,0,1,0,0,0
S01011643,All people in households,586,106,480,485,23,462,66,48,18,35,35,0
S01011643,No central heating,2,1,1,1,0,1,0,0,0,1,1,0
S01011643,Gas central heating,566,97,469,475,23,452,61,44,17,30,30,0
S01011643,Electric (including storage heaters) central heating,11,5,6,6,0,6,2,2,0,3,3,0
S01011643,Oil central heating,0,0,0,0,0,0,0,0,0,0,0,0
S01011643,Solid fuel (for example wood coal) central heating,0,0,0,0,0,0,0,0,0,0,0,0
S01011643,Other central heating,0,0,0,0,0,0,0,0,0,0,0,0
S01011643,Two or more types of central heating,7,3,4,3,0,3,3,2,1,1,1,0
S01011644,All people in households,717,187,530,547,54,493,115,79,36,55,54,1
S01011644,No central heating,1,1,0,1,1,0,0,0,0,0,0,0
S01011644,Gas central heating,657,162,495,508,46,462,101,69,32,48,47,1
S01011644,Electric (including storage heaters) central heating,48,17,31,32,5,27,11,7,4,5,5,0
S01011644,Oil central heating,2,2,0,0,0,0,2,2,0,0,0,0
S01011644,Solid fuel (for example wood coal) central heating,0,0,0,0,0,0,0,0,0,0,0,0
S01011644,Other central heating,1,1,0,0,0,0,0,0,0,1,1,0
S01011644,Two or more types of central heating,8,4,4,6,2,4,1,1,0,1,1,0
S01011645,All people in households,537,131,406,394,19,375,96,68,28,47,44,3
S01011645,No central heating,11,1,10,11,1,10,0,0,0,0,0,0
S01011645,Gas central heating,503,123,380,365,16,349,92,64,28,46,43,3
S01011645,Electric (including storage heaters) central heating,12,3,9,10,1,9,1,1,0,1,1,0
S01011645,Oil central heating,0,0,0,0,0,0,0,0,0,0,0,0
S01011645,Solid fuel (for example wood coal) central heating,4,2,2,2,0,2,2,2,0,0,0,0
S01011645,Other central heating,0,0,0,0,0,0,0,0,0,0,0,0
S01011645,Two or more types of central heating,7,2,5,6,1,5,1,1,0,0,0,0
S01011646,All people in households,696,108,588,590,25,565,77,54,23,29,29,0
S01011646,No central heating,5,0,5,5,0,5,0,0,0,0,0,0
S01011646,Gas central heating,684,107,577,582,25,557,74,54,20,28,28,0
S01011646,Electric (including storage heaters) central heating,5,1,4,3,0,3,1,0,1,1,1,0
S01011646,Oil central heating,0,0,0,0,0,0,0,0,0,0,0,0
S01011646,Solid fuel (for example wood coal) central heating,0,0,0,0,0,0,0,0,0,0,0,0
S01011646,Other central heating,0,0,0,0,0,0,0,0,0,0,0,0
S01011646,Two or more types of central heating,2,0,2,0,0,0,2,0,2,0,0,0
S01011647,All people in households,878,97,781,792,32,760,59,39,20,27,26,1
S01011647,No central heating,0,0,0,0,0,0,0,0,0,0,0,0
S01011647,Gas central heating,857,93,764,773,30,743,57,37,20,27,26,1
S01011647,Electric (including storage heaters) central heating,8,4,4,6,2,4,2,2,0,0,0,0
S01011647,Oil central heating,5,0,5,5,0,5,0,0,0,0,0,0
S01011647,Solid fuel (for example wood coal) central heating,0,0,0,0,0,0,0,0,0,0,0,0
S01011647,Other central heating,0,0,0,0,0,0,0,0,0,0,0,0
S01011647,Two or more types of central heating,8,0,8,8,0,8,0,0,0,0,0,0
S01011648,All people in households,694,106,588,590,34,556,67,36,31,37,36,1
S01011648,No central heating,0,0,0,0,0,0,0,0,0,0,0,0
S01011648,Gas central heating,640,87,553,563,31,532,50,30,20,27,26,1
S01011648,Electric (including storage heaters) central heating,41,11,30,23,1,22,12,4,8,6,6,0
S01011648,Oil central heating,0,0,0,0,0,0,0,0,0,0,0,0
S01011648,Solid fuel (for example wood coal) central heating,0,0,0,0,0,0,0,0,0,0,0,0
S01011648,Other central heating,0,0,0,0,0,0,0,0,0,0,0,0
S01011648,Two or more types of central heating,13,8,5,4,2,2,5,2,3,4,4,0
S01011649,All people in households,502,93,409,402,20,382,69,45,24,31,28,3
S01011649,No central heating,2,1,1,1,0,1,1,1,0,0,0,0
S01011649,Gas central heating,471,88,383,378,20,358,66,44,22,27,24,3
S01011649,Electric (including storage heaters) central heating,6,2,4,4,0,4,0,0,0,2,2,0
S01011649,Oil central heating,0,0,0,0,0,0,0,0,0,0,0,0
S01011649,Solid fuel (for example wood coal) central heating,0,0,0,0,0,0,0,0,0,0,0,0
S01011649,Other central heating,0,0,0,0,0,0,0,0,0,0,0,0
S01011649,Two or more types of central heating,23,2,21,19,0,19,2,0,2,2,2,0
S01011650,All people in households,721,130,591,586,32,554,95,60,35,40,38,2
S01011650,No central heating,6,3,3,3,0,3,0,0,0,3,3,0
S01011650,Gas central heating,683,123,560,555,32,523,92,57,35,36,34,2
S01011650,Electric (including storage heaters) central heating,11,2,9,9,0,9,2,2,0,0,0,0
S01011650,Oil central heating,4,0,4,4,0,4,0,0,0,0,0,0
S01011650,Solid fuel (for example wood coal) central heating,0,0,0,0,0,0,0,0,0,0,0,0
S01011650,Other central heating,4,0,4,4,0,4,0,0,0,0,0,0
S01011650,Two or more types of central heating,13,2,11,11,0,11,1,1,0,1,1,0
S01011651,All people in households,926,204,722,735,55,680,126,86,40,65,63,2
S01011651,No central heating,8,2,6,7,1,6,0,0,0,1,1,0
S01011651,Gas central heating,842,186,656,666,49,617,117,80,37,59,57,2
S01011651,Electric (including storage heaters) central heating,64,15,49,50,4,46,9,6,3,5,5,0
S01011651,Oil central heating,0,0,0,0,0,0,0,0,0,0,0,0
S01011651,Solid fuel (for example wood coal) central heating,1,0,1,1,0,1,0,0,0,0,0,0
S01011651,Other central heating,0,0,0,0,0,0,0,0,0,0,0,0
S01011651,Two or more types of central heating,11,1,10,11,1,10,0,0,0,0,0,0
S01011652,All people in households,747,123,624,633,38,595,78,53,25,36,32,4
S01011652,No central heating,3,1,2,2,0,2,1,1,0,0,0,0
S01011652,Gas central heating,699,115,584,594,37,557,72,49,23,33,29,4
S01011652,Electric (including storage heaters) central heating,37,6,31,30,1,29,4,2,2,3,3,0
S01011652,Oil central heating,0,0,0,0,0,0,0,0,0,0,0,0
S01011652,Solid fuel (for example wood coal) central heating,0,0,0,0,0,0,0,0,0,0,0,0
S01011652,Other central heating,1,0,1,1,0,1,0,0,0,0,0,0
S01011652,Two or more types of central heating,7,1,6,6,0,6,1,1,0,0,0,0
S01011653,All people in households,899,200,699,689,45,644,145,94,51,65,61,4
S01011653,No central heating,6,2,4,2,0,2,2,0,2,2,2,0
S01011653,Gas central heating,837,182,655,645,42,603,137,89,48,55,51,4
S01011653,Electric (including storage heaters) central heating,9,4,5,5,0,5,1,1,0,3,3,0
S01011653,Oil central heating,14,3,11,12,1,11,2,2,0,0,0,0
S01011653,Solid fuel (for example wood coal) central heating,2,2,0,2,2,0,0,0,0,0,0,0
S01011653,Other central heating,6,3,3,3,0,3,1,1,0,2,2,0
S01011653,Two or more types of central heating,25,4,21,20,0,20,2,1,1,3,3,0
S01011654,All people in households,983,259,724,730,52,678,154,110,44,99,97,2
S01011654,No central heating,6,4,2,3,1,2,0,0,0,3,3,0
S01011654,Gas central heating,834,210,624,620,37,583,137,97,40,77,76,1
S01011654,Electric (including storage heaters) central heating,89,30,59,67,10,57,8,6,2,14,14,0
S01011654,Oil central heating,1,0,1,1,0,1,0,0,0,0,0,0
S01011654,Solid fuel (for example wood coal) central heating,5,0,5,5,0,5,0,0,0,0,0,0
S01011654,Other central heating,3,1,2,3,1,2,0,0,0,0,0,0
S01011654,Two or more types of central heating,45,14,31,31,3,28,9,7,2,5,4,1
S01011655,All people in households,846,241,605,598,44,554,169,118,51,79,79,0
S01011655,No central heating,6,0,6,4,0,4,2,0,2,0,0,0
S01011655,Gas central heating,762,219,543,540,43,497,150,104,46,72,72,0
S01011655,Electric (including storage heaters) central heating,48,15,33,31,1,30,13,10,3,4,4,0
S01011655,Oil central heating,3,1,2,2,0,2,0,0,0,1,1,0
S01011655,Solid fuel (for example wood coal) central heating,2,0,2,2,0,2,0,0,0,0,0,0
S01011655,Other central heating,2,0,2,2,0,2,0,0,0,0,0,0
S01011655,Two or more types of central heating,23,6,17,17,0,17,4,4,0,2,2,0
S01011656,All people in households,608,164,444,439,41,398,105,60,45,64,63,1
S01011656,No central heating,7,3,4,6,2,4,1,1,0,0,0,0
S01011656,Gas central heating,578,151,427,423,39,384,96,54,42,59,58,1
S01011656,Electric (including storage heaters) central heating,2,0,2,2,0,2,0,0,0,0,0,0
S01011656,Oil central heating,0,0,0,0,0,0,0,0,0,0,0,0
S01011656,Solid fuel (for example wood coal) central heating,3,2,1,1,0,1,1,1,0,1,1,0
S01011656,Other central heating,0,0,0,0,0,0,0,0,0,0,0,0
S01011656,Two or more types of central heating,18,8,10,7,0,7,7,4,3,4,4,0
S01011657,All people in households,514,129,385,376,24,352,80,50,30,58,55,3
S01011657,No central heating,10,0,10,8,0,8,1,0,1,1,0,1
S01011657,Gas central heating,468,117,351,347,22,325,69,45,24,52,50,2
S01011657,Electric (including storage heaters) central heating,13,3,10,9,0,9,2,1,1,2,2,0
S01011657,Oil central heating,0,0,0,0,0,0,0,0,0,0,0,0
S01011657,Solid fuel (for example wood coal) central heating,0,0,0,0,0,0,0,0,0,0,0,0
S01011657,Other central heating,3,2,1,0,0,0,3,2,1,0,0,0
S01011657,Two or more types of central heating,20,7,13,12,2,10,5,2,3,3,3,0
S01011658,All people in households,655,157,498,500,44,456,104,62,42,51,51,0
S01011658,No central heating,3,2,1,2,1,1,1,1,0,0,0,0
S01011658,Gas central heating,614,144,470,469,40,429,97,56,41,48,48,0
S01011658,Electric (including storage heaters) central heating,10,6,4,5,1,4,4,4,0,1,1,0
S01011658,Oil central heating,2,0,2,2,0,2,0,0,0,0,0,0
S01011658,Solid fuel (for example wood coal) central heating,0,0,0,0,0,0,0,0,0,0,0,0
S01011658,Other central heating,0,0,0,0,0,0,0,0,0,0,0,0
S01011658,Two or more types of central heating,26,5,21,22,2,20,2,1,1,2,2,0
S01011659,All people in households,787,183,604,594,31,563,134,94,40,59,58,1
S01011659,No central heating,6,2,4,3,0,3,3,2,1,0,0,0
S01011659,Gas central heating,697,156,541,537,28,509,107,76,31,53,52,1
S01011659,Electric (including storage heaters) central heating,73,22,51,47,3,44,21,14,7,5,5,0
S01011659,Oil central heating,0,0,0,0,0,0,0,0,0,0,0,0
S01011659,Solid fuel (for example wood coal) central heating,0,0,0,0,0,0,0,0,0,0,0,0
S01011659,Other central heating,0,0,0,0,0,0,0,0,0,0,0,0
S01011659,Two or more types of central heating,11,3,8,7,0,7,3,2,1,1,1,0
S01011660,All people in households,906,167,739,750,56,694,113,69,44,43,42,1
S01011660,No central heating,7,1,6,7,1,6,0,0,0,0,0,0
S01011660,Gas central heating,787,149,638,648,47,601,100,64,36,39,38,1
S01011660,Electric (including storage heaters) central heating,88,12,76,77,7,70,8,2,6,3,3,0
S01011660,Oil central heating,1,0,1,1,0,1,0,0,0,0,0,0
S01011660,Solid fuel (for example wood coal) central heating,0,0,0,0,0,0,0,0,0,0,0,0
S01011660,Other central heating,3,1,2,2,0,2,1,1,0,0,0,0
S01011660,Two or more types of central heating,20,4,16,15,1,14,4,2,2,1,1,0
S01011661,All people in households,516,121,395,397,29,368,90,64,26,29,28,1
S01011661,No central heating,1,0,1,1,0,1,0,0,0,0,0,0
S01011661,Gas central heating,403,90,313,313,21,292,68,48,20,22,21,1
S01011661,Electric (including storage heaters) central heating,89,28,61,63,6,57,19,15,4,7,7,0
S01011661,Oil central heating,1,0,1,1,0,1,0,0,0,0,0,0
S01011661,Solid fuel (for example wood coal) central heating,0,0,0,0,0,0,0,0,0,0,0,0
S01011661,Other central heating,0,0,0,0,0,0,0,0,0,0,0,0
S01011661,Two or more types of central heating,22,3,19,19,2,17,3,1,2,0,0,0
S01011662,All people in households,642,83,559,567,21,546,53,40,13,22,22,0
S01011662,No central heating,2,1,1,1,0,1,0,0,0,1,1,0
S01011662,Gas central heating,594,69,525,530,17,513,45,33,12,19,19,0
S01011662,Electric (including storage heaters) central heating,35,11,24,26,3,23,7,6,1,2,2,0
S01011662,Oil central heating,0,0,0,0,0,0,0,0,0,0,0,0
S01011662,Solid fuel (for example wood coal) central heating,0,0,0,0,0,0,0,0,0,0,0,0
S01011662,Other central heating,0,0,0,0,0,0,0,0,0,0,0,0
S01011662,Two or more types of central heating,11,2,9,10,1,9,1,1,0,0,0,0
S01011663,All people in households,961,177,784,772,41,731,116,66,50,73,70,3
S01011663,No central heating,10,4,6,5,0,5,3,2,1,2,2,0
S01011663,Gas central heating,767,137,630,625,33,592,88,52,36,54,52,2
S01011663,Electric (including storage heaters) central heating,140,29,111,106,6,100,21,11,10,13,12,1
S01011663,Oil central heating,0,0,0,0,0,0,0,0,0,0,0,0
S01011663,Solid fuel (for example wood coal) central heating,5,0,5,4,0,4,1,0,1,0,0,0
S01011663,Other central heating,3,0,3,2,0,2,1,0,1,0,0,0
S01011663,Two or more types of central heating,36,7,29,30,2,28,2,1,1,4,4,0
S01011664,All people in households,1044,296,748,745,63,682,167,106,61,132,127,5
S01011664,No central heating,10,4,6,6,0,6,3,3,0,1,1,0
S01011664,Gas central heating,966,268,698,692,58,634,153,94,59,121,116,5
S01011664,Electric (including storage heaters) central heating,43,15,28,30,3,27,8,7,1,5,5,0
S01011664,Oil central heating,0,0,0,0,0,0,0,0,0,0,0,0
S01011664,Solid fuel (for example wood coal) central heating,0,0,0,0,0,0,0,0,0,0,0,0
S01011664,Other central heating,0,0,0,0,0,0,0,0,0,0,0,0
S01011664,Two or more types of central heating,25,9,16,17,2,15,3,2,1,5,5,0
S01011665,All people in households,850,237,613,625,54,571,134,96,38,91,87,4
S01011665,No central heating,9,0,9,9,0,9,0,0,0,0,0,0
S01011665,Gas central heating,672,162,510,523,41,482,91,65,26,58,56,2
S01011665,Electric (including storage heaters) central heating,156,73,83,82,12,70,42,30,12,32,31,1
S01011665,Oil central heating,0,0,0,0,0,0,0,0,0,0,0,0
S01011665,Solid fuel (for example wood coal) central heating,0,0,0,0,0,0,0,0,0,0,0,0
S01011665,Other central heating,0,0,0,0,0,0,0,0,0,0,0,0
S01011665,Two or more types of central heating,13,2,11,11,1,10,1,1,0,1,0,1
S01011666,All people in households,853,256,597,606,51,555,146,105,41,101,100,1
S01011666,No central heating,3,1,2,2,0,2,1,1,0,0,0,0
S01011666,Gas central heating,685,191,494,501,40,461,108,76,32,76,75,1
S01011666,Electric (including storage heaters) central heating,122,53,69,71,8,63,28,22,6,23,23,0
S01011666,Oil central heating,0,0,0,0,0,0,0,0,0,0,0,0
S01011666,Solid fuel (for example wood coal) central heating,1,0,1,1,0,1,0,0,0,0,0,0
S01011666,Other central heating,0,0,0,0,0,0,0,0,0,0,0,0
S01011666,Two or more types of central heating,42,11,31,31,3,28,9,6,3,2,2,0
S01011667,All people in households,723,203,520,520,48,472,122,81,41,81,74,7
S01011667,No central heating,3,0,3,3,0,3,0,0,0,0,0,0
S01011667,Gas central heating,642,176,466,465,40,425,107,72,35,70,64,6
S01011667,Electric (including storage heaters) central heating,53,20,33,33,6,27,12,7,5,8,7,1
S01011667,Oil central heating,2,2,0,1,1,0,1,1,0,0,0,0
S01011667,Solid fuel (for example wood coal) central heating,1,0,1,1,0,1,0,0,0,0,0,0
S01011667,Other central heating,3,0,3,3,0,3,0,0,0,0,0,0
S01011667,Two or more types of central heating,19,5,14,14,1,13,2,1,1,3,3,0
S01011668,All people in households,1042,234,808,809,56,753,139,88,51,94,90,4
S01011668,No central heating,9,0,9,8,0,8,0,0,0,1,0,1
S01011668,Gas central heating,925,199,726,725,46,679,122,78,44,78,75,3
S01011668,Electric (including storage heaters) central heating,43,14,29,29,4,25,7,3,4,7,7,0
S01011668,Oil central heating,3,1,2,1,0,1,1,0,1,1,1,0
S01011668,Solid fuel (for example wood coal) central heating,12,3,9,9,0,9,0,0,0,3,3,0
S01011668,Other central heating,6,1,5,5,0,5,1,1,0,0,0,0
S01011668,Two or more types of central heating,44,16,28,32,6,26,8,6,2,4,4,0
S01011669,All people in households,628,143,485,484,36,448,100,65,35,44,42,2
S01011669,No central heating,1,1,0,0,0,0,1,1,0,0,0,0
S01011669,Gas central heating,560,123,437,437,31,406,88,58,30,35,34,1
S01011669,Electric (including storage heaters) central heating,44,14,30,31,5,26,8,4,4,5,5,0
S01011669,Oil central heating,2,1,1,1,0,1,1,1,0,0,0,0
S01011669,Solid fuel (for example wood coal) central heating,0,0,0,0,0,0,0,0,0,0,0,0
S01011669,Other central heating,5,0,5,5,0,5,0,0,0,0,0,0
S01011669,Two or more types of central heating,16,4,12,10,0,10,2,1,1,4,3,1
S01011670,All people in households,536,103,433,431,21,410,64,42,22,41,40,1
S01011670,No central heating,3,0,3,3,0,3,0,0,0,0,0,0
S01011670,Gas central heating,495,94,401,402,20,382,56,38,18,37,36,1
S01011670,Electric (including storage heaters) central heating,5,2,3,3,0,3,1,1,0,1,1,0
S01011670,Oil central heating,7,1,6,7,1,6,0,0,0,0,0,0
S01011670,Solid fuel (for example wood coal) central heating,5,1,4,4,0,4,0,0,0,1,1,0
S01011670,Other central heating,0,0,0,0,0,0,0,0,0,0,0,0
S01011670,Two or more types of central heating,21,5,16,12,0,12,7,3,4,2,2,0
S01011671,All people in households,659,149,510,512,41,471,104,66,38,43,42,1
S01011671,No central heating,3,1,2,1,0,1,2,1,1,0,0,0
S01011671,Gas central heating,611,133,478,479,37,442,92,57,35,40,39,1
S01011671,Electric (including storage heaters) central heating,19,7,12,13,2,11,5,4,1,1,1,0
S01011671,Oil central heating,9,4,5,7,2,5,2,2,0,0,0,0
S01011671,Solid fuel (for example wood coal) central heating,0,0,0,0,0,0,0,0,0,0,0,0
S01011671,Other central heating,2,2,0,0,0,0,1,1,0,1,1,0
S01011671,Two or more types of central heating,15,2,13,12,0,12,2,1,1,1,1,0
S01011672,All people in households,591,147,444,467,46,421,80,58,22,44,43,1
S01011672,No central heating,3,2,1,1,0,1,2,2,0,0,0,0
S01011672,Gas central heating,523,134,389,413,43,370,71,53,18,39,38,1
S01011672,Electric (including storage heaters) central heating,38,7,31,31,1,30,3,2,1,4,4,0
S01011672,Oil central heating,4,1,3,2,0,2,1,0,1,1,1,0
S01011672,Solid fuel (for example wood coal) central heating,0,0,0,0,0,0,0,0,0,0,0,0
S01011672,Other central heating,3,1,2,3,1,2,0,0,0,0,0,0
S01011672,Two or more types of central heating,20,2,18,17,1,16,3,1,2,0,0,0
S01011673,All people in households,661,165,496,502,38,464,98,67,31,61,60,1
S01011673,No central heating,0,0,0,0,0,0,0,0,0,0,0,0
S01011673,Gas central heating,611,157,454,463,36,427,90,64,26,58,57,1
S01011673,Electric (including storage heaters) central heating,14,3,11,11,1,10,3,2,1,0,0,0
S01011673,Oil central heating,4,1,3,1,0,1,2,0,2,1,1,0
S01011673,Solid fuel (for example wood coal) central heating,0,0,0,0,0,0,0,0,0,0,0,0
S01011673,Other central heating,2,0,2,2,0,2,0,0,0,0,0,0
S01011673,Two or more types of central heating,30,4,26,25,1,24,3,1,2,2,2,0
S01011674,All people in households,1002,192,810,801,39,762,128,83,45,73,70,3
S01011674,No central heating,1,0,1,1,0,1,0,0,0,0,0,0
S01011674,Gas central heating,945,174,771,762,34,728,114,74,40,69,66,3
S01011674,Electric (including storage heaters) central heating,18,3,15,16,2,14,1,0,1,1,1,0
S01011674,Oil central heating,4,2,2,4,2,2,0,0,0,0,0,0
S01011674,Solid fuel (for example wood coal) central heating,2,2,0,0,0,0,1,1,0,1,1,0
S01011674,Other central heating,0,0,0,0,0,0,0,0,0,0,0,0
S01011674,Two or more types of central heating,32,11,21,18,1,17,12,8,4,2,2,0
S01011675,All people in households,896,231,665,668,45,623,137,96,41,91,90,1
S01011675,No central heating,3,1,2,3,1,2,0,0,0,0,0,0
S01011675,Gas central heating,830,223,607,612,43,569,130,93,37,88,87,1
S01011675,Electric (including storage heaters) central heating,14,2,12,11,0,11,2,1,1,1,1,0
S01011675,Oil central heating,15,1,14,14,0,14,1,1,0,0,0,0
S01011675,Solid fuel (for example wood coal) central heating,15,3,12,11,0,11,2,1,1,2,2,0
S01011675,Other central heating,0,0,0,0,0,0,0,0,0,0,0,0
S01011675,Two or more types of central heating,19,1,18,17,1,16,2,0,2,0,0,0
S01011676,All people in households,699,181,518,527,40,487,107,78,29,65,63,2
S01011676,No central heating,3,0,3,3,0,3,0,0,0,0,0,0
S01011676,Gas central heating,657,166,491,496,35,461,101,73,28,60,58,2
S01011676,Electric (including storage heaters) central heating,22,9,13,16,4,12,3,2,1,3,3,0
S01011676,Oil central heating,0,0,0,0,0,0,0,0,0,0,0,0
S01011676,Solid fuel (for example wood coal) central heating,3,1,2,3,1,2,0,0,0,0,0,0
S01011676,Other central heating,0,0,0,0,0,0,0,0,0,0,0,0
S01011676,Two or more types of central heating,14,5,9,9,0,9,3,3,0,2,2,0
S01011677,All people in households,622,91,531,534,26,508,48,25,23,40,40,0
S01011677,No central heating,4,1,3,3,0,3,0,0,0,1,1,0
S01011677,Gas central heating,551,82,469,477,25,452,40,23,17,34,34,0
S01011677,Electric (including storage heaters) central heating,39,4,35,31,0,31,5,1,4,3,3,0
S01011677,Oil central heating,6,1,5,4,0,4,2,1,1,0,0,0
S01011677,Solid fuel (for example wood coal) central heating,2,0,2,2,0,2,0,0,0,0,0,0
S01011677,Other central heating,6,1,5,5,1,4,1,0,1,0,0,0
S01011677,Two or more types of central heating,14,2,12,12,0,12,0,0,0,2,2,0
S01011678,All people in households,464,141,323,326,22,304,70,53,17,68,66,2
S01011678,No central heating,2,2,0,0,0,0,2,2,0,0,0,0
S01011678,Gas central heating,419,129,290,291,20,271,63,46,17,65,63,2
S01011678,Electric (including storage heaters) central heating,15,2,13,13,0,13,2,2,0,0,0,0
S01011678,Oil central heating,5,3,2,3,1,2,1,1,0,1,1,0
S01011678,Solid fuel (for example wood coal) central heating,0,0,0,0,0,0,0,0,0,0,0,0
S01011678,Other central heating,0,0,0,0,0,0,0,0,0,0,0,0
S01011678,Two or more types of central heating,23,5,18,19,1,18,2,2,0,2,2,0
S01011679,All people in households,563,66,497,511,28,483,42,28,14,10,10,0
S01011679,No central heating,0,0,0,0,0,0,0,0,0,0,0,0
S01011679,Gas central heating,535,61,474,490,27,463,36,25,11,9,9,0
S01011679,Electric (including storage heaters) central heating,14,4,10,9,1,8,4,2,2,1,1,0
S01011679,Oil central heating,8,1,7,6,0,6,2,1,1,0,0,0
S01011679,Solid fuel (for example wood coal) central heating,0,0,0,0,0,0,0,0,0,0,0,0
S01011679,Other central heating,0,0,0,0,0,0,0,0,0,0,0,0
S01011679,Two or more types of central heating,6,0,6,6,0,6,0,0,0,0,0,0
S01011680,All people in households,1100,290,810,824,60,764,166,123,43,110,107,3
S01011680,No central heating,0,0,0,0,0,0,0,0,0,0,0,0
S01011680,Gas central heating,1005,257,748,764,54,710,142,106,36,99,97,2
S01011680,Electric (including storage heaters) central heating,34,12,22,18,2,16,9,4,5,7,6,1
S01011680,Oil central heating,12,4,8,8,2,6,3,1,2,1,1,0
S01011680,Solid fuel (for example wood coal) central heating,6,0,6,6,0,6,0,0,0,0,0,0
S01011680,Other central heating,8,4,4,4,0,4,4,4,0,0,0,0
S01011680,Two or more types of central heating,35,13,22,24,2,22,8,8,0,3,3,0
S01011681,All people in households,847,200,647,645,41,604,122,80,42,80,79,1
S01011681,No central heating,0,0,0,0,0,0,0,0,0,0,0,0
S01011681,Gas central heating,801,182,619,614,35,579,114,75,39,73,72,1
S01011681,Electric (including storage heaters) central heating,22,9,13,16,3,13,3,3,0,3,3,0
S01011681,Oil central heating,2,1,1,0,0,0,1,0,1,1,1,0
S01011681,Solid fuel (for example wood coal) central heating,4,3,1,1,0,1,1,1,0,2,2,0
S01011681,Other central heating,2,2,0,1,1,0,1,1,0,0,0,0
S01011681,Two or more types of central heating,16,3,13,13,2,11,2,0,2,1,1,0
S01011682,All people in households,435,91,344,341,22,319,64,41,23,30,28,2
S01011682,No central heating,3,3,0,0,0,0,2,2,0,1,1,0
S01011682,Gas central heating,157,32,125,121,5,116,23,15,8,13,12,1
S01011682,Electric (including storage heaters) central heating,16,5,11,14,3,11,2,2,0,0,0,0
S01011682,Oil central heating,206,35,171,171,11,160,25,15,10,10,9,1
S01011682,Solid fuel (for example wood coal) central heating,19,10,9,8,2,6,7,4,3,4,4,0
S01011682,Other central heating,14,3,11,12,1,11,2,2,0,0,0,0
S01011682,Two or more types of central heating,20,3,17,15,0,15,3,1,2,2,2,0
S01011683,All people in households,745,167,578,581,44,537,115,76,39,49,47,2
S01011683,No central heating,36,9,27,29,4,25,3,2,1,4,3,1
S01011683,Gas central heating,133,29,104,109,11,98,15,10,5,9,8,1
S01011683,Electric (including storage heaters) central heating,242,70,172,171,19,152,51,31,20,20,20,0
S01011683,Oil central heating,209,27,182,179,6,173,23,14,9,7,7,0
S01011683,Solid fuel (for example wood coal) central heating,96,24,72,74,4,70,14,12,2,8,8,0
S01011683,Other central heating,22,7,15,14,0,14,8,7,1,0,0,0
S01011683,Two or more types of central heating,7,1,6,5,0,5,1,0,1,1,1,0
S01011684,All people in households,543,124,419,435,36,399,76,56,20,32,32,0
S01011684,No central heating,1,0,1,1,0,1,0,0,0,0,0,0
S01011684,Gas central heating,83,21,62,66,5,61,11,10,1,6,6,0
S01011684,Electric (including storage heaters) central heating,156,46,110,119,16,103,24,17,7,13,13,0
S01011684,Oil central heating,208,39,169,172,11,161,29,21,8,7,7,0
S01011684,Solid fuel (for example wood coal) central heating,63,11,52,54,4,50,8,6,2,1,1,0
S01011684,Other central heating,27,6,21,19,0,19,4,2,2,4,4,0
S01011684,Two or more types of central heating,5,1,4,4,0,4,0,0,0,1,1,0
S01011685,All people in households,802,97,705,715,34,681,66,45,21,21,18,3
S01011685,No central heating,3,3,0,0,0,0,2,2,0,1,1,0
S01011685,Gas central heating,638,52,586,590,22,568,36,19,17,12,11,1
S01011685,Electric (including storage heaters) central heating,20,8,12,12,3,9,4,3,1,4,2,2
S01011685,Oil central heating,82,17,65,69,5,64,11,10,1,2,2,0
S01011685,Solid fuel (for example wood coal) central heating,19,12,7,8,2,6,9,8,1,2,2,0
S01011685,Other central heating,20,3,17,18,2,16,2,1,1,0,0,0
S01011685,Two or more types of central heating,20,2,18,18,0,18,2,2,0,0,0,0
S01011686,All people in households,828,131,697,702,38,664,91,58,33,35,35,0
S01011686,No central heating,8,2,6,6,0,6,1,1,0,1,1,0
S01011686,Gas central heating,778,117,661,666,37,629,82,50,32,30,30,0
S01011686,Electric (including storage heaters) central heating,26,10,16,16,1,15,7,6,1,3,3,0
S01011686,Oil central heating,0,0,0,0,0,0,0,0,0,0,0,0
S01011686,Solid fuel (for example wood coal) central heating,0,0,0,0,0,0,0,0,0,0,0,0
S01011686,Other central heating,2,1,1,1,0,1,1,1,0,0,0,0
S01011686,Two or more types of central heating,14,1,13,13,0,13,0,0,0,1,1,0
S01011687,All people in households,864,212,652,665,61,604,130,84,46,69,67,2
S01011687,No central heating,4,3,1,0,0,0,2,1,1,2,2,0
S01011687,Gas central heating,796,193,603,614,57,557,119,75,44,63,61,2
S01011687,Electric (including storage heaters) central heating,24,8,16,18,3,15,5,4,1,1,1,0
S01011687,Oil central heating,18,1,17,17,0,17,0,0,0,1,1,0
S01011687,Solid fuel (for example wood coal) central heating,0,0,0,0,0,0,0,0,0,0,0,0
S01011687,Other central heating,8,1,7,8,1,7,0,0,0,0,0,0
S01011687,Two or more types of central heating,14,6,8,8,0,8,4,4,0,2,2,0
S01011688,All people in households,820,130,690,701,34,667,77,56,21,42,40,2
S01011688,No central heating,2,0,2,2,0,2,0,0,0,0,0,0
S01011688,Gas central heating,728,112,616,623,28,595,69,50,19,36,34,2
S01011688,Electric (including storage heaters) central heating,15,7,8,10,2,8,2,2,0,3,3,0
S01011688,Oil central heating,54,5,49,49,1,48,4,3,1,1,1,0
S01011688,Solid fuel (for example wood coal) central heating,4,1,3,4,1,3,0,0,0,0,0,0
S01011688,Other central heating,6,2,4,6,2,4,0,0,0,0,0,0
S01011688,Two or more types of central heating,11,3,8,7,0,7,2,1,1,2,2,0
S01011689,All people in households,667,99,568,582,30,552,61,46,15,24,23,1
S01011689,No central heating,1,0,1,1,0,1,0,0,0,0,0,0
S01011689,Gas central heating,557,78,479,492,29,463,46,31,15,19,18,1
S01011689,Electric (including storage heaters) central heating,8,2,6,6,0,6,2,2,0,0,0,0
S01011689,Oil central heating,77,14,63,64,1,63,11,11,0,2,2,0
S01011689,Solid fuel (for example wood coal) central heating,4,3,1,1,0,1,2,2,0,1,1,0
S01011689,Other central heating,11,1,10,10,0,10,0,0,0,1,1,0
S01011689,Two or more types of central heating,9,1,8,8,0,8,0,0,0,1,1,0
S01011690,All people in households,983,139,844,833,34,799,108,65,43,42,40,2
S01011690,No central heating,5,0,5,5,0,5,0,0,0,0,0,0
S01011690,Gas central heating,924,128,796,786,32,754,100,60,40,38,36,2
S01011690,Electric (including storage heaters) central heating,7,2,5,6,1,5,0,0,0,1,1,0
S01011690,Oil central heating,6,2,4,4,0,4,2,2,0,0,0,0
S01011690,Solid fuel (for example wood coal) central heating,0,0,0,0,0,0,0,0,0,0,0,0
S01011690,Other central heating,2,0,2,2,0,2,0,0,0,0,0,0
S01011690,Two or more types of central heating,39,7,32,30,1,29,6,3,3,3,3,0
S01011691,All people in households,624,91,533,539,23,516,59,42,17,26,26,0
S01011691,No central heating,7,1,6,4,0,4,2,0,2,1,1,0
S01011691,Gas central heating,585,85,500,507,22,485,55,40,15,23,23,0
S01011691,Electric (including storage heaters) central heating,10,3,7,7,0,7,1,1,0,2,2,0
S01011691,Oil central heating,5,0,5,5,0,5,0,0,0,0,0,0
S01011691,Solid fuel (for example wood coal) central heating,0,0,0,0,0,0,0,0,0,0,0,0
S01011691,Other central heating,0,0,0,0,0,0,0,0,0,0,0,0
S01011691,Two or more types of central heating,17,2,15,16,1,15,1,1,0,0,0,0
S01011692,All people in households,1074,281,793,788,58,730,188,128,60,98,95,3
S01011692,No central heating,0,0,0,0,0,0,0,0,0,0,0,0
S01011692,Gas central heating,1017,260,757,750,54,696,177,119,58,90,87,3
S01011692,Electric (including storage heaters) central heating,30,12,18,18,1,17,8,7,1,4,4,0
S01011692,Oil central heating,0,0,0,0,0,0,0,0,0,0,0,0
S01011692,Solid fuel (for example wood coal) central heating,0,0,0,0,0,0,0,0,0,0,0,0
S01011692,Other central heating,4,3,1,2,1,1,1,1,0,1,1,0
S01011692,Two or more types of central heating,23,6,17,18,2,16,2,1,1,3,3,0
S01011693,All people in households,807,150,657,664,44,620,100,63,37,43,43,0
S01011693,No central heating,7,3,4,5,1,4,2,2,0,0,0,0
S01011693,Gas central heating,754,136,618,625,42,583,87,52,35,42,42,0
S01011693,Electric (including storage heaters) central heating,13,4,9,8,0,8,4,3,1,1,1,0
S01011693,Oil central heating,4,1,3,4,1,3,0,0,0,0,0,0
S01011693,Solid fuel (for example wood coal) central heating,5,2,3,2,0,2,3,2,1,0,0,0
S01011693,Other central heating,4,0,4,4,0,4,0,0,0,0,0,0
S01011693,Two or more types of central heating,20,4,16,16,0,16,4,4,0,0,0,0
S01011694,All people in households,535,68,467,480,28,452,36,22,14,19,18,1
S01011694,No central heating,0,0,0,0,0,0,0,0,0,0,0,0
S01011694,Gas central heating,519,65,454,466,27,439,34,20,14,19,18,1
S01011694,Electric (including storage heaters) central heating,8,0,8,8,0,8,0,0,0,0,0,0
S01011694,Oil central heating,0,0,0,0,0,0,0,0,0,0,0,0
S01011694,Solid fuel (for example wood coal) central heating,0,0,0,0,0,0,0,0,0,0,0,0
S01011694,Other central heating,1,1,0,0,0,0,1,1,0,0,0,0
S01011694,Two or more types of central heating,7,2,5,6,1,5,1,1,0,0,0,0
S01011695,All people in households,931,117,814,812,27,785,85,56,29,34,34,0
S01011695,No central heating,17,0,17,17,0,17,0,0,0,0,0,0
S01011695,Gas central heating,856,113,743,742,26,716,82,55,27,32,32,0
S01011695,Electric (including storage heaters) central heating,11,1,10,10,0,10,0,0,0,1,1,0
S01011695,Oil central heating,27,1,26,25,1,24,2,0,2,0,0,0
S01011695,Solid fuel (for example wood coal) central heating,5,2,3,3,0,3,1,1,0,1,1,0
S01011695,Other central heating,3,0,3,3,0,3,0,0,0,0,0,0
S01011695,Two or more types of central heating,12,0,12,12,0,12,0,0,0,0,0,0
S01011696,All people in households,1068,51,1017,1016,19,997,45,25,20,7,7,0
S01011696,No central heating,3,0,3,1,0,1,2,0,2,0,0,0
S01011696,Gas central heating,1012,50,962,965,19,946,41,25,16,6,6,0
S01011696,Electric (including storage heaters) central heating,14,0,14,14,0,14,0,0,0,0,0,0
S01011696,Oil central heating,0,0,0,0,0,0,0,0,0,0,0,0
S01011696,Solid fuel (for example wood coal) central heating,0,0,0,0,0,0,0,0,0,0,0,0
S01011696,Other central heating,4,0,4,4,0,4,0,0,0,0,0,0
S01011696,Two or more types of central heating,35,1,34,32,0,32,2,0,2,1,1,0
S01011697,All people in households,1029,136,893,902,35,867,82,57,25,45,44,1
S01011697,No central heating,1,0,1,1,0,1,0,0,0,0,0,0
S01011697,Gas central heating,990,131,859,866,33,833,81,56,25,43,42,1
S01011697,Electric (including storage heaters) central heating,13,2,11,11,0,11,0,0,0,2,2,0
S01011697,Oil central heating,2,0,2,2,0,2,0,0,0,0,0,0
S01011697,Solid fuel (for example wood coal) central heating,0,0,0,0,0,0,0,0,0,0,0,0
S01011697,Other central heating,7,0,7,7,0,7,0,0,0,0,0,0
S01011697,Two or more types of central heating,16,3,13,15,2,13,1,1,0,0,0,0
S01011698,All people in households,643,163,480,490,42,448,109,79,30,44,42,2
S01011698,No central heating,11,1,10,8,0,8,3,1,2,0,0,0
S01011698,Gas central heating,592,150,442,453,40,413,98,71,27,41,39,2
S01011698,Electric (including storage heaters) central heating,22,3,19,18,0,18,2,1,1,2,2,0
S01011698,Oil central heating,0,0,0,0,0,0,0,0,0,0,0,0
S01011698,Solid fuel (for example wood coal) central heating,2,2,0,1,1,0,1,1,0,0,0,0
S01011698,Other central heating,3,1,2,2,0,2,1,1,0,0,0,0
S01011698,Two or more types of central heating,13,6,7,8,1,7,4,4,0,1,1,0
S01011699,All people in households,911,143,768,776,41,735,105,72,33,30,30,0
S01011699,No central heating,2,1,1,0,0,0,2,1,1,0,0,0
S01011699,Gas central heating,880,134,746,753,39,714,98,66,32,29,29,0
S01011699,Electric (including storage heaters) central heating,12,7,5,6,1,5,5,5,0,1,1,0
S01011699,Oil central heating,0,0,0,0,0,0,0,0,0,0,0,0
S01011699,Solid fuel (for example wood coal) central heating,0,0,0,0,0,0,0,0,0,0,0,0
S01011699,Other central heating,3,0,3,3,0,3,0,0,0,0,0,0
S01011699,Two or more types of central heating,14,1,13,14,1,13,0,0,0,0,0,0
S01011700,All people in households,759,184,575,595,55,540,101,66,35,63,63,0
S01011700,No central heating,7,3,4,3,0,3,3,2,1,1,1,0
S01011700,Gas central heating,720,168,552,568,50,518,93,59,34,59,59,0
S01011700,Electric (including storage heaters) central heating,9,7,2,4,2,2,3,3,0,2,2,0
S01011700,Oil central heating,0,0,0,0,0,0,0,0,0,0,0,0
S01011700,Solid fuel (for example wood coal) central heating,3,2,1,2,1,1,1,1,0,0,0,0
S01011700,Other central heating,6,0,6,6,0,6,0,0,0,0,0,0
S01011700,Two or more types of central heating,14,4,10,12,2,10,1,1,0,1,1,0
S01011701,All people in households,1016,144,872,880,44,836,101,66,35,35,34,1
S01011701,No central heating,12,1,11,10,0,10,1,0,1,1,1,0
S01011701,Gas central heating,969,140,829,839,43,796,98,66,32,32,31,1
S01011701,Electric (including storage heaters) central heating,11,2,9,9,1,8,1,0,1,1,1,0
S01011701,Oil central heating,4,0,4,4,0,4,0,0,0,0,0,0
S01011701,Solid fuel (for example wood coal) central heating,0,0,0,0,0,0,0,0,0,0,0,0
S01011701,Other central heating,3,0,3,3,0,3,0,0,0,0,0,0
S01011701,Two or more types of central heating,17,1,16,15,0,15,1,0,1,1,1,0
S01011702,All people in households,733,171,562,587,49,538,93,71,22,53,51,2
S01011702,No central heating,4,2,2,1,0,1,2,1,1,1,1,0
S01011702,Gas central heating,689,154,535,559,45,514,82,62,20,48,47,1
S01011702,Electric (including storage heaters) central heating,16,4,12,12,1,11,3,2,1,1,1,0
S01011702,Oil central heating,1,1,0,0,0,0,0,0,0,1,1,0
S01011702,Solid fuel (for example wood coal) central heating,4,3,1,0,0,0,2,2,0,2,1,1
S01011702,Other central heating,0,0,0,0,0,0,0,0,0,0,0,0
S01011702,Two or more types of central heating,19,7,12,15,3,12,4,4,0,0,0,0
S01011703,All people in households,631,87,544,563,38,525,56,37,19,12,12,0
S01011703,No central heating,10,5,5,6,1,5,4,4,0,0,0,0
S01011703,Gas central heating,539,76,463,481,35,446,46,29,17,12,12,0
S01011703,Electric (including storage heaters) central heating,16,3,13,14,1,13,2,2,0,0,0,0
S01011703,Oil central heating,35,3,32,33,1,32,2,2,0,0,0,0
S01011703,Solid fuel (for example wood coal) central heating,11,0,11,9,0,9,2,0,2,0,0,0
S01011703,Other central heating,0,0,0,0,0,0,0,0,0,0,0,0
S01011703,Two or more types of central heating,20,0,20,20,0,20,0,0,0,0,0,0
S01011704,All people in households,747,98,649,675,36,639,51,41,10,21,21,0
S01011704,No central heating,0,0,0,0,0,0,0,0,0,0,0,0
S01011704,Gas central heating,728,92,636,660,34,626,50,40,10,18,18,0
S01011704,Electric (including storage heaters) central heating,11,4,7,8,1,7,1,1,0,2,2,0
S01011704,Oil central heating,1,1,0,1,1,0,0,0,0,0,0,0
S01011704,Solid fuel (for example wood coal) central heating,0,0,0,0,0,0,0,0,0,0,0,0
S01011704,Other central heating,0,0,0,0,0,0,0,0,0,0,0,0
S01011704,Two or more types of central heating,7,1,6,6,0,6,0,0,0,1,1,0
S01011705,All people in households,759,151,608,605,33,572,108,72,36,46,46,0
S01011705,No central heating,7,6,1,2,1,1,3,3,0,2,2,0
S01011705,Gas central heating,739,144,595,591,32,559,104,68,36,44,44,0
S01011705,Electric (including storage heaters) central heating,8,1,7,7,0,7,1,1,0,0,0,0
S01011705,Oil central heating,2,0,2,2,0,2,0,0,0,0,0,0
S01011705,Solid fuel (for example wood coal) central heating,0,0,0,0,0,0,0,0,0,0,0,0
S01011705,Other central heating,0,0,0,0,0,0,0,0,0,0,0,0
S01011705,Two or more types of central heating,3,0,3,3,0,3,0,0,0,0,0,0
S01011706,All people in households,987,243,744,773,80,693,144,95,49,70,68,2
S01011706,No central heating,5,2,3,2,0,2,3,2,1,0,0,0
S01011706,Gas central heating,943,235,708,737,78,659,139,91,48,67,66,1
S01011706,Electric (including storage heaters) central heating,15,2,13,13,1,12,1,1,0,1,0,1
S01011706,Oil central heating,3,0,3,3,0,3,0,0,0,0,0,0
S01011706,Solid fuel (for example wood coal) central heating,4,3,1,2,1,1,1,1,0,1,1,0
S01011706,Other central heating,1,0,1,1,0,1,0,0,0,0,0,0
S01011706,Two or more types of central heating,16,1,15,15,0,15,0,0,0,1,1,0
S01011707,All people in households,713,118,595,597,29,568,79,53,26,37,36,1
S01011707,No central heating,0,0,0,0,0,0,0,0,0,0,0,0
S01011707,Gas central heating,692,111,581,582,28,554,76,50,26,34,33,1
S01011707,Electric (including storage heaters) central heating,11,6,5,6,1,5,3,3,0,2,2,0
S01011707,Oil central heating,5,1,4,4,0,4,0,0,0,1,1,0
S01011707,Solid fuel (for example wood coal) central heating,0,0,0,0,0,0,0,0,0,0,0,0
S01011707,Other central heating,0,0,0,0,0,0,0,0,0,0,0,0
S01011707,Two or more types of central heating,5,0,5,5,0,5,0,0,0,0,0,0
S01011708,All people in households,919,225,694,685,38,647,142,98,44,92,89,3
S01011708,No central heating,9,5,4,4,0,4,0,0,0,5,5,0
S01011708,Gas central heating,880,214,666,657,38,619,139,95,44,84,81,3
S01011708,Electric (including storage heaters) central heating,4,2,2,2,0,2,0,0,0,2,2,0
S01011708,Oil central heating,0,0,0,0,0,0,0,0,0,0,0,0
S01011708,Solid fuel (for example wood coal) central heating,1,1,0,0,0,0,1,1,0,0,0,0
S01011708,Other central heating,9,2,7,7,0,7,1,1,0,1,1,0
S01011708,Two or more types of central heating,16,1,15,15,0,15,1,1,0,0,0,0
S01011709,All people in households,954,210,744,755,46,709,126,93,33,73,71,2
S01011709,No central heating,15,1,14,13,0,13,1,0,1,1,1,0
S01011709,Gas central heating,901,193,708,720,43,677,116,87,29,65,63,2
S01011709,Electric (including storage heaters) central heating,9,6,3,4,2,2,3,2,1,2,2,0
S01011709,Oil central heating,3,2,1,2,1,1,1,1,0,0,0,0
S01011709,Solid fuel (for example wood coal) central heating,8,5,3,3,0,3,1,1,0,4,4,0
S01011709,Other central heating,7,0,7,6,0,6,1,0,1,0,0,0
S01011709,Two or more types of central heating,11,3,8,7,0,7,3,2,1,1,1,0
S01011710,All people in households,647,126,521,521,27,494,90,63,27,36,36,0
S01011710,No central heating,2,2,0,0,0,0,2,2,0,0,0,0
S01011710,Gas central heating,605,120,485,486,27,459,83,57,26,36,36,0
S01011710,Electric (including storage heaters) central heating,3,1,2,2,0,2,1,1,0,0,0,0
S01011710,Oil central heating,0,0,0,0,0,0,0,0,0,0,0,0
S01011710,Solid fuel (for example wood coal) central heating,0,0,0,0,0,0,0,0,0,0,0,0
S01011710,Other central heating,0,0,0,0,0,0,0,0,0,0,0,0
S01011710,Two or more types of central heating,37,3,34,33,0,33,4,3,1,0,0,0
S01011711,All people in households,683,197,486,493,42,451,119,86,33,71,69,2
S01011711,No central heating,3,1,2,2,0,2,0,0,0,1,1,0
S01011711,Gas central heating,644,187,457,463,41,422,116,83,33,65,63,2
S01011711,Electric (including storage heaters) central heating,6,0,6,6,0,6,0,0,0,0,0,0
S01011711,Oil central heating,0,0,0,0,0,0,0,0,0,0,0,0
S01011711,Solid fuel (for example wood coal) central heating,5,0,5,5,0,5,0,0,0,0,0,0
S01011711,Other central heating,7,3,4,4,0,4,1,1,0,2,2,0
S01011711,Two or more types of central heating,18,6,12,13,1,12,2,2,0,3,3,0
S01011712,All people in households,530,126,404,395,20,375,93,64,29,42,42,0
S01011712,No central heating,9,2,7,7,1,6,2,1,1,0,0,0
S01011712,Gas central heating,374,102,272,262,15,247,77,52,25,35,35,0
S01011712,Electric (including storage heaters) central heating,139,15,124,124,3,121,10,7,3,5,5,0
S01011712,Oil central heating,0,0,0,0,0,0,0,0,0,0,0,0
S01011712,Solid fuel (for example wood coal) central heating,3,3,0,0,0,0,1,1,0,2,2,0
S01011712,Other central heating,0,0,0,0,0,0,0,0,0,0,0,0
S01011712,Two or more types of central heating,5,4,1,2,1,1,3,3,0,0,0,0
S01011713,All people in households,851,208,643,639,48,591,144,94,50,68,66,2
S01011713,No central heating,7,0,7,6,0,6,1,0,1,0,0,0
S01011713,Gas central heating,818,198,620,617,47,570,139,91,48,62,60,2
S01011713,Electric (including storage heaters) central heating,14,6,8,8,1,7,3,2,1,3,3,0
S01011713,Oil central heating,0,0,0,0,0,0,0,0,0,0,0,0
S01011713,Solid fuel (for example wood coal) central heating,0,0,0,0,0,0,0,0,0,0,0,0
S01011713,Other central heating,1,1,0,0,0,0,1,1,0,0,0,0
S01011713,Two or more types of central heating,11,3,8,8,0,8,0,0,0,3,3,0
S01011714,All people in households,566,48,518,520,19,501,35,18,17,11,11,0
S01011714,No central heating,0,0,0,0,0,0,0,0,0,0,0,0
S01011714,Gas central heating,553,43,510,508,15,493,35,18,17,10,10,0
S01011714,Electric (including storage heaters) central heating,4,3,1,3,2,1,0,0,0,1,1,0
S01011714,Oil central heating,0,0,0,0,0,0,0,0,0,0,0,0
S01011714,Solid fuel (for example wood coal) central heating,2,2,0,2,2,0,0,0,0,0,0,0
S01011714,Other central heating,0,0,0,0,0,0,0,0,0,0,0,0
S01011714,Two or more types of central heating,7,0,7,7,0,7,0,0,0,0,0,0
S01011715,All people in households,633,159,474,485,36,449,86,61,25,62,62,0
S01011715,No central heating,2,0,2,2,0,2,0,0,0,0,0,0
S01011715,Gas central heating,575,143,432,443,33,410,77,55,22,55,55,0
S01011715,Electric (including storage heaters) central heating,35,12,23,24,3,21,7,5,2,4,4,0
S01011715,Oil central heating,0,0,0,0,0,0,0,0,0,0,0,0
S01011715,Solid fuel (for example wood coal) central heating,3,3,0,0,0,0,0,0,0,3,3,0
S01011715,Other central heating,2,0,2,2,0,2,0,0,0,0,0,0
S01011715,Two or more types of central heating,16,1,15,14,0,14,2,1,1,0,0,0
S01011716,All people in households,917,115,802,816,37,779,63,40,23,38,38,0
S01011716,No central heating,2,0,2,2,0,2,0,0,0,0,0,0
S01011716,Gas central heating,913,115,798,812,37,775,63,40,23,38,38,0
S01011716,Electric (including storage heaters) central heating,2,0,2,2,0,2,0,0,0,0,0,0
S01011716,Oil central heating,0,0,0,0,0,0,0,0,0,0,0,0
S01011716,Solid fuel (for example wood coal) central heating,0,0,0,0,0,0,0,0,0,0,0,0
S01011716,Other central heating,0,0,0,0,0,0,0,0,0,0,0,0
S01011716,Two or more types of central heating,0,0,0,0,0,0,0,0,0,0,0,0
S01011717,All people in households,710,141,569,579,41,538,90,60,30,41,40,1
S01011717,No central heating,1,1,0,0,0,0,1,1,0,0,0,0
S01011717,Gas central heating,686,132,554,564,41,523,86,56,30,36,35,1
S01011717,Electric (including storage heaters) central heating,13,4,9,9,0,9,3,3,0,1,1,0
S01011717,Oil central heating,0,0,0,0,0,0,0,0,0,0,0,0
S01011717,Solid fuel (for example wood coal) central heating,3,2,1,1,0,1,0,0,0,2,2,0
S01011717,Other central heating,0,0,0,0,0,0,0,0,0,0,0,0
S01011717,Two or more types of central heating,7,2,5,5,0,5,0,0,0,2,2,0
S01011718,All people in households,800,76,724,731,24,707,44,27,17,25,25,0
S01011718,No central heating,0,0,0,0,0,0,0,0,0,0,0,0
S01011718,Gas central heating,756,67,689,694,21,673,39,23,16,23,23,0
S01011718,Electric (including storage heaters) central heating,1,1,0,0,0,0,1,1,0,0,0,0
S01011718,Oil central heating,19,3,16,17,2,15,2,1,1,0,0,0
S01011718,Solid fuel (for example wood coal) central heating,2,1,1,1,0,1,1,1,0,0,0,0
S01011718,Other central heating,0,0,0,0,0,0,0,0,0,0,0,0
S01011718,Two or more types of central heating,22,4,18,19,1,18,1,1,0,2,2,0
S01011719,All people in households,634,43,591,586,14,572,38,20,18,10,9,1
S01011719,No central heating,7,0,7,7,0,7,0,0,0,0,0,0
S01011719,Gas central heating,612,42,570,565,14,551,37,19,18,10,9,1
S01011719,Electric (including storage heaters) central heating,8,0,8,8,0,8,0,0,0,0,0,0
S01011719,Oil central heating,0,0,0,0,0,0,0,0,0,0,0,0
S01011719,Solid fuel (for example wood coal) central heating,0,0,0,0,0,0,0,0,0,0,0,0
S01011719,Other central heating,1,1,0,0,0,0,1,1,0,0,0,0
S01011719,Two or more types of central heating,6,0,6,6,0,6,0,0,0,0,0,0
S01011720,All people in households,529,94,435,448,28,420,51,37,14,30,29,1
S01011720,No central heating,2,0,2,1,0,1,1,0,1,0,0,0
S01011720,Gas central heating,511,92,419,433,28,405,49,36,13,29,28,1
S01011720,Electric (including storage heaters) central heating,9,0,9,9,0,9,0,0,0,0,0,0
S01011720,Oil central heating,0,0,0,0,0,0,0,0,0,0,0,0
S01011720,Solid fuel (for example wood coal) central heating,0,0,0,0,0,0,0,0,0,0,0,0
S01011720,Other central heating,0,0,0,0,0,0,0,0,0,0,0,0
S01011720,Two or more types of central heating,7,2,5,5,0,5,1,1,0,1,1,0
S01011721,All people in households,716,165,551,549,45,504,110,66,44,57,54,3
S01011721,No central heating,2,1,1,1,0,1,0,0,0,1,1,0
S01011721,Gas central heating,664,149,515,513,42,471,104,62,42,47,45,2
S01011721,Electric (including storage heaters) central heating,42,13,29,29,3,26,6,4,2,7,6,1
S01011721,Oil central heating,0,0,0,0,0,0,0,0,0,0,0,0
S01011721,Solid fuel (for example wood coal) central heating,0,0,0,0,0,0,0,0,0,0,0,0
S01011721,Other central heating,0,0,0,0,0,0,0,0,0,0,0,0
S01011721,Two or more types of central heating,8,2,6,6,0,6,0,0,0,2,2,0
S01011722,All people in households,721,179,542,561,45,516,102,77,25,58,57,1
S01011722,No central heating,0,0,0,0,0,0,0,0,0,0,0,0
S01011722,Gas central heating,683,167,516,535,43,492,95,72,23,53,52,1
S01011722,Electric (including storage heaters) central heating,27,8,19,19,1,18,4,3,1,4,4,0
S01011722,Oil central heating,0,0,0,0,0,0,0,0,0,0,0,0
S01011722,Solid fuel (for example wood coal) central heating,0,0,0,0,0,0,0,0,0,0,0,0
S01011722,Other central heating,0,0,0,0,0,0,0,0,0,0,0,0
S01011722,Two or more types of central heating,11,4,7,7,1,6,3,2,1,1,1,0
S01011723,All people in households,941,211,730,728,42,686,137,95,42,76,74,2
S01011723,No central heating,0,0,0,0,0,0,0,0,0,0,0,0
S01011723,Gas central heating,923,204,719,718,41,677,130,90,40,75,73,2
S01011723,Electric (including storage heaters) central heating,2,0,2,1,0,1,1,0,1,0,0,0
S01011723,Oil central heating,0,0,0,0,0,0,0,0,0,0,0,0
S01011723,Solid fuel (for example wood coal) central heating,0,0,0,0,0,0,0,0,0,0,0,0
S01011723,Other central heating,0,0,0,0,0,0,0,0,0,0,0,0
S01011723,Two or more types of central heating,16,7,9,9,1,8,6,5,1,1,1,0
S01011724,All people in households,733,98,635,649,37,612,58,36,22,26,25,1
S01011724,No central heating,0,0,0,0,0,0,0,0,0,0,0,0
S01011724,Gas central heating,709,89,620,633,36,597,55,33,22,21,20,1
S01011724,Electric (including storage heaters) central heating,14,6,8,8,0,8,2,2,0,4,4,0
S01011724,Oil central heating,0,0,0,0,0,0,0,0,0,0,0,0
S01011724,Solid fuel (for example wood coal) central heating,0,0,0,0,0,0,0,0,0,0,0,0
S01011724,Other central heating,3,1,2,3,1,2,0,0,0,0,0,0
S01011724,Two or more types of central heating,7,2,5,5,0,5,1,1,0,1,1,0
S01011725,All people in households,634,56,578,574,15,559,45,27,18,15,14,1
S01011725,No central heating,4,1,3,3,0,3,0,0,0,1,1,0
S01011725,Gas central heating,613,53,560,555,14,541,44,26,18,14,13,1
S01011725,Electric (including storage heaters) central heating,9,1,8,8,0,8,1,1,0,0,0,0
S01011725,Oil central heating,0,0,0,0,0,0,0,0,0,0,0,0
S01011725,Solid fuel (for example wood coal) central heating,0,0,0,0,0,0,0,0,0,0,0,0
S01011725,Other central heating,0,0,0,0,0,0,0,0,0,0,0,0
S01011725,Two or more types of central heating,8,1,7,8,1,7,0,0,0,0,0,0
S01011726,All people in households,552,59,493,499,20,479,38,24,14,15,15,0
S01011726,No central heating,2,0,2,2,0,2,0,0,0,0,0,0
S01011726,Gas central heating,538,57,481,486,19,467,37,23,14,15,15,0
S01011726,Electric (including storage heaters) central heating,4,1,3,3,0,3,1,1,0,0,0,0
S01011726,Oil central heating,0,0,0,0,0,0,0,0,0,0,0,0
S01011726,Solid fuel (for example wood coal) central heating,0,0,0,0,0,0,0,0,0,0,0,0
S01011726,Other central heating,0,0,0,0,0,0,0,0,0,0,0,0
S01011726,Two or more types of central heating,8,1,7,8,1,7,0,0,0,0,0,0
S01011727,All people in households,774,65,709,724,29,695,40,26,14,10,10,0
S01011727,No central heating,0,0,0,0,0,0,0,0,0,0,0,0
S01011727,Gas central heating,742,63,679,693,28,665,39,25,14,10,10,0
S01011727,Electric (including storage heaters) central heating,5,0,5,5,0,5,0,0,0,0,0,0
S01011727,Oil central heating,2,0,2,2,0,2,0,0,0,0,0,0
S01011727,Solid fuel (for example wood coal) central heating,0,0,0,0,0,0,0,0,0,0,0,0
S01011727,Other central heating,2,1,1,2,1,1,0,0,0,0,0,0
S01011727,Two or more types of central heating,23,1,22,22,0,22,1,1,0,0,0,0
S01011728,All people in households,929,166,763,770,59,711,110,62,48,49,45,4
S01011728,No central heating,15,2,13,11,0,11,3,1,2,1,1,0
S01011728,Gas central heating,856,149,707,716,53,663,95,55,40,45,41,4
S01011728,Electric (including storage heaters) central heating,42,10,32,30,4,26,11,5,6,1,1,0
S01011728,Oil central heating,3,0,3,3,0,3,0,0,0,0,0,0
S01011728,Solid fuel (for example wood coal) central heating,1,0,1,1,0,1,0,0,0,0,0,0
S01011728,Other central heating,1,1,0,0,0,0,0,0,0,1,1,0
S01011728,Two or more types of central heating,11,4,7,9,2,7,1,1,0,1,1,0
S01011729,All people in households,710,178,532,527,37,490,120,81,39,63,60,3
S01011729,No central heating,3,1,2,2,1,1,1,0,1,0,0,0
S01011729,Gas central heating,648,163,485,481,34,447,109,74,35,58,55,3
S01011729,Electric (including storage heaters) central heating,30,6,24,24,1,23,4,3,1,2,2,0
S01011729,Oil central heating,0,0,0,0,0,0,0,0,0,0,0,0
S01011729,Solid fuel (for example wood coal) central heating,1,1,0,0,0,0,1,1,0,0,0,0
S01011729,Other central heating,0,0,0,0,0,0,0,0,0,0,0,0
S01011729,Two or more types of central heating,28,7,21,20,1,19,5,3,2,3,3,0
S01011730,All people in households,844,191,653,645,42,603,146,98,48,53,51,2
S01011730,No central heating,25,9,16,13,1,12,10,6,4,2,2,0
S01011730,Gas central heating,744,157,587,584,37,547,118,80,38,42,40,2
S01011730,Electric (including storage heaters) central heating,63,17,46,43,2,41,15,10,5,5,5,0
S01011730,Oil central heating,2,2,0,0,0,0,0,0,0,2,2,0
S01011730,Solid fuel (for example wood coal) central heating,0,0,0,0,0,0,0,0,0,0,0,0
S01011730,Other central heating,2,1,1,0,0,0,2,1,1,0,0,0
S01011730,Two or more types of central heating,8,5,3,5,2,3,1,1,0,2,2,0
S01011731,All people in households,824,163,661,652,35,617,128,92,36,44,36,8
S01011731,No central heating,2,1,1,1,0,1,1,1,0,0,0,0
S01011731,Gas central heating,762,148,614,603,32,571,115,80,35,44,36,8
S01011731,Electric (including storage heaters) central heating,40,11,29,31,3,28,9,8,1,0,0,0
S01011731,Oil central heating,3,1,2,2,0,2,1,1,0,0,0,0
S01011731,Solid fuel (for example wood coal) central heating,0,0,0,0,0,0,0,0,0,0,0,0
S01011731,Other central heating,12,1,11,11,0,11,1,1,0,0,0,0
S01011731,Two or more types of central heating,5,1,4,4,0,4,1,1,0,0,0,0
S01011732,All people in households,785,110,675,671,31,640,88,54,34,26,25,1
S01011732,No central heating,9,1,8,7,0,7,2,1,1,0,0,0
S01011732,Gas central heating,756,105,651,648,31,617,83,50,33,25,24,1
S01011732,Electric (including storage heaters) central heating,10,2,8,8,0,8,1,1,0,1,1,0
S01011732,Oil central heating,3,1,2,2,0,2,1,1,0,0,0,0
S01011732,Solid fuel (for example wood coal) central heating,0,0,0,0,0,0,0,0,0,0,0,0
S01011732,Other central heating,0,0,0,0,0,0,0,0,0,0,0,0
S01011732,Two or more types of central heating,7,1,6,6,0,6,1,1,0,0,0,0
S01011733,All people in households,851,201,650,683,58,625,125,101,24,43,42,1
S01011733,No central heating,20,4,16,13,0,13,7,4,3,0,0,0
S01011733,Gas central heating,717,149,568,593,42,551,85,69,16,39,38,1
S01011733,Electric (including storage heaters) central heating,103,43,60,71,15,56,29,25,4,3,3,0
S01011733,Oil central heating,0,0,0,0,0,0,0,0,0,0,0,0
S01011733,Solid fuel (for example wood coal) central heating,0,0,0,0,0,0,0,0,0,0,0,0
S01011733,Other central heating,0,0,0,0,0,0,0,0,0,0,0,0
S01011733,Two or more types of central heating,11,5,6,6,1,5,4,3,1,1,1,0
S01011734,All people in households,751,166,585,583,37,546,114,75,39,54,54,0
S01011734,No central heating,9,1,8,7,0,7,1,0,1,1,1,0
S01011734,Gas central heating,679,128,551,554,33,521,91,61,30,34,34,0
S01011734,Electric (including storage heaters) central heating,47,34,13,11,2,9,18,14,4,18,18,0
S01011734,Oil central heating,0,0,0,0,0,0,0,0,0,0,0,0
S01011734,Solid fuel (for example wood coal) central heating,0,0,0,0,0,0,0,0,0,0,0,0
S01011734,Other central heating,2,1,1,2,1,1,0,0,0,0,0,0
S01011734,Two or more types of central heating,14,2,12,9,1,8,4,0,4,1,1,0
S01011735,All people in households,736,135,601,609,43,566,90,58,32,37,34,3
S01011735,No central heating,4,0,4,4,0,4,0,0,0,0,0,0
S01011735,Gas central heating,678,124,554,563,40,523,82,53,29,33,31,2
S01011735,Electric (including storage heaters) central heating,49,10,39,38,3,35,7,4,3,4,3,1
S01011735,Oil central heating,5,1,4,4,0,4,1,1,0,0,0,0
S01011735,Solid fuel (for example wood coal) central heating,0,0,0,0,0,0,0,0,0,0,0,0
S01011735,Other central heating,0,0,0,0,0,0,0,0,0,0,0,0
S01011735,Two or more types of central heating,0,0,0,0,0,0,0,0,0,0,0,0
S01011736,All people in households,770,125,645,649,28,621,82,59,23,39,38,1
S01011736,No central heating,36,6,30,29,2,27,7,4,3,0,0,0
S01011736,Gas central heating,494,94,400,405,23,382,57,39,18,32,32,0
S01011736,Electric (including storage heaters) central heating,209,24,185,186,3,183,16,15,1,7,6,1
S01011736,Oil central heating,0,0,0,0,0,0,0,0,0,0,0,0
S01011736,Solid fuel (for example wood coal) central heating,13,1,12,11,0,11,2,1,1,0,0,0
S01011736,Other central heating,4,0,4,4,0,4,0,0,0,0,0,0
S01011736,Two or more types of central heating,14,0,14,14,0,14,0,0,0,0,0,0
S01011737,All people in households,727,133,594,590,29,561,95,62,33,42,42,0
S01011737,No central heating,23,6,17,16,1,15,3,1,2,4,4,0
S01011737,Gas central heating,531,94,437,436,21,415,66,44,22,29,29,0
S01011737,Electric (including storage heaters) central heating,139,27,112,110,6,104,21,13,8,8,8,0
S01011737,Oil central heating,0,0,0,0,0,0,0,0,0,0,0,0
S01011737,Solid fuel (for example wood coal) central heating,3,2,1,0,0,0,2,1,1,1,1,0
S01011737,Other central heating,0,0,0,0,0,0,0,0,0,0,0,0
S01011737,Two or more types of central heating,31,4,27,28,1,27,3,3,0,0,0,0
S01011738,All people in households,1016,183,833,839,52,787,117,76,41,60,55,5
S01011738,No central heating,50,13,37,36,5,31,10,5,5,4,3,1
S01011738,Gas central heating,672,114,558,570,34,536,67,48,19,35,32,3
S01011738,Electric (including storage heaters) central heating,211,43,168,164,10,154,32,19,13,15,14,1
S01011738,Oil central heating,39,2,37,35,0,35,2,0,2,2,2,0
S01011738,Solid fuel (for example wood coal) central heating,19,5,14,16,2,14,2,2,0,1,1,0
S01011738,Other central heating,8,0,8,8,0,8,0,0,0,0,0,0
S01011738,Two or more types of central heating,17,6,11,10,1,9,4,2,2,3,3,0
S01011739,All people in households,502,110,392,378,21,357,92,57,35,32,32,0
S01011739,No central heating,3,2,1,1,0,1,2,2,0,0,0,0
S01011739,Gas central heating,442,98,344,330,19,311,84,51,33,28,28,0
S01011739,Electric (including storage heaters) central heating,24,7,17,16,0,16,5,4,1,3,3,0
S01011739,Oil central heating,0,0,0,0,0,0,0,0,0,0,0,0
S01011739,Solid fuel (for example wood coal) central heating,0,0,0,0,0,0,0,0,0,0,0,0
S01011739,Other central heating,2,1,1,2,1,1,0,0,0,0,0,0
S01011739,Two or more types of central heating,31,2,29,29,1,28,1,0,1,1,1,0
S01011740,All people in households,783,184,599,601,54,547,117,65,52,65,65,0
S01011740,No central heating,11,6,5,5,0,5,4,4,0,2,2,0
S01011740,Gas central heating,654,150,504,511,49,462,94,52,42,49,49,0
S01011740,Electric (including storage heaters) central heating,96,21,75,72,4,68,13,6,7,11,11,0
S01011740,Oil central heating,0,0,0,0,0,0,0,0,0,0,0,0
S01011740,Solid fuel (for example wood coal) central heating,1,0,1,1,0,1,0,0,0,0,0,0
S01011740,Other central heating,14,4,10,8,0,8,5,3,2,1,1,0
S01011740,Two or more types of central heating,7,3,4,4,1,3,1,0,1,2,2,0
S01011741,All people in households,657,161,496,501,51,450,115,70,45,41,40,1
S01011741,No central heating,49,14,35,37,4,33,10,8,2,2,2,0
S01011741,Gas central heating,305,65,240,232,16,216,52,29,23,21,20,1
S01011741,Electric (including storage heaters) central heating,277,75,202,213,29,184,47,29,18,17,17,0
S01011741,Oil central heating,14,3,11,13,2,11,1,1,0,0,0,0
S01011741,Solid fuel (for example wood coal) central heating,9,4,5,5,0,5,3,3,0,1,1,0
S01011741,Other central heating,0,0,0,0,0,0,0,0,0,0,0,0
S01011741,Two or more types of central heating,3,0,3,1,0,1,2,0,2,0,0,0
S01011742,All people in households,758,131,627,620,35,585,89,49,40,49,47,2
S01011742,No central heating,14,2,12,14,2,12,0,0,0,0,0,0
S01011742,Gas central heating,541,63,478,471,18,453,50,26,24,20,19,1
S01011742,Electric (including storage heaters) central heating,185,63,122,121,15,106,37,22,15,27,26,1
S01011742,Oil central heating,4,0,4,4,0,4,0,0,0,0,0,0
S01011742,Solid fuel (for example wood coal) central heating,0,0,0,0,0,0,0,0,0,0,0,0
S01011742,Other central heating,1,1,0,0,0,0,0,0,0,1,1,0
S01011742,Two or more types of central heating,13,2,11,10,0,10,2,1,1,1,1,0
S01011743,All people in households,797,151,646,662,46,616,94,65,29,41,40,1
S01011743,No central heating,16,4,12,12,2,10,4,2,2,0,0,0
S01011743,Gas central heating,669,125,544,557,37,520,75,52,23,37,36,1
S01011743,Electric (including storage heaters) central heating,64,18,46,50,6,44,11,9,2,3,3,0
S01011743,Oil central heating,0,0,0,0,0,0,0,0,0,0,0,0
S01011743,Solid fuel (for example wood coal) central heating,0,0,0,0,0,0,0,0,0,0,0,0
S01011743,Other central heating,14,1,13,13,0,13,1,1,0,0,0,0
S01011743,Two or more types of central heating,34,3,31,30,1,29,3,1,2,1,1,0
S01011744,All people in households,849,215,634,631,48,583,151,100,51,67,67,0
S01011744,No central heating,15,5,10,13,3,10,0,0,0,2,2,0
S01011744,Gas central heating,487,91,396,397,25,372,62,38,24,28,28,0
S01011744,Electric (including storage heaters) central heating,328,113,215,208,20,188,86,59,27,34,34,0
S01011744,Oil central heating,0,0,0,0,0,0,0,0,0,0,0,0
S01011744,Solid fuel (for example wood coal) central heating,0,0,0,0,0,0,0,0,0,0,0,0
S01011744,Other central heating,4,4,0,0,0,0,1,1,0,3,3,0
S01011744,Two or more types of central heating,15,2,13,13,0,13,2,2,0,0,0,0
S01011745,All people in households,711,257,454,452,47,405,162,115,47,97,95,2
S01011745,No central heating,8,3,5,2,0,2,3,0,3,3,3,0
S01011745,Gas central heating,603,197,406,408,41,367,129,91,38,66,65,1
S01011745,Electric (including storage heaters) central heating,81,49,32,31,6,25,26,20,6,24,23,1
S01011745,Oil central heating,4,2,2,2,0,2,1,1,0,1,1,0
S01011745,Solid fuel (for example wood coal) central heating,2,0,2,2,0,2,0,0,0,0,0,0
S01011745,Other central heating,3,3,0,0,0,0,2,2,0,1,1,0
S01011745,Two or more types of central heating,10,3,7,7,0,7,1,1,0,2,2,0
S01011746,All people in households,539,119,420,417,24,393,79,54,25,43,41,2
S01011746,No central heating,10,3,7,7,1,6,0,0,0,3,2,1
S01011746,Gas central heating,455,101,354,349,20,329,71,47,24,35,34,1
S01011746,Electric (including storage heaters) central heating,56,11,45,45,1,44,8,7,1,3,3,0
S01011746,Oil central heating,0,0,0,0,0,0,0,0,0,0,0,0
S01011746,Solid fuel (for example wood coal) central heating,4,3,1,3,2,1,0,0,0,1,1,0
S01011746,Other central heating,0,0,0,0,0,0,0,0,0,0,0,0
S01011746,Two or more types of central heating,14,1,13,13,0,13,0,0,0,1,1,0
S01011747,All people in households,992,214,778,771,43,728,142,92,50,79,79,0
S01011747,No central heating,16,3,13,14,1,13,2,2,0,0,0,0
S01011747,Gas central heating,859,180,679,673,37,636,122,79,43,64,64,0
S01011747,Electric (including storage heaters) central heating,48,13,35,37,3,34,6,5,1,5,5,0
S01011747,Oil central heating,0,0,0,0,0,0,0,0,0,0,0,0
S01011747,Solid fuel (for example wood coal) central heating,13,1,12,11,1,10,2,0,2,0,0,0
S01011747,Other central heating,11,0,11,9,0,9,2,0,2,0,0,0
S01011747,Two or more types of central heating,45,17,28,27,1,26,8,6,2,10,10,0
S01011748,All people in households,878,149,729,705,34,671,115,61,54,58,54,4
S01011748,No central heating,68,8,60,57,2,55,10,5,5,1,1,0
S01011748,Gas central heating,426,78,348,346,19,327,51,31,20,29,28,1
S01011748,Electric (including storage heaters) central heating,358,58,300,284,11,273,49,25,24,25,22,3
S01011748,Oil central heating,0,0,0,0,0,0,0,0,0,0,0,0
S01011748,Solid fuel (for example wood coal) central heating,3,1,2,1,1,0,2,0,2,0,0,0
S01011748,Other central heating,1,0,1,0,0,0,1,0,1,0,0,0
S01011748,Two or more types of central heating,22,4,18,17,1,16,2,0,2,3,3,0
S01011749,All people in households,769,140,629,619,30,589,100,66,34,50,44,6
S01011749,No central heating,45,12,33,34,2,32,7,7,0,4,3,1
S01011749,Gas central heating,404,71,333,329,13,316,49,35,14,26,23,3
S01011749,Electric (including storage heaters) central heating,307,55,252,245,15,230,43,23,20,19,17,2
S01011749,Oil central heating,0,0,0,0,0,0,0,0,0,0,0,0
S01011749,Solid fuel (for example wood coal) central heating,0,0,0,0,0,0,0,0,0,0,0,0
S01011749,Other central heating,4,1,3,3,0,3,1,1,0,0,0,0
S01011749,Two or more types of central heating,9,1,8,8,0,8,0,0,0,1,1,0
S01011750,All people in households,876,202,674,697,53,644,116,87,29,63,62,1
S01011750,No central heating,22,4,18,21,3,18,0,0,0,1,1,0
S01011750,Gas central heating,641,136,505,518,36,482,82,59,23,41,41,0
S01011750,Electric (including storage heaters) central heating,190,58,132,135,10,125,34,28,6,21,20,1
S01011750,Oil central heating,0,0,0,0,0,0,0,0,0,0,0,0
S01011750,Solid fuel (for example wood coal) central heating,0,0,0,0,0,0,0,0,0,0,0,0
S01011750,Other central heating,1,0,1,1,0,1,0,0,0,0,0,0
S01011750,Two or more types of central heating,22,4,18,22,4,18,0,0,0,0,0,0
S01011751,All people in households,972,202,770,754,48,706,142,82,60,76,72,4
S01011751,No central heating,62,9,53,51,1,50,8,5,3,3,3,0
S01011751,Gas central heating,421,86,335,330,21,309,57,32,25,34,33,1
S01011751,Electric (including storage heaters) central heating,478,105,373,364,25,339,75,44,31,39,36,3
S01011751,Oil central heating,1,1,0,0,0,0,1,1,0,0,0,0
S01011751,Solid fuel (for example wood coal) central heating,0,0,0,0,0,0,0,0,0,0,0,0
S01011751,Other central heating,3,0,3,3,0,3,0,0,0,0,0,0
S01011751,Two or more types of central heating,7,1,6,6,1,5,1,0,1,0,0,0
S01011752,All people in households,921,173,748,729,37,692,135,82,53,57,54,3
S01011752,No central heating,40,6,34,34,1,33,3,3,0,3,2,1
S01011752,Gas central heating,657,133,524,508,26,482,104,64,40,45,43,2
S01011752,Electric (including storage heaters) central heating,204,27,177,176,10,166,22,11,11,6,6,0
S01011752,Oil central heating,1,0,1,1,0,1,0,0,0,0,0,0
S01011752,Solid fuel (for example wood coal) central heating,0,0,0,0,0,0,0,0,0,0,0,0
S01011752,Other central heating,1,1,0,0,0,0,1,1,0,0,0,0
S01011752,Two or more types of central heating,18,6,12,10,0,10,5,3,2,3,3,0
S01011753,All people in households,777,138,639,639,44,595,95,53,42,43,41,2
S01011753,No central heating,26,5,21,19,1,18,4,1,3,3,3,0
S01011753,Gas central heating,520,99,421,431,36,395,63,39,24,26,24,2
S01011753,Electric (including storage heaters) central heating,217,30,187,179,6,173,26,12,14,12,12,0
S01011753,Oil central heating,0,0,0,0,0,0,0,0,0,0,0,0
S01011753,Solid fuel (for example wood coal) central heating,0,0,0,0,0,0,0,0,0,0,0,0
S01011753,Other central heating,7,2,5,5,0,5,0,0,0,2,2,0
S01011753,Two or more types of central heating,7,2,5,5,1,4,2,1,1,0,0,0
S01011754,All people in households,764,176,588,593,47,546,123,82,41,48,47,1
S01011754,No central heating,11,1,10,9,0,9,1,0,1,1,1,0
S01011754,Gas central heating,697,157,540,548,46,502,109,72,37,40,39,1
S01011754,Electric (including storage heaters) central heating,44,14,30,29,0,29,8,7,1,7,7,0
S01011754,Oil central heating,0,0,0,0,0,0,0,0,0,0,0,0
S01011754,Solid fuel (for example wood coal) central heating,2,2,0,0,0,0,2,2,0,0,0,0
S01011754,Other central heating,0,0,0,0,0,0,0,0,0,0,0,0
S01011754,Two or more types of central heating,10,2,8,7,1,6,3,1,2,0,0,0
S01011755,All people in households,939,192,747,756,40,716,111,81,30,72,71,1
S01011755,No central heating,15,0,15,14,0,14,1,0,1,0,0,0
S01011755,Gas central heating,817,169,648,657,36,621,100,74,26,60,59,1
S01011755,Electric (including storage heaters) central heating,92,20,72,73,3,70,9,7,2,10,10,0
S01011755,Oil central heating,0,0,0,0,0,0,0,0,0,0,0,0
S01011755,Solid fuel (for example wood coal) central heating,0,0,0,0,0,0,0,0,0,0,0,0
S01011755,Other central heating,0,0,0,0,0,0,0,0,0,0,0,0
S01011755,Two or more types of central heating,15,3,12,12,1,11,1,0,1,2,2,0
S01011756,All people in households,990,192,798,812,55,757,122,81,41,56,56,0
S01011756,No central heating,27,6,21,22,1,21,1,1,0,4,4,0
S01011756,Gas central heating,829,154,675,685,45,640,99,64,35,45,45,0
S01011756,Electric (including storage heaters) central heating,106,25,81,83,7,76,18,13,5,5,5,0
S01011756,Oil central heating,0,0,0,0,0,0,0,0,0,0,0,0
S01011756,Solid fuel (for example wood coal) central heating,0,0,0,0,0,0,0,0,0,0,0,0
S01011756,Other central heating,2,2,0,1,1,0,1,1,0,0,0,0
S01011756,Two or more types of central heating,26,5,21,21,1,20,3,2,1,2,2,0
S01011757,All people in households,730,184,546,557,39,518,112,85,27,61,60,1
S01011757,No central heating,14,7,7,7,1,6,5,4,1,2,2,0
S01011757,Gas central heating,643,162,481,488,33,455,101,76,25,54,53,1
S01011757,Electric (including storage heaters) central heating,57,11,46,50,5,45,5,4,1,2,2,0
S01011757,Oil central heating,0,0,0,0,0,0,0,0,0,0,0,0
S01011757,Solid fuel (for example wood coal) central heating,0,0,0,0,0,0,0,0,0,0,0,0
S01011757,Other central heating,5,2,3,3,0,3,0,0,0,2,2,0
S01011757,Two or more types of central heating,11,2,9,9,0,9,1,1,0,1,1,0
S01011758,All people in households,624,120,504,513,35,478,75,51,24,36,34,2
S01011758,No central heating,16,4,12,13,1,12,2,2,0,1,1,0
S01011758,Gas central heating,540,103,437,445,30,415,68,47,21,27,26,1
S01011758,Electric (including storage heaters) central heating,42,8,34,32,2,30,5,2,3,5,4,1
S01011758,Oil central heating,0,0,0,0,0,0,0,0,0,0,0,0
S01011758,Solid fuel (for example wood coal) central heating,0,0,0,0,0,0,0,0,0,0,0,0
S01011758,Other central heating,2,0,2,2,0,2,0,0,0,0,0,0
S01011758,Two or more types of central heating,24,5,19,21,2,19,0,0,0,3,3,0
S01011759,All people in households,836,203,633,620,33,587,135,93,42,81,77,4
S01011759,No central heating,9,1,8,9,1,8,0,0,0,0,0,0
S01011759,Gas central heating,749,173,576,565,25,540,113,80,33,71,68,3
S01011759,Electric (including storage heaters) central heating,49,14,35,29,3,26,14,6,8,6,5,1
S01011759,Oil central heating,0,0,0,0,0,0,0,0,0,0,0,0
S01011759,Solid fuel (for example wood coal) central heating,0,0,0,0,0,0,0,0,0,0,0,0
S01011759,Other central heating,15,6,9,9,1,8,6,5,1,0,0,0
S01011759,Two or more types of central heating,14,9,5,8,3,5,2,2,0,4,4,0
S01011760,All people in households,884,195,689,700,49,651,114,78,36,70,68,2
S01011760,No central heating,21,2,19,18,0,18,1,0,1,2,2,0
S01011760,Gas central heating,716,169,547,553,37,516,101,72,29,62,60,2
S01011760,Electric (including storage heaters) central heating,115,18,97,100,9,91,11,5,6,4,4,0
S01011760,Oil central heating,0,0,0,0,0,0,0,0,0,0,0,0
S01011760,Solid fuel (for example wood coal) central heating,0,0,0,0,0,0,0,0,0,0,0,0
S01011760,Other central heating,5,0,5,5,0,5,0,0,0,0,0,0
S01011760,Two or more types of central heating,27,6,21,24,3,21,1,1,0,2,2,0
S01011761,All people in households,720,118,602,604,31,573,75,49,26,41,38,3
S01011761,No central heating,11,3,8,10,2,8,0,0,0,1,1,0
S01011761,Gas central heating,633,102,531,533,27,506,64,41,23,36,34,2
S01011761,Electric (including storage heaters) central heating,44,10,34,34,2,32,10,8,2,0,0,0
S01011761,Oil central heating,0,0,0,0,0,0,0,0,0,0,0,0
S01011761,Solid fuel (for example wood coal) central heating,0,0,0,0,0,0,0,0,0,0,0,0
S01011761,Other central heating,0,0,0,0,0,0,0,0,0,0,0,0
S01011761,Two or more types of central heating,32,3,29,27,0,27,1,0,1,4,3,1
S01011762,All people in households,656,132,524,513,29,484,102,62,40,41,41,0
S01011762,No central heating,3,0,3,3,0,3,0,0,0,0,0,0
S01011762,Gas central heating,616,127,489,476,27,449,100,60,40,40,40,0
S01011762,Electric (including storage heaters) central heating,10,2,8,9,1,8,0,0,0,1,1,0
S01011762,Oil central heating,0,0,0,0,0,0,0,0,0,0,0,0
S01011762,Solid fuel (for example wood coal) central heating,7,1,6,7,1,6,0,0,0,0,0,0
S01011762,Other central heating,8,0,8,8,0,8,0,0,0,0,0,0
S01011762,Two or more types of central heating,12,2,10,10,0,10,2,2,0,0,0,0
S01011763,All people in households,773,201,572,586,48,538,109,77,32,78,76,2
S01011763,No central heating,5,2,3,3,0,3,0,0,0,2,2,0
S01011763,Gas central heating,727,190,537,552,47,505,104,74,30,71,69,2
S01011763,Electric (including storage heaters) central heating,30,7,23,22,1,21,5,3,2,3,3,0
S01011763,Oil central heating,0,0,0,0,0,0,0,0,0,0,0,0
S01011763,Solid fuel (for example wood coal) central heating,1,0,1,1,0,1,0,0,0,0,0,0
S01011763,Other central heating,0,0,0,0,0,0,0,0,0,0,0,0
S01011763,Two or more types of central heating,10,2,8,8,0,8,0,0,0,2,2,0
S01011764,All people in households,403,69,334,335,20,315,44,26,18,24,23,1
S01011764,No central heating,0,0,0,0,0,0,0,0,0,0,0,0
S01011764,Gas central heating,388,62,326,325,18,307,42,24,18,21,20,1
S01011764,Electric (including storage heaters) central heating,4,2,2,3,1,2,0,0,0,1,1,0
S01011764,Oil central heating,3,2,1,1,0,1,1,1,0,1,1,0
S01011764,Solid fuel (for example wood coal) central heating,2,2,0,1,1,0,0,0,0,1,1,0
S01011764,Other central heating,0,0,0,0,0,0,0,0,0,0,0,0
S01011764,Two or more types of central heating,6,1,5,5,0,5,1,1,0,0,0,0
S01011765,All people in households,974,122,852,860,42,818,81,48,33,33,32,1
S01011765,No central heating,8,2,6,6,1,5,1,1,0,1,0,1
S01011765,Gas central heating,930,107,823,831,38,793,70,40,30,29,29,0
S01011765,Electric (including storage heaters) central heating,34,12,22,22,3,19,9,6,3,3,3,0
S01011765,Oil central heating,0,0,0,0,0,0,0,0,0,0,0,0
S01011765,Solid fuel (for example wood coal) central heating,0,0,0,0,0,0,0,0,0,0,0,0
S01011765,Other central heating,0,0,0,0,0,0,0,0,0,0,0,0
S01011765,Two or more types of central heating,2,1,1,1,0,1,1,1,0,0,0,0
S01011766,All people in households,513,78,435,437,19,418,50,34,16,26,25,1
S01011766,No central heating,1,0,1,1,0,1,0,0,0,0,0,0
S01011766,Gas central heating,497,73,424,427,18,409,46,32,14,24,23,1
S01011766,Electric (including storage heaters) central heating,9,3,6,7,1,6,0,0,0,2,2,0
S01011766,Oil central heating,2,1,1,1,0,1,1,1,0,0,0,0
S01011766,Solid fuel (for example wood coal) central heating,2,0,2,0,0,0,2,0,2,0,0,0
S01011766,Other central heating,0,0,0,0,0,0,0,0,0,0,0,0
S01011766,Two or more types of central heating,2,1,1,1,0,1,1,1,0,0,0,0
S01011767,All people in households,848,233,615,617,52,565,160,110,50,71,71,0
S01011767,No central heating,14,2,12,12,0,12,2,2,0,0,0,0
S01011767,Gas central heating,755,213,542,546,49,497,145,100,45,64,64,0
S01011767,Electric (including storage heaters) central heating,65,15,50,47,2,45,12,7,5,6,6,0
S01011767,Oil central heating,0,0,0,0,0,0,0,0,0,0,0,0
S01011767,Solid fuel (for example wood coal) central heating,7,2,5,5,0,5,1,1,0,1,1,0
S01011767,Other central heating,0,0,0,0,0,0,0,0,0,0,0,0
S01011767,Two or more types of central heating,7,1,6,7,1,6,0,0,0,0,0,0
S01011768,All people in households,694,132,562,564,30,534,87,62,25,43,40,3
S01011768,No central heating,30,2,28,27,1,26,3,1,2,0,0,0
S01011768,Gas central heating,533,108,425,430,23,407,67,50,17,36,35,1
S01011768,Electric (including storage heaters) central heating,118,19,99,96,5,91,17,11,6,5,3,2
S01011768,Oil central heating,0,0,0,0,0,0,0,0,0,0,0,0
S01011768,Solid fuel (for example wood coal) central heating,4,1,3,4,1,3,0,0,0,0,0,0
S01011768,Other central heating,0,0,0,0,0,0,0,0,0,0,0,0
S01011768,Two or more types of central heating,9,2,7,7,0,7,0,0,0,2,2,0
S01011769,All people in households,607,158,449,444,35,409,108,70,38,55,53,2
S01011769,No central heating,13,0,13,10,0,10,3,0,3,0,0,0
S01011769,Gas central heating,419,98,321,321,22,299,65,45,20,33,31,2
S01011769,Electric (including storage heaters) central heating,167,59,108,106,13,93,40,25,15,21,21,0
S01011769,Oil central heating,1,0,1,1,0,1,0,0,0,0,0,0
S01011769,Solid fuel (for example wood coal) central heating,0,0,0,0,0,0,0,0,0,0,0,0
S01011769,Other central heating,0,0,0,0,0,0,0,0,0,0,0,0
S01011769,Two or more types of central heating,7,1,6,6,0,6,0,0,0,1,1,0
S01011770,All people in households,808,224,584,604,56,548,144,109,35,60,59,1
S01011770,No central heating,22,5,17,14,0,14,6,3,3,2,2,0
S01011770,Gas central heating,486,117,369,386,36,350,72,54,18,28,27,1
S01011770,Electric (including storage heaters) central heating,281,101,180,186,19,167,65,52,13,30,30,0
S01011770,Oil central heating,0,0,0,0,0,0,0,0,0,0,0,0
S01011770,Solid fuel (for example wood coal) central heating,1,0,1,1,0,1,0,0,0,0,0,0
S01011770,Other central heating,1,1,0,1,1,0,0,0,0,0,0,0
S01011770,Two or more types of central heating,17,0,17,16,0,16,1,0,1,0,0,0
S01011771,All people in households,667,73,594,612,34,578,35,19,16,20,20,0
S01011771,No central heating,2,0,2,2,0,2,0,0,0,0,0,0
S01011771,Gas central heating,652,72,580,598,34,564,34,18,16,20,20,0
S01011771,Electric (including storage heaters) central heating,7,1,6,6,0,6,1,1,0,0,0,0
S01011771,Oil central heating,0,0,0,0,0,0,0,0,0,0,0,0
S01011771,Solid fuel (for example wood coal) central heating,0,0,0,0,0,0,0,0,0,0,0,0
S01011771,Other central heating,0,0,0,0,0,0,0,0,0,0,0,0
S01011771,Two or more types of central heating,6,0,6,6,0,6,0,0,0,0,0,0
S01011772,All people in households,1102,125,977,1003,57,946,73,43,30,26,25,1
S01011772,No central heating,1,1,0,1,1,0,0,0,0,0,0,0
S01011772,Gas central heating,1065,115,950,970,51,919,71,41,30,24,23,1
S01011772,Electric (including storage heaters) central heating,20,7,13,16,3,13,2,2,0,2,2,0
S01011772,Oil central heating,4,1,3,4,1,3,0,0,0,0,0,0
S01011772,Solid fuel (for example wood coal) central heating,0,0,0,0,0,0,0,0,0,0,0,0
S01011772,Other central heating,0,0,0,0,0,0,0,0,0,0,0,0
S01011772,Two or more types of central heating,12,1,11,12,1,11,0,0,0,0,0,0
S01011773,All people in households,596,41,555,566,18,548,22,15,7,8,8,0
S01011773,No central heating,0,0,0,0,0,0,0,0,0,0,0,0
S01011773,Gas central heating,583,37,546,556,17,539,19,12,7,8,8,0
S01011773,Electric (including storage heaters) central heating,3,1,2,2,0,2,1,1,0,0,0,0
S01011773,Oil central heating,0,0,0,0,0,0,0,0,0,0,0,0
S01011773,Solid fuel (for example wood coal) central heating,0,0,0,0,0,0,0,0,0,0,0,0
S01011773,Other central heating,0,0,0,0,0,0,0,0,0,0,0,0
S01011773,Two or more types of central heating,10,3,7,8,1,7,2,2,0,0,0,0
S01011774,All people in households,941,137,804,827,49,778,77,51,26,37,37,0
S01011774,No central heating,3,2,1,2,1,1,1,1,0,0,0,0
S01011774,Gas central heating,812,84,728,750,40,710,48,30,18,14,14,0
S01011774,Electric (including storage heaters) central heating,118,51,67,69,8,61,26,20,6,23,23,0
S01011774,Oil central heating,0,0,0,0,0,0,0,0,0,0,0,0
S01011774,Solid fuel (for example wood coal) central heating,0,0,0,0,0,0,0,0,0,0,0,0
S01011774,Other central heating,0,0,0,0,0,0,0,0,0,0,0,0
S01011774,Two or more types of central heating,8,0,8,6,0,6,2,0,2,0,0,0
S01011775,All people in households,667,53,614,629,26,603,33,22,11,5,5,0
S01011775,No central heating,0,0,0,0,0,0,0,0,0,0,0,0
S01011775,Gas central heating,660,53,607,623,26,597,32,22,10,5,5,0
S01011775,Electric (including storage heaters) central heating,7,0,7,6,0,6,1,0,1,0,0,0
S01011775,Oil central heating,0,0,0,0,0,0,0,0,0,0,0,0
S01011775,Solid fuel (for example wood coal) central heating,0,0,0,0,0,0,0,0,0,0,0,0
S01011775,Other central heating,0,0,0,0,0,0,0,0,0,0,0,0
S01011775,Two or more types of central heating,0,0,0,0,0,0,0,0,0,0,0,0
S01011776,All people in households,1097,77,1020,1030,33,997,51,28,23,16,16,0
S01011776,No central heating,0,0,0,0,0,0,0,0,0,0,0,0
S01011776,Gas central heating,1065,74,991,1001,33,968,48,25,23,16,16,0
S01011776,Electric (including storage heaters) central heating,12,2,10,10,0,10,2,2,0,0,0,0
S01011776,Oil central heating,0,0,0,0,0,0,0,0,0,0,0,0
S01011776,Solid fuel (for example wood coal) central heating,0,0,0,0,0,0,0,0,0,0,0,0
S01011776,Other central heating,4,0,4,4,0,4,0,0,0,0,0,0
S01011776,Two or more types of central heating,16,1,15,15,0,15,1,1,0,0,0,0
S01011777,All people in households,645,82,563,576,30,546,48,31,17,21,21,0
S01011777,No central heating,5,0,5,5,0,5,0,0,0,0,0,0
S01011777,Gas central heating,577,61,516,527,25,502,38,24,14,12,12,0
S01011777,Electric (including storage heaters) central heating,48,18,30,31,3,28,9,7,2,8,8,0
S01011777,Oil central heating,2,0,2,2,0,2,0,0,0,0,0,0
S01011777,Solid fuel (for example wood coal) central heating,0,0,0,0,0,0,0,0,0,0,0,0
S01011777,Other central heating,2,2,0,1,1,0,0,0,0,1,1,0
S01011777,Two or more types of central heating,11,1,10,10,1,9,1,0,1,0,0,0
S01011778,All people in households,634,88,546,561,21,540,44,38,6,29,29,0
S01011778,No central heating,4,0,4,4,0,4,0,0,0,0,0,0
S01011778,Gas central heating,532,41,491,499,13,486,24,19,5,9,9,0
S01011778,Electric (including storage heaters) central heating,92,47,45,52,8,44,20,19,1,20,20,0
S01011778,Oil central heating,0,0,0,0,0,0,0,0,0,0,0,0
S01011778,Solid fuel (for example wood coal) central heating,0,0,0,0,0,0,0,0,0,0,0,0
S01011778,Other central heating,2,0,2,2,0,2,0,0,0,0,0,0
S01011778,Two or more types of central heating,4,0,4,4,0,4,0,0,0,0,0,0
S01011779,All people in households,793,118,675,688,42,646,75,47,28,30,29,1
S01011779,No central heating,1,0,1,1,0,1,0,0,0,0,0,0
S01011779,Gas central heating,756,109,647,661,39,622,68,44,24,27,26,1
S01011779,Electric (including storage heaters) central heating,24,6,18,15,1,14,7,3,4,2,2,0
S01011779,Oil central heating,4,1,3,4,1,3,0,0,0,0,0,0
S01011779,Solid fuel (for example wood coal) central heating,0,0,0,0,0,0,0,0,0,0,0,0
S01011779,Other central heating,0,0,0,0,0,0,0,0,0,0,0,0
S01011779,Two or more types of central heating,8,2,6,7,1,6,0,0,0,1,1,0
S01011780,All people in households,939,124,815,834,41,793,73,51,22,32,32,0
S01011780,No central heating,0,0,0,0,0,0,0,0,0,0,0,0
S01011780,Gas central heating,908,119,789,806,39,767,71,49,22,31,31,0
S01011780,Electric (including storage heaters) central heating,14,3,11,13,2,11,1,1,0,0,0,0
S01011780,Oil central heating,10,1,9,9,0,9,1,1,0,0,0,0
S01011780,Solid fuel (for example wood coal) central heating,0,0,0,0,0,0,0,0,0,0,0,0
S01011780,Other central heating,0,0,0,0,0,0,0,0,0,0,0,0
S01011780,Two or more types of central heating,7,1,6,6,0,6,0,0,0,1,1,0
S01011781,All people in households,584,74,510,510,20,490,47,27,20,27,27,0
S01011781,No central heating,0,0,0,0,0,0,0,0,0,0,0,0
S01011781,Gas central heating,574,72,502,504,20,484,44,26,18,26,26,0
S01011781,Electric (including storage heaters) central heating,8,2,6,4,0,4,3,1,2,1,1,0
S01011781,Oil central heating,0,0,0,0,0,0,0,0,0,0,0,0
S01011781,Solid fuel (for example wood coal) central heating,0,0,0,0,0,0,0,0,0,0,0,0
S01011781,Other central heating,0,0,0,0,0,0,0,0,0,0,0,0
S01011781,Two or more types of central heating,2,0,2,2,0,2,0,0,0,0,0,0
S01011782,All people in households,683,125,558,592,54,538,72,52,20,19,19,0
S01011782,No central heating,0,0,0,0,0,0,0,0,0,0,0,0
S01011782,Gas central heating,669,122,547,582,54,528,69,50,19,18,18,0
S01011782,Electric (including storage heaters) central heating,11,3,8,7,0,7,3,2,1,1,1,0
S01011782,Oil central heating,0,0,0,0,0,0,0,0,0,0,0,0
S01011782,Solid fuel (for example wood coal) central heating,0,0,0,0,0,0,0,0,0,0,0,0
S01011782,Other central heating,0,0,0,0,0,0,0,0,0,0,0,0
S01011782,Two or more types of central heating,3,0,3,3,0,3,0,0,0,0,0,0
S01011783,All people in households,575,88,487,494,26,468,61,42,19,20,20,0
S01011783,No central heating,4,0,4,4,0,4,0,0,0,0,0,0
S01011783,Gas central heating,563,87,476,482,25,457,61,42,19,20,20,0
S01011783,Electric (including storage heaters) central heating,6,1,5,6,1,5,0,0,0,0,0,0
S01011783,Oil central heating,0,0,0,0,0,0,0,0,0,0,0,0
S01011783,Solid fuel (for example wood coal) central heating,0,0,0,0,0,0,0,0,0,0,0,0
S01011783,Other central heating,0,0,0,0,0,0,0,0,0,0,0,0
S01011783,Two or more types of central heating,2,0,2,2,0,2,0,0,0,0,0,0
S01011784,All people in households,793,183,610,619,42,577,110,77,33,64,64,0
S01011784,No central heating,4,2,2,2,0,2,2,2,0,0,0,0
S01011784,Gas central heating,738,169,569,578,41,537,101,69,32,59,59,0
S01011784,Electric (including storage heaters) central heating,28,7,21,21,1,20,4,3,1,3,3,0
S01011784,Oil central heating,6,0,6,6,0,6,0,0,0,0,0,0
S01011784,Solid fuel (for example wood coal) central heating,0,0,0,0,0,0,0,0,0,0,0,0
S01011784,Other central heating,2,2,0,0,0,0,0,0,0,2,2,0
S01011784,Two or more types of central heating,15,3,12,12,0,12,3,3,0,0,0,0
S01011785,All people in households,873,218,655,650,45,605,152,103,49,71,70,1
S01011785,No central heating,0,0,0,0,0,0,0,0,0,0,0,0
S01011785,Gas central heating,851,212,639,633,44,589,148,99,49,70,69,1
S01011785,Electric (including storage heaters) central heating,11,5,6,6,0,6,4,4,0,1,1,0
S01011785,Oil central heating,0,0,0,0,0,0,0,0,0,0,0,0
S01011785,Solid fuel (for example wood coal) central heating,0,0,0,0,0,0,0,0,0,0,0,0
S01011785,Other central heating,2,0,2,2,0,2,0,0,0,0,0,0
S01011785,Two or more types of central heating,9,1,8,9,1,8,0,0,0,0,0,0
S01011786,All people in households,431,35,396,403,19,384,21,10,11,7,6,1
S01011786,No central heating,0,0,0,0,0,0,0,0,0,0,0,0
S01011786,Gas central heating,413,31,382,387,17,370,19,8,11,7,6,1
S01011786,Electric (including storage heaters) central heating,0,0,0,0,0,0,0,0,0,0,0,0
S01011786,Oil central heating,0,0,0,0,0,0,0,0,0,0,0,0
S01011786,Solid fuel (for example wood coal) central heating,4,2,2,2,0,2,2,2,0,0,0,0
S01011786,Other central heating,0,0,0,0,0,0,0,0,0,0,0,0
S01011786,Two or more types of central heating,14,2,12,14,2,12,0,0,0,0,0,0
S01011787,All people in households,1026,264,762,768,66,702,154,97,57,104,101,3
S01011787,No central heating,0,0,0,0,0,0,0,0,0,0,0,0
S01011787,Gas central heating,975,250,725,727,60,667,146,91,55,102,99,3
S01011787,Electric (including storage heaters) central heating,25,5,20,22,2,20,3,3,0,0,0,0
S01011787,Oil central heating,1,0,1,1,0,1,0,0,0,0,0,0
S01011787,Solid fuel (for example wood coal) central heating,2,2,0,2,2,0,0,0,0,0,0,0
S01011787,Other central heating,0,0,0,0,0,0,0,0,0,0,0,0
S01011787,Two or more types of central heating,23,7,16,16,2,14,5,3,2,2,2,0
S01011788,All people in households,697,58,639,656,27,629,33,23,10,8,8,0
S01011788,No central heating,0,0,0,0,0,0,0,0,0,0,0,0
S01011788,Gas central heating,682,54,628,645,26,619,30,21,9,7,7,0
S01011788,Electric (including storage heaters) central heating,2,0,2,2,0,2,0,0,0,0,0,0
S01011788,Oil central heating,6,4,2,2,1,1,3,2,1,1,1,0
S01011788,Solid fuel (for example wood coal) central heating,0,0,0,0,0,0,0,0,0,0,0,0
S01011788,Other central heating,0,0,0,0,0,0,0,0,0,0,0,0
S01011788,Two or more types of central heating,7,0,7,7,0,7,0,0,0,0,0,0
S01011789,All people in households,660,169,491,519,51,468,99,77,22,42,41,1
S01011789,No central heating,11,1,10,7,0,7,3,0,3,1,1,0
S01011789,Gas central heating,95,26,69,77,10,67,14,12,2,4,4,0
S01011789,Electric (including storage heaters) central heating,137,43,94,102,11,91,21,19,2,14,13,1
S01011789,Oil central heating,268,63,205,220,20,200,31,26,5,17,17,0
S01011789,Solid fuel (for example wood coal) central heating,80,26,54,54,7,47,22,15,7,4,4,0
S01011789,Other central heating,57,7,50,49,2,47,7,4,3,1,1,0
S01011789,Two or more types of central heating,12,3,9,10,1,9,1,1,0,1,1,0
S01011790,All people in households,998,209,789,774,50,724,154,92,62,70,67,3
S01011790,No central heating,6,1,5,5,0,5,0,0,0,1,1,0
S01011790,Gas central heating,911,188,723,710,45,665,137,82,55,64,61,3
S01011790,Electric (including storage heaters) central heating,17,4,13,15,2,13,1,1,0,1,1,0
S01011790,Oil central heating,28,4,24,20,0,20,7,3,4,1,1,0
S01011790,Solid fuel (for example wood coal) central heating,5,0,5,5,0,5,0,0,0,0,0,0
S01011790,Other central heating,6,2,4,1,0,1,5,2,3,0,0,0
S01011790,Two or more types of central heating,25,10,15,18,3,15,4,4,0,3,3,0
S01011791,All people in households,735,203,532,533,36,497,129,96,33,73,71,2
S01011791,No central heating,1,0,1,1,0,1,0,0,0,0,0,0
S01011791,Gas central heating,684,191,493,492,32,460,124,93,31,68,66,2
S01011791,Electric (including storage heaters) central heating,13,5,8,9,2,7,2,1,1,2,2,0
S01011791,Oil central heating,0,0,0,0,0,0,0,0,0,0,0,0
S01011791,Solid fuel (for example wood coal) central heating,11,4,7,7,0,7,2,2,0,2,2,0
S01011791,Other central heating,0,0,0,0,0,0,0,0,0,0,0,0
S01011791,Two or more types of central heating,26,3,23,24,2,22,1,0,1,1,1,0
S01011792,All people in households,888,303,585,611,76,535,181,133,48,96,94,2
S01011792,No central heating,4,2,2,3,1,2,0,0,0,1,1,0
S01011792,Gas central heating,825,280,545,568,71,497,171,125,46,86,84,2
S01011792,Electric (including storage heaters) central heating,38,16,22,26,4,22,4,4,0,8,8,0
S01011792,Oil central heating,0,0,0,0,0,0,0,0,0,0,0,0
S01011792,Solid fuel (for example wood coal) central heating,4,0,4,4,0,4,0,0,0,0,0,0
S01011792,Other central heating,0,0,0,0,0,0,0,0,0,0,0,0
S01011792,Two or more types of central heating,17,5,12,10,0,10,6,4,2,1,1,0
S01011793,All people in households,660,147,513,516,35,481,93,64,29,51,48,3
S01011793,No central heating,8,1,7,7,0,7,1,1,0,0,0,0
S01011793,Gas central heating,580,130,450,452,29,423,79,54,25,49,47,2
S01011793,Electric (including storage heaters) central heating,17,5,12,13,1,12,3,3,0,1,1,0
S01011793,Oil central heating,37,7,30,30,4,26,6,3,3,1,0,1
S01011793,Solid fuel (for example wood coal) central heating,4,2,2,1,0,1,3,2,1,0,0,0
S01011793,Other central heating,4,0,4,4,0,4,0,0,0,0,0,0
S01011793,Two or more types of central heating,10,2,8,9,1,8,1,1,0,0,0,0
S01011794,All people in households,884,231,653,667,56,611,143,103,40,74,72,2
S01011794,No central heating,3,0,3,2,0,2,1,0,1,0,0,0
S01011794,Gas central heating,843,218,625,636,49,587,136,100,36,71,69,2
S01011794,Electric (including storage heaters) central heating,13,5,8,10,2,8,2,2,0,1,1,0
S01011794,Oil central heating,3,0,3,3,0,3,0,0,0,0,0,0
S01011794,Solid fuel (for example wood coal) central heating,3,1,2,2,1,1,1,0,1,0,0,0
S01011794,Other central heating,0,0,0,0,0,0,0,0,0,0,0,0
S01011794,Two or more types of central heating,19,7,12,14,4,10,3,1,2,2,2,0
S01011795,All people in households,627,175,452,446,34,412,132,94,38,49,47,2
S01011795,No central heating,3,1,2,2,0,2,1,1,0,0,0,0
S01011795,Gas central heating,587,164,423,418,33,385,124,88,36,45,43,2
S01011795,Electric (including storage heaters) central heating,22,6,16,16,1,15,5,4,1,1,1,0
S01011795,Oil central heating,2,1,1,1,0,1,0,0,0,1,1,0
S01011795,Solid fuel (for example wood coal) central heating,0,0,0,0,0,0,0,0,0,0,0,0
S01011795,Other central heating,7,1,6,6,0,6,0,0,0,1,1,0
S01011795,Two or more types of central heating,6,2,4,3,0,3,2,1,1,1,1,0
S01011796,All people in households,774,166,608,606,38,568,98,61,37,70,67,3
S01011796,No central heating,10,2,8,9,1,8,0,0,0,1,1,0
S01011796,Gas central heating,722,150,572,565,32,533,92,56,36,65,62,3
S01011796,Electric (including storage heaters) central heating,13,4,9,9,0,9,2,2,0,2,2,0
S01011796,Oil central heating,2,1,1,2,1,1,0,0,0,0,0,0
S01011796,Solid fuel (for example wood coal) central heating,1,0,1,1,0,1,0,0,0,0,0,0
S01011796,Other central heating,6,3,3,3,0,3,2,2,0,1,1,0
S01011796,Two or more types of central heating,20,6,14,17,4,13,2,1,1,1,1,0
S01011797,All people in households,1012,137,875,901,59,842,87,55,32,24,23,1
S01011797,No central heating,2,0,2,2,0,2,0,0,0,0,0,0
S01011797,Gas central heating,994,135,859,886,58,828,84,54,30,24,23,1
S01011797,Electric (including storage heaters) central heating,2,0,2,2,0,2,0,0,0,0,0,0
S01011797,Oil central heating,2,0,2,2,0,2,0,0,0,0,0,0
S01011797,Solid fuel (for example wood coal) central heating,0,0,0,0,0,0,0,0,0,0,0,0
S01011797,Other central heating,0,0,0,0,0,0,0,0,0,0,0,0
S01011797,Two or more types of central heating,12,2,10,9,1,8,3,1,2,0,0,0
S01011798,All people in households,550,136,414,397,19,378,92,59,33,61,58,3
S01011798,No central heating,0,0,0,0,0,0,0,0,0,0,0,0
S01011798,Gas central heating,520,127,393,377,17,360,84,54,30,59,56,3
S01011798,Electric (including storage heaters) central heating,15,3,12,13,1,12,1,1,0,1,1,0
S01011798,Oil central heating,0,0,0,0,0,0,0,0,0,0,0,0
S01011798,Solid fuel (for example wood coal) central heating,9,3,6,4,0,4,4,2,2,1,1,0
S01011798,Other central heating,0,0,0,0,0,0,0,0,0,0,0,0
S01011798,Two or more types of central heating,6,3,3,3,1,2,3,2,1,0,0,0
S01011799,All people in households,918,158,760,768,52,716,108,68,40,42,38,4
S01011799,No central heating,7,1,6,6,0,6,1,1,0,0,0,0
S01011799,Gas central heating,873,151,722,729,50,679,103,64,39,41,37,4
S01011799,Electric (including storage heaters) central heating,18,4,14,14,1,13,3,2,1,1,1,0
S01011799,Oil central heating,20,2,18,19,1,18,1,1,0,0,0,0
S01011799,Solid fuel (for example wood coal) central heating,0,0,0,0,0,0,0,0,0,0,0,0
S01011799,Other central heating,0,0,0,0,0,0,0,0,0,0,0,0
S01011799,Two or more types of central heating,0,0,0,0,0,0,0,0,0,0,0,0
S01011800,All people in households,519,111,408,415,33,382,69,44,25,35,34,1
S01011800,No central heating,1,1,0,1,1,0,0,0,0,0,0,0
S01011800,Gas central heating,498,106,392,399,32,367,67,42,25,32,32,0
S01011800,Electric (including storage heaters) central heating,12,3,9,9,0,9,1,1,0,2,2,0
S01011800,Oil central heating,0,0,0,0,0,0,0,0,0,0,0,0
S01011800,Solid fuel (for example wood coal) central heating,0,0,0,0,0,0,0,0,0,0,0,0
S01011800,Other central heating,3,0,3,3,0,3,0,0,0,0,0,0
S01011800,Two or more types of central heating,5,1,4,3,0,3,1,1,0,1,0,1
S01011801,All people in households,608,122,486,496,39,457,69,41,28,43,42,1
S01011801,No central heating,3,2,1,1,0,1,2,2,0,0,0,0
S01011801,Gas central heating,586,114,472,483,37,446,62,36,26,41,41,0
S01011801,Electric (including storage heaters) central heating,6,3,3,2,0,2,2,2,0,2,1,1
S01011801,Oil central heating,0,0,0,0,0,0,0,0,0,0,0,0
S01011801,Solid fuel (for example wood coal) central heating,0,0,0,0,0,0,0,0,0,0,0,0
S01011801,Other central heating,2,1,1,1,0,1,1,1,0,0,0,0
S01011801,Two or more types of central heating,11,2,9,9,2,7,2,0,2,0,0,0
S01011802,All people in households,731,173,558,582,57,525,98,67,31,51,49,2
S01011802,No central heating,8,3,5,4,0,4,3,2,1,1,1,0
S01011802,Gas central heating,703,167,536,562,57,505,93,64,29,48,46,2
S01011802,Electric (including storage heaters) central heating,2,0,2,2,0,2,0,0,0,0,0,0
S01011802,Oil central heating,0,0,0,0,0,0,0,0,0,0,0,0
S01011802,Solid fuel (for example wood coal) central heating,1,0,1,0,0,0,1,0,1,0,0,0
S01011802,Other central heating,0,0,0,0,0,0,0,0,0,0,0,0
S01011802,Two or more types of central heating,17,3,14,14,0,14,1,1,0,2,2,0
S01011803,All people in households,593,136,457,443,30,413,105,61,44,45,45,0
S01011803,No central heating,7,2,5,5,0,5,2,2,0,0,0,0
S01011803,Gas central heating,527,121,406,393,26,367,92,53,39,42,42,0
S01011803,Electric (including storage heaters) central heating,7,4,3,2,1,1,3,1,2,2,2,0
S01011803,Oil central heating,30,6,24,25,3,22,4,2,2,1,1,0
S01011803,Solid fuel (for example wood coal) central heating,0,0,0,0,0,0,0,0,0,0,0,0
S01011803,Other central heating,5,0,5,5,0,5,0,0,0,0,0,0
S01011803,Two or more types of central heating,17,3,14,13,0,13,4,3,1,0,0,0
S01011804,All people in households,724,129,595,637,56,581,56,43,13,31,30,1
S01011804,No central heating,40,6,34,37,3,34,0,0,0,3,3,0
S01011804,Gas central heating,10,7,3,7,4,3,1,1,0,2,2,0
S01011804,Electric (including storage heaters) central heating,382,68,314,325,22,303,38,27,11,19,19,0
S01011804,Oil central heating,141,25,116,127,14,113,10,8,2,4,3,1
S01011804,Solid fuel (for example wood coal) central heating,99,15,84,92,8,84,4,4,0,3,3,0
S01011804,Other central heating,25,4,21,24,3,21,1,1,0,0,0,0
S01011804,Two or more types of central heating,27,4,23,25,2,23,2,2,0,0,0,0
S01011805,All people in households,534,86,448,489,50,439,33,24,9,12,12,0
S01011805,No central heating,59,11,48,52,6,46,4,2,2,3,3,0
S01011805,Gas central heating,2,1,1,1,0,1,1,1,0,0,0,0
S01011805,Electric (including storage heaters) central heating,210,44,166,188,26,162,17,13,4,5,5,0
S01011805,Oil central heating,170,22,148,158,12,146,8,6,2,4,4,0
S01011805,Solid fuel (for example wood coal) central heating,56,3,53,54,2,52,2,1,1,0,0,0
S01011805,Other central heating,4,0,4,4,0,4,0,0,0,0,0,0
S01011805,Two or more types of central heating,33,5,28,32,4,28,1,1,0,0,0,0
S01011806,All people in households,768,147,621,671,59,612,70,62,8,27,26,1
S01011806,No central heating,23,6,17,20,4,16,2,1,1,1,1,0
S01011806,Gas central heating,2,0,2,2,0,2,0,0,0,0,0,0
S01011806,Electric (including storage heaters) central heating,280,80,200,224,27,197,36,33,3,20,20,0
S01011806,Oil central heating,339,45,294,315,23,292,21,19,2,3,3,0
S01011806,Solid fuel (for example wood coal) central heating,41,7,34,37,4,33,3,3,0,1,0,1
S01011806,Other central heating,25,4,21,20,0,20,4,3,1,1,1,0
S01011806,Two or more types of central heating,58,5,53,53,1,52,4,3,1,1,1,0
S01011807,All people in households,1063,166,897,945,78,867,96,66,30,22,22,0
S01011807,No central heating,44,5,39,39,3,36,5,2,3,0,0,0
S01011807,Gas central heating,6,0,6,6,0,6,0,0,0,0,0,0
S01011807,Electric (including storage heaters) central heating,224,42,182,190,15,175,26,19,7,8,8,0
S01011807,Oil central heating,641,92,549,579,46,533,51,35,16,11,11,0
S01011807,Solid fuel (for example wood coal) central heating,62,11,51,53,5,48,7,4,3,2,2,0
S01011807,Other central heating,25,4,21,24,3,21,1,1,0,0,0,0
S01011807,Two or more types of central heating,61,12,49,54,6,48,6,5,1,1,1,0
S01011808,All people in households,623,125,498,541,62,479,63,45,18,19,18,1
S01011808,No central heating,11,2,9,9,0,9,2,2,0,0,0,0
S01011808,Gas central heating,0,0,0,0,0,0,0,0,0,0,0,0
S01011808,Electric (including storage heaters) central heating,272,63,209,226,25,201,35,27,8,11,11,0
S01011808,Oil central heating,241,49,192,215,32,183,22,14,8,4,3,1
S01011808,Solid fuel (for example wood coal) central heating,13,4,9,10,1,9,0,0,0,3,3,0
S01011808,Other central heating,23,0,23,22,0,22,1,0,1,0,0,0
S01011808,Two or more types of central heating,63,7,56,59,4,55,3,2,1,1,1,0
S01011809,All people in households,715,128,587,641,69,572,52,37,15,22,22,0
S01011809,No central heating,27,8,19,21,4,17,4,2,2,2,2,0
S01011809,Gas central heating,5,4,1,4,3,1,1,1,0,0,0,0
S01011809,Electric (including storage heaters) central heating,179,40,139,156,20,136,12,9,3,11,11,0
S01011809,Oil central heating,316,50,266,287,29,258,23,15,8,6,6,0
S01011809,Solid fuel (for example wood coal) central heating,65,6,59,59,2,57,5,3,2,1,1,0
S01011809,Other central heating,36,5,31,34,3,31,0,0,0,2,2,0
S01011809,Two or more types of central heating,87,15,72,80,8,72,7,7,0,0,0,0
S01011810,All people in households,940,194,746,806,81,725,109,88,21,25,25,0
S01011810,No central heating,35,12,23,26,5,21,6,4,2,3,3,0
S01011810,Gas central heating,2,0,2,2,0,2,0,0,0,0,0,0
S01011810,Electric (including storage heaters) central heating,262,65,197,214,24,190,36,29,7,12,12,0
S01011810,Oil central heating,453,85,368,399,38,361,49,42,7,5,5,0
S01011810,Solid fuel (for example wood coal) central heating,73,10,63,64,5,59,7,3,4,2,2,0
S01011810,Other central heating,44,6,38,41,3,38,3,3,0,0,0,0
S01011810,Two or more types of central heating,71,16,55,60,6,54,8,7,1,3,3,0
S01011811,All people in households,1052,172,880,924,74,850,101,71,30,27,27,0
S01011811,No central heating,36,9,27,26,1,25,9,7,2,1,1,0
S01011811,Gas central heating,7,1,6,6,0,6,0,0,0,1,1,0
S01011811,Electric (including storage heaters) central heating,163,40,123,132,12,120,22,19,3,9,9,0
S01011811,Oil central heating,677,92,585,613,46,567,52,34,18,12,12,0
S01011811,Solid fuel (for example wood coal) central heating,52,8,44,48,5,43,3,2,1,1,1,0
S01011811,Other central heating,26,0,26,25,0,25,1,0,1,0,0,0
S01011811,Two or more types of central heating,91,22,69,74,10,64,14,9,5,3,3,0
S01011812,All people in households,669,123,546,579,49,530,64,48,16,26,26,0
S01011812,No central heating,20,3,17,17,0,17,2,2,0,1,1,0
S01011812,Gas central heating,6,1,5,5,0,5,0,0,0,1,1,0
S01011812,Electric (including storage heaters) central heating,127,33,94,101,10,91,19,16,3,7,7,0
S01011812,Oil central heating,381,66,315,337,32,305,32,22,10,12,12,0
S01011812,Solid fuel (for example wood coal) central heating,53,7,46,46,2,44,5,3,2,2,2,0
S01011812,Other central heating,37,6,31,34,3,31,1,1,0,2,2,0
S01011812,Two or more types of central heating,45,7,38,39,2,37,5,4,1,1,1,0
S01011813,All people in households,748,115,633,674,50,624,62,53,9,12,12,0
S01011813,No central heating,19,5,14,14,0,14,4,4,0,1,1,0
S01011813,Gas central heating,8,1,7,8,1,7,0,0,0,0,0,0
S01011813,Electric (including storage heaters) central heating,286,50,236,253,20,233,24,21,3,9,9,0
S01011813,Oil central heating,290,41,249,266,21,245,23,19,4,1,1,0
S01011813,Solid fuel (for example wood coal) central heating,21,3,18,17,1,16,4,2,2,0,0,0
S01011813,Other central heating,21,4,17,18,1,17,2,2,0,1,1,0
S01011813,Two or more types of central heating,103,11,92,98,6,92,5,5,0,0,0,0
S01011814,All people in households,721,118,603,650,57,593,57,47,10,14,14,0
S01011814,No central heating,45,6,39,40,2,38,4,3,1,1,1,0
S01011814,Gas central heating,4,0,4,3,0,3,1,0,1,0,0,0
S01011814,Electric (including storage heaters) central heating,102,23,79,84,9,75,15,11,4,3,3,0
S01011814,Oil central heating,376,66,310,339,32,307,27,24,3,10,10,0
S01011814,Solid fuel (for example wood coal) central heating,63,12,51,59,8,51,4,4,0,0,0,0
S01011814,Other central heating,55,3,52,53,2,51,2,1,1,0,0,0
S01011814,Two or more types of central heating,76,8,68,72,4,68,4,4,0,0,0,0
S01011815,All people in households,814,94,720,739,38,701,63,44,19,12,12,0
S01011815,No central heating,9,2,7,9,2,7,0,0,0,0,0,0
S01011815,Gas central heating,14,0,14,14,0,14,0,0,0,0,0,0
S01011815,Electric (including storage heaters) central heating,240,29,211,214,14,200,20,9,11,6,6,0
S01011815,Oil central heating,396,44,352,361,15,346,32,26,6,3,3,0
S01011815,Solid fuel (for example wood coal) central heating,39,6,33,34,2,32,4,3,1,1,1,0
S01011815,Other central heating,55,5,50,50,1,49,5,4,1,0,0,0
S01011815,Two or more types of central heating,61,8,53,57,4,53,2,2,0,2,2,0
S01011816,All people in households,628,94,534,568,44,524,50,40,10,10,10,0
S01011816,No central heating,7,1,6,5,1,4,2,0,2,0,0,0
S01011816,Gas central heating,0,0,0,0,0,0,0,0,0,0,0,0
S01011816,Electric (including storage heaters) central heating,235,40,195,205,15,190,25,20,5,5,5,0
S01011816,Oil central heating,262,39,223,241,20,221,18,16,2,3,3,0
S01011816,Solid fuel (for example wood coal) central heating,19,2,17,18,1,17,1,1,0,0,0,0
S01011816,Other central heating,38,5,33,35,2,33,2,2,0,1,1,0
S01011816,Two or more types of central heating,67,7,60,64,5,59,2,1,1,1,1,0
S01011817,All people in households,724,94,630,654,34,620,51,43,8,19,17,2
S01011817,No central heating,14,4,10,12,3,9,1,0,1,1,1,0
S01011817,Gas central heating,0,0,0,0,0,0,0,0,0,0,0,0
S01011817,Electric (including storage heaters) central heating,178,27,151,159,10,149,13,11,2,6,6,0
S01011817,Oil central heating,391,49,342,355,16,339,27,24,3,9,9,0
S01011817,Solid fuel (for example wood coal) central heating,30,4,26,25,1,24,2,2,0,3,1,2
S01011817,Other central heating,24,1,23,24,1,23,0,0,0,0,0,0
S01011817,Two or more types of central heating,87,9,78,79,3,76,8,6,2,0,0,0
S01011818,All people in households,1091,178,913,974,85,889,97,74,23,20,19,1
S01011818,No central heating,18,3,15,15,1,14,3,2,1,0,0,0
S01011818,Gas central heating,2,1,1,1,0,1,1,1,0,0,0,0
S01011818,Electric (including storage heaters) central heating,598,118,480,521,56,465,62,48,14,15,14,1
S01011818,Oil central heating,327,35,292,303,16,287,20,15,5,4,4,0
S01011818,Solid fuel (for example wood coal) central heating,37,9,28,32,5,27,4,3,1,1,1,0
S01011818,Other central heating,28,1,27,27,0,27,1,1,0,0,0,0
S01011818,Two or more types of central heating,81,11,70,75,7,68,6,4,2,0,0,0
S01011819,All people in households,835,164,671,718,71,647,99,75,24,18,18,0
S01011819,No central heating,35,7,28,27,1,26,8,6,2,0,0,0
S01011819,Gas central heating,2,0,2,2,0,2,0,0,0,0,0,0
S01011819,Electric (including storage heaters) central heating,392,83,309,335,39,296,49,36,13,8,8,0
S01011819,Oil central heating,194,36,158,164,11,153,26,21,5,4,4,0
S01011819,Solid fuel (for example wood coal) central heating,154,29,125,136,15,121,14,10,4,4,4,0
S01011819,Other central heating,10,2,8,10,2,8,0,0,0,0,0,0
S01011819,Two or more types of central heating,48,7,41,44,3,41,2,2,0,2,2,0
S01011820,All people in households,720,144,576,605,53,552,77,55,22,38,36,2
S01011820,No central heating,18,1,17,18,1,17,0,0,0,0,0,0
S01011820,Gas central heating,1,0,1,1,0,1,0,0,0,0,0,0
S01011820,Electric (including storage heaters) central heating,298,88,210,229,28,201,42,33,9,27,27,0
S01011820,Oil central heating,292,46,246,252,18,234,32,21,11,8,7,1
S01011820,Solid fuel (for example wood coal) central heating,15,1,14,13,0,13,2,1,1,0,0,0
S01011820,Other central heating,48,4,44,47,3,44,0,0,0,1,1,0
S01011820,Two or more types of central heating,48,4,44,45,3,42,1,0,1,2,1,1
S01011821,All people in households,430,87,343,362,33,329,44,33,11,24,21,3
S01011821,No central heating,14,3,11,11,0,11,3,3,0,0,0,0
S01011821,Gas central heating,4,0,4,4,0,4,0,0,0,0,0,0
S01011821,Electric (including storage heaters) central heating,325,75,250,267,27,240,37,29,8,21,19,2
S01011821,Oil central heating,67,4,63,62,3,59,3,0,3,2,1,1
S01011821,Solid fuel (for example wood coal) central heating,2,0,2,2,0,2,0,0,0,0,0,0
S01011821,Other central heating,5,3,2,4,2,2,0,0,0,1,1,0
S01011821,Two or more types of central heating,13,2,11,12,1,11,1,1,0,0,0,0
S01011822,All people in households,712,146,566,594,49,545,87,66,21,31,31,0
S01011822,No central heating,41,8,33,35,3,32,4,3,1,2,2,0
S01011822,Gas central heating,13,0,13,13,0,13,0,0,0,0,0,0
S01011822,Electric (including storage heaters) central heating,436,94,342,356,29,327,59,44,15,21,21,0
S01011822,Oil central heating,112,20,92,103,11,92,8,8,0,1,1,0
S01011822,Solid fuel (for example wood coal) central heating,33,6,27,26,2,24,6,3,3,1,1,0
S01011822,Other central heating,16,6,10,9,0,9,5,4,1,2,2,0
S01011822,Two or more types of central heating,61,12,49,52,4,48,5,4,1,4,4,0
S01011823,All people in households,608,118,490,524,49,475,70,55,15,14,14,0
S01011823,No central heating,16,1,15,14,1,13,2,0,2,0,0,0
S01011823,Gas central heating,1,1,0,0,0,0,0,0,0,1,1,0
S01011823,Electric (including storage heaters) central heating,338,71,267,287,31,256,41,30,11,10,10,0
S01011823,Oil central heating,155,24,131,142,12,130,12,11,1,1,1,0
S01011823,Solid fuel (for example wood coal) central heating,28,9,19,20,1,19,6,6,0,2,2,0
S01011823,Other central heating,15,3,12,13,1,12,2,2,0,0,0,0
S01011823,Two or more types of central heating,55,9,46,48,3,45,7,6,1,0,0,0
S01011824,All people in households,703,113,590,604,37,567,81,58,23,18,18,0
S01011824,No central heating,8,2,6,6,0,6,2,2,0,0,0,0
S01011824,Gas central heating,0,0,0,0,0,0,0,0,0,0,0,0
S01011824,Electric (including storage heaters) central heating,578,93,485,491,27,464,71,50,21,16,16,0
S01011824,Oil central heating,75,5,70,72,3,69,3,2,1,0,0,0
S01011824,Solid fuel (for example wood coal) central heating,10,3,7,10,3,7,0,0,0,0,0,0
S01011824,Other central heating,15,5,10,9,0,9,5,4,1,1,1,0
S01011824,Two or more types of central heating,17,5,12,16,4,12,0,0,0,1,1,0
S01011825,All people in households,535,100,435,469,46,423,60,48,12,6,6,0
S01011825,No central heating,22,6,16,19,3,16,3,3,0,0,0,0
S01011825,Gas central heating,1,1,0,0,0,0,0,0,0,1,1,0
S01011825,Electric (including storage heaters) central heating,246,46,200,214,19,195,30,25,5,2,2,0
S01011825,Oil central heating,185,35,150,160,16,144,22,16,6,3,3,0
S01011825,Solid fuel (for example wood coal) central heating,36,9,27,33,7,26,3,2,1,0,0,0
S01011825,Other central heating,10,1,9,9,0,9,1,1,0,0,0,0
S01011825,Two or more types of central heating,35,2,33,34,1,33,1,1,0,0,0,0
S01011826,All people in households,652,115,537,584,53,531,54,48,6,14,14,0
S01011826,No central heating,21,2,19,21,2,19,0,0,0,0,0,0
S01011826,Gas central heating,3,0,3,3,0,3,0,0,0,0,0,0
S01011826,Electric (including storage heaters) central heating,333,62,271,296,30,266,30,25,5,7,7,0
S01011826,Oil central heating,189,27,162,175,13,162,10,10,0,4,4,0
S01011826,Solid fuel (for example wood coal) central heating,38,8,30,30,1,29,6,5,1,2,2,0
S01011826,Other central heating,23,2,21,22,1,21,1,1,0,0,0,0
S01011826,Two or more types of central heating,45,14,31,37,6,31,7,7,0,1,1,0
S01011827,All people in households,527,165,362,382,39,343,95,77,18,50,49,1
S01011827,No central heating,35,15,20,19,1,18,11,10,1,5,4,1
S01011827,Gas central heating,2,1,1,1,0,1,1,1,0,0,0,0
S01011827,Electric (including storage heaters) central heating,118,47,71,77,11,66,28,23,5,13,13,0
S01011827,Oil central heating,218,62,156,168,17,151,32,27,5,18,18,0
S01011827,Solid fuel (for example wood coal) central heating,91,24,67,69,6,63,12,8,4,10,10,0
S01011827,Other central heating,22,6,16,17,1,16,3,3,0,2,2,0
S01011827,Two or more types of central heating,41,10,31,31,3,28,8,5,3,2,2,0
S01011828,All people in households,904,185,719,778,76,702,92,77,15,34,32,2
S01011828,No central heating,52,8,44,48,4,44,2,2,0,2,2,0
S01011828,Gas central heating,0,0,0,0,0,0,0,0,0,0,0,0
S01011828,Electric (including storage heaters) central heating,196,56,140,152,21,131,30,22,8,14,13,1
S01011828,Oil central heating,420,86,334,363,35,328,43,37,6,14,14,0
S01011828,Solid fuel (for example wood coal) central heating,80,17,63,71,9,62,6,5,1,3,3,0
S01011828,Other central heating,28,5,23,25,2,23,3,3,0,0,0,0
S01011828,Two or more types of central heating,128,13,115,119,5,114,8,8,0,1,0,1
S01011829,All people in households,409,82,327,358,37,321,36,30,6,15,15,0
S01011829,No central heating,21,2,19,21,2,19,0,0,0,0,0,0
S01011829,Gas central heating,0,0,0,0,0,0,0,0,0,0,0,0
S01011829,Electric (including storage heaters) central heating,100,23,77,87,11,76,7,6,1,6,6,0
S01011829,Oil central heating,206,38,168,182,17,165,16,13,3,8,8,0
S01011829,Solid fuel (for example wood coal) central heating,39,11,28,34,6,28,5,5,0,0,0,0
S01011829,Other central heating,21,3,18,18,1,17,2,1,1,1,1,0
S01011829,Two or more types of central heating,22,5,17,16,0,16,6,5,1,0,0,0
S01011830,All people in households,572,116,456,476,36,440,78,62,16,18,18,0
S01011830,No central heating,69,15,54,59,6,53,9,8,1,1,1,0
S01011830,Gas central heating,0,0,0,0,0,0,0,0,0,0,0,0
S01011830,Electric (including storage heaters) central heating,179,43,136,139,11,128,34,26,8,6,6,0
S01011830,Oil central heating,223,36,187,192,11,181,22,16,6,9,9,0
S01011830,Solid fuel (for example wood coal) central heating,47,8,39,41,3,38,4,3,1,2,2,0
S01011830,Other central heating,9,1,8,9,1,8,0,0,0,0,0,0
S01011830,Two or more types of central heating,45,13,32,36,4,32,9,9,0,0,0,0
S01011831,All people in households,896,228,668,722,88,634,130,96,34,44,44,0
S01011831,No central heating,98,26,72,68,5,63,20,11,9,10,10,0
S01011831,Gas central heating,25,5,20,21,1,20,2,2,0,2,2,0
S01011831,Electric (including storage heaters) central heating,232,59,173,188,27,161,37,25,12,7,7,0
S01011831,Oil central heating,393,90,303,330,34,296,44,37,7,19,19,0
S01011831,Solid fuel (for example wood coal) central heating,60,19,41,50,9,41,8,8,0,2,2,0
S01011831,Other central heating,13,3,10,10,0,10,2,2,0,1,1,0
S01011831,Two or more types of central heating,75,26,49,55,12,43,17,11,6,3,3,0
S01011832,All people in households,834,196,638,678,67,611,101,75,26,55,54,1
S01011832,No central heating,77,22,55,59,7,52,12,9,3,6,6,0
S01011832,Gas central heating,4,1,3,2,0,2,1,0,1,1,1,0
S01011832,Electric (including storage heaters) central heating,270,69,201,216,26,190,34,24,10,20,19,1
S01011832,Oil central heating,292,56,236,255,24,231,23,18,5,14,14,0
S01011832,Solid fuel (for example wood coal) central heating,56,10,46,42,2,40,10,4,6,4,4,0
S01011832,Other central heating,65,15,50,51,2,49,11,10,1,3,3,0
S01011832,Two or more types of central heating,70,23,47,53,6,47,10,10,0,7,7,0
S01011833,All people in households,959,146,813,840,63,777,84,49,35,35,34,1
S01011833,No central heating,28,5,23,25,3,22,3,2,1,0,0,0
S01011833,Gas central heating,138,18,120,122,6,116,13,9,4,3,3,0
S01011833,Electric (including storage heaters) central heating,172,30,142,143,11,132,24,14,10,5,5,0
S01011833,Oil central heating,402,61,341,360,29,331,26,16,10,16,16,0
S01011833,Solid fuel (for example wood coal) central heating,40,8,32,34,4,30,5,3,2,1,1,0
S01011833,Other central heating,130,16,114,114,7,107,8,2,6,8,7,1
S01011833,Two or more types of central heating,49,8,41,42,3,39,5,3,2,2,2,0
S01011834,All people in households,496,62,434,450,24,426,35,27,8,11,11,0
S01011834,No central heating,3,0,3,3,0,3,0,0,0,0,0,0
S01011834,Gas central heating,222,22,200,206,8,198,12,10,2,4,4,0
S01011834,Electric (including storage heaters) central heating,35,8,27,29,2,27,5,5,0,1,1,0
S01011834,Oil central heating,201,28,173,180,12,168,16,11,5,5,5,0
S01011834,Solid fuel (for example wood coal) central heating,10,0,10,10,0,10,0,0,0,0,0,0
S01011834,Other central heating,15,4,11,12,2,10,2,1,1,1,1,0
S01011834,Two or more types of central heating,10,0,10,10,0,10,0,0,0,0,0,0
S01011835,All people in households,685,81,604,628,34,594,43,33,10,14,14,0
S01011835,No central heating,10,2,8,8,1,7,1,0,1,1,1,0
S01011835,Gas central heating,402,50,352,364,20,344,30,22,8,8,8,0
S01011835,Electric (including storage heaters) central heating,24,0,24,24,0,24,0,0,0,0,0,0
S01011835,Oil central heating,173,16,157,165,9,156,5,4,1,3,3,0
S01011835,Solid fuel (for example wood coal) central heating,26,4,22,22,0,22,4,4,0,0,0,0
S01011835,Other central heating,22,4,18,19,1,18,2,2,0,1,1,0
S01011835,Two or more types of central heating,28,5,23,26,3,23,1,1,0,1,1,0
S01011836,All people in households,756,124,632,652,42,610,82,60,22,22,22,0
S01011836,No central heating,8,3,5,6,1,5,2,2,0,0,0,0
S01011836,Gas central heating,140,21,119,118,3,115,14,10,4,8,8,0
S01011836,Electric (including storage heaters) central heating,80,17,63,67,6,61,11,9,2,2,2,0
S01011836,Oil central heating,456,65,391,405,25,380,43,32,11,8,8,0
S01011836,Solid fuel (for example wood coal) central heating,22,6,16,19,3,16,2,2,0,1,1,0
S01011836,Other central heating,28,3,25,23,1,22,3,0,3,2,2,0
S01011836,Two or more types of central heating,22,9,13,14,3,11,7,5,2,1,1,0
S01011837,All people in households,620,87,533,548,29,519,63,49,14,9,9,0
S01011837,No central heating,9,4,5,5,1,4,3,2,1,1,1,0
S01011837,Gas central heating,119,26,93,98,9,89,17,13,4,4,4,0
S01011837,Electric (including storage heaters) central heating,73,15,58,61,4,57,9,8,1,3,3,0
S01011837,Oil central heating,350,32,318,323,11,312,27,21,6,0,0,0
S01011837,Solid fuel (for example wood coal) central heating,14,3,11,9,0,9,5,3,2,0,0,0
S01011837,Other central heating,30,6,24,28,4,24,2,2,0,0,0,0
S01011837,Two or more types of central heating,25,1,24,24,0,24,0,0,0,1,1,0
S01011838,All people in households,805,116,689,723,48,675,61,47,14,21,21,0
S01011838,No central heating,8,0,8,8,0,8,0,0,0,0,0,0
S01011838,Gas central heating,751,102,649,678,42,636,54,41,13,19,19,0
S01011838,Electric (including storage heaters) central heating,16,5,11,13,2,11,3,3,0,0,0,0
S01011838,Oil central heating,11,3,8,8,0,8,1,1,0,2,2,0
S01011838,Solid fuel (for example wood coal) central heating,5,1,4,5,1,4,0,0,0,0,0,0
S01011838,Other central heating,3,3,0,2,2,0,1,1,0,0,0,0
S01011838,Two or more types of central heating,11,2,9,9,1,8,2,1,1,0,0,0
S01011839,All people in households,962,141,821,850,53,797,92,68,24,20,20,0
S01011839,No central heating,1,1,0,0,0,0,1,1,0,0,0,0
S01011839,Gas central heating,891,129,762,784,45,739,87,64,23,20,20,0
S01011839,Electric (including storage heaters) central heating,55,10,45,51,7,44,4,3,1,0,0,0
S01011839,Oil central heating,7,0,7,7,0,7,0,0,0,0,0,0
S01011839,Solid fuel (for example wood coal) central heating,1,0,1,1,0,1,0,0,0,0,0,0
S01011839,Other central heating,0,0,0,0,0,0,0,0,0,0,0,0
S01011839,Two or more types of central heating,7,1,6,7,1,6,0,0,0,0,0,0
S01011840,All people in households,1001,137,864,886,50,836,88,60,28,27,27,0
S01011840,No central heating,8,1,7,7,0,7,1,1,0,0,0,0
S01011840,Gas central heating,922,125,797,818,47,771,81,55,26,23,23,0
S01011840,Electric (including storage heaters) central heating,49,11,38,39,3,36,6,4,2,4,4,0
S01011840,Oil central heating,13,0,13,13,0,13,0,0,0,0,0,0
S01011840,Solid fuel (for example wood coal) central heating,0,0,0,0,0,0,0,0,0,0,0,0
S01011840,Other central heating,3,0,3,3,0,3,0,0,0,0,0,0
S01011840,Two or more types of central heating,6,0,6,6,0,6,0,0,0,0,0,0
S01011841,All people in households,950,187,763,784,66,718,119,75,44,47,46,1
S01011841,No central heating,6,2,4,6,2,4,0,0,0,0,0,0
S01011841,Gas central heating,850,157,693,711,57,654,102,63,39,37,37,0
S01011841,Electric (including storage heaters) central heating,57,18,39,40,5,35,9,6,3,8,7,1
S01011841,Oil central heating,10,0,10,10,0,10,0,0,0,0,0,0
S01011841,Solid fuel (for example wood coal) central heating,6,5,1,3,2,1,2,2,0,1,1,0
S01011841,Other central heating,0,0,0,0,0,0,0,0,0,0,0,0
S01011841,Two or more types of central heating,21,5,16,14,0,14,6,4,2,1,1,0
S01011842,All people in households,965,193,772,783,66,717,138,86,52,44,41,3
S01011842,No central heating,7,0,7,6,0,6,0,0,0,1,0,1
S01011842,Gas central heating,792,149,643,650,48,602,111,71,40,31,30,1
S01011842,Electric (including storage heaters) central heating,123,33,90,92,13,79,23,13,10,8,7,1
S01011842,Oil central heating,9,1,8,9,1,8,0,0,0,0,0,0
S01011842,Solid fuel (for example wood coal) central heating,9,4,5,7,2,5,1,1,0,1,1,0
S01011842,Other central heating,5,1,4,5,1,4,0,0,0,0,0,0
S01011842,Two or more types of central heating,20,5,15,14,1,13,3,1,2,3,3,0
S01011843,All people in households,980,139,841,866,55,811,90,61,29,24,23,1
S01011843,No central heating,33,3,30,30,0,30,2,2,0,1,1,0
S01011843,Gas central heating,203,33,170,178,12,166,18,14,4,7,7,0
S01011843,Electric (including storage heaters) central heating,117,25,92,94,9,85,19,12,7,4,4,0
S01011843,Oil central heating,490,59,431,439,24,415,40,25,15,11,10,1
S01011843,Solid fuel (for example wood coal) central heating,15,2,13,14,2,12,1,0,1,0,0,0
S01011843,Other central heating,86,11,75,79,6,73,7,5,2,0,0,0
S01011843,Two or more types of central heating,36,6,30,32,2,30,3,3,0,1,1,0
S01011844,All people in households,753,107,646,677,41,636,63,53,10,13,13,0
S01011844,No central heating,3,0,3,3,0,3,0,0,0,0,0,0
S01011844,Gas central heating,496,78,418,441,30,411,46,39,7,9,9,0
S01011844,Electric (including storage heaters) central heating,40,10,30,33,3,30,6,6,0,1,1,0
S01011844,Oil central heating,188,16,172,177,7,170,10,8,2,1,1,0
S01011844,Solid fuel (for example wood coal) central heating,9,0,9,9,0,9,0,0,0,0,0,0
S01011844,Other central heating,5,1,4,5,1,4,0,0,0,0,0,0
S01011844,Two or more types of central heating,12,2,10,9,0,9,1,0,1,2,2,0
S01011845,All people in households,857,137,720,742,52,690,88,58,30,27,27,0
S01011845,No central heating,5,4,1,2,1,1,3,3,0,0,0,0
S01011845,Gas central heating,532,73,459,475,28,447,46,34,12,11,11,0
S01011845,Electric (including storage heaters) central heating,183,32,151,151,11,140,21,10,11,11,11,0
S01011845,Oil central heating,85,12,73,76,5,71,6,4,2,3,3,0
S01011845,Solid fuel (for example wood coal) central heating,27,12,15,16,4,12,9,6,3,2,2,0
S01011845,Other central heating,4,1,3,3,1,2,1,0,1,0,0,0
S01011845,Two or more types of central heating,21,3,18,19,2,17,2,1,1,0,0,0
S01011846,All people in households,869,133,736,736,44,692,104,63,41,29,26,3
S01011846,No central heating,15,9,6,6,2,4,7,6,1,2,1,1
S01011846,Gas central heating,537,75,462,459,24,435,60,34,26,18,17,1
S01011846,Electric (including storage heaters) central heating,71,18,53,54,4,50,13,10,3,4,4,0
S01011846,Oil central heating,185,21,164,165,10,155,16,8,8,4,3,1
S01011846,Solid fuel (for example wood coal) central heating,11,3,8,8,1,7,2,1,1,1,1,0
S01011846,Other central heating,14,4,10,12,2,10,2,2,0,0,0,0
S01011846,Two or more types of central heating,36,3,33,32,1,31,4,2,2,0,0,0
S01011847,All people in households,429,55,374,392,26,366,26,19,7,11,10,1
S01011847,No central heating,12,4,8,7,1,6,3,1,2,2,2,0
S01011847,Gas central heating,57,8,49,49,0,49,3,3,0,5,5,0
S01011847,Electric (including storage heaters) central heating,26,6,20,22,2,20,3,3,0,1,1,0
S01011847,Oil central heating,268,28,240,251,17,234,15,10,5,2,1,1
S01011847,Solid fuel (for example wood coal) central heating,18,3,15,16,1,15,1,1,0,1,1,0
S01011847,Other central heating,35,6,29,34,5,29,1,1,0,0,0,0
S01011847,Two or more types of central heating,13,0,13,13,0,13,0,0,0,0,0,0
S01011848,All people in households,727,116,611,636,42,594,70,53,17,21,21,0
S01011848,No central heating,19,4,15,13,1,12,5,2,3,1,1,0
S01011848,Gas central heating,47,5,42,43,1,42,3,3,0,1,1,0
S01011848,Electric (including storage heaters) central heating,174,40,134,138,11,127,32,25,7,4,4,0
S01011848,Oil central heating,412,60,352,373,28,345,26,19,7,13,13,0
S01011848,Solid fuel (for example wood coal) central heating,29,1,28,28,0,28,1,1,0,0,0,0
S01011848,Other central heating,20,2,18,18,0,18,0,0,0,2,2,0
S01011848,Two or more types of central heating,26,4,22,23,1,22,3,3,0,0,0,0
S01011849,All people in households,813,115,698,724,48,676,67,45,22,22,22,0
S01011849,No central heating,12,2,10,10,1,9,2,1,1,0,0,0
S01011849,Gas central heating,47,5,42,44,2,42,1,1,0,2,2,0
S01011849,Electric (including storage heaters) central heating,248,48,200,204,19,185,31,16,15,13,13,0
S01011849,Oil central heating,408,42,366,384,22,362,23,19,4,1,1,0
S01011849,Solid fuel (for example wood coal) central heating,43,8,35,37,3,34,4,3,1,2,2,0
S01011849,Other central heating,19,3,16,16,0,16,1,1,0,2,2,0
S01011849,Two or more types of central heating,36,7,29,29,1,28,5,4,1,2,2,0
S01011850,All people in households,672,75,597,618,38,580,45,29,16,9,8,1
S01011850,No central heating,15,3,12,14,2,12,1,1,0,0,0,0
S01011850,Gas central heating,240,28,212,224,13,211,14,13,1,2,2,0
S01011850,Electric (including storage heaters) central heating,153,18,135,141,13,128,9,3,6,3,2,1
S01011850,Oil central heating,185,20,165,165,9,156,17,8,9,3,3,0
S01011850,Solid fuel (for example wood coal) central heating,10,1,9,9,0,9,1,1,0,0,0,0
S01011850,Other central heating,19,3,16,17,1,16,2,2,0,0,0,0
S01011850,Two or more types of central heating,50,2,48,48,0,48,1,1,0,1,1,0
S01011851,All people in households,870,139,731,751,49,702,94,66,28,25,24,1
S01011851,No central heating,46,8,38,40,4,36,6,4,2,0,0,0
S01011851,Gas central heating,54,6,48,49,3,46,3,2,1,2,1,1
S01011851,Electric (including storage heaters) central heating,231,47,184,193,16,177,28,21,7,10,10,0
S01011851,Oil central heating,365,52,313,318,15,303,38,28,10,9,9,0
S01011851,Solid fuel (for example wood coal) central heating,100,18,82,85,7,78,12,8,4,3,3,0
S01011851,Other central heating,20,4,16,17,2,15,3,2,1,0,0,0
S01011851,Two or more types of central heating,54,4,50,49,2,47,4,1,3,1,1,0
S01011852,All people in households,976,177,799,841,82,759,110,70,40,25,25,0
S01011852,No central heating,11,1,10,11,1,10,0,0,0,0,0,0
S01011852,Gas central heating,834,152,682,716,69,647,99,64,35,19,19,0
S01011852,Electric (including storage heaters) central heating,85,15,70,72,6,66,7,3,4,6,6,0
S01011852,Oil central heating,20,4,16,18,3,15,2,1,1,0,0,0
S01011852,Solid fuel (for example wood coal) central heating,2,0,2,2,0,2,0,0,0,0,0,0
S01011852,Other central heating,0,0,0,0,0,0,0,0,0,0,0,0
S01011852,Two or more types of central heating,24,5,19,22,3,19,2,2,0,0,0,0
S01011853,All people in households,708,100,608,635,40,595,53,41,12,20,19,1
S01011853,No central heating,7,1,6,7,1,6,0,0,0,0,0,0
S01011853,Gas central heating,548,77,471,489,29,460,45,35,10,14,13,1
S01011853,Electric (including storage heaters) central heating,103,13,90,93,4,89,6,5,1,4,4,0
S01011853,Oil central heating,35,5,30,33,3,30,0,0,0,2,2,0
S01011853,Solid fuel (for example wood coal) central heating,2,0,2,2,0,2,0,0,0,0,0,0
S01011853,Other central heating,2,0,2,2,0,2,0,0,0,0,0,0
S01011853,Two or more types of central heating,11,4,7,9,3,6,2,1,1,0,0,0
S01011854,All people in households,745,147,598,635,62,573,88,63,25,22,22,0
S01011854,No central heating,4,3,1,1,0,1,1,1,0,2,2,0
S01011854,Gas central heating,590,110,480,508,48,460,70,50,20,12,12,0
S01011854,Electric (including storage heaters) central heating,101,24,77,82,9,73,14,10,4,5,5,0
S01011854,Oil central heating,35,7,28,30,3,27,3,2,1,2,2,0
S01011854,Solid fuel (for example wood coal) central heating,2,0,2,2,0,2,0,0,0,0,0,0
S01011854,Other central heating,0,0,0,0,0,0,0,0,0,0,0,0
S01011854,Two or more types of central heating,13,3,10,12,2,10,0,0,0,1,1,0
S01011855,All people in households,848,167,681,711,58,653,93,67,26,44,42,2
S01011855,No central heating,3,2,1,2,1,1,0,0,0,1,1,0
S01011855,Gas central heating,715,136,579,600,44,556,81,59,22,34,33,1
S01011855,Electric (including storage heaters) central heating,73,19,54,61,9,52,6,5,1,6,5,1
S01011855,Oil central heating,10,4,6,9,3,6,1,1,0,0,0,0
S01011855,Solid fuel (for example wood coal) central heating,15,4,11,11,1,10,3,2,1,1,1,0
S01011855,Other central heating,2,0,2,2,0,2,0,0,0,0,0,0
S01011855,Two or more types of central heating,30,2,28,26,0,26,2,0,2,2,2,0
S01011856,All people in households,691,115,576,604,43,561,64,50,14,23,22,1
S01011856,No central heating,0,0,0,0,0,0,0,0,0,0,0,0
S01011856,Gas central heating,618,103,515,540,38,502,60,47,13,18,18,0
S01011856,Electric (including storage heaters) central heating,25,6,19,21,3,18,1,1,0,3,2,1
S01011856,Oil central heating,31,5,26,27,2,25,2,1,1,2,2,0
S01011856,Solid fuel (for example wood coal) central heating,2,0,2,2,0,2,0,0,0,0,0,0
S01011856,Other central heating,4,0,4,4,0,4,0,0,0,0,0,0
S01011856,Two or more types of central heating,11,1,10,10,0,10,1,1,0,0,0,0
S01011857,All people in households,689,142,547,586,55,531,71,58,13,32,29,3
S01011857,No central heating,18,6,12,16,4,12,1,1,0,1,1,0
S01011857,Gas central heating,147,32,115,131,16,115,11,11,0,5,5,0
S01011857,Electric (including storage heaters) central heating,160,41,119,125,12,113,21,17,4,14,12,2
S01011857,Oil central heating,260,43,217,229,17,212,24,20,4,7,6,1
S01011857,Solid fuel (for example wood coal) central heating,40,10,30,28,1,27,9,6,3,3,3,0
S01011857,Other central heating,28,5,23,24,1,23,3,3,0,1,1,0
S01011857,Two or more types of central heating,36,5,31,33,4,29,2,0,2,1,1,0
S01011858,All people in households,859,181,678,711,64,647,109,79,30,39,38,1
S01011858,No central heating,11,2,9,8,0,8,2,1,1,1,1,0
S01011858,Gas central heating,525,104,421,445,41,404,63,46,17,17,17,0
S01011858,Electric (including storage heaters) central heating,160,43,117,123,12,111,24,18,6,13,13,0
S01011858,Oil central heating,112,26,86,92,10,82,14,11,3,6,5,1
S01011858,Solid fuel (for example wood coal) central heating,14,2,12,10,1,9,4,1,3,0,0,0
S01011858,Other central heating,7,0,7,7,0,7,0,0,0,0,0,0
S01011858,Two or more types of central heating,30,4,26,26,0,26,2,2,0,2,2,0
S01011859,All people in households,839,233,606,650,82,568,140,104,36,49,47,2
S01011859,No central heating,13,1,12,12,0,12,0,0,0,1,1,0
S01011859,Gas central heating,497,127,370,400,55,345,77,54,23,20,18,2
S01011859,Electric (including storage heaters) central heating,240,87,153,164,22,142,53,42,11,23,23,0
S01011859,Oil central heating,69,8,61,61,2,59,6,4,2,2,2,0
S01011859,Solid fuel (for example wood coal) central heating,2,1,1,2,1,1,0,0,0,0,0,0
S01011859,Other central heating,3,1,2,2,0,2,1,1,0,0,0,0
S01011859,Two or more types of central heating,15,8,7,9,2,7,3,3,0,3,3,0
S01011860,All people in households,506,91,415,438,34,404,44,33,11,24,24,0
S01011860,No central heating,20,5,15,17,3,14,2,1,1,1,1,0
S01011860,Gas central heating,98,22,76,81,5,76,10,10,0,7,7,0
S01011860,Electric (including storage heaters) central heating,52,16,36,42,7,35,4,3,1,6,6,0
S01011860,Oil central heating,265,38,227,235,14,221,22,16,6,8,8,0
S01011860,Solid fuel (for example wood coal) central heating,23,5,18,18,2,16,3,1,2,2,2,0
S01011860,Other central heating,8,0,8,7,0,7,1,0,1,0,0,0
S01011860,Two or more types of central heating,40,5,35,38,3,35,2,2,0,0,0,0
S01011861,All people in households,732,136,596,641,67,574,70,48,22,21,21,0
S01011861,No central heating,33,4,29,28,1,27,3,1,2,2,2,0
S01011861,Gas central heating,350,70,280,306,36,270,31,21,10,13,13,0
S01011861,Electric (including storage heaters) central heating,75,20,55,58,8,50,14,9,5,3,3,0
S01011861,Oil central heating,215,36,179,193,19,174,19,14,5,3,3,0
S01011861,Solid fuel (for example wood coal) central heating,13,2,11,11,0,11,2,2,0,0,0,0
S01011861,Other central heating,21,2,19,20,1,19,1,1,0,0,0,0
S01011861,Two or more types of central heating,25,2,23,25,2,23,0,0,0,0,0,0
S01011862,All people in households,947,182,765,813,76,737,103,78,25,31,28,3
S01011862,No central heating,5,1,4,4,0,4,0,0,0,1,1,0
S01011862,Gas central heating,831,146,685,723,64,659,86,62,24,22,20,2
S01011862,Electric (including storage heaters) central heating,63,22,41,46,7,39,10,9,1,7,6,1
S01011862,Oil central heating,29,7,22,26,4,22,3,3,0,0,0,0
S01011862,Solid fuel (for example wood coal) central heating,0,0,0,0,0,0,0,0,0,0,0,0
S01011862,Other central heating,4,2,2,2,0,2,2,2,0,0,0,0
S01011862,Two or more types of central heating,15,4,11,12,1,11,2,2,0,1,1,0
S01011863,All people in households,734,121,613,637,52,585,76,52,24,21,17,4
S01011863,No central heating,15,3,12,11,0,11,4,3,1,0,0,0
S01011863,Gas central heating,591,94,497,520,41,479,55,41,14,16,12,4
S01011863,Electric (including storage heaters) central heating,82,12,70,69,5,64,10,4,6,3,3,0
S01011863,Oil central heating,22,8,14,19,5,14,2,2,0,1,1,0
S01011863,Solid fuel (for example wood coal) central heating,9,3,6,6,0,6,2,2,0,1,1,0
S01011863,Other central heating,2,1,1,2,1,1,0,0,0,0,0,0
S01011863,Two or more types of central heating,13,0,13,10,0,10,3,0,3,0,0,0
S01011864,All people in households,716,118,598,640,58,582,53,37,16,23,23,0
S01011864,No central heating,4,3,1,2,1,1,1,1,0,1,1,0
S01011864,Gas central heating,645,101,544,580,51,529,46,31,15,19,19,0
S01011864,Electric (including storage heaters) central heating,38,6,32,36,4,32,0,0,0,2,2,0
S01011864,Oil central heating,16,6,10,12,2,10,3,3,0,1,1,0
S01011864,Solid fuel (for example wood coal) central heating,0,0,0,0,0,0,0,0,0,0,0,0
S01011864,Other central heating,0,0,0,0,0,0,0,0,0,0,0,0
S01011864,Two or more types of central heating,13,2,11,10,0,10,3,2,1,0,0,0
S01011865,All people in households,601,133,468,496,46,450,82,64,18,23,23,0
S01011865,No central heating,11,4,7,7,0,7,2,2,0,2,2,0
S01011865,Gas central heating,488,99,389,411,36,375,58,44,14,19,19,0
S01011865,Electric (including storage heaters) central heating,68,22,46,50,8,42,16,12,4,2,2,0
S01011865,Oil central heating,20,5,15,16,1,15,4,4,0,0,0,0
S01011865,Solid fuel (for example wood coal) central heating,2,1,1,1,0,1,1,1,0,0,0,0
S01011865,Other central heating,0,0,0,0,0,0,0,0,0,0,0,0
S01011865,Two or more types of central heating,12,2,10,11,1,10,1,1,0,0,0,0
S01011866,All people in households,817,138,679,699,44,655,86,64,22,32,30,2
S01011866,No central heating,3,2,1,2,1,1,0,0,0,1,1,0
S01011866,Gas central heating,743,121,622,637,37,600,78,58,20,28,26,2
S01011866,Electric (including storage heaters) central heating,48,11,37,38,3,35,8,6,2,2,2,0
S01011866,Oil central heating,18,2,16,18,2,16,0,0,0,0,0,0
S01011866,Solid fuel (for example wood coal) central heating,2,1,1,1,0,1,0,0,0,1,1,0
S01011866,Other central heating,0,0,0,0,0,0,0,0,0,0,0,0
S01011866,Two or more types of central heating,3,1,2,3,1,2,0,0,0,0,0,0
S01011867,All people in households,961,208,753,750,52,698,145,93,52,66,63,3
S01011867,No central heating,13,3,10,11,1,10,1,1,0,1,1,0
S01011867,Gas central heating,805,155,650,648,41,607,110,70,40,47,44,3
S01011867,Electric (including storage heaters) central heating,114,44,70,67,8,59,30,19,11,17,17,0
S01011867,Oil central heating,6,2,4,5,1,4,1,1,0,0,0,0
S01011867,Solid fuel (for example wood coal) central heating,3,0,3,3,0,3,0,0,0,0,0,0
S01011867,Other central heating,4,1,3,2,0,2,2,1,1,0,0,0
S01011867,Two or more types of central heating,16,3,13,14,1,13,1,1,0,1,1,0
S01011868,All people in households,869,146,723,747,58,689,85,53,32,37,35,2
S01011868,No central heating,37,8,29,28,4,24,6,1,5,3,3,0
S01011868,Gas central heating,570,74,496,509,28,481,40,26,14,21,20,1
S01011868,Electric (including storage heaters) central heating,220,57,163,174,23,151,34,23,11,12,11,1
S01011868,Oil central heating,9,1,8,8,0,8,0,0,0,1,1,0
S01011868,Solid fuel (for example wood coal) central heating,12,2,10,10,0,10,2,2,0,0,0,0
S01011868,Other central heating,4,0,4,4,0,4,0,0,0,0,0,0
S01011868,Two or more types of central heating,17,4,13,14,3,11,3,1,2,0,0,0
S01011869,All people in households,758,136,622,635,40,595,91,66,25,32,30,2
S01011869,No central heating,35,3,32,31,1,30,3,1,2,1,1,0
S01011869,Gas central heating,468,66,402,407,18,389,43,31,12,18,17,1
S01011869,Electric (including storage heaters) central heating,207,59,148,158,19,139,40,31,9,9,9,0
S01011869,Oil central heating,9,2,7,5,0,5,3,1,2,1,1,0
S01011869,Solid fuel (for example wood coal) central heating,9,0,9,9,0,9,0,0,0,0,0,0
S01011869,Other central heating,6,1,5,6,1,5,0,0,0,0,0,0
S01011869,Two or more types of central heating,24,5,19,19,1,18,2,2,0,3,2,1
S01011870,All people in households,692,142,550,570,47,523,76,51,25,46,44,2
S01011870,No central heating,23,5,18,20,2,18,2,2,0,1,1,0
S01011870,Gas central heating,420,83,337,350,32,318,48,30,18,22,21,1
S01011870,Electric (including storage heaters) central heating,195,46,149,151,9,142,24,18,6,20,19,1
S01011870,Oil central heating,26,2,24,26,2,24,0,0,0,0,0,0
S01011870,Solid fuel (for example wood coal) central heating,3,0,3,3,0,3,0,0,0,0,0,0
S01011870,Other central heating,0,0,0,0,0,0,0,0,0,0,0,0
S01011870,Two or more types of central heating,25,6,19,20,2,18,2,1,1,3,3,0
S01011871,All people in households,1087,153,934,956,70,886,98,52,46,33,31,2
S01011871,No central heating,40,5,35,35,2,33,5,3,2,0,0,0
S01011871,Gas central heating,377,61,316,322,25,297,41,23,18,14,13,1
S01011871,Electric (including storage heaters) central heating,222,32,190,197,16,181,21,12,9,4,4,0
S01011871,Oil central heating,354,40,314,320,18,302,22,11,11,12,11,1
S01011871,Solid fuel (for example wood coal) central heating,25,4,21,21,3,18,3,0,3,1,1,0
S01011871,Other central heating,20,2,18,20,2,18,0,0,0,0,0,0
S01011871,Two or more types of central heating,49,9,40,41,4,37,6,3,3,2,2,0
S01011872,All people in households,914,103,811,837,48,789,58,36,22,19,19,0
S01011872,No central heating,24,7,17,22,5,17,2,2,0,0,0,0
S01011872,Gas central heating,270,37,233,244,15,229,18,14,4,8,8,0
S01011872,Electric (including storage heaters) central heating,86,10,76,80,7,73,4,1,3,2,2,0
S01011872,Oil central heating,398,39,359,362,17,345,30,16,14,6,6,0
S01011872,Solid fuel (for example wood coal) central heating,39,1,38,37,0,37,1,0,1,1,1,0
S01011872,Other central heating,46,4,42,43,1,42,3,3,0,0,0,0
S01011872,Two or more types of central heating,51,5,46,49,3,46,0,0,0,2,2,0
S01011873,All people in households,812,94,718,743,42,701,46,29,17,23,23,0
S01011873,No central heating,27,2,25,22,0,22,5,2,3,0,0,0
S01011873,Gas central heating,532,49,483,500,25,475,22,14,8,10,10,0
S01011873,Electric (including storage heaters) central heating,62,13,49,52,4,48,6,5,1,4,4,0
S01011873,Oil central heating,133,23,110,116,9,107,9,6,3,8,8,0
S01011873,Solid fuel (for example wood coal) central heating,16,3,13,13,0,13,2,2,0,1,1,0
S01011873,Other central heating,7,2,5,7,2,5,0,0,0,0,0,0
S01011873,Two or more types of central heating,35,2,33,33,2,31,2,0,2,0,0,0
S01011874,All people in households,657,103,554,567,40,527,63,37,26,27,26,1
S01011874,No central heating,10,2,8,8,0,8,1,1,0,1,1,0
S01011874,Gas central heating,544,82,462,482,36,446,45,29,16,17,17,0
S01011874,Electric (including storage heaters) central heating,64,12,52,51,4,47,8,4,4,5,4,1
S01011874,Oil central heating,27,3,24,21,0,21,5,2,3,1,1,0
S01011874,Solid fuel (for example wood coal) central heating,2,1,1,0,0,0,1,0,1,1,1,0
S01011874,Other central heating,6,3,3,2,0,2,2,1,1,2,2,0
S01011874,Two or more types of central heating,4,0,4,3,0,3,1,0,1,0,0,0
S01011875,All people in households,672,144,528,548,50,498,88,59,29,36,35,1
S01011875,No central heating,8,0,8,7,0,7,1,0,1,0,0,0
S01011875,Gas central heating,496,104,392,418,38,380,51,40,11,27,26,1
S01011875,Electric (including storage heaters) central heating,134,33,101,94,9,85,33,17,16,7,7,0
S01011875,Oil central heating,20,2,18,18,1,17,2,1,1,0,0,0
S01011875,Solid fuel (for example wood coal) central heating,5,2,3,4,1,3,0,0,0,1,1,0
S01011875,Other central heating,3,1,2,2,0,2,1,1,0,0,0,0
S01011875,Two or more types of central heating,6,2,4,5,1,4,0,0,0,1,1,0
S01011876,All people in households,939,139,800,825,51,774,85,59,26,29,29,0
S01011876,No central heating,25,6,19,18,3,15,5,1,4,2,2,0
S01011876,Gas central heating,552,88,464,483,36,447,54,37,17,15,15,0
S01011876,Electric (including storage heaters) central heating,65,20,45,48,5,43,10,8,2,7,7,0
S01011876,Oil central heating,212,18,194,196,4,192,14,12,2,2,2,0
S01011876,Solid fuel (for example wood coal) central heating,37,1,36,36,0,36,0,0,0,1,1,0
S01011876,Other central heating,12,2,10,11,1,10,0,0,0,1,1,0
S01011876,Two or more types of central heating,36,4,32,33,2,31,2,1,1,1,1,0
S01011877,All people in households,546,102,444,456,31,425,62,46,16,28,25,3
S01011877,No central heating,25,6,19,20,2,18,4,3,1,1,1,0
S01011877,Gas central heating,354,71,283,288,17,271,45,36,9,21,18,3
S01011877,Electric (including storage heaters) central heating,86,11,75,73,4,69,10,4,6,3,3,0
S01011877,Oil central heating,52,11,41,47,6,41,2,2,0,3,3,0
S01011877,Solid fuel (for example wood coal) central heating,5,2,3,5,2,3,0,0,0,0,0,0
S01011877,Other central heating,6,1,5,5,0,5,1,1,0,0,0,0
S01011877,Two or more types of central heating,18,0,18,18,0,18,0,0,0,0,0,0
S01011878,All people in households,947,148,799,839,69,770,77,49,28,31,30,1
S01011878,No central heating,16,3,13,13,0,13,2,2,0,1,1,0
S01011878,Gas central heating,322,53,269,286,25,261,24,16,8,12,12,0
S01011878,Electric (including storage heaters) central heating,96,32,64,71,12,59,17,12,5,8,8,0
S01011878,Oil central heating,416,48,368,384,27,357,25,15,10,7,6,1
S01011878,Solid fuel (for example wood coal) central heating,21,5,16,15,2,13,4,1,3,2,2,0
S01011878,Other central heating,30,4,26,28,2,26,1,1,0,1,1,0
S01011878,Two or more types of central heating,46,3,43,42,1,41,4,2,2,0,0,0
S01011879,All people in households,547,69,478,488,26,462,44,28,16,15,15,0
S01011879,No central heating,13,1,12,12,0,12,0,0,0,1,1,0
S01011879,Gas central heating,90,15,75,79,6,73,8,6,2,3,3,0
S01011879,Electric (including storage heaters) central heating,71,9,62,62,3,59,6,3,3,3,3,0
S01011879,Oil central heating,308,32,276,280,13,267,25,16,9,3,3,0
S01011879,Solid fuel (for example wood coal) central heating,9,2,7,5,0,5,2,0,2,2,2,0
S01011879,Other central heating,37,6,31,33,2,31,2,2,0,2,2,0
S01011879,Two or more types of central heating,19,4,15,17,2,15,1,1,0,1,1,0
S01011880,All people in households,593,90,503,516,30,486,53,36,17,24,24,0
S01011880,No central heating,23,4,19,19,0,19,3,3,0,1,1,0
S01011880,Gas central heating,51,8,43,44,1,43,5,5,0,2,2,0
S01011880,Electric (including storage heaters) central heating,94,18,76,75,4,71,13,8,5,6,6,0
S01011880,Oil central heating,331,44,287,295,16,279,24,16,8,12,12,0
S01011880,Solid fuel (for example wood coal) central heating,37,9,28,30,4,26,4,2,2,3,3,0
S01011880,Other central heating,18,3,15,17,3,14,1,0,1,0,0,0
S01011880,Two or more types of central heating,39,4,35,36,2,34,3,2,1,0,0,0
S01011881,All people in households,817,137,680,702,51,651,82,53,29,33,33,0
S01011881,No central heating,8,1,7,5,0,5,2,0,2,1,1,0
S01011881,Gas central heating,571,63,508,518,27,491,40,23,17,13,13,0
S01011881,Electric (including storage heaters) central heating,186,63,123,134,21,113,34,24,10,18,18,0
S01011881,Oil central heating,26,7,19,20,1,19,5,5,0,1,1,0
S01011881,Solid fuel (for example wood coal) central heating,1,1,0,0,0,0,1,1,0,0,0,0
S01011881,Other central heating,5,0,5,5,0,5,0,0,0,0,0,0
S01011881,Two or more types of central heating,20,2,18,20,2,18,0,0,0,0,0,0
S01011882,All people in households,941,220,721,753,67,686,144,111,33,44,42,2
S01011882,No central heating,6,3,3,3,0,3,1,1,0,2,2,0
S01011882,Gas central heating,736,140,596,613,43,570,95,70,25,28,27,1
S01011882,Electric (including storage heaters) central heating,163,64,99,112,21,91,38,31,7,13,12,1
S01011882,Oil central heating,16,3,13,14,1,13,2,2,0,0,0,0
S01011882,Solid fuel (for example wood coal) central heating,2,1,1,2,1,1,0,0,0,0,0,0
S01011882,Other central heating,2,1,1,1,0,1,1,1,0,0,0,0
S01011882,Two or more types of central heating,16,8,8,8,1,7,7,6,1,1,1,0
S01011883,All people in households,1026,153,873,934,77,857,68,53,15,24,23,1
S01011883,No central heating,11,4,7,8,1,7,2,2,0,1,1,0
S01011883,Gas central heating,707,103,604,655,59,596,39,31,8,13,13,0
S01011883,Electric (including storage heaters) central heating,94,13,81,80,4,76,9,5,4,5,4,1
S01011883,Oil central heating,164,23,141,147,8,139,14,12,2,3,3,0
S01011883,Solid fuel (for example wood coal) central heating,12,1,11,12,1,11,0,0,0,0,0,0
S01011883,Other central heating,13,7,6,9,4,5,2,1,1,2,2,0
S01011883,Two or more types of central heating,25,2,23,23,0,23,2,2,0,0,0,0
S01011884,All people in households,412,62,350,367,28,339,35,25,10,10,9,1
S01011884,No central heating,16,5,11,12,3,9,3,1,2,1,1,0
S01011884,Gas central heating,60,7,53,54,2,52,4,3,1,2,2,0
S01011884,Electric (including storage heaters) central heating,46,8,38,40,3,37,5,5,0,1,0,1
S01011884,Oil central heating,223,32,191,203,15,188,15,12,3,5,5,0
S01011884,Solid fuel (for example wood coal) central heating,23,6,17,19,3,16,3,2,1,1,1,0
S01011884,Other central heating,16,1,15,14,0,14,2,1,1,0,0,0
S01011884,Two or more types of central heating,28,3,25,25,2,23,3,1,2,0,0,0
S01011885,All people in households,689,89,600,608,29,579,59,38,21,22,22,0
S01011885,No central heating,23,4,19,17,1,16,5,2,3,1,1,0
S01011885,Gas central heating,36,15,21,27,7,20,8,7,1,1,1,0
S01011885,Electric (including storage heaters) central heating,63,21,42,43,5,38,14,10,4,6,6,0
S01011885,Oil central heating,527,47,480,485,16,469,28,17,11,14,14,0
S01011885,Solid fuel (for example wood coal) central heating,11,0,11,10,0,10,1,0,1,0,0,0
S01011885,Other central heating,19,0,19,18,0,18,1,0,1,0,0,0
S01011885,Two or more types of central heating,10,2,8,8,0,8,2,2,0,0,0,0
S01011886,All people in households,875,140,735,768,61,707,90,64,26,17,15,2
S01011886,No central heating,11,1,10,10,1,9,0,0,0,1,0,1
S01011886,Gas central heating,104,23,81,90,13,77,12,8,4,2,2,0
S01011886,Electric (including storage heaters) central heating,214,46,168,174,16,158,32,23,9,8,7,1
S01011886,Oil central heating,463,51,412,426,24,402,34,24,10,3,3,0
S01011886,Solid fuel (for example wood coal) central heating,26,7,19,20,2,18,5,4,1,1,1,0
S01011886,Other central heating,19,2,17,17,0,17,2,2,0,0,0,0
S01011886,Two or more types of central heating,38,10,28,31,5,26,5,3,2,2,2,0
S01011887,All people in households,594,99,495,517,44,473,60,40,20,17,15,2
S01011887,No central heating,4,1,3,3,0,3,1,1,0,0,0,0
S01011887,Gas central heating,525,80,445,464,37,427,49,33,16,12,10,2
S01011887,Electric (including storage heaters) central heating,38,13,25,28,6,22,7,4,3,3,3,0
S01011887,Oil central heating,16,5,11,12,1,11,2,2,0,2,2,0
S01011887,Solid fuel (for example wood coal) central heating,0,0,0,0,0,0,0,0,0,0,0,0
S01011887,Other central heating,2,0,2,2,0,2,0,0,0,0,0,0
S01011887,Two or more types of central heating,9,0,9,8,0,8,1,0,1,0,0,0
S01011888,All people in households,871,166,705,737,61,676,88,61,27,46,44,2
S01011888,No central heating,5,0,5,5,0,5,0,0,0,0,0,0
S01011888,Gas central heating,793,149,644,673,55,618,79,55,24,41,39,2
S01011888,Electric (including storage heaters) central heating,48,12,36,37,3,34,6,4,2,5,5,0
S01011888,Oil central heating,3,1,2,2,1,1,1,0,1,0,0,0
S01011888,Solid fuel (for example wood coal) central heating,3,0,3,3,0,3,0,0,0,0,0,0
S01011888,Other central heating,0,0,0,0,0,0,0,0,0,0,0,0
S01011888,Two or more types of central heating,19,4,15,17,2,15,2,2,0,0,0,0
S01011889,All people in households,892,171,721,751,54,697,97,73,24,44,44,0
S01011889,No central heating,7,3,4,3,0,3,2,1,1,2,2,0
S01011889,Gas central heating,686,103,583,604,35,569,59,45,14,23,23,0
S01011889,Electric (including storage heaters) central heating,166,63,103,114,19,95,34,26,8,18,18,0
S01011889,Oil central heating,17,0,17,16,0,16,1,0,1,0,0,0
S01011889,Solid fuel (for example wood coal) central heating,0,0,0,0,0,0,0,0,0,0,0,0
S01011889,Other central heating,3,1,2,2,0,2,0,0,0,1,1,0
S01011889,Two or more types of central heating,13,1,12,12,0,12,1,1,0,0,0,0
S01011890,All people in households,708,138,570,622,68,554,57,43,14,29,27,2
S01011890,No central heating,13,8,5,7,2,5,4,4,0,2,2,0
S01011890,Gas central heating,597,104,493,534,53,481,44,33,11,19,18,1
S01011890,Electric (including storage heaters) central heating,80,24,56,65,12,53,8,6,2,7,6,1
S01011890,Oil central heating,2,1,1,0,0,0,1,0,1,1,1,0
S01011890,Solid fuel (for example wood coal) central heating,2,1,1,2,1,1,0,0,0,0,0,0
S01011890,Other central heating,0,0,0,0,0,0,0,0,0,0,0,0
S01011890,Two or more types of central heating,14,0,14,14,0,14,0,0,0,0,0,0
S01011891,All people in households,741,169,572,580,41,539,101,68,33,60,60,0
S01011891,No central heating,12,4,8,8,1,7,2,1,1,2,2,0
S01011891,Gas central heating,455,86,369,380,22,358,48,37,11,27,27,0
S01011891,Electric (including storage heaters) central heating,260,78,182,179,17,162,50,30,20,31,31,0
S01011891,Oil central heating,4,0,4,4,0,4,0,0,0,0,0,0
S01011891,Solid fuel (for example wood coal) central heating,0,0,0,0,0,0,0,0,0,0,0,0
S01011891,Other central heating,1,0,1,1,0,1,0,0,0,0,0,0
S01011891,Two or more types of central heating,9,1,8,8,1,7,1,0,1,0,0,0
S01011892,All people in households,981,115,866,894,53,841,67,42,25,20,20,0
S01011892,No central heating,18,4,14,16,3,13,2,1,1,0,0,0
S01011892,Gas central heating,786,91,695,725,44,681,44,30,14,17,17,0
S01011892,Electric (including storage heaters) central heating,153,16,137,134,5,129,16,8,8,3,3,0
S01011892,Oil central heating,9,2,7,8,1,7,1,1,0,0,0,0
S01011892,Solid fuel (for example wood coal) central heating,1,0,1,1,0,1,0,0,0,0,0,0
S01011892,Other central heating,2,0,2,2,0,2,0,0,0,0,0,0
S01011892,Two or more types of central heating,12,2,10,8,0,8,4,2,2,0,0,0
S01011893,All people in households,929,168,761,790,60,730,91,63,28,48,45,3
S01011893,No central heating,17,3,14,14,1,13,2,1,1,1,1,0
S01011893,Gas central heating,589,115,474,489,36,453,67,46,21,33,33,0
S01011893,Electric (including storage heaters) central heating,292,41,251,262,19,243,18,13,5,12,9,3
S01011893,Oil central heating,3,1,2,2,0,2,1,1,0,0,0,0
S01011893,Solid fuel (for example wood coal) central heating,0,0,0,0,0,0,0,0,0,0,0,0
S01011893,Other central heating,1,1,0,1,1,0,0,0,0,0,0,0
S01011893,Two or more types of central heating,27,7,20,22,3,19,3,2,1,2,2,0
S01011894,All people in households,635,115,520,536,40,496,71,48,23,28,27,1
S01011894,No central heating,12,4,8,9,2,7,1,1,0,2,1,1
S01011894,Gas central heating,536,97,439,445,29,416,66,43,23,25,25,0
S01011894,Electric (including storage heaters) central heating,60,12,48,55,7,48,4,4,0,1,1,0
S01011894,Oil central heating,15,1,14,15,1,14,0,0,0,0,0,0
S01011894,Solid fuel (for example wood coal) central heating,0,0,0,0,0,0,0,0,0,0,0,0
S01011894,Other central heating,5,0,5,5,0,5,0,0,0,0,0,0
S01011894,Two or more types of central heating,7,1,6,7,1,6,0,0,0,0,0,0
S01011895,All people in households,632,130,502,552,64,488,57,43,14,23,23,0
S01011895,No central heating,9,3,6,6,0,6,3,3,0,0,0,0
S01011895,Gas central heating,585,109,476,518,55,463,49,36,13,18,18,0
S01011895,Electric (including storage heaters) central heating,27,18,9,17,9,8,5,4,1,5,5,0
S01011895,Oil central heating,4,0,4,4,0,4,0,0,0,0,0,0
S01011895,Solid fuel (for example wood coal) central heating,0,0,0,0,0,0,0,0,0,0,0,0
S01011895,Other central heating,0,0,0,0,0,0,0,0,0,0,0,0
S01011895,Two or more types of central heating,7,0,7,7,0,7,0,0,0,0,0,0
S01011896,All people in households,866,148,718,767,66,701,77,61,16,22,21,1
S01011896,No central heating,15,3,12,12,1,11,3,2,1,0,0,0
S01011896,Gas central heating,748,113,635,666,45,621,63,50,13,19,18,1
S01011896,Electric (including storage heaters) central heating,82,26,56,70,16,54,11,9,2,1,1,0
S01011896,Oil central heating,7,3,4,7,3,4,0,0,0,0,0,0
S01011896,Solid fuel (for example wood coal) central heating,1,1,0,1,1,0,0,0,0,0,0,0
S01011896,Other central heating,3,1,2,2,0,2,0,0,0,1,1,0
S01011896,Two or more types of central heating,10,1,9,9,0,9,0,0,0,1,1,0
S01011897,All people in households,1027,151,876,913,65,848,97,69,28,17,17,0
S01011897,No central heating,4,3,1,2,1,1,2,2,0,0,0,0
S01011897,Gas central heating,918,131,787,824,61,763,79,55,24,15,15,0
S01011897,Electric (including storage heaters) central heating,54,13,41,41,3,38,12,9,3,1,1,0
S01011897,Oil central heating,14,1,13,12,0,12,2,1,1,0,0,0
S01011897,Solid fuel (for example wood coal) central heating,1,0,1,1,0,1,0,0,0,0,0,0
S01011897,Other central heating,2,1,1,1,0,1,1,1,0,0,0,0
S01011897,Two or more types of central heating,34,2,32,32,0,32,1,1,0,1,1,0
S01011898,All people in households,675,54,621,640,30,610,31,20,11,4,4,0
S01011898,No central heating,1,0,1,1,0,1,0,0,0,0,0,0
S01011898,Gas central heating,645,46,599,617,29,588,25,14,11,3,3,0
S01011898,Electric (including storage heaters) central heating,15,5,10,10,0,10,4,4,0,1,1,0
S01011898,Oil central heating,14,3,11,12,1,11,2,2,0,0,0,0
S01011898,Solid fuel (for example wood coal) central heating,0,0,0,0,0,0,0,0,0,0,0,0
S01011898,Other central heating,0,0,0,0,0,0,0,0,0,0,0,0
S01011898,Two or more types of central heating,0,0,0,0,0,0,0,0,0,0,0,0
S01011899,All people in households,779,99,680,704,37,667,53,40,13,22,22,0
S01011899,No central heating,1,1,0,1,1,0,0,0,0,0,0,0
S01011899,Gas central heating,715,83,632,652,32,620,43,31,12,20,20,0
S01011899,Electric (including storage heaters) central heating,59,13,46,49,4,45,9,8,1,1,1,0
S01011899,Oil central heating,0,0,0,0,0,0,0,0,0,0,0,0
S01011899,Solid fuel (for example wood coal) central heating,0,0,0,0,0,0,0,0,0,0,0,0
S01011899,Other central heating,0,0,0,0,0,0,0,0,0,0,0,0
S01011899,Two or more types of central heating,4,2,2,2,0,2,1,1,0,1,1,0
S01011900,All people in households,735,102,633,661,45,616,65,48,17,9,9,0
S01011900,No central heating,0,0,0,0,0,0,0,0,0,0,0,0
S01011900,Gas central heating,687,89,598,619,36,583,60,45,15,8,8,0
S01011900,Electric (including storage heaters) central heating,22,8,14,20,6,14,2,2,0,0,0,0
S01011900,Oil central heating,20,4,16,17,2,15,2,1,1,1,1,0
S01011900,Solid fuel (for example wood coal) central heating,2,0,2,2,0,2,0,0,0,0,0,0
S01011900,Other central heating,0,0,0,0,0,0,0,0,0,0,0,0
S01011900,Two or more types of central heating,4,1,3,3,1,2,1,0,1,0,0,0
S01011901,All people in households,899,109,790,816,40,776,66,52,14,17,17,0
S01011901,No central heating,10,0,10,10,0,10,0,0,0,0,0,0
S01011901,Gas central heating,816,93,723,746,32,714,58,49,9,12,12,0
S01011901,Electric (including storage heaters) central heating,47,9,38,41,5,36,4,2,2,2,2,0
S01011901,Oil central heating,10,6,4,4,2,2,3,1,2,3,3,0
S01011901,Solid fuel (for example wood coal) central heating,0,0,0,0,0,0,0,0,0,0,0,0
S01011901,Other central heating,0,0,0,0,0,0,0,0,0,0,0,0
S01011901,Two or more types of central heating,16,1,15,15,1,14,1,0,1,0,0,0
S01011902,All people in households,1056,196,860,928,88,840,100,80,20,28,28,0
S01011902,No central heating,9,3,6,7,2,5,1,0,1,1,1,0
S01011902,Gas central heating,948,170,778,832,70,762,92,76,16,24,24,0
S01011902,Electric (including storage heaters) central heating,70,18,52,64,14,50,4,2,2,2,2,0
S01011902,Oil central heating,11,1,10,10,0,10,1,1,0,0,0,0
S01011902,Solid fuel (for example wood coal) central heating,3,2,1,0,0,0,2,1,1,1,1,0
S01011902,Other central heating,0,0,0,0,0,0,0,0,0,0,0,0
S01011902,Two or more types of central heating,15,2,13,15,2,13,0,0,0,0,0,0
S01011903,All people in households,798,144,654,703,67,636,77,61,16,18,16,2
S01011903,No central heating,8,0,8,8,0,8,0,0,0,0,0,0
S01011903,Gas central heating,724,127,597,644,61,583,67,55,12,13,11,2
S01011903,Electric (including storage heaters) central heating,36,11,25,29,5,24,5,4,1,2,2,0
S01011903,Oil central heating,15,4,11,11,1,10,2,1,1,2,2,0
S01011903,Solid fuel (for example wood coal) central heating,0,0,0,0,0,0,0,0,0,0,0,0
S01011903,Other central heating,0,0,0,0,0,0,0,0,0,0,0,0
S01011903,Two or more types of central heating,15,2,13,11,0,11,3,1,2,1,1,0
S01011904,All people in households,744,94,650,671,47,624,58,33,25,15,14,1
S01011904,No central heating,1,0,1,1,0,1,0,0,0,0,0,0
S01011904,Gas central heating,707,88,619,644,45,599,49,29,20,14,14,0
S01011904,Electric (including storage heaters) central heating,23,5,18,19,2,17,4,3,1,0,0,0
S01011904,Oil central heating,7,1,6,6,0,6,1,1,0,0,0,0
S01011904,Solid fuel (for example wood coal) central heating,2,0,2,1,0,1,1,0,1,0,0,0
S01011904,Other central heating,0,0,0,0,0,0,0,0,0,0,0,0
S01011904,Two or more types of central heating,4,0,4,0,0,0,3,0,3,1,0,1
S01011905,All people in households,775,72,703,707,23,684,56,37,19,12,12,0
S01011905,No central heating,0,0,0,0,0,0,0,0,0,0,0,0
S01011905,Gas central heating,716,58,658,662,20,642,45,29,16,9,9,0
S01011905,Electric (including storage heaters) central heating,44,13,31,31,3,28,10,7,3,3,3,0
S01011905,Oil central heating,2,1,1,1,0,1,1,1,0,0,0,0
S01011905,Solid fuel (for example wood coal) central heating,2,0,2,2,0,2,0,0,0,0,0,0
S01011905,Other central heating,0,0,0,0,0,0,0,0,0,0,0,0
S01011905,Two or more types of central heating,11,0,11,11,0,11,0,0,0,0,0,0
S01011906,All people in households,425,52,373,384,22,362,28,17,11,13,13,0
S01011906,No central heating,1,0,1,1,0,1,0,0,0,0,0,0
S01011906,Gas central heating,328,48,280,294,21,273,22,15,7,12,12,0
S01011906,Electric (including storage heaters) central heating,83,3,80,78,1,77,4,1,3,1,1,0
S01011906,Oil central heating,4,1,3,3,0,3,1,1,0,0,0,0
S01011906,Solid fuel (for example wood coal) central heating,2,0,2,2,0,2,0,0,0,0,0,0
S01011906,Other central heating,0,0,0,0,0,0,0,0,0,0,0,0
S01011906,Two or more types of central heating,7,0,7,6,0,6,1,0,1,0,0,0
S01011907,All people in households,745,109,636,649,40,609,74,49,25,22,20,2
S01011907,No central heating,12,2,10,10,1,9,2,1,1,0,0,0
S01011907,Gas central heating,557,92,465,475,32,443,61,41,20,21,19,2
S01011907,Electric (including storage heaters) central heating,168,13,155,157,6,151,11,7,4,0,0,0
S01011907,Oil central heating,3,0,3,3,0,3,0,0,0,0,0,0
S01011907,Solid fuel (for example wood coal) central heating,0,0,0,0,0,0,0,0,0,0,0,0
S01011907,Other central heating,2,1,1,1,0,1,0,0,0,1,1,0
S01011907,Two or more types of central heating,3,1,2,3,1,2,0,0,0,0,0,0
S01011908,All people in households,376,46,330,341,19,322,27,19,8,8,8,0
S01011908,No central heating,2,0,2,2,0,2,0,0,0,0,0,0
S01011908,Gas central heating,347,40,307,315,16,299,25,17,8,7,7,0
S01011908,Electric (including storage heaters) central heating,19,5,14,16,2,14,2,2,0,1,1,0
S01011908,Oil central heating,0,0,0,0,0,0,0,0,0,0,0,0
S01011908,Solid fuel (for example wood coal) central heating,0,0,0,0,0,0,0,0,0,0,0,0
S01011908,Other central heating,3,1,2,3,1,2,0,0,0,0,0,0
S01011908,Two or more types of central heating,5,0,5,5,0,5,0,0,0,0,0,0
S01011909,All people in households,1036,69,967,974,33,941,48,22,26,14,14,0
S01011909,No central heating,0,0,0,0,0,0,0,0,0,0,0,0
S01011909,Gas central heating,944,61,883,890,29,861,42,20,22,12,12,0
S01011909,Electric (including storage heaters) central heating,77,8,69,69,4,65,6,2,4,2,2,0
S01011909,Oil central heating,4,0,4,4,0,4,0,0,0,0,0,0
S01011909,Solid fuel (for example wood coal) central heating,0,0,0,0,0,0,0,0,0,0,0,0
S01011909,Other central heating,1,0,1,1,0,1,0,0,0,0,0,0
S01011909,Two or more types of central heating,10,0,10,10,0,10,0,0,0,0,0,0
S01011910,All people in households,910,170,740,739,51,688,114,65,49,57,54,3
S01011910,No central heating,14,3,11,12,1,11,0,0,0,2,2,0
S01011910,Gas central heating,643,105,538,534,36,498,78,39,39,31,30,1
S01011910,Electric (including storage heaters) central heating,197,48,149,149,8,141,29,22,7,19,18,1
S01011910,Oil central heating,6,2,4,5,1,4,1,1,0,0,0,0
S01011910,Solid fuel (for example wood coal) central heating,1,0,1,1,0,1,0,0,0,0,0,0
S01011910,Other central heating,0,0,0,0,0,0,0,0,0,0,0,0
S01011910,Two or more types of central heating,49,12,37,38,5,33,6,3,3,5,4,1
S01011911,All people in households,641,135,506,525,48,477,81,52,29,35,35,0
S01011911,No central heating,13,0,13,13,0,13,0,0,0,0,0,0
S01011911,Gas central heating,485,88,397,410,35,375,53,31,22,22,22,0
S01011911,Electric (including storage heaters) central heating,129,44,85,93,13,80,23,18,5,13,13,0
S01011911,Oil central heating,3,0,3,3,0,3,0,0,0,0,0,0
S01011911,Solid fuel (for example wood coal) central heating,5,1,4,3,0,3,2,1,1,0,0,0
S01011911,Other central heating,0,0,0,0,0,0,0,0,0,0,0,0
S01011911,Two or more types of central heating,6,2,4,3,0,3,3,2,1,0,0,0
S01011912,All people in households,727,169,558,595,70,525,98,68,30,34,31,3
S01011912,No central heating,7,2,5,5,0,5,0,0,0,2,2,0
S01011912,Gas central heating,512,104,408,430,46,384,62,39,23,20,19,1
S01011912,Electric (including storage heaters) central heating,178,54,124,138,22,116,31,24,7,9,8,1
S01011912,Oil central heating,0,0,0,0,0,0,0,0,0,0,0,0
S01011912,Solid fuel (for example wood coal) central heating,2,1,1,1,0,1,1,1,0,0,0,0
S01011912,Other central heating,3,1,2,3,1,2,0,0,0,0,0,0
S01011912,Two or more types of central heating,25,7,18,18,1,17,4,4,0,3,2,1
S01011913,All people in households,739,161,578,581,34,547,110,80,30,48,47,1
S01011913,No central heating,9,3,6,3,2,1,6,1,5,0,0,0
S01011913,Gas central heating,552,107,445,446,20,426,70,52,18,36,35,1
S01011913,Electric (including storage heaters) central heating,154,39,115,116,8,108,28,21,7,10,10,0
S01011913,Oil central heating,1,1,0,0,0,0,1,1,0,0,0,0
S01011913,Solid fuel (for example wood coal) central heating,4,1,3,3,0,3,1,1,0,0,0,0
S01011913,Other central heating,0,0,0,0,0,0,0,0,0,0,0,0
S01011913,Two or more types of central heating,19,10,9,13,4,9,4,4,0,2,2,0
S01011914,All people in households,865,136,729,736,44,692,100,65,35,29,27,2
S01011914,No central heating,15,4,11,12,2,10,3,2,1,0,0,0
S01011914,Gas central heating,666,99,567,571,33,538,73,45,28,22,21,1
S01011914,Electric (including storage heaters) central heating,166,29,137,138,7,131,21,16,5,7,6,1
S01011914,Oil central heating,1,1,0,1,1,0,0,0,0,0,0,0
S01011914,Solid fuel (for example wood coal) central heating,0,0,0,0,0,0,0,0,0,0,0,0
S01011914,Other central heating,0,0,0,0,0,0,0,0,0,0,0,0
S01011914,Two or more types of central heating,17,3,14,14,1,13,3,2,1,0,0,0
S01011915,All people in households,811,168,643,664,51,613,90,61,29,57,56,1
S01011915,No central heating,5,1,4,5,1,4,0,0,0,0,0,0
S01011915,Gas central heating,552,116,436,452,37,415,62,42,20,38,37,1
S01011915,Electric (including storage heaters) central heating,236,46,190,192,11,181,28,19,9,16,16,0
S01011915,Oil central heating,8,0,8,8,0,8,0,0,0,0,0,0
S01011915,Solid fuel (for example wood coal) central heating,2,1,1,2,1,1,0,0,0,0,0,0
S01011915,Other central heating,4,0,4,4,0,4,0,0,0,0,0,0
S01011915,Two or more types of central heating,4,4,0,1,1,0,0,0,0,3,3,0
S01011916,All people in households,592,131,461,483,41,442,77,58,19,32,32,0
S01011916,No central heating,17,7,10,10,1,9,4,3,1,3,3,0
S01011916,Gas central heating,442,91,351,375,36,339,48,36,12,19,19,0
S01011916,Electric (including storage heaters) central heating,118,27,91,90,4,86,21,16,5,7,7,0
S01011916,Oil central heating,3,1,2,1,0,1,2,1,1,0,0,0
S01011916,Solid fuel (for example wood coal) central heating,3,1,2,2,0,2,0,0,0,1,1,0
S01011916,Other central heating,3,0,3,3,0,3,0,0,0,0,0,0
S01011916,Two or more types of central heating,6,4,2,2,0,2,2,2,0,2,2,0
S01011917,All people in households,510,127,383,421,50,371,67,56,11,22,21,1
S01011917,No central heating,11,2,9,10,1,9,1,1,0,0,0,0
S01011917,Gas central heating,319,75,244,266,31,235,41,32,9,12,12,0
S01011917,Electric (including storage heaters) central heating,152,42,110,121,14,107,24,22,2,7,6,1
S01011917,Oil central heating,5,1,4,5,1,4,0,0,0,0,0,0
S01011917,Solid fuel (for example wood coal) central heating,8,1,7,8,1,7,0,0,0,0,0,0
S01011917,Other central heating,3,2,1,1,0,1,0,0,0,2,2,0
S01011917,Two or more types of central heating,12,4,8,10,2,8,1,1,0,1,1,0
S01011918,All people in households,786,156,630,646,54,592,97,62,35,43,40,3
S01011918,No central heating,11,2,9,9,0,9,1,1,0,1,1,0
S01011918,Gas central heating,382,69,313,315,24,291,49,29,20,18,16,2
S01011918,Electric (including storage heaters) central heating,362,79,283,296,27,269,44,31,13,22,21,1
S01011918,Oil central heating,13,3,10,11,1,10,1,1,0,1,1,0
S01011918,Solid fuel (for example wood coal) central heating,0,0,0,0,0,0,0,0,0,0,0,0
S01011918,Other central heating,4,1,3,4,1,3,0,0,0,0,0,0
S01011918,Two or more types of central heating,14,2,12,11,1,10,2,0,2,1,1,0
S01011919,All people in households,809,132,677,691,45,646,81,52,29,37,35,2
S01011919,No central heating,17,4,13,15,3,12,2,1,1,0,0,0
S01011919,Gas central heating,650,96,554,563,33,530,58,36,22,29,27,2
S01011919,Electric (including storage heaters) central heating,116,31,85,89,9,80,19,14,5,8,8,0
S01011919,Oil central heating,0,0,0,0,0,0,0,0,0,0,0,0
S01011919,Solid fuel (for example wood coal) central heating,0,0,0,0,0,0,0,0,0,0,0,0
S01011919,Other central heating,3,0,3,3,0,3,0,0,0,0,0,0
S01011919,Two or more types of central heating,23,1,22,21,0,21,2,1,1,0,0,0
S01011920,All people in households,622,130,492,499,39,460,92,63,29,31,28,3
S01011920,No central heating,6,0,6,4,0,4,2,0,2,0,0,0
S01011920,Gas central heating,510,106,404,410,33,377,76,51,25,24,22,2
S01011920,Electric (including storage heaters) central heating,87,17,70,71,4,67,12,10,2,4,3,1
S01011920,Oil central heating,2,0,2,2,0,2,0,0,0,0,0,0
S01011920,Solid fuel (for example wood coal) central heating,1,1,0,0,0,0,0,0,0,1,1,0
S01011920,Other central heating,2,0,2,2,0,2,0,0,0,0,0,0
S01011920,Two or more types of central heating,14,6,8,10,2,8,2,2,0,2,2,0
S01011921,All people in households,594,116,478,481,34,447,81,51,30,32,31,1
S01011921,No central heating,4,0,4,4,0,4,0,0,0,0,0,0
S01011921,Gas central heating,347,79,268,277,25,252,48,32,16,22,22,0
S01011921,Electric (including storage heaters) central heating,219,34,185,179,8,171,31,18,13,9,8,1
S01011921,Oil central heating,5,1,4,4,0,4,0,0,0,1,1,0
S01011921,Solid fuel (for example wood coal) central heating,6,1,5,4,0,4,2,1,1,0,0,0
S01011921,Other central heating,0,0,0,0,0,0,0,0,0,0,0,0
S01011921,Two or more types of central heating,13,1,12,13,1,12,0,0,0,0,0,0
S01011922,All people in households,768,150,618,618,43,575,108,69,39,42,38,4
S01011922,No central heating,30,7,23,27,4,23,1,1,0,2,2,0
S01011922,Gas central heating,372,73,299,299,19,280,49,32,17,24,22,2
S01011922,Electric (including storage heaters) central heating,353,62,291,284,17,267,56,34,22,13,11,2
S01011922,Oil central heating,0,0,0,0,0,0,0,0,0,0,0,0
S01011922,Solid fuel (for example wood coal) central heating,0,0,0,0,0,0,0,0,0,0,0,0
S01011922,Other central heating,2,1,1,2,1,1,0,0,0,0,0,0
S01011922,Two or more types of central heating,11,7,4,6,2,4,2,2,0,3,3,0
S01011923,All people in households,880,145,735,742,41,701,82,48,34,56,56,0
S01011923,No central heating,3,3,0,1,1,0,1,1,0,1,1,0
S01011923,Gas central heating,743,123,620,626,36,590,68,38,30,49,49,0
S01011923,Electric (including storage heaters) central heating,95,14,81,83,4,79,8,6,2,4,4,0
S01011923,Oil central heating,8,0,8,7,0,7,1,0,1,0,0,0
S01011923,Solid fuel (for example wood coal) central heating,4,0,4,4,0,4,0,0,0,0,0,0
S01011923,Other central heating,0,0,0,0,0,0,0,0,0,0,0,0
S01011923,Two or more types of central heating,27,5,22,21,0,21,4,3,1,2,2,0
S01011924,All people in households,454,83,371,379,22,357,52,39,13,23,22,1
S01011924,No central heating,2,1,1,1,0,1,1,1,0,0,0,0
S01011924,Gas central heating,301,50,251,259,15,244,32,25,7,10,10,0
S01011924,Electric (including storage heaters) central heating,143,30,113,113,7,106,18,12,6,12,11,1
S01011924,Oil central heating,0,0,0,0,0,0,0,0,0,0,0,0
S01011924,Solid fuel (for example wood coal) central heating,2,1,1,1,0,1,1,1,0,0,0,0
S01011924,Other central heating,0,0,0,0,0,0,0,0,0,0,0,0
S01011924,Two or more types of central heating,6,1,5,5,0,5,0,0,0,1,1,0
S01011925,All people in households,758,52,706,709,21,688,35,17,18,14,14,0
S01011925,No central heating,16,3,13,12,0,12,2,1,1,2,2,0
S01011925,Gas central heating,667,33,634,640,18,622,21,9,12,6,6,0
S01011925,Electric (including storage heaters) central heating,50,11,39,36,2,34,9,4,5,5,5,0
S01011925,Oil central heating,13,2,11,11,0,11,2,2,0,0,0,0
S01011925,Solid fuel (for example wood coal) central heating,4,1,3,4,1,3,0,0,0,0,0,0
S01011925,Other central heating,1,0,1,1,0,1,0,0,0,0,0,0
S01011925,Two or more types of central heating,7,2,5,5,0,5,1,1,0,1,1,0
S01011926,All people in households,656,123,533,526,33,493,92,54,38,38,36,2
S01011926,No central heating,11,2,9,11,2,9,0,0,0,0,0,0
S01011926,Gas central heating,428,77,351,349,24,325,59,33,26,20,20,0
S01011926,Electric (including storage heaters) central heating,185,37,148,143,6,137,27,18,9,15,13,2
S01011926,Oil central heating,13,1,12,11,0,11,2,1,1,0,0,0
S01011926,Solid fuel (for example wood coal) central heating,0,0,0,0,0,0,0,0,0,0,0,0
S01011926,Other central heating,4,0,4,4,0,4,0,0,0,0,0,0
S01011926,Two or more types of central heating,15,6,9,8,1,7,4,2,2,3,3,0
S01011927,All people in households,613,135,478,498,43,455,71,48,23,44,44,0
S01011927,No central heating,1,0,1,1,0,1,0,0,0,0,0,0
S01011927,Gas central heating,464,100,364,375,31,344,58,38,20,31,31,0
S01011927,Electric (including storage heaters) central heating,123,29,94,101,10,91,11,8,3,11,11,0
S01011927,Oil central heating,13,2,11,13,2,11,0,0,0,0,0,0
S01011927,Solid fuel (for example wood coal) central heating,0,0,0,0,0,0,0,0,0,0,0,0
S01011927,Other central heating,4,2,2,2,0,2,1,1,0,1,1,0
S01011927,Two or more types of central heating,8,2,6,6,0,6,1,1,0,1,1,0
S01011928,All people in households,702,144,558,570,38,532,91,65,26,41,41,0
S01011928,No central heating,14,1,13,13,0,13,1,1,0,0,0,0
S01011928,Gas central heating,434,89,345,357,25,332,54,41,13,23,23,0
S01011928,Electric (including storage heaters) central heating,191,44,147,147,10,137,28,18,10,16,16,0
S01011928,Oil central heating,32,4,28,29,2,27,3,2,1,0,0,0
S01011928,Solid fuel (for example wood coal) central heating,11,3,8,7,0,7,2,1,1,2,2,0
S01011928,Other central heating,2,1,1,1,0,1,1,1,0,0,0,0
S01011928,Two or more types of central heating,18,2,16,16,1,15,2,1,1,0,0,0
S01011929,All people in households,692,152,540,554,51,503,96,61,35,42,40,2
S01011929,No central heating,4,0,4,4,0,4,0,0,0,0,0,0
S01011929,Gas central heating,505,102,403,406,30,376,67,42,25,32,30,2
S01011929,Electric (including storage heaters) central heating,155,45,110,120,20,100,26,16,10,9,9,0
S01011929,Oil central heating,6,0,6,6,0,6,0,0,0,0,0,0
S01011929,Solid fuel (for example wood coal) central heating,2,0,2,2,0,2,0,0,0,0,0,0
S01011929,Other central heating,7,1,6,6,0,6,0,0,0,1,1,0
S01011929,Two or more types of central heating,13,4,9,10,1,9,3,3,0,0,0,0
S01011930,All people in households,638,126,512,520,34,486,80,54,26,38,38,0
S01011930,No central heating,0,0,0,0,0,0,0,0,0,0,0,0
S01011930,Gas central heating,389,68,321,324,22,302,45,26,19,20,20,0
S01011930,Electric (including storage heaters) central heating,232,54,178,182,11,171,32,25,7,18,18,0
S01011930,Oil central heating,2,1,1,1,0,1,1,1,0,0,0,0
S01011930,Solid fuel (for example wood coal) central heating,0,0,0,0,0,0,0,0,0,0,0,0
S01011930,Other central heating,3,0,3,3,0,3,0,0,0,0,0,0
S01011930,Two or more types of central heating,12,3,9,10,1,9,2,2,0,0,0,0
S01011931,All people in households,625,127,498,506,38,468,69,40,29,50,49,1
S01011931,No central heating,2,0,2,2,0,2,0,0,0,0,0,0
S01011931,Gas central heating,454,91,363,366,27,339,52,28,24,36,36,0
S01011931,Electric (including storage heaters) central heating,87,19,68,67,3,64,13,10,3,7,6,1
S01011931,Oil central heating,14,2,12,14,2,12,0,0,0,0,0,0
S01011931,Solid fuel (for example wood coal) central heating,4,1,3,3,0,3,0,0,0,1,1,0
S01011931,Other central heating,37,9,28,33,6,27,2,1,1,2,2,0
S01011931,Two or more types of central heating,27,5,22,21,0,21,2,1,1,4,4,0
S01011932,All people in households,621,83,538,542,23,519,53,35,18,26,25,1
S01011932,No central heating,8,2,6,7,1,6,0,0,0,1,1,0
S01011932,Gas central heating,518,63,455,459,18,441,42,28,14,17,17,0
S01011932,Electric (including storage heaters) central heating,73,14,59,58,3,55,8,5,3,7,6,1
S01011932,Oil central heating,6,1,5,6,1,5,0,0,0,0,0,0
S01011932,Solid fuel (for example wood coal) central heating,3,2,1,0,0,0,2,1,1,1,1,0
S01011932,Other central heating,1,1,0,0,0,0,1,1,0,0,0,0
S01011932,Two or more types of central heating,12,0,12,12,0,12,0,0,0,0,0,0
S01011933,All people in households,631,114,517,527,35,492,63,38,25,41,41,0
S01011933,No central heating,15,2,13,12,0,12,2,1,1,1,1,0
S01011933,Gas central heating,470,84,386,397,28,369,44,27,17,29,29,0
S01011933,Electric (including storage heaters) central heating,119,19,100,98,3,95,13,8,5,8,8,0
S01011933,Oil central heating,8,0,8,7,0,7,1,0,1,0,0,0
S01011933,Solid fuel (for example wood coal) central heating,5,2,3,2,0,2,1,0,1,2,2,0
S01011933,Other central heating,4,3,1,3,2,1,1,1,0,0,0,0
S01011933,Two or more types of central heating,10,4,6,8,2,6,1,1,0,1,1,0
S01011934,All people in households,1091,169,922,951,65,886,96,64,32,44,40,4
S01011934,No central heating,29,8,21,19,1,18,9,6,3,1,1,0
S01011934,Gas central heating,881,131,750,778,54,724,74,51,23,29,26,3
S01011934,Electric (including storage heaters) central heating,167,28,139,140,8,132,13,7,6,14,13,1
S01011934,Oil central heating,0,0,0,0,0,0,0,0,0,0,0,0
S01011934,Solid fuel (for example wood coal) central heating,3,2,1,3,2,1,0,0,0,0,0,0
S01011934,Other central heating,0,0,0,0,0,0,0,0,0,0,0,0
S01011934,Two or more types of central heating,11,0,11,11,0,11,0,0,0,0,0,0
S01011935,All people in households,793,136,657,661,42,619,90,58,32,42,36,6
S01011935,No central heating,67,9,58,59,4,55,5,3,2,3,2,1
S01011935,Gas central heating,375,70,305,313,22,291,43,32,11,19,16,3
S01011935,Electric (including storage heaters) central heating,311,47,264,258,12,246,36,19,17,17,16,1
S01011935,Oil central heating,8,2,6,6,0,6,2,2,0,0,0,0
S01011935,Solid fuel (for example wood coal) central heating,2,1,1,2,1,1,0,0,0,0,0,0
S01011935,Other central heating,26,6,20,20,3,17,3,1,2,3,2,1
S01011935,Two or more types of central heating,4,1,3,3,0,3,1,1,0,0,0,0
S01011936,All people in households,679,92,587,596,33,563,59,36,23,24,23,1
S01011936,No central heating,27,3,24,21,0,21,4,1,3,2,2,0
S01011936,Gas central heating,450,53,397,412,24,388,29,20,9,9,9,0
S01011936,Electric (including storage heaters) central heating,172,32,140,135,7,128,25,14,11,12,11,1
S01011936,Oil central heating,13,1,12,13,1,12,0,0,0,0,0,0
S01011936,Solid fuel (for example wood coal) central heating,0,0,0,0,0,0,0,0,0,0,0,0
S01011936,Other central heating,3,0,3,3,0,3,0,0,0,0,0,0
S01011936,Two or more types of central heating,14,3,11,12,1,11,1,1,0,1,1,0
S01011937,All people in households,667,145,522,537,42,495,98,72,26,32,31,1
S01011937,No central heating,22,2,20,20,1,19,1,0,1,1,1,0
S01011937,Gas central heating,485,89,396,400,23,377,67,49,18,18,17,1
S01011937,Electric (including storage heaters) central heating,142,51,91,101,17,84,28,21,7,13,13,0
S01011937,Oil central heating,3,1,2,2,0,2,1,1,0,0,0,0
S01011937,Solid fuel (for example wood coal) central heating,0,0,0,0,0,0,0,0,0,0,0,0
S01011937,Other central heating,0,0,0,0,0,0,0,0,0,0,0,0
S01011937,Two or more types of central heating,15,2,13,14,1,13,1,1,0,0,0,0
S01011938,All people in households,670,125,545,555,35,520,69,47,22,46,43,3
S01011938,No central heating,11,4,7,10,3,7,0,0,0,1,1,0
S01011938,Gas central heating,480,73,407,418,29,389,45,29,16,17,15,2
S01011938,Electric (including storage heaters) central heating,157,44,113,109,3,106,23,17,6,25,24,1
S01011938,Oil central heating,17,4,13,13,0,13,1,1,0,3,3,0
S01011938,Solid fuel (for example wood coal) central heating,0,0,0,0,0,0,0,0,0,0,0,0
S01011938,Other central heating,0,0,0,0,0,0,0,0,0,0,0,0
S01011938,Two or more types of central heating,5,0,5,5,0,5,0,0,0,0,0,0
S01011939,All people in households,710,126,584,580,31,549,76,45,31,54,50,4
S01011939,No central heating,24,4,20,20,0,20,3,3,0,1,1,0
S01011939,Gas central heating,405,65,340,335,15,320,40,23,17,30,27,3
S01011939,Electric (including storage heaters) central heating,247,46,201,202,14,188,29,17,12,16,15,1
S01011939,Oil central heating,4,1,3,3,0,3,0,0,0,1,1,0
S01011939,Solid fuel (for example wood coal) central heating,4,3,1,2,1,1,0,0,0,2,2,0
S01011939,Other central heating,2,0,2,1,0,1,1,0,1,0,0,0
S01011939,Two or more types of central heating,24,7,17,17,1,16,3,2,1,4,4,0
S01011940,All people in households,441,77,364,364,28,336,56,28,28,21,21,0
S01011940,No central heating,33,7,26,26,2,24,4,2,2,3,3,0
S01011940,Gas central heating,226,38,188,188,13,175,30,17,13,8,8,0
S01011940,Electric (including storage heaters) central heating,154,24,130,131,12,119,17,6,11,6,6,0
S01011940,Oil central heating,8,3,5,6,1,5,1,1,0,1,1,0
S01011940,Solid fuel (for example wood coal) central heating,7,0,7,7,0,7,0,0,0,0,0,0
S01011940,Other central heating,9,3,6,4,0,4,3,1,2,2,2,0
S01011940,Two or more types of central heating,4,2,2,2,0,2,1,1,0,1,1,0
S01011941,All people in households,682,100,582,570,28,542,78,43,35,34,29,5
S01011941,No central heating,65,8,57,56,4,52,8,3,5,1,1,0
S01011941,Gas central heating,276,41,235,225,6,219,34,20,14,17,15,2
S01011941,Electric (including storage heaters) central heating,322,49,273,273,18,255,34,19,15,15,12,3
S01011941,Oil central heating,4,1,3,2,0,2,1,0,1,1,1,0
S01011941,Solid fuel (for example wood coal) central heating,0,0,0,0,0,0,0,0,0,0,0,0
S01011941,Other central heating,2,0,2,2,0,2,0,0,0,0,0,0
S01011941,Two or more types of central heating,13,1,12,12,0,12,1,1,0,0,0,0
S01011942,All people in households,849,196,653,678,65,613,122,84,38,49,47,2
S01011942,No central heating,58,10,48,49,3,46,7,5,2,2,2,0
S01011942,Gas central heating,378,68,310,317,26,291,40,22,18,21,20,1
S01011942,Electric (including storage heaters) central heating,400,114,286,303,35,268,73,56,17,24,23,1
S01011942,Oil central heating,0,0,0,0,0,0,0,0,0,0,0,0
S01011942,Solid fuel (for example wood coal) central heating,0,0,0,0,0,0,0,0,0,0,0,0
S01011942,Other central heating,5,2,3,3,0,3,0,0,0,2,2,0
S01011942,Two or more types of central heating,8,2,6,6,1,5,2,1,1,0,0,0
S01011943,All people in households,1112,239,873,887,64,823,143,97,46,82,78,4
S01011943,No central heating,98,14,84,83,4,79,11,6,5,4,4,0
S01011943,Gas central heating,456,95,361,368,27,341,54,35,19,34,33,1
S01011943,Electric (including storage heaters) central heating,501,112,389,395,28,367,70,51,19,36,33,3
S01011943,Oil central heating,12,3,9,8,0,8,2,1,1,2,2,0
S01011943,Solid fuel (for example wood coal) central heating,3,1,2,1,0,1,1,0,1,1,1,0
S01011943,Other central heating,18,8,10,12,2,10,3,3,0,3,3,0
S01011943,Two or more types of central heating,24,6,18,20,3,17,2,1,1,2,2,0
S01011944,All people in households,444,71,373,393,34,359,42,28,14,9,9,0
S01011944,No central heating,3,1,2,1,0,1,2,1,1,0,0,0
S01011944,Gas central heating,299,46,253,269,24,245,24,16,8,6,6,0
S01011944,Electric (including storage heaters) central heating,21,4,17,18,2,16,3,2,1,0,0,0
S01011944,Oil central heating,95,13,82,84,4,80,9,7,2,2,2,0
S01011944,Solid fuel (for example wood coal) central heating,4,2,2,3,1,2,1,1,0,0,0,0
S01011944,Other central heating,9,2,7,6,1,5,3,1,2,0,0,0
S01011944,Two or more types of central heating,13,3,10,12,2,10,0,0,0,1,1,0
S01011945,All people in households,767,95,672,694,39,655,56,39,17,17,17,0
S01011945,No central heating,4,3,1,1,1,0,3,2,1,0,0,0
S01011945,Gas central heating,712,89,623,646,37,609,51,37,14,15,15,0
S01011945,Electric (including storage heaters) central heating,19,2,17,17,1,16,1,0,1,1,1,0
S01011945,Oil central heating,15,1,14,14,0,14,0,0,0,1,1,0
S01011945,Solid fuel (for example wood coal) central heating,4,0,4,4,0,4,0,0,0,0,0,0
S01011945,Other central heating,2,0,2,1,0,1,1,0,1,0,0,0
S01011945,Two or more types of central heating,11,0,11,11,0,11,0,0,0,0,0,0
S01011946,All people in households,789,165,624,660,65,595,100,71,29,29,29,0
S01011946,No central heating,24,7,17,16,1,15,5,3,2,3,3,0
S01011946,Gas central heating,440,60,380,401,28,373,29,22,7,10,10,0
S01011946,Electric (including storage heaters) central heating,287,89,198,210,31,179,62,43,19,15,15,0
S01011946,Oil central heating,16,3,13,16,3,13,0,0,0,0,0,0
S01011946,Solid fuel (for example wood coal) central heating,0,0,0,0,0,0,0,0,0,0,0,0
S01011946,Other central heating,4,1,3,3,0,3,0,0,0,1,1,0
S01011946,Two or more types of central heating,18,5,13,14,2,12,4,3,1,0,0,0
S01011947,All people in households,490,103,387,418,48,370,49,33,16,23,22,1
S01011947,No central heating,8,2,6,6,0,6,1,1,0,1,1,0
S01011947,Gas central heating,464,96,368,397,46,351,47,31,16,20,19,1
S01011947,Electric (including storage heaters) central heating,7,4,3,5,2,3,1,1,0,1,1,0
S01011947,Oil central heating,5,0,5,5,0,5,0,0,0,0,0,0
S01011947,Solid fuel (for example wood coal) central heating,0,0,0,0,0,0,0,0,0,0,0,0
S01011947,Other central heating,0,0,0,0,0,0,0,0,0,0,0,0
S01011947,Two or more types of central heating,6,1,5,5,0,5,0,0,0,1,1,0
S01011948,All people in households,1042,203,839,875,75,800,128,91,37,39,37,2
S01011948,No central heating,16,9,7,8,2,6,6,5,1,2,2,0
S01011948,Gas central heating,806,125,681,698,43,655,85,60,25,23,22,1
S01011948,Electric (including storage heaters) central heating,184,62,122,138,27,111,33,23,10,13,12,1
S01011948,Oil central heating,13,0,13,13,0,13,0,0,0,0,0,0
S01011948,Solid fuel (for example wood coal) central heating,3,1,2,3,1,2,0,0,0,0,0,0
S01011948,Other central heating,3,1,2,2,0,2,0,0,0,1,1,0
S01011948,Two or more types of central heating,17,5,12,13,2,11,4,3,1,0,0,0
S01011949,All people in households,825,198,627,690,80,610,105,88,17,30,30,0
S01011949,No central heating,6,3,3,6,3,3,0,0,0,0,0,0
S01011949,Gas central heating,724,158,566,616,65,551,84,69,15,24,24,0
S01011949,Electric (including storage heaters) central heating,54,22,32,39,8,31,12,11,1,3,3,0
S01011949,Oil central heating,25,11,14,16,3,13,7,6,1,2,2,0
S01011949,Solid fuel (for example wood coal) central heating,0,0,0,0,0,0,0,0,0,0,0,0
S01011949,Other central heating,0,0,0,0,0,0,0,0,0,0,0,0
S01011949,Two or more types of central heating,16,4,12,13,1,12,2,2,0,1,1,0
S01011950,All people in households,738,175,563,601,60,541,107,86,21,30,29,1
S01011950,No central heating,5,1,4,3,0,3,2,1,1,0,0,0
S01011950,Gas central heating,580,108,472,499,41,458,66,53,13,15,14,1
S01011950,Electric (including storage heaters) central heating,128,64,64,77,19,58,36,30,6,15,15,0
S01011950,Oil central heating,4,0,4,4,0,4,0,0,0,0,0,0
S01011950,Solid fuel (for example wood coal) central heating,0,0,0,0,0,0,0,0,0,0,0,0
S01011950,Other central heating,2,0,2,2,0,2,0,0,0,0,0,0
S01011950,Two or more types of central heating,19,2,17,16,0,16,3,2,1,0,0,0
S01011951,All people in households,678,112,566,587,42,545,68,47,21,23,23,0
S01011951,No central heating,9,0,9,9,0,9,0,0,0,0,0,0
S01011951,Gas central heating,503,65,438,457,29,428,37,27,10,9,9,0
S01011951,Electric (including storage heaters) central heating,119,31,88,86,6,80,22,14,8,11,11,0
S01011951,Oil central heating,16,6,10,13,4,9,3,2,1,0,0,0
S01011951,Solid fuel (for example wood coal) central heating,8,1,7,7,1,6,1,0,1,0,0,0
S01011951,Other central heating,3,1,2,2,0,2,1,1,0,0,0,0
S01011951,Two or more types of central heating,20,8,12,13,2,11,4,3,1,3,3,0
S01011952,All people in households,498,60,438,456,22,434,29,25,4,13,13,0
S01011952,No central heating,3,0,3,3,0,3,0,0,0,0,0,0
S01011952,Gas central heating,462,53,409,426,20,406,26,23,3,10,10,0
S01011952,Electric (including storage heaters) central heating,9,3,6,6,0,6,2,2,0,1,1,0
S01011952,Oil central heating,8,2,6,5,0,5,1,0,1,2,2,0
S01011952,Solid fuel (for example wood coal) central heating,0,0,0,0,0,0,0,0,0,0,0,0
S01011952,Other central heating,8,2,6,8,2,6,0,0,0,0,0,0
S01011952,Two or more types of central heating,8,0,8,8,0,8,0,0,0,0,0,0
S01011953,All people in households,754,97,657,689,49,640,47,30,17,18,18,0
S01011953,No central heating,8,0,8,8,0,8,0,0,0,0,0,0
S01011953,Gas central heating,647,80,567,597,45,552,38,23,15,12,12,0
S01011953,Electric (including storage heaters) central heating,32,9,23,27,4,23,2,2,0,3,3,0
S01011953,Oil central heating,40,5,35,33,0,33,5,3,2,2,2,0
S01011953,Solid fuel (for example wood coal) central heating,2,1,1,1,0,1,1,1,0,0,0,0
S01011953,Other central heating,1,0,1,1,0,1,0,0,0,0,0,0
S01011953,Two or more types of central heating,24,2,22,22,0,22,1,1,0,1,1,0
S01011954,All people in households,492,109,383,396,31,365,69,51,18,27,27,0
S01011954,No central heating,1,0,1,0,0,0,1,0,1,0,0,0
S01011954,Gas central heating,375,74,301,312,22,290,48,37,11,15,15,0
S01011954,Electric (including storage heaters) central heating,87,26,61,61,6,55,17,11,6,9,9,0
S01011954,Oil central heating,10,1,9,10,1,9,0,0,0,0,0,0
S01011954,Solid fuel (for example wood coal) central heating,5,2,3,4,1,3,1,1,0,0,0,0
S01011954,Other central heating,0,0,0,0,0,0,0,0,0,0,0,0
S01011954,Two or more types of central heating,14,6,8,9,1,8,2,2,0,3,3,0
S01011955,All people in households,959,209,750,779,66,713,123,87,36,57,56,1
S01011955,No central heating,25,8,17,14,1,13,8,4,4,3,3,0
S01011955,Gas central heating,763,158,605,627,50,577,89,62,27,47,46,1
S01011955,Electric (including storage heaters) central heating,126,31,95,102,10,92,19,16,3,5,5,0
S01011955,Oil central heating,19,6,13,15,3,12,3,2,1,1,1,0
S01011955,Solid fuel (for example wood coal) central heating,8,1,7,6,0,6,1,0,1,1,1,0
S01011955,Other central heating,3,2,1,1,0,1,2,2,0,0,0,0
S01011955,Two or more types of central heating,15,3,12,14,2,12,1,1,0,0,0,0
S01011956,All people in households,1033,135,898,927,48,879,84,65,19,22,22,0
S01011956,No central heating,14,5,9,11,4,7,3,1,2,0,0,0
S01011956,Gas central heating,725,75,650,665,24,641,50,41,9,10,10,0
S01011956,Electric (including storage heaters) central heating,100,20,80,83,5,78,13,11,2,4,4,0
S01011956,Oil central heating,136,21,115,121,10,111,13,9,4,2,2,0
S01011956,Solid fuel (for example wood coal) central heating,17,4,13,11,0,11,4,2,2,2,2,0
S01011956,Other central heating,17,6,11,14,3,11,0,0,0,3,3,0
S01011956,Two or more types of central heating,24,4,20,22,2,20,1,1,0,1,1,0
S01011957,All people in households,742,137,605,642,59,583,69,48,21,31,30,1
S01011957,No central heating,34,9,25,23,1,22,5,2,3,6,6,0
S01011957,Gas central heating,265,45,220,228,16,212,25,17,8,12,12,0
S01011957,Electric (including storage heaters) central heating,142,30,112,124,15,109,9,6,3,9,9,0
S01011957,Oil central heating,223,43,180,199,24,175,23,18,5,1,1,0
S01011957,Solid fuel (for example wood coal) central heating,24,2,22,22,1,21,1,1,0,1,0,1
S01011957,Other central heating,22,2,20,18,0,18,4,2,2,0,0,0
S01011957,Two or more types of central heating,32,6,26,28,2,26,2,2,0,2,2,0
S01011958,All people in households,1060,194,866,903,77,826,117,79,38,40,38,2
S01011958,No central heating,13,2,11,10,0,10,1,1,0,2,1,1
S01011958,Gas central heating,441,95,346,369,39,330,56,41,15,16,15,1
S01011958,Electric (including storage heaters) central heating,195,43,152,156,12,144,24,16,8,15,15,0
S01011958,Oil central heating,302,34,268,278,18,260,21,13,8,3,3,0
S01011958,Solid fuel (for example wood coal) central heating,19,3,16,14,1,13,5,2,3,0,0,0
S01011958,Other central heating,18,5,13,16,3,13,1,1,0,1,1,0
S01011958,Two or more types of central heating,72,12,60,60,4,56,9,5,4,3,3,0
S01011959,All people in households,854,140,714,753,67,686,71,43,28,30,30,0
S01011959,No central heating,31,3,28,28,1,27,2,1,1,1,1,0
S01011959,Gas central heating,196,30,166,170,13,157,19,10,9,7,7,0
S01011959,Electric (including storage heaters) central heating,200,41,159,168,15,153,20,14,6,12,12,0
S01011959,Oil central heating,336,54,282,303,29,274,24,16,8,9,9,0
S01011959,Solid fuel (for example wood coal) central heating,29,3,26,25,2,23,3,0,3,1,1,0
S01011959,Other central heating,30,2,28,30,2,28,0,0,0,0,0,0
S01011959,Two or more types of central heating,32,7,25,29,5,24,3,2,1,0,0,0
S01011960,All people in households,798,95,703,733,45,688,50,36,14,15,14,1
S01011960,No central heating,17,4,13,15,2,13,2,2,0,0,0,0
S01011960,Gas central heating,453,37,416,427,21,406,19,10,9,7,6,1
S01011960,Electric (including storage heaters) central heating,82,12,70,73,5,68,6,4,2,3,3,0
S01011960,Oil central heating,163,21,142,150,9,141,13,12,1,0,0,0
S01011960,Solid fuel (for example wood coal) central heating,28,9,19,20,2,18,6,5,1,2,2,0
S01011960,Other central heating,26,2,24,25,1,24,0,0,0,1,1,0
S01011960,Two or more types of central heating,29,10,19,23,5,18,4,3,1,2,2,0
S01011961,All people in households,734,106,628,656,40,616,57,45,12,21,21,0
S01011961,No central heating,6,2,4,2,0,2,4,2,2,0,0,0
S01011961,Gas central heating,552,75,477,500,28,472,36,31,5,16,16,0
S01011961,Electric (including storage heaters) central heating,116,23,93,98,9,89,14,10,4,4,4,0
S01011961,Oil central heating,34,3,31,32,2,30,2,1,1,0,0,0
S01011961,Solid fuel (for example wood coal) central heating,2,1,1,1,0,1,0,0,0,1,1,0
S01011961,Other central heating,1,0,1,1,0,1,0,0,0,0,0,0
S01011961,Two or more types of central heating,23,2,21,22,1,21,1,1,0,0,0,0
S01011962,All people in households,688,80,608,630,38,592,44,29,15,14,13,1
S01011962,No central heating,6,1,5,4,0,4,1,0,1,1,1,0
S01011962,Gas central heating,146,26,120,128,14,114,13,8,5,5,4,1
S01011962,Electric (including storage heaters) central heating,40,9,31,32,4,28,7,4,3,1,1,0
S01011962,Oil central heating,426,39,387,399,16,383,20,16,4,7,7,0
S01011962,Solid fuel (for example wood coal) central heating,21,1,20,20,1,19,1,0,1,0,0,0
S01011962,Other central heating,22,1,21,21,1,20,1,0,1,0,0,0
S01011962,Two or more types of central heating,27,3,24,26,2,24,1,1,0,0,0,0
S01011963,All people in households,522,98,424,446,33,413,55,44,11,21,21,0
S01011963,No central heating,4,1,3,3,0,3,0,0,0,1,1,0
S01011963,Gas central heating,419,57,362,377,23,354,34,26,8,8,8,0
S01011963,Electric (including storage heaters) central heating,86,40,46,53,10,43,21,18,3,12,12,0
S01011963,Oil central heating,0,0,0,0,0,0,0,0,0,0,0,0
S01011963,Solid fuel (for example wood coal) central heating,3,0,3,3,0,3,0,0,0,0,0,0
S01011963,Other central heating,4,0,4,4,0,4,0,0,0,0,0,0
S01011963,Two or more types of central heating,6,0,6,6,0,6,0,0,0,0,0,0
S01011964,All people in households,980,170,810,853,67,786,95,72,23,32,31,1
S01011964,No central heating,26,5,21,22,3,19,3,1,2,1,1,0
S01011964,Gas central heating,630,103,527,552,37,515,62,51,11,16,15,1
S01011964,Electric (including storage heaters) central heating,198,44,154,168,21,147,21,14,7,9,9,0
S01011964,Oil central heating,88,10,78,80,4,76,5,3,2,3,3,0
S01011964,Solid fuel (for example wood coal) central heating,14,2,12,11,0,11,2,1,1,1,1,0
S01011964,Other central heating,2,1,1,2,1,1,0,0,0,0,0,0
S01011964,Two or more types of central heating,22,5,17,18,1,17,2,2,0,2,2,0
S01011965,All people in households,797,165,632,674,61,613,97,78,19,26,26,0
S01011965,No central heating,10,2,8,8,0,8,1,1,0,1,1,0
S01011965,Gas central heating,665,129,536,570,50,520,75,59,16,20,20,0
S01011965,Electric (including storage heaters) central heating,90,27,63,69,9,60,16,13,3,5,5,0
S01011965,Oil central heating,21,5,16,18,2,16,3,3,0,0,0,0
S01011965,Solid fuel (for example wood coal) central heating,3,0,3,3,0,3,0,0,0,0,0,0
S01011965,Other central heating,0,0,0,0,0,0,0,0,0,0,0,0
S01011965,Two or more types of central heating,8,2,6,6,0,6,2,2,0,0,0,0
S01011966,All people in households,840,138,702,730,54,676,79,54,25,31,30,1
S01011966,No central heating,25,2,23,23,1,22,2,1,1,0,0,0
S01011966,Gas central heating,617,100,517,538,39,499,58,41,17,21,20,1
S01011966,Electric (including storage heaters) central heating,89,16,73,75,6,69,10,6,4,4,4,0
S01011966,Oil central heating,66,13,53,57,7,50,5,2,3,4,4,0
S01011966,Solid fuel (for example wood coal) central heating,5,0,5,5,0,5,0,0,0,0,0,0
S01011966,Other central heating,17,1,16,16,0,16,1,1,0,0,0,0
S01011966,Two or more types of central heating,21,6,15,16,1,15,3,3,0,2,2,0
S01011967,All people in households,997,154,843,868,50,818,94,72,22,35,32,3
S01011967,No central heating,19,3,16,13,0,13,2,1,1,4,2,2
S01011967,Gas central heating,464,69,395,408,26,382,43,30,13,13,13,0
S01011967,Electric (including storage heaters) central heating,123,41,82,90,10,80,22,20,2,11,11,0
S01011967,Oil central heating,304,31,273,279,12,267,22,17,5,3,2,1
S01011967,Solid fuel (for example wood coal) central heating,12,4,8,8,0,8,0,0,0,4,4,0
S01011967,Other central heating,26,3,23,24,1,23,2,2,0,0,0,0
S01011967,Two or more types of central heating,49,3,46,46,1,45,3,2,1,0,0,0
S01011968,All people in households,996,169,827,871,70,801,92,66,26,33,33,0
S01011968,No central heating,35,3,32,32,1,31,3,2,1,0,0,0
S01011968,Gas central heating,826,133,693,730,57,673,68,48,20,28,28,0
S01011968,Electric (including storage heaters) central heating,101,30,71,78,11,67,19,15,4,4,4,0
S01011968,Oil central heating,12,0,12,12,0,12,0,0,0,0,0,0
S01011968,Solid fuel (for example wood coal) central heating,0,0,0,0,0,0,0,0,0,0,0,0
S01011968,Other central heating,1,0,1,1,0,1,0,0,0,0,0,0
S01011968,Two or more types of central heating,21,3,18,18,1,17,2,1,1,1,1,0
S01011969,All people in households,1045,237,808,835,71,764,153,113,40,57,53,4
S01011969,No central heating,17,6,11,12,1,11,4,4,0,1,1,0
S01011969,Gas central heating,531,130,401,425,41,384,82,65,17,24,24,0
S01011969,Electric (including storage heaters) central heating,308,77,231,241,23,218,44,34,10,23,20,3
S01011969,Oil central heating,125,16,109,103,4,99,15,6,9,7,6,1
S01011969,Solid fuel (for example wood coal) central heating,24,1,23,23,1,22,1,0,1,0,0,0
S01011969,Other central heating,6,1,5,5,0,5,1,1,0,0,0,0
S01011969,Two or more types of central heating,34,6,28,26,1,25,6,3,3,2,2,0
S01011970,All people in households,990,163,827,834,53,781,102,58,44,54,52,2
S01011970,No central heating,32,5,27,27,1,26,4,3,1,1,1,0
S01011970,Gas central heating,716,117,599,609,39,570,68,41,27,39,37,2
S01011970,Electric (including storage heaters) central heating,196,29,167,162,9,153,24,10,14,10,10,0
S01011970,Oil central heating,25,8,17,19,3,16,3,2,1,3,3,0
S01011970,Solid fuel (for example wood coal) central heating,13,3,10,10,0,10,2,2,0,1,1,0
S01011970,Other central heating,0,0,0,0,0,0,0,0,0,0,0,0
S01011970,Two or more types of central heating,8,1,7,7,1,6,1,0,1,0,0,0
S01011971,All people in households,576,91,485,505,31,474,54,43,11,17,17,0
S01011971,No central heating,8,5,3,6,3,3,1,1,0,1,1,0
S01011971,Gas central heating,432,60,372,384,23,361,37,26,11,11,11,0
S01011971,Electric (including storage heaters) central heating,49,11,38,39,1,38,8,8,0,2,2,0
S01011971,Oil central heating,69,11,58,62,4,58,6,6,0,1,1,0
S01011971,Solid fuel (for example wood coal) central heating,7,3,4,4,0,4,2,2,0,1,1,0
S01011971,Other central heating,0,0,0,0,0,0,0,0,0,0,0,0
S01011971,Two or more types of central heating,11,1,10,10,0,10,0,0,0,1,1,0
S01011972,All people in households,1115,199,916,953,70,883,119,87,32,43,42,1
S01011972,No central heating,43,12,31,33,3,30,9,8,1,1,1,0
S01011972,Gas central heating,299,48,251,260,18,242,24,16,8,15,14,1
S01011972,Electric (including storage heaters) central heating,136,38,98,102,12,90,20,12,8,14,14,0
S01011972,Oil central heating,506,75,431,450,28,422,46,37,9,10,10,0
S01011972,Solid fuel (for example wood coal) central heating,60,10,50,48,3,45,11,6,5,1,1,0
S01011972,Other central heating,19,4,15,16,1,15,3,3,0,0,0,0
S01011972,Two or more types of central heating,52,12,40,44,5,39,6,5,1,2,2,0
S01011973,All people in households,621,101,520,530,41,489,69,39,30,22,21,1
S01011973,No central heating,10,2,8,9,1,8,1,1,0,0,0,0
S01011973,Gas central heating,348,60,288,295,24,271,44,27,17,9,9,0
S01011973,Electric (including storage heaters) central heating,58,12,46,47,4,43,8,6,2,3,2,1
S01011973,Oil central heating,142,20,122,126,10,116,10,4,6,6,6,0
S01011973,Solid fuel (for example wood coal) central heating,20,1,19,19,0,19,0,0,0,1,1,0
S01011973,Other central heating,10,1,9,9,1,8,1,0,1,0,0,0
S01011973,Two or more types of central heating,33,5,28,25,1,24,5,1,4,3,3,0
S01011974,All people in households,738,110,628,651,51,600,76,48,28,11,11,0
S01011974,No central heating,24,8,16,21,5,16,3,3,0,0,0,0
S01011974,Gas central heating,504,65,439,451,28,423,47,31,16,6,6,0
S01011974,Electric (including storage heaters) central heating,46,17,29,34,8,26,10,7,3,2,2,0
S01011974,Oil central heating,130,12,118,117,7,110,12,4,8,1,1,0
S01011974,Solid fuel (for example wood coal) central heating,12,5,7,6,0,6,4,3,1,2,2,0
S01011974,Other central heating,7,1,6,7,1,6,0,0,0,0,0,0
S01011974,Two or more types of central heating,15,2,13,15,2,13,0,0,0,0,0,0
S01011975,All people in households,452,83,369,383,32,351,51,34,17,18,17,1
S01011975,No central heating,7,2,5,7,2,5,0,0,0,0,0,0
S01011975,Gas central heating,277,48,229,234,20,214,29,15,14,14,13,1
S01011975,Electric (including storage heaters) central heating,36,11,25,25,0,25,9,9,0,2,2,0
S01011975,Oil central heating,89,14,75,79,7,72,10,7,3,0,0,0
S01011975,Solid fuel (for example wood coal) central heating,8,1,7,7,0,7,0,0,0,1,1,0
S01011975,Other central heating,1,1,0,0,0,0,0,0,0,1,1,0
S01011975,Two or more types of central heating,34,6,28,31,3,28,3,3,0,0,0,0
S01011976,All people in households,779,150,629,665,58,607,89,67,22,25,25,0
S01011976,No central heating,12,1,11,11,1,10,1,0,1,0,0,0
S01011976,Gas central heating,622,121,501,533,49,484,69,52,17,20,20,0
S01011976,Electric (including storage heaters) central heating,93,18,75,79,6,73,11,9,2,3,3,0
S01011976,Oil central heating,21,3,18,16,0,16,4,2,2,1,1,0
S01011976,Solid fuel (for example wood coal) central heating,2,1,1,1,0,1,1,1,0,0,0,0
S01011976,Other central heating,4,3,1,1,0,1,2,2,0,1,1,0
S01011976,Two or more types of central heating,25,3,22,24,2,22,1,1,0,0,0,0
S01011977,All people in households,1111,244,867,931,98,833,132,98,34,48,48,0
S01011977,No central heating,33,7,26,26,1,25,5,4,1,2,2,0
S01011977,Gas central heating,683,156,527,567,63,504,88,65,23,28,28,0
S01011977,Electric (including storage heaters) central heating,149,41,108,119,15,104,21,17,4,9,9,0
S01011977,Oil central heating,163,23,140,150,13,137,11,8,3,2,2,0
S01011977,Solid fuel (for example wood coal) central heating,37,6,31,32,3,29,3,1,2,2,2,0
S01011977,Other central heating,10,3,7,7,0,7,0,0,0,3,3,0
S01011977,Two or more types of central heating,36,8,28,30,3,27,4,3,1,2,2,0
S01011978,All people in households,693,178,515,563,71,492,90,68,22,40,39,1
S01011978,No central heating,2,1,1,2,1,1,0,0,0,0,0,0
S01011978,Gas central heating,597,143,454,495,59,436,68,51,17,34,33,1
S01011978,Electric (including storage heaters) central heating,65,20,45,47,5,42,16,13,3,2,2,0
S01011978,Oil central heating,3,1,2,2,0,2,1,1,0,0,0,0
S01011978,Solid fuel (for example wood coal) central heating,7,1,6,5,0,5,2,1,1,0,0,0
S01011978,Other central heating,3,3,0,0,0,0,2,2,0,1,1,0
S01011978,Two or more types of central heating,16,9,7,12,6,6,1,0,1,3,3,0
S01011979,All people in households,947,133,814,832,45,787,87,61,26,28,27,1
S01011979,No central heating,20,2,18,17,0,17,2,1,1,1,1,0
S01011979,Gas central heating,533,62,471,475,15,460,40,29,11,18,18,0
S01011979,Electric (including storage heaters) central heating,98,24,74,82,12,70,13,9,4,3,3,0
S01011979,Oil central heating,193,31,162,170,13,157,20,15,5,3,3,0
S01011979,Solid fuel (for example wood coal) central heating,19,4,15,14,0,14,5,4,1,0,0,0
S01011979,Other central heating,32,3,29,28,2,26,3,0,3,1,1,0
S01011979,Two or more types of central heating,52,7,45,46,3,43,4,3,1,2,1,1
S01011980,All people in households,401,58,343,357,24,333,35,25,10,9,9,0
S01011980,No central heating,14,1,13,13,1,12,1,0,1,0,0,0
S01011980,Gas central heating,115,17,98,99,5,94,10,6,4,6,6,0
S01011980,Electric (including storage heaters) central heating,34,7,27,28,2,26,4,3,1,2,2,0
S01011980,Oil central heating,207,31,176,188,14,174,18,16,2,1,1,0
S01011980,Solid fuel (for example wood coal) central heating,8,1,7,7,1,6,1,0,1,0,0,0
S01011980,Other central heating,4,0,4,4,0,4,0,0,0,0,0,0
S01011980,Two or more types of central heating,19,1,18,18,1,17,1,0,1,0,0,0
S01011981,All people in households,890,150,740,763,51,712,101,74,27,26,25,1
S01011981,No central heating,50,9,41,42,3,39,6,5,1,2,1,1
S01011981,Gas central heating,77,13,64,62,3,59,10,5,5,5,5,0
S01011981,Electric (including storage heaters) central heating,172,33,139,146,12,134,19,14,5,7,7,0
S01011981,Oil central heating,424,64,360,369,20,349,47,36,11,8,8,0
S01011981,Solid fuel (for example wood coal) central heating,79,15,64,66,6,60,12,8,4,1,1,0
S01011981,Other central heating,18,4,14,16,2,14,0,0,0,2,2,0
S01011981,Two or more types of central heating,70,12,58,62,5,57,7,6,1,1,1,0
S01011982,All people in households,940,160,780,813,60,753,84,58,26,43,42,1
S01011982,No central heating,39,6,33,34,2,32,2,1,1,3,3,0
S01011982,Gas central heating,118,33,85,94,13,81,15,11,4,9,9,0
S01011982,Electric (including storage heaters) central heating,103,26,77,84,10,74,11,8,3,8,8,0
S01011982,Oil central heating,498,63,435,447,24,423,37,25,12,14,14,0
S01011982,Solid fuel (for example wood coal) central heating,87,8,79,79,3,76,5,3,2,3,2,1
S01011982,Other central heating,13,3,10,12,2,10,1,1,0,0,0,0
S01011982,Two or more types of central heating,82,21,61,63,6,57,13,9,4,6,6,0
S01011983,All people in households,695,138,557,596,63,533,84,61,23,15,14,1
S01011983,No central heating,27,4,23,23,1,22,2,1,1,2,2,0
S01011983,Gas central heating,154,33,121,130,14,116,20,16,4,4,3,1
S01011983,Electric (including storage heaters) central heating,185,41,144,148,14,134,31,21,10,6,6,0
S01011983,Oil central heating,199,39,160,178,23,155,20,15,5,1,1,0
S01011983,Solid fuel (for example wood coal) central heating,63,10,53,55,4,51,7,5,2,1,1,0
S01011983,Other central heating,23,1,22,22,1,21,1,0,1,0,0,0
S01011983,Two or more types of central heating,44,10,34,40,6,34,3,3,0,1,1,0
S01011984,All people in households,676,161,515,546,57,489,92,66,26,38,38,0
S01011984,No central heating,4,2,2,4,2,2,0,0,0,0,0,0
S01011984,Gas central heating,397,86,311,329,31,298,42,29,13,26,26,0
S01011984,Electric (including storage heaters) central heating,222,63,159,166,19,147,44,32,12,12,12,0
S01011984,Oil central heating,16,1,15,15,1,14,1,0,1,0,0,0
S01011984,Solid fuel (for example wood coal) central heating,7,0,7,7,0,7,0,0,0,0,0,0
S01011984,Other central heating,0,0,0,0,0,0,0,0,0,0,0,0
S01011984,Two or more types of central heating,30,9,21,25,4,21,5,5,0,0,0,0
S01011985,All people in households,662,125,537,568,51,517,75,57,18,19,17,2
S01011985,No central heating,18,10,8,14,6,8,2,2,0,2,2,0
S01011985,Gas central heating,506,84,422,442,35,407,49,36,13,15,13,2
S01011985,Electric (including storage heaters) central heating,88,24,64,67,7,60,19,15,4,2,2,0
S01011985,Oil central heating,27,4,23,24,2,22,3,2,1,0,0,0
S01011985,Solid fuel (for example wood coal) central heating,0,0,0,0,0,0,0,0,0,0,0,0
S01011985,Other central heating,1,1,0,0,0,0,1,1,0,0,0,0
S01011985,Two or more types of central heating,22,2,20,21,1,20,1,1,0,0,0,0
S01011986,All people in households,664,154,510,522,49,473,91,62,29,51,43,8
S01011986,No central heating,6,1,5,6,1,5,0,0,0,0,0,0
S01011986,Gas central heating,369,79,290,293,20,273,47,31,16,29,28,1
S01011986,Electric (including storage heaters) central heating,233,62,171,181,26,155,34,25,9,18,11,7
S01011986,Oil central heating,24,7,17,18,2,16,4,3,1,2,2,0
S01011986,Solid fuel (for example wood coal) central heating,4,0,4,4,0,4,0,0,0,0,0,0
S01011986,Other central heating,7,1,6,6,0,6,0,0,0,1,1,0
S01011986,Two or more types of central heating,21,4,17,14,0,14,6,3,3,1,1,0
S01011987,All people in households,948,186,762,792,55,737,112,89,23,44,42,2
S01011987,No central heating,11,4,7,8,1,7,2,2,0,1,1,0
S01011987,Gas central heating,709,132,577,594,38,556,84,65,19,31,29,2
S01011987,Electric (including storage heaters) central heating,172,41,131,140,12,128,21,18,3,11,11,0
S01011987,Oil central heating,23,5,18,21,3,18,2,2,0,0,0,0
S01011987,Solid fuel (for example wood coal) central heating,2,0,2,2,0,2,0,0,0,0,0,0
S01011987,Other central heating,3,0,3,2,0,2,1,0,1,0,0,0
S01011987,Two or more types of central heating,28,4,24,25,1,24,2,2,0,1,1,0
S01011988,All people in households,620,163,457,503,63,440,87,71,16,30,29,1
S01011988,No central heating,6,2,4,3,0,3,3,2,1,0,0,0
S01011988,Gas central heating,512,113,399,429,45,384,61,47,14,22,21,1
S01011988,Electric (including storage heaters) central heating,42,28,14,21,7,14,15,15,0,6,6,0
S01011988,Oil central heating,36,13,23,31,8,23,4,4,0,1,1,0
S01011988,Solid fuel (for example wood coal) central heating,0,0,0,0,0,0,0,0,0,0,0,0
S01011988,Other central heating,6,0,6,5,0,5,1,0,1,0,0,0
S01011988,Two or more types of central heating,18,7,11,14,3,11,3,3,0,1,1,0
S01011989,All people in households,866,152,714,740,55,685,95,67,28,31,30,1
S01011989,No central heating,3,2,1,1,0,1,0,0,0,2,2,0
S01011989,Gas central heating,787,129,658,675,44,631,84,58,26,28,27,1
S01011989,Electric (including storage heaters) central heating,33,8,25,26,3,23,6,4,2,1,1,0
S01011989,Oil central heating,23,11,12,18,6,12,5,5,0,0,0,0
S01011989,Solid fuel (for example wood coal) central heating,0,0,0,0,0,0,0,0,0,0,0,0
S01011989,Other central heating,0,0,0,0,0,0,0,0,0,0,0,0
S01011989,Two or more types of central heating,20,2,18,20,2,18,0,0,0,0,0,0
S01011990,All people in households,750,165,585,638,67,571,88,75,13,24,23,1
S01011990,No central heating,4,3,1,1,0,1,2,2,0,1,1,0
S01011990,Gas central heating,679,146,533,585,62,523,71,62,9,23,22,1
S01011990,Electric (including storage heaters) central heating,52,12,40,40,4,36,12,8,4,0,0,0
S01011990,Oil central heating,3,1,2,3,1,2,0,0,0,0,0,0
S01011990,Solid fuel (for example wood coal) central heating,0,0,0,0,0,0,0,0,0,0,0,0
S01011990,Other central heating,5,1,4,4,0,4,1,1,0,0,0,0
S01011990,Two or more types of central heating,7,2,5,5,0,5,2,2,0,0,0,0
S01011991,All people in households,703,134,569,602,53,549,72,54,18,29,27,2
S01011991,No central heating,6,2,4,3,0,3,1,1,0,2,1,1
S01011991,Gas central heating,607,111,496,528,44,484,59,47,12,20,20,0
S01011991,Electric (including storage heaters) central heating,47,10,37,36,4,32,7,3,4,4,3,1
S01011991,Oil central heating,22,6,16,17,3,14,4,2,2,1,1,0
S01011991,Solid fuel (for example wood coal) central heating,0,0,0,0,0,0,0,0,0,0,0,0
S01011991,Other central heating,0,0,0,0,0,0,0,0,0,0,0,0
S01011991,Two or more types of central heating,21,5,16,18,2,16,1,1,0,2,2,0
S01011992,All people in households,962,197,765,815,90,725,106,67,39,41,40,1
S01011992,No central heating,17,3,14,13,0,13,2,1,1,2,2,0
S01011992,Gas central heating,738,131,607,637,61,576,76,46,30,25,24,1
S01011992,Electric (including storage heaters) central heating,140,55,85,103,26,77,25,17,8,12,12,0
S01011992,Oil central heating,34,4,30,32,2,30,1,1,0,1,1,0
S01011992,Solid fuel (for example wood coal) central heating,0,0,0,0,0,0,0,0,0,0,0,0
S01011992,Other central heating,0,0,0,0,0,0,0,0,0,0,0,0
S01011992,Two or more types of central heating,33,4,29,30,1,29,2,2,0,1,1,0
S01011993,All people in households,838,204,634,664,52,612,111,90,21,63,62,1
S01011993,No central heating,19,4,15,15,0,15,3,3,0,1,1,0
S01011993,Gas central heating,421,79,342,356,23,333,40,32,8,25,24,1
S01011993,Electric (including storage heaters) central heating,388,120,268,284,28,256,67,55,12,37,37,0
S01011993,Oil central heating,0,0,0,0,0,0,0,0,0,0,0,0
S01011993,Solid fuel (for example wood coal) central heating,0,0,0,0,0,0,0,0,0,0,0,0
S01011993,Other central heating,2,1,1,2,1,1,0,0,0,0,0,0
S01011993,Two or more types of central heating,8,0,8,7,0,7,1,0,1,0,0,0
S01011994,All people in households,676,135,541,589,64,525,66,50,16,21,21,0
S01011994,No central heating,7,1,6,5,0,5,2,1,1,0,0,0
S01011994,Gas central heating,599,116,483,527,59,468,55,40,15,17,17,0
S01011994,Electric (including storage heaters) central heating,29,10,19,21,2,19,7,7,0,1,1,0
S01011994,Oil central heating,22,2,20,21,1,20,1,1,0,0,0,0
S01011994,Solid fuel (for example wood coal) central heating,4,1,3,3,0,3,1,1,0,0,0,0
S01011994,Other central heating,0,0,0,0,0,0,0,0,0,0,0,0
S01011994,Two or more types of central heating,15,5,10,12,2,10,0,0,0,3,3,0
S01011995,All people in households,806,96,710,733,38,695,52,37,15,21,21,0
S01011995,No central heating,11,2,9,10,1,9,0,0,0,1,1,0
S01011995,Gas central heating,36,2,34,35,2,33,1,0,1,0,0,0
S01011995,Electric (including storage heaters) central heating,164,25,139,143,9,134,14,9,5,7,7,0
S01011995,Oil central heating,527,60,467,482,24,458,33,24,9,12,12,0
S01011995,Solid fuel (for example wood coal) central heating,8,1,7,7,0,7,1,1,0,0,0,0
S01011995,Other central heating,24,4,20,21,1,20,2,2,0,1,1,0
S01011995,Two or more types of central heating,36,2,34,35,1,34,1,1,0,0,0,0
S01011996,All people in households,555,110,445,463,32,431,62,48,14,30,30,0
S01011996,No central heating,0,0,0,0,0,0,0,0,0,0,0,0
S01011996,Gas central heating,24,2,22,22,0,22,2,2,0,0,0,0
S01011996,Electric (including storage heaters) central heating,334,81,253,263,22,241,48,36,12,23,23,0
S01011996,Oil central heating,150,18,132,139,8,131,6,5,1,5,5,0
S01011996,Solid fuel (for example wood coal) central heating,22,5,17,17,0,17,3,3,0,2,2,0
S01011996,Other central heating,12,0,12,11,0,11,1,0,1,0,0,0
S01011996,Two or more types of central heating,13,4,9,11,2,9,2,2,0,0,0,0
S01011997,All people in households,886,167,719,751,59,692,102,78,24,33,30,3
S01011997,No central heating,24,5,19,14,0,14,10,5,5,0,0,0
S01011997,Gas central heating,30,7,23,25,4,21,4,2,2,1,1,0
S01011997,Electric (including storage heaters) central heating,442,89,353,367,24,343,48,41,7,27,24,3
S01011997,Oil central heating,292,51,241,256,24,232,31,22,9,5,5,0
S01011997,Solid fuel (for example wood coal) central heating,20,3,17,19,2,17,1,1,0,0,0,0
S01011997,Other central heating,32,6,26,29,3,26,3,3,0,0,0,0
S01011997,Two or more types of central heating,46,6,40,41,2,39,5,4,1,0,0,0
S01011998,All people in households,545,80,465,493,34,459,37,31,6,15,15,0
S01011998,No central heating,27,8,19,22,4,18,4,3,1,1,1,0
S01011998,Gas central heating,12,3,9,11,2,9,0,0,0,1,1,0
S01011998,Electric (including storage heaters) central heating,49,11,38,42,4,38,5,5,0,2,2,0
S01011998,Oil central heating,434,55,379,398,24,374,27,22,5,9,9,0
S01011998,Solid fuel (for example wood coal) central heating,10,2,8,8,0,8,0,0,0,2,2,0
S01011998,Other central heating,5,1,4,4,0,4,1,1,0,0,0,0
S01011998,Two or more types of central heating,8,0,8,8,0,8,0,0,0,0,0,0
S01011999,All people in households,621,98,523,538,32,506,55,39,16,28,27,1
S01011999,No central heating,29,8,21,24,3,21,4,4,0,1,1,0
S01011999,Gas central heating,40,10,30,33,4,29,1,0,1,6,6,0
S01011999,Electric (including storage heaters) central heating,161,26,135,133,7,126,17,9,8,11,10,1
S01011999,Oil central heating,290,35,255,262,13,249,23,17,6,5,5,0
S01011999,Solid fuel (for example wood coal) central heating,32,3,29,29,0,29,1,1,0,2,2,0
S01011999,Other central heating,8,2,6,7,1,6,0,0,0,1,1,0
S01011999,Two or more types of central heating,61,14,47,50,4,46,9,8,1,2,2,0
S01012000,All people in households,454,58,396,403,25,378,42,24,18,9,9,0
S01012000,No central heating,3,1,2,3,1,2,0,0,0,0,0,0
S01012000,Gas central heating,24,4,20,21,1,20,2,2,0,1,1,0
S01012000,Electric (including storage heaters) central heating,198,27,171,175,13,162,19,10,9,4,4,0
S01012000,Oil central heating,198,19,179,177,6,171,19,11,8,2,2,0
S01012000,Solid fuel (for example wood coal) central heating,2,1,1,2,1,1,0,0,0,0,0,0
S01012000,Other central heating,6,1,5,6,1,5,0,0,0,0,0,0
S01012000,Two or more types of central heating,23,5,18,19,2,17,2,1,1,2,2,0
S01012001,All people in households,635,107,528,543,42,501,64,38,26,28,27,1
S01012001,No central heating,3,1,2,3,1,2,0,0,0,0,0,0
S01012001,Gas central heating,27,10,17,20,4,16,5,4,1,2,2,0
S01012001,Electric (including storage heaters) central heating,289,51,238,240,16,224,31,18,13,18,17,1
S01012001,Oil central heating,262,36,226,231,15,216,25,15,10,6,6,0
S01012001,Solid fuel (for example wood coal) central heating,11,1,10,11,1,10,0,0,0,0,0,0
S01012001,Other central heating,3,1,2,3,1,2,0,0,0,0,0,0
S01012001,Two or more types of central heating,40,7,33,35,4,31,3,1,2,2,2,0
S01012002,All people in households,539,139,400,434,54,380,72,53,19,33,32,1
S01012002,No central heating,10,2,8,9,1,8,1,1,0,0,0,0
S01012002,Gas central heating,428,107,321,351,44,307,50,36,14,27,27,0
S01012002,Electric (including storage heaters) central heating,82,25,57,56,5,51,20,15,5,6,5,1
S01012002,Oil central heating,2,0,2,2,0,2,0,0,0,0,0,0
S01012002,Solid fuel (for example wood coal) central heating,5,2,3,5,2,3,0,0,0,0,0,0
S01012002,Other central heating,0,0,0,0,0,0,0,0,0,0,0,0
S01012002,Two or more types of central heating,12,3,9,11,2,9,1,1,0,0,0,0
S01012003,All people in households,533,98,435,455,47,408,59,32,27,19,19,0
S01012003,No central heating,5,2,3,3,1,2,2,1,1,0,0,0
S01012003,Gas central heating,448,76,372,388,35,353,45,26,19,15,15,0
S01012003,Electric (including storage heaters) central heating,60,14,46,45,5,40,11,5,6,4,4,0
S01012003,Oil central heating,9,2,7,9,2,7,0,0,0,0,0,0
S01012003,Solid fuel (for example wood coal) central heating,0,0,0,0,0,0,0,0,0,0,0,0
S01012003,Other central heating,3,2,1,3,2,1,0,0,0,0,0,0
S01012003,Two or more types of central heating,8,2,6,7,2,5,1,0,1,0,0,0
S01012004,All people in households,846,171,675,717,66,651,92,70,22,37,35,2
S01012004,No central heating,17,3,14,15,3,12,2,0,2,0,0,0
S01012004,Gas central heating,92,20,72,77,9,68,9,5,4,6,6,0
S01012004,Electric (including storage heaters) central heating,403,88,315,332,29,303,52,41,11,19,18,1
S01012004,Oil central heating,270,48,222,238,21,217,23,19,4,9,8,1
S01012004,Solid fuel (for example wood coal) central heating,19,4,15,15,1,14,1,0,1,3,3,0
S01012004,Other central heating,11,1,10,11,1,10,0,0,0,0,0,0
S01012004,Two or more types of central heating,34,7,27,29,2,27,5,5,0,0,0,0
S01012005,All people in households,877,107,770,803,45,758,48,37,11,26,25,1
S01012005,No central heating,12,2,10,9,1,8,3,1,2,0,0,0
S01012005,Gas central heating,334,21,313,317,8,309,10,6,4,7,7,0
S01012005,Electric (including storage heaters) central heating,292,42,250,265,17,248,16,14,2,11,11,0
S01012005,Oil central heating,130,26,104,115,13,102,12,10,2,3,3,0
S01012005,Solid fuel (for example wood coal) central heating,8,4,4,5,1,4,2,2,0,1,1,0
S01012005,Other central heating,83,8,75,78,4,74,2,1,1,3,3,0
S01012005,Two or more types of central heating,18,4,14,14,1,13,3,3,0,1,0,1
S01012006,All people in households,624,85,539,565,39,526,39,26,13,20,20,0
S01012006,No central heating,23,1,22,21,0,21,2,1,1,0,0,0
S01012006,Gas central heating,114,13,101,100,2,98,10,7,3,4,4,0
S01012006,Electric (including storage heaters) central heating,65,17,48,54,10,44,7,3,4,4,4,0
S01012006,Oil central heating,343,40,303,318,19,299,15,11,4,10,10,0
S01012006,Solid fuel (for example wood coal) central heating,39,6,33,35,3,32,2,1,1,2,2,0
S01012006,Other central heating,7,1,6,7,1,6,0,0,0,0,0,0
S01012006,Two or more types of central heating,33,7,26,30,4,26,3,3,0,0,0,0
S01012007,All people in households,790,179,611,664,74,590,95,74,21,31,31,0
S01012007,No central heating,21,2,19,18,0,18,3,2,1,0,0,0
S01012007,Gas central heating,531,105,426,460,44,416,53,43,10,18,18,0
S01012007,Electric (including storage heaters) central heating,122,49,73,88,21,67,28,22,6,6,6,0
S01012007,Oil central heating,74,12,62,62,3,59,8,5,3,4,4,0
S01012007,Solid fuel (for example wood coal) central heating,1,1,0,0,0,0,0,0,0,1,1,0
S01012007,Other central heating,12,3,9,11,2,9,0,0,0,1,1,0
S01012007,Two or more types of central heating,29,7,22,25,4,21,3,2,1,1,1,0
S01012008,All people in households,901,136,765,792,42,750,84,69,15,25,25,0
S01012008,No central heating,27,6,21,22,2,20,3,2,1,2,2,0
S01012008,Gas central heating,450,69,381,399,24,375,36,30,6,15,15,0
S01012008,Electric (including storage heaters) central heating,130,25,105,105,6,99,20,14,6,5,5,0
S01012008,Oil central heating,229,27,202,207,7,200,20,18,2,2,2,0
S01012008,Solid fuel (for example wood coal) central heating,25,4,21,22,1,21,2,2,0,1,1,0
S01012008,Other central heating,6,0,6,6,0,6,0,0,0,0,0,0
S01012008,Two or more types of central heating,34,5,29,31,2,29,3,3,0,0,0,0
S01012009,All people in households,642,110,532,542,40,502,76,46,30,24,24,0
S01012009,No central heating,29,5,24,25,1,24,3,3,0,1,1,0
S01012009,Gas central heating,96,20,76,80,9,71,10,5,5,6,6,0
S01012009,Electric (including storage heaters) central heating,204,37,167,167,10,157,28,18,10,9,9,0
S01012009,Oil central heating,229,32,197,201,14,187,22,12,10,6,6,0
S01012009,Solid fuel (for example wood coal) central heating,41,4,37,38,1,37,2,2,0,1,1,0
S01012009,Other central heating,12,3,9,9,2,7,3,1,2,0,0,0
S01012009,Two or more types of central heating,31,9,22,22,3,19,8,5,3,1,1,0
S01012010,All people in households,1079,205,874,912,77,835,123,85,38,44,43,1
S01012010,No central heating,10,2,8,8,0,8,1,1,0,1,1,0
S01012010,Gas central heating,847,158,689,729,66,663,90,65,25,28,27,1
S01012010,Electric (including storage heaters) central heating,129,28,101,96,7,89,23,11,12,10,10,0
S01012010,Oil central heating,54,12,42,45,3,42,7,7,0,2,2,0
S01012010,Solid fuel (for example wood coal) central heating,5,2,3,3,0,3,1,1,0,1,1,0
S01012010,Other central heating,6,0,6,6,0,6,0,0,0,0,0,0
S01012010,Two or more types of central heating,28,3,25,25,1,24,1,0,1,2,2,0
S01012011,All people in households,1068,198,870,903,64,839,120,91,29,45,43,2
S01012011,No central heating,28,3,25,26,1,25,1,1,0,1,1,0
S01012011,Gas central heating,514,87,427,443,34,409,50,34,16,21,19,2
S01012011,Electric (including storage heaters) central heating,449,94,355,370,26,344,59,48,11,20,20,0
S01012011,Oil central heating,54,8,46,47,2,45,6,5,1,1,1,0
S01012011,Solid fuel (for example wood coal) central heating,3,0,3,3,0,3,0,0,0,0,0,0
S01012011,Other central heating,5,1,4,4,0,4,0,0,0,1,1,0
S01012011,Two or more types of central heating,15,5,10,10,1,9,4,3,1,1,1,0
S01012012,All people in households,626,156,470,513,65,448,82,61,21,31,30,1
S01012012,No central heating,17,3,14,15,1,14,2,2,0,0,0,0
S01012012,Gas central heating,158,29,129,137,13,124,17,12,5,4,4,0
S01012012,Electric (including storage heaters) central heating,188,75,113,127,24,103,40,30,10,21,21,0
S01012012,Oil central heating,195,36,159,176,23,153,16,11,5,3,2,1
S01012012,Solid fuel (for example wood coal) central heating,14,2,12,12,0,12,2,2,0,0,0,0
S01012012,Other central heating,23,3,20,20,1,19,2,1,1,1,1,0
S01012012,Two or more types of central heating,31,8,23,26,3,23,3,3,0,2,2,0
S01012013,All people in households,738,122,616,646,53,593,68,45,23,24,24,0
S01012013,No central heating,22,3,19,18,0,18,4,3,1,0,0,0
S01012013,Gas central heating,197,25,172,174,6,168,17,13,4,6,6,0
S01012013,Electric (including storage heaters) central heating,165,34,131,140,16,124,19,12,7,6,6,0
S01012013,Oil central heating,248,44,204,219,23,196,21,13,8,8,8,0
S01012013,Solid fuel (for example wood coal) central heating,20,2,18,18,0,18,1,1,0,1,1,0
S01012013,Other central heating,22,5,17,19,3,16,2,1,1,1,1,0
S01012013,Two or more types of central heating,64,9,55,58,5,53,4,2,2,2,2,0
S01012014,All people in households,813,168,645,686,73,613,95,67,28,32,28,4
S01012014,No central heating,15,5,10,12,2,10,2,2,0,1,1,0
S01012014,Gas central heating,456,86,370,391,38,353,52,36,16,13,12,1
S01012014,Electric (including storage heaters) central heating,265,62,203,220,26,194,32,23,9,13,13,0
S01012014,Oil central heating,45,10,35,35,3,32,7,5,2,3,2,1
S01012014,Solid fuel (for example wood coal) central heating,0,0,0,0,0,0,0,0,0,0,0,0
S01012014,Other central heating,3,0,3,3,0,3,0,0,0,0,0,0
S01012014,Two or more types of central heating,29,5,24,25,4,21,2,1,1,2,0,2
S01012015,All people in households,980,156,824,847,58,789,103,69,34,30,29,1
S01012015,No central heating,10,2,8,7,1,6,2,0,2,1,1,0
S01012015,Gas central heating,681,112,569,586,42,544,76,51,25,19,19,0
S01012015,Electric (including storage heaters) central heating,157,27,130,132,10,122,18,11,7,7,6,1
S01012015,Oil central heating,82,8,74,77,3,74,2,2,0,3,3,0
S01012015,Solid fuel (for example wood coal) central heating,4,0,4,4,0,4,0,0,0,0,0,0
S01012015,Other central heating,1,0,1,1,0,1,0,0,0,0,0,0
S01012015,Two or more types of central heating,45,7,38,40,2,38,5,5,0,0,0,0
S01012016,All people in households,780,135,645,662,59,603,96,54,42,22,22,0
S01012016,No central heating,21,5,16,16,1,15,4,3,1,1,1,0
S01012016,Gas central heating,72,9,63,65,4,61,6,4,2,1,1,0
S01012016,Electric (including storage heaters) central heating,207,52,155,168,27,141,31,17,14,8,8,0
S01012016,Oil central heating,321,49,272,270,18,252,42,22,20,9,9,0
S01012016,Solid fuel (for example wood coal) central heating,53,8,45,46,4,42,6,3,3,1,1,0
S01012016,Other central heating,22,2,20,21,1,20,1,1,0,0,0,0
S01012016,Two or more types of central heating,84,10,74,76,4,72,6,4,2,2,2,0
S01012017,All people in households,495,94,401,422,42,380,51,31,20,22,21,1
S01012017,No central heating,21,7,14,12,4,8,7,1,6,2,2,0
S01012017,Gas central heating,51,19,32,38,6,32,9,9,0,4,4,0
S01012017,Electric (including storage heaters) central heating,84,27,57,66,11,55,8,7,1,10,9,1
S01012017,Oil central heating,249,30,219,225,17,208,21,10,11,3,3,0
S01012017,Solid fuel (for example wood coal) central heating,28,3,25,27,2,25,1,1,0,0,0,0
S01012017,Other central heating,21,4,17,17,1,16,3,2,1,1,1,0
S01012017,Two or more types of central heating,41,4,37,37,1,36,2,1,1,2,2,0
S01012018,All people in households,843,138,705,743,63,680,79,54,25,21,21,0
S01012018,No central heating,38,11,27,31,4,27,6,6,0,1,1,0
S01012018,Gas central heating,205,43,162,181,25,156,20,14,6,4,4,0
S01012018,Electric (including storage heaters) central heating,152,29,123,124,9,115,17,9,8,11,11,0
S01012018,Oil central heating,260,32,228,240,15,225,17,14,3,3,3,0
S01012018,Solid fuel (for example wood coal) central heating,72,8,64,64,3,61,7,4,3,1,1,0
S01012018,Other central heating,30,4,26,27,3,24,3,1,2,0,0,0
S01012018,Two or more types of central heating,86,11,75,76,4,72,9,6,3,1,1,0
S01012019,All people in households,846,132,714,750,46,704,70,60,10,26,26,0
S01012019,No central heating,13,2,11,12,1,11,1,1,0,0,0,0
S01012019,Gas central heating,748,101,647,678,38,640,51,44,7,19,19,0
S01012019,Electric (including storage heaters) central heating,45,17,28,28,2,26,13,11,2,4,4,0
S01012019,Oil central heating,10,3,7,8,1,7,1,1,0,1,1,0
S01012019,Solid fuel (for example wood coal) central heating,0,0,0,0,0,0,0,0,0,0,0,0
S01012019,Other central heating,7,3,4,4,0,4,2,2,0,1,1,0
S01012019,Two or more types of central heating,23,6,17,20,4,16,2,1,1,1,1,0
S01012020,All people in households,698,178,520,536,43,493,99,74,25,63,61,2
S01012020,No central heating,11,3,8,7,0,7,4,3,1,0,0,0
S01012020,Gas central heating,540,109,431,440,30,410,57,37,20,43,42,1
S01012020,Electric (including storage heaters) central heating,126,61,65,75,13,62,34,32,2,17,16,1
S01012020,Oil central heating,6,0,6,6,0,6,0,0,0,0,0,0
S01012020,Solid fuel (for example wood coal) central heating,1,0,1,1,0,1,0,0,0,0,0,0
S01012020,Other central heating,1,1,0,0,0,0,1,1,0,0,0,0
S01012020,Two or more types of central heating,13,4,9,7,0,7,3,1,2,3,3,0
S01012021,All people in households,565,88,477,506,39,467,40,30,10,19,19,0
S01012021,No central heating,2,0,2,1,0,1,1,0,1,0,0,0
S01012021,Gas central heating,539,81,458,486,37,449,39,30,9,14,14,0
S01012021,Electric (including storage heaters) central heating,15,4,11,12,1,11,0,0,0,3,3,0
S01012021,Oil central heating,2,1,1,2,1,1,0,0,0,0,0,0
S01012021,Solid fuel (for example wood coal) central heating,0,0,0,0,0,0,0,0,0,0,0,0
S01012021,Other central heating,0,0,0,0,0,0,0,0,0,0,0,0
S01012021,Two or more types of central heating,7,2,5,5,0,5,0,0,0,2,2,0
S01012022,All people in households,660,123,537,567,46,521,54,40,14,39,37,2
S01012022,No central heating,6,1,5,5,0,5,0,0,0,1,1,0
S01012022,Gas central heating,586,103,483,510,43,467,45,31,14,31,29,2
S01012022,Electric (including storage heaters) central heating,31,13,18,18,0,18,8,8,0,5,5,0
S01012022,Oil central heating,0,0,0,0,0,0,0,0,0,0,0,0
S01012022,Solid fuel (for example wood coal) central heating,2,0,2,2,0,2,0,0,0,0,0,0
S01012022,Other central heating,0,0,0,0,0,0,0,0,0,0,0,0
S01012022,Two or more types of central heating,35,6,29,32,3,29,1,1,0,2,2,0
S01012023,All people in households,531,93,438,459,33,426,51,41,10,21,19,2
S01012023,No central heating,11,4,7,8,2,6,1,1,0,2,1,1
S01012023,Gas central heating,260,39,221,224,13,211,25,16,9,11,10,1
S01012023,Electric (including storage heaters) central heating,19,8,11,11,1,10,8,7,1,0,0,0
S01012023,Oil central heating,160,27,133,142,9,133,13,13,0,5,5,0
S01012023,Solid fuel (for example wood coal) central heating,32,6,26,28,2,26,4,4,0,0,0,0
S01012023,Other central heating,33,5,28,33,5,28,0,0,0,0,0,0
S01012023,Two or more types of central heating,16,4,12,13,1,12,0,0,0,3,3,0
S01012024,All people in households,868,113,755,757,35,722,78,46,32,33,32,1
S01012024,No central heating,4,2,2,2,0,2,2,2,0,0,0,0
S01012024,Gas central heating,834,106,728,733,35,698,71,41,30,30,30,0
S01012024,Electric (including storage heaters) central heating,14,3,11,10,0,10,3,2,1,1,1,0
S01012024,Oil central heating,0,0,0,0,0,0,0,0,0,0,0,0
S01012024,Solid fuel (for example wood coal) central heating,1,0,1,1,0,1,0,0,0,0,0,0
S01012024,Other central heating,4,0,4,2,0,2,1,0,1,1,0,1
S01012024,Two or more types of central heating,11,2,9,9,0,9,1,1,0,1,1,0
S01012025,All people in households,687,140,547,560,38,522,82,58,24,45,44,1
S01012025,No central heating,4,2,2,2,0,2,0,0,0,2,2,0
S01012025,Gas central heating,659,133,526,541,38,503,78,55,23,40,40,0
S01012025,Electric (including storage heaters) central heating,10,4,6,5,0,5,2,2,0,3,2,1
S01012025,Oil central heating,1,0,1,1,0,1,0,0,0,0,0,0
S01012025,Solid fuel (for example wood coal) central heating,0,0,0,0,0,0,0,0,0,0,0,0
S01012025,Other central heating,8,0,8,8,0,8,0,0,0,0,0,0
S01012025,Two or more types of central heating,5,1,4,3,0,3,2,1,1,0,0,0
S01012026,All people in households,648,52,596,609,20,589,33,26,7,6,6,0
S01012026,No central heating,1,1,0,1,1,0,0,0,0,0,0,0
S01012026,Gas central heating,623,47,576,587,18,569,31,24,7,5,5,0
S01012026,Electric (including storage heaters) central heating,15,3,12,13,1,12,2,2,0,0,0,0
S01012026,Oil central heating,0,0,0,0,0,0,0,0,0,0,0,0
S01012026,Solid fuel (for example wood coal) central heating,0,0,0,0,0,0,0,0,0,0,0,0
S01012026,Other central heating,0,0,0,0,0,0,0,0,0,0,0,0
S01012026,Two or more types of central heating,9,1,8,8,0,8,0,0,0,1,1,0
S01012027,All people in households,823,104,719,724,38,686,75,45,30,24,21,3
S01012027,No central heating,12,1,11,11,0,11,1,1,0,0,0,0
S01012027,Gas central heating,639,65,574,573,20,553,48,29,19,18,16,2
S01012027,Electric (including storage heaters) central heating,25,9,16,17,4,13,6,3,3,2,2,0
S01012027,Oil central heating,112,16,96,99,9,90,11,6,5,2,1,1
S01012027,Solid fuel (for example wood coal) central heating,6,3,3,4,1,3,2,2,0,0,0,0
S01012027,Other central heating,13,7,6,9,3,6,3,3,0,1,1,0
S01012027,Two or more types of central heating,16,3,13,11,1,10,4,1,3,1,1,0
S01012028,All people in households,932,132,800,829,55,774,78,53,25,25,24,1
S01012028,No central heating,1,0,1,1,0,1,0,0,0,0,0,0
S01012028,Gas central heating,880,124,756,786,53,733,71,48,23,23,23,0
S01012028,Electric (including storage heaters) central heating,32,5,27,27,1,26,4,3,1,1,1,0
S01012028,Oil central heating,8,2,6,4,0,4,3,2,1,1,0,1
S01012028,Solid fuel (for example wood coal) central heating,0,0,0,0,0,0,0,0,0,0,0,0
S01012028,Other central heating,0,0,0,0,0,0,0,0,0,0,0,0
S01012028,Two or more types of central heating,11,1,10,11,1,10,0,0,0,0,0,0
S01012029,All people in households,967,178,789,800,44,756,112,79,33,55,55,0
S01012029,No central heating,13,4,9,8,0,8,5,4,1,0,0,0
S01012029,Gas central heating,783,147,636,646,37,609,91,64,27,46,46,0
S01012029,Electric (including storage heaters) central heating,29,5,24,24,0,24,2,2,0,3,3,0
S01012029,Oil central heating,91,14,77,79,5,74,9,6,3,3,3,0
S01012029,Solid fuel (for example wood coal) central heating,9,0,9,9,0,9,0,0,0,0,0,0
S01012029,Other central heating,19,5,14,15,1,14,2,2,0,2,2,0
S01012029,Two or more types of central heating,23,3,20,19,1,18,3,1,2,1,1,0
S01012030,All people in households,641,102,539,556,39,517,65,43,22,20,20,0
S01012030,No central heating,10,4,6,6,1,5,3,2,1,1,1,0
S01012030,Gas central heating,381,65,316,333,27,306,32,22,10,16,16,0
S01012030,Electric (including storage heaters) central heating,28,3,25,25,1,24,3,2,1,0,0,0
S01012030,Oil central heating,133,16,117,116,6,110,16,9,7,1,1,0
S01012030,Solid fuel (for example wood coal) central heating,16,5,11,10,0,10,4,3,1,2,2,0
S01012030,Other central heating,31,7,24,25,3,22,6,4,2,0,0,0
S01012030,Two or more types of central heating,42,2,40,41,1,40,1,1,0,0,0,0
S01012031,All people in households,553,79,474,491,31,460,48,34,14,14,14,0
S01012031,No central heating,3,1,2,2,0,2,1,1,0,0,0,0
S01012031,Gas central heating,519,74,445,462,31,431,43,29,14,14,14,0
S01012031,Electric (including storage heaters) central heating,15,2,13,13,0,13,2,2,0,0,0,0
S01012031,Oil central heating,6,2,4,4,0,4,2,2,0,0,0,0
S01012031,Solid fuel (for example wood coal) central heating,0,0,0,0,0,0,0,0,0,0,0,0
S01012031,Other central heating,0,0,0,0,0,0,0,0,0,0,0,0
S01012031,Two or more types of central heating,10,0,10,10,0,10,0,0,0,0,0,0
S01012032,All people in households,347,59,288,307,25,282,27,21,6,13,13,0
S01012032,No central heating,5,0,5,5,0,5,0,0,0,0,0,0
S01012032,Gas central heating,113,22,91,94,6,88,12,9,3,7,7,0
S01012032,Electric (including storage heaters) central heating,12,3,9,11,2,9,1,1,0,0,0,0
S01012032,Oil central heating,163,24,139,150,13,137,10,8,2,3,3,0
S01012032,Solid fuel (for example wood coal) central heating,0,0,0,0,0,0,0,0,0,0,0,0
S01012032,Other central heating,24,2,22,21,0,21,2,1,1,1,1,0
S01012032,Two or more types of central heating,30,8,22,26,4,22,2,2,0,2,2,0
S01012033,All people in households,800,189,611,639,55,584,101,74,27,60,60,0
S01012033,No central heating,5,1,4,5,1,4,0,0,0,0,0,0
S01012033,Gas central heating,747,178,569,594,52,542,98,71,27,55,55,0
S01012033,Electric (including storage heaters) central heating,31,8,23,25,2,23,3,3,0,3,3,0
S01012033,Oil central heating,0,0,0,0,0,0,0,0,0,0,0,0
S01012033,Solid fuel (for example wood coal) central heating,0,0,0,0,0,0,0,0,0,0,0,0
S01012033,Other central heating,4,1,3,3,0,3,0,0,0,1,1,0
S01012033,Two or more types of central heating,13,1,12,12,0,12,0,0,0,1,1,0
S01012034,All people in households,825,148,677,671,38,633,111,67,44,43,43,0
S01012034,No central heating,14,5,9,10,1,9,2,2,0,2,2,0
S01012034,Gas central heating,740,121,619,612,32,580,93,54,39,35,35,0
S01012034,Electric (including storage heaters) central heating,43,16,27,26,3,23,11,7,4,6,6,0
S01012034,Oil central heating,5,0,5,4,0,4,1,0,1,0,0,0
S01012034,Solid fuel (for example wood coal) central heating,0,0,0,0,0,0,0,0,0,0,0,0
S01012034,Other central heating,5,4,1,3,2,1,2,2,0,0,0,0
S01012034,Two or more types of central heating,18,2,16,16,0,16,2,2,0,0,0,0
S01012035,All people in households,919,166,753,782,56,726,101,75,26,36,35,1
S01012035,No central heating,17,2,15,13,0,13,4,2,2,0,0,0
S01012035,Gas central heating,819,145,674,705,53,652,84,63,21,30,29,1
S01012035,Electric (including storage heaters) central heating,69,19,50,51,3,48,12,10,2,6,6,0
S01012035,Oil central heating,6,0,6,6,0,6,0,0,0,0,0,0
S01012035,Solid fuel (for example wood coal) central heating,0,0,0,0,0,0,0,0,0,0,0,0
S01012035,Other central heating,0,0,0,0,0,0,0,0,0,0,0,0
S01012035,Two or more types of central heating,8,0,8,7,0,7,1,0,1,0,0,0
S01012036,All people in households,846,149,697,731,61,670,84,57,27,31,31,0
S01012036,No central heating,5,0,5,3,0,3,2,0,2,0,0,0
S01012036,Gas central heating,806,143,663,697,59,638,79,54,25,30,30,0
S01012036,Electric (including storage heaters) central heating,16,5,11,13,2,11,3,3,0,0,0,0
S01012036,Oil central heating,8,0,8,8,0,8,0,0,0,0,0,0
S01012036,Solid fuel (for example wood coal) central heating,0,0,0,0,0,0,0,0,0,0,0,0
S01012036,Other central heating,3,0,3,3,0,3,0,0,0,0,0,0
S01012036,Two or more types of central heating,8,1,7,7,0,7,0,0,0,1,1,0
S01012037,All people in households,989,221,768,766,45,721,145,101,44,78,75,3
S01012037,No central heating,17,4,13,13,0,13,2,2,0,2,2,0
S01012037,Gas central heating,848,176,672,670,37,633,114,78,36,64,61,3
S01012037,Electric (including storage heaters) central heating,107,35,72,72,7,65,25,18,7,10,10,0
S01012037,Oil central heating,0,0,0,0,0,0,0,0,0,0,0,0
S01012037,Solid fuel (for example wood coal) central heating,0,0,0,0,0,0,0,0,0,0,0,0
S01012037,Other central heating,4,1,3,3,0,3,0,0,0,1,1,0
S01012037,Two or more types of central heating,13,5,8,8,1,7,4,3,1,1,1,0
S01012038,All people in households,932,202,730,728,45,683,122,77,45,82,80,2
S01012038,No central heating,2,0,2,1,0,1,1,0,1,0,0,0
S01012038,Gas central heating,877,192,685,683,43,640,116,73,43,78,76,2
S01012038,Electric (including storage heaters) central heating,9,3,6,6,0,6,0,0,0,3,3,0
S01012038,Oil central heating,2,0,2,2,0,2,0,0,0,0,0,0
S01012038,Solid fuel (for example wood coal) central heating,2,0,2,2,0,2,0,0,0,0,0,0
S01012038,Other central heating,6,0,6,6,0,6,0,0,0,0,0,0
S01012038,Two or more types of central heating,34,7,27,28,2,26,5,4,1,1,1,0
S01012039,All people in households,956,238,718,746,65,681,131,96,35,79,77,2
S01012039,No central heating,15,5,10,9,2,7,2,0,2,4,3,1
S01012039,Gas central heating,903,216,687,715,61,654,120,88,32,68,67,1
S01012039,Electric (including storage heaters) central heating,20,9,11,11,1,10,3,2,1,6,6,0
S01012039,Oil central heating,0,0,0,0,0,0,0,0,0,0,0,0
S01012039,Solid fuel (for example wood coal) central heating,0,0,0,0,0,0,0,0,0,0,0,0
S01012039,Other central heating,3,0,3,3,0,3,0,0,0,0,0,0
S01012039,Two or more types of central heating,15,8,7,8,1,7,6,6,0,1,1,0
S01012040,All people in households,691,117,574,583,30,553,69,49,20,39,38,1
S01012040,No central heating,11,2,9,7,0,7,3,1,2,1,1,0
S01012040,Gas central heating,637,102,535,546,26,520,56,42,14,35,34,1
S01012040,Electric (including storage heaters) central heating,33,12,21,21,3,18,9,6,3,3,3,0
S01012040,Oil central heating,0,0,0,0,0,0,0,0,0,0,0,0
S01012040,Solid fuel (for example wood coal) central heating,0,0,0,0,0,0,0,0,0,0,0,0
S01012040,Other central heating,6,1,5,5,1,4,1,0,1,0,0,0
S01012040,Two or more types of central heating,4,0,4,4,0,4,0,0,0,0,0,0
S01012041,All people in households,914,195,719,720,55,665,142,89,53,52,51,1
S01012041,No central heating,8,2,6,6,1,5,1,1,0,1,0,1
S01012041,Gas central heating,826,173,653,657,49,608,122,77,45,47,47,0
S01012041,Electric (including storage heaters) central heating,68,16,52,49,4,45,16,9,7,3,3,0
S01012041,Oil central heating,0,0,0,0,0,0,0,0,0,0,0,0
S01012041,Solid fuel (for example wood coal) central heating,0,0,0,0,0,0,0,0,0,0,0,0
S01012041,Other central heating,0,0,0,0,0,0,0,0,0,0,0,0
S01012041,Two or more types of central heating,12,4,8,8,1,7,3,2,1,1,1,0
S01012042,All people in households,917,204,713,727,60,667,133,89,44,57,55,2
S01012042,No central heating,4,3,1,4,3,1,0,0,0,0,0,0
S01012042,Gas central heating,848,184,664,674,52,622,122,82,40,52,50,2
S01012042,Electric (including storage heaters) central heating,51,12,39,40,4,36,7,4,3,4,4,0
S01012042,Oil central heating,0,0,0,0,0,0,0,0,0,0,0,0
S01012042,Solid fuel (for example wood coal) central heating,0,0,0,0,0,0,0,0,0,0,0,0
S01012042,Other central heating,4,0,4,3,0,3,1,0,1,0,0,0
S01012042,Two or more types of central heating,10,5,5,6,1,5,3,3,0,1,1,0
S01012043,All people in households,926,191,735,733,44,689,126,83,43,67,64,3
S01012043,No central heating,1,0,1,0,0,0,1,0,1,0,0,0
S01012043,Gas central heating,855,173,682,681,41,640,118,78,40,56,54,2
S01012043,Electric (including storage heaters) central heating,30,7,23,25,2,23,3,3,0,2,2,0
S01012043,Oil central heating,3,2,1,2,1,1,0,0,0,1,1,0
S01012043,Solid fuel (for example wood coal) central heating,0,0,0,0,0,0,0,0,0,0,0,0
S01012043,Other central heating,0,0,0,0,0,0,0,0,0,0,0,0
S01012043,Two or more types of central heating,37,9,28,25,0,25,4,2,2,8,7,1
S01012044,All people in households,892,309,583,603,71,532,182,134,48,107,104,3
S01012044,No central heating,12,4,8,8,1,7,3,2,1,1,1,0
S01012044,Gas central heating,812,273,539,560,60,500,155,119,36,97,94,3
S01012044,Electric (including storage heaters) central heating,36,20,16,19,7,12,13,9,4,4,4,0
S01012044,Oil central heating,0,0,0,0,0,0,0,0,0,0,0,0
S01012044,Solid fuel (for example wood coal) central heating,3,0,3,3,0,3,0,0,0,0,0,0
S01012044,Other central heating,0,0,0,0,0,0,0,0,0,0,0,0
S01012044,Two or more types of central heating,29,12,17,13,3,10,11,4,7,5,5,0
S01012045,All people in households,1060,266,794,817,71,746,162,118,44,81,77,4
S01012045,No central heating,28,9,19,19,3,16,5,2,3,4,4,0
S01012045,Gas central heating,852,201,651,663,49,614,127,92,35,62,60,2
S01012045,Electric (including storage heaters) central heating,136,45,91,99,16,83,23,17,6,14,12,2
S01012045,Oil central heating,0,0,0,0,0,0,0,0,0,0,0,0
S01012045,Solid fuel (for example wood coal) central heating,0,0,0,0,0,0,0,0,0,0,0,0
S01012045,Other central heating,1,1,0,0,0,0,1,1,0,0,0,0
S01012045,Two or more types of central heating,43,10,33,36,3,33,6,6,0,1,1,0
S01012046,All people in households,686,197,489,489,39,450,121,87,34,76,71,5
S01012046,No central heating,1,1,0,0,0,0,1,1,0,0,0,0
S01012046,Gas central heating,603,170,433,439,35,404,100,74,26,64,61,3
S01012046,Electric (including storage heaters) central heating,64,20,44,39,2,37,14,8,6,11,10,1
S01012046,Oil central heating,0,0,0,0,0,0,0,0,0,0,0,0
S01012046,Solid fuel (for example wood coal) central heating,0,0,0,0,0,0,0,0,0,0,0,0
S01012046,Other central heating,1,1,0,1,1,0,0,0,0,0,0,0
S01012046,Two or more types of central heating,17,5,12,10,1,9,6,4,2,1,0,1
S01012047,All people in households,932,288,644,643,47,596,169,129,40,120,112,8
S01012047,No central heating,21,10,11,11,1,10,5,4,1,5,5,0
S01012047,Gas central heating,652,156,496,494,29,465,93,68,25,65,59,6
S01012047,Electric (including storage heaters) central heating,248,118,130,131,16,115,68,55,13,49,47,2
S01012047,Oil central heating,0,0,0,0,0,0,0,0,0,0,0,0
S01012047,Solid fuel (for example wood coal) central heating,2,1,1,2,1,1,0,0,0,0,0,0
S01012047,Other central heating,3,1,2,1,0,1,1,0,1,1,1,0
S01012047,Two or more types of central heating,6,2,4,4,0,4,2,2,0,0,0,0
S01012048,All people in households,740,209,531,544,53,491,123,86,37,73,70,3
S01012048,No central heating,2,0,2,2,0,2,0,0,0,0,0,0
S01012048,Gas central heating,614,170,444,453,45,408,102,69,33,59,56,3
S01012048,Electric (including storage heaters) central heating,113,35,78,80,6,74,20,16,4,13,13,0
S01012048,Oil central heating,0,0,0,0,0,0,0,0,0,0,0,0
S01012048,Solid fuel (for example wood coal) central heating,0,0,0,0,0,0,0,0,0,0,0,0
S01012048,Other central heating,1,1,0,0,0,0,0,0,0,1,1,0
S01012048,Two or more types of central heating,10,3,7,9,2,7,1,1,0,0,0,0
S01012049,All people in households,660,147,513,523,42,481,93,61,32,44,44,0
S01012049,No central heating,35,12,23,21,1,20,10,7,3,4,4,0
S01012049,Gas central heating,575,121,454,462,35,427,76,49,27,37,37,0
S01012049,Electric (including storage heaters) central heating,41,14,27,31,6,25,7,5,2,3,3,0
S01012049,Oil central heating,0,0,0,0,0,0,0,0,0,0,0,0
S01012049,Solid fuel (for example wood coal) central heating,0,0,0,0,0,0,0,0,0,0,0,0
S01012049,Other central heating,0,0,0,0,0,0,0,0,0,0,0,0
S01012049,Two or more types of central heating,9,0,9,9,0,9,0,0,0,0,0,0
S01012050,All people in households,1019,177,842,845,40,805,122,87,35,52,50,2
S01012050,No central heating,8,3,5,7,2,5,1,1,0,0,0,0
S01012050,Gas central heating,932,166,766,769,36,733,115,84,31,48,46,2
S01012050,Electric (including storage heaters) central heating,67,8,59,57,2,55,6,2,4,4,4,0
S01012050,Oil central heating,4,0,4,4,0,4,0,0,0,0,0,0
S01012050,Solid fuel (for example wood coal) central heating,0,0,0,0,0,0,0,0,0,0,0,0
S01012050,Other central heating,0,0,0,0,0,0,0,0,0,0,0,0
S01012050,Two or more types of central heating,8,0,8,8,0,8,0,0,0,0,0,0
S01012051,All people in households,497,123,374,390,30,360,79,65,14,28,28,0
S01012051,No central heating,0,0,0,0,0,0,0,0,0,0,0,0
S01012051,Gas central heating,470,109,361,375,28,347,70,56,14,25,25,0
S01012051,Electric (including storage heaters) central heating,22,10,12,14,2,12,6,6,0,2,2,0
S01012051,Oil central heating,1,1,0,0,0,0,1,1,0,0,0,0
S01012051,Solid fuel (for example wood coal) central heating,0,0,0,0,0,0,0,0,0,0,0,0
S01012051,Other central heating,2,2,0,0,0,0,1,1,0,1,1,0
S01012051,Two or more types of central heating,2,1,1,1,0,1,1,1,0,0,0,0
S01012052,All people in households,866,220,646,657,55,602,133,90,43,76,75,1
S01012052,No central heating,12,1,11,11,0,11,1,1,0,0,0,0
S01012052,Gas central heating,752,179,573,584,45,539,110,77,33,58,57,1
S01012052,Electric (including storage heaters) central heating,94,35,59,58,9,49,20,10,10,16,16,0
S01012052,Oil central heating,0,0,0,0,0,0,0,0,0,0,0,0
S01012052,Solid fuel (for example wood coal) central heating,0,0,0,0,0,0,0,0,0,0,0,0
S01012052,Other central heating,1,1,0,0,0,0,0,0,0,1,1,0
S01012052,Two or more types of central heating,7,4,3,4,1,3,2,2,0,1,1,0
S01012053,All people in households,903,207,696,708,59,649,127,83,44,68,65,3
S01012053,No central heating,19,3,16,16,1,15,2,1,1,1,1,0
S01012053,Gas central heating,797,183,614,622,50,572,112,73,39,63,60,3
S01012053,Electric (including storage heaters) central heating,65,14,51,53,4,49,9,7,2,3,3,0
S01012053,Oil central heating,0,0,0,0,0,0,0,0,0,0,0,0
S01012053,Solid fuel (for example wood coal) central heating,0,0,0,0,0,0,0,0,0,0,0,0
S01012053,Other central heating,3,0,3,3,0,3,0,0,0,0,0,0
S01012053,Two or more types of central heating,19,7,12,14,4,10,4,2,2,1,1,0
S01012054,All people in households,829,178,651,652,49,603,118,71,47,59,58,1
S01012054,No central heating,12,5,7,7,0,7,2,2,0,3,3,0
S01012054,Gas central heating,743,154,589,590,42,548,102,62,40,51,50,1
S01012054,Electric (including storage heaters) central heating,55,13,42,40,3,37,11,6,5,4,4,0
S01012054,Oil central heating,3,1,2,3,1,2,0,0,0,0,0,0
S01012054,Solid fuel (for example wood coal) central heating,0,0,0,0,0,0,0,0,0,0,0,0
S01012054,Other central heating,5,2,3,5,2,3,0,0,0,0,0,0
S01012054,Two or more types of central heating,11,3,8,7,1,6,3,1,2,1,1,0
S01012055,All people in households,877,269,608,637,72,565,148,110,38,92,87,5
S01012055,No central heating,8,3,5,5,1,4,1,0,1,2,2,0
S01012055,Gas central heating,804,242,562,591,64,527,134,101,33,79,77,2
S01012055,Electric (including storage heaters) central heating,46,17,29,30,4,26,10,7,3,6,6,0
S01012055,Oil central heating,3,2,1,2,1,1,0,0,0,1,1,0
S01012055,Solid fuel (for example wood coal) central heating,0,0,0,0,0,0,0,0,0,0,0,0
S01012055,Other central heating,0,0,0,0,0,0,0,0,0,0,0,0
S01012055,Two or more types of central heating,16,5,11,9,2,7,3,2,1,4,1,3
S01012056,All people in households,776,176,600,630,55,575,94,69,25,52,52,0
S01012056,No central heating,6,1,5,4,0,4,1,0,1,1,1,0
S01012056,Gas central heating,714,145,569,596,47,549,80,60,20,38,38,0
S01012056,Electric (including storage heaters) central heating,35,16,19,17,2,15,10,6,4,8,8,0
S01012056,Oil central heating,0,0,0,0,0,0,0,0,0,0,0,0
S01012056,Solid fuel (for example wood coal) central heating,0,0,0,0,0,0,0,0,0,0,0,0
S01012056,Other central heating,9,8,1,2,1,1,2,2,0,5,5,0
S01012056,Two or more types of central heating,12,6,6,11,5,6,1,1,0,0,0,0
S01012057,All people in households,743,129,614,638,51,587,86,59,27,19,19,0
S01012057,No central heating,6,2,4,4,0,4,1,1,0,1,1,0
S01012057,Gas central heating,708,122,586,609,49,560,82,56,26,17,17,0
S01012057,Electric (including storage heaters) central heating,16,3,13,14,1,13,1,1,0,1,1,0
S01012057,Oil central heating,0,0,0,0,0,0,0,0,0,0,0,0
S01012057,Solid fuel (for example wood coal) central heating,1,1,0,1,1,0,0,0,0,0,0,0
S01012057,Other central heating,0,0,0,0,0,0,0,0,0,0,0,0
S01012057,Two or more types of central heating,12,1,11,10,0,10,2,1,1,0,0,0
S01012058,All people in households,728,136,592,609,43,566,91,66,25,28,27,1
S01012058,No central heating,2,2,0,0,0,0,2,2,0,0,0,0
S01012058,Gas central heating,715,129,586,603,41,562,85,62,23,27,26,1
S01012058,Electric (including storage heaters) central heating,6,3,3,2,1,1,4,2,2,0,0,0
S01012058,Oil central heating,2,0,2,2,0,2,0,0,0,0,0,0
S01012058,Solid fuel (for example wood coal) central heating,2,1,1,1,0,1,0,0,0,1,1,0
S01012058,Other central heating,0,0,0,0,0,0,0,0,0,0,0,0
S01012058,Two or more types of central heating,1,1,0,1,1,0,0,0,0,0,0,0
S01012059,All people in households,870,250,620,649,67,582,150,113,37,71,70,1
S01012059,No central heating,8,3,5,6,1,5,2,2,0,0,0,0
S01012059,Gas central heating,818,233,585,609,60,549,140,105,35,69,68,1
S01012059,Electric (including storage heaters) central heating,36,14,22,26,6,20,8,6,2,2,2,0
S01012059,Oil central heating,0,0,0,0,0,0,0,0,0,0,0,0
S01012059,Solid fuel (for example wood coal) central heating,0,0,0,0,0,0,0,0,0,0,0,0
S01012059,Other central heating,0,0,0,0,0,0,0,0,0,0,0,0
S01012059,Two or more types of central heating,8,0,8,8,0,8,0,0,0,0,0,0
S01012060,All people in households,857,225,632,666,66,600,126,95,31,65,64,1
S01012060,No central heating,9,1,8,8,0,8,0,0,0,1,1,0
S01012060,Gas central heating,748,201,547,576,60,516,114,83,31,58,58,0
S01012060,Electric (including storage heaters) central heating,85,18,67,71,5,66,10,10,0,4,3,1
S01012060,Oil central heating,3,0,3,3,0,3,0,0,0,0,0,0
S01012060,Solid fuel (for example wood coal) central heating,0,0,0,0,0,0,0,0,0,0,0,0
S01012060,Other central heating,0,0,0,0,0,0,0,0,0,0,0,0
S01012060,Two or more types of central heating,12,5,7,8,1,7,2,2,0,2,2,0
S01012061,All people in households,963,178,785,815,60,755,108,78,30,40,40,0
S01012061,No central heating,14,2,12,12,1,11,1,0,1,1,1,0
S01012061,Gas central heating,913,167,746,774,56,718,103,75,28,36,36,0
S01012061,Electric (including storage heaters) central heating,15,3,12,11,0,11,3,2,1,1,1,0
S01012061,Oil central heating,4,1,3,4,1,3,0,0,0,0,0,0
S01012061,Solid fuel (for example wood coal) central heating,4,1,3,4,1,3,0,0,0,0,0,0
S01012061,Other central heating,3,0,3,3,0,3,0,0,0,0,0,0
S01012061,Two or more types of central heating,10,4,6,7,1,6,1,1,0,2,2,0
S01012062,All people in households,846,119,727,747,39,708,67,50,17,32,30,2
S01012062,No central heating,9,2,7,7,0,7,0,0,0,2,2,0
S01012062,Gas central heating,790,107,683,704,37,667,59,45,14,27,25,2
S01012062,Electric (including storage heaters) central heating,37,10,27,27,2,25,7,5,2,3,3,0
S01012062,Oil central heating,0,0,0,0,0,0,0,0,0,0,0,0
S01012062,Solid fuel (for example wood coal) central heating,0,0,0,0,0,0,0,0,0,0,0,0
S01012062,Other central heating,0,0,0,0,0,0,0,0,0,0,0,0
S01012062,Two or more types of central heating,10,0,10,9,0,9,1,0,1,0,0,0
S01012063,All people in households,547,81,466,482,30,452,43,30,13,22,21,1
S01012063,No central heating,1,0,1,1,0,1,0,0,0,0,0,0
S01012063,Gas central heating,492,70,422,439,29,410,38,27,11,15,14,1
S01012063,Electric (including storage heaters) central heating,43,11,32,31,1,30,5,3,2,7,7,0
S01012063,Oil central heating,0,0,0,0,0,0,0,0,0,0,0,0
S01012063,Solid fuel (for example wood coal) central heating,0,0,0,0,0,0,0,0,0,0,0,0
S01012063,Other central heating,0,0,0,0,0,0,0,0,0,0,0,0
S01012063,Two or more types of central heating,11,0,11,11,0,11,0,0,0,0,0,0
S01012064,All people in households,653,153,500,514,35,479,82,65,17,57,53,4
S01012064,No central heating,16,6,10,9,0,9,2,2,0,5,4,1
S01012064,Gas central heating,545,103,442,453,27,426,59,44,15,33,32,1
S01012064,Electric (including storage heaters) central heating,77,42,35,40,8,32,20,18,2,17,16,1
S01012064,Oil central heating,0,0,0,0,0,0,0,0,0,0,0,0
S01012064,Solid fuel (for example wood coal) central heating,0,0,0,0,0,0,0,0,0,0,0,0
S01012064,Other central heating,0,0,0,0,0,0,0,0,0,0,0,0
S01012064,Two or more types of central heating,15,2,13,12,0,12,1,1,0,2,1,1
S01012065,All people in households,624,168,456,472,39,433,76,56,20,76,73,3
S01012065,No central heating,3,2,1,2,1,1,0,0,0,1,1,0
S01012065,Gas central heating,541,136,405,417,32,385,65,47,18,59,57,2
S01012065,Electric (including storage heaters) central heating,27,16,11,13,3,10,5,4,1,9,9,0
S01012065,Oil central heating,0,0,0,0,0,0,0,0,0,0,0,0
S01012065,Solid fuel (for example wood coal) central heating,0,0,0,0,0,0,0,0,0,0,0,0
S01012065,Other central heating,0,0,0,0,0,0,0,0,0,0,0,0
S01012065,Two or more types of central heating,53,14,39,40,3,37,6,5,1,7,6,1
S01012066,All people in households,852,167,685,670,34,636,104,61,43,78,72,6
S01012066,No central heating,27,4,23,22,0,22,1,0,1,4,4,0
S01012066,Gas central heating,746,141,605,593,32,561,91,53,38,62,56,6
S01012066,Electric (including storage heaters) central heating,37,10,27,26,1,25,6,4,2,5,5,0
S01012066,Oil central heating,0,0,0,0,0,0,0,0,0,0,0,0
S01012066,Solid fuel (for example wood coal) central heating,0,0,0,0,0,0,0,0,0,0,0,0
S01012066,Other central heating,6,2,4,4,0,4,0,0,0,2,2,0
S01012066,Two or more types of central heating,36,10,26,25,1,24,6,4,2,5,5,0
S01012067,All people in households,534,144,390,379,27,352,99,62,37,56,55,1
S01012067,No central heating,4,4,0,1,1,0,1,1,0,2,2,0
S01012067,Gas central heating,463,108,355,341,20,321,81,48,33,41,40,1
S01012067,Electric (including storage heaters) central heating,30,16,14,14,1,13,7,6,1,9,9,0
S01012067,Oil central heating,0,0,0,0,0,0,0,0,0,0,0,0
S01012067,Solid fuel (for example wood coal) central heating,0,0,0,0,0,0,0,0,0,0,0,0
S01012067,Other central heating,3,2,1,2,1,1,0,0,0,1,1,0
S01012067,Two or more types of central heating,34,14,20,21,4,17,10,7,3,3,3,0
S01012068,All people in households,538,183,355,344,28,316,114,82,32,80,73,7
S01012068,No central heating,11,6,5,6,1,5,3,3,0,2,2,0
S01012068,Gas central heating,436,141,295,283,21,262,91,64,27,62,56,6
S01012068,Electric (including storage heaters) central heating,45,22,23,23,3,20,11,9,2,11,10,1
S01012068,Oil central heating,0,0,0,0,0,0,0,0,0,0,0,0
S01012068,Solid fuel (for example wood coal) central heating,0,0,0,0,0,0,0,0,0,0,0,0
S01012068,Other central heating,9,3,6,5,0,5,2,1,1,2,2,0
S01012068,Two or more types of central heating,37,11,26,27,3,24,7,5,2,3,3,0
S01012069,All people in households,479,142,337,324,18,306,95,68,27,60,56,4
S01012069,No central heating,18,3,15,15,0,15,3,3,0,0,0,0
S01012069,Gas central heating,427,122,305,297,17,280,73,52,21,57,53,4
S01012069,Electric (including storage heaters) central heating,15,6,9,7,0,7,7,5,2,1,1,0
S01012069,Oil central heating,0,0,0,0,0,0,0,0,0,0,0,0
S01012069,Solid fuel (for example wood coal) central heating,0,0,0,0,0,0,0,0,0,0,0,0
S01012069,Other central heating,3,1,2,2,0,2,1,1,0,0,0,0
S01012069,Two or more types of central heating,16,10,6,3,1,2,11,7,4,2,2,0
S01012070,All people in households,710,226,484,480,48,432,150,100,50,80,78,2
S01012070,No central heating,28,12,16,14,2,12,7,3,4,7,7,0
S01012070,Gas central heating,581,177,404,403,37,366,117,80,37,61,60,1
S01012070,Electric (including storage heaters) central heating,72,24,48,50,6,44,16,12,4,6,6,0
S01012070,Oil central heating,0,0,0,0,0,0,0,0,0,0,0,0
S01012070,Solid fuel (for example wood coal) central heating,0,0,0,0,0,0,0,0,0,0,0,0
S01012070,Other central heating,3,2,1,2,1,1,1,1,0,0,0,0
S01012070,Two or more types of central heating,26,11,15,11,2,9,9,4,5,6,5,1
S01012071,All people in households,1057,299,758,746,71,675,214,135,79,97,93,4
S01012071,No central heating,75,18,57,56,2,54,12,9,3,7,7,0
S01012071,Gas central heating,660,179,481,468,45,423,132,77,55,60,57,3
S01012071,Electric (including storage heaters) central heating,293,90,203,203,20,183,64,45,19,26,25,1
S01012071,Oil central heating,0,0,0,0,0,0,0,0,0,0,0,0
S01012071,Solid fuel (for example wood coal) central heating,1,1,0,0,0,0,1,1,0,0,0,0
S01012071,Other central heating,4,2,2,2,2,0,2,0,2,0,0,0
S01012071,Two or more types of central heating,24,9,15,17,2,15,3,3,0,4,4,0
S01012072,All people in households,1107,320,787,786,63,723,207,145,62,114,112,2
S01012072,No central heating,36,8,28,24,0,24,9,5,4,3,3,0
S01012072,Gas central heating,779,201,578,584,42,542,130,95,35,65,64,1
S01012072,Electric (including storage heaters) central heating,258,103,155,151,19,132,63,41,22,44,43,1
S01012072,Oil central heating,0,0,0,0,0,0,0,0,0,0,0,0
S01012072,Solid fuel (for example wood coal) central heating,0,0,0,0,0,0,0,0,0,0,0,0
S01012072,Other central heating,6,1,5,5,0,5,1,1,0,0,0,0
S01012072,Two or more types of central heating,28,7,21,22,2,20,4,3,1,2,2,0
S01012073,All people in households,695,85,610,607,21,586,61,38,23,27,26,1
S01012073,No central heating,6,2,4,3,0,3,1,0,1,2,2,0
S01012073,Gas central heating,520,65,455,457,18,439,45,30,15,18,17,1
S01012073,Electric (including storage heaters) central heating,158,17,141,137,2,135,14,8,6,7,7,0
S01012073,Oil central heating,0,0,0,0,0,0,0,0,0,0,0,0
S01012073,Solid fuel (for example wood coal) central heating,0,0,0,0,0,0,0,0,0,0,0,0
S01012073,Other central heating,0,0,0,0,0,0,0,0,0,0,0,0
S01012073,Two or more types of central heating,11,1,10,10,1,9,1,0,1,0,0,0
S01012074,All people in households,715,89,626,638,32,606,57,37,20,20,20,0
S01012074,No central heating,7,1,6,7,1,6,0,0,0,0,0,0
S01012074,Gas central heating,543,68,475,487,25,462,43,30,13,13,13,0
S01012074,Electric (including storage heaters) central heating,146,18,128,127,6,121,13,6,7,6,6,0
S01012074,Oil central heating,0,0,0,0,0,0,0,0,0,0,0,0
S01012074,Solid fuel (for example wood coal) central heating,0,0,0,0,0,0,0,0,0,0,0,0
S01012074,Other central heating,4,1,3,3,0,3,1,1,0,0,0,0
S01012074,Two or more types of central heating,15,1,14,14,0,14,0,0,0,1,1,0
S01012075,All people in households,724,59,665,666,19,647,42,24,18,16,16,0
S01012075,No central heating,8,0,8,8,0,8,0,0,0,0,0,0
S01012075,Gas central heating,700,57,643,644,19,625,40,22,18,16,16,0
S01012075,Electric (including storage heaters) central heating,16,2,14,14,0,14,2,2,0,0,0,0
S01012075,Oil central heating,0,0,0,0,0,0,0,0,0,0,0,0
S01012075,Solid fuel (for example wood coal) central heating,0,0,0,0,0,0,0,0,0,0,0,0
S01012075,Other central heating,0,0,0,0,0,0,0,0,0,0,0,0
S01012075,Two or more types of central heating,0,0,0,0,0,0,0,0,0,0,0,0
S01012076,All people in households,722,182,540,558,54,504,111,76,35,53,52,1
S01012076,No central heating,10,4,6,8,2,6,0,0,0,2,2,0
S01012076,Gas central heating,659,162,497,511,48,463,97,64,33,51,50,1
S01012076,Electric (including storage heaters) central heating,43,16,27,30,4,26,13,12,1,0,0,0
S01012076,Oil central heating,0,0,0,0,0,0,0,0,0,0,0,0
S01012076,Solid fuel (for example wood coal) central heating,0,0,0,0,0,0,0,0,0,0,0,0
S01012076,Other central heating,0,0,0,0,0,0,0,0,0,0,0,0
S01012076,Two or more types of central heating,10,0,10,9,0,9,1,0,1,0,0,0
S01012077,All people in households,751,141,610,619,42,577,88,55,33,44,44,0
S01012077,No central heating,16,3,13,13,0,13,2,2,0,1,1,0
S01012077,Gas central heating,563,98,465,468,31,437,63,35,28,32,32,0
S01012077,Electric (including storage heaters) central heating,164,36,128,133,10,123,21,16,5,10,10,0
S01012077,Oil central heating,0,0,0,0,0,0,0,0,0,0,0,0
S01012077,Solid fuel (for example wood coal) central heating,0,0,0,0,0,0,0,0,0,0,0,0
S01012077,Other central heating,0,0,0,0,0,0,0,0,0,0,0,0
S01012077,Two or more types of central heating,8,4,4,5,1,4,2,2,0,1,1,0
S01012078,All people in households,871,101,770,761,36,725,86,41,45,24,24,0
S01012078,No central heating,17,2,15,14,1,13,3,1,2,0,0,0
S01012078,Gas central heating,777,87,690,682,33,649,76,35,41,19,19,0
S01012078,Electric (including storage heaters) central heating,62,11,51,51,2,49,7,5,2,4,4,0
S01012078,Oil central heating,2,0,2,2,0,2,0,0,0,0,0,0
S01012078,Solid fuel (for example wood coal) central heating,0,0,0,0,0,0,0,0,0,0,0,0
S01012078,Other central heating,6,0,6,6,0,6,0,0,0,0,0,0
S01012078,Two or more types of central heating,7,1,6,6,0,6,0,0,0,1,1,0
S01012079,All people in households,917,243,674,704,73,631,135,92,43,78,78,0
S01012079,No central heating,36,6,30,32,3,29,2,1,1,2,2,0
S01012079,Gas central heating,725,180,545,571,55,516,99,70,29,55,55,0
S01012079,Electric (including storage heaters) central heating,140,51,89,92,13,79,29,19,10,19,19,0
S01012079,Oil central heating,0,0,0,0,0,0,0,0,0,0,0,0
S01012079,Solid fuel (for example wood coal) central heating,0,0,0,0,0,0,0,0,0,0,0,0
S01012079,Other central heating,0,0,0,0,0,0,0,0,0,0,0,0
S01012079,Two or more types of central heating,16,6,10,9,2,7,5,2,3,2,2,0
S01012080,All people in households,809,150,659,649,42,607,122,71,51,38,37,1
S01012080,No central heating,8,1,7,8,1,7,0,0,0,0,0,0
S01012080,Gas central heating,768,136,632,619,35,584,113,66,47,36,35,1
S01012080,Electric (including storage heaters) central heating,9,3,6,5,1,4,3,1,2,1,1,0
S01012080,Oil central heating,0,0,0,0,0,0,0,0,0,0,0,0
S01012080,Solid fuel (for example wood coal) central heating,0,0,0,0,0,0,0,0,0,0,0,0
S01012080,Other central heating,8,1,7,6,0,6,2,1,1,0,0,0
S01012080,Two or more types of central heating,16,9,7,11,5,6,4,3,1,1,1,0
S01012081,All people in households,737,177,560,543,35,508,135,84,51,59,58,1
S01012081,No central heating,22,7,15,15,1,14,5,4,1,2,2,0
S01012081,Gas central heating,629,149,480,471,33,438,108,67,41,50,49,1
S01012081,Electric (including storage heaters) central heating,54,13,41,37,0,37,13,9,4,4,4,0
S01012081,Oil central heating,0,0,0,0,0,0,0,0,0,0,0,0
S01012081,Solid fuel (for example wood coal) central heating,0,0,0,0,0,0,0,0,0,0,0,0
S01012081,Other central heating,4,0,4,4,0,4,0,0,0,0,0,0
S01012081,Two or more types of central heating,28,8,20,16,1,15,9,4,5,3,3,0
S01012082,All people in households,620,175,445,447,39,408,120,84,36,53,52,1
S01012082,No central heating,12,4,8,7,0,7,2,1,1,3,3,0
S01012082,Gas central heating,567,158,409,412,37,375,113,80,33,42,41,1
S01012082,Electric (including storage heaters) central heating,25,9,16,15,1,14,5,3,2,5,5,0
S01012082,Oil central heating,1,1,0,0,0,0,0,0,0,1,1,0
S01012082,Solid fuel (for example wood coal) central heating,0,0,0,0,0,0,0,0,0,0,0,0
S01012082,Other central heating,6,2,4,5,1,4,0,0,0,1,1,0
S01012082,Two or more types of central heating,9,1,8,8,0,8,0,0,0,1,1,0
S01012083,All people in households,690,217,473,487,54,433,121,82,39,82,81,1
S01012083,No central heating,9,7,2,1,0,1,6,5,1,2,2,0
S01012083,Gas central heating,605,166,439,451,46,405,92,59,33,62,61,1
S01012083,Electric (including storage heaters) central heating,66,40,26,28,7,21,22,17,5,16,16,0
S01012083,Oil central heating,0,0,0,0,0,0,0,0,0,0,0,0
S01012083,Solid fuel (for example wood coal) central heating,0,0,0,0,0,0,0,0,0,0,0,0
S01012083,Other central heating,3,1,2,2,0,2,0,0,0,1,1,0
S01012083,Two or more types of central heating,7,3,4,5,1,4,1,1,0,1,1,0
S01012084,All people in households,577,93,484,487,25,462,67,46,21,23,22,1
S01012084,No central heating,5,2,3,4,1,3,1,1,0,0,0,0
S01012084,Gas central heating,548,91,457,461,24,437,65,45,20,22,22,0
S01012084,Electric (including storage heaters) central heating,18,0,18,16,0,16,1,0,1,1,0,1
S01012084,Oil central heating,0,0,0,0,0,0,0,0,0,0,0,0
S01012084,Solid fuel (for example wood coal) central heating,0,0,0,0,0,0,0,0,0,0,0,0
S01012084,Other central heating,0,0,0,0,0,0,0,0,0,0,0,0
S01012084,Two or more types of central heating,6,0,6,6,0,6,0,0,0,0,0,0
S01012085,All people in households,677,138,539,554,40,514,87,64,23,36,34,2
S01012085,No central heating,8,0,8,7,0,7,1,0,1,0,0,0
S01012085,Gas central heating,621,125,496,512,39,473,78,57,21,31,29,2
S01012085,Electric (including storage heaters) central heating,44,13,31,31,1,30,8,7,1,5,5,0
S01012085,Oil central heating,0,0,0,0,0,0,0,0,0,0,0,0
S01012085,Solid fuel (for example wood coal) central heating,0,0,0,0,0,0,0,0,0,0,0,0
S01012085,Other central heating,3,0,3,3,0,3,0,0,0,0,0,0
S01012085,Two or more types of central heating,1,0,1,1,0,1,0,0,0,0,0,0
S01012086,All people in households,918,224,694,720,63,657,122,86,36,76,75,1
S01012086,No central heating,8,2,6,6,0,6,0,0,0,2,2,0
S01012086,Gas central heating,804,204,600,627,59,568,111,79,32,66,66,0
S01012086,Electric (including storage heaters) central heating,99,14,85,84,4,80,10,6,4,5,4,1
S01012086,Oil central heating,0,0,0,0,0,0,0,0,0,0,0,0
S01012086,Solid fuel (for example wood coal) central heating,0,0,0,0,0,0,0,0,0,0,0,0
S01012086,Other central heating,1,0,1,1,0,1,0,0,0,0,0,0
S01012086,Two or more types of central heating,6,4,2,2,0,2,1,1,0,3,3,0
S01012087,All people in households,720,195,525,561,59,502,101,80,21,58,56,2
S01012087,No central heating,8,5,3,3,1,2,4,3,1,1,1,0
S01012087,Gas central heating,664,169,495,529,54,475,86,68,18,49,47,2
S01012087,Electric (including storage heaters) central heating,40,15,25,25,2,23,9,7,2,6,6,0
S01012087,Oil central heating,0,0,0,0,0,0,0,0,0,0,0,0
S01012087,Solid fuel (for example wood coal) central heating,0,0,0,0,0,0,0,0,0,0,0,0
S01012087,Other central heating,0,0,0,0,0,0,0,0,0,0,0,0
S01012087,Two or more types of central heating,8,6,2,4,2,2,2,2,0,2,2,0
S01012088,All people in households,740,92,648,660,34,626,59,38,21,21,20,1
S01012088,No central heating,25,7,18,18,1,17,5,4,1,2,2,0
S01012088,Gas central heating,647,60,587,599,26,573,35,21,14,13,13,0
S01012088,Electric (including storage heaters) central heating,68,25,43,43,7,36,19,13,6,6,5,1
S01012088,Oil central heating,0,0,0,0,0,0,0,0,0,0,0,0
S01012088,Solid fuel (for example wood coal) central heating,0,0,0,0,0,0,0,0,0,0,0,0
S01012088,Other central heating,0,0,0,0,0,0,0,0,0,0,0,0
S01012088,Two or more types of central heating,0,0,0,0,0,0,0,0,0,0,0,0
S01012089,All people in households,842,121,721,739,44,695,76,50,26,27,27,0
S01012089,No central heating,13,3,10,10,0,10,0,0,0,3,3,0
S01012089,Gas central heating,777,112,665,685,42,643,70,48,22,22,22,0
S01012089,Electric (including storage heaters) central heating,36,4,32,29,1,28,5,1,4,2,2,0
S01012089,Oil central heating,0,0,0,0,0,0,0,0,0,0,0,0
S01012089,Solid fuel (for example wood coal) central heating,0,0,0,0,0,0,0,0,0,0,0,0
S01012089,Other central heating,1,1,0,1,1,0,0,0,0,0,0,0
S01012089,Two or more types of central heating,15,1,14,14,0,14,1,1,0,0,0,0
S01012090,All people in households,884,132,752,772,50,722,82,53,29,30,29,1
S01012090,No central heating,0,0,0,0,0,0,0,0,0,0,0,0
S01012090,Gas central heating,852,121,731,753,48,705,76,51,25,23,22,1
S01012090,Electric (including storage heaters) central heating,12,8,4,3,2,1,4,1,3,5,5,0
S01012090,Oil central heating,2,0,2,2,0,2,0,0,0,0,0,0
S01012090,Solid fuel (for example wood coal) central heating,0,0,0,0,0,0,0,0,0,0,0,0
S01012090,Other central heating,3,0,3,3,0,3,0,0,0,0,0,0
S01012090,Two or more types of central heating,15,3,12,11,0,11,2,1,1,2,2,0
S01012091,All people in households,537,81,456,463,31,432,57,33,24,17,17,0
S01012091,No central heating,10,6,4,3,1,2,6,4,2,1,1,0
S01012091,Gas central heating,513,73,440,449,30,419,49,28,21,15,15,0
S01012091,Electric (including storage heaters) central heating,11,2,9,8,0,8,2,1,1,1,1,0
S01012091,Oil central heating,0,0,0,0,0,0,0,0,0,0,0,0
S01012091,Solid fuel (for example wood coal) central heating,0,0,0,0,0,0,0,0,0,0,0,0
S01012091,Other central heating,0,0,0,0,0,0,0,0,0,0,0,0
S01012091,Two or more types of central heating,3,0,3,3,0,3,0,0,0,0,0,0
S01012092,All people in households,506,72,434,444,36,408,50,24,26,12,12,0
S01012092,No central heating,3,0,3,2,0,2,1,0,1,0,0,0
S01012092,Gas central heating,489,71,418,429,35,394,48,24,24,12,12,0
S01012092,Electric (including storage heaters) central heating,9,1,8,8,1,7,1,0,1,0,0,0
S01012092,Oil central heating,0,0,0,0,0,0,0,0,0,0,0,0
S01012092,Solid fuel (for example wood coal) central heating,0,0,0,0,0,0,0,0,0,0,0,0
S01012092,Other central heating,5,0,5,5,0,5,0,0,0,0,0,0
S01012092,Two or more types of central heating,0,0,0,0,0,0,0,0,0,0,0,0
S01012093,All people in households,535,90,445,449,30,419,67,42,25,19,18,1
S01012093,No central heating,10,0,10,10,0,10,0,0,0,0,0,0
S01012093,Gas central heating,377,58,319,319,20,299,45,26,19,13,12,1
S01012093,Electric (including storage heaters) central heating,144,31,113,117,10,107,22,16,6,5,5,0
S01012093,Oil central heating,0,0,0,0,0,0,0,0,0,0,0,0
S01012093,Solid fuel (for example wood coal) central heating,0,0,0,0,0,0,0,0,0,0,0,0
S01012093,Other central heating,0,0,0,0,0,0,0,0,0,0,0,0
S01012093,Two or more types of central heating,4,1,3,3,0,3,0,0,0,1,1,0
S01012094,All people in households,751,113,638,661,46,615,73,50,23,17,17,0
S01012094,No central heating,14,4,10,12,2,10,2,2,0,0,0,0
S01012094,Gas central heating,720,105,615,634,41,593,69,47,22,17,17,0
S01012094,Electric (including storage heaters) central heating,7,1,6,7,1,6,0,0,0,0,0,0
S01012094,Oil central heating,6,2,4,5,2,3,1,0,1,0,0,0
S01012094,Solid fuel (for example wood coal) central heating,0,0,0,0,0,0,0,0,0,0,0,0
S01012094,Other central heating,3,0,3,3,0,3,0,0,0,0,0,0
S01012094,Two or more types of central heating,1,1,0,0,0,0,1,1,0,0,0,0
S01012095,All people in households,1061,159,902,916,54,862,103,65,38,42,40,2
S01012095,No central heating,9,2,7,7,2,5,2,0,2,0,0,0
S01012095,Gas central heating,936,134,802,819,43,776,82,57,25,35,34,1
S01012095,Electric (including storage heaters) central heating,98,19,79,74,7,67,18,7,11,6,5,1
S01012095,Oil central heating,0,0,0,0,0,0,0,0,0,0,0,0
S01012095,Solid fuel (for example wood coal) central heating,0,0,0,0,0,0,0,0,0,0,0,0
S01012095,Other central heating,5,2,3,4,1,3,0,0,0,1,1,0
S01012095,Two or more types of central heating,13,2,11,12,1,11,1,1,0,0,0,0
S01012096,All people in households,871,236,635,647,56,591,143,100,43,81,80,1
S01012096,No central heating,7,2,5,5,0,5,2,2,0,0,0,0
S01012096,Gas central heating,812,215,597,613,55,558,127,89,38,72,71,1
S01012096,Electric (including storage heaters) central heating,41,15,26,22,1,21,12,7,5,7,7,0
S01012096,Oil central heating,0,0,0,0,0,0,0,0,0,0,0,0
S01012096,Solid fuel (for example wood coal) central heating,2,1,1,1,0,1,0,0,0,1,1,0
S01012096,Other central heating,1,0,1,1,0,1,0,0,0,0,0,0
S01012096,Two or more types of central heating,8,3,5,5,0,5,2,2,0,1,1,0
S01012097,All people in households,695,159,536,546,44,502,96,63,33,53,52,1
S01012097,No central heating,6,2,4,4,0,4,2,2,0,0,0,0
S01012097,Gas central heating,662,150,512,527,43,484,88,60,28,47,47,0
S01012097,Electric (including storage heaters) central heating,20,7,13,9,1,8,5,1,4,6,5,1
S01012097,Oil central heating,0,0,0,0,0,0,0,0,0,0,0,0
S01012097,Solid fuel (for example wood coal) central heating,0,0,0,0,0,0,0,0,0,0,0,0
S01012097,Other central heating,0,0,0,0,0,0,0,0,0,0,0,0
S01012097,Two or more types of central heating,7,0,7,6,0,6,1,0,1,0,0,0
S01012098,All people in households,628,129,499,487,24,463,99,65,34,42,40,2
S01012098,No central heating,10,4,6,6,0,6,2,2,0,2,2,0
S01012098,Gas central heating,571,115,456,445,23,422,92,60,32,34,32,2
S01012098,Electric (including storage heaters) central heating,22,8,14,13,1,12,5,3,2,4,4,0
S01012098,Oil central heating,0,0,0,0,0,0,0,0,0,0,0,0
S01012098,Solid fuel (for example wood coal) central heating,4,1,3,3,0,3,0,0,0,1,1,0
S01012098,Other central heating,0,0,0,0,0,0,0,0,0,0,0,0
S01012098,Two or more types of central heating,21,1,20,20,0,20,0,0,0,1,1,0
S01012099,All people in households,787,208,579,598,44,554,116,93,23,73,71,2
S01012099,No central heating,16,8,8,10,2,8,1,1,0,5,5,0
S01012099,Gas central heating,695,163,532,545,34,511,95,76,19,55,53,2
S01012099,Electric (including storage heaters) central heating,62,32,30,35,6,29,16,15,1,11,11,0
S01012099,Oil central heating,0,0,0,0,0,0,0,0,0,0,0,0
S01012099,Solid fuel (for example wood coal) central heating,0,0,0,0,0,0,0,0,0,0,0,0
S01012099,Other central heating,0,0,0,0,0,0,0,0,0,0,0,0
S01012099,Two or more types of central heating,14,5,9,8,2,6,4,1,3,2,2,0
S01012100,All people in households,1089,260,829,828,64,764,172,110,62,89,86,3
S01012100,No central heating,18,4,14,11,1,10,5,1,4,2,2,0
S01012100,Gas central heating,1026,240,786,793,60,733,155,105,50,78,75,3
S01012100,Electric (including storage heaters) central heating,33,14,19,14,2,12,10,3,7,9,9,0
S01012100,Oil central heating,0,0,0,0,0,0,0,0,0,0,0,0
S01012100,Solid fuel (for example wood coal) central heating,0,0,0,0,0,0,0,0,0,0,0,0
S01012100,Other central heating,0,0,0,0,0,0,0,0,0,0,0,0
S01012100,Two or more types of central heating,12,2,10,10,1,9,2,1,1,0,0,0
S01012101,All people in households,785,125,660,683,43,640,77,58,19,25,24,1
S01012101,No central heating,2,0,2,2,0,2,0,0,0,0,0,0
S01012101,Gas central heating,758,119,639,664,42,622,72,56,16,22,21,1
S01012101,Electric (including storage heaters) central heating,12,5,7,6,1,5,4,2,2,2,2,0
S01012101,Oil central heating,0,0,0,0,0,0,0,0,0,0,0,0
S01012101,Solid fuel (for example wood coal) central heating,0,0,0,0,0,0,0,0,0,0,0,0
S01012101,Other central heating,3,0,3,3,0,3,0,0,0,0,0,0
S01012101,Two or more types of central heating,10,1,9,8,0,8,1,0,1,1,1,0
S01012102,All people in households,670,119,551,545,27,518,94,61,33,31,31,0
S01012102,No central heating,11,2,9,8,0,8,1,0,1,2,2,0
S01012102,Gas central heating,614,109,505,503,25,478,84,57,27,27,27,0
S01012102,Electric (including storage heaters) central heating,33,4,29,27,1,26,5,2,3,1,1,0
S01012102,Oil central heating,0,0,0,0,0,0,0,0,0,0,0,0
S01012102,Solid fuel (for example wood coal) central heating,0,0,0,0,0,0,0,0,0,0,0,0
S01012102,Other central heating,0,0,0,0,0,0,0,0,0,0,0,0
S01012102,Two or more types of central heating,12,4,8,7,1,6,4,2,2,1,1,0
S01012103,All people in households,925,150,775,787,44,743,91,59,32,47,47,0
S01012103,No central heating,10,4,6,5,0,5,2,1,1,3,3,0
S01012103,Gas central heating,855,134,721,731,40,691,83,53,30,41,41,0
S01012103,Electric (including storage heaters) central heating,45,11,34,38,4,34,4,4,0,3,3,0
S01012103,Oil central heating,0,0,0,0,0,0,0,0,0,0,0,0
S01012103,Solid fuel (for example wood coal) central heating,3,1,2,2,0,2,1,1,0,0,0,0
S01012103,Other central heating,0,0,0,0,0,0,0,0,0,0,0,0
S01012103,Two or more types of central heating,12,0,12,11,0,11,1,0,1,0,0,0
S01012104,All people in households,924,81,843,849,26,823,56,36,20,19,19,0
S01012104,No central heating,4,1,3,3,0,3,0,0,0,1,1,0
S01012104,Gas central heating,891,74,817,823,24,799,53,35,18,15,15,0
S01012104,Electric (including storage heaters) central heating,5,0,5,5,0,5,0,0,0,0,0,0
S01012104,Oil central heating,7,3,4,5,1,4,0,0,0,2,2,0
S01012104,Solid fuel (for example wood coal) central heating,0,0,0,0,0,0,0,0,0,0,0,0
S01012104,Other central heating,0,0,0,0,0,0,0,0,0,0,0,0
S01012104,Two or more types of central heating,17,3,14,13,1,12,3,1,2,1,1,0
S01012105,All people in households,1115,187,928,961,71,890,114,76,38,40,40,0
S01012105,No central heating,1,0,1,1,0,1,0,0,0,0,0,0
S01012105,Gas central heating,1045,170,875,913,70,843,98,66,32,34,34,0
S01012105,Electric (including storage heaters) central heating,42,12,30,28,1,27,10,7,3,4,4,0
S01012105,Oil central heating,10,0,10,10,0,10,0,0,0,0,0,0
S01012105,Solid fuel (for example wood coal) central heating,2,1,1,0,0,0,1,0,1,1,1,0
S01012105,Other central heating,2,0,2,2,0,2,0,0,0,0,0,0
S01012105,Two or more types of central heating,13,4,9,7,0,7,5,3,2,1,1,0
S01012106,All people in households,1101,130,971,980,46,934,90,54,36,31,30,1
S01012106,No central heating,25,6,19,18,1,17,4,2,2,3,3,0
S01012106,Gas central heating,943,89,854,859,34,825,60,32,28,24,23,1
S01012106,Electric (including storage heaters) central heating,128,35,93,98,11,87,26,20,6,4,4,0
S01012106,Oil central heating,0,0,0,0,0,0,0,0,0,0,0,0
S01012106,Solid fuel (for example wood coal) central heating,0,0,0,0,0,0,0,0,0,0,0,0
S01012106,Other central heating,1,0,1,1,0,1,0,0,0,0,0,0
S01012106,Two or more types of central heating,4,0,4,4,0,4,0,0,0,0,0,0
S01012107,All people in households,646,106,540,563,42,521,60,41,19,23,23,0
S01012107,No central heating,5,2,3,2,0,2,3,2,1,0,0,0
S01012107,Gas central heating,589,88,501,526,40,486,49,34,15,14,14,0
S01012107,Electric (including storage heaters) central heating,30,11,19,18,2,16,6,3,3,6,6,0
S01012107,Oil central heating,3,0,3,3,0,3,0,0,0,0,0,0
S01012107,Solid fuel (for example wood coal) central heating,3,0,3,3,0,3,0,0,0,0,0,0
S01012107,Other central heating,3,2,1,1,0,1,0,0,0,2,2,0
S01012107,Two or more types of central heating,13,3,10,10,0,10,2,2,0,1,1,0
S01012108,All people in households,908,357,551,566,76,490,227,170,57,115,111,4
S01012108,No central heating,63,22,41,37,1,36,18,13,5,8,8,0
S01012108,Gas central heating,399,113,286,303,36,267,69,50,19,27,27,0
S01012108,Electric (including storage heaters) central heating,205,110,95,102,20,82,63,53,10,40,37,3
S01012108,Oil central heating,9,6,3,5,2,3,1,1,0,3,3,0
S01012108,Solid fuel (for example wood coal) central heating,2,2,0,0,0,0,2,2,0,0,0,0
S01012108,Other central heating,220,103,117,110,16,94,73,51,22,37,36,1
S01012108,Two or more types of central heating,10,1,9,9,1,8,1,0,1,0,0,0
S01012109,All people in households,922,210,712,731,48,683,118,89,29,73,73,0
S01012109,No central heating,37,9,28,30,3,27,6,5,1,1,1,0
S01012109,Gas central heating,658,140,518,526,32,494,84,60,24,48,48,0
S01012109,Electric (including storage heaters) central heating,190,49,141,149,12,137,21,17,4,20,20,0
S01012109,Oil central heating,0,0,0,0,0,0,0,0,0,0,0,0
S01012109,Solid fuel (for example wood coal) central heating,0,0,0,0,0,0,0,0,0,0,0,0
S01012109,Other central heating,7,3,4,4,0,4,2,2,0,1,1,0
S01012109,Two or more types of central heating,30,9,21,22,1,21,5,5,0,3,3,0
S01012110,All people in households,700,219,481,500,50,450,138,108,30,62,61,1
S01012110,No central heating,30,8,22,24,2,22,3,3,0,3,3,0
S01012110,Gas central heating,518,156,362,380,37,343,90,72,18,48,47,1
S01012110,Electric (including storage heaters) central heating,132,47,85,84,10,74,37,26,11,11,11,0
S01012110,Oil central heating,0,0,0,0,0,0,0,0,0,0,0,0
S01012110,Solid fuel (for example wood coal) central heating,2,0,2,2,0,2,0,0,0,0,0,0
S01012110,Other central heating,4,0,4,4,0,4,0,0,0,0,0,0
S01012110,Two or more types of central heating,14,8,6,6,1,5,8,7,1,0,0,0
S01012111,All people in households,558,133,425,418,33,385,102,65,37,38,35,3
S01012111,No central heating,14,0,14,14,0,14,0,0,0,0,0,0
S01012111,Gas central heating,497,108,389,382,30,352,83,49,34,32,29,3
S01012111,Electric (including storage heaters) central heating,36,20,16,17,2,15,15,14,1,4,4,0
S01012111,Oil central heating,0,0,0,0,0,0,0,0,0,0,0,0
S01012111,Solid fuel (for example wood coal) central heating,0,0,0,0,0,0,0,0,0,0,0,0
S01012111,Other central heating,7,3,4,4,1,3,2,1,1,1,1,0
S01012111,Two or more types of central heating,4,2,2,1,0,1,2,1,1,1,1,0
S01012112,All people in households,731,225,506,517,54,463,145,104,41,69,67,2
S01012112,No central heating,7,5,2,4,2,2,3,3,0,0,0,0
S01012112,Gas central heating,650,181,469,471,42,429,123,85,38,56,54,2
S01012112,Electric (including storage heaters) central heating,51,29,22,28,9,19,13,10,3,10,10,0
S01012112,Oil central heating,2,0,2,2,0,2,0,0,0,0,0,0
S01012112,Solid fuel (for example wood coal) central heating,0,0,0,0,0,0,0,0,0,0,0,0
S01012112,Other central heating,5,3,2,2,0,2,3,3,0,0,0,0
S01012112,Two or more types of central heating,16,7,9,10,1,9,3,3,0,3,3,0
S01012113,All people in households,990,239,751,766,64,702,141,97,44,83,78,5
S01012113,No central heating,15,9,6,8,3,5,3,2,1,4,4,0
S01012113,Gas central heating,898,202,696,707,54,653,125,87,38,66,61,5
S01012113,Electric (including storage heaters) central heating,68,22,46,48,7,41,10,5,5,10,10,0
S01012113,Oil central heating,1,0,1,1,0,1,0,0,0,0,0,0
S01012113,Solid fuel (for example wood coal) central heating,0,0,0,0,0,0,0,0,0,0,0,0
S01012113,Other central heating,3,3,0,0,0,0,2,2,0,1,1,0
S01012113,Two or more types of central heating,5,3,2,2,0,2,1,1,0,2,2,0
S01012114,All people in households,820,114,706,711,33,678,86,60,26,23,21,2
S01012114,No central heating,9,1,8,9,1,8,0,0,0,0,0,0
S01012114,Gas central heating,770,103,667,676,32,644,75,54,21,19,17,2
S01012114,Electric (including storage heaters) central heating,26,7,19,15,0,15,7,3,4,4,4,0
S01012114,Oil central heating,2,0,2,2,0,2,0,0,0,0,0,0
S01012114,Solid fuel (for example wood coal) central heating,2,2,0,0,0,0,2,2,0,0,0,0
S01012114,Other central heating,6,0,6,5,0,5,1,0,1,0,0,0
S01012114,Two or more types of central heating,5,1,4,4,0,4,1,1,0,0,0,0
S01012115,All people in households,517,132,385,399,42,357,87,60,27,31,30,1
S01012115,No central heating,9,3,6,5,0,5,4,3,1,0,0,0
S01012115,Gas central heating,475,122,353,372,40,332,74,53,21,29,29,0
S01012115,Electric (including storage heaters) central heating,31,7,24,20,2,18,9,4,5,2,1,1
S01012115,Oil central heating,0,0,0,0,0,0,0,0,0,0,0,0
S01012115,Solid fuel (for example wood coal) central heating,0,0,0,0,0,0,0,0,0,0,0,0
S01012115,Other central heating,0,0,0,0,0,0,0,0,0,0,0,0
S01012115,Two or more types of central heating,2,0,2,2,0,2,0,0,0,0,0,0
S01012116,All people in households,591,137,454,473,46,427,88,61,27,30,30,0
S01012116,No central heating,11,5,6,6,0,6,2,2,0,3,3,0
S01012116,Gas central heating,523,115,408,422,38,384,76,52,24,25,25,0
S01012116,Electric (including storage heaters) central heating,39,13,26,29,6,23,8,5,3,2,2,0
S01012116,Oil central heating,0,0,0,0,0,0,0,0,0,0,0,0
S01012116,Solid fuel (for example wood coal) central heating,0,0,0,0,0,0,0,0,0,0,0,0
S01012116,Other central heating,1,1,0,0,0,0,1,1,0,0,0,0
S01012116,Two or more types of central heating,17,3,14,16,2,14,1,1,0,0,0,0
S01012117,All people in households,807,65,742,753,28,725,38,21,17,16,16,0
S01012117,No central heating,1,1,0,0,0,0,0,0,0,1,1,0
S01012117,Gas central heating,788,61,727,738,27,711,35,19,16,15,15,0
S01012117,Electric (including storage heaters) central heating,7,3,4,5,1,4,2,2,0,0,0,0
S01012117,Oil central heating,1,0,1,1,0,1,0,0,0,0,0,0
S01012117,Solid fuel (for example wood coal) central heating,0,0,0,0,0,0,0,0,0,0,0,0
S01012117,Other central heating,0,0,0,0,0,0,0,0,0,0,0,0
S01012117,Two or more types of central heating,10,0,10,9,0,9,1,0,1,0,0,0
S01012118,All people in households,661,74,587,586,22,564,56,33,23,19,19,0
S01012118,No central heating,1,0,1,1,0,1,0,0,0,0,0,0
S01012118,Gas central heating,650,72,578,576,21,555,55,32,23,19,19,0
S01012118,Electric (including storage heaters) central heating,5,2,3,4,1,3,1,1,0,0,0,0
S01012118,Oil central heating,0,0,0,0,0,0,0,0,0,0,0,0
S01012118,Solid fuel (for example wood coal) central heating,0,0,0,0,0,0,0,0,0,0,0,0
S01012118,Other central heating,0,0,0,0,0,0,0,0,0,0,0,0
S01012118,Two or more types of central heating,5,0,5,5,0,5,0,0,0,0,0,0
S01012119,All people in households,900,150,750,769,56,713,102,66,36,29,28,1
S01012119,No central heating,11,1,10,10,0,10,1,1,0,0,0,0
S01012119,Gas central heating,855,134,721,740,52,688,91,59,32,24,23,1
S01012119,Electric (including storage heaters) central heating,29,13,16,19,4,15,6,5,1,4,4,0
S01012119,Oil central heating,1,0,1,0,0,0,1,0,1,0,0,0
S01012119,Solid fuel (for example wood coal) central heating,0,0,0,0,0,0,0,0,0,0,0,0
S01012119,Other central heating,2,2,0,0,0,0,1,1,0,1,1,0
S01012119,Two or more types of central heating,2,0,2,0,0,0,2,0,2,0,0,0
S01012120,All people in households,583,126,457,481,43,438,67,49,18,35,34,1
S01012120,No central heating,37,6,31,29,1,28,8,5,3,0,0,0
S01012120,Gas central heating,445,100,345,371,37,334,44,33,11,30,30,0
S01012120,Electric (including storage heaters) central heating,90,18,72,73,5,68,13,9,4,4,4,0
S01012120,Oil central heating,1,0,1,1,0,1,0,0,0,0,0,0
S01012120,Solid fuel (for example wood coal) central heating,0,0,0,0,0,0,0,0,0,0,0,0
S01012120,Other central heating,1,1,0,0,0,0,1,1,0,0,0,0
S01012120,Two or more types of central heating,9,1,8,7,0,7,1,1,0,1,0,1
S01012121,All people in households,903,229,674,676,53,623,152,105,47,75,71,4
S01012121,No central heating,10,2,8,5,0,5,4,1,3,1,1,0
S01012121,Gas central heating,845,209,636,639,47,592,137,97,40,69,65,4
S01012121,Electric (including storage heaters) central heating,27,10,17,18,2,16,6,5,1,3,3,0
S01012121,Oil central heating,0,0,0,0,0,0,0,0,0,0,0,0
S01012121,Solid fuel (for example wood coal) central heating,1,0,1,1,0,1,0,0,0,0,0,0
S01012121,Other central heating,0,0,0,0,0,0,0,0,0,0,0,0
S01012121,Two or more types of central heating,20,8,12,13,4,9,5,2,3,2,2,0
S01012122,All people in households,764,181,583,594,42,552,101,72,29,69,67,2
S01012122,No central heating,15,6,9,10,1,9,3,3,0,2,2,0
S01012122,Gas central heating,715,165,550,558,38,520,93,65,28,64,62,2
S01012122,Electric (including storage heaters) central heating,24,8,16,19,3,16,3,3,0,2,2,0
S01012122,Oil central heating,0,0,0,0,0,0,0,0,0,0,0,0
S01012122,Solid fuel (for example wood coal) central heating,1,0,1,1,0,1,0,0,0,0,0,0
S01012122,Other central heating,6,1,5,5,0,5,0,0,0,1,1,0
S01012122,Two or more types of central heating,3,1,2,1,0,1,2,1,1,0,0,0
S01012123,All people in households,510,103,407,417,40,377,64,36,28,29,27,2
S01012123,No central heating,20,3,17,19,2,17,0,0,0,1,1,0
S01012123,Gas central heating,454,87,367,377,32,345,52,31,21,25,24,1
S01012123,Electric (including storage heaters) central heating,29,11,18,16,6,10,11,4,7,2,1,1
S01012123,Oil central heating,2,0,2,2,0,2,0,0,0,0,0,0
S01012123,Solid fuel (for example wood coal) central heating,0,0,0,0,0,0,0,0,0,0,0,0
S01012123,Other central heating,1,1,0,0,0,0,1,1,0,0,0,0
S01012123,Two or more types of central heating,4,1,3,3,0,3,0,0,0,1,1,0
S01012124,All people in households,503,83,420,409,11,398,65,44,21,29,28,1
S01012124,No central heating,6,2,4,4,0,4,2,2,0,0,0,0
S01012124,Gas central heating,479,79,400,389,11,378,62,41,21,28,27,1
S01012124,Electric (including storage heaters) central heating,14,2,12,12,0,12,1,1,0,1,1,0
S01012124,Oil central heating,0,0,0,0,0,0,0,0,0,0,0,0
S01012124,Solid fuel (for example wood coal) central heating,0,0,0,0,0,0,0,0,0,0,0,0
S01012124,Other central heating,0,0,0,0,0,0,0,0,0,0,0,0
S01012124,Two or more types of central heating,4,0,4,4,0,4,0,0,0,0,0,0
S01012125,All people in households,782,219,563,576,60,516,141,95,46,65,64,1
S01012125,No central heating,18,3,15,13,1,12,4,1,3,1,1,0
S01012125,Gas central heating,600,169,431,441,49,392,110,72,38,49,48,1
S01012125,Electric (including storage heaters) central heating,131,38,93,97,8,89,23,19,4,11,11,0
S01012125,Oil central heating,0,0,0,0,0,0,0,0,0,0,0,0
S01012125,Solid fuel (for example wood coal) central heating,0,0,0,0,0,0,0,0,0,0,0,0
S01012125,Other central heating,15,3,12,11,0,11,2,1,1,2,2,0
S01012125,Two or more types of central heating,18,6,12,14,2,12,2,2,0,2,2,0
S01012126,All people in households,753,98,655,668,33,635,52,32,20,33,33,0
S01012126,No central heating,20,4,16,14,1,13,5,2,3,1,1,0
S01012126,Gas central heating,580,70,510,523,26,497,34,21,13,23,23,0
S01012126,Electric (including storage heaters) central heating,129,18,111,111,3,108,10,7,3,8,8,0
S01012126,Oil central heating,0,0,0,0,0,0,0,0,0,0,0,0
S01012126,Solid fuel (for example wood coal) central heating,0,0,0,0,0,0,0,0,0,0,0,0
S01012126,Other central heating,7,3,4,6,2,4,0,0,0,1,1,0
S01012126,Two or more types of central heating,17,3,14,14,1,13,3,2,1,0,0,0
S01012127,All people in households,849,154,695,678,30,648,120,76,44,51,48,3
S01012127,No central heating,82,18,64,59,4,55,17,8,9,6,6,0
S01012127,Gas central heating,591,102,489,475,17,458,76,48,28,40,37,3
S01012127,Electric (including storage heaters) central heating,143,32,111,116,9,107,22,18,4,5,5,0
S01012127,Oil central heating,0,0,0,0,0,0,0,0,0,0,0,0
S01012127,Solid fuel (for example wood coal) central heating,0,0,0,0,0,0,0,0,0,0,0,0
S01012127,Other central heating,9,1,8,8,0,8,1,1,0,0,0,0
S01012127,Two or more types of central heating,24,1,23,20,0,20,4,1,3,0,0,0
S01012128,All people in households,510,83,427,432,21,411,48,32,16,30,30,0
S01012128,No central heating,3,1,2,2,0,2,0,0,0,1,1,0
S01012128,Gas central heating,467,72,395,401,21,380,43,28,15,23,23,0
S01012128,Electric (including storage heaters) central heating,24,6,18,17,0,17,4,3,1,3,3,0
S01012128,Oil central heating,0,0,0,0,0,0,0,0,0,0,0,0
S01012128,Solid fuel (for example wood coal) central heating,3,2,1,1,0,1,0,0,0,2,2,0
S01012128,Other central heating,2,2,0,0,0,0,1,1,0,1,1,0
S01012128,Two or more types of central heating,11,0,11,11,0,11,0,0,0,0,0,0
S01012129,All people in households,669,183,486,492,46,446,117,78,39,60,59,1
S01012129,No central heating,38,13,25,25,2,23,6,5,1,7,6,1
S01012129,Gas central heating,507,145,362,377,40,337,88,63,25,42,42,0
S01012129,Electric (including storage heaters) central heating,104,20,84,74,2,72,21,9,12,9,9,0
S01012129,Oil central heating,7,0,7,6,0,6,1,0,1,0,0,0
S01012129,Solid fuel (for example wood coal) central heating,0,0,0,0,0,0,0,0,0,0,0,0
S01012129,Other central heating,3,1,2,2,0,2,0,0,0,1,1,0
S01012129,Two or more types of central heating,10,4,6,8,2,6,1,1,0,1,1,0
S01012130,All people in households,1002,308,694,696,69,627,224,159,65,82,80,2
S01012130,No central heating,15,4,11,9,0,9,3,1,2,3,3,0
S01012130,Gas central heating,505,168,337,344,38,306,111,81,30,50,49,1
S01012130,Electric (including storage heaters) central heating,412,113,299,299,28,271,92,64,28,21,21,0
S01012130,Oil central heating,7,3,4,4,1,3,1,1,0,2,1,1
S01012130,Solid fuel (for example wood coal) central heating,0,0,0,0,0,0,0,0,0,0,0,0
S01012130,Other central heating,45,17,28,24,1,23,17,12,5,4,4,0
S01012130,Two or more types of central heating,18,3,15,16,1,15,0,0,0,2,2,0
S01012131,All people in households,962,263,699,709,70,639,168,110,58,85,83,2
S01012131,No central heating,68,24,44,46,4,42,8,6,2,14,14,0
S01012131,Gas central heating,567,158,409,422,43,379,97,68,29,48,47,1
S01012131,Electric (including storage heaters) central heating,146,37,109,108,12,96,31,18,13,7,7,0
S01012131,Oil central heating,8,3,5,5,0,5,2,2,0,1,1,0
S01012131,Solid fuel (for example wood coal) central heating,3,1,2,2,0,2,0,0,0,1,1,0
S01012131,Other central heating,151,33,118,115,10,105,27,14,13,9,9,0
S01012131,Two or more types of central heating,19,7,12,11,1,10,3,2,1,5,4,1
S01012132,All people in households,684,161,523,529,32,497,104,79,25,51,50,1
S01012132,No central heating,24,3,21,21,0,21,2,2,0,1,1,0
S01012132,Gas central heating,529,117,412,422,27,395,68,52,16,39,38,1
S01012132,Electric (including storage heaters) central heating,119,36,83,77,3,74,31,22,9,11,11,0
S01012132,Oil central heating,0,0,0,0,0,0,0,0,0,0,0,0
S01012132,Solid fuel (for example wood coal) central heating,0,0,0,0,0,0,0,0,0,0,0,0
S01012132,Other central heating,1,1,0,1,1,0,0,0,0,0,0,0
S01012132,Two or more types of central heating,11,4,7,8,1,7,3,3,0,0,0,0
S01012133,All people in households,750,116,634,624,33,591,78,43,35,48,40,8
S01012133,No central heating,27,9,18,17,1,16,8,6,2,2,2,0
S01012133,Gas central heating,645,96,549,542,30,512,64,34,30,39,32,7
S01012133,Electric (including storage heaters) central heating,41,6,35,35,1,34,3,2,1,3,3,0
S01012133,Oil central heating,0,0,0,0,0,0,0,0,0,0,0,0
S01012133,Solid fuel (for example wood coal) central heating,0,0,0,0,0,0,0,0,0,0,0,0
S01012133,Other central heating,8,0,8,8,0,8,0,0,0,0,0,0
S01012133,Two or more types of central heating,29,5,24,22,1,21,3,1,2,4,3,1
S01012134,All people in households,1090,239,851,871,63,808,157,114,43,62,62,0
S01012134,No central heating,21,5,16,16,1,15,4,3,1,1,1,0
S01012134,Gas central heating,832,157,675,688,41,647,102,74,28,42,42,0
S01012134,Electric (including storage heaters) central heating,221,74,147,154,21,133,50,36,14,17,17,0
S01012134,Oil central heating,0,0,0,0,0,0,0,0,0,0,0,0
S01012134,Solid fuel (for example wood coal) central heating,0,0,0,0,0,0,0,0,0,0,0,0
S01012134,Other central heating,0,0,0,0,0,0,0,0,0,0,0,0
S01012134,Two or more types of central heating,16,3,13,13,0,13,1,1,0,2,2,0
S01012135,All people in households,878,243,635,623,53,570,149,89,60,106,101,5
S01012135,No central heating,20,8,12,14,2,12,2,2,0,4,4,0
S01012135,Gas central heating,741,206,535,530,46,484,120,73,47,91,87,4
S01012135,Electric (including storage heaters) central heating,80,20,60,55,4,51,19,10,9,6,6,0
S01012135,Oil central heating,0,0,0,0,0,0,0,0,0,0,0,0
S01012135,Solid fuel (for example wood coal) central heating,0,0,0,0,0,0,0,0,0,0,0,0
S01012135,Other central heating,7,3,4,4,1,3,2,1,1,1,1,0
S01012135,Two or more types of central heating,30,6,24,20,0,20,6,3,3,4,3,1
S01012136,All people in households,835,201,634,647,46,601,94,63,31,94,92,2
S01012136,No central heating,38,13,25,23,0,23,9,7,2,6,6,0
S01012136,Gas central heating,681,158,523,533,36,497,73,49,24,75,73,2
S01012136,Electric (including storage heaters) central heating,85,22,63,69,8,61,6,4,2,10,10,0
S01012136,Oil central heating,0,0,0,0,0,0,0,0,0,0,0,0
S01012136,Solid fuel (for example wood coal) central heating,0,0,0,0,0,0,0,0,0,0,0,0
S01012136,Other central heating,1,1,0,0,0,0,1,1,0,0,0,0
S01012136,Two or more types of central heating,30,7,23,22,2,20,5,2,3,3,3,0
S01012137,All people in households,671,212,459,472,50,422,118,83,35,81,79,2
S01012137,No central heating,14,6,8,5,0,5,7,4,3,2,2,0
S01012137,Gas central heating,524,146,378,384,33,351,75,49,26,65,64,1
S01012137,Electric (including storage heaters) central heating,108,52,56,65,16,49,31,25,6,12,11,1
S01012137,Oil central heating,0,0,0,0,0,0,0,0,0,0,0,0
S01012137,Solid fuel (for example wood coal) central heating,0,0,0,0,0,0,0,0,0,0,0,0
S01012137,Other central heating,9,1,8,8,0,8,1,1,0,0,0,0
S01012137,Two or more types of central heating,16,7,9,10,1,9,4,4,0,2,2,0
S01012138,All people in households,904,196,708,723,45,678,118,90,28,63,61,2
S01012138,No central heating,13,4,9,5,0,5,7,3,4,1,1,0
S01012138,Gas central heating,856,181,675,692,42,650,106,83,23,58,56,2
S01012138,Electric (including storage heaters) central heating,24,11,13,16,3,13,4,4,0,4,4,0
S01012138,Oil central heating,1,0,1,0,0,0,1,0,1,0,0,0
S01012138,Solid fuel (for example wood coal) central heating,0,0,0,0,0,0,0,0,0,0,0,0
S01012138,Other central heating,2,0,2,2,0,2,0,0,0,0,0,0
S01012138,Two or more types of central heating,8,0,8,8,0,8,0,0,0,0,0,0
S01012139,All people in households,940,240,700,728,57,671,137,110,27,75,73,2
S01012139,No central heating,5,3,2,2,1,1,2,1,1,1,1,0
S01012139,Gas central heating,910,230,680,711,56,655,129,106,23,70,68,2
S01012139,Electric (including storage heaters) central heating,13,3,10,7,0,7,5,2,3,1,1,0
S01012139,Oil central heating,0,0,0,0,0,0,0,0,0,0,0,0
S01012139,Solid fuel (for example wood coal) central heating,0,0,0,0,0,0,0,0,0,0,0,0
S01012139,Other central heating,0,0,0,0,0,0,0,0,0,0,0,0
S01012139,Two or more types of central heating,12,4,8,8,0,8,1,1,0,3,3,0
S01012140,All people in households,519,63,456,464,24,440,45,29,16,10,10,0
S01012140,No central heating,1,1,0,0,0,0,0,0,0,1,1,0
S01012140,Gas central heating,505,59,446,455,24,431,41,26,15,9,9,0
S01012140,Electric (including storage heaters) central heating,7,2,5,5,0,5,2,2,0,0,0,0
S01012140,Oil central heating,2,1,1,0,0,0,2,1,1,0,0,0
S01012140,Solid fuel (for example wood coal) central heating,0,0,0,0,0,0,0,0,0,0,0,0
S01012140,Other central heating,0,0,0,0,0,0,0,0,0,0,0,0
S01012140,Two or more types of central heating,4,0,4,4,0,4,0,0,0,0,0,0
S01012141,All people in households,1014,157,857,890,58,832,95,70,25,29,29,0
S01012141,No central heating,6,2,4,3,1,2,3,1,2,0,0,0
S01012141,Gas central heating,977,146,831,862,54,808,88,65,23,27,27,0
S01012141,Electric (including storage heaters) central heating,26,9,17,20,3,17,4,4,0,2,2,0
S01012141,Oil central heating,4,0,4,4,0,4,0,0,0,0,0,0
S01012141,Solid fuel (for example wood coal) central heating,0,0,0,0,0,0,0,0,0,0,0,0
S01012141,Other central heating,1,0,1,1,0,1,0,0,0,0,0,0
S01012141,Two or more types of central heating,0,0,0,0,0,0,0,0,0,0,0,0
S01012142,All people in households,952,163,789,811,58,753,105,69,36,36,36,0
S01012142,No central heating,7,0,7,5,0,5,2,0,2,0,0,0
S01012142,Gas central heating,908,154,754,778,55,723,98,67,31,32,32,0
S01012142,Electric (including storage heaters) central heating,18,6,12,12,2,10,4,2,2,2,2,0
S01012142,Oil central heating,0,0,0,0,0,0,0,0,0,0,0,0
S01012142,Solid fuel (for example wood coal) central heating,2,2,0,0,0,0,0,0,0,2,2,0
S01012142,Other central heating,0,0,0,0,0,0,0,0,0,0,0,0
S01012142,Two or more types of central heating,17,1,16,16,1,15,1,0,1,0,0,0
S01012143,All people in households,869,165,704,733,59,674,105,76,29,31,30,1
S01012143,No central heating,9,1,8,8,1,7,1,0,1,0,0,0
S01012143,Gas central heating,848,160,688,715,56,659,103,75,28,30,29,1
S01012143,Electric (including storage heaters) central heating,5,3,2,3,1,2,1,1,0,1,1,0
S01012143,Oil central heating,7,1,6,7,1,6,0,0,0,0,0,0
S01012143,Solid fuel (for example wood coal) central heating,0,0,0,0,0,0,0,0,0,0,0,0
S01012143,Other central heating,0,0,0,0,0,0,0,0,0,0,0,0
S01012143,Two or more types of central heating,0,0,0,0,0,0,0,0,0,0,0,0
S01012144,All people in households,1046,202,844,884,64,820,114,90,24,48,48,0
S01012144,No central heating,10,0,10,10,0,10,0,0,0,0,0,0
S01012144,Gas central heating,1007,194,813,847,58,789,113,89,24,47,47,0
S01012144,Electric (including storage heaters) central heating,22,6,16,21,5,16,1,1,0,0,0,0
S01012144,Oil central heating,0,0,0,0,0,0,0,0,0,0,0,0
S01012144,Solid fuel (for example wood coal) central heating,0,0,0,0,0,0,0,0,0,0,0,0
S01012144,Other central heating,1,1,0,0,0,0,0,0,0,1,1,0
S01012144,Two or more types of central heating,6,1,5,6,1,5,0,0,0,0,0,0
S01012145,All people in households,1019,149,870,892,55,837,83,51,32,44,43,1
S01012145,No central heating,5,2,3,1,0,1,2,1,1,2,1,1
S01012145,Gas central heating,981,137,844,865,51,814,76,46,30,40,40,0
S01012145,Electric (including storage heaters) central heating,14,5,9,12,3,9,2,2,0,0,0,0
S01012145,Oil central heating,4,1,3,2,0,2,1,0,1,1,1,0
S01012145,Solid fuel (for example wood coal) central heating,0,0,0,0,0,0,0,0,0,0,0,0
S01012145,Other central heating,0,0,0,0,0,0,0,0,0,0,0,0
S01012145,Two or more types of central heating,15,4,11,12,1,11,2,2,0,1,1,0
S01012146,All people in households,979,281,698,721,74,647,167,120,47,91,87,4
S01012146,No central heating,7,0,7,4,0,4,3,0,3,0,0,0
S01012146,Gas central heating,921,256,665,689,68,621,150,109,41,82,79,3
S01012146,Electric (including storage heaters) central heating,25,12,13,14,2,12,8,7,1,3,3,0
S01012146,Oil central heating,0,0,0,0,0,0,0,0,0,0,0,0
S01012146,Solid fuel (for example wood coal) central heating,0,0,0,0,0,0,0,0,0,0,0,0
S01012146,Other central heating,5,4,1,0,0,0,3,2,1,2,2,0
S01012146,Two or more types of central heating,21,9,12,14,4,10,3,2,1,4,3,1
S01012147,All people in households,753,214,539,543,49,494,138,95,43,72,70,2
S01012147,No central heating,15,7,8,9,2,7,5,4,1,1,1,0
S01012147,Gas central heating,693,189,504,507,46,461,123,82,41,63,61,2
S01012147,Electric (including storage heaters) central heating,29,8,21,20,0,20,5,4,1,4,4,0
S01012147,Oil central heating,0,0,0,0,0,0,0,0,0,0,0,0
S01012147,Solid fuel (for example wood coal) central heating,0,0,0,0,0,0,0,0,0,0,0,0
S01012147,Other central heating,6,4,2,2,0,2,4,4,0,0,0,0
S01012147,Two or more types of central heating,10,6,4,5,1,4,1,1,0,4,4,0
S01012148,All people in households,756,204,552,570,55,515,116,82,34,70,67,3
S01012148,No central heating,16,5,11,10,0,10,4,3,1,2,2,0
S01012148,Gas central heating,552,138,414,423,34,389,72,49,23,57,55,2
S01012148,Electric (including storage heaters) central heating,154,49,105,114,19,95,31,22,9,9,8,1
S01012148,Oil central heating,0,0,0,0,0,0,0,0,0,0,0,0
S01012148,Solid fuel (for example wood coal) central heating,2,1,1,2,1,1,0,0,0,0,0,0
S01012148,Other central heating,8,5,3,3,0,3,4,4,0,1,1,0
S01012148,Two or more types of central heating,24,6,18,18,1,17,5,4,1,1,1,0
S01012149,All people in households,800,135,665,686,40,646,80,61,19,34,34,0
S01012149,No central heating,24,7,17,19,2,17,2,2,0,3,3,0
S01012149,Gas central heating,660,100,560,578,32,546,60,46,14,22,22,0
S01012149,Electric (including storage heaters) central heating,109,26,83,84,6,78,17,12,5,8,8,0
S01012149,Oil central heating,0,0,0,0,0,0,0,0,0,0,0,0
S01012149,Solid fuel (for example wood coal) central heating,0,0,0,0,0,0,0,0,0,0,0,0
S01012149,Other central heating,2,0,2,2,0,2,0,0,0,0,0,0
S01012149,Two or more types of central heating,5,2,3,3,0,3,1,1,0,1,1,0
S01012150,All people in households,778,210,568,581,57,524,127,83,44,70,70,0
S01012150,No central heating,31,6,25,23,0,23,7,5,2,1,1,0
S01012150,Gas central heating,608,158,450,462,47,415,94,59,35,52,52,0
S01012150,Electric (including storage heaters) central heating,120,39,81,83,8,75,24,18,6,13,13,0
S01012150,Oil central heating,0,0,0,0,0,0,0,0,0,0,0,0
S01012150,Solid fuel (for example wood coal) central heating,0,0,0,0,0,0,0,0,0,0,0,0
S01012150,Other central heating,0,0,0,0,0,0,0,0,0,0,0,0
S01012150,Two or more types of central heating,19,7,12,13,2,11,2,1,1,4,4,0
S01012151,All people in households,760,234,526,543,47,496,136,108,28,81,79,2
S01012151,No central heating,16,6,10,9,1,8,5,3,2,2,2,0
S01012151,Gas central heating,688,199,489,505,42,463,111,87,24,72,70,2
S01012151,Electric (including storage heaters) central heating,39,23,16,19,3,16,14,14,0,6,6,0
S01012151,Oil central heating,2,0,2,2,0,2,0,0,0,0,0,0
S01012151,Solid fuel (for example wood coal) central heating,0,0,0,0,0,0,0,0,0,0,0,0
S01012151,Other central heating,9,2,7,6,0,6,3,2,1,0,0,0
S01012151,Two or more types of central heating,6,4,2,2,1,1,3,2,1,1,1,0
S01012152,All people in households,744,226,518,556,63,493,112,87,25,76,76,0
S01012152,No central heating,20,7,13,15,2,13,4,4,0,1,1,0
S01012152,Gas central heating,679,202,477,513,58,455,101,79,22,65,65,0
S01012152,Electric (including storage heaters) central heating,24,8,16,14,0,14,4,2,2,6,6,0
S01012152,Oil central heating,3,1,2,3,1,2,0,0,0,0,0,0
S01012152,Solid fuel (for example wood coal) central heating,0,0,0,0,0,0,0,0,0,0,0,0
S01012152,Other central heating,2,1,1,1,0,1,1,1,0,0,0,0
S01012152,Two or more types of central heating,16,7,9,10,2,8,2,1,1,4,4,0
S01012153,All people in households,538,133,405,403,24,379,79,53,26,56,56,0
S01012153,No central heating,24,5,19,20,2,18,3,2,1,1,1,0
S01012153,Gas central heating,433,113,320,319,19,300,64,44,20,50,50,0
S01012153,Electric (including storage heaters) central heating,69,9,60,58,2,56,9,5,4,2,2,0
S01012153,Oil central heating,0,0,0,0,0,0,0,0,0,0,0,0
S01012153,Solid fuel (for example wood coal) central heating,0,0,0,0,0,0,0,0,0,0,0,0
S01012153,Other central heating,3,0,3,2,0,2,1,0,1,0,0,0
S01012153,Two or more types of central heating,9,6,3,4,1,3,2,2,0,3,3,0
S01012154,All people in households,777,219,558,562,47,515,135,92,43,80,80,0
S01012154,No central heating,37,8,29,29,0,29,3,3,0,5,5,0
S01012154,Gas central heating,461,124,337,337,26,311,81,55,26,43,43,0
S01012154,Electric (including storage heaters) central heating,249,75,174,172,15,157,49,32,17,28,28,0
S01012154,Oil central heating,1,0,1,1,0,1,0,0,0,0,0,0
S01012154,Solid fuel (for example wood coal) central heating,0,0,0,0,0,0,0,0,0,0,0,0
S01012154,Other central heating,11,4,7,10,3,7,0,0,0,1,1,0
S01012154,Two or more types of central heating,18,8,10,13,3,10,2,2,0,3,3,0
S01012155,All people in households,546,158,388,388,32,356,100,70,30,58,56,2
S01012155,No central heating,37,6,31,31,1,30,5,4,1,1,1,0
S01012155,Gas central heating,401,110,291,292,25,267,71,48,23,38,37,1
S01012155,Electric (including storage heaters) central heating,87,34,53,53,5,48,17,13,4,17,16,1
S01012155,Oil central heating,0,0,0,0,0,0,0,0,0,0,0,0
S01012155,Solid fuel (for example wood coal) central heating,0,0,0,0,0,0,0,0,0,0,0,0
S01012155,Other central heating,6,3,3,3,1,2,2,1,1,1,1,0
S01012155,Two or more types of central heating,15,5,10,9,0,9,5,4,1,1,1,0
S01012156,All people in households,605,208,397,407,45,362,125,92,33,73,71,2
S01012156,No central heating,16,7,9,9,1,8,5,4,1,2,2,0
S01012156,Gas central heating,454,147,307,312,32,280,92,65,27,50,50,0
S01012156,Electric (including storage heaters) central heating,126,54,72,79,12,67,28,23,5,19,19,0
S01012156,Oil central heating,0,0,0,0,0,0,0,0,0,0,0,0
S01012156,Solid fuel (for example wood coal) central heating,0,0,0,0,0,0,0,0,0,0,0,0
S01012156,Other central heating,5,0,5,3,0,3,0,0,0,2,0,2
S01012156,Two or more types of central heating,4,0,4,4,0,4,0,0,0,0,0,0
S01012157,All people in households,989,184,805,813,50,763,121,81,40,55,53,2
S01012157,No central heating,35,6,29,30,1,29,3,3,0,2,2,0
S01012157,Gas central heating,733,144,589,595,37,558,94,65,29,44,42,2
S01012157,Electric (including storage heaters) central heating,201,33,168,168,11,157,24,13,11,9,9,0
S01012157,Oil central heating,0,0,0,0,0,0,0,0,0,0,0,0
S01012157,Solid fuel (for example wood coal) central heating,0,0,0,0,0,0,0,0,0,0,0,0
S01012157,Other central heating,0,0,0,0,0,0,0,0,0,0,0,0
S01012157,Two or more types of central heating,20,1,19,20,1,19,0,0,0,0,0,0
S01012158,All people in households,1068,140,928,932,43,889,110,72,38,26,25,1
S01012158,No central heating,25,7,18,16,0,16,7,5,2,2,2,0
S01012158,Gas central heating,852,113,739,749,36,713,81,56,25,22,21,1
S01012158,Electric (including storage heaters) central heating,168,20,148,147,7,140,19,11,8,2,2,0
S01012158,Oil central heating,0,0,0,0,0,0,0,0,0,0,0,0
S01012158,Solid fuel (for example wood coal) central heating,0,0,0,0,0,0,0,0,0,0,0,0
S01012158,Other central heating,0,0,0,0,0,0,0,0,0,0,0,0
S01012158,Two or more types of central heating,23,0,23,20,0,20,3,0,3,0,0,0
S01012159,All people in households,503,100,403,409,31,378,78,53,25,16,16,0
S01012159,No central heating,7,1,6,5,0,5,2,1,1,0,0,0
S01012159,Gas central heating,487,96,391,398,30,368,74,51,23,15,15,0
S01012159,Electric (including storage heaters) central heating,9,3,6,6,1,5,2,1,1,1,1,0
S01012159,Oil central heating,0,0,0,0,0,0,0,0,0,0,0,0
S01012159,Solid fuel (for example wood coal) central heating,0,0,0,0,0,0,0,0,0,0,0,0
S01012159,Other central heating,0,0,0,0,0,0,0,0,0,0,0,0
S01012159,Two or more types of central heating,0,0,0,0,0,0,0,0,0,0,0,0
S01012160,All people in households,662,112,550,568,40,528,74,52,22,20,20,0
S01012160,No central heating,2,2,0,0,0,0,2,2,0,0,0,0
S01012160,Gas central heating,642,105,537,556,39,517,67,47,20,19,19,0
S01012160,Electric (including storage heaters) central heating,11,4,7,7,1,6,4,3,1,0,0,0
S01012160,Oil central heating,0,0,0,0,0,0,0,0,0,0,0,0
S01012160,Solid fuel (for example wood coal) central heating,2,0,2,1,0,1,1,0,1,0,0,0
S01012160,Other central heating,2,1,1,1,0,1,0,0,0,1,1,0
S01012160,Two or more types of central heating,3,0,3,3,0,3,0,0,0,0,0,0
S01012161,All people in households,457,111,346,348,23,325,67,46,21,42,42,0
S01012161,No central heating,6,1,5,5,0,5,1,1,0,0,0,0
S01012161,Gas central heating,411,100,311,310,19,291,62,42,20,39,39,0
S01012161,Electric (including storage heaters) central heating,32,9,23,26,4,22,3,2,1,3,3,0
S01012161,Oil central heating,0,0,0,0,0,0,0,0,0,0,0,0
S01012161,Solid fuel (for example wood coal) central heating,0,0,0,0,0,0,0,0,0,0,0,0
S01012161,Other central heating,1,1,0,0,0,0,1,1,0,0,0,0
S01012161,Two or more types of central heating,7,0,7,7,0,7,0,0,0,0,0,0
S01012162,All people in households,870,131,739,732,32,700,92,55,37,46,44,2
S01012162,No central heating,4,0,4,4,0,4,0,0,0,0,0,0
S01012162,Gas central heating,807,113,694,685,27,658,84,50,34,38,36,2
S01012162,Electric (including storage heaters) central heating,37,16,21,24,5,19,7,5,2,6,6,0
S01012162,Oil central heating,0,0,0,0,0,0,0,0,0,0,0,0
S01012162,Solid fuel (for example wood coal) central heating,0,0,0,0,0,0,0,0,0,0,0,0
S01012162,Other central heating,0,0,0,0,0,0,0,0,0,0,0,0
S01012162,Two or more types of central heating,22,2,20,19,0,19,1,0,1,2,2,0
S01012163,All people in households,761,157,604,631,46,585,77,58,19,53,53,0
S01012163,No central heating,10,4,6,7,1,6,0,0,0,3,3,0
S01012163,Gas central heating,682,129,553,572,37,535,66,48,18,44,44,0
S01012163,Electric (including storage heaters) central heating,46,21,25,33,8,25,7,7,0,6,6,0
S01012163,Oil central heating,0,0,0,0,0,0,0,0,0,0,0,0
S01012163,Solid fuel (for example wood coal) central heating,0,0,0,0,0,0,0,0,0,0,0,0
S01012163,Other central heating,6,1,5,5,0,5,1,1,0,0,0,0
S01012163,Two or more types of central heating,17,2,15,14,0,14,3,2,1,0,0,0
S01012164,All people in households,1098,87,1011,1016,33,983,62,36,26,20,18,2
S01012164,No central heating,0,0,0,0,0,0,0,0,0,0,0,0
S01012164,Gas central heating,1050,77,973,981,32,949,53,30,23,16,15,1
S01012164,Electric (including storage heaters) central heating,19,7,12,13,1,12,5,5,0,1,1,0
S01012164,Oil central heating,0,0,0,0,0,0,0,0,0,0,0,0
S01012164,Solid fuel (for example wood coal) central heating,0,0,0,0,0,0,0,0,0,0,0,0
S01012164,Other central heating,2,0,2,2,0,2,0,0,0,0,0,0
S01012164,Two or more types of central heating,27,3,24,20,0,20,4,1,3,3,2,1
S01012165,All people in households,921,207,714,711,52,659,142,89,53,68,66,2
S01012165,No central heating,33,8,25,22,1,21,6,3,3,5,4,1
S01012165,Gas central heating,695,146,549,551,40,511,99,61,38,45,45,0
S01012165,Electric (including storage heaters) central heating,176,47,129,127,11,116,33,21,12,16,15,1
S01012165,Oil central heating,0,0,0,0,0,0,0,0,0,0,0,0
S01012165,Solid fuel (for example wood coal) central heating,2,1,1,1,0,1,1,1,0,0,0,0
S01012165,Other central heating,0,0,0,0,0,0,0,0,0,0,0,0
S01012165,Two or more types of central heating,15,5,10,10,0,10,3,3,0,2,2,0
S01012166,All people in households,604,111,493,490,27,463,78,49,29,36,35,1
S01012166,No central heating,34,7,27,27,2,25,4,2,2,3,3,0
S01012166,Gas central heating,421,74,347,350,22,328,50,32,18,21,20,1
S01012166,Electric (including storage heaters) central heating,131,29,102,98,3,95,21,14,7,12,12,0
S01012166,Oil central heating,4,0,4,4,0,4,0,0,0,0,0,0
S01012166,Solid fuel (for example wood coal) central heating,0,0,0,0,0,0,0,0,0,0,0,0
S01012166,Other central heating,0,0,0,0,0,0,0,0,0,0,0,0
S01012166,Two or more types of central heating,14,1,13,11,0,11,3,1,2,0,0,0
S01012167,All people in households,781,177,604,609,47,562,111,71,40,61,59,2
S01012167,No central heating,15,5,10,8,0,8,5,3,2,2,2,0
S01012167,Gas central heating,684,154,530,535,42,493,96,61,35,53,51,2
S01012167,Electric (including storage heaters) central heating,71,17,54,57,5,52,9,7,2,5,5,0
S01012167,Oil central heating,3,1,2,2,0,2,0,0,0,1,1,0
S01012167,Solid fuel (for example wood coal) central heating,0,0,0,0,0,0,0,0,0,0,0,0
S01012167,Other central heating,3,0,3,3,0,3,0,0,0,0,0,0
S01012167,Two or more types of central heating,5,0,5,4,0,4,1,0,1,0,0,0
S01012168,All people in households,848,170,678,695,49,646,110,79,31,43,42,1
S01012168,No central heating,15,4,11,11,1,10,3,2,1,1,1,0
S01012168,Gas central heating,779,146,633,651,45,606,93,67,26,35,34,1
S01012168,Electric (including storage heaters) central heating,54,20,34,33,3,30,14,10,4,7,7,0
S01012168,Oil central heating,0,0,0,0,0,0,0,0,0,0,0,0
S01012168,Solid fuel (for example wood coal) central heating,0,0,0,0,0,0,0,0,0,0,0,0
S01012168,Other central heating,0,0,0,0,0,0,0,0,0,0,0,0
S01012168,Two or more types of central heating,0,0,0,0,0,0,0,0,0,0,0,0
S01012169,All people in households,851,240,611,628,61,567,151,107,44,72,72,0
S01012169,No central heating,15,7,8,8,0,8,4,4,0,3,3,0
S01012169,Gas central heating,778,217,561,576,56,520,136,95,41,66,66,0
S01012169,Electric (including storage heaters) central heating,52,16,36,39,5,34,10,8,2,3,3,0
S01012169,Oil central heating,0,0,0,0,0,0,0,0,0,0,0,0
S01012169,Solid fuel (for example wood coal) central heating,0,0,0,0,0,0,0,0,0,0,0,0
S01012169,Other central heating,0,0,0,0,0,0,0,0,0,0,0,0
S01012169,Two or more types of central heating,6,0,6,5,0,5,1,0,1,0,0,0
S01012170,All people in households,975,322,653,696,92,604,188,141,47,91,89,2
S01012170,No central heating,17,9,8,9,1,8,6,6,0,2,2,0
S01012170,Gas central heating,779,235,544,576,70,506,140,104,36,63,61,2
S01012170,Electric (including storage heaters) central heating,169,76,93,102,20,82,42,31,11,25,25,0
S01012170,Oil central heating,0,0,0,0,0,0,0,0,0,0,0,0
S01012170,Solid fuel (for example wood coal) central heating,0,0,0,0,0,0,0,0,0,0,0,0
S01012170,Other central heating,5,2,3,4,1,3,0,0,0,1,1,0
S01012170,Two or more types of central heating,5,0,5,5,0,5,0,0,0,0,0,0
S01012171,All people in households,1000,223,777,795,59,736,141,100,41,64,64,0
S01012171,No central heating,10,0,10,10,0,10,0,0,0,0,0,0
S01012171,Gas central heating,931,213,718,740,59,681,131,94,37,60,60,0
S01012171,Electric (including storage heaters) central heating,25,8,17,16,0,16,6,5,1,3,3,0
S01012171,Oil central heating,0,0,0,0,0,0,0,0,0,0,0,0
S01012171,Solid fuel (for example wood coal) central heating,0,0,0,0,0,0,0,0,0,0,0,0
S01012171,Other central heating,9,1,8,8,0,8,1,1,0,0,0,0
S01012171,Two or more types of central heating,25,1,24,21,0,21,3,0,3,1,1,0
S01012172,All people in households,744,165,579,571,51,520,114,57,57,59,57,2
S01012172,No central heating,8,1,7,7,1,6,1,0,1,0,0,0
S01012172,Gas central heating,560,119,441,443,39,404,75,40,35,42,40,2
S01012172,Electric (including storage heaters) central heating,155,43,112,102,10,92,37,17,20,16,16,0
S01012172,Oil central heating,0,0,0,0,0,0,0,0,0,0,0,0
S01012172,Solid fuel (for example wood coal) central heating,1,1,0,0,0,0,0,0,0,1,1,0
S01012172,Other central heating,6,0,6,6,0,6,0,0,0,0,0,0
S01012172,Two or more types of central heating,14,1,13,13,1,12,1,0,1,0,0,0
S01012173,All people in households,647,142,505,528,47,481,96,73,23,23,22,1
S01012173,No central heating,3,2,1,1,0,1,1,1,0,1,1,0
S01012173,Gas central heating,605,124,481,501,41,460,84,64,20,20,19,1
S01012173,Electric (including storage heaters) central heating,17,12,5,9,6,3,7,5,2,1,1,0
S01012173,Oil central heating,2,1,1,1,0,1,1,1,0,0,0,0
S01012173,Solid fuel (for example wood coal) central heating,0,0,0,0,0,0,0,0,0,0,0,0
S01012173,Other central heating,4,0,4,4,0,4,0,0,0,0,0,0
S01012173,Two or more types of central heating,16,3,13,12,0,12,3,2,1,1,1,0
S01012174,All people in households,894,88,806,827,42,785,50,29,21,17,17,0
S01012174,No central heating,8,2,6,7,1,6,1,1,0,0,0,0
S01012174,Gas central heating,865,83,782,801,38,763,47,28,19,17,17,0
S01012174,Electric (including storage heaters) central heating,0,0,0,0,0,0,0,0,0,0,0,0
S01012174,Oil central heating,2,1,1,2,1,1,0,0,0,0,0,0
S01012174,Solid fuel (for example wood coal) central heating,0,0,0,0,0,0,0,0,0,0,0,0
S01012174,Other central heating,3,0,3,3,0,3,0,0,0,0,0,0
S01012174,Two or more types of central heating,16,2,14,14,2,12,2,0,2,0,0,0
S01012175,All people in households,818,118,700,704,41,663,79,44,35,35,33,2
S01012175,No central heating,19,4,15,15,2,13,3,1,2,1,1,0
S01012175,Gas central heating,754,106,648,652,38,614,72,40,32,30,28,2
S01012175,Electric (including storage heaters) central heating,32,8,24,25,1,24,3,3,0,4,4,0
S01012175,Oil central heating,0,0,0,0,0,0,0,0,0,0,0,0
S01012175,Solid fuel (for example wood coal) central heating,0,0,0,0,0,0,0,0,0,0,0,0
S01012175,Other central heating,2,0,2,2,0,2,0,0,0,0,0,0
S01012175,Two or more types of central heating,11,0,11,10,0,10,1,0,1,0,0,0
S01012176,All people in households,841,140,701,711,39,672,95,67,28,35,34,1
S01012176,No central heating,13,2,11,11,0,11,0,0,0,2,2,0
S01012176,Gas central heating,792,133,659,669,38,631,90,63,27,33,32,1
S01012176,Electric (including storage heaters) central heating,22,4,18,18,1,17,4,3,1,0,0,0
S01012176,Oil central heating,0,0,0,0,0,0,0,0,0,0,0,0
S01012176,Solid fuel (for example wood coal) central heating,0,0,0,0,0,0,0,0,0,0,0,0
S01012176,Other central heating,0,0,0,0,0,0,0,0,0,0,0,0
S01012176,Two or more types of central heating,14,1,13,13,0,13,1,1,0,0,0,0
S01012177,All people in households,617,110,507,526,38,488,64,45,19,27,27,0
S01012177,No central heating,8,5,3,5,2,3,3,3,0,0,0,0
S01012177,Gas central heating,594,104,490,508,36,472,60,42,18,26,26,0
S01012177,Electric (including storage heaters) central heating,7,0,7,6,0,6,1,0,1,0,0,0
S01012177,Oil central heating,0,0,0,0,0,0,0,0,0,0,0,0
S01012177,Solid fuel (for example wood coal) central heating,0,0,0,0,0,0,0,0,0,0,0,0
S01012177,Other central heating,0,0,0,0,0,0,0,0,0,0,0,0
S01012177,Two or more types of central heating,8,1,7,7,0,7,0,0,0,1,1,0
S01012178,All people in households,519,74,445,458,27,431,51,37,14,10,10,0
S01012178,No central heating,8,3,5,5,0,5,3,3,0,0,0,0
S01012178,Gas central heating,509,71,438,451,27,424,48,34,14,10,10,0
S01012178,Electric (including storage heaters) central heating,2,0,2,2,0,2,0,0,0,0,0,0
S01012178,Oil central heating,0,0,0,0,0,0,0,0,0,0,0,0
S01012178,Solid fuel (for example wood coal) central heating,0,0,0,0,0,0,0,0,0,0,0,0
S01012178,Other central heating,0,0,0,0,0,0,0,0,0,0,0,0
S01012178,Two or more types of central heating,0,0,0,0,0,0,0,0,0,0,0,0
S01012179,All people in households,604,138,466,462,36,426,107,69,38,35,33,2
S01012179,No central heating,20,5,15,15,0,15,2,2,0,3,3,0
S01012179,Gas central heating,432,86,346,344,25,319,69,42,27,19,19,0
S01012179,Electric (including storage heaters) central heating,131,46,85,88,11,77,31,24,7,12,11,1
S01012179,Oil central heating,9,0,9,9,0,9,0,0,0,0,0,0
S01012179,Solid fuel (for example wood coal) central heating,0,0,0,0,0,0,0,0,0,0,0,0
S01012179,Other central heating,5,1,4,4,0,4,1,1,0,0,0,0
S01012179,Two or more types of central heating,7,0,7,2,0,2,4,0,4,1,0,1
S01012180,All people in households,573,167,406,411,39,372,109,75,34,53,53,0
S01012180,No central heating,6,2,4,2,0,2,4,2,2,0,0,0
S01012180,Gas central heating,516,150,366,372,35,337,92,63,29,52,52,0
S01012180,Electric (including storage heaters) central heating,34,14,20,21,3,18,12,10,2,1,1,0
S01012180,Oil central heating,0,0,0,0,0,0,0,0,0,0,0,0
S01012180,Solid fuel (for example wood coal) central heating,0,0,0,0,0,0,0,0,0,0,0,0
S01012180,Other central heating,1,1,0,1,1,0,0,0,0,0,0,0
S01012180,Two or more types of central heating,16,0,16,15,0,15,1,0,1,0,0,0
S01012181,All people in households,757,202,555,564,45,519,132,97,35,61,60,1
S01012181,No central heating,12,6,6,6,1,5,4,3,1,2,2,0
S01012181,Gas central heating,690,174,516,522,40,482,116,83,33,52,51,1
S01012181,Electric (including storage heaters) central heating,34,17,17,20,4,16,8,7,1,6,6,0
S01012181,Oil central heating,6,2,4,4,0,4,2,2,0,0,0,0
S01012181,Solid fuel (for example wood coal) central heating,0,0,0,0,0,0,0,0,0,0,0,0
S01012181,Other central heating,0,0,0,0,0,0,0,0,0,0,0,0
S01012181,Two or more types of central heating,15,3,12,12,0,12,2,2,0,1,1,0
S01012182,All people in households,1049,129,920,931,45,886,85,51,34,33,33,0
S01012182,No central heating,8,0,8,6,0,6,2,0,2,0,0,0
S01012182,Gas central heating,950,107,843,853,36,817,72,46,26,25,25,0
S01012182,Electric (including storage heaters) central heating,56,16,40,45,7,38,7,5,2,4,4,0
S01012182,Oil central heating,4,0,4,4,0,4,0,0,0,0,0,0
S01012182,Solid fuel (for example wood coal) central heating,0,0,0,0,0,0,0,0,0,0,0,0
S01012182,Other central heating,5,2,3,5,2,3,0,0,0,0,0,0
S01012182,Two or more types of central heating,26,4,22,18,0,18,4,0,4,4,4,0
S01012183,All people in households,720,158,562,569,38,531,100,71,29,51,49,2
S01012183,No central heating,16,5,11,9,0,9,6,4,2,1,1,0
S01012183,Gas central heating,612,127,485,494,28,466,74,56,18,44,43,1
S01012183,Electric (including storage heaters) central heating,75,25,50,50,9,41,19,11,8,6,5,1
S01012183,Oil central heating,0,0,0,0,0,0,0,0,0,0,0,0
S01012183,Solid fuel (for example wood coal) central heating,0,0,0,0,0,0,0,0,0,0,0,0
S01012183,Other central heating,2,0,2,2,0,2,0,0,0,0,0,0
S01012183,Two or more types of central heating,15,1,14,14,1,13,1,0,1,0,0,0
S01012184,All people in households,502,63,439,438,23,415,46,22,24,18,18,0
S01012184,No central heating,0,0,0,0,0,0,0,0,0,0,0,0
S01012184,Gas central heating,478,62,416,416,23,393,45,22,23,17,17,0
S01012184,Electric (including storage heaters) central heating,12,1,11,10,0,10,1,0,1,1,1,0
S01012184,Oil central heating,0,0,0,0,0,0,0,0,0,0,0,0
S01012184,Solid fuel (for example wood coal) central heating,0,0,0,0,0,0,0,0,0,0,0,0
S01012184,Other central heating,4,0,4,4,0,4,0,0,0,0,0,0
S01012184,Two or more types of central heating,8,0,8,8,0,8,0,0,0,0,0,0
S01012185,All people in households,704,151,553,524,35,489,132,70,62,48,46,2
S01012185,No central heating,48,10,38,36,1,35,12,9,3,0,0,0
S01012185,Gas central heating,528,116,412,386,27,359,101,50,51,41,39,2
S01012185,Electric (including storage heaters) central heating,116,21,95,93,6,87,16,8,8,7,7,0
S01012185,Oil central heating,0,0,0,0,0,0,0,0,0,0,0,0
S01012185,Solid fuel (for example wood coal) central heating,0,0,0,0,0,0,0,0,0,0,0,0
S01012185,Other central heating,1,1,0,0,0,0,1,1,0,0,0,0
S01012185,Two or more types of central heating,11,3,8,9,1,8,2,2,0,0,0,0
S01012186,All people in households,694,181,513,521,45,476,106,70,36,67,66,1
S01012186,No central heating,12,3,9,8,0,8,3,2,1,1,1,0
S01012186,Gas central heating,633,158,475,487,41,446,93,64,29,53,53,0
S01012186,Electric (including storage heaters) central heating,35,11,24,20,1,19,7,3,4,8,7,1
S01012186,Oil central heating,0,0,0,0,0,0,0,0,0,0,0,0
S01012186,Solid fuel (for example wood coal) central heating,0,0,0,0,0,0,0,0,0,0,0,0
S01012186,Other central heating,0,0,0,0,0,0,0,0,0,0,0,0
S01012186,Two or more types of central heating,14,9,5,6,3,3,3,1,2,5,5,0
S01012187,All people in households,669,189,480,495,48,447,112,82,30,62,59,3
S01012187,No central heating,23,4,19,16,1,15,6,2,4,1,1,0
S01012187,Gas central heating,511,131,380,398,39,359,72,53,19,41,39,2
S01012187,Electric (including storage heaters) central heating,119,50,69,71,8,63,29,24,5,19,18,1
S01012187,Oil central heating,2,0,2,2,0,2,0,0,0,0,0,0
S01012187,Solid fuel (for example wood coal) central heating,0,0,0,0,0,0,0,0,0,0,0,0
S01012187,Other central heating,1,1,0,0,0,0,1,1,0,0,0,0
S01012187,Two or more types of central heating,13,3,10,8,0,8,4,2,2,1,1,0
S01012188,All people in households,523,121,402,413,25,388,78,64,14,32,32,0
S01012188,No central heating,8,0,8,7,0,7,1,0,1,0,0,0
S01012188,Gas central heating,495,115,380,392,25,367,73,60,13,30,30,0
S01012188,Electric (including storage heaters) central heating,13,5,8,8,0,8,3,3,0,2,2,0
S01012188,Oil central heating,1,1,0,0,0,0,1,1,0,0,0,0
S01012188,Solid fuel (for example wood coal) central heating,0,0,0,0,0,0,0,0,0,0,0,0
S01012188,Other central heating,0,0,0,0,0,0,0,0,0,0,0,0
S01012188,Two or more types of central heating,6,0,6,6,0,6,0,0,0,0,0,0
S01012189,All people in households,581,125,456,471,33,438,70,53,17,40,39,1
S01012189,No central heating,0,0,0,0,0,0,0,0,0,0,0,0
S01012189,Gas central heating,566,121,445,460,33,427,66,49,17,40,39,1
S01012189,Electric (including storage heaters) central heating,4,1,3,3,0,3,1,1,0,0,0,0
S01012189,Oil central heating,0,0,0,0,0,0,0,0,0,0,0,0
S01012189,Solid fuel (for example wood coal) central heating,2,0,2,2,0,2,0,0,0,0,0,0
S01012189,Other central heating,1,0,1,1,0,1,0,0,0,0,0,0
S01012189,Two or more types of central heating,8,3,5,5,0,5,3,3,0,0,0,0
S01012190,All people in households,556,48,508,508,17,491,36,20,16,12,11,1
S01012190,No central heating,3,1,2,2,0,2,1,1,0,0,0,0
S01012190,Gas central heating,550,47,503,503,17,486,35,19,16,12,11,1
S01012190,Electric (including storage heaters) central heating,2,0,2,2,0,2,0,0,0,0,0,0
S01012190,Oil central heating,0,0,0,0,0,0,0,0,0,0,0,0
S01012190,Solid fuel (for example wood coal) central heating,0,0,0,0,0,0,0,0,0,0,0,0
S01012190,Other central heating,0,0,0,0,0,0,0,0,0,0,0,0
S01012190,Two or more types of central heating,1,0,1,1,0,1,0,0,0,0,0,0
S01012191,All people in households,872,117,755,766,38,728,76,50,26,30,29,1
S01012191,No central heating,4,0,4,4,0,4,0,0,0,0,0,0
S01012191,Gas central heating,830,110,720,730,37,693,72,46,26,28,27,1
S01012191,Electric (including storage heaters) central heating,20,3,17,17,0,17,2,2,0,1,1,0
S01012191,Oil central heating,2,0,2,2,0,2,0,0,0,0,0,0
S01012191,Solid fuel (for example wood coal) central heating,0,0,0,0,0,0,0,0,0,0,0,0
S01012191,Other central heating,8,0,8,8,0,8,0,0,0,0,0,0
S01012191,Two or more types of central heating,8,4,4,5,1,4,2,2,0,1,1,0
S01012192,All people in households,505,72,433,442,18,424,44,35,9,19,19,0
S01012192,No central heating,0,0,0,0,0,0,0,0,0,0,0,0
S01012192,Gas central heating,484,66,418,427,18,409,42,33,9,15,15,0
S01012192,Electric (including storage heaters) central heating,11,5,6,6,0,6,2,2,0,3,3,0
S01012192,Oil central heating,0,0,0,0,0,0,0,0,0,0,0,0
S01012192,Solid fuel (for example wood coal) central heating,0,0,0,0,0,0,0,0,0,0,0,0
S01012192,Other central heating,5,1,4,4,0,4,0,0,0,1,1,0
S01012192,Two or more types of central heating,5,0,5,5,0,5,0,0,0,0,0,0
S01012193,All people in households,562,49,513,527,22,505,24,16,8,11,11,0
S01012193,No central heating,0,0,0,0,0,0,0,0,0,0,0,0
S01012193,Gas central heating,544,44,500,510,18,492,24,16,8,10,10,0
S01012193,Electric (including storage heaters) central heating,5,1,4,4,0,4,0,0,0,1,1,0
S01012193,Oil central heating,0,0,0,0,0,0,0,0,0,0,0,0
S01012193,Solid fuel (for example wood coal) central heating,0,0,0,0,0,0,0,0,0,0,0,0
S01012193,Other central heating,9,1,8,9,1,8,0,0,0,0,0,0
S01012193,Two or more types of central heating,4,3,1,4,3,1,0,0,0,0,0,0
S01012194,All people in households,561,45,516,524,21,503,35,22,13,2,2,0
S01012194,No central heating,0,0,0,0,0,0,0,0,0,0,0,0
S01012194,Gas central heating,552,44,508,516,21,495,34,21,13,2,2,0
S01012194,Electric (including storage heaters) central heating,0,0,0,0,0,0,0,0,0,0,0,0
S01012194,Oil central heating,0,0,0,0,0,0,0,0,0,0,0,0
S01012194,Solid fuel (for example wood coal) central heating,0,0,0,0,0,0,0,0,0,0,0,0
S01012194,Other central heating,5,0,5,5,0,5,0,0,0,0,0,0
S01012194,Two or more types of central heating,4,1,3,3,0,3,1,1,0,0,0,0
S01012195,All people in households,1118,170,948,971,51,920,97,69,28,50,50,0
S01012195,No central heating,0,0,0,0,0,0,0,0,0,0,0,0
S01012195,Gas central heating,1090,165,925,948,48,900,94,69,25,48,48,0
S01012195,Electric (including storage heaters) central heating,1,0,1,1,0,1,0,0,0,0,0,0
S01012195,Oil central heating,0,0,0,0,0,0,0,0,0,0,0,0
S01012195,Solid fuel (for example wood coal) central heating,0,0,0,0,0,0,0,0,0,0,0,0
S01012195,Other central heating,4,0,4,4,0,4,0,0,0,0,0,0
S01012195,Two or more types of central heating,23,5,18,18,3,15,3,0,3,2,2,0
S01012196,All people in households,573,64,509,520,25,495,34,20,14,19,19,0
S01012196,No central heating,0,0,0,0,0,0,0,0,0,0,0,0
S01012196,Gas central heating,529,57,472,478,20,458,34,20,14,17,17,0
S01012196,Electric (including storage heaters) central heating,40,7,33,38,5,33,0,0,0,2,2,0
S01012196,Oil central heating,0,0,0,0,0,0,0,0,0,0,0,0
S01012196,Solid fuel (for example wood coal) central heating,0,0,0,0,0,0,0,0,0,0,0,0
S01012196,Other central heating,0,0,0,0,0,0,0,0,0,0,0,0
S01012196,Two or more types of central heating,4,0,4,4,0,4,0,0,0,0,0,0
S01012197,All people in households,726,178,548,558,43,515,107,76,31,61,59,2
S01012197,No central heating,1,1,0,0,0,0,1,1,0,0,0,0
S01012197,Gas central heating,707,174,533,544,43,501,104,74,30,59,57,2
S01012197,Electric (including storage heaters) central heating,11,2,9,8,0,8,2,1,1,1,1,0
S01012197,Oil central heating,0,0,0,0,0,0,0,0,0,0,0,0
S01012197,Solid fuel (for example wood coal) central heating,0,0,0,0,0,0,0,0,0,0,0,0
S01012197,Other central heating,2,0,2,2,0,2,0,0,0,0,0,0
S01012197,Two or more types of central heating,5,1,4,4,0,4,0,0,0,1,1,0
S01012198,All people in households,859,185,674,696,53,643,97,67,30,66,65,1
S01012198,No central heating,11,1,10,10,1,9,1,0,1,0,0,0
S01012198,Gas central heating,822,168,654,676,52,624,89,60,29,57,56,1
S01012198,Electric (including storage heaters) central heating,18,10,8,8,0,8,4,4,0,6,6,0
S01012198,Oil central heating,0,0,0,0,0,0,0,0,0,0,0,0
S01012198,Solid fuel (for example wood coal) central heating,0,0,0,0,0,0,0,0,0,0,0,0
S01012198,Other central heating,2,2,0,0,0,0,1,1,0,1,1,0
S01012198,Two or more types of central heating,6,4,2,2,0,2,2,2,0,2,2,0
S01012199,All people in households,730,168,562,572,38,534,101,78,23,57,52,5
S01012199,No central heating,0,0,0,0,0,0,0,0,0,0,0,0
S01012199,Gas central heating,707,164,543,552,37,515,100,77,23,55,50,5
S01012199,Electric (including storage heaters) central heating,7,3,4,5,1,4,0,0,0,2,2,0
S01012199,Oil central heating,0,0,0,0,0,0,0,0,0,0,0,0
S01012199,Solid fuel (for example wood coal) central heating,0,0,0,0,0,0,0,0,0,0,0,0
S01012199,Other central heating,10,0,10,10,0,10,0,0,0,0,0,0
S01012199,Two or more types of central heating,6,1,5,5,0,5,1,1,0,0,0,0
S01012200,All people in households,647,148,499,507,34,473,96,70,26,44,44,0
S01012200,No central heating,4,0,4,4,0,4,0,0,0,0,0,0
S01012200,Gas central heating,631,143,488,495,32,463,93,68,25,43,43,0
S01012200,Electric (including storage heaters) central heating,4,2,2,4,2,2,0,0,0,0,0,0
S01012200,Oil central heating,0,0,0,0,0,0,0,0,0,0,0,0
S01012200,Solid fuel (for example wood coal) central heating,0,0,0,0,0,0,0,0,0,0,0,0
S01012200,Other central heating,1,0,1,0,0,0,1,0,1,0,0,0
S01012200,Two or more types of central heating,7,3,4,4,0,4,2,2,0,1,1,0
S01012201,All people in households,770,172,598,604,40,564,110,79,31,56,53,3
S01012201,No central heating,5,2,3,4,1,3,1,1,0,0,0,0
S01012201,Gas central heating,739,162,577,580,35,545,105,76,29,54,51,3
S01012201,Electric (including storage heaters) central heating,3,0,3,1,0,1,2,0,2,0,0,0
S01012201,Oil central heating,0,0,0,0,0,0,0,0,0,0,0,0
S01012201,Solid fuel (for example wood coal) central heating,4,0,4,4,0,4,0,0,0,0,0,0
S01012201,Other central heating,9,4,5,8,3,5,1,1,0,0,0,0
S01012201,Two or more types of central heating,10,4,6,7,1,6,1,1,0,2,2,0
S01012202,All people in households,598,107,491,501,27,474,66,49,17,31,31,0
S01012202,No central heating,10,2,8,8,0,8,2,2,0,0,0,0
S01012202,Gas central heating,579,100,479,488,26,462,62,45,17,29,29,0
S01012202,Electric (including storage heaters) central heating,3,2,1,1,0,1,0,0,0,2,2,0
S01012202,Oil central heating,0,0,0,0,0,0,0,0,0,0,0,0
S01012202,Solid fuel (for example wood coal) central heating,0,0,0,0,0,0,0,0,0,0,0,0
S01012202,Other central heating,1,0,1,1,0,1,0,0,0,0,0,0
S01012202,Two or more types of central heating,5,3,2,3,1,2,2,2,0,0,0,0
S01012203,All people in households,772,135,637,672,55,617,78,58,20,22,22,0
S01012203,No central heating,2,2,0,1,1,0,1,1,0,0,0,0
S01012203,Gas central heating,733,127,606,636,50,586,75,55,20,22,22,0
S01012203,Electric (including storage heaters) central heating,14,3,11,14,3,11,0,0,0,0,0,0
S01012203,Oil central heating,15,3,12,13,1,12,2,2,0,0,0,0
S01012203,Solid fuel (for example wood coal) central heating,0,0,0,0,0,0,0,0,0,0,0,0
S01012203,Other central heating,0,0,0,0,0,0,0,0,0,0,0,0
S01012203,Two or more types of central heating,8,0,8,8,0,8,0,0,0,0,0,0
S01012204,All people in households,789,75,714,722,29,693,49,28,21,18,18,0
S01012204,No central heating,0,0,0,0,0,0,0,0,0,0,0,0
S01012204,Gas central heating,771,72,699,708,29,679,47,27,20,16,16,0
S01012204,Electric (including storage heaters) central heating,1,1,0,0,0,0,0,0,0,1,1,0
S01012204,Oil central heating,0,0,0,0,0,0,0,0,0,0,0,0
S01012204,Solid fuel (for example wood coal) central heating,0,0,0,0,0,0,0,0,0,0,0,0
S01012204,Other central heating,9,0,9,8,0,8,1,0,1,0,0,0
S01012204,Two or more types of central heating,8,2,6,6,0,6,1,1,0,1,1,0
S01012205,All people in households,675,91,584,591,30,561,60,37,23,24,24,0
S01012205,No central heating,0,0,0,0,0,0,0,0,0,0,0,0
S01012205,Gas central heating,643,88,555,559,27,532,60,37,23,24,24,0
S01012205,Electric (including storage heaters) central heating,8,2,6,8,2,6,0,0,0,0,0,0
S01012205,Oil central heating,5,0,5,5,0,5,0,0,0,0,0,0
S01012205,Solid fuel (for example wood coal) central heating,0,0,0,0,0,0,0,0,0,0,0,0
S01012205,Other central heating,2,0,2,2,0,2,0,0,0,0,0,0
S01012205,Two or more types of central heating,17,1,16,17,1,16,0,0,0,0,0,0
S01012206,All people in households,846,106,740,752,36,716,63,39,24,31,31,0
S01012206,No central heating,6,2,4,4,0,4,0,0,0,2,2,0
S01012206,Gas central heating,806,101,705,716,34,682,61,38,23,29,29,0
S01012206,Electric (including storage heaters) central heating,18,2,16,16,1,15,2,1,1,0,0,0
S01012206,Oil central heating,0,0,0,0,0,0,0,0,0,0,0,0
S01012206,Solid fuel (for example wood coal) central heating,0,0,0,0,0,0,0,0,0,0,0,0
S01012206,Other central heating,8,1,7,8,1,7,0,0,0,0,0,0
S01012206,Two or more types of central heating,8,0,8,8,0,8,0,0,0,0,0,0
S01012207,All people in households,926,207,719,745,57,688,126,98,28,55,52,3
S01012207,No central heating,11,1,10,9,0,9,1,0,1,1,1,0
S01012207,Gas central heating,869,194,675,702,54,648,119,94,25,48,46,2
S01012207,Electric (including storage heaters) central heating,37,10,27,26,2,24,6,4,2,5,4,1
S01012207,Oil central heating,0,0,0,0,0,0,0,0,0,0,0,0
S01012207,Solid fuel (for example wood coal) central heating,0,0,0,0,0,0,0,0,0,0,0,0
S01012207,Other central heating,3,2,1,2,1,1,0,0,0,1,1,0
S01012207,Two or more types of central heating,6,0,6,6,0,6,0,0,0,0,0,0
S01012208,All people in households,1057,219,838,846,57,789,136,90,46,75,72,3
S01012208,No central heating,7,0,7,6,0,6,1,0,1,0,0,0
S01012208,Gas central heating,987,201,786,792,51,741,127,85,42,68,65,3
S01012208,Electric (including storage heaters) central heating,33,7,26,27,2,25,3,2,1,3,3,0
S01012208,Oil central heating,0,0,0,0,0,0,0,0,0,0,0,0
S01012208,Solid fuel (for example wood coal) central heating,0,0,0,0,0,0,0,0,0,0,0,0
S01012208,Other central heating,4,3,1,2,1,1,0,0,0,2,2,0
S01012208,Two or more types of central heating,26,8,18,19,3,16,5,3,2,2,2,0
S01012209,All people in households,737,161,576,584,40,544,101,70,31,52,51,1
S01012209,No central heating,10,3,7,7,0,7,3,3,0,0,0,0
S01012209,Gas central heating,667,139,528,535,35,500,88,60,28,44,44,0
S01012209,Electric (including storage heaters) central heating,33,13,20,19,2,17,7,5,2,7,6,1
S01012209,Oil central heating,0,0,0,0,0,0,0,0,0,0,0,0
S01012209,Solid fuel (for example wood coal) central heating,0,0,0,0,0,0,0,0,0,0,0,0
S01012209,Other central heating,12,0,12,11,0,11,1,0,1,0,0,0
S01012209,Two or more types of central heating,15,6,9,12,3,9,2,2,0,1,1,0
S01012210,All people in households,790,216,574,598,60,538,128,93,35,64,63,1
S01012210,No central heating,12,3,9,8,0,8,2,1,1,2,2,0
S01012210,Gas central heating,684,181,503,521,52,469,111,78,33,52,51,1
S01012210,Electric (including storage heaters) central heating,72,25,47,53,7,46,11,10,1,8,8,0
S01012210,Oil central heating,2,0,2,2,0,2,0,0,0,0,0,0
S01012210,Solid fuel (for example wood coal) central heating,0,0,0,0,0,0,0,0,0,0,0,0
S01012210,Other central heating,3,1,2,2,0,2,0,0,0,1,1,0
S01012210,Two or more types of central heating,17,6,11,12,1,11,4,4,0,1,1,0
S01012211,All people in households,905,180,725,751,55,696,105,77,28,49,48,1
S01012211,No central heating,9,5,4,5,1,4,3,3,0,1,1,0
S01012211,Gas central heating,833,156,677,702,50,652,90,66,24,41,40,1
S01012211,Electric (including storage heaters) central heating,38,14,24,25,3,22,8,6,2,5,5,0
S01012211,Oil central heating,3,0,3,3,0,3,0,0,0,0,0,0
S01012211,Solid fuel (for example wood coal) central heating,4,2,2,1,0,1,3,2,1,0,0,0
S01012211,Other central heating,1,0,1,0,0,0,1,0,1,0,0,0
S01012211,Two or more types of central heating,17,3,14,15,1,14,0,0,0,2,2,0
S01012212,All people in households,762,125,637,661,43,618,71,53,18,30,29,1
S01012212,No central heating,4,1,3,1,0,1,2,1,1,1,0,1
S01012212,Gas central heating,750,118,632,658,43,615,65,48,17,27,27,0
S01012212,Electric (including storage heaters) central heating,4,4,0,0,0,0,2,2,0,2,2,0
S01012212,Oil central heating,0,0,0,0,0,0,0,0,0,0,0,0
S01012212,Solid fuel (for example wood coal) central heating,0,0,0,0,0,0,0,0,0,0,0,0
S01012212,Other central heating,0,0,0,0,0,0,0,0,0,0,0,0
S01012212,Two or more types of central heating,4,2,2,2,0,2,2,2,0,0,0,0
S01012213,All people in households,808,103,705,727,51,676,64,35,29,17,17,0
S01012213,No central heating,3,1,2,3,1,2,0,0,0,0,0,0
S01012213,Gas central heating,789,99,690,712,50,662,61,33,28,16,16,0
S01012213,Electric (including storage heaters) central heating,3,2,1,1,0,1,1,1,0,1,1,0
S01012213,Oil central heating,1,0,1,0,0,0,1,0,1,0,0,0
S01012213,Solid fuel (for example wood coal) central heating,0,0,0,0,0,0,0,0,0,0,0,0
S01012213,Other central heating,0,0,0,0,0,0,0,0,0,0,0,0
S01012213,Two or more types of central heating,12,1,11,11,0,11,1,1,0,0,0,0
S01012214,All people in households,681,105,576,590,38,552,70,47,23,21,20,1
S01012214,No central heating,2,0,2,2,0,2,0,0,0,0,0,0
S01012214,Gas central heating,669,100,569,582,37,545,66,43,23,21,20,1
S01012214,Electric (including storage heaters) central heating,7,3,4,5,1,4,2,2,0,0,0,0
S01012214,Oil central heating,2,2,0,0,0,0,2,2,0,0,0,0
S01012214,Solid fuel (for example wood coal) central heating,0,0,0,0,0,0,0,0,0,0,0,0
S01012214,Other central heating,0,0,0,0,0,0,0,0,0,0,0,0
S01012214,Two or more types of central heating,1,0,1,1,0,1,0,0,0,0,0,0
S01012215,All people in households,843,114,729,764,50,714,68,53,15,11,11,0
S01012215,No central heating,5,0,5,5,0,5,0,0,0,0,0,0
S01012215,Gas central heating,826,112,714,750,50,700,65,51,14,11,11,0
S01012215,Electric (including storage heaters) central heating,3,2,1,1,0,1,2,2,0,0,0,0
S01012215,Oil central heating,0,0,0,0,0,0,0,0,0,0,0,0
S01012215,Solid fuel (for example wood coal) central heating,0,0,0,0,0,0,0,0,0,0,0,0
S01012215,Other central heating,0,0,0,0,0,0,0,0,0,0,0,0
S01012215,Two or more types of central heating,9,0,9,8,0,8,1,0,1,0,0,0
S01012216,All people in households,709,83,626,640,31,609,52,35,17,17,17,0
S01012216,No central heating,8,1,7,8,1,7,0,0,0,0,0,0
S01012216,Gas central heating,682,78,604,614,27,587,51,34,17,17,17,0
S01012216,Electric (including storage heaters) central heating,5,2,3,5,2,3,0,0,0,0,0,0
S01012216,Oil central heating,6,2,4,5,1,4,1,1,0,0,0,0
S01012216,Solid fuel (for example wood coal) central heating,0,0,0,0,0,0,0,0,0,0,0,0
S01012216,Other central heating,0,0,0,0,0,0,0,0,0,0,0,0
S01012216,Two or more types of central heating,8,0,8,8,0,8,0,0,0,0,0,0
S01012217,All people in households,560,143,417,438,34,404,69,56,13,53,53,0
S01012217,No central heating,35,2,33,32,0,32,2,1,1,1,1,0
S01012217,Gas central heating,430,111,319,342,30,312,51,44,7,37,37,0
S01012217,Electric (including storage heaters) central heating,70,21,49,48,2,46,13,10,3,9,9,0
S01012217,Oil central heating,3,0,3,3,0,3,0,0,0,0,0,0
S01012217,Solid fuel (for example wood coal) central heating,0,0,0,0,0,0,0,0,0,0,0,0
S01012217,Other central heating,4,2,2,2,0,2,0,0,0,2,2,0
S01012217,Two or more types of central heating,18,7,11,11,2,9,3,1,2,4,4,0
S01012218,All people in households,487,98,389,398,29,369,53,33,20,36,36,0
S01012218,No central heating,34,12,22,21,3,18,9,5,4,4,4,0
S01012218,Gas central heating,294,53,241,245,14,231,29,19,10,20,20,0
S01012218,Electric (including storage heaters) central heating,145,31,114,121,12,109,14,9,5,10,10,0
S01012218,Oil central heating,0,0,0,0,0,0,0,0,0,0,0,0
S01012218,Solid fuel (for example wood coal) central heating,0,0,0,0,0,0,0,0,0,0,0,0
S01012218,Other central heating,2,0,2,2,0,2,0,0,0,0,0,0
S01012218,Two or more types of central heating,12,2,10,9,0,9,1,0,1,2,2,0
S01012219,All people in households,846,262,584,602,62,540,156,115,41,88,85,3
S01012219,No central heating,9,1,8,8,0,8,0,0,0,1,1,0
S01012219,Gas central heating,781,249,532,550,60,490,148,108,40,83,81,2
S01012219,Electric (including storage heaters) central heating,31,6,25,23,0,23,5,4,1,3,2,1
S01012219,Oil central heating,0,0,0,0,0,0,0,0,0,0,0,0
S01012219,Solid fuel (for example wood coal) central heating,0,0,0,0,0,0,0,0,0,0,0,0
S01012219,Other central heating,0,0,0,0,0,0,0,0,0,0,0,0
S01012219,Two or more types of central heating,25,6,19,21,2,19,3,3,0,1,1,0
S01012220,All people in households,629,218,411,405,33,372,138,101,37,86,84,2
S01012220,No central heating,32,8,24,21,0,21,5,2,3,6,6,0
S01012220,Gas central heating,205,66,139,141,9,132,36,29,7,28,28,0
S01012220,Electric (including storage heaters) central heating,375,139,236,232,23,209,94,68,26,49,48,1
S01012220,Oil central heating,5,0,5,5,0,5,0,0,0,0,0,0
S01012220,Solid fuel (for example wood coal) central heating,0,0,0,0,0,0,0,0,0,0,0,0
S01012220,Other central heating,4,2,2,1,0,1,2,1,1,1,1,0
S01012220,Two or more types of central heating,8,3,5,5,1,4,1,1,0,2,1,1
S01012221,All people in households,628,176,452,455,38,417,116,81,35,57,57,0
S01012221,No central heating,5,0,5,5,0,5,0,0,0,0,0,0
S01012221,Gas central heating,545,151,394,393,32,361,107,74,33,45,45,0
S01012221,Electric (including storage heaters) central heating,62,20,42,43,3,40,9,7,2,10,10,0
S01012221,Oil central heating,4,1,3,4,1,3,0,0,0,0,0,0
S01012221,Solid fuel (for example wood coal) central heating,0,0,0,0,0,0,0,0,0,0,0,0
S01012221,Other central heating,2,0,2,2,0,2,0,0,0,0,0,0
S01012221,Two or more types of central heating,10,4,6,8,2,6,0,0,0,2,2,0
S01012222,All people in households,789,240,549,576,66,510,126,88,38,87,86,1
S01012222,No central heating,15,4,11,10,0,10,1,0,1,4,4,0
S01012222,Gas central heating,697,213,484,510,62,448,113,78,35,74,73,1
S01012222,Electric (including storage heaters) central heating,61,21,40,42,4,38,12,10,2,7,7,0
S01012222,Oil central heating,0,0,0,0,0,0,0,0,0,0,0,0
S01012222,Solid fuel (for example wood coal) central heating,0,0,0,0,0,0,0,0,0,0,0,0
S01012222,Other central heating,0,0,0,0,0,0,0,0,0,0,0,0
S01012222,Two or more types of central heating,16,2,14,14,0,14,0,0,0,2,2,0
S01012223,All people in households,722,200,522,511,39,472,140,95,45,71,66,5
S01012223,No central heating,13,3,10,9,1,8,0,0,0,4,2,2
S01012223,Gas central heating,629,168,461,452,32,420,122,83,39,55,53,2
S01012223,Electric (including storage heaters) central heating,43,17,26,24,3,21,10,6,4,9,8,1
S01012223,Oil central heating,0,0,0,0,0,0,0,0,0,0,0,0
S01012223,Solid fuel (for example wood coal) central heating,1,0,1,0,0,0,1,0,1,0,0,0
S01012223,Other central heating,14,3,11,11,0,11,1,1,0,2,2,0
S01012223,Two or more types of central heating,22,9,13,15,3,12,6,5,1,1,1,0
S01012224,All people in households,767,146,621,634,39,595,86,60,26,47,47,0
S01012224,No central heating,14,3,11,8,0,8,6,3,3,0,0,0
S01012224,Gas central heating,647,114,533,544,28,516,59,42,17,44,44,0
S01012224,Electric (including storage heaters) central heating,71,21,50,54,9,45,16,11,5,1,1,0
S01012224,Oil central heating,0,0,0,0,0,0,0,0,0,0,0,0
S01012224,Solid fuel (for example wood coal) central heating,3,2,1,2,1,1,1,1,0,0,0,0
S01012224,Other central heating,4,0,4,3,0,3,1,0,1,0,0,0
S01012224,Two or more types of central heating,28,6,22,23,1,22,3,3,0,2,2,0
S01012225,All people in households,1070,222,848,848,58,790,153,99,54,69,65,4
S01012225,No central heating,22,6,16,18,2,16,3,3,0,1,1,0
S01012225,Gas central heating,931,184,747,748,51,697,124,78,46,59,55,4
S01012225,Electric (including storage heaters) central heating,85,27,58,56,4,52,22,16,6,7,7,0
S01012225,Oil central heating,3,0,3,3,0,3,0,0,0,0,0,0
S01012225,Solid fuel (for example wood coal) central heating,0,0,0,0,0,0,0,0,0,0,0,0
S01012225,Other central heating,4,1,3,3,1,2,1,0,1,0,0,0
S01012225,Two or more types of central heating,25,4,21,20,0,20,3,2,1,2,2,0
S01012226,All people in households,731,135,596,584,32,552,98,55,43,49,48,1
S01012226,No central heating,17,1,16,16,0,16,1,1,0,0,0,0
S01012226,Gas central heating,647,121,526,520,31,489,85,49,36,42,41,1
S01012226,Electric (including storage heaters) central heating,43,12,31,26,1,25,11,5,6,6,6,0
S01012226,Oil central heating,0,0,0,0,0,0,0,0,0,0,0,0
S01012226,Solid fuel (for example wood coal) central heating,0,0,0,0,0,0,0,0,0,0,0,0
S01012226,Other central heating,7,0,7,6,0,6,1,0,1,0,0,0
S01012226,Two or more types of central heating,17,1,16,16,0,16,0,0,0,1,1,0
S01012227,All people in households,669,109,560,563,28,535,72,47,25,34,34,0
S01012227,No central heating,6,0,6,4,0,4,2,0,2,0,0,0
S01012227,Gas central heating,617,93,524,532,28,504,59,39,20,26,26,0
S01012227,Electric (including storage heaters) central heating,37,12,25,22,0,22,9,6,3,6,6,0
S01012227,Oil central heating,0,0,0,0,0,0,0,0,0,0,0,0
S01012227,Solid fuel (for example wood coal) central heating,4,0,4,4,0,4,0,0,0,0,0,0
S01012227,Other central heating,0,0,0,0,0,0,0,0,0,0,0,0
S01012227,Two or more types of central heating,5,4,1,1,0,1,2,2,0,2,2,0
S01012228,All people in households,693,142,551,565,36,529,80,61,19,48,45,3
S01012228,No central heating,18,1,17,18,1,17,0,0,0,0,0,0
S01012228,Gas central heating,622,126,496,508,33,475,73,55,18,41,38,3
S01012228,Electric (including storage heaters) central heating,37,10,27,27,1,26,5,4,1,5,5,0
S01012228,Oil central heating,4,0,4,4,0,4,0,0,0,0,0,0
S01012228,Solid fuel (for example wood coal) central heating,0,0,0,0,0,0,0,0,0,0,0,0
S01012228,Other central heating,0,0,0,0,0,0,0,0,0,0,0,0
S01012228,Two or more types of central heating,12,5,7,8,1,7,2,2,0,2,2,0
S01012229,All people in households,684,116,568,596,48,548,57,38,19,31,30,1
S01012229,No central heating,4,1,3,3,0,3,0,0,0,1,1,0
S01012229,Gas central heating,666,110,556,584,48,536,55,36,19,27,26,1
S01012229,Electric (including storage heaters) central heating,6,3,3,3,0,3,1,1,0,2,2,0
S01012229,Oil central heating,2,0,2,2,0,2,0,0,0,0,0,0
S01012229,Solid fuel (for example wood coal) central heating,0,0,0,0,0,0,0,0,0,0,0,0
S01012229,Other central heating,0,0,0,0,0,0,0,0,0,0,0,0
S01012229,Two or more types of central heating,6,2,4,4,0,4,1,1,0,1,1,0
S01012230,All people in households,911,100,811,825,38,787,67,43,24,19,19,0
S01012230,No central heating,7,2,5,4,0,4,2,1,1,1,1,0
S01012230,Gas central heating,886,96,790,803,36,767,65,42,23,18,18,0
S01012230,Electric (including storage heaters) central heating,5,1,4,5,1,4,0,0,0,0,0,0
S01012230,Oil central heating,5,0,5,5,0,5,0,0,0,0,0,0
S01012230,Solid fuel (for example wood coal) central heating,0,0,0,0,0,0,0,0,0,0,0,0
S01012230,Other central heating,0,0,0,0,0,0,0,0,0,0,0,0
S01012230,Two or more types of central heating,8,1,7,8,1,7,0,0,0,0,0,0
S01012231,All people in households,831,75,756,781,35,746,33,23,10,17,17,0
S01012231,No central heating,2,0,2,2,0,2,0,0,0,0,0,0
S01012231,Gas central heating,805,70,735,757,31,726,32,23,9,16,16,0
S01012231,Electric (including storage heaters) central heating,4,3,1,3,3,0,1,0,1,0,0,0
S01012231,Oil central heating,6,0,6,6,0,6,0,0,0,0,0,0
S01012231,Solid fuel (for example wood coal) central heating,0,0,0,0,0,0,0,0,0,0,0,0
S01012231,Other central heating,0,0,0,0,0,0,0,0,0,0,0,0
S01012231,Two or more types of central heating,14,2,12,13,1,12,0,0,0,1,1,0
S01012232,All people in households,868,99,769,783,40,743,66,42,24,19,17,2
S01012232,No central heating,0,0,0,0,0,0,0,0,0,0,0,0
S01012232,Gas central heating,850,99,751,765,40,725,66,42,24,19,17,2
S01012232,Electric (including storage heaters) central heating,8,0,8,8,0,8,0,0,0,0,0,0
S01012232,Oil central heating,0,0,0,0,0,0,0,0,0,0,0,0
S01012232,Solid fuel (for example wood coal) central heating,0,0,0,0,0,0,0,0,0,0,0,0
S01012232,Other central heating,0,0,0,0,0,0,0,0,0,0,0,0
S01012232,Two or more types of central heating,10,0,10,10,0,10,0,0,0,0,0,0
S01012233,All people in households,953,114,839,856,45,811,78,51,27,19,18,1
S01012233,No central heating,2,1,1,1,0,1,0,0,0,1,1,0
S01012233,Gas central heating,921,101,820,832,40,792,74,47,27,15,14,1
S01012233,Electric (including storage heaters) central heating,17,7,10,13,3,10,4,4,0,0,0,0
S01012233,Oil central heating,4,2,2,3,1,2,0,0,0,1,1,0
S01012233,Solid fuel (for example wood coal) central heating,0,0,0,0,0,0,0,0,0,0,0,0
S01012233,Other central heating,0,0,0,0,0,0,0,0,0,0,0,0
S01012233,Two or more types of central heating,9,3,6,7,1,6,0,0,0,2,2,0
S01012234,All people in households,1082,114,968,991,48,943,60,35,25,31,31,0
S01012234,No central heating,10,3,7,7,0,7,2,2,0,1,1,0
S01012234,Gas central heating,1048,102,946,969,48,921,56,31,25,23,23,0
S01012234,Electric (including storage heaters) central heating,15,8,7,7,0,7,2,2,0,6,6,0
S01012234,Oil central heating,6,0,6,6,0,6,0,0,0,0,0,0
S01012234,Solid fuel (for example wood coal) central heating,0,0,0,0,0,0,0,0,0,0,0,0
S01012234,Other central heating,0,0,0,0,0,0,0,0,0,0,0,0
S01012234,Two or more types of central heating,3,1,2,2,0,2,0,0,0,1,1,0
S01012235,All people in households,457,81,376,391,25,366,43,34,9,23,22,1
S01012235,No central heating,1,1,0,0,0,0,1,1,0,0,0,0
S01012235,Gas central heating,447,75,372,387,25,362,39,30,9,21,20,1
S01012235,Electric (including storage heaters) central heating,3,2,1,1,0,1,0,0,0,2,2,0
S01012235,Oil central heating,1,0,1,1,0,1,0,0,0,0,0,0
S01012235,Solid fuel (for example wood coal) central heating,0,0,0,0,0,0,0,0,0,0,0,0
S01012235,Other central heating,3,2,1,1,0,1,2,2,0,0,0,0
S01012235,Two or more types of central heating,2,1,1,1,0,1,1,1,0,0,0,0
S01012236,All people in households,610,104,506,521,36,485,64,43,21,25,25,0
S01012236,No central heating,3,1,2,3,1,2,0,0,0,0,0,0
S01012236,Gas central heating,551,88,463,475,30,445,53,35,18,23,23,0
S01012236,Electric (including storage heaters) central heating,27,10,17,21,4,17,6,6,0,0,0,0
S01012236,Oil central heating,10,1,9,10,1,9,0,0,0,0,0,0
S01012236,Solid fuel (for example wood coal) central heating,0,0,0,0,0,0,0,0,0,0,0,0
S01012236,Other central heating,0,0,0,0,0,0,0,0,0,0,0,0
S01012236,Two or more types of central heating,19,4,15,12,0,12,5,2,3,2,2,0
S01012237,All people in households,801,87,714,725,38,687,58,32,26,18,17,1
S01012237,No central heating,4,2,2,2,0,2,2,2,0,0,0,0
S01012237,Gas central heating,759,77,682,692,35,657,51,27,24,16,15,1
S01012237,Electric (including storage heaters) central heating,8,6,2,3,1,2,3,3,0,2,2,0
S01012237,Oil central heating,9,0,9,9,0,9,0,0,0,0,0,0
S01012237,Solid fuel (for example wood coal) central heating,0,0,0,0,0,0,0,0,0,0,0,0
S01012237,Other central heating,0,0,0,0,0,0,0,0,0,0,0,0
S01012237,Two or more types of central heating,21,2,19,19,2,17,2,0,2,0,0,0
S01012238,All people in households,604,147,457,455,29,426,106,76,30,43,42,1
S01012238,No central heating,21,7,14,14,0,14,6,6,0,1,1,0
S01012238,Gas central heating,494,115,379,378,26,352,81,55,26,35,34,1
S01012238,Electric (including storage heaters) central heating,66,19,47,46,3,43,14,10,4,6,6,0
S01012238,Oil central heating,6,0,6,6,0,6,0,0,0,0,0,0
S01012238,Solid fuel (for example wood coal) central heating,3,3,0,0,0,0,2,2,0,1,1,0
S01012238,Other central heating,3,2,1,1,0,1,2,2,0,0,0,0
S01012238,Two or more types of central heating,11,1,10,10,0,10,1,1,0,0,0,0
S01012239,All people in households,586,147,439,450,39,411,90,63,27,46,45,1
S01012239,No central heating,8,4,4,4,0,4,1,1,0,3,3,0
S01012239,Gas central heating,536,131,405,417,36,381,81,58,23,38,37,1
S01012239,Electric (including storage heaters) central heating,31,10,21,21,3,18,7,4,3,3,3,0
S01012239,Oil central heating,4,0,4,4,0,4,0,0,0,0,0,0
S01012239,Solid fuel (for example wood coal) central heating,0,0,0,0,0,0,0,0,0,0,0,0
S01012239,Other central heating,0,0,0,0,0,0,0,0,0,0,0,0
S01012239,Two or more types of central heating,7,2,5,4,0,4,1,0,1,2,2,0
S01012240,All people in households,842,205,637,650,54,596,131,93,38,61,58,3
S01012240,No central heating,5,1,4,4,0,4,1,1,0,0,0,0
S01012240,Gas central heating,780,188,592,605,50,555,121,86,35,54,52,2
S01012240,Electric (including storage heaters) central heating,35,12,23,26,4,22,3,3,0,6,5,1
S01012240,Oil central heating,5,0,5,5,0,5,0,0,0,0,0,0
S01012240,Solid fuel (for example wood coal) central heating,2,1,1,1,0,1,1,1,0,0,0,0
S01012240,Other central heating,4,0,4,2,0,2,2,0,2,0,0,0
S01012240,Two or more types of central heating,11,3,8,7,0,7,3,2,1,1,1,0
S01012241,All people in households,569,71,498,517,33,484,45,31,14,7,7,0
S01012241,No central heating,2,0,2,2,0,2,0,0,0,0,0,0
S01012241,Gas central heating,541,65,476,494,31,463,41,28,13,6,6,0
S01012241,Electric (including storage heaters) central heating,7,2,5,5,0,5,1,1,0,1,1,0
S01012241,Oil central heating,6,1,5,6,1,5,0,0,0,0,0,0
S01012241,Solid fuel (for example wood coal) central heating,0,0,0,0,0,0,0,0,0,0,0,0
S01012241,Other central heating,0,0,0,0,0,0,0,0,0,0,0,0
S01012241,Two or more types of central heating,13,3,10,10,1,9,3,2,1,0,0,0
S01012242,All people in households,800,89,711,727,31,696,54,39,15,19,19,0
S01012242,No central heating,0,0,0,0,0,0,0,0,0,0,0,0
S01012242,Gas central heating,755,86,669,686,30,656,52,39,13,17,17,0
S01012242,Electric (including storage heaters) central heating,14,1,13,13,1,12,1,0,1,0,0,0
S01012242,Oil central heating,10,1,9,9,0,9,0,0,0,1,1,0
S01012242,Solid fuel (for example wood coal) central heating,0,0,0,0,0,0,0,0,0,0,0,0
S01012242,Other central heating,0,0,0,0,0,0,0,0,0,0,0,0
S01012242,Two or more types of central heating,21,1,20,19,0,19,1,0,1,1,1,0
S01012243,All people in households,644,96,548,561,33,528,61,41,20,22,22,0
S01012243,No central heating,6,2,4,5,2,3,1,0,1,0,0,0
S01012243,Gas central heating,600,85,515,529,30,499,53,37,16,18,18,0
S01012243,Electric (including storage heaters) central heating,15,3,12,10,0,10,4,2,2,1,1,0
S01012243,Oil central heating,13,2,11,11,0,11,0,0,0,2,2,0
S01012243,Solid fuel (for example wood coal) central heating,1,1,0,0,0,0,1,1,0,0,0,0
S01012243,Other central heating,0,0,0,0,0,0,0,0,0,0,0,0
S01012243,Two or more types of central heating,9,3,6,6,1,5,2,1,1,1,1,0
S01012244,All people in households,911,76,835,860,41,819,41,25,16,10,10,0
S01012244,No central heating,27,2,25,27,2,25,0,0,0,0,0,0
S01012244,Gas central heating,88,4,84,84,1,83,3,2,1,1,1,0
S01012244,Electric (including storage heaters) central heating,82,11,71,75,5,70,3,2,1,4,4,0
S01012244,Oil central heating,564,42,522,535,25,510,26,14,12,3,3,0
S01012244,Solid fuel (for example wood coal) central heating,67,4,63,63,1,62,4,3,1,0,0,0
S01012244,Other central heating,42,5,37,42,5,37,0,0,0,0,0,0
S01012244,Two or more types of central heating,41,8,33,34,2,32,5,4,1,2,2,0
S01012245,All people in households,734,139,595,621,45,576,89,70,19,24,24,0
S01012245,No central heating,5,3,2,2,0,2,2,2,0,1,1,0
S01012245,Gas central heating,38,11,27,26,1,25,9,7,2,3,3,0
S01012245,Electric (including storage heaters) central heating,166,55,111,119,15,104,34,27,7,13,13,0
S01012245,Oil central heating,448,57,391,408,26,382,36,27,9,4,4,0
S01012245,Solid fuel (for example wood coal) central heating,44,5,39,39,1,38,3,2,1,2,2,0
S01012245,Other central heating,15,1,14,14,0,14,1,1,0,0,0,0
S01012245,Two or more types of central heating,18,7,11,13,2,11,4,4,0,1,1,0
S01012246,All people in households,813,78,735,756,40,716,44,26,18,13,12,1
S01012246,No central heating,7,2,5,6,1,5,1,1,0,0,0,0
S01012246,Gas central heating,34,4,30,29,1,28,4,2,2,1,1,0
S01012246,Electric (including storage heaters) central heating,155,23,132,138,11,127,12,7,5,5,5,0
S01012246,Oil central heating,569,43,526,540,24,516,24,15,9,5,4,1
S01012246,Solid fuel (for example wood coal) central heating,13,1,12,13,1,12,0,0,0,0,0,0
S01012246,Other central heating,15,1,14,14,0,14,0,0,0,1,1,0
S01012246,Two or more types of central heating,20,4,16,16,2,14,3,1,2,1,1,0
S01012247,All people in households,713,87,626,636,31,605,61,40,21,16,16,0
S01012247,No central heating,18,4,14,16,2,14,2,2,0,0,0,0
S01012247,Gas central heating,147,8,139,139,3,136,6,3,3,2,2,0
S01012247,Electric (including storage heaters) central heating,91,23,68,73,5,68,9,9,0,9,9,0
S01012247,Oil central heating,322,36,286,292,14,278,27,19,8,3,3,0
S01012247,Solid fuel (for example wood coal) central heating,48,3,45,39,1,38,8,1,7,1,1,0
S01012247,Other central heating,54,7,47,47,3,44,6,3,3,1,1,0
S01012247,Two or more types of central heating,33,6,27,30,3,27,3,3,0,0,0,0
S01012248,All people in households,818,110,708,733,44,689,69,50,19,16,16,0
S01012248,No central heating,27,8,19,20,2,18,4,3,1,3,3,0
S01012248,Gas central heating,103,14,89,91,5,86,12,9,3,0,0,0
S01012248,Electric (including storage heaters) central heating,94,18,76,80,6,74,10,8,2,4,4,0
S01012248,Oil central heating,455,50,405,417,21,396,35,26,9,3,3,0
S01012248,Solid fuel (for example wood coal) central heating,55,9,46,46,4,42,6,2,4,3,3,0
S01012248,Other central heating,32,5,27,30,3,27,0,0,0,2,2,0
S01012248,Two or more types of central heating,52,6,46,49,3,46,2,2,0,1,1,0
S01012249,All people in households,863,131,732,750,49,701,83,53,30,30,29,1
S01012249,No central heating,33,7,26,32,6,26,1,1,0,0,0,0
S01012249,Gas central heating,80,6,74,76,5,71,3,0,3,1,1,0
S01012249,Electric (including storage heaters) central heating,148,37,111,106,7,99,29,17,12,13,13,0
S01012249,Oil central heating,441,57,384,398,24,374,35,25,10,8,8,0
S01012249,Solid fuel (for example wood coal) central heating,93,16,77,79,4,75,8,7,1,6,5,1
S01012249,Other central heating,32,3,29,27,0,27,4,2,2,1,1,0
S01012249,Two or more types of central heating,36,5,31,32,3,29,3,1,2,1,1,0
S01012250,All people in households,671,93,578,609,44,565,49,37,12,13,12,1
S01012250,No central heating,23,2,21,23,2,21,0,0,0,0,0,0
S01012250,Gas central heating,225,35,190,205,17,188,16,14,2,4,4,0
S01012250,Electric (including storage heaters) central heating,32,8,24,26,2,24,5,5,0,1,1,0
S01012250,Oil central heating,293,35,258,268,17,251,21,15,6,4,3,1
S01012250,Solid fuel (for example wood coal) central heating,24,4,20,19,0,19,3,2,1,2,2,0
S01012250,Other central heating,26,5,21,23,3,20,2,1,1,1,1,0
S01012250,Two or more types of central heating,48,4,44,45,3,42,2,0,2,1,1,0
S01012251,All people in households,957,178,779,801,60,741,103,66,37,53,52,1
S01012251,No central heating,31,12,19,23,7,16,5,2,3,3,3,0
S01012251,Gas central heating,753,125,628,643,40,603,70,46,24,40,39,1
S01012251,Electric (including storage heaters) central heating,99,30,69,73,11,62,19,12,7,7,7,0
S01012251,Oil central heating,18,2,16,16,0,16,2,2,0,0,0,0
S01012251,Solid fuel (for example wood coal) central heating,23,5,18,19,1,18,3,3,0,1,1,0
S01012251,Other central heating,0,0,0,0,0,0,0,0,0,0,0,0
S01012251,Two or more types of central heating,33,4,29,27,1,26,4,1,3,2,2,0
S01012252,All people in households,713,131,582,611,52,559,76,53,23,26,26,0
S01012252,No central heating,9,3,6,8,2,6,0,0,0,1,1,0
S01012252,Gas central heating,620,101,519,542,40,502,60,43,17,18,18,0
S01012252,Electric (including storage heaters) central heating,64,23,41,43,8,35,14,8,6,7,7,0
S01012252,Oil central heating,10,0,10,10,0,10,0,0,0,0,0,0
S01012252,Solid fuel (for example wood coal) central heating,4,2,2,4,2,2,0,0,0,0,0,0
S01012252,Other central heating,1,1,0,0,0,0,1,1,0,0,0,0
S01012252,Two or more types of central heating,5,1,4,4,0,4,1,1,0,0,0,0
S01012253,All people in households,871,207,664,670,54,616,148,102,46,53,51,2
S01012253,No central heating,29,9,20,23,4,19,3,2,1,3,3,0
S01012253,Gas central heating,634,128,506,505,37,468,100,64,36,29,27,2
S01012253,Electric (including storage heaters) central heating,160,62,98,105,13,92,38,32,6,17,17,0
S01012253,Oil central heating,10,2,8,8,0,8,0,0,0,2,2,0
S01012253,Solid fuel (for example wood coal) central heating,3,0,3,3,0,3,0,0,0,0,0,0
S01012253,Other central heating,10,4,6,6,0,6,3,3,0,1,1,0
S01012253,Two or more types of central heating,25,2,23,20,0,20,4,1,3,1,1,0
S01012254,All people in households,858,134,724,748,57,691,87,54,33,23,23,0
S01012254,No central heating,27,5,22,21,0,21,4,3,1,2,2,0
S01012254,Gas central heating,735,104,631,654,50,604,64,37,27,17,17,0
S01012254,Electric (including storage heaters) central heating,57,21,36,38,5,33,15,12,3,4,4,0
S01012254,Oil central heating,9,1,8,8,0,8,1,1,0,0,0,0
S01012254,Solid fuel (for example wood coal) central heating,4,1,3,3,1,2,1,0,1,0,0,0
S01012254,Other central heating,1,0,1,1,0,1,0,0,0,0,0,0
S01012254,Two or more types of central heating,25,2,23,23,1,22,2,1,1,0,0,0
S01012255,All people in households,859,170,689,719,66,653,109,75,34,31,29,2
S01012255,No central heating,12,3,9,10,3,7,2,0,2,0,0,0
S01012255,Gas central heating,623,89,534,549,33,516,56,39,17,18,17,1
S01012255,Electric (including storage heaters) central heating,191,72,119,134,27,107,44,33,11,13,12,1
S01012255,Oil central heating,19,4,15,15,2,13,4,2,2,0,0,0
S01012255,Solid fuel (for example wood coal) central heating,3,1,2,2,1,1,1,0,1,0,0,0
S01012255,Other central heating,2,0,2,2,0,2,0,0,0,0,0,0
S01012255,Two or more types of central heating,9,1,8,7,0,7,2,1,1,0,0,0
S01012256,All people in households,867,102,765,787,39,748,61,44,17,19,19,0
S01012256,No central heating,4,1,3,3,0,3,1,1,0,0,0,0
S01012256,Gas central heating,813,95,718,738,37,701,57,40,17,18,18,0
S01012256,Electric (including storage heaters) central heating,14,2,12,13,1,12,1,1,0,0,0,0
S01012256,Oil central heating,5,1,4,5,1,4,0,0,0,0,0,0
S01012256,Solid fuel (for example wood coal) central heating,8,1,7,7,0,7,1,1,0,0,0,0
S01012256,Other central heating,0,0,0,0,0,0,0,0,0,0,0,0
S01012256,Two or more types of central heating,23,2,21,21,0,21,1,1,0,1,1,0
S01012257,All people in households,926,129,797,819,50,769,90,63,27,17,16,1
S01012257,No central heating,14,0,14,13,0,13,1,0,1,0,0,0
S01012257,Gas central heating,734,96,638,654,35,619,69,51,18,11,10,1
S01012257,Electric (including storage heaters) central heating,162,32,130,137,15,122,19,11,8,6,6,0
S01012257,Oil central heating,5,1,4,4,0,4,1,1,0,0,0,0
S01012257,Solid fuel (for example wood coal) central heating,0,0,0,0,0,0,0,0,0,0,0,0
S01012257,Other central heating,3,0,3,3,0,3,0,0,0,0,0,0
S01012257,Two or more types of central heating,8,0,8,8,0,8,0,0,0,0,0,0
S01012258,All people in households,759,103,656,701,56,645,45,34,11,13,13,0
S01012258,No central heating,0,0,0,0,0,0,0,0,0,0,0,0
S01012258,Gas central heating,722,98,624,667,53,614,42,32,10,13,13,0
S01012258,Electric (including storage heaters) central heating,2,2,0,1,1,0,1,1,0,0,0,0
S01012258,Oil central heating,13,3,10,12,2,10,1,1,0,0,0,0
S01012258,Solid fuel (for example wood coal) central heating,0,0,0,0,0,0,0,0,0,0,0,0
S01012258,Other central heating,0,0,0,0,0,0,0,0,0,0,0,0
S01012258,Two or more types of central heating,22,0,22,21,0,21,1,0,1,0,0,0
S01012259,All people in households,606,90,516,539,38,501,53,38,15,14,14,0
S01012259,No central heating,6,1,5,6,1,5,0,0,0,0,0,0
S01012259,Gas central heating,550,83,467,489,34,455,47,35,12,14,14,0
S01012259,Electric (including storage heaters) central heating,26,5,21,21,2,19,5,3,2,0,0,0
S01012259,Oil central heating,5,1,4,5,1,4,0,0,0,0,0,0
S01012259,Solid fuel (for example wood coal) central heating,0,0,0,0,0,0,0,0,0,0,0,0
S01012259,Other central heating,1,0,1,1,0,1,0,0,0,0,0,0
S01012259,Two or more types of central heating,18,0,18,17,0,17,1,0,1,0,0,0
S01012260,All people in households,857,158,699,735,66,669,92,62,30,30,30,0
S01012260,No central heating,8,3,5,7,2,5,0,0,0,1,1,0
S01012260,Gas central heating,781,128,653,685,57,628,75,50,25,21,21,0
S01012260,Electric (including storage heaters) central heating,48,23,25,24,4,20,16,11,5,8,8,0
S01012260,Oil central heating,4,0,4,4,0,4,0,0,0,0,0,0
S01012260,Solid fuel (for example wood coal) central heating,3,1,2,3,1,2,0,0,0,0,0,0
S01012260,Other central heating,7,0,7,7,0,7,0,0,0,0,0,0
S01012260,Two or more types of central heating,6,3,3,5,2,3,1,1,0,0,0,0
S01012261,All people in households,883,69,814,820,22,798,48,32,16,15,15,0
S01012261,No central heating,8,0,8,8,0,8,0,0,0,0,0,0
S01012261,Gas central heating,847,63,784,787,19,768,46,30,16,14,14,0
S01012261,Electric (including storage heaters) central heating,12,5,7,10,3,7,2,2,0,0,0,0
S01012261,Oil central heating,0,0,0,0,0,0,0,0,0,0,0,0
S01012261,Solid fuel (for example wood coal) central heating,9,0,9,9,0,9,0,0,0,0,0,0
S01012261,Other central heating,0,0,0,0,0,0,0,0,0,0,0,0
S01012261,Two or more types of central heating,7,1,6,6,0,6,0,0,0,1,1,0
S01012262,All people in households,792,98,694,712,41,671,61,39,22,19,18,1
S01012262,No central heating,40,5,35,34,0,34,3,2,1,3,3,0
S01012262,Gas central heating,256,42,214,226,17,209,21,16,5,9,9,0
S01012262,Electric (including storage heaters) central heating,40,3,37,36,0,36,4,3,1,0,0,0
S01012262,Oil central heating,297,34,263,271,17,254,21,12,9,5,5,0
S01012262,Solid fuel (for example wood coal) central heating,97,6,91,91,3,88,5,2,3,1,1,0
S01012262,Other central heating,14,3,11,12,1,11,2,2,0,0,0,0
S01012262,Two or more types of central heating,48,5,43,42,3,39,5,2,3,1,0,1
S01012263,All people in households,699,127,572,590,48,542,86,56,30,23,23,0
S01012263,No central heating,21,6,15,18,3,15,3,3,0,0,0,0
S01012263,Gas central heating,573,98,475,486,36,450,69,44,25,18,18,0
S01012263,Electric (including storage heaters) central heating,59,17,42,43,6,37,12,7,5,4,4,0
S01012263,Oil central heating,19,2,17,17,0,17,2,2,0,0,0,0
S01012263,Solid fuel (for example wood coal) central heating,0,0,0,0,0,0,0,0,0,0,0,0
S01012263,Other central heating,4,0,4,4,0,4,0,0,0,0,0,0
S01012263,Two or more types of central heating,23,4,19,22,3,19,0,0,0,1,1,0
S01012264,All people in households,472,83,389,410,38,372,47,30,17,15,15,0
S01012264,No central heating,10,0,10,8,0,8,2,0,2,0,0,0
S01012264,Gas central heating,400,63,337,349,25,324,40,27,13,11,11,0
S01012264,Electric (including storage heaters) central heating,35,14,21,29,10,19,3,1,2,3,3,0
S01012264,Oil central heating,10,0,10,10,0,10,0,0,0,0,0,0
S01012264,Solid fuel (for example wood coal) central heating,8,4,4,5,1,4,2,2,0,1,1,0
S01012264,Other central heating,0,0,0,0,0,0,0,0,0,0,0,0
S01012264,Two or more types of central heating,9,2,7,9,2,7,0,0,0,0,0,0
S01012265,All people in households,788,151,637,654,50,604,91,61,30,43,40,3
S01012265,No central heating,10,0,10,10,0,10,0,0,0,0,0,0
S01012265,Gas central heating,656,127,529,549,43,506,70,49,21,37,35,2
S01012265,Electric (including storage heaters) central heating,90,16,74,70,4,66,17,9,8,3,3,0
S01012265,Oil central heating,6,1,5,4,0,4,1,1,0,1,0,1
S01012265,Solid fuel (for example wood coal) central heating,4,3,1,3,2,1,1,1,0,0,0,0
S01012265,Other central heating,0,0,0,0,0,0,0,0,0,0,0,0
S01012265,Two or more types of central heating,22,4,18,18,1,17,2,1,1,2,2,0
S01012266,All people in households,1058,232,826,858,67,791,135,101,34,65,64,1
S01012266,No central heating,12,3,9,10,1,9,2,2,0,0,0,0
S01012266,Gas central heating,920,192,728,755,57,698,105,76,29,60,59,1
S01012266,Electric (including storage heaters) central heating,65,27,38,40,6,34,22,18,4,3,3,0
S01012266,Oil central heating,10,3,7,9,2,7,1,1,0,0,0,0
S01012266,Solid fuel (for example wood coal) central heating,12,2,10,11,1,10,1,1,0,0,0,0
S01012266,Other central heating,3,3,0,0,0,0,1,1,0,2,2,0
S01012266,Two or more types of central heating,36,2,34,33,0,33,3,2,1,0,0,0
S01012267,All people in households,682,94,588,615,42,573,53,38,15,14,14,0
S01012267,No central heating,6,2,4,5,1,4,1,1,0,0,0,0
S01012267,Gas central heating,619,81,538,560,36,524,45,31,14,14,14,0
S01012267,Electric (including storage heaters) central heating,21,5,16,15,0,15,6,5,1,0,0,0
S01012267,Oil central heating,12,0,12,12,0,12,0,0,0,0,0,0
S01012267,Solid fuel (for example wood coal) central heating,10,2,8,10,2,8,0,0,0,0,0,0
S01012267,Other central heating,4,0,4,4,0,4,0,0,0,0,0,0
S01012267,Two or more types of central heating,10,4,6,9,3,6,1,1,0,0,0,0
S01012268,All people in households,627,87,540,555,28,527,55,42,13,17,17,0
S01012268,No central heating,19,3,16,16,0,16,2,2,0,1,1,0
S01012268,Gas central heating,120,16,104,109,6,103,9,8,1,2,2,0
S01012268,Electric (including storage heaters) central heating,78,14,64,68,5,63,9,8,1,1,1,0
S01012268,Oil central heating,276,35,241,240,9,231,29,19,10,7,7,0
S01012268,Solid fuel (for example wood coal) central heating,73,7,66,69,3,66,2,2,0,2,2,0
S01012268,Other central heating,21,5,16,19,3,16,0,0,0,2,2,0
S01012268,Two or more types of central heating,40,7,33,34,2,32,4,3,1,2,2,0
S01012269,All people in households,999,173,826,849,66,783,117,75,42,33,32,1
S01012269,No central heating,14,1,13,12,0,12,2,1,1,0,0,0
S01012269,Gas central heating,709,114,595,615,48,567,74,47,27,20,19,1
S01012269,Electric (including storage heaters) central heating,162,39,123,124,11,113,29,19,10,9,9,0
S01012269,Oil central heating,89,12,77,77,3,74,9,6,3,3,3,0
S01012269,Solid fuel (for example wood coal) central heating,9,3,6,6,0,6,2,2,0,1,1,0
S01012269,Other central heating,9,3,6,9,3,6,0,0,0,0,0,0
S01012269,Two or more types of central heating,7,1,6,6,1,5,1,0,1,0,0,0
S01012270,All people in households,775,139,636,643,39,604,99,69,30,33,31,2
S01012270,No central heating,32,8,24,27,4,23,3,2,1,2,2,0
S01012270,Gas central heating,277,49,228,237,17,220,31,24,7,9,8,1
S01012270,Electric (including storage heaters) central heating,245,52,193,189,11,178,41,27,14,15,14,1
S01012270,Oil central heating,94,9,85,84,2,82,8,5,3,2,2,0
S01012270,Solid fuel (for example wood coal) central heating,61,11,50,52,5,47,7,4,3,2,2,0
S01012270,Other central heating,4,0,4,4,0,4,0,0,0,0,0,0
S01012270,Two or more types of central heating,62,10,52,50,0,50,9,7,2,3,3,0
S01012271,All people in households,1023,137,886,930,67,863,73,50,23,20,20,0
S01012271,No central heating,58,7,51,51,2,49,6,4,2,1,1,0
S01012271,Gas central heating,225,30,195,202,12,190,19,14,5,4,4,0
S01012271,Electric (including storage heaters) central heating,74,16,58,62,9,53,10,5,5,2,2,0
S01012271,Oil central heating,483,58,425,456,36,420,20,15,5,7,7,0
S01012271,Solid fuel (for example wood coal) central heating,92,14,78,76,3,73,13,8,5,3,3,0
S01012271,Other central heating,31,5,26,27,2,25,2,1,1,2,2,0
S01012271,Two or more types of central heating,60,7,53,56,3,53,3,3,0,1,1,0
S01012272,All people in households,718,115,603,616,35,581,84,62,22,18,18,0
S01012272,No central heating,39,4,35,34,0,34,2,1,1,3,3,0
S01012272,Gas central heating,91,9,82,87,5,82,3,3,0,1,1,0
S01012272,Electric (including storage heaters) central heating,139,35,104,111,9,102,19,17,2,9,9,0
S01012272,Oil central heating,313,52,261,263,18,245,46,30,16,4,4,0
S01012272,Solid fuel (for example wood coal) central heating,36,5,31,32,1,31,4,4,0,0,0,0
S01012272,Other central heating,46,4,42,43,1,42,3,3,0,0,0,0
S01012272,Two or more types of central heating,54,6,48,46,1,45,7,4,3,1,1,0
S01012273,All people in households,697,114,583,610,49,561,75,53,22,12,12,0
S01012273,No central heating,7,1,6,6,0,6,1,1,0,0,0,0
S01012273,Gas central heating,465,86,379,402,39,363,56,40,16,7,7,0
S01012273,Electric (including storage heaters) central heating,67,13,54,55,3,52,10,8,2,2,2,0
S01012273,Oil central heating,96,8,88,89,3,86,4,2,2,3,3,0
S01012273,Solid fuel (for example wood coal) central heating,11,0,11,11,0,11,0,0,0,0,0,0
S01012273,Other central heating,8,0,8,8,0,8,0,0,0,0,0,0
S01012273,Two or more types of central heating,43,6,37,39,4,35,4,2,2,0,0,0
S01012274,All people in households,916,149,767,799,58,741,89,67,22,28,24,4
S01012274,No central heating,19,4,15,16,1,15,3,3,0,0,0,0
S01012274,Gas central heating,720,104,616,648,49,599,56,43,13,16,12,4
S01012274,Electric (including storage heaters) central heating,127,32,95,92,5,87,26,18,8,9,9,0
S01012274,Oil central heating,17,2,15,14,0,14,3,2,1,0,0,0
S01012274,Solid fuel (for example wood coal) central heating,5,0,5,5,0,5,0,0,0,0,0,0
S01012274,Other central heating,12,3,9,12,3,9,0,0,0,0,0,0
S01012274,Two or more types of central heating,16,4,12,12,0,12,1,1,0,3,3,0
S01012275,All people in households,800,131,669,685,40,645,72,49,23,43,42,1
S01012275,No central heating,41,8,33,31,2,29,8,4,4,2,2,0
S01012275,Gas central heating,525,73,452,461,23,438,42,29,13,22,21,1
S01012275,Electric (including storage heaters) central heating,218,49,169,178,15,163,22,16,6,18,18,0
S01012275,Oil central heating,4,0,4,4,0,4,0,0,0,0,0,0
S01012275,Solid fuel (for example wood coal) central heating,0,0,0,0,0,0,0,0,0,0,0,0
S01012275,Other central heating,0,0,0,0,0,0,0,0,0,0,0,0
S01012275,Two or more types of central heating,12,1,11,11,0,11,0,0,0,1,1,0
S01012276,All people in households,915,169,746,783,62,721,96,74,22,36,33,3
S01012276,No central heating,21,1,20,19,1,18,2,0,2,0,0,0
S01012276,Gas central heating,781,132,649,676,47,629,75,57,18,30,28,2
S01012276,Electric (including storage heaters) central heating,77,27,50,57,10,47,15,13,2,5,4,1
S01012276,Oil central heating,8,2,6,6,0,6,1,1,0,1,1,0
S01012276,Solid fuel (for example wood coal) central heating,1,1,0,1,1,0,0,0,0,0,0,0
S01012276,Other central heating,2,0,2,2,0,2,0,0,0,0,0,0
S01012276,Two or more types of central heating,25,6,19,22,3,19,3,3,0,0,0,0
S01012277,All people in households,1045,165,880,894,57,837,116,73,43,35,35,0
S01012277,No central heating,24,4,20,18,1,17,6,3,3,0,0,0
S01012277,Gas central heating,821,105,716,725,41,684,76,44,32,20,20,0
S01012277,Electric (including storage heaters) central heating,154,49,105,114,14,100,27,22,5,13,13,0
S01012277,Oil central heating,22,2,20,19,1,18,3,1,2,0,0,0
S01012277,Solid fuel (for example wood coal) central heating,4,1,3,3,0,3,0,0,0,1,1,0
S01012277,Other central heating,0,0,0,0,0,0,0,0,0,0,0,0
S01012277,Two or more types of central heating,20,4,16,15,0,15,4,3,1,1,1,0
S01012278,All people in households,687,180,507,524,40,484,104,81,23,59,59,0
S01012278,No central heating,19,6,13,14,1,13,1,1,0,4,4,0
S01012278,Gas central heating,521,123,398,414,31,383,72,57,15,35,35,0
S01012278,Electric (including storage heaters) central heating,122,46,76,75,6,69,28,21,7,19,19,0
S01012278,Oil central heating,5,0,5,5,0,5,0,0,0,0,0,0
S01012278,Solid fuel (for example wood coal) central heating,7,1,6,7,1,6,0,0,0,0,0,0
S01012278,Other central heating,0,0,0,0,0,0,0,0,0,0,0,0
S01012278,Two or more types of central heating,13,4,9,9,1,8,3,2,1,1,1,0
S01012279,All people in households,774,139,635,657,45,612,72,49,23,45,45,0
S01012279,No central heating,22,1,21,21,0,21,0,0,0,1,1,0
S01012279,Gas central heating,541,80,461,475,30,445,40,24,16,26,26,0
S01012279,Electric (including storage heaters) central heating,176,52,124,130,13,117,29,22,7,17,17,0
S01012279,Oil central heating,3,2,1,2,1,1,1,1,0,0,0,0
S01012279,Solid fuel (for example wood coal) central heating,1,1,0,0,0,0,0,0,0,1,1,0
S01012279,Other central heating,0,0,0,0,0,0,0,0,0,0,0,0
S01012279,Two or more types of central heating,31,3,28,29,1,28,2,2,0,0,0,0
S01012280,All people in households,933,168,765,788,59,729,109,74,35,36,35,1
S01012280,No central heating,8,2,6,7,1,6,1,1,0,0,0,0
S01012280,Gas central heating,649,90,559,570,38,532,62,36,26,17,16,1
S01012280,Electric (including storage heaters) central heating,239,63,176,182,15,167,43,34,9,14,14,0
S01012280,Oil central heating,10,1,9,10,1,9,0,0,0,0,0,0
S01012280,Solid fuel (for example wood coal) central heating,5,3,2,4,2,2,1,1,0,0,0,0
S01012280,Other central heating,2,1,1,2,1,1,0,0,0,0,0,0
S01012280,Two or more types of central heating,20,8,12,13,1,12,2,2,0,5,5,0
S01012281,All people in households,704,128,576,594,39,555,78,57,21,32,32,0
S01012281,No central heating,29,8,21,23,2,21,4,4,0,2,2,0
S01012281,Gas central heating,537,81,456,473,28,445,46,35,11,18,18,0
S01012281,Electric (including storage heaters) central heating,119,38,81,80,9,71,27,17,10,12,12,0
S01012281,Oil central heating,0,0,0,0,0,0,0,0,0,0,0,0
S01012281,Solid fuel (for example wood coal) central heating,0,0,0,0,0,0,0,0,0,0,0,0
S01012281,Other central heating,3,0,3,3,0,3,0,0,0,0,0,0
S01012281,Two or more types of central heating,16,1,15,15,0,15,1,1,0,0,0,0
S01012282,All people in households,936,183,753,781,68,713,123,83,40,32,32,0
S01012282,No central heating,11,4,7,9,2,7,2,2,0,0,0,0
S01012282,Gas central heating,680,95,585,602,38,564,66,45,21,12,12,0
S01012282,Electric (including storage heaters) central heating,175,71,104,108,20,88,50,34,16,17,17,0
S01012282,Oil central heating,15,1,14,13,1,12,2,0,2,0,0,0
S01012282,Solid fuel (for example wood coal) central heating,8,2,6,5,0,5,1,0,1,2,2,0
S01012282,Other central heating,8,0,8,8,0,8,0,0,0,0,0,0
S01012282,Two or more types of central heating,39,10,29,36,7,29,2,2,0,1,1,0
S01012283,All people in households,848,145,703,731,50,681,76,54,22,41,41,0
S01012283,No central heating,3,1,2,2,0,2,1,1,0,0,0,0
S01012283,Gas central heating,628,91,537,567,42,525,39,27,12,22,22,0
S01012283,Electric (including storage heaters) central heating,174,37,137,133,5,128,26,17,9,15,15,0
S01012283,Oil central heating,24,8,16,18,3,15,5,4,1,1,1,0
S01012283,Solid fuel (for example wood coal) central heating,8,4,4,4,0,4,2,2,0,2,2,0
S01012283,Other central heating,3,1,2,2,0,2,0,0,0,1,1,0
S01012283,Two or more types of central heating,8,3,5,5,0,5,3,3,0,0,0,0
S01012284,All people in households,774,171,603,626,58,568,108,74,34,40,39,1
S01012284,No central heating,22,6,16,16,0,16,3,3,0,3,3,0
S01012284,Gas central heating,436,99,337,352,35,317,65,46,19,19,18,1
S01012284,Electric (including storage heaters) central heating,283,60,223,230,22,208,36,21,15,17,17,0
S01012284,Oil central heating,5,1,4,4,0,4,1,1,0,0,0,0
S01012284,Solid fuel (for example wood coal) central heating,2,0,2,2,0,2,0,0,0,0,0,0
S01012284,Other central heating,5,0,5,5,0,5,0,0,0,0,0,0
S01012284,Two or more types of central heating,21,5,16,17,1,16,3,3,0,1,1,0
S01012285,All people in households,537,120,417,449,53,396,66,45,21,22,22,0
S01012285,No central heating,7,0,7,6,0,6,1,0,1,0,0,0
S01012285,Gas central heating,479,102,377,400,42,358,61,42,19,18,18,0
S01012285,Electric (including storage heaters) central heating,30,10,20,26,7,19,1,0,1,3,3,0
S01012285,Oil central heating,20,7,13,16,3,13,3,3,0,1,1,0
S01012285,Solid fuel (for example wood coal) central heating,0,0,0,0,0,0,0,0,0,0,0,0
S01012285,Other central heating,1,1,0,1,1,0,0,0,0,0,0,0
S01012285,Two or more types of central heating,0,0,0,0,0,0,0,0,0,0,0,0
S01012286,All people in households,1049,181,868,864,58,806,139,79,60,46,44,2
S01012286,No central heating,17,2,15,15,0,15,2,2,0,0,0,0
S01012286,Gas central heating,490,73,417,417,27,390,63,36,27,10,10,0
S01012286,Electric (including storage heaters) central heating,468,93,375,377,28,349,59,34,25,32,31,1
S01012286,Oil central heating,42,9,33,28,2,26,12,6,6,2,1,1
S01012286,Solid fuel (for example wood coal) central heating,7,3,4,4,1,3,1,0,1,2,2,0
S01012286,Other central heating,11,1,10,10,0,10,1,1,0,0,0,0
S01012286,Two or more types of central heating,14,0,14,13,0,13,1,0,1,0,0,0
S01012287,All people in households,980,207,773,797,67,730,117,78,39,66,62,4
S01012287,No central heating,24,6,18,19,2,17,1,0,1,4,4,0
S01012287,Gas central heating,649,121,528,534,38,496,79,49,30,36,34,2
S01012287,Electric (including storage heaters) central heating,244,68,176,191,24,167,30,23,7,23,21,2
S01012287,Oil central heating,9,4,5,5,1,4,4,3,1,0,0,0
S01012287,Solid fuel (for example wood coal) central heating,0,0,0,0,0,0,0,0,0,0,0,0
S01012287,Other central heating,0,0,0,0,0,0,0,0,0,0,0,0
S01012287,Two or more types of central heating,54,8,46,48,2,46,3,3,0,3,3,0
S01012288,All people in households,769,163,606,623,60,563,101,61,40,45,42,3
S01012288,No central heating,15,3,12,11,1,10,2,1,1,2,1,1
S01012288,Gas central heating,606,124,482,492,44,448,81,49,32,33,31,2
S01012288,Electric (including storage heaters) central heating,111,28,83,87,11,76,15,8,7,9,9,0
S01012288,Oil central heating,10,1,9,10,1,9,0,0,0,0,0,0
S01012288,Solid fuel (for example wood coal) central heating,9,4,5,6,1,5,2,2,0,1,1,0
S01012288,Other central heating,2,0,2,2,0,2,0,0,0,0,0,0
S01012288,Two or more types of central heating,16,3,13,15,2,13,1,1,0,0,0,0
S01012289,All people in households,837,167,670,696,58,638,116,84,32,25,25,0
S01012289,No central heating,2,0,2,2,0,2,0,0,0,0,0,0
S01012289,Gas central heating,717,132,585,610,48,562,89,66,23,18,18,0
S01012289,Electric (including storage heaters) central heating,44,21,23,25,6,19,14,10,4,5,5,0
S01012289,Oil central heating,46,7,39,38,2,36,6,3,3,2,2,0
S01012289,Solid fuel (for example wood coal) central heating,3,0,3,3,0,3,0,0,0,0,0,0
S01012289,Other central heating,0,0,0,0,0,0,0,0,0,0,0,0
S01012289,Two or more types of central heating,25,7,18,18,2,16,7,5,2,0,0,0
S01012290,All people in households,585,138,447,472,39,433,82,69,13,31,30,1
S01012290,No central heating,12,5,7,8,2,6,3,2,1,1,1,0
S01012290,Gas central heating,437,87,350,365,25,340,56,46,10,16,16,0
S01012290,Electric (including storage heaters) central heating,106,36,70,77,10,67,17,15,2,12,11,1
S01012290,Oil central heating,13,5,8,9,1,8,2,2,0,2,2,0
S01012290,Solid fuel (for example wood coal) central heating,4,1,3,3,0,3,1,1,0,0,0,0
S01012290,Other central heating,1,1,0,0,0,0,1,1,0,0,0,0
S01012290,Two or more types of central heating,12,3,9,10,1,9,2,2,0,0,0,0
S01012291,All people in households,961,115,846,863,45,818,70,43,27,28,27,1
S01012291,No central heating,5,2,3,3,0,3,2,2,0,0,0,0
S01012291,Gas central heating,815,94,721,738,37,701,55,36,19,22,21,1
S01012291,Electric (including storage heaters) central heating,93,10,83,83,4,79,7,3,4,3,3,0
S01012291,Oil central heating,8,2,6,5,1,4,2,0,2,1,1,0
S01012291,Solid fuel (for example wood coal) central heating,13,2,11,11,1,10,2,1,1,0,0,0
S01012291,Other central heating,8,1,7,7,1,6,1,0,1,0,0,0
S01012291,Two or more types of central heating,19,4,15,16,1,15,1,1,0,2,2,0
S01012292,All people in households,717,139,578,618,60,558,76,57,19,23,22,1
S01012292,No central heating,9,4,5,6,1,5,2,2,0,1,1,0
S01012292,Gas central heating,606,96,510,538,42,496,54,41,13,14,13,1
S01012292,Electric (including storage heaters) central heating,70,34,36,47,15,32,16,12,4,7,7,0
S01012292,Oil central heating,13,3,10,9,0,9,3,2,1,1,1,0
S01012292,Solid fuel (for example wood coal) central heating,5,0,5,5,0,5,0,0,0,0,0,0
S01012292,Other central heating,0,0,0,0,0,0,0,0,0,0,0,0
S01012292,Two or more types of central heating,14,2,12,13,2,11,1,0,1,0,0,0
S01012293,All people in households,477,102,375,387,33,354,67,48,19,23,21,2
S01012293,No central heating,1,0,1,1,0,1,0,0,0,0,0,0
S01012293,Gas central heating,415,82,333,340,26,314,58,40,18,17,16,1
S01012293,Electric (including storage heaters) central heating,31,13,18,19,3,16,7,6,1,5,4,1
S01012293,Oil central heating,8,1,7,8,1,7,0,0,0,0,0,0
S01012293,Solid fuel (for example wood coal) central heating,0,0,0,0,0,0,0,0,0,0,0,0
S01012293,Other central heating,7,3,4,6,2,4,1,1,0,0,0,0
S01012293,Two or more types of central heating,15,3,12,13,1,12,1,1,0,1,1,0
S01012294,All people in households,870,180,690,727,64,663,103,78,25,40,38,2
S01012294,No central heating,9,5,4,4,0,4,4,4,0,1,1,0
S01012294,Gas central heating,824,163,661,695,60,635,90,66,24,39,37,2
S01012294,Electric (including storage heaters) central heating,12,5,7,9,2,7,3,3,0,0,0,0
S01012294,Oil central heating,4,0,4,4,0,4,0,0,0,0,0,0
S01012294,Solid fuel (for example wood coal) central heating,0,0,0,0,0,0,0,0,0,0,0,0
S01012294,Other central heating,1,0,1,1,0,1,0,0,0,0,0,0
S01012294,Two or more types of central heating,20,7,13,14,2,12,6,5,1,0,0,0
S01012295,All people in households,731,79,652,654,21,633,51,35,16,26,23,3
S01012295,No central heating,0,0,0,0,0,0,0,0,0,0,0,0
S01012295,Gas central heating,702,73,629,630,18,612,47,33,14,25,22,3
S01012295,Electric (including storage heaters) central heating,14,2,12,13,2,11,1,0,1,0,0,0
S01012295,Oil central heating,0,0,0,0,0,0,0,0,0,0,0,0
S01012295,Solid fuel (for example wood coal) central heating,0,0,0,0,0,0,0,0,0,0,0,0
S01012295,Other central heating,0,0,0,0,0,0,0,0,0,0,0,0
S01012295,Two or more types of central heating,15,4,11,11,1,10,3,2,1,1,1,0
S01012296,All people in households,888,90,798,807,34,773,59,35,24,22,21,1
S01012296,No central heating,10,0,10,10,0,10,0,0,0,0,0,0
S01012296,Gas central heating,786,70,716,722,27,695,47,26,21,17,17,0
S01012296,Electric (including storage heaters) central heating,25,7,18,17,1,16,7,5,2,1,1,0
S01012296,Oil central heating,31,4,27,29,2,27,2,2,0,0,0,0
S01012296,Solid fuel (for example wood coal) central heating,6,1,5,4,0,4,2,1,1,0,0,0
S01012296,Other central heating,0,0,0,0,0,0,0,0,0,0,0,0
S01012296,Two or more types of central heating,30,8,22,25,4,21,1,1,0,4,3,1
S01012297,All people in households,589,67,522,538,29,509,40,27,13,11,11,0
S01012297,No central heating,20,3,17,18,2,16,1,0,1,1,1,0
S01012297,Gas central heating,57,7,50,49,1,48,6,4,2,2,2,0
S01012297,Electric (including storage heaters) central heating,36,5,31,31,0,31,4,4,0,1,1,0
S01012297,Oil central heating,332,41,291,308,21,287,18,14,4,6,6,0
S01012297,Solid fuel (for example wood coal) central heating,45,5,40,38,1,37,6,3,3,1,1,0
S01012297,Other central heating,35,0,35,34,0,34,1,0,1,0,0,0
S01012297,Two or more types of central heating,64,6,58,60,4,56,4,2,2,0,0,0
S01012298,All people in households,810,144,666,691,48,643,85,62,23,34,34,0
S01012298,No central heating,19,4,15,17,3,14,2,1,1,0,0,0
S01012298,Gas central heating,716,126,590,609,40,569,77,56,21,30,30,0
S01012298,Electric (including storage heaters) central heating,39,8,31,31,1,30,5,4,1,3,3,0
S01012298,Oil central heating,12,4,8,11,3,8,1,1,0,0,0,0
S01012298,Solid fuel (for example wood coal) central heating,4,1,3,3,0,3,0,0,0,1,1,0
S01012298,Other central heating,5,0,5,5,0,5,0,0,0,0,0,0
S01012298,Two or more types of central heating,15,1,14,15,1,14,0,0,0,0,0,0
S01012299,All people in households,620,88,532,554,38,516,46,32,14,20,18,2
S01012299,No central heating,22,3,19,20,2,18,1,0,1,1,1,0
S01012299,Gas central heating,101,22,79,84,8,76,11,8,3,6,6,0
S01012299,Electric (including storage heaters) central heating,53,12,41,43,4,39,7,5,2,3,3,0
S01012299,Oil central heating,323,33,290,300,16,284,18,13,5,5,4,1
S01012299,Solid fuel (for example wood coal) central heating,48,4,44,44,2,42,3,2,1,1,0,1
S01012299,Other central heating,38,10,28,30,4,26,5,3,2,3,3,0
S01012299,Two or more types of central heating,35,4,31,33,2,31,1,1,0,1,1,0
S01012300,All people in households,648,139,509,522,40,482,79,52,27,47,47,0
S01012300,No central heating,18,5,13,16,3,13,1,1,0,1,1,0
S01012300,Gas central heating,60,5,55,55,0,55,2,2,0,3,3,0
S01012300,Electric (including storage heaters) central heating,194,56,138,143,13,130,29,21,8,22,22,0
S01012300,Oil central heating,201,39,162,173,15,158,19,15,4,9,9,0
S01012300,Solid fuel (for example wood coal) central heating,127,24,103,93,3,90,25,12,13,9,9,0
S01012300,Other central heating,24,7,17,19,3,16,2,1,1,3,3,0
S01012300,Two or more types of central heating,24,3,21,23,3,20,1,0,1,0,0,0
S01012301,All people in households,949,164,785,818,67,751,93,60,33,38,37,1
S01012301,No central heating,47,15,32,33,5,28,11,7,4,3,3,0
S01012301,Gas central heating,234,40,194,205,17,188,19,14,5,10,9,1
S01012301,Electric (including storage heaters) central heating,143,36,107,113,14,99,22,14,8,8,8,0
S01012301,Oil central heating,332,39,293,297,15,282,27,16,11,8,8,0
S01012301,Solid fuel (for example wood coal) central heating,89,16,73,75,6,69,10,6,4,4,4,0
S01012301,Other central heating,20,5,15,17,2,15,2,2,0,1,1,0
S01012301,Two or more types of central heating,84,13,71,78,8,70,2,1,1,4,4,0
S01012302,All people in households,556,95,461,481,37,444,55,39,16,20,19,1
S01012302,No central heating,33,7,26,29,4,25,3,2,1,1,1,0
S01012302,Gas central heating,84,12,72,78,6,72,3,3,0,3,3,0
S01012302,Electric (including storage heaters) central heating,54,7,47,44,1,43,6,2,4,4,4,0
S01012302,Oil central heating,213,32,181,187,13,174,23,16,7,3,3,0
S01012302,Solid fuel (for example wood coal) central heating,106,25,81,88,10,78,14,11,3,4,4,0
S01012302,Other central heating,14,1,13,13,0,13,0,0,0,1,1,0
S01012302,Two or more types of central heating,52,11,41,42,3,39,6,5,1,4,3,1
S01012303,All people in households,896,120,776,799,55,744,84,52,32,13,13,0
S01012303,No central heating,29,6,23,25,2,23,3,3,0,1,1,0
S01012303,Gas central heating,222,33,189,195,11,184,23,18,5,4,4,0
S01012303,Electric (including storage heaters) central heating,75,11,64,66,5,61,6,3,3,3,3,0
S01012303,Oil central heating,391,47,344,349,22,327,39,22,17,3,3,0
S01012303,Solid fuel (for example wood coal) central heating,87,11,76,79,8,71,7,2,5,1,1,0
S01012303,Other central heating,44,5,39,42,3,39,2,2,0,0,0,0
S01012303,Two or more types of central heating,48,7,41,43,4,39,4,2,2,1,1,0
S01012304,All people in households,983,168,815,843,62,781,101,67,34,39,39,0
S01012304,No central heating,29,5,24,23,0,23,3,2,1,3,3,0
S01012304,Gas central heating,166,37,129,142,17,125,14,10,4,10,10,0
S01012304,Electric (including storage heaters) central heating,199,40,159,158,8,150,33,24,9,8,8,0
S01012304,Oil central heating,372,51,321,339,25,314,22,15,7,11,11,0
S01012304,Solid fuel (for example wood coal) central heating,137,23,114,116,8,108,16,10,6,5,5,0
S01012304,Other central heating,27,3,24,20,0,20,7,3,4,0,0,0
S01012304,Two or more types of central heating,53,9,44,45,4,41,6,3,3,2,2,0
S01012305,All people in households,697,152,545,580,59,521,91,68,23,26,25,1
S01012305,No central heating,8,1,7,5,0,5,3,1,2,0,0,0
S01012305,Gas central heating,492,110,382,412,41,371,65,54,11,15,15,0
S01012305,Electric (including storage heaters) central heating,106,22,84,89,11,78,11,6,5,6,5,1
S01012305,Oil central heating,39,3,36,37,2,35,2,1,1,0,0,0
S01012305,Solid fuel (for example wood coal) central heating,5,3,2,4,2,2,1,1,0,0,0,0
S01012305,Other central heating,20,5,15,12,0,12,4,1,3,4,4,0
S01012305,Two or more types of central heating,27,8,19,21,3,18,5,4,1,1,1,0
S01012306,All people in households,594,128,466,476,37,439,101,74,27,17,17,0
S01012306,No central heating,2,0,2,2,0,2,0,0,0,0,0,0
S01012306,Gas central heating,437,89,348,354,27,327,71,50,21,12,12,0
S01012306,Electric (including storage heaters) central heating,100,30,70,76,8,68,21,19,2,3,3,0
S01012306,Oil central heating,18,6,12,14,2,12,3,3,0,1,1,0
S01012306,Solid fuel (for example wood coal) central heating,5,0,5,5,0,5,0,0,0,0,0,0
S01012306,Other central heating,4,1,3,3,0,3,1,1,0,0,0,0
S01012306,Two or more types of central heating,28,2,26,22,0,22,5,1,4,1,1,0
S01012307,All people in households,612,133,479,486,40,446,96,64,32,30,29,1
S01012307,No central heating,9,1,8,8,0,8,1,1,0,0,0,0
S01012307,Gas central heating,459,96,363,364,31,333,74,45,29,21,20,1
S01012307,Electric (including storage heaters) central heating,102,28,74,79,7,72,19,17,2,4,4,0
S01012307,Oil central heating,20,5,15,17,2,15,0,0,0,3,3,0
S01012307,Solid fuel (for example wood coal) central heating,6,1,5,5,0,5,1,1,0,0,0,0
S01012307,Other central heating,1,0,1,1,0,1,0,0,0,0,0,0
S01012307,Two or more types of central heating,15,2,13,12,0,12,1,0,1,2,2,0
S01012308,All people in households,842,127,715,743,52,691,78,54,24,21,21,0
S01012308,No central heating,2,2,0,2,2,0,0,0,0,0,0,0
S01012308,Gas central heating,678,94,584,599,35,564,68,48,20,11,11,0
S01012308,Electric (including storage heaters) central heating,103,19,84,92,9,83,5,4,1,6,6,0
S01012308,Oil central heating,17,6,11,15,4,11,0,0,0,2,2,0
S01012308,Solid fuel (for example wood coal) central heating,19,5,14,12,1,11,5,2,3,2,2,0
S01012308,Other central heating,0,0,0,0,0,0,0,0,0,0,0,0
S01012308,Two or more types of central heating,23,1,22,23,1,22,0,0,0,0,0,0
S01012309,All people in households,535,130,405,427,41,386,77,59,18,31,30,1
S01012309,No central heating,8,1,7,7,0,7,1,1,0,0,0,0
S01012309,Gas central heating,373,85,288,306,27,279,46,37,9,21,21,0
S01012309,Electric (including storage heaters) central heating,92,30,62,62,6,56,22,16,6,8,8,0
S01012309,Oil central heating,25,5,20,22,4,18,3,1,2,0,0,0
S01012309,Solid fuel (for example wood coal) central heating,20,5,15,16,2,14,2,2,0,2,1,1
S01012309,Other central heating,0,0,0,0,0,0,0,0,0,0,0,0
S01012309,Two or more types of central heating,17,4,13,14,2,12,3,2,1,0,0,0
S01012310,All people in households,879,169,710,718,51,667,121,81,40,40,37,3
S01012310,No central heating,46,7,39,40,2,38,3,2,1,3,3,0
S01012310,Gas central heating,287,46,241,248,17,231,32,23,9,7,6,1
S01012310,Electric (including storage heaters) central heating,113,37,76,78,10,68,24,17,7,11,10,1
S01012310,Oil central heating,263,41,222,223,12,211,34,23,11,6,6,0
S01012310,Solid fuel (for example wood coal) central heating,95,18,77,74,5,69,14,7,7,7,6,1
S01012310,Other central heating,22,3,19,19,1,18,2,1,1,1,1,0
S01012310,Two or more types of central heating,53,17,36,36,4,32,12,8,4,5,5,0
S01012311,All people in households,561,161,400,435,54,381,84,65,19,42,42,0
S01012311,No central heating,17,5,12,14,2,12,3,3,0,0,0,0
S01012311,Gas central heating,76,21,55,56,3,53,12,10,2,8,8,0
S01012311,Electric (including storage heaters) central heating,146,59,87,100,21,79,28,20,8,18,18,0
S01012311,Oil central heating,227,57,170,184,20,164,29,23,6,14,14,0
S01012311,Solid fuel (for example wood coal) central heating,52,8,44,44,1,43,7,6,1,1,1,0
S01012311,Other central heating,20,4,16,18,3,15,2,1,1,0,0,0
S01012311,Two or more types of central heating,23,7,16,19,4,15,3,2,1,1,1,0
S01012312,All people in households,997,194,803,822,66,756,118,75,43,57,53,4
S01012312,No central heating,43,11,32,32,0,32,6,6,0,5,5,0
S01012312,Gas central heating,136,19,117,123,7,116,8,7,1,5,5,0
S01012312,Electric (including storage heaters) central heating,195,50,145,150,16,134,26,17,9,19,17,2
S01012312,Oil central heating,428,64,364,364,26,338,52,27,25,12,11,1
S01012312,Solid fuel (for example wood coal) central heating,91,20,71,78,9,69,8,6,2,5,5,0
S01012312,Other central heating,40,15,25,29,6,23,7,5,2,4,4,0
S01012312,Two or more types of central heating,64,15,49,46,2,44,11,7,4,7,6,1
S01012313,All people in households,758,148,610,624,42,582,97,69,28,37,37,0
S01012313,No central heating,18,5,13,14,1,13,2,2,0,2,2,0
S01012313,Gas central heating,154,31,123,128,9,119,20,16,4,6,6,0
S01012313,Electric (including storage heaters) central heating,210,37,173,167,7,160,27,14,13,16,16,0
S01012313,Oil central heating,244,40,204,219,21,198,24,18,6,1,1,0
S01012313,Solid fuel (for example wood coal) central heating,64,12,52,48,0,48,12,8,4,4,4,0
S01012313,Other central heating,44,14,30,33,3,30,7,7,0,4,4,0
S01012313,Two or more types of central heating,24,9,15,15,1,14,5,4,1,4,4,0
S01012314,All people in households,851,180,671,688,51,637,112,79,33,51,50,1
S01012314,No central heating,4,2,2,2,0,2,0,0,0,2,2,0
S01012314,Gas central heating,731,144,587,601,41,560,91,65,26,39,38,1
S01012314,Electric (including storage heaters) central heating,41,20,21,27,8,19,7,5,2,7,7,0
S01012314,Oil central heating,11,4,7,6,0,6,4,3,1,1,1,0
S01012314,Solid fuel (for example wood coal) central heating,28,6,22,24,2,22,3,3,0,1,1,0
S01012314,Other central heating,3,0,3,3,0,3,0,0,0,0,0,0
S01012314,Two or more types of central heating,33,4,29,25,0,25,7,3,4,1,1,0
S01012315,All people in households,699,200,499,525,59,466,122,91,31,52,50,2
S01012315,No central heating,16,4,12,12,0,12,3,3,0,1,1,0
S01012315,Gas central heating,544,135,409,418,38,380,89,62,27,37,35,2
S01012315,Electric (including storage heaters) central heating,88,47,41,53,16,37,26,22,4,9,9,0
S01012315,Oil central heating,11,2,9,11,2,9,0,0,0,0,0,0
S01012315,Solid fuel (for example wood coal) central heating,6,0,6,6,0,6,0,0,0,0,0,0
S01012315,Other central heating,1,0,1,1,0,1,0,0,0,0,0,0
S01012315,Two or more types of central heating,33,12,21,24,3,21,4,4,0,5,5,0
S01012316,All people in households,612,146,466,480,35,445,89,68,21,43,43,0
S01012316,No central heating,10,2,8,8,0,8,1,1,0,1,1,0
S01012316,Gas central heating,547,136,411,425,34,391,81,61,20,41,41,0
S01012316,Electric (including storage heaters) central heating,16,2,14,15,1,14,1,1,0,0,0,0
S01012316,Oil central heating,8,0,8,7,0,7,1,0,1,0,0,0
S01012316,Solid fuel (for example wood coal) central heating,4,0,4,4,0,4,0,0,0,0,0,0
S01012316,Other central heating,1,1,0,0,0,0,1,1,0,0,0,0
S01012316,Two or more types of central heating,26,5,21,21,0,21,4,4,0,1,1,0
S01012317,All people in households,558,84,474,488,31,457,52,36,16,18,17,1
S01012317,No central heating,0,0,0,0,0,0,0,0,0,0,0,0
S01012317,Gas central heating,506,75,431,446,28,418,44,32,12,16,15,1
S01012317,Electric (including storage heaters) central heating,15,4,11,11,1,10,3,2,1,1,1,0
S01012317,Oil central heating,0,0,0,0,0,0,0,0,0,0,0,0
S01012317,Solid fuel (for example wood coal) central heating,7,3,4,6,2,4,1,1,0,0,0,0
S01012317,Other central heating,2,1,1,1,0,1,1,1,0,0,0,0
S01012317,Two or more types of central heating,28,1,27,24,0,24,3,0,3,1,1,0
S01012318,All people in households,792,144,648,650,30,620,91,63,28,51,51,0
S01012318,No central heating,8,2,6,8,2,6,0,0,0,0,0,0
S01012318,Gas central heating,728,123,605,604,24,580,78,53,25,46,46,0
S01012318,Electric (including storage heaters) central heating,10,5,5,4,0,4,5,4,1,1,1,0
S01012318,Oil central heating,9,3,6,7,1,6,0,0,0,2,2,0
S01012318,Solid fuel (for example wood coal) central heating,0,0,0,0,0,0,0,0,0,0,0,0
S01012318,Other central heating,15,5,10,10,2,8,4,2,2,1,1,0
S01012318,Two or more types of central heating,22,6,16,17,1,16,4,4,0,1,1,0
S01012319,All people in households,767,131,636,672,56,616,72,52,20,23,23,0
S01012319,No central heating,65,7,58,56,2,54,9,5,4,0,0,0
S01012319,Gas central heating,156,29,127,134,14,120,16,9,7,6,6,0
S01012319,Electric (including storage heaters) central heating,111,17,94,100,7,93,10,9,1,1,1,0
S01012319,Oil central heating,301,48,253,269,22,247,22,16,6,10,10,0
S01012319,Solid fuel (for example wood coal) central heating,46,5,41,43,2,41,2,2,0,1,1,0
S01012319,Other central heating,35,9,26,30,5,25,4,3,1,1,1,0
S01012319,Two or more types of central heating,53,16,37,40,4,36,9,8,1,4,4,0
S01012320,All people in households,687,125,562,572,40,532,77,50,27,38,35,3
S01012320,No central heating,28,3,25,25,1,24,2,1,1,1,1,0
S01012320,Gas central heating,51,16,35,38,8,30,9,7,2,4,1,3
S01012320,Electric (including storage heaters) central heating,240,54,186,198,18,180,26,20,6,16,16,0
S01012320,Oil central heating,153,17,136,137,4,133,9,6,3,7,7,0
S01012320,Solid fuel (for example wood coal) central heating,172,25,147,143,7,136,22,11,11,7,7,0
S01012320,Other central heating,28,6,22,22,1,21,3,2,1,3,3,0
S01012320,Two or more types of central heating,15,4,11,9,1,8,6,3,3,0,0,0
S01012321,All people in households,772,153,619,645,55,590,89,62,27,38,36,2
S01012321,No central heating,21,3,18,17,1,16,2,0,2,2,2,0
S01012321,Gas central heating,236,44,192,203,18,185,23,16,7,10,10,0
S01012321,Electric (including storage heaters) central heating,270,66,204,210,19,191,39,28,11,21,19,2
S01012321,Oil central heating,152,22,130,133,8,125,16,11,5,3,3,0
S01012321,Solid fuel (for example wood coal) central heating,47,8,39,41,2,39,5,5,0,1,1,0
S01012321,Other central heating,22,4,18,20,3,17,2,1,1,0,0,0
S01012321,Two or more types of central heating,24,6,18,21,4,17,2,1,1,1,1,0
S01012322,All people in households,985,177,808,842,73,769,100,62,38,43,42,1
S01012322,No central heating,52,6,46,48,2,46,3,3,0,1,1,0
S01012322,Gas central heating,119,21,98,103,8,95,13,10,3,3,3,0
S01012322,Electric (including storage heaters) central heating,97,31,66,70,7,63,16,13,3,11,11,0
S01012322,Oil central heating,513,81,432,452,42,410,44,23,21,17,16,1
S01012322,Solid fuel (for example wood coal) central heating,116,14,102,99,3,96,12,6,6,5,5,0
S01012322,Other central heating,28,8,20,22,4,18,4,2,2,2,2,0
S01012322,Two or more types of central heating,60,16,44,48,7,41,8,5,3,4,4,0
S01012323,All people in households,866,165,701,712,49,663,115,79,36,39,37,2
S01012323,No central heating,33,5,28,24,1,23,6,2,4,3,2,1
S01012323,Gas central heating,127,24,103,102,5,97,19,13,6,6,6,0
S01012323,Electric (including storage heaters) central heating,108,29,79,85,9,76,15,12,3,8,8,0
S01012323,Oil central heating,447,77,370,378,26,352,55,38,17,14,13,1
S01012323,Solid fuel (for example wood coal) central heating,50,10,40,41,3,38,8,6,2,1,1,0
S01012323,Other central heating,40,7,33,33,2,31,4,2,2,3,3,0
S01012323,Two or more types of central heating,61,13,48,49,3,46,8,6,2,4,4,0
S01012324,All people in households,789,165,624,657,59,598,94,70,24,38,36,2
S01012324,No central heating,51,10,41,40,1,39,8,6,2,3,3,0
S01012324,Gas central heating,121,26,95,96,7,89,16,12,4,9,7,2
S01012324,Electric (including storage heaters) central heating,66,25,41,46,9,37,15,11,4,5,5,0
S01012324,Oil central heating,396,70,326,345,30,315,39,28,11,12,12,0
S01012324,Solid fuel (for example wood coal) central heating,112,29,83,93,11,82,13,12,1,6,6,0
S01012324,Other central heating,2,0,2,2,0,2,0,0,0,0,0,0
S01012324,Two or more types of central heating,41,5,36,35,1,34,3,1,2,3,3,0
S01012325,All people in households,590,146,444,457,49,408,101,65,36,32,32,0
S01012325,No central heating,7,0,7,6,0,6,1,0,1,0,0,0
S01012325,Gas central heating,534,123,411,424,46,378,87,54,33,23,23,0
S01012325,Electric (including storage heaters) central heating,26,17,9,8,1,7,11,9,2,7,7,0
S01012325,Oil central heating,3,2,1,1,0,1,0,0,0,2,2,0
S01012325,Solid fuel (for example wood coal) central heating,3,1,2,2,0,2,1,1,0,0,0,0
S01012325,Other central heating,4,1,3,3,0,3,1,1,0,0,0,0
S01012325,Two or more types of central heating,13,2,11,13,2,11,0,0,0,0,0,0
S01012326,All people in households,540,136,404,416,42,374,86,57,29,38,37,1
S01012326,No central heating,12,4,8,8,2,6,2,0,2,2,2,0
S01012326,Gas central heating,460,109,351,359,33,326,73,49,24,28,27,1
S01012326,Electric (including storage heaters) central heating,42,12,30,32,5,27,7,4,3,3,3,0
S01012326,Oil central heating,9,3,6,7,1,6,2,2,0,0,0,0
S01012326,Solid fuel (for example wood coal) central heating,9,3,6,6,0,6,1,1,0,2,2,0
S01012326,Other central heating,3,3,0,1,1,0,1,1,0,1,1,0
S01012326,Two or more types of central heating,5,2,3,3,0,3,0,0,0,2,2,0
S01012327,All people in households,802,148,654,667,54,613,96,56,40,39,38,1
S01012327,No central heating,5,0,5,5,0,5,0,0,0,0,0,0
S01012327,Gas central heating,613,113,500,510,45,465,72,38,34,31,30,1
S01012327,Electric (including storage heaters) central heating,123,22,101,104,6,98,15,12,3,4,4,0
S01012327,Oil central heating,19,6,13,13,1,12,4,3,1,2,2,0
S01012327,Solid fuel (for example wood coal) central heating,17,3,14,13,0,13,3,2,1,1,1,0
S01012327,Other central heating,6,1,5,6,1,5,0,0,0,0,0,0
S01012327,Two or more types of central heating,19,3,16,16,1,15,2,1,1,1,1,0
S01012328,All people in households,544,129,415,430,39,391,88,65,23,26,25,1
S01012328,No central heating,9,1,8,7,0,7,1,0,1,1,1,0
S01012328,Gas central heating,37,8,29,29,2,27,5,3,2,3,3,0
S01012328,Electric (including storage heaters) central heating,146,55,91,106,19,87,32,29,3,8,7,1
S01012328,Oil central heating,233,42,191,195,13,182,29,20,9,9,9,0
S01012328,Solid fuel (for example wood coal) central heating,89,14,75,70,3,67,14,6,8,5,5,0
S01012328,Other central heating,12,3,9,10,1,9,2,2,0,0,0,0
S01012328,Two or more types of central heating,18,6,12,13,1,12,5,5,0,0,0,0
S01012329,All people in households,831,163,668,701,56,645,92,69,23,38,38,0
S01012329,No central heating,31,6,25,27,3,24,4,3,1,0,0,0
S01012329,Gas central heating,35,8,27,29,3,26,4,3,1,2,2,0
S01012329,Electric (including storage heaters) central heating,102,36,66,71,10,61,23,18,5,8,8,0
S01012329,Oil central heating,446,75,371,392,31,361,41,31,10,13,13,0
S01012329,Solid fuel (for example wood coal) central heating,135,27,108,110,5,105,12,9,3,13,13,0
S01012329,Other central heating,19,3,16,17,1,16,2,2,0,0,0,0
S01012329,Two or more types of central heating,63,8,55,55,3,52,6,3,3,2,2,0
S01012330,All people in households,582,107,475,480,34,446,81,54,27,21,19,2
S01012330,No central heating,10,4,6,8,2,6,1,1,0,1,1,0
S01012330,Gas central heating,485,87,398,402,26,376,65,44,21,18,17,1
S01012330,Electric (including storage heaters) central heating,44,8,36,35,2,33,8,5,3,1,1,0
S01012330,Oil central heating,15,1,14,15,1,14,0,0,0,0,0,0
S01012330,Solid fuel (for example wood coal) central heating,9,3,6,5,1,4,4,2,2,0,0,0
S01012330,Other central heating,5,2,3,3,1,2,2,1,1,0,0,0
S01012330,Two or more types of central heating,14,2,12,12,1,11,1,1,0,1,0,1
S01012331,All people in households,638,89,549,570,31,539,48,38,10,20,20,0
S01012331,No central heating,2,1,1,1,0,1,1,1,0,0,0,0
S01012331,Gas central heating,579,78,501,517,25,492,44,35,9,18,18,0
S01012331,Electric (including storage heaters) central heating,8,3,5,5,1,4,2,1,1,1,1,0
S01012331,Oil central heating,34,6,28,32,4,28,1,1,0,1,1,0
S01012331,Solid fuel (for example wood coal) central heating,6,1,5,6,1,5,0,0,0,0,0,0
S01012331,Other central heating,0,0,0,0,0,0,0,0,0,0,0,0
S01012331,Two or more types of central heating,9,0,9,9,0,9,0,0,0,0,0,0
S01012332,All people in households,988,130,858,876,48,828,88,59,29,24,23,1
S01012332,No central heating,38,4,34,32,0,32,3,1,2,3,3,0
S01012332,Gas central heating,256,35,221,226,12,214,25,19,6,5,4,1
S01012332,Electric (including storage heaters) central heating,49,8,41,41,2,39,5,3,2,3,3,0
S01012332,Oil central heating,418,54,364,381,23,358,29,23,6,8,8,0
S01012332,Solid fuel (for example wood coal) central heating,111,10,101,98,6,92,12,3,9,1,1,0
S01012332,Other central heating,30,3,27,25,0,25,4,2,2,1,1,0
S01012332,Two or more types of central heating,86,16,70,73,5,68,10,8,2,3,3,0
S01012333,All people in households,993,165,828,859,59,800,106,79,27,28,27,1
S01012333,No central heating,40,5,35,35,1,34,5,4,1,0,0,0
S01012333,Gas central heating,290,79,211,225,26,199,54,42,12,11,11,0
S01012333,Electric (including storage heaters) central heating,66,6,60,60,2,58,4,2,2,2,2,0
S01012333,Oil central heating,362,37,325,337,17,320,20,16,4,5,4,1
S01012333,Solid fuel (for example wood coal) central heating,129,22,107,108,7,101,15,9,6,6,6,0
S01012333,Other central heating,28,6,22,24,2,22,3,3,0,1,1,0
S01012333,Two or more types of central heating,78,10,68,70,4,66,5,3,2,3,3,0
S01012334,All people in households,816,153,663,676,53,623,102,63,39,38,37,1
S01012334,No central heating,6,2,4,5,1,4,1,1,0,0,0,0
S01012334,Gas central heating,720,127,593,598,40,558,91,57,34,31,30,1
S01012334,Electric (including storage heaters) central heating,55,14,41,42,6,36,9,4,5,4,4,0
S01012334,Oil central heating,19,2,17,18,1,17,0,0,0,1,1,0
S01012334,Solid fuel (for example wood coal) central heating,0,0,0,0,0,0,0,0,0,0,0,0
S01012334,Other central heating,0,0,0,0,0,0,0,0,0,0,0,0
S01012334,Two or more types of central heating,16,8,8,13,5,8,1,1,0,2,2,0
S01012335,All people in households,989,129,860,878,46,832,85,57,28,26,26,0
S01012335,No central heating,0,0,0,0,0,0,0,0,0,0,0,0
S01012335,Gas central heating,939,118,821,837,42,795,80,54,26,22,22,0
S01012335,Electric (including storage heaters) central heating,11,2,9,7,0,7,3,1,2,1,1,0
S01012335,Oil central heating,6,3,3,5,2,3,0,0,0,1,1,0
S01012335,Solid fuel (for example wood coal) central heating,6,3,3,3,0,3,1,1,0,2,2,0
S01012335,Other central heating,2,2,0,1,1,0,1,1,0,0,0,0
S01012335,Two or more types of central heating,25,1,24,25,1,24,0,0,0,0,0,0
S01012336,All people in households,603,119,484,495,41,454,92,63,29,16,15,1
S01012336,No central heating,0,0,0,0,0,0,0,0,0,0,0,0
S01012336,Gas central heating,555,106,449,456,35,421,85,58,27,14,13,1
S01012336,Electric (including storage heaters) central heating,29,8,21,25,4,21,2,2,0,2,2,0
S01012336,Oil central heating,13,4,9,10,1,9,3,3,0,0,0,0
S01012336,Solid fuel (for example wood coal) central heating,0,0,0,0,0,0,0,0,0,0,0,0
S01012336,Other central heating,0,0,0,0,0,0,0,0,0,0,0,0
S01012336,Two or more types of central heating,6,1,5,4,1,3,2,0,2,0,0,0
S01012337,All people in households,844,204,640,660,70,590,140,91,49,44,43,1
S01012337,No central heating,5,1,4,3,0,3,1,0,1,1,1,0
S01012337,Gas central heating,745,185,560,577,64,513,129,83,46,39,38,1
S01012337,Electric (including storage heaters) central heating,50,12,38,40,4,36,8,6,2,2,2,0
S01012337,Oil central heating,13,2,11,11,0,11,1,1,0,1,1,0
S01012337,Solid fuel (for example wood coal) central heating,2,0,2,2,0,2,0,0,0,0,0,0
S01012337,Other central heating,3,1,2,2,0,2,0,0,0,1,1,0
S01012337,Two or more types of central heating,26,3,23,25,2,23,1,1,0,0,0,0
S01012338,All people in households,695,156,539,548,43,505,109,77,32,38,36,2
S01012338,No central heating,21,4,17,19,3,16,2,1,1,0,0,0
S01012338,Gas central heating,574,121,453,461,33,428,85,62,23,28,26,2
S01012338,Electric (including storage heaters) central heating,71,21,50,50,6,44,14,8,6,7,7,0
S01012338,Oil central heating,11,4,7,7,0,7,1,1,0,3,3,0
S01012338,Solid fuel (for example wood coal) central heating,8,1,7,8,1,7,0,0,0,0,0,0
S01012338,Other central heating,0,0,0,0,0,0,0,0,0,0,0,0
S01012338,Two or more types of central heating,10,5,5,3,0,3,7,5,2,0,0,0
S01012339,All people in households,581,144,437,453,34,419,95,77,18,33,33,0
S01012339,No central heating,7,2,5,7,2,5,0,0,0,0,0,0
S01012339,Gas central heating,410,92,318,332,23,309,61,52,9,17,17,0
S01012339,Electric (including storage heaters) central heating,135,45,90,90,9,81,31,22,9,14,14,0
S01012339,Oil central heating,8,1,7,7,0,7,0,0,0,1,1,0
S01012339,Solid fuel (for example wood coal) central heating,4,0,4,4,0,4,0,0,0,0,0,0
S01012339,Other central heating,3,2,1,1,0,1,1,1,0,1,1,0
S01012339,Two or more types of central heating,14,2,12,12,0,12,2,2,0,0,0,0
S01012340,All people in households,1032,188,844,893,80,813,110,80,30,29,28,1
S01012340,No central heating,2,1,1,2,1,1,0,0,0,0,0,0
S01012340,Gas central heating,934,151,783,817,64,753,90,61,29,27,26,1
S01012340,Electric (including storage heaters) central heating,53,26,27,37,11,26,14,13,1,2,2,0
S01012340,Oil central heating,12,2,10,11,1,10,1,1,0,0,0,0
S01012340,Solid fuel (for example wood coal) central heating,3,0,3,3,0,3,0,0,0,0,0,0
S01012340,Other central heating,2,2,0,0,0,0,2,2,0,0,0,0
S01012340,Two or more types of central heating,26,6,20,23,3,20,3,3,0,0,0,0
S01012341,All people in households,941,131,810,841,53,788,76,54,22,24,24,0
S01012341,No central heating,41,7,34,32,2,30,6,2,4,3,3,0
S01012341,Gas central heating,181,26,155,162,10,152,16,13,3,3,3,0
S01012341,Electric (including storage heaters) central heating,58,17,41,45,6,39,10,8,2,3,3,0
S01012341,Oil central heating,468,53,415,432,23,409,30,24,6,6,6,0
S01012341,Solid fuel (for example wood coal) central heating,82,13,69,69,3,66,8,5,3,5,5,0
S01012341,Other central heating,32,12,20,26,7,19,2,1,1,4,4,0
S01012341,Two or more types of central heating,79,3,76,75,2,73,4,1,3,0,0,0
S01012342,All people in households,884,140,744,786,64,722,70,49,21,28,27,1
S01012342,No central heating,32,4,28,28,1,27,3,2,1,1,1,0
S01012342,Gas central heating,437,77,360,385,36,349,36,25,11,16,16,0
S01012342,Electric (including storage heaters) central heating,75,19,56,62,7,55,7,6,1,6,6,0
S01012342,Oil central heating,236,20,216,221,11,210,14,8,6,1,1,0
S01012342,Solid fuel (for example wood coal) central heating,44,6,38,40,4,36,3,2,1,1,0,1
S01012342,Other central heating,12,1,11,11,0,11,1,1,0,0,0,0
S01012342,Two or more types of central heating,48,13,35,39,5,34,6,5,1,3,3,0
S01012343,All people in households,977,139,838,854,47,807,93,62,31,30,30,0
S01012343,No central heating,26,4,22,22,1,21,2,1,1,2,2,0
S01012343,Gas central heating,218,34,184,188,13,175,27,18,9,3,3,0
S01012343,Electric (including storage heaters) central heating,70,12,58,56,1,55,7,4,3,7,7,0
S01012343,Oil central heating,445,44,401,407,19,388,31,18,13,7,7,0
S01012343,Solid fuel (for example wood coal) central heating,136,26,110,114,6,108,17,15,2,5,5,0
S01012343,Other central heating,17,3,14,13,1,12,3,1,2,1,1,0
S01012343,Two or more types of central heating,65,16,49,54,6,48,6,5,1,5,5,0
S01012344,All people in households,579,125,454,471,41,430,76,52,24,32,32,0
S01012344,No central heating,18,4,14,15,1,14,2,2,0,1,1,0
S01012344,Gas central heating,378,66,312,321,21,300,45,33,12,12,12,0
S01012344,Electric (including storage heaters) central heating,123,43,80,87,14,73,20,13,7,16,16,0
S01012344,Oil central heating,19,3,16,19,3,16,0,0,0,0,0,0
S01012344,Solid fuel (for example wood coal) central heating,10,3,7,7,1,6,3,2,1,0,0,0
S01012344,Other central heating,5,1,4,4,0,4,1,1,0,0,0,0
S01012344,Two or more types of central heating,26,5,21,18,1,17,5,1,4,3,3,0
S01012345,All people in households,700,125,575,601,49,552,77,54,23,22,22,0
S01012345,No central heating,16,8,8,10,2,8,3,3,0,3,3,0
S01012345,Gas central heating,513,76,437,450,31,419,51,33,18,12,12,0
S01012345,Electric (including storage heaters) central heating,112,32,80,89,12,77,16,13,3,7,7,0
S01012345,Oil central heating,20,1,19,20,1,19,0,0,0,0,0,0
S01012345,Solid fuel (for example wood coal) central heating,6,1,5,5,0,5,1,1,0,0,0,0
S01012345,Other central heating,3,0,3,3,0,3,0,0,0,0,0,0
S01012345,Two or more types of central heating,30,7,23,24,3,21,6,4,2,0,0,0
S01012346,All people in households,777,117,660,678,42,636,77,54,23,22,21,1
S01012346,No central heating,22,5,17,21,4,17,0,0,0,1,1,0
S01012346,Gas central heating,159,34,125,135,13,122,19,16,3,5,5,0
S01012346,Electric (including storage heaters) central heating,94,26,68,70,5,65,16,13,3,8,8,0
S01012346,Oil central heating,390,39,351,350,15,335,32,17,15,8,7,1
S01012346,Solid fuel (for example wood coal) central heating,47,6,41,42,2,40,5,4,1,0,0,0
S01012346,Other central heating,12,1,11,12,1,11,0,0,0,0,0,0
S01012346,Two or more types of central heating,53,6,47,48,2,46,5,4,1,0,0,0
S01012347,All people in households,774,131,643,658,42,616,84,57,27,32,32,0
S01012347,No central heating,6,0,6,6,0,6,0,0,0,0,0,0
S01012347,Gas central heating,638,101,537,547,31,516,68,47,21,23,23,0
S01012347,Electric (including storage heaters) central heating,83,24,59,64,10,54,12,7,5,7,7,0
S01012347,Oil central heating,19,3,16,16,1,15,3,2,1,0,0,0
S01012347,Solid fuel (for example wood coal) central heating,5,1,4,4,0,4,0,0,0,1,1,0
S01012347,Other central heating,1,0,1,1,0,1,0,0,0,0,0,0
S01012347,Two or more types of central heating,22,2,20,20,0,20,1,1,0,1,1,0
S01012348,All people in households,719,118,601,624,46,578,74,51,23,21,21,0
S01012348,No central heating,9,4,5,6,1,5,3,3,0,0,0,0
S01012348,Gas central heating,624,90,534,554,38,516,57,39,18,13,13,0
S01012348,Electric (including storage heaters) central heating,44,12,32,34,3,31,7,6,1,3,3,0
S01012348,Oil central heating,14,4,10,10,1,9,1,0,1,3,3,0
S01012348,Solid fuel (for example wood coal) central heating,1,1,0,0,0,0,0,0,0,1,1,0
S01012348,Other central heating,1,0,1,1,0,1,0,0,0,0,0,0
S01012348,Two or more types of central heating,26,7,19,19,3,16,6,3,3,1,1,0
S01012349,All people in households,899,167,732,750,59,691,110,71,39,39,37,2
S01012349,No central heating,5,4,1,2,1,1,2,2,0,1,1,0
S01012349,Gas central heating,780,141,639,655,52,603,90,56,34,35,33,2
S01012349,Electric (including storage heaters) central heating,99,19,80,81,6,75,16,11,5,2,2,0
S01012349,Oil central heating,8,1,7,7,0,7,1,1,0,0,0,0
S01012349,Solid fuel (for example wood coal) central heating,2,0,2,2,0,2,0,0,0,0,0,0
S01012349,Other central heating,0,0,0,0,0,0,0,0,0,0,0,0
S01012349,Two or more types of central heating,5,2,3,3,0,3,1,1,0,1,1,0
S01012350,All people in households,773,136,637,659,54,605,82,50,32,32,32,0
S01012350,No central heating,3,3,0,0,0,0,1,1,0,2,2,0
S01012350,Gas central heating,735,126,609,629,51,578,77,46,31,29,29,0
S01012350,Electric (including storage heaters) central heating,19,5,14,14,1,13,4,3,1,1,1,0
S01012350,Oil central heating,1,0,1,1,0,1,0,0,0,0,0,0
S01012350,Solid fuel (for example wood coal) central heating,3,0,3,3,0,3,0,0,0,0,0,0
S01012350,Other central heating,0,0,0,0,0,0,0,0,0,0,0,0
S01012350,Two or more types of central heating,12,2,10,12,2,10,0,0,0,0,0,0
S01012351,All people in households,850,151,699,720,53,667,87,57,30,43,41,2
S01012351,No central heating,5,0,5,5,0,5,0,0,0,0,0,0
S01012351,Gas central heating,738,126,612,628,42,586,77,52,25,33,32,1
S01012351,Electric (including storage heaters) central heating,45,10,35,34,4,30,8,4,4,3,2,1
S01012351,Oil central heating,20,4,16,18,2,16,1,1,0,1,1,0
S01012351,Solid fuel (for example wood coal) central heating,13,2,11,11,1,10,1,0,1,1,1,0
S01012351,Other central heating,3,2,1,1,0,1,0,0,0,2,2,0
S01012351,Two or more types of central heating,26,7,19,23,4,19,0,0,0,3,3,0
S01012352,All people in households,734,143,591,615,43,572,84,66,18,35,34,1
S01012352,No central heating,5,1,4,2,0,2,2,0,2,1,1,0
S01012352,Gas central heating,673,129,544,565,36,529,76,62,14,32,31,1
S01012352,Electric (including storage heaters) central heating,21,7,14,18,5,13,3,2,1,0,0,0
S01012352,Oil central heating,22,4,18,19,1,18,1,1,0,2,2,0
S01012352,Solid fuel (for example wood coal) central heating,4,1,3,4,1,3,0,0,0,0,0,0
S01012352,Other central heating,0,0,0,0,0,0,0,0,0,0,0,0
S01012352,Two or more types of central heating,9,1,8,7,0,7,2,1,1,0,0,0
S01012353,All people in households,744,150,594,606,48,558,98,66,32,40,36,4
S01012353,No central heating,6,1,5,5,1,4,1,0,1,0,0,0
S01012353,Gas central heating,551,112,439,458,35,423,66,51,15,27,26,1
S01012353,Electric (including storage heaters) central heating,157,33,124,117,12,105,28,12,16,12,9,3
S01012353,Oil central heating,10,1,9,9,0,9,1,1,0,0,0,0
S01012353,Solid fuel (for example wood coal) central heating,3,0,3,3,0,3,0,0,0,0,0,0
S01012353,Other central heating,1,1,0,0,0,0,1,1,0,0,0,0
S01012353,Two or more types of central heating,16,2,14,14,0,14,1,1,0,1,1,0
S01012354,All people in households,763,194,569,600,66,534,120,86,34,43,42,1
S01012354,No central heating,12,2,10,10,0,10,0,0,0,2,2,0
S01012354,Gas central heating,75,16,59,60,3,57,11,9,2,4,4,0
S01012354,Electric (including storage heaters) central heating,112,43,69,69,7,62,29,22,7,14,14,0
S01012354,Oil central heating,349,76,273,287,33,254,51,33,18,11,10,1
S01012354,Solid fuel (for example wood coal) central heating,123,33,90,98,11,87,19,16,3,6,6,0
S01012354,Other central heating,12,4,8,10,2,8,0,0,0,2,2,0
S01012354,Two or more types of central heating,80,20,60,66,10,56,10,6,4,4,4,0
S01012355,All people in households,849,137,712,721,44,677,99,65,34,29,28,1
S01012355,No central heating,54,10,44,43,2,41,9,6,3,2,2,0
S01012355,Gas central heating,99,16,83,81,5,76,16,10,6,2,1,1
S01012355,Electric (including storage heaters) central heating,48,14,34,35,3,32,8,6,2,5,5,0
S01012355,Oil central heating,435,64,371,377,22,355,44,28,16,14,14,0
S01012355,Solid fuel (for example wood coal) central heating,109,15,94,95,5,90,12,8,4,2,2,0
S01012355,Other central heating,30,4,26,28,2,26,1,1,0,1,1,0
S01012355,Two or more types of central heating,74,14,60,62,5,57,9,6,3,3,3,0
S01012356,All people in households,653,117,536,542,33,509,93,66,27,18,18,0
S01012356,No central heating,12,3,9,8,1,7,4,2,2,0,0,0
S01012356,Gas central heating,66,20,46,48,4,44,15,13,2,3,3,0
S01012356,Electric (including storage heaters) central heating,129,37,92,94,9,85,30,23,7,5,5,0
S01012356,Oil central heating,322,38,284,290,14,276,26,18,8,6,6,0
S01012356,Solid fuel (for example wood coal) central heating,91,11,80,79,4,75,11,6,5,1,1,0
S01012356,Other central heating,17,5,12,12,0,12,3,3,0,2,2,0
S01012356,Two or more types of central heating,16,3,13,11,1,10,4,1,3,1,1,0
S01012357,All people in households,812,119,693,707,49,658,84,49,35,21,21,0
S01012357,No central heating,17,5,12,11,3,8,6,2,4,0,0,0
S01012357,Gas central heating,131,18,113,111,7,104,16,7,9,4,4,0
S01012357,Electric (including storage heaters) central heating,58,6,52,48,1,47,8,3,5,2,2,0
S01012357,Oil central heating,492,66,426,447,30,417,36,27,9,9,9,0
S01012357,Solid fuel (for example wood coal) central heating,48,6,42,41,1,40,5,3,2,2,2,0
S01012357,Other central heating,32,7,25,25,4,21,6,2,4,1,1,0
S01012357,Two or more types of central heating,34,11,23,24,3,21,7,5,2,3,3,0
S01012358,All people in households,764,142,622,637,46,591,91,60,31,36,36,0
S01012358,No central heating,22,3,19,20,1,19,1,1,0,1,1,0
S01012358,Gas central heating,92,34,58,65,10,55,17,14,3,10,10,0
S01012358,Electric (including storage heaters) central heating,48,9,39,39,1,38,3,2,1,6,6,0
S01012358,Oil central heating,443,68,375,381,24,357,47,29,18,15,15,0
S01012358,Solid fuel (for example wood coal) central heating,79,14,65,63,4,59,14,8,6,2,2,0
S01012358,Other central heating,16,0,16,15,0,15,1,0,1,0,0,0
S01012358,Two or more types of central heating,64,14,50,54,6,48,8,6,2,2,2,0
S01012359,All people in households,785,182,603,588,35,553,122,75,47,75,72,3
S01012359,No central heating,2,1,1,1,0,1,0,0,0,1,1,0
S01012359,Gas central heating,705,161,544,530,31,499,111,69,42,64,61,3
S01012359,Electric (including storage heaters) central heating,29,6,23,24,2,22,3,2,1,2,2,0
S01012359,Oil central heating,7,2,5,4,0,4,1,0,1,2,2,0
S01012359,Solid fuel (for example wood coal) central heating,13,1,12,10,0,10,2,0,2,1,1,0
S01012359,Other central heating,3,0,3,3,0,3,0,0,0,0,0,0
S01012359,Two or more types of central heating,26,11,15,16,2,14,5,4,1,5,5,0
S01012360,All people in households,808,142,666,665,30,635,100,70,30,43,42,1
S01012360,No central heating,13,1,12,13,1,12,0,0,0,0,0,0
S01012360,Gas central heating,618,116,502,506,27,479,80,57,23,32,32,0
S01012360,Electric (including storage heaters) central heating,161,21,140,133,1,132,17,10,7,11,10,1
S01012360,Oil central heating,7,1,6,7,1,6,0,0,0,0,0,0
S01012360,Solid fuel (for example wood coal) central heating,2,1,1,1,0,1,1,1,0,0,0,0
S01012360,Other central heating,0,0,0,0,0,0,0,0,0,0,0,0
S01012360,Two or more types of central heating,7,2,5,5,0,5,2,2,0,0,0,0
S01012361,All people in households,641,139,502,516,40,476,79,54,25,46,45,1
S01012361,No central heating,0,0,0,0,0,0,0,0,0,0,0,0
S01012361,Gas central heating,553,113,440,450,29,421,66,47,19,37,37,0
S01012361,Electric (including storage heaters) central heating,41,13,28,32,6,26,4,3,1,5,4,1
S01012361,Oil central heating,11,2,9,10,1,9,1,1,0,0,0,0
S01012361,Solid fuel (for example wood coal) central heating,9,3,6,5,0,5,1,0,1,3,3,0
S01012361,Other central heating,5,2,3,3,1,2,2,1,1,0,0,0
S01012361,Two or more types of central heating,22,6,16,16,3,13,5,2,3,1,1,0
S01012362,All people in households,834,148,686,686,49,637,101,54,47,47,45,2
S01012362,No central heating,2,2,0,1,1,0,1,1,0,0,0,0
S01012362,Gas central heating,761,128,633,630,43,587,92,47,45,39,38,1
S01012362,Electric (including storage heaters) central heating,27,7,20,24,4,20,1,1,0,2,2,0
S01012362,Oil central heating,16,4,12,11,0,11,3,2,1,2,2,0
S01012362,Solid fuel (for example wood coal) central heating,18,7,11,10,1,9,4,3,1,4,3,1
S01012362,Other central heating,8,0,8,8,0,8,0,0,0,0,0,0
S01012362,Two or more types of central heating,2,0,2,2,0,2,0,0,0,0,0,0
S01012363,All people in households,962,250,712,741,64,677,158,124,34,63,62,1
S01012363,No central heating,34,9,25,24,1,23,7,5,2,3,3,0
S01012363,Gas central heating,715,160,555,573,42,531,102,79,23,40,39,1
S01012363,Electric (including storage heaters) central heating,171,72,99,108,16,92,45,38,7,18,18,0
S01012363,Oil central heating,11,2,9,10,1,9,0,0,0,1,1,0
S01012363,Solid fuel (for example wood coal) central heating,8,3,5,6,2,4,1,0,1,1,1,0
S01012363,Other central heating,0,0,0,0,0,0,0,0,0,0,0,0
S01012363,Two or more types of central heating,23,4,19,20,2,18,3,2,1,0,0,0
S01012364,All people in households,666,144,522,530,41,489,109,77,32,27,26,1
S01012364,No central heating,36,10,26,28,5,23,6,3,3,2,2,0
S01012364,Gas central heating,538,111,427,435,32,403,85,62,23,18,17,1
S01012364,Electric (including storage heaters) central heating,46,18,28,29,1,28,10,10,0,7,7,0
S01012364,Oil central heating,6,0,6,6,0,6,0,0,0,0,0,0
S01012364,Solid fuel (for example wood coal) central heating,0,0,0,0,0,0,0,0,0,0,0,0
S01012364,Other central heating,0,0,0,0,0,0,0,0,0,0,0,0
S01012364,Two or more types of central heating,40,5,35,32,3,29,8,2,6,0,0,0
S01012365,All people in households,923,132,791,797,42,755,106,71,35,20,19,1
S01012365,No central heating,6,2,4,4,0,4,2,2,0,0,0,0
S01012365,Gas central heating,826,100,726,736,36,700,79,53,26,11,11,0
S01012365,Electric (including storage heaters) central heating,63,25,38,36,6,30,18,11,7,9,8,1
S01012365,Oil central heating,8,1,7,5,0,5,3,1,2,0,0,0
S01012365,Solid fuel (for example wood coal) central heating,4,1,3,3,0,3,1,1,0,0,0,0
S01012365,Other central heating,3,2,1,1,0,1,2,2,0,0,0,0
S01012365,Two or more types of central heating,13,1,12,12,0,12,1,1,0,0,0,0
S01012366,All people in households,862,182,680,691,59,632,130,86,44,41,37,4
S01012366,No central heating,33,2,31,26,0,26,5,1,4,2,1,1
S01012366,Gas central heating,701,117,584,590,43,547,81,47,34,30,27,3
S01012366,Electric (including storage heaters) central heating,109,56,53,63,15,48,38,33,5,8,8,0
S01012366,Oil central heating,6,3,3,4,1,3,2,2,0,0,0,0
S01012366,Solid fuel (for example wood coal) central heating,1,0,1,1,0,1,0,0,0,0,0,0
S01012366,Other central heating,1,1,0,0,0,0,0,0,0,1,1,0
S01012366,Two or more types of central heating,11,3,8,7,0,7,4,3,1,0,0,0
S01012367,All people in households,916,178,738,761,58,703,107,73,34,48,47,1
S01012367,No central heating,3,0,3,3,0,3,0,0,0,0,0,0
S01012367,Gas central heating,828,155,673,689,48,641,96,64,32,43,43,0
S01012367,Electric (including storage heaters) central heating,20,4,16,16,1,15,4,3,1,0,0,0
S01012367,Oil central heating,40,12,28,35,8,27,2,2,0,3,2,1
S01012367,Solid fuel (for example wood coal) central heating,6,3,3,2,0,2,3,2,1,1,1,0
S01012367,Other central heating,0,0,0,0,0,0,0,0,0,0,0,0
S01012367,Two or more types of central heating,19,4,15,16,1,15,2,2,0,1,1,0
S01012368,All people in households,574,89,485,496,35,461,63,39,24,15,15,0
S01012368,No central heating,2,2,0,1,1,0,1,1,0,0,0,0
S01012368,Gas central heating,509,73,436,444,29,415,55,34,21,10,10,0
S01012368,Electric (including storage heaters) central heating,30,8,22,23,4,19,6,3,3,1,1,0
S01012368,Oil central heating,7,1,6,7,1,6,0,0,0,0,0,0
S01012368,Solid fuel (for example wood coal) central heating,9,1,8,8,0,8,0,0,0,1,1,0
S01012368,Other central heating,11,3,8,8,0,8,0,0,0,3,3,0
S01012368,Two or more types of central heating,6,1,5,5,0,5,1,1,0,0,0,0
S01012369,All people in households,872,141,731,739,46,693,103,67,36,30,28,2
S01012369,No central heating,15,4,11,11,1,10,4,3,1,0,0,0
S01012369,Gas central heating,587,90,497,514,32,482,54,39,15,19,19,0
S01012369,Electric (including storage heaters) central heating,142,23,119,113,6,107,25,14,11,4,3,1
S01012369,Oil central heating,107,20,87,86,7,79,15,8,7,6,5,1
S01012369,Solid fuel (for example wood coal) central heating,10,3,7,7,0,7,2,2,0,1,1,0
S01012369,Other central heating,0,0,0,0,0,0,0,0,0,0,0,0
S01012369,Two or more types of central heating,11,1,10,8,0,8,3,1,2,0,0,0
S01012370,All people in households,944,226,718,730,62,668,160,111,49,54,53,1
S01012370,No central heating,9,2,7,6,0,6,2,1,1,1,1,0
S01012370,Gas central heating,771,169,602,609,46,563,125,87,38,37,36,1
S01012370,Electric (including storage heaters) central heating,72,29,43,45,7,38,19,14,5,8,8,0
S01012370,Oil central heating,54,15,39,44,6,38,7,6,1,3,3,0
S01012370,Solid fuel (for example wood coal) central heating,5,3,2,4,2,2,1,1,0,0,0,0
S01012370,Other central heating,1,1,0,0,0,0,0,0,0,1,1,0
S01012370,Two or more types of central heating,32,7,25,22,1,21,6,2,4,4,4,0
S01012371,All people in households,881,188,693,686,45,641,137,92,45,58,51,7
S01012371,No central heating,25,11,14,14,1,13,10,9,1,1,1,0
S01012371,Gas central heating,752,131,621,621,39,582,92,58,34,39,34,5
S01012371,Electric (including storage heaters) central heating,72,39,33,27,3,24,31,24,7,14,12,2
S01012371,Oil central heating,10,4,6,5,1,4,3,1,2,2,2,0
S01012371,Solid fuel (for example wood coal) central heating,10,3,7,8,1,7,0,0,0,2,2,0
S01012371,Other central heating,0,0,0,0,0,0,0,0,0,0,0,0
S01012371,Two or more types of central heating,12,0,12,11,0,11,1,0,1,0,0,0
S01012372,All people in households,738,184,554,553,42,511,127,85,42,58,57,1
S01012372,No central heating,22,3,19,15,0,15,5,1,4,2,2,0
S01012372,Gas central heating,538,129,409,411,29,382,87,61,26,40,39,1
S01012372,Electric (including storage heaters) central heating,139,41,98,98,12,86,30,18,12,11,11,0
S01012372,Oil central heating,11,3,8,9,1,8,1,1,0,1,1,0
S01012372,Solid fuel (for example wood coal) central heating,2,0,2,2,0,2,0,0,0,0,0,0
S01012372,Other central heating,8,6,2,2,0,2,2,2,0,4,4,0
S01012372,Two or more types of central heating,18,2,16,16,0,16,2,2,0,0,0,0
S01012373,All people in households,981,197,784,804,57,747,121,86,35,56,54,2
S01012373,No central heating,8,4,4,4,1,3,3,2,1,1,1,0
S01012373,Gas central heating,869,158,711,730,51,679,98,68,30,41,39,2
S01012373,Electric (including storage heaters) central heating,52,26,26,26,3,23,18,15,3,8,8,0
S01012373,Oil central heating,28,5,23,23,1,22,2,1,1,3,3,0
S01012373,Solid fuel (for example wood coal) central heating,2,2,0,0,0,0,0,0,0,2,2,0
S01012373,Other central heating,2,0,2,2,0,2,0,0,0,0,0,0
S01012373,Two or more types of central heating,20,2,18,19,1,18,0,0,0,1,1,0
S01012374,All people in households,920,172,748,775,63,712,117,81,36,28,28,0
S01012374,No central heating,2,1,1,1,0,1,1,1,0,0,0,0
S01012374,Gas central heating,809,155,654,682,57,625,100,71,29,27,27,0
S01012374,Electric (including storage heaters) central heating,93,13,80,79,5,74,13,7,6,1,1,0
S01012374,Oil central heating,5,0,5,4,0,4,1,0,1,0,0,0
S01012374,Solid fuel (for example wood coal) central heating,0,0,0,0,0,0,0,0,0,0,0,0
S01012374,Other central heating,0,0,0,0,0,0,0,0,0,0,0,0
S01012374,Two or more types of central heating,11,3,8,9,1,8,2,2,0,0,0,0
S01012375,All people in households,928,140,788,777,33,744,104,63,41,47,44,3
S01012375,No central heating,3,2,1,1,0,1,1,1,0,1,1,0
S01012375,Gas central heating,801,120,681,670,26,644,86,52,34,45,42,3
S01012375,Electric (including storage heaters) central heating,44,12,32,34,4,30,9,7,2,1,1,0
S01012375,Oil central heating,48,1,47,47,1,46,1,0,1,0,0,0
S01012375,Solid fuel (for example wood coal) central heating,10,2,8,8,1,7,2,1,1,0,0,0
S01012375,Other central heating,2,0,2,2,0,2,0,0,0,0,0,0
S01012375,Two or more types of central heating,20,3,17,15,1,14,5,2,3,0,0,0
S01012376,All people in households,960,158,802,830,57,773,98,72,26,32,29,3
S01012376,No central heating,14,3,11,12,2,10,2,1,1,0,0,0
S01012376,Gas central heating,118,22,96,94,5,89,15,9,6,9,8,1
S01012376,Electric (including storage heaters) central heating,124,27,97,105,12,93,13,9,4,6,6,0
S01012376,Oil central heating,523,74,449,466,29,437,47,37,10,10,8,2
S01012376,Solid fuel (for example wood coal) central heating,68,13,55,57,4,53,7,5,2,4,4,0
S01012376,Other central heating,17,4,13,12,0,12,4,3,1,1,1,0
S01012376,Two or more types of central heating,96,15,81,84,5,79,10,8,2,2,2,0
S01012377,All people in households,690,116,574,599,43,556,70,52,18,21,21,0
S01012377,No central heating,16,4,12,9,0,9,6,3,3,1,1,0
S01012377,Gas central heating,103,23,80,87,9,78,13,11,2,3,3,0
S01012377,Electric (including storage heaters) central heating,91,20,71,73,7,66,12,7,5,6,6,0
S01012377,Oil central heating,366,55,311,326,22,304,33,26,7,7,7,0
S01012377,Solid fuel (for example wood coal) central heating,41,4,37,38,2,36,3,2,1,0,0,0
S01012377,Other central heating,20,1,19,19,0,19,1,1,0,0,0,0
S01012377,Two or more types of central heating,53,9,44,47,3,44,2,2,0,4,4,0
S01012378,All people in households,567,95,472,495,41,454,56,38,18,16,16,0
S01012378,No central heating,22,2,20,20,1,19,1,0,1,1,1,0
S01012378,Gas central heating,97,11,86,88,4,84,6,4,2,3,3,0
S01012378,Electric (including storage heaters) central heating,47,14,33,35,4,31,8,6,2,4,4,0
S01012378,Oil central heating,265,35,230,237,16,221,24,15,9,4,4,0
S01012378,Solid fuel (for example wood coal) central heating,70,17,53,59,8,51,7,5,2,4,4,0
S01012378,Other central heating,20,5,15,17,2,15,3,3,0,0,0,0
S01012378,Two or more types of central heating,46,11,35,39,6,33,7,5,2,0,0,0
S01012379,All people in households,520,86,434,459,35,424,45,35,10,16,16,0
S01012379,No central heating,9,2,7,8,1,7,1,1,0,0,0,0
S01012379,Gas central heating,94,19,75,83,11,72,9,6,3,2,2,0
S01012379,Electric (including storage heaters) central heating,73,14,59,62,4,58,5,4,1,6,6,0
S01012379,Oil central heating,239,32,207,212,8,204,22,19,3,5,5,0
S01012379,Solid fuel (for example wood coal) central heating,34,7,27,28,2,26,4,3,1,2,2,0
S01012379,Other central heating,15,2,13,14,1,13,0,0,0,1,1,0
S01012379,Two or more types of central heating,56,10,46,52,8,44,4,2,2,0,0,0
S01012380,All people in households,892,144,748,755,38,717,96,66,30,41,40,1
S01012380,No central heating,39,9,30,33,3,30,4,4,0,2,2,0
S01012380,Gas central heating,508,73,435,438,17,421,46,33,13,24,23,1
S01012380,Electric (including storage heaters) central heating,283,57,226,227,16,211,44,29,15,12,12,0
S01012380,Oil central heating,19,2,17,18,1,17,0,0,0,1,1,0
S01012380,Solid fuel (for example wood coal) central heating,4,0,4,4,0,4,0,0,0,0,0,0
S01012380,Other central heating,0,0,0,0,0,0,0,0,0,0,0,0
S01012380,Two or more types of central heating,39,3,36,35,1,34,2,0,2,2,2,0
S01012381,All people in households,844,219,625,650,62,588,140,104,36,54,53,1
S01012381,No central heating,10,2,8,8,0,8,1,1,0,1,1,0
S01012381,Gas central heating,747,174,573,591,51,540,114,82,32,42,41,1
S01012381,Electric (including storage heaters) central heating,55,33,22,26,7,19,20,17,3,9,9,0
S01012381,Oil central heating,9,3,6,7,1,6,1,1,0,1,1,0
S01012381,Solid fuel (for example wood coal) central heating,5,0,5,5,0,5,0,0,0,0,0,0
S01012381,Other central heating,3,2,1,2,1,1,1,1,0,0,0,0
S01012381,Two or more types of central heating,15,5,10,11,2,9,3,2,1,1,1,0
S01012382,All people in households,969,146,823,852,64,788,98,65,33,19,17,2
S01012382,No central heating,6,1,5,4,0,4,2,1,1,0,0,0
S01012382,Gas central heating,854,121,733,761,56,705,80,54,26,13,11,2
S01012382,Electric (including storage heaters) central heating,90,22,68,69,7,62,16,10,6,5,5,0
S01012382,Oil central heating,4,0,4,4,0,4,0,0,0,0,0,0
S01012382,Solid fuel (for example wood coal) central heating,2,0,2,2,0,2,0,0,0,0,0,0
S01012382,Other central heating,0,0,0,0,0,0,0,0,0,0,0,0
S01012382,Two or more types of central heating,13,2,11,12,1,11,0,0,0,1,1,0
S01012383,All people in households,825,167,658,685,59,626,113,81,32,27,27,0
S01012383,No central heating,20,6,14,16,2,14,2,2,0,2,2,0
S01012383,Gas central heating,636,112,524,539,40,499,79,54,25,18,18,0
S01012383,Electric (including storage heaters) central heating,115,43,72,78,13,65,30,23,7,7,7,0
S01012383,Oil central heating,22,1,21,22,1,21,0,0,0,0,0,0
S01012383,Solid fuel (for example wood coal) central heating,4,0,4,4,0,4,0,0,0,0,0,0
S01012383,Other central heating,6,2,4,6,2,4,0,0,0,0,0,0
S01012383,Two or more types of central heating,22,3,19,20,1,19,2,2,0,0,0,0
S01012384,All people in households,515,99,416,426,35,391,70,46,24,19,18,1
S01012384,No central heating,13,3,10,10,1,9,2,1,1,1,1,0
S01012384,Gas central heating,421,75,346,353,27,326,55,36,19,13,12,1
S01012384,Electric (including storage heaters) central heating,51,17,34,34,3,31,12,9,3,5,5,0
S01012384,Oil central heating,13,2,11,13,2,11,0,0,0,0,0,0
S01012384,Solid fuel (for example wood coal) central heating,5,1,4,5,1,4,0,0,0,0,0,0
S01012384,Other central heating,0,0,0,0,0,0,0,0,0,0,0,0
S01012384,Two or more types of central heating,12,1,11,11,1,10,1,0,1,0,0,0
S01012385,All people in households,689,100,589,586,36,550,87,48,39,16,16,0
S01012385,No central heating,12,5,7,9,3,6,3,2,1,0,0,0
S01012385,Gas central heating,558,74,484,488,29,459,61,36,25,9,9,0
S01012385,Electric (including storage heaters) central heating,78,17,61,52,2,50,20,9,11,6,6,0
S01012385,Oil central heating,21,1,20,19,0,19,1,0,1,1,1,0
S01012385,Solid fuel (for example wood coal) central heating,5,1,4,4,0,4,1,1,0,0,0,0
S01012385,Other central heating,2,1,1,2,1,1,0,0,0,0,0,0
S01012385,Two or more types of central heating,13,1,12,12,1,11,1,0,1,0,0,0
S01012386,All people in households,977,194,783,804,59,745,130,94,36,43,41,2
S01012386,No central heating,34,7,27,27,1,26,5,4,1,2,2,0
S01012386,Gas central heating,772,137,635,647,39,608,99,73,26,26,25,1
S01012386,Electric (including storage heaters) central heating,85,25,60,63,8,55,16,12,4,6,5,1
S01012386,Oil central heating,31,9,22,26,4,22,2,2,0,3,3,0
S01012386,Solid fuel (for example wood coal) central heating,12,3,9,9,0,9,0,0,0,3,3,0
S01012386,Other central heating,0,0,0,0,0,0,0,0,0,0,0,0
S01012386,Two or more types of central heating,43,13,30,32,7,25,8,3,5,3,3,0
S01012387,All people in households,930,155,775,814,67,747,91,64,27,25,24,1
S01012387,No central heating,29,6,23,26,3,23,1,1,0,2,2,0
S01012387,Gas central heating,6,2,4,4,0,4,2,2,0,0,0,0
S01012387,Electric (including storage heaters) central heating,387,62,325,338,27,311,37,24,13,12,11,1
S01012387,Oil central heating,383,65,318,339,29,310,36,28,8,8,8,0
S01012387,Solid fuel (for example wood coal) central heating,40,5,35,33,0,33,6,4,2,1,1,0
S01012387,Other central heating,15,0,15,15,0,15,0,0,0,0,0,0
S01012387,Two or more types of central heating,70,15,55,59,8,51,9,5,4,2,2,0
S01012388,All people in households,691,123,568,595,45,550,71,53,18,25,25,0
S01012388,No central heating,40,3,37,37,1,36,2,1,1,1,1,0
S01012388,Gas central heating,11,1,10,10,0,10,1,1,0,0,0,0
S01012388,Electric (including storage heaters) central heating,210,40,170,176,15,161,24,15,9,10,10,0
S01012388,Oil central heating,337,60,277,289,18,271,37,31,6,11,11,0
S01012388,Solid fuel (for example wood coal) central heating,9,2,7,6,0,6,2,1,1,1,1,0
S01012388,Other central heating,14,0,14,14,0,14,0,0,0,0,0,0
S01012388,Two or more types of central heating,70,17,53,63,11,52,5,4,1,2,2,0
S01012389,All people in households,882,120,762,781,50,731,82,52,30,19,18,1
S01012389,No central heating,26,5,21,22,1,21,3,3,0,1,1,0
S01012389,Gas central heating,15,2,13,14,1,13,0,0,0,1,1,0
S01012389,Electric (including storage heaters) central heating,431,56,375,380,19,361,40,27,13,11,10,1
S01012389,Oil central heating,295,34,261,264,16,248,26,13,13,5,5,0
S01012389,Solid fuel (for example wood coal) central heating,22,2,20,18,0,18,4,2,2,0,0,0
S01012389,Other central heating,40,8,32,35,3,32,4,4,0,1,1,0
S01012389,Two or more types of central heating,53,13,40,48,10,38,5,3,2,0,0,0
S01012390,All people in households,769,126,643,658,35,623,88,68,20,23,23,0
S01012390,No central heating,19,6,13,14,1,13,2,2,0,3,3,0
S01012390,Gas central heating,8,0,8,8,0,8,0,0,0,0,0,0
S01012390,Electric (including storage heaters) central heating,248,50,198,198,10,188,39,29,10,11,11,0
S01012390,Oil central heating,316,44,272,286,18,268,26,22,4,4,4,0
S01012390,Solid fuel (for example wood coal) central heating,51,11,40,41,2,39,8,7,1,2,2,0
S01012390,Other central heating,28,2,26,26,1,25,2,1,1,0,0,0
S01012390,Two or more types of central heating,99,13,86,85,3,82,11,7,4,3,3,0
S01012391,All people in households,1114,129,985,1014,48,966,69,53,16,31,28,3
S01012391,No central heating,22,10,12,14,2,12,4,4,0,4,4,0
S01012391,Gas central heating,3,2,1,0,0,0,1,1,0,2,1,1
S01012391,Electric (including storage heaters) central heating,456,60,396,408,20,388,34,28,6,14,12,2
S01012391,Oil central heating,483,41,442,451,16,435,24,17,7,8,8,0
S01012391,Solid fuel (for example wood coal) central heating,17,3,14,15,2,13,1,0,1,1,1,0
S01012391,Other central heating,61,5,56,57,3,54,3,1,2,1,1,0
S01012391,Two or more types of central heating,72,8,64,69,5,64,2,2,0,1,1,0
S01012392,All people in households,791,122,669,696,50,646,80,57,23,15,15,0
S01012392,No central heating,20,1,19,19,0,19,0,0,0,1,1,0
S01012392,Gas central heating,2,1,1,1,0,1,1,1,0,0,0,0
S01012392,Electric (including storage heaters) central heating,285,59,226,238,25,213,43,30,13,4,4,0
S01012392,Oil central heating,125,12,113,118,7,111,5,3,2,2,2,0
S01012392,Solid fuel (for example wood coal) central heating,4,1,3,3,0,3,1,1,0,0,0,0
S01012392,Other central heating,341,48,293,303,18,285,30,22,8,8,8,0
S01012392,Two or more types of central heating,14,0,14,14,0,14,0,0,0,0,0,0
S01012393,All people in households,899,144,755,786,59,727,85,57,28,28,28,0
S01012393,No central heating,38,0,38,37,0,37,1,0,1,0,0,0
S01012393,Gas central heating,7,1,6,6,0,6,1,1,0,0,0,0
S01012393,Electric (including storage heaters) central heating,481,79,402,418,28,390,46,34,12,17,17,0
S01012393,Oil central heating,98,20,78,87,11,76,8,6,2,3,3,0
S01012393,Solid fuel (for example wood coal) central heating,19,1,18,18,0,18,1,1,0,0,0,0
S01012393,Other central heating,236,43,193,202,20,182,26,15,11,8,8,0
S01012393,Two or more types of central heating,20,0,20,18,0,18,2,0,2,0,0,0
S01012394,All people in households,638,95,543,544,37,507,76,44,32,18,14,4
S01012394,No central heating,8,3,5,7,3,4,0,0,0,1,0,1
S01012394,Gas central heating,4,1,3,3,0,3,1,1,0,0,0,0
S01012394,Electric (including storage heaters) central heating,468,72,396,393,27,366,61,33,28,14,12,2
S01012394,Oil central heating,57,5,52,52,1,51,5,4,1,0,0,0
S01012394,Solid fuel (for example wood coal) central heating,1,0,1,1,0,1,0,0,0,0,0,0
S01012394,Other central heating,93,12,81,82,5,77,8,5,3,3,2,1
S01012394,Two or more types of central heating,7,2,5,6,1,5,1,1,0,0,0,0
S01012395,All people in households,607,105,502,523,39,484,69,51,18,15,15,0
S01012395,No central heating,8,2,6,6,0,6,2,2,0,0,0,0
S01012395,Gas central heating,7,2,5,5,0,5,1,1,0,1,1,0
S01012395,Electric (including storage heaters) central heating,253,53,200,207,15,192,37,29,8,9,9,0
S01012395,Oil central heating,62,9,53,56,4,52,6,5,1,0,0,0
S01012395,Solid fuel (for example wood coal) central heating,26,3,23,24,3,21,2,0,2,0,0,0
S01012395,Other central heating,242,36,206,216,17,199,21,14,7,5,5,0
S01012395,Two or more types of central heating,9,0,9,9,0,9,0,0,0,0,0,0
S01012396,All people in households,638,121,517,533,44,489,75,47,28,30,30,0
S01012396,No central heating,11,1,10,8,1,7,3,0,3,0,0,0
S01012396,Gas central heating,0,0,0,0,0,0,0,0,0,0,0,0
S01012396,Electric (including storage heaters) central heating,323,60,263,263,17,246,39,22,17,21,21,0
S01012396,Oil central heating,74,19,55,60,7,53,11,9,2,3,3,0
S01012396,Solid fuel (for example wood coal) central heating,30,2,28,29,1,28,1,1,0,0,0,0
S01012396,Other central heating,185,36,149,159,16,143,21,15,6,5,5,0
S01012396,Two or more types of central heating,15,3,12,14,2,12,0,0,0,1,1,0
S01012397,All people in households,833,186,647,669,57,612,116,82,34,48,47,1
S01012397,No central heating,21,6,15,15,1,14,4,3,1,2,2,0
S01012397,Gas central heating,7,1,6,7,1,6,0,0,0,0,0,0
S01012397,Electric (including storage heaters) central heating,411,103,308,316,30,286,66,45,21,29,28,1
S01012397,Oil central heating,234,52,182,193,17,176,28,22,6,13,13,0
S01012397,Solid fuel (for example wood coal) central heating,40,9,31,31,3,28,8,5,3,1,1,0
S01012397,Other central heating,85,6,79,79,3,76,4,1,3,2,2,0
S01012397,Two or more types of central heating,35,9,26,28,2,26,6,6,0,1,1,0
S01012398,All people in households,849,159,690,716,54,662,103,78,25,30,27,3
S01012398,No central heating,36,4,32,29,0,29,4,2,2,3,2,1
S01012398,Gas central heating,6,2,4,6,2,4,0,0,0,0,0,0
S01012398,Electric (including storage heaters) central heating,456,107,349,365,35,330,69,52,17,22,20,2
S01012398,Oil central heating,41,5,36,37,1,36,3,3,0,1,1,0
S01012398,Solid fuel (for example wood coal) central heating,18,0,18,18,0,18,0,0,0,0,0,0
S01012398,Other central heating,247,35,212,222,14,208,22,18,4,3,3,0
S01012398,Two or more types of central heating,45,6,39,39,2,37,5,3,2,1,1,0
S01012399,All people in households,621,118,503,516,41,475,76,48,28,29,29,0
S01012399,No central heating,34,7,27,25,2,23,6,2,4,3,3,0
S01012399,Gas central heating,8,2,6,7,1,6,1,1,0,0,0,0
S01012399,Electric (including storage heaters) central heating,264,47,217,216,12,204,30,17,13,18,18,0
S01012399,Oil central heating,29,7,22,24,4,20,4,2,2,1,1,0
S01012399,Solid fuel (for example wood coal) central heating,12,2,10,11,2,9,1,0,1,0,0,0
S01012399,Other central heating,265,50,215,226,19,207,34,26,8,5,5,0
S01012399,Two or more types of central heating,9,3,6,7,1,6,0,0,0,2,2,0
S01012400,All people in households,587,101,486,507,44,463,64,41,23,16,16,0
S01012400,No central heating,6,2,4,3,0,3,2,1,1,1,1,0
S01012400,Gas central heating,15,0,15,14,0,14,1,0,1,0,0,0
S01012400,Electric (including storage heaters) central heating,272,53,219,236,24,212,33,26,7,3,3,0
S01012400,Oil central heating,33,4,29,30,1,29,3,3,0,0,0,0
S01012400,Solid fuel (for example wood coal) central heating,8,3,5,5,1,4,2,1,1,1,1,0
S01012400,Other central heating,230,37,193,197,17,180,22,9,13,11,11,0
S01012400,Two or more types of central heating,23,2,21,22,1,21,1,1,0,0,0,0
S01012401,All people in households,770,148,622,632,54,578,98,55,43,40,39,1
S01012401,No central heating,25,6,19,23,4,19,1,1,0,1,1,0
S01012401,Gas central heating,4,0,4,4,0,4,0,0,0,0,0,0
S01012401,Electric (including storage heaters) central heating,552,101,451,450,35,415,76,41,35,26,25,1
S01012401,Oil central heating,70,14,56,60,7,53,8,5,3,2,2,0
S01012401,Solid fuel (for example wood coal) central heating,21,5,16,17,1,16,0,0,0,4,4,0
S01012401,Other central heating,73,20,53,57,7,50,10,7,3,6,6,0
S01012401,Two or more types of central heating,25,2,23,21,0,21,3,1,2,1,1,0
S01012402,All people in households,460,61,399,408,26,382,43,26,17,9,9,0
S01012402,No central heating,15,5,10,10,0,10,4,4,0,1,1,0
S01012402,Gas central heating,0,0,0,0,0,0,0,0,0,0,0,0
S01012402,Electric (including storage heaters) central heating,145,25,120,118,7,111,23,14,9,4,4,0
S01012402,Oil central heating,244,25,219,232,16,216,10,7,3,2,2,0
S01012402,Solid fuel (for example wood coal) central heating,28,4,24,21,1,20,5,1,4,2,2,0
S01012402,Other central heating,8,1,7,8,1,7,0,0,0,0,0,0
S01012402,Two or more types of central heating,20,1,19,19,1,18,1,0,1,0,0,0
S01012403,All people in households,1025,175,850,892,72,820,103,73,30,30,30,0
S01012403,No central heating,41,8,33,34,2,32,5,4,1,2,2,0
S01012403,Gas central heating,0,0,0,0,0,0,0,0,0,0,0,0
S01012403,Electric (including storage heaters) central heating,415,73,342,370,34,336,33,27,6,12,12,0
S01012403,Oil central heating,395,70,325,330,25,305,53,33,20,12,12,0
S01012403,Solid fuel (for example wood coal) central heating,34,6,28,31,3,28,2,2,0,1,1,0
S01012403,Other central heating,51,3,48,48,1,47,2,1,1,1,1,0
S01012403,Two or more types of central heating,89,15,74,79,7,72,8,6,2,2,2,0
S01012404,All people in households,968,165,803,817,51,766,111,74,37,40,40,0
S01012404,No central heating,28,6,22,24,3,21,3,2,1,1,1,0
S01012404,Gas central heating,11,0,11,10,0,10,1,0,1,0,0,0
S01012404,Electric (including storage heaters) central heating,531,85,446,449,22,427,60,41,19,22,22,0
S01012404,Oil central heating,256,50,206,212,16,196,30,20,10,14,14,0
S01012404,Solid fuel (for example wood coal) central heating,40,4,36,35,0,35,4,3,1,1,1,0
S01012404,Other central heating,29,5,24,27,4,23,1,0,1,1,1,0
S01012404,Two or more types of central heating,73,15,58,60,6,54,12,8,4,1,1,0
S01012405,All people in households,726,86,640,668,44,624,45,30,15,13,12,1
S01012405,No central heating,17,2,15,16,1,15,0,0,0,1,1,0
S01012405,Gas central heating,0,0,0,0,0,0,0,0,0,0,0,0
S01012405,Electric (including storage heaters) central heating,263,35,228,238,17,221,21,14,7,4,4,0
S01012405,Oil central heating,370,39,331,343,19,324,20,14,6,7,6,1
S01012405,Solid fuel (for example wood coal) central heating,11,1,10,9,1,8,2,0,2,0,0,0
S01012405,Other central heating,17,1,16,17,1,16,0,0,0,0,0,0
S01012405,Two or more types of central heating,48,8,40,45,5,40,2,2,0,1,1,0
S01012406,All people in households,624,107,517,548,47,501,54,39,15,22,21,1
S01012406,No central heating,29,9,20,23,5,18,5,3,2,1,1,0
S01012406,Gas central heating,8,4,4,5,1,4,2,2,0,1,1,0
S01012406,Electric (including storage heaters) central heating,182,32,150,153,11,142,21,13,8,8,8,0
S01012406,Oil central heating,273,48,225,243,22,221,21,18,3,9,8,1
S01012406,Solid fuel (for example wood coal) central heating,33,5,28,30,3,27,1,0,1,2,2,0
S01012406,Other central heating,19,0,19,18,0,18,1,0,1,0,0,0
S01012406,Two or more types of central heating,80,9,71,76,5,71,3,3,0,1,1,0
S01012407,All people in households,813,136,677,691,40,651,94,68,26,28,28,0
S01012407,No central heating,24,3,21,21,1,20,2,1,1,1,1,0
S01012407,Gas central heating,12,1,11,10,0,10,2,1,1,0,0,0
S01012407,Electric (including storage heaters) central heating,304,58,246,246,13,233,44,31,13,14,14,0
S01012407,Oil central heating,351,52,299,311,19,292,31,24,7,9,9,0
S01012407,Solid fuel (for example wood coal) central heating,42,10,32,34,2,32,4,4,0,4,4,0
S01012407,Other central heating,24,1,23,22,0,22,2,1,1,0,0,0
S01012407,Two or more types of central heating,56,11,45,47,5,42,9,6,3,0,0,0
S01012408,All people in households,652,91,561,581,41,540,58,37,21,13,13,0
S01012408,No central heating,32,9,23,27,5,22,2,1,1,3,3,0
S01012408,Gas central heating,10,0,10,9,0,9,1,0,1,0,0,0
S01012408,Electric (including storage heaters) central heating,162,33,129,134,9,125,24,20,4,4,4,0
S01012408,Oil central heating,298,32,266,273,18,255,20,9,11,5,5,0
S01012408,Solid fuel (for example wood coal) central heating,31,4,27,27,1,26,4,3,1,0,0,0
S01012408,Other central heating,23,0,23,22,0,22,1,0,1,0,0,0
S01012408,Two or more types of central heating,96,13,83,89,8,81,6,4,2,1,1,0
S01012409,All people in households,688,126,562,588,51,537,78,54,24,22,21,1
S01012409,No central heating,43,9,34,37,4,33,3,2,1,3,3,0
S01012409,Gas central heating,0,0,0,0,0,0,0,0,0,0,0,0
S01012409,Electric (including storage heaters) central heating,299,55,244,251,21,230,40,27,13,8,7,1
S01012409,Oil central heating,239,44,195,208,18,190,24,19,5,7,7,0
S01012409,Solid fuel (for example wood coal) central heating,42,7,35,37,3,34,3,2,1,2,2,0
S01012409,Other central heating,0,0,0,0,0,0,0,0,0,0,0,0
S01012409,Two or more types of central heating,65,11,54,55,5,50,8,4,4,2,2,0
S01012410,All people in households,1037,150,887,921,62,859,95,69,26,21,19,2
S01012410,No central heating,31,2,29,28,0,28,2,1,1,1,1,0
S01012410,Gas central heating,1,0,1,1,0,1,0,0,0,0,0,0
S01012410,Electric (including storage heaters) central heating,550,79,471,480,29,451,56,38,18,14,12,2
S01012410,Oil central heating,326,51,275,295,26,269,27,21,6,4,4,0
S01012410,Solid fuel (for example wood coal) central heating,14,4,10,11,1,10,2,2,0,1,1,0
S01012410,Other central heating,46,2,44,45,1,44,0,0,0,1,1,0
S01012410,Two or more types of central heating,69,12,57,61,5,56,8,7,1,0,0,0
S01012411,All people in households,957,157,800,811,47,764,115,81,34,31,29,2
S01012411,No central heating,27,6,21,23,2,21,3,3,0,1,1,0
S01012411,Gas central heating,3,1,2,1,0,1,2,1,1,0,0,0
S01012411,Electric (including storage heaters) central heating,577,82,495,497,25,472,61,40,21,19,17,2
S01012411,Oil central heating,276,51,225,233,16,217,37,29,8,6,6,0
S01012411,Solid fuel (for example wood coal) central heating,29,6,23,22,1,21,6,4,2,1,1,0
S01012411,Other central heating,9,2,7,7,0,7,2,2,0,0,0,0
S01012411,Two or more types of central heating,36,9,27,28,3,25,4,2,2,4,4,0
S01012412,All people in households,643,125,518,532,47,485,77,45,32,34,33,1
S01012412,No central heating,38,10,28,28,4,24,9,5,4,1,1,0
S01012412,Gas central heating,6,0,6,6,0,6,0,0,0,0,0,0
S01012412,Electric (including storage heaters) central heating,274,46,228,236,18,218,26,16,10,12,12,0
S01012412,Oil central heating,229,47,182,187,19,168,27,14,13,15,14,1
S01012412,Solid fuel (for example wood coal) central heating,42,10,32,30,2,28,8,4,4,4,4,0
S01012412,Other central heating,14,1,13,14,1,13,0,0,0,0,0,0
S01012412,Two or more types of central heating,40,11,29,31,3,28,7,6,1,2,2,0
S01012413,All people in households,960,222,738,776,70,706,138,107,31,46,45,1
S01012413,No central heating,53,11,42,41,1,40,8,6,2,4,4,0
S01012413,Gas central heating,2,1,1,0,0,0,0,0,0,2,1,1
S01012413,Electric (including storage heaters) central heating,281,59,222,223,13,210,41,29,12,17,17,0
S01012413,Oil central heating,465,121,344,379,45,334,66,56,10,20,20,0
S01012413,Solid fuel (for example wood coal) central heating,74,10,64,65,3,62,8,6,2,1,1,0
S01012413,Other central heating,19,1,18,18,0,18,1,1,0,0,0,0
S01012413,Two or more types of central heating,66,19,47,50,8,42,14,9,5,2,2,0
S01012414,All people in households,684,142,542,573,55,518,85,61,24,26,26,0
S01012414,No central heating,58,9,49,49,3,46,6,3,3,3,3,0
S01012414,Gas central heating,12,1,11,11,0,11,0,0,0,1,1,0
S01012414,Electric (including storage heaters) central heating,330,79,251,268,26,242,45,36,9,17,17,0
S01012414,Oil central heating,173,24,149,156,14,142,15,8,7,2,2,0
S01012414,Solid fuel (for example wood coal) central heating,18,1,17,17,0,17,1,1,0,0,0,0
S01012414,Other central heating,24,5,19,21,3,18,2,1,1,1,1,0
S01012414,Two or more types of central heating,69,23,46,51,9,42,16,12,4,2,2,0
S01012415,All people in households,566,76,490,503,29,474,50,34,16,13,13,0
S01012415,No central heating,7,3,4,4,0,4,2,2,0,1,1,0
S01012415,Gas central heating,5,1,4,4,0,4,1,1,0,0,0,0
S01012415,Electric (including storage heaters) central heating,243,35,208,206,11,195,27,14,13,10,10,0
S01012415,Oil central heating,274,33,241,254,16,238,19,16,3,1,1,0
S01012415,Solid fuel (for example wood coal) central heating,0,0,0,0,0,0,0,0,0,0,0,0
S01012415,Other central heating,6,0,6,6,0,6,0,0,0,0,0,0
S01012415,Two or more types of central heating,31,4,27,29,2,27,1,1,0,1,1,0
S01012416,All people in households,559,95,464,488,41,447,61,45,16,10,9,1
S01012416,No central heating,10,5,5,6,1,5,4,4,0,0,0,0
S01012416,Gas central heating,18,1,17,17,0,17,1,1,0,0,0,0
S01012416,Electric (including storage heaters) central heating,230,55,175,196,26,170,30,26,4,4,3,1
S01012416,Oil central heating,260,27,233,236,11,225,19,11,8,5,5,0
S01012416,Solid fuel (for example wood coal) central heating,4,2,2,1,0,1,3,2,1,0,0,0
S01012416,Other central heating,9,1,8,9,1,8,0,0,0,0,0,0
S01012416,Two or more types of central heating,28,4,24,23,2,21,4,1,3,1,1,0
S01012417,All people in households,631,181,450,473,46,427,105,83,22,53,52,1
S01012417,No central heating,11,3,8,7,0,7,2,2,0,2,1,1
S01012417,Gas central heating,85,21,64,71,7,64,7,7,0,7,7,0
S01012417,Electric (including storage heaters) central heating,157,58,99,99,11,88,42,31,11,16,16,0
S01012417,Oil central heating,305,83,222,237,24,213,45,36,9,23,23,0
S01012417,Solid fuel (for example wood coal) central heating,44,10,34,33,1,32,7,5,2,4,4,0
S01012417,Other central heating,9,3,6,8,2,6,1,1,0,0,0,0
S01012417,Two or more types of central heating,20,3,17,18,1,17,1,1,0,1,1,0
S01012418,All people in households,768,196,572,607,66,541,108,77,31,53,53,0
S01012418,No central heating,31,11,20,21,2,19,8,7,1,2,2,0
S01012418,Gas central heating,100,27,73,79,9,70,14,11,3,7,7,0
S01012418,Electric (including storage heaters) central heating,93,26,67,66,5,61,14,8,6,13,13,0
S01012418,Oil central heating,397,101,296,317,40,277,60,41,19,20,20,0
S01012418,Solid fuel (for example wood coal) central heating,78,18,60,64,5,59,4,3,1,10,10,0
S01012418,Other central heating,24,3,21,22,2,20,2,1,1,0,0,0
S01012418,Two or more types of central heating,45,10,35,38,3,35,6,6,0,1,1,0
S01012419,All people in households,769,161,608,639,60,579,101,73,28,29,28,1
S01012419,No central heating,45,8,37,37,2,35,5,4,1,3,2,1
S01012419,Gas central heating,133,27,106,112,12,100,17,11,6,4,4,0
S01012419,Electric (including storage heaters) central heating,110,29,81,86,9,77,21,17,4,3,3,0
S01012419,Oil central heating,326,60,266,277,22,255,40,29,11,9,9,0
S01012419,Solid fuel (for example wood coal) central heating,76,21,55,60,9,51,11,7,4,5,5,0
S01012419,Other central heating,19,5,14,13,0,13,3,2,1,3,3,0
S01012419,Two or more types of central heating,60,11,49,54,6,48,4,3,1,2,2,0
S01012420,All people in households,850,202,648,659,62,597,138,88,50,53,52,1
S01012420,No central heating,12,5,7,8,1,7,4,4,0,0,0,0
S01012420,Gas central heating,86,23,63,69,8,61,9,7,2,8,8,0
S01012420,Electric (including storage heaters) central heating,296,76,220,219,22,197,60,37,23,17,17,0
S01012420,Oil central heating,316,75,241,250,25,225,45,29,16,21,21,0
S01012420,Solid fuel (for example wood coal) central heating,111,20,91,86,4,82,19,11,8,6,5,1
S01012420,Other central heating,20,3,17,19,2,17,0,0,0,1,1,0
S01012420,Two or more types of central heating,9,0,9,8,0,8,1,0,1,0,0,0
S01012421,All people in households,712,176,536,558,52,506,111,84,27,43,40,3
S01012421,No central heating,8,5,3,3,0,3,1,1,0,4,4,0
S01012421,Gas central heating,103,31,72,81,11,70,19,17,2,3,3,0
S01012421,Electric (including storage heaters) central heating,115,39,76,86,12,74,18,17,1,11,10,1
S01012421,Oil central heating,329,69,260,267,24,243,51,35,16,11,10,1
S01012421,Solid fuel (for example wood coal) central heating,115,24,91,90,5,85,15,10,5,10,9,1
S01012421,Other central heating,17,2,15,13,0,13,3,1,2,1,1,0
S01012421,Two or more types of central heating,25,6,19,18,0,18,4,3,1,3,3,0
S01012422,All people in households,863,186,677,692,50,642,112,77,35,59,59,0
S01012422,No central heating,15,7,8,11,3,8,2,2,0,2,2,0
S01012422,Gas central heating,111,19,92,96,7,89,11,8,3,4,4,0
S01012422,Electric (including storage heaters) central heating,151,43,108,108,9,99,31,22,9,12,12,0
S01012422,Oil central heating,433,85,348,361,26,335,43,30,13,29,29,0
S01012422,Solid fuel (for example wood coal) central heating,83,16,67,67,5,62,11,6,5,5,5,0
S01012422,Other central heating,42,8,34,31,0,31,7,4,3,4,4,0
S01012422,Two or more types of central heating,28,8,20,18,0,18,7,5,2,3,3,0
S01012423,All people in households,814,185,629,677,75,602,102,77,25,35,33,2
S01012423,No central heating,11,2,9,9,0,9,1,1,0,1,1,0
S01012423,Gas central heating,112,33,79,87,13,74,16,11,5,9,9,0
S01012423,Electric (including storage heaters) central heating,93,20,73,76,6,70,11,8,3,6,6,0
S01012423,Oil central heating,482,98,384,410,42,368,60,46,14,12,10,2
S01012423,Solid fuel (for example wood coal) central heating,80,23,57,62,7,55,12,10,2,6,6,0
S01012423,Other central heating,17,5,12,15,3,12,1,1,0,1,1,0
S01012423,Two or more types of central heating,19,4,15,18,4,14,1,0,1,0,0,0
S01012424,All people in households,950,203,747,753,43,710,127,92,35,70,68,2
S01012424,No central heating,2,1,1,0,0,0,1,0,1,1,1,0
S01012424,Gas central heating,835,179,656,666,40,626,112,84,28,57,55,2
S01012424,Electric (including storage heaters) central heating,93,18,75,72,2,70,11,6,5,10,10,0
S01012424,Oil central heating,9,4,5,5,0,5,2,2,0,2,2,0
S01012424,Solid fuel (for example wood coal) central heating,0,0,0,0,0,0,0,0,0,0,0,0
S01012424,Other central heating,0,0,0,0,0,0,0,0,0,0,0,0
S01012424,Two or more types of central heating,11,1,10,10,1,9,1,0,1,0,0,0
S01012425,All people in households,626,215,411,417,45,372,133,94,39,76,76,0
S01012425,No central heating,2,1,1,1,0,1,0,0,0,1,1,0
S01012425,Gas central heating,543,185,358,367,39,328,110,80,30,66,66,0
S01012425,Electric (including storage heaters) central heating,50,17,33,31,4,27,13,7,6,6,6,0
S01012425,Oil central heating,14,6,8,6,0,6,6,4,2,2,2,0
S01012425,Solid fuel (for example wood coal) central heating,4,2,2,3,1,2,0,0,0,1,1,0
S01012425,Other central heating,4,2,2,2,1,1,2,1,1,0,0,0
S01012425,Two or more types of central heating,9,2,7,7,0,7,2,2,0,0,0,0
S01012426,All people in households,493,114,379,387,30,357,73,51,22,33,33,0
S01012426,No central heating,5,1,4,4,0,4,0,0,0,1,1,0
S01012426,Gas central heating,400,90,310,318,25,293,56,39,17,26,26,0
S01012426,Electric (including storage heaters) central heating,70,22,48,49,4,45,15,12,3,6,6,0
S01012426,Oil central heating,8,1,7,8,1,7,0,0,0,0,0,0
S01012426,Solid fuel (for example wood coal) central heating,1,0,1,1,0,1,0,0,0,0,0,0
S01012426,Other central heating,0,0,0,0,0,0,0,0,0,0,0,0
S01012426,Two or more types of central heating,9,0,9,7,0,7,2,0,2,0,0,0
S01012427,All people in households,674,154,520,517,29,488,109,79,30,48,46,2
S01012427,No central heating,5,1,4,4,0,4,1,1,0,0,0,0
S01012427,Gas central heating,535,112,423,419,21,398,81,57,24,35,34,1
S01012427,Electric (including storage heaters) central heating,117,35,82,82,7,75,24,18,6,11,10,1
S01012427,Oil central heating,9,4,5,6,1,5,2,2,0,1,1,0
S01012427,Solid fuel (for example wood coal) central heating,0,0,0,0,0,0,0,0,0,0,0,0
S01012427,Other central heating,0,0,0,0,0,0,0,0,0,0,0,0
S01012427,Two or more types of central heating,8,2,6,6,0,6,1,1,0,1,1,0
S01012428,All people in households,662,144,518,545,48,497,83,62,21,34,34,0
S01012428,No central heating,2,0,2,2,0,2,0,0,0,0,0,0
S01012428,Gas central heating,525,108,417,439,38,401,59,43,16,27,27,0
S01012428,Electric (including storage heaters) central heating,107,24,83,85,6,79,16,12,4,6,6,0
S01012428,Oil central heating,16,7,9,13,4,9,2,2,0,1,1,0
S01012428,Solid fuel (for example wood coal) central heating,3,0,3,2,0,2,1,0,1,0,0,0
S01012428,Other central heating,0,0,0,0,0,0,0,0,0,0,0,0
S01012428,Two or more types of central heating,9,5,4,4,0,4,5,5,0,0,0,0
S01012429,All people in households,558,162,396,422,49,373,88,66,22,48,47,1
S01012429,No central heating,11,5,6,7,2,5,2,1,1,2,2,0
S01012429,Gas central heating,508,142,366,394,47,347,74,56,18,40,39,1
S01012429,Electric (including storage heaters) central heating,20,8,12,10,0,10,8,6,2,2,2,0
S01012429,Oil central heating,5,0,5,5,0,5,0,0,0,0,0,0
S01012429,Solid fuel (for example wood coal) central heating,4,3,1,1,0,1,1,1,0,2,2,0
S01012429,Other central heating,2,1,1,0,0,0,1,0,1,1,1,0
S01012429,Two or more types of central heating,8,3,5,5,0,5,2,2,0,1,1,0
S01012430,All people in households,551,128,423,435,39,396,79,52,27,37,37,0
S01012430,No central heating,12,2,10,9,0,9,2,1,1,1,1,0
S01012430,Gas central heating,482,109,373,383,34,349,69,45,24,30,30,0
S01012430,Electric (including storage heaters) central heating,32,13,19,20,3,17,6,4,2,6,6,0
S01012430,Oil central heating,7,2,5,5,0,5,2,2,0,0,0,0
S01012430,Solid fuel (for example wood coal) central heating,0,0,0,0,0,0,0,0,0,0,0,0
S01012430,Other central heating,5,0,5,5,0,5,0,0,0,0,0,0
S01012430,Two or more types of central heating,13,2,11,13,2,11,0,0,0,0,0,0
S01012431,All people in households,899,242,657,689,66,623,145,111,34,65,65,0
S01012431,No central heating,5,4,1,2,2,0,2,1,1,1,1,0
S01012431,Gas central heating,753,170,583,611,53,558,101,76,25,41,41,0
S01012431,Electric (including storage heaters) central heating,98,54,44,45,9,36,36,28,8,17,17,0
S01012431,Oil central heating,24,7,17,17,0,17,2,2,0,5,5,0
S01012431,Solid fuel (for example wood coal) central heating,7,2,5,6,1,5,1,1,0,0,0,0
S01012431,Other central heating,3,3,0,0,0,0,2,2,0,1,1,0
S01012431,Two or more types of central heating,9,2,7,8,1,7,1,1,0,0,0,0
S01012432,All people in households,712,215,497,526,60,466,125,97,28,61,58,3
S01012432,No central heating,7,6,1,5,4,1,2,2,0,0,0,0
S01012432,Gas central heating,622,169,453,472,43,429,98,77,21,52,49,3
S01012432,Electric (including storage heaters) central heating,41,18,23,25,6,19,14,10,4,2,2,0
S01012432,Oil central heating,9,3,6,4,0,4,4,2,2,1,1,0
S01012432,Solid fuel (for example wood coal) central heating,6,3,3,6,3,3,0,0,0,0,0,0
S01012432,Other central heating,10,8,2,3,1,2,5,5,0,2,2,0
S01012432,Two or more types of central heating,17,8,9,11,3,8,2,1,1,4,4,0
S01012433,All people in households,501,150,351,371,49,322,89,60,29,41,41,0
S01012433,No central heating,15,3,12,11,0,11,2,1,1,2,2,0
S01012433,Gas central heating,441,131,310,327,43,284,79,53,26,35,35,0
S01012433,Electric (including storage heaters) central heating,28,10,18,19,2,17,6,5,1,3,3,0
S01012433,Oil central heating,1,0,1,1,0,1,0,0,0,0,0,0
S01012433,Solid fuel (for example wood coal) central heating,6,3,3,4,2,2,1,0,1,1,1,0
S01012433,Other central heating,0,0,0,0,0,0,0,0,0,0,0,0
S01012433,Two or more types of central heating,10,3,7,9,2,7,1,1,0,0,0,0
S01012434,All people in households,709,176,533,553,44,509,118,94,24,38,38,0
S01012434,No central heating,2,0,2,2,0,2,0,0,0,0,0,0
S01012434,Gas central heating,641,154,487,501,38,463,106,82,24,34,34,0
S01012434,Electric (including storage heaters) central heating,35,14,21,24,3,21,7,7,0,4,4,0
S01012434,Oil central heating,20,6,14,17,3,14,3,3,0,0,0,0
S01012434,Solid fuel (for example wood coal) central heating,0,0,0,0,0,0,0,0,0,0,0,0
S01012434,Other central heating,0,0,0,0,0,0,0,0,0,0,0,0
S01012434,Two or more types of central heating,11,2,9,9,0,9,2,2,0,0,0,0
S01012435,All people in households,637,146,491,506,34,472,73,54,19,58,58,0
S01012435,No central heating,8,0,8,8,0,8,0,0,0,0,0,0
S01012435,Gas central heating,543,133,410,425,31,394,65,49,16,53,53,0
S01012435,Electric (including storage heaters) central heating,42,6,36,34,0,34,7,5,2,1,1,0
S01012435,Oil central heating,23,4,19,21,2,19,0,0,0,2,2,0
S01012435,Solid fuel (for example wood coal) central heating,3,0,3,3,0,3,0,0,0,0,0,0
S01012435,Other central heating,3,1,2,2,0,2,0,0,0,1,1,0
S01012435,Two or more types of central heating,15,2,13,13,1,12,1,0,1,1,1,0
S01012436,All people in households,748,159,589,596,46,550,98,63,35,54,50,4
S01012436,No central heating,3,2,1,1,0,1,2,2,0,0,0,0
S01012436,Gas central heating,628,135,493,498,39,459,86,55,31,44,41,3
S01012436,Electric (including storage heaters) central heating,55,18,37,40,6,34,7,5,2,8,7,1
S01012436,Oil central heating,31,1,30,28,0,28,2,0,2,1,1,0
S01012436,Solid fuel (for example wood coal) central heating,1,0,1,1,0,1,0,0,0,0,0,0
S01012436,Other central heating,4,1,3,3,0,3,1,1,0,0,0,0
S01012436,Two or more types of central heating,26,2,24,25,1,24,0,0,0,1,1,0
S01012437,All people in households,733,154,579,575,36,539,123,86,37,35,32,3
S01012437,No central heating,0,0,0,0,0,0,0,0,0,0,0,0
S01012437,Gas central heating,672,130,542,535,31,504,103,68,35,34,31,3
S01012437,Electric (including storage heaters) central heating,17,14,3,4,1,3,13,13,0,0,0,0
S01012437,Oil central heating,21,4,17,17,2,15,4,2,2,0,0,0
S01012437,Solid fuel (for example wood coal) central heating,0,0,0,0,0,0,0,0,0,0,0,0
S01012437,Other central heating,3,0,3,3,0,3,0,0,0,0,0,0
S01012437,Two or more types of central heating,20,6,14,16,2,14,3,3,0,1,1,0
S01012438,All people in households,693,112,581,599,34,565,62,47,15,32,31,1
S01012438,No central heating,2,2,0,0,0,0,0,0,0,2,2,0
S01012438,Gas central heating,596,87,509,522,27,495,48,34,14,26,26,0
S01012438,Electric (including storage heaters) central heating,9,2,7,7,0,7,2,2,0,0,0,0
S01012438,Oil central heating,66,15,51,54,5,49,10,9,1,2,1,1
S01012438,Solid fuel (for example wood coal) central heating,3,2,1,1,0,1,0,0,0,2,2,0
S01012438,Other central heating,4,0,4,4,0,4,0,0,0,0,0,0
S01012438,Two or more types of central heating,13,4,9,11,2,9,2,2,0,0,0,0
S01012439,All people in households,765,133,632,646,45,601,78,50,28,41,38,3
S01012439,No central heating,12,2,10,9,1,8,2,0,2,1,1,0
S01012439,Gas central heating,690,119,571,587,41,546,70,47,23,33,31,2
S01012439,Electric (including storage heaters) central heating,25,7,18,17,1,16,4,3,1,4,3,1
S01012439,Oil central heating,9,0,9,9,0,9,0,0,0,0,0,0
S01012439,Solid fuel (for example wood coal) central heating,4,0,4,4,0,4,0,0,0,0,0,0
S01012439,Other central heating,4,1,3,4,1,3,0,0,0,0,0,0
S01012439,Two or more types of central heating,21,4,17,16,1,15,2,0,2,3,3,0
S01012440,All people in households,524,75,449,444,16,428,58,39,19,22,20,2
S01012440,No central heating,2,2,0,0,0,0,0,0,0,2,2,0
S01012440,Gas central heating,470,58,412,407,16,391,48,29,19,15,13,2
S01012440,Electric (including storage heaters) central heating,13,7,6,6,0,6,6,6,0,1,1,0
S01012440,Oil central heating,22,5,17,17,0,17,4,4,0,1,1,0
S01012440,Solid fuel (for example wood coal) central heating,4,2,2,2,0,2,0,0,0,2,2,0
S01012440,Other central heating,1,1,0,0,0,0,0,0,0,1,1,0
S01012440,Two or more types of central heating,12,0,12,12,0,12,0,0,0,0,0,0
S01012441,All people in households,890,183,707,738,52,686,108,87,21,44,44,0
S01012441,No central heating,4,1,3,3,0,3,0,0,0,1,1,0
S01012441,Gas central heating,110,32,78,84,9,75,14,11,3,12,12,0
S01012441,Electric (including storage heaters) central heating,157,47,110,110,6,104,34,28,6,13,13,0
S01012441,Oil central heating,524,87,437,459,32,427,50,40,10,15,15,0
S01012441,Solid fuel (for example wood coal) central heating,33,3,30,30,0,30,3,3,0,0,0,0
S01012441,Other central heating,28,2,26,24,0,24,2,0,2,2,2,0
S01012441,Two or more types of central heating,34,11,23,28,5,23,5,5,0,1,1,0
S01012442,All people in households,964,160,804,827,51,776,99,72,27,38,37,1
S01012442,No central heating,8,4,4,3,0,3,2,1,1,3,3,0
S01012442,Gas central heating,407,58,349,356,17,339,31,22,9,20,19,1
S01012442,Electric (including storage heaters) central heating,85,16,69,71,6,65,12,8,4,2,2,0
S01012442,Oil central heating,375,67,308,322,23,299,42,33,9,11,11,0
S01012442,Solid fuel (for example wood coal) central heating,32,6,26,26,1,25,4,3,1,2,2,0
S01012442,Other central heating,19,2,17,16,2,14,3,0,3,0,0,0
S01012442,Two or more types of central heating,38,7,31,33,2,31,5,5,0,0,0,0
S01012443,All people in households,746,111,635,640,31,609,79,54,25,27,26,1
S01012443,No central heating,9,1,8,8,0,8,1,1,0,0,0,0
S01012443,Gas central heating,152,21,131,132,7,125,13,7,6,7,7,0
S01012443,Electric (including storage heaters) central heating,147,38,109,107,4,103,27,22,5,13,12,1
S01012443,Oil central heating,339,31,308,310,12,298,27,17,10,2,2,0
S01012443,Solid fuel (for example wood coal) central heating,32,5,27,27,1,26,3,2,1,2,2,0
S01012443,Other central heating,48,10,38,38,3,35,7,4,3,3,3,0
S01012443,Two or more types of central heating,19,5,14,18,4,14,1,1,0,0,0,0
S01012444,All people in households,686,122,564,583,35,548,79,63,16,24,24,0
S01012444,No central heating,2,1,1,0,0,0,1,0,1,1,1,0
S01012444,Gas central heating,549,99,450,464,27,437,67,54,13,18,18,0
S01012444,Electric (including storage heaters) central heating,9,3,6,6,0,6,2,2,0,1,1,0
S01012444,Oil central heating,100,15,85,90,7,83,7,5,2,3,3,0
S01012444,Solid fuel (for example wood coal) central heating,4,0,4,4,0,4,0,0,0,0,0,0
S01012444,Other central heating,9,2,7,8,1,7,1,1,0,0,0,0
S01012444,Two or more types of central heating,13,2,11,11,0,11,1,1,0,1,1,0
S01012445,All people in households,548,56,492,492,19,473,44,27,17,12,10,2
S01012445,No central heating,0,0,0,0,0,0,0,0,0,0,0,0
S01012445,Gas central heating,531,51,480,479,17,462,42,26,16,10,8,2
S01012445,Electric (including storage heaters) central heating,3,0,3,3,0,3,0,0,0,0,0,0
S01012445,Oil central heating,9,1,8,7,0,7,1,0,1,1,1,0
S01012445,Solid fuel (for example wood coal) central heating,2,2,0,0,0,0,1,1,0,1,1,0
S01012445,Other central heating,0,0,0,0,0,0,0,0,0,0,0,0
S01012445,Two or more types of central heating,3,2,1,3,2,1,0,0,0,0,0,0
S01012446,All people in households,491,123,368,371,25,346,82,61,21,38,37,1
S01012446,No central heating,1,0,1,1,0,1,0,0,0,0,0,0
S01012446,Gas central heating,424,105,319,322,20,302,69,53,16,33,32,1
S01012446,Electric (including storage heaters) central heating,45,14,31,32,5,27,9,5,4,4,4,0
S01012446,Oil central heating,12,2,10,9,0,9,3,2,1,0,0,0
S01012446,Solid fuel (for example wood coal) central heating,2,0,2,2,0,2,0,0,0,0,0,0
S01012446,Other central heating,1,0,1,1,0,1,0,0,0,0,0,0
S01012446,Two or more types of central heating,6,2,4,4,0,4,1,1,0,1,1,0
S01012447,All people in households,860,150,710,732,58,674,92,57,35,36,35,1
S01012447,No central heating,5,1,4,5,1,4,0,0,0,0,0,0
S01012447,Gas central heating,807,136,671,680,45,635,91,56,35,36,35,1
S01012447,Electric (including storage heaters) central heating,21,7,14,20,6,14,1,1,0,0,0,0
S01012447,Oil central heating,13,4,9,13,4,9,0,0,0,0,0,0
S01012447,Solid fuel (for example wood coal) central heating,8,1,7,8,1,7,0,0,0,0,0,0
S01012447,Other central heating,0,0,0,0,0,0,0,0,0,0,0,0
S01012447,Two or more types of central heating,6,1,5,6,1,5,0,0,0,0,0,0
S01012448,All people in households,925,151,774,811,55,756,86,69,17,28,27,1
S01012448,No central heating,6,1,5,6,1,5,0,0,0,0,0,0
S01012448,Gas central heating,749,121,628,656,44,612,70,55,15,23,22,1
S01012448,Electric (including storage heaters) central heating,23,3,20,19,0,19,3,2,1,1,1,0
S01012448,Oil central heating,115,14,101,106,5,101,7,7,0,2,2,0
S01012448,Solid fuel (for example wood coal) central heating,19,4,15,14,0,14,4,3,1,1,1,0
S01012448,Other central heating,9,6,3,8,5,3,1,1,0,0,0,0
S01012448,Two or more types of central heating,4,2,2,2,0,2,1,1,0,1,1,0
S01012449,All people in households,571,113,458,474,38,436,63,42,21,34,33,1
S01012449,No central heating,4,0,4,4,0,4,0,0,0,0,0,0
S01012449,Gas central heating,522,100,422,436,34,402,55,36,19,31,30,1
S01012449,Electric (including storage heaters) central heating,14,3,11,12,1,11,2,2,0,0,0,0
S01012449,Oil central heating,8,3,5,5,1,4,2,1,1,1,1,0
S01012449,Solid fuel (for example wood coal) central heating,9,4,5,5,0,5,3,3,0,1,1,0
S01012449,Other central heating,2,0,2,1,0,1,1,0,1,0,0,0
S01012449,Two or more types of central heating,12,3,9,11,2,9,0,0,0,1,1,0
S01012450,All people in households,830,143,687,706,46,660,86,62,24,38,35,3
S01012450,No central heating,27,5,22,23,1,22,2,2,0,2,2,0
S01012450,Gas central heating,360,57,303,307,15,292,37,27,10,16,15,1
S01012450,Electric (including storage heaters) central heating,66,22,44,46,5,41,16,14,2,4,3,1
S01012450,Oil central heating,295,50,245,254,21,233,26,15,11,15,14,1
S01012450,Solid fuel (for example wood coal) central heating,22,6,16,17,1,16,4,4,0,1,1,0
S01012450,Other central heating,31,2,29,30,2,28,1,0,1,0,0,0
S01012450,Two or more types of central heating,29,1,28,29,1,28,0,0,0,0,0,0
S01012451,All people in households,868,181,687,732,68,664,115,92,23,21,21,0
S01012451,No central heating,1,0,1,1,0,1,0,0,0,0,0,0
S01012451,Gas central heating,817,158,659,698,61,637,99,77,22,20,20,0
S01012451,Electric (including storage heaters) central heating,33,18,15,18,4,14,14,13,1,1,1,0
S01012451,Oil central heating,3,0,3,3,0,3,0,0,0,0,0,0
S01012451,Solid fuel (for example wood coal) central heating,2,1,1,2,1,1,0,0,0,0,0,0
S01012451,Other central heating,5,1,4,5,1,4,0,0,0,0,0,0
S01012451,Two or more types of central heating,7,3,4,5,1,4,2,2,0,0,0,0
S01012452,All people in households,589,119,470,483,31,452,84,66,18,22,22,0
S01012452,No central heating,2,2,0,1,1,0,1,1,0,0,0,0
S01012452,Gas central heating,567,111,456,467,29,438,83,65,18,17,17,0
S01012452,Electric (including storage heaters) central heating,10,4,6,7,1,6,0,0,0,3,3,0
S01012452,Oil central heating,3,0,3,3,0,3,0,0,0,0,0,0
S01012452,Solid fuel (for example wood coal) central heating,0,0,0,0,0,0,0,0,0,0,0,0
S01012452,Other central heating,3,2,1,1,0,1,0,0,0,2,2,0
S01012452,Two or more types of central heating,4,0,4,4,0,4,0,0,0,0,0,0
S01012453,All people in households,821,101,720,739,39,700,66,47,19,16,15,1
S01012453,No central heating,0,0,0,0,0,0,0,0,0,0,0,0
S01012453,Gas central heating,790,98,692,711,38,673,65,47,18,14,13,1
S01012453,Electric (including storage heaters) central heating,15,2,13,12,0,12,1,0,1,2,2,0
S01012453,Oil central heating,8,1,7,8,1,7,0,0,0,0,0,0
S01012453,Solid fuel (for example wood coal) central heating,0,0,0,0,0,0,0,0,0,0,0,0
S01012453,Other central heating,4,0,4,4,0,4,0,0,0,0,0,0
S01012453,Two or more types of central heating,4,0,4,4,0,4,0,0,0,0,0,0
S01012454,All people in households,662,133,529,563,48,515,80,66,14,19,19,0
S01012454,No central heating,7,0,7,7,0,7,0,0,0,0,0,0
S01012454,Gas central heating,632,119,513,541,41,500,73,60,13,18,18,0
S01012454,Electric (including storage heaters) central heating,7,2,5,6,1,5,1,1,0,0,0,0
S01012454,Oil central heating,5,5,0,1,1,0,3,3,0,1,1,0
S01012454,Solid fuel (for example wood coal) central heating,0,0,0,0,0,0,0,0,0,0,0,0
S01012454,Other central heating,0,0,0,0,0,0,0,0,0,0,0,0
S01012454,Two or more types of central heating,11,7,4,8,5,3,3,2,1,0,0,0
S01012455,All people in households,612,79,533,549,30,519,52,38,14,11,11,0
S01012455,No central heating,2,0,2,2,0,2,0,0,0,0,0,0
S01012455,Gas central heating,537,70,467,478,25,453,48,34,14,11,11,0
S01012455,Electric (including storage heaters) central heating,19,5,14,16,2,14,3,3,0,0,0,0
S01012455,Oil central heating,44,4,40,43,3,40,1,1,0,0,0,0
S01012455,Solid fuel (for example wood coal) central heating,2,0,2,2,0,2,0,0,0,0,0,0
S01012455,Other central heating,2,0,2,2,0,2,0,0,0,0,0,0
S01012455,Two or more types of central heating,6,0,6,6,0,6,0,0,0,0,0,0
S01012456,All people in households,751,119,632,661,49,612,72,53,19,18,17,1
S01012456,No central heating,0,0,0,0,0,0,0,0,0,0,0,0
S01012456,Gas central heating,721,114,607,634,47,587,70,51,19,17,16,1
S01012456,Electric (including storage heaters) central heating,10,1,9,9,0,9,1,1,0,0,0,0
S01012456,Oil central heating,9,3,6,8,2,6,1,1,0,0,0,0
S01012456,Solid fuel (for example wood coal) central heating,0,0,0,0,0,0,0,0,0,0,0,0
S01012456,Other central heating,0,0,0,0,0,0,0,0,0,0,0,0
S01012456,Two or more types of central heating,11,1,10,10,0,10,0,0,0,1,1,0
S01012457,All people in households,840,155,685,720,65,655,94,65,29,26,25,1
S01012457,No central heating,4,1,3,3,0,3,1,1,0,0,0,0
S01012457,Gas central heating,808,150,658,692,62,630,90,63,27,26,25,1
S01012457,Electric (including storage heaters) central heating,11,1,10,10,1,9,1,0,1,0,0,0
S01012457,Oil central heating,8,1,7,8,1,7,0,0,0,0,0,0
S01012457,Solid fuel (for example wood coal) central heating,4,2,2,2,1,1,2,1,1,0,0,0
S01012457,Other central heating,5,0,5,5,0,5,0,0,0,0,0,0
S01012457,Two or more types of central heating,0,0,0,0,0,0,0,0,0,0,0,0
S01012458,All people in households,813,113,700,718,35,683,80,63,17,15,15,0
S01012458,No central heating,0,0,0,0,0,0,0,0,0,0,0,0
S01012458,Gas central heating,748,101,647,664,30,634,69,56,13,15,15,0
S01012458,Electric (including storage heaters) central heating,10,3,7,7,1,6,3,2,1,0,0,0
S01012458,Oil central heating,31,6,25,26,2,24,5,4,1,0,0,0
S01012458,Solid fuel (for example wood coal) central heating,5,1,4,3,0,3,2,1,1,0,0,0
S01012458,Other central heating,4,2,2,4,2,2,0,0,0,0,0,0
S01012458,Two or more types of central heating,15,0,15,14,0,14,1,0,1,0,0,0
S01012459,All people in households,735,98,637,661,44,617,58,38,20,16,16,0
S01012459,No central heating,0,0,0,0,0,0,0,0,0,0,0,0
S01012459,Gas central heating,713,93,620,645,43,602,53,35,18,15,15,0
S01012459,Electric (including storage heaters) central heating,11,0,11,10,0,10,1,0,1,0,0,0
S01012459,Oil central heating,6,2,4,4,0,4,2,2,0,0,0,0
S01012459,Solid fuel (for example wood coal) central heating,2,2,0,1,1,0,1,1,0,0,0,0
S01012459,Other central heating,0,0,0,0,0,0,0,0,0,0,0,0
S01012459,Two or more types of central heating,3,1,2,1,0,1,1,0,1,1,1,0
S01012460,All people in households,546,92,454,474,38,436,54,36,18,18,18,0
S01012460,No central heating,0,0,0,0,0,0,0,0,0,0,0,0
S01012460,Gas central heating,511,83,428,444,33,411,51,34,17,16,16,0
S01012460,Electric (including storage heaters) central heating,11,1,10,9,0,9,1,0,1,1,1,0
S01012460,Oil central heating,18,4,14,15,1,14,2,2,0,1,1,0
S01012460,Solid fuel (for example wood coal) central heating,0,0,0,0,0,0,0,0,0,0,0,0
S01012460,Other central heating,1,1,0,1,1,0,0,0,0,0,0,0
S01012460,Two or more types of central heating,5,3,2,5,3,2,0,0,0,0,0,0
S01012461,All people in households,545,117,428,435,32,403,84,59,25,26,26,0
S01012461,No central heating,0,0,0,0,0,0,0,0,0,0,0,0
S01012461,Gas central heating,517,110,407,413,30,383,79,55,24,25,25,0
S01012461,Electric (including storage heaters) central heating,11,4,7,6,0,6,4,3,1,1,1,0
S01012461,Oil central heating,0,0,0,0,0,0,0,0,0,0,0,0
S01012461,Solid fuel (for example wood coal) central heating,4,3,1,3,2,1,1,1,0,0,0,0
S01012461,Other central heating,0,0,0,0,0,0,0,0,0,0,0,0
S01012461,Two or more types of central heating,13,0,13,13,0,13,0,0,0,0,0,0
S01012462,All people in households,757,195,562,573,50,523,126,87,39,58,58,0
S01012462,No central heating,5,1,4,4,0,4,1,1,0,0,0,0
S01012462,Gas central heating,694,176,518,529,48,481,112,75,37,53,53,0
S01012462,Electric (including storage heaters) central heating,39,10,29,29,2,27,8,6,2,2,2,0
S01012462,Oil central heating,1,0,1,1,0,1,0,0,0,0,0,0
S01012462,Solid fuel (for example wood coal) central heating,4,3,1,1,0,1,0,0,0,3,3,0
S01012462,Other central heating,1,1,0,0,0,0,1,1,0,0,0,0
S01012462,Two or more types of central heating,13,4,9,9,0,9,4,4,0,0,0,0
S01012463,All people in households,578,136,442,453,34,419,84,63,21,41,39,2
S01012463,No central heating,0,0,0,0,0,0,0,0,0,0,0,0
S01012463,Gas central heating,545,128,417,429,32,397,76,58,18,40,38,2
S01012463,Electric (including storage heaters) central heating,10,6,4,4,0,4,5,5,0,1,1,0
S01012463,Oil central heating,4,2,2,4,2,2,0,0,0,0,0,0
S01012463,Solid fuel (for example wood coal) central heating,0,0,0,0,0,0,0,0,0,0,0,0
S01012463,Other central heating,0,0,0,0,0,0,0,0,0,0,0,0
S01012463,Two or more types of central heating,19,0,19,16,0,16,3,0,3,0,0,0
S01012464,All people in households,625,124,501,503,32,471,73,48,25,49,44,5
S01012464,No central heating,0,0,0,0,0,0,0,0,0,0,0,0
S01012464,Gas central heating,612,121,491,493,32,461,72,47,25,47,42,5
S01012464,Electric (including storage heaters) central heating,0,0,0,0,0,0,0,0,0,0,0,0
S01012464,Oil central heating,0,0,0,0,0,0,0,0,0,0,0,0
S01012464,Solid fuel (for example wood coal) central heating,0,0,0,0,0,0,0,0,0,0,0,0
S01012464,Other central heating,1,1,0,0,0,0,0,0,0,1,1,0
S01012464,Two or more types of central heating,12,2,10,10,0,10,1,1,0,1,1,0
S01012465,All people in households,701,141,560,567,37,530,90,61,29,44,43,1
S01012465,No central heating,0,0,0,0,0,0,0,0,0,0,0,0
S01012465,Gas central heating,688,137,551,558,35,523,88,61,27,42,41,1
S01012465,Electric (including storage heaters) central heating,0,0,0,0,0,0,0,0,0,0,0,0
S01012465,Oil central heating,0,0,0,0,0,0,0,0,0,0,0,0
S01012465,Solid fuel (for example wood coal) central heating,0,0,0,0,0,0,0,0,0,0,0,0
S01012465,Other central heating,0,0,0,0,0,0,0,0,0,0,0,0
S01012465,Two or more types of central heating,13,4,9,9,2,7,2,0,2,2,2,0
S01012466,All people in households,782,176,606,627,51,576,116,88,28,39,37,2
S01012466,No central heating,3,2,1,1,0,1,2,2,0,0,0,0
S01012466,Gas central heating,671,143,528,547,41,506,97,75,22,27,27,0
S01012466,Electric (including storage heaters) central heating,85,26,59,64,10,54,13,9,4,8,7,1
S01012466,Oil central heating,4,0,4,4,0,4,0,0,0,0,0,0
S01012466,Solid fuel (for example wood coal) central heating,0,0,0,0,0,0,0,0,0,0,0,0
S01012466,Other central heating,5,1,4,3,0,3,1,1,0,1,0,1
S01012466,Two or more types of central heating,14,4,10,8,0,8,3,1,2,3,3,0
S01012467,All people in households,699,154,545,572,56,516,90,62,28,37,36,1
S01012467,No central heating,6,1,5,5,1,4,1,0,1,0,0,0
S01012467,Gas central heating,644,142,502,528,51,477,80,56,24,36,35,1
S01012467,Electric (including storage heaters) central heating,24,6,18,18,2,16,5,3,2,1,1,0
S01012467,Oil central heating,0,0,0,0,0,0,0,0,0,0,0,0
S01012467,Solid fuel (for example wood coal) central heating,9,1,8,8,0,8,1,1,0,0,0,0
S01012467,Other central heating,0,0,0,0,0,0,0,0,0,0,0,0
S01012467,Two or more types of central heating,16,4,12,13,2,11,3,2,1,0,0,0
S01012468,All people in households,757,168,589,603,41,562,105,78,27,49,49,0
S01012468,No central heating,0,0,0,0,0,0,0,0,0,0,0,0
S01012468,Gas central heating,729,155,574,587,38,549,96,71,25,46,46,0
S01012468,Electric (including storage heaters) central heating,17,9,8,9,3,6,7,5,2,1,1,0
S01012468,Oil central heating,2,0,2,2,0,2,0,0,0,0,0,0
S01012468,Solid fuel (for example wood coal) central heating,1,0,1,1,0,1,0,0,0,0,0,0
S01012468,Other central heating,0,0,0,0,0,0,0,0,0,0,0,0
S01012468,Two or more types of central heating,8,4,4,4,0,4,2,2,0,2,2,0
S01012469,All people in households,769,137,632,664,47,617,80,65,15,25,25,0
S01012469,No central heating,5,1,4,4,0,4,1,1,0,0,0,0
S01012469,Gas central heating,695,108,587,615,43,572,60,45,15,20,20,0
S01012469,Electric (including storage heaters) central heating,42,20,22,26,4,22,12,12,0,4,4,0
S01012469,Oil central heating,11,4,7,7,0,7,3,3,0,1,1,0
S01012469,Solid fuel (for example wood coal) central heating,1,1,0,0,0,0,1,1,0,0,0,0
S01012469,Other central heating,0,0,0,0,0,0,0,0,0,0,0,0
S01012469,Two or more types of central heating,15,3,12,12,0,12,3,3,0,0,0,0
S01012470,All people in households,962,251,711,741,78,663,144,97,47,77,76,1
S01012470,No central heating,4,1,3,3,0,3,0,0,0,1,1,0
S01012470,Gas central heating,911,236,675,711,75,636,129,91,38,71,70,1
S01012470,Electric (including storage heaters) central heating,28,9,19,13,3,10,13,4,9,2,2,0
S01012470,Oil central heating,3,0,3,3,0,3,0,0,0,0,0,0
S01012470,Solid fuel (for example wood coal) central heating,2,1,1,1,0,1,0,0,0,1,1,0
S01012470,Other central heating,1,1,0,0,0,0,0,0,0,1,1,0
S01012470,Two or more types of central heating,13,3,10,10,0,10,2,2,0,1,1,0
S01012471,All people in households,805,124,681,725,59,666,64,49,15,16,16,0
S01012471,No central heating,6,2,4,3,0,3,3,2,1,0,0,0
S01012471,Gas central heating,773,114,659,702,57,645,56,42,14,15,15,0
S01012471,Electric (including storage heaters) central heating,8,4,4,5,1,4,2,2,0,1,1,0
S01012471,Oil central heating,8,0,8,8,0,8,0,0,0,0,0,0
S01012471,Solid fuel (for example wood coal) central heating,1,1,0,0,0,0,1,1,0,0,0,0
S01012471,Other central heating,0,0,0,0,0,0,0,0,0,0,0,0
S01012471,Two or more types of central heating,9,3,6,7,1,6,2,2,0,0,0,0
S01012472,All people in households,719,150,569,618,64,554,68,54,14,33,32,1
S01012472,No central heating,4,2,2,3,2,1,1,0,1,0,0,0
S01012472,Gas central heating,673,140,533,581,61,520,60,48,12,32,31,1
S01012472,Electric (including storage heaters) central heating,14,5,9,9,0,9,5,5,0,0,0,0
S01012472,Oil central heating,10,2,8,9,1,8,0,0,0,1,1,0
S01012472,Solid fuel (for example wood coal) central heating,0,0,0,0,0,0,0,0,0,0,0,0
S01012472,Other central heating,3,0,3,2,0,2,1,0,1,0,0,0
S01012472,Two or more types of central heating,15,1,14,14,0,14,1,1,0,0,0,0
S01012473,All people in households,554,101,453,472,31,441,55,44,11,27,26,1
S01012473,No central heating,0,0,0,0,0,0,0,0,0,0,0,0
S01012473,Gas central heating,541,100,441,459,30,429,55,44,11,27,26,1
S01012473,Electric (including storage heaters) central heating,6,0,6,6,0,6,0,0,0,0,0,0
S01012473,Oil central heating,0,0,0,0,0,0,0,0,0,0,0,0
S01012473,Solid fuel (for example wood coal) central heating,5,1,4,5,1,4,0,0,0,0,0,0
S01012473,Other central heating,0,0,0,0,0,0,0,0,0,0,0,0
S01012473,Two or more types of central heating,2,0,2,2,0,2,0,0,0,0,0,0
S01012474,All people in households,714,207,507,540,53,487,121,103,18,53,51,2
S01012474,No central heating,2,1,1,1,0,1,0,0,0,1,1,0
S01012474,Gas central heating,618,159,459,485,44,441,91,75,16,42,40,2
S01012474,Electric (including storage heaters) central heating,68,39,29,33,6,27,26,24,2,9,9,0
S01012474,Oil central heating,16,1,15,16,1,15,0,0,0,0,0,0
S01012474,Solid fuel (for example wood coal) central heating,2,1,1,2,1,1,0,0,0,0,0,0
S01012474,Other central heating,5,3,2,2,0,2,2,2,0,1,1,0
S01012474,Two or more types of central heating,3,3,0,1,1,0,2,2,0,0,0,0
S01012475,All people in households,630,140,490,531,58,473,70,54,16,29,28,1
S01012475,No central heating,1,0,1,1,0,1,0,0,0,0,0,0
S01012475,Gas central heating,590,125,465,501,52,449,65,50,15,24,23,1
S01012475,Electric (including storage heaters) central heating,25,10,15,17,3,14,4,3,1,4,4,0
S01012475,Oil central heating,6,3,3,6,3,3,0,0,0,0,0,0
S01012475,Solid fuel (for example wood coal) central heating,0,0,0,0,0,0,0,0,0,0,0,0
S01012475,Other central heating,7,2,5,5,0,5,1,1,0,1,1,0
S01012475,Two or more types of central heating,1,0,1,1,0,1,0,0,0,0,0,0
S01012476,All people in households,941,211,730,747,53,694,135,103,32,59,55,4
S01012476,No central heating,7,3,4,4,0,4,2,2,0,1,1,0
S01012476,Gas central heating,898,202,696,714,53,661,129,98,31,55,51,4
S01012476,Electric (including storage heaters) central heating,17,4,13,13,0,13,2,2,0,2,2,0
S01012476,Oil central heating,2,0,2,2,0,2,0,0,0,0,0,0
S01012476,Solid fuel (for example wood coal) central heating,0,0,0,0,0,0,0,0,0,0,0,0
S01012476,Other central heating,2,0,2,2,0,2,0,0,0,0,0,0
S01012476,Two or more types of central heating,15,2,13,12,0,12,2,1,1,1,1,0
S01012477,All people in households,674,95,579,593,34,559,65,45,20,16,16,0
S01012477,No central heating,3,2,1,1,0,1,1,1,0,1,1,0
S01012477,Gas central heating,658,89,569,583,34,549,62,42,20,13,13,0
S01012477,Electric (including storage heaters) central heating,4,2,2,2,0,2,1,1,0,1,1,0
S01012477,Oil central heating,6,2,4,4,0,4,1,1,0,1,1,0
S01012477,Solid fuel (for example wood coal) central heating,2,0,2,2,0,2,0,0,0,0,0,0
S01012477,Other central heating,0,0,0,0,0,0,0,0,0,0,0,0
S01012477,Two or more types of central heating,1,0,1,1,0,1,0,0,0,0,0,0
S01012478,All people in households,840,168,672,686,49,637,116,82,34,38,37,1
S01012478,No central heating,0,0,0,0,0,0,0,0,0,0,0,0
S01012478,Gas central heating,807,164,643,658,47,611,112,81,31,37,36,1
S01012478,Electric (including storage heaters) central heating,11,2,9,10,2,8,1,0,1,0,0,0
S01012478,Oil central heating,2,1,1,1,0,1,0,0,0,1,1,0
S01012478,Solid fuel (for example wood coal) central heating,0,0,0,0,0,0,0,0,0,0,0,0
S01012478,Other central heating,0,0,0,0,0,0,0,0,0,0,0,0
S01012478,Two or more types of central heating,20,1,19,17,0,17,3,1,2,0,0,0
S01012479,All people in households,688,87,601,632,46,586,43,28,15,13,13,0
S01012479,No central heating,1,0,1,1,0,1,0,0,0,0,0,0
S01012479,Gas central heating,669,85,584,613,44,569,43,28,15,13,13,0
S01012479,Electric (including storage heaters) central heating,8,2,6,8,2,6,0,0,0,0,0,0
S01012479,Oil central heating,5,0,5,5,0,5,0,0,0,0,0,0
S01012479,Solid fuel (for example wood coal) central heating,0,0,0,0,0,0,0,0,0,0,0,0
S01012479,Other central heating,0,0,0,0,0,0,0,0,0,0,0,0
S01012479,Two or more types of central heating,5,0,5,5,0,5,0,0,0,0,0,0
S01012480,All people in households,515,132,383,398,33,365,68,51,17,49,48,1
S01012480,No central heating,2,0,2,2,0,2,0,0,0,0,0,0
S01012480,Gas central heating,485,126,359,373,32,341,63,46,17,49,48,1
S01012480,Electric (including storage heaters) central heating,4,1,3,3,0,3,1,1,0,0,0,0
S01012480,Oil central heating,1,1,0,0,0,0,1,1,0,0,0,0
S01012480,Solid fuel (for example wood coal) central heating,0,0,0,0,0,0,0,0,0,0,0,0
S01012480,Other central heating,0,0,0,0,0,0,0,0,0,0,0,0
S01012480,Two or more types of central heating,23,4,19,20,1,19,3,3,0,0,0,0
S01012481,All people in households,775,142,633,646,44,602,86,55,31,43,43,0
S01012481,No central heating,21,3,18,17,0,17,3,2,1,1,1,0
S01012481,Gas central heating,633,103,530,535,30,505,69,44,25,29,29,0
S01012481,Electric (including storage heaters) central heating,80,26,54,59,10,49,11,6,5,10,10,0
S01012481,Oil central heating,9,3,6,7,1,6,1,1,0,1,1,0
S01012481,Solid fuel (for example wood coal) central heating,0,0,0,0,0,0,0,0,0,0,0,0
S01012481,Other central heating,0,0,0,0,0,0,0,0,0,0,0,0
S01012481,Two or more types of central heating,32,7,25,28,3,25,2,2,0,2,2,0
S01012482,All people in households,762,220,542,583,70,513,141,114,27,38,36,2
S01012482,No central heating,13,6,7,7,2,5,6,4,2,0,0,0
S01012482,Gas central heating,507,93,414,434,36,398,60,45,15,13,12,1
S01012482,Electric (including storage heaters) central heating,230,119,111,132,32,100,74,64,10,24,23,1
S01012482,Oil central heating,7,1,6,6,0,6,0,0,0,1,1,0
S01012482,Solid fuel (for example wood coal) central heating,0,0,0,0,0,0,0,0,0,0,0,0
S01012482,Other central heating,0,0,0,0,0,0,0,0,0,0,0,0
S01012482,Two or more types of central heating,5,1,4,4,0,4,1,1,0,0,0,0
S01012483,All people in households,881,265,616,634,69,565,164,117,47,83,79,4
S01012483,No central heating,33,5,28,27,1,26,2,1,1,4,3,1
S01012483,Gas central heating,636,179,457,467,44,423,115,83,32,54,52,2
S01012483,Electric (including storage heaters) central heating,174,68,106,114,20,94,42,30,12,18,18,0
S01012483,Oil central heating,5,3,2,3,1,2,2,2,0,0,0,0
S01012483,Solid fuel (for example wood coal) central heating,0,0,0,0,0,0,0,0,0,0,0,0
S01012483,Other central heating,11,2,9,9,0,9,0,0,0,2,2,0
S01012483,Two or more types of central heating,22,8,14,14,3,11,3,1,2,5,4,1
S01012484,All people in households,780,157,623,649,51,598,100,75,25,31,31,0
S01012484,No central heating,7,1,6,7,1,6,0,0,0,0,0,0
S01012484,Gas central heating,728,144,584,606,47,559,93,68,25,29,29,0
S01012484,Electric (including storage heaters) central heating,28,10,18,21,3,18,5,5,0,2,2,0
S01012484,Oil central heating,7,0,7,7,0,7,0,0,0,0,0,0
S01012484,Solid fuel (for example wood coal) central heating,0,0,0,0,0,0,0,0,0,0,0,0
S01012484,Other central heating,0,0,0,0,0,0,0,0,0,0,0,0
S01012484,Two or more types of central heating,10,2,8,8,0,8,2,2,0,0,0,0
S01012485,All people in households,790,136,654,701,57,644,63,54,9,26,25,1
S01012485,No central heating,5,2,3,3,0,3,1,1,0,1,1,0
S01012485,Gas central heating,744,119,625,668,52,616,54,46,8,22,21,1
S01012485,Electric (including storage heaters) central heating,17,12,5,8,4,4,6,5,1,3,3,0
S01012485,Oil central heating,13,2,11,12,1,11,1,1,0,0,0,0
S01012485,Solid fuel (for example wood coal) central heating,0,0,0,0,0,0,0,0,0,0,0,0
S01012485,Other central heating,0,0,0,0,0,0,0,0,0,0,0,0
S01012485,Two or more types of central heating,11,1,10,10,0,10,1,1,0,0,0,0
S01012486,All people in households,532,124,408,447,45,402,60,55,5,25,24,1
S01012486,No central heating,12,4,8,9,1,8,0,0,0,3,3,0
S01012486,Gas central heating,464,98,366,400,39,361,47,43,4,17,16,1
S01012486,Electric (including storage heaters) central heating,37,20,17,21,5,16,12,11,1,4,4,0
S01012486,Oil central heating,12,2,10,10,0,10,1,1,0,1,1,0
S01012486,Solid fuel (for example wood coal) central heating,0,0,0,0,0,0,0,0,0,0,0,0
S01012486,Other central heating,6,0,6,6,0,6,0,0,0,0,0,0
S01012486,Two or more types of central heating,1,0,1,1,0,1,0,0,0,0,0,0
S01012487,All people in households,612,135,477,492,34,458,73,55,18,47,46,1
S01012487,No central heating,17,4,13,14,1,13,1,1,0,2,2,0
S01012487,Gas central heating,576,127,449,464,32,432,69,53,16,43,42,1
S01012487,Electric (including storage heaters) central heating,16,3,13,13,1,12,2,1,1,1,1,0
S01012487,Oil central heating,0,0,0,0,0,0,0,0,0,0,0,0
S01012487,Solid fuel (for example wood coal) central heating,0,0,0,0,0,0,0,0,0,0,0,0
S01012487,Other central heating,1,1,0,0,0,0,0,0,0,1,1,0
S01012487,Two or more types of central heating,2,0,2,1,0,1,1,0,1,0,0,0
S01012488,All people in households,903,241,662,682,63,619,141,102,39,80,76,4
S01012488,No central heating,15,1,14,15,1,14,0,0,0,0,0,0
S01012488,Gas central heating,842,232,610,627,59,568,137,99,38,78,74,4
S01012488,Electric (including storage heaters) central heating,23,6,17,18,1,17,3,3,0,2,2,0
S01012488,Oil central heating,5,0,5,4,0,4,1,0,1,0,0,0
S01012488,Solid fuel (for example wood coal) central heating,3,1,2,3,1,2,0,0,0,0,0,0
S01012488,Other central heating,0,0,0,0,0,0,0,0,0,0,0,0
S01012488,Two or more types of central heating,15,1,14,15,1,14,0,0,0,0,0,0
S01012489,All people in households,1023,241,782,775,57,718,167,106,61,81,78,3
S01012489,No central heating,14,8,6,7,1,6,4,4,0,3,3,0
S01012489,Gas central heating,862,198,664,655,48,607,139,85,54,68,65,3
S01012489,Electric (including storage heaters) central heating,114,28,86,87,6,81,21,16,5,6,6,0
S01012489,Oil central heating,0,0,0,0,0,0,0,0,0,0,0,0
S01012489,Solid fuel (for example wood coal) central heating,1,0,1,1,0,1,0,0,0,0,0,0
S01012489,Other central heating,12,3,9,10,1,9,1,1,0,1,1,0
S01012489,Two or more types of central heating,20,4,16,15,1,14,2,0,2,3,3,0
S01012490,All people in households,978,291,687,690,56,634,165,117,48,123,118,5
S01012490,No central heating,24,7,17,16,1,15,6,4,2,2,2,0
S01012490,Gas central heating,664,195,469,471,34,437,111,82,29,82,79,3
S01012490,Electric (including storage heaters) central heating,254,78,176,176,16,160,45,31,14,33,31,2
S01012490,Oil central heating,2,0,2,2,0,2,0,0,0,0,0,0
S01012490,Solid fuel (for example wood coal) central heating,3,2,1,2,1,1,0,0,0,1,1,0
S01012490,Other central heating,5,1,4,4,1,3,1,0,1,0,0,0
S01012490,Two or more types of central heating,26,8,18,19,3,16,2,0,2,5,5,0
S01012491,All people in households,440,100,340,332,19,313,70,46,24,38,35,3
S01012491,No central heating,4,2,2,2,0,2,1,1,0,1,1,0
S01012491,Gas central heating,372,88,284,278,18,260,62,41,21,32,29,3
S01012491,Electric (including storage heaters) central heating,43,8,35,35,1,34,5,4,1,3,3,0
S01012491,Oil central heating,0,0,0,0,0,0,0,0,0,0,0,0
S01012491,Solid fuel (for example wood coal) central heating,3,0,3,2,0,2,1,0,1,0,0,0
S01012491,Other central heating,4,0,4,4,0,4,0,0,0,0,0,0
S01012491,Two or more types of central heating,14,2,12,11,0,11,1,0,1,2,2,0
S01012492,All people in households,772,251,521,508,52,456,168,109,59,96,90,6
S01012492,No central heating,9,3,6,6,1,5,2,1,1,1,1,0
S01012492,Gas central heating,600,201,399,395,39,356,122,83,39,83,79,4
S01012492,Electric (including storage heaters) central heating,135,42,93,84,10,74,41,24,17,10,8,2
S01012492,Oil central heating,1,0,1,1,0,1,0,0,0,0,0,0
S01012492,Solid fuel (for example wood coal) central heating,0,0,0,0,0,0,0,0,0,0,0,0
S01012492,Other central heating,1,0,1,1,0,1,0,0,0,0,0,0
S01012492,Two or more types of central heating,26,5,21,21,2,19,3,1,2,2,2,0
S01012493,All people in households,651,255,396,410,48,362,148,117,31,93,90,3
S01012493,No central heating,7,5,2,2,0,2,3,3,0,2,2,0
S01012493,Gas central heating,365,63,302,307,19,288,41,28,13,17,16,1
S01012493,Electric (including storage heaters) central heating,278,186,92,101,29,72,103,85,18,74,72,2
S01012493,Oil central heating,0,0,0,0,0,0,0,0,0,0,0,0
S01012493,Solid fuel (for example wood coal) central heating,1,1,0,0,0,0,1,1,0,0,0,0
S01012493,Other central heating,0,0,0,0,0,0,0,0,0,0,0,0
S01012493,Two or more types of central heating,0,0,0,0,0,0,0,0,0,0,0,0
S01012494,All people in households,861,196,665,686,58,628,129,92,37,46,46,0
S01012494,No central heating,7,2,5,5,0,5,1,1,0,1,1,0
S01012494,Gas central heating,826,186,640,660,57,603,122,85,37,44,44,0
S01012494,Electric (including storage heaters) central heating,15,7,8,9,1,8,5,5,0,1,1,0
S01012494,Oil central heating,0,0,0,0,0,0,0,0,0,0,0,0
S01012494,Solid fuel (for example wood coal) central heating,4,0,4,4,0,4,0,0,0,0,0,0
S01012494,Other central heating,0,0,0,0,0,0,0,0,0,0,0,0
S01012494,Two or more types of central heating,9,1,8,8,0,8,1,1,0,0,0,0
S01012495,All people in households,1024,266,758,789,70,719,150,115,35,85,81,4
S01012495,No central heating,1,0,1,1,0,1,0,0,0,0,0,0
S01012495,Gas central heating,965,247,718,742,62,680,143,109,34,80,76,4
S01012495,Electric (including storage heaters) central heating,37,11,26,31,5,26,5,5,0,1,1,0
S01012495,Oil central heating,8,2,6,5,0,5,1,0,1,2,2,0
S01012495,Solid fuel (for example wood coal) central heating,0,0,0,0,0,0,0,0,0,0,0,0
S01012495,Other central heating,3,0,3,3,0,3,0,0,0,0,0,0
S01012495,Two or more types of central heating,10,6,4,7,3,4,1,1,0,2,2,0
S01012496,All people in households,765,213,552,568,52,516,131,96,35,66,65,1
S01012496,No central heating,5,3,2,3,1,2,0,0,0,2,2,0
S01012496,Gas central heating,724,196,528,545,48,497,118,88,30,61,60,1
S01012496,Electric (including storage heaters) central heating,13,6,7,5,0,5,6,4,2,2,2,0
S01012496,Oil central heating,4,2,2,3,1,2,1,1,0,0,0,0
S01012496,Solid fuel (for example wood coal) central heating,8,2,6,4,0,4,3,1,2,1,1,0
S01012496,Other central heating,0,0,0,0,0,0,0,0,0,0,0,0
S01012496,Two or more types of central heating,11,4,7,8,2,6,3,2,1,0,0,0
S01012497,All people in households,487,152,335,340,34,306,90,62,28,57,56,1
S01012497,No central heating,1,1,0,0,0,0,1,1,0,0,0,0
S01012497,Gas central heating,463,143,320,327,33,294,84,59,25,52,51,1
S01012497,Electric (including storage heaters) central heating,7,2,5,2,0,2,3,0,3,2,2,0
S01012497,Oil central heating,4,0,4,4,0,4,0,0,0,0,0,0
S01012497,Solid fuel (for example wood coal) central heating,3,0,3,3,0,3,0,0,0,0,0,0
S01012497,Other central heating,0,0,0,0,0,0,0,0,0,0,0,0
S01012497,Two or more types of central heating,9,6,3,4,1,3,2,2,0,3,3,0
S01012498,All people in households,857,221,636,646,51,595,140,101,39,71,69,2
S01012498,No central heating,2,2,0,0,0,0,2,2,0,0,0,0
S01012498,Gas central heating,803,207,596,608,49,559,129,94,35,66,64,2
S01012498,Electric (including storage heaters) central heating,6,4,2,3,1,2,2,2,0,1,1,0
S01012498,Oil central heating,8,2,6,6,0,6,1,1,0,1,1,0
S01012498,Solid fuel (for example wood coal) central heating,3,0,3,1,0,1,2,0,2,0,0,0
S01012498,Other central heating,0,0,0,0,0,0,0,0,0,0,0,0
S01012498,Two or more types of central heating,35,6,29,28,1,27,4,2,2,3,3,0
S01012499,All people in households,700,135,565,578,45,533,78,48,30,44,42,2
S01012499,No central heating,3,3,0,2,2,0,1,1,0,0,0,0
S01012499,Gas central heating,674,127,547,557,41,516,73,44,29,44,42,2
S01012499,Electric (including storage heaters) central heating,2,1,1,1,0,1,1,1,0,0,0,0
S01012499,Oil central heating,4,1,3,4,1,3,0,0,0,0,0,0
S01012499,Solid fuel (for example wood coal) central heating,1,0,1,1,0,1,0,0,0,0,0,0
S01012499,Other central heating,0,0,0,0,0,0,0,0,0,0,0,0
S01012499,Two or more types of central heating,16,3,13,13,1,12,3,2,1,0,0,0
S01012500,All people in households,468,112,356,366,32,334,71,50,21,31,30,1
S01012500,No central heating,7,0,7,6,0,6,1,0,1,0,0,0
S01012500,Gas central heating,316,77,239,248,23,225,46,32,14,22,22,0
S01012500,Electric (including storage heaters) central heating,139,32,107,108,8,100,23,17,6,8,7,1
S01012500,Oil central heating,0,0,0,0,0,0,0,0,0,0,0,0
S01012500,Solid fuel (for example wood coal) central heating,3,0,3,3,0,3,0,0,0,0,0,0
S01012500,Other central heating,0,0,0,0,0,0,0,0,0,0,0,0
S01012500,Two or more types of central heating,3,3,0,1,1,0,1,1,0,1,1,0
S01012501,All people in households,619,152,467,471,35,436,98,68,30,50,49,1
S01012501,No central heating,4,1,3,3,0,3,0,0,0,1,1,0
S01012501,Gas central heating,566,137,429,431,31,400,89,61,28,46,45,1
S01012501,Electric (including storage heaters) central heating,30,9,21,23,2,21,4,4,0,3,3,0
S01012501,Oil central heating,5,1,4,4,0,4,1,1,0,0,0,0
S01012501,Solid fuel (for example wood coal) central heating,2,1,1,1,0,1,1,1,0,0,0,0
S01012501,Other central heating,0,0,0,0,0,0,0,0,0,0,0,0
S01012501,Two or more types of central heating,12,3,9,9,2,7,3,1,2,0,0,0
S01012502,All people in households,832,180,652,673,63,610,93,52,41,66,65,1
S01012502,No central heating,2,1,1,1,0,1,1,1,0,0,0,0
S01012502,Gas central heating,776,168,608,627,58,569,85,47,38,64,63,1
S01012502,Electric (including storage heaters) central heating,21,4,17,16,1,15,4,2,2,1,1,0
S01012502,Oil central heating,0,0,0,0,0,0,0,0,0,0,0,0
S01012502,Solid fuel (for example wood coal) central heating,3,1,2,2,0,2,0,0,0,1,1,0
S01012502,Other central heating,4,0,4,4,0,4,0,0,0,0,0,0
S01012502,Two or more types of central heating,26,6,20,23,4,19,3,2,1,0,0,0
S01012503,All people in households,637,187,450,448,35,413,124,88,36,65,64,1
S01012503,No central heating,3,0,3,3,0,3,0,0,0,0,0,0
S01012503,Gas central heating,541,166,375,374,30,344,106,76,30,61,60,1
S01012503,Electric (including storage heaters) central heating,75,16,59,59,5,54,14,9,5,2,2,0
S01012503,Oil central heating,6,3,3,2,0,2,2,1,1,2,2,0
S01012503,Solid fuel (for example wood coal) central heating,5,1,4,4,0,4,1,1,0,0,0,0
S01012503,Other central heating,1,0,1,1,0,1,0,0,0,0,0,0
S01012503,Two or more types of central heating,6,1,5,5,0,5,1,1,0,0,0,0
S01012504,All people in households,636,151,485,489,34,455,97,68,29,50,49,1
S01012504,No central heating,10,1,9,10,1,9,0,0,0,0,0,0
S01012504,Gas central heating,541,121,420,425,26,399,74,53,21,42,42,0
S01012504,Electric (including storage heaters) central heating,55,20,35,33,4,29,16,11,5,6,5,1
S01012504,Oil central heating,5,3,2,2,0,2,2,2,0,1,1,0
S01012504,Solid fuel (for example wood coal) central heating,0,0,0,0,0,0,0,0,0,0,0,0
S01012504,Other central heating,0,0,0,0,0,0,0,0,0,0,0,0
S01012504,Two or more types of central heating,25,6,19,19,3,16,5,2,3,1,1,0
S01012505,All people in households,1014,287,727,749,60,689,163,128,35,102,99,3
S01012505,No central heating,8,2,6,6,1,5,2,1,1,0,0,0
S01012505,Gas central heating,952,267,685,706,56,650,155,122,33,91,89,2
S01012505,Electric (including storage heaters) central heating,24,12,12,15,3,12,4,4,0,5,5,0
S01012505,Oil central heating,3,1,2,2,0,2,0,0,0,1,1,0
S01012505,Solid fuel (for example wood coal) central heating,3,0,3,2,0,2,1,0,1,0,0,0
S01012505,Other central heating,1,0,1,1,0,1,0,0,0,0,0,0
S01012505,Two or more types of central heating,23,5,18,17,0,17,1,1,0,5,4,1
S01012506,All people in households,478,124,354,379,42,337,72,55,17,27,27,0
S01012506,No central heating,0,0,0,0,0,0,0,0,0,0,0,0
S01012506,Gas central heating,453,115,338,362,39,323,68,53,15,23,23,0
S01012506,Electric (including storage heaters) central heating,17,6,11,13,3,10,2,1,1,2,2,0
S01012506,Oil central heating,5,0,5,4,0,4,1,0,1,0,0,0
S01012506,Solid fuel (for example wood coal) central heating,0,0,0,0,0,0,0,0,0,0,0,0
S01012506,Other central heating,0,0,0,0,0,0,0,0,0,0,0,0
S01012506,Two or more types of central heating,3,3,0,0,0,0,1,1,0,2,2,0
S01012507,All people in households,946,242,704,720,61,659,154,111,43,72,70,2
S01012507,No central heating,7,4,3,3,0,3,4,4,0,0,0,0
S01012507,Gas central heating,881,222,659,674,59,615,139,97,42,68,66,2
S01012507,Electric (including storage heaters) central heating,26,10,16,17,1,16,6,6,0,3,3,0
S01012507,Oil central heating,7,2,5,5,1,4,1,0,1,1,1,0
S01012507,Solid fuel (for example wood coal) central heating,6,1,5,5,0,5,1,1,0,0,0,0
S01012507,Other central heating,1,0,1,1,0,1,0,0,0,0,0,0
S01012507,Two or more types of central heating,18,3,15,15,0,15,3,3,0,0,0,0
S01012508,All people in households,762,200,562,586,57,529,120,90,30,56,53,3
S01012508,No central heating,0,0,0,0,0,0,0,0,0,0,0,0
S01012508,Gas central heating,720,186,534,559,54,505,110,83,27,51,49,2
S01012508,Electric (including storage heaters) central heating,22,9,13,14,3,11,7,5,2,1,1,0
S01012508,Oil central heating,6,0,6,6,0,6,0,0,0,0,0,0
S01012508,Solid fuel (for example wood coal) central heating,4,1,3,3,0,3,0,0,0,1,1,0
S01012508,Other central heating,0,0,0,0,0,0,0,0,0,0,0,0
S01012508,Two or more types of central heating,10,4,6,4,0,4,3,2,1,3,2,1
S01012509,All people in households,541,103,438,449,37,412,65,41,24,27,25,2
S01012509,No central heating,5,1,4,4,0,4,1,1,0,0,0,0
S01012509,Gas central heating,505,93,412,423,35,388,58,36,22,24,22,2
S01012509,Electric (including storage heaters) central heating,15,7,8,8,2,6,5,3,2,2,2,0
S01012509,Oil central heating,5,0,5,5,0,5,0,0,0,0,0,0
S01012509,Solid fuel (for example wood coal) central heating,3,0,3,3,0,3,0,0,0,0,0,0
S01012509,Other central heating,0,0,0,0,0,0,0,0,0,0,0,0
S01012509,Two or more types of central heating,8,2,6,6,0,6,1,1,0,1,1,0
S01012510,All people in households,877,145,732,737,41,696,94,58,36,46,46,0
S01012510,No central heating,5,2,3,0,0,0,4,1,3,1,1,0
S01012510,Gas central heating,838,132,706,715,40,675,85,54,31,38,38,0
S01012510,Electric (including storage heaters) central heating,21,7,14,13,0,13,4,3,1,4,4,0
S01012510,Oil central heating,5,0,5,4,0,4,1,0,1,0,0,0
S01012510,Solid fuel (for example wood coal) central heating,3,1,2,3,1,2,0,0,0,0,0,0
S01012510,Other central heating,0,0,0,0,0,0,0,0,0,0,0,0
S01012510,Two or more types of central heating,5,3,2,2,0,2,0,0,0,3,3,0
S01012511,All people in households,628,126,502,506,32,474,89,61,28,33,33,0
S01012511,No central heating,2,0,2,1,0,1,1,0,1,0,0,0
S01012511,Gas central heating,577,112,465,468,28,440,81,56,25,28,28,0
S01012511,Electric (including storage heaters) central heating,25,7,18,18,1,17,3,2,1,4,4,0
S01012511,Oil central heating,0,0,0,0,0,0,0,0,0,0,0,0
S01012511,Solid fuel (for example wood coal) central heating,6,0,6,6,0,6,0,0,0,0,0,0
S01012511,Other central heating,0,0,0,0,0,0,0,0,0,0,0,0
S01012511,Two or more types of central heating,18,7,11,13,3,10,4,3,1,1,1,0
S01012512,All people in households,677,109,568,582,39,543,66,42,24,29,28,1
S01012512,No central heating,5,0,5,5,0,5,0,0,0,0,0,0
S01012512,Gas central heating,554,92,462,476,35,441,55,34,21,23,23,0
S01012512,Electric (including storage heaters) central heating,80,12,68,69,4,65,7,5,2,4,3,1
S01012512,Oil central heating,12,3,9,9,0,9,2,2,0,1,1,0
S01012512,Solid fuel (for example wood coal) central heating,0,0,0,0,0,0,0,0,0,0,0,0
S01012512,Other central heating,4,0,4,4,0,4,0,0,0,0,0,0
S01012512,Two or more types of central heating,22,2,20,19,0,19,2,1,1,1,1,0
S01012513,All people in households,550,66,484,496,32,464,43,24,19,11,10,1
S01012513,No central heating,4,1,3,3,0,3,1,1,0,0,0,0
S01012513,Gas central heating,514,60,454,467,30,437,37,21,16,10,9,1
S01012513,Electric (including storage heaters) central heating,32,5,27,26,2,24,5,2,3,1,1,0
S01012513,Oil central heating,0,0,0,0,0,0,0,0,0,0,0,0
S01012513,Solid fuel (for example wood coal) central heating,0,0,0,0,0,0,0,0,0,0,0,0
S01012513,Other central heating,0,0,0,0,0,0,0,0,0,0,0,0
S01012513,Two or more types of central heating,0,0,0,0,0,0,0,0,0,0,0,0
S01012514,All people in households,986,73,913,916,30,886,54,28,26,16,15,1
S01012514,No central heating,6,0,6,6,0,6,0,0,0,0,0,0
S01012514,Gas central heating,953,69,884,889,30,859,52,27,25,12,12,0
S01012514,Electric (including storage heaters) central heating,20,3,17,15,0,15,2,1,1,3,2,1
S01012514,Oil central heating,0,0,0,0,0,0,0,0,0,0,0,0
S01012514,Solid fuel (for example wood coal) central heating,0,0,0,0,0,0,0,0,0,0,0,0
S01012514,Other central heating,0,0,0,0,0,0,0,0,0,0,0,0
S01012514,Two or more types of central heating,7,1,6,6,0,6,0,0,0,1,1,0
S01012515,All people in households,612,195,417,435,43,392,110,86,24,67,66,1
S01012515,No central heating,7,5,2,2,0,2,5,5,0,0,0,0
S01012515,Gas central heating,581,181,400,418,42,376,98,75,23,65,64,1
S01012515,Electric (including storage heaters) central heating,10,5,5,5,1,4,3,2,1,2,2,0
S01012515,Oil central heating,5,2,3,3,0,3,2,2,0,0,0,0
S01012515,Solid fuel (for example wood coal) central heating,0,0,0,0,0,0,0,0,0,0,0,0
S01012515,Other central heating,0,0,0,0,0,0,0,0,0,0,0,0
S01012515,Two or more types of central heating,9,2,7,7,0,7,2,2,0,0,0,0
S01012516,All people in households,668,132,536,553,41,512,80,58,22,35,33,2
S01012516,No central heating,6,2,4,3,0,3,1,1,0,2,1,1
S01012516,Gas central heating,561,111,450,473,37,436,65,52,13,23,22,1
S01012516,Electric (including storage heaters) central heating,91,17,74,69,4,65,12,3,9,10,10,0
S01012516,Oil central heating,1,1,0,0,0,0,1,1,0,0,0,0
S01012516,Solid fuel (for example wood coal) central heating,0,0,0,0,0,0,0,0,0,0,0,0
S01012516,Other central heating,0,0,0,0,0,0,0,0,0,0,0,0
S01012516,Two or more types of central heating,9,1,8,8,0,8,1,1,0,0,0,0
S01012517,All people in households,860,181,679,702,53,649,104,76,28,54,52,2
S01012517,No central heating,6,1,5,5,0,5,0,0,0,1,1,0
S01012517,Gas central heating,749,162,587,614,49,565,86,65,21,49,48,1
S01012517,Electric (including storage heaters) central heating,92,13,79,77,4,73,14,8,6,1,1,0
S01012517,Oil central heating,0,0,0,0,0,0,0,0,0,0,0,0
S01012517,Solid fuel (for example wood coal) central heating,1,0,1,0,0,0,0,0,0,1,0,1
S01012517,Other central heating,2,0,2,2,0,2,0,0,0,0,0,0
S01012517,Two or more types of central heating,10,5,5,4,0,4,4,3,1,2,2,0
S01012518,All people in households,559,94,465,480,29,451,50,36,14,29,29,0
S01012518,No central heating,3,1,2,2,0,2,1,1,0,0,0,0
S01012518,Gas central heating,507,85,422,435,27,408,46,32,14,26,26,0
S01012518,Electric (including storage heaters) central heating,34,7,27,28,1,27,3,3,0,3,3,0
S01012518,Oil central heating,4,1,3,4,1,3,0,0,0,0,0,0
S01012518,Solid fuel (for example wood coal) central heating,0,0,0,0,0,0,0,0,0,0,0,0
S01012518,Other central heating,0,0,0,0,0,0,0,0,0,0,0,0
S01012518,Two or more types of central heating,11,0,11,11,0,11,0,0,0,0,0,0
S01012519,All people in households,516,112,404,400,27,373,84,56,28,32,29,3
S01012519,No central heating,4,2,2,2,0,2,2,2,0,0,0,0
S01012519,Gas central heating,460,102,358,353,24,329,77,50,27,30,28,2
S01012519,Electric (including storage heaters) central heating,35,5,30,29,1,28,4,3,1,2,1,1
S01012519,Oil central heating,9,0,9,9,0,9,0,0,0,0,0,0
S01012519,Solid fuel (for example wood coal) central heating,0,0,0,0,0,0,0,0,0,0,0,0
S01012519,Other central heating,4,2,2,3,1,2,1,1,0,0,0,0
S01012519,Two or more types of central heating,4,1,3,4,1,3,0,0,0,0,0,0
S01012520,All people in households,783,151,632,676,65,611,79,61,18,28,25,3
S01012520,No central heating,6,2,4,3,0,3,1,1,0,2,1,1
S01012520,Gas central heating,692,105,587,623,50,573,51,39,12,18,16,2
S01012520,Electric (including storage heaters) central heating,74,40,34,41,13,28,26,20,6,7,7,0
S01012520,Oil central heating,3,2,1,2,1,1,1,1,0,0,0,0
S01012520,Solid fuel (for example wood coal) central heating,0,0,0,0,0,0,0,0,0,0,0,0
S01012520,Other central heating,0,0,0,0,0,0,0,0,0,0,0,0
S01012520,Two or more types of central heating,8,2,6,7,1,6,0,0,0,1,1,0
S01012521,All people in households,515,106,409,436,39,397,58,46,12,21,21,0
S01012521,No central heating,2,1,1,1,0,1,0,0,0,1,1,0
S01012521,Gas central heating,457,91,366,392,36,356,52,42,10,13,13,0
S01012521,Electric (including storage heaters) central heating,38,8,30,31,2,29,2,1,1,5,5,0
S01012521,Oil central heating,9,3,6,6,0,6,1,1,0,2,2,0
S01012521,Solid fuel (for example wood coal) central heating,0,0,0,0,0,0,0,0,0,0,0,0
S01012521,Other central heating,0,0,0,0,0,0,0,0,0,0,0,0
S01012521,Two or more types of central heating,9,3,6,6,1,5,3,2,1,0,0,0
S01012522,All people in households,860,151,709,742,61,681,87,59,28,31,31,0
S01012522,No central heating,9,1,8,9,1,8,0,0,0,0,0,0
S01012522,Gas central heating,815,143,672,700,56,644,85,57,28,30,30,0
S01012522,Electric (including storage heaters) central heating,24,6,18,21,3,18,2,2,0,1,1,0
S01012522,Oil central heating,10,1,9,10,1,9,0,0,0,0,0,0
S01012522,Solid fuel (for example wood coal) central heating,0,0,0,0,0,0,0,0,0,0,0,0
S01012522,Other central heating,0,0,0,0,0,0,0,0,0,0,0,0
S01012522,Two or more types of central heating,2,0,2,2,0,2,0,0,0,0,0,0
S01012523,All people in households,864,176,688,715,61,654,121,88,33,28,27,1
S01012523,No central heating,4,1,3,2,0,2,1,0,1,1,1,0
S01012523,Gas central heating,826,166,660,686,58,628,113,82,31,27,26,1
S01012523,Electric (including storage heaters) central heating,21,6,15,16,2,14,5,4,1,0,0,0
S01012523,Oil central heating,0,0,0,0,0,0,0,0,0,0,0,0
S01012523,Solid fuel (for example wood coal) central heating,3,1,2,2,0,2,1,1,0,0,0,0
S01012523,Other central heating,0,0,0,0,0,0,0,0,0,0,0,0
S01012523,Two or more types of central heating,10,2,8,9,1,8,1,1,0,0,0,0
S01012524,All people in households,864,217,647,700,80,620,119,92,27,45,45,0
S01012524,No central heating,15,5,10,6,0,6,6,2,4,3,3,0
S01012524,Gas central heating,775,182,593,645,71,574,93,74,19,37,37,0
S01012524,Electric (including storage heaters) central heating,53,27,26,32,8,24,17,15,2,4,4,0
S01012524,Oil central heating,7,1,6,6,1,5,1,0,1,0,0,0
S01012524,Solid fuel (for example wood coal) central heating,4,2,2,2,0,2,1,1,0,1,1,0
S01012524,Other central heating,0,0,0,0,0,0,0,0,0,0,0,0
S01012524,Two or more types of central heating,10,0,10,9,0,9,1,0,1,0,0,0
S01012525,All people in households,714,126,588,601,43,558,95,66,29,18,17,1
S01012525,No central heating,7,1,6,7,1,6,0,0,0,0,0,0
S01012525,Gas central heating,681,116,565,573,38,535,91,62,29,17,16,1
S01012525,Electric (including storage heaters) central heating,14,6,8,11,3,8,2,2,0,1,1,0
S01012525,Oil central heating,6,1,5,6,1,5,0,0,0,0,0,0
S01012525,Solid fuel (for example wood coal) central heating,0,0,0,0,0,0,0,0,0,0,0,0
S01012525,Other central heating,0,0,0,0,0,0,0,0,0,0,0,0
S01012525,Two or more types of central heating,6,2,4,4,0,4,2,2,0,0,0,0
S01012526,All people in households,775,131,644,665,48,617,80,54,26,30,29,1
S01012526,No central heating,3,0,3,3,0,3,0,0,0,0,0,0
S01012526,Gas central heating,743,125,618,639,48,591,75,49,26,29,28,1
S01012526,Electric (including storage heaters) central heating,11,3,8,8,0,8,3,3,0,0,0,0
S01012526,Oil central heating,7,1,6,6,0,6,0,0,0,1,1,0
S01012526,Solid fuel (for example wood coal) central heating,0,0,0,0,0,0,0,0,0,0,0,0
S01012526,Other central heating,0,0,0,0,0,0,0,0,0,0,0,0
S01012526,Two or more types of central heating,11,2,9,9,0,9,2,2,0,0,0,0
S01012527,All people in households,625,141,484,513,53,460,87,64,23,25,24,1
S01012527,No central heating,0,0,0,0,0,0,0,0,0,0,0,0
S01012527,Gas central heating,583,124,459,478,43,435,84,61,23,21,20,1
S01012527,Electric (including storage heaters) central heating,13,8,5,9,4,5,1,1,0,3,3,0
S01012527,Oil central heating,19,8,11,16,5,11,2,2,0,1,1,0
S01012527,Solid fuel (for example wood coal) central heating,0,0,0,0,0,0,0,0,0,0,0,0
S01012527,Other central heating,0,0,0,0,0,0,0,0,0,0,0,0
S01012527,Two or more types of central heating,10,1,9,10,1,9,0,0,0,0,0,0
S01012528,All people in households,823,174,649,670,57,613,104,70,34,49,47,2
S01012528,No central heating,0,0,0,0,0,0,0,0,0,0,0,0
S01012528,Gas central heating,782,163,619,638,54,584,98,65,33,46,44,2
S01012528,Electric (including storage heaters) central heating,14,6,8,8,1,7,5,4,1,1,1,0
S01012528,Oil central heating,7,0,7,7,0,7,0,0,0,0,0,0
S01012528,Solid fuel (for example wood coal) central heating,6,2,4,5,1,4,0,0,0,1,1,0
S01012528,Other central heating,6,2,4,5,1,4,0,0,0,1,1,0
S01012528,Two or more types of central heating,8,1,7,7,0,7,1,1,0,0,0,0
S01012529,All people in households,712,128,584,599,44,555,83,58,25,30,26,4
S01012529,No central heating,6,1,5,6,1,5,0,0,0,0,0,0
S01012529,Gas central heating,661,114,547,558,39,519,76,52,24,27,23,4
S01012529,Electric (including storage heaters) central heating,21,7,14,16,2,14,3,3,0,2,2,0
S01012529,Oil central heating,0,0,0,0,0,0,0,0,0,0,0,0
S01012529,Solid fuel (for example wood coal) central heating,4,2,2,2,1,1,2,1,1,0,0,0
S01012529,Other central heating,3,0,3,3,0,3,0,0,0,0,0,0
S01012529,Two or more types of central heating,17,4,13,14,1,13,2,2,0,1,1,0
S01012530,All people in households,874,161,713,724,48,676,117,80,37,33,33,0
S01012530,No central heating,6,2,4,2,0,2,4,2,2,0,0,0
S01012530,Gas central heating,841,144,697,706,43,663,106,72,34,29,29,0
S01012530,Electric (including storage heaters) central heating,16,9,7,9,3,6,5,4,1,2,2,0
S01012530,Oil central heating,4,2,2,3,1,2,0,0,0,1,1,0
S01012530,Solid fuel (for example wood coal) central heating,0,0,0,0,0,0,0,0,0,0,0,0
S01012530,Other central heating,0,0,0,0,0,0,0,0,0,0,0,0
S01012530,Two or more types of central heating,7,4,3,4,1,3,2,2,0,1,1,0
S01012531,All people in households,754,126,628,638,36,602,90,64,26,26,26,0
S01012531,No central heating,8,0,8,7,0,7,1,0,1,0,0,0
S01012531,Gas central heating,648,108,540,547,30,517,79,56,23,22,22,0
S01012531,Electric (including storage heaters) central heating,22,4,18,19,1,18,1,1,0,2,2,0
S01012531,Oil central heating,48,8,40,41,3,38,6,4,2,1,1,0
S01012531,Solid fuel (for example wood coal) central heating,2,1,1,2,1,1,0,0,0,0,0,0
S01012531,Other central heating,9,2,7,7,0,7,1,1,0,1,1,0
S01012531,Two or more types of central heating,17,3,14,15,1,14,2,2,0,0,0,0
S01012532,All people in households,788,182,606,634,58,576,103,73,30,51,51,0
S01012532,No central heating,5,2,3,4,1,3,0,0,0,1,1,0
S01012532,Gas central heating,628,156,472,489,44,445,93,66,27,46,46,0
S01012532,Electric (including storage heaters) central heating,26,7,19,23,4,19,1,1,0,2,2,0
S01012532,Oil central heating,103,10,93,95,5,90,7,4,3,1,1,0
S01012532,Solid fuel (for example wood coal) central heating,0,0,0,0,0,0,0,0,0,0,0,0
S01012532,Other central heating,17,4,13,15,2,13,2,2,0,0,0,0
S01012532,Two or more types of central heating,9,3,6,8,2,6,0,0,0,1,1,0
S01012533,All people in households,532,99,433,450,35,415,62,47,15,20,17,3
S01012533,No central heating,6,0,6,5,0,5,0,0,0,1,0,1
S01012533,Gas central heating,509,98,411,428,34,394,62,47,15,19,17,2
S01012533,Electric (including storage heaters) central heating,7,0,7,7,0,7,0,0,0,0,0,0
S01012533,Oil central heating,0,0,0,0,0,0,0,0,0,0,0,0
S01012533,Solid fuel (for example wood coal) central heating,0,0,0,0,0,0,0,0,0,0,0,0
S01012533,Other central heating,5,0,5,5,0,5,0,0,0,0,0,0
S01012533,Two or more types of central heating,5,1,4,5,1,4,0,0,0,0,0,0
S01012534,All people in households,569,138,431,442,30,412,81,64,17,46,44,2
S01012534,No central heating,2,1,1,1,0,1,0,0,0,1,1,0
S01012534,Gas central heating,545,132,413,426,30,396,77,61,16,42,41,1
S01012534,Electric (including storage heaters) central heating,10,3,7,5,0,5,4,3,1,1,0,1
S01012534,Oil central heating,0,0,0,0,0,0,0,0,0,0,0,0
S01012534,Solid fuel (for example wood coal) central heating,2,0,2,2,0,2,0,0,0,0,0,0
S01012534,Other central heating,4,0,4,4,0,4,0,0,0,0,0,0
S01012534,Two or more types of central heating,6,2,4,4,0,4,0,0,0,2,2,0
S01012535,All people in households,818,171,647,662,38,624,104,81,23,52,52,0
S01012535,No central heating,2,0,2,2,0,2,0,0,0,0,0,0
S01012535,Gas central heating,55,10,45,44,1,43,10,8,2,1,1,0
S01012535,Electric (including storage heaters) central heating,199,58,141,144,11,133,38,30,8,17,17,0
S01012535,Oil central heating,481,81,400,407,20,387,46,33,13,28,28,0
S01012535,Solid fuel (for example wood coal) central heating,61,16,45,50,5,45,8,8,0,3,3,0
S01012535,Other central heating,17,3,14,15,1,14,1,1,0,1,1,0
S01012535,Two or more types of central heating,3,3,0,0,0,0,1,1,0,2,2,0
S01012536,All people in households,750,139,611,617,41,576,83,48,35,50,50,0
S01012536,No central heating,14,0,14,13,0,13,1,0,1,0,0,0
S01012536,Gas central heating,451,83,368,375,28,347,50,29,21,26,26,0
S01012536,Electric (including storage heaters) central heating,119,27,92,87,4,83,18,9,9,14,14,0
S01012536,Oil central heating,119,23,96,98,5,93,12,9,3,9,9,0
S01012536,Solid fuel (for example wood coal) central heating,24,4,20,21,2,19,2,1,1,1,1,0
S01012536,Other central heating,13,2,11,13,2,11,0,0,0,0,0,0
S01012536,Two or more types of central heating,10,0,10,10,0,10,0,0,0,0,0,0
S01012537,All people in households,727,191,536,542,39,503,119,86,33,66,66,0
S01012537,No central heating,3,0,3,3,0,3,0,0,0,0,0,0
S01012537,Gas central heating,629,171,458,464,35,429,106,77,29,59,59,0
S01012537,Electric (including storage heaters) central heating,34,8,26,29,3,26,2,2,0,3,3,0
S01012537,Oil central heating,35,6,29,29,1,28,4,3,1,2,2,0
S01012537,Solid fuel (for example wood coal) central heating,13,4,9,6,0,6,5,2,3,2,2,0
S01012537,Other central heating,0,0,0,0,0,0,0,0,0,0,0,0
S01012537,Two or more types of central heating,13,2,11,11,0,11,2,2,0,0,0,0
S01012538,All people in households,1081,235,846,865,60,805,139,101,38,77,74,3
S01012538,No central heating,7,2,5,5,0,5,0,0,0,2,2,0
S01012538,Gas central heating,902,182,720,730,45,685,109,76,33,63,61,2
S01012538,Electric (including storage heaters) central heating,25,5,20,17,0,17,5,2,3,3,3,0
S01012538,Oil central heating,111,39,72,82,13,69,21,19,2,8,7,1
S01012538,Solid fuel (for example wood coal) central heating,23,4,19,20,1,19,2,2,0,1,1,0
S01012538,Other central heating,3,2,1,1,0,1,2,2,0,0,0,0
S01012538,Two or more types of central heating,10,1,9,10,1,9,0,0,0,0,0,0
S01012539,All people in households,701,138,563,562,32,530,96,65,31,43,41,2
S01012539,No central heating,12,0,12,12,0,12,0,0,0,0,0,0
S01012539,Gas central heating,57,8,49,48,0,48,5,4,1,4,4,0
S01012539,Electric (including storage heaters) central heating,120,35,85,90,8,82,22,19,3,8,8,0
S01012539,Oil central heating,411,71,340,338,19,319,50,30,20,23,22,1
S01012539,Solid fuel (for example wood coal) central heating,70,17,53,49,3,46,16,10,6,5,4,1
S01012539,Other central heating,19,4,15,15,1,14,3,2,1,1,1,0
S01012539,Two or more types of central heating,12,3,9,10,1,9,0,0,0,2,2,0
S01012540,All people in households,717,163,554,563,39,524,99,71,28,55,53,2
S01012540,No central heating,4,2,2,2,0,2,0,0,0,2,2,0
S01012540,Gas central heating,25,6,19,20,2,18,3,2,1,2,2,0
S01012540,Electric (including storage heaters) central heating,189,53,136,148,17,131,29,24,5,12,12,0
S01012540,Oil central heating,345,72,273,276,13,263,43,34,9,26,25,1
S01012540,Solid fuel (for example wood coal) central heating,137,26,111,105,6,99,22,11,11,10,9,1
S01012540,Other central heating,9,1,8,8,1,7,1,0,1,0,0,0
S01012540,Two or more types of central heating,8,3,5,4,0,4,1,0,1,3,3,0
S01012541,All people in households,1066,182,884,906,56,850,114,82,32,46,44,2
S01012541,No central heating,7,2,5,6,1,5,0,0,0,1,1,0
S01012541,Gas central heating,155,15,140,142,6,136,11,7,4,2,2,0
S01012541,Electric (including storage heaters) central heating,198,46,152,157,12,145,28,23,5,13,11,2
S01012541,Oil central heating,599,90,509,520,25,495,52,38,14,27,27,0
S01012541,Solid fuel (for example wood coal) central heating,50,14,36,32,4,28,17,9,8,1,1,0
S01012541,Other central heating,13,6,7,9,2,7,3,3,0,1,1,0
S01012541,Two or more types of central heating,44,9,35,40,6,34,3,2,1,1,1,0
S01012542,All people in households,870,174,696,729,60,669,102,75,27,39,39,0
S01012542,No central heating,5,4,1,1,0,1,3,3,0,1,1,0
S01012542,Gas central heating,739,140,599,625,49,576,84,61,23,30,30,0
S01012542,Electric (including storage heaters) central heating,40,8,32,34,3,31,6,5,1,0,0,0
S01012542,Oil central heating,61,19,42,46,6,40,8,6,2,7,7,0
S01012542,Solid fuel (for example wood coal) central heating,6,0,6,6,0,6,0,0,0,0,0,0
S01012542,Other central heating,0,0,0,0,0,0,0,0,0,0,0,0
S01012542,Two or more types of central heating,19,3,16,17,2,15,1,0,1,1,1,0
S01012543,All people in households,686,78,608,609,27,582,59,34,25,18,17,1
S01012543,No central heating,5,0,5,5,0,5,0,0,0,0,0,0
S01012543,Gas central heating,446,47,399,397,17,380,38,20,18,11,10,1
S01012543,Electric (including storage heaters) central heating,30,3,27,28,1,27,2,2,0,0,0,0
S01012543,Oil central heating,167,21,146,147,7,140,14,8,6,6,6,0
S01012543,Solid fuel (for example wood coal) central heating,9,3,6,7,1,6,2,2,0,0,0,0
S01012543,Other central heating,21,2,19,18,0,18,2,1,1,1,1,0
S01012543,Two or more types of central heating,8,2,6,7,1,6,1,1,0,0,0,0
S01012544,All people in households,810,151,659,673,46,627,102,70,32,35,35,0
S01012544,No central heating,10,2,8,7,1,6,3,1,2,0,0,0
S01012544,Gas central heating,647,127,520,532,39,493,84,57,27,31,31,0
S01012544,Electric (including storage heaters) central heating,11,4,7,8,1,7,1,1,0,2,2,0
S01012544,Oil central heating,116,15,101,103,5,98,12,9,3,1,1,0
S01012544,Solid fuel (for example wood coal) central heating,4,1,3,3,0,3,1,1,0,0,0,0
S01012544,Other central heating,0,0,0,0,0,0,0,0,0,0,0,0
S01012544,Two or more types of central heating,22,2,20,20,0,20,1,1,0,1,1,0
S01012545,All people in households,473,103,370,379,37,342,61,36,25,33,30,3
S01012545,No central heating,2,1,1,1,0,1,0,0,0,1,1,0
S01012545,Gas central heating,444,95,349,360,34,326,52,32,20,32,29,3
S01012545,Electric (including storage heaters) central heating,8,5,3,4,3,1,4,2,2,0,0,0
S01012545,Oil central heating,9,0,9,9,0,9,0,0,0,0,0,0
S01012545,Solid fuel (for example wood coal) central heating,0,0,0,0,0,0,0,0,0,0,0,0
S01012545,Other central heating,0,0,0,0,0,0,0,0,0,0,0,0
S01012545,Two or more types of central heating,10,2,8,5,0,5,5,2,3,0,0,0
S01012546,All people in households,807,136,671,672,33,639,85,54,31,50,49,1
S01012546,No central heating,3,0,3,2,0,2,1,0,1,0,0,0
S01012546,Gas central heating,594,105,489,492,24,468,63,43,20,39,38,1
S01012546,Electric (including storage heaters) central heating,72,12,60,58,3,55,8,3,5,6,6,0
S01012546,Oil central heating,111,12,99,99,4,95,9,5,4,3,3,0
S01012546,Solid fuel (for example wood coal) central heating,3,0,3,3,0,3,0,0,0,0,0,0
S01012546,Other central heating,6,1,5,5,0,5,0,0,0,1,1,0
S01012546,Two or more types of central heating,18,6,12,13,2,11,4,3,1,1,1,0
S01012547,All people in households,746,163,583,609,49,560,97,74,23,40,40,0
S01012547,No central heating,4,3,1,1,0,1,2,2,0,1,1,0
S01012547,Gas central heating,709,151,558,583,47,536,89,67,22,37,37,0
S01012547,Electric (including storage heaters) central heating,13,3,10,10,1,9,3,2,1,0,0,0
S01012547,Oil central heating,14,5,9,10,1,9,3,3,0,1,1,0
S01012547,Solid fuel (for example wood coal) central heating,1,1,0,0,0,0,0,0,0,1,1,0
S01012547,Other central heating,0,0,0,0,0,0,0,0,0,0,0,0
S01012547,Two or more types of central heating,5,0,5,5,0,5,0,0,0,0,0,0
S01012548,All people in households,830,163,667,676,46,630,121,86,35,33,31,2
S01012548,No central heating,5,0,5,5,0,5,0,0,0,0,0,0
S01012548,Gas central heating,684,134,550,557,38,519,100,71,29,27,25,2
S01012548,Electric (including storage heaters) central heating,36,9,27,28,2,26,6,5,1,2,2,0
S01012548,Oil central heating,94,19,75,75,5,70,15,10,5,4,4,0
S01012548,Solid fuel (for example wood coal) central heating,0,0,0,0,0,0,0,0,0,0,0,0
S01012548,Other central heating,5,0,5,5,0,5,0,0,0,0,0,0
S01012548,Two or more types of central heating,6,1,5,6,1,5,0,0,0,0,0,0
S01012549,All people in households,545,113,432,426,26,400,85,55,30,34,32,2
S01012549,No central heating,3,0,3,3,0,3,0,0,0,0,0,0
S01012549,Gas central heating,382,85,297,293,18,275,62,41,21,27,26,1
S01012549,Electric (including storage heaters) central heating,157,27,130,128,8,120,23,14,9,6,5,1
S01012549,Oil central heating,2,0,2,2,0,2,0,0,0,0,0,0
S01012549,Solid fuel (for example wood coal) central heating,1,1,0,0,0,0,0,0,0,1,1,0
S01012549,Other central heating,0,0,0,0,0,0,0,0,0,0,0,0
S01012549,Two or more types of central heating,0,0,0,0,0,0,0,0,0,0,0,0
S01012550,All people in households,824,156,668,668,41,627,103,64,39,53,51,2
S01012550,No central heating,3,1,2,1,0,1,2,1,1,0,0,0
S01012550,Gas central heating,764,136,628,630,37,593,93,59,34,41,40,1
S01012550,Electric (including storage heaters) central heating,29,10,19,17,2,15,6,2,4,6,6,0
S01012550,Oil central heating,12,2,10,11,1,10,1,1,0,0,0,0
S01012550,Solid fuel (for example wood coal) central heating,0,0,0,0,0,0,0,0,0,0,0,0
S01012550,Other central heating,0,0,0,0,0,0,0,0,0,0,0,0
S01012550,Two or more types of central heating,16,7,9,9,1,8,1,1,0,6,5,1
S01012551,All people in households,815,120,695,715,40,675,70,52,18,30,28,2
S01012551,No central heating,3,1,2,2,0,2,1,1,0,0,0,0
S01012551,Gas central heating,790,117,673,692,39,653,68,50,18,30,28,2
S01012551,Electric (including storage heaters) central heating,7,0,7,7,0,7,0,0,0,0,0,0
S01012551,Oil central heating,5,0,5,5,0,5,0,0,0,0,0,0
S01012551,Solid fuel (for example wood coal) central heating,0,0,0,0,0,0,0,0,0,0,0,0
S01012551,Other central heating,0,0,0,0,0,0,0,0,0,0,0,0
S01012551,Two or more types of central heating,10,2,8,9,1,8,1,1,0,0,0,0
S01012552,All people in households,905,136,769,789,41,748,91,70,21,25,25,0
S01012552,No central heating,3,0,3,3,0,3,0,0,0,0,0,0
S01012552,Gas central heating,876,132,744,763,40,723,88,67,21,25,25,0
S01012552,Electric (including storage heaters) central heating,16,2,14,15,1,14,1,1,0,0,0,0
S01012552,Oil central heating,6,0,6,6,0,6,0,0,0,0,0,0
S01012552,Solid fuel (for example wood coal) central heating,0,0,0,0,0,0,0,0,0,0,0,0
S01012552,Other central heating,0,0,0,0,0,0,0,0,0,0,0,0
S01012552,Two or more types of central heating,4,2,2,2,0,2,2,2,0,0,0,0
S01012553,All people in households,839,88,751,763,33,730,50,29,21,26,26,0
S01012553,No central heating,14,0,14,14,0,14,0,0,0,0,0,0
S01012553,Gas central heating,762,82,680,690,29,661,47,28,19,25,25,0
S01012553,Electric (including storage heaters) central heating,47,5,42,43,3,40,3,1,2,1,1,0
S01012553,Oil central heating,3,0,3,3,0,3,0,0,0,0,0,0
S01012553,Solid fuel (for example wood coal) central heating,0,0,0,0,0,0,0,0,0,0,0,0
S01012553,Other central heating,0,0,0,0,0,0,0,0,0,0,0,0
S01012553,Two or more types of central heating,13,1,12,13,1,12,0,0,0,0,0,0
S01012554,All people in households,458,50,408,411,19,392,39,25,14,8,6,2
S01012554,No central heating,1,1,0,1,1,0,0,0,0,0,0,0
S01012554,Gas central heating,443,45,398,399,17,382,38,24,14,6,4,2
S01012554,Electric (including storage heaters) central heating,12,2,10,11,1,10,0,0,0,1,1,0
S01012554,Oil central heating,0,0,0,0,0,0,0,0,0,0,0,0
S01012554,Solid fuel (for example wood coal) central heating,0,0,0,0,0,0,0,0,0,0,0,0
S01012554,Other central heating,2,2,0,0,0,0,1,1,0,1,1,0
S01012554,Two or more types of central heating,0,0,0,0,0,0,0,0,0,0,0,0
S01012555,All people in households,541,55,486,489,18,471,47,32,15,5,5,0
S01012555,No central heating,3,1,2,1,0,1,2,1,1,0,0,0
S01012555,Gas central heating,518,50,468,471,16,455,42,29,13,5,5,0
S01012555,Electric (including storage heaters) central heating,8,4,4,5,2,3,3,2,1,0,0,0
S01012555,Oil central heating,3,0,3,3,0,3,0,0,0,0,0,0
S01012555,Solid fuel (for example wood coal) central heating,0,0,0,0,0,0,0,0,0,0,0,0
S01012555,Other central heating,0,0,0,0,0,0,0,0,0,0,0,0
S01012555,Two or more types of central heating,9,0,9,9,0,9,0,0,0,0,0,0
S01012556,All people in households,545,91,454,476,35,441,52,39,13,17,17,0
S01012556,No central heating,0,0,0,0,0,0,0,0,0,0,0,0
S01012556,Gas central heating,527,87,440,463,35,428,50,38,12,14,14,0
S01012556,Electric (including storage heaters) central heating,3,1,2,2,0,2,0,0,0,1,1,0
S01012556,Oil central heating,5,0,5,4,0,4,1,0,1,0,0,0
S01012556,Solid fuel (for example wood coal) central heating,0,0,0,0,0,0,0,0,0,0,0,0
S01012556,Other central heating,0,0,0,0,0,0,0,0,0,0,0,0
S01012556,Two or more types of central heating,10,3,7,7,0,7,1,1,0,2,2,0
S01012557,All people in households,636,103,533,565,46,519,50,36,14,21,21,0
S01012557,No central heating,4,1,3,1,0,1,2,0,2,1,1,0
S01012557,Gas central heating,596,90,506,537,42,495,42,31,11,17,17,0
S01012557,Electric (including storage heaters) central heating,19,6,13,14,2,12,3,2,1,2,2,0
S01012557,Oil central heating,7,3,4,6,2,4,1,1,0,0,0,0
S01012557,Solid fuel (for example wood coal) central heating,0,0,0,0,0,0,0,0,0,0,0,0
S01012557,Other central heating,2,1,1,1,0,1,1,1,0,0,0,0
S01012557,Two or more types of central heating,8,2,6,6,0,6,1,1,0,1,1,0
S01012558,All people in households,577,137,440,463,40,423,79,63,16,35,34,1
S01012558,No central heating,3,1,2,2,0,2,0,0,0,1,1,0
S01012558,Gas central heating,528,126,402,423,37,386,75,60,15,30,29,1
S01012558,Electric (including storage heaters) central heating,40,9,31,33,3,30,3,2,1,4,4,0
S01012558,Oil central heating,0,0,0,0,0,0,0,0,0,0,0,0
S01012558,Solid fuel (for example wood coal) central heating,2,1,1,1,0,1,1,1,0,0,0,0
S01012558,Other central heating,0,0,0,0,0,0,0,0,0,0,0,0
S01012558,Two or more types of central heating,4,0,4,4,0,4,0,0,0,0,0,0
S01012559,All people in households,767,246,521,547,66,481,158,121,37,62,59,3
S01012559,No central heating,3,0,3,2,0,2,1,0,1,0,0,0
S01012559,Gas central heating,517,161,356,365,38,327,107,81,26,45,42,3
S01012559,Electric (including storage heaters) central heating,224,77,147,163,25,138,47,38,9,14,14,0
S01012559,Oil central heating,4,2,2,4,2,2,0,0,0,0,0,0
S01012559,Solid fuel (for example wood coal) central heating,5,1,4,3,0,3,2,1,1,0,0,0
S01012559,Other central heating,0,0,0,0,0,0,0,0,0,0,0,0
S01012559,Two or more types of central heating,14,5,9,10,1,9,1,1,0,3,3,0
S01012560,All people in households,562,131,431,436,34,402,88,60,28,38,37,1
S01012560,No central heating,4,0,4,4,0,4,0,0,0,0,0,0
S01012560,Gas central heating,527,122,405,411,32,379,82,56,26,34,34,0
S01012560,Electric (including storage heaters) central heating,22,6,16,16,2,14,4,2,2,2,2,0
S01012560,Oil central heating,4,0,4,3,0,3,0,0,0,1,0,1
S01012560,Solid fuel (for example wood coal) central heating,0,0,0,0,0,0,0,0,0,0,0,0
S01012560,Other central heating,2,1,1,1,0,1,0,0,0,1,1,0
S01012560,Two or more types of central heating,3,2,1,1,0,1,2,2,0,0,0,0
S01012561,All people in households,757,181,576,596,51,545,111,80,31,50,50,0
S01012561,No central heating,7,2,5,5,0,5,0,0,0,2,2,0
S01012561,Gas central heating,717,172,545,568,49,519,102,76,26,47,47,0
S01012561,Electric (including storage heaters) central heating,6,2,4,3,0,3,2,1,1,1,1,0
S01012561,Oil central heating,3,1,2,3,1,2,0,0,0,0,0,0
S01012561,Solid fuel (for example wood coal) central heating,0,0,0,0,0,0,0,0,0,0,0,0
S01012561,Other central heating,0,0,0,0,0,0,0,0,0,0,0,0
S01012561,Two or more types of central heating,24,4,20,17,1,16,7,3,4,0,0,0
S01012562,All people in households,747,182,565,581,46,535,113,84,29,53,52,1
S01012562,No central heating,10,4,6,7,1,6,1,1,0,2,2,0
S01012562,Gas central heating,677,166,511,530,43,487,97,74,23,50,49,1
S01012562,Electric (including storage heaters) central heating,39,10,29,30,2,28,9,8,1,0,0,0
S01012562,Oil central heating,0,0,0,0,0,0,0,0,0,0,0,0
S01012562,Solid fuel (for example wood coal) central heating,1,0,1,0,0,0,1,0,1,0,0,0
S01012562,Other central heating,3,0,3,2,0,2,1,0,1,0,0,0
S01012562,Two or more types of central heating,17,2,15,12,0,12,4,1,3,1,1,0
S01012563,All people in households,630,103,527,555,44,511,53,37,16,22,22,0
S01012563,No central heating,7,4,3,3,1,2,3,2,1,1,1,0
S01012563,Gas central heating,596,92,504,528,39,489,47,32,15,21,21,0
S01012563,Electric (including storage heaters) central heating,11,2,9,10,1,9,1,1,0,0,0,0
S01012563,Oil central heating,11,4,7,9,2,7,2,2,0,0,0,0
S01012563,Solid fuel (for example wood coal) central heating,0,0,0,0,0,0,0,0,0,0,0,0
S01012563,Other central heating,0,0,0,0,0,0,0,0,0,0,0,0
S01012563,Two or more types of central heating,5,1,4,5,1,4,0,0,0,0,0,0
S01012564,All people in households,824,149,675,722,69,653,74,52,22,28,28,0
S01012564,No central heating,0,0,0,0,0,0,0,0,0,0,0,0
S01012564,Gas central heating,803,143,660,703,65,638,72,50,22,28,28,0
S01012564,Electric (including storage heaters) central heating,6,3,3,5,2,3,1,1,0,0,0,0
S01012564,Oil central heating,2,0,2,2,0,2,0,0,0,0,0,0
S01012564,Solid fuel (for example wood coal) central heating,0,0,0,0,0,0,0,0,0,0,0,0
S01012564,Other central heating,0,0,0,0,0,0,0,0,0,0,0,0
S01012564,Two or more types of central heating,13,3,10,12,2,10,1,1,0,0,0,0
S01012565,All people in households,779,187,592,634,68,566,104,79,25,41,40,1
S01012565,No central heating,5,3,2,3,1,2,2,2,0,0,0,0
S01012565,Gas central heating,708,148,560,594,54,540,83,63,20,31,31,0
S01012565,Electric (including storage heaters) central heating,51,29,22,26,9,17,17,13,4,8,7,1
S01012565,Oil central heating,6,4,2,5,3,2,0,0,0,1,1,0
S01012565,Solid fuel (for example wood coal) central heating,2,1,1,1,0,1,1,1,0,0,0,0
S01012565,Other central heating,2,0,2,2,0,2,0,0,0,0,0,0
S01012565,Two or more types of central heating,5,2,3,3,1,2,1,0,1,1,1,0
S01012566,All people in households,716,173,543,553,46,507,116,81,35,47,46,1
S01012566,No central heating,19,6,13,16,4,12,2,1,1,1,1,0
S01012566,Gas central heating,570,126,444,453,34,419,81,57,24,36,35,1
S01012566,Electric (including storage heaters) central heating,114,39,75,76,7,69,29,23,6,9,9,0
S01012566,Oil central heating,2,1,1,0,0,0,1,0,1,1,1,0
S01012566,Solid fuel (for example wood coal) central heating,0,0,0,0,0,0,0,0,0,0,0,0
S01012566,Other central heating,1,0,1,0,0,0,1,0,1,0,0,0
S01012566,Two or more types of central heating,10,1,9,8,1,7,2,0,2,0,0,0
S01012567,All people in households,1010,213,797,812,51,761,129,96,33,69,66,3
S01012567,No central heating,13,4,9,8,0,8,2,1,1,3,3,0
S01012567,Gas central heating,861,160,701,719,44,675,95,72,23,47,44,3
S01012567,Electric (including storage heaters) central heating,105,42,63,60,6,54,30,21,9,15,15,0
S01012567,Oil central heating,6,1,5,5,0,5,1,1,0,0,0,0
S01012567,Solid fuel (for example wood coal) central heating,2,1,1,1,0,1,0,0,0,1,1,0
S01012567,Other central heating,0,0,0,0,0,0,0,0,0,0,0,0
S01012567,Two or more types of central heating,23,5,18,19,1,18,1,1,0,3,3,0
S01012568,All people in households,617,107,510,513,32,481,80,51,29,24,24,0
S01012568,No central heating,7,2,5,4,1,3,3,1,2,0,0,0
S01012568,Gas central heating,569,88,481,487,29,458,64,41,23,18,18,0
S01012568,Electric (including storage heaters) central heating,37,15,22,20,1,19,12,9,3,5,5,0
S01012568,Oil central heating,0,0,0,0,0,0,0,0,0,0,0,0
S01012568,Solid fuel (for example wood coal) central heating,0,0,0,0,0,0,0,0,0,0,0,0
S01012568,Other central heating,2,1,1,0,0,0,1,0,1,1,1,0
S01012568,Two or more types of central heating,2,1,1,2,1,1,0,0,0,0,0,0
S01012569,All people in households,738,120,618,654,54,600,66,48,18,18,18,0
S01012569,No central heating,6,2,4,5,1,4,1,1,0,0,0,0
S01012569,Gas central heating,692,109,583,616,51,565,59,41,18,17,17,0
S01012569,Electric (including storage heaters) central heating,15,2,13,13,0,13,2,2,0,0,0,0
S01012569,Oil central heating,10,3,7,8,1,7,2,2,0,0,0,0
S01012569,Solid fuel (for example wood coal) central heating,0,0,0,0,0,0,0,0,0,0,0,0
S01012569,Other central heating,0,0,0,0,0,0,0,0,0,0,0,0
S01012569,Two or more types of central heating,15,4,11,12,1,11,2,2,0,1,1,0
S01012570,All people in households,454,87,367,375,25,350,56,39,17,23,23,0
S01012570,No central heating,5,1,4,5,1,4,0,0,0,0,0,0
S01012570,Gas central heating,49,11,38,38,3,35,6,3,3,5,5,0
S01012570,Electric (including storage heaters) central heating,63,10,53,52,0,52,6,5,1,5,5,0
S01012570,Oil central heating,240,40,200,205,13,192,26,18,8,9,9,0
S01012570,Solid fuel (for example wood coal) central heating,56,17,39,39,5,34,14,9,5,3,3,0
S01012570,Other central heating,11,2,9,10,1,9,1,1,0,0,0,0
S01012570,Two or more types of central heating,30,6,24,26,2,24,3,3,0,1,1,0
S01012571,All people in households,807,172,635,655,49,606,110,82,28,42,41,1
S01012571,No central heating,37,10,27,30,5,25,4,2,2,3,3,0
S01012571,Gas central heating,78,12,66,67,2,65,8,7,1,3,3,0
S01012571,Electric (including storage heaters) central heating,99,38,61,62,8,54,30,23,7,7,7,0
S01012571,Oil central heating,420,72,348,363,25,338,41,32,9,16,15,1
S01012571,Solid fuel (for example wood coal) central heating,105,26,79,79,5,74,17,12,5,9,9,0
S01012571,Other central heating,31,5,26,25,1,24,4,2,2,2,2,0
S01012571,Two or more types of central heating,37,9,28,29,3,26,6,4,2,2,2,0
S01012572,All people in households,514,93,421,423,23,400,63,43,20,28,27,1
S01012572,No central heating,11,6,5,5,1,4,3,2,1,3,3,0
S01012572,Gas central heating,76,8,68,69,2,67,5,4,1,2,2,0
S01012572,Electric (including storage heaters) central heating,102,28,74,76,6,70,16,12,4,10,10,0
S01012572,Oil central heating,271,37,234,231,9,222,32,21,11,8,7,1
S01012572,Solid fuel (for example wood coal) central heating,38,9,29,32,4,28,3,2,1,3,3,0
S01012572,Other central heating,8,3,5,6,1,5,1,1,0,1,1,0
S01012572,Two or more types of central heating,8,2,6,4,0,4,3,1,2,1,1,0
S01012573,All people in households,821,134,687,708,44,664,80,58,22,33,32,1
S01012573,No central heating,13,1,12,12,0,12,0,0,0,1,1,0
S01012573,Gas central heating,135,20,115,118,6,112,14,11,3,3,3,0
S01012573,Electric (including storage heaters) central heating,31,8,23,27,4,23,2,2,0,2,2,0
S01012573,Oil central heating,483,78,405,417,27,390,47,32,15,19,19,0
S01012573,Solid fuel (for example wood coal) central heating,76,13,63,66,5,61,7,5,2,3,3,0
S01012573,Other central heating,41,7,34,35,1,34,5,5,0,1,1,0
S01012573,Two or more types of central heating,42,7,35,33,1,32,5,3,2,4,3,1
S01012574,All people in households,886,152,734,771,68,703,80,49,31,35,35,0
S01012574,No central heating,9,1,8,8,0,8,1,1,0,0,0,0
S01012574,Gas central heating,165,25,140,149,13,136,12,8,4,4,4,0
S01012574,Electric (including storage heaters) central heating,140,38,102,108,17,91,23,12,11,9,9,0
S01012574,Oil central heating,462,73,389,408,32,376,36,23,13,18,18,0
S01012574,Solid fuel (for example wood coal) central heating,34,6,28,30,2,28,3,3,0,1,1,0
S01012574,Other central heating,60,8,52,54,4,50,4,2,2,2,2,0
S01012574,Two or more types of central heating,16,1,15,14,0,14,1,0,1,1,1,0
S01012575,All people in households,655,107,548,573,45,528,60,41,19,22,21,1
S01012575,No central heating,18,4,14,12,2,10,4,1,3,2,1,1
S01012575,Gas central heating,216,38,178,194,19,175,18,15,3,4,4,0
S01012575,Electric (including storage heaters) central heating,106,16,90,90,3,87,10,7,3,6,6,0
S01012575,Oil central heating,263,45,218,228,18,210,25,17,8,10,10,0
S01012575,Solid fuel (for example wood coal) central heating,22,1,21,20,0,20,2,1,1,0,0,0
S01012575,Other central heating,15,2,13,15,2,13,0,0,0,0,0,0
S01012575,Two or more types of central heating,15,1,14,14,1,13,1,0,1,0,0,0
S01012576,All people in households,751,123,628,643,48,595,86,54,32,22,21,1
S01012576,No central heating,6,4,2,3,1,2,1,1,0,2,2,0
S01012576,Gas central heating,641,91,550,557,35,522,70,42,28,14,14,0
S01012576,Electric (including storage heaters) central heating,40,15,25,27,6,21,10,7,3,3,2,1
S01012576,Oil central heating,41,9,32,37,6,31,3,2,1,1,1,0
S01012576,Solid fuel (for example wood coal) central heating,10,2,8,8,0,8,0,0,0,2,2,0
S01012576,Other central heating,2,0,2,2,0,2,0,0,0,0,0,0
S01012576,Two or more types of central heating,11,2,9,9,0,9,2,2,0,0,0,0
S01012577,All people in households,768,119,649,677,48,629,69,49,20,22,22,0
S01012577,No central heating,9,0,9,9,0,9,0,0,0,0,0,0
S01012577,Gas central heating,475,77,398,416,28,388,43,33,10,16,16,0
S01012577,Electric (including storage heaters) central heating,40,12,28,33,5,28,3,3,0,4,4,0
S01012577,Oil central heating,156,18,138,140,7,133,15,10,5,1,1,0
S01012577,Solid fuel (for example wood coal) central heating,31,3,28,26,2,24,4,0,4,1,1,0
S01012577,Other central heating,19,4,15,18,4,14,1,0,1,0,0,0
S01012577,Two or more types of central heating,38,5,33,35,2,33,3,3,0,0,0,0
S01012578,All people in households,936,220,716,754,68,686,141,111,30,41,41,0
S01012578,No central heating,19,1,18,17,1,16,2,0,2,0,0,0
S01012578,Gas central heating,720,160,560,588,49,539,105,84,21,27,27,0
S01012578,Electric (including storage heaters) central heating,95,27,68,68,5,63,20,15,5,7,7,0
S01012578,Oil central heating,61,12,49,53,5,48,6,5,1,2,2,0
S01012578,Solid fuel (for example wood coal) central heating,7,3,4,4,0,4,2,2,0,1,1,0
S01012578,Other central heating,12,7,5,6,1,5,3,3,0,3,3,0
S01012578,Two or more types of central heating,22,10,12,18,7,11,3,2,1,1,1,0
S01012579,All people in households,718,121,597,611,39,572,78,53,25,29,29,0
S01012579,No central heating,14,2,12,12,0,12,2,2,0,0,0,0
S01012579,Gas central heating,175,32,143,147,10,137,22,16,6,6,6,0
S01012579,Electric (including storage heaters) central heating,154,29,125,128,6,122,17,14,3,9,9,0
S01012579,Oil central heating,283,38,245,251,16,235,25,15,10,7,7,0
S01012579,Solid fuel (for example wood coal) central heating,48,11,37,33,1,32,10,5,5,5,5,0
S01012579,Other central heating,36,7,29,33,5,28,2,1,1,1,1,0
S01012579,Two or more types of central heating,8,2,6,7,1,6,0,0,0,1,1,0
S01012580,All people in households,753,111,642,671,47,624,60,42,18,22,22,0
S01012580,No central heating,24,2,22,19,0,19,4,1,3,1,1,0
S01012580,Gas central heating,95,14,81,85,6,79,6,4,2,4,4,0
S01012580,Electric (including storage heaters) central heating,72,14,58,60,3,57,7,6,1,5,5,0
S01012580,Oil central heating,386,48,338,358,25,333,23,18,5,5,5,0
S01012580,Solid fuel (for example wood coal) central heating,101,17,84,86,5,81,9,6,3,6,6,0
S01012580,Other central heating,40,10,30,32,4,28,7,5,2,1,1,0
S01012580,Two or more types of central heating,35,6,29,31,4,27,4,2,2,0,0,0
S01012581,All people in households,747,151,596,598,41,557,103,67,36,46,43,3
S01012581,No central heating,6,2,4,3,0,3,1,0,1,2,2,0
S01012581,Gas central heating,55,5,50,49,1,48,5,3,2,1,1,0
S01012581,Electric (including storage heaters) central heating,230,70,160,160,20,140,51,33,18,19,17,2
S01012581,Oil central heating,243,38,205,209,14,195,26,16,10,8,8,0
S01012581,Solid fuel (for example wood coal) central heating,173,31,142,142,5,137,18,14,4,13,12,1
S01012581,Other central heating,30,5,25,26,1,25,1,1,0,3,3,0
S01012581,Two or more types of central heating,10,0,10,9,0,9,1,0,1,0,0,0
S01012582,All people in households,919,137,782,801,44,757,82,57,25,36,36,0
S01012582,No central heating,14,0,14,14,0,14,0,0,0,0,0,0
S01012582,Gas central heating,207,30,177,182,10,172,21,16,5,4,4,0
S01012582,Electric (including storage heaters) central heating,202,33,169,173,11,162,19,12,7,10,10,0
S01012582,Oil central heating,359,48,311,316,15,301,30,20,10,13,13,0
S01012582,Solid fuel (for example wood coal) central heating,42,16,26,33,8,25,5,4,1,4,4,0
S01012582,Other central heating,58,6,52,52,0,52,3,3,0,3,3,0
S01012582,Two or more types of central heating,37,4,33,31,0,31,4,2,2,2,2,0
S01012583,All people in households,689,159,530,542,46,496,107,73,34,40,40,0
S01012583,No central heating,6,4,2,2,0,2,2,2,0,2,2,0
S01012583,Gas central heating,30,4,26,26,1,25,3,2,1,1,1,0
S01012583,Electric (including storage heaters) central heating,243,64,179,178,15,163,50,34,16,15,15,0
S01012583,Oil central heating,298,58,240,253,25,228,30,18,12,15,15,0
S01012583,Solid fuel (for example wood coal) central heating,87,21,66,66,3,63,15,12,3,6,6,0
S01012583,Other central heating,18,7,11,12,2,10,5,4,1,1,1,0
S01012583,Two or more types of central heating,7,1,6,5,0,5,2,1,1,0,0,0
S01012584,All people in households,737,149,588,588,41,547,104,65,39,45,43,2
S01012584,No central heating,15,3,12,12,0,12,0,0,0,3,3,0
S01012584,Gas central heating,62,8,54,51,1,50,8,4,4,3,3,0
S01012584,Electric (including storage heaters) central heating,211,59,152,150,12,138,43,30,13,18,17,1
S01012584,Oil central heating,348,65,283,289,21,268,42,28,14,17,16,1
S01012584,Solid fuel (for example wood coal) central heating,50,8,42,41,3,38,5,1,4,4,4,0
S01012584,Other central heating,37,6,31,33,4,29,4,2,2,0,0,0
S01012584,Two or more types of central heating,14,0,14,12,0,12,2,0,2,0,0,0
S01012585,All people in households,833,171,662,673,52,621,108,68,40,52,51,1
S01012585,No central heating,22,6,16,16,2,14,5,3,2,1,1,0
S01012585,Gas central heating,32,11,21,23,3,20,4,3,1,5,5,0
S01012585,Electric (including storage heaters) central heating,385,85,300,296,20,276,58,34,24,31,31,0
S01012585,Oil central heating,232,41,191,202,14,188,21,18,3,9,9,0
S01012585,Solid fuel (for example wood coal) central heating,128,21,107,109,10,99,15,7,8,4,4,0
S01012585,Other central heating,10,3,7,7,2,5,2,1,1,1,0,1
S01012585,Two or more types of central heating,24,4,20,20,1,19,3,2,1,1,1,0
S01012586,All people in households,808,116,692,694,28,666,79,55,24,35,33,2
S01012586,No central heating,3,1,2,2,0,2,1,1,0,0,0,0
S01012586,Gas central heating,89,15,74,77,4,73,10,9,1,2,2,0
S01012586,Electric (including storage heaters) central heating,24,8,16,18,2,16,6,6,0,0,0,0
S01012586,Oil central heating,605,79,526,524,17,507,50,33,17,31,29,2
S01012586,Solid fuel (for example wood coal) central heating,37,6,31,28,1,27,7,3,4,2,2,0
S01012586,Other central heating,28,4,24,23,1,22,5,3,2,0,0,0
S01012586,Two or more types of central heating,22,3,19,22,3,19,0,0,0,0,0,0
S01012587,All people in households,862,146,716,726,42,684,103,71,32,33,33,0
S01012587,No central heating,0,0,0,0,0,0,0,0,0,0,0,0
S01012587,Gas central heating,111,22,89,93,8,85,15,11,4,3,3,0
S01012587,Electric (including storage heaters) central heating,42,7,35,32,1,31,8,4,4,2,2,0
S01012587,Oil central heating,591,95,496,502,27,475,69,48,21,20,20,0
S01012587,Solid fuel (for example wood coal) central heating,46,16,30,34,4,30,5,5,0,7,7,0
S01012587,Other central heating,46,3,43,41,1,40,5,2,3,0,0,0
S01012587,Two or more types of central heating,26,3,23,24,1,23,1,1,0,1,1,0
S01012588,All people in households,637,110,527,523,28,495,80,48,32,34,34,0
S01012588,No central heating,6,1,5,4,1,3,2,0,2,0,0,0
S01012588,Gas central heating,78,18,60,60,3,57,10,7,3,8,8,0
S01012588,Electric (including storage heaters) central heating,45,16,29,28,3,25,10,6,4,7,7,0
S01012588,Oil central heating,383,46,337,332,13,319,41,23,18,10,10,0
S01012588,Solid fuel (for example wood coal) central heating,53,18,35,42,8,34,8,7,1,3,3,0
S01012588,Other central heating,39,6,33,31,0,31,4,2,2,4,4,0
S01012588,Two or more types of central heating,33,5,28,26,0,26,5,3,2,2,2,0
S01012589,All people in households,688,172,516,521,49,472,122,81,41,45,42,3
S01012589,No central heating,8,3,5,6,1,5,2,2,0,0,0,0
S01012589,Gas central heating,40,10,30,32,3,29,5,4,1,3,3,0
S01012589,Electric (including storage heaters) central heating,257,68,189,181,18,163,57,33,24,19,17,2
S01012589,Oil central heating,284,68,216,225,20,205,42,32,10,17,16,1
S01012589,Solid fuel (for example wood coal) central heating,86,20,66,64,4,60,16,10,6,6,6,0
S01012589,Other central heating,9,1,8,9,1,8,0,0,0,0,0,0
S01012589,Two or more types of central heating,4,2,2,4,2,2,0,0,0,0,0,0
S01012590,All people in households,777,209,568,567,50,517,148,98,50,62,61,1
S01012590,No central heating,4,3,1,4,3,1,0,0,0,0,0,0
S01012590,Gas central heating,28,7,21,22,2,20,5,4,1,1,1,0
S01012590,Electric (including storage heaters) central heating,233,74,159,160,16,144,49,34,15,24,24,0
S01012590,Oil central heating,357,83,274,275,21,254,57,38,19,25,24,1
S01012590,Solid fuel (for example wood coal) central heating,117,34,83,75,6,69,31,17,14,11,11,0
S01012590,Other central heating,31,6,25,25,1,24,5,4,1,1,1,0
S01012590,Two or more types of central heating,7,2,5,6,1,5,1,1,0,0,0,0
S01012591,All people in households,792,230,562,556,55,501,169,109,60,67,66,1
S01012591,No central heating,1,0,1,1,0,1,0,0,0,0,0,0
S01012591,Gas central heating,20,11,9,15,6,9,4,4,0,1,1,0
S01012591,Electric (including storage heaters) central heating,342,106,236,234,27,207,79,50,29,29,29,0
S01012591,Oil central heating,248,63,185,182,11,171,44,30,14,22,22,0
S01012591,Solid fuel (for example wood coal) central heating,174,47,127,120,10,110,41,25,16,13,12,1
S01012591,Other central heating,5,2,3,4,1,3,0,0,0,1,1,0
S01012591,Two or more types of central heating,2,1,1,0,0,0,1,0,1,1,1,0
S01012592,All people in households,568,83,485,497,29,468,53,37,16,18,17,1
S01012592,No central heating,1,1,0,1,1,0,0,0,0,0,0,0
S01012592,Gas central heating,458,67,391,401,20,381,42,32,10,15,15,0
S01012592,Electric (including storage heaters) central heating,2,2,0,1,1,0,1,1,0,0,0,0
S01012592,Oil central heating,83,8,75,72,3,69,8,3,5,3,2,1
S01012592,Solid fuel (for example wood coal) central heating,0,0,0,0,0,0,0,0,0,0,0,0
S01012592,Other central heating,5,2,3,5,2,3,0,0,0,0,0,0
S01012592,Two or more types of central heating,19,3,16,17,2,15,2,1,1,0,0,0
S01012593,All people in households,823,116,707,720,36,684,73,50,23,30,30,0
S01012593,No central heating,1,1,0,0,0,0,0,0,0,1,1,0
S01012593,Gas central heating,770,105,665,677,33,644,67,46,21,26,26,0
S01012593,Electric (including storage heaters) central heating,9,3,6,7,1,6,2,2,0,0,0,0
S01012593,Oil central heating,12,1,11,9,0,9,3,1,2,0,0,0
S01012593,Solid fuel (for example wood coal) central heating,6,1,5,5,0,5,0,0,0,1,1,0
S01012593,Other central heating,4,1,3,3,0,3,0,0,0,1,1,0
S01012593,Two or more types of central heating,21,4,17,19,2,17,1,1,0,1,1,0
S01012594,All people in households,470,95,375,376,27,349,65,40,25,29,28,1
S01012594,No central heating,9,0,9,9,0,9,0,0,0,0,0,0
S01012594,Gas central heating,417,87,330,331,25,306,61,38,23,25,24,1
S01012594,Electric (including storage heaters) central heating,26,5,21,22,2,20,3,2,1,1,1,0
S01012594,Oil central heating,6,1,5,5,0,5,0,0,0,1,1,0
S01012594,Solid fuel (for example wood coal) central heating,8,2,6,5,0,5,1,0,1,2,2,0
S01012594,Other central heating,4,0,4,4,0,4,0,0,0,0,0,0
S01012594,Two or more types of central heating,0,0,0,0,0,0,0,0,0,0,0,0
S01012595,All people in households,616,148,468,467,35,432,99,66,33,50,47,3
S01012595,No central heating,1,1,0,0,0,0,0,0,0,1,1,0
S01012595,Gas central heating,511,121,390,393,31,362,78,51,27,40,39,1
S01012595,Electric (including storage heaters) central heating,55,13,42,39,3,36,12,7,5,4,3,1
S01012595,Oil central heating,12,5,7,7,0,7,3,3,0,2,2,0
S01012595,Solid fuel (for example wood coal) central heating,20,7,13,13,1,12,6,5,1,1,1,0
S01012595,Other central heating,6,1,5,4,0,4,0,0,0,2,1,1
S01012595,Two or more types of central heating,11,0,11,11,0,11,0,0,0,0,0,0
S01012596,All people in households,788,175,613,620,50,570,112,71,41,56,54,2
S01012596,No central heating,0,0,0,0,0,0,0,0,0,0,0,0
S01012596,Gas central heating,532,108,424,429,30,399,70,46,24,33,32,1
S01012596,Electric (including storage heaters) central heating,210,54,156,158,17,141,34,20,14,18,17,1
S01012596,Oil central heating,3,1,2,1,0,1,1,0,1,1,1,0
S01012596,Solid fuel (for example wood coal) central heating,27,9,18,17,1,16,6,4,2,4,4,0
S01012596,Other central heating,0,0,0,0,0,0,0,0,0,0,0,0
S01012596,Two or more types of central heating,16,3,13,15,2,13,1,1,0,0,0,0
S01012597,All people in households,472,52,420,414,15,399,44,23,21,14,14,0
S01012597,No central heating,0,0,0,0,0,0,0,0,0,0,0,0
S01012597,Gas central heating,411,41,370,365,13,352,33,15,18,13,13,0
S01012597,Electric (including storage heaters) central heating,31,11,20,21,2,19,9,8,1,1,1,0
S01012597,Oil central heating,0,0,0,0,0,0,0,0,0,0,0,0
S01012597,Solid fuel (for example wood coal) central heating,13,0,13,11,0,11,2,0,2,0,0,0
S01012597,Other central heating,0,0,0,0,0,0,0,0,0,0,0,0
S01012597,Two or more types of central heating,17,0,17,17,0,17,0,0,0,0,0,0
S01012598,All people in households,661,104,557,574,33,541,57,41,16,30,30,0
S01012598,No central heating,7,0,7,7,0,7,0,0,0,0,0,0
S01012598,Gas central heating,593,86,507,525,30,495,46,34,12,22,22,0
S01012598,Electric (including storage heaters) central heating,33,12,21,19,2,17,10,6,4,4,4,0
S01012598,Oil central heating,15,4,11,12,1,11,0,0,0,3,3,0
S01012598,Solid fuel (for example wood coal) central heating,0,0,0,0,0,0,0,0,0,0,0,0
S01012598,Other central heating,2,0,2,2,0,2,0,0,0,0,0,0
S01012598,Two or more types of central heating,11,2,9,9,0,9,1,1,0,1,1,0
S01012599,All people in households,660,141,519,534,41,493,83,58,25,43,42,1
S01012599,No central heating,10,3,7,6,0,6,2,1,1,2,2,0
S01012599,Gas central heating,504,105,399,415,33,382,61,45,16,28,27,1
S01012599,Electric (including storage heaters) central heating,96,21,75,71,3,68,16,9,7,9,9,0
S01012599,Oil central heating,37,8,29,31,3,28,3,2,1,3,3,0
S01012599,Solid fuel (for example wood coal) central heating,0,0,0,0,0,0,0,0,0,0,0,0
S01012599,Other central heating,3,2,1,2,1,1,0,0,0,1,1,0
S01012599,Two or more types of central heating,10,2,8,9,1,8,1,1,0,0,0,0
S01012600,All people in households,692,95,597,595,26,569,78,50,28,19,19,0
S01012600,No central heating,5,1,4,4,0,4,1,1,0,0,0,0
S01012600,Gas central heating,624,82,542,539,23,516,70,44,26,15,15,0
S01012600,Electric (including storage heaters) central heating,46,5,41,41,2,39,4,2,2,1,1,0
S01012600,Oil central heating,13,4,9,10,1,9,1,1,0,2,2,0
S01012600,Solid fuel (for example wood coal) central heating,0,0,0,0,0,0,0,0,0,0,0,0
S01012600,Other central heating,1,0,1,1,0,1,0,0,0,0,0,0
S01012600,Two or more types of central heating,3,3,0,0,0,0,2,2,0,1,1,0
S01012601,All people in households,889,132,757,784,51,733,77,53,24,28,28,0
S01012601,No central heating,1,0,1,1,0,1,0,0,0,0,0,0
S01012601,Gas central heating,847,122,725,749,46,703,71,49,22,27,27,0
S01012601,Electric (including storage heaters) central heating,30,9,21,24,5,19,5,3,2,1,1,0
S01012601,Oil central heating,6,0,6,6,0,6,0,0,0,0,0,0
S01012601,Solid fuel (for example wood coal) central heating,0,0,0,0,0,0,0,0,0,0,0,0
S01012601,Other central heating,0,0,0,0,0,0,0,0,0,0,0,0
S01012601,Two or more types of central heating,5,1,4,4,0,4,1,1,0,0,0,0
S01012602,All people in households,558,178,380,386,33,353,113,89,24,59,56,3
S01012602,No central heating,0,0,0,0,0,0,0,0,0,0,0,0
S01012602,Gas central heating,384,99,285,291,22,269,57,44,13,36,33,3
S01012602,Electric (including storage heaters) central heating,156,76,80,82,11,71,52,43,9,22,22,0
S01012602,Oil central heating,7,0,7,7,0,7,0,0,0,0,0,0
S01012602,Solid fuel (for example wood coal) central heating,0,0,0,0,0,0,0,0,0,0,0,0
S01012602,Other central heating,0,0,0,0,0,0,0,0,0,0,0,0
S01012602,Two or more types of central heating,11,3,8,6,0,6,4,2,2,1,1,0
S01012603,All people in households,650,179,471,464,34,430,122,82,40,64,63,1
S01012603,No central heating,4,0,4,4,0,4,0,0,0,0,0,0
S01012603,Gas central heating,495,139,356,359,30,329,91,65,26,45,44,1
S01012603,Electric (including storage heaters) central heating,111,30,81,73,2,71,24,14,10,14,14,0
S01012603,Oil central heating,14,4,10,10,1,9,1,0,1,3,3,0
S01012603,Solid fuel (for example wood coal) central heating,11,1,10,9,0,9,1,0,1,1,1,0
S01012603,Other central heating,5,0,5,5,0,5,0,0,0,0,0,0
S01012603,Two or more types of central heating,10,5,5,4,1,3,5,3,2,1,1,0
S01012604,All people in households,664,151,513,525,48,477,92,57,35,47,46,1
S01012604,No central heating,4,0,4,4,0,4,0,0,0,0,0,0
S01012604,Gas central heating,170,39,131,139,16,123,21,13,8,10,10,0
S01012604,Electric (including storage heaters) central heating,437,101,336,339,28,311,62,38,24,36,35,1
S01012604,Oil central heating,20,3,17,17,1,16,3,2,1,0,0,0
S01012604,Solid fuel (for example wood coal) central heating,4,1,3,4,1,3,0,0,0,0,0,0
S01012604,Other central heating,18,5,13,12,1,11,5,3,2,1,1,0
S01012604,Two or more types of central heating,11,2,9,10,1,9,1,1,0,0,0,0
S01012605,All people in households,515,122,393,406,34,372,79,59,20,30,29,1
S01012605,No central heating,2,1,1,0,0,0,2,1,1,0,0,0
S01012605,Gas central heating,399,92,307,320,26,294,58,46,12,21,20,1
S01012605,Electric (including storage heaters) central heating,80,20,60,57,3,54,15,9,6,8,8,0
S01012605,Oil central heating,12,1,11,11,1,10,1,0,1,0,0,0
S01012605,Solid fuel (for example wood coal) central heating,6,1,5,6,1,5,0,0,0,0,0,0
S01012605,Other central heating,4,3,1,2,1,1,1,1,0,1,1,0
S01012605,Two or more types of central heating,12,4,8,10,2,8,2,2,0,0,0,0
S01012606,All people in households,782,49,733,751,29,722,25,14,11,6,6,0
S01012606,No central heating,0,0,0,0,0,0,0,0,0,0,0,0
S01012606,Gas central heating,765,47,718,734,27,707,25,14,11,6,6,0
S01012606,Electric (including storage heaters) central heating,8,2,6,8,2,6,0,0,0,0,0,0
S01012606,Oil central heating,2,0,2,2,0,2,0,0,0,0,0,0
S01012606,Solid fuel (for example wood coal) central heating,3,0,3,3,0,3,0,0,0,0,0,0
S01012606,Other central heating,0,0,0,0,0,0,0,0,0,0,0,0
S01012606,Two or more types of central heating,4,0,4,4,0,4,0,0,0,0,0,0
S01012607,All people in households,737,128,609,632,44,588,69,50,19,36,34,2
S01012607,No central heating,6,4,2,3,1,2,3,3,0,0,0,0
S01012607,Gas central heating,570,79,491,504,29,475,48,34,14,18,16,2
S01012607,Electric (including storage heaters) central heating,147,38,109,119,14,105,12,8,4,16,16,0
S01012607,Oil central heating,8,3,5,4,0,4,4,3,1,0,0,0
S01012607,Solid fuel (for example wood coal) central heating,2,2,0,0,0,0,1,1,0,1,1,0
S01012607,Other central heating,2,0,2,2,0,2,0,0,0,0,0,0
S01012607,Two or more types of central heating,2,2,0,0,0,0,1,1,0,1,1,0
S01012608,All people in households,801,172,629,639,56,583,112,69,43,50,47,3
S01012608,No central heating,4,2,2,2,0,2,2,2,0,0,0,0
S01012608,Gas central heating,675,146,529,535,46,489,96,59,37,44,41,3
S01012608,Electric (including storage heaters) central heating,97,16,81,83,7,76,11,6,5,3,3,0
S01012608,Oil central heating,10,1,9,10,1,9,0,0,0,0,0,0
S01012608,Solid fuel (for example wood coal) central heating,1,0,1,0,0,0,1,0,1,0,0,0
S01012608,Other central heating,0,0,0,0,0,0,0,0,0,0,0,0
S01012608,Two or more types of central heating,14,7,7,9,2,7,2,2,0,3,3,0
S01012609,All people in households,834,216,618,628,52,576,137,98,39,69,66,3
S01012609,No central heating,6,4,2,2,0,2,2,2,0,2,2,0
S01012609,Gas central heating,675,170,505,510,42,468,107,73,34,58,55,3
S01012609,Electric (including storage heaters) central heating,115,34,81,85,8,77,22,18,4,8,8,0
S01012609,Oil central heating,2,0,2,2,0,2,0,0,0,0,0,0
S01012609,Solid fuel (for example wood coal) central heating,6,1,5,4,0,4,2,1,1,0,0,0
S01012609,Other central heating,9,3,6,6,0,6,2,2,0,1,1,0
S01012609,Two or more types of central heating,21,4,17,19,2,17,2,2,0,0,0,0
S01012610,All people in households,920,240,680,694,59,635,122,81,41,104,100,4
S01012610,No central heating,9,5,4,4,1,3,1,0,1,4,4,0
S01012610,Gas central heating,843,214,629,637,48,589,113,77,36,93,89,4
S01012610,Electric (including storage heaters) central heating,38,9,29,31,4,27,5,3,2,2,2,0
S01012610,Oil central heating,0,0,0,0,0,0,0,0,0,0,0,0
S01012610,Solid fuel (for example wood coal) central heating,3,0,3,2,0,2,1,0,1,0,0,0
S01012610,Other central heating,8,2,6,8,2,6,0,0,0,0,0,0
S01012610,Two or more types of central heating,19,10,9,12,4,8,2,1,1,5,5,0
S01012611,All people in households,804,170,634,650,51,599,94,60,34,60,59,1
S01012611,No central heating,3,1,2,2,0,2,0,0,0,1,1,0
S01012611,Gas central heating,774,163,611,626,49,577,92,59,33,56,55,1
S01012611,Electric (including storage heaters) central heating,12,3,9,10,1,9,1,1,0,1,1,0
S01012611,Oil central heating,1,0,1,0,0,0,1,0,1,0,0,0
S01012611,Solid fuel (for example wood coal) central heating,3,1,2,2,0,2,0,0,0,1,1,0
S01012611,Other central heating,0,0,0,0,0,0,0,0,0,0,0,0
S01012611,Two or more types of central heating,11,2,9,10,1,9,0,0,0,1,1,0
S01012612,All people in households,756,175,581,591,44,547,97,64,33,68,67,1
S01012612,No central heating,3,0,3,3,0,3,0,0,0,0,0,0
S01012612,Gas central heating,691,156,535,545,42,503,91,60,31,55,54,1
S01012612,Electric (including storage heaters) central heating,40,11,29,28,1,27,4,2,2,8,8,0
S01012612,Oil central heating,2,1,1,1,0,1,0,0,0,1,1,0
S01012612,Solid fuel (for example wood coal) central heating,10,7,3,4,1,3,2,2,0,4,4,0
S01012612,Other central heating,0,0,0,0,0,0,0,0,0,0,0,0
S01012612,Two or more types of central heating,10,0,10,10,0,10,0,0,0,0,0,0
S01012613,All people in households,668,138,530,534,30,504,82,58,24,52,50,2
S01012613,No central heating,6,2,4,3,0,3,2,1,1,1,1,0
S01012613,Gas central heating,616,127,489,493,28,465,76,54,22,47,45,2
S01012613,Electric (including storage heaters) central heating,24,8,16,18,2,16,2,2,0,4,4,0
S01012613,Oil central heating,6,0,6,5,0,5,1,0,1,0,0,0
S01012613,Solid fuel (for example wood coal) central heating,1,0,1,1,0,1,0,0,0,0,0,0
S01012613,Other central heating,3,1,2,2,0,2,1,1,0,0,0,0
S01012613,Two or more types of central heating,12,0,12,12,0,12,0,0,0,0,0,0
S01012614,All people in households,1001,206,795,811,59,752,114,73,41,76,74,2
S01012614,No central heating,7,4,3,3,0,3,2,2,0,2,2,0
S01012614,Gas central heating,896,177,719,733,49,684,97,63,34,66,65,1
S01012614,Electric (including storage heaters) central heating,60,17,43,44,7,37,9,4,5,7,6,1
S01012614,Oil central heating,5,1,4,5,1,4,0,0,0,0,0,0
S01012614,Solid fuel (for example wood coal) central heating,3,1,2,3,1,2,0,0,0,0,0,0
S01012614,Other central heating,4,1,3,3,0,3,1,1,0,0,0,0
S01012614,Two or more types of central heating,26,5,21,20,1,19,5,3,2,1,1,0
S01012615,All people in households,674,133,541,544,40,504,97,60,37,33,33,0
S01012615,No central heating,3,0,3,3,0,3,0,0,0,0,0,0
S01012615,Gas central heating,128,27,101,106,10,96,16,11,5,6,6,0
S01012615,Electric (including storage heaters) central heating,197,60,137,138,15,123,42,28,14,17,17,0
S01012615,Oil central heating,302,39,263,259,12,247,34,18,16,9,9,0
S01012615,Solid fuel (for example wood coal) central heating,2,1,1,2,1,1,0,0,0,0,0,0
S01012615,Other central heating,24,3,21,19,0,19,4,2,2,1,1,0
S01012615,Two or more types of central heating,18,3,15,17,2,15,1,1,0,0,0,0
S01012616,All people in households,928,166,762,778,46,732,99,71,28,51,49,2
S01012616,No central heating,6,3,3,3,0,3,3,3,0,0,0,0
S01012616,Gas central heating,468,80,388,396,20,376,43,33,10,29,27,2
S01012616,Electric (including storage heaters) central heating,136,35,101,106,12,94,20,13,7,10,10,0
S01012616,Oil central heating,244,32,212,213,10,203,24,15,9,7,7,0
S01012616,Solid fuel (for example wood coal) central heating,21,8,13,14,1,13,4,4,0,3,3,0
S01012616,Other central heating,24,3,21,21,1,20,2,1,1,1,1,0
S01012616,Two or more types of central heating,29,5,24,25,2,23,3,2,1,1,1,0
S01012617,All people in households,384,45,339,335,10,325,38,24,14,11,11,0
S01012617,No central heating,1,0,1,1,0,1,0,0,0,0,0,0
S01012617,Gas central heating,211,20,191,187,4,183,20,12,8,4,4,0
S01012617,Electric (including storage heaters) central heating,18,5,13,13,0,13,3,3,0,2,2,0
S01012617,Oil central heating,101,15,86,85,3,82,12,8,4,4,4,0
S01012617,Solid fuel (for example wood coal) central heating,13,1,12,12,0,12,1,1,0,0,0,0
S01012617,Other central heating,15,3,12,14,2,12,0,0,0,1,1,0
S01012617,Two or more types of central heating,25,1,24,23,1,22,2,0,2,0,0,0
S01012618,All people in households,529,86,443,447,27,420,64,41,23,18,18,0
S01012618,No central heating,0,0,0,0,0,0,0,0,0,0,0,0
S01012618,Gas central heating,308,50,258,262,15,247,37,26,11,9,9,0
S01012618,Electric (including storage heaters) central heating,81,13,68,64,0,64,14,10,4,3,3,0
S01012618,Oil central heating,89,15,74,78,9,69,8,3,5,3,3,0
S01012618,Solid fuel (for example wood coal) central heating,16,3,13,12,1,11,3,1,2,1,1,0
S01012618,Other central heating,24,2,22,21,0,21,2,1,1,1,1,0
S01012618,Two or more types of central heating,11,3,8,10,2,8,0,0,0,1,1,0
S01012619,All people in households,513,154,359,377,47,330,92,64,28,44,43,1
S01012619,No central heating,4,0,4,3,0,3,1,0,1,0,0,0
S01012619,Gas central heating,374,85,289,300,25,275,47,33,14,27,27,0
S01012619,Electric (including storage heaters) central heating,113,65,48,58,21,37,39,29,10,16,15,1
S01012619,Oil central heating,8,3,5,4,1,3,3,1,2,1,1,0
S01012619,Solid fuel (for example wood coal) central heating,3,0,3,3,0,3,0,0,0,0,0,0
S01012619,Other central heating,0,0,0,0,0,0,0,0,0,0,0,0
S01012619,Two or more types of central heating,11,1,10,9,0,9,2,1,1,0,0,0
S01012620,All people in households,746,118,628,636,42,594,85,51,34,25,25,0
S01012620,No central heating,4,0,4,4,0,4,0,0,0,0,0,0
S01012620,Gas central heating,689,108,581,589,37,552,76,47,29,24,24,0
S01012620,Electric (including storage heaters) central heating,26,7,19,18,3,15,7,3,4,1,1,0
S01012620,Oil central heating,18,1,17,17,0,17,1,1,0,0,0,0
S01012620,Solid fuel (for example wood coal) central heating,2,0,2,2,0,2,0,0,0,0,0,0
S01012620,Other central heating,2,0,2,2,0,2,0,0,0,0,0,0
S01012620,Two or more types of central heating,5,2,3,4,2,2,1,0,1,0,0,0
S01012621,All people in households,563,113,450,468,35,433,76,59,17,19,19,0
S01012621,No central heating,1,1,0,0,0,0,1,1,0,0,0,0
S01012621,Gas central heating,520,94,426,442,31,411,63,48,15,15,15,0
S01012621,Electric (including storage heaters) central heating,28,15,13,13,2,11,11,9,2,4,4,0
S01012621,Oil central heating,2,0,2,2,0,2,0,0,0,0,0,0
S01012621,Solid fuel (for example wood coal) central heating,4,3,1,3,2,1,1,1,0,0,0,0
S01012621,Other central heating,0,0,0,0,0,0,0,0,0,0,0,0
S01012621,Two or more types of central heating,8,0,8,8,0,8,0,0,0,0,0,0
S01012622,All people in households,732,146,586,595,44,551,100,65,35,37,37,0
S01012622,No central heating,1,0,1,1,0,1,0,0,0,0,0,0
S01012622,Gas central heating,664,125,539,546,39,507,86,54,32,32,32,0
S01012622,Electric (including storage heaters) central heating,28,12,16,18,2,16,7,7,0,3,3,0
S01012622,Oil central heating,20,3,17,20,3,17,0,0,0,0,0,0
S01012622,Solid fuel (for example wood coal) central heating,8,4,4,1,0,1,6,3,3,1,1,0
S01012622,Other central heating,0,0,0,0,0,0,0,0,0,0,0,0
S01012622,Two or more types of central heating,11,2,9,9,0,9,1,1,0,1,1,0
S01012623,All people in households,649,152,497,506,41,465,92,63,29,51,48,3
S01012623,No central heating,9,1,8,8,0,8,1,1,0,0,0,0
S01012623,Gas central heating,570,134,436,448,38,410,80,56,24,42,40,2
S01012623,Electric (including storage heaters) central heating,51,13,38,37,3,34,8,4,4,6,6,0
S01012623,Oil central heating,3,0,3,2,0,2,0,0,0,1,0,1
S01012623,Solid fuel (for example wood coal) central heating,4,2,2,2,0,2,2,2,0,0,0,0
S01012623,Other central heating,0,0,0,0,0,0,0,0,0,0,0,0
S01012623,Two or more types of central heating,12,2,10,9,0,9,1,0,1,2,2,0
S01012624,All people in households,715,149,566,584,47,537,96,67,29,35,35,0
S01012624,No central heating,3,0,3,2,0,2,1,0,1,0,0,0
S01012624,Gas central heating,645,130,515,534,41,493,81,59,22,30,30,0
S01012624,Electric (including storage heaters) central heating,43,12,31,29,3,26,11,6,5,3,3,0
S01012624,Oil central heating,3,1,2,2,0,2,1,1,0,0,0,0
S01012624,Solid fuel (for example wood coal) central heating,13,4,9,11,3,8,1,0,1,1,1,0
S01012624,Other central heating,0,0,0,0,0,0,0,0,0,0,0,0
S01012624,Two or more types of central heating,8,2,6,6,0,6,1,1,0,1,1,0
S01012625,All people in households,524,131,393,397,30,367,81,56,25,46,45,1
S01012625,No central heating,0,0,0,0,0,0,0,0,0,0,0,0
S01012625,Gas central heating,470,115,355,355,25,330,72,48,24,43,42,1
S01012625,Electric (including storage heaters) central heating,22,10,12,15,4,11,5,4,1,2,2,0
S01012625,Oil central heating,0,0,0,0,0,0,0,0,0,0,0,0
S01012625,Solid fuel (for example wood coal) central heating,14,2,12,12,0,12,2,2,0,0,0,0
S01012625,Other central heating,2,1,1,1,0,1,1,1,0,0,0,0
S01012625,Two or more types of central heating,16,3,13,14,1,13,1,1,0,1,1,0
S01012626,All people in households,478,87,391,406,28,378,51,38,13,21,21,0
S01012626,No central heating,1,1,0,0,0,0,1,1,0,0,0,0
S01012626,Gas central heating,445,77,368,381,25,356,46,34,12,18,18,0
S01012626,Electric (including storage heaters) central heating,18,7,11,13,3,10,4,3,1,1,1,0
S01012626,Oil central heating,4,0,4,4,0,4,0,0,0,0,0,0
S01012626,Solid fuel (for example wood coal) central heating,0,0,0,0,0,0,0,0,0,0,0,0
S01012626,Other central heating,0,0,0,0,0,0,0,0,0,0,0,0
S01012626,Two or more types of central heating,10,2,8,8,0,8,0,0,0,2,2,0
S01012627,All people in households,524,98,426,424,29,395,78,48,30,22,21,1
S01012627,No central heating,0,0,0,0,0,0,0,0,0,0,0,0
S01012627,Gas central heating,484,83,401,399,24,375,67,41,26,18,18,0
S01012627,Electric (including storage heaters) central heating,10,5,5,5,2,3,3,1,2,2,2,0
S01012627,Oil central heating,7,2,5,6,1,5,1,1,0,0,0,0
S01012627,Solid fuel (for example wood coal) central heating,4,3,1,2,1,1,2,2,0,0,0,0
S01012627,Other central heating,10,2,8,9,1,8,0,0,0,1,1,0
S01012627,Two or more types of central heating,9,3,6,3,0,3,5,3,2,1,0,1
S01012628,All people in households,925,96,829,850,45,805,59,35,24,16,16,0
S01012628,No central heating,0,0,0,0,0,0,0,0,0,0,0,0
S01012628,Gas central heating,829,78,751,771,38,733,45,27,18,13,13,0
S01012628,Electric (including storage heaters) central heating,40,11,29,30,4,26,8,5,3,2,2,0
S01012628,Oil central heating,34,5,29,30,3,27,4,2,2,0,0,0
S01012628,Solid fuel (for example wood coal) central heating,7,1,6,5,0,5,1,0,1,1,1,0
S01012628,Other central heating,4,0,4,4,0,4,0,0,0,0,0,0
S01012628,Two or more types of central heating,11,1,10,10,0,10,1,1,0,0,0,0
S01012629,All people in households,470,78,392,401,21,380,58,46,12,11,11,0
S01012629,No central heating,0,0,0,0,0,0,0,0,0,0,0,0
S01012629,Gas central heating,418,65,353,361,20,341,48,36,12,9,9,0
S01012629,Electric (including storage heaters) central heating,18,7,11,11,0,11,5,5,0,2,2,0
S01012629,Oil central heating,21,4,17,18,1,17,3,3,0,0,0,0
S01012629,Solid fuel (for example wood coal) central heating,2,1,1,1,0,1,1,1,0,0,0,0
S01012629,Other central heating,2,0,2,2,0,2,0,0,0,0,0,0
S01012629,Two or more types of central heating,9,1,8,8,0,8,1,1,0,0,0,0
S01012630,All people in households,823,231,592,630,80,550,135,96,39,58,55,3
S01012630,No central heating,11,4,7,7,1,6,3,2,1,1,1,0
S01012630,Gas central heating,566,124,442,452,38,414,80,54,26,34,32,2
S01012630,Electric (including storage heaters) central heating,215,94,121,148,38,110,46,36,10,21,20,1
S01012630,Oil central heating,10,2,8,8,1,7,2,1,1,0,0,0
S01012630,Solid fuel (for example wood coal) central heating,5,2,3,4,1,3,1,1,0,0,0,0
S01012630,Other central heating,6,2,4,3,0,3,2,1,1,1,1,0
S01012630,Two or more types of central heating,10,3,7,8,1,7,1,1,0,1,1,0
S01012631,All people in households,931,191,740,754,61,693,114,72,42,63,58,5
S01012631,No central heating,3,1,2,2,0,2,0,0,0,1,1,0
S01012631,Gas central heating,731,144,587,606,50,556,84,55,29,41,39,2
S01012631,Electric (including storage heaters) central heating,151,29,122,115,4,111,21,12,9,15,13,2
S01012631,Oil central heating,9,5,4,5,1,4,1,1,0,3,3,0
S01012631,Solid fuel (for example wood coal) central heating,12,6,6,6,2,4,5,3,2,1,1,0
S01012631,Other central heating,5,2,3,4,2,2,1,0,1,0,0,0
S01012631,Two or more types of central heating,20,4,16,16,2,14,2,1,1,2,1,1
S01012632,All people in households,726,141,585,596,47,549,97,61,36,33,33,0
S01012632,No central heating,14,5,9,9,1,8,5,4,1,0,0,0
S01012632,Gas central heating,293,52,241,247,20,227,40,26,14,6,6,0
S01012632,Electric (including storage heaters) central heating,51,14,37,35,3,32,12,7,5,4,4,0
S01012632,Oil central heating,304,54,250,253,15,238,31,19,12,20,20,0
S01012632,Solid fuel (for example wood coal) central heating,18,5,13,13,2,11,2,0,2,3,3,0
S01012632,Other central heating,21,6,15,18,3,15,3,3,0,0,0,0
S01012632,Two or more types of central heating,25,5,20,21,3,18,4,2,2,0,0,0
S01012633,All people in households,679,117,562,583,48,535,70,43,27,26,26,0
S01012633,No central heating,11,2,9,9,0,9,1,1,0,1,1,0
S01012633,Gas central heating,130,29,101,111,13,98,13,10,3,6,6,0
S01012633,Electric (including storage heaters) central heating,105,22,83,84,7,77,16,10,6,5,5,0
S01012633,Oil central heating,319,39,280,290,19,271,22,13,9,7,7,0
S01012633,Solid fuel (for example wood coal) central heating,44,16,28,27,5,22,12,6,6,5,5,0
S01012633,Other central heating,43,6,37,36,2,34,6,3,3,1,1,0
S01012633,Two or more types of central heating,27,3,24,26,2,24,0,0,0,1,1,0
S01012634,All people in households,685,172,513,523,42,481,99,68,31,63,62,1
S01012634,No central heating,3,1,2,2,0,2,0,0,0,1,1,0
S01012634,Gas central heating,107,38,69,70,9,61,25,17,8,12,12,0
S01012634,Electric (including storage heaters) central heating,240,60,180,180,10,170,35,26,9,25,24,1
S01012634,Oil central heating,239,53,186,194,18,176,27,17,10,18,18,0
S01012634,Solid fuel (for example wood coal) central heating,59,9,50,50,2,48,6,4,2,3,3,0
S01012634,Other central heating,33,11,22,24,3,21,5,4,1,4,4,0
S01012634,Two or more types of central heating,4,0,4,3,0,3,1,0,1,0,0,0
S01012635,All people in households,1077,165,912,916,48,868,126,82,44,35,35,0
S01012635,No central heating,8,3,5,4,1,3,4,2,2,0,0,0
S01012635,Gas central heating,564,94,470,469,21,448,75,53,22,20,20,0
S01012635,Electric (including storage heaters) central heating,108,19,89,90,6,84,13,8,5,5,5,0
S01012635,Oil central heating,314,39,275,283,18,265,27,17,10,4,4,0
S01012635,Solid fuel (for example wood coal) central heating,15,3,12,10,0,10,3,1,2,2,2,0
S01012635,Other central heating,30,3,27,29,2,27,0,0,0,1,1,0
S01012635,Two or more types of central heating,38,4,34,31,0,31,4,1,3,3,3,0
S01012636,All people in households,613,90,523,532,33,499,61,37,24,20,20,0
S01012636,No central heating,11,2,9,7,0,7,2,0,2,2,2,0
S01012636,Gas central heating,80,20,60,66,7,59,10,9,1,4,4,0
S01012636,Electric (including storage heaters) central heating,128,30,98,101,11,90,20,12,8,7,7,0
S01012636,Oil central heating,333,33,300,304,14,290,25,15,10,4,4,0
S01012636,Solid fuel (for example wood coal) central heating,19,1,18,17,1,16,2,0,2,0,0,0
S01012636,Other central heating,34,4,30,30,0,30,1,1,0,3,3,0
S01012636,Two or more types of central heating,8,0,8,7,0,7,1,0,1,0,0,0
S01012637,All people in households,848,197,651,651,46,605,131,87,44,66,64,2
S01012637,No central heating,5,2,3,2,0,2,2,1,1,1,1,0
S01012637,Gas central heating,39,9,30,30,3,27,6,3,3,3,3,0
S01012637,Electric (including storage heaters) central heating,512,119,393,384,23,361,92,62,30,36,34,2
S01012637,Oil central heating,191,40,151,156,11,145,20,14,6,15,15,0
S01012637,Solid fuel (for example wood coal) central heating,76,24,52,56,7,49,9,6,3,11,11,0
S01012637,Other central heating,20,3,17,18,2,16,2,1,1,0,0,0
S01012637,Two or more types of central heating,5,0,5,5,0,5,0,0,0,0,0,0
S01012638,All people in households,865,205,660,677,56,621,122,83,39,66,66,0
S01012638,No central heating,17,7,10,13,3,10,2,2,0,2,2,0
S01012638,Gas central heating,91,15,76,73,2,71,13,8,5,5,5,0
S01012638,Electric (including storage heaters) central heating,228,73,155,158,13,145,39,29,10,31,31,0
S01012638,Oil central heating,433,90,343,353,31,322,58,37,21,22,22,0
S01012638,Solid fuel (for example wood coal) central heating,66,12,54,53,2,51,9,6,3,4,4,0
S01012638,Other central heating,13,7,6,10,4,6,1,1,0,2,2,0
S01012638,Two or more types of central heating,17,1,16,17,1,16,0,0,0,0,0,0
S01012639,All people in households,844,188,656,658,49,609,127,80,47,59,59,0
S01012639,No central heating,6,1,5,5,0,5,1,1,0,0,0,0
S01012639,Gas central heating,54,10,44,46,4,42,6,4,2,2,2,0
S01012639,Electric (including storage heaters) central heating,250,76,174,181,18,163,45,34,11,24,24,0
S01012639,Oil central heating,321,57,264,261,13,248,37,21,16,23,23,0
S01012639,Solid fuel (for example wood coal) central heating,173,38,135,129,11,118,35,18,17,9,9,0
S01012639,Other central heating,29,5,24,26,3,23,2,1,1,1,1,0
S01012639,Two or more types of central heating,11,1,10,10,0,10,1,1,0,0,0,0
S01012640,All people in households,942,254,688,680,56,624,189,127,62,73,71,2
S01012640,No central heating,5,0,5,4,0,4,0,0,0,1,0,1
S01012640,Gas central heating,56,11,45,45,2,43,9,7,2,2,2,0
S01012640,Electric (including storage heaters) central heating,373,106,267,262,25,237,74,45,29,37,36,1
S01012640,Oil central heating,229,50,179,173,10,163,49,33,16,7,7,0
S01012640,Solid fuel (for example wood coal) central heating,256,77,179,181,17,164,53,38,15,22,22,0
S01012640,Other central heating,10,7,3,5,2,3,3,3,0,2,2,0
S01012640,Two or more types of central heating,13,3,10,10,0,10,1,1,0,2,2,0
S01012641,All people in households,987,265,722,757,77,680,163,121,42,67,67,0
S01012641,No central heating,2,1,1,0,0,0,1,0,1,1,1,0
S01012641,Gas central heating,260,32,228,226,10,216,21,9,12,13,13,0
S01012641,Electric (including storage heaters) central heating,343,132,211,229,35,194,84,67,17,30,30,0
S01012641,Oil central heating,320,86,234,252,29,223,51,40,11,17,17,0
S01012641,Solid fuel (for example wood coal) central heating,23,8,15,17,2,15,1,1,0,5,5,0
S01012641,Other central heating,10,1,9,9,0,9,1,1,0,0,0,0
S01012641,Two or more types of central heating,29,5,24,24,1,23,4,3,1,1,1,0
S01012642,All people in households,804,210,594,596,49,547,125,84,41,83,77,6
S01012642,No central heating,6,2,4,3,0,3,1,1,0,2,1,1
S01012642,Gas central heating,382,110,272,269,20,249,68,49,19,45,41,4
S01012642,Electric (including storage heaters) central heating,349,84,265,268,25,243,50,29,21,31,30,1
S01012642,Oil central heating,30,4,26,26,1,25,2,1,1,2,2,0
S01012642,Solid fuel (for example wood coal) central heating,16,6,10,13,3,10,2,2,0,1,1,0
S01012642,Other central heating,4,2,2,2,0,2,1,1,0,1,1,0
S01012642,Two or more types of central heating,17,2,15,15,0,15,1,1,0,1,1,0
S01012643,All people in households,470,120,350,355,27,328,82,61,21,33,32,1
S01012643,No central heating,5,1,4,4,0,4,0,0,0,1,1,0
S01012643,Gas central heating,393,100,293,298,24,274,67,49,18,28,27,1
S01012643,Electric (including storage heaters) central heating,25,10,15,15,1,14,9,8,1,1,1,0
S01012643,Oil central heating,18,5,13,14,1,13,3,3,0,1,1,0
S01012643,Solid fuel (for example wood coal) central heating,8,0,8,7,0,7,1,0,1,0,0,0
S01012643,Other central heating,9,0,9,8,0,8,1,0,1,0,0,0
S01012643,Two or more types of central heating,12,4,8,9,1,8,1,1,0,2,2,0
S01012644,All people in households,708,150,558,567,39,528,103,74,29,38,37,1
S01012644,No central heating,3,1,2,2,0,2,1,1,0,0,0,0
S01012644,Gas central heating,630,123,507,514,30,484,84,61,23,32,32,0
S01012644,Electric (including storage heaters) central heating,32,9,23,24,3,21,7,6,1,1,0,1
S01012644,Oil central heating,14,6,8,8,2,6,3,1,2,3,3,0
S01012644,Solid fuel (for example wood coal) central heating,10,2,8,7,0,7,3,2,1,0,0,0
S01012644,Other central heating,2,2,0,0,0,0,1,1,0,1,1,0
S01012644,Two or more types of central heating,17,7,10,12,4,8,4,2,2,1,1,0
S01012645,All people in households,781,166,615,623,39,584,109,81,28,49,46,3
S01012645,No central heating,7,1,6,5,0,5,1,0,1,1,1,0
S01012645,Gas central heating,625,108,517,522,29,493,76,55,21,27,24,3
S01012645,Electric (including storage heaters) central heating,105,46,59,62,7,55,25,21,4,18,18,0
S01012645,Oil central heating,27,6,21,23,3,20,4,3,1,0,0,0
S01012645,Solid fuel (for example wood coal) central heating,3,1,2,2,0,2,0,0,0,1,1,0
S01012645,Other central heating,5,1,4,4,0,4,0,0,0,1,1,0
S01012645,Two or more types of central heating,9,3,6,5,0,5,3,2,1,1,1,0
S01012646,All people in households,972,149,823,813,38,775,107,60,47,52,51,1
S01012646,No central heating,3,1,2,2,1,1,1,0,1,0,0,0
S01012646,Gas central heating,834,111,723,715,32,683,81,42,39,38,37,1
S01012646,Electric (including storage heaters) central heating,39,15,24,21,0,21,10,7,3,8,8,0
S01012646,Oil central heating,54,11,43,44,3,41,7,5,2,3,3,0
S01012646,Solid fuel (for example wood coal) central heating,10,5,5,7,2,5,1,1,0,2,2,0
S01012646,Other central heating,10,0,10,9,0,9,1,0,1,0,0,0
S01012646,Two or more types of central heating,22,6,16,15,0,15,6,5,1,1,1,0
S01012647,All people in households,733,66,667,676,20,656,39,28,11,18,18,0
S01012647,No central heating,8,1,7,7,0,7,1,1,0,0,0,0
S01012647,Gas central heating,687,61,626,635,20,615,35,24,11,17,17,0
S01012647,Electric (including storage heaters) central heating,5,1,4,4,0,4,1,1,0,0,0,0
S01012647,Oil central heating,17,1,16,16,0,16,0,0,0,1,1,0
S01012647,Solid fuel (for example wood coal) central heating,0,0,0,0,0,0,0,0,0,0,0,0
S01012647,Other central heating,0,0,0,0,0,0,0,0,0,0,0,0
S01012647,Two or more types of central heating,16,2,14,14,0,14,2,2,0,0,0,0
S01012648,All people in households,554,122,432,425,24,401,95,65,30,34,33,1
S01012648,No central heating,7,2,5,4,0,4,2,1,1,1,1,0
S01012648,Gas central heating,43,4,39,38,0,38,4,3,1,1,1,0
S01012648,Electric (including storage heaters) central heating,291,65,226,222,13,209,52,35,17,17,17,0
S01012648,Oil central heating,110,25,85,81,4,77,20,12,8,9,9,0
S01012648,Solid fuel (for example wood coal) central heating,83,19,64,67,6,61,12,10,2,4,3,1
S01012648,Other central heating,15,7,8,8,1,7,5,4,1,2,2,0
S01012648,Two or more types of central heating,5,0,5,5,0,5,0,0,0,0,0,0
S01012649,All people in households,641,122,519,508,32,476,91,49,42,42,41,1
S01012649,No central heating,14,4,10,10,2,8,2,0,2,2,2,0
S01012649,Gas central heating,212,30,182,183,11,172,20,10,10,9,9,0
S01012649,Electric (including storage heaters) central heating,147,29,118,114,7,107,23,12,11,10,10,0
S01012649,Oil central heating,202,38,164,163,10,153,31,20,11,8,8,0
S01012649,Solid fuel (for example wood coal) central heating,62,21,41,34,2,32,15,7,8,13,12,1
S01012649,Other central heating,4,0,4,4,0,4,0,0,0,0,0,0
S01012649,Two or more types of central heating,0,0,0,0,0,0,0,0,0,0,0,0
S01012650,All people in households,587,149,438,454,43,411,86,59,27,47,47,0
S01012650,No central heating,22,4,18,16,0,16,4,2,2,2,2,0
S01012650,Gas central heating,389,97,292,308,31,277,55,40,15,26,26,0
S01012650,Electric (including storage heaters) central heating,97,27,70,71,9,62,19,11,8,7,7,0
S01012650,Oil central heating,54,10,44,46,3,43,4,3,1,4,4,0
S01012650,Solid fuel (for example wood coal) central heating,12,8,4,4,0,4,3,3,0,5,5,0
S01012650,Other central heating,10,2,8,8,0,8,0,0,0,2,2,0
S01012650,Two or more types of central heating,3,1,2,1,0,1,1,0,1,1,1,0
S01012651,All people in households,649,168,481,491,47,444,107,70,37,51,51,0
S01012651,No central heating,7,2,5,4,0,4,1,0,1,2,2,0
S01012651,Gas central heating,123,34,89,97,11,86,16,13,3,10,10,0
S01012651,Electric (including storage heaters) central heating,273,72,201,204,20,184,45,28,17,24,24,0
S01012651,Oil central heating,125,27,98,96,7,89,20,11,9,9,9,0
S01012651,Solid fuel (for example wood coal) central heating,115,31,84,86,9,77,23,16,7,6,6,0
S01012651,Other central heating,5,1,4,4,0,4,1,1,0,0,0,0
S01012651,Two or more types of central heating,1,1,0,0,0,0,1,1,0,0,0,0
S01012652,All people in households,1045,167,878,896,62,834,110,68,42,39,37,2
S01012652,No central heating,0,0,0,0,0,0,0,0,0,0,0,0
S01012652,Gas central heating,982,154,828,848,58,790,102,64,38,32,32,0
S01012652,Electric (including storage heaters) central heating,12,3,9,6,0,6,1,0,1,5,3,2
S01012652,Oil central heating,24,6,18,20,2,18,4,4,0,0,0,0
S01012652,Solid fuel (for example wood coal) central heating,15,4,11,12,2,10,1,0,1,2,2,0
S01012652,Other central heating,0,0,0,0,0,0,0,0,0,0,0,0
S01012652,Two or more types of central heating,12,0,12,10,0,10,2,0,2,0,0,0
S01012653,All people in households,885,190,695,707,43,664,119,89,30,59,58,1
S01012653,No central heating,30,9,21,21,2,19,5,3,2,4,4,0
S01012653,Gas central heating,201,38,163,173,14,159,20,16,4,8,8,0
S01012653,Electric (including storage heaters) central heating,260,70,190,187,10,177,49,37,12,24,23,1
S01012653,Oil central heating,243,37,206,206,6,200,24,18,6,13,13,0
S01012653,Solid fuel (for example wood coal) central heating,93,22,71,74,6,68,14,11,3,5,5,0
S01012653,Other central heating,42,13,29,31,5,26,7,4,3,4,4,0
S01012653,Two or more types of central heating,16,1,15,15,0,15,0,0,0,1,1,0
S01012654,All people in households,767,135,632,647,46,601,88,58,30,32,31,1
S01012654,No central heating,17,2,15,15,2,13,2,0,2,0,0,0
S01012654,Gas central heating,481,77,404,412,28,384,48,29,19,21,20,1
S01012654,Electric (including storage heaters) central heating,91,24,67,68,4,64,18,15,3,5,5,0
S01012654,Oil central heating,121,22,99,102,9,93,15,9,6,4,4,0
S01012654,Solid fuel (for example wood coal) central heating,4,1,3,3,0,3,1,1,0,0,0,0
S01012654,Other central heating,27,4,23,23,0,23,4,4,0,0,0,0
S01012654,Two or more types of central heating,26,5,21,24,3,21,0,0,0,2,2,0
S01012655,All people in households,1032,248,784,786,67,719,159,97,62,87,84,3
S01012655,No central heating,4,1,3,3,0,3,1,1,0,0,0,0
S01012655,Gas central heating,877,208,669,670,58,612,137,82,55,70,68,2
S01012655,Electric (including storage heaters) central heating,97,28,69,70,5,65,14,10,4,13,13,0
S01012655,Oil central heating,22,2,20,20,1,19,2,1,1,0,0,0
S01012655,Solid fuel (for example wood coal) central heating,5,3,2,2,0,2,0,0,0,3,3,0
S01012655,Other central heating,3,1,2,2,0,2,1,1,0,0,0,0
S01012655,Two or more types of central heating,24,5,19,19,3,16,4,2,2,1,0,1
S01012656,All people in households,821,251,570,584,59,525,151,106,45,86,86,0
S01012656,No central heating,22,4,18,19,2,17,2,1,1,1,1,0
S01012656,Gas central heating,377,114,263,278,32,246,59,42,17,40,40,0
S01012656,Electric (including storage heaters) central heating,390,124,266,265,24,241,86,61,25,39,39,0
S01012656,Oil central heating,14,6,8,8,0,8,2,2,0,4,4,0
S01012656,Solid fuel (for example wood coal) central heating,0,0,0,0,0,0,0,0,0,0,0,0
S01012656,Other central heating,2,1,1,2,1,1,0,0,0,0,0,0
S01012656,Two or more types of central heating,16,2,14,12,0,12,2,0,2,2,2,0
S01012657,All people in households,542,140,402,404,24,380,93,72,21,45,44,1
S01012657,No central heating,8,1,7,6,0,6,2,1,1,0,0,0
S01012657,Gas central heating,361,91,270,274,16,258,58,46,12,29,29,0
S01012657,Electric (including storage heaters) central heating,161,47,114,112,7,105,33,25,8,16,15,1
S01012657,Oil central heating,2,0,2,2,0,2,0,0,0,0,0,0
S01012657,Solid fuel (for example wood coal) central heating,0,0,0,0,0,0,0,0,0,0,0,0
S01012657,Other central heating,1,0,1,1,0,1,0,0,0,0,0,0
S01012657,Two or more types of central heating,9,1,8,9,1,8,0,0,0,0,0,0
S01012658,All people in households,938,200,738,764,64,700,124,88,36,50,48,2
S01012658,No central heating,18,3,15,16,1,15,0,0,0,2,2,0
S01012658,Gas central heating,784,163,621,644,56,588,97,66,31,43,41,2
S01012658,Electric (including storage heaters) central heating,123,31,92,94,7,87,25,20,5,4,4,0
S01012658,Oil central heating,3,1,2,2,0,2,1,1,0,0,0,0
S01012658,Solid fuel (for example wood coal) central heating,0,0,0,0,0,0,0,0,0,0,0,0
S01012658,Other central heating,0,0,0,0,0,0,0,0,0,0,0,0
S01012658,Two or more types of central heating,10,2,8,8,0,8,1,1,0,1,1,0
S01012659,All people in households,1066,94,972,981,34,947,58,34,24,27,26,1
S01012659,No central heating,5,1,4,2,0,2,2,0,2,1,1,0
S01012659,Gas central heating,1033,84,949,962,34,928,51,31,20,20,19,1
S01012659,Electric (including storage heaters) central heating,14,4,10,9,0,9,3,2,1,2,2,0
S01012659,Oil central heating,2,2,0,0,0,0,1,1,0,1,1,0
S01012659,Solid fuel (for example wood coal) central heating,0,0,0,0,0,0,0,0,0,0,0,0
S01012659,Other central heating,2,2,0,0,0,0,0,0,0,2,2,0
S01012659,Two or more types of central heating,10,1,9,8,0,8,1,0,1,1,1,0
S01012660,All people in households,715,181,534,537,34,503,115,84,31,63,63,0
S01012660,No central heating,3,3,0,1,1,0,0,0,0,2,2,0
S01012660,Gas central heating,674,171,503,508,33,475,107,79,28,59,59,0
S01012660,Electric (including storage heaters) central heating,24,5,19,18,0,18,5,4,1,1,1,0
S01012660,Oil central heating,3,1,2,2,0,2,1,1,0,0,0,0
S01012660,Solid fuel (for example wood coal) central heating,0,0,0,0,0,0,0,0,0,0,0,0
S01012660,Other central heating,1,1,0,0,0,0,0,0,0,1,1,0
S01012660,Two or more types of central heating,10,0,10,8,0,8,2,0,2,0,0,0
S01012661,All people in households,739,154,585,596,43,553,97,65,32,46,46,0
S01012661,No central heating,1,0,1,1,0,1,0,0,0,0,0,0
S01012661,Gas central heating,699,146,553,566,43,523,89,59,30,44,44,0
S01012661,Electric (including storage heaters) central heating,12,2,10,10,0,10,2,2,0,0,0,0
S01012661,Oil central heating,20,3,17,15,0,15,4,2,2,1,1,0
S01012661,Solid fuel (for example wood coal) central heating,2,0,2,2,0,2,0,0,0,0,0,0
S01012661,Other central heating,0,0,0,0,0,0,0,0,0,0,0,0
S01012661,Two or more types of central heating,5,3,2,2,0,2,2,2,0,1,1,0
S01012662,All people in households,732,227,505,528,52,476,129,102,27,75,73,2
S01012662,No central heating,0,0,0,0,0,0,0,0,0,0,0,0
S01012662,Gas central heating,687,210,477,496,48,448,122,95,27,69,67,2
S01012662,Electric (including storage heaters) central heating,23,10,13,16,3,13,2,2,0,5,5,0
S01012662,Oil central heating,0,0,0,0,0,0,0,0,0,0,0,0
S01012662,Solid fuel (for example wood coal) central heating,0,0,0,0,0,0,0,0,0,0,0,0
S01012662,Other central heating,6,1,5,6,1,5,0,0,0,0,0,0
S01012662,Two or more types of central heating,16,6,10,10,0,10,5,5,0,1,1,0
S01012663,All people in households,691,150,541,530,34,496,127,83,44,34,33,1
S01012663,No central heating,6,2,4,2,0,2,3,1,2,1,1,0
S01012663,Gas central heating,654,140,514,508,33,475,115,77,38,31,30,1
S01012663,Electric (including storage heaters) central heating,18,6,12,8,0,8,8,4,4,2,2,0
S01012663,Oil central heating,3,0,3,3,0,3,0,0,0,0,0,0
S01012663,Solid fuel (for example wood coal) central heating,0,0,0,0,0,0,0,0,0,0,0,0
S01012663,Other central heating,2,1,1,1,0,1,1,1,0,0,0,0
S01012663,Two or more types of central heating,8,1,7,8,1,7,0,0,0,0,0,0
S01012664,All people in households,900,186,714,728,50,678,123,90,33,49,46,3
S01012664,No central heating,10,3,7,7,0,7,3,3,0,0,0,0
S01012664,Gas central heating,817,165,652,663,44,619,107,77,30,47,44,3
S01012664,Electric (including storage heaters) central heating,23,10,13,15,3,12,6,5,1,2,2,0
S01012664,Oil central heating,15,1,14,13,0,13,2,1,1,0,0,0
S01012664,Solid fuel (for example wood coal) central heating,6,1,5,5,1,4,1,0,1,0,0,0
S01012664,Other central heating,0,0,0,0,0,0,0,0,0,0,0,0
S01012664,Two or more types of central heating,29,6,23,25,2,23,4,4,0,0,0,0
S01012665,All people in households,717,208,509,513,45,468,128,91,37,76,72,4
S01012665,No central heating,32,3,29,29,1,28,1,1,0,2,1,1
S01012665,Gas central heating,325,92,233,231,16,215,65,47,18,29,29,0
S01012665,Electric (including storage heaters) central heating,339,106,233,241,28,213,57,40,17,41,38,3
S01012665,Oil central heating,5,1,4,3,0,3,1,0,1,1,1,0
S01012665,Solid fuel (for example wood coal) central heating,0,0,0,0,0,0,0,0,0,0,0,0
S01012665,Other central heating,1,0,1,1,0,1,0,0,0,0,0,0
S01012665,Two or more types of central heating,15,6,9,8,0,8,4,3,1,3,3,0
S01012666,All people in households,650,206,444,445,45,400,134,91,43,71,70,1
S01012666,No central heating,52,9,43,45,2,43,3,3,0,4,4,0
S01012666,Gas central heating,47,8,39,39,4,35,7,3,4,1,1,0
S01012666,Electric (including storage heaters) central heating,467,162,305,308,35,273,101,69,32,58,58,0
S01012666,Oil central heating,67,21,46,44,3,41,16,12,4,7,6,1
S01012666,Solid fuel (for example wood coal) central heating,7,1,6,3,0,3,4,1,3,0,0,0
S01012666,Other central heating,5,3,2,3,1,2,2,2,0,0,0,0
S01012666,Two or more types of central heating,5,2,3,3,0,3,1,1,0,1,1,0
S01012667,All people in households,580,154,426,424,30,394,88,58,30,68,66,2
S01012667,No central heating,4,1,3,3,0,3,0,0,0,1,1,0
S01012667,Gas central heating,503,133,370,367,24,343,78,52,26,58,57,1
S01012667,Electric (including storage heaters) central heating,38,9,29,29,3,26,5,2,3,4,4,0
S01012667,Oil central heating,10,3,7,9,2,7,1,1,0,0,0,0
S01012667,Solid fuel (for example wood coal) central heating,4,1,3,3,0,3,0,0,0,1,1,0
S01012667,Other central heating,2,0,2,2,0,2,0,0,0,0,0,0
S01012667,Two or more types of central heating,19,7,12,11,1,10,4,3,1,4,3,1
S01012668,All people in households,761,174,587,574,40,534,124,76,48,63,58,5
S01012668,No central heating,7,1,6,5,0,5,0,0,0,2,1,1
S01012668,Gas central heating,646,151,495,487,33,454,105,68,37,54,50,4
S01012668,Electric (including storage heaters) central heating,85,21,64,59,6,53,19,8,11,7,7,0
S01012668,Oil central heating,7,0,7,7,0,7,0,0,0,0,0,0
S01012668,Solid fuel (for example wood coal) central heating,1,1,0,1,1,0,0,0,0,0,0,0
S01012668,Other central heating,0,0,0,0,0,0,0,0,0,0,0,0
S01012668,Two or more types of central heating,15,0,15,15,0,15,0,0,0,0,0,0
S01012669,All people in households,722,125,597,604,35,569,84,57,27,34,33,1
S01012669,No central heating,4,2,2,1,0,1,2,1,1,1,1,0
S01012669,Gas central heating,701,119,582,588,32,556,80,55,25,33,32,1
S01012669,Electric (including storage heaters) central heating,16,3,13,14,2,12,2,1,1,0,0,0
S01012669,Oil central heating,1,1,0,1,1,0,0,0,0,0,0,0
S01012669,Solid fuel (for example wood coal) central heating,0,0,0,0,0,0,0,0,0,0,0,0
S01012669,Other central heating,0,0,0,0,0,0,0,0,0,0,0,0
S01012669,Two or more types of central heating,0,0,0,0,0,0,0,0,0,0,0,0
S01012670,All people in households,696,143,553,564,36,528,94,71,23,38,36,2
S01012670,No central heating,1,0,1,1,0,1,0,0,0,0,0,0
S01012670,Gas central heating,642,130,512,524,34,490,85,65,20,33,31,2
S01012670,Electric (including storage heaters) central heating,35,12,23,22,2,20,8,5,3,5,5,0
S01012670,Oil central heating,13,1,12,12,0,12,1,1,0,0,0,0
S01012670,Solid fuel (for example wood coal) central heating,0,0,0,0,0,0,0,0,0,0,0,0
S01012670,Other central heating,5,0,5,5,0,5,0,0,0,0,0,0
S01012670,Two or more types of central heating,0,0,0,0,0,0,0,0,0,0,0,0
S01012671,All people in households,898,192,706,696,47,649,128,73,55,74,72,2
S01012671,No central heating,6,2,4,3,0,3,2,1,1,1,1,0
S01012671,Gas central heating,844,179,665,659,46,613,119,69,50,66,64,2
S01012671,Electric (including storage heaters) central heating,17,4,13,12,1,11,3,1,2,2,2,0
S01012671,Oil central heating,1,1,0,0,0,0,0,0,0,1,1,0
S01012671,Solid fuel (for example wood coal) central heating,1,1,0,0,0,0,0,0,0,1,1,0
S01012671,Other central heating,7,2,5,3,0,3,4,2,2,0,0,0
S01012671,Two or more types of central heating,22,3,19,19,0,19,0,0,0,3,3,0
S01012672,All people in households,722,244,478,484,47,437,128,87,41,110,110,0
S01012672,No central heating,6,3,3,4,1,3,0,0,0,2,2,0
S01012672,Gas central heating,615,207,408,416,41,375,107,74,33,92,92,0
S01012672,Electric (including storage heaters) central heating,72,19,53,48,3,45,14,6,8,10,10,0
S01012672,Oil central heating,8,3,5,5,0,5,1,1,0,2,2,0
S01012672,Solid fuel (for example wood coal) central heating,0,0,0,0,0,0,0,0,0,0,0,0
S01012672,Other central heating,3,1,2,2,0,2,1,1,0,0,0,0
S01012672,Two or more types of central heating,18,11,7,9,2,7,5,5,0,4,4,0
S01012673,All people in households,582,146,436,423,34,389,106,60,46,53,52,1
S01012673,No central heating,3,0,3,2,0,2,1,0,1,0,0,0
S01012673,Gas central heating,550,144,406,395,33,362,102,59,43,53,52,1
S01012673,Electric (including storage heaters) central heating,8,0,8,8,0,8,0,0,0,0,0,0
S01012673,Oil central heating,0,0,0,0,0,0,0,0,0,0,0,0
S01012673,Solid fuel (for example wood coal) central heating,0,0,0,0,0,0,0,0,0,0,0,0
S01012673,Other central heating,0,0,0,0,0,0,0,0,0,0,0,0
S01012673,Two or more types of central heating,21,2,19,18,1,17,3,1,2,0,0,0
S01012674,All people in households,582,156,426,408,32,376,111,63,48,63,61,2
S01012674,No central heating,2,2,0,0,0,0,0,0,0,2,2,0
S01012674,Gas central heating,540,143,397,384,30,354,102,61,41,54,52,2
S01012674,Electric (including storage heaters) central heating,7,2,5,2,0,2,5,2,3,0,0,0
S01012674,Oil central heating,3,2,1,1,1,0,1,0,1,1,1,0
S01012674,Solid fuel (for example wood coal) central heating,0,0,0,0,0,0,0,0,0,0,0,0
S01012674,Other central heating,0,0,0,0,0,0,0,0,0,0,0,0
S01012674,Two or more types of central heating,30,7,23,21,1,20,3,0,3,6,6,0
S01012675,All people in households,766,203,563,556,38,518,118,74,44,92,91,1
S01012675,No central heating,5,1,4,5,1,4,0,0,0,0,0,0
S01012675,Gas central heating,688,175,513,506,31,475,100,63,37,82,81,1
S01012675,Electric (including storage heaters) central heating,62,20,42,39,4,35,14,7,7,9,9,0
S01012675,Oil central heating,0,0,0,0,0,0,0,0,0,0,0,0
S01012675,Solid fuel (for example wood coal) central heating,1,0,1,1,0,1,0,0,0,0,0,0
S01012675,Other central heating,0,0,0,0,0,0,0,0,0,0,0,0
S01012675,Two or more types of central heating,10,7,3,5,2,3,4,4,0,1,1,0
S01012676,All people in households,835,162,673,677,46,631,116,74,42,42,42,0
S01012676,No central heating,4,1,3,3,0,3,1,1,0,0,0,0
S01012676,Gas central heating,777,153,624,628,43,585,109,70,39,40,40,0
S01012676,Electric (including storage heaters) central heating,13,5,8,8,1,7,4,3,1,1,1,0
S01012676,Oil central heating,15,3,12,14,2,12,0,0,0,1,1,0
S01012676,Solid fuel (for example wood coal) central heating,1,0,1,1,0,1,0,0,0,0,0,0
S01012676,Other central heating,6,0,6,5,0,5,1,0,1,0,0,0
S01012676,Two or more types of central heating,19,0,19,18,0,18,1,0,1,0,0,0
S01012677,All people in households,583,152,431,426,28,398,95,62,33,62,62,0
S01012677,No central heating,4,1,3,3,0,3,0,0,0,1,1,0
S01012677,Gas central heating,446,121,325,324,24,300,73,48,25,49,49,0
S01012677,Electric (including storage heaters) central heating,121,25,96,91,3,88,20,12,8,10,10,0
S01012677,Oil central heating,0,0,0,0,0,0,0,0,0,0,0,0
S01012677,Solid fuel (for example wood coal) central heating,3,1,2,2,0,2,1,1,0,0,0,0
S01012677,Other central heating,2,1,1,1,0,1,1,1,0,0,0,0
S01012677,Two or more types of central heating,7,3,4,5,1,4,0,0,0,2,2,0
S01012678,All people in households,711,98,613,619,26,593,59,39,20,33,33,0
S01012678,No central heating,0,0,0,0,0,0,0,0,0,0,0,0
S01012678,Gas central heating,674,95,579,584,25,559,57,37,20,33,33,0
S01012678,Electric (including storage heaters) central heating,14,0,14,14,0,14,0,0,0,0,0,0
S01012678,Oil central heating,7,1,6,6,0,6,1,1,0,0,0,0
S01012678,Solid fuel (for example wood coal) central heating,0,0,0,0,0,0,0,0,0,0,0,0
S01012678,Other central heating,3,1,2,2,0,2,1,1,0,0,0,0
S01012678,Two or more types of central heating,13,1,12,13,1,12,0,0,0,0,0,0
S01012679,All people in households,791,209,582,597,52,545,122,88,34,72,69,3
S01012679,No central heating,15,2,13,12,0,12,2,1,1,1,1,0
S01012679,Gas central heating,551,123,428,445,35,410,71,53,18,35,35,0
S01012679,Electric (including storage heaters) central heating,193,79,114,114,15,99,45,32,13,34,32,2
S01012679,Oil central heating,27,3,24,23,1,22,3,1,2,1,1,0
S01012679,Solid fuel (for example wood coal) central heating,3,1,2,3,1,2,0,0,0,0,0,0
S01012679,Other central heating,0,0,0,0,0,0,0,0,0,0,0,0
S01012679,Two or more types of central heating,2,1,1,0,0,0,1,1,0,1,0,1
S01012680,All people in households,557,99,458,473,24,449,51,42,9,33,33,0
S01012680,No central heating,3,2,1,2,1,1,1,1,0,0,0,0
S01012680,Gas central heating,533,93,440,455,23,432,47,39,8,31,31,0
S01012680,Electric (including storage heaters) central heating,11,2,9,8,0,8,3,2,1,0,0,0
S01012680,Oil central heating,6,2,4,4,0,4,0,0,0,2,2,0
S01012680,Solid fuel (for example wood coal) central heating,0,0,0,0,0,0,0,0,0,0,0,0
S01012680,Other central heating,2,0,2,2,0,2,0,0,0,0,0,0
S01012680,Two or more types of central heating,2,0,2,2,0,2,0,0,0,0,0,0
S01012681,All people in households,705,146,559,587,50,537,79,58,21,39,38,1
S01012681,No central heating,15,3,12,12,0,12,2,2,0,1,1,0
S01012681,Gas central heating,506,108,398,417,38,379,60,42,18,29,28,1
S01012681,Electric (including storage heaters) central heating,47,9,38,42,6,36,3,1,2,2,2,0
S01012681,Oil central heating,74,18,56,58,3,55,11,10,1,5,5,0
S01012681,Solid fuel (for example wood coal) central heating,24,5,19,21,2,19,2,2,0,1,1,0
S01012681,Other central heating,16,1,15,16,1,15,0,0,0,0,0,0
S01012681,Two or more types of central heating,23,2,21,21,0,21,1,1,0,1,1,0
S01012682,All people in households,691,161,530,543,45,498,91,59,32,57,57,0
S01012682,No central heating,16,3,13,12,0,12,2,1,1,2,2,0
S01012682,Gas central heating,643,145,498,512,43,469,83,54,29,48,48,0
S01012682,Electric (including storage heaters) central heating,14,6,8,8,1,7,3,2,1,3,3,0
S01012682,Oil central heating,4,2,2,2,1,1,1,0,1,1,1,0
S01012682,Solid fuel (for example wood coal) central heating,0,0,0,0,0,0,0,0,0,0,0,0
S01012682,Other central heating,6,1,5,5,0,5,0,0,0,1,1,0
S01012682,Two or more types of central heating,8,4,4,4,0,4,2,2,0,2,2,0
S01012683,All people in households,749,147,602,610,46,564,87,50,37,52,51,1
S01012683,No central heating,9,3,6,7,1,6,0,0,0,2,2,0
S01012683,Gas central heating,696,131,565,569,41,528,80,44,36,47,46,1
S01012683,Electric (including storage heaters) central heating,9,2,7,7,0,7,2,2,0,0,0,0
S01012683,Oil central heating,12,5,7,10,3,7,1,1,0,1,1,0
S01012683,Solid fuel (for example wood coal) central heating,0,0,0,0,0,0,0,0,0,0,0,0
S01012683,Other central heating,1,0,1,1,0,1,0,0,0,0,0,0
S01012683,Two or more types of central heating,22,6,16,16,1,15,4,3,1,2,2,0
S01012684,All people in households,528,74,454,462,23,439,42,27,15,24,24,0
S01012684,No central heating,4,2,2,2,0,2,2,2,0,0,0,0
S01012684,Gas central heating,489,67,422,427,20,407,40,25,15,22,22,0
S01012684,Electric (including storage heaters) central heating,11,1,10,10,0,10,0,0,0,1,1,0
S01012684,Oil central heating,16,3,13,15,2,13,0,0,0,1,1,0
S01012684,Solid fuel (for example wood coal) central heating,0,0,0,0,0,0,0,0,0,0,0,0
S01012684,Other central heating,0,0,0,0,0,0,0,0,0,0,0,0
S01012684,Two or more types of central heating,8,1,7,8,1,7,0,0,0,0,0,0
S01012685,All people in households,779,162,617,626,42,584,84,57,27,69,63,6
S01012685,No central heating,0,0,0,0,0,0,0,0,0,0,0,0
S01012685,Gas central heating,727,150,577,588,41,547,74,50,24,65,59,6
S01012685,Electric (including storage heaters) central heating,29,11,18,18,1,17,7,6,1,4,4,0
S01012685,Oil central heating,5,0,5,5,0,5,0,0,0,0,0,0
S01012685,Solid fuel (for example wood coal) central heating,3,0,3,3,0,3,0,0,0,0,0,0
S01012685,Other central heating,3,0,3,3,0,3,0,0,0,0,0,0
S01012685,Two or more types of central heating,12,1,11,9,0,9,3,1,2,0,0,0
S01012686,All people in households,941,144,797,815,55,760,92,55,37,34,34,0
S01012686,No central heating,4,1,3,4,1,3,0,0,0,0,0,0
S01012686,Gas central heating,881,129,752,767,50,717,84,49,35,30,30,0
S01012686,Electric (including storage heaters) central heating,19,6,13,16,3,13,3,3,0,0,0,0
S01012686,Oil central heating,11,2,9,8,0,8,3,2,1,0,0,0
S01012686,Solid fuel (for example wood coal) central heating,7,1,6,5,0,5,1,0,1,1,1,0
S01012686,Other central heating,5,1,4,4,0,4,1,1,0,0,0,0
S01012686,Two or more types of central heating,14,4,10,11,1,10,0,0,0,3,3,0
S01012687,All people in households,538,90,448,462,32,430,59,42,17,17,16,1
S01012687,No central heating,5,3,2,3,1,2,1,1,0,1,1,0
S01012687,Gas central heating,517,86,431,444,31,413,57,40,17,16,15,1
S01012687,Electric (including storage heaters) central heating,2,0,2,2,0,2,0,0,0,0,0,0
S01012687,Oil central heating,7,1,6,6,0,6,1,1,0,0,0,0
S01012687,Solid fuel (for example wood coal) central heating,0,0,0,0,0,0,0,0,0,0,0,0
S01012687,Other central heating,0,0,0,0,0,0,0,0,0,0,0,0
S01012687,Two or more types of central heating,7,0,7,7,0,7,0,0,0,0,0,0
S01012688,All people in households,791,179,612,633,49,584,108,81,27,50,49,1
S01012688,No central heating,9,1,8,8,0,8,0,0,0,1,1,0
S01012688,Gas central heating,693,140,553,572,44,528,86,62,24,35,34,1
S01012688,Electric (including storage heaters) central heating,75,31,44,44,3,41,19,16,3,12,12,0
S01012688,Oil central heating,3,1,2,2,0,2,1,1,0,0,0,0
S01012688,Solid fuel (for example wood coal) central heating,2,2,0,0,0,0,0,0,0,2,2,0
S01012688,Other central heating,0,0,0,0,0,0,0,0,0,0,0,0
S01012688,Two or more types of central heating,9,4,5,7,2,5,2,2,0,0,0,0
S01012689,All people in households,481,64,417,428,23,405,36,24,12,17,17,0
S01012689,No central heating,3,2,1,1,0,1,0,0,0,2,2,0
S01012689,Gas central heating,464,61,403,416,23,393,34,24,10,14,14,0
S01012689,Electric (including storage heaters) central heating,3,1,2,2,0,2,0,0,0,1,1,0
S01012689,Oil central heating,2,0,2,2,0,2,0,0,0,0,0,0
S01012689,Solid fuel (for example wood coal) central heating,0,0,0,0,0,0,0,0,0,0,0,0
S01012689,Other central heating,0,0,0,0,0,0,0,0,0,0,0,0
S01012689,Two or more types of central heating,9,0,9,7,0,7,2,0,2,0,0,0
S01012690,All people in households,532,104,428,446,41,405,66,43,23,20,20,0
S01012690,No central heating,0,0,0,0,0,0,0,0,0,0,0,0
S01012690,Gas central heating,510,95,415,429,36,393,63,41,22,18,18,0
S01012690,Electric (including storage heaters) central heating,4,2,2,4,2,2,0,0,0,0,0,0
S01012690,Oil central heating,15,4,11,11,1,10,3,2,1,1,1,0
S01012690,Solid fuel (for example wood coal) central heating,0,0,0,0,0,0,0,0,0,0,0,0
S01012690,Other central heating,0,0,0,0,0,0,0,0,0,0,0,0
S01012690,Two or more types of central heating,3,3,0,2,2,0,0,0,0,1,1,0
S01012691,All people in households,766,109,657,678,42,636,63,42,21,25,25,0
S01012691,No central heating,5,0,5,5,0,5,0,0,0,0,0,0
S01012691,Gas central heating,731,103,628,650,41,609,59,40,19,22,22,0
S01012691,Electric (including storage heaters) central heating,5,4,1,2,1,1,2,2,0,1,1,0
S01012691,Oil central heating,9,0,9,9,0,9,0,0,0,0,0,0
S01012691,Solid fuel (for example wood coal) central heating,0,0,0,0,0,0,0,0,0,0,0,0
S01012691,Other central heating,3,0,3,3,0,3,0,0,0,0,0,0
S01012691,Two or more types of central heating,13,2,11,9,0,9,2,0,2,2,2,0
S01012692,All people in households,736,151,585,591,40,551,100,67,33,45,44,1
S01012692,No central heating,0,0,0,0,0,0,0,0,0,0,0,0
S01012692,Gas central heating,701,140,561,568,37,531,92,63,29,41,40,1
S01012692,Electric (including storage heaters) central heating,19,6,13,10,0,10,6,3,3,3,3,0
S01012692,Oil central heating,7,0,7,6,0,6,1,0,1,0,0,0
S01012692,Solid fuel (for example wood coal) central heating,0,0,0,0,0,0,0,0,0,0,0,0
S01012692,Other central heating,4,3,1,3,2,1,1,1,0,0,0,0
S01012692,Two or more types of central heating,5,2,3,4,1,3,0,0,0,1,1,0
S01012693,All people in households,905,110,795,827,45,782,60,48,12,18,17,1
S01012693,No central heating,0,0,0,0,0,0,0,0,0,0,0,0
S01012693,Gas central heating,877,106,771,804,45,759,56,45,11,17,16,1
S01012693,Electric (including storage heaters) central heating,8,1,7,7,0,7,1,1,0,0,0,0
S01012693,Oil central heating,3,0,3,2,0,2,1,0,1,0,0,0
S01012693,Solid fuel (for example wood coal) central heating,7,2,5,5,0,5,1,1,0,1,1,0
S01012693,Other central heating,0,0,0,0,0,0,0,0,0,0,0,0
S01012693,Two or more types of central heating,10,1,9,9,0,9,1,1,0,0,0,0
S01012694,All people in households,476,83,393,394,27,367,61,36,25,21,20,1
S01012694,No central heating,2,0,2,2,0,2,0,0,0,0,0,0
S01012694,Gas central heating,458,74,384,384,26,358,57,32,25,17,16,1
S01012694,Electric (including storage heaters) central heating,7,6,1,1,0,1,3,3,0,3,3,0
S01012694,Oil central heating,0,0,0,0,0,0,0,0,0,0,0,0
S01012694,Solid fuel (for example wood coal) central heating,0,0,0,0,0,0,0,0,0,0,0,0
S01012694,Other central heating,0,0,0,0,0,0,0,0,0,0,0,0
S01012694,Two or more types of central heating,9,3,6,7,1,6,1,1,0,1,1,0
S01012695,All people in households,830,142,688,693,37,656,86,55,31,51,50,1
S01012695,No central heating,16,3,13,14,1,13,1,1,0,1,1,0
S01012695,Gas central heating,133,27,106,109,7,102,16,12,4,8,8,0
S01012695,Electric (including storage heaters) central heating,122,26,96,93,9,84,19,7,12,10,10,0
S01012695,Oil central heating,446,58,388,389,13,376,34,22,12,23,23,0
S01012695,Solid fuel (for example wood coal) central heating,47,12,35,33,2,31,7,4,3,7,6,1
S01012695,Other central heating,36,11,25,28,3,25,6,6,0,2,2,0
S01012695,Two or more types of central heating,30,5,25,27,2,25,3,3,0,0,0,0
S01012696,All people in households,689,87,602,617,38,579,61,38,23,11,11,0
S01012696,No central heating,14,3,11,10,1,9,4,2,2,0,0,0
S01012696,Gas central heating,88,12,76,84,8,76,4,4,0,0,0,0
S01012696,Electric (including storage heaters) central heating,88,13,75,75,4,71,9,5,4,4,4,0
S01012696,Oil central heating,379,43,336,340,18,322,34,20,14,5,5,0
S01012696,Solid fuel (for example wood coal) central heating,40,4,36,35,0,35,4,3,1,1,1,0
S01012696,Other central heating,46,4,42,41,1,40,5,3,2,0,0,0
S01012696,Two or more types of central heating,34,8,26,32,6,26,1,1,0,1,1,0
S01012697,All people in households,509,67,442,449,23,426,39,23,16,21,21,0
S01012697,No central heating,12,1,11,7,0,7,5,1,4,0,0,0
S01012697,Gas central heating,255,35,220,224,10,214,19,13,6,12,12,0
S01012697,Electric (including storage heaters) central heating,13,3,10,12,2,10,1,1,0,0,0,0
S01012697,Oil central heating,193,25,168,173,10,163,11,6,5,9,9,0
S01012697,Solid fuel (for example wood coal) central heating,14,1,13,12,0,12,2,1,1,0,0,0
S01012697,Other central heating,14,0,14,14,0,14,0,0,0,0,0,0
S01012697,Two or more types of central heating,8,2,6,7,1,6,1,1,0,0,0,0
S01012698,All people in households,748,144,604,625,49,576,93,66,27,30,29,1
S01012698,No central heating,2,0,2,1,0,1,1,0,1,0,0,0
S01012698,Gas central heating,646,130,516,536,45,491,84,60,24,26,25,1
S01012698,Electric (including storage heaters) central heating,15,5,10,9,0,9,4,3,1,2,2,0
S01012698,Oil central heating,52,4,48,48,1,47,4,3,1,0,0,0
S01012698,Solid fuel (for example wood coal) central heating,0,0,0,0,0,0,0,0,0,0,0,0
S01012698,Other central heating,10,0,10,10,0,10,0,0,0,0,0,0
S01012698,Two or more types of central heating,23,5,18,21,3,18,0,0,0,2,2,0
S01012699,All people in households,1045,183,862,872,53,819,125,82,43,48,48,0
S01012699,No central heating,13,3,10,9,0,9,3,2,1,1,1,0
S01012699,Gas central heating,764,131,633,637,34,603,93,63,30,34,34,0
S01012699,Electric (including storage heaters) central heating,40,7,33,29,1,28,6,1,5,5,5,0
S01012699,Oil central heating,173,36,137,146,15,131,21,15,6,6,6,0
S01012699,Solid fuel (for example wood coal) central heating,10,1,9,10,1,9,0,0,0,0,0,0
S01012699,Other central heating,19,1,18,18,1,17,1,0,1,0,0,0
S01012699,Two or more types of central heating,26,4,22,23,1,22,1,1,0,2,2,0
S01012700,All people in households,818,141,677,699,49,650,90,63,27,29,29,0
S01012700,No central heating,10,3,7,8,2,6,2,1,1,0,0,0
S01012700,Gas central heating,649,105,544,559,35,524,69,49,20,21,21,0
S01012700,Electric (including storage heaters) central heating,59,16,43,46,7,39,10,6,4,3,3,0
S01012700,Oil central heating,63,9,54,56,3,53,5,4,1,2,2,0
S01012700,Solid fuel (for example wood coal) central heating,17,3,14,14,0,14,1,1,0,2,2,0
S01012700,Other central heating,13,3,10,10,1,9,3,2,1,0,0,0
S01012700,Two or more types of central heating,7,2,5,6,1,5,0,0,0,1,1,0
S01012701,All people in households,551,88,463,484,36,448,54,39,15,13,13,0
S01012701,No central heating,1,0,1,1,0,1,0,0,0,0,0,0
S01012701,Gas central heating,508,79,429,451,33,418,46,35,11,11,11,0
S01012701,Electric (including storage heaters) central heating,11,5,6,7,1,6,4,4,0,0,0,0
S01012701,Oil central heating,27,4,23,22,2,20,3,0,3,2,2,0
S01012701,Solid fuel (for example wood coal) central heating,0,0,0,0,0,0,0,0,0,0,0,0
S01012701,Other central heating,2,0,2,2,0,2,0,0,0,0,0,0
S01012701,Two or more types of central heating,2,0,2,1,0,1,1,0,1,0,0,0
S01012702,All people in households,588,93,495,503,25,478,61,44,17,24,24,0
S01012702,No central heating,2,0,2,2,0,2,0,0,0,0,0,0
S01012702,Gas central heating,565,88,477,483,22,461,58,42,16,24,24,0
S01012702,Electric (including storage heaters) central heating,3,2,1,2,1,1,1,1,0,0,0,0
S01012702,Oil central heating,0,0,0,0,0,0,0,0,0,0,0,0
S01012702,Solid fuel (for example wood coal) central heating,0,0,0,0,0,0,0,0,0,0,0,0
S01012702,Other central heating,0,0,0,0,0,0,0,0,0,0,0,0
S01012702,Two or more types of central heating,18,3,15,16,2,14,2,1,1,0,0,0
S01012703,All people in households,606,59,547,549,20,529,38,23,15,19,16,3
S01012703,No central heating,4,1,3,4,1,3,0,0,0,0,0,0
S01012703,Gas central heating,598,58,540,541,19,522,38,23,15,19,16,3
S01012703,Electric (including storage heaters) central heating,0,0,0,0,0,0,0,0,0,0,0,0
S01012703,Oil central heating,0,0,0,0,0,0,0,0,0,0,0,0
S01012703,Solid fuel (for example wood coal) central heating,0,0,0,0,0,0,0,0,0,0,0,0
S01012703,Other central heating,0,0,0,0,0,0,0,0,0,0,0,0
S01012703,Two or more types of central heating,4,0,4,4,0,4,0,0,0,0,0,0
S01012704,All people in households,772,183,589,613,56,557,101,72,29,58,55,3
S01012704,No central heating,2,1,1,2,1,1,0,0,0,0,0,0
S01012704,Gas central heating,757,179,578,603,55,548,96,69,27,58,55,3
S01012704,Electric (including storage heaters) central heating,3,0,3,2,0,2,1,0,1,0,0,0
S01012704,Oil central heating,0,0,0,0,0,0,0,0,0,0,0,0
S01012704,Solid fuel (for example wood coal) central heating,0,0,0,0,0,0,0,0,0,0,0,0
S01012704,Other central heating,1,0,1,1,0,1,0,0,0,0,0,0
S01012704,Two or more types of central heating,9,3,6,5,0,5,4,3,1,0,0,0
S01012705,All people in households,780,70,710,719,22,697,49,36,13,12,12,0
S01012705,No central heating,0,0,0,0,0,0,0,0,0,0,0,0
S01012705,Gas central heating,767,66,701,710,22,688,47,34,13,10,10,0
S01012705,Electric (including storage heaters) central heating,0,0,0,0,0,0,0,0,0,0,0,0
S01012705,Oil central heating,5,3,2,2,0,2,1,1,0,2,2,0
S01012705,Solid fuel (for example wood coal) central heating,0,0,0,0,0,0,0,0,0,0,0,0
S01012705,Other central heating,0,0,0,0,0,0,0,0,0,0,0,0
S01012705,Two or more types of central heating,8,1,7,7,0,7,1,1,0,0,0,0
S01012706,All people in households,687,166,521,521,36,485,100,64,36,66,66,0
S01012706,No central heating,6,1,5,5,0,5,0,0,0,1,1,0
S01012706,Gas central heating,655,153,502,501,34,467,94,59,35,60,60,0
S01012706,Electric (including storage heaters) central heating,5,3,2,4,2,2,1,1,0,0,0,0
S01012706,Oil central heating,4,4,0,0,0,0,0,0,0,4,4,0
S01012706,Solid fuel (for example wood coal) central heating,1,0,1,1,0,1,0,0,0,0,0,0
S01012706,Other central heating,6,0,6,5,0,5,1,0,1,0,0,0
S01012706,Two or more types of central heating,10,5,5,5,0,5,4,4,0,1,1,0
S01012707,All people in households,898,112,786,787,40,747,95,56,39,16,16,0
S01012707,No central heating,4,0,4,4,0,4,0,0,0,0,0,0
S01012707,Gas central heating,877,108,769,770,39,731,92,54,38,15,15,0
S01012707,Electric (including storage heaters) central heating,4,2,2,2,1,1,2,1,1,0,0,0
S01012707,Oil central heating,2,1,1,1,0,1,0,0,0,1,1,0
S01012707,Solid fuel (for example wood coal) central heating,0,0,0,0,0,0,0,0,0,0,0,0
S01012707,Other central heating,5,0,5,5,0,5,0,0,0,0,0,0
S01012707,Two or more types of central heating,6,1,5,5,0,5,1,1,0,0,0,0
S01012708,All people in households,723,180,543,529,30,499,105,66,39,89,84,5
S01012708,No central heating,5,0,5,4,0,4,1,0,1,0,0,0
S01012708,Gas central heating,633,162,471,464,30,434,95,61,34,74,71,3
S01012708,Electric (including storage heaters) central heating,48,13,35,32,0,32,6,4,2,10,9,1
S01012708,Oil central heating,7,0,7,7,0,7,0,0,0,0,0,0
S01012708,Solid fuel (for example wood coal) central heating,5,0,5,4,0,4,1,0,1,0,0,0
S01012708,Other central heating,4,0,4,4,0,4,0,0,0,0,0,0
S01012708,Two or more types of central heating,21,5,16,14,0,14,2,1,1,5,4,1
S01012709,All people in households,506,138,368,376,25,351,81,64,17,49,49,0
S01012709,No central heating,0,0,0,0,0,0,0,0,0,0,0,0
S01012709,Gas central heating,474,130,344,350,23,327,80,63,17,44,44,0
S01012709,Electric (including storage heaters) central heating,4,3,1,1,0,1,0,0,0,3,3,0
S01012709,Oil central heating,0,0,0,0,0,0,0,0,0,0,0,0
S01012709,Solid fuel (for example wood coal) central heating,4,0,4,4,0,4,0,0,0,0,0,0
S01012709,Other central heating,1,1,0,0,0,0,0,0,0,1,1,0
S01012709,Two or more types of central heating,23,4,19,21,2,19,1,1,0,1,1,0
S01012710,All people in households,697,178,519,528,39,489,100,71,29,69,68,1
S01012710,No central heating,4,1,3,3,0,3,1,1,0,0,0,0
S01012710,Gas central heating,612,155,457,468,36,432,86,62,24,58,57,1
S01012710,Electric (including storage heaters) central heating,63,19,44,45,3,42,10,8,2,8,8,0
S01012710,Oil central heating,0,0,0,0,0,0,0,0,0,0,0,0
S01012710,Solid fuel (for example wood coal) central heating,3,0,3,3,0,3,0,0,0,0,0,0
S01012710,Other central heating,0,0,0,0,0,0,0,0,0,0,0,0
S01012710,Two or more types of central heating,15,3,12,9,0,9,3,0,3,3,3,0
S01012711,All people in households,768,246,522,514,42,472,156,109,47,98,95,3
S01012711,No central heating,7,4,3,2,0,2,4,3,1,1,1,0
S01012711,Gas central heating,532,160,372,363,27,336,110,77,33,59,56,3
S01012711,Electric (including storage heaters) central heating,218,79,139,142,15,127,39,27,12,37,37,0
S01012711,Oil central heating,4,0,4,4,0,4,0,0,0,0,0,0
S01012711,Solid fuel (for example wood coal) central heating,0,0,0,0,0,0,0,0,0,0,0,0
S01012711,Other central heating,0,0,0,0,0,0,0,0,0,0,0,0
S01012711,Two or more types of central heating,7,3,4,3,0,3,3,2,1,1,1,0
S01012712,All people in households,857,134,723,749,53,696,80,53,27,28,28,0
S01012712,No central heating,4,0,4,4,0,4,0,0,0,0,0,0
S01012712,Gas central heating,828,130,698,723,52,671,78,51,27,27,27,0
S01012712,Electric (including storage heaters) central heating,9,1,8,8,0,8,1,1,0,0,0,0
S01012712,Oil central heating,2,0,2,2,0,2,0,0,0,0,0,0
S01012712,Solid fuel (for example wood coal) central heating,1,1,0,0,0,0,1,1,0,0,0,0
S01012712,Other central heating,0,0,0,0,0,0,0,0,0,0,0,0
S01012712,Two or more types of central heating,13,2,11,12,1,11,0,0,0,1,1,0
S01012713,All people in households,727,153,574,600,54,546,94,67,27,33,32,1
S01012713,No central heating,12,1,11,11,0,11,1,1,0,0,0,0
S01012713,Gas central heating,694,143,551,575,50,525,86,61,25,33,32,1
S01012713,Electric (including storage heaters) central heating,11,4,7,6,1,5,5,3,2,0,0,0
S01012713,Oil central heating,7,3,4,6,2,4,1,1,0,0,0,0
S01012713,Solid fuel (for example wood coal) central heating,0,0,0,0,0,0,0,0,0,0,0,0
S01012713,Other central heating,1,1,0,1,1,0,0,0,0,0,0,0
S01012713,Two or more types of central heating,2,1,1,1,0,1,1,1,0,0,0,0
S01012714,All people in households,598,129,469,510,63,447,72,50,22,16,16,0
S01012714,No central heating,3,1,2,2,0,2,0,0,0,1,1,0
S01012714,Gas central heating,576,125,451,493,62,431,69,49,20,14,14,0
S01012714,Electric (including storage heaters) central heating,17,3,14,14,1,13,2,1,1,1,1,0
S01012714,Oil central heating,0,0,0,0,0,0,0,0,0,0,0,0
S01012714,Solid fuel (for example wood coal) central heating,0,0,0,0,0,0,0,0,0,0,0,0
S01012714,Other central heating,0,0,0,0,0,0,0,0,0,0,0,0
S01012714,Two or more types of central heating,2,0,2,1,0,1,1,0,1,0,0,0
S01012715,All people in households,696,179,517,513,38,475,131,94,37,52,47,5
S01012715,No central heating,6,2,4,5,1,4,1,1,0,0,0,0
S01012715,Gas central heating,640,165,475,468,34,434,126,89,37,46,42,4
S01012715,Electric (including storage heaters) central heating,43,11,32,35,3,32,4,4,0,4,4,0
S01012715,Oil central heating,0,0,0,0,0,0,0,0,0,0,0,0
S01012715,Solid fuel (for example wood coal) central heating,0,0,0,0,0,0,0,0,0,0,0,0
S01012715,Other central heating,1,0,1,1,0,1,0,0,0,0,0,0
S01012715,Two or more types of central heating,6,1,5,4,0,4,0,0,0,2,1,1
S01012716,All people in households,802,155,647,679,54,625,91,69,22,32,32,0
S01012716,No central heating,0,0,0,0,0,0,0,0,0,0,0,0
S01012716,Gas central heating,746,146,600,629,50,579,87,66,21,30,30,0
S01012716,Electric (including storage heaters) central heating,29,5,24,26,2,24,2,2,0,1,1,0
S01012716,Oil central heating,14,2,12,13,2,11,1,0,1,0,0,0
S01012716,Solid fuel (for example wood coal) central heating,0,0,0,0,0,0,0,0,0,0,0,0
S01012716,Other central heating,2,0,2,2,0,2,0,0,0,0,0,0
S01012716,Two or more types of central heating,11,2,9,9,0,9,1,1,0,1,1,0
S01012717,All people in households,945,272,673,683,67,616,191,136,55,71,69,2
S01012717,No central heating,16,5,11,10,0,10,6,5,1,0,0,0
S01012717,Gas central heating,687,157,530,532,41,491,109,71,38,46,45,1
S01012717,Electric (including storage heaters) central heating,215,101,114,124,24,100,68,55,13,23,22,1
S01012717,Oil central heating,3,0,3,2,0,2,1,0,1,0,0,0
S01012717,Solid fuel (for example wood coal) central heating,0,0,0,0,0,0,0,0,0,0,0,0
S01012717,Other central heating,13,5,8,9,1,8,4,4,0,0,0,0
S01012717,Two or more types of central heating,11,4,7,6,1,5,3,1,2,2,2,0
S01012718,All people in households,942,190,752,762,41,721,119,89,30,61,60,1
S01012718,No central heating,10,3,7,8,1,7,2,2,0,0,0,0
S01012718,Gas central heating,785,152,633,638,33,605,96,69,27,51,50,1
S01012718,Electric (including storage heaters) central heating,123,30,93,97,7,90,20,17,3,6,6,0
S01012718,Oil central heating,3,0,3,3,0,3,0,0,0,0,0,0
S01012718,Solid fuel (for example wood coal) central heating,2,1,1,1,0,1,0,0,0,1,1,0
S01012718,Other central heating,0,0,0,0,0,0,0,0,0,0,0,0
S01012718,Two or more types of central heating,19,4,15,15,0,15,1,1,0,3,3,0
S01012719,All people in households,771,166,605,607,39,568,112,76,36,52,51,1
S01012719,No central heating,14,3,11,7,0,7,5,1,4,2,2,0
S01012719,Gas central heating,580,130,450,458,33,425,85,60,25,37,37,0
S01012719,Electric (including storage heaters) central heating,148,26,122,121,6,115,20,13,7,7,7,0
S01012719,Oil central heating,0,0,0,0,0,0,0,0,0,0,0,0
S01012719,Solid fuel (for example wood coal) central heating,0,0,0,0,0,0,0,0,0,0,0,0
S01012719,Other central heating,6,1,5,5,0,5,0,0,0,1,1,0
S01012719,Two or more types of central heating,23,6,17,16,0,16,2,2,0,5,4,1
S01012720,All people in households,506,84,422,430,28,402,45,26,19,31,30,1
S01012720,No central heating,34,2,32,31,1,30,3,1,2,0,0,0
S01012720,Gas central heating,235,45,190,195,11,184,22,16,6,18,18,0
S01012720,Electric (including storage heaters) central heating,211,35,176,178,14,164,20,9,11,13,12,1
S01012720,Oil central heating,23,2,21,23,2,21,0,0,0,0,0,0
S01012720,Solid fuel (for example wood coal) central heating,0,0,0,0,0,0,0,0,0,0,0,0
S01012720,Other central heating,0,0,0,0,0,0,0,0,0,0,0,0
S01012720,Two or more types of central heating,3,0,3,3,0,3,0,0,0,0,0,0
S01012721,All people in households,644,140,504,501,30,471,97,66,31,46,44,2
S01012721,No central heating,1,0,1,1,0,1,0,0,0,0,0,0
S01012721,Gas central heating,564,123,441,437,26,411,85,57,28,42,40,2
S01012721,Electric (including storage heaters) central heating,70,12,58,60,4,56,7,5,2,3,3,0
S01012721,Oil central heating,0,0,0,0,0,0,0,0,0,0,0,0
S01012721,Solid fuel (for example wood coal) central heating,0,0,0,0,0,0,0,0,0,0,0,0
S01012721,Other central heating,1,1,0,0,0,0,1,1,0,0,0,0
S01012721,Two or more types of central heating,8,4,4,3,0,3,4,3,1,1,1,0
S01012722,All people in households,742,248,494,503,52,451,137,96,41,102,100,2
S01012722,No central heating,8,2,6,5,0,5,0,0,0,3,2,1
S01012722,Gas central heating,633,198,435,441,42,399,112,77,35,80,79,1
S01012722,Electric (including storage heaters) central heating,91,41,50,53,9,44,22,16,6,16,16,0
S01012722,Oil central heating,0,0,0,0,0,0,0,0,0,0,0,0
S01012722,Solid fuel (for example wood coal) central heating,0,0,0,0,0,0,0,0,0,0,0,0
S01012722,Other central heating,0,0,0,0,0,0,0,0,0,0,0,0
S01012722,Two or more types of central heating,10,7,3,4,1,3,3,3,0,3,3,0
S01012723,All people in households,688,192,496,489,31,458,122,85,37,77,76,1
S01012723,No central heating,3,3,0,1,1,0,1,1,0,1,1,0
S01012723,Gas central heating,620,166,454,452,29,423,98,68,30,70,69,1
S01012723,Electric (including storage heaters) central heating,35,14,21,17,0,17,15,11,4,3,3,0
S01012723,Oil central heating,0,0,0,0,0,0,0,0,0,0,0,0
S01012723,Solid fuel (for example wood coal) central heating,0,0,0,0,0,0,0,0,0,0,0,0
S01012723,Other central heating,0,0,0,0,0,0,0,0,0,0,0,0
S01012723,Two or more types of central heating,30,9,21,19,1,18,8,5,3,3,3,0
S01012724,All people in households,728,182,546,559,43,516,110,82,28,59,57,2
S01012724,No central heating,11,1,10,11,1,10,0,0,0,0,0,0
S01012724,Gas central heating,520,116,404,413,28,385,73,56,17,34,32,2
S01012724,Electric (including storage heaters) central heating,182,57,125,128,13,115,33,23,10,21,21,0
S01012724,Oil central heating,0,0,0,0,0,0,0,0,0,0,0,0
S01012724,Solid fuel (for example wood coal) central heating,1,1,0,1,1,0,0,0,0,0,0,0
S01012724,Other central heating,5,1,4,4,0,4,0,0,0,1,1,0
S01012724,Two or more types of central heating,9,6,3,2,0,2,4,3,1,3,3,0
S01012725,All people in households,881,175,706,705,41,664,119,80,39,57,54,3
S01012725,No central heating,12,2,10,10,0,10,1,1,0,1,1,0
S01012725,Gas central heating,675,125,550,548,27,521,84,57,27,43,41,2
S01012725,Electric (including storage heaters) central heating,171,44,127,127,11,116,31,21,10,13,12,1
S01012725,Oil central heating,6,2,4,5,1,4,1,1,0,0,0,0
S01012725,Solid fuel (for example wood coal) central heating,0,0,0,0,0,0,0,0,0,0,0,0
S01012725,Other central heating,1,0,1,0,0,0,1,0,1,0,0,0
S01012725,Two or more types of central heating,16,2,14,15,2,13,1,0,1,0,0,0
S01012726,All people in households,641,164,477,497,51,446,93,63,30,51,50,1
S01012726,No central heating,5,1,4,4,0,4,1,1,0,0,0,0
S01012726,Gas central heating,549,142,407,424,43,381,77,52,25,48,47,1
S01012726,Electric (including storage heaters) central heating,75,20,55,57,7,50,15,10,5,3,3,0
S01012726,Oil central heating,2,1,1,2,1,1,0,0,0,0,0,0
S01012726,Solid fuel (for example wood coal) central heating,0,0,0,0,0,0,0,0,0,0,0,0
S01012726,Other central heating,0,0,0,0,0,0,0,0,0,0,0,0
S01012726,Two or more types of central heating,10,0,10,10,0,10,0,0,0,0,0,0
S01012727,All people in households,708,194,514,509,41,468,118,73,45,81,80,1
S01012727,No central heating,12,3,9,9,2,7,2,0,2,1,1,0
S01012727,Gas central heating,636,173,463,460,33,427,100,65,35,76,75,1
S01012727,Electric (including storage heaters) central heating,32,11,21,18,3,15,12,6,6,2,2,0
S01012727,Oil central heating,0,0,0,0,0,0,0,0,0,0,0,0
S01012727,Solid fuel (for example wood coal) central heating,3,2,1,1,0,1,0,0,0,2,2,0
S01012727,Other central heating,0,0,0,0,0,0,0,0,0,0,0,0
S01012727,Two or more types of central heating,25,5,20,21,3,18,4,2,2,0,0,0
S01012728,All people in households,814,199,615,619,55,564,124,77,47,71,67,4
S01012728,No central heating,0,0,0,0,0,0,0,0,0,0,0,0
S01012728,Gas central heating,751,182,569,574,49,525,111,70,41,66,63,3
S01012728,Electric (including storage heaters) central heating,22,6,16,18,3,15,3,3,0,1,0,1
S01012728,Oil central heating,0,0,0,0,0,0,0,0,0,0,0,0
S01012728,Solid fuel (for example wood coal) central heating,0,0,0,0,0,0,0,0,0,0,0,0
S01012728,Other central heating,7,1,6,5,0,5,2,1,1,0,0,0
S01012728,Two or more types of central heating,34,10,24,22,3,19,8,3,5,4,4,0
S01012729,All people in households,837,134,703,700,29,671,80,49,31,57,56,1
S01012729,No central heating,8,3,5,5,0,5,3,3,0,0,0,0
S01012729,Gas central heating,793,124,669,666,27,639,74,45,29,53,52,1
S01012729,Electric (including storage heaters) central heating,14,2,12,11,0,11,1,0,1,2,2,0
S01012729,Oil central heating,1,0,1,1,0,1,0,0,0,0,0,0
S01012729,Solid fuel (for example wood coal) central heating,0,0,0,0,0,0,0,0,0,0,0,0
S01012729,Other central heating,2,1,1,1,0,1,1,1,0,0,0,0
S01012729,Two or more types of central heating,19,4,15,16,2,14,1,0,1,2,2,0
S01012730,All people in households,556,120,436,425,25,400,89,54,35,42,41,1
S01012730,No central heating,14,2,12,11,0,11,2,1,1,1,1,0
S01012730,Gas central heating,195,54,141,137,11,126,39,24,15,19,19,0
S01012730,Electric (including storage heaters) central heating,338,61,277,270,13,257,48,29,19,20,19,1
S01012730,Oil central heating,7,3,4,5,1,4,0,0,0,2,2,0
S01012730,Solid fuel (for example wood coal) central heating,0,0,0,0,0,0,0,0,0,0,0,0
S01012730,Other central heating,0,0,0,0,0,0,0,0,0,0,0,0
S01012730,Two or more types of central heating,2,0,2,2,0,2,0,0,0,0,0,0
S01012731,All people in households,797,171,626,622,38,584,124,82,42,51,51,0
S01012731,No central heating,9,1,8,8,0,8,1,1,0,0,0,0
S01012731,Gas central heating,626,133,493,492,31,461,94,62,32,40,40,0
S01012731,Electric (including storage heaters) central heating,149,35,114,111,7,104,28,18,10,10,10,0
S01012731,Oil central heating,6,0,6,6,0,6,0,0,0,0,0,0
S01012731,Solid fuel (for example wood coal) central heating,0,0,0,0,0,0,0,0,0,0,0,0
S01012731,Other central heating,4,1,3,3,0,3,0,0,0,1,1,0
S01012731,Two or more types of central heating,3,1,2,2,0,2,1,1,0,0,0,0
S01012732,All people in households,678,142,536,534,26,508,96,69,27,48,47,1
S01012732,No central heating,31,6,25,26,1,25,4,4,0,1,1,0
S01012732,Gas central heating,79,13,66,69,7,62,7,3,4,3,3,0
S01012732,Electric (including storage heaters) central heating,558,120,438,432,18,414,85,62,23,41,40,1
S01012732,Oil central heating,6,1,5,5,0,5,0,0,0,1,1,0
S01012732,Solid fuel (for example wood coal) central heating,0,0,0,0,0,0,0,0,0,0,0,0
S01012732,Other central heating,1,1,0,0,0,0,0,0,0,1,1,0
S01012732,Two or more types of central heating,3,1,2,2,0,2,0,0,0,1,1,0
S01012733,All people in households,1087,75,1012,1013,24,989,54,32,22,20,19,1
S01012733,No central heating,2,2,0,1,1,0,0,0,0,1,1,0
S01012733,Gas central heating,962,58,904,909,21,888,40,24,16,13,13,0
S01012733,Electric (including storage heaters) central heating,23,1,22,19,0,19,2,0,2,2,1,1
S01012733,Oil central heating,59,10,49,49,2,47,9,7,2,1,1,0
S01012733,Solid fuel (for example wood coal) central heating,6,1,5,5,0,5,0,0,0,1,1,0
S01012733,Other central heating,6,0,6,6,0,6,0,0,0,0,0,0
S01012733,Two or more types of central heating,29,3,26,24,0,24,3,1,2,2,2,0
S01012734,All people in households,640,38,602,610,17,593,22,14,8,8,7,1
S01012734,No central heating,0,0,0,0,0,0,0,0,0,0,0,0
S01012734,Gas central heating,628,31,597,605,16,589,18,11,7,5,4,1
S01012734,Electric (including storage heaters) central heating,6,1,5,4,0,4,1,0,1,1,1,0
S01012734,Oil central heating,2,2,0,0,0,0,1,1,0,1,1,0
S01012734,Solid fuel (for example wood coal) central heating,0,0,0,0,0,0,0,0,0,0,0,0
S01012734,Other central heating,0,0,0,0,0,0,0,0,0,0,0,0
S01012734,Two or more types of central heating,4,4,0,1,1,0,2,2,0,1,1,0
S01012735,All people in households,476,126,350,366,39,327,66,44,22,44,43,1
S01012735,No central heating,3,0,3,3,0,3,0,0,0,0,0,0
S01012735,Gas central heating,382,101,281,291,29,262,53,35,18,38,37,1
S01012735,Electric (including storage heaters) central heating,75,22,53,61,10,51,9,7,2,5,5,0
S01012735,Oil central heating,6,1,5,5,0,5,0,0,0,1,1,0
S01012735,Solid fuel (for example wood coal) central heating,0,0,0,0,0,0,0,0,0,0,0,0
S01012735,Other central heating,0,0,0,0,0,0,0,0,0,0,0,0
S01012735,Two or more types of central heating,10,2,8,6,0,6,4,2,2,0,0,0
S01012736,All people in households,959,178,781,803,59,744,95,61,34,61,58,3
S01012736,No central heating,2,0,2,2,0,2,0,0,0,0,0,0
S01012736,Gas central heating,919,170,749,770,58,712,93,59,34,56,53,3
S01012736,Electric (including storage heaters) central heating,14,5,9,9,0,9,2,2,0,3,3,0
S01012736,Oil central heating,4,1,3,3,0,3,0,0,0,1,1,0
S01012736,Solid fuel (for example wood coal) central heating,1,1,0,0,0,0,0,0,0,1,1,0
S01012736,Other central heating,0,0,0,0,0,0,0,0,0,0,0,0
S01012736,Two or more types of central heating,19,1,18,19,1,18,0,0,0,0,0,0
S01012737,All people in households,800,115,685,667,22,645,92,55,37,41,38,3
S01012737,No central heating,0,0,0,0,0,0,0,0,0,0,0,0
S01012737,Gas central heating,713,102,611,592,16,576,87,54,33,34,32,2
S01012737,Electric (including storage heaters) central heating,57,5,52,50,0,50,2,0,2,5,5,0
S01012737,Oil central heating,6,0,6,6,0,6,0,0,0,0,0,0
S01012737,Solid fuel (for example wood coal) central heating,2,2,0,2,2,0,0,0,0,0,0,0
S01012737,Other central heating,4,1,3,2,0,2,2,1,1,0,0,0
S01012737,Two or more types of central heating,18,5,13,15,4,11,1,0,1,2,1,1
S01012738,All people in households,612,134,478,476,32,444,71,42,29,65,60,5
S01012738,No central heating,3,2,1,1,1,0,2,1,1,0,0,0
S01012738,Gas central heating,583,126,457,453,28,425,68,41,27,62,57,5
S01012738,Electric (including storage heaters) central heating,10,1,9,9,1,8,1,0,1,0,0,0
S01012738,Oil central heating,1,1,0,0,0,0,0,0,0,1,1,0
S01012738,Solid fuel (for example wood coal) central heating,0,0,0,0,0,0,0,0,0,0,0,0
S01012738,Other central heating,0,0,0,0,0,0,0,0,0,0,0,0
S01012738,Two or more types of central heating,15,4,11,13,2,11,0,0,0,2,2,0
S01012739,All people in households,841,66,775,789,32,757,42,24,18,10,10,0
S01012739,No central heating,4,0,4,4,0,4,0,0,0,0,0,0
S01012739,Gas central heating,821,64,757,772,32,740,40,23,17,9,9,0
S01012739,Electric (including storage heaters) central heating,4,0,4,4,0,4,0,0,0,0,0,0
S01012739,Oil central heating,0,0,0,0,0,0,0,0,0,0,0,0
S01012739,Solid fuel (for example wood coal) central heating,0,0,0,0,0,0,0,0,0,0,0,0
S01012739,Other central heating,0,0,0,0,0,0,0,0,0,0,0,0
S01012739,Two or more types of central heating,12,2,10,9,0,9,2,1,1,1,1,0
S01012740,All people in households,890,65,825,821,23,798,47,21,26,22,21,1
S01012740,No central heating,0,0,0,0,0,0,0,0,0,0,0,0
S01012740,Gas central heating,852,65,787,784,23,761,46,21,25,22,21,1
S01012740,Electric (including storage heaters) central heating,12,0,12,11,0,11,1,0,1,0,0,0
S01012740,Oil central heating,4,0,4,4,0,4,0,0,0,0,0,0
S01012740,Solid fuel (for example wood coal) central heating,0,0,0,0,0,0,0,0,0,0,0,0
S01012740,Other central heating,2,0,2,2,0,2,0,0,0,0,0,0
S01012740,Two or more types of central heating,20,0,20,20,0,20,0,0,0,0,0,0
S01012741,All people in households,555,54,501,488,14,474,56,30,26,11,10,1
S01012741,No central heating,4,0,4,4,0,4,0,0,0,0,0,0
S01012741,Gas central heating,504,51,453,440,12,428,54,30,24,10,9,1
S01012741,Electric (including storage heaters) central heating,47,3,44,44,2,42,2,0,2,1,1,0
S01012741,Oil central heating,0,0,0,0,0,0,0,0,0,0,0,0
S01012741,Solid fuel (for example wood coal) central heating,0,0,0,0,0,0,0,0,0,0,0,0
S01012741,Other central heating,0,0,0,0,0,0,0,0,0,0,0,0
S01012741,Two or more types of central heating,0,0,0,0,0,0,0,0,0,0,0,0
S01012742,All people in households,689,90,599,612,33,579,57,37,20,20,20,0
S01012742,No central heating,4,0,4,4,0,4,0,0,0,0,0,0
S01012742,Gas central heating,664,84,580,593,33,560,54,34,20,17,17,0
S01012742,Electric (including storage heaters) central heating,8,3,5,5,0,5,0,0,0,3,3,0
S01012742,Oil central heating,1,0,1,1,0,1,0,0,0,0,0,0
S01012742,Solid fuel (for example wood coal) central heating,6,1,5,5,0,5,1,1,0,0,0,0
S01012742,Other central heating,3,2,1,1,0,1,2,2,0,0,0,0
S01012742,Two or more types of central heating,3,0,3,3,0,3,0,0,0,0,0,0
S01012743,All people in households,581,102,479,493,30,463,59,44,15,29,28,1
S01012743,No central heating,1,0,1,1,0,1,0,0,0,0,0,0
S01012743,Gas central heating,557,97,460,473,28,445,56,42,14,28,27,1
S01012743,Electric (including storage heaters) central heating,9,3,6,7,1,6,1,1,0,1,1,0
S01012743,Oil central heating,8,0,8,7,0,7,1,0,1,0,0,0
S01012743,Solid fuel (for example wood coal) central heating,0,0,0,0,0,0,0,0,0,0,0,0
S01012743,Other central heating,0,0,0,0,0,0,0,0,0,0,0,0
S01012743,Two or more types of central heating,6,2,4,5,1,4,1,1,0,0,0,0
S01012744,All people in households,675,86,589,586,26,560,59,30,29,30,30,0
S01012744,No central heating,2,2,0,1,1,0,1,1,0,0,0,0
S01012744,Gas central heating,643,77,566,560,22,538,55,27,28,28,28,0
S01012744,Electric (including storage heaters) central heating,23,5,18,21,3,18,1,1,0,1,1,0
S01012744,Oil central heating,3,2,1,1,0,1,1,1,0,1,1,0
S01012744,Solid fuel (for example wood coal) central heating,0,0,0,0,0,0,0,0,0,0,0,0
S01012744,Other central heating,0,0,0,0,0,0,0,0,0,0,0,0
S01012744,Two or more types of central heating,4,0,4,3,0,3,1,0,1,0,0,0
S01012745,All people in households,704,122,582,610,46,564,70,53,17,24,23,1
S01012745,No central heating,0,0,0,0,0,0,0,0,0,0,0,0
S01012745,Gas central heating,682,115,567,594,44,550,64,48,16,24,23,1
S01012745,Electric (including storage heaters) central heating,16,5,11,11,1,10,5,4,1,0,0,0
S01012745,Oil central heating,3,1,2,2,0,2,1,1,0,0,0,0
S01012745,Solid fuel (for example wood coal) central heating,0,0,0,0,0,0,0,0,0,0,0,0
S01012745,Other central heating,0,0,0,0,0,0,0,0,0,0,0,0
S01012745,Two or more types of central heating,3,1,2,3,1,2,0,0,0,0,0,0
S01012746,All people in households,772,113,659,674,39,635,60,37,23,38,37,1
S01012746,No central heating,1,0,1,1,0,1,0,0,0,0,0,0
S01012746,Gas central heating,747,109,638,651,36,615,59,36,23,37,37,0
S01012746,Electric (including storage heaters) central heating,15,3,12,14,3,11,0,0,0,1,0,1
S01012746,Oil central heating,0,0,0,0,0,0,0,0,0,0,0,0
S01012746,Solid fuel (for example wood coal) central heating,0,0,0,0,0,0,0,0,0,0,0,0
S01012746,Other central heating,0,0,0,0,0,0,0,0,0,0,0,0
S01012746,Two or more types of central heating,9,1,8,8,0,8,1,1,0,0,0,0
S01012747,All people in households,831,155,676,680,36,644,98,67,31,53,52,1
S01012747,No central heating,10,0,10,9,0,9,1,0,1,0,0,0
S01012747,Gas central heating,780,143,637,642,36,606,95,65,30,43,42,1
S01012747,Electric (including storage heaters) central heating,20,4,16,16,0,16,0,0,0,4,4,0
S01012747,Oil central heating,0,0,0,0,0,0,0,0,0,0,0,0
S01012747,Solid fuel (for example wood coal) central heating,0,0,0,0,0,0,0,0,0,0,0,0
S01012747,Other central heating,2,1,1,1,0,1,1,1,0,0,0,0
S01012747,Two or more types of central heating,19,7,12,12,0,12,1,1,0,6,6,0
S01012748,All people in households,829,245,584,583,50,533,138,96,42,108,99,9
S01012748,No central heating,10,6,4,5,2,3,3,2,1,2,2,0
S01012748,Gas central heating,738,219,519,517,46,471,119,80,39,102,93,9
S01012748,Electric (including storage heaters) central heating,31,5,26,26,0,26,4,4,0,1,1,0
S01012748,Oil central heating,0,0,0,0,0,0,0,0,0,0,0,0
S01012748,Solid fuel (for example wood coal) central heating,0,0,0,0,0,0,0,0,0,0,0,0
S01012748,Other central heating,3,0,3,2,0,2,1,0,1,0,0,0
S01012748,Two or more types of central heating,47,15,32,33,2,31,11,10,1,3,3,0
S01012749,All people in households,876,198,678,696,54,642,111,78,33,69,66,3
S01012749,No central heating,5,2,3,3,0,3,0,0,0,2,2,0
S01012749,Gas central heating,743,171,572,595,50,545,93,67,26,55,54,1
S01012749,Electric (including storage heaters) central heating,105,17,88,84,2,82,13,9,4,8,6,2
S01012749,Oil central heating,0,0,0,0,0,0,0,0,0,0,0,0
S01012749,Solid fuel (for example wood coal) central heating,1,1,0,0,0,0,1,1,0,0,0,0
S01012749,Other central heating,0,0,0,0,0,0,0,0,0,0,0,0
S01012749,Two or more types of central heating,22,7,15,14,2,12,4,1,3,4,4,0
S01012750,All people in households,788,180,608,613,46,567,105,65,40,70,69,1
S01012750,No central heating,3,1,2,1,0,1,1,0,1,1,1,0
S01012750,Gas central heating,715,158,557,562,41,521,89,54,35,64,63,1
S01012750,Electric (including storage heaters) central heating,45,15,30,31,3,28,11,9,2,3,3,0
S01012750,Oil central heating,0,0,0,0,0,0,0,0,0,0,0,0
S01012750,Solid fuel (for example wood coal) central heating,0,0,0,0,0,0,0,0,0,0,0,0
S01012750,Other central heating,1,0,1,1,0,1,0,0,0,0,0,0
S01012750,Two or more types of central heating,24,6,18,18,2,16,4,2,2,2,2,0
S01012751,All people in households,817,260,557,568,60,508,171,125,46,78,75,3
S01012751,No central heating,28,9,19,18,2,16,8,5,3,2,2,0
S01012751,Gas central heating,274,71,203,214,21,193,41,32,9,19,18,1
S01012751,Electric (including storage heaters) central heating,473,170,303,306,36,270,114,82,32,53,52,1
S01012751,Oil central heating,5,0,5,5,0,5,0,0,0,0,0,0
S01012751,Solid fuel (for example wood coal) central heating,12,4,8,7,0,7,5,4,1,0,0,0
S01012751,Other central heating,16,3,13,12,0,12,3,2,1,1,1,0
S01012751,Two or more types of central heating,9,3,6,6,1,5,0,0,0,3,2,1
S01012752,All people in households,832,189,643,677,62,615,91,65,26,64,62,2
S01012752,No central heating,11,1,10,10,0,10,0,0,0,1,1,0
S01012752,Gas central heating,791,182,609,641,59,582,90,65,25,60,58,2
S01012752,Electric (including storage heaters) central heating,13,2,11,12,1,11,0,0,0,1,1,0
S01012752,Oil central heating,5,1,4,5,1,4,0,0,0,0,0,0
S01012752,Solid fuel (for example wood coal) central heating,4,0,4,4,0,4,0,0,0,0,0,0
S01012752,Other central heating,0,0,0,0,0,0,0,0,0,0,0,0
S01012752,Two or more types of central heating,8,3,5,5,1,4,1,0,1,2,2,0
S01012753,All people in households,496,131,365,365,27,338,76,51,25,55,53,2
S01012753,No central heating,7,2,5,6,1,5,0,0,0,1,1,0
S01012753,Gas central heating,475,126,349,346,23,323,75,51,24,54,52,2
S01012753,Electric (including storage heaters) central heating,5,0,5,5,0,5,0,0,0,0,0,0
S01012753,Oil central heating,0,0,0,0,0,0,0,0,0,0,0,0
S01012753,Solid fuel (for example wood coal) central heating,0,0,0,0,0,0,0,0,0,0,0,0
S01012753,Other central heating,0,0,0,0,0,0,0,0,0,0,0,0
S01012753,Two or more types of central heating,9,3,6,8,3,5,1,0,1,0,0,0
S01012754,All people in households,538,165,373,379,38,341,89,62,27,70,65,5
S01012754,No central heating,3,0,3,1,0,1,2,0,2,0,0,0
S01012754,Gas central heating,507,154,353,362,37,325,82,58,24,63,59,4
S01012754,Electric (including storage heaters) central heating,21,10,11,11,1,10,5,4,1,5,5,0
S01012754,Oil central heating,0,0,0,0,0,0,0,0,0,0,0,0
S01012754,Solid fuel (for example wood coal) central heating,0,0,0,0,0,0,0,0,0,0,0,0
S01012754,Other central heating,0,0,0,0,0,0,0,0,0,0,0,0
S01012754,Two or more types of central heating,7,1,6,5,0,5,0,0,0,2,1,1
S01012755,All people in households,499,159,340,328,25,303,96,61,35,75,73,2
S01012755,No central heating,2,1,1,1,0,1,1,1,0,0,0,0
S01012755,Gas central heating,471,149,322,311,23,288,87,55,32,73,71,2
S01012755,Electric (including storage heaters) central heating,6,2,4,4,0,4,2,2,0,0,0,0
S01012755,Oil central heating,1,0,1,1,0,1,0,0,0,0,0,0
S01012755,Solid fuel (for example wood coal) central heating,1,1,0,1,1,0,0,0,0,0,0,0
S01012755,Other central heating,6,0,6,5,0,5,1,0,1,0,0,0
S01012755,Two or more types of central heating,12,6,6,5,1,4,5,3,2,2,2,0
S01012756,All people in households,496,188,308,316,36,280,105,80,25,75,72,3
S01012756,No central heating,0,0,0,0,0,0,0,0,0,0,0,0
S01012756,Gas central heating,395,119,276,276,22,254,78,58,20,41,39,2
S01012756,Electric (including storage heaters) central heating,96,65,31,40,14,26,26,21,5,30,30,0
S01012756,Oil central heating,0,0,0,0,0,0,0,0,0,0,0,0
S01012756,Solid fuel (for example wood coal) central heating,0,0,0,0,0,0,0,0,0,0,0,0
S01012756,Other central heating,0,0,0,0,0,0,0,0,0,0,0,0
S01012756,Two or more types of central heating,5,4,1,0,0,0,1,1,0,4,3,1
S01012757,All people in households,461,141,320,307,20,287,95,64,31,59,57,2
S01012757,No central heating,7,0,7,6,0,6,1,0,1,0,0,0
S01012757,Gas central heating,415,131,284,277,20,257,81,56,25,57,55,2
S01012757,Electric (including storage heaters) central heating,37,9,28,24,0,24,11,7,4,2,2,0
S01012757,Oil central heating,0,0,0,0,0,0,0,0,0,0,0,0
S01012757,Solid fuel (for example wood coal) central heating,0,0,0,0,0,0,0,0,0,0,0,0
S01012757,Other central heating,0,0,0,0,0,0,0,0,0,0,0,0
S01012757,Two or more types of central heating,2,1,1,0,0,0,2,1,1,0,0,0
S01012758,All people in households,608,135,473,469,27,442,84,53,31,55,55,0
S01012758,No central heating,1,0,1,1,0,1,0,0,0,0,0,0
S01012758,Gas central heating,511,107,404,396,19,377,69,42,27,46,46,0
S01012758,Electric (including storage heaters) central heating,80,20,60,62,4,58,11,9,2,7,7,0
S01012758,Oil central heating,10,5,5,8,3,5,1,1,0,1,1,0
S01012758,Solid fuel (for example wood coal) central heating,0,0,0,0,0,0,0,0,0,0,0,0
S01012758,Other central heating,5,2,3,2,1,1,2,0,2,1,1,0
S01012758,Two or more types of central heating,1,1,0,0,0,0,1,1,0,0,0,0
S01012759,All people in households,722,191,531,530,37,493,113,76,37,79,78,1
S01012759,No central heating,11,3,8,10,2,8,1,1,0,0,0,0
S01012759,Gas central heating,526,139,387,386,23,363,82,58,24,58,58,0
S01012759,Electric (including storage heaters) central heating,150,36,114,112,9,103,23,13,10,15,14,1
S01012759,Oil central heating,20,7,13,14,2,12,3,2,1,3,3,0
S01012759,Solid fuel (for example wood coal) central heating,0,0,0,0,0,0,0,0,0,0,0,0
S01012759,Other central heating,0,0,0,0,0,0,0,0,0,0,0,0
S01012759,Two or more types of central heating,15,6,9,8,1,7,4,2,2,3,3,0
S01012760,All people in households,959,238,721,724,52,672,137,88,49,98,98,0
S01012760,No central heating,9,2,7,7,0,7,1,1,0,1,1,0
S01012760,Gas central heating,857,215,642,645,47,598,124,80,44,88,88,0
S01012760,Electric (including storage heaters) central heating,68,17,51,50,2,48,9,6,3,9,9,0
S01012760,Oil central heating,0,0,0,0,0,0,0,0,0,0,0,0
S01012760,Solid fuel (for example wood coal) central heating,0,0,0,0,0,0,0,0,0,0,0,0
S01012760,Other central heating,4,0,4,4,0,4,0,0,0,0,0,0
S01012760,Two or more types of central heating,21,4,17,18,3,15,3,1,2,0,0,0
S01012761,All people in households,754,193,561,553,48,505,138,85,53,63,60,3
S01012761,No central heating,12,3,9,7,0,7,5,3,2,0,0,0
S01012761,Gas central heating,611,145,466,464,38,426,96,58,38,51,49,2
S01012761,Electric (including storage heaters) central heating,109,35,74,68,7,61,33,21,12,8,7,1
S01012761,Oil central heating,0,0,0,0,0,0,0,0,0,0,0,0
S01012761,Solid fuel (for example wood coal) central heating,2,1,1,1,0,1,1,1,0,0,0,0
S01012761,Other central heating,0,0,0,0,0,0,0,0,0,0,0,0
S01012761,Two or more types of central heating,20,9,11,13,3,10,3,2,1,4,4,0
S01012762,All people in households,708,157,551,544,31,513,123,85,38,41,41,0
S01012762,No central heating,9,4,5,5,0,5,2,2,0,2,2,0
S01012762,Gas central heating,566,118,448,449,28,421,89,62,27,28,28,0
S01012762,Electric (including storage heaters) central heating,120,30,90,82,3,79,30,19,11,8,8,0
S01012762,Oil central heating,2,1,1,1,0,1,0,0,0,1,1,0
S01012762,Solid fuel (for example wood coal) central heating,2,2,0,0,0,0,1,1,0,1,1,0
S01012762,Other central heating,0,0,0,0,0,0,0,0,0,0,0,0
S01012762,Two or more types of central heating,9,2,7,7,0,7,1,1,0,1,1,0
S01012763,All people in households,402,98,304,299,16,283,62,42,20,41,40,1
S01012763,No central heating,3,0,3,3,0,3,0,0,0,0,0,0
S01012763,Gas central heating,379,91,288,285,16,269,58,40,18,36,35,1
S01012763,Electric (including storage heaters) central heating,13,4,9,8,0,8,3,2,1,2,2,0
S01012763,Oil central heating,0,0,0,0,0,0,0,0,0,0,0,0
S01012763,Solid fuel (for example wood coal) central heating,0,0,0,0,0,0,0,0,0,0,0,0
S01012763,Other central heating,0,0,0,0,0,0,0,0,0,0,0,0
S01012763,Two or more types of central heating,7,3,4,3,0,3,1,0,1,3,3,0
S01012764,All people in households,764,197,567,562,37,525,138,96,42,64,64,0
S01012764,No central heating,6,6,0,1,1,0,1,1,0,4,4,0
S01012764,Gas central heating,686,155,531,519,26,493,118,80,38,49,49,0
S01012764,Electric (including storage heaters) central heating,48,27,21,24,6,18,15,12,3,9,9,0
S01012764,Oil central heating,0,0,0,0,0,0,0,0,0,0,0,0
S01012764,Solid fuel (for example wood coal) central heating,3,1,2,2,0,2,1,1,0,0,0,0
S01012764,Other central heating,0,0,0,0,0,0,0,0,0,0,0,0
S01012764,Two or more types of central heating,21,8,13,16,4,12,3,2,1,2,2,0
S01012765,All people in households,717,152,565,556,27,529,92,57,35,69,68,1
S01012765,No central heating,12,4,8,7,1,6,2,0,2,3,3,0
S01012765,Gas central heating,690,144,546,536,24,512,89,56,33,65,64,1
S01012765,Electric (including storage heaters) central heating,0,0,0,0,0,0,0,0,0,0,0,0
S01012765,Oil central heating,2,0,2,2,0,2,0,0,0,0,0,0
S01012765,Solid fuel (for example wood coal) central heating,0,0,0,0,0,0,0,0,0,0,0,0
S01012765,Other central heating,6,3,3,5,2,3,1,1,0,0,0,0
S01012765,Two or more types of central heating,7,1,6,6,0,6,0,0,0,1,1,0
S01012766,All people in households,904,181,723,715,33,682,111,72,39,78,76,2
S01012766,No central heating,3,1,2,2,0,2,1,1,0,0,0,0
S01012766,Gas central heating,886,176,710,702,32,670,107,69,38,77,75,2
S01012766,Electric (including storage heaters) central heating,2,0,2,2,0,2,0,0,0,0,0,0
S01012766,Oil central heating,2,1,1,2,1,1,0,0,0,0,0,0
S01012766,Solid fuel (for example wood coal) central heating,0,0,0,0,0,0,0,0,0,0,0,0
S01012766,Other central heating,2,1,1,1,0,1,1,1,0,0,0,0
S01012766,Two or more types of central heating,9,2,7,6,0,6,2,1,1,1,1,0
S01012767,All people in households,568,94,474,482,30,452,62,42,20,24,22,2
S01012767,No central heating,3,0,3,3,0,3,0,0,0,0,0,0
S01012767,Gas central heating,555,93,462,471,30,441,61,42,19,23,21,2
S01012767,Electric (including storage heaters) central heating,10,1,9,8,0,8,1,0,1,1,1,0
S01012767,Oil central heating,0,0,0,0,0,0,0,0,0,0,0,0
S01012767,Solid fuel (for example wood coal) central heating,0,0,0,0,0,0,0,0,0,0,0,0
S01012767,Other central heating,0,0,0,0,0,0,0,0,0,0,0,0
S01012767,Two or more types of central heating,0,0,0,0,0,0,0,0,0,0,0,0
S01012768,All people in households,726,127,599,608,44,564,84,49,35,34,34,0
S01012768,No central heating,2,2,0,0,0,0,2,2,0,0,0,0
S01012768,Gas central heating,715,122,593,602,44,558,79,44,35,34,34,0
S01012768,Electric (including storage heaters) central heating,5,3,2,2,0,2,3,3,0,0,0,0
S01012768,Oil central heating,0,0,0,0,0,0,0,0,0,0,0,0
S01012768,Solid fuel (for example wood coal) central heating,2,0,2,2,0,2,0,0,0,0,0,0
S01012768,Other central heating,0,0,0,0,0,0,0,0,0,0,0,0
S01012768,Two or more types of central heating,2,0,2,2,0,2,0,0,0,0,0,0
S01012769,All people in households,442,37,405,400,14,386,31,12,19,11,11,0
S01012769,No central heating,2,0,2,2,0,2,0,0,0,0,0,0
S01012769,Gas central heating,417,35,382,376,12,364,30,12,18,11,11,0
S01012769,Electric (including storage heaters) central heating,12,1,11,12,1,11,0,0,0,0,0,0
S01012769,Oil central heating,0,0,0,0,0,0,0,0,0,0,0,0
S01012769,Solid fuel (for example wood coal) central heating,0,0,0,0,0,0,0,0,0,0,0,0
S01012769,Other central heating,0,0,0,0,0,0,0,0,0,0,0,0
S01012769,Two or more types of central heating,11,1,10,10,1,9,1,0,1,0,0,0
S01012770,All people in households,839,191,648,643,41,602,118,76,42,78,74,4
S01012770,No central heating,1,1,0,0,0,0,0,0,0,1,1,0
S01012770,Gas central heating,712,152,560,561,33,528,92,62,30,59,57,2
S01012770,Electric (including storage heaters) central heating,108,33,75,71,8,63,22,12,10,15,13,2
S01012770,Oil central heating,4,2,2,2,0,2,1,1,0,1,1,0
S01012770,Solid fuel (for example wood coal) central heating,0,0,0,0,0,0,0,0,0,0,0,0
S01012770,Other central heating,0,0,0,0,0,0,0,0,0,0,0,0
S01012770,Two or more types of central heating,14,3,11,9,0,9,3,1,2,2,2,0
S01012771,All people in households,705,160,545,534,36,498,110,65,45,61,59,2
S01012771,No central heating,14,1,13,13,0,13,0,0,0,1,1,0
S01012771,Gas central heating,636,150,486,477,33,444,101,61,40,58,56,2
S01012771,Electric (including storage heaters) central heating,41,5,36,35,1,34,5,3,2,1,1,0
S01012771,Oil central heating,0,0,0,0,0,0,0,0,0,0,0,0
S01012771,Solid fuel (for example wood coal) central heating,0,0,0,0,0,0,0,0,0,0,0,0
S01012771,Other central heating,2,2,0,1,1,0,0,0,0,1,1,0
S01012771,Two or more types of central heating,12,2,10,8,1,7,4,1,3,0,0,0
S01012772,All people in households,685,171,514,499,26,473,107,69,38,79,76,3
S01012772,No central heating,8,2,6,5,0,5,2,1,1,1,1,0
S01012772,Gas central heating,635,165,470,457,25,432,102,67,35,76,73,3
S01012772,Electric (including storage heaters) central heating,17,1,16,15,0,15,2,1,1,0,0,0
S01012772,Oil central heating,0,0,0,0,0,0,0,0,0,0,0,0
S01012772,Solid fuel (for example wood coal) central heating,11,1,10,10,0,10,0,0,0,1,1,0
S01012772,Other central heating,2,0,2,2,0,2,0,0,0,0,0,0
S01012772,Two or more types of central heating,12,2,10,10,1,9,1,0,1,1,1,0
S01012773,All people in households,853,218,635,644,49,595,131,93,38,78,76,2
S01012773,No central heating,3,1,2,1,0,1,2,1,1,0,0,0
S01012773,Gas central heating,788,205,583,591,45,546,123,88,35,74,72,2
S01012773,Electric (including storage heaters) central heating,34,6,28,30,3,27,3,2,1,1,1,0
S01012773,Oil central heating,8,2,6,6,0,6,0,0,0,2,2,0
S01012773,Solid fuel (for example wood coal) central heating,2,0,2,2,0,2,0,0,0,0,0,0
S01012773,Other central heating,0,0,0,0,0,0,0,0,0,0,0,0
S01012773,Two or more types of central heating,18,4,14,14,1,13,3,2,1,1,1,0
S01012774,All people in households,825,163,662,653,37,616,112,68,44,60,58,2
S01012774,No central heating,13,1,12,10,0,10,3,1,2,0,0,0
S01012774,Gas central heating,759,138,621,615,33,582,95,58,37,49,47,2
S01012774,Electric (including storage heaters) central heating,42,17,25,23,2,21,10,6,4,9,9,0
S01012774,Oil central heating,2,1,1,0,0,0,1,0,1,1,1,0
S01012774,Solid fuel (for example wood coal) central heating,0,0,0,0,0,0,0,0,0,0,0,0
S01012774,Other central heating,1,1,0,1,1,0,0,0,0,0,0,0
S01012774,Two or more types of central heating,8,5,3,4,1,3,3,3,0,1,1,0
S01012775,All people in households,409,104,305,308,18,290,65,50,15,36,36,0
S01012775,No central heating,2,0,2,2,0,2,0,0,0,0,0,0
S01012775,Gas central heating,357,90,267,271,15,256,53,42,11,33,33,0
S01012775,Electric (including storage heaters) central heating,48,12,36,34,2,32,12,8,4,2,2,0
S01012775,Oil central heating,0,0,0,0,0,0,0,0,0,0,0,0
S01012775,Solid fuel (for example wood coal) central heating,1,1,0,0,0,0,0,0,0,1,1,0
S01012775,Other central heating,0,0,0,0,0,0,0,0,0,0,0,0
S01012775,Two or more types of central heating,1,1,0,1,1,0,0,0,0,0,0,0
S01012776,All people in households,738,188,550,558,51,507,98,60,38,82,77,5
S01012776,No central heating,2,0,2,2,0,2,0,0,0,0,0,0
S01012776,Gas central heating,700,179,521,527,46,481,95,57,38,78,76,2
S01012776,Electric (including storage heaters) central heating,9,2,7,8,1,7,1,1,0,0,0,0
S01012776,Oil central heating,0,0,0,0,0,0,0,0,0,0,0,0
S01012776,Solid fuel (for example wood coal) central heating,2,1,1,1,0,1,1,1,0,0,0,0
S01012776,Other central heating,10,1,9,10,1,9,0,0,0,0,0,0
S01012776,Two or more types of central heating,15,5,10,10,3,7,1,1,0,4,1,3
S01012777,All people in households,969,135,834,859,54,805,79,50,29,31,31,0
S01012777,No central heating,4,1,3,4,1,3,0,0,0,0,0,0
S01012777,Gas central heating,903,107,796,811,41,770,67,41,26,25,25,0
S01012777,Electric (including storage heaters) central heating,50,21,29,38,11,27,8,6,2,4,4,0
S01012777,Oil central heating,0,0,0,0,0,0,0,0,0,0,0,0
S01012777,Solid fuel (for example wood coal) central heating,0,0,0,0,0,0,0,0,0,0,0,0
S01012777,Other central heating,0,0,0,0,0,0,0,0,0,0,0,0
S01012777,Two or more types of central heating,12,6,6,6,1,5,4,3,1,2,2,0
S01012778,All people in households,732,142,590,586,24,562,91,66,25,55,52,3
S01012778,No central heating,2,1,1,1,1,0,1,0,1,0,0,0
S01012778,Gas central heating,680,123,557,553,22,531,79,56,23,48,45,3
S01012778,Electric (including storage heaters) central heating,38,12,26,27,1,26,7,7,0,4,4,0
S01012778,Oil central heating,0,0,0,0,0,0,0,0,0,0,0,0
S01012778,Solid fuel (for example wood coal) central heating,2,1,1,0,0,0,2,1,1,0,0,0
S01012778,Other central heating,3,0,3,3,0,3,0,0,0,0,0,0
S01012778,Two or more types of central heating,7,5,2,2,0,2,2,2,0,3,3,0
S01012779,All people in households,458,95,363,365,24,341,61,39,22,32,32,0
S01012779,No central heating,0,0,0,0,0,0,0,0,0,0,0,0
S01012779,Gas central heating,429,88,341,344,23,321,56,36,20,29,29,0
S01012779,Electric (including storage heaters) central heating,11,3,8,8,0,8,2,2,0,1,1,0
S01012779,Oil central heating,5,1,4,5,1,4,0,0,0,0,0,0
S01012779,Solid fuel (for example wood coal) central heating,4,0,4,2,0,2,2,0,2,0,0,0
S01012779,Other central heating,0,0,0,0,0,0,0,0,0,0,0,0
S01012779,Two or more types of central heating,9,3,6,6,0,6,1,1,0,2,2,0
S01012780,All people in households,731,175,556,560,42,518,113,78,35,58,55,3
S01012780,No central heating,10,1,9,7,0,7,3,1,2,0,0,0
S01012780,Gas central heating,684,167,517,524,41,483,106,75,31,54,51,3
S01012780,Electric (including storage heaters) central heating,19,2,17,15,0,15,3,1,2,1,1,0
S01012780,Oil central heating,0,0,0,0,0,0,0,0,0,0,0,0
S01012780,Solid fuel (for example wood coal) central heating,4,2,2,2,0,2,1,1,0,1,1,0
S01012780,Other central heating,0,0,0,0,0,0,0,0,0,0,0,0
S01012780,Two or more types of central heating,14,3,11,12,1,11,0,0,0,2,2,0
S01012781,All people in households,648,136,512,515,37,478,91,58,33,42,41,1
S01012781,No central heating,4,0,4,4,0,4,0,0,0,0,0,0
S01012781,Gas central heating,619,128,491,491,34,457,89,56,33,39,38,1
S01012781,Electric (including storage heaters) central heating,18,4,14,15,1,14,2,2,0,1,1,0
S01012781,Oil central heating,0,0,0,0,0,0,0,0,0,0,0,0
S01012781,Solid fuel (for example wood coal) central heating,0,0,0,0,0,0,0,0,0,0,0,0
S01012781,Other central heating,0,0,0,0,0,0,0,0,0,0,0,0
S01012781,Two or more types of central heating,7,4,3,5,2,3,0,0,0,2,2,0
S01012782,All people in households,614,178,436,429,36,393,105,65,40,80,77,3
S01012782,No central heating,6,0,6,6,0,6,0,0,0,0,0,0
S01012782,Gas central heating,580,174,406,403,36,367,99,63,36,78,75,3
S01012782,Electric (including storage heaters) central heating,10,4,6,6,0,6,2,2,0,2,2,0
S01012782,Oil central heating,0,0,0,0,0,0,0,0,0,0,0,0
S01012782,Solid fuel (for example wood coal) central heating,0,0,0,0,0,0,0,0,0,0,0,0
S01012782,Other central heating,2,0,2,0,0,0,2,0,2,0,0,0
S01012782,Two or more types of central heating,16,0,16,14,0,14,2,0,2,0,0,0
S01012783,All people in households,698,167,531,509,28,481,114,67,47,75,72,3
S01012783,No central heating,6,0,6,6,0,6,0,0,0,0,0,0
S01012783,Gas central heating,640,161,479,460,28,432,106,62,44,74,71,3
S01012783,Electric (including storage heaters) central heating,42,4,38,35,0,35,6,3,3,1,1,0
S01012783,Oil central heating,0,0,0,0,0,0,0,0,0,0,0,0
S01012783,Solid fuel (for example wood coal) central heating,0,0,0,0,0,0,0,0,0,0,0,0
S01012783,Other central heating,0,0,0,0,0,0,0,0,0,0,0,0
S01012783,Two or more types of central heating,10,2,8,8,0,8,2,2,0,0,0,0
S01012784,All people in households,745,183,562,572,52,520,108,70,38,65,61,4
S01012784,No central heating,13,3,10,11,1,10,2,2,0,0,0,0
S01012784,Gas central heating,287,55,232,230,14,216,44,29,15,13,12,1
S01012784,Electric (including storage heaters) central heating,429,119,310,320,36,284,62,39,23,47,44,3
S01012784,Oil central heating,1,1,0,0,0,0,0,0,0,1,1,0
S01012784,Solid fuel (for example wood coal) central heating,0,0,0,0,0,0,0,0,0,0,0,0
S01012784,Other central heating,0,0,0,0,0,0,0,0,0,0,0,0
S01012784,Two or more types of central heating,15,5,10,11,1,10,0,0,0,4,4,0
S01012785,All people in households,711,217,494,505,55,450,137,96,41,69,66,3
S01012785,No central heating,1,1,0,0,0,0,1,1,0,0,0,0
S01012785,Gas central heating,631,189,442,455,49,406,114,81,33,62,59,3
S01012785,Electric (including storage heaters) central heating,43,14,29,26,3,23,14,8,6,3,3,0
S01012785,Oil central heating,0,0,0,0,0,0,0,0,0,0,0,0
S01012785,Solid fuel (for example wood coal) central heating,0,0,0,0,0,0,0,0,0,0,0,0
S01012785,Other central heating,6,2,4,6,2,4,0,0,0,0,0,0
S01012785,Two or more types of central heating,30,11,19,18,1,17,8,6,2,4,4,0
S01012786,All people in households,692,220,472,471,39,432,124,87,37,97,94,3
S01012786,No central heating,9,2,7,7,0,7,1,1,0,1,1,0
S01012786,Gas central heating,499,157,342,344,27,317,88,66,22,67,64,3
S01012786,Electric (including storage heaters) central heating,164,53,111,107,9,98,32,19,13,25,25,0
S01012786,Oil central heating,0,0,0,0,0,0,0,0,0,0,0,0
S01012786,Solid fuel (for example wood coal) central heating,0,0,0,0,0,0,0,0,0,0,0,0
S01012786,Other central heating,1,1,0,0,0,0,0,0,0,1,1,0
S01012786,Two or more types of central heating,19,7,12,13,3,10,3,1,2,3,3,0
S01012787,All people in households,550,84,466,464,19,445,53,35,18,33,30,3
S01012787,No central heating,7,2,5,6,1,5,0,0,0,1,1,0
S01012787,Gas central heating,412,56,356,358,13,345,32,22,10,22,21,1
S01012787,Electric (including storage heaters) central heating,114,22,92,90,5,85,16,11,5,8,6,2
S01012787,Oil central heating,2,0,2,1,0,1,1,0,1,0,0,0
S01012787,Solid fuel (for example wood coal) central heating,0,0,0,0,0,0,0,0,0,0,0,0
S01012787,Other central heating,0,0,0,0,0,0,0,0,0,0,0,0
S01012787,Two or more types of central heating,15,4,11,9,0,9,4,2,2,2,2,0
S01012788,All people in households,615,150,465,470,36,434,88,60,28,57,54,3
S01012788,No central heating,13,1,12,10,0,10,1,1,0,2,0,2
S01012788,Gas central heating,559,142,417,425,33,392,82,57,25,52,52,0
S01012788,Electric (including storage heaters) central heating,33,2,31,29,1,28,3,0,3,1,1,0
S01012788,Oil central heating,0,0,0,0,0,0,0,0,0,0,0,0
S01012788,Solid fuel (for example wood coal) central heating,3,2,1,2,1,1,0,0,0,1,1,0
S01012788,Other central heating,0,0,0,0,0,0,0,0,0,0,0,0
S01012788,Two or more types of central heating,7,3,4,4,1,3,2,2,0,1,0,1
S01012789,All people in households,740,165,575,589,44,545,98,70,28,53,51,2
S01012789,No central heating,18,4,14,12,0,12,6,4,2,0,0,0
S01012789,Gas central heating,621,130,491,507,38,469,68,48,20,46,44,2
S01012789,Electric (including storage heaters) central heating,96,28,68,68,5,63,22,17,5,6,6,0
S01012789,Oil central heating,1,0,1,0,0,0,1,0,1,0,0,0
S01012789,Solid fuel (for example wood coal) central heating,0,0,0,0,0,0,0,0,0,0,0,0
S01012789,Other central heating,0,0,0,0,0,0,0,0,0,0,0,0
S01012789,Two or more types of central heating,4,3,1,2,1,1,1,1,0,1,1,0
S01012790,All people in households,587,90,497,509,23,486,49,38,11,29,29,0
S01012790,No central heating,7,1,6,6,0,6,0,0,0,1,1,0
S01012790,Gas central heating,423,74,349,355,15,340,43,34,9,25,25,0
S01012790,Electric (including storage heaters) central heating,149,13,136,141,7,134,6,4,2,2,2,0
S01012790,Oil central heating,4,1,3,4,1,3,0,0,0,0,0,0
S01012790,Solid fuel (for example wood coal) central heating,0,0,0,0,0,0,0,0,0,0,0,0
S01012790,Other central heating,2,1,1,1,0,1,0,0,0,1,1,0
S01012790,Two or more types of central heating,2,0,2,2,0,2,0,0,0,0,0,0
S01012791,All people in households,720,134,586,610,45,565,80,59,21,30,30,0
S01012791,No central heating,5,3,2,3,1,2,0,0,0,2,2,0
S01012791,Gas central heating,690,119,571,593,42,551,72,52,20,25,25,0
S01012791,Electric (including storage heaters) central heating,14,6,8,8,1,7,4,3,1,2,2,0
S01012791,Oil central heating,0,0,0,0,0,0,0,0,0,0,0,0
S01012791,Solid fuel (for example wood coal) central heating,0,0,0,0,0,0,0,0,0,0,0,0
S01012791,Other central heating,0,0,0,0,0,0,0,0,0,0,0,0
S01012791,Two or more types of central heating,11,6,5,6,1,5,4,4,0,1,1,0
S01012792,All people in households,842,219,623,610,42,568,150,97,53,82,80,2
S01012792,No central heating,7,3,4,5,1,4,1,1,0,1,1,0
S01012792,Gas central heating,782,199,583,570,37,533,138,90,48,74,72,2
S01012792,Electric (including storage heaters) central heating,48,15,33,31,3,28,11,6,5,6,6,0
S01012792,Oil central heating,0,0,0,0,0,0,0,0,0,0,0,0
S01012792,Solid fuel (for example wood coal) central heating,0,0,0,0,0,0,0,0,0,0,0,0
S01012792,Other central heating,0,0,0,0,0,0,0,0,0,0,0,0
S01012792,Two or more types of central heating,5,2,3,4,1,3,0,0,0,1,1,0
S01012793,All people in households,635,208,427,436,34,402,121,97,24,78,77,1
S01012793,No central heating,10,3,7,6,0,6,1,0,1,3,3,0
S01012793,Gas central heating,403,122,281,296,27,269,72,60,12,35,35,0
S01012793,Electric (including storage heaters) central heating,211,81,130,126,7,119,47,37,10,38,37,1
S01012793,Oil central heating,2,0,2,2,0,2,0,0,0,0,0,0
S01012793,Solid fuel (for example wood coal) central heating,0,0,0,0,0,0,0,0,0,0,0,0
S01012793,Other central heating,0,0,0,0,0,0,0,0,0,0,0,0
S01012793,Two or more types of central heating,9,2,7,6,0,6,1,0,1,2,2,0
S01012794,All people in households,590,100,490,496,33,463,66,40,26,28,27,1
S01012794,No central heating,4,2,2,2,0,2,1,1,0,1,1,0
S01012794,Gas central heating,496,80,416,420,26,394,56,35,21,20,19,1
S01012794,Electric (including storage heaters) central heating,73,14,59,59,4,55,7,3,4,7,7,0
S01012794,Oil central heating,0,0,0,0,0,0,0,0,0,0,0,0
S01012794,Solid fuel (for example wood coal) central heating,0,0,0,0,0,0,0,0,0,0,0,0
S01012794,Other central heating,1,0,1,1,0,1,0,0,0,0,0,0
S01012794,Two or more types of central heating,16,4,12,14,3,11,2,1,1,0,0,0
S01012795,All people in households,1029,286,743,742,58,684,175,117,58,112,111,1
S01012795,No central heating,6,2,4,4,0,4,2,2,0,0,0,0
S01012795,Gas central heating,991,279,712,716,58,658,167,114,53,108,107,1
S01012795,Electric (including storage heaters) central heating,10,4,6,3,0,3,4,1,3,3,3,0
S01012795,Oil central heating,0,0,0,0,0,0,0,0,0,0,0,0
S01012795,Solid fuel (for example wood coal) central heating,0,0,0,0,0,0,0,0,0,0,0,0
S01012795,Other central heating,3,0,3,3,0,3,0,0,0,0,0,0
S01012795,Two or more types of central heating,19,1,18,16,0,16,2,0,2,1,1,0
S01012796,All people in households,787,140,647,642,32,610,102,65,37,43,43,0
S01012796,No central heating,9,5,4,4,0,4,2,2,0,3,3,0
S01012796,Gas central heating,736,125,611,604,30,574,92,55,37,40,40,0
S01012796,Electric (including storage heaters) central heating,19,5,14,14,0,14,5,5,0,0,0,0
S01012796,Oil central heating,0,0,0,0,0,0,0,0,0,0,0,0
S01012796,Solid fuel (for example wood coal) central heating,0,0,0,0,0,0,0,0,0,0,0,0
S01012796,Other central heating,1,1,0,1,1,0,0,0,0,0,0,0
S01012796,Two or more types of central heating,22,4,18,19,1,18,3,3,0,0,0,0
S01012797,All people in households,690,124,566,551,33,518,88,40,48,51,51,0
S01012797,No central heating,4,0,4,4,0,4,0,0,0,0,0,0
S01012797,Gas central heating,648,117,531,515,30,485,84,38,46,49,49,0
S01012797,Electric (including storage heaters) central heating,12,2,10,11,1,10,1,1,0,0,0,0
S01012797,Oil central heating,3,0,3,3,0,3,0,0,0,0,0,0
S01012797,Solid fuel (for example wood coal) central heating,0,0,0,0,0,0,0,0,0,0,0,0
S01012797,Other central heating,5,1,4,2,0,2,2,0,2,1,1,0
S01012797,Two or more types of central heating,18,4,14,16,2,14,1,1,0,1,1,0
S01012798,All people in households,720,124,596,604,34,570,79,54,25,37,36,1
S01012798,No central heating,7,1,6,6,0,6,1,1,0,0,0,0
S01012798,Gas central heating,647,85,562,567,29,538,52,29,23,28,27,1
S01012798,Electric (including storage heaters) central heating,51,33,18,21,5,16,23,21,2,7,7,0
S01012798,Oil central heating,6,0,6,6,0,6,0,0,0,0,0,0
S01012798,Solid fuel (for example wood coal) central heating,1,1,0,0,0,0,1,1,0,0,0,0
S01012798,Other central heating,0,0,0,0,0,0,0,0,0,0,0,0
S01012798,Two or more types of central heating,8,4,4,4,0,4,2,2,0,2,2,0
S01012799,All people in households,778,154,624,650,56,594,89,60,29,39,38,1
S01012799,No central heating,9,1,8,9,1,8,0,0,0,0,0,0
S01012799,Gas central heating,690,122,568,592,48,544,65,42,23,33,32,1
S01012799,Electric (including storage heaters) central heating,55,26,29,30,6,24,20,15,5,5,5,0
S01012799,Oil central heating,2,0,2,2,0,2,0,0,0,0,0,0
S01012799,Solid fuel (for example wood coal) central heating,2,2,0,0,0,0,1,1,0,1,1,0
S01012799,Other central heating,1,1,0,1,1,0,0,0,0,0,0,0
S01012799,Two or more types of central heating,19,2,17,16,0,16,3,2,1,0,0,0
S01012800,All people in households,894,121,773,781,35,746,83,57,26,30,29,1
S01012800,No central heating,4,3,1,0,0,0,2,1,1,2,2,0
S01012800,Gas central heating,851,113,738,748,35,713,76,52,24,27,26,1
S01012800,Electric (including storage heaters) central heating,30,5,25,24,0,24,5,4,1,1,1,0
S01012800,Oil central heating,5,0,5,5,0,5,0,0,0,0,0,0
S01012800,Solid fuel (for example wood coal) central heating,0,0,0,0,0,0,0,0,0,0,0,0
S01012800,Other central heating,0,0,0,0,0,0,0,0,0,0,0,0
S01012800,Two or more types of central heating,4,0,4,4,0,4,0,0,0,0,0,0
S01012801,All people in households,426,107,319,342,37,305,65,52,13,19,18,1
S01012801,No central heating,3,0,3,2,0,2,1,0,1,0,0,0
S01012801,Gas central heating,302,53,249,259,19,240,30,22,8,13,12,1
S01012801,Electric (including storage heaters) central heating,121,54,67,81,18,63,34,30,4,6,6,0
S01012801,Oil central heating,0,0,0,0,0,0,0,0,0,0,0,0
S01012801,Solid fuel (for example wood coal) central heating,0,0,0,0,0,0,0,0,0,0,0,0
S01012801,Other central heating,0,0,0,0,0,0,0,0,0,0,0,0
S01012801,Two or more types of central heating,0,0,0,0,0,0,0,0,0,0,0,0
S01012802,All people in households,612,63,549,568,31,537,34,22,12,10,10,0
S01012802,No central heating,5,2,3,5,2,3,0,0,0,0,0,0
S01012802,Gas central heating,582,56,526,541,27,514,33,21,12,8,8,0
S01012802,Electric (including storage heaters) central heating,6,3,3,5,2,3,1,1,0,0,0,0
S01012802,Oil central heating,5,0,5,5,0,5,0,0,0,0,0,0
S01012802,Solid fuel (for example wood coal) central heating,0,0,0,0,0,0,0,0,0,0,0,0
S01012802,Other central heating,0,0,0,0,0,0,0,0,0,0,0,0
S01012802,Two or more types of central heating,14,2,12,12,0,12,0,0,0,2,2,0
S01012803,All people in households,675,87,588,599,37,562,57,33,24,19,17,2
S01012803,No central heating,0,0,0,0,0,0,0,0,0,0,0,0
S01012803,Gas central heating,665,87,578,591,37,554,55,33,22,19,17,2
S01012803,Electric (including storage heaters) central heating,5,0,5,3,0,3,2,0,2,0,0,0
S01012803,Oil central heating,4,0,4,4,0,4,0,0,0,0,0,0
S01012803,Solid fuel (for example wood coal) central heating,0,0,0,0,0,0,0,0,0,0,0,0
S01012803,Other central heating,0,0,0,0,0,0,0,0,0,0,0,0
S01012803,Two or more types of central heating,1,0,1,1,0,1,0,0,0,0,0,0
S01012804,All people in households,764,165,599,604,42,562,102,69,33,58,54,4
S01012804,No central heating,19,6,13,14,1,13,3,3,0,2,2,0
S01012804,Gas central heating,379,69,310,313,20,293,41,24,17,25,25,0
S01012804,Electric (including storage heaters) central heating,359,88,271,271,20,251,57,41,16,31,27,4
S01012804,Oil central heating,5,0,5,5,0,5,0,0,0,0,0,0
S01012804,Solid fuel (for example wood coal) central heating,0,0,0,0,0,0,0,0,0,0,0,0
S01012804,Other central heating,2,2,0,1,1,0,1,1,0,0,0,0
S01012804,Two or more types of central heating,0,0,0,0,0,0,0,0,0,0,0,0
S01012805,All people in households,912,209,703,722,63,659,131,90,41,59,56,3
S01012805,No central heating,11,3,8,9,2,7,2,1,1,0,0,0
S01012805,Gas central heating,850,189,661,675,57,618,123,83,40,52,49,3
S01012805,Electric (including storage heaters) central heating,30,11,19,22,3,19,3,3,0,5,5,0
S01012805,Oil central heating,4,2,2,3,1,2,1,1,0,0,0,0
S01012805,Solid fuel (for example wood coal) central heating,0,0,0,0,0,0,0,0,0,0,0,0
S01012805,Other central heating,0,0,0,0,0,0,0,0,0,0,0,0
S01012805,Two or more types of central heating,17,4,13,13,0,13,2,2,0,2,2,0
S01012806,All people in households,715,118,597,606,33,573,80,56,24,29,29,0
S01012806,No central heating,12,5,7,7,0,7,2,2,0,3,3,0
S01012806,Gas central heating,413,49,364,367,14,353,37,26,11,9,9,0
S01012806,Electric (including storage heaters) central heating,281,64,217,223,19,204,41,28,13,17,17,0
S01012806,Oil central heating,0,0,0,0,0,0,0,0,0,0,0,0
S01012806,Solid fuel (for example wood coal) central heating,0,0,0,0,0,0,0,0,0,0,0,0
S01012806,Other central heating,0,0,0,0,0,0,0,0,0,0,0,0
S01012806,Two or more types of central heating,9,0,9,9,0,9,0,0,0,0,0,0
S01012807,All people in households,587,68,519,537,27,510,40,31,9,10,10,0
S01012807,No central heating,0,0,0,0,0,0,0,0,0,0,0,0
S01012807,Gas central heating,570,64,506,524,27,497,36,27,9,10,10,0
S01012807,Electric (including storage heaters) central heating,1,0,1,1,0,1,0,0,0,0,0,0
S01012807,Oil central heating,2,0,2,2,0,2,0,0,0,0,0,0
S01012807,Solid fuel (for example wood coal) central heating,0,0,0,0,0,0,0,0,0,0,0,0
S01012807,Other central heating,0,0,0,0,0,0,0,0,0,0,0,0
S01012807,Two or more types of central heating,14,4,10,10,0,10,4,4,0,0,0,0
S01012808,All people in households,1059,205,854,871,57,814,128,90,38,60,58,2
S01012808,No central heating,5,1,4,4,0,4,0,0,0,1,1,0
S01012808,Gas central heating,839,145,694,708,38,670,92,69,23,39,38,1
S01012808,Electric (including storage heaters) central heating,195,56,139,143,18,125,32,19,13,20,19,1
S01012808,Oil central heating,3,0,3,3,0,3,0,0,0,0,0,0
S01012808,Solid fuel (for example wood coal) central heating,0,0,0,0,0,0,0,0,0,0,0,0
S01012808,Other central heating,1,0,1,1,0,1,0,0,0,0,0,0
S01012808,Two or more types of central heating,16,3,13,12,1,11,4,2,2,0,0,0
S01012809,All people in households,612,104,508,518,35,483,69,44,25,25,25,0
S01012809,No central heating,17,4,13,13,0,13,3,3,0,1,1,0
S01012809,Gas central heating,521,81,440,448,30,418,54,32,22,19,19,0
S01012809,Electric (including storage heaters) central heating,60,16,44,47,5,42,8,6,2,5,5,0
S01012809,Oil central heating,1,0,1,1,0,1,0,0,0,0,0,0
S01012809,Solid fuel (for example wood coal) central heating,0,0,0,0,0,0,0,0,0,0,0,0
S01012809,Other central heating,0,0,0,0,0,0,0,0,0,0,0,0
S01012809,Two or more types of central heating,13,3,10,9,0,9,4,3,1,0,0,0
S01012810,All people in households,836,225,611,604,46,558,148,97,51,84,82,2
S01012810,No central heating,7,4,3,2,0,2,2,1,1,3,3,0
S01012810,Gas central heating,786,212,574,568,43,525,140,93,47,78,76,2
S01012810,Electric (including storage heaters) central heating,34,9,25,26,3,23,5,3,2,3,3,0
S01012810,Oil central heating,0,0,0,0,0,0,0,0,0,0,0,0
S01012810,Solid fuel (for example wood coal) central heating,0,0,0,0,0,0,0,0,0,0,0,0
S01012810,Other central heating,0,0,0,0,0,0,0,0,0,0,0,0
S01012810,Two or more types of central heating,9,0,9,8,0,8,1,0,1,0,0,0
S01012811,All people in households,770,180,590,600,45,555,114,82,32,56,53,3
S01012811,No central heating,1,0,1,1,0,1,0,0,0,0,0,0
S01012811,Gas central heating,735,172,563,569,41,528,111,79,32,55,52,3
S01012811,Electric (including storage heaters) central heating,9,2,7,8,1,7,1,1,0,0,0,0
S01012811,Oil central heating,3,3,0,2,2,0,1,1,0,0,0,0
S01012811,Solid fuel (for example wood coal) central heating,0,0,0,0,0,0,0,0,0,0,0,0
S01012811,Other central heating,7,0,7,7,0,7,0,0,0,0,0,0
S01012811,Two or more types of central heating,15,3,12,13,1,12,1,1,0,1,1,0
S01012812,All people in households,666,92,574,572,31,541,72,39,33,22,22,0
S01012812,No central heating,0,0,0,0,0,0,0,0,0,0,0,0
S01012812,Gas central heating,658,92,566,566,31,535,70,39,31,22,22,0
S01012812,Electric (including storage heaters) central heating,6,0,6,4,0,4,2,0,2,0,0,0
S01012812,Oil central heating,0,0,0,0,0,0,0,0,0,0,0,0
S01012812,Solid fuel (for example wood coal) central heating,0,0,0,0,0,0,0,0,0,0,0,0
S01012812,Other central heating,0,0,0,0,0,0,0,0,0,0,0,0
S01012812,Two or more types of central heating,2,0,2,2,0,2,0,0,0,0,0,0
S01012813,All people in households,884,131,753,773,47,726,91,64,27,20,20,0
S01012813,No central heating,3,2,1,2,1,1,0,0,0,1,1,0
S01012813,Gas central heating,857,125,732,752,46,706,87,61,26,18,18,0
S01012813,Electric (including storage heaters) central heating,12,2,10,9,0,9,3,2,1,0,0,0
S01012813,Oil central heating,0,0,0,0,0,0,0,0,0,0,0,0
S01012813,Solid fuel (for example wood coal) central heating,0,0,0,0,0,0,0,0,0,0,0,0
S01012813,Other central heating,0,0,0,0,0,0,0,0,0,0,0,0
S01012813,Two or more types of central heating,12,2,10,10,0,10,1,1,0,1,1,0
S01012814,All people in households,836,102,734,733,40,693,72,35,37,31,27,4
S01012814,No central heating,1,0,1,1,0,1,0,0,0,0,0,0
S01012814,Gas central heating,807,96,711,710,38,672,69,33,36,28,25,3
S01012814,Electric (including storage heaters) central heating,10,1,9,7,0,7,1,0,1,2,1,1
S01012814,Oil central heating,0,0,0,0,0,0,0,0,0,0,0,0
S01012814,Solid fuel (for example wood coal) central heating,2,2,0,0,0,0,2,2,0,0,0,0
S01012814,Other central heating,0,0,0,0,0,0,0,0,0,0,0,0
S01012814,Two or more types of central heating,16,3,13,15,2,13,0,0,0,1,1,0
S01012815,All people in households,875,79,796,808,29,779,55,38,17,12,12,0
S01012815,No central heating,3,0,3,3,0,3,0,0,0,0,0,0
S01012815,Gas central heating,863,76,787,800,29,771,51,35,16,12,12,0
S01012815,Electric (including storage heaters) central heating,3,0,3,2,0,2,1,0,1,0,0,0
S01012815,Oil central heating,0,0,0,0,0,0,0,0,0,0,0,0
S01012815,Solid fuel (for example wood coal) central heating,0,0,0,0,0,0,0,0,0,0,0,0
S01012815,Other central heating,0,0,0,0,0,0,0,0,0,0,0,0
S01012815,Two or more types of central heating,6,3,3,3,0,3,3,3,0,0,0,0
S01012816,All people in households,583,63,520,516,14,502,46,28,18,21,21,0
S01012816,No central heating,0,0,0,0,0,0,0,0,0,0,0,0
S01012816,Gas central heating,555,53,502,496,12,484,41,23,18,18,18,0
S01012816,Electric (including storage heaters) central heating,14,3,11,11,0,11,1,1,0,2,2,0
S01012816,Oil central heating,0,0,0,0,0,0,0,0,0,0,0,0
S01012816,Solid fuel (for example wood coal) central heating,0,0,0,0,0,0,0,0,0,0,0,0
S01012816,Other central heating,2,1,1,2,1,1,0,0,0,0,0,0
S01012816,Two or more types of central heating,12,6,6,7,1,6,4,4,0,1,1,0
S01012817,All people in households,563,32,531,537,16,521,19,9,10,7,7,0
S01012817,No central heating,0,0,0,0,0,0,0,0,0,0,0,0
S01012817,Gas central heating,559,32,527,533,16,517,19,9,10,7,7,0
S01012817,Electric (including storage heaters) central heating,1,0,1,1,0,1,0,0,0,0,0,0
S01012817,Oil central heating,0,0,0,0,0,0,0,0,0,0,0,0
S01012817,Solid fuel (for example wood coal) central heating,0,0,0,0,0,0,0,0,0,0,0,0
S01012817,Other central heating,0,0,0,0,0,0,0,0,0,0,0,0
S01012817,Two or more types of central heating,3,0,3,3,0,3,0,0,0,0,0,0
S01012818,All people in households,840,121,719,731,50,681,76,40,36,33,31,2
S01012818,No central heating,11,1,10,10,0,10,0,0,0,1,1,0
S01012818,Gas central heating,796,116,680,691,48,643,74,39,35,31,29,2
S01012818,Electric (including storage heaters) central heating,23,3,20,21,1,20,1,1,0,1,1,0
S01012818,Oil central heating,0,0,0,0,0,0,0,0,0,0,0,0
S01012818,Solid fuel (for example wood coal) central heating,0,0,0,0,0,0,0,0,0,0,0,0
S01012818,Other central heating,0,0,0,0,0,0,0,0,0,0,0,0
S01012818,Two or more types of central heating,10,1,9,9,1,8,1,0,1,0,0,0
S01012819,All people in households,735,240,495,501,56,445,143,95,48,91,89,2
S01012819,No central heating,16,5,11,11,1,10,2,1,1,3,3,0
S01012819,Gas central heating,651,209,442,450,51,399,126,84,42,75,74,1
S01012819,Electric (including storage heaters) central heating,23,9,14,12,2,10,8,4,4,3,3,0
S01012819,Oil central heating,5,0,5,5,0,5,0,0,0,0,0,0
S01012819,Solid fuel (for example wood coal) central heating,0,0,0,0,0,0,0,0,0,0,0,0
S01012819,Other central heating,2,1,1,1,0,1,1,1,0,0,0,0
S01012819,Two or more types of central heating,38,16,22,22,2,20,6,5,1,10,9,1
S01012820,All people in households,1027,95,932,929,32,897,77,43,34,21,20,1
S01012820,No central heating,0,0,0,0,0,0,0,0,0,0,0,0
S01012820,Gas central heating,968,87,881,881,30,851,69,40,29,18,17,1
S01012820,Electric (including storage heaters) central heating,9,2,7,8,1,7,1,1,0,0,0,0
S01012820,Oil central heating,24,2,22,20,0,20,3,1,2,1,1,0
S01012820,Solid fuel (for example wood coal) central heating,0,0,0,0,0,0,0,0,0,0,0,0
S01012820,Other central heating,3,1,2,2,0,2,0,0,0,1,1,0
S01012820,Two or more types of central heating,23,3,20,18,1,17,4,1,3,1,1,0
S01012821,All people in households,772,60,712,712,23,689,38,17,21,22,20,2
S01012821,No central heating,0,0,0,0,0,0,0,0,0,0,0,0
S01012821,Gas central heating,731,56,675,676,22,654,35,16,19,20,18,2
S01012821,Electric (including storage heaters) central heating,19,2,17,15,0,15,2,0,2,2,2,0
S01012821,Oil central heating,0,0,0,0,0,0,0,0,0,0,0,0
S01012821,Solid fuel (for example wood coal) central heating,0,0,0,0,0,0,0,0,0,0,0,0
S01012821,Other central heating,0,0,0,0,0,0,0,0,0,0,0,0
S01012821,Two or more types of central heating,22,2,20,21,1,20,1,1,0,0,0,0
S01012822,All people in households,474,119,355,358,19,339,61,46,15,55,54,1
S01012822,No central heating,3,1,2,2,0,2,1,1,0,0,0,0
S01012822,Gas central heating,392,104,288,291,15,276,50,39,11,51,50,1
S01012822,Electric (including storage heaters) central heating,61,8,53,52,3,49,7,3,4,2,2,0
S01012822,Oil central heating,0,0,0,0,0,0,0,0,0,0,0,0
S01012822,Solid fuel (for example wood coal) central heating,0,0,0,0,0,0,0,0,0,0,0,0
S01012822,Other central heating,3,1,2,3,1,2,0,0,0,0,0,0
S01012822,Two or more types of central heating,15,5,10,10,0,10,3,3,0,2,2,0
S01012823,All people in households,847,73,774,772,30,742,56,27,29,19,16,3
S01012823,No central heating,0,0,0,0,0,0,0,0,0,0,0,0
S01012823,Gas central heating,809,70,739,736,28,708,55,27,28,18,15,3
S01012823,Electric (including storage heaters) central heating,5,0,5,5,0,5,0,0,0,0,0,0
S01012823,Oil central heating,0,0,0,0,0,0,0,0,0,0,0,0
S01012823,Solid fuel (for example wood coal) central heating,0,0,0,0,0,0,0,0,0,0,0,0
S01012823,Other central heating,0,0,0,0,0,0,0,0,0,0,0,0
S01012823,Two or more types of central heating,33,3,30,31,2,29,1,0,1,1,1,0
S01012824,All people in households,664,113,551,549,28,521,78,49,29,37,36,1
S01012824,No central heating,5,3,2,2,0,2,2,2,0,1,1,0
S01012824,Gas central heating,618,93,525,521,25,496,71,43,28,26,25,1
S01012824,Electric (including storage heaters) central heating,31,13,18,19,2,17,4,3,1,8,8,0
S01012824,Oil central heating,0,0,0,0,0,0,0,0,0,0,0,0
S01012824,Solid fuel (for example wood coal) central heating,2,1,1,1,0,1,0,0,0,1,1,0
S01012824,Other central heating,0,0,0,0,0,0,0,0,0,0,0,0
S01012824,Two or more types of central heating,8,3,5,6,1,5,1,1,0,1,1,0
S01012825,All people in households,475,136,339,328,18,310,84,56,28,63,62,1
S01012825,No central heating,5,2,3,4,1,3,0,0,0,1,1,0
S01012825,Gas central heating,320,75,245,242,11,231,45,32,13,33,32,1
S01012825,Electric (including storage heaters) central heating,144,55,89,80,6,74,38,23,15,26,26,0
S01012825,Oil central heating,4,2,2,2,0,2,1,1,0,1,1,0
S01012825,Solid fuel (for example wood coal) central heating,0,0,0,0,0,0,0,0,0,0,0,0
S01012825,Other central heating,1,1,0,0,0,0,0,0,0,1,1,0
S01012825,Two or more types of central heating,1,1,0,0,0,0,0,0,0,1,1,0
S01012826,All people in households,599,131,468,473,29,444,74,50,24,52,52,0
S01012826,No central heating,3,2,1,1,0,1,0,0,0,2,2,0
S01012826,Gas central heating,526,115,411,418,26,392,64,45,19,44,44,0
S01012826,Electric (including storage heaters) central heating,1,0,1,1,0,1,0,0,0,0,0,0
S01012826,Oil central heating,5,1,4,5,1,4,0,0,0,0,0,0
S01012826,Solid fuel (for example wood coal) central heating,0,0,0,0,0,0,0,0,0,0,0,0
S01012826,Other central heating,8,2,6,5,0,5,2,1,1,1,1,0
S01012826,Two or more types of central heating,56,11,45,43,2,41,8,4,4,5,5,0
S01012827,All people in households,702,68,634,646,30,616,42,26,16,14,12,2
S01012827,No central heating,7,0,7,7,0,7,0,0,0,0,0,0
S01012827,Gas central heating,655,66,589,604,30,574,38,24,14,13,12,1
S01012827,Electric (including storage heaters) central heating,12,0,12,12,0,12,0,0,0,0,0,0
S01012827,Oil central heating,2,0,2,2,0,2,0,0,0,0,0,0
S01012827,Solid fuel (for example wood coal) central heating,0,0,0,0,0,0,0,0,0,0,0,0
S01012827,Other central heating,0,0,0,0,0,0,0,0,0,0,0,0
S01012827,Two or more types of central heating,26,2,24,21,0,21,4,2,2,1,0,1
S01012828,All people in households,583,45,538,540,15,525,28,16,12,15,14,1
S01012828,No central heating,1,0,1,1,0,1,0,0,0,0,0,0
S01012828,Gas central heating,566,44,522,523,14,509,28,16,12,15,14,1
S01012828,Electric (including storage heaters) central heating,5,1,4,5,1,4,0,0,0,0,0,0
S01012828,Oil central heating,0,0,0,0,0,0,0,0,0,0,0,0
S01012828,Solid fuel (for example wood coal) central heating,0,0,0,0,0,0,0,0,0,0,0,0
S01012828,Other central heating,3,0,3,3,0,3,0,0,0,0,0,0
S01012828,Two or more types of central heating,8,0,8,8,0,8,0,0,0,0,0,0
S01012829,All people in households,865,220,645,635,53,582,134,75,59,96,92,4
S01012829,No central heating,6,0,6,6,0,6,0,0,0,0,0,0
S01012829,Gas central heating,791,202,589,582,52,530,126,69,57,83,81,2
S01012829,Electric (including storage heaters) central heating,13,5,8,9,1,8,2,2,0,2,2,0
S01012829,Oil central heating,3,0,3,3,0,3,0,0,0,0,0,0
S01012829,Solid fuel (for example wood coal) central heating,0,0,0,0,0,0,0,0,0,0,0,0
S01012829,Other central heating,4,2,2,1,0,1,1,0,1,2,2,0
S01012829,Two or more types of central heating,48,11,37,34,0,34,5,4,1,9,7,2
S01012830,All people in households,690,194,496,500,33,467,109,82,27,81,79,2
S01012830,No central heating,5,1,4,3,0,3,1,0,1,1,1,0
S01012830,Gas central heating,663,183,480,486,33,453,103,78,25,74,72,2
S01012830,Electric (including storage heaters) central heating,13,7,6,6,0,6,2,2,0,5,5,0
S01012830,Oil central heating,0,0,0,0,0,0,0,0,0,0,0,0
S01012830,Solid fuel (for example wood coal) central heating,1,1,0,0,0,0,1,1,0,0,0,0
S01012830,Other central heating,0,0,0,0,0,0,0,0,0,0,0,0
S01012830,Two or more types of central heating,8,2,6,5,0,5,2,1,1,1,1,0
S01012831,All people in households,630,231,399,402,42,360,122,87,35,106,102,4
S01012831,No central heating,9,4,5,5,0,5,3,3,0,1,1,0
S01012831,Gas central heating,505,156,349,350,28,322,77,53,24,78,75,3
S01012831,Electric (including storage heaters) central heating,113,70,43,45,14,31,42,31,11,26,25,1
S01012831,Oil central heating,0,0,0,0,0,0,0,0,0,0,0,0
S01012831,Solid fuel (for example wood coal) central heating,0,0,0,0,0,0,0,0,0,0,0,0
S01012831,Other central heating,0,0,0,0,0,0,0,0,0,0,0,0
S01012831,Two or more types of central heating,3,1,2,2,0,2,0,0,0,1,1,0
S01012832,All people in households,544,103,441,449,27,422,61,43,18,34,33,1
S01012832,No central heating,3,1,2,2,0,2,1,1,0,0,0,0
S01012832,Gas central heating,517,97,420,430,25,405,56,41,15,31,31,0
S01012832,Electric (including storage heaters) central heating,10,1,9,9,1,8,1,0,1,0,0,0
S01012832,Oil central heating,2,0,2,2,0,2,0,0,0,0,0,0
S01012832,Solid fuel (for example wood coal) central heating,6,2,4,4,0,4,0,0,0,2,2,0
S01012832,Other central heating,0,0,0,0,0,0,0,0,0,0,0,0
S01012832,Two or more types of central heating,6,2,4,2,1,1,3,1,2,1,0,1
S01012833,All people in households,714,201,513,502,43,459,141,89,52,71,69,2
S01012833,No central heating,4,1,3,3,0,3,0,0,0,1,1,0
S01012833,Gas central heating,639,179,460,447,37,410,130,81,49,62,61,1
S01012833,Electric (including storage heaters) central heating,41,15,26,27,5,22,9,6,3,5,4,1
S01012833,Oil central heating,0,0,0,0,0,0,0,0,0,0,0,0
S01012833,Solid fuel (for example wood coal) central heating,5,0,5,5,0,5,0,0,0,0,0,0
S01012833,Other central heating,0,0,0,0,0,0,0,0,0,0,0,0
S01012833,Two or more types of central heating,25,6,19,20,1,19,2,2,0,3,3,0
S01012834,All people in households,616,132,484,474,29,445,94,57,37,48,46,2
S01012834,No central heating,6,1,5,5,0,5,0,0,0,1,1,0
S01012834,Gas central heating,551,115,436,423,23,400,89,54,35,39,38,1
S01012834,Electric (including storage heaters) central heating,32,9,23,25,5,20,3,1,2,4,3,1
S01012834,Oil central heating,0,0,0,0,0,0,0,0,0,0,0,0
S01012834,Solid fuel (for example wood coal) central heating,4,0,4,4,0,4,0,0,0,0,0,0
S01012834,Other central heating,0,0,0,0,0,0,0,0,0,0,0,0
S01012834,Two or more types of central heating,23,7,16,17,1,16,2,2,0,4,4,0
S01012835,All people in households,804,205,599,607,45,562,117,86,31,80,74,6
S01012835,No central heating,10,2,8,7,1,6,3,1,2,0,0,0
S01012835,Gas central heating,751,191,560,572,42,530,106,81,25,73,68,5
S01012835,Electric (including storage heaters) central heating,27,5,22,19,1,18,5,2,3,3,2,1
S01012835,Oil central heating,0,0,0,0,0,0,0,0,0,0,0,0
S01012835,Solid fuel (for example wood coal) central heating,3,0,3,3,0,3,0,0,0,0,0,0
S01012835,Other central heating,0,0,0,0,0,0,0,0,0,0,0,0
S01012835,Two or more types of central heating,13,7,6,6,1,5,3,2,1,4,4,0
S01012836,All people in households,673,52,621,624,20,604,39,22,17,10,10,0
S01012836,No central heating,3,0,3,3,0,3,0,0,0,0,0,0
S01012836,Gas central heating,647,48,599,601,18,583,37,21,16,9,9,0
S01012836,Electric (including storage heaters) central heating,1,0,1,1,0,1,0,0,0,0,0,0
S01012836,Oil central heating,4,1,3,4,1,3,0,0,0,0,0,0
S01012836,Solid fuel (for example wood coal) central heating,0,0,0,0,0,0,0,0,0,0,0,0
S01012836,Other central heating,0,0,0,0,0,0,0,0,0,0,0,0
S01012836,Two or more types of central heating,18,3,15,15,1,14,2,1,1,1,1,0
S01012837,All people in households,735,204,531,532,62,470,125,66,59,78,76,2
S01012837,No central heating,10,2,8,7,0,7,2,1,1,1,1,0
S01012837,Gas central heating,211,44,167,166,14,152,29,16,13,16,14,2
S01012837,Electric (including storage heaters) central heating,507,155,352,356,48,308,92,48,44,59,59,0
S01012837,Oil central heating,0,0,0,0,0,0,0,0,0,0,0,0
S01012837,Solid fuel (for example wood coal) central heating,2,2,0,0,0,0,1,1,0,1,1,0
S01012837,Other central heating,0,0,0,0,0,0,0,0,0,0,0,0
S01012837,Two or more types of central heating,5,1,4,3,0,3,1,0,1,1,1,0
S01012838,All people in households,917,238,679,641,46,595,172,92,80,104,100,4
S01012838,No central heating,4,1,3,2,1,1,2,0,2,0,0,0
S01012838,Gas central heating,221,46,175,183,15,168,22,16,6,16,15,1
S01012838,Electric (including storage heaters) central heating,665,188,477,433,29,404,145,75,70,87,84,3
S01012838,Oil central heating,0,0,0,0,0,0,0,0,0,0,0,0
S01012838,Solid fuel (for example wood coal) central heating,0,0,0,0,0,0,0,0,0,0,0,0
S01012838,Other central heating,0,0,0,0,0,0,0,0,0,0,0,0
S01012838,Two or more types of central heating,27,3,24,23,1,22,3,1,2,1,1,0
S01012839,All people in households,666,116,550,549,35,514,85,49,36,32,32,0
S01012839,No central heating,6,1,5,5,0,5,0,0,0,1,1,0
S01012839,Gas central heating,628,105,523,521,33,488,80,45,35,27,27,0
S01012839,Electric (including storage heaters) central heating,28,8,20,20,1,19,5,4,1,3,3,0
S01012839,Oil central heating,0,0,0,0,0,0,0,0,0,0,0,0
S01012839,Solid fuel (for example wood coal) central heating,0,0,0,0,0,0,0,0,0,0,0,0
S01012839,Other central heating,0,0,0,0,0,0,0,0,0,0,0,0
S01012839,Two or more types of central heating,4,2,2,3,1,2,0,0,0,1,1,0
S01012840,All people in households,786,55,731,736,20,716,36,21,15,14,14,0
S01012840,No central heating,4,0,4,4,0,4,0,0,0,0,0,0
S01012840,Gas central heating,682,48,634,638,17,621,33,20,13,11,11,0
S01012840,Electric (including storage heaters) central heating,83,7,76,77,3,74,3,1,2,3,3,0
S01012840,Oil central heating,0,0,0,0,0,0,0,0,0,0,0,0
S01012840,Solid fuel (for example wood coal) central heating,0,0,0,0,0,0,0,0,0,0,0,0
S01012840,Other central heating,0,0,0,0,0,0,0,0,0,0,0,0
S01012840,Two or more types of central heating,17,0,17,17,0,17,0,0,0,0,0,0
S01012841,All people in households,589,100,489,490,25,465,67,45,22,32,30,2
S01012841,No central heating,9,3,6,3,0,3,3,1,2,3,2,1
S01012841,Gas central heating,508,80,428,434,21,413,49,34,15,25,25,0
S01012841,Electric (including storage heaters) central heating,65,17,48,46,4,42,15,10,5,4,3,1
S01012841,Oil central heating,0,0,0,0,0,0,0,0,0,0,0,0
S01012841,Solid fuel (for example wood coal) central heating,0,0,0,0,0,0,0,0,0,0,0,0
S01012841,Other central heating,0,0,0,0,0,0,0,0,0,0,0,0
S01012841,Two or more types of central heating,7,0,7,7,0,7,0,0,0,0,0,0
S01012842,All people in households,475,74,401,402,24,378,52,29,23,21,21,0
S01012842,No central heating,4,1,3,4,1,3,0,0,0,0,0,0
S01012842,Gas central heating,449,65,384,384,22,362,47,25,22,18,18,0
S01012842,Electric (including storage heaters) central heating,13,5,8,8,1,7,3,2,1,2,2,0
S01012842,Oil central heating,2,0,2,2,0,2,0,0,0,0,0,0
S01012842,Solid fuel (for example wood coal) central heating,2,2,0,0,0,0,1,1,0,1,1,0
S01012842,Other central heating,0,0,0,0,0,0,0,0,0,0,0,0
S01012842,Two or more types of central heating,5,1,4,4,0,4,1,1,0,0,0,0
S01012843,All people in households,979,147,832,862,58,804,89,61,28,28,28,0
S01012843,No central heating,11,5,6,7,1,6,3,3,0,1,1,0
S01012843,Gas central heating,901,130,771,796,51,745,78,52,26,27,27,0
S01012843,Electric (including storage heaters) central heating,43,8,35,37,3,34,6,5,1,0,0,0
S01012843,Oil central heating,8,3,5,8,3,5,0,0,0,0,0,0
S01012843,Solid fuel (for example wood coal) central heating,0,0,0,0,0,0,0,0,0,0,0,0
S01012843,Other central heating,8,0,8,8,0,8,0,0,0,0,0,0
S01012843,Two or more types of central heating,8,1,7,6,0,6,2,1,1,0,0,0
S01012844,All people in households,697,92,605,633,41,592,44,31,13,20,20,0
S01012844,No central heating,0,0,0,0,0,0,0,0,0,0,0,0
S01012844,Gas central heating,653,76,577,598,34,564,38,25,13,17,17,0
S01012844,Electric (including storage heaters) central heating,16,8,8,14,6,8,2,2,0,0,0,0
S01012844,Oil central heating,14,4,10,11,1,10,2,2,0,1,1,0
S01012844,Solid fuel (for example wood coal) central heating,0,0,0,0,0,0,0,0,0,0,0,0
S01012844,Other central heating,2,2,0,0,0,0,2,2,0,0,0,0
S01012844,Two or more types of central heating,12,2,10,10,0,10,0,0,0,2,2,0
S01012845,All people in households,685,134,551,582,54,528,78,55,23,25,25,0
S01012845,No central heating,11,4,7,5,0,5,6,4,2,0,0,0
S01012845,Gas central heating,640,129,511,544,54,490,71,50,21,25,25,0
S01012845,Electric (including storage heaters) central heating,2,1,1,1,0,1,1,1,0,0,0,0
S01012845,Oil central heating,2,0,2,2,0,2,0,0,0,0,0,0
S01012845,Solid fuel (for example wood coal) central heating,0,0,0,0,0,0,0,0,0,0,0,0
S01012845,Other central heating,0,0,0,0,0,0,0,0,0,0,0,0
S01012845,Two or more types of central heating,30,0,30,30,0,30,0,0,0,0,0,0
S01012846,All people in households,926,302,624,602,46,556,209,143,66,115,113,2
S01012846,No central heating,20,8,12,13,1,12,5,5,0,2,2,0
S01012846,Gas central heating,716,243,473,457,41,416,162,107,55,97,95,2
S01012846,Electric (including storage heaters) central heating,154,32,122,119,3,116,27,21,6,8,8,0
S01012846,Oil central heating,0,0,0,0,0,0,0,0,0,0,0,0
S01012846,Solid fuel (for example wood coal) central heating,2,0,2,2,0,2,0,0,0,0,0,0
S01012846,Other central heating,0,0,0,0,0,0,0,0,0,0,0,0
S01012846,Two or more types of central heating,34,19,15,11,1,10,15,10,5,8,8,0
S01012847,All people in households,547,105,442,440,25,415,66,41,25,41,39,2
S01012847,No central heating,10,2,8,9,1,8,1,1,0,0,0,0
S01012847,Gas central heating,513,92,421,417,23,394,60,35,25,36,34,2
S01012847,Electric (including storage heaters) central heating,12,7,5,5,0,5,3,3,0,4,4,0
S01012847,Oil central heating,4,0,4,4,0,4,0,0,0,0,0,0
S01012847,Solid fuel (for example wood coal) central heating,0,0,0,0,0,0,0,0,0,0,0,0
S01012847,Other central heating,2,2,0,0,0,0,1,1,0,1,1,0
S01012847,Two or more types of central heating,6,2,4,5,1,4,1,1,0,0,0,0
S01012848,All people in households,773,114,659,663,30,633,80,56,24,30,28,2
S01012848,No central heating,1,0,1,0,0,0,1,0,1,0,0,0
S01012848,Gas central heating,746,111,635,639,29,610,78,55,23,29,27,2
S01012848,Electric (including storage heaters) central heating,5,1,4,4,0,4,0,0,0,1,1,0
S01012848,Oil central heating,5,2,3,4,1,3,1,1,0,0,0,0
S01012848,Solid fuel (for example wood coal) central heating,0,0,0,0,0,0,0,0,0,0,0,0
S01012848,Other central heating,0,0,0,0,0,0,0,0,0,0,0,0
S01012848,Two or more types of central heating,16,0,16,16,0,16,0,0,0,0,0,0
S01012849,All people in households,683,143,540,542,37,505,87,52,35,54,54,0
S01012849,No central heating,1,0,1,1,0,1,0,0,0,0,0,0
S01012849,Gas central heating,621,127,494,496,31,465,78,49,29,47,47,0
S01012849,Electric (including storage heaters) central heating,38,13,25,25,4,21,6,2,4,7,7,0
S01012849,Oil central heating,0,0,0,0,0,0,0,0,0,0,0,0
S01012849,Solid fuel (for example wood coal) central heating,1,0,1,1,0,1,0,0,0,0,0,0
S01012849,Other central heating,0,0,0,0,0,0,0,0,0,0,0,0
S01012849,Two or more types of central heating,22,3,19,19,2,17,3,1,2,0,0,0
S01012850,All people in households,710,234,476,466,44,422,154,104,50,90,86,4
S01012850,No central heating,19,4,15,14,2,12,3,0,3,2,2,0
S01012850,Gas central heating,637,212,425,421,39,382,141,100,41,75,73,2
S01012850,Electric (including storage heaters) central heating,35,12,23,20,2,18,7,2,5,8,8,0
S01012850,Oil central heating,0,0,0,0,0,0,0,0,0,0,0,0
S01012850,Solid fuel (for example wood coal) central heating,0,0,0,0,0,0,0,0,0,0,0,0
S01012850,Other central heating,0,0,0,0,0,0,0,0,0,0,0,0
S01012850,Two or more types of central heating,19,6,13,11,1,10,3,2,1,5,3,2
S01012851,All people in households,803,227,576,598,59,539,141,105,36,64,63,1
S01012851,No central heating,9,3,6,6,0,6,1,1,0,2,2,0
S01012851,Gas central heating,759,208,551,569,55,514,131,95,36,59,58,1
S01012851,Electric (including storage heaters) central heating,27,14,13,17,4,13,7,7,0,3,3,0
S01012851,Oil central heating,1,1,0,0,0,0,1,1,0,0,0,0
S01012851,Solid fuel (for example wood coal) central heating,0,0,0,0,0,0,0,0,0,0,0,0
S01012851,Other central heating,1,1,0,0,0,0,1,1,0,0,0,0
S01012851,Two or more types of central heating,6,0,6,6,0,6,0,0,0,0,0,0
S01012852,All people in households,696,95,601,607,32,575,62,36,26,27,27,0
S01012852,No central heating,3,1,2,3,1,2,0,0,0,0,0,0
S01012852,Gas central heating,667,89,578,581,28,553,60,35,25,26,26,0
S01012852,Electric (including storage heaters) central heating,13,5,8,11,3,8,1,1,0,1,1,0
S01012852,Oil central heating,0,0,0,0,0,0,0,0,0,0,0,0
S01012852,Solid fuel (for example wood coal) central heating,0,0,0,0,0,0,0,0,0,0,0,0
S01012852,Other central heating,8,0,8,7,0,7,1,0,1,0,0,0
S01012852,Two or more types of central heating,5,0,5,5,0,5,0,0,0,0,0,0
S01012853,All people in households,772,172,600,610,39,571,115,87,28,47,46,1
S01012853,No central heating,6,3,3,5,2,3,1,1,0,0,0,0
S01012853,Gas central heating,742,164,578,586,37,549,109,81,28,47,46,1
S01012853,Electric (including storage heaters) central heating,12,4,8,8,0,8,4,4,0,0,0,0
S01012853,Oil central heating,5,0,5,5,0,5,0,0,0,0,0,0
S01012853,Solid fuel (for example wood coal) central heating,6,0,6,6,0,6,0,0,0,0,0,0
S01012853,Other central heating,0,0,0,0,0,0,0,0,0,0,0,0
S01012853,Two or more types of central heating,1,1,0,0,0,0,1,1,0,0,0,0
S01012854,All people in households,797,125,672,685,43,642,76,48,28,36,34,2
S01012854,No central heating,9,1,8,7,1,6,2,0,2,0,0,0
S01012854,Gas central heating,761,117,644,656,40,616,72,46,26,33,31,2
S01012854,Electric (including storage heaters) central heating,8,1,7,7,0,7,0,0,0,1,1,0
S01012854,Oil central heating,4,0,4,4,0,4,0,0,0,0,0,0
S01012854,Solid fuel (for example wood coal) central heating,0,0,0,0,0,0,0,0,0,0,0,0
S01012854,Other central heating,8,3,5,6,1,5,2,2,0,0,0,0
S01012854,Two or more types of central heating,7,3,4,5,1,4,0,0,0,2,2,0
S01012855,All people in households,642,91,551,559,30,529,57,38,19,26,23,3
S01012855,No central heating,11,5,6,5,0,5,4,3,1,2,2,0
S01012855,Gas central heating,612,83,529,540,30,510,50,33,17,22,20,2
S01012855,Electric (including storage heaters) central heating,11,3,8,8,0,8,2,2,0,1,1,0
S01012855,Oil central heating,0,0,0,0,0,0,0,0,0,0,0,0
S01012855,Solid fuel (for example wood coal) central heating,0,0,0,0,0,0,0,0,0,0,0,0
S01012855,Other central heating,0,0,0,0,0,0,0,0,0,0,0,0
S01012855,Two or more types of central heating,8,0,8,6,0,6,1,0,1,1,0,1
S01012856,All people in households,667,231,436,437,40,397,131,94,37,99,97,2
S01012856,No central heating,10,3,7,7,0,7,2,2,0,1,1,0
S01012856,Gas central heating,577,187,390,389,34,355,106,73,33,82,80,2
S01012856,Electric (including storage heaters) central heating,60,38,22,25,6,19,22,19,3,13,13,0
S01012856,Oil central heating,4,1,3,3,0,3,0,0,0,1,1,0
S01012856,Solid fuel (for example wood coal) central heating,1,0,1,0,0,0,1,0,1,0,0,0
S01012856,Other central heating,0,0,0,0,0,0,0,0,0,0,0,0
S01012856,Two or more types of central heating,15,2,13,13,0,13,0,0,0,2,2,0
S01012857,All people in households,807,277,530,552,69,483,156,113,43,99,95,4
S01012857,No central heating,25,7,18,19,2,17,4,3,1,2,2,0
S01012857,Gas central heating,679,230,449,471,56,415,121,90,31,87,84,3
S01012857,Electric (including storage heaters) central heating,67,23,44,44,8,36,18,10,8,5,5,0
S01012857,Oil central heating,0,0,0,0,0,0,0,0,0,0,0,0
S01012857,Solid fuel (for example wood coal) central heating,4,2,2,3,1,2,1,1,0,0,0,0
S01012857,Other central heating,6,3,3,2,0,2,3,2,1,1,1,0
S01012857,Two or more types of central heating,26,12,14,13,2,11,9,7,2,4,3,1
S01012858,All people in households,689,196,493,510,48,462,98,67,31,81,81,0
S01012858,No central heating,11,3,8,8,0,8,3,3,0,0,0,0
S01012858,Gas central heating,570,166,404,418,43,375,85,56,29,67,67,0
S01012858,Electric (including storage heaters) central heating,81,16,65,68,5,63,6,4,2,7,7,0
S01012858,Oil central heating,2,1,1,1,0,1,1,1,0,0,0,0
S01012858,Solid fuel (for example wood coal) central heating,0,0,0,0,0,0,0,0,0,0,0,0
S01012858,Other central heating,1,1,0,0,0,0,0,0,0,1,1,0
S01012858,Two or more types of central heating,24,9,15,15,0,15,3,3,0,6,6,0
S01012859,All people in households,1014,206,808,801,35,766,116,81,35,97,90,7
S01012859,No central heating,38,10,28,24,0,24,9,6,3,5,4,1
S01012859,Gas central heating,719,166,553,553,30,523,92,66,26,74,70,4
S01012859,Electric (including storage heaters) central heating,200,15,185,184,4,180,5,1,4,11,10,1
S01012859,Oil central heating,25,7,18,17,0,17,5,5,0,3,2,1
S01012859,Solid fuel (for example wood coal) central heating,0,0,0,0,0,0,0,0,0,0,0,0
S01012859,Other central heating,5,1,4,5,1,4,0,0,0,0,0,0
S01012859,Two or more types of central heating,27,7,20,18,0,18,5,3,2,4,4,0
S01012860,All people in households,808,175,633,647,47,600,114,82,32,47,46,1
S01012860,No central heating,0,0,0,0,0,0,0,0,0,0,0,0
S01012860,Gas central heating,638,91,547,547,25,522,68,43,25,23,23,0
S01012860,Electric (including storage heaters) central heating,153,81,72,87,21,66,44,39,5,22,21,1
S01012860,Oil central heating,4,1,3,3,0,3,0,0,0,1,1,0
S01012860,Solid fuel (for example wood coal) central heating,0,0,0,0,0,0,0,0,0,0,0,0
S01012860,Other central heating,1,0,1,0,0,0,1,0,1,0,0,0
S01012860,Two or more types of central heating,12,2,10,10,1,9,1,0,1,1,1,0
S01012861,All people in households,687,132,555,578,48,530,76,52,24,33,32,1
S01012861,No central heating,18,4,14,15,2,13,2,1,1,1,1,0
S01012861,Gas central heating,612,110,502,524,41,483,64,45,19,24,24,0
S01012861,Electric (including storage heaters) central heating,37,14,23,25,5,20,5,3,2,7,6,1
S01012861,Oil central heating,5,2,3,3,0,3,2,2,0,0,0,0
S01012861,Solid fuel (for example wood coal) central heating,0,0,0,0,0,0,0,0,0,0,0,0
S01012861,Other central heating,0,0,0,0,0,0,0,0,0,0,0,0
S01012861,Two or more types of central heating,15,2,13,11,0,11,3,1,2,1,1,0
S01012862,All people in households,588,193,395,404,42,362,121,90,31,63,61,2
S01012862,No central heating,30,7,23,22,1,21,3,1,2,5,5,0
S01012862,Gas central heating,417,137,280,293,29,264,81,67,14,43,41,2
S01012862,Electric (including storage heaters) central heating,115,38,77,73,7,66,32,21,11,10,10,0
S01012862,Oil central heating,0,0,0,0,0,0,0,0,0,0,0,0
S01012862,Solid fuel (for example wood coal) central heating,0,0,0,0,0,0,0,0,0,0,0,0
S01012862,Other central heating,0,0,0,0,0,0,0,0,0,0,0,0
S01012862,Two or more types of central heating,26,11,15,16,5,11,5,1,4,5,5,0
S01012863,All people in households,621,186,435,428,37,391,117,73,44,76,76,0
S01012863,No central heating,35,18,17,16,2,14,10,7,3,9,9,0
S01012863,Gas central heating,358,87,271,266,18,248,56,33,23,36,36,0
S01012863,Electric (including storage heaters) central heating,207,73,134,131,15,116,48,30,18,28,28,0
S01012863,Oil central heating,0,0,0,0,0,0,0,0,0,0,0,0
S01012863,Solid fuel (for example wood coal) central heating,0,0,0,0,0,0,0,0,0,0,0,0
S01012863,Other central heating,3,0,3,3,0,3,0,0,0,0,0,0
S01012863,Two or more types of central heating,18,8,10,12,2,10,3,3,0,3,3,0
S01012864,All people in households,775,190,585,587,49,538,111,69,42,77,72,5
S01012864,No central heating,56,16,40,42,3,39,7,6,1,7,7,0
S01012864,Gas central heating,596,153,443,447,40,407,90,58,32,59,55,4
S01012864,Electric (including storage heaters) central heating,90,14,76,71,4,67,10,2,8,9,8,1
S01012864,Oil central heating,0,0,0,0,0,0,0,0,0,0,0,0
S01012864,Solid fuel (for example wood coal) central heating,0,0,0,0,0,0,0,0,0,0,0,0
S01012864,Other central heating,1,1,0,0,0,0,0,0,0,1,1,0
S01012864,Two or more types of central heating,32,6,26,27,2,25,4,3,1,1,1,0
S01012865,All people in households,779,227,552,563,43,520,127,96,31,89,88,1
S01012865,No central heating,11,3,8,9,1,8,2,2,0,0,0,0
S01012865,Gas central heating,706,193,513,520,36,484,107,79,28,79,78,1
S01012865,Electric (including storage heaters) central heating,40,25,15,18,6,12,14,11,3,8,8,0
S01012865,Oil central heating,5,1,4,4,0,4,0,0,0,1,1,0
S01012865,Solid fuel (for example wood coal) central heating,0,0,0,0,0,0,0,0,0,0,0,0
S01012865,Other central heating,0,0,0,0,0,0,0,0,0,0,0,0
S01012865,Two or more types of central heating,17,5,12,12,0,12,4,4,0,1,1,0
S01012866,All people in households,749,162,587,569,34,535,117,68,49,63,60,3
S01012866,No central heating,12,4,8,7,1,6,2,1,1,3,2,1
S01012866,Gas central heating,685,137,548,531,29,502,102,57,45,52,51,1
S01012866,Electric (including storage heaters) central heating,26,14,12,9,0,9,11,9,2,6,5,1
S01012866,Oil central heating,2,0,2,2,0,2,0,0,0,0,0,0
S01012866,Solid fuel (for example wood coal) central heating,0,0,0,0,0,0,0,0,0,0,0,0
S01012866,Other central heating,3,1,2,2,0,2,0,0,0,1,1,0
S01012866,Two or more types of central heating,21,6,15,18,4,14,2,1,1,1,1,0
S01012867,All people in households,720,279,441,443,54,389,154,107,47,123,118,5
S01012867,No central heating,23,13,10,10,2,8,4,2,2,9,9,0
S01012867,Gas central heating,622,236,386,389,46,343,134,96,38,99,94,5
S01012867,Electric (including storage heaters) central heating,35,10,25,22,1,21,10,6,4,3,3,0
S01012867,Oil central heating,0,0,0,0,0,0,0,0,0,0,0,0
S01012867,Solid fuel (for example wood coal) central heating,0,0,0,0,0,0,0,0,0,0,0,0
S01012867,Other central heating,5,2,3,3,0,3,0,0,0,2,2,0
S01012867,Two or more types of central heating,35,18,17,19,5,14,6,3,3,10,10,0
S01012868,All people in households,554,169,385,375,37,338,115,70,45,64,62,2
S01012868,No central heating,21,11,10,12,2,10,4,4,0,5,5,0
S01012868,Gas central heating,386,122,264,261,27,234,80,50,30,45,45,0
S01012868,Electric (including storage heaters) central heating,127,28,99,91,7,84,28,14,14,8,7,1
S01012868,Oil central heating,0,0,0,0,0,0,0,0,0,0,0,0
S01012868,Solid fuel (for example wood coal) central heating,0,0,0,0,0,0,0,0,0,0,0,0
S01012868,Other central heating,1,1,0,0,0,0,0,0,0,1,1,0
S01012868,Two or more types of central heating,19,7,12,11,1,10,3,2,1,5,4,1
S01012869,All people in households,546,133,413,407,30,377,87,53,34,52,50,2
S01012869,No central heating,8,0,8,8,0,8,0,0,0,0,0,0
S01012869,Gas central heating,488,119,369,363,28,335,78,46,32,47,45,2
S01012869,Electric (including storage heaters) central heating,14,4,10,10,0,10,2,2,0,2,2,0
S01012869,Oil central heating,1,0,1,1,0,1,0,0,0,0,0,0
S01012869,Solid fuel (for example wood coal) central heating,0,0,0,0,0,0,0,0,0,0,0,0
S01012869,Other central heating,7,0,7,7,0,7,0,0,0,0,0,0
S01012869,Two or more types of central heating,28,10,18,18,2,16,7,5,2,3,3,0
S01012870,All people in households,915,225,690,712,69,643,138,95,43,65,61,4
S01012870,No central heating,13,1,12,12,0,12,1,1,0,0,0,0
S01012870,Gas central heating,836,197,639,659,63,596,118,79,39,59,55,4
S01012870,Electric (including storage heaters) central heating,50,23,27,29,5,24,17,14,3,4,4,0
S01012870,Oil central heating,0,0,0,0,0,0,0,0,0,0,0,0
S01012870,Solid fuel (for example wood coal) central heating,0,0,0,0,0,0,0,0,0,0,0,0
S01012870,Other central heating,5,1,4,5,1,4,0,0,0,0,0,0
S01012870,Two or more types of central heating,11,3,8,7,0,7,2,1,1,2,2,0
S01012871,All people in households,815,181,634,652,53,599,119,84,35,44,44,0
S01012871,No central heating,9,2,7,7,1,6,2,1,1,0,0,0
S01012871,Gas central heating,767,170,597,618,48,570,105,78,27,44,44,0
S01012871,Electric (including storage heaters) central heating,20,5,15,12,2,10,8,3,5,0,0,0
S01012871,Oil central heating,0,0,0,0,0,0,0,0,0,0,0,0
S01012871,Solid fuel (for example wood coal) central heating,3,0,3,3,0,3,0,0,0,0,0,0
S01012871,Other central heating,0,0,0,0,0,0,0,0,0,0,0,0
S01012871,Two or more types of central heating,16,4,12,12,2,10,4,2,2,0,0,0
S01012872,All people in households,726,108,618,623,38,585,69,37,32,34,33,1
S01012872,No central heating,13,4,9,7,0,7,5,3,2,1,1,0
S01012872,Gas central heating,679,100,579,585,36,549,62,33,29,32,31,1
S01012872,Electric (including storage heaters) central heating,13,3,10,10,1,9,2,1,1,1,1,0
S01012872,Oil central heating,0,0,0,0,0,0,0,0,0,0,0,0
S01012872,Solid fuel (for example wood coal) central heating,1,0,1,1,0,1,0,0,0,0,0,0
S01012872,Other central heating,0,0,0,0,0,0,0,0,0,0,0,0
S01012872,Two or more types of central heating,20,1,19,20,1,19,0,0,0,0,0,0
S01012873,All people in households,801,145,656,662,33,629,100,76,24,39,36,3
S01012873,No central heating,10,3,7,5,0,5,4,2,2,1,1,0
S01012873,Gas central heating,755,135,620,627,31,596,91,70,21,37,34,3
S01012873,Electric (including storage heaters) central heating,10,4,6,7,1,6,2,2,0,1,1,0
S01012873,Oil central heating,7,1,6,5,0,5,2,1,1,0,0,0
S01012873,Solid fuel (for example wood coal) central heating,1,1,0,0,0,0,1,1,0,0,0,0
S01012873,Other central heating,0,0,0,0,0,0,0,0,0,0,0,0
S01012873,Two or more types of central heating,18,1,17,18,1,17,0,0,0,0,0,0
S01012874,All people in households,777,212,565,587,65,522,127,85,42,63,62,1
S01012874,No central heating,12,4,8,9,1,8,1,1,0,2,2,0
S01012874,Gas central heating,546,137,409,432,49,383,84,58,26,30,30,0
S01012874,Electric (including storage heaters) central heating,193,64,129,127,14,113,36,21,15,30,29,1
S01012874,Oil central heating,1,1,0,1,1,0,0,0,0,0,0,0
S01012874,Solid fuel (for example wood coal) central heating,0,0,0,0,0,0,0,0,0,0,0,0
S01012874,Other central heating,9,0,9,9,0,9,0,0,0,0,0,0
S01012874,Two or more types of central heating,16,6,10,9,0,9,6,5,1,1,1,0
S01012875,All people in households,573,133,440,447,34,413,91,64,27,35,35,0
S01012875,No central heating,1,0,1,1,0,1,0,0,0,0,0,0
S01012875,Gas central heating,464,111,353,363,29,334,71,52,19,30,30,0
S01012875,Electric (including storage heaters) central heating,86,17,69,66,5,61,16,8,8,4,4,0
S01012875,Oil central heating,0,0,0,0,0,0,0,0,0,0,0,0
S01012875,Solid fuel (for example wood coal) central heating,2,0,2,2,0,2,0,0,0,0,0,0
S01012875,Other central heating,0,0,0,0,0,0,0,0,0,0,0,0
S01012875,Two or more types of central heating,20,5,15,15,0,15,4,4,0,1,1,0
S01012876,All people in households,801,239,562,563,40,523,139,102,37,99,97,2
S01012876,No central heating,11,5,6,7,1,6,3,3,0,1,1,0
S01012876,Gas central heating,733,204,529,528,34,494,116,82,34,89,88,1
S01012876,Electric (including storage heaters) central heating,40,19,21,21,3,18,14,12,2,5,4,1
S01012876,Oil central heating,0,0,0,0,0,0,0,0,0,0,0,0
S01012876,Solid fuel (for example wood coal) central heating,0,0,0,0,0,0,0,0,0,0,0,0
S01012876,Other central heating,2,0,2,1,0,1,1,0,1,0,0,0
S01012876,Two or more types of central heating,15,11,4,6,2,4,5,5,0,4,4,0
S01012877,All people in households,726,209,517,525,43,482,116,83,33,85,83,2
S01012877,No central heating,0,0,0,0,0,0,0,0,0,0,0,0
S01012877,Gas central heating,682,193,489,498,42,456,109,78,31,75,73,2
S01012877,Electric (including storage heaters) central heating,28,11,17,15,0,15,7,5,2,6,6,0
S01012877,Oil central heating,1,1,0,0,0,0,0,0,0,1,1,0
S01012877,Solid fuel (for example wood coal) central heating,4,1,3,4,1,3,0,0,0,0,0,0
S01012877,Other central heating,1,1,0,0,0,0,0,0,0,1,1,0
S01012877,Two or more types of central heating,10,2,8,8,0,8,0,0,0,2,2,0
S01012878,All people in households,925,107,818,823,31,792,72,47,25,30,29,1
S01012878,No central heating,5,1,4,2,0,2,3,1,2,0,0,0
S01012878,Gas central heating,869,93,776,780,26,754,66,44,22,23,23,0
S01012878,Electric (including storage heaters) central heating,35,10,25,27,4,23,3,2,1,5,4,1
S01012878,Oil central heating,6,0,6,6,0,6,0,0,0,0,0,0
S01012878,Solid fuel (for example wood coal) central heating,0,0,0,0,0,0,0,0,0,0,0,0
S01012878,Other central heating,1,0,1,1,0,1,0,0,0,0,0,0
S01012878,Two or more types of central heating,9,3,6,7,1,6,0,0,0,2,2,0
S01012879,All people in households,729,123,606,638,41,597,63,56,7,28,26,2
S01012879,No central heating,17,0,17,17,0,17,0,0,0,0,0,0
S01012879,Gas central heating,621,98,523,554,36,518,46,42,4,21,20,1
S01012879,Electric (including storage heaters) central heating,79,20,59,60,4,56,15,13,2,4,3,1
S01012879,Oil central heating,0,0,0,0,0,0,0,0,0,0,0,0
S01012879,Solid fuel (for example wood coal) central heating,0,0,0,0,0,0,0,0,0,0,0,0
S01012879,Other central heating,0,0,0,0,0,0,0,0,0,0,0,0
S01012879,Two or more types of central heating,12,5,7,7,1,6,2,1,1,3,3,0
S01012880,All people in households,892,161,731,761,59,702,101,75,26,30,27,3
S01012880,No central heating,14,1,13,12,0,12,2,1,1,0,0,0
S01012880,Gas central heating,810,127,683,708,47,661,75,56,19,27,24,3
S01012880,Electric (including storage heaters) central heating,41,26,15,18,8,10,20,15,5,3,3,0
S01012880,Oil central heating,2,2,0,2,2,0,0,0,0,0,0,0
S01012880,Solid fuel (for example wood coal) central heating,0,0,0,0,0,0,0,0,0,0,0,0
S01012880,Other central heating,5,2,3,4,1,3,1,1,0,0,0,0
S01012880,Two or more types of central heating,20,3,17,17,1,16,3,2,1,0,0,0
S01012881,All people in households,832,194,638,674,58,616,113,92,21,45,44,1
S01012881,No central heating,6,3,3,4,1,3,1,1,0,1,1,0
S01012881,Gas central heating,788,180,608,643,56,587,104,84,20,41,40,1
S01012881,Electric (including storage heaters) central heating,23,8,15,15,1,14,5,4,1,3,3,0
S01012881,Oil central heating,2,0,2,2,0,2,0,0,0,0,0,0
S01012881,Solid fuel (for example wood coal) central heating,0,0,0,0,0,0,0,0,0,0,0,0
S01012881,Other central heating,0,0,0,0,0,0,0,0,0,0,0,0
S01012881,Two or more types of central heating,13,3,10,10,0,10,3,3,0,0,0,0
S01012882,All people in households,603,152,451,451,28,423,97,69,28,55,55,0
S01012882,No central heating,29,1,28,25,0,25,4,1,3,0,0,0
S01012882,Gas central heating,233,57,176,175,10,165,41,30,11,17,17,0
S01012882,Electric (including storage heaters) central heating,334,93,241,244,17,227,52,38,14,38,38,0
S01012882,Oil central heating,0,0,0,0,0,0,0,0,0,0,0,0
S01012882,Solid fuel (for example wood coal) central heating,1,1,0,1,1,0,0,0,0,0,0,0
S01012882,Other central heating,5,0,5,5,0,5,0,0,0,0,0,0
S01012882,Two or more types of central heating,1,0,1,1,0,1,0,0,0,0,0,0
S01012883,All people in households,634,237,397,411,48,363,129,98,31,94,91,3
S01012883,No central heating,30,6,24,26,2,24,3,3,0,1,1,0
S01012883,Gas central heating,141,55,86,98,15,83,23,21,2,20,19,1
S01012883,Electric (including storage heaters) central heating,453,171,282,280,29,251,102,73,29,71,69,2
S01012883,Oil central heating,0,0,0,0,0,0,0,0,0,0,0,0
S01012883,Solid fuel (for example wood coal) central heating,0,0,0,0,0,0,0,0,0,0,0,0
S01012883,Other central heating,5,2,3,3,0,3,1,1,0,1,1,0
S01012883,Two or more types of central heating,5,3,2,4,2,2,0,0,0,1,1,0
S01012884,All people in households,531,151,380,381,27,354,100,76,24,50,48,2
S01012884,No central heating,15,5,10,11,1,10,2,2,0,2,2,0
S01012884,Gas central heating,329,87,242,250,21,229,52,41,11,27,25,2
S01012884,Electric (including storage heaters) central heating,174,53,121,112,4,108,42,29,13,20,20,0
S01012884,Oil central heating,0,0,0,0,0,0,0,0,0,0,0,0
S01012884,Solid fuel (for example wood coal) central heating,0,0,0,0,0,0,0,0,0,0,0,0
S01012884,Other central heating,5,3,2,2,0,2,2,2,0,1,1,0
S01012884,Two or more types of central heating,8,3,5,6,1,5,2,2,0,0,0,0
S01012885,All people in households,446,132,314,316,24,292,67,47,20,63,61,2
S01012885,No central heating,16,3,13,12,1,11,2,0,2,2,2,0
S01012885,Gas central heating,36,6,30,29,1,28,6,4,2,1,1,0
S01012885,Electric (including storage heaters) central heating,390,122,268,272,22,250,58,42,16,60,58,2
S01012885,Oil central heating,0,0,0,0,0,0,0,0,0,0,0,0
S01012885,Solid fuel (for example wood coal) central heating,0,0,0,0,0,0,0,0,0,0,0,0
S01012885,Other central heating,4,1,3,3,0,3,1,1,0,0,0,0
S01012885,Two or more types of central heating,0,0,0,0,0,0,0,0,0,0,0,0
S01012886,All people in households,766,129,637,660,46,614,81,58,23,25,25,0
S01012886,No central heating,4,1,3,3,0,3,1,1,0,0,0,0
S01012886,Gas central heating,736,121,615,636,44,592,78,55,23,22,22,0
S01012886,Electric (including storage heaters) central heating,16,4,12,13,1,12,2,2,0,1,1,0
S01012886,Oil central heating,0,0,0,0,0,0,0,0,0,0,0,0
S01012886,Solid fuel (for example wood coal) central heating,0,0,0,0,0,0,0,0,0,0,0,0
S01012886,Other central heating,2,2,0,0,0,0,0,0,0,2,2,0
S01012886,Two or more types of central heating,8,1,7,8,1,7,0,0,0,0,0,0
S01012887,All people in households,734,123,611,623,43,580,84,53,31,27,27,0
S01012887,No central heating,4,1,3,3,0,3,1,1,0,0,0,0
S01012887,Gas central heating,695,107,588,601,41,560,76,48,28,18,18,0
S01012887,Electric (including storage heaters) central heating,25,11,14,13,2,11,6,3,3,6,6,0
S01012887,Oil central heating,0,0,0,0,0,0,0,0,0,0,0,0
S01012887,Solid fuel (for example wood coal) central heating,1,1,0,0,0,0,0,0,0,1,1,0
S01012887,Other central heating,4,1,3,3,0,3,0,0,0,1,1,0
S01012887,Two or more types of central heating,5,2,3,3,0,3,1,1,0,1,1,0
S01012888,All people in households,808,138,670,685,40,645,90,66,24,33,32,1
S01012888,No central heating,4,1,3,3,0,3,1,1,0,0,0,0
S01012888,Gas central heating,787,128,659,672,38,634,85,61,24,30,29,1
S01012888,Electric (including storage heaters) central heating,10,6,4,5,1,4,3,3,0,2,2,0
S01012888,Oil central heating,1,1,0,0,0,0,0,0,0,1,1,0
S01012888,Solid fuel (for example wood coal) central heating,0,0,0,0,0,0,0,0,0,0,0,0
S01012888,Other central heating,0,0,0,0,0,0,0,0,0,0,0,0
S01012888,Two or more types of central heating,6,2,4,5,1,4,1,1,0,0,0,0
S01012889,All people in households,875,127,748,753,33,720,68,41,27,54,53,1
S01012889,No central heating,1,0,1,1,0,1,0,0,0,0,0,0
S01012889,Gas central heating,841,119,722,729,33,696,58,33,25,54,53,1
S01012889,Electric (including storage heaters) central heating,17,5,12,12,0,12,5,5,0,0,0,0
S01012889,Oil central heating,0,0,0,0,0,0,0,0,0,0,0,0
S01012889,Solid fuel (for example wood coal) central heating,1,0,1,1,0,1,0,0,0,0,0,0
S01012889,Other central heating,0,0,0,0,0,0,0,0,0,0,0,0
S01012889,Two or more types of central heating,15,3,12,10,0,10,5,3,2,0,0,0
S01012890,All people in households,717,166,551,544,28,516,103,70,33,70,68,2
S01012890,No central heating,25,1,24,22,0,22,2,0,2,1,1,0
S01012890,Gas central heating,599,137,462,465,26,439,80,58,22,54,53,1
S01012890,Electric (including storage heaters) central heating,42,15,27,24,2,22,10,6,4,8,7,1
S01012890,Oil central heating,0,0,0,0,0,0,0,0,0,0,0,0
S01012890,Solid fuel (for example wood coal) central heating,2,1,1,0,0,0,2,1,1,0,0,0
S01012890,Other central heating,6,1,5,5,0,5,1,1,0,0,0,0
S01012890,Two or more types of central heating,43,11,32,28,0,28,8,4,4,7,7,0
S01012891,All people in households,548,151,397,393,22,371,97,73,24,58,56,2
S01012891,No central heating,10,3,7,7,0,7,1,1,0,2,2,0
S01012891,Gas central heating,466,128,338,331,18,313,86,63,23,49,47,2
S01012891,Electric (including storage heaters) central heating,57,16,41,43,3,40,9,8,1,5,5,0
S01012891,Oil central heating,1,0,1,1,0,1,0,0,0,0,0,0
S01012891,Solid fuel (for example wood coal) central heating,4,1,3,3,0,3,1,1,0,0,0,0
S01012891,Other central heating,2,1,1,2,1,1,0,0,0,0,0,0
S01012891,Two or more types of central heating,8,2,6,6,0,6,0,0,0,2,2,0
S01012892,All people in households,1107,326,781,797,64,733,177,129,48,133,133,0
S01012892,No central heating,17,5,12,11,0,11,1,0,1,5,5,0
S01012892,Gas central heating,933,277,656,670,53,617,151,112,39,112,112,0
S01012892,Electric (including storage heaters) central heating,133,34,99,100,9,91,23,15,8,10,10,0
S01012892,Oil central heating,0,0,0,0,0,0,0,0,0,0,0,0
S01012892,Solid fuel (for example wood coal) central heating,0,0,0,0,0,0,0,0,0,0,0,0
S01012892,Other central heating,4,0,4,4,0,4,0,0,0,0,0,0
S01012892,Two or more types of central heating,20,10,10,12,2,10,2,2,0,6,6,0
S01012893,All people in households,746,191,555,555,38,517,121,84,37,70,69,1
S01012893,No central heating,39,4,35,35,1,34,4,3,1,0,0,0
S01012893,Gas central heating,276,65,211,221,15,206,34,29,5,21,21,0
S01012893,Electric (including storage heaters) central heating,418,115,303,294,22,272,78,48,30,46,45,1
S01012893,Oil central heating,0,0,0,0,0,0,0,0,0,0,0,0
S01012893,Solid fuel (for example wood coal) central heating,4,4,0,0,0,0,3,3,0,1,1,0
S01012893,Other central heating,5,0,5,4,0,4,1,0,1,0,0,0
S01012893,Two or more types of central heating,4,3,1,1,0,1,1,1,0,2,2,0
S01012894,All people in households,814,134,680,703,44,659,61,41,20,50,49,1
S01012894,No central heating,2,1,1,1,0,1,0,0,0,1,1,0
S01012894,Gas central heating,704,101,603,621,34,587,45,30,15,38,37,1
S01012894,Electric (including storage heaters) central heating,35,24,11,16,7,9,12,10,2,7,7,0
S01012894,Oil central heating,38,6,32,34,2,32,1,1,0,3,3,0
S01012894,Solid fuel (for example wood coal) central heating,0,0,0,0,0,0,0,0,0,0,0,0
S01012894,Other central heating,12,0,12,12,0,12,0,0,0,0,0,0
S01012894,Two or more types of central heating,23,2,21,19,1,18,3,0,3,1,1,0
S01012895,All people in households,522,64,458,480,30,450,29,21,8,13,13,0
S01012895,No central heating,8,2,6,7,1,6,1,1,0,0,0,0
S01012895,Gas central heating,334,38,296,313,20,293,13,10,3,8,8,0
S01012895,Electric (including storage heaters) central heating,33,6,27,26,1,25,5,3,2,2,2,0
S01012895,Oil central heating,107,16,91,96,7,89,8,6,2,3,3,0
S01012895,Solid fuel (for example wood coal) central heating,14,1,13,13,0,13,1,1,0,0,0,0
S01012895,Other central heating,22,1,21,21,1,20,1,0,1,0,0,0
S01012895,Two or more types of central heating,4,0,4,4,0,4,0,0,0,0,0,0
S01012896,All people in households,840,270,570,603,70,533,154,118,36,83,82,1
S01012896,No central heating,73,27,46,48,6,42,13,9,4,12,12,0
S01012896,Gas central heating,406,93,313,323,25,298,59,45,14,24,23,1
S01012896,Electric (including storage heaters) central heating,161,67,94,106,20,86,33,25,8,22,22,0
S01012896,Oil central heating,32,11,21,20,1,19,7,5,2,5,5,0
S01012896,Solid fuel (for example wood coal) central heating,2,0,2,2,0,2,0,0,0,0,0,0
S01012896,Other central heating,164,70,94,104,18,86,41,33,8,19,19,0
S01012896,Two or more types of central heating,2,2,0,0,0,0,1,1,0,1,1,0
S01012897,All people in households,607,71,536,531,22,509,55,29,26,21,20,1
S01012897,No central heating,0,0,0,0,0,0,0,0,0,0,0,0
S01012897,Gas central heating,548,62,486,478,18,460,53,28,25,17,16,1
S01012897,Electric (including storage heaters) central heating,6,0,6,6,0,6,0,0,0,0,0,0
S01012897,Oil central heating,35,7,28,29,2,27,2,1,1,4,4,0
S01012897,Solid fuel (for example wood coal) central heating,4,2,2,4,2,2,0,0,0,0,0,0
S01012897,Other central heating,3,0,3,3,0,3,0,0,0,0,0,0
S01012897,Two or more types of central heating,11,0,11,11,0,11,0,0,0,0,0,0
S01012898,All people in households,567,36,531,532,11,521,25,16,9,10,9,1
S01012898,No central heating,4,0,4,4,0,4,0,0,0,0,0,0
S01012898,Gas central heating,548,35,513,514,11,503,24,15,9,10,9,1
S01012898,Electric (including storage heaters) central heating,10,1,9,9,0,9,1,1,0,0,0,0
S01012898,Oil central heating,0,0,0,0,0,0,0,0,0,0,0,0
S01012898,Solid fuel (for example wood coal) central heating,0,0,0,0,0,0,0,0,0,0,0,0
S01012898,Other central heating,0,0,0,0,0,0,0,0,0,0,0,0
S01012898,Two or more types of central heating,5,0,5,5,0,5,0,0,0,0,0,0
S01012899,All people in households,529,150,379,380,32,348,92,61,31,57,57,0
S01012899,No central heating,7,1,6,6,0,6,1,1,0,0,0,0
S01012899,Gas central heating,175,24,151,155,9,146,10,5,5,10,10,0
S01012899,Electric (including storage heaters) central heating,342,124,218,215,23,192,81,55,26,46,46,0
S01012899,Oil central heating,0,0,0,0,0,0,0,0,0,0,0,0
S01012899,Solid fuel (for example wood coal) central heating,0,0,0,0,0,0,0,0,0,0,0,0
S01012899,Other central heating,0,0,0,0,0,0,0,0,0,0,0,0
S01012899,Two or more types of central heating,5,1,4,4,0,4,0,0,0,1,1,0
S01012900,All people in households,573,80,493,496,31,465,57,31,26,20,18,2
S01012900,No central heating,10,3,7,8,2,6,1,0,1,1,1,0
S01012900,Gas central heating,362,49,313,317,21,296,34,18,16,11,10,1
S01012900,Electric (including storage heaters) central heating,44,6,38,40,3,37,3,2,1,1,1,0
S01012900,Oil central heating,123,20,103,101,5,96,17,10,7,5,5,0
S01012900,Solid fuel (for example wood coal) central heating,12,1,11,10,0,10,0,0,0,2,1,1
S01012900,Other central heating,12,0,12,12,0,12,0,0,0,0,0,0
S01012900,Two or more types of central heating,10,1,9,8,0,8,2,1,1,0,0,0
S01012901,All people in households,689,114,575,562,29,533,92,53,39,35,32,3
S01012901,No central heating,4,1,3,3,0,3,1,1,0,0,0,0
S01012901,Gas central heating,542,83,459,447,22,425,70,39,31,25,22,3
S01012901,Electric (including storage heaters) central heating,131,30,101,100,7,93,21,13,8,10,10,0
S01012901,Oil central heating,1,0,1,1,0,1,0,0,0,0,0,0
S01012901,Solid fuel (for example wood coal) central heating,2,0,2,2,0,2,0,0,0,0,0,0
S01012901,Other central heating,1,0,1,1,0,1,0,0,0,0,0,0
S01012901,Two or more types of central heating,8,0,8,8,0,8,0,0,0,0,0,0
S01012902,All people in households,748,128,620,623,45,578,88,50,38,37,33,4
S01012902,No central heating,9,1,8,8,0,8,1,1,0,0,0,0
S01012902,Gas central heating,576,105,471,482,39,443,62,36,26,32,30,2
S01012902,Electric (including storage heaters) central heating,146,22,124,118,6,112,23,13,10,5,3,2
S01012902,Oil central heating,0,0,0,0,0,0,0,0,0,0,0,0
S01012902,Solid fuel (for example wood coal) central heating,0,0,0,0,0,0,0,0,0,0,0,0
S01012902,Other central heating,2,0,2,2,0,2,0,0,0,0,0,0
S01012902,Two or more types of central heating,15,0,15,13,0,13,2,0,2,0,0,0
S01012903,All people in households,811,160,651,636,44,592,122,66,56,53,50,3
S01012903,No central heating,22,2,20,18,0,18,3,1,2,1,1,0
S01012903,Gas central heating,578,112,466,459,32,427,83,47,36,36,33,3
S01012903,Electric (including storage heaters) central heating,192,40,152,146,9,137,33,18,15,13,13,0
S01012903,Oil central heating,0,0,0,0,0,0,0,0,0,0,0,0
S01012903,Solid fuel (for example wood coal) central heating,4,2,2,2,0,2,0,0,0,2,2,0
S01012903,Other central heating,1,0,1,1,0,1,0,0,0,0,0,0
S01012903,Two or more types of central heating,14,4,10,10,3,7,3,0,3,1,1,0
S01012904,All people in households,816,139,677,685,39,646,96,65,31,35,35,0
S01012904,No central heating,8,2,6,6,1,5,2,1,1,0,0,0
S01012904,Gas central heating,642,104,538,545,31,514,69,45,24,28,28,0
S01012904,Electric (including storage heaters) central heating,141,28,113,113,6,107,23,17,6,5,5,0
S01012904,Oil central heating,4,1,3,3,0,3,1,1,0,0,0,0
S01012904,Solid fuel (for example wood coal) central heating,3,1,2,3,1,2,0,0,0,0,0,0
S01012904,Other central heating,6,1,5,5,0,5,1,1,0,0,0,0
S01012904,Two or more types of central heating,12,2,10,10,0,10,0,0,0,2,2,0
S01012905,All people in households,622,124,498,501,33,468,81,51,30,40,40,0
S01012905,No central heating,8,4,4,5,1,4,1,1,0,2,2,0
S01012905,Gas central heating,524,102,422,426,29,397,66,41,25,32,32,0
S01012905,Electric (including storage heaters) central heating,71,17,54,56,3,53,9,8,1,6,6,0
S01012905,Oil central heating,0,0,0,0,0,0,0,0,0,0,0,0
S01012905,Solid fuel (for example wood coal) central heating,2,0,2,2,0,2,0,0,0,0,0,0
S01012905,Other central heating,0,0,0,0,0,0,0,0,0,0,0,0
S01012905,Two or more types of central heating,17,1,16,12,0,12,5,1,4,0,0,0
S01012906,All people in households,900,162,738,757,57,700,102,66,36,41,39,2
S01012906,No central heating,27,1,26,24,0,24,2,0,2,1,1,0
S01012906,Gas central heating,610,97,513,528,37,491,57,36,21,25,24,1
S01012906,Electric (including storage heaters) central heating,255,62,193,197,18,179,43,30,13,15,14,1
S01012906,Oil central heating,0,0,0,0,0,0,0,0,0,0,0,0
S01012906,Solid fuel (for example wood coal) central heating,0,0,0,0,0,0,0,0,0,0,0,0
S01012906,Other central heating,3,2,1,3,2,1,0,0,0,0,0,0
S01012906,Two or more types of central heating,5,0,5,5,0,5,0,0,0,0,0,0
S01012907,All people in households,858,228,630,647,59,588,146,105,41,65,64,1
S01012907,No central heating,19,2,17,16,0,16,2,1,1,1,1,0
S01012907,Gas central heating,730,197,533,553,52,501,121,89,32,56,56,0
S01012907,Electric (including storage heaters) central heating,89,24,65,62,5,57,22,15,7,5,4,1
S01012907,Oil central heating,0,0,0,0,0,0,0,0,0,0,0,0
S01012907,Solid fuel (for example wood coal) central heating,4,1,3,2,0,2,1,0,1,1,1,0
S01012907,Other central heating,2,1,1,1,0,1,0,0,0,1,1,0
S01012907,Two or more types of central heating,14,3,11,13,2,11,0,0,0,1,1,0
S01012908,All people in households,699,185,514,517,40,477,120,84,36,62,61,1
S01012908,No central heating,3,2,1,0,0,0,1,0,1,2,2,0
S01012908,Gas central heating,640,167,473,478,38,440,108,76,32,54,53,1
S01012908,Electric (including storage heaters) central heating,42,13,29,28,1,27,8,6,2,6,6,0
S01012908,Oil central heating,2,1,1,1,0,1,1,1,0,0,0,0
S01012908,Solid fuel (for example wood coal) central heating,0,0,0,0,0,0,0,0,0,0,0,0
S01012908,Other central heating,0,0,0,0,0,0,0,0,0,0,0,0
S01012908,Two or more types of central heating,12,2,10,10,1,9,2,1,1,0,0,0
S01012909,All people in households,610,155,455,446,32,414,109,72,37,55,51,4
S01012909,No central heating,5,0,5,5,0,5,0,0,0,0,0,0
S01012909,Gas central heating,484,106,378,373,26,347,75,47,28,36,33,3
S01012909,Electric (including storage heaters) central heating,101,45,56,53,5,48,30,23,7,18,17,1
S01012909,Oil central heating,0,0,0,0,0,0,0,0,0,0,0,0
S01012909,Solid fuel (for example wood coal) central heating,5,0,5,4,0,4,1,0,1,0,0,0
S01012909,Other central heating,0,0,0,0,0,0,0,0,0,0,0,0
S01012909,Two or more types of central heating,15,4,11,11,1,10,3,2,1,1,1,0
S01012910,All people in households,834,225,609,634,68,566,132,91,41,68,66,2
S01012910,No central heating,19,4,15,13,0,13,6,4,2,0,0,0
S01012910,Gas central heating,461,91,370,389,38,351,49,31,18,23,22,1
S01012910,Electric (including storage heaters) central heating,344,128,216,223,29,194,76,55,21,45,44,1
S01012910,Oil central heating,0,0,0,0,0,0,0,0,0,0,0,0
S01012910,Solid fuel (for example wood coal) central heating,0,0,0,0,0,0,0,0,0,0,0,0
S01012910,Other central heating,0,0,0,0,0,0,0,0,0,0,0,0
S01012910,Two or more types of central heating,10,2,8,9,1,8,1,1,0,0,0,0
S01012911,All people in households,728,169,559,598,63,535,94,70,24,36,36,0
S01012911,No central heating,0,0,0,0,0,0,0,0,0,0,0,0
S01012911,Gas central heating,685,160,525,564,61,503,86,64,22,35,35,0
S01012911,Electric (including storage heaters) central heating,37,6,31,30,1,29,6,4,2,1,1,0
S01012911,Oil central heating,1,0,1,1,0,1,0,0,0,0,0,0
S01012911,Solid fuel (for example wood coal) central heating,2,0,2,2,0,2,0,0,0,0,0,0
S01012911,Other central heating,0,0,0,0,0,0,0,0,0,0,0,0
S01012911,Two or more types of central heating,3,3,0,1,1,0,2,2,0,0,0,0
S01012912,All people in households,673,194,479,490,49,441,129,92,37,54,53,1
S01012912,No central heating,4,1,3,4,1,3,0,0,0,0,0,0
S01012912,Gas central heating,609,169,440,449,42,407,108,76,32,52,51,1
S01012912,Electric (including storage heaters) central heating,53,20,33,34,6,28,17,12,5,2,2,0
S01012912,Oil central heating,0,0,0,0,0,0,0,0,0,0,0,0
S01012912,Solid fuel (for example wood coal) central heating,0,0,0,0,0,0,0,0,0,0,0,0
S01012912,Other central heating,3,1,2,2,0,2,1,1,0,0,0,0
S01012912,Two or more types of central heating,4,3,1,1,0,1,3,3,0,0,0,0
S01012913,All people in households,882,196,686,682,44,638,138,90,48,62,62,0
S01012913,No central heating,11,3,8,9,1,8,1,1,0,1,1,0
S01012913,Gas central heating,822,170,652,643,36,607,127,82,45,52,52,0
S01012913,Electric (including storage heaters) central heating,36,20,16,20,6,14,8,6,2,8,8,0
S01012913,Oil central heating,0,0,0,0,0,0,0,0,0,0,0,0
S01012913,Solid fuel (for example wood coal) central heating,0,0,0,0,0,0,0,0,0,0,0,0
S01012913,Other central heating,2,0,2,2,0,2,0,0,0,0,0,0
S01012913,Two or more types of central heating,11,3,8,8,1,7,2,1,1,1,1,0
S01012914,All people in households,848,171,677,691,56,635,106,65,41,51,50,1
S01012914,No central heating,2,0,2,2,0,2,0,0,0,0,0,0
S01012914,Gas central heating,797,158,639,650,52,598,101,61,40,46,45,1
S01012914,Electric (including storage heaters) central heating,20,5,15,17,3,14,2,1,1,1,1,0
S01012914,Oil central heating,0,0,0,0,0,0,0,0,0,0,0,0
S01012914,Solid fuel (for example wood coal) central heating,0,0,0,0,0,0,0,0,0,0,0,0
S01012914,Other central heating,1,0,1,1,0,1,0,0,0,0,0,0
S01012914,Two or more types of central heating,28,8,20,21,1,20,3,3,0,4,4,0
S01012915,All people in households,1055,145,910,915,40,875,95,62,33,45,43,2
S01012915,No central heating,0,0,0,0,0,0,0,0,0,0,0,0
S01012915,Gas central heating,988,111,877,883,35,848,77,49,28,28,27,1
S01012915,Electric (including storage heaters) central heating,42,30,12,12,5,7,17,13,4,13,12,1
S01012915,Oil central heating,5,0,5,5,0,5,0,0,0,0,0,0
S01012915,Solid fuel (for example wood coal) central heating,0,0,0,0,0,0,0,0,0,0,0,0
S01012915,Other central heating,2,1,1,1,0,1,0,0,0,1,1,0
S01012915,Two or more types of central heating,18,3,15,14,0,14,1,0,1,3,3,0
S01012916,All people in households,651,140,511,522,33,489,85,63,22,44,44,0
S01012916,No central heating,6,0,6,4,0,4,2,0,2,0,0,0
S01012916,Gas central heating,468,101,367,383,25,358,52,43,9,33,33,0
S01012916,Electric (including storage heaters) central heating,175,39,136,133,8,125,31,20,11,11,11,0
S01012916,Oil central heating,1,0,1,1,0,1,0,0,0,0,0,0
S01012916,Solid fuel (for example wood coal) central heating,0,0,0,0,0,0,0,0,0,0,0,0
S01012916,Other central heating,0,0,0,0,0,0,0,0,0,0,0,0
S01012916,Two or more types of central heating,1,0,1,1,0,1,0,0,0,0,0,0
S01012917,All people in households,717,90,627,633,35,598,62,34,28,22,21,1
S01012917,No central heating,1,0,1,1,0,1,0,0,0,0,0,0
S01012917,Gas central heating,677,82,595,601,32,569,55,30,25,21,20,1
S01012917,Electric (including storage heaters) central heating,19,5,14,13,1,12,6,4,2,0,0,0
S01012917,Oil central heating,0,0,0,0,0,0,0,0,0,0,0,0
S01012917,Solid fuel (for example wood coal) central heating,0,0,0,0,0,0,0,0,0,0,0,0
S01012917,Other central heating,12,3,9,10,2,8,1,0,1,1,1,0
S01012917,Two or more types of central heating,8,0,8,8,0,8,0,0,0,0,0,0
S01012918,All people in households,490,103,387,397,30,367,62,42,20,31,31,0
S01012918,No central heating,7,3,4,4,0,4,0,0,0,3,3,0
S01012918,Gas central heating,295,62,233,238,18,220,39,26,13,18,18,0
S01012918,Electric (including storage heaters) central heating,183,38,145,150,12,138,23,16,7,10,10,0
S01012918,Oil central heating,0,0,0,0,0,0,0,0,0,0,0,0
S01012918,Solid fuel (for example wood coal) central heating,0,0,0,0,0,0,0,0,0,0,0,0
S01012918,Other central heating,0,0,0,0,0,0,0,0,0,0,0,0
S01012918,Two or more types of central heating,5,0,5,5,0,5,0,0,0,0,0,0
S01012919,All people in households,455,105,350,361,31,330,61,41,20,33,33,0
S01012919,No central heating,16,3,13,15,3,12,1,0,1,0,0,0
S01012919,Gas central heating,345,85,260,268,22,246,48,34,14,29,29,0
S01012919,Electric (including storage heaters) central heating,84,16,68,69,6,63,12,7,5,3,3,0
S01012919,Oil central heating,3,0,3,3,0,3,0,0,0,0,0,0
S01012919,Solid fuel (for example wood coal) central heating,0,0,0,0,0,0,0,0,0,0,0,0
S01012919,Other central heating,3,1,2,2,0,2,0,0,0,1,1,0
S01012919,Two or more types of central heating,4,0,4,4,0,4,0,0,0,0,0,0
S01012920,All people in households,571,110,461,481,39,442,68,50,18,22,21,1
S01012920,No central heating,3,2,1,2,1,1,1,1,0,0,0,0
S01012920,Gas central heating,542,103,439,459,37,422,63,47,16,20,19,1
S01012920,Electric (including storage heaters) central heating,16,5,11,10,1,9,4,2,2,2,2,0
S01012920,Oil central heating,4,0,4,4,0,4,0,0,0,0,0,0
S01012920,Solid fuel (for example wood coal) central heating,0,0,0,0,0,0,0,0,0,0,0,0
S01012920,Other central heating,0,0,0,0,0,0,0,0,0,0,0,0
S01012920,Two or more types of central heating,6,0,6,6,0,6,0,0,0,0,0,0
S01012921,All people in households,705,141,564,570,44,526,93,56,37,42,41,1
S01012921,No central heating,13,1,12,8,0,8,4,0,4,1,1,0
S01012921,Gas central heating,646,126,520,526,38,488,82,51,31,38,37,1
S01012921,Electric (including storage heaters) central heating,38,12,26,30,6,24,6,4,2,2,2,0
S01012921,Oil central heating,3,1,2,2,0,2,1,1,0,0,0,0
S01012921,Solid fuel (for example wood coal) central heating,0,0,0,0,0,0,0,0,0,0,0,0
S01012921,Other central heating,0,0,0,0,0,0,0,0,0,0,0,0
S01012921,Two or more types of central heating,5,1,4,4,0,4,0,0,0,1,1,0
S01012922,All people in households,1011,189,822,852,55,797,107,83,24,52,51,1
S01012922,No central heating,12,1,11,10,0,10,1,1,0,1,0,1
S01012922,Gas central heating,850,150,700,723,44,679,86,65,21,41,41,0
S01012922,Electric (including storage heaters) central heating,134,36,98,106,11,95,19,16,3,9,9,0
S01012922,Oil central heating,1,0,1,1,0,1,0,0,0,0,0,0
S01012922,Solid fuel (for example wood coal) central heating,0,0,0,0,0,0,0,0,0,0,0,0
S01012922,Other central heating,0,0,0,0,0,0,0,0,0,0,0,0
S01012922,Two or more types of central heating,14,2,12,12,0,12,1,1,0,1,1,0
S01012923,All people in households,706,109,597,614,37,577,63,44,19,29,28,1
S01012923,No central heating,10,2,8,8,1,7,1,0,1,1,1,0
S01012923,Gas central heating,613,91,522,533,28,505,58,42,16,22,21,1
S01012923,Electric (including storage heaters) central heating,69,13,56,60,5,55,3,2,1,6,6,0
S01012923,Oil central heating,0,0,0,0,0,0,0,0,0,0,0,0
S01012923,Solid fuel (for example wood coal) central heating,0,0,0,0,0,0,0,0,0,0,0,0
S01012923,Other central heating,0,0,0,0,0,0,0,0,0,0,0,0
S01012923,Two or more types of central heating,14,3,11,13,3,10,1,0,1,0,0,0
S01012924,All people in households,500,81,419,411,19,392,63,37,26,26,25,1
S01012924,No central heating,10,2,8,8,0,8,2,2,0,0,0,0
S01012924,Gas central heating,374,55,319,313,11,302,45,29,16,16,15,1
S01012924,Electric (including storage heaters) central heating,109,22,87,84,7,77,16,6,10,9,9,0
S01012924,Oil central heating,2,1,1,2,1,1,0,0,0,0,0,0
S01012924,Solid fuel (for example wood coal) central heating,3,0,3,3,0,3,0,0,0,0,0,0
S01012924,Other central heating,0,0,0,0,0,0,0,0,0,0,0,0
S01012924,Two or more types of central heating,2,1,1,1,0,1,0,0,0,1,1,0
S01012925,All people in households,482,59,423,432,21,411,37,25,12,13,13,0
S01012925,No central heating,8,2,6,6,0,6,1,1,0,1,1,0
S01012925,Gas central heating,404,46,358,365,17,348,29,19,10,10,10,0
S01012925,Electric (including storage heaters) central heating,31,6,25,26,1,25,4,4,0,1,1,0
S01012925,Oil central heating,0,0,0,0,0,0,0,0,0,0,0,0
S01012925,Solid fuel (for example wood coal) central heating,0,0,0,0,0,0,0,0,0,0,0,0
S01012925,Other central heating,36,4,32,33,3,30,3,1,2,0,0,0
S01012925,Two or more types of central heating,3,1,2,2,0,2,0,0,0,1,1,0
S01012926,All people in households,697,98,599,598,35,563,71,35,36,28,28,0
S01012926,No central heating,19,3,16,15,1,14,2,0,2,2,2,0
S01012926,Gas central heating,466,64,402,404,24,380,47,25,22,15,15,0
S01012926,Electric (including storage heaters) central heating,204,29,175,172,9,163,21,9,12,11,11,0
S01012926,Oil central heating,0,0,0,0,0,0,0,0,0,0,0,0
S01012926,Solid fuel (for example wood coal) central heating,0,0,0,0,0,0,0,0,0,0,0,0
S01012926,Other central heating,4,2,2,3,1,2,1,1,0,0,0,0
S01012926,Two or more types of central heating,4,0,4,4,0,4,0,0,0,0,0,0
S01012927,All people in households,772,139,633,631,38,593,92,52,40,49,49,0
S01012927,No central heating,29,5,24,22,2,20,4,0,4,3,3,0
S01012927,Gas central heating,494,68,426,427,18,409,43,26,17,24,24,0
S01012927,Electric (including storage heaters) central heating,237,63,174,172,17,155,45,26,19,20,20,0
S01012927,Oil central heating,3,1,2,3,1,2,0,0,0,0,0,0
S01012927,Solid fuel (for example wood coal) central heating,6,0,6,6,0,6,0,0,0,0,0,0
S01012927,Other central heating,3,2,1,1,0,1,0,0,0,2,2,0
S01012927,Two or more types of central heating,0,0,0,0,0,0,0,0,0,0,0,0
S01012928,All people in households,810,131,679,697,43,654,81,58,23,32,30,2
S01012928,No central heating,19,2,17,14,0,14,5,2,3,0,0,0
S01012928,Gas central heating,662,92,570,579,27,552,57,40,17,26,25,1
S01012928,Electric (including storage heaters) central heating,112,34,78,90,16,74,18,15,3,4,3,1
S01012928,Oil central heating,0,0,0,0,0,0,0,0,0,0,0,0
S01012928,Solid fuel (for example wood coal) central heating,2,1,1,1,0,1,0,0,0,1,1,0
S01012928,Other central heating,0,0,0,0,0,0,0,0,0,0,0,0
S01012928,Two or more types of central heating,15,2,13,13,0,13,1,1,0,1,1,0
S01012929,All people in households,749,153,596,617,48,569,96,70,26,36,35,1
S01012929,No central heating,12,1,11,12,1,11,0,0,0,0,0,0
S01012929,Gas central heating,600,109,491,509,37,472,64,46,18,27,26,1
S01012929,Electric (including storage heaters) central heating,115,39,76,77,8,69,30,23,7,8,8,0
S01012929,Oil central heating,8,3,5,6,2,4,1,0,1,1,1,0
S01012929,Solid fuel (for example wood coal) central heating,2,0,2,2,0,2,0,0,0,0,0,0
S01012929,Other central heating,1,0,1,1,0,1,0,0,0,0,0,0
S01012929,Two or more types of central heating,11,1,10,10,0,10,1,1,0,0,0,0
S01012930,All people in households,823,221,602,610,50,560,148,109,39,65,62,3
S01012930,No central heating,14,2,12,12,1,11,1,0,1,1,1,0
S01012930,Gas central heating,696,187,509,521,45,476,125,94,31,50,48,2
S01012930,Electric (including storage heaters) central heating,106,28,78,75,4,71,21,15,6,10,9,1
S01012930,Oil central heating,0,0,0,0,0,0,0,0,0,0,0,0
S01012930,Solid fuel (for example wood coal) central heating,0,0,0,0,0,0,0,0,0,0,0,0
S01012930,Other central heating,0,0,0,0,0,0,0,0,0,0,0,0
S01012930,Two or more types of central heating,7,4,3,2,0,2,1,0,1,4,4,0
S01012931,All people in households,883,182,701,707,53,654,123,77,46,53,52,1
S01012931,No central heating,12,3,9,9,1,8,2,1,1,1,1,0
S01012931,Gas central heating,764,149,615,621,46,575,100,61,39,43,42,1
S01012931,Electric (including storage heaters) central heating,90,28,62,62,5,57,19,14,5,9,9,0
S01012931,Oil central heating,0,0,0,0,0,0,0,0,0,0,0,0
S01012931,Solid fuel (for example wood coal) central heating,0,0,0,0,0,0,0,0,0,0,0,0
S01012931,Other central heating,0,0,0,0,0,0,0,0,0,0,0,0
S01012931,Two or more types of central heating,17,2,15,15,1,14,2,1,1,0,0,0
S01012932,All people in households,512,90,422,443,32,411,50,39,11,19,19,0
S01012932,No central heating,1,1,0,1,1,0,0,0,0,0,0,0
S01012932,Gas central heating,502,86,416,435,29,406,48,38,10,19,19,0
S01012932,Electric (including storage heaters) central heating,3,2,1,3,2,1,0,0,0,0,0,0
S01012932,Oil central heating,0,0,0,0,0,0,0,0,0,0,0,0
S01012932,Solid fuel (for example wood coal) central heating,0,0,0,0,0,0,0,0,0,0,0,0
S01012932,Other central heating,0,0,0,0,0,0,0,0,0,0,0,0
S01012932,Two or more types of central heating,6,1,5,4,0,4,2,1,1,0,0,0
S01012933,All people in households,803,144,659,655,45,610,99,52,47,49,47,2
S01012933,No central heating,3,1,2,2,0,2,1,1,0,0,0,0
S01012933,Gas central heating,768,131,637,632,41,591,92,48,44,44,42,2
S01012933,Electric (including storage heaters) central heating,13,5,8,10,2,8,0,0,0,3,3,0
S01012933,Oil central heating,0,0,0,0,0,0,0,0,0,0,0,0
S01012933,Solid fuel (for example wood coal) central heating,1,1,0,0,0,0,0,0,0,1,1,0
S01012933,Other central heating,1,1,0,1,1,0,0,0,0,0,0,0
S01012933,Two or more types of central heating,17,5,12,10,1,9,6,3,3,1,1,0
S01012934,All people in households,708,192,516,529,48,481,124,90,34,55,54,1
S01012934,No central heating,5,1,4,4,0,4,1,1,0,0,0,0
S01012934,Gas central heating,672,185,487,498,46,452,120,86,34,54,53,1
S01012934,Electric (including storage heaters) central heating,16,2,14,15,1,14,0,0,0,1,1,0
S01012934,Oil central heating,0,0,0,0,0,0,0,0,0,0,0,0
S01012934,Solid fuel (for example wood coal) central heating,0,0,0,0,0,0,0,0,0,0,0,0
S01012934,Other central heating,0,0,0,0,0,0,0,0,0,0,0,0
S01012934,Two or more types of central heating,15,4,11,12,1,11,3,3,0,0,0,0
S01012935,All people in households,887,184,703,706,43,663,138,102,36,43,39,4
S01012935,No central heating,6,0,6,6,0,6,0,0,0,0,0,0
S01012935,Gas central heating,840,171,669,670,39,631,134,98,36,36,34,2
S01012935,Electric (including storage heaters) central heating,19,7,12,13,1,12,2,2,0,4,4,0
S01012935,Oil central heating,6,1,5,5,0,5,1,1,0,0,0,0
S01012935,Solid fuel (for example wood coal) central heating,4,1,3,3,0,3,1,1,0,0,0,0
S01012935,Other central heating,0,0,0,0,0,0,0,0,0,0,0,0
S01012935,Two or more types of central heating,12,4,8,9,3,6,0,0,0,3,1,2
S01012936,All people in households,726,179,547,562,55,507,125,85,40,39,39,0
S01012936,No central heating,10,1,9,8,0,8,2,1,1,0,0,0
S01012936,Gas central heating,624,143,481,489,43,446,99,64,35,36,36,0
S01012936,Electric (including storage heaters) central heating,75,31,44,51,11,40,21,17,4,3,3,0
S01012936,Oil central heating,0,0,0,0,0,0,0,0,0,0,0,0
S01012936,Solid fuel (for example wood coal) central heating,0,0,0,0,0,0,0,0,0,0,0,0
S01012936,Other central heating,0,0,0,0,0,0,0,0,0,0,0,0
S01012936,Two or more types of central heating,17,4,13,14,1,13,3,3,0,0,0,0
S01012937,All people in households,692,124,568,568,31,537,91,63,28,33,30,3
S01012937,No central heating,2,0,2,1,0,1,1,0,1,0,0,0
S01012937,Gas central heating,671,120,551,550,29,521,88,61,27,33,30,3
S01012937,Electric (including storage heaters) central heating,7,2,5,6,1,5,1,1,0,0,0,0
S01012937,Oil central heating,1,1,0,1,1,0,0,0,0,0,0,0
S01012937,Solid fuel (for example wood coal) central heating,0,0,0,0,0,0,0,0,0,0,0,0
S01012937,Other central heating,0,0,0,0,0,0,0,0,0,0,0,0
S01012937,Two or more types of central heating,11,1,10,10,0,10,1,1,0,0,0,0
S01012938,All people in households,691,111,580,590,34,556,72,48,24,29,29,0
S01012938,No central heating,1,0,1,1,0,1,0,0,0,0,0,0
S01012938,Gas central heating,676,107,569,579,34,545,68,44,24,29,29,0
S01012938,Electric (including storage heaters) central heating,5,1,4,4,0,4,1,1,0,0,0,0
S01012938,Oil central heating,0,0,0,0,0,0,0,0,0,0,0,0
S01012938,Solid fuel (for example wood coal) central heating,0,0,0,0,0,0,0,0,0,0,0,0
S01012938,Other central heating,0,0,0,0,0,0,0,0,0,0,0,0
S01012938,Two or more types of central heating,9,3,6,6,0,6,3,3,0,0,0,0
S01012939,All people in households,651,54,597,603,17,586,38,27,11,10,10,0
S01012939,No central heating,0,0,0,0,0,0,0,0,0,0,0,0
S01012939,Gas central heating,638,52,586,592,17,575,38,27,11,8,8,0
S01012939,Electric (including storage heaters) central heating,3,0,3,3,0,3,0,0,0,0,0,0
S01012939,Oil central heating,0,0,0,0,0,0,0,0,0,0,0,0
S01012939,Solid fuel (for example wood coal) central heating,0,0,0,0,0,0,0,0,0,0,0,0
S01012939,Other central heating,0,0,0,0,0,0,0,0,0,0,0,0
S01012939,Two or more types of central heating,10,2,8,8,0,8,0,0,0,2,2,0
S01012940,All people in households,698,69,629,635,31,604,55,30,25,8,8,0
S01012940,No central heating,0,0,0,0,0,0,0,0,0,0,0,0
S01012940,Gas central heating,680,67,613,618,30,588,54,29,25,8,8,0
S01012940,Electric (including storage heaters) central heating,0,0,0,0,0,0,0,0,0,0,0,0
S01012940,Oil central heating,5,1,4,4,0,4,1,1,0,0,0,0
S01012940,Solid fuel (for example wood coal) central heating,0,0,0,0,0,0,0,0,0,0,0,0
S01012940,Other central heating,0,0,0,0,0,0,0,0,0,0,0,0
S01012940,Two or more types of central heating,13,1,12,13,1,12,0,0,0,0,0,0
S01012941,All people in households,789,69,720,724,26,698,48,28,20,17,15,2
S01012941,No central heating,0,0,0,0,0,0,0,0,0,0,0,0
S01012941,Gas central heating,770,67,703,708,25,683,46,28,18,16,14,2
S01012941,Electric (including storage heaters) central heating,11,1,10,9,1,8,2,0,2,0,0,0
S01012941,Oil central heating,4,1,3,3,0,3,0,0,0,1,1,0
S01012941,Solid fuel (for example wood coal) central heating,0,0,0,0,0,0,0,0,0,0,0,0
S01012941,Other central heating,0,0,0,0,0,0,0,0,0,0,0,0
S01012941,Two or more types of central heating,4,0,4,4,0,4,0,0,0,0,0,0
S01012942,All people in households,788,174,614,614,39,575,121,84,37,53,51,2
S01012942,No central heating,6,1,5,5,0,5,1,1,0,0,0,0
S01012942,Gas central heating,723,152,571,573,38,535,109,74,35,41,40,1
S01012942,Electric (including storage heaters) central heating,47,13,34,31,0,31,7,5,2,9,8,1
S01012942,Oil central heating,0,0,0,0,0,0,0,0,0,0,0,0
S01012942,Solid fuel (for example wood coal) central heating,0,0,0,0,0,0,0,0,0,0,0,0
S01012942,Other central heating,0,0,0,0,0,0,0,0,0,0,0,0
S01012942,Two or more types of central heating,12,8,4,5,1,4,4,4,0,3,3,0
S01012943,All people in households,751,91,660,669,32,637,59,36,23,23,23,0
S01012943,No central heating,7,1,6,7,1,6,0,0,0,0,0,0
S01012943,Gas central heating,702,86,616,624,29,595,56,35,21,22,22,0
S01012943,Electric (including storage heaters) central heating,13,1,12,11,0,11,2,1,1,0,0,0
S01012943,Oil central heating,4,0,4,4,0,4,0,0,0,0,0,0
S01012943,Solid fuel (for example wood coal) central heating,0,0,0,0,0,0,0,0,0,0,0,0
S01012943,Other central heating,6,0,6,6,0,6,0,0,0,0,0,0
S01012943,Two or more types of central heating,19,3,16,17,2,15,1,0,1,1,1,0
S01012944,All people in households,525,73,452,474,31,443,35,26,9,16,16,0
S01012944,No central heating,0,0,0,0,0,0,0,0,0,0,0,0
S01012944,Gas central heating,523,72,451,473,31,442,34,25,9,16,16,0
S01012944,Electric (including storage heaters) central heating,0,0,0,0,0,0,0,0,0,0,0,0
S01012944,Oil central heating,0,0,0,0,0,0,0,0,0,0,0,0
S01012944,Solid fuel (for example wood coal) central heating,0,0,0,0,0,0,0,0,0,0,0,0
S01012944,Other central heating,0,0,0,0,0,0,0,0,0,0,0,0
S01012944,Two or more types of central heating,2,1,1,1,0,1,1,1,0,0,0,0
S01012945,All people in households,724,55,669,680,28,652,31,15,16,13,12,1
S01012945,No central heating,11,0,11,11,0,11,0,0,0,0,0,0
S01012945,Gas central heating,697,54,643,653,27,626,31,15,16,13,12,1
S01012945,Electric (including storage heaters) central heating,0,0,0,0,0,0,0,0,0,0,0,0
S01012945,Oil central heating,12,1,11,12,1,11,0,0,0,0,0,0
S01012945,Solid fuel (for example wood coal) central heating,3,0,3,3,0,3,0,0,0,0,0,0
S01012945,Other central heating,1,0,1,1,0,1,0,0,0,0,0,0
S01012945,Two or more types of central heating,0,0,0,0,0,0,0,0,0,0,0,0
S01012946,All people in households,861,106,755,774,35,739,67,51,16,20,20,0
S01012946,No central heating,0,0,0,0,0,0,0,0,0,0,0,0
S01012946,Gas central heating,853,106,747,766,35,731,67,51,16,20,20,0
S01012946,Electric (including storage heaters) central heating,4,0,4,4,0,4,0,0,0,0,0,0
S01012946,Oil central heating,0,0,0,0,0,0,0,0,0,0,0,0
S01012946,Solid fuel (for example wood coal) central heating,0,0,0,0,0,0,0,0,0,0,0,0
S01012946,Other central heating,0,0,0,0,0,0,0,0,0,0,0,0
S01012946,Two or more types of central heating,4,0,4,4,0,4,0,0,0,0,0,0
S01012947,All people in households,453,41,412,419,18,401,26,15,11,8,8,0
S01012947,No central heating,2,1,1,1,0,1,0,0,0,1,1,0
S01012947,Gas central heating,440,40,400,407,18,389,26,15,11,7,7,0
S01012947,Electric (including storage heaters) central heating,4,0,4,4,0,4,0,0,0,0,0,0
S01012947,Oil central heating,0,0,0,0,0,0,0,0,0,0,0,0
S01012947,Solid fuel (for example wood coal) central heating,0,0,0,0,0,0,0,0,0,0,0,0
S01012947,Other central heating,0,0,0,0,0,0,0,0,0,0,0,0
S01012947,Two or more types of central heating,7,0,7,7,0,7,0,0,0,0,0,0
S01012948,All people in households,681,74,607,609,23,586,55,35,20,17,16,1
S01012948,No central heating,3,0,3,3,0,3,0,0,0,0,0,0
S01012948,Gas central heating,655,71,584,586,22,564,52,33,19,17,16,1
S01012948,Electric (including storage heaters) central heating,13,1,12,11,0,11,2,1,1,0,0,0
S01012948,Oil central heating,0,0,0,0,0,0,0,0,0,0,0,0
S01012948,Solid fuel (for example wood coal) central heating,0,0,0,0,0,0,0,0,0,0,0,0
S01012948,Other central heating,1,0,1,1,0,1,0,0,0,0,0,0
S01012948,Two or more types of central heating,9,2,7,8,1,7,1,1,0,0,0,0
S01012949,All people in households,667,105,562,572,32,540,74,53,21,21,20,1
S01012949,No central heating,9,3,6,8,2,6,1,1,0,0,0,0
S01012949,Gas central heating,606,93,513,520,28,492,66,46,20,20,19,1
S01012949,Electric (including storage heaters) central heating,13,1,12,12,0,12,1,1,0,0,0,0
S01012949,Oil central heating,8,2,6,6,0,6,1,1,0,1,1,0
S01012949,Solid fuel (for example wood coal) central heating,5,1,4,4,0,4,1,1,0,0,0,0
S01012949,Other central heating,18,4,14,15,2,13,3,2,1,0,0,0
S01012949,Two or more types of central heating,8,1,7,7,0,7,1,1,0,0,0,0
S01012950,All people in households,865,67,798,813,27,786,42,30,12,10,10,0
S01012950,No central heating,7,0,7,7,0,7,0,0,0,0,0,0
S01012950,Gas central heating,825,63,762,775,24,751,40,29,11,10,10,0
S01012950,Electric (including storage heaters) central heating,11,3,8,10,2,8,1,1,0,0,0,0
S01012950,Oil central heating,4,0,4,4,0,4,0,0,0,0,0,0
S01012950,Solid fuel (for example wood coal) central heating,0,0,0,0,0,0,0,0,0,0,0,0
S01012950,Other central heating,0,0,0,0,0,0,0,0,0,0,0,0
S01012950,Two or more types of central heating,18,1,17,17,1,16,1,0,1,0,0,0
S01012951,All people in households,914,43,871,878,22,856,28,13,15,8,8,0
S01012951,No central heating,5,0,5,3,0,3,2,0,2,0,0,0
S01012951,Gas central heating,882,37,845,853,20,833,23,11,12,6,6,0
S01012951,Electric (including storage heaters) central heating,4,0,4,4,0,4,0,0,0,0,0,0
S01012951,Oil central heating,6,2,4,4,0,4,1,1,0,1,1,0
S01012951,Solid fuel (for example wood coal) central heating,1,0,1,1,0,1,0,0,0,0,0,0
S01012951,Other central heating,4,0,4,3,0,3,1,0,1,0,0,0
S01012951,Two or more types of central heating,12,4,8,10,2,8,1,1,0,1,1,0
S01012952,All people in households,640,83,557,574,31,543,48,35,13,18,17,1
S01012952,No central heating,6,0,6,6,0,6,0,0,0,0,0,0
S01012952,Gas central heating,525,71,454,469,27,442,41,29,12,15,15,0
S01012952,Electric (including storage heaters) central heating,27,6,21,22,2,20,3,3,0,2,1,1
S01012952,Oil central heating,61,4,57,57,1,56,3,2,1,1,1,0
S01012952,Solid fuel (for example wood coal) central heating,0,0,0,0,0,0,0,0,0,0,0,0
S01012952,Other central heating,12,1,11,12,1,11,0,0,0,0,0,0
S01012952,Two or more types of central heating,9,1,8,8,0,8,1,1,0,0,0,0
S01012953,All people in households,685,84,601,609,29,580,55,34,21,21,21,0
S01012953,No central heating,9,3,6,7,1,6,1,1,0,1,1,0
S01012953,Gas central heating,594,68,526,533,25,508,46,28,18,15,15,0
S01012953,Electric (including storage heaters) central heating,58,9,49,48,2,46,7,4,3,3,3,0
S01012953,Oil central heating,0,0,0,0,0,0,0,0,0,0,0,0
S01012953,Solid fuel (for example wood coal) central heating,0,0,0,0,0,0,0,0,0,0,0,0
S01012953,Other central heating,9,2,7,7,0,7,1,1,0,1,1,0
S01012953,Two or more types of central heating,15,2,13,14,1,13,0,0,0,1,1,0
S01012954,All people in households,485,54,431,440,25,415,27,14,13,18,15,3
S01012954,No central heating,0,0,0,0,0,0,0,0,0,0,0,0
S01012954,Gas central heating,470,54,416,425,25,400,27,14,13,18,15,3
S01012954,Electric (including storage heaters) central heating,7,0,7,7,0,7,0,0,0,0,0,0
S01012954,Oil central heating,0,0,0,0,0,0,0,0,0,0,0,0
S01012954,Solid fuel (for example wood coal) central heating,0,0,0,0,0,0,0,0,0,0,0,0
S01012954,Other central heating,3,0,3,3,0,3,0,0,0,0,0,0
S01012954,Two or more types of central heating,5,0,5,5,0,5,0,0,0,0,0,0
S01012955,All people in households,899,126,773,794,43,751,73,52,21,32,31,1
S01012955,No central heating,3,1,2,2,0,2,1,1,0,0,0,0
S01012955,Gas central heating,871,114,757,773,37,736,70,50,20,28,27,1
S01012955,Electric (including storage heaters) central heating,15,7,8,11,4,7,2,1,1,2,2,0
S01012955,Oil central heating,0,0,0,0,0,0,0,0,0,0,0,0
S01012955,Solid fuel (for example wood coal) central heating,4,4,0,2,2,0,0,0,0,2,2,0
S01012955,Other central heating,0,0,0,0,0,0,0,0,0,0,0,0
S01012955,Two or more types of central heating,6,0,6,6,0,6,0,0,0,0,0,0
S01012956,All people in households,926,211,715,718,57,661,149,97,52,59,57,2
S01012956,No central heating,22,1,21,19,0,19,3,1,2,0,0,0
S01012956,Gas central heating,807,182,625,630,52,578,131,85,46,46,45,1
S01012956,Electric (including storage heaters) central heating,75,21,54,53,3,50,12,8,4,10,10,0
S01012956,Oil central heating,6,0,6,6,0,6,0,0,0,0,0,0
S01012956,Solid fuel (for example wood coal) central heating,0,0,0,0,0,0,0,0,0,0,0,0
S01012956,Other central heating,0,0,0,0,0,0,0,0,0,0,0,0
S01012956,Two or more types of central heating,16,7,9,10,2,8,3,3,0,3,2,1
S01012957,All people in households,633,146,487,492,42,450,102,67,35,39,37,2
S01012957,No central heating,7,2,5,4,0,4,2,1,1,1,1,0
S01012957,Gas central heating,497,117,380,383,33,350,82,53,29,32,31,1
S01012957,Electric (including storage heaters) central heating,122,25,97,100,9,91,16,11,5,6,5,1
S01012957,Oil central heating,0,0,0,0,0,0,0,0,0,0,0,0
S01012957,Solid fuel (for example wood coal) central heating,2,1,1,1,0,1,1,1,0,0,0,0
S01012957,Other central heating,0,0,0,0,0,0,0,0,0,0,0,0
S01012957,Two or more types of central heating,5,1,4,4,0,4,1,1,0,0,0,0
S01012958,All people in households,502,96,406,419,33,386,62,42,20,21,21,0
S01012958,No central heating,1,1,0,0,0,0,1,1,0,0,0,0
S01012958,Gas central heating,478,91,387,400,31,369,58,40,18,20,20,0
S01012958,Electric (including storage heaters) central heating,3,0,3,3,0,3,0,0,0,0,0,0
S01012958,Oil central heating,7,1,6,6,1,5,1,0,1,0,0,0
S01012958,Solid fuel (for example wood coal) central heating,1,1,0,0,0,0,1,1,0,0,0,0
S01012958,Other central heating,2,0,2,2,0,2,0,0,0,0,0,0
S01012958,Two or more types of central heating,10,2,8,8,1,7,1,0,1,1,1,0
S01012959,All people in households,572,74,498,511,28,483,48,33,15,13,13,0
S01012959,No central heating,3,0,3,2,0,2,1,0,1,0,0,0
S01012959,Gas central heating,549,73,476,492,28,464,44,32,12,13,13,0
S01012959,Electric (including storage heaters) central heating,7,1,6,5,0,5,2,1,1,0,0,0
S01012959,Oil central heating,0,0,0,0,0,0,0,0,0,0,0,0
S01012959,Solid fuel (for example wood coal) central heating,0,0,0,0,0,0,0,0,0,0,0,0
S01012959,Other central heating,0,0,0,0,0,0,0,0,0,0,0,0
S01012959,Two or more types of central heating,13,0,13,12,0,12,1,0,1,0,0,0
S01012960,All people in households,602,108,494,506,36,470,65,42,23,31,30,1
S01012960,No central heating,0,0,0,0,0,0,0,0,0,0,0,0
S01012960,Gas central heating,589,105,484,496,36,460,64,41,23,29,28,1
S01012960,Electric (including storage heaters) central heating,4,0,4,4,0,4,0,0,0,0,0,0
S01012960,Oil central heating,3,1,2,2,0,2,1,1,0,0,0,0
S01012960,Solid fuel (for example wood coal) central heating,0,0,0,0,0,0,0,0,0,0,0,0
S01012960,Other central heating,0,0,0,0,0,0,0,0,0,0,0,0
S01012960,Two or more types of central heating,6,2,4,4,0,4,0,0,0,2,2,0
S01012961,All people in households,521,62,459,456,20,436,49,26,23,16,16,0
S01012961,No central heating,3,1,2,1,0,1,2,1,1,0,0,0
S01012961,Gas central heating,486,58,428,429,20,409,42,23,19,15,15,0
S01012961,Electric (including storage heaters) central heating,23,2,21,19,0,19,3,1,2,1,1,0
S01012961,Oil central heating,2,1,1,1,0,1,1,1,0,0,0,0
S01012961,Solid fuel (for example wood coal) central heating,0,0,0,0,0,0,0,0,0,0,0,0
S01012961,Other central heating,0,0,0,0,0,0,0,0,0,0,0,0
S01012961,Two or more types of central heating,7,0,7,6,0,6,1,0,1,0,0,0
S01012962,All people in households,649,77,572,591,38,553,45,26,19,13,13,0
S01012962,No central heating,3,0,3,3,0,3,0,0,0,0,0,0
S01012962,Gas central heating,631,68,563,578,32,546,41,24,17,12,12,0
S01012962,Electric (including storage heaters) central heating,3,3,0,1,1,0,1,1,0,1,1,0
S01012962,Oil central heating,0,0,0,0,0,0,0,0,0,0,0,0
S01012962,Solid fuel (for example wood coal) central heating,0,0,0,0,0,0,0,0,0,0,0,0
S01012962,Other central heating,3,0,3,3,0,3,0,0,0,0,0,0
S01012962,Two or more types of central heating,9,6,3,6,5,1,3,1,2,0,0,0
S01012963,All people in households,812,85,727,737,34,703,59,36,23,16,15,1
S01012963,No central heating,0,0,0,0,0,0,0,0,0,0,0,0
S01012963,Gas central heating,799,82,717,725,32,693,59,36,23,15,14,1
S01012963,Electric (including storage heaters) central heating,5,1,4,4,0,4,0,0,0,1,1,0
S01012963,Oil central heating,4,0,4,4,0,4,0,0,0,0,0,0
S01012963,Solid fuel (for example wood coal) central heating,0,0,0,0,0,0,0,0,0,0,0,0
S01012963,Other central heating,0,0,0,0,0,0,0,0,0,0,0,0
S01012963,Two or more types of central heating,4,2,2,4,2,2,0,0,0,0,0,0
S01012964,All people in households,644,35,609,612,20,592,27,10,17,5,5,0
S01012964,No central heating,0,0,0,0,0,0,0,0,0,0,0,0
S01012964,Gas central heating,628,33,595,596,18,578,27,10,17,5,5,0
S01012964,Electric (including storage heaters) central heating,5,2,3,5,2,3,0,0,0,0,0,0
S01012964,Oil central heating,0,0,0,0,0,0,0,0,0,0,0,0
S01012964,Solid fuel (for example wood coal) central heating,0,0,0,0,0,0,0,0,0,0,0,0
S01012964,Other central heating,0,0,0,0,0,0,0,0,0,0,0,0
S01012964,Two or more types of central heating,11,0,11,11,0,11,0,0,0,0,0,0
S01012965,All people in households,645,92,553,570,33,537,55,39,16,20,20,0
S01012965,No central heating,4,0,4,4,0,4,0,0,0,0,0,0
S01012965,Gas central heating,634,88,546,563,33,530,54,38,16,17,17,0
S01012965,Electric (including storage heaters) central heating,3,3,0,0,0,0,0,0,0,3,3,0
S01012965,Oil central heating,0,0,0,0,0,0,0,0,0,0,0,0
S01012965,Solid fuel (for example wood coal) central heating,0,0,0,0,0,0,0,0,0,0,0,0
S01012965,Other central heating,0,0,0,0,0,0,0,0,0,0,0,0
S01012965,Two or more types of central heating,4,1,3,3,0,3,1,1,0,0,0,0
S01012966,All people in households,690,87,603,617,32,585,48,31,17,25,24,1
S01012966,No central heating,11,2,9,9,0,9,0,0,0,2,2,0
S01012966,Gas central heating,655,77,578,591,30,561,45,29,16,19,18,1
S01012966,Electric (including storage heaters) central heating,18,7,11,12,2,10,2,1,1,4,4,0
S01012966,Oil central heating,0,0,0,0,0,0,0,0,0,0,0,0
S01012966,Solid fuel (for example wood coal) central heating,0,0,0,0,0,0,0,0,0,0,0,0
S01012966,Other central heating,2,0,2,2,0,2,0,0,0,0,0,0
S01012966,Two or more types of central heating,4,1,3,3,0,3,1,1,0,0,0,0
S01012967,All people in households,493,89,404,398,25,373,68,37,31,27,27,0
S01012967,No central heating,13,6,7,6,0,6,3,2,1,4,4,0
S01012967,Gas central heating,402,67,335,334,23,311,51,27,24,17,17,0
S01012967,Electric (including storage heaters) central heating,48,9,39,34,1,33,12,6,6,2,2,0
S01012967,Oil central heating,0,0,0,0,0,0,0,0,0,0,0,0
S01012967,Solid fuel (for example wood coal) central heating,15,6,9,9,0,9,2,2,0,4,4,0
S01012967,Other central heating,2,0,2,2,0,2,0,0,0,0,0,0
S01012967,Two or more types of central heating,13,1,12,13,1,12,0,0,0,0,0,0
S01012968,All people in households,660,98,562,567,30,537,61,36,25,32,32,0
S01012968,No central heating,2,2,0,1,1,0,1,1,0,0,0,0
S01012968,Gas central heating,605,86,519,522,27,495,55,31,24,28,28,0
S01012968,Electric (including storage heaters) central heating,45,7,38,39,2,37,3,2,1,3,3,0
S01012968,Oil central heating,0,0,0,0,0,0,0,0,0,0,0,0
S01012968,Solid fuel (for example wood coal) central heating,3,2,1,1,0,1,1,1,0,1,1,0
S01012968,Other central heating,5,1,4,4,0,4,1,1,0,0,0,0
S01012968,Two or more types of central heating,0,0,0,0,0,0,0,0,0,0,0,0
S01012969,All people in households,688,162,526,541,47,494,95,64,31,52,51,1
S01012969,No central heating,16,2,14,14,1,13,1,0,1,1,1,0
S01012969,Gas central heating,622,148,474,490,42,448,84,59,25,48,47,1
S01012969,Electric (including storage heaters) central heating,27,6,21,18,1,17,7,3,4,2,2,0
S01012969,Oil central heating,0,0,0,0,0,0,0,0,0,0,0,0
S01012969,Solid fuel (for example wood coal) central heating,2,0,2,2,0,2,0,0,0,0,0,0
S01012969,Other central heating,7,1,6,7,1,6,0,0,0,0,0,0
S01012969,Two or more types of central heating,14,5,9,10,2,8,3,2,1,1,1,0
S01012970,All people in households,579,134,445,458,38,420,80,56,24,41,40,1
S01012970,No central heating,2,0,2,2,0,2,0,0,0,0,0,0
S01012970,Gas central heating,543,124,419,429,33,396,75,53,22,39,38,1
S01012970,Electric (including storage heaters) central heating,6,1,5,5,0,5,1,1,0,0,0,0
S01012970,Oil central heating,0,0,0,0,0,0,0,0,0,0,0,0
S01012970,Solid fuel (for example wood coal) central heating,5,0,5,5,0,5,0,0,0,0,0,0
S01012970,Other central heating,0,0,0,0,0,0,0,0,0,0,0,0
S01012970,Two or more types of central heating,23,9,14,17,5,12,4,2,2,2,2,0
S01012971,All people in households,833,143,690,700,43,657,95,63,32,38,37,1
S01012971,No central heating,2,0,2,2,0,2,0,0,0,0,0,0
S01012971,Gas central heating,777,131,646,656,39,617,86,58,28,35,34,1
S01012971,Electric (including storage heaters) central heating,13,5,8,6,0,6,5,3,2,2,2,0
S01012971,Oil central heating,0,0,0,0,0,0,0,0,0,0,0,0
S01012971,Solid fuel (for example wood coal) central heating,0,0,0,0,0,0,0,0,0,0,0,0
S01012971,Other central heating,7,1,6,7,1,6,0,0,0,0,0,0
S01012971,Two or more types of central heating,34,6,28,29,3,26,4,2,2,1,1,0
S01012972,All people in households,797,159,638,628,41,587,114,65,49,55,53,2
S01012972,No central heating,2,0,2,2,0,2,0,0,0,0,0,0
S01012972,Gas central heating,753,149,604,597,39,558,105,61,44,51,49,2
S01012972,Electric (including storage heaters) central heating,21,5,16,15,1,14,3,1,2,3,3,0
S01012972,Oil central heating,0,0,0,0,0,0,0,0,0,0,0,0
S01012972,Solid fuel (for example wood coal) central heating,2,1,1,1,0,1,1,1,0,0,0,0
S01012972,Other central heating,1,1,0,0,0,0,0,0,0,1,1,0
S01012972,Two or more types of central heating,18,3,15,13,1,12,5,2,3,0,0,0
S01012973,All people in households,790,179,611,620,42,578,122,90,32,48,47,1
S01012973,No central heating,0,0,0,0,0,0,0,0,0,0,0,0
S01012973,Gas central heating,768,176,592,602,41,561,120,90,30,46,45,1
S01012973,Electric (including storage heaters) central heating,11,0,11,10,0,10,1,0,1,0,0,0
S01012973,Oil central heating,1,1,0,0,0,0,0,0,0,1,1,0
S01012973,Solid fuel (for example wood coal) central heating,6,1,5,6,1,5,0,0,0,0,0,0
S01012973,Other central heating,1,1,0,0,0,0,0,0,0,1,1,0
S01012973,Two or more types of central heating,3,0,3,2,0,2,1,0,1,0,0,0
S01012974,All people in households,919,231,688,685,58,627,168,107,61,66,66,0
S01012974,No central heating,5,1,4,4,0,4,1,1,0,0,0,0
S01012974,Gas central heating,860,213,647,641,54,587,158,98,60,61,61,0
S01012974,Electric (including storage heaters) central heating,35,13,22,25,4,21,6,5,1,4,4,0
S01012974,Oil central heating,3,0,3,3,0,3,0,0,0,0,0,0
S01012974,Solid fuel (for example wood coal) central heating,2,1,1,1,0,1,1,1,0,0,0,0
S01012974,Other central heating,0,0,0,0,0,0,0,0,0,0,0,0
S01012974,Two or more types of central heating,14,3,11,11,0,11,2,2,0,1,1,0
S01012975,All people in households,618,154,464,470,38,432,102,73,29,46,43,3
S01012975,No central heating,0,0,0,0,0,0,0,0,0,0,0,0
S01012975,Gas central heating,572,142,430,437,36,401,92,66,26,43,40,3
S01012975,Electric (including storage heaters) central heating,20,6,14,12,1,11,6,3,3,2,2,0
S01012975,Oil central heating,0,0,0,0,0,0,0,0,0,0,0,0
S01012975,Solid fuel (for example wood coal) central heating,0,0,0,0,0,0,0,0,0,0,0,0
S01012975,Other central heating,11,3,8,8,0,8,2,2,0,1,1,0
S01012975,Two or more types of central heating,15,3,12,13,1,12,2,2,0,0,0,0
S01012976,All people in households,522,98,424,436,32,404,63,43,20,23,23,0
S01012976,No central heating,1,0,1,1,0,1,0,0,0,0,0,0
S01012976,Gas central heating,405,75,330,340,25,315,46,31,15,19,19,0
S01012976,Electric (including storage heaters) central heating,89,18,71,74,6,68,11,8,3,4,4,0
S01012976,Oil central heating,2,1,1,0,0,0,2,1,1,0,0,0
S01012976,Solid fuel (for example wood coal) central heating,8,2,6,7,1,6,1,1,0,0,0,0
S01012976,Other central heating,2,0,2,1,0,1,1,0,1,0,0,0
S01012976,Two or more types of central heating,15,2,13,13,0,13,2,2,0,0,0,0
S01012977,All people in households,719,111,608,601,26,575,81,48,33,37,37,0
S01012977,No central heating,25,3,22,22,0,22,3,3,0,0,0,0
S01012977,Gas central heating,508,77,431,429,20,409,53,31,22,26,26,0
S01012977,Electric (including storage heaters) central heating,152,28,124,122,5,117,19,12,7,11,11,0
S01012977,Oil central heating,5,1,4,3,1,2,2,0,2,0,0,0
S01012977,Solid fuel (for example wood coal) central heating,10,1,9,8,0,8,2,1,1,0,0,0
S01012977,Other central heating,6,1,5,5,0,5,1,1,0,0,0,0
S01012977,Two or more types of central heating,13,0,13,12,0,12,1,0,1,0,0,0
S01012978,All people in households,808,181,627,642,61,581,108,63,45,58,57,1
S01012978,No central heating,7,1,6,5,1,4,2,0,2,0,0,0
S01012978,Gas central heating,732,169,563,577,56,521,100,59,41,55,54,1
S01012978,Electric (including storage heaters) central heating,51,6,45,47,3,44,2,1,1,2,2,0
S01012978,Oil central heating,0,0,0,0,0,0,0,0,0,0,0,0
S01012978,Solid fuel (for example wood coal) central heating,2,1,1,1,0,1,1,1,0,0,0,0
S01012978,Other central heating,0,0,0,0,0,0,0,0,0,0,0,0
S01012978,Two or more types of central heating,16,4,12,12,1,11,3,2,1,1,1,0
S01012979,All people in households,640,105,535,539,41,498,78,44,34,23,20,3
S01012979,No central heating,1,1,0,0,0,0,1,1,0,0,0,0
S01012979,Gas central heating,611,98,513,520,41,479,72,39,33,19,18,1
S01012979,Electric (including storage heaters) central heating,2,2,0,0,0,0,1,1,0,1,1,0
S01012979,Oil central heating,10,1,9,9,0,9,1,1,0,0,0,0
S01012979,Solid fuel (for example wood coal) central heating,1,1,0,0,0,0,1,1,0,0,0,0
S01012979,Other central heating,11,1,10,10,0,10,0,0,0,1,1,0
S01012979,Two or more types of central heating,4,1,3,0,0,0,2,1,1,2,0,2
S01012980,All people in households,668,109,559,559,28,531,76,49,27,33,32,1
S01012980,No central heating,11,0,11,10,0,10,1,0,1,0,0,0
S01012980,Gas central heating,486,87,399,400,24,376,61,38,23,25,25,0
S01012980,Electric (including storage heaters) central heating,154,19,135,134,3,131,14,11,3,6,5,1
S01012980,Oil central heating,2,0,2,2,0,2,0,0,0,0,0,0
S01012980,Solid fuel (for example wood coal) central heating,0,0,0,0,0,0,0,0,0,0,0,0
S01012980,Other central heating,5,0,5,5,0,5,0,0,0,0,0,0
S01012980,Two or more types of central heating,10,3,7,8,1,7,0,0,0,2,2,0
S01012981,All people in households,748,131,617,617,36,581,83,48,35,48,47,1
S01012981,No central heating,9,3,6,6,1,5,2,1,1,1,1,0
S01012981,Gas central heating,643,119,524,533,32,501,65,43,22,45,44,1
S01012981,Electric (including storage heaters) central heating,79,7,72,63,1,62,14,4,10,2,2,0
S01012981,Oil central heating,0,0,0,0,0,0,0,0,0,0,0,0
S01012981,Solid fuel (for example wood coal) central heating,0,0,0,0,0,0,0,0,0,0,0,0
S01012981,Other central heating,1,0,1,1,0,1,0,0,0,0,0,0
S01012981,Two or more types of central heating,16,2,14,14,2,12,2,0,2,0,0,0
S01012982,All people in households,820,129,691,690,41,649,93,51,42,37,37,0
S01012982,No central heating,26,3,23,24,1,23,1,1,0,1,1,0
S01012982,Gas central heating,580,90,490,490,29,461,65,36,29,25,25,0
S01012982,Electric (including storage heaters) central heating,186,28,158,156,10,146,24,12,12,6,6,0
S01012982,Oil central heating,0,0,0,0,0,0,0,0,0,0,0,0
S01012982,Solid fuel (for example wood coal) central heating,0,0,0,0,0,0,0,0,0,0,0,0
S01012982,Other central heating,11,3,8,8,0,8,1,1,0,2,2,0
S01012982,Two or more types of central heating,17,5,12,12,1,11,2,1,1,3,3,0
S01012983,All people in households,745,128,617,634,44,590,81,54,27,30,30,0
S01012983,No central heating,6,3,3,3,0,3,2,2,0,1,1,0
S01012983,Gas central heating,696,113,583,598,39,559,71,47,24,27,27,0
S01012983,Electric (including storage heaters) central heating,26,8,18,18,3,15,7,4,3,1,1,0
S01012983,Oil central heating,0,0,0,0,0,0,0,0,0,0,0,0
S01012983,Solid fuel (for example wood coal) central heating,0,0,0,0,0,0,0,0,0,0,0,0
S01012983,Other central heating,0,0,0,0,0,0,0,0,0,0,0,0
S01012983,Two or more types of central heating,17,4,13,15,2,13,1,1,0,1,1,0
S01012984,All people in households,628,111,517,514,28,486,80,52,28,34,31,3
S01012984,No central heating,2,1,1,2,1,1,0,0,0,0,0,0
S01012984,Gas central heating,578,100,478,474,24,450,72,47,25,32,29,3
S01012984,Electric (including storage heaters) central heating,40,9,31,31,3,28,7,4,3,2,2,0
S01012984,Oil central heating,0,0,0,0,0,0,0,0,0,0,0,0
S01012984,Solid fuel (for example wood coal) central heating,2,1,1,1,0,1,1,1,0,0,0,0
S01012984,Other central heating,0,0,0,0,0,0,0,0,0,0,0,0
S01012984,Two or more types of central heating,6,0,6,6,0,6,0,0,0,0,0,0
S01012985,All people in households,783,122,661,670,40,630,87,57,30,26,25,1
S01012985,No central heating,8,3,5,4,0,4,3,2,1,1,1,0
S01012985,Gas central heating,735,113,622,636,40,596,75,50,25,24,23,1
S01012985,Electric (including storage heaters) central heating,35,5,30,26,0,26,9,5,4,0,0,0
S01012985,Oil central heating,0,0,0,0,0,0,0,0,0,0,0,0
S01012985,Solid fuel (for example wood coal) central heating,0,0,0,0,0,0,0,0,0,0,0,0
S01012985,Other central heating,1,1,0,0,0,0,0,0,0,1,1,0
S01012985,Two or more types of central heating,4,0,4,4,0,4,0,0,0,0,0,0
S01012986,All people in households,746,157,589,579,36,543,106,62,44,61,59,2
S01012986,No central heating,4,0,4,4,0,4,0,0,0,0,0,0
S01012986,Gas central heating,689,138,551,542,34,508,95,54,41,52,50,2
S01012986,Electric (including storage heaters) central heating,30,14,16,14,0,14,8,6,2,8,8,0
S01012986,Oil central heating,0,0,0,0,0,0,0,0,0,0,0,0
S01012986,Solid fuel (for example wood coal) central heating,0,0,0,0,0,0,0,0,0,0,0,0
S01012986,Other central heating,6,0,6,6,0,6,0,0,0,0,0,0
S01012986,Two or more types of central heating,17,5,12,13,2,11,3,2,1,1,1,0
S01012987,All people in households,733,175,558,567,43,524,112,81,31,54,51,3
S01012987,No central heating,1,0,1,0,0,0,1,0,1,0,0,0
S01012987,Gas central heating,686,165,521,532,42,490,102,74,28,52,49,3
S01012987,Electric (including storage heaters) central heating,26,7,19,18,1,17,8,6,2,0,0,0
S01012987,Oil central heating,2,0,2,2,0,2,0,0,0,0,0,0
S01012987,Solid fuel (for example wood coal) central heating,2,0,2,2,0,2,0,0,0,0,0,0
S01012987,Other central heating,0,0,0,0,0,0,0,0,0,0,0,0
S01012987,Two or more types of central heating,16,3,13,13,0,13,1,1,0,2,2,0
S01012988,All people in households,883,221,662,683,55,628,144,111,33,56,55,1
S01012988,No central heating,12,3,9,10,1,9,2,2,0,0,0,0
S01012988,Gas central heating,731,147,584,591,37,554,98,69,29,42,41,1
S01012988,Electric (including storage heaters) central heating,126,67,59,70,15,55,43,39,4,13,13,0
S01012988,Oil central heating,0,0,0,0,0,0,0,0,0,0,0,0
S01012988,Solid fuel (for example wood coal) central heating,0,0,0,0,0,0,0,0,0,0,0,0
S01012988,Other central heating,1,1,0,1,1,0,0,0,0,0,0,0
S01012988,Two or more types of central heating,13,3,10,11,1,10,1,1,0,1,1,0
S01012989,All people in households,920,198,722,725,55,670,140,92,48,55,51,4
S01012989,No central heating,16,3,13,12,1,11,2,0,2,2,2,0
S01012989,Gas central heating,775,171,604,613,49,564,117,79,38,45,43,2
S01012989,Electric (including storage heaters) central heating,116,23,93,87,4,83,21,13,8,8,6,2
S01012989,Oil central heating,0,0,0,0,0,0,0,0,0,0,0,0
S01012989,Solid fuel (for example wood coal) central heating,3,0,3,3,0,3,0,0,0,0,0,0
S01012989,Other central heating,2,0,2,2,0,2,0,0,0,0,0,0
S01012989,Two or more types of central heating,8,1,7,8,1,7,0,0,0,0,0,0
S01012990,All people in households,602,157,445,456,44,412,101,68,33,45,45,0
S01012990,No central heating,9,2,7,8,1,7,1,1,0,0,0,0
S01012990,Gas central heating,531,121,410,419,37,382,77,49,28,35,35,0
S01012990,Electric (including storage heaters) central heating,51,31,20,21,5,16,20,16,4,10,10,0
S01012990,Oil central heating,3,0,3,3,0,3,0,0,0,0,0,0
S01012990,Solid fuel (for example wood coal) central heating,0,0,0,0,0,0,0,0,0,0,0,0
S01012990,Other central heating,0,0,0,0,0,0,0,0,0,0,0,0
S01012990,Two or more types of central heating,8,3,5,5,1,4,3,2,1,0,0,0
S01012991,All people in households,811,149,662,663,46,617,106,64,42,42,39,3
S01012991,No central heating,10,3,7,8,1,7,2,2,0,0,0,0
S01012991,Gas central heating,755,133,622,620,39,581,100,60,40,35,34,1
S01012991,Electric (including storage heaters) central heating,21,5,16,15,1,14,1,1,0,5,3,2
S01012991,Oil central heating,0,0,0,0,0,0,0,0,0,0,0,0
S01012991,Solid fuel (for example wood coal) central heating,2,0,2,0,0,0,2,0,2,0,0,0
S01012991,Other central heating,10,2,8,10,2,8,0,0,0,0,0,0
S01012991,Two or more types of central heating,13,6,7,10,3,7,1,1,0,2,2,0
S01012992,All people in households,786,189,597,633,63,570,105,78,27,48,48,0
S01012992,No central heating,11,3,8,7,0,7,2,1,1,2,2,0
S01012992,Gas central heating,705,173,532,566,58,508,96,72,24,43,43,0
S01012992,Electric (including storage heaters) central heating,51,12,39,43,4,39,5,5,0,3,3,0
S01012992,Oil central heating,2,1,1,2,1,1,0,0,0,0,0,0
S01012992,Solid fuel (for example wood coal) central heating,0,0,0,0,0,0,0,0,0,0,0,0
S01012992,Other central heating,1,0,1,1,0,1,0,0,0,0,0,0
S01012992,Two or more types of central heating,16,0,16,14,0,14,2,0,2,0,0,0
S01012993,All people in households,689,178,511,520,50,470,121,81,40,48,47,1
S01012993,No central heating,6,3,3,2,0,2,2,1,1,2,2,0
S01012993,Gas central heating,613,154,459,472,47,425,103,70,33,38,37,1
S01012993,Electric (including storage heaters) central heating,53,16,37,36,2,34,11,8,3,6,6,0
S01012993,Oil central heating,3,2,1,0,0,0,2,1,1,1,1,0
S01012993,Solid fuel (for example wood coal) central heating,0,0,0,0,0,0,0,0,0,0,0,0
S01012993,Other central heating,1,1,0,0,0,0,0,0,0,1,1,0
S01012993,Two or more types of central heating,13,2,11,10,1,9,3,1,2,0,0,0
S01012994,All people in households,871,216,655,662,61,601,145,93,52,64,62,2
S01012994,No central heating,15,3,12,11,0,11,4,3,1,0,0,0
S01012994,Gas central heating,616,123,493,504,38,466,74,47,27,38,38,0
S01012994,Electric (including storage heaters) central heating,219,87,132,130,23,107,66,43,23,23,21,2
S01012994,Oil central heating,1,0,1,1,0,1,0,0,0,0,0,0
S01012994,Solid fuel (for example wood coal) central heating,1,1,0,0,0,0,0,0,0,1,1,0
S01012994,Other central heating,3,0,3,2,0,2,1,0,1,0,0,0
S01012994,Two or more types of central heating,16,2,14,14,0,14,0,0,0,2,2,0
S01012995,All people in households,795,153,642,665,47,618,75,56,19,55,50,5
S01012995,No central heating,2,2,0,0,0,0,1,1,0,1,1,0
S01012995,Gas central heating,781,148,633,657,47,610,73,55,18,51,46,5
S01012995,Electric (including storage heaters) central heating,2,0,2,1,0,1,1,0,1,0,0,0
S01012995,Oil central heating,0,0,0,0,0,0,0,0,0,0,0,0
S01012995,Solid fuel (for example wood coal) central heating,0,0,0,0,0,0,0,0,0,0,0,0
S01012995,Other central heating,0,0,0,0,0,0,0,0,0,0,0,0
S01012995,Two or more types of central heating,10,3,7,7,0,7,0,0,0,3,3,0
S01012996,All people in households,651,96,555,548,22,526,71,42,29,32,32,0
S01012996,No central heating,0,0,0,0,0,0,0,0,0,0,0,0
S01012996,Gas central heating,638,95,543,536,22,514,70,41,29,32,32,0
S01012996,Electric (including storage heaters) central heating,3,0,3,3,0,3,0,0,0,0,0,0
S01012996,Oil central heating,0,0,0,0,0,0,0,0,0,0,0,0
S01012996,Solid fuel (for example wood coal) central heating,0,0,0,0,0,0,0,0,0,0,0,0
S01012996,Other central heating,0,0,0,0,0,0,0,0,0,0,0,0
S01012996,Two or more types of central heating,10,1,9,9,0,9,1,1,0,0,0,0
S01012997,All people in households,487,103,384,406,37,369,55,40,15,26,26,0
S01012997,No central heating,11,1,10,10,0,10,0,0,0,1,1,0
S01012997,Gas central heating,460,98,362,384,35,349,51,38,13,25,25,0
S01012997,Electric (including storage heaters) central heating,6,2,4,3,1,2,3,1,2,0,0,0
S01012997,Oil central heating,0,0,0,0,0,0,0,0,0,0,0,0
S01012997,Solid fuel (for example wood coal) central heating,0,0,0,0,0,0,0,0,0,0,0,0
S01012997,Other central heating,5,2,3,4,1,3,1,1,0,0,0,0
S01012997,Two or more types of central heating,5,0,5,5,0,5,0,0,0,0,0,0
S01012998,All people in households,1054,157,897,912,49,863,103,70,33,39,38,1
S01012998,No central heating,13,2,11,12,1,11,1,1,0,0,0,0
S01012998,Gas central heating,999,149,850,864,47,817,98,66,32,37,36,1
S01012998,Electric (including storage heaters) central heating,29,5,24,24,0,24,3,3,0,2,2,0
S01012998,Oil central heating,0,0,0,0,0,0,0,0,0,0,0,0
S01012998,Solid fuel (for example wood coal) central heating,0,0,0,0,0,0,0,0,0,0,0,0
S01012998,Other central heating,4,0,4,3,0,3,1,0,1,0,0,0
S01012998,Two or more types of central heating,9,1,8,9,1,8,0,0,0,0,0,0
S01012999,All people in households,479,88,391,375,6,369,70,49,21,34,33,1
S01012999,No central heating,6,1,5,4,0,4,1,0,1,1,1,0
S01012999,Gas central heating,450,83,367,353,6,347,65,46,19,32,31,1
S01012999,Electric (including storage heaters) central heating,6,2,4,4,0,4,1,1,0,1,1,0
S01012999,Oil central heating,0,0,0,0,0,0,0,0,0,0,0,0
S01012999,Solid fuel (for example wood coal) central heating,0,0,0,0,0,0,0,0,0,0,0,0
S01012999,Other central heating,0,0,0,0,0,0,0,0,0,0,0,0
S01012999,Two or more types of central heating,17,2,15,14,0,14,3,2,1,0,0,0
S01013000,All people in households,642,148,494,497,37,460,105,72,33,40,39,1
S01013000,No central heating,6,2,4,4,0,4,2,2,0,0,0,0
S01013000,Gas central heating,592,136,456,457,33,424,97,66,31,38,37,1
S01013000,Electric (including storage heaters) central heating,29,5,24,24,2,22,5,3,2,0,0,0
S01013000,Oil central heating,3,1,2,2,0,2,0,0,0,1,1,0
S01013000,Solid fuel (for example wood coal) central heating,0,0,0,0,0,0,0,0,0,0,0,0
S01013000,Other central heating,7,2,5,6,1,5,1,1,0,0,0,0
S01013000,Two or more types of central heating,5,2,3,4,1,3,0,0,0,1,1,0
S01013001,All people in households,381,58,323,328,23,305,42,24,18,11,11,0
S01013001,No central heating,11,1,10,10,0,10,1,1,0,0,0,0
S01013001,Gas central heating,168,23,145,145,8,137,17,9,8,6,6,0
S01013001,Electric (including storage heaters) central heating,27,7,20,21,1,20,5,5,0,1,1,0
S01013001,Oil central heating,117,13,104,105,9,96,11,3,8,1,1,0
S01013001,Solid fuel (for example wood coal) central heating,24,2,22,22,1,21,1,0,1,1,1,0
S01013001,Other central heating,8,4,4,6,2,4,2,2,0,0,0,0
S01013001,Two or more types of central heating,26,8,18,19,2,17,5,4,1,2,2,0
S01013002,All people in households,492,68,424,435,28,407,46,29,17,11,11,0
S01013002,No central heating,19,2,17,17,1,16,2,1,1,0,0,0
S01013002,Gas central heating,236,33,203,210,14,196,19,12,7,7,7,0
S01013002,Electric (including storage heaters) central heating,31,8,23,26,4,22,4,3,1,1,1,0
S01013002,Oil central heating,150,14,136,133,4,129,14,7,7,3,3,0
S01013002,Solid fuel (for example wood coal) central heating,6,0,6,6,0,6,0,0,0,0,0,0
S01013002,Other central heating,14,3,11,12,1,11,2,2,0,0,0,0
S01013002,Two or more types of central heating,36,8,28,31,4,27,5,4,1,0,0,0
S01013003,All people in households,641,90,551,582,41,541,41,31,10,18,18,0
S01013003,No central heating,3,2,1,1,0,1,1,1,0,1,1,0
S01013003,Gas central heating,535,67,468,494,31,463,26,21,5,15,15,0
S01013003,Electric (including storage heaters) central heating,40,13,27,30,5,25,9,7,2,1,1,0
S01013003,Oil central heating,44,6,38,41,3,38,2,2,0,1,1,0
S01013003,Solid fuel (for example wood coal) central heating,0,0,0,0,0,0,0,0,0,0,0,0
S01013003,Other central heating,9,0,9,7,0,7,2,0,2,0,0,0
S01013003,Two or more types of central heating,10,2,8,9,2,7,1,0,1,0,0,0
S01013004,All people in households,671,91,580,600,30,570,56,46,10,15,15,0
S01013004,No central heating,2,0,2,2,0,2,0,0,0,0,0,0
S01013004,Gas central heating,563,77,486,500,24,476,49,39,10,14,14,0
S01013004,Electric (including storage heaters) central heating,34,5,29,30,1,29,4,4,0,0,0,0
S01013004,Oil central heating,48,8,40,44,4,40,3,3,0,1,1,0
S01013004,Solid fuel (for example wood coal) central heating,1,0,1,1,0,1,0,0,0,0,0,0
S01013004,Other central heating,8,0,8,8,0,8,0,0,0,0,0,0
S01013004,Two or more types of central heating,15,1,14,15,1,14,0,0,0,0,0,0
S01013005,All people in households,711,87,624,648,38,610,44,30,14,19,19,0
S01013005,No central heating,13,1,12,10,0,10,3,1,2,0,0,0
S01013005,Gas central heating,426,57,369,383,22,361,29,21,8,14,14,0
S01013005,Electric (including storage heaters) central heating,40,7,33,37,5,32,3,2,1,0,0,0
S01013005,Oil central heating,170,17,153,159,8,151,6,4,2,5,5,0
S01013005,Solid fuel (for example wood coal) central heating,19,1,18,18,1,17,1,0,1,0,0,0
S01013005,Other central heating,6,1,5,5,0,5,1,1,0,0,0,0
S01013005,Two or more types of central heating,37,3,34,36,2,34,1,1,0,0,0,0
S01013006,All people in households,611,59,552,560,21,539,40,28,12,11,10,1
S01013006,No central heating,2,0,2,2,0,2,0,0,0,0,0,0
S01013006,Gas central heating,391,38,353,362,16,346,24,17,7,5,5,0
S01013006,Electric (including storage heaters) central heating,24,4,20,21,1,20,2,2,0,1,1,0
S01013006,Oil central heating,129,9,120,118,1,117,8,5,3,3,3,0
S01013006,Solid fuel (for example wood coal) central heating,4,2,2,3,1,2,1,1,0,0,0,0
S01013006,Other central heating,54,3,51,50,1,49,2,1,1,2,1,1
S01013006,Two or more types of central heating,7,3,4,4,1,3,3,2,1,0,0,0
S01013007,All people in households,910,162,748,789,68,721,94,67,27,27,27,0
S01013007,No central heating,9,4,5,6,2,4,3,2,1,0,0,0
S01013007,Gas central heating,648,95,553,579,41,538,51,36,15,18,18,0
S01013007,Electric (including storage heaters) central heating,158,45,113,119,15,104,30,21,9,9,9,0
S01013007,Oil central heating,70,11,59,61,4,57,9,7,2,0,0,0
S01013007,Solid fuel (for example wood coal) central heating,1,1,0,1,1,0,0,0,0,0,0,0
S01013007,Other central heating,7,3,4,6,2,4,1,1,0,0,0,0
S01013007,Two or more types of central heating,17,3,14,17,3,14,0,0,0,0,0,0
S01013008,All people in households,777,143,634,664,52,612,92,70,22,21,21,0
S01013008,No central heating,2,0,2,2,0,2,0,0,0,0,0,0
S01013008,Gas central heating,687,127,560,588,47,541,84,65,19,15,15,0
S01013008,Electric (including storage heaters) central heating,14,3,11,12,1,11,1,1,0,1,1,0
S01013008,Oil central heating,44,8,36,39,4,35,3,2,1,2,2,0
S01013008,Solid fuel (for example wood coal) central heating,0,0,0,0,0,0,0,0,0,0,0,0
S01013008,Other central heating,2,2,0,0,0,0,0,0,0,2,2,0
S01013008,Two or more types of central heating,28,3,25,23,0,23,4,2,2,1,1,0
S01013009,All people in households,634,135,499,538,60,478,73,54,19,23,21,2
S01013009,No central heating,2,0,2,2,0,2,0,0,0,0,0,0
S01013009,Gas central heating,466,80,386,414,39,375,37,26,11,15,15,0
S01013009,Electric (including storage heaters) central heating,102,27,75,77,11,66,19,11,8,6,5,1
S01013009,Oil central heating,37,16,21,27,6,21,9,9,0,1,1,0
S01013009,Solid fuel (for example wood coal) central heating,1,1,0,0,0,0,1,1,0,0,0,0
S01013009,Other central heating,2,0,2,2,0,2,0,0,0,0,0,0
S01013009,Two or more types of central heating,24,11,13,16,4,12,7,7,0,1,0,1
S01013010,All people in households,592,83,509,532,39,493,42,26,16,18,18,0
S01013010,No central heating,14,4,10,10,1,9,2,1,1,2,2,0
S01013010,Gas central heating,243,30,213,222,14,208,11,6,5,10,10,0
S01013010,Electric (including storage heaters) central heating,62,13,49,52,4,48,7,6,1,3,3,0
S01013010,Oil central heating,183,24,159,170,14,156,10,7,3,3,3,0
S01013010,Solid fuel (for example wood coal) central heating,20,1,19,18,0,18,2,1,1,0,0,0
S01013010,Other central heating,43,5,38,37,2,35,6,3,3,0,0,0
S01013010,Two or more types of central heating,27,6,21,23,4,19,4,2,2,0,0,0
S01013011,All people in households,705,81,624,653,39,614,38,28,10,14,14,0
S01013011,No central heating,7,1,6,6,0,6,1,1,0,0,0,0
S01013011,Gas central heating,569,59,510,531,29,502,28,20,8,10,10,0
S01013011,Electric (including storage heaters) central heating,40,7,33,34,3,31,5,3,2,1,1,0
S01013011,Oil central heating,62,8,54,58,4,54,1,1,0,3,3,0
S01013011,Solid fuel (for example wood coal) central heating,4,0,4,4,0,4,0,0,0,0,0,0
S01013011,Other central heating,10,2,8,9,1,8,1,1,0,0,0,0
S01013011,Two or more types of central heating,13,4,9,11,2,9,2,2,0,0,0,0
S01013012,All people in households,654,119,535,552,33,519,76,60,16,26,26,0
S01013012,No central heating,15,2,13,14,1,13,1,1,0,0,0,0
S01013012,Gas central heating,471,72,399,416,22,394,42,37,5,13,13,0
S01013012,Electric (including storage heaters) central heating,120,35,85,83,8,75,28,18,10,9,9,0
S01013012,Oil central heating,25,6,19,20,1,19,4,4,0,1,1,0
S01013012,Solid fuel (for example wood coal) central heating,3,2,1,2,1,1,0,0,0,1,1,0
S01013012,Other central heating,2,1,1,0,0,0,1,0,1,1,1,0
S01013012,Two or more types of central heating,18,1,17,17,0,17,0,0,0,1,1,0
S01013013,All people in households,731,87,644,665,35,630,47,33,14,19,19,0
S01013013,No central heating,17,1,16,16,1,15,1,0,1,0,0,0
S01013013,Gas central heating,503,59,444,458,25,433,31,20,11,14,14,0
S01013013,Electric (including storage heaters) central heating,59,16,43,45,3,42,10,9,1,4,4,0
S01013013,Oil central heating,121,9,112,117,6,111,4,3,1,0,0,0
S01013013,Solid fuel (for example wood coal) central heating,3,0,3,3,0,3,0,0,0,0,0,0
S01013013,Other central heating,6,0,6,6,0,6,0,0,0,0,0,0
S01013013,Two or more types of central heating,22,2,20,20,0,20,1,1,0,1,1,0
S01013014,All people in households,732,141,591,620,57,563,77,51,26,35,33,2
S01013014,No central heating,21,2,19,19,0,19,1,1,0,1,1,0
S01013014,Gas central heating,62,6,56,56,4,52,5,1,4,1,1,0
S01013014,Electric (including storage heaters) central heating,223,58,165,179,22,157,28,20,8,16,16,0
S01013014,Oil central heating,299,53,246,258,21,237,31,22,9,10,10,0
S01013014,Solid fuel (for example wood coal) central heating,54,12,42,45,6,39,5,4,1,4,2,2
S01013014,Other central heating,16,4,12,14,3,11,2,1,1,0,0,0
S01013014,Two or more types of central heating,57,6,51,49,1,48,5,2,3,3,3,0
S01013015,All people in households,760,95,665,687,37,650,59,44,15,14,14,0
S01013015,No central heating,25,3,22,23,1,22,2,2,0,0,0,0
S01013015,Gas central heating,115,15,100,100,4,96,14,10,4,1,1,0
S01013015,Electric (including storage heaters) central heating,144,24,120,122,7,115,20,15,5,2,2,0
S01013015,Oil central heating,323,29,294,306,16,290,12,8,4,5,5,0
S01013015,Solid fuel (for example wood coal) central heating,35,6,29,31,2,29,2,2,0,2,2,0
S01013015,Other central heating,65,8,57,57,2,55,6,4,2,2,2,0
S01013015,Two or more types of central heating,53,10,43,48,5,43,3,3,0,2,2,0
S01013016,All people in households,604,81,523,541,37,504,45,28,17,18,16,2
S01013016,No central heating,3,0,3,2,0,2,1,0,1,0,0,0
S01013016,Gas central heating,64,9,55,59,6,53,4,2,2,1,1,0
S01013016,Electric (including storage heaters) central heating,76,16,60,61,4,57,7,5,2,8,7,1
S01013016,Oil central heating,344,45,299,317,23,294,21,16,5,6,6,0
S01013016,Solid fuel (for example wood coal) central heating,26,2,24,24,1,23,2,1,1,0,0,0
S01013016,Other central heating,47,6,41,40,3,37,6,3,3,1,0,1
S01013016,Two or more types of central heating,44,3,41,38,0,38,4,1,3,2,2,0
S01013017,All people in households,846,159,687,716,57,659,95,69,26,35,33,2
S01013017,No central heating,8,0,8,8,0,8,0,0,0,0,0,0
S01013017,Gas central heating,50,9,41,43,3,40,4,3,1,3,3,0
S01013017,Electric (including storage heaters) central heating,346,96,250,266,33,233,59,44,15,21,19,2
S01013017,Oil central heating,363,39,324,334,16,318,23,17,6,6,6,0
S01013017,Solid fuel (for example wood coal) central heating,34,9,25,24,3,21,7,3,4,3,3,0
S01013017,Other central heating,14,2,12,13,1,12,1,1,0,0,0,0
S01013017,Two or more types of central heating,31,4,27,28,1,27,1,1,0,2,2,0
S01013018,All people in households,953,142,811,846,57,789,90,68,22,17,17,0
S01013018,No central heating,20,2,18,19,1,18,1,1,0,0,0,0
S01013018,Gas central heating,80,18,62,70,10,60,7,5,2,3,3,0
S01013018,Electric (including storage heaters) central heating,199,36,163,161,9,152,31,20,11,7,7,0
S01013018,Oil central heating,524,68,456,479,27,452,39,35,4,6,6,0
S01013018,Solid fuel (for example wood coal) central heating,49,11,38,42,5,37,6,5,1,1,1,0
S01013018,Other central heating,46,3,43,44,3,41,2,0,2,0,0,0
S01013018,Two or more types of central heating,35,4,31,31,2,29,4,2,2,0,0,0
S01013019,All people in households,898,79,819,836,33,803,46,31,15,16,15,1
S01013019,No central heating,4,2,2,2,0,2,0,0,0,2,2,0
S01013019,Gas central heating,756,59,697,714,27,687,28,19,9,14,13,1
S01013019,Electric (including storage heaters) central heating,19,6,13,15,2,13,4,4,0,0,0,0
S01013019,Oil central heating,89,7,82,82,3,79,7,4,3,0,0,0
S01013019,Solid fuel (for example wood coal) central heating,3,2,1,1,1,0,2,1,1,0,0,0
S01013019,Other central heating,6,0,6,6,0,6,0,0,0,0,0,0
S01013019,Two or more types of central heating,21,3,18,16,0,16,5,3,2,0,0,0
S01013020,All people in households,466,120,346,367,41,326,70,50,20,29,29,0
S01013020,No central heating,2,2,0,0,0,0,1,1,0,1,1,0
S01013020,Gas central heating,421,96,325,342,36,306,54,35,19,25,25,0
S01013020,Electric (including storage heaters) central heating,35,17,18,23,5,18,9,9,0,3,3,0
S01013020,Oil central heating,1,1,0,0,0,0,1,1,0,0,0,0
S01013020,Solid fuel (for example wood coal) central heating,0,0,0,0,0,0,0,0,0,0,0,0
S01013020,Other central heating,0,0,0,0,0,0,0,0,0,0,0,0
S01013020,Two or more types of central heating,7,4,3,2,0,2,5,4,1,0,0,0
S01013021,All people in households,464,87,377,392,30,362,47,32,15,25,25,0
S01013021,No central heating,8,2,6,6,0,6,1,1,0,1,1,0
S01013021,Gas central heating,437,79,358,368,25,343,46,31,15,23,23,0
S01013021,Electric (including storage heaters) central heating,7,1,6,7,1,6,0,0,0,0,0,0
S01013021,Oil central heating,6,1,5,6,1,5,0,0,0,0,0,0
S01013021,Solid fuel (for example wood coal) central heating,3,1,2,3,1,2,0,0,0,0,0,0
S01013021,Other central heating,0,0,0,0,0,0,0,0,0,0,0,0
S01013021,Two or more types of central heating,3,3,0,2,2,0,0,0,0,1,1,0
S01013022,All people in households,430,56,374,381,20,361,34,22,12,15,14,1
S01013022,No central heating,4,1,3,4,1,3,0,0,0,0,0,0
S01013022,Gas central heating,403,52,351,355,16,339,33,22,11,15,14,1
S01013022,Electric (including storage heaters) central heating,10,1,9,10,1,9,0,0,0,0,0,0
S01013022,Oil central heating,0,0,0,0,0,0,0,0,0,0,0,0
S01013022,Solid fuel (for example wood coal) central heating,3,1,2,3,1,2,0,0,0,0,0,0
S01013022,Other central heating,0,0,0,0,0,0,0,0,0,0,0,0
S01013022,Two or more types of central heating,10,1,9,9,1,8,1,0,1,0,0,0
S01013023,All people in households,854,108,746,763,41,722,74,50,24,17,17,0
S01013023,No central heating,0,0,0,0,0,0,0,0,0,0,0,0
S01013023,Gas central heating,829,104,725,742,40,702,71,48,23,16,16,0
S01013023,Electric (including storage heaters) central heating,19,3,16,16,1,15,3,2,1,0,0,0
S01013023,Oil central heating,4,0,4,4,0,4,0,0,0,0,0,0
S01013023,Solid fuel (for example wood coal) central heating,0,0,0,0,0,0,0,0,0,0,0,0
S01013023,Other central heating,0,0,0,0,0,0,0,0,0,0,0,0
S01013023,Two or more types of central heating,2,1,1,1,0,1,0,0,0,1,1,0
S01013024,All people in households,527,92,435,457,36,421,55,41,14,15,15,0
S01013024,No central heating,3,0,3,0,0,0,3,0,3,0,0,0
S01013024,Gas central heating,496,88,408,431,34,397,51,40,11,14,14,0
S01013024,Electric (including storage heaters) central heating,6,1,5,5,0,5,0,0,0,1,1,0
S01013024,Oil central heating,12,2,10,12,2,10,0,0,0,0,0,0
S01013024,Solid fuel (for example wood coal) central heating,0,0,0,0,0,0,0,0,0,0,0,0
S01013024,Other central heating,2,0,2,2,0,2,0,0,0,0,0,0
S01013024,Two or more types of central heating,8,1,7,7,0,7,1,1,0,0,0,0
S01013025,All people in households,498,91,407,429,35,394,51,39,12,18,17,1
S01013025,No central heating,8,1,7,7,1,6,1,0,1,0,0,0
S01013025,Gas central heating,121,24,97,104,8,96,13,12,1,4,4,0
S01013025,Electric (including storage heaters) central heating,38,8,30,29,0,29,7,6,1,2,2,0
S01013025,Oil central heating,232,32,200,209,15,194,16,11,5,7,6,1
S01013025,Solid fuel (for example wood coal) central heating,21,3,18,19,1,18,2,2,0,0,0,0
S01013025,Other central heating,32,8,24,24,2,22,7,5,2,1,1,0
S01013025,Two or more types of central heating,46,15,31,37,8,29,5,3,2,4,4,0
S01013026,All people in households,956,173,783,779,42,737,120,75,45,57,56,1
S01013026,No central heating,6,1,5,5,0,5,1,1,0,0,0,0
S01013026,Gas central heating,769,131,638,631,32,599,97,59,38,41,40,1
S01013026,Electric (including storage heaters) central heating,146,31,115,113,4,109,18,12,6,15,15,0
S01013026,Oil central heating,19,4,15,18,3,15,1,1,0,0,0,0
S01013026,Solid fuel (for example wood coal) central heating,6,2,4,5,1,4,0,0,0,1,1,0
S01013026,Other central heating,0,0,0,0,0,0,0,0,0,0,0,0
S01013026,Two or more types of central heating,10,4,6,7,2,5,3,2,1,0,0,0
S01013027,All people in households,1026,267,759,767,62,705,165,111,54,94,94,0
S01013027,No central heating,3,0,3,3,0,3,0,0,0,0,0,0
S01013027,Gas central heating,924,243,681,694,60,634,147,100,47,83,83,0
S01013027,Electric (including storage heaters) central heating,54,13,41,41,2,39,9,7,2,4,4,0
S01013027,Oil central heating,0,0,0,0,0,0,0,0,0,0,0,0
S01013027,Solid fuel (for example wood coal) central heating,1,1,0,0,0,0,0,0,0,1,1,0
S01013027,Other central heating,13,1,12,10,0,10,2,0,2,1,1,0
S01013027,Two or more types of central heating,31,9,22,19,0,19,7,4,3,5,5,0
S01013028,All people in households,457,88,369,381,28,353,53,37,16,23,23,0
S01013028,No central heating,14,2,12,9,0,9,5,2,3,0,0,0
S01013028,Gas central heating,99,17,82,84,4,80,11,9,2,4,4,0
S01013028,Electric (including storage heaters) central heating,82,22,60,65,7,58,12,10,2,5,5,0
S01013028,Oil central heating,189,29,160,163,9,154,15,9,6,11,11,0
S01013028,Solid fuel (for example wood coal) central heating,22,7,15,18,4,14,3,2,1,1,1,0
S01013028,Other central heating,25,4,21,22,2,20,3,2,1,0,0,0
S01013028,Two or more types of central heating,26,7,19,20,2,18,4,3,1,2,2,0
S01013029,All people in households,577,156,421,396,21,375,114,71,43,67,64,3
S01013029,No central heating,2,1,1,2,1,1,0,0,0,0,0,0
S01013029,Gas central heating,533,141,392,365,16,349,110,69,41,58,56,2
S01013029,Electric (including storage heaters) central heating,20,10,10,12,4,8,2,1,1,6,5,1
S01013029,Oil central heating,0,0,0,0,0,0,0,0,0,0,0,0
S01013029,Solid fuel (for example wood coal) central heating,6,0,6,6,0,6,0,0,0,0,0,0
S01013029,Other central heating,0,0,0,0,0,0,0,0,0,0,0,0
S01013029,Two or more types of central heating,16,4,12,11,0,11,2,1,1,3,3,0
S01013030,All people in households,627,124,503,496,30,466,87,51,36,44,43,1
S01013030,No central heating,0,0,0,0,0,0,0,0,0,0,0,0
S01013030,Gas central heating,572,111,461,454,25,429,80,49,31,38,37,1
S01013030,Electric (including storage heaters) central heating,17,3,14,13,0,13,1,0,1,3,3,0
S01013030,Oil central heating,4,0,4,4,0,4,0,0,0,0,0,0
S01013030,Solid fuel (for example wood coal) central heating,7,2,5,7,2,5,0,0,0,0,0,0
S01013030,Other central heating,2,1,1,0,0,0,2,1,1,0,0,0
S01013030,Two or more types of central heating,25,7,18,18,3,15,4,1,3,3,3,0
S01013031,All people in households,635,128,507,499,26,473,88,54,34,48,48,0
S01013031,No central heating,0,0,0,0,0,0,0,0,0,0,0,0
S01013031,Gas central heating,561,108,453,450,26,424,72,43,29,39,39,0
S01013031,Electric (including storage heaters) central heating,37,9,28,24,0,24,10,6,4,3,3,0
S01013031,Oil central heating,6,1,5,5,0,5,0,0,0,1,1,0
S01013031,Solid fuel (for example wood coal) central heating,7,3,4,4,0,4,1,1,0,2,2,0
S01013031,Other central heating,1,0,1,1,0,1,0,0,0,0,0,0
S01013031,Two or more types of central heating,23,7,16,15,0,15,5,4,1,3,3,0
S01013032,All people in households,810,79,731,737,29,708,51,30,21,22,20,2
S01013032,No central heating,3,1,2,3,1,2,0,0,0,0,0,0
S01013032,Gas central heating,528,54,474,477,19,458,33,18,15,18,17,1
S01013032,Electric (including storage heaters) central heating,266,21,245,246,8,238,17,11,6,3,2,1
S01013032,Oil central heating,13,3,10,11,1,10,1,1,0,1,1,0
S01013032,Solid fuel (for example wood coal) central heating,0,0,0,0,0,0,0,0,0,0,0,0
S01013032,Other central heating,0,0,0,0,0,0,0,0,0,0,0,0
S01013032,Two or more types of central heating,0,0,0,0,0,0,0,0,0,0,0,0
S01013033,All people in households,669,93,576,579,22,557,55,36,19,35,35,0
S01013033,No central heating,7,1,6,6,0,6,1,1,0,0,0,0
S01013033,Gas central heating,435,59,376,374,12,362,38,24,14,23,23,0
S01013033,Electric (including storage heaters) central heating,190,30,160,163,8,155,16,11,5,11,11,0
S01013033,Oil central heating,21,1,20,21,1,20,0,0,0,0,0,0
S01013033,Solid fuel (for example wood coal) central heating,0,0,0,0,0,0,0,0,0,0,0,0
S01013033,Other central heating,3,2,1,2,1,1,0,0,0,1,1,0
S01013033,Two or more types of central heating,13,0,13,13,0,13,0,0,0,0,0,0
S01013034,All people in households,717,177,540,551,42,509,103,72,31,63,63,0
S01013034,No central heating,4,0,4,4,0,4,0,0,0,0,0,0
S01013034,Gas central heating,611,159,452,463,37,426,89,63,26,59,59,0
S01013034,Electric (including storage heaters) central heating,71,11,60,61,3,58,7,5,2,3,3,0
S01013034,Oil central heating,7,0,7,6,0,6,1,0,1,0,0,0
S01013034,Solid fuel (for example wood coal) central heating,2,0,2,1,0,1,1,0,1,0,0,0
S01013034,Other central heating,0,0,0,0,0,0,0,0,0,0,0,0
S01013034,Two or more types of central heating,22,7,15,16,2,14,5,4,1,1,1,0
S01013035,All people in households,676,149,527,526,34,492,87,55,32,63,60,3
S01013035,No central heating,0,0,0,0,0,0,0,0,0,0,0,0
S01013035,Gas central heating,627,134,493,494,30,464,76,49,27,57,55,2
S01013035,Electric (including storage heaters) central heating,32,12,20,21,3,18,6,5,1,5,4,1
S01013035,Oil central heating,2,1,1,0,0,0,2,1,1,0,0,0
S01013035,Solid fuel (for example wood coal) central heating,2,2,0,1,1,0,0,0,0,1,1,0
S01013035,Other central heating,0,0,0,0,0,0,0,0,0,0,0,0
S01013035,Two or more types of central heating,13,0,13,10,0,10,3,0,3,0,0,0
S01013036,All people in households,770,157,613,604,34,570,98,55,43,68,68,0
S01013036,No central heating,12,1,11,11,0,11,1,1,0,0,0,0
S01013036,Gas central heating,669,133,536,524,28,496,86,46,40,59,59,0
S01013036,Electric (including storage heaters) central heating,36,11,25,28,3,25,2,2,0,6,6,0
S01013036,Oil central heating,4,0,4,4,0,4,0,0,0,0,0,0
S01013036,Solid fuel (for example wood coal) central heating,20,3,17,19,2,17,0,0,0,1,1,0
S01013036,Other central heating,2,1,1,1,0,1,1,1,0,0,0,0
S01013036,Two or more types of central heating,27,8,19,17,1,16,8,5,3,2,2,0
S01013037,All people in households,714,98,616,625,36,589,68,41,27,21,21,0
S01013037,No central heating,2,2,0,0,0,0,2,2,0,0,0,0
S01013037,Gas central heating,668,86,582,596,35,561,55,34,21,17,17,0
S01013037,Electric (including storage heaters) central heating,21,6,15,10,0,10,7,2,5,4,4,0
S01013037,Oil central heating,0,0,0,0,0,0,0,0,0,0,0,0
S01013037,Solid fuel (for example wood coal) central heating,0,0,0,0,0,0,0,0,0,0,0,0
S01013037,Other central heating,13,2,11,12,1,11,1,1,0,0,0,0
S01013037,Two or more types of central heating,10,2,8,7,0,7,3,2,1,0,0,0
S01013038,All people in households,970,223,747,772,69,703,133,93,40,65,61,4
S01013038,No central heating,1,0,1,1,0,1,0,0,0,0,0,0
S01013038,Gas central heating,904,207,697,721,65,656,120,83,37,63,59,4
S01013038,Electric (including storage heaters) central heating,29,8,21,19,1,18,8,5,3,2,2,0
S01013038,Oil central heating,5,2,3,3,0,3,2,2,0,0,0,0
S01013038,Solid fuel (for example wood coal) central heating,0,0,0,0,0,0,0,0,0,0,0,0
S01013038,Other central heating,3,2,1,2,1,1,1,1,0,0,0,0
S01013038,Two or more types of central heating,28,4,24,26,2,24,2,2,0,0,0,0
S01013039,All people in households,527,49,478,490,23,467,27,16,11,10,10,0
S01013039,No central heating,0,0,0,0,0,0,0,0,0,0,0,0
S01013039,Gas central heating,503,43,460,467,18,449,27,16,11,9,9,0
S01013039,Electric (including storage heaters) central heating,9,3,6,9,3,6,0,0,0,0,0,0
S01013039,Oil central heating,5,1,4,5,1,4,0,0,0,0,0,0
S01013039,Solid fuel (for example wood coal) central heating,0,0,0,0,0,0,0,0,0,0,0,0
S01013039,Other central heating,2,1,1,1,0,1,0,0,0,1,1,0
S01013039,Two or more types of central heating,8,1,7,8,1,7,0,0,0,0,0,0
S01013040,All people in households,628,158,470,485,44,441,96,68,28,47,46,1
S01013040,No central heating,4,0,4,3,0,3,1,0,1,0,0,0
S01013040,Gas central heating,572,138,434,446,39,407,89,63,26,37,36,1
S01013040,Electric (including storage heaters) central heating,40,13,27,30,3,27,2,2,0,8,8,0
S01013040,Oil central heating,3,2,1,2,1,1,0,0,0,1,1,0
S01013040,Solid fuel (for example wood coal) central heating,3,2,1,2,1,1,1,1,0,0,0,0
S01013040,Other central heating,0,0,0,0,0,0,0,0,0,0,0,0
S01013040,Two or more types of central heating,6,3,3,2,0,2,3,2,1,1,1,0
S01013041,All people in households,587,113,474,475,29,446,79,53,26,33,31,2
S01013041,No central heating,0,0,0,0,0,0,0,0,0,0,0,0
S01013041,Gas central heating,551,104,447,450,27,423,71,49,22,30,28,2
S01013041,Electric (including storage heaters) central heating,26,3,23,23,2,21,2,0,2,1,1,0
S01013041,Oil central heating,2,1,1,1,0,1,1,1,0,0,0,0
S01013041,Solid fuel (for example wood coal) central heating,0,0,0,0,0,0,0,0,0,0,0,0
S01013041,Other central heating,0,0,0,0,0,0,0,0,0,0,0,0
S01013041,Two or more types of central heating,8,5,3,1,0,1,5,3,2,2,2,0
S01013042,All people in households,795,123,672,680,32,648,74,51,23,41,40,1
S01013042,No central heating,8,0,8,5,0,5,3,0,3,0,0,0
S01013042,Gas central heating,737,117,620,631,32,599,68,48,20,38,37,1
S01013042,Electric (including storage heaters) central heating,8,2,6,6,0,6,1,1,0,1,1,0
S01013042,Oil central heating,16,1,15,15,0,15,0,0,0,1,1,0
S01013042,Solid fuel (for example wood coal) central heating,2,0,2,2,0,2,0,0,0,0,0,0
S01013042,Other central heating,5,0,5,5,0,5,0,0,0,0,0,0
S01013042,Two or more types of central heating,19,3,16,16,0,16,2,2,0,1,1,0
S01013043,All people in households,704,191,513,525,45,480,122,90,32,57,56,1
S01013043,No central heating,2,1,1,0,0,0,1,0,1,1,1,0
S01013043,Gas central heating,666,182,484,497,45,452,116,85,31,53,52,1
S01013043,Electric (including storage heaters) central heating,11,3,8,8,0,8,2,2,0,1,1,0
S01013043,Oil central heating,0,0,0,0,0,0,0,0,0,0,0,0
S01013043,Solid fuel (for example wood coal) central heating,9,1,8,8,0,8,0,0,0,1,1,0
S01013043,Other central heating,1,1,0,0,0,0,1,1,0,0,0,0
S01013043,Two or more types of central heating,15,3,12,12,0,12,2,2,0,1,1,0
S01013044,All people in households,827,163,664,650,23,627,116,82,34,61,58,3
S01013044,No central heating,4,3,1,1,0,1,2,2,0,1,1,0
S01013044,Gas central heating,776,150,626,613,22,591,106,74,32,57,54,3
S01013044,Electric (including storage heaters) central heating,19,4,15,15,0,15,2,2,0,2,2,0
S01013044,Oil central heating,5,0,5,4,0,4,1,0,1,0,0,0
S01013044,Solid fuel (for example wood coal) central heating,3,0,3,3,0,3,0,0,0,0,0,0
S01013044,Other central heating,0,0,0,0,0,0,0,0,0,0,0,0
S01013044,Two or more types of central heating,20,6,14,14,1,13,5,4,1,1,1,0
S01013045,All people in households,713,142,571,569,36,533,105,67,38,39,39,0
S01013045,No central heating,0,0,0,0,0,0,0,0,0,0,0,0
S01013045,Gas central heating,695,138,557,556,36,520,100,63,37,39,39,0
S01013045,Electric (including storage heaters) central heating,7,2,5,4,0,4,3,2,1,0,0,0
S01013045,Oil central heating,6,0,6,6,0,6,0,0,0,0,0,0
S01013045,Solid fuel (for example wood coal) central heating,2,2,0,0,0,0,2,2,0,0,0,0
S01013045,Other central heating,0,0,0,0,0,0,0,0,0,0,0,0
S01013045,Two or more types of central heating,3,0,3,3,0,3,0,0,0,0,0,0
S01013046,All people in households,499,113,386,378,25,353,82,51,31,39,37,2
S01013046,No central heating,0,0,0,0,0,0,0,0,0,0,0,0
S01013046,Gas central heating,456,100,356,344,18,326,76,48,28,36,34,2
S01013046,Electric (including storage heaters) central heating,22,7,15,17,3,14,2,1,1,3,3,0
S01013046,Oil central heating,0,0,0,0,0,0,0,0,0,0,0,0
S01013046,Solid fuel (for example wood coal) central heating,1,0,1,1,0,1,0,0,0,0,0,0
S01013046,Other central heating,0,0,0,0,0,0,0,0,0,0,0,0
S01013046,Two or more types of central heating,20,6,14,16,4,12,4,2,2,0,0,0
S01013047,All people in households,931,95,836,864,47,817,50,31,19,17,17,0
S01013047,No central heating,1,0,1,1,0,1,0,0,0,0,0,0
S01013047,Gas central heating,890,85,805,830,42,788,45,28,17,15,15,0
S01013047,Electric (including storage heaters) central heating,26,7,19,20,3,17,4,2,2,2,2,0
S01013047,Oil central heating,5,2,3,4,1,3,1,1,0,0,0,0
S01013047,Solid fuel (for example wood coal) central heating,0,0,0,0,0,0,0,0,0,0,0,0
S01013047,Other central heating,3,1,2,3,1,2,0,0,0,0,0,0
S01013047,Two or more types of central heating,6,0,6,6,0,6,0,0,0,0,0,0
S01013048,All people in households,791,103,688,689,38,651,82,45,37,20,20,0
S01013048,No central heating,35,6,29,28,0,28,6,5,1,1,1,0
S01013048,Gas central heating,615,80,535,538,31,507,61,33,28,16,16,0
S01013048,Electric (including storage heaters) central heating,130,17,113,112,7,105,15,7,8,3,3,0
S01013048,Oil central heating,4,0,4,4,0,4,0,0,0,0,0,0
S01013048,Solid fuel (for example wood coal) central heating,0,0,0,0,0,0,0,0,0,0,0,0
S01013048,Other central heating,1,0,1,1,0,1,0,0,0,0,0,0
S01013048,Two or more types of central heating,6,0,6,6,0,6,0,0,0,0,0,0
S01013049,All people in households,803,109,694,708,41,667,66,39,27,29,29,0
S01013049,No central heating,8,1,7,6,0,6,1,0,1,1,1,0
S01013049,Gas central heating,728,96,632,649,38,611,54,33,21,25,25,0
S01013049,Electric (including storage heaters) central heating,54,6,48,48,3,45,4,1,3,2,2,0
S01013049,Oil central heating,9,4,5,4,0,4,4,3,1,1,1,0
S01013049,Solid fuel (for example wood coal) central heating,0,0,0,0,0,0,0,0,0,0,0,0
S01013049,Other central heating,1,0,1,1,0,1,0,0,0,0,0,0
S01013049,Two or more types of central heating,3,2,1,0,0,0,3,2,1,0,0,0
S01013050,All people in households,709,205,504,523,41,482,118,96,22,68,68,0
S01013050,No central heating,14,3,11,11,0,11,2,2,0,1,1,0
S01013050,Gas central heating,648,187,461,479,39,440,105,84,21,64,64,0
S01013050,Electric (including storage heaters) central heating,31,8,23,23,1,22,6,5,1,2,2,0
S01013050,Oil central heating,0,0,0,0,0,0,0,0,0,0,0,0
S01013050,Solid fuel (for example wood coal) central heating,0,0,0,0,0,0,0,0,0,0,0,0
S01013050,Other central heating,2,0,2,2,0,2,0,0,0,0,0,0
S01013050,Two or more types of central heating,14,7,7,8,1,7,5,5,0,1,1,0
S01013051,All people in households,931,230,701,718,61,657,133,89,44,80,80,0
S01013051,No central heating,7,2,5,5,0,5,1,1,0,1,1,0
S01013051,Gas central heating,862,204,658,671,54,617,121,80,41,70,70,0
S01013051,Electric (including storage heaters) central heating,25,9,16,17,3,14,6,4,2,2,2,0
S01013051,Oil central heating,0,0,0,0,0,0,0,0,0,0,0,0
S01013051,Solid fuel (for example wood coal) central heating,1,0,1,1,0,1,0,0,0,0,0,0
S01013051,Other central heating,0,0,0,0,0,0,0,0,0,0,0,0
S01013051,Two or more types of central heating,36,15,21,24,4,20,5,4,1,7,7,0
S01013052,All people in households,738,192,546,565,51,514,120,91,29,53,50,3
S01013052,No central heating,5,0,5,4,0,4,1,0,1,0,0,0
S01013052,Gas central heating,632,159,473,484,37,447,102,78,24,46,44,2
S01013052,Electric (including storage heaters) central heating,86,27,59,65,11,54,16,12,4,5,4,1
S01013052,Oil central heating,0,0,0,0,0,0,0,0,0,0,0,0
S01013052,Solid fuel (for example wood coal) central heating,3,1,2,2,0,2,1,1,0,0,0,0
S01013052,Other central heating,1,1,0,0,0,0,0,0,0,1,1,0
S01013052,Two or more types of central heating,11,4,7,10,3,7,0,0,0,1,1,0
S01013053,All people in households,615,192,423,434,51,383,119,85,34,62,56,6
S01013053,No central heating,1,1,0,0,0,0,0,0,0,1,1,0
S01013053,Gas central heating,535,158,377,381,41,340,99,68,31,55,49,6
S01013053,Electric (including storage heaters) central heating,58,25,33,37,6,31,17,15,2,4,4,0
S01013053,Oil central heating,0,0,0,0,0,0,0,0,0,0,0,0
S01013053,Solid fuel (for example wood coal) central heating,1,0,1,1,0,1,0,0,0,0,0,0
S01013053,Other central heating,1,1,0,1,1,0,0,0,0,0,0,0
S01013053,Two or more types of central heating,19,7,12,14,3,11,3,2,1,2,2,0
S01013054,All people in households,658,157,501,532,51,481,84,67,17,42,39,3
S01013054,No central heating,4,3,1,2,1,1,1,1,0,1,1,0
S01013054,Gas central heating,532,129,403,431,43,388,68,56,12,33,30,3
S01013054,Electric (including storage heaters) central heating,63,16,47,45,2,43,11,7,4,7,7,0
S01013054,Oil central heating,31,2,29,29,0,29,2,2,0,0,0,0
S01013054,Solid fuel (for example wood coal) central heating,2,2,0,2,2,0,0,0,0,0,0,0
S01013054,Other central heating,4,2,2,4,2,2,0,0,0,0,0,0
S01013054,Two or more types of central heating,22,3,19,19,1,18,2,1,1,1,1,0
S01013055,All people in households,688,170,518,514,37,477,128,89,39,46,44,2
S01013055,No central heating,2,2,0,1,1,0,1,1,0,0,0,0
S01013055,Gas central heating,539,124,415,406,25,381,98,66,32,35,33,2
S01013055,Electric (including storage heaters) central heating,116,34,82,88,10,78,20,16,4,8,8,0
S01013055,Oil central heating,13,4,9,8,0,8,4,3,1,1,1,0
S01013055,Solid fuel (for example wood coal) central heating,1,1,0,1,1,0,0,0,0,0,0,0
S01013055,Other central heating,0,0,0,0,0,0,0,0,0,0,0,0
S01013055,Two or more types of central heating,17,5,12,10,0,10,5,3,2,2,2,0
S01013056,All people in households,904,246,658,682,68,614,145,103,42,77,75,2
S01013056,No central heating,8,6,2,3,1,2,3,3,0,2,2,0
S01013056,Gas central heating,689,171,518,529,45,484,102,68,34,58,58,0
S01013056,Electric (including storage heaters) central heating,166,58,108,116,16,100,36,29,7,14,13,1
S01013056,Oil central heating,7,3,4,7,3,4,0,0,0,0,0,0
S01013056,Solid fuel (for example wood coal) central heating,1,0,1,1,0,1,0,0,0,0,0,0
S01013056,Other central heating,1,0,1,0,0,0,0,0,0,1,0,1
S01013056,Two or more types of central heating,32,8,24,26,3,23,4,3,1,2,2,0
S01013057,All people in households,870,183,687,701,48,653,112,80,32,57,55,2
S01013057,No central heating,11,3,8,9,1,8,1,1,0,1,1,0
S01013057,Gas central heating,602,127,475,483,34,449,77,53,24,42,40,2
S01013057,Electric (including storage heaters) central heating,203,45,158,161,11,150,31,23,8,11,11,0
S01013057,Oil central heating,17,1,16,16,0,16,1,1,0,0,0,0
S01013057,Solid fuel (for example wood coal) central heating,4,0,4,4,0,4,0,0,0,0,0,0
S01013057,Other central heating,6,0,6,6,0,6,0,0,0,0,0,0
S01013057,Two or more types of central heating,27,7,20,22,2,20,2,2,0,3,3,0
S01013058,All people in households,625,47,578,592,24,568,24,14,10,9,9,0
S01013058,No central heating,6,0,6,6,0,6,0,0,0,0,0,0
S01013058,Gas central heating,580,43,537,555,24,531,18,12,6,7,7,0
S01013058,Electric (including storage heaters) central heating,21,4,17,16,0,16,3,2,1,2,2,0
S01013058,Oil central heating,2,0,2,1,0,1,1,0,1,0,0,0
S01013058,Solid fuel (for example wood coal) central heating,0,0,0,0,0,0,0,0,0,0,0,0
S01013058,Other central heating,0,0,0,0,0,0,0,0,0,0,0,0
S01013058,Two or more types of central heating,16,0,16,14,0,14,2,0,2,0,0,0
S01013059,All people in households,779,182,597,633,76,557,108,70,38,38,36,2
S01013059,No central heating,6,1,5,6,1,5,0,0,0,0,0,0
S01013059,Gas central heating,675,132,543,567,58,509,84,50,34,24,24,0
S01013059,Electric (including storage heaters) central heating,77,44,33,43,16,27,21,17,4,13,11,2
S01013059,Oil central heating,7,0,7,7,0,7,0,0,0,0,0,0
S01013059,Solid fuel (for example wood coal) central heating,1,0,1,1,0,1,0,0,0,0,0,0
S01013059,Other central heating,0,0,0,0,0,0,0,0,0,0,0,0
S01013059,Two or more types of central heating,13,5,8,9,1,8,3,3,0,1,1,0
S01013060,All people in households,491,78,413,421,25,396,56,39,17,14,14,0
S01013060,No central heating,2,0,2,2,0,2,0,0,0,0,0,0
S01013060,Gas central heating,462,69,393,399,23,376,52,35,17,11,11,0
S01013060,Electric (including storage heaters) central heating,20,5,15,16,1,15,2,2,0,2,2,0
S01013060,Oil central heating,6,3,3,3,0,3,2,2,0,1,1,0
S01013060,Solid fuel (for example wood coal) central heating,0,0,0,0,0,0,0,0,0,0,0,0
S01013060,Other central heating,1,1,0,1,1,0,0,0,0,0,0,0
S01013060,Two or more types of central heating,0,0,0,0,0,0,0,0,0,0,0,0
S01013061,All people in households,794,148,646,694,66,628,81,63,18,19,19,0
S01013061,No central heating,3,1,2,0,0,0,2,0,2,1,1,0
S01013061,Gas central heating,766,140,626,675,64,611,74,59,15,17,17,0
S01013061,Electric (including storage heaters) central heating,12,6,6,7,1,6,4,4,0,1,1,0
S01013061,Oil central heating,2,0,2,1,0,1,1,0,1,0,0,0
S01013061,Solid fuel (for example wood coal) central heating,2,0,2,2,0,2,0,0,0,0,0,0
S01013061,Other central heating,0,0,0,0,0,0,0,0,0,0,0,0
S01013061,Two or more types of central heating,9,1,8,9,1,8,0,0,0,0,0,0
S01013062,All people in households,824,115,709,734,53,681,81,53,28,9,9,0
S01013062,No central heating,4,0,4,4,0,4,0,0,0,0,0,0
S01013062,Gas central heating,719,82,637,655,38,617,58,38,20,6,6,0
S01013062,Electric (including storage heaters) central heating,87,30,57,62,13,49,22,14,8,3,3,0
S01013062,Oil central heating,4,2,2,3,1,2,1,1,0,0,0,0
S01013062,Solid fuel (for example wood coal) central heating,0,0,0,0,0,0,0,0,0,0,0,0
S01013062,Other central heating,0,0,0,0,0,0,0,0,0,0,0,0
S01013062,Two or more types of central heating,10,1,9,10,1,9,0,0,0,0,0,0
S01013063,All people in households,805,127,678,706,55,651,74,49,25,25,23,2
S01013063,No central heating,7,1,6,7,1,6,0,0,0,0,0,0
S01013063,Gas central heating,700,108,592,616,45,571,63,44,19,21,19,2
S01013063,Electric (including storage heaters) central heating,63,13,50,51,6,45,8,3,5,4,4,0
S01013063,Oil central heating,19,3,16,18,2,16,1,1,0,0,0,0
S01013063,Solid fuel (for example wood coal) central heating,0,0,0,0,0,0,0,0,0,0,0,0
S01013063,Other central heating,1,1,0,0,0,0,1,1,0,0,0,0
S01013063,Two or more types of central heating,15,1,14,14,1,13,1,0,1,0,0,0
S01013064,All people in households,866,218,648,668,51,617,126,96,30,72,71,1
S01013064,No central heating,14,3,11,11,1,10,3,2,1,0,0,0
S01013064,Gas central heating,682,163,519,532,38,494,89,65,24,61,60,1
S01013064,Electric (including storage heaters) central heating,139,46,93,99,10,89,31,27,4,9,9,0
S01013064,Oil central heating,10,2,8,9,1,8,1,1,0,0,0,0
S01013064,Solid fuel (for example wood coal) central heating,0,0,0,0,0,0,0,0,0,0,0,0
S01013064,Other central heating,0,0,0,0,0,0,0,0,0,0,0,0
S01013064,Two or more types of central heating,21,4,17,17,1,16,2,1,1,2,2,0
S01013065,All people in households,864,179,685,670,33,637,129,82,47,65,64,1
S01013065,No central heating,9,1,8,8,0,8,1,1,0,0,0,0
S01013065,Gas central heating,745,155,590,575,27,548,114,73,41,56,55,1
S01013065,Electric (including storage heaters) central heating,80,13,67,67,5,62,11,6,5,2,2,0
S01013065,Oil central heating,10,2,8,9,1,8,0,0,0,1,1,0
S01013065,Solid fuel (for example wood coal) central heating,0,0,0,0,0,0,0,0,0,0,0,0
S01013065,Other central heating,4,1,3,3,0,3,0,0,0,1,1,0
S01013065,Two or more types of central heating,16,7,9,8,0,8,3,2,1,5,5,0
S01013066,All people in households,690,127,563,583,43,540,72,50,22,35,34,1
S01013066,No central heating,14,3,11,11,1,10,2,1,1,1,1,0
S01013066,Gas central heating,575,90,485,506,38,468,50,33,17,19,19,0
S01013066,Electric (including storage heaters) central heating,69,22,47,45,3,42,14,10,4,10,9,1
S01013066,Oil central heating,15,4,11,11,0,11,2,2,0,2,2,0
S01013066,Solid fuel (for example wood coal) central heating,2,1,1,1,0,1,1,1,0,0,0,0
S01013066,Other central heating,2,1,1,1,0,1,1,1,0,0,0,0
S01013066,Two or more types of central heating,13,6,7,8,1,7,2,2,0,3,3,0
S01013067,All people in households,808,60,748,740,26,714,52,18,34,16,16,0
S01013067,No central heating,62,3,59,56,2,54,6,1,5,0,0,0
S01013067,Gas central heating,497,37,460,459,16,443,28,11,17,10,10,0
S01013067,Electric (including storage heaters) central heating,213,18,195,191,7,184,16,5,11,6,6,0
S01013067,Oil central heating,4,0,4,4,0,4,0,0,0,0,0,0
S01013067,Solid fuel (for example wood coal) central heating,2,1,1,2,1,1,0,0,0,0,0,0
S01013067,Other central heating,0,0,0,0,0,0,0,0,0,0,0,0
S01013067,Two or more types of central heating,30,1,29,28,0,28,2,1,1,0,0,0
S01013068,All people in households,776,144,632,649,46,603,87,58,29,40,40,0
S01013068,No central heating,10,1,9,9,0,9,1,1,0,0,0,0
S01013068,Gas central heating,649,118,531,539,35,504,74,47,27,36,36,0
S01013068,Electric (including storage heaters) central heating,75,13,62,67,7,60,5,3,2,3,3,0
S01013068,Oil central heating,0,0,0,0,0,0,0,0,0,0,0,0
S01013068,Solid fuel (for example wood coal) central heating,2,2,0,0,0,0,2,2,0,0,0,0
S01013068,Other central heating,2,1,1,2,1,1,0,0,0,0,0,0
S01013068,Two or more types of central heating,38,9,29,32,3,29,5,5,0,1,1,0
S01013069,All people in households,733,98,635,644,31,613,67,48,19,22,19,3
S01013069,No central heating,21,3,18,18,0,18,3,3,0,0,0,0
S01013069,Gas central heating,591,74,517,524,25,499,49,33,16,18,16,2
S01013069,Electric (including storage heaters) central heating,94,17,77,80,6,74,10,8,2,4,3,1
S01013069,Oil central heating,8,0,8,8,0,8,0,0,0,0,0,0
S01013069,Solid fuel (for example wood coal) central heating,1,1,0,0,0,0,1,1,0,0,0,0
S01013069,Other central heating,0,0,0,0,0,0,0,0,0,0,0,0
S01013069,Two or more types of central heating,18,3,15,14,0,14,4,3,1,0,0,0
S01013070,All people in households,560,84,476,468,29,439,67,31,36,25,24,1
S01013070,No central heating,11,0,11,11,0,11,0,0,0,0,0,0
S01013070,Gas central heating,340,54,286,284,21,263,39,16,23,17,17,0
S01013070,Electric (including storage heaters) central heating,174,28,146,143,8,135,25,14,11,6,6,0
S01013070,Oil central heating,2,0,2,2,0,2,0,0,0,0,0,0
S01013070,Solid fuel (for example wood coal) central heating,0,0,0,0,0,0,0,0,0,0,0,0
S01013070,Other central heating,1,1,0,0,0,0,1,1,0,0,0,0
S01013070,Two or more types of central heating,32,1,31,28,0,28,2,0,2,2,1,1
S01013071,All people in households,750,66,684,669,28,641,58,18,40,23,20,3
S01013071,No central heating,44,7,37,37,2,35,6,4,2,1,1,0
S01013071,Gas central heating,539,38,501,493,20,473,34,7,27,12,11,1
S01013071,Electric (including storage heaters) central heating,134,18,116,108,5,103,16,5,11,10,8,2
S01013071,Oil central heating,1,0,1,1,0,1,0,0,0,0,0,0
S01013071,Solid fuel (for example wood coal) central heating,0,0,0,0,0,0,0,0,0,0,0,0
S01013071,Other central heating,2,0,2,2,0,2,0,0,0,0,0,0
S01013071,Two or more types of central heating,30,3,27,28,1,27,2,2,0,0,0,0
S01013072,All people in households,517,152,365,358,27,331,97,66,31,62,59,3
S01013072,No central heating,8,3,5,5,1,4,2,1,1,1,1,0
S01013072,Gas central heating,480,130,350,337,20,317,87,57,30,56,53,3
S01013072,Electric (including storage heaters) central heating,13,12,1,4,3,1,5,5,0,4,4,0
S01013072,Oil central heating,0,0,0,0,0,0,0,0,0,0,0,0
S01013072,Solid fuel (for example wood coal) central heating,0,0,0,0,0,0,0,0,0,0,0,0
S01013072,Other central heating,0,0,0,0,0,0,0,0,0,0,0,0
S01013072,Two or more types of central heating,16,7,9,12,3,9,3,3,0,1,1,0
S01013073,All people in households,747,139,608,613,36,577,79,52,27,55,51,4
S01013073,No central heating,3,1,2,2,0,2,1,1,0,0,0,0
S01013073,Gas central heating,671,125,546,553,35,518,70,45,25,48,45,3
S01013073,Electric (including storage heaters) central heating,28,3,25,24,0,24,2,1,1,2,2,0
S01013073,Oil central heating,4,0,4,4,0,4,0,0,0,0,0,0
S01013073,Solid fuel (for example wood coal) central heating,0,0,0,0,0,0,0,0,0,0,0,0
S01013073,Other central heating,0,0,0,0,0,0,0,0,0,0,0,0
S01013073,Two or more types of central heating,41,10,31,30,1,29,6,5,1,5,4,1
S01013074,All people in households,711,173,538,534,33,501,105,71,34,72,69,3
S01013074,No central heating,0,0,0,0,0,0,0,0,0,0,0,0
S01013074,Gas central heating,636,158,478,471,28,443,97,65,32,68,65,3
S01013074,Electric (including storage heaters) central heating,24,8,16,20,4,16,2,2,0,2,2,0
S01013074,Oil central heating,3,0,3,3,0,3,0,0,0,0,0,0
S01013074,Solid fuel (for example wood coal) central heating,4,2,2,2,0,2,2,2,0,0,0,0
S01013074,Other central heating,3,0,3,3,0,3,0,0,0,0,0,0
S01013074,Two or more types of central heating,41,5,36,35,1,34,4,2,2,2,2,0
S01013075,All people in households,866,303,563,572,63,509,168,117,51,126,123,3
S01013075,No central heating,1,0,1,1,0,1,0,0,0,0,0,0
S01013075,Gas central heating,799,272,527,533,54,479,151,106,45,115,112,3
S01013075,Electric (including storage heaters) central heating,43,20,23,27,8,19,10,6,4,6,6,0
S01013075,Oil central heating,0,0,0,0,0,0,0,0,0,0,0,0
S01013075,Solid fuel (for example wood coal) central heating,0,0,0,0,0,0,0,0,0,0,0,0
S01013075,Other central heating,0,0,0,0,0,0,0,0,0,0,0,0
S01013075,Two or more types of central heating,23,11,12,11,1,10,7,5,2,5,5,0
S01013076,All people in households,467,43,424,428,19,409,27,13,14,12,11,1
S01013076,No central heating,2,0,2,1,0,1,1,0,1,0,0,0
S01013076,Gas central heating,421,42,379,384,18,366,25,13,12,12,11,1
S01013076,Electric (including storage heaters) central heating,26,0,26,26,0,26,0,0,0,0,0,0
S01013076,Oil central heating,9,0,9,9,0,9,0,0,0,0,0,0
S01013076,Solid fuel (for example wood coal) central heating,0,0,0,0,0,0,0,0,0,0,0,0
S01013076,Other central heating,4,0,4,4,0,4,0,0,0,0,0,0
S01013076,Two or more types of central heating,5,1,4,4,1,3,1,0,1,0,0,0
S01013077,All people in households,717,188,529,538,44,494,118,85,33,61,59,2
S01013077,No central heating,9,4,5,6,1,5,1,1,0,2,2,0
S01013077,Gas central heating,577,149,428,436,35,401,93,68,25,48,46,2
S01013077,Electric (including storage heaters) central heating,108,27,81,81,7,74,18,11,7,9,9,0
S01013077,Oil central heating,2,1,1,0,0,0,2,1,1,0,0,0
S01013077,Solid fuel (for example wood coal) central heating,0,0,0,0,0,0,0,0,0,0,0,0
S01013077,Other central heating,7,1,6,6,0,6,0,0,0,1,1,0
S01013077,Two or more types of central heating,14,6,8,9,1,8,4,4,0,1,1,0
S01013078,All people in households,572,134,438,441,33,408,96,68,28,35,33,2
S01013078,No central heating,6,1,5,5,0,5,0,0,0,1,1,0
S01013078,Gas central heating,513,116,397,402,30,372,83,60,23,28,26,2
S01013078,Electric (including storage heaters) central heating,29,7,22,21,1,20,5,3,2,3,3,0
S01013078,Oil central heating,0,0,0,0,0,0,0,0,0,0,0,0
S01013078,Solid fuel (for example wood coal) central heating,2,1,1,1,0,1,0,0,0,1,1,0
S01013078,Other central heating,0,0,0,0,0,0,0,0,0,0,0,0
S01013078,Two or more types of central heating,22,9,13,12,2,10,8,5,3,2,2,0
S01013079,All people in households,1052,96,956,956,25,931,69,45,24,27,26,1
S01013079,No central heating,0,0,0,0,0,0,0,0,0,0,0,0
S01013079,Gas central heating,1037,94,943,943,25,918,68,44,24,26,25,1
S01013079,Electric (including storage heaters) central heating,7,0,7,7,0,7,0,0,0,0,0,0
S01013079,Oil central heating,2,1,1,1,0,1,1,1,0,0,0,0
S01013079,Solid fuel (for example wood coal) central heating,0,0,0,0,0,0,0,0,0,0,0,0
S01013079,Other central heating,0,0,0,0,0,0,0,0,0,0,0,0
S01013079,Two or more types of central heating,6,1,5,5,0,5,0,0,0,1,1,0
S01013080,All people in households,856,152,704,730,52,678,88,64,24,38,36,2
S01013080,No central heating,7,1,6,6,0,6,0,0,0,1,1,0
S01013080,Gas central heating,742,129,613,632,44,588,83,60,23,27,25,2
S01013080,Electric (including storage heaters) central heating,69,14,55,61,6,55,2,2,0,6,6,0
S01013080,Oil central heating,9,0,9,9,0,9,0,0,0,0,0,0
S01013080,Solid fuel (for example wood coal) central heating,6,5,1,2,1,1,2,2,0,2,2,0
S01013080,Other central heating,9,0,9,8,0,8,1,0,1,0,0,0
S01013080,Two or more types of central heating,14,3,11,12,1,11,0,0,0,2,2,0
S01013081,All people in households,643,82,561,572,31,541,54,34,20,17,17,0
S01013081,No central heating,0,0,0,0,0,0,0,0,0,0,0,0
S01013081,Gas central heating,601,67,534,542,28,514,46,26,20,13,13,0
S01013081,Electric (including storage heaters) central heating,25,8,17,18,1,17,4,4,0,3,3,0
S01013081,Oil central heating,11,5,6,7,1,6,3,3,0,1,1,0
S01013081,Solid fuel (for example wood coal) central heating,0,0,0,0,0,0,0,0,0,0,0,0
S01013081,Other central heating,1,1,0,0,0,0,1,1,0,0,0,0
S01013081,Two or more types of central heating,5,1,4,5,1,4,0,0,0,0,0,0
S01013082,All people in households,830,147,683,694,40,654,103,75,28,33,32,1
S01013082,No central heating,7,0,7,6,0,6,1,0,1,0,0,0
S01013082,Gas central heating,736,119,617,621,30,591,89,64,25,26,25,1
S01013082,Electric (including storage heaters) central heating,48,20,28,33,6,27,10,9,1,5,5,0
S01013082,Oil central heating,20,5,15,19,4,15,1,1,0,0,0,0
S01013082,Solid fuel (for example wood coal) central heating,7,1,6,5,0,5,1,0,1,1,1,0
S01013082,Other central heating,0,0,0,0,0,0,0,0,0,0,0,0
S01013082,Two or more types of central heating,12,2,10,10,0,10,1,1,0,1,1,0
S01013083,All people in households,469,67,402,411,23,388,45,31,14,13,13,0
S01013083,No central heating,4,2,2,2,1,1,1,0,1,1,1,0
S01013083,Gas central heating,428,60,368,376,20,356,40,28,12,12,12,0
S01013083,Electric (including storage heaters) central heating,5,0,5,4,0,4,1,0,1,0,0,0
S01013083,Oil central heating,18,2,16,16,0,16,2,2,0,0,0,0
S01013083,Solid fuel (for example wood coal) central heating,0,0,0,0,0,0,0,0,0,0,0,0
S01013083,Other central heating,0,0,0,0,0,0,0,0,0,0,0,0
S01013083,Two or more types of central heating,14,3,11,13,2,11,1,1,0,0,0,0
S01013084,All people in households,759,119,640,659,45,614,82,56,26,18,18,0
S01013084,No central heating,4,0,4,4,0,4,0,0,0,0,0,0
S01013084,Gas central heating,727,109,618,634,39,595,76,53,23,17,17,0
S01013084,Electric (including storage heaters) central heating,12,2,10,7,0,7,4,1,3,1,1,0
S01013084,Oil central heating,4,0,4,4,0,4,0,0,0,0,0,0
S01013084,Solid fuel (for example wood coal) central heating,0,0,0,0,0,0,0,0,0,0,0,0
S01013084,Other central heating,0,0,0,0,0,0,0,0,0,0,0,0
S01013084,Two or more types of central heating,12,8,4,10,6,4,2,2,0,0,0,0
S01013085,All people in households,527,139,388,409,36,373,77,63,14,41,40,1
S01013085,No central heating,7,2,5,7,2,5,0,0,0,0,0,0
S01013085,Gas central heating,445,109,336,350,27,323,62,50,12,33,32,1
S01013085,Electric (including storage heaters) central heating,62,22,40,45,7,38,11,9,2,6,6,0
S01013085,Oil central heating,5,2,3,3,0,3,1,1,0,1,1,0
S01013085,Solid fuel (for example wood coal) central heating,1,1,0,0,0,0,1,1,0,0,0,0
S01013085,Other central heating,0,0,0,0,0,0,0,0,0,0,0,0
S01013085,Two or more types of central heating,7,3,4,4,0,4,2,2,0,1,1,0
S01013086,All people in households,854,127,727,748,51,697,85,55,30,21,21,0
S01013086,No central heating,13,2,11,11,0,11,2,2,0,0,0,0
S01013086,Gas central heating,718,97,621,639,43,596,65,40,25,14,14,0
S01013086,Electric (including storage heaters) central heating,87,21,66,71,7,64,13,11,2,3,3,0
S01013086,Oil central heating,12,4,8,5,0,5,4,1,3,3,3,0
S01013086,Solid fuel (for example wood coal) central heating,0,0,0,0,0,0,0,0,0,0,0,0
S01013086,Other central heating,0,0,0,0,0,0,0,0,0,0,0,0
S01013086,Two or more types of central heating,24,3,21,22,1,21,1,1,0,1,1,0
S01013087,All people in households,771,76,695,719,35,684,44,33,11,8,8,0
S01013087,No central heating,5,1,4,4,1,3,1,0,1,0,0,0
S01013087,Gas central heating,686,66,620,639,28,611,39,30,9,8,8,0
S01013087,Electric (including storage heaters) central heating,42,4,38,40,2,38,2,2,0,0,0,0
S01013087,Oil central heating,12,2,10,10,1,9,2,1,1,0,0,0
S01013087,Solid fuel (for example wood coal) central heating,3,0,3,3,0,3,0,0,0,0,0,0
S01013087,Other central heating,3,0,3,3,0,3,0,0,0,0,0,0
S01013087,Two or more types of central heating,20,3,17,20,3,17,0,0,0,0,0,0
S01013088,All people in households,927,113,814,846,54,792,62,41,21,19,18,1
S01013088,No central heating,4,0,4,4,0,4,0,0,0,0,0,0
S01013088,Gas central heating,805,95,710,736,44,692,53,36,17,16,15,1
S01013088,Electric (including storage heaters) central heating,25,6,19,20,1,19,3,3,0,2,2,0
S01013088,Oil central heating,62,6,56,58,5,53,4,1,3,0,0,0
S01013088,Solid fuel (for example wood coal) central heating,13,3,10,11,2,9,2,1,1,0,0,0
S01013088,Other central heating,2,0,2,2,0,2,0,0,0,0,0,0
S01013088,Two or more types of central heating,16,3,13,15,2,13,0,0,0,1,1,0
S01013089,All people in households,749,153,596,619,54,565,90,62,28,40,37,3
S01013089,No central heating,7,1,6,7,1,6,0,0,0,0,0,0
S01013089,Gas central heating,666,131,535,553,47,506,80,53,27,33,31,2
S01013089,Electric (including storage heaters) central heating,38,13,25,31,6,25,6,6,0,1,1,0
S01013089,Oil central heating,8,2,6,6,0,6,1,1,0,1,1,0
S01013089,Solid fuel (for example wood coal) central heating,5,1,4,4,0,4,0,0,0,1,1,0
S01013089,Other central heating,0,0,0,0,0,0,0,0,0,0,0,0
S01013089,Two or more types of central heating,25,5,20,18,0,18,3,2,1,4,3,1
S01013090,All people in households,789,91,698,709,36,673,60,36,24,20,19,1
S01013090,No central heating,30,4,26,25,0,25,3,2,1,2,2,0
S01013090,Gas central heating,578,65,513,526,31,495,41,24,17,11,10,1
S01013090,Electric (including storage heaters) central heating,153,13,140,137,3,134,12,6,6,4,4,0
S01013090,Oil central heating,16,8,8,10,2,8,4,4,0,2,2,0
S01013090,Solid fuel (for example wood coal) central heating,0,0,0,0,0,0,0,0,0,0,0,0
S01013090,Other central heating,0,0,0,0,0,0,0,0,0,0,0,0
S01013090,Two or more types of central heating,12,1,11,11,0,11,0,0,0,1,1,0
S01013091,All people in households,461,43,418,427,17,410,26,18,8,8,8,0
S01013091,No central heating,8,1,7,7,0,7,1,1,0,0,0,0
S01013091,Gas central heating,323,27,296,300,9,291,18,13,5,5,5,0
S01013091,Electric (including storage heaters) central heating,107,14,93,99,8,91,5,3,2,3,3,0
S01013091,Oil central heating,0,0,0,0,0,0,0,0,0,0,0,0
S01013091,Solid fuel (for example wood coal) central heating,0,0,0,0,0,0,0,0,0,0,0,0
S01013091,Other central heating,1,0,1,1,0,1,0,0,0,0,0,0
S01013091,Two or more types of central heating,22,1,21,20,0,20,2,1,1,0,0,0
S01013092,All people in households,893,159,734,772,64,708,85,59,26,36,36,0
S01013092,No central heating,4,0,4,3,0,3,1,0,1,0,0,0
S01013092,Gas central heating,833,152,681,718,61,657,80,56,24,35,35,0
S01013092,Electric (including storage heaters) central heating,14,5,9,11,2,9,2,2,0,1,1,0
S01013092,Oil central heating,9,1,8,8,0,8,1,1,0,0,0,0
S01013092,Solid fuel (for example wood coal) central heating,10,1,9,10,1,9,0,0,0,0,0,0
S01013092,Other central heating,1,0,1,0,0,0,1,0,1,0,0,0
S01013092,Two or more types of central heating,22,0,22,22,0,22,0,0,0,0,0,0
S01013093,All people in households,470,79,391,399,26,373,60,42,18,11,11,0
S01013093,No central heating,9,1,8,8,0,8,1,1,0,0,0,0
S01013093,Gas central heating,341,49,292,293,17,276,39,23,16,9,9,0
S01013093,Electric (including storage heaters) central heating,25,6,19,20,1,19,5,5,0,0,0,0
S01013093,Oil central heating,60,10,50,52,4,48,7,5,2,1,1,0
S01013093,Solid fuel (for example wood coal) central heating,7,0,7,7,0,7,0,0,0,0,0,0
S01013093,Other central heating,11,5,6,7,1,6,3,3,0,1,1,0
S01013093,Two or more types of central heating,17,8,9,12,3,9,5,5,0,0,0,0
S01013094,All people in households,602,81,521,551,41,510,39,28,11,12,12,0
S01013094,No central heating,0,0,0,0,0,0,0,0,0,0,0,0
S01013094,Gas central heating,592,78,514,543,40,503,37,26,11,12,12,0
S01013094,Electric (including storage heaters) central heating,2,1,1,1,0,1,1,1,0,0,0,0
S01013094,Oil central heating,6,1,5,5,0,5,1,1,0,0,0,0
S01013094,Solid fuel (for example wood coal) central heating,0,0,0,0,0,0,0,0,0,0,0,0
S01013094,Other central heating,0,0,0,0,0,0,0,0,0,0,0,0
S01013094,Two or more types of central heating,2,1,1,2,1,1,0,0,0,0,0,0
S01013095,All people in households,889,59,830,852,31,821,28,19,9,9,9,0
S01013095,No central heating,0,0,0,0,0,0,0,0,0,0,0,0
S01013095,Gas central heating,859,56,803,823,29,794,27,18,9,9,9,0
S01013095,Electric (including storage heaters) central heating,13,1,12,12,0,12,1,1,0,0,0,0
S01013095,Oil central heating,11,0,11,11,0,11,0,0,0,0,0,0
S01013095,Solid fuel (for example wood coal) central heating,0,0,0,0,0,0,0,0,0,0,0,0
S01013095,Other central heating,0,0,0,0,0,0,0,0,0,0,0,0
S01013095,Two or more types of central heating,6,2,4,6,2,4,0,0,0,0,0,0
S01013096,All people in households,469,87,382,393,33,360,53,34,19,23,20,3
S01013096,No central heating,3,0,3,3,0,3,0,0,0,0,0,0
S01013096,Gas central heating,373,63,310,320,26,294,40,24,16,13,13,0
S01013096,Electric (including storage heaters) central heating,76,20,56,58,6,52,11,8,3,7,6,1
S01013096,Oil central heating,8,1,7,8,1,7,0,0,0,0,0,0
S01013096,Solid fuel (for example wood coal) central heating,0,0,0,0,0,0,0,0,0,0,0,0
S01013096,Other central heating,3,1,2,0,0,0,0,0,0,3,1,2
S01013096,Two or more types of central heating,6,2,4,4,0,4,2,2,0,0,0,0
S01013097,All people in households,620,79,541,563,37,526,45,30,15,12,12,0
S01013097,No central heating,22,3,19,19,1,18,2,1,1,1,1,0
S01013097,Gas central heating,357,46,311,314,15,299,33,21,12,10,10,0
S01013097,Electric (including storage heaters) central heating,24,3,21,21,1,20,3,2,1,0,0,0
S01013097,Oil central heating,177,25,152,169,18,151,7,6,1,1,1,0
S01013097,Solid fuel (for example wood coal) central heating,9,0,9,9,0,9,0,0,0,0,0,0
S01013097,Other central heating,8,1,7,8,1,7,0,0,0,0,0,0
S01013097,Two or more types of central heating,23,1,22,23,1,22,0,0,0,0,0,0
S01013098,All people in households,708,27,681,689,13,676,15,10,5,4,4,0
S01013098,No central heating,0,0,0,0,0,0,0,0,0,0,0,0
S01013098,Gas central heating,701,25,676,683,12,671,14,9,5,4,4,0
S01013098,Electric (including storage heaters) central heating,2,0,2,2,0,2,0,0,0,0,0,0
S01013098,Oil central heating,0,0,0,0,0,0,0,0,0,0,0,0
S01013098,Solid fuel (for example wood coal) central heating,5,2,3,4,1,3,1,1,0,0,0,0
S01013098,Other central heating,0,0,0,0,0,0,0,0,0,0,0,0
S01013098,Two or more types of central heating,0,0,0,0,0,0,0,0,0,0,0,0
S01013099,All people in households,854,161,693,729,69,660,100,67,33,25,25,0
S01013099,No central heating,18,6,12,14,2,12,4,4,0,0,0,0
S01013099,Gas central heating,672,98,574,587,39,548,67,41,26,18,18,0
S01013099,Electric (including storage heaters) central heating,138,54,84,107,27,80,24,20,4,7,7,0
S01013099,Oil central heating,6,0,6,6,0,6,0,0,0,0,0,0
S01013099,Solid fuel (for example wood coal) central heating,4,0,4,3,0,3,1,0,1,0,0,0
S01013099,Other central heating,3,1,2,2,0,2,1,1,0,0,0,0
S01013099,Two or more types of central heating,13,2,11,10,1,9,3,1,2,0,0,0
S01013100,All people in households,620,81,539,568,38,530,44,35,9,8,8,0
S01013100,No central heating,2,2,0,1,1,0,1,1,0,0,0,0
S01013100,Gas central heating,561,72,489,511,31,480,42,33,9,8,8,0
S01013100,Electric (including storage heaters) central heating,18,3,15,18,3,15,0,0,0,0,0,0
S01013100,Oil central heating,20,4,16,19,3,16,1,1,0,0,0,0
S01013100,Solid fuel (for example wood coal) central heating,0,0,0,0,0,0,0,0,0,0,0,0
S01013100,Other central heating,5,0,5,5,0,5,0,0,0,0,0,0
S01013100,Two or more types of central heating,14,0,14,14,0,14,0,0,0,0,0,0
S01013101,All people in households,993,235,758,786,69,717,144,103,41,63,63,0
S01013101,No central heating,15,4,11,12,1,11,1,1,0,2,2,0
S01013101,Gas central heating,798,188,610,634,57,577,113,80,33,51,51,0
S01013101,Electric (including storage heaters) central heating,154,36,118,119,8,111,27,20,7,8,8,0
S01013101,Oil central heating,8,3,5,6,1,5,1,1,0,1,1,0
S01013101,Solid fuel (for example wood coal) central heating,2,1,1,2,1,1,0,0,0,0,0,0
S01013101,Other central heating,2,0,2,1,0,1,1,0,1,0,0,0
S01013101,Two or more types of central heating,14,3,11,12,1,11,1,1,0,1,1,0
S01013102,All people in households,603,113,490,517,45,472,61,44,17,25,24,1
S01013102,No central heating,2,0,2,2,0,2,0,0,0,0,0,0
S01013102,Gas central heating,534,77,457,479,35,444,38,25,13,17,17,0
S01013102,Electric (including storage heaters) central heating,56,34,22,26,8,18,22,19,3,8,7,1
S01013102,Oil central heating,5,2,3,4,2,2,1,0,1,0,0,0
S01013102,Solid fuel (for example wood coal) central heating,0,0,0,0,0,0,0,0,0,0,0,0
S01013102,Other central heating,2,0,2,2,0,2,0,0,0,0,0,0
S01013102,Two or more types of central heating,4,0,4,4,0,4,0,0,0,0,0,0
S01013103,All people in households,863,84,779,791,34,757,54,32,22,18,18,0
S01013103,No central heating,0,0,0,0,0,0,0,0,0,0,0,0
S01013103,Gas central heating,831,80,751,763,32,731,52,32,20,16,16,0
S01013103,Electric (including storage heaters) central heating,6,2,4,3,1,2,2,0,2,1,1,0
S01013103,Oil central heating,14,1,13,14,1,13,0,0,0,0,0,0
S01013103,Solid fuel (for example wood coal) central heating,1,0,1,1,0,1,0,0,0,0,0,0
S01013103,Other central heating,0,0,0,0,0,0,0,0,0,0,0,0
S01013103,Two or more types of central heating,11,1,10,10,0,10,0,0,0,1,1,0
S01013104,All people in households,984,156,828,886,83,803,77,55,22,21,18,3
S01013104,No central heating,3,0,3,3,0,3,0,0,0,0,0,0
S01013104,Gas central heating,912,138,774,823,70,753,71,52,19,18,16,2
S01013104,Electric (including storage heaters) central heating,48,11,37,40,6,34,6,3,3,2,2,0
S01013104,Oil central heating,11,1,10,10,1,9,0,0,0,1,0,1
S01013104,Solid fuel (for example wood coal) central heating,2,0,2,2,0,2,0,0,0,0,0,0
S01013104,Other central heating,2,1,1,2,1,1,0,0,0,0,0,0
S01013104,Two or more types of central heating,6,5,1,6,5,1,0,0,0,0,0,0
S01013105,All people in households,889,115,774,800,52,748,64,38,26,25,25,0
S01013105,No central heating,2,1,1,0,0,0,2,1,1,0,0,0
S01013105,Gas central heating,842,101,741,762,45,717,57,33,24,23,23,0
S01013105,Electric (including storage heaters) central heating,22,8,14,17,3,14,3,3,0,2,2,0
S01013105,Oil central heating,11,3,8,10,2,8,1,1,0,0,0,0
S01013105,Solid fuel (for example wood coal) central heating,0,0,0,0,0,0,0,0,0,0,0,0
S01013105,Other central heating,2,0,2,2,0,2,0,0,0,0,0,0
S01013105,Two or more types of central heating,10,2,8,9,2,7,1,0,1,0,0,0
S01013106,All people in households,811,143,668,685,44,641,94,67,27,32,32,0
S01013106,No central heating,7,1,6,6,1,5,1,0,1,0,0,0
S01013106,Gas central heating,654,103,551,565,33,532,69,50,19,20,20,0
S01013106,Electric (including storage heaters) central heating,103,30,73,76,7,69,20,16,4,7,7,0
S01013106,Oil central heating,15,1,14,14,0,14,0,0,0,1,1,0
S01013106,Solid fuel (for example wood coal) central heating,5,0,5,5,0,5,0,0,0,0,0,0
S01013106,Other central heating,5,3,2,3,1,2,0,0,0,2,2,0
S01013106,Two or more types of central heating,22,5,17,16,2,14,4,1,3,2,2,0
S01013107,All people in households,661,98,563,586,42,544,57,40,17,18,16,2
S01013107,No central heating,12,0,12,11,0,11,1,0,1,0,0,0
S01013107,Gas central heating,431,69,362,376,29,347,40,27,13,15,13,2
S01013107,Electric (including storage heaters) central heating,8,2,6,6,0,6,2,2,0,0,0,0
S01013107,Oil central heating,159,22,137,145,10,135,12,10,2,2,2,0
S01013107,Solid fuel (for example wood coal) central heating,15,4,11,12,2,10,2,1,1,1,1,0
S01013107,Other central heating,14,0,14,14,0,14,0,0,0,0,0,0
S01013107,Two or more types of central heating,22,1,21,22,1,21,0,0,0,0,0,0
S01013108,All people in households,596,90,506,517,31,486,53,33,20,26,26,0
S01013108,No central heating,19,2,17,17,1,16,2,1,1,0,0,0
S01013108,Gas central heating,152,32,120,128,12,116,16,12,4,8,8,0
S01013108,Electric (including storage heaters) central heating,153,31,122,118,6,112,22,12,10,13,13,0
S01013108,Oil central heating,119,11,108,111,5,106,5,3,2,3,3,0
S01013108,Solid fuel (for example wood coal) central heating,91,8,83,85,4,81,5,3,2,1,1,0
S01013108,Other central heating,27,3,24,26,2,24,1,1,0,0,0,0
S01013108,Two or more types of central heating,35,3,32,32,1,31,2,1,1,1,1,0
S01013109,All people in households,1037,155,882,914,63,851,95,64,31,28,28,0
S01013109,No central heating,36,6,30,33,5,28,2,0,2,1,1,0
S01013109,Gas central heating,148,20,128,132,6,126,12,10,2,4,4,0
S01013109,Electric (including storage heaters) central heating,130,41,89,92,13,79,28,18,10,10,10,0
S01013109,Oil central heating,550,63,487,503,28,475,40,28,12,7,7,0
S01013109,Solid fuel (for example wood coal) central heating,52,11,41,45,5,40,5,4,1,2,2,0
S01013109,Other central heating,20,3,17,19,3,16,1,0,1,0,0,0
S01013109,Two or more types of central heating,101,11,90,90,3,87,7,4,3,4,4,0
S01013110,All people in households,597,97,500,523,35,488,51,40,11,23,22,1
S01013110,No central heating,14,0,14,14,0,14,0,0,0,0,0,0
S01013110,Gas central heating,41,8,33,35,2,33,5,5,0,1,1,0
S01013110,Electric (including storage heaters) central heating,77,20,57,60,5,55,5,4,1,12,11,1
S01013110,Oil central heating,361,47,314,332,22,310,22,18,4,7,7,0
S01013110,Solid fuel (for example wood coal) central heating,40,7,33,32,3,29,8,4,4,0,0,0
S01013110,Other central heating,23,4,19,20,2,18,3,2,1,0,0,0
S01013110,Two or more types of central heating,41,11,30,30,1,29,8,7,1,3,3,0
S01013111,All people in households,447,66,381,390,27,363,36,19,17,21,20,1
S01013111,No central heating,6,2,4,5,1,4,0,0,0,1,1,0
S01013111,Gas central heating,44,4,40,38,2,36,5,1,4,1,1,0
S01013111,Electric (including storage heaters) central heating,89,26,63,67,8,59,13,9,4,9,9,0
S01013111,Oil central heating,216,21,195,199,11,188,13,6,7,4,4,0
S01013111,Solid fuel (for example wood coal) central heating,26,3,23,21,0,21,1,0,1,4,3,1
S01013111,Other central heating,26,3,23,22,0,22,3,2,1,1,1,0
S01013111,Two or more types of central heating,40,7,33,38,5,33,1,1,0,1,1,0
S01013112,All people in households,648,87,561,572,27,545,54,38,16,22,22,0
S01013112,No central heating,12,2,10,12,2,10,0,0,0,0,0,0
S01013112,Gas central heating,530,66,464,466,18,448,47,31,16,17,17,0
S01013112,Electric (including storage heaters) central heating,65,12,53,58,5,53,4,4,0,3,3,0
S01013112,Oil central heating,18,4,14,16,2,14,1,1,0,1,1,0
S01013112,Solid fuel (for example wood coal) central heating,0,0,0,0,0,0,0,0,0,0,0,0
S01013112,Other central heating,2,1,1,1,0,1,1,1,0,0,0,0
S01013112,Two or more types of central heating,21,2,19,19,0,19,1,1,0,1,1,0
S01013113,All people in households,812,182,630,646,58,588,114,72,42,52,52,0
S01013113,No central heating,4,3,1,2,1,1,2,2,0,0,0,0
S01013113,Gas central heating,707,145,562,568,45,523,98,59,39,41,41,0
S01013113,Electric (including storage heaters) central heating,76,30,46,54,10,44,11,9,2,11,11,0
S01013113,Oil central heating,6,0,6,6,0,6,0,0,0,0,0,0
S01013113,Solid fuel (for example wood coal) central heating,4,0,4,4,0,4,0,0,0,0,0,0
S01013113,Other central heating,5,0,5,5,0,5,0,0,0,0,0,0
S01013113,Two or more types of central heating,10,4,6,7,2,5,3,2,1,0,0,0
S01013114,All people in households,776,133,643,674,58,616,70,47,23,32,28,4
S01013114,No central heating,30,7,23,23,1,22,4,3,1,3,3,0
S01013114,Gas central heating,415,61,354,374,34,340,29,17,12,12,10,2
S01013114,Electric (including storage heaters) central heating,44,14,30,29,4,25,11,6,5,4,4,0
S01013114,Oil central heating,203,39,164,176,17,159,20,17,3,7,5,2
S01013114,Solid fuel (for example wood coal) central heating,22,6,16,17,1,16,3,3,0,2,2,0
S01013114,Other central heating,14,1,13,14,1,13,0,0,0,0,0,0
S01013114,Two or more types of central heating,48,5,43,41,0,41,3,1,2,4,4,0
S01013115,All people in households,563,136,427,446,47,399,82,55,27,35,34,1
S01013115,No central heating,10,2,8,8,1,7,1,0,1,1,1,0
S01013115,Gas central heating,446,102,344,363,40,323,58,38,20,25,24,1
S01013115,Electric (including storage heaters) central heating,86,26,60,58,4,54,21,15,6,7,7,0
S01013115,Oil central heating,8,2,6,6,0,6,1,1,0,1,1,0
S01013115,Solid fuel (for example wood coal) central heating,0,0,0,0,0,0,0,0,0,0,0,0
S01013115,Other central heating,3,1,2,3,1,2,0,0,0,0,0,0
S01013115,Two or more types of central heating,10,3,7,8,1,7,1,1,0,1,1,0
S01013116,All people in households,717,144,573,614,57,557,77,63,14,26,24,2
S01013116,No central heating,1,0,1,1,0,1,0,0,0,0,0,0
S01013116,Gas central heating,620,124,496,534,52,482,67,55,12,19,17,2
S01013116,Electric (including storage heaters) central heating,28,8,20,19,1,18,5,3,2,4,4,0
S01013116,Oil central heating,54,9,45,49,4,45,4,4,0,1,1,0
S01013116,Solid fuel (for example wood coal) central heating,2,1,1,1,0,1,0,0,0,1,1,0
S01013116,Other central heating,2,0,2,2,0,2,0,0,0,0,0,0
S01013116,Two or more types of central heating,10,2,8,8,0,8,1,1,0,1,1,0
S01013117,All people in households,602,96,506,517,29,488,58,41,17,27,26,1
S01013117,No central heating,13,5,8,11,3,8,2,2,0,0,0,0
S01013117,Gas central heating,90,8,82,81,2,79,7,5,2,2,1,1
S01013117,Electric (including storage heaters) central heating,282,51,231,232,10,222,31,22,9,19,19,0
S01013117,Oil central heating,127,21,106,113,10,103,12,9,3,2,2,0
S01013117,Solid fuel (for example wood coal) central heating,64,8,56,56,3,53,4,1,3,4,4,0
S01013117,Other central heating,15,2,13,14,1,13,1,1,0,0,0,0
S01013117,Two or more types of central heating,11,1,10,10,0,10,1,1,0,0,0,0
S01013118,All people in households,444,67,377,385,23,362,42,28,14,17,16,1
S01013118,No central heating,6,1,5,5,0,5,0,0,0,1,1,0
S01013118,Gas central heating,82,15,67,68,2,66,6,5,1,8,8,0
S01013118,Electric (including storage heaters) central heating,58,17,41,43,4,39,11,9,2,4,4,0
S01013118,Oil central heating,165,13,152,152,7,145,11,4,7,2,2,0
S01013118,Solid fuel (for example wood coal) central heating,42,7,35,35,3,32,5,3,2,2,1,1
S01013118,Other central heating,38,6,32,33,1,32,5,5,0,0,0,0
S01013118,Two or more types of central heating,53,8,45,49,6,43,4,2,2,0,0,0
S01013119,All people in households,744,142,602,640,60,580,76,55,21,28,27,1
S01013119,No central heating,24,7,17,19,2,17,2,2,0,3,3,0
S01013119,Gas central heating,65,14,51,59,11,48,4,2,2,2,1,1
S01013119,Electric (including storage heaters) central heating,164,43,121,127,15,112,30,21,9,7,7,0
S01013119,Oil central heating,355,51,304,316,21,295,27,18,9,12,12,0
S01013119,Solid fuel (for example wood coal) central heating,63,14,49,55,6,49,8,8,0,0,0,0
S01013119,Other central heating,22,1,21,22,1,21,0,0,0,0,0,0
S01013119,Two or more types of central heating,51,12,39,42,4,38,5,4,1,4,4,0
S01013120,All people in households,909,175,734,761,58,703,108,80,28,40,37,3
S01013120,No central heating,35,9,26,28,3,25,5,4,1,2,2,0
S01013120,Gas central heating,121,21,100,106,9,97,12,9,3,3,3,0
S01013120,Electric (including storage heaters) central heating,323,72,251,259,21,238,49,38,11,15,13,2
S01013120,Oil central heating,245,45,200,206,15,191,31,23,8,8,7,1
S01013120,Solid fuel (for example wood coal) central heating,61,7,54,57,4,53,3,2,1,1,1,0
S01013120,Other central heating,26,4,22,23,2,21,2,1,1,1,1,0
S01013120,Two or more types of central heating,98,17,81,82,4,78,6,3,3,10,10,0
S01013121,All people in households,340,59,281,280,14,266,46,31,15,14,14,0
S01013121,No central heating,11,1,10,10,0,10,1,1,0,0,0,0
S01013121,Gas central heating,35,10,25,28,3,25,7,7,0,0,0,0
S01013121,Electric (including storage heaters) central heating,137,24,113,110,7,103,22,12,10,5,5,0
S01013121,Oil central heating,98,16,82,82,4,78,11,7,4,5,5,0
S01013121,Solid fuel (for example wood coal) central heating,22,4,18,17,0,17,4,3,1,1,1,0
S01013121,Other central heating,11,2,9,9,0,9,0,0,0,2,2,0
S01013121,Two or more types of central heating,26,2,24,24,0,24,1,1,0,1,1,0
S01013122,All people in households,598,166,432,447,42,405,82,55,27,69,69,0
S01013122,No central heating,0,0,0,0,0,0,0,0,0,0,0,0
S01013122,Gas central heating,335,80,255,270,24,246,37,28,9,28,28,0
S01013122,Electric (including storage heaters) central heating,247,81,166,165,17,148,42,24,18,40,40,0
S01013122,Oil central heating,0,0,0,0,0,0,0,0,0,0,0,0
S01013122,Solid fuel (for example wood coal) central heating,0,0,0,0,0,0,0,0,0,0,0,0
S01013122,Other central heating,0,0,0,0,0,0,0,0,0,0,0,0
S01013122,Two or more types of central heating,16,5,11,12,1,11,3,3,0,1,1,0
S01013123,All people in households,767,161,606,615,42,573,95,64,31,57,55,2
S01013123,No central heating,11,2,9,8,0,8,1,1,0,2,1,1
S01013123,Gas central heating,599,132,467,482,39,443,75,52,23,42,41,1
S01013123,Electric (including storage heaters) central heating,132,24,108,106,3,103,16,11,5,10,10,0
S01013123,Oil central heating,2,0,2,0,0,0,2,0,2,0,0,0
S01013123,Solid fuel (for example wood coal) central heating,0,0,0,0,0,0,0,0,0,0,0,0
S01013123,Other central heating,4,1,3,3,0,3,0,0,0,1,1,0
S01013123,Two or more types of central heating,19,2,17,16,0,16,1,0,1,2,2,0
S01013124,All people in households,719,188,531,541,43,498,114,84,30,64,61,3
S01013124,No central heating,13,6,7,8,1,7,1,1,0,4,4,0
S01013124,Gas central heating,616,159,457,469,37,432,94,72,22,53,50,3
S01013124,Electric (including storage heaters) central heating,75,18,57,54,5,49,16,8,8,5,5,0
S01013124,Oil central heating,0,0,0,0,0,0,0,0,0,0,0,0
S01013124,Solid fuel (for example wood coal) central heating,0,0,0,0,0,0,0,0,0,0,0,0
S01013124,Other central heating,2,0,2,2,0,2,0,0,0,0,0,0
S01013124,Two or more types of central heating,13,5,8,8,0,8,3,3,0,2,2,0
S01013125,All people in households,762,209,553,555,44,511,136,95,41,71,70,1
S01013125,No central heating,21,1,20,20,1,19,1,0,1,0,0,0
S01013125,Gas central heating,646,186,460,465,38,427,116,83,33,65,65,0
S01013125,Electric (including storage heaters) central heating,84,19,65,61,4,57,17,10,7,6,5,1
S01013125,Oil central heating,2,0,2,2,0,2,0,0,0,0,0,0
S01013125,Solid fuel (for example wood coal) central heating,0,0,0,0,0,0,0,0,0,0,0,0
S01013125,Other central heating,0,0,0,0,0,0,0,0,0,0,0,0
S01013125,Two or more types of central heating,9,3,6,7,1,6,2,2,0,0,0,0
S01013126,All people in households,743,190,553,545,40,505,114,69,45,84,81,3
S01013126,No central heating,14,4,10,10,1,9,2,1,1,2,2,0
S01013126,Gas central heating,660,165,495,490,35,455,98,61,37,72,69,3
S01013126,Electric (including storage heaters) central heating,39,11,28,28,2,26,5,3,2,6,6,0
S01013126,Oil central heating,0,0,0,0,0,0,0,0,0,0,0,0
S01013126,Solid fuel (for example wood coal) central heating,0,0,0,0,0,0,0,0,0,0,0,0
S01013126,Other central heating,4,2,2,1,0,1,2,1,1,1,1,0
S01013126,Two or more types of central heating,26,8,18,16,2,14,7,3,4,3,3,0
S01013127,All people in households,853,231,622,640,58,582,129,92,37,84,81,3
S01013127,No central heating,7,4,3,2,0,2,4,3,1,1,1,0
S01013127,Gas central heating,778,200,578,594,51,543,115,83,32,69,66,3
S01013127,Electric (including storage heaters) central heating,40,16,24,25,4,21,6,3,3,9,9,0
S01013127,Oil central heating,0,0,0,0,0,0,0,0,0,0,0,0
S01013127,Solid fuel (for example wood coal) central heating,1,0,1,0,0,0,1,0,1,0,0,0
S01013127,Other central heating,2,2,0,2,2,0,0,0,0,0,0,0
S01013127,Two or more types of central heating,25,9,16,17,1,16,3,3,0,5,5,0
S01013128,All people in households,624,183,441,440,32,408,114,83,31,70,68,2
S01013128,No central heating,28,7,21,21,2,19,7,5,2,0,0,0
S01013128,Gas central heating,394,132,262,258,18,240,83,62,21,53,52,1
S01013128,Electric (including storage heaters) central heating,187,37,150,152,10,142,21,13,8,14,14,0
S01013128,Oil central heating,0,0,0,0,0,0,0,0,0,0,0,0
S01013128,Solid fuel (for example wood coal) central heating,0,0,0,0,0,0,0,0,0,0,0,0
S01013128,Other central heating,3,1,2,2,0,2,1,1,0,0,0,0
S01013128,Two or more types of central heating,12,6,6,7,2,5,2,2,0,3,2,1
S01013129,All people in households,1100,272,828,840,71,769,178,122,56,82,79,3
S01013129,No central heating,15,4,11,11,0,11,1,1,0,3,3,0
S01013129,Gas central heating,975,226,749,758,62,696,147,96,51,70,68,2
S01013129,Electric (including storage heaters) central heating,59,30,29,31,6,25,24,20,4,4,4,0
S01013129,Oil central heating,0,0,0,0,0,0,0,0,0,0,0,0
S01013129,Solid fuel (for example wood coal) central heating,1,0,1,1,0,1,0,0,0,0,0,0
S01013129,Other central heating,6,2,4,4,0,4,1,1,0,1,1,0
S01013129,Two or more types of central heating,44,10,34,35,3,32,5,4,1,4,3,1
S01013130,All people in households,710,163,547,559,43,516,93,63,30,58,57,1
S01013130,No central heating,19,5,14,14,1,13,3,2,1,2,2,0
S01013130,Gas central heating,461,89,372,383,29,354,54,36,18,24,24,0
S01013130,Electric (including storage heaters) central heating,192,63,129,134,13,121,32,25,7,26,25,1
S01013130,Oil central heating,0,0,0,0,0,0,0,0,0,0,0,0
S01013130,Solid fuel (for example wood coal) central heating,5,0,5,5,0,5,0,0,0,0,0,0
S01013130,Other central heating,3,1,2,2,0,2,0,0,0,1,1,0
S01013130,Two or more types of central heating,30,5,25,21,0,21,4,0,4,5,5,0
S01013131,All people in households,653,112,541,538,27,511,76,47,29,39,38,1
S01013131,No central heating,12,2,10,11,1,10,0,0,0,1,1,0
S01013131,Gas central heating,551,89,462,461,21,440,60,39,21,30,29,1
S01013131,Electric (including storage heaters) central heating,56,15,41,40,4,36,12,7,5,4,4,0
S01013131,Oil central heating,0,0,0,0,0,0,0,0,0,0,0,0
S01013131,Solid fuel (for example wood coal) central heating,0,0,0,0,0,0,0,0,0,0,0,0
S01013131,Other central heating,0,0,0,0,0,0,0,0,0,0,0,0
S01013131,Two or more types of central heating,34,6,28,26,1,25,4,1,3,4,4,0
S01013132,All people in households,587,150,437,435,32,403,101,69,32,51,49,2
S01013132,No central heating,7,0,7,6,0,6,1,0,1,0,0,0
S01013132,Gas central heating,522,134,388,386,27,359,93,65,28,43,42,1
S01013132,Electric (including storage heaters) central heating,36,3,33,32,1,31,1,0,1,3,2,1
S01013132,Oil central heating,1,1,0,1,1,0,0,0,0,0,0,0
S01013132,Solid fuel (for example wood coal) central heating,0,0,0,0,0,0,0,0,0,0,0,0
S01013132,Other central heating,0,0,0,0,0,0,0,0,0,0,0,0
S01013132,Two or more types of central heating,21,12,9,10,3,7,6,4,2,5,5,0
S01013133,All people in households,756,218,538,547,46,501,129,95,34,80,77,3
S01013133,No central heating,24,9,15,12,0,12,7,5,2,5,4,1
S01013133,Gas central heating,450,103,347,366,27,339,55,47,8,29,29,0
S01013133,Electric (including storage heaters) central heating,268,101,167,160,19,141,64,40,24,44,42,2
S01013133,Oil central heating,0,0,0,0,0,0,0,0,0,0,0,0
S01013133,Solid fuel (for example wood coal) central heating,0,0,0,0,0,0,0,0,0,0,0,0
S01013133,Other central heating,0,0,0,0,0,0,0,0,0,0,0,0
S01013133,Two or more types of central heating,14,5,9,9,0,9,3,3,0,2,2,0
S01013134,All people in households,840,182,658,674,45,629,119,91,28,47,46,1
S01013134,No central heating,6,3,3,5,2,3,0,0,0,1,1,0
S01013134,Gas central heating,758,151,607,618,35,583,99,76,23,41,40,1
S01013134,Electric (including storage heaters) central heating,60,23,37,42,7,35,13,11,2,5,5,0
S01013134,Oil central heating,1,0,1,1,0,1,0,0,0,0,0,0
S01013134,Solid fuel (for example wood coal) central heating,0,0,0,0,0,0,0,0,0,0,0,0
S01013134,Other central heating,0,0,0,0,0,0,0,0,0,0,0,0
S01013134,Two or more types of central heating,15,5,10,8,1,7,7,4,3,0,0,0
S01013135,All people in households,771,197,574,573,45,528,118,76,42,80,76,4
S01013135,No central heating,16,3,13,11,1,10,3,0,3,2,2,0
S01013135,Gas central heating,642,145,497,499,38,461,81,49,32,62,58,4
S01013135,Electric (including storage heaters) central heating,79,38,41,41,5,36,30,25,5,8,8,0
S01013135,Oil central heating,0,0,0,0,0,0,0,0,0,0,0,0
S01013135,Solid fuel (for example wood coal) central heating,0,0,0,0,0,0,0,0,0,0,0,0
S01013135,Other central heating,4,0,4,4,0,4,0,0,0,0,0,0
S01013135,Two or more types of central heating,30,11,19,18,1,17,4,2,2,8,8,0
S01013136,All people in households,928,253,675,688,62,626,153,111,42,87,80,7
S01013136,No central heating,12,2,10,11,2,9,1,0,1,0,0,0
S01013136,Gas central heating,861,226,635,645,56,589,139,100,39,77,70,7
S01013136,Electric (including storage heaters) central heating,29,12,17,18,3,15,7,5,2,4,4,0
S01013136,Oil central heating,0,0,0,0,0,0,0,0,0,0,0,0
S01013136,Solid fuel (for example wood coal) central heating,2,1,1,1,0,1,1,1,0,0,0,0
S01013136,Other central heating,2,2,0,0,0,0,1,1,0,1,1,0
S01013136,Two or more types of central heating,22,10,12,13,1,12,4,4,0,5,5,0
S01013137,All people in households,745,210,535,541,53,488,133,90,43,71,67,4
S01013137,No central heating,1,1,0,1,1,0,0,0,0,0,0,0
S01013137,Gas central heating,676,189,487,489,46,443,120,80,40,67,63,4
S01013137,Electric (including storage heaters) central heating,40,11,29,28,1,27,10,8,2,2,2,0
S01013137,Oil central heating,0,0,0,0,0,0,0,0,0,0,0,0
S01013137,Solid fuel (for example wood coal) central heating,0,0,0,0,0,0,0,0,0,0,0,0
S01013137,Other central heating,4,2,2,2,1,1,1,0,1,1,1,0
S01013137,Two or more types of central heating,24,7,17,21,4,17,2,2,0,1,1,0
S01013138,All people in households,704,158,546,540,38,502,101,64,37,63,56,7
S01013138,No central heating,7,2,5,4,0,4,1,0,1,2,2,0
S01013138,Gas central heating,623,140,483,476,33,443,93,59,34,54,48,6
S01013138,Electric (including storage heaters) central heating,53,12,41,45,4,41,3,3,0,5,5,0
S01013138,Oil central heating,0,0,0,0,0,0,0,0,0,0,0,0
S01013138,Solid fuel (for example wood coal) central heating,0,0,0,0,0,0,0,0,0,0,0,0
S01013138,Other central heating,2,0,2,1,0,1,1,0,1,0,0,0
S01013138,Two or more types of central heating,19,4,15,14,1,13,3,2,1,2,1,1
S01013139,All people in households,878,264,614,626,51,575,152,115,37,100,98,2
S01013139,No central heating,18,7,11,11,1,10,4,3,1,3,3,0
S01013139,Gas central heating,697,180,517,527,40,487,107,78,29,63,62,1
S01013139,Electric (including storage heaters) central heating,141,65,76,77,8,69,35,29,6,29,28,1
S01013139,Oil central heating,0,0,0,0,0,0,0,0,0,0,0,0
S01013139,Solid fuel (for example wood coal) central heating,0,0,0,0,0,0,0,0,0,0,0,0
S01013139,Other central heating,0,0,0,0,0,0,0,0,0,0,0,0
S01013139,Two or more types of central heating,22,12,10,11,2,9,6,5,1,5,5,0
S01013140,All people in households,816,251,565,600,67,533,125,94,31,91,90,1
S01013140,No central heating,17,8,9,9,4,5,5,1,4,3,3,0
S01013140,Gas central heating,609,163,446,464,39,425,85,65,20,60,59,1
S01013140,Electric (including storage heaters) central heating,161,72,89,104,21,83,33,27,6,24,24,0
S01013140,Oil central heating,0,0,0,0,0,0,0,0,0,0,0,0
S01013140,Solid fuel (for example wood coal) central heating,0,0,0,0,0,0,0,0,0,0,0,0
S01013140,Other central heating,3,1,2,2,0,2,1,1,0,0,0,0
S01013140,Two or more types of central heating,26,7,19,21,3,18,1,0,1,4,4,0
S01013141,All people in households,647,184,463,470,40,430,117,86,31,60,58,2
S01013141,No central heating,20,9,11,14,4,10,5,4,1,1,1,0
S01013141,Gas central heating,528,136,392,395,30,365,90,64,26,43,42,1
S01013141,Electric (including storage heaters) central heating,61,23,38,36,3,33,16,12,4,9,8,1
S01013141,Oil central heating,2,2,0,1,1,0,0,0,0,1,1,0
S01013141,Solid fuel (for example wood coal) central heating,0,0,0,0,0,0,0,0,0,0,0,0
S01013141,Other central heating,18,8,10,12,2,10,4,4,0,2,2,0
S01013141,Two or more types of central heating,18,6,12,12,0,12,2,2,0,4,4,0
S01013142,All people in households,863,345,518,535,73,462,209,159,50,119,113,6
S01013142,No central heating,31,11,20,20,3,17,8,5,3,3,3,0
S01013142,Gas central heating,513,179,334,351,44,307,97,72,25,65,63,2
S01013142,Electric (including storage heaters) central heating,187,99,88,84,11,73,70,56,14,33,32,1
S01013142,Oil central heating,13,9,4,4,2,2,5,4,1,4,3,1
S01013142,Solid fuel (for example wood coal) central heating,2,1,1,1,0,1,1,1,0,0,0,0
S01013142,Other central heating,90,40,50,53,12,41,25,18,7,12,10,2
S01013142,Two or more types of central heating,27,6,21,22,1,21,3,3,0,2,2,0
S01013143,All people in households,853,224,629,636,52,584,149,105,44,68,67,1
S01013143,No central heating,6,0,6,5,0,5,1,0,1,0,0,0
S01013143,Gas central heating,804,207,597,602,45,557,135,96,39,67,66,1
S01013143,Electric (including storage heaters) central heating,28,11,17,19,6,13,8,4,4,1,1,0
S01013143,Oil central heating,0,0,0,0,0,0,0,0,0,0,0,0
S01013143,Solid fuel (for example wood coal) central heating,0,0,0,0,0,0,0,0,0,0,0,0
S01013143,Other central heating,2,2,0,0,0,0,2,2,0,0,0,0
S01013143,Two or more types of central heating,13,4,9,10,1,9,3,3,0,0,0,0
S01013144,All people in households,894,257,637,645,62,583,171,118,53,78,77,1
S01013144,No central heating,4,0,4,4,0,4,0,0,0,0,0,0
S01013144,Gas central heating,800,224,576,579,52,527,149,101,48,72,71,1
S01013144,Electric (including storage heaters) central heating,64,28,36,40,6,34,18,16,2,6,6,0
S01013144,Oil central heating,0,0,0,0,0,0,0,0,0,0,0,0
S01013144,Solid fuel (for example wood coal) central heating,8,3,5,6,2,4,2,1,1,0,0,0
S01013144,Other central heating,1,1,0,1,1,0,0,0,0,0,0,0
S01013144,Two or more types of central heating,17,1,16,15,1,14,2,0,2,0,0,0
S01013145,All people in households,704,207,497,501,40,461,128,93,35,75,74,1
S01013145,No central heating,12,3,9,7,0,7,3,1,2,2,2,0
S01013145,Gas central heating,640,184,456,464,37,427,108,80,28,68,67,1
S01013145,Electric (including storage heaters) central heating,37,12,25,23,3,20,12,7,5,2,2,0
S01013145,Oil central heating,0,0,0,0,0,0,0,0,0,0,0,0
S01013145,Solid fuel (for example wood coal) central heating,0,0,0,0,0,0,0,0,0,0,0,0
S01013145,Other central heating,4,2,2,2,0,2,1,1,0,1,1,0
S01013145,Two or more types of central heating,11,6,5,5,0,5,4,4,0,2,2,0
S01013146,All people in households,455,118,337,336,26,310,79,53,26,40,39,1
S01013146,No central heating,6,0,6,6,0,6,0,0,0,0,0,0
S01013146,Gas central heating,417,101,316,317,24,293,69,46,23,31,31,0
S01013146,Electric (including storage heaters) central heating,14,8,6,4,0,4,7,5,2,3,3,0
S01013146,Oil central heating,0,0,0,0,0,0,0,0,0,0,0,0
S01013146,Solid fuel (for example wood coal) central heating,0,0,0,0,0,0,0,0,0,0,0,0
S01013146,Other central heating,0,0,0,0,0,0,0,0,0,0,0,0
S01013146,Two or more types of central heating,18,9,9,9,2,7,3,2,1,6,5,1
S01013147,All people in households,726,161,565,579,43,536,97,69,28,50,49,1
S01013147,No central heating,5,3,2,1,0,1,1,0,1,3,3,0
S01013147,Gas central heating,639,131,508,528,41,487,74,53,21,37,37,0
S01013147,Electric (including storage heaters) central heating,71,26,45,40,2,38,21,15,6,10,9,1
S01013147,Oil central heating,0,0,0,0,0,0,0,0,0,0,0,0
S01013147,Solid fuel (for example wood coal) central heating,0,0,0,0,0,0,0,0,0,0,0,0
S01013147,Other central heating,0,0,0,0,0,0,0,0,0,0,0,0
S01013147,Two or more types of central heating,11,1,10,10,0,10,1,1,0,0,0,0
S01013148,All people in households,757,150,607,603,36,567,103,66,37,51,48,3
S01013148,No central heating,17,3,14,14,1,13,2,1,1,1,1,0
S01013148,Gas central heating,655,120,535,531,30,501,87,56,31,37,34,3
S01013148,Electric (including storage heaters) central heating,67,26,41,40,4,36,14,9,5,13,13,0
S01013148,Oil central heating,6,0,6,6,0,6,0,0,0,0,0,0
S01013148,Solid fuel (for example wood coal) central heating,0,0,0,0,0,0,0,0,0,0,0,0
S01013148,Other central heating,3,1,2,3,1,2,0,0,0,0,0,0
S01013148,Two or more types of central heating,9,0,9,9,0,9,0,0,0,0,0,0
S01013149,All people in households,824,175,649,668,51,617,105,74,31,51,50,1
S01013149,No central heating,5,1,4,4,0,4,0,0,0,1,1,0
S01013149,Gas central heating,739,154,585,599,43,556,94,66,28,46,45,1
S01013149,Electric (including storage heaters) central heating,69,17,52,55,6,49,11,8,3,3,3,0
S01013149,Oil central heating,0,0,0,0,0,0,0,0,0,0,0,0
S01013149,Solid fuel (for example wood coal) central heating,0,0,0,0,0,0,0,0,0,0,0,0
S01013149,Other central heating,2,1,1,1,0,1,0,0,0,1,1,0
S01013149,Two or more types of central heating,9,2,7,9,2,7,0,0,0,0,0,0
S01013150,All people in households,846,229,617,634,58,576,137,99,38,75,72,3
S01013150,No central heating,10,3,7,8,1,7,1,1,0,1,1,0
S01013150,Gas central heating,801,217,584,598,53,545,132,96,36,71,68,3
S01013150,Electric (including storage heaters) central heating,33,8,25,28,4,24,3,2,1,2,2,0
S01013150,Oil central heating,0,0,0,0,0,0,0,0,0,0,0,0
S01013150,Solid fuel (for example wood coal) central heating,0,0,0,0,0,0,0,0,0,0,0,0
S01013150,Other central heating,0,0,0,0,0,0,0,0,0,0,0,0
S01013150,Two or more types of central heating,2,1,1,0,0,0,1,0,1,1,1,0
S01013151,All people in households,566,100,466,480,38,442,62,39,23,24,23,1
S01013151,No central heating,12,3,9,8,0,8,3,2,1,1,1,0
S01013151,Gas central heating,490,84,406,415,32,383,54,32,22,21,20,1
S01013151,Electric (including storage heaters) central heating,63,13,50,56,6,50,5,5,0,2,2,0
S01013151,Oil central heating,0,0,0,0,0,0,0,0,0,0,0,0
S01013151,Solid fuel (for example wood coal) central heating,0,0,0,0,0,0,0,0,0,0,0,0
S01013151,Other central heating,1,0,1,1,0,1,0,0,0,0,0,0
S01013151,Two or more types of central heating,0,0,0,0,0,0,0,0,0,0,0,0
S01013152,All people in households,910,205,705,730,58,672,124,91,33,56,56,0
S01013152,No central heating,1,0,1,1,0,1,0,0,0,0,0,0
S01013152,Gas central heating,822,177,645,671,52,619,101,75,26,50,50,0
S01013152,Electric (including storage heaters) central heating,44,12,32,28,1,27,13,8,5,3,3,0
S01013152,Oil central heating,0,0,0,0,0,0,0,0,0,0,0,0
S01013152,Solid fuel (for example wood coal) central heating,2,2,0,0,0,0,2,2,0,0,0,0
S01013152,Other central heating,5,1,4,3,0,3,2,1,1,0,0,0
S01013152,Two or more types of central heating,36,13,23,27,5,22,6,5,1,3,3,0
S01013153,All people in households,890,223,667,663,45,618,151,102,49,76,76,0
S01013153,No central heating,6,3,3,3,0,3,1,1,0,2,2,0
S01013153,Gas central heating,804,199,605,598,38,560,136,91,45,70,70,0
S01013153,Electric (including storage heaters) central heating,49,14,35,39,5,34,7,6,1,3,3,0
S01013153,Oil central heating,0,0,0,0,0,0,0,0,0,0,0,0
S01013153,Solid fuel (for example wood coal) central heating,0,0,0,0,0,0,0,0,0,0,0,0
S01013153,Other central heating,0,0,0,0,0,0,0,0,0,0,0,0
S01013153,Two or more types of central heating,31,7,24,23,2,21,7,4,3,1,1,0
S01013154,All people in households,979,225,754,766,60,706,149,102,47,64,63,1
S01013154,No central heating,12,3,9,8,0,8,4,3,1,0,0,0
S01013154,Gas central heating,864,194,670,676,51,625,130,86,44,58,57,1
S01013154,Electric (including storage heaters) central heating,55,19,36,41,6,35,8,7,1,6,6,0
S01013154,Oil central heating,2,1,1,2,1,1,0,0,0,0,0,0
S01013154,Solid fuel (for example wood coal) central heating,0,0,0,0,0,0,0,0,0,0,0,0
S01013154,Other central heating,3,0,3,3,0,3,0,0,0,0,0,0
S01013154,Two or more types of central heating,43,8,35,36,2,34,7,6,1,0,0,0
S01013155,All people in households,908,158,750,740,42,698,117,65,52,51,51,0
S01013155,No central heating,18,2,16,14,0,14,3,1,2,1,1,0
S01013155,Gas central heating,764,137,627,621,35,586,97,56,41,46,46,0
S01013155,Electric (including storage heaters) central heating,92,15,77,79,6,73,11,7,4,2,2,0
S01013155,Oil central heating,5,2,3,4,1,3,0,0,0,1,1,0
S01013155,Solid fuel (for example wood coal) central heating,0,0,0,0,0,0,0,0,0,0,0,0
S01013155,Other central heating,2,0,2,1,0,1,1,0,1,0,0,0
S01013155,Two or more types of central heating,27,2,25,21,0,21,5,1,4,1,1,0
S01013156,All people in households,865,196,669,677,53,624,112,68,44,76,75,1
S01013156,No central heating,12,3,9,9,0,9,0,0,0,3,3,0
S01013156,Gas central heating,774,174,600,610,48,562,98,61,37,66,65,1
S01013156,Electric (including storage heaters) central heating,52,13,39,39,4,35,9,5,4,4,4,0
S01013156,Oil central heating,3,2,1,2,1,1,0,0,0,1,1,0
S01013156,Solid fuel (for example wood coal) central heating,0,0,0,0,0,0,0,0,0,0,0,0
S01013156,Other central heating,2,0,2,2,0,2,0,0,0,0,0,0
S01013156,Two or more types of central heating,22,4,18,15,0,15,5,2,3,2,2,0
S01013157,All people in households,983,198,785,775,51,724,137,76,61,71,71,0
S01013157,No central heating,12,3,9,9,0,9,2,2,0,1,1,0
S01013157,Gas central heating,864,163,701,688,43,645,118,62,56,58,58,0
S01013157,Electric (including storage heaters) central heating,32,13,19,20,2,18,5,4,1,7,7,0
S01013157,Oil central heating,0,0,0,0,0,0,0,0,0,0,0,0
S01013157,Solid fuel (for example wood coal) central heating,4,1,3,2,0,2,1,0,1,1,1,0
S01013157,Other central heating,7,2,5,7,2,5,0,0,0,0,0,0
S01013157,Two or more types of central heating,64,16,48,49,4,45,11,8,3,4,4,0
S01013158,All people in households,555,73,482,486,17,469,47,34,13,22,22,0
S01013158,No central heating,1,0,1,1,0,1,0,0,0,0,0,0
S01013158,Gas central heating,491,53,438,440,13,427,39,28,11,12,12,0
S01013158,Electric (including storage heaters) central heating,8,4,4,5,1,4,0,0,0,3,3,0
S01013158,Oil central heating,37,15,22,24,3,21,7,6,1,6,6,0
S01013158,Solid fuel (for example wood coal) central heating,13,1,12,11,0,11,1,0,1,1,1,0
S01013158,Other central heating,5,0,5,5,0,5,0,0,0,0,0,0
S01013158,Two or more types of central heating,0,0,0,0,0,0,0,0,0,0,0,0
S01013159,All people in households,701,100,601,598,31,567,84,51,33,19,18,1
S01013159,No central heating,3,0,3,3,0,3,0,0,0,0,0,0
S01013159,Gas central heating,652,92,560,557,27,530,76,47,29,19,18,1
S01013159,Electric (including storage heaters) central heating,28,4,24,22,1,21,6,3,3,0,0,0
S01013159,Oil central heating,2,0,2,1,0,1,1,0,1,0,0,0
S01013159,Solid fuel (for example wood coal) central heating,0,0,0,0,0,0,0,0,0,0,0,0
S01013159,Other central heating,1,1,0,1,1,0,0,0,0,0,0,0
S01013159,Two or more types of central heating,15,3,12,14,2,12,1,1,0,0,0,0
S01013160,All people in households,728,85,643,655,32,623,57,37,20,16,16,0
S01013160,No central heating,4,0,4,4,0,4,0,0,0,0,0,0
S01013160,Gas central heating,705,83,622,633,31,602,57,37,20,15,15,0
S01013160,Electric (including storage heaters) central heating,11,0,11,11,0,11,0,0,0,0,0,0
S01013160,Oil central heating,0,0,0,0,0,0,0,0,0,0,0,0
S01013160,Solid fuel (for example wood coal) central heating,0,0,0,0,0,0,0,0,0,0,0,0
S01013160,Other central heating,0,0,0,0,0,0,0,0,0,0,0,0
S01013160,Two or more types of central heating,8,2,6,7,1,6,0,0,0,1,1,0
S01013161,All people in households,1021,202,819,833,54,779,124,85,39,64,63,1
S01013161,No central heating,9,4,5,4,1,3,3,1,2,2,2,0
S01013161,Gas central heating,960,182,778,790,48,742,112,77,35,58,57,1
S01013161,Electric (including storage heaters) central heating,20,8,12,13,2,11,5,4,1,2,2,0
S01013161,Oil central heating,0,0,0,0,0,0,0,0,0,0,0,0
S01013161,Solid fuel (for example wood coal) central heating,0,0,0,0,0,0,0,0,0,0,0,0
S01013161,Other central heating,1,1,0,0,0,0,0,0,0,1,1,0
S01013161,Two or more types of central heating,31,7,24,26,3,23,4,3,1,1,1,0
S01013162,All people in households,815,242,573,581,62,519,153,103,50,81,77,4
S01013162,No central heating,5,0,5,4,0,4,1,0,1,0,0,0
S01013162,Gas central heating,758,223,535,540,55,485,140,94,46,78,74,4
S01013162,Electric (including storage heaters) central heating,26,12,14,15,3,12,9,7,2,2,2,0
S01013162,Oil central heating,0,0,0,0,0,0,0,0,0,0,0,0
S01013162,Solid fuel (for example wood coal) central heating,0,0,0,0,0,0,0,0,0,0,0,0
S01013162,Other central heating,0,0,0,0,0,0,0,0,0,0,0,0
S01013162,Two or more types of central heating,26,7,19,22,4,18,3,2,1,1,1,0
S01013163,All people in households,702,86,616,614,25,589,69,44,25,19,17,2
S01013163,No central heating,2,0,2,2,0,2,0,0,0,0,0,0
S01013163,Gas central heating,684,86,598,596,25,571,69,44,25,19,17,2
S01013163,Electric (including storage heaters) central heating,8,0,8,8,0,8,0,0,0,0,0,0
S01013163,Oil central heating,3,0,3,3,0,3,0,0,0,0,0,0
S01013163,Solid fuel (for example wood coal) central heating,0,0,0,0,0,0,0,0,0,0,0,0
S01013163,Other central heating,0,0,0,0,0,0,0,0,0,0,0,0
S01013163,Two or more types of central heating,5,0,5,5,0,5,0,0,0,0,0,0
S01013164,All people in households,1064,262,802,819,60,759,158,118,40,87,84,3
S01013164,No central heating,11,4,7,7,1,6,4,3,1,0,0,0
S01013164,Gas central heating,985,234,751,764,53,711,141,104,37,80,77,3
S01013164,Electric (including storage heaters) central heating,21,12,9,13,4,9,6,6,0,2,2,0
S01013164,Oil central heating,1,1,0,0,0,0,0,0,0,1,1,0
S01013164,Solid fuel (for example wood coal) central heating,6,0,6,6,0,6,0,0,0,0,0,0
S01013164,Other central heating,5,1,4,4,0,4,1,1,0,0,0,0
S01013164,Two or more types of central heating,35,10,25,25,2,23,6,4,2,4,4,0
S01013165,All people in households,883,225,658,670,53,617,139,99,40,74,73,1
S01013165,No central heating,5,1,4,4,0,4,0,0,0,1,1,0
S01013165,Gas central heating,799,179,620,630,46,584,110,74,36,59,59,0
S01013165,Electric (including storage heaters) central heating,57,36,21,24,7,17,23,20,3,10,9,1
S01013165,Oil central heating,5,0,5,5,0,5,0,0,0,0,0,0
S01013165,Solid fuel (for example wood coal) central heating,0,0,0,0,0,0,0,0,0,0,0,0
S01013165,Other central heating,6,5,1,1,0,1,3,3,0,2,2,0
S01013165,Two or more types of central heating,11,4,7,6,0,6,3,2,1,2,2,0
S01013166,All people in households,642,177,465,463,40,423,110,69,41,69,68,1
S01013166,No central heating,16,2,14,15,1,14,1,1,0,0,0,0
S01013166,Gas central heating,351,87,264,270,23,247,49,32,17,32,32,0
S01013166,Electric (including storage heaters) central heating,252,84,168,158,14,144,57,34,23,37,36,1
S01013166,Oil central heating,0,0,0,0,0,0,0,0,0,0,0,0
S01013166,Solid fuel (for example wood coal) central heating,0,0,0,0,0,0,0,0,0,0,0,0
S01013166,Other central heating,0,0,0,0,0,0,0,0,0,0,0,0
S01013166,Two or more types of central heating,23,4,19,20,2,18,3,2,1,0,0,0
S01013167,All people in households,655,168,487,487,41,446,98,58,40,70,69,1
S01013167,No central heating,21,9,12,14,2,12,2,2,0,5,5,0
S01013167,Gas central heating,420,87,333,337,28,309,54,30,24,29,29,0
S01013167,Electric (including storage heaters) central heating,190,68,122,118,11,107,39,25,14,33,32,1
S01013167,Oil central heating,0,0,0,0,0,0,0,0,0,0,0,0
S01013167,Solid fuel (for example wood coal) central heating,0,0,0,0,0,0,0,0,0,0,0,0
S01013167,Other central heating,0,0,0,0,0,0,0,0,0,0,0,0
S01013167,Two or more types of central heating,24,4,20,18,0,18,3,1,2,3,3,0
S01013168,All people in households,891,241,650,647,54,593,152,97,55,92,90,2
S01013168,No central heating,4,1,3,2,0,2,2,1,1,0,0,0
S01013168,Gas central heating,860,227,633,631,52,579,143,91,52,86,84,2
S01013168,Electric (including storage heaters) central heating,11,8,3,2,0,2,3,2,1,6,6,0
S01013168,Oil central heating,0,0,0,0,0,0,0,0,0,0,0,0
S01013168,Solid fuel (for example wood coal) central heating,3,0,3,3,0,3,0,0,0,0,0,0
S01013168,Other central heating,3,2,1,1,0,1,2,2,0,0,0,0
S01013168,Two or more types of central heating,10,3,7,8,2,6,2,1,1,0,0,0
S01013169,All people in households,853,281,572,568,60,508,173,112,61,112,109,3
S01013169,No central heating,9,3,6,4,0,4,3,1,2,2,2,0
S01013169,Gas central heating,744,229,515,506,46,460,143,90,53,95,93,2
S01013169,Electric (including storage heaters) central heating,78,41,37,48,14,34,18,15,3,12,12,0
S01013169,Oil central heating,0,0,0,0,0,0,0,0,0,0,0,0
S01013169,Solid fuel (for example wood coal) central heating,1,1,0,0,0,0,1,1,0,0,0,0
S01013169,Other central heating,3,0,3,2,0,2,1,0,1,0,0,0
S01013169,Two or more types of central heating,18,7,11,8,0,8,7,5,2,3,2,1
S01013170,All people in households,528,145,383,383,27,356,86,60,26,59,58,1
S01013170,No central heating,6,1,5,4,0,4,1,0,1,1,1,0
S01013170,Gas central heating,456,123,333,332,22,310,77,54,23,47,47,0
S01013170,Electric (including storage heaters) central heating,51,17,34,36,4,32,7,5,2,8,8,0
S01013170,Oil central heating,1,1,0,0,0,0,0,0,0,1,1,0
S01013170,Solid fuel (for example wood coal) central heating,0,0,0,0,0,0,0,0,0,0,0,0
S01013170,Other central heating,4,0,4,4,0,4,0,0,0,0,0,0
S01013170,Two or more types of central heating,10,3,7,7,1,6,1,1,0,2,1,1
S01013171,All people in households,679,104,575,587,30,557,62,44,18,30,30,0
S01013171,No central heating,16,3,13,13,0,13,3,3,0,0,0,0
S01013171,Gas central heating,626,89,537,551,27,524,47,34,13,28,28,0
S01013171,Electric (including storage heaters) central heating,9,3,6,3,0,3,4,1,3,2,2,0
S01013171,Oil central heating,7,0,7,7,0,7,0,0,0,0,0,0
S01013171,Solid fuel (for example wood coal) central heating,0,0,0,0,0,0,0,0,0,0,0,0
S01013171,Other central heating,0,0,0,0,0,0,0,0,0,0,0,0
S01013171,Two or more types of central heating,21,9,12,13,3,10,8,6,2,0,0,0
S01013172,All people in households,749,159,590,591,44,547,102,61,41,56,54,2
S01013172,No central heating,7,1,6,3,0,3,3,0,3,1,1,0
S01013172,Gas central heating,726,153,573,579,44,535,98,60,38,49,49,0
S01013172,Electric (including storage heaters) central heating,9,4,5,4,0,4,1,1,0,4,3,1
S01013172,Oil central heating,0,0,0,0,0,0,0,0,0,0,0,0
S01013172,Solid fuel (for example wood coal) central heating,0,0,0,0,0,0,0,0,0,0,0,0
S01013172,Other central heating,1,0,1,0,0,0,0,0,0,1,0,1
S01013172,Two or more types of central heating,6,1,5,5,0,5,0,0,0,1,1,0
S01013173,All people in households,799,130,669,676,32,644,75,51,24,48,47,1
S01013173,No central heating,8,1,7,4,0,4,3,0,3,1,1,0
S01013173,Gas central heating,694,113,581,584,24,560,65,45,20,45,44,1
S01013173,Electric (including storage heaters) central heating,91,14,77,83,7,76,6,5,1,2,2,0
S01013173,Oil central heating,3,1,2,3,1,2,0,0,0,0,0,0
S01013173,Solid fuel (for example wood coal) central heating,0,0,0,0,0,0,0,0,0,0,0,0
S01013173,Other central heating,0,0,0,0,0,0,0,0,0,0,0,0
S01013173,Two or more types of central heating,3,1,2,2,0,2,1,1,0,0,0,0
S01013174,All people in households,793,80,713,715,24,691,57,35,22,21,21,0
S01013174,No central heating,2,0,2,1,0,1,1,0,1,0,0,0
S01013174,Gas central heating,751,73,678,685,23,662,47,31,16,19,19,0
S01013174,Electric (including storage heaters) central heating,30,3,27,25,1,24,4,1,3,1,1,0
S01013174,Oil central heating,2,0,2,0,0,0,2,0,2,0,0,0
S01013174,Solid fuel (for example wood coal) central heating,0,0,0,0,0,0,0,0,0,0,0,0
S01013174,Other central heating,2,0,2,2,0,2,0,0,0,0,0,0
S01013174,Two or more types of central heating,6,4,2,2,0,2,3,3,0,1,1,0
S01013175,All people in households,867,136,731,742,40,702,86,58,28,39,38,1
S01013175,No central heating,6,1,5,4,0,4,2,1,1,0,0,0
S01013175,Gas central heating,845,131,714,725,39,686,84,57,27,36,35,1
S01013175,Electric (including storage heaters) central heating,8,3,5,6,1,5,0,0,0,2,2,0
S01013175,Oil central heating,3,1,2,2,0,2,0,0,0,1,1,0
S01013175,Solid fuel (for example wood coal) central heating,0,0,0,0,0,0,0,0,0,0,0,0
S01013175,Other central heating,0,0,0,0,0,0,0,0,0,0,0,0
S01013175,Two or more types of central heating,5,0,5,5,0,5,0,0,0,0,0,0
S01013176,All people in households,745,181,564,574,41,533,118,87,31,53,53,0
S01013176,No central heating,24,3,21,21,1,20,1,0,1,2,2,0
S01013176,Gas central heating,603,130,473,479,32,447,85,59,26,39,39,0
S01013176,Electric (including storage heaters) central heating,106,45,61,64,7,57,30,26,4,12,12,0
S01013176,Oil central heating,5,0,5,5,0,5,0,0,0,0,0,0
S01013176,Solid fuel (for example wood coal) central heating,0,0,0,0,0,0,0,0,0,0,0,0
S01013176,Other central heating,0,0,0,0,0,0,0,0,0,0,0,0
S01013176,Two or more types of central heating,7,3,4,5,1,4,2,2,0,0,0,0
S01013177,All people in households,617,99,518,538,38,500,57,39,18,22,22,0
S01013177,No central heating,21,5,16,17,3,14,3,1,2,1,1,0
S01013177,Gas central heating,573,90,483,501,34,467,52,36,16,20,20,0
S01013177,Electric (including storage heaters) central heating,13,3,10,11,1,10,1,1,0,1,1,0
S01013177,Oil central heating,0,0,0,0,0,0,0,0,0,0,0,0
S01013177,Solid fuel (for example wood coal) central heating,0,0,0,0,0,0,0,0,0,0,0,0
S01013177,Other central heating,0,0,0,0,0,0,0,0,0,0,0,0
S01013177,Two or more types of central heating,10,1,9,9,0,9,1,1,0,0,0,0
S01013178,All people in households,719,160,559,579,49,530,93,65,28,47,46,1
S01013178,No central heating,11,2,9,7,0,7,3,1,2,1,1,0
S01013178,Gas central heating,634,144,490,514,45,469,80,59,21,40,40,0
S01013178,Electric (including storage heaters) central heating,51,12,39,38,4,34,9,4,5,4,4,0
S01013178,Oil central heating,1,0,1,1,0,1,0,0,0,0,0,0
S01013178,Solid fuel (for example wood coal) central heating,5,0,5,5,0,5,0,0,0,0,0,0
S01013178,Other central heating,2,1,1,0,0,0,0,0,0,2,1,1
S01013178,Two or more types of central heating,15,1,14,14,0,14,1,1,0,0,0,0
S01013179,All people in households,781,169,612,627,46,581,103,72,31,51,51,0
S01013179,No central heating,6,2,4,5,1,4,0,0,0,1,1,0
S01013179,Gas central heating,703,155,548,560,40,520,95,67,28,48,48,0
S01013179,Electric (including storage heaters) central heating,14,5,9,10,1,9,3,3,0,1,1,0
S01013179,Oil central heating,42,2,40,38,1,37,3,0,3,1,1,0
S01013179,Solid fuel (for example wood coal) central heating,0,0,0,0,0,0,0,0,0,0,0,0
S01013179,Other central heating,4,1,3,3,0,3,1,1,0,0,0,0
S01013179,Two or more types of central heating,12,4,8,11,3,8,1,1,0,0,0,0
S01013180,All people in households,434,48,386,378,19,359,41,14,27,15,15,0
S01013180,No central heating,6,1,5,5,1,4,1,0,1,0,0,0
S01013180,Gas central heating,417,47,370,362,18,344,40,14,26,15,15,0
S01013180,Electric (including storage heaters) central heating,2,0,2,2,0,2,0,0,0,0,0,0
S01013180,Oil central heating,3,0,3,3,0,3,0,0,0,0,0,0
S01013180,Solid fuel (for example wood coal) central heating,0,0,0,0,0,0,0,0,0,0,0,0
S01013180,Other central heating,0,0,0,0,0,0,0,0,0,0,0,0
S01013180,Two or more types of central heating,6,0,6,6,0,6,0,0,0,0,0,0
S01013181,All people in households,718,156,562,580,40,540,85,64,21,53,52,1
S01013181,No central heating,7,2,5,5,0,5,1,1,0,1,1,0
S01013181,Gas central heating,676,145,531,547,38,509,79,58,21,50,49,1
S01013181,Electric (including storage heaters) central heating,15,8,7,8,1,7,5,5,0,2,2,0
S01013181,Oil central heating,9,1,8,9,1,8,0,0,0,0,0,0
S01013181,Solid fuel (for example wood coal) central heating,0,0,0,0,0,0,0,0,0,0,0,0
S01013181,Other central heating,0,0,0,0,0,0,0,0,0,0,0,0
S01013181,Two or more types of central heating,11,0,11,11,0,11,0,0,0,0,0,0
S01013182,All people in households,743,215,528,531,41,490,144,107,37,68,67,1
S01013182,No central heating,13,7,6,5,1,4,5,3,2,3,3,0
S01013182,Gas central heating,704,196,508,510,38,472,132,97,35,62,61,1
S01013182,Electric (including storage heaters) central heating,12,6,6,7,1,6,4,4,0,1,1,0
S01013182,Oil central heating,0,0,0,0,0,0,0,0,0,0,0,0
S01013182,Solid fuel (for example wood coal) central heating,0,0,0,0,0,0,0,0,0,0,0,0
S01013182,Other central heating,4,2,2,2,0,2,2,2,0,0,0,0
S01013182,Two or more types of central heating,10,4,6,7,1,6,1,1,0,2,2,0
S01013183,All people in households,834,153,681,700,52,648,93,61,32,41,40,1
S01013183,No central heating,2,0,2,2,0,2,0,0,0,0,0,0
S01013183,Gas central heating,809,148,661,680,51,629,88,57,31,41,40,1
S01013183,Electric (including storage heaters) central heating,8,3,5,5,0,5,3,3,0,0,0,0
S01013183,Oil central heating,0,0,0,0,0,0,0,0,0,0,0,0
S01013183,Solid fuel (for example wood coal) central heating,0,0,0,0,0,0,0,0,0,0,0,0
S01013183,Other central heating,0,0,0,0,0,0,0,0,0,0,0,0
S01013183,Two or more types of central heating,15,2,13,13,1,12,2,1,1,0,0,0
S01013184,All people in households,572,107,465,455,25,430,77,44,33,40,38,2
S01013184,No central heating,0,0,0,0,0,0,0,0,0,0,0,0
S01013184,Gas central heating,532,96,436,430,24,406,67,39,28,35,33,2
S01013184,Electric (including storage heaters) central heating,17,8,9,7,0,7,6,4,2,4,4,0
S01013184,Oil central heating,0,0,0,0,0,0,0,0,0,0,0,0
S01013184,Solid fuel (for example wood coal) central heating,0,0,0,0,0,0,0,0,0,0,0,0
S01013184,Other central heating,2,0,2,2,0,2,0,0,0,0,0,0
S01013184,Two or more types of central heating,21,3,18,16,1,15,4,1,3,1,1,0
S01013185,All people in households,810,179,631,633,46,587,128,86,42,49,47,2
S01013185,No central heating,3,0,3,3,0,3,0,0,0,0,0,0
S01013185,Gas central heating,769,171,598,600,43,557,124,85,39,45,43,2
S01013185,Electric (including storage heaters) central heating,11,5,6,7,1,6,1,1,0,3,3,0
S01013185,Oil central heating,0,0,0,0,0,0,0,0,0,0,0,0
S01013185,Solid fuel (for example wood coal) central heating,0,0,0,0,0,0,0,0,0,0,0,0
S01013185,Other central heating,4,0,4,4,0,4,0,0,0,0,0,0
S01013185,Two or more types of central heating,23,3,20,19,2,17,3,0,3,1,1,0
S01013186,All people in households,673,118,555,556,29,527,84,60,24,33,29,4
S01013186,No central heating,8,1,7,8,1,7,0,0,0,0,0,0
S01013186,Gas central heating,637,112,525,525,26,499,81,59,22,31,27,4
S01013186,Electric (including storage heaters) central heating,10,3,7,7,1,6,2,1,1,1,1,0
S01013186,Oil central heating,0,0,0,0,0,0,0,0,0,0,0,0
S01013186,Solid fuel (for example wood coal) central heating,0,0,0,0,0,0,0,0,0,0,0,0
S01013186,Other central heating,0,0,0,0,0,0,0,0,0,0,0,0
S01013186,Two or more types of central heating,18,2,16,16,1,15,1,0,1,1,1,0
S01013187,All people in households,825,186,639,654,50,604,103,69,34,68,67,1
S01013187,No central heating,8,1,7,7,1,6,1,0,1,0,0,0
S01013187,Gas central heating,787,174,613,626,47,579,98,65,33,63,62,1
S01013187,Electric (including storage heaters) central heating,13,6,7,7,0,7,3,3,0,3,3,0
S01013187,Oil central heating,0,0,0,0,0,0,0,0,0,0,0,0
S01013187,Solid fuel (for example wood coal) central heating,0,0,0,0,0,0,0,0,0,0,0,0
S01013187,Other central heating,3,1,2,2,0,2,1,1,0,0,0,0
S01013187,Two or more types of central heating,14,4,10,12,2,10,0,0,0,2,2,0
S01013188,All people in households,885,152,733,749,52,697,98,66,32,38,34,4
S01013188,No central heating,6,3,3,3,0,3,2,2,0,1,1,0
S01013188,Gas central heating,827,142,685,704,51,653,87,59,28,36,32,4
S01013188,Electric (including storage heaters) central heating,45,6,39,36,1,35,8,4,4,1,1,0
S01013188,Oil central heating,0,0,0,0,0,0,0,0,0,0,0,0
S01013188,Solid fuel (for example wood coal) central heating,0,0,0,0,0,0,0,0,0,0,0,0
S01013188,Other central heating,0,0,0,0,0,0,0,0,0,0,0,0
S01013188,Two or more types of central heating,7,1,6,6,0,6,1,1,0,0,0,0
S01013189,All people in households,618,108,510,516,28,488,71,50,21,31,30,1
S01013189,No central heating,2,1,1,1,0,1,1,1,0,0,0,0
S01013189,Gas central heating,587,104,483,488,27,461,68,47,21,31,30,1
S01013189,Electric (including storage heaters) central heating,13,1,12,13,1,12,0,0,0,0,0,0
S01013189,Oil central heating,2,0,2,2,0,2,0,0,0,0,0,0
S01013189,Solid fuel (for example wood coal) central heating,0,0,0,0,0,0,0,0,0,0,0,0
S01013189,Other central heating,0,0,0,0,0,0,0,0,0,0,0,0
S01013189,Two or more types of central heating,14,2,12,12,0,12,2,2,0,0,0,0
S01013190,All people in households,805,177,628,632,38,594,112,81,31,61,58,3
S01013190,No central heating,2,1,1,1,0,1,0,0,0,1,1,0
S01013190,Gas central heating,782,169,613,617,36,581,108,79,29,57,54,3
S01013190,Electric (including storage heaters) central heating,12,2,10,9,1,8,2,0,2,1,1,0
S01013190,Oil central heating,0,0,0,0,0,0,0,0,0,0,0,0
S01013190,Solid fuel (for example wood coal) central heating,1,1,0,0,0,0,1,1,0,0,0,0
S01013190,Other central heating,5,4,1,2,1,1,1,1,0,2,2,0
S01013190,Two or more types of central heating,3,0,3,3,0,3,0,0,0,0,0,0
S01013191,All people in households,1055,132,923,955,58,897,74,49,25,26,25,1
S01013191,No central heating,14,3,11,11,1,10,3,2,1,0,0,0
S01013191,Gas central heating,1011,122,889,918,54,864,69,45,24,24,23,1
S01013191,Electric (including storage heaters) central heating,9,4,5,5,0,5,2,2,0,2,2,0
S01013191,Oil central heating,0,0,0,0,0,0,0,0,0,0,0,0
S01013191,Solid fuel (for example wood coal) central heating,1,0,1,1,0,1,0,0,0,0,0,0
S01013191,Other central heating,0,0,0,0,0,0,0,0,0,0,0,0
S01013191,Two or more types of central heating,20,3,17,20,3,17,0,0,0,0,0,0
S01013192,All people in households,895,193,702,719,52,667,118,86,32,58,55,3
S01013192,No central heating,12,2,10,11,1,10,1,1,0,0,0,0
S01013192,Gas central heating,850,185,665,682,49,633,113,84,29,55,52,3
S01013192,Electric (including storage heaters) central heating,17,4,13,13,2,11,2,0,2,2,2,0
S01013192,Oil central heating,0,0,0,0,0,0,0,0,0,0,0,0
S01013192,Solid fuel (for example wood coal) central heating,0,0,0,0,0,0,0,0,0,0,0,0
S01013192,Other central heating,1,1,0,0,0,0,1,1,0,0,0,0
S01013192,Two or more types of central heating,15,1,14,13,0,13,1,0,1,1,1,0
S01013193,All people in households,649,121,528,531,35,496,79,48,31,39,38,1
S01013193,No central heating,7,2,5,5,1,4,2,1,1,0,0,0
S01013193,Gas central heating,603,111,492,495,30,465,72,46,26,36,35,1
S01013193,Electric (including storage heaters) central heating,27,4,23,23,3,20,4,1,3,0,0,0
S01013193,Oil central heating,3,1,2,3,1,2,0,0,0,0,0,0
S01013193,Solid fuel (for example wood coal) central heating,4,0,4,3,0,3,1,0,1,0,0,0
S01013193,Other central heating,2,0,2,2,0,2,0,0,0,0,0,0
S01013193,Two or more types of central heating,3,3,0,0,0,0,0,0,0,3,3,0
S01013194,All people in households,568,85,483,464,20,444,76,38,38,28,27,1
S01013194,No central heating,29,5,24,22,1,21,5,2,3,2,2,0
S01013194,Gas central heating,506,73,433,420,17,403,62,33,29,24,23,1
S01013194,Electric (including storage heaters) central heating,21,5,16,15,2,13,6,3,3,0,0,0
S01013194,Oil central heating,0,0,0,0,0,0,0,0,0,0,0,0
S01013194,Solid fuel (for example wood coal) central heating,2,0,2,2,0,2,0,0,0,0,0,0
S01013194,Other central heating,0,0,0,0,0,0,0,0,0,0,0,0
S01013194,Two or more types of central heating,10,2,8,5,0,5,3,0,3,2,2,0
S01013195,All people in households,977,254,723,730,56,674,155,112,43,92,86,6
S01013195,No central heating,58,10,48,46,2,44,8,4,4,4,4,0
S01013195,Gas central heating,626,118,508,517,37,480,78,53,25,31,28,3
S01013195,Electric (including storage heaters) central heating,267,118,149,152,17,135,60,49,11,55,52,3
S01013195,Oil central heating,4,0,4,4,0,4,0,0,0,0,0,0
S01013195,Solid fuel (for example wood coal) central heating,0,0,0,0,0,0,0,0,0,0,0,0
S01013195,Other central heating,11,8,3,1,0,1,8,6,2,2,2,0
S01013195,Two or more types of central heating,11,0,11,10,0,10,1,0,1,0,0,0
S01013196,All people in households,626,91,535,529,22,507,67,43,24,30,26,4
S01013196,No central heating,12,4,8,8,1,7,3,2,1,1,1,0
S01013196,Gas central heating,503,67,436,430,18,412,51,29,22,22,20,2
S01013196,Electric (including storage heaters) central heating,103,20,83,83,3,80,13,12,1,7,5,2
S01013196,Oil central heating,0,0,0,0,0,0,0,0,0,0,0,0
S01013196,Solid fuel (for example wood coal) central heating,0,0,0,0,0,0,0,0,0,0,0,0
S01013196,Other central heating,2,0,2,2,0,2,0,0,0,0,0,0
S01013196,Two or more types of central heating,6,0,6,6,0,6,0,0,0,0,0,0
S01013197,All people in households,555,134,421,457,46,411,62,52,10,36,36,0
S01013197,No central heating,15,3,12,12,0,12,3,3,0,0,0,0
S01013197,Gas central heating,480,114,366,399,40,359,54,47,7,27,27,0
S01013197,Electric (including storage heaters) central heating,41,13,28,30,3,27,2,1,1,9,9,0
S01013197,Oil central heating,2,1,1,1,1,0,1,0,1,0,0,0
S01013197,Solid fuel (for example wood coal) central heating,0,0,0,0,0,0,0,0,0,0,0,0
S01013197,Other central heating,0,0,0,0,0,0,0,0,0,0,0,0
S01013197,Two or more types of central heating,17,3,14,15,2,13,2,1,1,0,0,0
S01013198,All people in households,768,204,564,573,39,534,113,83,30,82,82,0
S01013198,No central heating,11,3,8,8,0,8,1,1,0,2,2,0
S01013198,Gas central heating,705,193,512,524,36,488,105,81,24,76,76,0
S01013198,Electric (including storage heaters) central heating,18,6,12,12,3,9,3,0,3,3,3,0
S01013198,Oil central heating,13,0,13,13,0,13,0,0,0,0,0,0
S01013198,Solid fuel (for example wood coal) central heating,0,0,0,0,0,0,0,0,0,0,0,0
S01013198,Other central heating,1,0,1,1,0,1,0,0,0,0,0,0
S01013198,Two or more types of central heating,20,2,18,15,0,15,4,1,3,1,1,0
S01013199,All people in households,897,256,641,654,49,605,154,119,35,89,88,1
S01013199,No central heating,4,2,2,2,0,2,2,2,0,0,0,0
S01013199,Gas central heating,645,98,547,552,27,525,69,47,22,24,24,0
S01013199,Electric (including storage heaters) central heating,227,152,75,83,21,62,80,68,12,64,63,1
S01013199,Oil central heating,3,2,1,2,1,1,1,1,0,0,0,0
S01013199,Solid fuel (for example wood coal) central heating,0,0,0,0,0,0,0,0,0,0,0,0
S01013199,Other central heating,1,0,1,1,0,1,0,0,0,0,0,0
S01013199,Two or more types of central heating,17,2,15,14,0,14,2,1,1,1,1,0
S01013200,All people in households,695,145,550,550,42,508,100,62,38,45,41,4
S01013200,No central heating,0,0,0,0,0,0,0,0,0,0,0,0
S01013200,Gas central heating,664,135,529,526,37,489,96,60,36,42,38,4
S01013200,Electric (including storage heaters) central heating,4,1,3,3,1,2,1,0,1,0,0,0
S01013200,Oil central heating,2,0,2,2,0,2,0,0,0,0,0,0
S01013200,Solid fuel (for example wood coal) central heating,10,5,5,6,1,5,2,2,0,2,2,0
S01013200,Other central heating,4,0,4,4,0,4,0,0,0,0,0,0
S01013200,Two or more types of central heating,11,4,7,9,3,6,1,0,1,1,1,0
S01013201,All people in households,741,222,519,521,47,474,123,80,43,97,95,2
S01013201,No central heating,1,1,0,0,0,0,1,1,0,0,0,0
S01013201,Gas central heating,699,204,495,497,43,454,110,71,39,92,90,2
S01013201,Electric (including storage heaters) central heating,19,4,15,12,0,12,5,2,3,2,2,0
S01013201,Oil central heating,0,0,0,0,0,0,0,0,0,0,0,0
S01013201,Solid fuel (for example wood coal) central heating,0,0,0,0,0,0,0,0,0,0,0,0
S01013201,Other central heating,8,6,2,5,3,2,3,3,0,0,0,0
S01013201,Two or more types of central heating,14,7,7,7,1,6,4,3,1,3,3,0
S01013202,All people in households,552,115,437,438,30,408,67,38,29,47,47,0
S01013202,No central heating,12,3,9,8,0,8,2,1,1,2,2,0
S01013202,Gas central heating,518,105,413,416,29,387,61,35,26,41,41,0
S01013202,Electric (including storage heaters) central heating,7,2,5,5,0,5,1,1,0,1,1,0
S01013202,Oil central heating,0,0,0,0,0,0,0,0,0,0,0,0
S01013202,Solid fuel (for example wood coal) central heating,2,2,0,0,0,0,0,0,0,2,2,0
S01013202,Other central heating,10,2,8,8,1,7,2,1,1,0,0,0
S01013202,Two or more types of central heating,3,1,2,1,0,1,1,0,1,1,1,0
S01013203,All people in households,717,147,570,554,31,523,108,62,46,55,54,1
S01013203,No central heating,16,5,11,12,3,9,3,2,1,1,0,1
S01013203,Gas central heating,669,135,534,518,25,493,99,58,41,52,52,0
S01013203,Electric (including storage heaters) central heating,20,4,16,15,0,15,3,2,1,2,2,0
S01013203,Oil central heating,0,0,0,0,0,0,0,0,0,0,0,0
S01013203,Solid fuel (for example wood coal) central heating,0,0,0,0,0,0,0,0,0,0,0,0
S01013203,Other central heating,0,0,0,0,0,0,0,0,0,0,0,0
S01013203,Two or more types of central heating,12,3,9,9,3,6,3,0,3,0,0,0
S01013204,All people in households,793,115,678,670,27,643,92,59,33,31,29,2
S01013204,No central heating,6,1,5,4,0,4,1,0,1,1,1,0
S01013204,Gas central heating,707,92,615,608,20,588,76,51,25,23,21,2
S01013204,Electric (including storage heaters) central heating,62,19,43,45,7,38,11,6,5,6,6,0
S01013204,Oil central heating,2,0,2,2,0,2,0,0,0,0,0,0
S01013204,Solid fuel (for example wood coal) central heating,0,0,0,0,0,0,0,0,0,0,0,0
S01013204,Other central heating,3,0,3,3,0,3,0,0,0,0,0,0
S01013204,Two or more types of central heating,13,3,10,8,0,8,4,2,2,1,1,0
S01013205,All people in households,629,147,482,483,34,449,86,57,29,60,56,4
S01013205,No central heating,11,3,8,8,0,8,3,3,0,0,0,0
S01013205,Gas central heating,595,138,457,459,32,427,78,52,26,58,54,4
S01013205,Electric (including storage heaters) central heating,13,5,8,8,2,6,4,2,2,1,1,0
S01013205,Oil central heating,0,0,0,0,0,0,0,0,0,0,0,0
S01013205,Solid fuel (for example wood coal) central heating,1,0,1,0,0,0,1,0,1,0,0,0
S01013205,Other central heating,0,0,0,0,0,0,0,0,0,0,0,0
S01013205,Two or more types of central heating,9,1,8,8,0,8,0,0,0,1,1,0
S01013206,All people in households,627,148,479,479,36,443,95,60,35,53,52,1
S01013206,No central heating,7,1,6,6,0,6,0,0,0,1,1,0
S01013206,Gas central heating,599,143,456,455,35,420,93,58,35,51,50,1
S01013206,Electric (including storage heaters) central heating,20,3,17,17,0,17,2,2,0,1,1,0
S01013206,Oil central heating,0,0,0,0,0,0,0,0,0,0,0,0
S01013206,Solid fuel (for example wood coal) central heating,0,0,0,0,0,0,0,0,0,0,0,0
S01013206,Other central heating,0,0,0,0,0,0,0,0,0,0,0,0
S01013206,Two or more types of central heating,1,1,0,1,1,0,0,0,0,0,0,0
S01013207,All people in households,766,215,551,557,49,508,139,99,40,70,67,3
S01013207,No central heating,8,2,6,6,0,6,1,1,0,1,1,0
S01013207,Gas central heating,652,195,457,467,43,424,121,91,30,64,61,3
S01013207,Electric (including storage heaters) central heating,41,4,37,34,2,32,5,0,5,2,2,0
S01013207,Oil central heating,30,8,22,20,1,19,9,6,3,1,1,0
S01013207,Solid fuel (for example wood coal) central heating,2,1,1,0,0,0,1,0,1,1,1,0
S01013207,Other central heating,3,2,1,0,0,0,2,1,1,1,1,0
S01013207,Two or more types of central heating,30,3,27,30,3,27,0,0,0,0,0,0
S01013208,All people in households,919,224,695,694,51,643,137,89,48,88,84,4
S01013208,No central heating,4,0,4,4,0,4,0,0,0,0,0,0
S01013208,Gas central heating,882,209,673,673,49,624,129,84,45,80,76,4
S01013208,Electric (including storage heaters) central heating,14,6,8,8,1,7,4,3,1,2,2,0
S01013208,Oil central heating,0,0,0,0,0,0,0,0,0,0,0,0
S01013208,Solid fuel (for example wood coal) central heating,3,2,1,1,1,0,2,1,1,0,0,0
S01013208,Other central heating,0,0,0,0,0,0,0,0,0,0,0,0
S01013208,Two or more types of central heating,16,7,9,8,0,8,2,1,1,6,6,0
S01013209,All people in households,819,224,595,595,42,553,144,105,39,80,77,3
S01013209,No central heating,16,9,7,5,1,4,7,5,2,4,3,1
S01013209,Gas central heating,768,202,566,567,38,529,132,96,36,69,68,1
S01013209,Electric (including storage heaters) central heating,15,5,10,12,2,10,2,2,0,1,1,0
S01013209,Oil central heating,5,0,5,4,0,4,1,0,1,0,0,0
S01013209,Solid fuel (for example wood coal) central heating,0,0,0,0,0,0,0,0,0,0,0,0
S01013209,Other central heating,2,2,0,0,0,0,1,1,0,1,1,0
S01013209,Two or more types of central heating,13,6,7,7,1,6,1,1,0,5,4,1
S01013210,All people in households,588,97,491,492,32,460,72,42,30,24,23,1
S01013210,No central heating,3,0,3,3,0,3,0,0,0,0,0,0
S01013210,Gas central heating,547,93,454,459,32,427,66,40,26,22,21,1
S01013210,Electric (including storage heaters) central heating,14,1,13,12,0,12,2,1,1,0,0,0
S01013210,Oil central heating,2,0,2,2,0,2,0,0,0,0,0,0
S01013210,Solid fuel (for example wood coal) central heating,1,1,0,0,0,0,0,0,0,1,1,0
S01013210,Other central heating,0,0,0,0,0,0,0,0,0,0,0,0
S01013210,Two or more types of central heating,21,2,19,16,0,16,4,1,3,1,1,0
S01013211,All people in households,859,173,686,679,36,643,105,64,41,75,73,2
S01013211,No central heating,14,3,11,10,0,10,2,1,1,2,2,0
S01013211,Gas central heating,780,144,636,629,28,601,90,56,34,61,60,1
S01013211,Electric (including storage heaters) central heating,52,22,30,32,8,24,10,5,5,10,9,1
S01013211,Oil central heating,0,0,0,0,0,0,0,0,0,0,0,0
S01013211,Solid fuel (for example wood coal) central heating,0,0,0,0,0,0,0,0,0,0,0,0
S01013211,Other central heating,0,0,0,0,0,0,0,0,0,0,0,0
S01013211,Two or more types of central heating,13,4,9,8,0,8,3,2,1,2,2,0
S01013212,All people in households,590,47,543,538,13,525,38,20,18,14,14,0
S01013212,No central heating,0,0,0,0,0,0,0,0,0,0,0,0
S01013212,Gas central heating,586,47,539,534,13,521,38,20,18,14,14,0
S01013212,Electric (including storage heaters) central heating,0,0,0,0,0,0,0,0,0,0,0,0
S01013212,Oil central heating,2,0,2,2,0,2,0,0,0,0,0,0
S01013212,Solid fuel (for example wood coal) central heating,0,0,0,0,0,0,0,0,0,0,0,0
S01013212,Other central heating,0,0,0,0,0,0,0,0,0,0,0,0
S01013212,Two or more types of central heating,2,0,2,2,0,2,0,0,0,0,0,0
S01013213,All people in households,555,72,483,503,35,468,40,25,15,12,12,0
S01013213,No central heating,0,0,0,0,0,0,0,0,0,0,0,0
S01013213,Gas central heating,529,72,457,477,35,442,40,25,15,12,12,0
S01013213,Electric (including storage heaters) central heating,10,0,10,10,0,10,0,0,0,0,0,0
S01013213,Oil central heating,4,0,4,4,0,4,0,0,0,0,0,0
S01013213,Solid fuel (for example wood coal) central heating,0,0,0,0,0,0,0,0,0,0,0,0
S01013213,Other central heating,0,0,0,0,0,0,0,0,0,0,0,0
S01013213,Two or more types of central heating,12,0,12,12,0,12,0,0,0,0,0,0
S01013214,All people in households,438,58,380,383,18,365,43,28,15,12,12,0
S01013214,No central heating,4,1,3,4,1,3,0,0,0,0,0,0
S01013214,Gas central heating,405,54,351,355,16,339,40,28,12,10,10,0
S01013214,Electric (including storage heaters) central heating,18,1,17,15,0,15,2,0,2,1,1,0
S01013214,Oil central heating,2,1,1,2,1,1,0,0,0,0,0,0
S01013214,Solid fuel (for example wood coal) central heating,0,0,0,0,0,0,0,0,0,0,0,0
S01013214,Other central heating,0,0,0,0,0,0,0,0,0,0,0,0
S01013214,Two or more types of central heating,9,1,8,7,0,7,1,0,1,1,1,0
S01013215,All people in households,762,149,613,610,39,571,110,68,42,42,42,0
S01013215,No central heating,32,4,28,27,1,26,5,3,2,0,0,0
S01013215,Gas central heating,683,138,545,544,35,509,99,63,36,40,40,0
S01013215,Electric (including storage heaters) central heating,35,4,31,31,3,28,3,0,3,1,1,0
S01013215,Oil central heating,0,0,0,0,0,0,0,0,0,0,0,0
S01013215,Solid fuel (for example wood coal) central heating,0,0,0,0,0,0,0,0,0,0,0,0
S01013215,Other central heating,0,0,0,0,0,0,0,0,0,0,0,0
S01013215,Two or more types of central heating,12,3,9,8,0,8,3,2,1,1,1,0
S01013216,All people in households,579,100,479,481,34,447,71,39,32,27,27,0
S01013216,No central heating,4,3,1,2,1,1,1,1,0,1,1,0
S01013216,Gas central heating,547,89,458,459,30,429,62,33,29,26,26,0
S01013216,Electric (including storage heaters) central heating,5,0,5,3,0,3,2,0,2,0,0,0
S01013216,Oil central heating,0,0,0,0,0,0,0,0,0,0,0,0
S01013216,Solid fuel (for example wood coal) central heating,0,0,0,0,0,0,0,0,0,0,0,0
S01013216,Other central heating,1,1,0,0,0,0,1,1,0,0,0,0
S01013216,Two or more types of central heating,22,7,15,17,3,14,5,4,1,0,0,0
S01013217,All people in households,676,127,549,550,34,516,86,57,29,40,36,4
S01013217,No central heating,18,5,13,14,1,13,3,3,0,1,1,0
S01013217,Gas central heating,629,115,514,516,33,483,75,48,27,38,34,4
S01013217,Electric (including storage heaters) central heating,14,1,13,12,0,12,2,1,1,0,0,0
S01013217,Oil central heating,0,0,0,0,0,0,0,0,0,0,0,0
S01013217,Solid fuel (for example wood coal) central heating,0,0,0,0,0,0,0,0,0,0,0,0
S01013217,Other central heating,6,4,2,2,0,2,4,4,0,0,0,0
S01013217,Two or more types of central heating,9,2,7,6,0,6,2,1,1,1,1,0
S01013218,All people in households,609,117,492,477,29,448,95,52,43,37,36,1
S01013218,No central heating,2,0,2,1,0,1,1,0,1,0,0,0
S01013218,Gas central heating,554,108,446,434,27,407,88,50,38,32,31,1
S01013218,Electric (including storage heaters) central heating,33,3,30,29,0,29,1,0,1,3,3,0
S01013218,Oil central heating,0,0,0,0,0,0,0,0,0,0,0,0
S01013218,Solid fuel (for example wood coal) central heating,0,0,0,0,0,0,0,0,0,0,0,0
S01013218,Other central heating,1,0,1,1,0,1,0,0,0,0,0,0
S01013218,Two or more types of central heating,19,6,13,12,2,10,5,2,3,2,2,0
S01013219,All people in households,527,127,400,406,36,370,76,46,30,45,45,0
S01013219,No central heating,0,0,0,0,0,0,0,0,0,0,0,0
S01013219,Gas central heating,497,125,372,380,36,344,74,46,28,43,43,0
S01013219,Electric (including storage heaters) central heating,4,1,3,2,0,2,1,0,1,1,1,0
S01013219,Oil central heating,0,0,0,0,0,0,0,0,0,0,0,0
S01013219,Solid fuel (for example wood coal) central heating,0,0,0,0,0,0,0,0,0,0,0,0
S01013219,Other central heating,4,1,3,3,0,3,0,0,0,1,1,0
S01013219,Two or more types of central heating,22,0,22,21,0,21,1,0,1,0,0,0
S01013220,All people in households,696,170,526,531,45,486,101,65,36,64,60,4
S01013220,No central heating,15,2,13,12,1,11,2,1,1,1,0,1
S01013220,Gas central heating,636,155,481,486,42,444,92,58,34,58,55,3
S01013220,Electric (including storage heaters) central heating,18,7,11,12,1,11,4,4,0,2,2,0
S01013220,Oil central heating,0,0,0,0,0,0,0,0,0,0,0,0
S01013220,Solid fuel (for example wood coal) central heating,0,0,0,0,0,0,0,0,0,0,0,0
S01013220,Other central heating,1,1,0,0,0,0,1,1,0,0,0,0
S01013220,Two or more types of central heating,26,5,21,21,1,20,2,1,1,3,3,0
S01013221,All people in households,907,212,695,715,62,653,128,86,42,64,64,0
S01013221,No central heating,0,0,0,0,0,0,0,0,0,0,0,0
S01013221,Gas central heating,818,189,629,644,54,590,117,78,39,57,57,0
S01013221,Electric (including storage heaters) central heating,14,6,8,10,3,7,4,3,1,0,0,0
S01013221,Oil central heating,36,6,30,33,3,30,2,2,0,1,1,0
S01013221,Solid fuel (for example wood coal) central heating,2,0,2,2,0,2,0,0,0,0,0,0
S01013221,Other central heating,4,1,3,3,0,3,1,1,0,0,0,0
S01013221,Two or more types of central heating,33,10,23,23,2,21,4,2,2,6,6,0
S01013222,All people in households,595,194,401,413,40,373,119,91,28,63,63,0
S01013222,No central heating,9,4,5,6,1,5,2,2,0,1,1,0
S01013222,Gas central heating,529,167,362,371,34,337,102,77,25,56,56,0
S01013222,Electric (including storage heaters) central heating,38,19,19,19,3,16,13,10,3,6,6,0
S01013222,Oil central heating,0,0,0,0,0,0,0,0,0,0,0,0
S01013222,Solid fuel (for example wood coal) central heating,0,0,0,0,0,0,0,0,0,0,0,0
S01013222,Other central heating,0,0,0,0,0,0,0,0,0,0,0,0
S01013222,Two or more types of central heating,19,4,15,17,2,15,2,2,0,0,0,0
S01013223,All people in households,1113,332,781,795,76,719,194,136,58,124,120,4
S01013223,No central heating,17,5,12,12,1,11,4,3,1,1,1,0
S01013223,Gas central heating,1006,265,741,750,68,682,164,109,55,92,88,4
S01013223,Electric (including storage heaters) central heating,54,42,12,14,3,11,18,17,1,22,22,0
S01013223,Oil central heating,2,1,1,1,0,1,0,0,0,1,1,0
S01013223,Solid fuel (for example wood coal) central heating,1,0,1,1,0,1,0,0,0,0,0,0
S01013223,Other central heating,13,10,3,3,1,2,6,5,1,4,4,0
S01013223,Two or more types of central heating,20,9,11,14,3,11,2,2,0,4,4,0
S01013224,All people in households,814,178,636,631,36,595,109,69,40,74,73,1
S01013224,No central heating,6,3,3,3,0,3,0,0,0,3,3,0
S01013224,Gas central heating,767,167,600,599,33,566,101,68,33,67,66,1
S01013224,Electric (including storage heaters) central heating,22,5,17,15,2,13,5,1,4,2,2,0
S01013224,Oil central heating,0,0,0,0,0,0,0,0,0,0,0,0
S01013224,Solid fuel (for example wood coal) central heating,0,0,0,0,0,0,0,0,0,0,0,0
S01013224,Other central heating,5,0,5,4,0,4,1,0,1,0,0,0
S01013224,Two or more types of central heating,14,3,11,10,1,9,2,0,2,2,2,0
S01013225,All people in households,812,191,621,641,63,578,117,75,42,54,53,1
S01013225,No central heating,4,1,3,2,0,2,2,1,1,0,0,0
S01013225,Gas central heating,769,183,586,609,63,546,107,68,39,53,52,1
S01013225,Electric (including storage heaters) central heating,15,3,12,12,0,12,2,2,0,1,1,0
S01013225,Oil central heating,0,0,0,0,0,0,0,0,0,0,0,0
S01013225,Solid fuel (for example wood coal) central heating,0,0,0,0,0,0,0,0,0,0,0,0
S01013225,Other central heating,2,2,0,0,0,0,2,2,0,0,0,0
S01013225,Two or more types of central heating,22,2,20,18,0,18,4,2,2,0,0,0
S01013226,All people in households,512,71,441,451,26,425,44,28,16,17,17,0
S01013226,No central heating,1,1,0,0,0,0,0,0,0,1,1,0
S01013226,Gas central heating,494,64,430,438,24,414,43,27,16,13,13,0
S01013226,Electric (including storage heaters) central heating,4,3,1,2,1,1,1,1,0,1,1,0
S01013226,Oil central heating,0,0,0,0,0,0,0,0,0,0,0,0
S01013226,Solid fuel (for example wood coal) central heating,0,0,0,0,0,0,0,0,0,0,0,0
S01013226,Other central heating,3,1,2,2,0,2,0,0,0,1,1,0
S01013226,Two or more types of central heating,10,2,8,9,1,8,0,0,0,1,1,0
S01013227,All people in households,703,188,515,522,45,477,106,69,37,75,74,1
S01013227,No central heating,1,0,1,1,0,1,0,0,0,0,0,0
S01013227,Gas central heating,662,170,492,495,38,457,97,63,34,70,69,1
S01013227,Electric (including storage heaters) central heating,28,12,16,22,6,16,4,4,0,2,2,0
S01013227,Oil central heating,0,0,0,0,0,0,0,0,0,0,0,0
S01013227,Solid fuel (for example wood coal) central heating,0,0,0,0,0,0,0,0,0,0,0,0
S01013227,Other central heating,2,2,0,0,0,0,1,1,0,1,1,0
S01013227,Two or more types of central heating,10,4,6,4,1,3,4,1,3,2,2,0
S01013228,All people in households,693,147,546,535,34,501,100,58,42,58,55,3
S01013228,No central heating,23,5,18,14,1,13,7,2,5,2,2,0
S01013228,Gas central heating,606,117,489,476,23,453,80,46,34,50,48,2
S01013228,Electric (including storage heaters) central heating,40,19,21,23,6,17,12,9,3,5,4,1
S01013228,Oil central heating,0,0,0,0,0,0,0,0,0,0,0,0
S01013228,Solid fuel (for example wood coal) central heating,0,0,0,0,0,0,0,0,0,0,0,0
S01013228,Other central heating,4,2,2,4,2,2,0,0,0,0,0,0
S01013228,Two or more types of central heating,20,4,16,18,2,16,1,1,0,1,1,0
S01013229,All people in households,772,188,584,573,32,541,132,92,40,67,64,3
S01013229,No central heating,8,1,7,5,0,5,3,1,2,0,0,0
S01013229,Gas central heating,716,171,545,536,28,508,118,82,36,62,61,1
S01013229,Electric (including storage heaters) central heating,5,3,2,1,0,1,4,3,1,0,0,0
S01013229,Oil central heating,0,0,0,0,0,0,0,0,0,0,0,0
S01013229,Solid fuel (for example wood coal) central heating,0,0,0,0,0,0,0,0,0,0,0,0
S01013229,Other central heating,6,0,6,5,0,5,0,0,0,1,0,1
S01013229,Two or more types of central heating,37,13,24,26,4,22,7,6,1,4,3,1
S01013230,All people in households,654,168,486,487,35,452,102,68,34,65,65,0
S01013230,No central heating,3,2,1,1,0,1,2,2,0,0,0,0
S01013230,Gas central heating,646,164,482,483,35,448,100,66,34,63,63,0
S01013230,Electric (including storage heaters) central heating,1,0,1,1,0,1,0,0,0,0,0,0
S01013230,Oil central heating,0,0,0,0,0,0,0,0,0,0,0,0
S01013230,Solid fuel (for example wood coal) central heating,0,0,0,0,0,0,0,0,0,0,0,0
S01013230,Other central heating,1,1,0,0,0,0,0,0,0,1,1,0
S01013230,Two or more types of central heating,3,1,2,2,0,2,0,0,0,1,1,0
S01013231,All people in households,732,191,541,552,42,510,99,70,29,81,79,2
S01013231,No central heating,10,8,2,2,0,2,5,5,0,3,3,0
S01013231,Gas central heating,694,181,513,524,42,482,92,63,29,78,76,2
S01013231,Electric (including storage heaters) central heating,12,2,10,10,0,10,2,2,0,0,0,0
S01013231,Oil central heating,3,0,3,3,0,3,0,0,0,0,0,0
S01013231,Solid fuel (for example wood coal) central heating,0,0,0,0,0,0,0,0,0,0,0,0
S01013231,Other central heating,0,0,0,0,0,0,0,0,0,0,0,0
S01013231,Two or more types of central heating,13,0,13,13,0,13,0,0,0,0,0,0
S01013232,All people in households,691,210,481,494,60,434,118,74,44,79,76,3
S01013232,No central heating,6,2,4,4,0,4,1,1,0,1,1,0
S01013232,Gas central heating,644,191,453,466,54,412,108,69,39,70,68,2
S01013232,Electric (including storage heaters) central heating,35,14,21,23,6,17,7,3,4,5,5,0
S01013232,Oil central heating,0,0,0,0,0,0,0,0,0,0,0,0
S01013232,Solid fuel (for example wood coal) central heating,0,0,0,0,0,0,0,0,0,0,0,0
S01013232,Other central heating,0,0,0,0,0,0,0,0,0,0,0,0
S01013232,Two or more types of central heating,6,3,3,1,0,1,2,1,1,3,2,1
S01013233,All people in households,579,142,437,451,47,404,82,52,30,46,43,3
S01013233,No central heating,2,2,0,2,2,0,0,0,0,0,0,0
S01013233,Gas central heating,560,138,422,433,44,389,81,51,30,46,43,3
S01013233,Electric (including storage heaters) central heating,5,1,4,5,1,4,0,0,0,0,0,0
S01013233,Oil central heating,3,1,2,2,0,2,1,1,0,0,0,0
S01013233,Solid fuel (for example wood coal) central heating,0,0,0,0,0,0,0,0,0,0,0,0
S01013233,Other central heating,0,0,0,0,0,0,0,0,0,0,0,0
S01013233,Two or more types of central heating,9,0,9,9,0,9,0,0,0,0,0,0
S01013234,All people in households,383,40,343,349,15,334,21,12,9,13,13,0
S01013234,No central heating,2,1,1,1,0,1,1,1,0,0,0,0
S01013234,Gas central heating,361,35,326,330,13,317,19,10,9,12,12,0
S01013234,Electric (including storage heaters) central heating,10,2,8,9,1,8,1,1,0,0,0,0
S01013234,Oil central heating,4,0,4,4,0,4,0,0,0,0,0,0
S01013234,Solid fuel (for example wood coal) central heating,0,0,0,0,0,0,0,0,0,0,0,0
S01013234,Other central heating,0,0,0,0,0,0,0,0,0,0,0,0
S01013234,Two or more types of central heating,6,2,4,5,1,4,0,0,0,1,1,0
S01013235,All people in households,751,172,579,588,47,541,104,66,38,59,59,0
S01013235,No central heating,19,2,17,16,0,16,3,2,1,0,0,0
S01013235,Gas central heating,683,164,519,532,47,485,94,60,34,57,57,0
S01013235,Electric (including storage heaters) central heating,28,2,26,25,0,25,1,0,1,2,2,0
S01013235,Oil central heating,4,0,4,3,0,3,1,0,1,0,0,0
S01013235,Solid fuel (for example wood coal) central heating,3,1,2,2,0,2,1,1,0,0,0,0
S01013235,Other central heating,2,2,0,0,0,0,2,2,0,0,0,0
S01013235,Two or more types of central heating,12,1,11,10,0,10,2,1,1,0,0,0
S01013236,All people in households,864,155,709,724,46,678,109,78,31,31,31,0
S01013236,No central heating,8,4,4,5,1,4,2,2,0,1,1,0
S01013236,Gas central heating,829,139,690,702,41,661,100,71,29,27,27,0
S01013236,Electric (including storage heaters) central heating,7,2,5,4,0,4,3,2,1,0,0,0
S01013236,Oil central heating,12,7,5,8,4,4,3,2,1,1,1,0
S01013236,Solid fuel (for example wood coal) central heating,0,0,0,0,0,0,0,0,0,0,0,0
S01013236,Other central heating,0,0,0,0,0,0,0,0,0,0,0,0
S01013236,Two or more types of central heating,8,3,5,5,0,5,1,1,0,2,2,0
S01013237,All people in households,813,135,678,709,52,657,66,46,20,38,37,1
S01013237,No central heating,5,3,2,1,0,1,2,1,1,2,2,0
S01013237,Gas central heating,751,118,633,662,48,614,59,41,18,30,29,1
S01013237,Electric (including storage heaters) central heating,18,2,16,16,1,15,2,1,1,0,0,0
S01013237,Oil central heating,7,2,5,6,1,5,1,1,0,0,0,0
S01013237,Solid fuel (for example wood coal) central heating,3,1,2,2,0,2,1,1,0,0,0,0
S01013237,Other central heating,1,1,0,0,0,0,1,1,0,0,0,0
S01013237,Two or more types of central heating,28,8,20,22,2,20,0,0,0,6,6,0
S01013238,All people in households,767,243,524,536,57,479,139,96,43,92,90,2
S01013238,No central heating,5,4,1,1,0,1,1,1,0,3,3,0
S01013238,Gas central heating,718,228,490,502,56,446,137,94,43,79,78,1
S01013238,Electric (including storage heaters) central heating,14,7,7,8,1,7,1,1,0,5,5,0
S01013238,Oil central heating,2,0,2,2,0,2,0,0,0,0,0,0
S01013238,Solid fuel (for example wood coal) central heating,0,0,0,0,0,0,0,0,0,0,0,0
S01013238,Other central heating,0,0,0,0,0,0,0,0,0,0,0,0
S01013238,Two or more types of central heating,28,4,24,23,0,23,0,0,0,5,4,1
S01013239,All people in households,885,204,681,669,42,627,141,88,53,75,74,1
S01013239,No central heating,2,1,1,1,0,1,1,1,0,0,0,0
S01013239,Gas central heating,836,189,647,636,40,596,129,79,50,71,70,1
S01013239,Electric (including storage heaters) central heating,19,11,8,8,2,6,8,6,2,3,3,0
S01013239,Oil central heating,10,0,10,10,0,10,0,0,0,0,0,0
S01013239,Solid fuel (for example wood coal) central heating,0,0,0,0,0,0,0,0,0,0,0,0
S01013239,Other central heating,2,0,2,2,0,2,0,0,0,0,0,0
S01013239,Two or more types of central heating,16,3,13,12,0,12,3,2,1,1,1,0
S01013240,All people in households,534,142,392,391,30,361,102,72,30,41,40,1
S01013240,No central heating,11,2,9,9,1,8,1,0,1,1,1,0
S01013240,Gas central heating,504,136,368,368,29,339,97,69,28,39,38,1
S01013240,Electric (including storage heaters) central heating,2,0,2,1,0,1,1,0,1,0,0,0
S01013240,Oil central heating,2,1,1,1,0,1,1,1,0,0,0,0
S01013240,Solid fuel (for example wood coal) central heating,0,0,0,0,0,0,0,0,0,0,0,0
S01013240,Other central heating,3,1,2,2,0,2,1,1,0,0,0,0
S01013240,Two or more types of central heating,12,2,10,10,0,10,1,1,0,1,1,0
S01013241,All people in households,809,119,690,703,41,662,82,55,27,24,23,1
S01013241,No central heating,5,3,2,2,0,2,3,3,0,0,0,0
S01013241,Gas central heating,746,101,645,657,37,620,66,42,24,23,22,1
S01013241,Electric (including storage heaters) central heating,12,4,8,10,2,8,2,2,0,0,0,0
S01013241,Oil central heating,25,7,18,18,2,16,6,4,2,1,1,0
S01013241,Solid fuel (for example wood coal) central heating,4,2,2,2,0,2,2,2,0,0,0,0
S01013241,Other central heating,9,2,7,6,0,6,3,2,1,0,0,0
S01013241,Two or more types of central heating,8,0,8,8,0,8,0,0,0,0,0,0
S01013242,All people in households,590,99,491,513,44,469,52,31,21,25,24,1
S01013242,No central heating,5,1,4,5,1,4,0,0,0,0,0,0
S01013242,Gas central heating,129,22,107,110,8,102,13,8,5,6,6,0
S01013242,Electric (including storage heaters) central heating,37,16,21,25,6,19,7,5,2,5,5,0
S01013242,Oil central heating,315,49,266,277,23,254,28,16,12,10,10,0
S01013242,Solid fuel (for example wood coal) central heating,16,1,15,13,0,13,1,0,1,2,1,1
S01013242,Other central heating,49,3,46,48,3,45,1,0,1,0,0,0
S01013242,Two or more types of central heating,39,7,32,35,3,32,2,2,0,2,2,0
S01013243,All people in households,735,161,574,580,41,539,110,76,34,45,44,1
S01013243,No central heating,5,2,3,2,0,2,1,0,1,2,2,0
S01013243,Gas central heating,704,147,557,559,36,523,105,72,33,40,39,1
S01013243,Electric (including storage heaters) central heating,4,1,3,3,0,3,0,0,0,1,1,0
S01013243,Oil central heating,7,2,5,6,1,5,0,0,0,1,1,0
S01013243,Solid fuel (for example wood coal) central heating,1,1,0,1,1,0,0,0,0,0,0,0
S01013243,Other central heating,0,0,0,0,0,0,0,0,0,0,0,0
S01013243,Two or more types of central heating,14,8,6,9,3,6,4,4,0,1,1,0
S01013244,All people in households,752,246,506,523,56,467,137,102,35,92,88,4
S01013244,No central heating,8,1,7,7,1,6,1,0,1,0,0,0
S01013244,Gas central heating,708,226,482,497,52,445,129,96,33,82,78,4
S01013244,Electric (including storage heaters) central heating,22,15,7,8,2,6,5,4,1,9,9,0
S01013244,Oil central heating,0,0,0,0,0,0,0,0,0,0,0,0
S01013244,Solid fuel (for example wood coal) central heating,5,2,3,4,1,3,0,0,0,1,1,0
S01013244,Other central heating,5,0,5,5,0,5,0,0,0,0,0,0
S01013244,Two or more types of central heating,4,2,2,2,0,2,2,2,0,0,0,0
S01013245,All people in households,1009,190,819,838,51,787,118,88,30,53,51,2
S01013245,No central heating,2,1,1,0,0,0,0,0,0,2,1,1
S01013245,Gas central heating,977,181,796,819,50,769,113,87,26,45,44,1
S01013245,Electric (including storage heaters) central heating,6,2,4,4,0,4,1,1,0,1,1,0
S01013245,Oil central heating,2,0,2,2,0,2,0,0,0,0,0,0
S01013245,Solid fuel (for example wood coal) central heating,2,0,2,0,0,0,2,0,2,0,0,0
S01013245,Other central heating,2,1,1,1,0,1,0,0,0,1,1,0
S01013245,Two or more types of central heating,18,5,13,12,1,11,2,0,2,4,4,0
S01013246,All people in households,467,87,380,372,18,354,68,42,26,27,27,0
S01013246,No central heating,1,1,0,0,0,0,1,1,0,0,0,0
S01013246,Gas central heating,454,85,369,362,18,344,65,40,25,27,27,0
S01013246,Electric (including storage heaters) central heating,2,0,2,2,0,2,0,0,0,0,0,0
S01013246,Oil central heating,0,0,0,0,0,0,0,0,0,0,0,0
S01013246,Solid fuel (for example wood coal) central heating,0,0,0,0,0,0,0,0,0,0,0,0
S01013246,Other central heating,3,1,2,2,0,2,1,1,0,0,0,0
S01013246,Two or more types of central heating,7,0,7,6,0,6,1,0,1,0,0,0
S01013247,All people in households,741,187,554,565,44,521,104,72,32,72,71,1
S01013247,No central heating,2,0,2,1,0,1,1,0,1,0,0,0
S01013247,Gas central heating,712,176,536,546,42,504,97,66,31,69,68,1
S01013247,Electric (including storage heaters) central heating,9,3,6,6,0,6,2,2,0,1,1,0
S01013247,Oil central heating,2,0,2,2,0,2,0,0,0,0,0,0
S01013247,Solid fuel (for example wood coal) central heating,7,4,3,4,1,3,2,2,0,1,1,0
S01013247,Other central heating,0,0,0,0,0,0,0,0,0,0,0,0
S01013247,Two or more types of central heating,9,4,5,6,1,5,2,2,0,1,1,0
S01013248,All people in households,629,161,468,468,28,440,107,83,24,54,50,4
S01013248,No central heating,0,0,0,0,0,0,0,0,0,0,0,0
S01013248,Gas central heating,605,151,454,454,27,427,102,79,23,49,45,4
S01013248,Electric (including storage heaters) central heating,3,3,0,1,1,0,2,2,0,0,0,0
S01013248,Oil central heating,2,1,1,0,0,0,2,1,1,0,0,0
S01013248,Solid fuel (for example wood coal) central heating,5,2,3,3,0,3,0,0,0,2,2,0
S01013248,Other central heating,0,0,0,0,0,0,0,0,0,0,0,0
S01013248,Two or more types of central heating,14,4,10,10,0,10,1,1,0,3,3,0
S01013249,All people in households,460,102,358,349,18,331,78,51,27,33,33,0
S01013249,No central heating,2,2,0,0,0,0,1,1,0,1,1,0
S01013249,Gas central heating,437,90,347,337,17,320,71,44,27,29,29,0
S01013249,Electric (including storage heaters) central heating,0,0,0,0,0,0,0,0,0,0,0,0
S01013249,Oil central heating,0,0,0,0,0,0,0,0,0,0,0,0
S01013249,Solid fuel (for example wood coal) central heating,5,2,3,3,0,3,1,1,0,1,1,0
S01013249,Other central heating,0,0,0,0,0,0,0,0,0,0,0,0
S01013249,Two or more types of central heating,16,8,8,9,1,8,5,5,0,2,2,0
S01013250,All people in households,864,157,707,734,63,671,98,63,35,32,31,1
S01013250,No central heating,19,2,17,12,0,12,7,2,5,0,0,0
S01013250,Gas central heating,229,48,181,194,23,171,21,12,9,14,13,1
S01013250,Electric (including storage heaters) central heating,63,14,49,52,5,47,9,7,2,2,2,0
S01013250,Oil central heating,359,62,297,301,18,283,43,29,14,15,15,0
S01013250,Solid fuel (for example wood coal) central heating,115,20,95,100,9,91,14,10,4,1,1,0
S01013250,Other central heating,63,8,55,60,5,55,3,3,0,0,0,0
S01013250,Two or more types of central heating,16,3,13,15,3,12,1,0,1,0,0,0
S01013251,All people in households,780,186,594,611,55,556,114,78,36,55,53,2
S01013251,No central heating,6,2,4,5,1,4,0,0,0,1,1,0
S01013251,Gas central heating,739,175,564,578,52,526,109,73,36,52,50,2
S01013251,Electric (including storage heaters) central heating,13,1,12,12,0,12,0,0,0,1,1,0
S01013251,Oil central heating,0,0,0,0,0,0,0,0,0,0,0,0
S01013251,Solid fuel (for example wood coal) central heating,2,0,2,2,0,2,0,0,0,0,0,0
S01013251,Other central heating,3,0,3,3,0,3,0,0,0,0,0,0
S01013251,Two or more types of central heating,17,8,9,11,2,9,5,5,0,1,1,0
S01013252,All people in households,680,150,530,538,40,498,87,56,31,55,54,1
S01013252,No central heating,5,1,4,3,1,2,2,0,2,0,0,0
S01013252,Gas central heating,562,120,442,449,33,416,69,44,25,44,43,1
S01013252,Electric (including storage heaters) central heating,31,11,20,17,0,17,7,4,3,7,7,0
S01013252,Oil central heating,42,11,31,35,4,31,5,5,0,2,2,0
S01013252,Solid fuel (for example wood coal) central heating,6,3,3,4,1,3,1,1,0,1,1,0
S01013252,Other central heating,0,0,0,0,0,0,0,0,0,0,0,0
S01013252,Two or more types of central heating,34,4,30,30,1,29,3,2,1,1,1,0
S01013253,All people in households,708,151,557,563,41,522,111,77,34,34,33,1
S01013253,No central heating,5,2,3,3,0,3,0,0,0,2,2,0
S01013253,Gas central heating,647,145,502,509,39,470,107,76,31,31,30,1
S01013253,Electric (including storage heaters) central heating,42,2,40,38,0,38,3,1,2,1,1,0
S01013253,Oil central heating,0,0,0,0,0,0,0,0,0,0,0,0
S01013253,Solid fuel (for example wood coal) central heating,0,0,0,0,0,0,0,0,0,0,0,0
S01013253,Other central heating,3,0,3,2,0,2,1,0,1,0,0,0
S01013253,Two or more types of central heating,11,2,9,11,2,9,0,0,0,0,0,0
S01013254,All people in households,633,167,466,467,38,429,111,75,36,55,54,1
S01013254,No central heating,1,0,1,1,0,1,0,0,0,0,0,0
S01013254,Gas central heating,599,158,441,444,37,407,106,72,34,49,49,0
S01013254,Electric (including storage heaters) central heating,13,3,10,10,0,10,0,0,0,3,3,0
S01013254,Oil central heating,0,0,0,0,0,0,0,0,0,0,0,0
S01013254,Solid fuel (for example wood coal) central heating,1,1,0,1,1,0,0,0,0,0,0,0
S01013254,Other central heating,0,0,0,0,0,0,0,0,0,0,0,0
S01013254,Two or more types of central heating,19,5,14,11,0,11,5,3,2,3,2,1
S01013255,All people in households,840,178,662,671,45,626,114,78,36,55,55,0
S01013255,No central heating,1,0,1,1,0,1,0,0,0,0,0,0
S01013255,Gas central heating,753,154,599,609,43,566,95,62,33,49,49,0
S01013255,Electric (including storage heaters) central heating,16,9,7,7,0,7,8,8,0,1,1,0
S01013255,Oil central heating,47,7,40,40,1,39,5,4,1,2,2,0
S01013255,Solid fuel (for example wood coal) central heating,4,1,3,3,0,3,0,0,0,1,1,0
S01013255,Other central heating,5,0,5,5,0,5,0,0,0,0,0,0
S01013255,Two or more types of central heating,14,7,7,6,1,5,6,4,2,2,2,0
S01013256,All people in households,710,147,563,571,36,535,96,68,28,43,43,0
S01013256,No central heating,1,0,1,1,0,1,0,0,0,0,0,0
S01013256,Gas central heating,664,129,535,540,32,508,86,59,27,38,38,0
S01013256,Electric (including storage heaters) central heating,13,7,6,8,2,6,4,4,0,1,1,0
S01013256,Oil central heating,10,2,8,7,0,7,1,0,1,2,2,0
S01013256,Solid fuel (for example wood coal) central heating,5,3,2,2,0,2,3,3,0,0,0,0
S01013256,Other central heating,4,0,4,4,0,4,0,0,0,0,0,0
S01013256,Two or more types of central heating,13,6,7,9,2,7,2,2,0,2,2,0
S01013257,All people in households,803,211,592,621,57,564,124,99,25,58,55,3
S01013257,No central heating,3,1,2,2,0,2,0,0,0,1,1,0
S01013257,Gas central heating,742,190,552,580,55,525,110,86,24,52,49,3
S01013257,Electric (including storage heaters) central heating,34,15,19,20,2,18,12,11,1,2,2,0
S01013257,Oil central heating,11,2,9,9,0,9,2,2,0,0,0,0
S01013257,Solid fuel (for example wood coal) central heating,3,1,2,2,0,2,0,0,0,1,1,0
S01013257,Other central heating,0,0,0,0,0,0,0,0,0,0,0,0
S01013257,Two or more types of central heating,10,2,8,8,0,8,0,0,0,2,2,0
S01013258,All people in households,759,128,631,662,56,606,70,50,20,27,22,5
S01013258,No central heating,4,1,3,3,0,3,0,0,0,1,1,0
S01013258,Gas central heating,724,119,605,633,52,581,69,49,20,22,18,4
S01013258,Electric (including storage heaters) central heating,8,5,3,6,3,3,1,1,0,1,1,0
S01013258,Oil central heating,7,1,6,6,0,6,0,0,0,1,1,0
S01013258,Solid fuel (for example wood coal) central heating,0,0,0,0,0,0,0,0,0,0,0,0
S01013258,Other central heating,0,0,0,0,0,0,0,0,0,0,0,0
S01013258,Two or more types of central heating,16,2,14,14,1,13,0,0,0,2,1,1
S01013259,All people in households,841,193,648,669,58,611,121,84,37,51,51,0
S01013259,No central heating,9,4,5,4,1,3,2,0,2,3,3,0
S01013259,Gas central heating,770,170,600,621,53,568,109,77,32,40,40,0
S01013259,Electric (including storage heaters) central heating,37,11,26,27,3,24,6,4,2,4,4,0
S01013259,Oil central heating,6,1,5,5,0,5,0,0,0,1,1,0
S01013259,Solid fuel (for example wood coal) central heating,5,2,3,3,0,3,2,2,0,0,0,0
S01013259,Other central heating,0,0,0,0,0,0,0,0,0,0,0,0
S01013259,Two or more types of central heating,14,5,9,9,1,8,2,1,1,3,3,0
S01013260,All people in households,887,196,691,708,58,650,110,71,39,69,67,2
S01013260,No central heating,8,2,6,7,1,6,0,0,0,1,1,0
S01013260,Gas central heating,775,166,609,620,50,570,100,63,37,55,53,2
S01013260,Electric (including storage heaters) central heating,53,13,40,43,3,40,5,5,0,5,5,0
S01013260,Oil central heating,7,3,4,5,1,4,1,1,0,1,1,0
S01013260,Solid fuel (for example wood coal) central heating,7,3,4,3,1,2,2,0,2,2,2,0
S01013260,Other central heating,5,4,1,1,0,1,0,0,0,4,4,0
S01013260,Two or more types of central heating,32,5,27,29,2,27,2,2,0,1,1,0
S01013261,All people in households,812,198,614,638,56,582,103,73,30,71,69,2
S01013261,No central heating,0,0,0,0,0,0,0,0,0,0,0,0
S01013261,Gas central heating,771,185,586,609,51,558,95,69,26,67,65,2
S01013261,Electric (including storage heaters) central heating,6,2,4,3,1,2,3,1,2,0,0,0
S01013261,Oil central heating,8,2,6,6,0,6,1,1,0,1,1,0
S01013261,Solid fuel (for example wood coal) central heating,9,4,5,8,3,5,0,0,0,1,1,0
S01013261,Other central heating,0,0,0,0,0,0,0,0,0,0,0,0
S01013261,Two or more types of central heating,18,5,13,12,1,11,4,2,2,2,2,0
S01013262,All people in households,642,160,482,478,34,444,108,70,38,56,56,0
S01013262,No central heating,0,0,0,0,0,0,0,0,0,0,0,0
S01013262,Gas central heating,593,144,449,446,32,414,97,62,35,50,50,0
S01013262,Electric (including storage heaters) central heating,21,6,15,13,0,13,7,5,2,1,1,0
S01013262,Oil central heating,6,0,6,6,0,6,0,0,0,0,0,0
S01013262,Solid fuel (for example wood coal) central heating,10,6,4,4,1,3,3,2,1,3,3,0
S01013262,Other central heating,0,0,0,0,0,0,0,0,0,0,0,0
S01013262,Two or more types of central heating,12,4,8,9,1,8,1,1,0,2,2,0
S01013263,All people in households,557,54,503,507,22,485,40,22,18,10,10,0
S01013263,No central heating,1,0,1,0,0,0,1,0,1,0,0,0
S01013263,Gas central heating,539,53,486,490,21,469,39,22,17,10,10,0
S01013263,Electric (including storage heaters) central heating,0,0,0,0,0,0,0,0,0,0,0,0
S01013263,Oil central heating,6,0,6,6,0,6,0,0,0,0,0,0
S01013263,Solid fuel (for example wood coal) central heating,2,1,1,2,1,1,0,0,0,0,0,0
S01013263,Other central heating,0,0,0,0,0,0,0,0,0,0,0,0
S01013263,Two or more types of central heating,9,0,9,9,0,9,0,0,0,0,0,0
S01013264,All people in households,524,57,467,490,29,461,19,13,6,15,15,0
S01013264,No central heating,0,0,0,0,0,0,0,0,0,0,0,0
S01013264,Gas central heating,520,55,465,488,29,459,18,12,6,14,14,0
S01013264,Electric (including storage heaters) central heating,0,0,0,0,0,0,0,0,0,0,0,0
S01013264,Oil central heating,0,0,0,0,0,0,0,0,0,0,0,0
S01013264,Solid fuel (for example wood coal) central heating,0,0,0,0,0,0,0,0,0,0,0,0
S01013264,Other central heating,0,0,0,0,0,0,0,0,0,0,0,0
S01013264,Two or more types of central heating,4,2,2,2,0,2,1,1,0,1,1,0
S01013265,All people in households,675,44,631,642,19,623,24,16,8,9,9,0
S01013265,No central heating,0,0,0,0,0,0,0,0,0,0,0,0
S01013265,Gas central heating,658,43,615,625,18,607,24,16,8,9,9,0
S01013265,Electric (including storage heaters) central heating,7,0,7,7,0,7,0,0,0,0,0,0
S01013265,Oil central heating,0,0,0,0,0,0,0,0,0,0,0,0
S01013265,Solid fuel (for example wood coal) central heating,5,0,5,5,0,5,0,0,0,0,0,0
S01013265,Other central heating,0,0,0,0,0,0,0,0,0,0,0,0
S01013265,Two or more types of central heating,5,1,4,5,1,4,0,0,0,0,0,0
S01013266,All people in households,566,42,524,532,22,510,25,11,14,9,9,0
S01013266,No central heating,0,0,0,0,0,0,0,0,0,0,0,0
S01013266,Gas central heating,545,41,504,512,22,490,24,10,14,9,9,0
S01013266,Electric (including storage heaters) central heating,5,0,5,5,0,5,0,0,0,0,0,0
S01013266,Oil central heating,4,1,3,3,0,3,1,1,0,0,0,0
S01013266,Solid fuel (for example wood coal) central heating,0,0,0,0,0,0,0,0,0,0,0,0
S01013266,Other central heating,0,0,0,0,0,0,0,0,0,0,0,0
S01013266,Two or more types of central heating,12,0,12,12,0,12,0,0,0,0,0,0
S01013267,All people in households,544,122,422,439,41,398,71,47,24,34,34,0
S01013267,No central heating,0,0,0,0,0,0,0,0,0,0,0,0
S01013267,Gas central heating,537,118,419,437,41,396,68,45,23,32,32,0
S01013267,Electric (including storage heaters) central heating,4,2,2,1,0,1,2,1,1,1,1,0
S01013267,Oil central heating,0,0,0,0,0,0,0,0,0,0,0,0
S01013267,Solid fuel (for example wood coal) central heating,0,0,0,0,0,0,0,0,0,0,0,0
S01013267,Other central heating,0,0,0,0,0,0,0,0,0,0,0,0
S01013267,Two or more types of central heating,3,2,1,1,0,1,1,1,0,1,1,0
S01013268,All people in households,839,163,676,692,49,643,109,80,29,38,34,4
S01013268,No central heating,5,1,4,5,1,4,0,0,0,0,0,0
S01013268,Gas central heating,804,154,650,666,45,621,102,77,25,36,32,4
S01013268,Electric (including storage heaters) central heating,5,0,5,3,0,3,2,0,2,0,0,0
S01013268,Oil central heating,0,0,0,0,0,0,0,0,0,0,0,0
S01013268,Solid fuel (for example wood coal) central heating,0,0,0,0,0,0,0,0,0,0,0,0
S01013268,Other central heating,7,1,6,5,0,5,2,1,1,0,0,0
S01013268,Two or more types of central heating,18,7,11,13,3,10,3,2,1,2,2,0
S01013269,All people in households,949,97,852,866,38,828,64,40,24,19,19,0
S01013269,No central heating,0,0,0,0,0,0,0,0,0,0,0,0
S01013269,Gas central heating,835,89,746,760,36,724,57,35,22,18,18,0
S01013269,Electric (including storage heaters) central heating,12,3,9,8,0,8,4,3,1,0,0,0
S01013269,Oil central heating,43,1,42,43,1,42,0,0,0,0,0,0
S01013269,Solid fuel (for example wood coal) central heating,26,2,24,24,0,24,1,1,0,1,1,0
S01013269,Other central heating,9,1,8,8,1,7,1,0,1,0,0,0
S01013269,Two or more types of central heating,24,1,23,23,0,23,1,1,0,0,0,0
S01013270,All people in households,829,58,771,766,23,743,48,20,28,15,15,0
S01013270,No central heating,0,0,0,0,0,0,0,0,0,0,0,0
S01013270,Gas central heating,822,58,764,759,23,736,48,20,28,15,15,0
S01013270,Electric (including storage heaters) central heating,0,0,0,0,0,0,0,0,0,0,0,0
S01013270,Oil central heating,0,0,0,0,0,0,0,0,0,0,0,0
S01013270,Solid fuel (for example wood coal) central heating,0,0,0,0,0,0,0,0,0,0,0,0
S01013270,Other central heating,0,0,0,0,0,0,0,0,0,0,0,0
S01013270,Two or more types of central heating,7,0,7,7,0,7,0,0,0,0,0,0
S01013271,All people in households,597,107,490,527,57,470,52,32,20,18,18,0
S01013271,No central heating,2,1,1,2,1,1,0,0,0,0,0,0
S01013271,Gas central heating,579,105,474,512,55,457,49,32,17,18,18,0
S01013271,Electric (including storage heaters) central heating,3,0,3,3,0,3,0,0,0,0,0,0
S01013271,Oil central heating,12,1,11,9,1,8,3,0,3,0,0,0
S01013271,Solid fuel (for example wood coal) central heating,0,0,0,0,0,0,0,0,0,0,0,0
S01013271,Other central heating,0,0,0,0,0,0,0,0,0,0,0,0
S01013271,Two or more types of central heating,1,0,1,1,0,1,0,0,0,0,0,0
S01013272,All people in households,777,48,729,738,19,719,29,19,10,10,10,0
S01013272,No central heating,2,0,2,2,0,2,0,0,0,0,0,0
S01013272,Gas central heating,759,47,712,721,19,702,29,19,10,9,9,0
S01013272,Electric (including storage heaters) central heating,3,0,3,3,0,3,0,0,0,0,0,0
S01013272,Oil central heating,4,0,4,4,0,4,0,0,0,0,0,0
S01013272,Solid fuel (for example wood coal) central heating,0,0,0,0,0,0,0,0,0,0,0,0
S01013272,Other central heating,0,0,0,0,0,0,0,0,0,0,0,0
S01013272,Two or more types of central heating,9,1,8,8,0,8,0,0,0,1,1,0
S01013273,All people in households,939,69,870,882,25,857,41,28,13,16,16,0
S01013273,No central heating,3,0,3,3,0,3,0,0,0,0,0,0
S01013273,Gas central heating,929,69,860,872,25,847,41,28,13,16,16,0
S01013273,Electric (including storage heaters) central heating,0,0,0,0,0,0,0,0,0,0,0,0
S01013273,Oil central heating,0,0,0,0,0,0,0,0,0,0,0,0
S01013273,Solid fuel (for example wood coal) central heating,0,0,0,0,0,0,0,0,0,0,0,0
S01013273,Other central heating,0,0,0,0,0,0,0,0,0,0,0,0
S01013273,Two or more types of central heating,7,0,7,7,0,7,0,0,0,0,0,0
S01013274,All people in households,793,114,679,689,40,649,70,42,28,34,32,2
S01013274,No central heating,4,2,2,4,2,2,0,0,0,0,0,0
S01013274,Gas central heating,749,108,641,649,38,611,67,39,28,33,31,2
S01013274,Electric (including storage heaters) central heating,23,3,20,20,0,20,2,2,0,1,1,0
S01013274,Oil central heating,5,0,5,5,0,5,0,0,0,0,0,0
S01013274,Solid fuel (for example wood coal) central heating,1,0,1,1,0,1,0,0,0,0,0,0
S01013274,Other central heating,3,0,3,3,0,3,0,0,0,0,0,0
S01013274,Two or more types of central heating,8,1,7,7,0,7,1,1,0,0,0,0
S01013275,All people in households,671,77,594,612,39,573,50,29,21,9,9,0
S01013275,No central heating,0,0,0,0,0,0,0,0,0,0,0,0
S01013275,Gas central heating,665,75,590,608,39,569,49,28,21,8,8,0
S01013275,Electric (including storage heaters) central heating,2,1,1,1,0,1,0,0,0,1,1,0
S01013275,Oil central heating,0,0,0,0,0,0,0,0,0,0,0,0
S01013275,Solid fuel (for example wood coal) central heating,0,0,0,0,0,0,0,0,0,0,0,0
S01013275,Other central heating,2,1,1,1,0,1,1,1,0,0,0,0
S01013275,Two or more types of central heating,2,0,2,2,0,2,0,0,0,0,0,0
S01013276,All people in households,611,74,537,537,21,516,56,36,20,18,17,1
S01013276,No central heating,0,0,0,0,0,0,0,0,0,0,0,0
S01013276,Gas central heating,601,73,528,528,21,507,55,35,20,18,17,1
S01013276,Electric (including storage heaters) central heating,1,0,1,1,0,1,0,0,0,0,0,0
S01013276,Oil central heating,0,0,0,0,0,0,0,0,0,0,0,0
S01013276,Solid fuel (for example wood coal) central heating,0,0,0,0,0,0,0,0,0,0,0,0
S01013276,Other central heating,0,0,0,0,0,0,0,0,0,0,0,0
S01013276,Two or more types of central heating,9,1,8,8,0,8,1,1,0,0,0,0
S01013277,All people in households,889,201,688,709,59,650,111,74,37,69,68,1
S01013277,No central heating,0,0,0,0,0,0,0,0,0,0,0,0
S01013277,Gas central heating,863,196,667,686,57,629,111,74,37,66,65,1
S01013277,Electric (including storage heaters) central heating,5,1,4,5,1,4,0,0,0,0,0,0
S01013277,Oil central heating,4,0,4,4,0,4,0,0,0,0,0,0
S01013277,Solid fuel (for example wood coal) central heating,0,0,0,0,0,0,0,0,0,0,0,0
S01013277,Other central heating,0,0,0,0,0,0,0,0,0,0,0,0
S01013277,Two or more types of central heating,17,4,13,14,1,13,0,0,0,3,3,0
S01013278,All people in households,781,183,598,614,50,564,106,73,33,61,60,1
S01013278,No central heating,1,0,1,1,0,1,0,0,0,0,0,0
S01013278,Gas central heating,765,179,586,603,50,553,103,71,32,59,58,1
S01013278,Electric (including storage heaters) central heating,2,1,1,1,0,1,1,1,0,0,0,0
S01013278,Oil central heating,0,0,0,0,0,0,0,0,0,0,0,0
S01013278,Solid fuel (for example wood coal) central heating,0,0,0,0,0,0,0,0,0,0,0,0
S01013278,Other central heating,2,1,1,1,0,1,1,1,0,0,0,0
S01013278,Two or more types of central heating,11,2,9,8,0,8,1,0,1,2,2,0
S01013279,All people in households,740,152,588,601,46,555,89,57,32,50,49,1
S01013279,No central heating,1,0,1,1,0,1,0,0,0,0,0,0
S01013279,Gas central heating,683,141,542,556,44,512,84,55,29,43,42,1
S01013279,Electric (including storage heaters) central heating,11,1,10,7,0,7,3,0,3,1,1,0
S01013279,Oil central heating,0,0,0,0,0,0,0,0,0,0,0,0
S01013279,Solid fuel (for example wood coal) central heating,0,0,0,0,0,0,0,0,0,0,0,0
S01013279,Other central heating,16,5,11,13,2,11,2,2,0,1,1,0
S01013279,Two or more types of central heating,29,5,24,24,0,24,0,0,0,5,5,0
S01013280,All people in households,585,118,467,489,45,444,66,44,22,30,29,1
S01013280,No central heating,0,0,0,0,0,0,0,0,0,0,0,0
S01013280,Gas central heating,574,115,459,481,45,436,64,42,22,29,28,1
S01013280,Electric (including storage heaters) central heating,0,0,0,0,0,0,0,0,0,0,0,0
S01013280,Oil central heating,3,0,3,3,0,3,0,0,0,0,0,0
S01013280,Solid fuel (for example wood coal) central heating,0,0,0,0,0,0,0,0,0,0,0,0
S01013280,Other central heating,0,0,0,0,0,0,0,0,0,0,0,0
S01013280,Two or more types of central heating,8,3,5,5,0,5,2,2,0,1,1,0
S01013281,All people in households,963,217,746,771,62,709,136,102,34,56,53,3
S01013281,No central heating,2,1,1,2,1,1,0,0,0,0,0,0
S01013281,Gas central heating,895,202,693,714,57,657,126,93,33,55,52,3
S01013281,Electric (including storage heaters) central heating,17,7,10,14,4,10,2,2,0,1,1,0
S01013281,Oil central heating,1,1,0,0,0,0,1,1,0,0,0,0
S01013281,Solid fuel (for example wood coal) central heating,0,0,0,0,0,0,0,0,0,0,0,0
S01013281,Other central heating,1,1,0,0,0,0,1,1,0,0,0,0
S01013281,Two or more types of central heating,47,5,42,41,0,41,6,5,1,0,0,0
S01013282,All people in households,827,149,678,686,41,645,96,63,33,45,45,0
S01013282,No central heating,10,3,7,9,2,7,0,0,0,1,1,0
S01013282,Gas central heating,785,141,644,650,38,612,93,61,32,42,42,0
S01013282,Electric (including storage heaters) central heating,5,2,3,4,1,3,0,0,0,1,1,0
S01013282,Oil central heating,0,0,0,0,0,0,0,0,0,0,0,0
S01013282,Solid fuel (for example wood coal) central heating,0,0,0,0,0,0,0,0,0,0,0,0
S01013282,Other central heating,8,0,8,8,0,8,0,0,0,0,0,0
S01013282,Two or more types of central heating,19,3,16,15,0,15,3,2,1,1,1,0
S01013283,All people in households,642,87,555,545,30,515,74,35,39,23,22,1
S01013283,No central heating,0,0,0,0,0,0,0,0,0,0,0,0
S01013283,Gas central heating,596,84,512,504,29,475,70,34,36,22,21,1
S01013283,Electric (including storage heaters) central heating,7,0,7,7,0,7,0,0,0,0,0,0
S01013283,Oil central heating,2,0,2,2,0,2,0,0,0,0,0,0
S01013283,Solid fuel (for example wood coal) central heating,0,0,0,0,0,0,0,0,0,0,0,0
S01013283,Other central heating,11,1,10,7,0,7,4,1,3,0,0,0
S01013283,Two or more types of central heating,26,2,24,25,1,24,0,0,0,1,1,0
S01013284,All people in households,651,63,588,592,27,565,47,25,22,12,11,1
S01013284,No central heating,33,4,29,28,2,26,5,2,3,0,0,0
S01013284,Gas central heating,552,50,502,507,22,485,34,18,16,11,10,1
S01013284,Electric (including storage heaters) central heating,66,9,57,57,3,54,8,5,3,1,1,0
S01013284,Oil central heating,0,0,0,0,0,0,0,0,0,0,0,0
S01013284,Solid fuel (for example wood coal) central heating,0,0,0,0,0,0,0,0,0,0,0,0
S01013284,Other central heating,0,0,0,0,0,0,0,0,0,0,0,0
S01013284,Two or more types of central heating,0,0,0,0,0,0,0,0,0,0,0,0
S01013285,All people in households,656,84,572,575,25,550,58,36,22,23,23,0
S01013285,No central heating,7,2,5,4,0,4,2,1,1,1,1,0
S01013285,Gas central heating,617,78,539,543,23,520,53,34,19,21,21,0
S01013285,Electric (including storage heaters) central heating,29,3,26,26,2,24,3,1,2,0,0,0
S01013285,Oil central heating,0,0,0,0,0,0,0,0,0,0,0,0
S01013285,Solid fuel (for example wood coal) central heating,1,1,0,0,0,0,0,0,0,1,1,0
S01013285,Other central heating,0,0,0,0,0,0,0,0,0,0,0,0
S01013285,Two or more types of central heating,2,0,2,2,0,2,0,0,0,0,0,0
S01013286,All people in households,667,103,564,585,43,542,61,39,22,21,21,0
S01013286,No central heating,2,0,2,2,0,2,0,0,0,0,0,0
S01013286,Gas central heating,647,101,546,566,42,524,60,38,22,21,21,0
S01013286,Electric (including storage heaters) central heating,6,0,6,6,0,6,0,0,0,0,0,0
S01013286,Oil central heating,0,0,0,0,0,0,0,0,0,0,0,0
S01013286,Solid fuel (for example wood coal) central heating,0,0,0,0,0,0,0,0,0,0,0,0
S01013286,Other central heating,0,0,0,0,0,0,0,0,0,0,0,0
S01013286,Two or more types of central heating,12,2,10,11,1,10,1,1,0,0,0,0
S01013287,All people in households,784,78,706,729,41,688,44,26,18,11,11,0
S01013287,No central heating,0,0,0,0,0,0,0,0,0,0,0,0
S01013287,Gas central heating,766,77,689,712,40,672,43,26,17,11,11,0
S01013287,Electric (including storage heaters) central heating,7,1,6,6,1,5,1,0,1,0,0,0
S01013287,Oil central heating,0,0,0,0,0,0,0,0,0,0,0,0
S01013287,Solid fuel (for example wood coal) central heating,0,0,0,0,0,0,0,0,0,0,0,0
S01013287,Other central heating,0,0,0,0,0,0,0,0,0,0,0,0
S01013287,Two or more types of central heating,11,0,11,11,0,11,0,0,0,0,0,0
S01013288,All people in households,660,134,526,544,42,502,89,65,24,27,27,0
S01013288,No central heating,4,1,3,2,0,2,2,1,1,0,0,0
S01013288,Gas central heating,593,116,477,491,37,454,79,56,23,23,23,0
S01013288,Electric (including storage heaters) central heating,35,10,25,28,3,25,6,6,0,1,1,0
S01013288,Oil central heating,15,2,13,14,1,13,1,1,0,0,0,0
S01013288,Solid fuel (for example wood coal) central heating,5,1,4,5,1,4,0,0,0,0,0,0
S01013288,Other central heating,1,1,0,0,0,0,1,1,0,0,0,0
S01013288,Two or more types of central heating,7,3,4,4,0,4,0,0,0,3,3,0
S01013289,All people in households,760,94,666,690,48,642,54,30,24,16,16,0
S01013289,No central heating,9,1,8,8,0,8,1,1,0,0,0,0
S01013289,Gas central heating,336,51,285,307,29,278,20,13,7,9,9,0
S01013289,Electric (including storage heaters) central heating,142,22,120,117,7,110,18,8,10,7,7,0
S01013289,Oil central heating,227,13,214,217,7,210,10,6,4,0,0,0
S01013289,Solid fuel (for example wood coal) central heating,18,2,16,15,1,14,3,1,2,0,0,0
S01013289,Other central heating,11,1,10,10,0,10,1,1,0,0,0,0
S01013289,Two or more types of central heating,17,4,13,16,4,12,1,0,1,0,0,0
S01013290,All people in households,911,131,780,794,38,756,82,59,23,35,34,1
S01013290,No central heating,8,1,7,7,0,7,1,1,0,0,0,0
S01013290,Gas central heating,827,112,715,731,37,694,66,46,20,30,29,1
S01013290,Electric (including storage heaters) central heating,28,7,21,21,1,20,4,3,1,3,3,0
S01013290,Oil central heating,28,4,24,23,0,23,5,4,1,0,0,0
S01013290,Solid fuel (for example wood coal) central heating,4,4,0,0,0,0,3,3,0,1,1,0
S01013290,Other central heating,0,0,0,0,0,0,0,0,0,0,0,0
S01013290,Two or more types of central heating,16,3,13,12,0,12,3,2,1,1,1,0
S01013291,All people in households,724,76,648,642,30,612,63,27,36,19,19,0
S01013291,No central heating,19,6,13,12,1,11,4,2,2,3,3,0
S01013291,Gas central heating,644,63,581,580,29,551,51,21,30,13,13,0
S01013291,Electric (including storage heaters) central heating,45,7,38,35,0,35,7,4,3,3,3,0
S01013291,Oil central heating,6,0,6,6,0,6,0,0,0,0,0,0
S01013291,Solid fuel (for example wood coal) central heating,0,0,0,0,0,0,0,0,0,0,0,0
S01013291,Other central heating,0,0,0,0,0,0,0,0,0,0,0,0
S01013291,Two or more types of central heating,10,0,10,9,0,9,1,0,1,0,0,0
S01013292,All people in households,723,86,637,657,39,618,48,29,19,18,18,0
S01013292,No central heating,7,0,7,7,0,7,0,0,0,0,0,0
S01013292,Gas central heating,634,77,557,576,35,541,41,25,16,17,17,0
S01013292,Electric (including storage heaters) central heating,24,4,20,22,2,20,1,1,0,1,1,0
S01013292,Oil central heating,41,2,39,39,1,38,2,1,1,0,0,0
S01013292,Solid fuel (for example wood coal) central heating,2,1,1,2,1,1,0,0,0,0,0,0
S01013292,Other central heating,6,1,5,4,0,4,2,1,1,0,0,0
S01013292,Two or more types of central heating,9,1,8,7,0,7,2,1,1,0,0,0
S01013293,All people in households,714,85,629,645,32,613,51,35,16,18,18,0
S01013293,No central heating,4,1,3,4,1,3,0,0,0,0,0,0
S01013293,Gas central heating,699,81,618,633,31,602,50,34,16,16,16,0
S01013293,Electric (including storage heaters) central heating,6,1,5,5,0,5,0,0,0,1,1,0
S01013293,Oil central heating,2,1,1,1,0,1,1,1,0,0,0,0
S01013293,Solid fuel (for example wood coal) central heating,0,0,0,0,0,0,0,0,0,0,0,0
S01013293,Other central heating,0,0,0,0,0,0,0,0,0,0,0,0
S01013293,Two or more types of central heating,3,1,2,2,0,2,0,0,0,1,1,0
S01013294,All people in households,729,119,610,632,42,590,77,57,20,20,20,0
S01013294,No central heating,12,2,10,8,0,8,3,1,2,1,1,0
S01013294,Gas central heating,669,115,554,578,41,537,73,56,17,18,18,0
S01013294,Electric (including storage heaters) central heating,29,0,29,29,0,29,0,0,0,0,0,0
S01013294,Oil central heating,0,0,0,0,0,0,0,0,0,0,0,0
S01013294,Solid fuel (for example wood coal) central heating,3,0,3,3,0,3,0,0,0,0,0,0
S01013294,Other central heating,0,0,0,0,0,0,0,0,0,0,0,0
S01013294,Two or more types of central heating,16,2,14,14,1,13,1,0,1,1,1,0
S01013295,All people in households,746,93,653,657,32,625,77,49,28,12,12,0
S01013295,No central heating,17,1,16,14,0,14,2,0,2,1,1,0
S01013295,Gas central heating,652,80,572,578,29,549,65,42,23,9,9,0
S01013295,Electric (including storage heaters) central heating,62,9,53,53,2,51,7,5,2,2,2,0
S01013295,Oil central heating,6,2,4,5,1,4,1,1,0,0,0,0
S01013295,Solid fuel (for example wood coal) central heating,0,0,0,0,0,0,0,0,0,0,0,0
S01013295,Other central heating,0,0,0,0,0,0,0,0,0,0,0,0
S01013295,Two or more types of central heating,9,1,8,7,0,7,2,1,1,0,0,0
S01013296,All people in households,712,169,543,552,42,510,108,75,33,52,52,0
S01013296,No central heating,0,0,0,0,0,0,0,0,0,0,0,0
S01013296,Gas central heating,683,159,524,531,39,492,103,71,32,49,49,0
S01013296,Electric (including storage heaters) central heating,12,5,7,9,2,7,2,2,0,1,1,0
S01013296,Oil central heating,0,0,0,0,0,0,0,0,0,0,0,0
S01013296,Solid fuel (for example wood coal) central heating,2,2,0,0,0,0,1,1,0,1,1,0
S01013296,Other central heating,0,0,0,0,0,0,0,0,0,0,0,0
S01013296,Two or more types of central heating,15,3,12,12,1,11,2,1,1,1,1,0
S01013297,All people in households,688,149,539,569,54,515,82,59,23,37,36,1
S01013297,No central heating,4,0,4,4,0,4,0,0,0,0,0,0
S01013297,Gas central heating,653,137,516,544,50,494,75,54,21,34,33,1
S01013297,Electric (including storage heaters) central heating,12,8,4,6,3,3,4,3,1,2,2,0
S01013297,Oil central heating,2,1,1,0,0,0,2,1,1,0,0,0
S01013297,Solid fuel (for example wood coal) central heating,0,0,0,0,0,0,0,0,0,0,0,0
S01013297,Other central heating,2,1,1,1,0,1,1,1,0,0,0,0
S01013297,Two or more types of central heating,15,2,13,14,1,13,0,0,0,1,1,0
S01013298,All people in households,668,150,518,535,47,488,97,70,27,36,33,3
S01013298,No central heating,15,5,10,13,4,9,2,1,1,0,0,0
S01013298,Gas central heating,463,104,359,364,28,336,71,50,21,28,26,2
S01013298,Electric (including storage heaters) central heating,24,7,17,17,2,15,5,3,2,2,2,0
S01013298,Oil central heating,75,14,61,65,4,61,8,8,0,2,2,0
S01013298,Solid fuel (for example wood coal) central heating,40,12,28,31,5,26,7,6,1,2,1,1
S01013298,Other central heating,34,4,30,31,3,28,3,1,2,0,0,0
S01013298,Two or more types of central heating,17,4,13,14,1,13,1,1,0,2,2,0
S01013299,All people in households,1019,191,828,844,51,793,123,89,34,52,51,1
S01013299,No central heating,3,2,1,3,2,1,0,0,0,0,0,0
S01013299,Gas central heating,959,176,783,797,45,752,113,83,30,49,48,1
S01013299,Electric (including storage heaters) central heating,18,5,13,14,2,12,4,3,1,0,0,0
S01013299,Oil central heating,13,3,10,11,1,10,2,2,0,0,0,0
S01013299,Solid fuel (for example wood coal) central heating,6,3,3,4,1,3,1,1,0,1,1,0
S01013299,Other central heating,0,0,0,0,0,0,0,0,0,0,0,0
S01013299,Two or more types of central heating,20,2,18,15,0,15,3,0,3,2,2,0
S01013300,All people in households,552,147,405,416,44,372,93,63,30,43,40,3
S01013300,No central heating,10,4,6,6,0,6,3,3,0,1,1,0
S01013300,Gas central heating,432,114,318,323,32,291,74,49,25,35,33,2
S01013300,Electric (including storage heaters) central heating,48,16,32,36,5,31,8,7,1,4,4,0
S01013300,Oil central heating,17,4,13,14,1,13,2,2,0,1,1,0
S01013300,Solid fuel (for example wood coal) central heating,9,1,8,6,0,6,2,1,1,1,0,1
S01013300,Other central heating,12,2,10,10,1,9,2,1,1,0,0,0
S01013300,Two or more types of central heating,24,6,18,21,5,16,2,0,2,1,1,0
S01013301,All people in households,481,110,371,379,36,343,71,44,27,31,30,1
S01013301,No central heating,0,0,0,0,0,0,0,0,0,0,0,0
S01013301,Gas central heating,461,108,353,365,36,329,65,42,23,31,30,1
S01013301,Electric (including storage heaters) central heating,7,1,6,4,0,4,3,1,2,0,0,0
S01013301,Oil central heating,2,0,2,2,0,2,0,0,0,0,0,0
S01013301,Solid fuel (for example wood coal) central heating,2,1,1,0,0,0,2,1,1,0,0,0
S01013301,Other central heating,0,0,0,0,0,0,0,0,0,0,0,0
S01013301,Two or more types of central heating,9,0,9,8,0,8,1,0,1,0,0,0
S01013302,All people in households,614,96,518,529,31,498,59,39,20,26,26,0
S01013302,No central heating,12,3,9,9,0,9,3,3,0,0,0,0
S01013302,Gas central heating,471,74,397,405,22,383,43,29,14,23,23,0
S01013302,Electric (including storage heaters) central heating,11,1,10,10,1,9,1,0,1,0,0,0
S01013302,Oil central heating,57,9,48,49,2,47,6,5,1,2,2,0
S01013302,Solid fuel (for example wood coal) central heating,14,4,10,11,3,8,3,1,2,0,0,0
S01013302,Other central heating,14,1,13,13,1,12,1,0,1,0,0,0
S01013302,Two or more types of central heating,35,4,31,32,2,30,2,1,1,1,1,0
S01013303,All people in households,881,216,665,689,52,637,131,105,26,61,59,2
S01013303,No central heating,0,0,0,0,0,0,0,0,0,0,0,0
S01013303,Gas central heating,802,175,627,649,47,602,106,82,24,47,46,1
S01013303,Electric (including storage heaters) central heating,61,39,22,26,5,21,23,22,1,12,12,0
S01013303,Oil central heating,0,0,0,0,0,0,0,0,0,0,0,0
S01013303,Solid fuel (for example wood coal) central heating,0,0,0,0,0,0,0,0,0,0,0,0
S01013303,Other central heating,4,2,2,1,0,1,2,1,1,1,1,0
S01013303,Two or more types of central heating,14,0,14,13,0,13,0,0,0,1,0,1
S01013304,All people in households,929,201,728,754,64,690,104,69,35,71,68,3
S01013304,No central heating,22,3,19,20,1,19,0,0,0,2,2,0
S01013304,Gas central heating,734,173,561,587,55,532,88,59,29,59,59,0
S01013304,Electric (including storage heaters) central heating,158,23,135,134,8,126,16,10,6,8,5,3
S01013304,Oil central heating,4,0,4,4,0,4,0,0,0,0,0,0
S01013304,Solid fuel (for example wood coal) central heating,0,0,0,0,0,0,0,0,0,0,0,0
S01013304,Other central heating,3,0,3,3,0,3,0,0,0,0,0,0
S01013304,Two or more types of central heating,8,2,6,6,0,6,0,0,0,2,2,0
S01013305,All people in households,952,220,732,742,65,677,141,91,50,69,64,5
S01013305,No central heating,30,3,27,28,2,26,2,1,1,0,0,0
S01013305,Gas central heating,744,194,550,566,59,507,115,77,38,63,58,5
S01013305,Electric (including storage heaters) central heating,151,16,135,132,4,128,17,10,7,2,2,0
S01013305,Oil central heating,0,0,0,0,0,0,0,0,0,0,0,0
S01013305,Solid fuel (for example wood coal) central heating,0,0,0,0,0,0,0,0,0,0,0,0
S01013305,Other central heating,2,2,0,0,0,0,0,0,0,2,2,0
S01013305,Two or more types of central heating,25,5,20,16,0,16,7,3,4,2,2,0
S01013306,All people in households,920,212,708,706,48,658,128,81,47,86,83,3
S01013306,No central heating,30,3,27,25,0,25,4,2,2,1,1,0
S01013306,Gas central heating,662,161,501,516,42,474,84,58,26,62,61,1
S01013306,Electric (including storage heaters) central heating,192,41,151,134,3,131,37,19,18,21,19,2
S01013306,Oil central heating,0,0,0,0,0,0,0,0,0,0,0,0
S01013306,Solid fuel (for example wood coal) central heating,1,0,1,1,0,1,0,0,0,0,0,0
S01013306,Other central heating,3,3,0,1,1,0,1,1,0,1,1,0
S01013306,Two or more types of central heating,32,4,28,29,2,27,2,1,1,1,1,0
S01013307,All people in households,1047,191,856,864,63,801,119,67,52,64,61,3
S01013307,No central heating,5,0,5,5,0,5,0,0,0,0,0,0
S01013307,Gas central heating,953,169,784,800,58,742,94,55,39,59,56,3
S01013307,Electric (including storage heaters) central heating,43,10,33,29,3,26,11,4,7,3,3,0
S01013307,Oil central heating,0,0,0,0,0,0,0,0,0,0,0,0
S01013307,Solid fuel (for example wood coal) central heating,0,0,0,0,0,0,0,0,0,0,0,0
S01013307,Other central heating,16,5,11,12,1,11,3,3,0,1,1,0
S01013307,Two or more types of central heating,30,7,23,18,1,17,11,5,6,1,1,0
S01013308,All people in households,943,172,771,779,55,724,115,72,43,49,45,4
S01013308,No central heating,1,0,1,1,0,1,0,0,0,0,0,0
S01013308,Gas central heating,888,163,725,733,52,681,109,68,41,46,43,3
S01013308,Electric (including storage heaters) central heating,14,2,12,11,0,11,1,0,1,2,2,0
S01013308,Oil central heating,2,1,1,2,1,1,0,0,0,0,0,0
S01013308,Solid fuel (for example wood coal) central heating,0,0,0,0,0,0,0,0,0,0,0,0
S01013308,Other central heating,8,1,7,6,0,6,1,1,0,1,0,1
S01013308,Two or more types of central heating,30,5,25,26,2,24,4,3,1,0,0,0
S01013309,All people in households,618,74,544,541,24,517,58,32,26,19,18,1
S01013309,No central heating,1,0,1,1,0,1,0,0,0,0,0,0
S01013309,Gas central heating,543,65,478,476,21,455,52,30,22,15,14,1
S01013309,Electric (including storage heaters) central heating,69,7,62,60,2,58,6,2,4,3,3,0
S01013309,Oil central heating,0,0,0,0,0,0,0,0,0,0,0,0
S01013309,Solid fuel (for example wood coal) central heating,0,0,0,0,0,0,0,0,0,0,0,0
S01013309,Other central heating,0,0,0,0,0,0,0,0,0,0,0,0
S01013309,Two or more types of central heating,5,2,3,4,1,3,0,0,0,1,1,0
S01013310,All people in households,649,125,524,547,45,502,69,47,22,33,33,0
S01013310,No central heating,3,1,2,3,1,2,0,0,0,0,0,0
S01013310,Gas central heating,623,122,501,525,44,481,66,46,20,32,32,0
S01013310,Electric (including storage heaters) central heating,12,0,12,10,0,10,2,0,2,0,0,0
S01013310,Oil central heating,0,0,0,0,0,0,0,0,0,0,0,0
S01013310,Solid fuel (for example wood coal) central heating,0,0,0,0,0,0,0,0,0,0,0,0
S01013310,Other central heating,2,0,2,2,0,2,0,0,0,0,0,0
S01013310,Two or more types of central heating,9,2,7,7,0,7,1,1,0,1,1,0
S01013311,All people in households,801,165,636,650,50,600,95,61,34,56,54,2
S01013311,No central heating,0,0,0,0,0,0,0,0,0,0,0,0
S01013311,Gas central heating,764,158,606,621,49,572,91,59,32,52,50,2
S01013311,Electric (including storage heaters) central heating,12,6,6,7,1,6,1,1,0,4,4,0
S01013311,Oil central heating,0,0,0,0,0,0,0,0,0,0,0,0
S01013311,Solid fuel (for example wood coal) central heating,0,0,0,0,0,0,0,0,0,0,0,0
S01013311,Other central heating,2,1,1,1,0,1,1,1,0,0,0,0
S01013311,Two or more types of central heating,23,0,23,21,0,21,2,0,2,0,0,0
S01013312,All people in households,1042,225,817,834,65,769,137,92,45,71,68,3
S01013312,No central heating,24,3,21,23,2,21,1,1,0,0,0,0
S01013312,Gas central heating,810,191,619,634,53,581,116,79,37,60,59,1
S01013312,Electric (including storage heaters) central heating,178,21,157,153,5,148,15,7,8,10,9,1
S01013312,Oil central heating,0,0,0,0,0,0,0,0,0,0,0,0
S01013312,Solid fuel (for example wood coal) central heating,0,0,0,0,0,0,0,0,0,0,0,0
S01013312,Other central heating,3,1,2,2,0,2,1,1,0,0,0,0
S01013312,Two or more types of central heating,27,9,18,22,5,17,4,4,0,1,0,1
S01013313,All people in households,692,136,556,573,34,539,85,69,16,34,33,1
S01013313,No central heating,17,5,12,14,2,12,2,2,0,1,1,0
S01013313,Gas central heating,643,123,520,533,29,504,79,64,15,31,30,1
S01013313,Electric (including storage heaters) central heating,12,2,10,11,1,10,1,1,0,0,0,0
S01013313,Oil central heating,0,0,0,0,0,0,0,0,0,0,0,0
S01013313,Solid fuel (for example wood coal) central heating,0,0,0,0,0,0,0,0,0,0,0,0
S01013313,Other central heating,6,1,5,5,1,4,1,0,1,0,0,0
S01013313,Two or more types of central heating,14,5,9,10,1,9,2,2,0,2,2,0
S01013314,All people in households,670,144,526,510,25,485,111,72,39,49,47,2
S01013314,No central heating,1,0,1,0,0,0,1,0,1,0,0,0
S01013314,Gas central heating,622,133,489,476,24,452,99,64,35,47,45,2
S01013314,Electric (including storage heaters) central heating,37,11,26,25,1,24,10,8,2,2,2,0
S01013314,Oil central heating,0,0,0,0,0,0,0,0,0,0,0,0
S01013314,Solid fuel (for example wood coal) central heating,0,0,0,0,0,0,0,0,0,0,0,0
S01013314,Other central heating,4,0,4,3,0,3,1,0,1,0,0,0
S01013314,Two or more types of central heating,6,0,6,6,0,6,0,0,0,0,0,0
S01013315,All people in households,567,27,540,544,16,528,18,6,12,5,5,0
S01013315,No central heating,0,0,0,0,0,0,0,0,0,0,0,0
S01013315,Gas central heating,560,27,533,537,16,521,18,6,12,5,5,0
S01013315,Electric (including storage heaters) central heating,0,0,0,0,0,0,0,0,0,0,0,0
S01013315,Oil central heating,0,0,0,0,0,0,0,0,0,0,0,0
S01013315,Solid fuel (for example wood coal) central heating,0,0,0,0,0,0,0,0,0,0,0,0
S01013315,Other central heating,0,0,0,0,0,0,0,0,0,0,0,0
S01013315,Two or more types of central heating,7,0,7,7,0,7,0,0,0,0,0,0
S01013316,All people in households,663,137,526,545,43,502,92,69,23,26,25,1
S01013316,No central heating,3,1,2,2,0,2,0,0,0,1,1,0
S01013316,Gas central heating,614,116,498,517,37,480,75,58,17,22,21,1
S01013316,Electric (including storage heaters) central heating,32,16,16,16,4,12,13,9,4,3,3,0
S01013316,Oil central heating,0,0,0,0,0,0,0,0,0,0,0,0
S01013316,Solid fuel (for example wood coal) central heating,5,1,4,5,1,4,0,0,0,0,0,0
S01013316,Other central heating,2,1,1,1,0,1,1,1,0,0,0,0
S01013316,Two or more types of central heating,7,2,5,4,1,3,3,1,2,0,0,0
S01013317,All people in households,521,76,445,441,24,417,57,32,25,23,20,3
S01013317,No central heating,2,1,1,1,1,0,1,0,1,0,0,0
S01013317,Gas central heating,495,73,422,419,23,396,53,30,23,23,20,3
S01013317,Electric (including storage heaters) central heating,14,2,12,11,0,11,3,2,1,0,0,0
S01013317,Oil central heating,0,0,0,0,0,0,0,0,0,0,0,0
S01013317,Solid fuel (for example wood coal) central heating,0,0,0,0,0,0,0,0,0,0,0,0
S01013317,Other central heating,0,0,0,0,0,0,0,0,0,0,0,0
S01013317,Two or more types of central heating,10,0,10,10,0,10,0,0,0,0,0,0
S01013318,All people in households,612,69,543,559,31,528,40,25,15,13,13,0
S01013318,No central heating,4,0,4,4,0,4,0,0,0,0,0,0
S01013318,Gas central heating,570,66,504,520,29,491,37,24,13,13,13,0
S01013318,Electric (including storage heaters) central heating,31,3,28,28,2,26,3,1,2,0,0,0
S01013318,Oil central heating,0,0,0,0,0,0,0,0,0,0,0,0
S01013318,Solid fuel (for example wood coal) central heating,0,0,0,0,0,0,0,0,0,0,0,0
S01013318,Other central heating,3,0,3,3,0,3,0,0,0,0,0,0
S01013318,Two or more types of central heating,4,0,4,4,0,4,0,0,0,0,0,0
S01013319,All people in households,570,69,501,507,26,481,34,20,14,29,23,6
S01013319,No central heating,4,0,4,4,0,4,0,0,0,0,0,0
S01013319,Gas central heating,546,67,479,484,25,459,33,19,14,29,23,6
S01013319,Electric (including storage heaters) central heating,1,0,1,1,0,1,0,0,0,0,0,0
S01013319,Oil central heating,0,0,0,0,0,0,0,0,0,0,0,0
S01013319,Solid fuel (for example wood coal) central heating,0,0,0,0,0,0,0,0,0,0,0,0
S01013319,Other central heating,0,0,0,0,0,0,0,0,0,0,0,0
S01013319,Two or more types of central heating,19,2,17,18,1,17,1,1,0,0,0,0
S01013320,All people in households,1040,81,959,969,38,931,56,30,26,15,13,2
S01013320,No central heating,7,1,6,7,1,6,0,0,0,0,0,0
S01013320,Gas central heating,958,75,883,897,37,860,48,26,22,13,12,1
S01013320,Electric (including storage heaters) central heating,64,3,61,58,0,58,4,2,2,2,1,1
S01013320,Oil central heating,0,0,0,0,0,0,0,0,0,0,0,0
S01013320,Solid fuel (for example wood coal) central heating,0,0,0,0,0,0,0,0,0,0,0,0
S01013320,Other central heating,0,0,0,0,0,0,0,0,0,0,0,0
S01013320,Two or more types of central heating,11,2,9,7,0,7,4,2,2,0,0,0
S01013321,All people in households,423,112,311,329,34,295,58,42,16,36,36,0
S01013321,No central heating,2,1,1,2,1,1,0,0,0,0,0,0
S01013321,Gas central heating,379,98,281,299,31,268,48,35,13,32,32,0
S01013321,Electric (including storage heaters) central heating,32,6,26,23,0,23,7,4,3,2,2,0
S01013321,Oil central heating,0,0,0,0,0,0,0,0,0,0,0,0
S01013321,Solid fuel (for example wood coal) central heating,0,0,0,0,0,0,0,0,0,0,0,0
S01013321,Other central heating,1,1,0,0,0,0,1,1,0,0,0,0
S01013321,Two or more types of central heating,9,6,3,5,2,3,2,2,0,2,2,0
S01013322,All people in households,724,130,594,624,51,573,72,51,21,28,28,0
S01013322,No central heating,0,0,0,0,0,0,0,0,0,0,0,0
S01013322,Gas central heating,690,122,568,594,47,547,71,50,21,25,25,0
S01013322,Electric (including storage heaters) central heating,14,4,10,12,2,10,1,1,0,1,1,0
S01013322,Oil central heating,0,0,0,0,0,0,0,0,0,0,0,0
S01013322,Solid fuel (for example wood coal) central heating,0,0,0,0,0,0,0,0,0,0,0,0
S01013322,Other central heating,8,1,7,8,1,7,0,0,0,0,0,0
S01013322,Two or more types of central heating,12,3,9,10,1,9,0,0,0,2,2,0
S01013323,All people in households,947,226,721,743,61,682,129,91,38,75,74,1
S01013323,No central heating,3,1,2,2,0,2,1,1,0,0,0,0
S01013323,Gas central heating,900,216,684,702,57,645,126,88,38,72,71,1
S01013323,Electric (including storage heaters) central heating,35,7,28,31,3,28,2,2,0,2,2,0
S01013323,Oil central heating,0,0,0,0,0,0,0,0,0,0,0,0
S01013323,Solid fuel (for example wood coal) central heating,0,0,0,0,0,0,0,0,0,0,0,0
S01013323,Other central heating,0,0,0,0,0,0,0,0,0,0,0,0
S01013323,Two or more types of central heating,9,2,7,8,1,7,0,0,0,1,1,0
S01013324,All people in households,649,138,511,524,37,487,79,57,22,46,44,2
S01013324,No central heating,9,1,8,9,1,8,0,0,0,0,0,0
S01013324,Gas central heating,601,123,478,489,33,456,70,50,20,42,40,2
S01013324,Electric (including storage heaters) central heating,17,6,11,13,2,11,3,3,0,1,1,0
S01013324,Oil central heating,0,0,0,0,0,0,0,0,0,0,0,0
S01013324,Solid fuel (for example wood coal) central heating,0,0,0,0,0,0,0,0,0,0,0,0
S01013324,Other central heating,3,0,3,2,0,2,1,0,1,0,0,0
S01013324,Two or more types of central heating,19,8,11,11,1,10,5,4,1,3,3,0
S01013325,All people in households,905,226,679,696,58,638,118,79,39,91,89,2
S01013325,No central heating,1,0,1,1,0,1,0,0,0,0,0,0
S01013325,Gas central heating,853,205,648,663,56,607,107,68,39,83,81,2
S01013325,Electric (including storage heaters) central heating,15,4,11,12,1,11,2,2,0,1,1,0
S01013325,Oil central heating,2,0,2,2,0,2,0,0,0,0,0,0
S01013325,Solid fuel (for example wood coal) central heating,0,0,0,0,0,0,0,0,0,0,0,0
S01013325,Other central heating,5,1,4,4,0,4,0,0,0,1,1,0
S01013325,Two or more types of central heating,29,16,13,14,1,13,9,9,0,6,6,0
S01013326,All people in households,541,110,431,439,31,408,68,47,21,34,32,2
S01013326,No central heating,4,1,3,3,0,3,1,1,0,0,0,0
S01013326,Gas central heating,523,104,419,426,29,397,64,44,20,33,31,2
S01013326,Electric (including storage heaters) central heating,11,5,6,7,2,5,3,2,1,1,1,0
S01013326,Oil central heating,0,0,0,0,0,0,0,0,0,0,0,0
S01013326,Solid fuel (for example wood coal) central heating,0,0,0,0,0,0,0,0,0,0,0,0
S01013326,Other central heating,0,0,0,0,0,0,0,0,0,0,0,0
S01013326,Two or more types of central heating,3,0,3,3,0,3,0,0,0,0,0,0
S01013327,All people in households,697,130,567,576,41,535,81,49,32,40,40,0
S01013327,No central heating,3,0,3,2,0,2,1,0,1,0,0,0
S01013327,Gas central heating,657,123,534,545,41,504,76,46,30,36,36,0
S01013327,Electric (including storage heaters) central heating,19,3,16,16,0,16,3,3,0,0,0,0
S01013327,Oil central heating,3,0,3,3,0,3,0,0,0,0,0,0
S01013327,Solid fuel (for example wood coal) central heating,0,0,0,0,0,0,0,0,0,0,0,0
S01013327,Other central heating,3,1,2,2,0,2,0,0,0,1,1,0
S01013327,Two or more types of central heating,12,3,9,8,0,8,1,0,1,3,3,0
S01013328,All people in households,652,130,522,534,46,488,77,47,30,41,37,4
S01013328,No central heating,12,4,8,8,0,8,1,1,0,3,3,0
S01013328,Gas central heating,600,112,488,493,35,458,72,44,28,35,33,2
S01013328,Electric (including storage heaters) central heating,14,2,12,12,1,11,1,0,1,1,1,0
S01013328,Oil central heating,0,0,0,0,0,0,0,0,0,0,0,0
S01013328,Solid fuel (for example wood coal) central heating,0,0,0,0,0,0,0,0,0,0,0,0
S01013328,Other central heating,3,2,1,3,2,1,0,0,0,0,0,0
S01013328,Two or more types of central heating,23,10,13,18,8,10,3,2,1,2,0,2
S01013329,All people in households,538,130,408,424,44,380,68,45,23,46,41,5
S01013329,No central heating,5,0,5,5,0,5,0,0,0,0,0,0
S01013329,Gas central heating,500,123,377,393,43,350,66,43,23,41,37,4
S01013329,Electric (including storage heaters) central heating,21,3,18,18,0,18,1,1,0,2,2,0
S01013329,Oil central heating,0,0,0,0,0,0,0,0,0,0,0,0
S01013329,Solid fuel (for example wood coal) central heating,0,0,0,0,0,0,0,0,0,0,0,0
S01013329,Other central heating,0,0,0,0,0,0,0,0,0,0,0,0
S01013329,Two or more types of central heating,12,4,8,8,1,7,1,1,0,3,2,1
S01013330,All people in households,1051,93,958,965,39,926,64,34,30,22,20,2
S01013330,No central heating,4,0,4,4,0,4,0,0,0,0,0,0
S01013330,Gas central heating,902,86,816,827,37,790,54,29,25,21,20,1
S01013330,Electric (including storage heaters) central heating,129,7,122,118,2,116,10,5,5,1,0,1
S01013330,Oil central heating,4,0,4,4,0,4,0,0,0,0,0,0
S01013330,Solid fuel (for example wood coal) central heating,0,0,0,0,0,0,0,0,0,0,0,0
S01013330,Other central heating,0,0,0,0,0,0,0,0,0,0,0,0
S01013330,Two or more types of central heating,12,0,12,12,0,12,0,0,0,0,0,0
S01013331,All people in households,647,63,584,602,27,575,34,25,9,11,11,0
S01013331,No central heating,17,2,15,15,0,15,1,1,0,1,1,0
S01013331,Gas central heating,480,46,434,447,21,426,27,19,8,6,6,0
S01013331,Electric (including storage heaters) central heating,133,13,120,125,6,119,4,3,1,4,4,0
S01013331,Oil central heating,4,0,4,4,0,4,0,0,0,0,0,0
S01013331,Solid fuel (for example wood coal) central heating,0,0,0,0,0,0,0,0,0,0,0,0
S01013331,Other central heating,5,0,5,5,0,5,0,0,0,0,0,0
S01013331,Two or more types of central heating,8,2,6,6,0,6,2,2,0,0,0,0
S01013332,All people in households,673,145,528,547,42,505,83,64,19,43,39,4
S01013332,No central heating,3,0,3,3,0,3,0,0,0,0,0,0
S01013332,Gas central heating,627,133,494,511,37,474,77,61,16,39,35,4
S01013332,Electric (including storage heaters) central heating,14,6,8,12,4,8,1,1,0,1,1,0
S01013332,Oil central heating,0,0,0,0,0,0,0,0,0,0,0,0
S01013332,Solid fuel (for example wood coal) central heating,0,0,0,0,0,0,0,0,0,0,0,0
S01013332,Other central heating,12,1,11,10,0,10,2,1,1,0,0,0
S01013332,Two or more types of central heating,17,5,12,11,1,10,3,1,2,3,3,0
S01013333,All people in households,826,108,718,719,35,684,72,41,31,35,32,3
S01013333,No central heating,1,1,0,1,1,0,0,0,0,0,0,0
S01013333,Gas central heating,807,104,703,703,34,669,72,41,31,32,29,3
S01013333,Electric (including storage heaters) central heating,5,1,4,4,0,4,0,0,0,1,1,0
S01013333,Oil central heating,0,0,0,0,0,0,0,0,0,0,0,0
S01013333,Solid fuel (for example wood coal) central heating,0,0,0,0,0,0,0,0,0,0,0,0
S01013333,Other central heating,5,0,5,5,0,5,0,0,0,0,0,0
S01013333,Two or more types of central heating,8,2,6,6,0,6,0,0,0,2,2,0
S01013334,All people in households,784,149,635,651,50,601,88,54,34,45,45,0
S01013334,No central heating,2,0,2,2,0,2,0,0,0,0,0,0
S01013334,Gas central heating,761,144,617,631,47,584,87,54,33,43,43,0
S01013334,Electric (including storage heaters) central heating,14,3,11,13,3,10,1,0,1,0,0,0
S01013334,Oil central heating,0,0,0,0,0,0,0,0,0,0,0,0
S01013334,Solid fuel (for example wood coal) central heating,0,0,0,0,0,0,0,0,0,0,0,0
S01013334,Other central heating,0,0,0,0,0,0,0,0,0,0,0,0
S01013334,Two or more types of central heating,7,2,5,5,0,5,0,0,0,2,2,0
S01013335,All people in households,825,150,675,680,45,635,106,69,37,39,36,3
S01013335,No central heating,0,0,0,0,0,0,0,0,0,0,0,0
S01013335,Gas central heating,771,139,632,638,43,595,99,64,35,34,32,2
S01013335,Electric (including storage heaters) central heating,23,6,17,16,2,14,4,2,2,3,2,1
S01013335,Oil central heating,0,0,0,0,0,0,0,0,0,0,0,0
S01013335,Solid fuel (for example wood coal) central heating,0,0,0,0,0,0,0,0,0,0,0,0
S01013335,Other central heating,6,3,3,3,0,3,2,2,0,1,1,0
S01013335,Two or more types of central heating,25,2,23,23,0,23,1,1,0,1,1,0
S01013336,All people in households,863,179,684,683,48,635,114,68,46,66,63,3
S01013336,No central heating,7,0,7,6,0,6,1,0,1,0,0,0
S01013336,Gas central heating,792,167,625,625,44,581,105,64,41,62,59,3
S01013336,Electric (including storage heaters) central heating,20,4,16,18,3,15,2,1,1,0,0,0
S01013336,Oil central heating,0,0,0,0,0,0,0,0,0,0,0,0
S01013336,Solid fuel (for example wood coal) central heating,0,0,0,0,0,0,0,0,0,0,0,0
S01013336,Other central heating,3,2,1,1,0,1,1,1,0,1,1,0
S01013336,Two or more types of central heating,41,6,35,33,1,32,5,2,3,3,3,0
S01013337,All people in households,950,164,786,802,47,755,95,66,29,53,51,2
S01013337,No central heating,0,0,0,0,0,0,0,0,0,0,0,0
S01013337,Gas central heating,921,159,762,778,45,733,93,65,28,50,49,1
S01013337,Electric (including storage heaters) central heating,2,1,1,2,1,1,0,0,0,0,0,0
S01013337,Oil central heating,5,3,2,2,0,2,1,1,0,2,2,0
S01013337,Solid fuel (for example wood coal) central heating,0,0,0,0,0,0,0,0,0,0,0,0
S01013337,Other central heating,0,0,0,0,0,0,0,0,0,0,0,0
S01013337,Two or more types of central heating,22,1,21,20,1,19,1,0,1,1,0,1
S01013338,All people in households,588,33,555,562,17,545,22,12,10,4,4,0
S01013338,No central heating,0,0,0,0,0,0,0,0,0,0,0,0
S01013338,Gas central heating,566,30,536,542,15,527,21,12,9,3,3,0
S01013338,Electric (including storage heaters) central heating,9,0,9,9,0,9,0,0,0,0,0,0
S01013338,Oil central heating,0,0,0,0,0,0,0,0,0,0,0,0
S01013338,Solid fuel (for example wood coal) central heating,0,0,0,0,0,0,0,0,0,0,0,0
S01013338,Other central heating,0,0,0,0,0,0,0,0,0,0,0,0
S01013338,Two or more types of central heating,13,3,10,11,2,9,1,0,1,1,1,0
S01013339,All people in households,584,84,500,500,23,477,60,40,20,24,21,3
S01013339,No central heating,0,0,0,0,0,0,0,0,0,0,0,0
S01013339,Gas central heating,550,77,473,472,21,451,56,37,19,22,19,3
S01013339,Electric (including storage heaters) central heating,27,3,24,25,2,23,2,1,1,0,0,0
S01013339,Oil central heating,0,0,0,0,0,0,0,0,0,0,0,0
S01013339,Solid fuel (for example wood coal) central heating,0,0,0,0,0,0,0,0,0,0,0,0
S01013339,Other central heating,2,1,1,1,0,1,1,1,0,0,0,0
S01013339,Two or more types of central heating,5,3,2,2,0,2,1,1,0,2,2,0
S01013340,All people in households,805,142,663,697,56,641,81,60,21,27,26,1
S01013340,No central heating,7,1,6,5,0,5,2,1,1,0,0,0
S01013340,Gas central heating,780,139,641,675,55,620,79,59,20,26,25,1
S01013340,Electric (including storage heaters) central heating,16,2,14,15,1,14,0,0,0,1,1,0
S01013340,Oil central heating,0,0,0,0,0,0,0,0,0,0,0,0
S01013340,Solid fuel (for example wood coal) central heating,0,0,0,0,0,0,0,0,0,0,0,0
S01013340,Other central heating,0,0,0,0,0,0,0,0,0,0,0,0
S01013340,Two or more types of central heating,2,0,2,2,0,2,0,0,0,0,0,0
S01013341,All people in households,898,119,779,808,51,757,60,40,20,30,28,2
S01013341,No central heating,20,2,18,19,1,18,0,0,0,1,1,0
S01013341,Gas central heating,735,96,639,659,36,623,50,36,14,26,24,2
S01013341,Electric (including storage heaters) central heating,127,18,109,114,11,103,10,4,6,3,3,0
S01013341,Oil central heating,0,0,0,0,0,0,0,0,0,0,0,0
S01013341,Solid fuel (for example wood coal) central heating,0,0,0,0,0,0,0,0,0,0,0,0
S01013341,Other central heating,0,0,0,0,0,0,0,0,0,0,0,0
S01013341,Two or more types of central heating,16,3,13,16,3,13,0,0,0,0,0,0
S01013342,All people in households,644,163,481,499,44,455,88,62,26,57,57,0
S01013342,No central heating,0,0,0,0,0,0,0,0,0,0,0,0
S01013342,Gas central heating,608,141,467,475,33,442,82,57,25,51,51,0
S01013342,Electric (including storage heaters) central heating,5,2,3,4,1,3,0,0,0,1,1,0
S01013342,Oil central heating,2,0,2,2,0,2,0,0,0,0,0,0
S01013342,Solid fuel (for example wood coal) central heating,0,0,0,0,0,0,0,0,0,0,0,0
S01013342,Other central heating,0,0,0,0,0,0,0,0,0,0,0,0
S01013342,Two or more types of central heating,29,20,9,18,10,8,6,5,1,5,5,0
S01013343,All people in households,673,113,560,568,35,533,73,46,27,32,32,0
S01013343,No central heating,4,0,4,4,0,4,0,0,0,0,0,0
S01013343,Gas central heating,641,109,532,540,34,506,70,44,26,31,31,0
S01013343,Electric (including storage heaters) central heating,14,0,14,14,0,14,0,0,0,0,0,0
S01013343,Oil central heating,0,0,0,0,0,0,0,0,0,0,0,0
S01013343,Solid fuel (for example wood coal) central heating,0,0,0,0,0,0,0,0,0,0,0,0
S01013343,Other central heating,2,1,1,1,0,1,1,1,0,0,0,0
S01013343,Two or more types of central heating,12,3,9,9,1,8,2,1,1,1,1,0
S01013344,All people in households,792,229,563,586,63,523,138,99,39,68,67,1
S01013344,No central heating,1,0,1,0,0,0,1,0,1,0,0,0
S01013344,Gas central heating,747,211,536,557,57,500,127,92,35,63,62,1
S01013344,Electric (including storage heaters) central heating,15,10,5,8,4,4,4,3,1,3,3,0
S01013344,Oil central heating,0,0,0,0,0,0,0,0,0,0,0,0
S01013344,Solid fuel (for example wood coal) central heating,6,0,6,4,0,4,2,0,2,0,0,0
S01013344,Other central heating,6,2,4,4,0,4,2,2,0,0,0,0
S01013344,Two or more types of central heating,17,6,11,13,2,11,2,2,0,2,2,0
S01013345,All people in households,762,130,632,641,41,600,82,50,32,39,39,0
S01013345,No central heating,2,0,2,2,0,2,0,0,0,0,0,0
S01013345,Gas central heating,718,121,597,606,37,569,77,49,28,35,35,0
S01013345,Electric (including storage heaters) central heating,5,4,1,0,0,0,1,0,1,4,4,0
S01013345,Oil central heating,0,0,0,0,0,0,0,0,0,0,0,0
S01013345,Solid fuel (for example wood coal) central heating,0,0,0,0,0,0,0,0,0,0,0,0
S01013345,Other central heating,16,1,15,14,0,14,2,1,1,0,0,0
S01013345,Two or more types of central heating,21,4,17,19,4,15,2,0,2,0,0,0
S01013346,All people in households,881,69,812,811,25,786,49,25,24,21,19,2
S01013346,No central heating,0,0,0,0,0,0,0,0,0,0,0,0
S01013346,Gas central heating,857,68,789,789,25,764,48,25,23,20,18,2
S01013346,Electric (including storage heaters) central heating,11,0,11,10,0,10,1,0,1,0,0,0
S01013346,Oil central heating,0,0,0,0,0,0,0,0,0,0,0,0
S01013346,Solid fuel (for example wood coal) central heating,0,0,0,0,0,0,0,0,0,0,0,0
S01013346,Other central heating,0,0,0,0,0,0,0,0,0,0,0,0
S01013346,Two or more types of central heating,13,1,12,12,0,12,0,0,0,1,1,0
S01013347,All people in households,700,92,608,616,39,577,71,40,31,13,13,0
S01013347,No central heating,31,2,29,30,1,29,1,1,0,0,0,0
S01013347,Gas central heating,548,70,478,488,30,458,50,30,20,10,10,0
S01013347,Electric (including storage heaters) central heating,116,20,96,94,8,86,19,9,10,3,3,0
S01013347,Oil central heating,0,0,0,0,0,0,0,0,0,0,0,0
S01013347,Solid fuel (for example wood coal) central heating,0,0,0,0,0,0,0,0,0,0,0,0
S01013347,Other central heating,0,0,0,0,0,0,0,0,0,0,0,0
S01013347,Two or more types of central heating,5,0,5,4,0,4,1,0,1,0,0,0
S01013348,All people in households,470,45,425,433,20,413,30,18,12,7,7,0
S01013348,No central heating,3,1,2,2,0,2,1,1,0,0,0,0
S01013348,Gas central heating,416,34,382,386,16,370,24,12,12,6,6,0
S01013348,Electric (including storage heaters) central heating,11,3,8,10,2,8,1,1,0,0,0,0
S01013348,Oil central heating,26,4,22,23,1,22,3,3,0,0,0,0
S01013348,Solid fuel (for example wood coal) central heating,11,3,8,9,1,8,1,1,0,1,1,0
S01013348,Other central heating,0,0,0,0,0,0,0,0,0,0,0,0
S01013348,Two or more types of central heating,3,0,3,3,0,3,0,0,0,0,0,0
S01013349,All people in households,785,64,721,730,32,698,38,15,23,17,17,0
S01013349,No central heating,4,0,4,4,0,4,0,0,0,0,0,0
S01013349,Gas central heating,526,51,475,484,24,460,29,14,15,13,13,0
S01013349,Electric (including storage heaters) central heating,239,10,229,229,8,221,8,0,8,2,2,0
S01013349,Oil central heating,0,0,0,0,0,0,0,0,0,0,0,0
S01013349,Solid fuel (for example wood coal) central heating,0,0,0,0,0,0,0,0,0,0,0,0
S01013349,Other central heating,2,0,2,2,0,2,0,0,0,0,0,0
S01013349,Two or more types of central heating,14,3,11,11,0,11,1,1,0,2,2,0
S01013350,All people in households,662,119,543,542,30,512,85,59,26,35,30,5
S01013350,No central heating,0,0,0,0,0,0,0,0,0,0,0,0
S01013350,Gas central heating,598,84,514,510,21,489,62,38,24,26,25,1
S01013350,Electric (including storage heaters) central heating,44,31,13,18,8,10,20,19,1,6,4,2
S01013350,Oil central heating,0,0,0,0,0,0,0,0,0,0,0,0
S01013350,Solid fuel (for example wood coal) central heating,0,0,0,0,0,0,0,0,0,0,0,0
S01013350,Other central heating,6,0,6,5,0,5,1,0,1,0,0,0
S01013350,Two or more types of central heating,14,4,10,9,1,8,2,2,0,3,1,2
S01013351,All people in households,784,149,635,664,53,611,87,63,24,33,33,0
S01013351,No central heating,1,0,1,1,0,1,0,0,0,0,0,0
S01013351,Gas central heating,757,147,610,637,51,586,87,63,24,33,33,0
S01013351,Electric (including storage heaters) central heating,8,1,7,8,1,7,0,0,0,0,0,0
S01013351,Oil central heating,0,0,0,0,0,0,0,0,0,0,0,0
S01013351,Solid fuel (for example wood coal) central heating,0,0,0,0,0,0,0,0,0,0,0,0
S01013351,Other central heating,3,0,3,3,0,3,0,0,0,0,0,0
S01013351,Two or more types of central heating,15,1,14,15,1,14,0,0,0,0,0,0
S01013352,All people in households,897,147,750,762,47,715,92,60,32,43,40,3
S01013352,No central heating,5,0,5,5,0,5,0,0,0,0,0,0
S01013352,Gas central heating,861,146,715,728,47,681,90,59,31,43,40,3
S01013352,Electric (including storage heaters) central heating,0,0,0,0,0,0,0,0,0,0,0,0
S01013352,Oil central heating,0,0,0,0,0,0,0,0,0,0,0,0
S01013352,Solid fuel (for example wood coal) central heating,0,0,0,0,0,0,0,0,0,0,0,0
S01013352,Other central heating,22,1,21,21,0,21,1,1,0,0,0,0
S01013352,Two or more types of central heating,9,0,9,8,0,8,1,0,1,0,0,0
S01013353,All people in households,669,152,517,518,35,483,106,75,31,45,42,3
S01013353,No central heating,0,0,0,0,0,0,0,0,0,0,0,0
S01013353,Gas central heating,649,147,502,507,34,473,101,73,28,41,40,1
S01013353,Electric (including storage heaters) central heating,2,0,2,1,0,1,1,0,1,0,0,0
S01013353,Oil central heating,0,0,0,0,0,0,0,0,0,0,0,0
S01013353,Solid fuel (for example wood coal) central heating,0,0,0,0,0,0,0,0,0,0,0,0
S01013353,Other central heating,0,0,0,0,0,0,0,0,0,0,0,0
S01013353,Two or more types of central heating,18,5,13,10,1,9,4,2,2,4,2,2
S01013354,All people in households,727,127,600,602,31,571,89,60,29,36,36,0
S01013354,No central heating,0,0,0,0,0,0,0,0,0,0,0,0
S01013354,Gas central heating,703,120,583,585,30,555,84,56,28,34,34,0
S01013354,Electric (including storage heaters) central heating,6,1,5,4,0,4,1,0,1,1,1,0
S01013354,Oil central heating,0,0,0,0,0,0,0,0,0,0,0,0
S01013354,Solid fuel (for example wood coal) central heating,0,0,0,0,0,0,0,0,0,0,0,0
S01013354,Other central heating,7,3,4,5,1,4,1,1,0,1,1,0
S01013354,Two or more types of central heating,11,3,8,8,0,8,3,3,0,0,0,0
S01013355,All people in households,653,123,530,546,40,506,70,47,23,37,36,1
S01013355,No central heating,1,0,1,0,0,0,1,0,1,0,0,0
S01013355,Gas central heating,628,116,512,526,37,489,67,45,22,35,34,1
S01013355,Electric (including storage heaters) central heating,3,0,3,3,0,3,0,0,0,0,0,0
S01013355,Oil central heating,2,0,2,2,0,2,0,0,0,0,0,0
S01013355,Solid fuel (for example wood coal) central heating,3,1,2,3,1,2,0,0,0,0,0,0
S01013355,Other central heating,0,0,0,0,0,0,0,0,0,0,0,0
S01013355,Two or more types of central heating,16,6,10,12,2,10,2,2,0,2,2,0
S01013356,All people in households,754,141,613,619,41,578,88,54,34,47,46,1
S01013356,No central heating,0,0,0,0,0,0,0,0,0,0,0,0
S01013356,Gas central heating,688,124,564,570,37,533,79,48,31,39,39,0
S01013356,Electric (including storage heaters) central heating,41,9,32,30,0,30,8,6,2,3,3,0
S01013356,Oil central heating,5,2,3,4,1,3,0,0,0,1,1,0
S01013356,Solid fuel (for example wood coal) central heating,9,2,7,6,0,6,0,0,0,3,2,1
S01013356,Other central heating,1,1,0,1,1,0,0,0,0,0,0,0
S01013356,Two or more types of central heating,10,3,7,8,2,6,1,0,1,1,1,0
S01013357,All people in households,827,164,663,705,67,638,79,55,24,43,42,1
S01013357,No central heating,3,1,2,2,0,2,1,1,0,0,0,0
S01013357,Gas central heating,759,153,606,645,63,582,73,50,23,41,40,1
S01013357,Electric (including storage heaters) central heating,21,1,20,20,0,20,1,1,0,0,0,0
S01013357,Oil central heating,18,2,16,16,0,16,0,0,0,2,2,0
S01013357,Solid fuel (for example wood coal) central heating,11,3,8,10,2,8,1,1,0,0,0,0
S01013357,Other central heating,5,1,4,4,1,3,1,0,1,0,0,0
S01013357,Two or more types of central heating,10,3,7,8,1,7,2,2,0,0,0,0
S01013358,All people in households,811,201,610,623,63,560,130,81,49,58,57,1
S01013358,No central heating,2,0,2,2,0,2,0,0,0,0,0,0
S01013358,Gas central heating,721,188,533,546,59,487,119,74,45,56,55,1
S01013358,Electric (including storage heaters) central heating,75,9,66,65,3,62,9,5,4,1,1,0
S01013358,Oil central heating,0,0,0,0,0,0,0,0,0,0,0,0
S01013358,Solid fuel (for example wood coal) central heating,5,1,4,4,0,4,1,1,0,0,0,0
S01013358,Other central heating,1,1,0,0,0,0,1,1,0,0,0,0
S01013358,Two or more types of central heating,7,2,5,6,1,5,0,0,0,1,1,0
S01013359,All people in households,621,181,440,461,47,414,103,78,25,57,56,1
S01013359,No central heating,5,0,5,4,0,4,1,0,1,0,0,0
S01013359,Gas central heating,597,174,423,444,46,398,98,74,24,55,54,1
S01013359,Electric (including storage heaters) central heating,5,3,2,3,1,2,1,1,0,1,1,0
S01013359,Oil central heating,0,0,0,0,0,0,0,0,0,0,0,0
S01013359,Solid fuel (for example wood coal) central heating,8,2,6,6,0,6,1,1,0,1,1,0
S01013359,Other central heating,0,0,0,0,0,0,0,0,0,0,0,0
S01013359,Two or more types of central heating,6,2,4,4,0,4,2,2,0,0,0,0
S01013360,All people in households,687,190,497,509,46,463,106,73,33,72,71,1
S01013360,No central heating,3,2,1,1,0,1,0,0,0,2,2,0
S01013360,Gas central heating,640,176,464,476,45,431,99,67,32,65,64,1
S01013360,Electric (including storage heaters) central heating,19,3,16,16,1,15,2,1,1,1,1,0
S01013360,Oil central heating,0,0,0,0,0,0,0,0,0,0,0,0
S01013360,Solid fuel (for example wood coal) central heating,12,6,6,6,0,6,2,2,0,4,4,0
S01013360,Other central heating,5,0,5,5,0,5,0,0,0,0,0,0
S01013360,Two or more types of central heating,8,3,5,5,0,5,3,3,0,0,0,0
S01013361,All people in households,545,167,378,386,40,346,94,66,28,65,61,4
S01013361,No central heating,1,0,1,1,0,1,0,0,0,0,0,0
S01013361,Gas central heating,433,138,295,301,28,273,73,54,19,59,56,3
S01013361,Electric (including storage heaters) central heating,108,29,79,82,12,70,20,12,8,6,5,1
S01013361,Oil central heating,0,0,0,0,0,0,0,0,0,0,0,0
S01013361,Solid fuel (for example wood coal) central heating,0,0,0,0,0,0,0,0,0,0,0,0
S01013361,Other central heating,0,0,0,0,0,0,0,0,0,0,0,0
S01013361,Two or more types of central heating,3,0,3,2,0,2,1,0,1,0,0,0
S01013362,All people in households,494,122,372,370,20,350,76,54,22,48,48,0
S01013362,No central heating,0,0,0,0,0,0,0,0,0,0,0,0
S01013362,Gas central heating,465,117,348,352,20,332,70,54,16,43,43,0
S01013362,Electric (including storage heaters) central heating,6,2,4,2,0,2,2,0,2,2,2,0
S01013362,Oil central heating,0,0,0,0,0,0,0,0,0,0,0,0
S01013362,Solid fuel (for example wood coal) central heating,3,1,2,1,0,1,1,0,1,1,1,0
S01013362,Other central heating,0,0,0,0,0,0,0,0,0,0,0,0
S01013362,Two or more types of central heating,20,2,18,15,0,15,3,0,3,2,2,0
S01013363,All people in households,753,174,579,578,36,542,114,77,37,61,61,0
S01013363,No central heating,0,0,0,0,0,0,0,0,0,0,0,0
S01013363,Gas central heating,693,160,533,531,31,500,107,74,33,55,55,0
S01013363,Electric (including storage heaters) central heating,15,5,10,11,2,9,2,1,1,2,2,0
S01013363,Oil central heating,0,0,0,0,0,0,0,0,0,0,0,0
S01013363,Solid fuel (for example wood coal) central heating,8,1,7,7,1,6,1,0,1,0,0,0
S01013363,Other central heating,4,1,3,3,0,3,0,0,0,1,1,0
S01013363,Two or more types of central heating,33,7,26,26,2,24,4,2,2,3,3,0
S01013364,All people in households,903,175,728,754,61,693,98,63,35,51,51,0
S01013364,No central heating,0,0,0,0,0,0,0,0,0,0,0,0
S01013364,Gas central heating,890,172,718,744,60,684,95,61,34,51,51,0
S01013364,Electric (including storage heaters) central heating,1,0,1,1,0,1,0,0,0,0,0,0
S01013364,Oil central heating,0,0,0,0,0,0,0,0,0,0,0,0
S01013364,Solid fuel (for example wood coal) central heating,2,1,1,2,1,1,0,0,0,0,0,0
S01013364,Other central heating,0,0,0,0,0,0,0,0,0,0,0,0
S01013364,Two or more types of central heating,10,2,8,7,0,7,3,2,1,0,0,0
S01013365,All people in households,779,134,645,657,47,610,88,54,34,34,33,1
S01013365,No central heating,10,4,6,5,0,5,4,3,1,1,1,0
S01013365,Gas central heating,624,104,520,526,35,491,67,39,28,31,30,1
S01013365,Electric (including storage heaters) central heating,59,13,46,48,4,44,10,8,2,1,1,0
S01013365,Oil central heating,56,9,47,53,6,47,3,3,0,0,0,0
S01013365,Solid fuel (for example wood coal) central heating,12,1,11,10,0,10,1,0,1,1,1,0
S01013365,Other central heating,5,1,4,4,0,4,1,1,0,0,0,0
S01013365,Two or more types of central heating,13,2,11,11,2,9,2,0,2,0,0,0
S01013366,All people in households,888,121,767,778,42,736,72,42,30,38,37,1
S01013366,No central heating,0,0,0,0,0,0,0,0,0,0,0,0
S01013366,Gas central heating,855,117,738,751,41,710,68,41,27,36,35,1
S01013366,Electric (including storage heaters) central heating,11,2,9,8,1,7,3,1,2,0,0,0
S01013366,Oil central heating,0,0,0,0,0,0,0,0,0,0,0,0
S01013366,Solid fuel (for example wood coal) central heating,0,0,0,0,0,0,0,0,0,0,0,0
S01013366,Other central heating,0,0,0,0,0,0,0,0,0,0,0,0
S01013366,Two or more types of central heating,22,2,20,19,0,19,1,0,1,2,2,0
S01013367,All people in households,584,66,518,521,25,496,45,23,22,18,18,0
S01013367,No central heating,6,1,5,5,0,5,0,0,0,1,1,0
S01013367,Gas central heating,511,48,463,457,15,442,42,21,21,12,12,0
S01013367,Electric (including storage heaters) central heating,33,10,23,27,5,22,2,1,1,4,4,0
S01013367,Oil central heating,27,3,24,25,1,24,1,1,0,1,1,0
S01013367,Solid fuel (for example wood coal) central heating,0,0,0,0,0,0,0,0,0,0,0,0
S01013367,Other central heating,2,1,1,2,1,1,0,0,0,0,0,0
S01013367,Two or more types of central heating,5,3,2,5,3,2,0,0,0,0,0,0
S01013368,All people in households,719,149,570,571,32,539,111,80,31,37,37,0
S01013368,No central heating,4,2,2,2,0,2,1,1,0,1,1,0
S01013368,Gas central heating,692,139,553,555,31,524,102,73,29,35,35,0
S01013368,Electric (including storage heaters) central heating,6,4,2,3,1,2,3,3,0,0,0,0
S01013368,Oil central heating,7,2,5,3,0,3,4,2,2,0,0,0
S01013368,Solid fuel (for example wood coal) central heating,0,0,0,0,0,0,0,0,0,0,0,0
S01013368,Other central heating,0,0,0,0,0,0,0,0,0,0,0,0
S01013368,Two or more types of central heating,10,2,8,8,0,8,1,1,0,1,1,0
S01013369,All people in households,911,230,681,695,61,634,152,108,44,64,61,3
S01013369,No central heating,5,0,5,5,0,5,0,0,0,0,0,0
S01013369,Gas central heating,863,209,654,662,52,610,142,101,41,59,56,3
S01013369,Electric (including storage heaters) central heating,29,14,15,19,7,12,7,4,3,3,3,0
S01013369,Oil central heating,0,0,0,0,0,0,0,0,0,0,0,0
S01013369,Solid fuel (for example wood coal) central heating,2,1,1,2,1,1,0,0,0,0,0,0
S01013369,Other central heating,2,1,1,1,0,1,1,1,0,0,0,0
S01013369,Two or more types of central heating,10,5,5,6,1,5,2,2,0,2,2,0
S01013370,All people in households,582,139,443,448,37,411,88,56,32,46,46,0
S01013370,No central heating,2,0,2,2,0,2,0,0,0,0,0,0
S01013370,Gas central heating,545,122,423,427,32,395,80,52,28,38,38,0
S01013370,Electric (including storage heaters) central heating,21,11,10,12,3,9,5,4,1,4,4,0
S01013370,Oil central heating,0,0,0,0,0,0,0,0,0,0,0,0
S01013370,Solid fuel (for example wood coal) central heating,0,0,0,0,0,0,0,0,0,0,0,0
S01013370,Other central heating,0,0,0,0,0,0,0,0,0,0,0,0
S01013370,Two or more types of central heating,14,6,8,7,2,5,3,0,3,4,4,0
S01013371,All people in households,661,192,469,472,40,432,136,99,37,53,53,0
S01013371,No central heating,2,1,1,1,0,1,1,1,0,0,0,0
S01013371,Gas central heating,626,180,446,448,37,411,129,94,35,49,49,0
S01013371,Electric (including storage heaters) central heating,14,7,7,5,0,5,6,4,2,3,3,0
S01013371,Oil central heating,0,0,0,0,0,0,0,0,0,0,0,0
S01013371,Solid fuel (for example wood coal) central heating,5,2,3,5,2,3,0,0,0,0,0,0
S01013371,Other central heating,6,2,4,5,1,4,0,0,0,1,1,0
S01013371,Two or more types of central heating,8,0,8,8,0,8,0,0,0,0,0,0
S01013372,All people in households,1094,264,830,841,68,773,155,102,53,98,94,4
S01013372,No central heating,0,0,0,0,0,0,0,0,0,0,0,0
S01013372,Gas central heating,1046,245,801,810,64,746,147,95,52,89,86,3
S01013372,Electric (including storage heaters) central heating,15,8,7,7,0,7,2,2,0,6,6,0
S01013372,Oil central heating,1,0,1,1,0,1,0,0,0,0,0,0
S01013372,Solid fuel (for example wood coal) central heating,7,6,1,2,2,0,5,4,1,0,0,0
S01013372,Other central heating,3,0,3,3,0,3,0,0,0,0,0,0
S01013372,Two or more types of central heating,22,5,17,18,2,16,1,1,0,3,2,1
S01013373,All people in households,925,234,691,673,52,621,176,108,68,76,74,2
S01013373,No central heating,12,5,7,7,2,5,4,2,2,1,1,0
S01013373,Gas central heating,879,218,661,646,49,597,165,102,63,68,67,1
S01013373,Electric (including storage heaters) central heating,13,6,7,7,0,7,4,4,0,2,2,0
S01013373,Oil central heating,1,0,1,0,0,0,1,0,1,0,0,0
S01013373,Solid fuel (for example wood coal) central heating,8,2,6,4,0,4,2,0,2,2,2,0
S01013373,Other central heating,3,0,3,3,0,3,0,0,0,0,0,0
S01013373,Two or more types of central heating,9,3,6,6,1,5,0,0,0,3,2,1
S01013374,All people in households,959,269,690,699,56,643,174,130,44,86,83,3
S01013374,No central heating,2,2,0,0,0,0,1,1,0,1,1,0
S01013374,Gas central heating,877,232,645,650,48,602,148,108,40,79,76,3
S01013374,Electric (including storage heaters) central heating,54,27,27,29,5,24,20,17,3,5,5,0
S01013374,Oil central heating,0,0,0,0,0,0,0,0,0,0,0,0
S01013374,Solid fuel (for example wood coal) central heating,2,1,1,1,1,0,1,0,1,0,0,0
S01013374,Other central heating,1,1,0,0,0,0,1,1,0,0,0,0
S01013374,Two or more types of central heating,23,6,17,19,2,17,3,3,0,1,1,0
S01013375,All people in households,574,138,436,449,44,405,90,59,31,35,35,0
S01013375,No central heating,1,0,1,0,0,0,1,0,1,0,0,0
S01013375,Gas central heating,526,127,399,410,40,370,86,57,29,30,30,0
S01013375,Electric (including storage heaters) central heating,30,8,22,24,3,21,3,2,1,3,3,0
S01013375,Oil central heating,0,0,0,0,0,0,0,0,0,0,0,0
S01013375,Solid fuel (for example wood coal) central heating,0,0,0,0,0,0,0,0,0,0,0,0
S01013375,Other central heating,0,0,0,0,0,0,0,0,0,0,0,0
S01013375,Two or more types of central heating,17,3,14,15,1,14,0,0,0,2,2,0
S01013376,All people in households,594,151,443,432,29,403,117,78,39,45,44,1
S01013376,No central heating,0,0,0,0,0,0,0,0,0,0,0,0
S01013376,Gas central heating,565,144,421,410,26,384,112,76,36,43,42,1
S01013376,Electric (including storage heaters) central heating,3,1,2,1,0,1,2,1,1,0,0,0
S01013376,Oil central heating,1,0,1,1,0,1,0,0,0,0,0,0
S01013376,Solid fuel (for example wood coal) central heating,11,2,9,9,0,9,1,1,0,1,1,0
S01013376,Other central heating,0,0,0,0,0,0,0,0,0,0,0,0
S01013376,Two or more types of central heating,14,4,10,11,3,8,2,0,2,1,1,0
S01013377,All people in households,772,212,560,572,52,520,144,107,37,56,53,3
S01013377,No central heating,1,0,1,1,0,1,0,0,0,0,0,0
S01013377,Gas central heating,713,194,519,531,48,483,132,98,34,50,48,2
S01013377,Electric (including storage heaters) central heating,17,6,11,11,2,9,4,3,1,2,1,1
S01013377,Oil central heating,0,0,0,0,0,0,0,0,0,0,0,0
S01013377,Solid fuel (for example wood coal) central heating,19,6,13,12,1,11,6,4,2,1,1,0
S01013377,Other central heating,0,0,0,0,0,0,0,0,0,0,0,0
S01013377,Two or more types of central heating,22,6,16,17,1,16,2,2,0,3,3,0
S01013378,All people in households,973,171,802,806,52,754,117,70,47,50,49,1
S01013378,No central heating,0,0,0,0,0,0,0,0,0,0,0,0
S01013378,Gas central heating,937,161,776,781,49,732,109,66,43,47,46,1
S01013378,Electric (including storage heaters) central heating,13,2,11,8,0,8,4,1,3,1,1,0
S01013378,Oil central heating,7,2,5,6,1,5,1,1,0,0,0,0
S01013378,Solid fuel (for example wood coal) central heating,4,1,3,2,0,2,1,0,1,1,1,0
S01013378,Other central heating,0,0,0,0,0,0,0,0,0,0,0,0
S01013378,Two or more types of central heating,12,5,7,9,2,7,2,2,0,1,1,0
S01013379,All people in households,826,136,690,678,35,643,108,64,44,40,37,3
S01013379,No central heating,4,1,3,3,0,3,0,0,0,1,1,0
S01013379,Gas central heating,785,126,659,646,32,614,105,62,43,34,32,2
S01013379,Electric (including storage heaters) central heating,10,5,5,7,2,5,1,1,0,2,2,0
S01013379,Oil central heating,4,1,3,3,0,3,0,0,0,1,1,0
S01013379,Solid fuel (for example wood coal) central heating,2,0,2,2,0,2,0,0,0,0,0,0
S01013379,Other central heating,0,0,0,0,0,0,0,0,0,0,0,0
S01013379,Two or more types of central heating,21,3,18,17,1,16,2,1,1,2,1,1
S01013380,All people in households,108,14,94,91,4,87,14,7,7,3,3,0
S01013380,No central heating,0,0,0,0,0,0,0,0,0,0,0,0
S01013380,Gas central heating,52,3,49,48,1,47,3,1,2,1,1,0
S01013380,Electric (including storage heaters) central heating,0,0,0,0,0,0,0,0,0,0,0,0
S01013380,Oil central heating,42,6,36,34,2,32,8,4,4,0,0,0
S01013380,Solid fuel (for example wood coal) central heating,4,3,1,0,0,0,2,1,1,2,2,0
S01013380,Other central heating,3,2,1,2,1,1,1,1,0,0,0,0
S01013380,Two or more types of central heating,7,0,7,7,0,7,0,0,0,0,0,0
S01013381,All people in households,489,108,381,379,25,354,79,53,26,31,30,1
S01013381,No central heating,0,0,0,0,0,0,0,0,0,0,0,0
S01013381,Gas central heating,465,106,359,357,24,333,78,53,25,30,29,1
S01013381,Electric (including storage heaters) central heating,5,1,4,4,0,4,0,0,0,1,1,0
S01013381,Oil central heating,0,0,0,0,0,0,0,0,0,0,0,0
S01013381,Solid fuel (for example wood coal) central heating,9,1,8,9,1,8,0,0,0,0,0,0
S01013381,Other central heating,0,0,0,0,0,0,0,0,0,0,0,0
S01013381,Two or more types of central heating,10,0,10,9,0,9,1,0,1,0,0,0
S01013382,All people in households,553,99,454,462,27,435,59,41,18,32,31,1
S01013382,No central heating,0,0,0,0,0,0,0,0,0,0,0,0
S01013382,Gas central heating,532,94,438,444,24,420,57,40,17,31,30,1
S01013382,Electric (including storage heaters) central heating,9,3,6,7,2,5,2,1,1,0,0,0
S01013382,Oil central heating,0,0,0,0,0,0,0,0,0,0,0,0
S01013382,Solid fuel (for example wood coal) central heating,0,0,0,0,0,0,0,0,0,0,0,0
S01013382,Other central heating,4,0,4,4,0,4,0,0,0,0,0,0
S01013382,Two or more types of central heating,8,2,6,7,1,6,0,0,0,1,1,0
S01013383,All people in households,679,234,445,474,52,422,123,101,22,82,81,1
S01013383,No central heating,1,1,0,1,1,0,0,0,0,0,0,0
S01013383,Gas central heating,639,221,418,447,48,399,115,97,18,77,76,1
S01013383,Electric (including storage heaters) central heating,14,6,8,8,1,7,2,1,1,4,4,0
S01013383,Oil central heating,0,0,0,0,0,0,0,0,0,0,0,0
S01013383,Solid fuel (for example wood coal) central heating,5,1,4,3,0,3,2,1,1,0,0,0
S01013383,Other central heating,4,2,2,3,2,1,1,0,1,0,0,0
S01013383,Two or more types of central heating,16,3,13,12,0,12,3,2,1,1,1,0
S01013384,All people in households,745,205,540,553,53,500,138,101,37,54,51,3
S01013384,No central heating,4,2,2,2,0,2,2,2,0,0,0,0
S01013384,Gas central heating,691,177,514,525,50,475,122,86,36,44,41,3
S01013384,Electric (including storage heaters) central heating,29,19,10,11,2,9,11,10,1,7,7,0
S01013384,Oil central heating,0,0,0,0,0,0,0,0,0,0,0,0
S01013384,Solid fuel (for example wood coal) central heating,2,0,2,2,0,2,0,0,0,0,0,0
S01013384,Other central heating,11,2,9,10,1,9,1,1,0,0,0,0
S01013384,Two or more types of central heating,8,5,3,3,0,3,2,2,0,3,3,0
S01013385,All people in households,480,73,407,399,17,382,56,31,25,25,25,0
S01013385,No central heating,0,0,0,0,0,0,0,0,0,0,0,0
S01013385,Gas central heating,432,66,366,361,16,345,49,28,21,22,22,0
S01013385,Electric (including storage heaters) central heating,40,5,35,33,0,33,4,2,2,3,3,0
S01013385,Oil central heating,2,0,2,0,0,0,2,0,2,0,0,0
S01013385,Solid fuel (for example wood coal) central heating,3,2,1,2,1,1,1,1,0,0,0,0
S01013385,Other central heating,3,0,3,3,0,3,0,0,0,0,0,0
S01013385,Two or more types of central heating,0,0,0,0,0,0,0,0,0,0,0,0
S01013386,All people in households,855,131,724,744,46,698,81,55,26,30,30,0
S01013386,No central heating,2,1,1,1,0,1,1,1,0,0,0,0
S01013386,Gas central heating,832,126,706,723,43,680,79,53,26,30,30,0
S01013386,Electric (including storage heaters) central heating,8,3,5,7,2,5,1,1,0,0,0,0
S01013386,Oil central heating,6,1,5,6,1,5,0,0,0,0,0,0
S01013386,Solid fuel (for example wood coal) central heating,0,0,0,0,0,0,0,0,0,0,0,0
S01013386,Other central heating,0,0,0,0,0,0,0,0,0,0,0,0
S01013386,Two or more types of central heating,7,0,7,7,0,7,0,0,0,0,0,0
S01013387,All people in households,612,144,468,476,37,439,98,69,29,38,38,0
S01013387,No central heating,4,2,2,2,0,2,2,2,0,0,0,0
S01013387,Gas central heating,592,137,455,462,35,427,94,66,28,36,36,0
S01013387,Electric (including storage heaters) central heating,2,0,2,2,0,2,0,0,0,0,0,0
S01013387,Oil central heating,0,0,0,0,0,0,0,0,0,0,0,0
S01013387,Solid fuel (for example wood coal) central heating,0,0,0,0,0,0,0,0,0,0,0,0
S01013387,Other central heating,0,0,0,0,0,0,0,0,0,0,0,0
S01013387,Two or more types of central heating,14,5,9,10,2,8,2,1,1,2,2,0
S01013388,All people in households,737,184,553,552,45,507,125,79,46,60,60,0
S01013388,No central heating,11,1,10,7,0,7,3,0,3,1,1,0
S01013388,Gas central heating,676,155,521,521,40,481,105,65,40,50,50,0
S01013388,Electric (including storage heaters) central heating,38,23,15,15,3,12,14,11,3,9,9,0
S01013388,Oil central heating,1,1,0,1,1,0,0,0,0,0,0,0
S01013388,Solid fuel (for example wood coal) central heating,0,0,0,0,0,0,0,0,0,0,0,0
S01013388,Other central heating,6,2,4,5,1,4,1,1,0,0,0,0
S01013388,Two or more types of central heating,5,2,3,3,0,3,2,2,0,0,0,0
S01013389,All people in households,757,136,621,614,36,578,103,64,39,40,36,4
S01013389,No central heating,1,1,0,1,1,0,0,0,0,0,0,0
S01013389,Gas central heating,708,128,580,576,34,542,94,59,35,38,35,3
S01013389,Electric (including storage heaters) central heating,3,1,2,2,0,2,1,1,0,0,0,0
S01013389,Oil central heating,4,0,4,1,0,1,3,0,3,0,0,0
S01013389,Solid fuel (for example wood coal) central heating,2,1,1,1,0,1,1,1,0,0,0,0
S01013389,Other central heating,29,2,27,27,1,26,1,0,1,1,1,0
S01013389,Two or more types of central heating,10,3,7,6,0,6,3,3,0,1,0,1
S01013390,All people in households,459,110,349,349,26,323,71,45,26,39,39,0
S01013390,No central heating,0,0,0,0,0,0,0,0,0,0,0,0
S01013390,Gas central heating,444,102,342,343,26,317,66,41,25,35,35,0
S01013390,Electric (including storage heaters) central heating,5,2,3,3,0,3,2,2,0,0,0,0
S01013390,Oil central heating,0,0,0,0,0,0,0,0,0,0,0,0
S01013390,Solid fuel (for example wood coal) central heating,1,1,0,0,0,0,1,1,0,0,0,0
S01013390,Other central heating,1,1,0,0,0,0,0,0,0,1,1,0
S01013390,Two or more types of central heating,8,4,4,3,0,3,2,1,1,3,3,0
S01013391,All people in households,435,88,347,357,30,327,56,37,19,22,21,1
S01013391,No central heating,0,0,0,0,0,0,0,0,0,0,0,0
S01013391,Gas central heating,355,77,278,284,24,260,49,32,17,22,21,1
S01013391,Electric (including storage heaters) central heating,16,6,10,13,4,9,3,2,1,0,0,0
S01013391,Oil central heating,49,3,46,46,1,45,3,2,1,0,0,0
S01013391,Solid fuel (for example wood coal) central heating,0,0,0,0,0,0,0,0,0,0,0,0
S01013391,Other central heating,15,2,13,14,1,13,1,1,0,0,0,0
S01013391,Two or more types of central heating,0,0,0,0,0,0,0,0,0,0,0,0
S01013392,All people in households,761,58,703,718,27,691,33,21,12,10,10,0
S01013392,No central heating,3,1,2,2,0,2,0,0,0,1,1,0
S01013392,Gas central heating,738,55,683,697,26,671,32,20,12,9,9,0
S01013392,Electric (including storage heaters) central heating,4,0,4,4,0,4,0,0,0,0,0,0
S01013392,Oil central heating,3,1,2,3,1,2,0,0,0,0,0,0
S01013392,Solid fuel (for example wood coal) central heating,0,0,0,0,0,0,0,0,0,0,0,0
S01013392,Other central heating,0,0,0,0,0,0,0,0,0,0,0,0
S01013392,Two or more types of central heating,13,1,12,12,0,12,1,1,0,0,0,0
S01013393,All people in households,713,155,558,545,27,518,109,71,38,59,57,2
S01013393,No central heating,0,0,0,0,0,0,0,0,0,0,0,0
S01013393,Gas central heating,651,129,522,507,22,485,99,64,35,45,43,2
S01013393,Electric (including storage heaters) central heating,37,25,12,14,5,9,9,6,3,14,14,0
S01013393,Oil central heating,8,0,8,8,0,8,0,0,0,0,0,0
S01013393,Solid fuel (for example wood coal) central heating,4,1,3,3,0,3,1,1,0,0,0,0
S01013393,Other central heating,0,0,0,0,0,0,0,0,0,0,0,0
S01013393,Two or more types of central heating,13,0,13,13,0,13,0,0,0,0,0,0
S01013394,All people in households,680,158,522,534,42,492,97,69,28,49,47,2
S01013394,No central heating,0,0,0,0,0,0,0,0,0,0,0,0
S01013394,Gas central heating,657,153,504,516,41,475,92,65,27,49,47,2
S01013394,Electric (including storage heaters) central heating,8,0,8,8,0,8,0,0,0,0,0,0
S01013394,Oil central heating,6,0,6,6,0,6,0,0,0,0,0,0
S01013394,Solid fuel (for example wood coal) central heating,3,3,0,0,0,0,3,3,0,0,0,0
S01013394,Other central heating,0,0,0,0,0,0,0,0,0,0,0,0
S01013394,Two or more types of central heating,6,2,4,4,1,3,2,1,1,0,0,0
S01013395,All people in households,728,173,555,548,30,518,113,77,36,67,66,1
S01013395,No central heating,0,0,0,0,0,0,0,0,0,0,0,0
S01013395,Gas central heating,705,164,541,532,27,505,109,74,35,64,63,1
S01013395,Electric (including storage heaters) central heating,10,3,7,7,1,6,3,2,1,0,0,0
S01013395,Oil central heating,0,0,0,0,0,0,0,0,0,0,0,0
S01013395,Solid fuel (for example wood coal) central heating,3,1,2,2,0,2,1,1,0,0,0,0
S01013395,Other central heating,0,0,0,0,0,0,0,0,0,0,0,0
S01013395,Two or more types of central heating,10,5,5,7,2,5,0,0,0,3,3,0
S01013396,All people in households,689,44,645,648,19,629,29,13,16,12,12,0
S01013396,No central heating,0,0,0,0,0,0,0,0,0,0,0,0
S01013396,Gas central heating,670,44,626,629,19,610,29,13,16,12,12,0
S01013396,Electric (including storage heaters) central heating,1,0,1,1,0,1,0,0,0,0,0,0
S01013396,Oil central heating,0,0,0,0,0,0,0,0,0,0,0,0
S01013396,Solid fuel (for example wood coal) central heating,0,0,0,0,0,0,0,0,0,0,0,0
S01013396,Other central heating,0,0,0,0,0,0,0,0,0,0,0,0
S01013396,Two or more types of central heating,18,0,18,18,0,18,0,0,0,0,0,0
S01013397,All people in households,858,169,689,690,43,647,112,72,40,56,54,2
S01013397,No central heating,0,0,0,0,0,0,0,0,0,0,0,0
S01013397,Gas central heating,831,164,667,672,43,629,105,69,36,54,52,2
S01013397,Electric (including storage heaters) central heating,2,2,0,0,0,0,1,1,0,1,1,0
S01013397,Oil central heating,0,0,0,0,0,0,0,0,0,0,0,0
S01013397,Solid fuel (for example wood coal) central heating,9,1,8,4,0,4,4,0,4,1,1,0
S01013397,Other central heating,2,0,2,2,0,2,0,0,0,0,0,0
S01013397,Two or more types of central heating,14,2,12,12,0,12,2,2,0,0,0,0
S01013398,All people in households,612,47,565,572,18,554,33,22,11,7,7,0
S01013398,No central heating,0,0,0,0,0,0,0,0,0,0,0,0
S01013398,Gas central heating,605,47,558,565,18,547,33,22,11,7,7,0
S01013398,Electric (including storage heaters) central heating,4,0,4,4,0,4,0,0,0,0,0,0
S01013398,Oil central heating,0,0,0,0,0,0,0,0,0,0,0,0
S01013398,Solid fuel (for example wood coal) central heating,0,0,0,0,0,0,0,0,0,0,0,0
S01013398,Other central heating,0,0,0,0,0,0,0,0,0,0,0,0
S01013398,Two or more types of central heating,3,0,3,3,0,3,0,0,0,0,0,0
S01013399,All people in households,1032,130,902,920,46,874,82,54,28,30,30,0
S01013399,No central heating,0,0,0,0,0,0,0,0,0,0,0,0
S01013399,Gas central heating,1027,128,899,916,45,871,81,53,28,30,30,0
S01013399,Electric (including storage heaters) central heating,0,0,0,0,0,0,0,0,0,0,0,0
S01013399,Oil central heating,0,0,0,0,0,0,0,0,0,0,0,0
S01013399,Solid fuel (for example wood coal) central heating,0,0,0,0,0,0,0,0,0,0,0,0
S01013399,Other central heating,0,0,0,0,0,0,0,0,0,0,0,0
S01013399,Two or more types of central heating,5,2,3,4,1,3,1,1,0,0,0,0
S01013400,All people in households,637,117,520,514,30,484,90,56,34,33,31,2
S01013400,No central heating,2,0,2,2,0,2,0,0,0,0,0,0
S01013400,Gas central heating,614,112,502,496,30,466,86,52,34,32,30,2
S01013400,Electric (including storage heaters) central heating,10,1,9,9,0,9,0,0,0,1,1,0
S01013400,Oil central heating,0,0,0,0,0,0,0,0,0,0,0,0
S01013400,Solid fuel (for example wood coal) central heating,4,1,3,3,0,3,1,1,0,0,0,0
S01013400,Other central heating,2,0,2,2,0,2,0,0,0,0,0,0
S01013400,Two or more types of central heating,5,3,2,2,0,2,3,3,0,0,0,0
S01013401,All people in households,805,74,731,746,31,715,41,27,14,18,16,2
S01013401,No central heating,0,0,0,0,0,0,0,0,0,0,0,0
S01013401,Gas central heating,728,65,663,674,26,648,38,25,13,16,14,2
S01013401,Electric (including storage heaters) central heating,6,1,5,6,1,5,0,0,0,0,0,0
S01013401,Oil central heating,26,3,23,25,2,23,1,1,0,0,0,0
S01013401,Solid fuel (for example wood coal) central heating,2,2,0,0,0,0,1,1,0,1,1,0
S01013401,Other central heating,9,0,9,8,0,8,1,0,1,0,0,0
S01013401,Two or more types of central heating,34,3,31,33,2,31,0,0,0,1,1,0
S01013402,All people in households,1057,67,990,1004,31,973,47,30,17,6,6,0
S01013402,No central heating,0,0,0,0,0,0,0,0,0,0,0,0
S01013402,Gas central heating,1023,65,958,972,30,942,46,30,16,5,5,0
S01013402,Electric (including storage heaters) central heating,10,1,9,9,0,9,0,0,0,1,1,0
S01013402,Oil central heating,1,0,1,1,0,1,0,0,0,0,0,0
S01013402,Solid fuel (for example wood coal) central heating,0,0,0,0,0,0,0,0,0,0,0,0
S01013402,Other central heating,1,0,1,1,0,1,0,0,0,0,0,0
S01013402,Two or more types of central heating,22,1,21,21,1,20,1,0,1,0,0,0
S01013403,All people in households,889,68,821,843,36,807,35,22,13,11,10,1
S01013403,No central heating,0,0,0,0,0,0,0,0,0,0,0,0
S01013403,Gas central heating,863,66,797,819,36,783,35,22,13,9,8,1
S01013403,Electric (including storage heaters) central heating,12,1,11,11,0,11,0,0,0,1,1,0
S01013403,Oil central heating,0,0,0,0,0,0,0,0,0,0,0,0
S01013403,Solid fuel (for example wood coal) central heating,0,0,0,0,0,0,0,0,0,0,0,0
S01013403,Other central heating,0,0,0,0,0,0,0,0,0,0,0,0
S01013403,Two or more types of central heating,14,1,13,13,0,13,0,0,0,1,1,0
S01013404,All people in households,595,55,540,545,19,526,39,26,13,11,10,1
S01013404,No central heating,0,0,0,0,0,0,0,0,0,0,0,0
S01013404,Gas central heating,569,51,518,522,17,505,37,25,12,10,9,1
S01013404,Electric (including storage heaters) central heating,16,2,14,13,0,13,2,1,1,1,1,0
S01013404,Oil central heating,0,0,0,0,0,0,0,0,0,0,0,0
S01013404,Solid fuel (for example wood coal) central heating,0,0,0,0,0,0,0,0,0,0,0,0
S01013404,Other central heating,1,1,0,1,1,0,0,0,0,0,0,0
S01013404,Two or more types of central heating,9,1,8,9,1,8,0,0,0,0,0,0
S01013405,All people in households,663,141,522,529,45,484,105,68,37,29,28,1
S01013405,No central heating,1,0,1,1,0,1,0,0,0,0,0,0
S01013405,Gas central heating,636,126,510,515,41,474,94,59,35,27,26,1
S01013405,Electric (including storage heaters) central heating,17,12,5,8,4,4,8,7,1,1,1,0
S01013405,Oil central heating,0,0,0,0,0,0,0,0,0,0,0,0
S01013405,Solid fuel (for example wood coal) central heating,3,0,3,3,0,3,0,0,0,0,0,0
S01013405,Other central heating,0,0,0,0,0,0,0,0,0,0,0,0
S01013405,Two or more types of central heating,6,3,3,2,0,2,3,2,1,1,1,0
S01013406,All people in households,612,144,468,471,38,433,98,65,33,43,41,2
S01013406,No central heating,5,2,3,2,0,2,2,2,0,1,0,1
S01013406,Gas central heating,579,135,444,452,36,416,86,59,27,41,40,1
S01013406,Electric (including storage heaters) central heating,8,3,5,4,1,3,4,2,2,0,0,0
S01013406,Oil central heating,0,0,0,0,0,0,0,0,0,0,0,0
S01013406,Solid fuel (for example wood coal) central heating,4,0,4,2,0,2,2,0,2,0,0,0
S01013406,Other central heating,4,0,4,4,0,4,0,0,0,0,0,0
S01013406,Two or more types of central heating,12,4,8,7,1,6,4,2,2,1,1,0
S01013407,All people in households,534,137,397,420,41,379,74,57,17,40,39,1
S01013407,No central heating,4,1,3,4,1,3,0,0,0,0,0,0
S01013407,Gas central heating,517,132,385,408,40,368,72,56,16,37,36,1
S01013407,Electric (including storage heaters) central heating,5,2,3,3,0,3,1,1,0,1,1,0
S01013407,Oil central heating,0,0,0,0,0,0,0,0,0,0,0,0
S01013407,Solid fuel (for example wood coal) central heating,4,1,3,2,0,2,1,0,1,1,1,0
S01013407,Other central heating,0,0,0,0,0,0,0,0,0,0,0,0
S01013407,Two or more types of central heating,4,1,3,3,0,3,0,0,0,1,1,0
S01013408,All people in households,658,141,517,516,31,485,94,62,32,48,48,0
S01013408,No central heating,2,0,2,2,0,2,0,0,0,0,0,0
S01013408,Gas central heating,603,130,473,472,28,444,86,57,29,45,45,0
S01013408,Electric (including storage heaters) central heating,34,6,28,28,2,26,6,4,2,0,0,0
S01013408,Oil central heating,0,0,0,0,0,0,0,0,0,0,0,0
S01013408,Solid fuel (for example wood coal) central heating,6,1,5,5,0,5,0,0,0,1,1,0
S01013408,Other central heating,5,3,2,2,0,2,1,1,0,2,2,0
S01013408,Two or more types of central heating,8,1,7,7,1,6,1,0,1,0,0,0
S01013409,All people in households,1052,137,915,921,41,880,99,65,34,32,31,1
S01013409,No central heating,7,1,6,6,0,6,1,1,0,0,0,0
S01013409,Gas central heating,984,121,863,871,37,834,83,55,28,30,29,1
S01013409,Electric (including storage heaters) central heating,31,11,20,19,3,16,10,6,4,2,2,0
S01013409,Oil central heating,0,0,0,0,0,0,0,0,0,0,0,0
S01013409,Solid fuel (for example wood coal) central heating,6,0,6,5,0,5,1,0,1,0,0,0
S01013409,Other central heating,4,0,4,4,0,4,0,0,0,0,0,0
S01013409,Two or more types of central heating,20,4,16,16,1,15,4,3,1,0,0,0
S01013410,All people in households,687,124,563,551,35,516,91,48,43,45,41,4
S01013410,No central heating,4,0,4,4,0,4,0,0,0,0,0,0
S01013410,Gas central heating,635,115,520,508,32,476,84,44,40,43,39,4
S01013410,Electric (including storage heaters) central heating,2,1,1,1,0,1,1,1,0,0,0,0
S01013410,Oil central heating,0,0,0,0,0,0,0,0,0,0,0,0
S01013410,Solid fuel (for example wood coal) central heating,6,0,6,6,0,6,0,0,0,0,0,0
S01013410,Other central heating,2,0,2,2,0,2,0,0,0,0,0,0
S01013410,Two or more types of central heating,38,8,30,30,3,27,6,3,3,2,2,0
S01013411,All people in households,723,117,606,617,37,580,71,45,26,35,35,0
S01013411,No central heating,0,0,0,0,0,0,0,0,0,0,0,0
S01013411,Gas central heating,688,109,579,587,34,553,68,42,26,33,33,0
S01013411,Electric (including storage heaters) central heating,19,6,13,15,2,13,2,2,0,2,2,0
S01013411,Oil central heating,2,0,2,2,0,2,0,0,0,0,0,0
S01013411,Solid fuel (for example wood coal) central heating,0,0,0,0,0,0,0,0,0,0,0,0
S01013411,Other central heating,0,0,0,0,0,0,0,0,0,0,0,0
S01013411,Two or more types of central heating,14,2,12,13,1,12,1,1,0,0,0,0
S01013412,All people in households,797,155,642,673,57,616,84,59,25,40,39,1
S01013412,No central heating,7,2,5,7,2,5,0,0,0,0,0,0
S01013412,Gas central heating,761,145,616,645,53,592,79,55,24,37,37,0
S01013412,Electric (including storage heaters) central heating,9,1,8,7,0,7,1,1,0,1,0,1
S01013412,Oil central heating,0,0,0,0,0,0,0,0,0,0,0,0
S01013412,Solid fuel (for example wood coal) central heating,4,3,1,1,0,1,3,3,0,0,0,0
S01013412,Other central heating,0,0,0,0,0,0,0,0,0,0,0,0
S01013412,Two or more types of central heating,16,4,12,13,2,11,1,0,1,2,2,0
S01013413,All people in households,776,165,611,641,50,591,104,84,20,31,31,0
S01013413,No central heating,0,0,0,0,0,0,0,0,0,0,0,0
S01013413,Gas central heating,732,141,591,618,45,573,85,67,18,29,29,0
S01013413,Electric (including storage heaters) central heating,32,19,13,16,4,12,15,14,1,1,1,0
S01013413,Oil central heating,2,1,1,1,1,0,1,0,1,0,0,0
S01013413,Solid fuel (for example wood coal) central heating,1,0,1,1,0,1,0,0,0,0,0,0
S01013413,Other central heating,0,0,0,0,0,0,0,0,0,0,0,0
S01013413,Two or more types of central heating,9,4,5,5,0,5,3,3,0,1,1,0
S01013414,All people in households,825,234,591,619,72,547,146,104,42,60,58,2
S01013414,No central heating,12,3,9,10,1,9,2,2,0,0,0,0
S01013414,Gas central heating,645,149,496,510,50,460,97,63,34,38,36,2
S01013414,Electric (including storage heaters) central heating,148,74,74,86,20,66,42,34,8,20,20,0
S01013414,Oil central heating,0,0,0,0,0,0,0,0,0,0,0,0
S01013414,Solid fuel (for example wood coal) central heating,0,0,0,0,0,0,0,0,0,0,0,0
S01013414,Other central heating,0,0,0,0,0,0,0,0,0,0,0,0
S01013414,Two or more types of central heating,20,8,12,13,1,12,5,5,0,2,2,0
S01013415,All people in households,649,210,439,464,59,405,119,87,32,66,64,2
S01013415,No central heating,3,2,1,2,1,1,0,0,0,1,1,0
S01013415,Gas central heating,548,178,370,390,49,341,101,74,27,57,55,2
S01013415,Electric (including storage heaters) central heating,82,24,58,59,6,53,17,12,5,6,6,0
S01013415,Oil central heating,0,0,0,0,0,0,0,0,0,0,0,0
S01013415,Solid fuel (for example wood coal) central heating,1,1,0,0,0,0,0,0,0,1,1,0
S01013415,Other central heating,0,0,0,0,0,0,0,0,0,0,0,0
S01013415,Two or more types of central heating,15,5,10,13,3,10,1,1,0,1,1,0
S01013416,All people in households,576,140,436,442,41,401,79,46,33,55,53,2
S01013416,No central heating,2,0,2,0,0,0,2,0,2,0,0,0
S01013416,Gas central heating,532,131,401,409,39,370,71,42,29,52,50,2
S01013416,Electric (including storage heaters) central heating,18,5,13,14,1,13,2,2,0,2,2,0
S01013416,Oil central heating,0,0,0,0,0,0,0,0,0,0,0,0
S01013416,Solid fuel (for example wood coal) central heating,1,1,0,0,0,0,1,1,0,0,0,0
S01013416,Other central heating,0,0,0,0,0,0,0,0,0,0,0,0
S01013416,Two or more types of central heating,23,3,20,19,1,18,3,1,2,1,1,0
S01013417,All people in households,812,183,629,630,41,589,114,79,35,68,63,5
S01013417,No central heating,8,1,7,6,0,6,1,0,1,1,1,0
S01013417,Gas central heating,701,161,540,547,39,508,94,67,27,60,55,5
S01013417,Electric (including storage heaters) central heating,78,13,65,60,1,59,16,10,6,2,2,0
S01013417,Oil central heating,7,1,6,7,1,6,0,0,0,0,0,0
S01013417,Solid fuel (for example wood coal) central heating,0,0,0,0,0,0,0,0,0,0,0,0
S01013417,Other central heating,2,2,0,0,0,0,0,0,0,2,2,0
S01013417,Two or more types of central heating,16,5,11,10,0,10,3,2,1,3,3,0
S01013418,All people in households,642,125,517,536,38,498,76,58,18,30,29,1
S01013418,No central heating,6,1,5,4,0,4,2,1,1,0,0,0
S01013418,Gas central heating,574,111,463,475,29,446,71,55,16,28,27,1
S01013418,Electric (including storage heaters) central heating,13,6,7,11,4,7,1,1,0,1,1,0
S01013418,Oil central heating,8,1,7,7,0,7,0,0,0,1,1,0
S01013418,Solid fuel (for example wood coal) central heating,9,3,6,9,3,6,0,0,0,0,0,0
S01013418,Other central heating,4,0,4,4,0,4,0,0,0,0,0,0
S01013418,Two or more types of central heating,28,3,25,26,2,24,2,1,1,0,0,0
S01013419,All people in households,468,62,406,418,25,393,41,28,13,9,9,0
S01013419,No central heating,0,0,0,0,0,0,0,0,0,0,0,0
S01013419,Gas central heating,451,59,392,404,24,380,38,26,12,9,9,0
S01013419,Electric (including storage heaters) central heating,5,1,4,4,0,4,1,1,0,0,0,0
S01013419,Oil central heating,5,2,3,4,1,3,1,1,0,0,0,0
S01013419,Solid fuel (for example wood coal) central heating,4,0,4,3,0,3,1,0,1,0,0,0
S01013419,Other central heating,0,0,0,0,0,0,0,0,0,0,0,0
S01013419,Two or more types of central heating,3,0,3,3,0,3,0,0,0,0,0,0
S01013420,All people in households,565,110,455,474,34,440,63,48,15,28,28,0
S01013420,No central heating,5,0,5,5,0,5,0,0,0,0,0,0
S01013420,Gas central heating,503,97,406,425,31,394,54,42,12,24,24,0
S01013420,Electric (including storage heaters) central heating,31,6,25,27,2,25,2,2,0,2,2,0
S01013420,Oil central heating,0,0,0,0,0,0,0,0,0,0,0,0
S01013420,Solid fuel (for example wood coal) central heating,0,0,0,0,0,0,0,0,0,0,0,0
S01013420,Other central heating,0,0,0,0,0,0,0,0,0,0,0,0
S01013420,Two or more types of central heating,26,7,19,17,1,16,7,4,3,2,2,0
S01013421,All people in households,804,63,741,764,32,732,28,19,9,12,12,0
S01013421,No central heating,0,0,0,0,0,0,0,0,0,0,0,0
S01013421,Gas central heating,785,61,724,747,32,715,27,18,9,11,11,0
S01013421,Electric (including storage heaters) central heating,6,0,6,6,0,6,0,0,0,0,0,0
S01013421,Oil central heating,0,0,0,0,0,0,0,0,0,0,0,0
S01013421,Solid fuel (for example wood coal) central heating,0,0,0,0,0,0,0,0,0,0,0,0
S01013421,Other central heating,0,0,0,0,0,0,0,0,0,0,0,0
S01013421,Two or more types of central heating,13,2,11,11,0,11,1,1,0,1,1,0
S01013422,All people in households,724,148,576,591,46,545,99,69,30,34,33,1
S01013422,No central heating,4,1,3,2,0,2,2,1,1,0,0,0
S01013422,Gas central heating,714,146,568,584,46,538,96,67,29,34,33,1
S01013422,Electric (including storage heaters) central heating,3,1,2,2,0,2,1,1,0,0,0,0
S01013422,Oil central heating,0,0,0,0,0,0,0,0,0,0,0,0
S01013422,Solid fuel (for example wood coal) central heating,3,0,3,3,0,3,0,0,0,0,0,0
S01013422,Other central heating,0,0,0,0,0,0,0,0,0,0,0,0
S01013422,Two or more types of central heating,0,0,0,0,0,0,0,0,0,0,0,0
S01013423,All people in households,820,148,672,701,54,647,86,61,25,33,33,0
S01013423,No central heating,0,0,0,0,0,0,0,0,0,0,0,0
S01013423,Gas central heating,792,134,658,684,51,633,80,55,25,28,28,0
S01013423,Electric (including storage heaters) central heating,18,11,7,10,3,7,3,3,0,5,5,0
S01013423,Oil central heating,1,0,1,1,0,1,0,0,0,0,0,0
S01013423,Solid fuel (for example wood coal) central heating,4,2,2,2,0,2,2,2,0,0,0,0
S01013423,Other central heating,0,0,0,0,0,0,0,0,0,0,0,0
S01013423,Two or more types of central heating,5,1,4,4,0,4,1,1,0,0,0,0
S01013424,All people in households,494,57,437,451,27,424,35,22,13,8,8,0
S01013424,No central heating,0,0,0,0,0,0,0,0,0,0,0,0
S01013424,Gas central heating,479,53,426,437,24,413,34,21,13,8,8,0
S01013424,Electric (including storage heaters) central heating,11,2,9,11,2,9,0,0,0,0,0,0
S01013424,Oil central heating,0,0,0,0,0,0,0,0,0,0,0,0
S01013424,Solid fuel (for example wood coal) central heating,0,0,0,0,0,0,0,0,0,0,0,0
S01013424,Other central heating,0,0,0,0,0,0,0,0,0,0,0,0
S01013424,Two or more types of central heating,4,2,2,3,1,2,1,1,0,0,0,0
S01013425,All people in households,429,69,360,375,28,347,38,26,12,16,15,1
S01013425,No central heating,8,0,8,8,0,8,0,0,0,0,0,0
S01013425,Gas central heating,397,64,333,348,26,322,36,25,11,13,13,0
S01013425,Electric (including storage heaters) central heating,7,1,6,5,1,4,1,0,1,1,0,1
S01013425,Oil central heating,0,0,0,0,0,0,0,0,0,0,0,0
S01013425,Solid fuel (for example wood coal) central heating,1,1,0,0,0,0,0,0,0,1,1,0
S01013425,Other central heating,0,0,0,0,0,0,0,0,0,0,0,0
S01013425,Two or more types of central heating,16,3,13,14,1,13,1,1,0,1,1,0
S01013426,All people in households,826,192,634,636,46,590,137,93,44,53,53,0
S01013426,No central heating,2,1,1,1,0,1,1,1,0,0,0,0
S01013426,Gas central heating,798,183,615,616,44,572,133,90,43,49,49,0
S01013426,Electric (including storage heaters) central heating,5,1,4,4,0,4,1,1,0,0,0,0
S01013426,Oil central heating,0,0,0,0,0,0,0,0,0,0,0,0
S01013426,Solid fuel (for example wood coal) central heating,1,0,1,0,0,0,1,0,1,0,0,0
S01013426,Other central heating,5,2,3,5,2,3,0,0,0,0,0,0
S01013426,Two or more types of central heating,15,5,10,10,0,10,1,1,0,4,4,0
S01013427,All people in households,452,41,411,420,17,403,25,19,6,7,5,2
S01013427,No central heating,0,0,0,0,0,0,0,0,0,0,0,0
S01013427,Gas central heating,367,32,335,343,13,330,19,15,4,5,4,1
S01013427,Electric (including storage heaters) central heating,16,2,14,12,0,12,3,2,1,1,0,1
S01013427,Oil central heating,35,4,31,33,2,31,2,2,0,0,0,0
S01013427,Solid fuel (for example wood coal) central heating,4,1,3,4,1,3,0,0,0,0,0,0
S01013427,Other central heating,13,1,12,13,1,12,0,0,0,0,0,0
S01013427,Two or more types of central heating,17,1,16,15,0,15,1,0,1,1,1,0
S01013428,All people in households,944,204,740,753,62,691,129,80,49,62,62,0
S01013428,No central heating,1,1,0,0,0,0,1,1,0,0,0,0
S01013428,Gas central heating,837,171,666,671,50,621,110,65,45,56,56,0
S01013428,Electric (including storage heaters) central heating,90,28,62,67,9,58,18,14,4,5,5,0
S01013428,Oil central heating,0,0,0,0,0,0,0,0,0,0,0,0
S01013428,Solid fuel (for example wood coal) central heating,2,0,2,2,0,2,0,0,0,0,0,0
S01013428,Other central heating,8,2,6,8,2,6,0,0,0,0,0,0
S01013428,Two or more types of central heating,6,2,4,5,1,4,0,0,0,1,1,0
S01013429,All people in households,681,128,553,563,34,529,72,50,22,46,44,2
S01013429,No central heating,3,1,2,1,0,1,2,1,1,0,0,0
S01013429,Gas central heating,637,118,519,528,32,496,67,46,21,42,40,2
S01013429,Electric (including storage heaters) central heating,7,1,6,6,0,6,1,1,0,0,0,0
S01013429,Oil central heating,2,0,2,2,0,2,0,0,0,0,0,0
S01013429,Solid fuel (for example wood coal) central heating,4,0,4,4,0,4,0,0,0,0,0,0
S01013429,Other central heating,3,2,1,2,1,1,0,0,0,1,1,0
S01013429,Two or more types of central heating,25,6,19,20,1,19,2,2,0,3,3,0
S01013430,All people in households,693,135,558,565,37,528,82,53,29,46,45,1
S01013430,No central heating,0,0,0,0,0,0,0,0,0,0,0,0
S01013430,Gas central heating,644,123,521,527,35,492,74,46,28,43,42,1
S01013430,Electric (including storage heaters) central heating,8,3,5,5,0,5,2,2,0,1,1,0
S01013430,Oil central heating,10,4,6,6,0,6,3,3,0,1,1,0
S01013430,Solid fuel (for example wood coal) central heating,9,3,6,6,1,5,2,1,1,1,1,0
S01013430,Other central heating,6,0,6,6,0,6,0,0,0,0,0,0
S01013430,Two or more types of central heating,16,2,14,15,1,14,1,1,0,0,0,0
S01013431,All people in households,683,144,539,529,32,497,109,70,39,45,42,3
S01013431,No central heating,2,2,0,0,0,0,1,1,0,1,1,0
S01013431,Gas central heating,609,124,485,472,27,445,98,60,38,39,37,2
S01013431,Electric (including storage heaters) central heating,20,11,9,12,3,9,6,6,0,2,2,0
S01013431,Oil central heating,33,4,29,29,0,29,3,3,0,1,1,0
S01013431,Solid fuel (for example wood coal) central heating,5,0,5,4,0,4,1,0,1,0,0,0
S01013431,Other central heating,8,1,7,7,1,6,0,0,0,1,0,1
S01013431,Two or more types of central heating,6,2,4,5,1,4,0,0,0,1,1,0
S01013432,All people in households,703,131,572,578,37,541,78,50,28,47,44,3
S01013432,No central heating,7,1,6,6,0,6,0,0,0,1,1,0
S01013432,Gas central heating,133,27,106,110,11,99,15,9,6,8,7,1
S01013432,Electric (including storage heaters) central heating,103,21,82,77,3,74,20,14,6,6,4,2
S01013432,Oil central heating,244,26,218,221,9,212,16,10,6,7,7,0
S01013432,Solid fuel (for example wood coal) central heating,154,47,107,109,11,98,22,13,9,23,23,0
S01013432,Other central heating,34,4,30,30,1,29,2,1,1,2,2,0
S01013432,Two or more types of central heating,28,5,23,25,2,23,3,3,0,0,0,0
S01013433,All people in households,746,121,625,637,34,603,79,58,21,30,29,1
S01013433,No central heating,2,1,1,1,0,1,1,1,0,0,0,0
S01013433,Gas central heating,602,96,506,515,27,488,62,45,17,25,24,1
S01013433,Electric (including storage heaters) central heating,27,10,17,16,1,15,8,6,2,3,3,0
S01013433,Oil central heating,54,6,48,52,5,47,2,1,1,0,0,0
S01013433,Solid fuel (for example wood coal) central heating,19,5,14,14,0,14,4,4,0,1,1,0
S01013433,Other central heating,10,0,10,10,0,10,0,0,0,0,0,0
S01013433,Two or more types of central heating,32,3,29,29,1,28,2,1,1,1,1,0
S01013434,All people in households,534,60,474,497,31,466,29,22,7,8,7,1
S01013434,No central heating,6,2,4,4,1,3,1,0,1,1,1,0
S01013434,Gas central heating,187,26,161,171,10,161,11,11,0,5,5,0
S01013434,Electric (including storage heaters) central heating,21,6,15,17,2,15,4,4,0,0,0,0
S01013434,Oil central heating,210,17,193,201,14,187,8,3,5,1,0,1
S01013434,Solid fuel (for example wood coal) central heating,26,4,22,24,2,22,1,1,0,1,1,0
S01013434,Other central heating,46,1,45,44,0,44,2,1,1,0,0,0
S01013434,Two or more types of central heating,38,4,34,36,2,34,2,2,0,0,0,0
S01013435,All people in households,664,49,615,628,23,605,32,22,10,4,4,0
S01013435,No central heating,1,0,1,1,0,1,0,0,0,0,0,0
S01013435,Gas central heating,651,48,603,617,23,594,30,21,9,4,4,0
S01013435,Electric (including storage heaters) central heating,7,0,7,6,0,6,1,0,1,0,0,0
S01013435,Oil central heating,0,0,0,0,0,0,0,0,0,0,0,0
S01013435,Solid fuel (for example wood coal) central heating,0,0,0,0,0,0,0,0,0,0,0,0
S01013435,Other central heating,5,1,4,4,0,4,1,1,0,0,0,0
S01013435,Two or more types of central heating,0,0,0,0,0,0,0,0,0,0,0,0
S01013436,All people in households,884,146,738,745,46,699,101,64,37,38,36,2
S01013436,No central heating,1,1,0,0,0,0,1,1,0,0,0,0
S01013436,Gas central heating,835,135,700,708,43,665,93,60,33,34,32,2
S01013436,Electric (including storage heaters) central heating,21,7,14,13,2,11,5,2,3,3,3,0
S01013436,Oil central heating,10,1,9,10,1,9,0,0,0,0,0,0
S01013436,Solid fuel (for example wood coal) central heating,9,0,9,8,0,8,1,0,1,0,0,0
S01013436,Other central heating,2,0,2,2,0,2,0,0,0,0,0,0
S01013436,Two or more types of central heating,6,2,4,4,0,4,1,1,0,1,1,0
S01013437,All people in households,645,112,533,530,32,498,80,45,35,35,35,0
S01013437,No central heating,7,1,6,7,1,6,0,0,0,0,0,0
S01013437,Gas central heating,569,99,470,468,29,439,71,40,31,30,30,0
S01013437,Electric (including storage heaters) central heating,58,7,51,49,2,47,6,2,4,3,3,0
S01013437,Oil central heating,0,0,0,0,0,0,0,0,0,0,0,0
S01013437,Solid fuel (for example wood coal) central heating,5,5,0,0,0,0,3,3,0,2,2,0
S01013437,Other central heating,0,0,0,0,0,0,0,0,0,0,0,0
S01013437,Two or more types of central heating,6,0,6,6,0,6,0,0,0,0,0,0
S01013438,All people in households,575,128,447,456,29,427,90,70,20,29,29,0
S01013438,No central heating,12,2,10,10,1,9,1,0,1,1,1,0
S01013438,Gas central heating,375,95,280,290,22,268,62,50,12,23,23,0
S01013438,Electric (including storage heaters) central heating,177,30,147,145,5,140,27,20,7,5,5,0
S01013438,Oil central heating,0,0,0,0,0,0,0,0,0,0,0,0
S01013438,Solid fuel (for example wood coal) central heating,3,0,3,3,0,3,0,0,0,0,0,0
S01013438,Other central heating,0,0,0,0,0,0,0,0,0,0,0,0
S01013438,Two or more types of central heating,8,1,7,8,1,7,0,0,0,0,0,0
S01013439,All people in households,899,106,793,812,42,770,69,46,23,18,18,0
S01013439,No central heating,0,0,0,0,0,0,0,0,0,0,0,0
S01013439,Gas central heating,863,98,765,782,40,742,65,42,23,16,16,0
S01013439,Electric (including storage heaters) central heating,17,6,11,12,1,11,3,3,0,2,2,0
S01013439,Oil central heating,7,1,6,6,0,6,1,1,0,0,0,0
S01013439,Solid fuel (for example wood coal) central heating,2,0,2,2,0,2,0,0,0,0,0,0
S01013439,Other central heating,0,0,0,0,0,0,0,0,0,0,0,0
S01013439,Two or more types of central heating,10,1,9,10,1,9,0,0,0,0,0,0
S01013440,All people in households,1012,116,896,919,50,869,68,42,26,25,24,1
S01013440,No central heating,0,0,0,0,0,0,0,0,0,0,0,0
S01013440,Gas central heating,987,107,880,899,46,853,68,42,26,20,19,1
S01013440,Electric (including storage heaters) central heating,9,3,6,6,0,6,0,0,0,3,3,0
S01013440,Oil central heating,8,3,5,6,1,5,0,0,0,2,2,0
S01013440,Solid fuel (for example wood coal) central heating,0,0,0,0,0,0,0,0,0,0,0,0
S01013440,Other central heating,0,0,0,0,0,0,0,0,0,0,0,0
S01013440,Two or more types of central heating,8,3,5,8,3,5,0,0,0,0,0,0
S01013441,All people in households,745,104,641,675,52,623,56,39,17,14,13,1
S01013441,No central heating,0,0,0,0,0,0,0,0,0,0,0,0
S01013441,Gas central heating,693,96,597,631,49,582,50,35,15,12,12,0
S01013441,Electric (including storage heaters) central heating,31,6,25,26,2,24,4,3,1,1,1,0
S01013441,Oil central heating,6,1,5,5,0,5,1,1,0,0,0,0
S01013441,Solid fuel (for example wood coal) central heating,4,0,4,3,0,3,0,0,0,1,0,1
S01013441,Other central heating,1,1,0,1,1,0,0,0,0,0,0,0
S01013441,Two or more types of central heating,10,0,10,9,0,9,1,0,1,0,0,0
S01013442,All people in households,785,110,675,693,45,648,65,39,26,27,26,1
S01013442,No central heating,4,1,3,3,0,3,1,1,0,0,0,0
S01013442,Gas central heating,734,97,637,653,41,612,56,32,24,25,24,1
S01013442,Electric (including storage heaters) central heating,33,10,23,24,3,21,7,5,2,2,2,0
S01013442,Oil central heating,0,0,0,0,0,0,0,0,0,0,0,0
S01013442,Solid fuel (for example wood coal) central heating,0,0,0,0,0,0,0,0,0,0,0,0
S01013442,Other central heating,0,0,0,0,0,0,0,0,0,0,0,0
S01013442,Two or more types of central heating,14,2,12,13,1,12,1,1,0,0,0,0
S01013443,All people in households,635,86,549,568,39,529,48,29,19,19,18,1
S01013443,No central heating,4,1,3,3,0,3,1,1,0,0,0,0
S01013443,Gas central heating,591,80,511,534,38,496,39,25,14,18,17,1
S01013443,Electric (including storage heaters) central heating,24,3,21,17,1,16,7,2,5,0,0,0
S01013443,Oil central heating,6,0,6,6,0,6,0,0,0,0,0,0
S01013443,Solid fuel (for example wood coal) central heating,0,0,0,0,0,0,0,0,0,0,0,0
S01013443,Other central heating,0,0,0,0,0,0,0,0,0,0,0,0
S01013443,Two or more types of central heating,10,2,8,8,0,8,1,1,0,1,1,0
S01013444,All people in households,928,195,733,749,59,690,133,91,42,46,45,1
S01013444,No central heating,18,3,15,15,2,13,3,1,2,0,0,0
S01013444,Gas central heating,806,160,646,657,48,609,110,74,36,39,38,1
S01013444,Electric (including storage heaters) central heating,71,23,48,49,4,45,16,13,3,6,6,0
S01013444,Oil central heating,2,0,2,2,0,2,0,0,0,0,0,0
S01013444,Solid fuel (for example wood coal) central heating,0,0,0,0,0,0,0,0,0,0,0,0
S01013444,Other central heating,5,4,1,3,2,1,2,2,0,0,0,0
S01013444,Two or more types of central heating,26,5,21,23,3,20,2,1,1,1,1,0
S01013445,All people in households,624,94,530,556,36,520,54,45,9,14,13,1
S01013445,No central heating,1,1,0,0,0,0,0,0,0,1,1,0
S01013445,Gas central heating,582,61,521,542,30,512,33,25,8,7,6,1
S01013445,Electric (including storage heaters) central heating,35,28,7,11,5,6,19,18,1,5,5,0
S01013445,Oil central heating,0,0,0,0,0,0,0,0,0,0,0,0
S01013445,Solid fuel (for example wood coal) central heating,1,1,0,1,1,0,0,0,0,0,0,0
S01013445,Other central heating,0,0,0,0,0,0,0,0,0,0,0,0
S01013445,Two or more types of central heating,5,3,2,2,0,2,2,2,0,1,1,0
S01013446,All people in households,713,137,576,573,38,535,104,64,40,36,35,1
S01013446,No central heating,3,0,3,1,0,1,2,0,2,0,0,0
S01013446,Gas central heating,684,133,551,551,37,514,100,63,37,33,33,0
S01013446,Electric (including storage heaters) central heating,3,1,2,2,0,2,1,1,0,0,0,0
S01013446,Oil central heating,5,0,5,5,0,5,0,0,0,0,0,0
S01013446,Solid fuel (for example wood coal) central heating,0,0,0,0,0,0,0,0,0,0,0,0
S01013446,Other central heating,0,0,0,0,0,0,0,0,0,0,0,0
S01013446,Two or more types of central heating,18,3,15,14,1,13,1,0,1,3,2,1
S01013447,All people in households,645,31,614,622,15,607,18,11,7,5,5,0
S01013447,No central heating,3,0,3,3,0,3,0,0,0,0,0,0
S01013447,Gas central heating,630,28,602,609,14,595,17,10,7,4,4,0
S01013447,Electric (including storage heaters) central heating,7,3,4,5,1,4,1,1,0,1,1,0
S01013447,Oil central heating,5,0,5,5,0,5,0,0,0,0,0,0
S01013447,Solid fuel (for example wood coal) central heating,0,0,0,0,0,0,0,0,0,0,0,0
S01013447,Other central heating,0,0,0,0,0,0,0,0,0,0,0,0
S01013447,Two or more types of central heating,0,0,0,0,0,0,0,0,0,0,0,0
S01013448,All people in households,798,164,634,679,65,614,86,66,20,33,33,0
S01013448,No central heating,12,3,9,8,0,8,3,2,1,1,1,0
S01013448,Gas central heating,661,108,553,579,41,538,59,44,15,23,23,0
S01013448,Electric (including storage heaters) central heating,103,50,53,74,23,51,22,20,2,7,7,0
S01013448,Oil central heating,10,2,8,9,1,8,0,0,0,1,1,0
S01013448,Solid fuel (for example wood coal) central heating,0,0,0,0,0,0,0,0,0,0,0,0
S01013448,Other central heating,1,0,1,1,0,1,0,0,0,0,0,0
S01013448,Two or more types of central heating,11,1,10,8,0,8,2,0,2,1,1,0
S01013449,All people in households,640,67,573,582,29,553,46,26,20,12,12,0
S01013449,No central heating,5,0,5,4,0,4,1,0,1,0,0,0
S01013449,Gas central heating,609,60,549,560,28,532,41,24,17,8,8,0
S01013449,Electric (including storage heaters) central heating,25,7,18,17,1,16,4,2,2,4,4,0
S01013449,Oil central heating,0,0,0,0,0,0,0,0,0,0,0,0
S01013449,Solid fuel (for example wood coal) central heating,0,0,0,0,0,0,0,0,0,0,0,0
S01013449,Other central heating,0,0,0,0,0,0,0,0,0,0,0,0
S01013449,Two or more types of central heating,1,0,1,1,0,1,0,0,0,0,0,0
S01013450,All people in households,588,50,538,540,21,519,40,21,19,8,8,0
S01013450,No central heating,10,0,10,10,0,10,0,0,0,0,0,0
S01013450,Gas central heating,544,48,496,498,20,478,38,20,18,8,8,0
S01013450,Electric (including storage heaters) central heating,27,2,25,25,1,24,2,1,1,0,0,0
S01013450,Oil central heating,0,0,0,0,0,0,0,0,0,0,0,0
S01013450,Solid fuel (for example wood coal) central heating,0,0,0,0,0,0,0,0,0,0,0,0
S01013450,Other central heating,0,0,0,0,0,0,0,0,0,0,0,0
S01013450,Two or more types of central heating,7,0,7,7,0,7,0,0,0,0,0,0
S01013451,All people in households,871,95,776,803,43,760,52,36,16,16,16,0
S01013451,No central heating,2,2,0,0,0,0,2,2,0,0,0,0
S01013451,Gas central heating,849,89,760,784,40,744,50,34,16,15,15,0
S01013451,Electric (including storage heaters) central heating,15,3,12,14,2,12,0,0,0,1,1,0
S01013451,Oil central heating,5,1,4,5,1,4,0,0,0,0,0,0
S01013451,Solid fuel (for example wood coal) central heating,0,0,0,0,0,0,0,0,0,0,0,0
S01013451,Other central heating,0,0,0,0,0,0,0,0,0,0,0,0
S01013451,Two or more types of central heating,0,0,0,0,0,0,0,0,0,0,0,0
S01013452,All people in households,779,72,707,722,28,694,38,26,12,19,18,1
S01013452,No central heating,17,2,15,15,0,15,0,0,0,2,2,0
S01013452,Gas central heating,700,63,637,648,24,624,36,24,12,16,15,1
S01013452,Electric (including storage heaters) central heating,21,4,17,19,2,17,1,1,0,1,1,0
S01013452,Oil central heating,25,2,23,24,1,23,1,1,0,0,0,0
S01013452,Solid fuel (for example wood coal) central heating,7,0,7,7,0,7,0,0,0,0,0,0
S01013452,Other central heating,6,1,5,6,1,5,0,0,0,0,0,0
S01013452,Two or more types of central heating,3,0,3,3,0,3,0,0,0,0,0,0
S01013453,All people in households,772,163,609,623,50,573,105,71,34,44,42,2
S01013453,No central heating,5,1,4,3,0,3,1,0,1,1,1,0
S01013453,Gas central heating,720,151,569,584,47,537,97,67,30,39,37,2
S01013453,Electric (including storage heaters) central heating,11,3,8,7,0,7,2,1,1,2,2,0
S01013453,Oil central heating,0,0,0,0,0,0,0,0,0,0,0,0
S01013453,Solid fuel (for example wood coal) central heating,17,5,12,14,2,12,3,3,0,0,0,0
S01013453,Other central heating,4,1,3,4,1,3,0,0,0,0,0,0
S01013453,Two or more types of central heating,15,2,13,11,0,11,2,0,2,2,2,0
S01013454,All people in households,753,100,653,681,55,626,59,32,27,13,13,0
S01013454,No central heating,6,1,5,6,1,5,0,0,0,0,0,0
S01013454,Gas central heating,622,81,541,563,44,519,48,26,22,11,11,0
S01013454,Electric (including storage heaters) central heating,39,8,31,32,4,28,5,2,3,2,2,0
S01013454,Oil central heating,36,3,33,33,1,32,3,2,1,0,0,0
S01013454,Solid fuel (for example wood coal) central heating,11,2,9,10,1,9,1,1,0,0,0,0
S01013454,Other central heating,23,0,23,22,0,22,1,0,1,0,0,0
S01013454,Two or more types of central heating,16,5,11,15,4,11,1,1,0,0,0,0
S01013455,All people in households,560,102,458,473,34,439,65,46,19,22,22,0
S01013455,No central heating,16,6,10,11,1,10,4,4,0,1,1,0
S01013455,Gas central heating,236,45,191,197,12,185,30,24,6,9,9,0
S01013455,Electric (including storage heaters) central heating,68,15,53,53,3,50,11,8,3,4,4,0
S01013455,Oil central heating,151,21,130,137,11,126,10,6,4,4,4,0
S01013455,Solid fuel (for example wood coal) central heating,48,11,37,38,5,33,7,3,4,3,3,0
S01013455,Other central heating,16,1,15,16,1,15,0,0,0,0,0,0
S01013455,Two or more types of central heating,25,3,22,21,1,20,3,1,2,1,1,0
S01013456,All people in households,772,178,594,605,43,562,120,90,30,47,45,2
S01013456,No central heating,4,1,3,3,1,2,1,0,1,0,0,0
S01013456,Gas central heating,711,158,553,566,39,527,101,76,25,44,43,1
S01013456,Electric (including storage heaters) central heating,28,8,20,16,1,15,9,5,4,3,2,1
S01013456,Oil central heating,1,1,0,0,0,0,1,1,0,0,0,0
S01013456,Solid fuel (for example wood coal) central heating,3,3,0,0,0,0,3,3,0,0,0,0
S01013456,Other central heating,2,0,2,2,0,2,0,0,0,0,0,0
S01013456,Two or more types of central heating,23,7,16,18,2,16,5,5,0,0,0,0
S01013457,All people in households,909,221,688,711,72,639,133,85,48,65,64,1
S01013457,No central heating,1,1,0,0,0,0,0,0,0,1,1,0
S01013457,Gas central heating,862,200,662,680,64,616,119,74,45,63,62,1
S01013457,Electric (including storage heaters) central heating,27,12,15,19,4,15,7,7,0,1,1,0
S01013457,Oil central heating,6,4,2,3,1,2,3,3,0,0,0,0
S01013457,Solid fuel (for example wood coal) central heating,2,0,2,0,0,0,2,0,2,0,0,0
S01013457,Other central heating,0,0,0,0,0,0,0,0,0,0,0,0
S01013457,Two or more types of central heating,11,4,7,9,3,6,2,1,1,0,0,0
S01013458,All people in households,711,109,602,606,33,573,83,54,29,22,22,0
S01013458,No central heating,21,7,14,14,2,12,3,1,2,4,4,0
S01013458,Gas central heating,558,92,466,466,23,443,74,51,23,18,18,0
S01013458,Electric (including storage heaters) central heating,40,1,39,40,1,39,0,0,0,0,0,0
S01013458,Oil central heating,80,6,74,77,4,73,3,2,1,0,0,0
S01013458,Solid fuel (for example wood coal) central heating,7,1,6,5,1,4,2,0,2,0,0,0
S01013458,Other central heating,0,0,0,0,0,0,0,0,0,0,0,0
S01013458,Two or more types of central heating,5,2,3,4,2,2,1,0,1,0,0,0
S01013459,All people in households,797,212,585,602,55,547,133,99,34,62,58,4
S01013459,No central heating,7,1,6,5,0,5,2,1,1,0,0,0
S01013459,Gas central heating,737,189,548,567,52,515,115,85,30,55,52,3
S01013459,Electric (including storage heaters) central heating,36,14,22,20,1,19,10,8,2,6,5,1
S01013459,Oil central heating,4,1,3,3,0,3,1,1,0,0,0,0
S01013459,Solid fuel (for example wood coal) central heating,2,2,0,1,1,0,0,0,0,1,1,0
S01013459,Other central heating,0,0,0,0,0,0,0,0,0,0,0,0
S01013459,Two or more types of central heating,11,5,6,6,1,5,5,4,1,0,0,0
S01013460,All people in households,849,169,680,706,60,646,98,64,34,45,45,0
S01013460,No central heating,9,1,8,8,0,8,1,1,0,0,0,0
S01013460,Gas central heating,794,154,640,663,55,608,91,59,32,40,40,0
S01013460,Electric (including storage heaters) central heating,17,9,8,12,4,8,3,3,0,2,2,0
S01013460,Oil central heating,0,0,0,0,0,0,0,0,0,0,0,0
S01013460,Solid fuel (for example wood coal) central heating,2,1,1,1,0,1,0,0,0,1,1,0
S01013460,Other central heating,1,0,1,1,0,1,0,0,0,0,0,0
S01013460,Two or more types of central heating,26,4,22,21,1,20,3,1,2,2,2,0
S01013461,All people in households,1098,158,940,940,53,887,119,68,51,39,37,2
S01013461,No central heating,8,1,7,7,0,7,1,1,0,0,0,0
S01013461,Gas central heating,953,143,810,811,47,764,105,61,44,37,35,2
S01013461,Electric (including storage heaters) central heating,94,10,84,84,5,79,8,3,5,2,2,0
S01013461,Oil central heating,7,2,5,5,1,4,2,1,1,0,0,0
S01013461,Solid fuel (for example wood coal) central heating,9,0,9,8,0,8,1,0,1,0,0,0
S01013461,Other central heating,1,0,1,1,0,1,0,0,0,0,0,0
S01013461,Two or more types of central heating,26,2,24,24,0,24,2,2,0,0,0,0
S01013462,All people in households,830,110,720,726,37,689,75,44,31,29,29,0
S01013462,No central heating,17,3,14,14,0,14,2,2,0,1,1,0
S01013462,Gas central heating,709,76,633,637,32,605,56,28,28,16,16,0
S01013462,Electric (including storage heaters) central heating,69,26,43,45,5,40,13,10,3,11,11,0
S01013462,Oil central heating,13,2,11,11,0,11,2,2,0,0,0,0
S01013462,Solid fuel (for example wood coal) central heating,6,1,5,5,0,5,0,0,0,1,1,0
S01013462,Other central heating,0,0,0,0,0,0,0,0,0,0,0,0
S01013462,Two or more types of central heating,16,2,14,14,0,14,2,2,0,0,0,0
S01013463,All people in households,590,72,518,515,18,497,54,34,20,21,20,1
S01013463,No central heating,0,0,0,0,0,0,0,0,0,0,0,0
S01013463,Gas central heating,575,70,505,502,17,485,52,33,19,21,20,1
S01013463,Electric (including storage heaters) central heating,8,2,6,7,1,6,1,1,0,0,0,0
S01013463,Oil central heating,1,0,1,1,0,1,0,0,0,0,0,0
S01013463,Solid fuel (for example wood coal) central heating,0,0,0,0,0,0,0,0,0,0,0,0
S01013463,Other central heating,0,0,0,0,0,0,0,0,0,0,0,0
S01013463,Two or more types of central heating,6,0,6,5,0,5,1,0,1,0,0,0
S01013464,All people in households,698,146,552,574,45,529,80,57,23,44,44,0
S01013464,No central heating,2,0,2,2,0,2,0,0,0,0,0,0
S01013464,Gas central heating,670,140,530,552,43,509,77,56,21,41,41,0
S01013464,Electric (including storage heaters) central heating,12,2,10,10,1,9,2,1,1,0,0,0
S01013464,Oil central heating,2,2,0,1,1,0,0,0,0,1,1,0
S01013464,Solid fuel (for example wood coal) central heating,8,1,7,6,0,6,1,0,1,1,1,0
S01013464,Other central heating,0,0,0,0,0,0,0,0,0,0,0,0
S01013464,Two or more types of central heating,4,1,3,3,0,3,0,0,0,1,1,0
S01013465,All people in households,669,151,518,544,52,492,103,77,26,22,22,0
S01013465,No central heating,9,2,7,6,0,6,2,1,1,1,1,0
S01013465,Gas central heating,625,135,490,516,48,468,89,67,22,20,20,0
S01013465,Electric (including storage heaters) central heating,18,6,12,11,1,10,7,5,2,0,0,0
S01013465,Oil central heating,0,0,0,0,0,0,0,0,0,0,0,0
S01013465,Solid fuel (for example wood coal) central heating,0,0,0,0,0,0,0,0,0,0,0,0
S01013465,Other central heating,3,3,0,1,1,0,1,1,0,1,1,0
S01013465,Two or more types of central heating,14,5,9,10,2,8,4,3,1,0,0,0
S01013466,All people in households,295,40,255,262,17,245,23,13,10,10,10,0
S01013466,No central heating,4,3,1,1,0,1,3,3,0,0,0,0
S01013466,Gas central heating,188,27,161,171,13,158,8,5,3,9,9,0
S01013466,Electric (including storage heaters) central heating,6,2,4,5,1,4,1,1,0,0,0,0
S01013466,Oil central heating,81,8,73,71,3,68,9,4,5,1,1,0
S01013466,Solid fuel (for example wood coal) central heating,2,0,2,1,0,1,1,0,1,0,0,0
S01013466,Other central heating,7,0,7,6,0,6,1,0,1,0,0,0
S01013466,Two or more types of central heating,7,0,7,7,0,7,0,0,0,0,0,0
S01013467,All people in households,950,127,823,838,39,799,78,54,24,34,34,0
S01013467,No central heating,3,2,1,1,1,0,2,1,1,0,0,0
S01013467,Gas central heating,922,123,799,813,36,777,75,53,22,34,34,0
S01013467,Electric (including storage heaters) central heating,0,0,0,0,0,0,0,0,0,0,0,0
S01013467,Oil central heating,11,2,9,10,2,8,1,0,1,0,0,0
S01013467,Solid fuel (for example wood coal) central heating,0,0,0,0,0,0,0,0,0,0,0,0
S01013467,Other central heating,0,0,0,0,0,0,0,0,0,0,0,0
S01013467,Two or more types of central heating,14,0,14,14,0,14,0,0,0,0,0,0
S01013468,All people in households,597,121,476,480,40,440,79,43,36,38,38,0
S01013468,No central heating,10,1,9,9,0,9,1,1,0,0,0,0
S01013468,Gas central heating,449,71,378,383,25,358,44,24,20,22,22,0
S01013468,Electric (including storage heaters) central heating,118,42,76,74,13,61,31,16,15,13,13,0
S01013468,Oil central heating,6,3,3,3,0,3,2,2,0,1,1,0
S01013468,Solid fuel (for example wood coal) central heating,1,1,0,0,0,0,0,0,0,1,1,0
S01013468,Other central heating,2,0,2,2,0,2,0,0,0,0,0,0
S01013468,Two or more types of central heating,11,3,8,9,2,7,1,0,1,1,1,0
S01013469,All people in households,744,134,610,627,43,584,89,63,26,28,28,0
S01013469,No central heating,4,0,4,4,0,4,0,0,0,0,0,0
S01013469,Gas central heating,717,130,587,603,42,561,86,60,26,28,28,0
S01013469,Electric (including storage heaters) central heating,7,3,4,5,1,4,2,2,0,0,0,0
S01013469,Oil central heating,4,1,3,3,0,3,1,1,0,0,0,0
S01013469,Solid fuel (for example wood coal) central heating,0,0,0,0,0,0,0,0,0,0,0,0
S01013469,Other central heating,4,0,4,4,0,4,0,0,0,0,0,0
S01013469,Two or more types of central heating,8,0,8,8,0,8,0,0,0,0,0,0
S01013470,All people in households,742,151,591,590,37,553,104,68,36,48,46,2
S01013470,No central heating,5,0,5,4,0,4,1,0,1,0,0,0
S01013470,Gas central heating,694,140,554,555,36,519,96,63,33,43,41,2
S01013470,Electric (including storage heaters) central heating,21,7,14,14,1,13,6,5,1,1,1,0
S01013470,Oil central heating,8,0,8,8,0,8,0,0,0,0,0,0
S01013470,Solid fuel (for example wood coal) central heating,1,0,1,1,0,1,0,0,0,0,0,0
S01013470,Other central heating,0,0,0,0,0,0,0,0,0,0,0,0
S01013470,Two or more types of central heating,13,4,9,8,0,8,1,0,1,4,4,0
S01013471,All people in households,935,189,746,763,57,706,115,81,34,57,51,6
S01013471,No central heating,10,1,9,8,0,8,2,1,1,0,0,0
S01013471,Gas central heating,819,161,658,680,51,629,91,68,23,48,42,6
S01013471,Electric (including storage heaters) central heating,79,22,57,56,4,52,15,10,5,8,8,0
S01013471,Oil central heating,3,1,2,2,0,2,1,1,0,0,0,0
S01013471,Solid fuel (for example wood coal) central heating,5,0,5,2,0,2,3,0,3,0,0,0
S01013471,Other central heating,0,0,0,0,0,0,0,0,0,0,0,0
S01013471,Two or more types of central heating,19,4,15,15,2,13,3,1,2,1,1,0
S01013472,All people in households,624,50,574,576,18,558,38,22,16,10,10,0
S01013472,No central heating,0,0,0,0,0,0,0,0,0,0,0,0
S01013472,Gas central heating,608,43,565,567,18,549,34,18,16,7,7,0
S01013472,Electric (including storage heaters) central heating,6,3,3,3,0,3,1,1,0,2,2,0
S01013472,Oil central heating,0,0,0,0,0,0,0,0,0,0,0,0
S01013472,Solid fuel (for example wood coal) central heating,4,2,2,2,0,2,1,1,0,1,1,0
S01013472,Other central heating,4,0,4,4,0,4,0,0,0,0,0,0
S01013472,Two or more types of central heating,2,2,0,0,0,0,2,2,0,0,0,0
S01013473,All people in households,682,47,635,648,24,624,27,16,11,7,7,0
S01013473,No central heating,5,2,3,3,0,3,2,2,0,0,0,0
S01013473,Gas central heating,652,35,617,623,17,606,24,13,11,5,5,0
S01013473,Electric (including storage heaters) central heating,5,1,4,5,1,4,0,0,0,0,0,0
S01013473,Oil central heating,0,0,0,0,0,0,0,0,0,0,0,0
S01013473,Solid fuel (for example wood coal) central heating,0,0,0,0,0,0,0,0,0,0,0,0
S01013473,Other central heating,9,5,4,9,5,4,0,0,0,0,0,0
S01013473,Two or more types of central heating,11,4,7,8,1,7,1,1,0,2,2,0
S01013474,All people in households,639,65,574,584,29,555,43,25,18,12,11,1
S01013474,No central heating,6,0,6,6,0,6,0,0,0,0,0,0
S01013474,Gas central heating,616,60,556,566,27,539,38,22,16,12,11,1
S01013474,Electric (including storage heaters) central heating,6,5,1,3,2,1,3,3,0,0,0,0
S01013474,Oil central heating,0,0,0,0,0,0,0,0,0,0,0,0
S01013474,Solid fuel (for example wood coal) central heating,0,0,0,0,0,0,0,0,0,0,0,0
S01013474,Other central heating,0,0,0,0,0,0,0,0,0,0,0,0
S01013474,Two or more types of central heating,11,0,11,9,0,9,2,0,2,0,0,0
S01013475,All people in households,613,99,514,529,39,490,60,37,23,24,23,1
S01013475,No central heating,10,2,8,9,1,8,0,0,0,1,1,0
S01013475,Gas central heating,581,91,490,501,35,466,59,36,23,21,20,1
S01013475,Electric (including storage heaters) central heating,17,6,11,14,3,11,1,1,0,2,2,0
S01013475,Oil central heating,1,0,1,1,0,1,0,0,0,0,0,0
S01013475,Solid fuel (for example wood coal) central heating,0,0,0,0,0,0,0,0,0,0,0,0
S01013475,Other central heating,0,0,0,0,0,0,0,0,0,0,0,0
S01013475,Two or more types of central heating,4,0,4,4,0,4,0,0,0,0,0,0
S01013476,All people in households,626,117,509,512,34,478,83,54,29,31,29,2
S01013476,No central heating,3,0,3,2,0,2,1,0,1,0,0,0
S01013476,Gas central heating,580,109,471,479,33,446,75,51,24,26,25,1
S01013476,Electric (including storage heaters) central heating,21,5,16,14,1,13,3,0,3,4,4,0
S01013476,Oil central heating,8,2,6,6,0,6,2,2,0,0,0,0
S01013476,Solid fuel (for example wood coal) central heating,0,0,0,0,0,0,0,0,0,0,0,0
S01013476,Other central heating,0,0,0,0,0,0,0,0,0,0,0,0
S01013476,Two or more types of central heating,14,1,13,11,0,11,2,1,1,1,0,1
S01013477,All people in households,605,131,474,472,36,436,95,59,36,38,36,2
S01013477,No central heating,10,1,9,9,0,9,1,1,0,0,0,0
S01013477,Gas central heating,538,111,427,425,31,394,79,48,31,34,32,2
S01013477,Electric (including storage heaters) central heating,45,15,30,30,4,26,13,9,4,2,2,0
S01013477,Oil central heating,0,0,0,0,0,0,0,0,0,0,0,0
S01013477,Solid fuel (for example wood coal) central heating,1,1,0,0,0,0,0,0,0,1,1,0
S01013477,Other central heating,1,1,0,0,0,0,0,0,0,1,1,0
S01013477,Two or more types of central heating,10,2,8,8,1,7,2,1,1,0,0,0
S01013478,All people in households,851,150,701,718,54,664,96,60,36,37,36,1
S01013478,No central heating,1,1,0,0,0,0,0,0,0,1,1,0
S01013478,Gas central heating,811,139,672,687,50,637,91,57,34,33,32,1
S01013478,Electric (including storage heaters) central heating,20,6,14,16,3,13,3,2,1,1,1,0
S01013478,Oil central heating,2,1,1,1,0,1,0,0,0,1,1,0
S01013478,Solid fuel (for example wood coal) central heating,1,0,1,1,0,1,0,0,0,0,0,0
S01013478,Other central heating,0,0,0,0,0,0,0,0,0,0,0,0
S01013478,Two or more types of central heating,16,3,13,13,1,12,2,1,1,1,1,0
S01013479,All people in households,781,187,594,588,38,550,139,99,40,54,50,4
S01013479,No central heating,9,3,6,8,2,6,0,0,0,1,1,0
S01013479,Gas central heating,649,147,502,501,31,470,108,79,29,40,37,3
S01013479,Electric (including storage heaters) central heating,91,32,59,54,5,49,26,17,9,11,10,1
S01013479,Oil central heating,14,2,12,11,0,11,3,2,1,0,0,0
S01013479,Solid fuel (for example wood coal) central heating,4,1,3,3,0,3,0,0,0,1,1,0
S01013479,Other central heating,5,1,4,4,0,4,0,0,0,1,1,0
S01013479,Two or more types of central heating,9,1,8,7,0,7,2,1,1,0,0,0
S01013480,All people in households,671,170,501,508,32,476,116,94,22,47,44,3
S01013480,No central heating,1,0,1,1,0,1,0,0,0,0,0,0
S01013480,Gas central heating,644,159,485,491,31,460,110,88,22,43,40,3
S01013480,Electric (including storage heaters) central heating,16,4,12,12,0,12,2,2,0,2,2,0
S01013480,Oil central heating,2,0,2,2,0,2,0,0,0,0,0,0
S01013480,Solid fuel (for example wood coal) central heating,0,0,0,0,0,0,0,0,0,0,0,0
S01013480,Other central heating,0,0,0,0,0,0,0,0,0,0,0,0
S01013480,Two or more types of central heating,8,7,1,2,1,1,4,4,0,2,2,0
S01013481,All people in households,451,93,358,371,29,342,54,38,16,26,26,0
S01013481,No central heating,2,0,2,1,0,1,1,0,1,0,0,0
S01013481,Gas central heating,360,72,288,297,21,276,43,31,12,20,20,0
S01013481,Electric (including storage heaters) central heating,15,5,10,10,0,10,2,2,0,3,3,0
S01013481,Oil central heating,36,6,30,30,2,28,5,3,2,1,1,0
S01013481,Solid fuel (for example wood coal) central heating,7,1,6,5,0,5,1,0,1,1,1,0
S01013481,Other central heating,15,4,11,13,2,11,1,1,0,1,1,0
S01013481,Two or more types of central heating,16,5,11,15,4,11,1,1,0,0,0,0
